0.456580103893257,0.0099563178442303,0.00549174341796839,0.0141685654935469,0.0043580562312742,0.0760502868051064,0.0332679476779445,0.005713542460869,0.143380830200271,0.00352950945114396,0.00108837288936071,0.00157691689854457,0.00281417743683913,8.38793087257568e-05,0.00145888889531895,0.113451363995688,0.00863997512825426,0.0139185712760579,0.00041804504312646,0.00145935799116312,0.00662111490875499,0.000741131285226377,0.0127664464523423,0.00629922167549052,0.0536580660364504,0.00471099631655319,0.00127194895849443,0.0030492405791112,0.000132089082303816,0.00214592979149024,0.00136724355327914,0.00983011902181302
0.0298992053559228,0.638116637398898,0.0148736084559753,0.00603962444959495,0.000772546966431959,0.0114106835695013,0.044328383390536,0.0112308326794372,0.030199525368301,0.00227220322580109,0.029593930124297,0.0495201227503764,0.00338030733394668,0.000583841116207804,0.0021670910086495,0.0186262322657384,0.00470033221363867,0.0238465470406093,0.00234169046650959,0.00909610672116345,0.000611365574661412,0.00541179360418316,0.00314801828624694,0.000579295827591182,0.0287060212062106,0.00445699186242402,0.000869046255200259,0.00604570280319676,0.00437387250771872,0.00353310938886153,0.00811901406173135,0.00114631672043753
0.00237130018260859,0.0253013572447015,0.742520698666588,0.000498853031167244,0.0105567869034822,0.00242188653664606,0.0210569635028468,0.000271391267600261,0.0277960102755639,0.00167298941714861,0.0154891536373887,0.046685591816987,0.000929603488004553,0.00746062092967846,0.00721798328210477,0.00401361425929051,0.000629817040394936,0.000858141136104923,0.000438263442018473,0.0116131065941469,0.00333850409006786,0.0291369885137339,0.00757867937795235,0.00290611349170528,0.0013045765163279,0.0104753516023777,0.00140568891286812,0.00362940480326921,0.0044810950916433,0.00196497497720304,0.00334946682919154,0.000625023139187612
0.00034270326701937,0.00632591534604831,0.0150560474378943,0.738247895063268,0.0213452532217797,0.0117673570097154,0.0181937672444476,0.0520233479938294,0.00564713964674781,0.000131460934776245,4.99431279214731e-05,0.0283727588022915,0.0188843180726133,0.0057556285754757,0.00369067687385892,0.0113777613995446,0.000176339881985163,0.00354218005740434,0.00354125992834275,0.000229097754142715,0.00532434431109549,0.005596668392268,0.00712047391587711,0.0052515333044131,0.000940833709935463,0.00182865980630025,0.00517408613016501,0.00508009241164142,0.0148312976833327,0.00117098207540876,0.00248181711614668,0.000498359504309738
0.0042999497237603,0.00235286254210277,0.00556243158959242,0.0338321813326337,0.757406189467292,0.0212824402291545,0.0380313723788005,0.002528629962073,0.0261678623172116,0.00464171124159824,0.00103492959720497,0.0193695329520281,0.000438254601406417,2.47166110223166e-05,0.00349394255932313,0.0224324836413409,0.000775918091865851,0.00171499897876863,0.00169689650728782,0.00421534772822917,0.0079692701712085,0.00222879031980299,0.00160008634750412,0.012419469239851,0.000858129211439734,0.00736016623994356,0.00484480997211258,0.00508727988247144,0.00293592654228521,0.0020086231186155,0.000171720454006792,0.00121307644806266
0.00468047069735281,0.0101240834251045,0.00172078961144497,0.0226222708164864,0.043650445744213,0.63087874029858,0.046087000820987,0.0205123584550043,0.0707267416082797,0.0065901665362743,0.00139240440819325,0.00699666622639928,8.41227087921933e-05,0.00199710279879807,0.00374554518240301,0.095178828252539,0.000295583327140403,0.00070520324007608,0.00103137882817213,0.00340492391670263,0.00384031615879396,0.00522902603374038,0.00086933260920581,0.000975173517343099,0.000767508608151696,0.00294681099917804,0.00139209410217899,0.00453279231963175,0.000244992726580504,0.00343280904860133,0.00196328256388369,0.00138103440976808
0.0116377714932132,0.00475085311777924,0.00122246340781368,0.0247510608097288,0.0708542670110453,0.0604451419645169,0.563652554471465,0.00505033036419312,0.0342894386350499,0.0104884568411126,0.00271772782531779,0.0294080168781461,0.000623179688702086,0.000235013092109275,0.00884824917080701,0.0897591750022055,0.000805733717048574,0.00538471631992009,0.00204297353153673,0.000734436841866212,0.00519285372964502,0.00632600808540393,0.0127954088645123,0.0192633118011029,0.00716979736748849,0.00734166166758907,0.000218657281018231,0.00387022296010135,0.00422757316074291,0.00529342161980912,0.000132001201267233,0.00046752207774272
0.00272712689287553,0.00271068124280705,8.68388319859354e-05,0.00269339102396483,0.0410732866882672,0.00643505948604847,0.0241361778015968,0.783363619116363,0.016485777867656,0.00439296115229413,0.00130074303349511,0.0193773133335895,0.000144262159627496,0.0126129516383137,0.00606314356375181,0.00741807587418311,0.000723514090978984,0.000203498519089774,0.000578076395447488,0.00696641227293005,0.00637183579953602,0.00661319786489822,0.000480832068337982,0.00140256796533186,0.0147430910588544,0.00718042128949926,0.00984309803031856,0.00117856747625942,0.00482320626782137,0.00192142883840171,0.00373148341727135,0.00221735893820398
0.00925407108930025,0.00260469818261816,0.00181977426598932,0.00117029372240118,0.018566537803035,0.0268668059752591,0.0573094294492326,8.13989457289527e-05,0.649586864514234,0.00411549492903074,0.00241793692423322,0.00155339183209317,0.000721626990675146,0.000124673296201632,0.000885672898764036,0.145384950120122,0.00277353490861023,0.0113654108331883,5.07466409392052e-05,0.000419965474635789,0.0137708685056097,0.00665637804220176,0.00692838924315727,0.0100428518572579,0.00881819704378208,0.00303773662511258,0.00125390816444307,0.00109772894056587,0.00286668013980948,0.000305456270926658,0.00152284275549745,0.0066256836153445
0.0148903526239107,0.00320296836762651,0.0129358999179162,0.0198792582106973,0.0123407263126604,0.0500117932128442,0.000785086981098936,0.00426158560781993,0.0886928658047204,0.603780425555204,6.45340159101775e-05,0.0573644182728155,0.0109792048741245,0.00123223946920075,0.00254306331025334,0.0296227311084881,0.000548632878484668,0.000260471553933495,0.00105748210866347,0.00345540132355173,0.0112045308433113,0.00529057219641799,0.00183328365224018,0.0171947496645822,0.00551156223082795,0.00390524343014101,0.0022741540913065,0.000686640643887147,0.0257467500333464,0.00237642550323868,0.000156890214773588,0.00591005598600241
0.0114203865697996,0.000295882883545987,0.0337328743392172,0.034492026382066,0.0151005526558865,0.0727851107207906,0.00250232820162003,0.0678620818485468,0.051229511340417,0.011268721913762,0.483388182843345,0.0188361365987105,0.00103101672400028,0.00105932205736451,0.000534959290614834,0.0230953595799935,0.00152978945393554,0.00843649109027185,0.0012063991076044,0.0011390395329429,0.0255165477717767,0.000460720324956179,0.00742600795777313,0.0290424644694427,0.0088650430564779,0.00690310300216685,0.00241052053302459,0.0411055617278063,0.0273540254107551,0.000801802939205389,0.00431841067865061,0.00484961899352999
0.0217846264825992,0.00934754826492838,0.00467141005126309,0.00586220757998323,0.00782141188758632,0.00955729198476885,0.00743274420636454,0.000339355973500248,0.00821457676359419,0.0190127891987633,0.0107825049288935,0.738408711278844,0.00185484336910874,0.000980158799634857,0.00474963955830907,0.00944416560329635,0.000763080485828272,0.00691228440128773,0.000881938076598978,0.00193606973026527,0.00101684411154364,0.0134320393122943,0.047892840987056,0.000938561925087156,0.00874949334439634,0.00146090206446656,0.00886146812785975,0.00287592493340294,0.0302865240969807,0.00529154275718189,0.00723413918613437,0.00120236052817812
0.0105275287262604,0.00196838845528564,0.00247760936174578,0.0150425994626209,0.0327586439961832,0.0272642749631496,0.0472226544041639,0.00391831711292132,0.107644954212493,0.0590777404167078,1.99151753669284e-06,0.00293135003524982,0.425138824777667,0.00319818969980076,0.0186874895103098,0.032036871640551,0.000401513918866203,0.00347234971408511,3.16011063166545e-05,0.000920024137468051,0.0241563234804372,0.00292497731015521,0.0101666139383725,0.0284567059377309,0.000828533832742505,0.0194424774626998,5.35847505404478e-05,0.0799941983506016,0.0319192495983983,0.00540492868887234,8.17771792025509e-05,0.00184771230086362
9.89362395849647e-05,0.0010966353709804,0.00881452183736311,0.0278819861599106,0.0066384221936146,0.0092171074713851,0.00106261499191063,0.00356877455323815,0.017792036605839,0.00476819094197891,0.00231548294292947,0.0206074830948133,0.00202777670743825,0.738436812964525,0.0592643607204669,0.00822498843994003,0.000925861441558683,0.00480344978193883,0.00209788366602433,0.0139525918866771,0.00411141669464174,0.0011753929157171,0.00293232112929653,0.0066950458134163,0.0133513674890619,0.00773645358167711,0.00216741696188596,0.0128687378540844,0.0073174888754472,0.00147265250233952,0.00579075522899659,0.000785032941317873
0.00235688339433865,0.00213450729104771,0.00105032815214455,0.00686637853339962,0.00480620709910105,0.00449339518301476,0.00450473515565124,0.00575178234779747,0.00658971929389907,0.00908734256922101,0.000527752552438098,0.00129738451774929,0.0394468721956155,0.00845901049141847,0.811343792416699,0.00164256503266788,0.000480867085983879,0.000587849632668454,0.000982999603593852,0.00253522028519666,0.0030553886431442,0.000744729338340894,0.0341684900926948,0.00783733906103903,0.0050293226853909,0.00943561662606019,0.00102558668478958,0.0169265934830989,0.00533874339868642,0.000974692807298993,7.05362845808871e-05,0.000447368061229308
0.0200985508343996,0.0158733220187961,0.00252724373213125,0.00180792341176941,0.0402517580031037,0.0276720847869636,0.175647249461625,0.00336017334203068,0.152604460450019,0.00688768138398776,0.00728218285118493,0.0196940897164392,0.00106283252297019,0.000353308196216503,0.0027525123701529,0.344340523254263,0.00503947488505444,0.0137619979172058,0.000545255847500563,0.00173599933124604,0.0153776346965344,0.000977408055676898,0.0395970522544492,0.0159598953921393,0.0572639629311963,0.00723173286524194,0.00323558973985041,0.000926515935175491,0.00471863568401326,0.00135858885691847,0.00373852808052828,0.00631583119121677
0.0180079283291053,0.00326859846670119,0.00336091368504313,0.0155618124065376,0.0032586135913516,0.0281504027197959,0.011440598509335,0.00528229439148352,0.0339865175984395,0.00589282259396063,0.000352961433396402,0.0068690595251182,0.000573312899431492,0.000884297095091034,0.00469655515963961,0.0365405402272895,0.702203328430117,0.0344883479365176,0.000529263404018667,0.00294677467293408,0.0131729970541577,0.0102437108893593,0.00500340400377041,0.00316576274396662,0.0178649159054908,0.00749525353822445,0.00108001375367455,0.00253981695828485,0.00126458659411197,0.00467302225729468,0.0015559552623036,0.0136456179640543
0.00361352711605494,0.000364520774168101,0.00178586231235316,0.00557275457497589,0.00772409291862412,0.00296434549541465,0.00969803132786361,0.0100619042192658,0.115279329620045,0.00109282012528772,0.00597292745134407,0.0100688478098372,0.000692864714254006,0.000174760451054321,0.00135930967761819,0.100603676251522,0.00285773344711173,0.579838031109305,0.000444579852419521,0.00493899398610066,0.0323142496586289,0.018259438827998,0.0251709848820943,0.0429418966662106,0.00427088026843042,4.86013644508876e-05,0.000648535715948378,0.00224203810264092,0.00218619482453438,0.000419672377989892,0.00508890857134614,0.00129968550510716
0.00129207582408705,0.00213712884281821,0.00207684778695138,0.00435007856261158,0.016952584305764,0.00404572757800402,0.0178844749098572,0.00142018769246925,0.0213791319940501,0.0013483510175419,0.00775135522348243,0.0412072579852122,0.00119530362917442,0.00173207492243621,0.0018429687482478,0.0388552599519153,0.00318859010531267,0.00812331249929784,0.60206088275939,0.0103618026265403,0.0124943572807486,0.0475754643663182,0.0446093523679807,0.0368851084941039,0.0142860132489581,0.0365546056625497,0.00268270511137807,0.00188286333934279,0.00473811873672195,0.00504974897024768,0.00396583016330805,7.04352931787153e-05
0.00121182919374864,0.00155851732682707,0.00132281162281783,0.00424551159713042,0.00721687343422178,0.00404456415152699,0.00569553641839614,0.0019061842781895,0.0228534789222079,0.00580126235212031,0.0205195386577132,0.0342073993841585,0.00205423949229425,0.00244789837162905,0.000164289838863669,0.0186029144543447,0.000783675275103134,0.00336818082819322,0.0049234416450267,0.741333933114878,0.0242047919330402,0.00522815640271646,0.00156892256414778,0.0511142607553464,0.000789713101858541,0.00417873638445358,0.00584724788321562,0.00110327122500061,0.010009722671599,0.00246183718855894,0.00838391235843208,0.000847347172240279
0.00472183047573871,1.49969146142752e-05,0.0079929908873385,0.0127291810991057,0.000274264891113077,0.00460824592142018,0.0327545606950763,0.00442702140808977,0.0281067190844688,0.00499663622365234,0.00791591906469116,0.0188390388414153,0.00196942780616084,0.00156399771057729,0.000271428624291275,0.0168714202907319,0.000431217207635407,0.00854393672746147,0.00118167542103818,0.0251146173972053,0.628628428833223,0.0201366261715397,0.0259644369210037,0.0907871165202074,0.00439346330358434,0.00508158672439114,0.00906596927579042,0.00085858089688526,0.0116591624581892,0.0018476207745357,0.000285780685707952,0.0179621007431164
0.00733868506059544,0.00122906360148196,0.00925574007714378,0.00370455862338405,0.0125903935806624,0.00232651115049911,0.0140405833844138,0.0119521476914994,0.134528605198375,0.000190942506340278,0.00517128036063854,0.0218673411829371,0.00116680978759382,0.000190923550883592,0.000473640858417792,0.156867322173224,0.00556382432629256,0.0166526894025703,0.0084989413715205,0.00299207566174699,0.00203039452615319,0.493402544120812,0.0525751027103992,0.00708790230741903,0.00439182251575289,0.00147816625369795,0.00205346976656216,0.00274165730348643,0.00727959189239883,0.00269767213812073,0.000441802443493992,0.00721779447148401
0.00802705274641616,0.0014142770794303,0.0141322828091824,0.0140275388468744,0.012836854850096,0.00634778237804857,0.0186962957697931,0.0131536853098299,0.0468954736713951,0.00568284722236156,0.00120076807528089,0.0221714752336694,0.00180456055606975,0.00151108639132697,0.000366502458976391,0.071744270024032,0.00664619496947636,0.006557327533017,0.00270397173397661,0.00327229282915879,0.000379571902207207,0.0147107824579403,0.678843158810122,0.0211853185410582,0.00214379645818509,0.000878481209465152,7.99250204420164e-05,0.000248224520038045,0.0139839561167196,0.00720777184338353,0.000510541295560729,0.00063593133646629
0.00271416701434657,6.06321120340285e-05,0.00478599176073115,0.0100977196022839,0.00202024018034739,0.00439970405261167,0.055583633681067,0.000404116082249299,0.000266288176159622,0.00648560401200714,0.0198324085360347,0.0441158434389492,0.00515312740096134,0.0031836515226649,0.000417384416138349,0.00040211119090435,0.000654879770976109,0.00828611261900639,0.00791455413817315,0.048214111460182,0.198781850651151,0.0121893921780055,0.12526560731583,0.323208209270615,0.0098637084886693,0.0281727277786347,0.0174397662501524,0.00356710914830082,0.040801615831137,1.83528115900599e-05,0.00093444782657325,0.0147649312815119
0.00193716833319004,0.0172637146974297,0.00111466753215695,0.0260695074100035,0.000384814383741947,0.0429250263041571,0.0142770626802983,0.00792528815652841,0.168408812661383,0.00643846710780255,0.00393172077200162,0.000537344205314709,0.00101575985648665,0.000175200865724655,0.000710422218397755,0.0712566318320989,0.00082951594421415,0.013959506477451,0.000747158108837547,0.0078889689075804,0.0565322769636162,0.0184222565663257,0.0228478228407311,0.045172694468773,0.433380380747345,0.000165001398421994,0.000824646738406309,0.00572238430587144,0.0012508026065237,2.21497341558252e-05,0.00777574631091193,0.0200870788641186
0.00155065997976609,0.000176801114344396,0.00420202224033917,0.00370613565002169,0.00536284188985086,0.00619572507972599,0.0344209744645401,0.000225419539447213,0.0103982388638514,0.00435724420754995,0.00611129582435917,0.014537796875403,0.00106320810647324,0.000611164525576748,0.000330417026979057,0.0193867009050868,0.000207303149064317,0.00387772977714373,0.00282402572072139,0.00549463987727884,0.0674137720778336,0.0109062344011889,0.0389995359645488,0.0188574145504865,0.00376724529736928,0.679691596980396,0.0164035293304481,0.00302701682497982,0.0117576271220197,0.00127137047506698,0.0151591896109302,0.00770512254720923
0.00111154635092028,0.000366525977918551,0.0048725975305603,0.00827741349069066,0.0117482978934283,0.00163560171089358,0.00659272151092351,0.00991306120584464,0.00728350116415057,0.00329935370683654,0.0113481263203922,0.112169775509054,0.000650969984499214,0.00150294407811912,0.00155262494612573,0.0427034029840451,0.000600863639182221,0.00977202532669484,0.000612071054593432,0.0128324215049535,0.0916517534352412,0.0158405695792807,0.0394744823251882,0.0441900951363308,0.0205136168250048,0.01962038534934,0.50078611331945,0.0011912188282675,0.00393844412271927,0.00132999517055676,0.0121907293872977,0.000426750631496433
0.0234579106137447,0.0099388169620665,0.00318062756514951,0.0020861821928832,0.00214388733455931,0.0494134296969364,0.0343286178933216,0.00346882664083622,0.00195729680872387,0.0195171715806025,0.00317623887388179,0.144888403194978,0.00493050064929999,0.00223049649107618,0.0245094013133879,0.0182470508152082,0.00295152511571813,0.0103045668275158,0.000817936659423233,0.000376978175748581,0.0127642765582644,0.00481981777927141,0.0141999104725154,0.00887227990744775,0.000274040411545444,0.00279239089744343,0.00737583460868218,0.4992574433706,0.0634841090995043,0.0143874762459605,0.00967346132026818,0.000173093923435829
0.00534507310679981,0.00726598055309631,0.00128938206340413,0.00756685291258898,0.0062216410848214,0.0676663204526858,0.147246246142149,0.00296289224055608,0.00221337781174577,0.000172342419944807,0.0188807867674461,0.0715153144433904,0.000338393565546976,0.000321264578615891,0.00102102173527227,0.000322814315293535,0.00282977764465544,0.00143759200125773,0.00207112626068503,0.0597248713919997,0.00474157095684905,0.0499995579634511,0.0292912635836073,0.00300381920302128,0.05777057390344,0.00259995500709122,0.0193804496978802,0.0337717738526689,0.363417092555146,0.00309298944521504,0.0149407419286406,0.0115771404110338
0.000706033296278856,0.00877095419784223,0.00453082890851083,0.0103255439832163,0.0130283391974512,0.0361292581140877,0.00561399316668889,0.0149703466651761,0.0104456297801745,0.000723330752055347,0.0162902292244626,0.0113284535732242,0.00112981956959802,0.000398358073248663,0.00582911782139129,0.0161543847671903,0.000976160860501733,0.00143911278316651,0.000954785428289567,0.0411905565676767,0.000289141096140221,0.00468490876573318,0.00504117452571458,0.00554552727206584,0.00879721715926159,0.00699761443578261,0.00767719250697031,0.00586425637825704,0.0125032070322988,0.726231807649763,0.0129782318392109,0.0024544846085706
0.003200039930917,0.00841399876520196,0.00081922316737848,0.00639115789752646,0.00842950340524469,0.0740913325022104,0.124960721437394,0.00255399408934321,0.00124503027235068,0.000190666992627602,0.0166926683404093,0.07286151474318,0.00098914980304213,0.000312164583551963,0.00291468472823415,0.0019960328425394,0.00212277836913312,0.00248522672531321,0.00166546167013272,0.0469377085296135,0.0181680356050321,0.0227398333992576,0.00314397293932533,0.0330879470997167,0.0412630052441613,0.00631384461367854,0.00257196710186379,0.0212352219839696,0.000641313543150762,0.000197627087693511,0.461242450639861,0.0101217219469464
0.0435988700655375,0.0343470671353225,0.00217874220866905,0.0105663487206518,0.00258885913584338,0.00262288943168355,0.00754803778288608,0.00136349325762265,0.0287608968594914,0.0105124787050894,0.00173718256953529,0.00113100347667079,0.000350633456614493,0.000523173743640232,0.0014012089355323,0.040412193946079,0.00345688755411831,0.0108628999453386,2.67761427369496e-05,0.0406039321534704,0.0108050089206759,0.00908758927690297,0.0456288126608344,0.0272950062695607,0.0443789421174398,0.00684010767078886,0.00156449121425608,0.00321530388821609,0.00742944788385984,0.000595977785551043,0.00543892637985522,0.593126810705525
