0.813858841664015,0.00433346644900663,0.00276334196376077,0.00460665635205666,0.00142688135565735,0.00116103639571182,0.00340983593248421,0.0063127054913445,0.00984170178108341,0.00750856687366089,0.0025470796034585,0.0274521705764308,0.00864465943723107,0.00174031793758663,0.000234282228700232,0.00353494392783084,0.0177913759899357,0.0072091461897349,0.00226243473816941,0.00354336265702442,0.00976695127765842,0.000582249991042947,0.0254271731728483,0.0020350467519421,2.77832810966557e-05,0.00528006061080001,0.0107375218057521,0.0017659679163738,0.00384735083033933,0.0085212982771012,0.0012863727132248,0.00053941582693661
0.0147263696233452,0.730683378009142,0.00372486498957311,0.00394447888275835,0.0032798047208505,0.00693873154718949,0.0358007689844102,0.00593662498383447,0.00747836290927768,0.0110089827559092,0.00231255108125525,0.00227810459921264,0.00621399760414326,0.00645091385967347,0.00480040082508278,0.0172344918867784,0.0132840889059125,0.000257616964205387,0.00115667411620764,0.000541475587366684,0.0362888574773669,0.000686597787429974,0.0267793252405089,0.00502567929727892,0.00928879144829702,0.00018684018256465,0.028630046490736,0.00250326603277072,0.00237423260187313,0.00877335397026066,0.00129929884624311,0.000111027788541951
0.00390064790447388,0.000282828268191848,0.740265140707244,0.00680693802119144,0.000967478692570005,0.0109164766799192,0.0122509432186238,0.00370440360124163,0.000377304376892559,0.000211273509794329,0.0155167438578406,0.0422580970168501,0.000919749671720572,0.00314978085956038,0.00314619016220218,0.010791251911637,0.000323322838012026,0.000899212329014568,0.00427634850060368,0.00520156181170948,0.0198820595864071,0.00353934060837183,0.00203166197016326,0.0613309230302949,0.000990864125547686,0.0209244967099381,0.00640169005549352,0.00018045145161485,0.00861524897098439,0.00763192516813823,0.00227222449291818,3.34198908350115e-05
0.00073171804785,0.00176543079714988,0.00515453425966857,0.643026329804557,0.00403676342467445,0.0430889335391878,0.156284876996802,0.0348248828934725,0.000975707069735633,0.00101561520564628,0.0100244883755707,0.0188765224739685,0.00158244729846992,0.0123909028866487,0.00192047522946877,0.0139081036460089,0.00287034762186865,0.00135573415117139,0.00502129181868155,0.00272636800639124,0.00367807012893606,0.000681430857115218,0.00894954555035456,0.000841949712872995,0.000778095310119087,0.00300820209313545,0.0029250320126162,0.000786332470573754,0.00369505726110193,0.00067384910870262,0.0105684362287093,0.00183252571877029
0.00158299619110473,0.00340688710700132,0.0200944728935777,0.0303412242435351,0.448275148430868,0.0183608499693169,0.214118054049178,0.010643354018363,0.0197533989934345,0.00945434556970057,0.00229544827816146,0.0185523919229715,0.00100610332619185,0.00791602183510032,0.00867627839778125,0.12924093508736,0.00086427367236672,0.000623069525680976,0.00415150181105229,0.00453289738648999,0.00475232915011423,0.000415697709101082,0.00349321388104008,0.00481472083044084,0.00169400496381738,0.00783036030824468,0.00251216334083425,0.000961692104748724,0.0123512272575131,0.00461316716837934,0.00262611847403434,4.56521024951213e-05
0.00466431962012114,0.000684392470303554,0.00665231902311802,0.0211080777317526,0.0310144985322357,0.724787787109461,0.0163314865232118,0.00770546923223865,0.0140941569056249,0.0118788582225115,0.018742452336311,0.00699753735576674,0.00339201267875361,0.00375513396955971,0.00229438219885928,0.0423105065427288,0.00121867598576853,0.00139298923200178,0.00474677911048959,0.000331302277788618,0.00593268188005608,0.00510420771244075,0.00101560861352481,0.0275865098856466,0.00330477497108783,0.020451821062344,0.00494092809966448,0.00108379938664689,0.00231556341234698,0.00100532597625936,0.00174473565869682,0.00141090628267836
0.00227407420666924,0.00278621018696892,0.00264030890212496,0.0394832290124626,0.0436072847782965,0.00393582986847415,0.782780453378409,0.00286255050095748,0.00808684047383,0.0263980177294556,0.0122732253956963,0.00323655025769578,0.00509050655433672,0.00296722902358239,0.000865218404099319,0.0164144153021581,0.00195320444367706,0.000813577432769696,0.00510401183313957,0.00412469579392113,0.00144878647667953,0.00172687232784128,0.00239329892441572,0.00591320625409143,0.00188229189899411,0.0114026455243189,0.00306817670043408,0.00111491153823211,0.000705010643563961,0.000676785980674127,0.00122747543398199,0.000743104818048188
7.97056387737868e-05,0.00342149257316816,0.00608160180931799,0.0292322191258928,0.0429154055964632,0.0287468723686489,0.00500647548486703,0.691677424700701,0.0268802329472664,0.00200386518167415,0.00262935848585991,0.0264104121792895,0.000942869476586033,0.00790784932821852,0.00676814643890581,0.0052244128294369,0.00192938821724125,0.0106636609524987,0.00469977241496144,0.00508941739895262,0.000799398050244139,0.00178376352742744,0.00236684060657106,0.0027195836470156,0.0300573942512573,0.00916054947224832,0.013564771525011,0.0117388830709635,0.0153303049706576,0.00137638247667091,0.000866267203376996,0.00192527804983174
0.0227923427330769,0.0100715659481923,0.00195656059346987,0.0092933791379898,0.0152955031276117,0.00771054661410748,0.0415754055331449,0.0143114335806059,0.634199101217953,0.0168469676798111,0.0123030038296991,0.0138771838549263,0.00466518861062266,0.00254315490336936,0.00352458677746627,0.0623585343348541,0.010549502573302,0.00358119262257196,0.00645945998929442,0.0102160967850077,0.00585542174821641,0.0196777772719149,0.0137186604055861,0.00449442261159763,0.00659418576463018,0.0207482002631649,0.000573905036239179,0.000436791578321767,0.00354318190495532,0.000498496489250665,0.0076897694532258,0.0120384770258203
0.000532305841048322,0.000242112299219584,0.000137625883990606,0.0061115638015886,0.00163131672212038,0.00396436991116542,0.00337613192849408,0.00485991080146759,0.017200118387743,0.770124850132898,0.00251002610201861,0.0389539620625483,0.00124829798560512,0.013625733409335,0.0107017449774315,0.0136351671700946,0.000179582555847562,0.00271841488013042,0.00761266488532509,0.00144024915031973,0.00473724549031557,0.00692256931669303,0.00554138214115568,0.00555962602704192,0.0085602903516754,0.01732531969146,0.00167134248918098,0.00429837251650859,0.0335141718532939,0.000995497771944944,0.00360580070064031,0.00646223276169794
0.000307548034191395,0.00256290938937923,0.000658795466272293,0.00254280084959569,0.0175386356680599,0.00227014738615767,0.0327743336181194,0.00392203354873119,0.0111291195504801,0.00582749200446604,0.780511392079307,0.0253810530862867,0.000589810505885747,0.000982152273726778,0.000319163442387331,0.00568262448367764,0.000766563864710701,0.000469044494995187,0.000463180249668701,0.000863915601734264,0.00798061007970012,0.00789442344785608,0.0170505796766032,0.0118752302460476,0.00644416497433003,0.00335751004166875,0.00381059333376506,0.00935871756399204,0.034682912677754,0.000518939134750783,0.00108891068116355,0.000374692544535891
0.00405542900980173,0.00147990226571318,0.00127021914761446,0.0105300438020823,0.0319559729390822,0.00329568991766397,0.00814669547913973,0.00508487157239559,0.00174259028988478,0.0184778780565262,0.00289661280098566,0.761253887098826,0.00260020087123713,0.00509044398429304,0.0051473372350361,0.010130162728326,0.0028140076463975,0.000898068737449111,0.00205110032446985,0.00687159068071451,0.000205462581357314,0.00412928142251931,0.0100131259810827,0.00355949050604931,0.00412783199214672,0.052518095742078,0.00495973667469902,0.00133460877906682,0.00674747536972018,0.000105758298182826,0.0262031892076984,0.000303238857760246
0.00706405287280472,0.00207490157814451,0.00178223403445306,0.0102376166609198,0.0118739983798749,0.00327316321290133,0.0115278297202644,0.00403067473335846,0.0166635763778527,0.0343510699334765,0.00624410614747416,0.00295993105014917,0.782055575192927,4.57094551043928e-05,0.00905632285720596,0.0397366241872633,0.000172305021950086,0.00136043494332466,0.000208154691529243,0.00650902935067668,0.000186277900807252,0.000108588652981035,0.00661964904817635,0.000512576758370271,0.0116071995702415,0.00779538442087836,0.000718762316863087,0.00892477707020588,0.00743022717588739,0.00464089012020374,0.000152652720193266,7.57038435372236e-05
0.000754002147639055,0.0084863458997953,0.0114075901215288,0.0174408937387891,0.0041761790019697,0.00399513595109119,0.0123435163308323,0.00424118862536408,0.00460693906970632,0.0229675380499879,0.000875052853183091,0.0051008931409481,0.00299452834772679,0.762460240045761,0.0101692980754201,0.00660614569914484,0.000710972625975962,0.000441644642480281,0.00691383626327721,0.0105366856554284,0.0111920837660169,0.00720723948341782,0.0128705555313619,0.0289397305868367,0.00493175910862996,0.00256227625900105,0.0129267023634486,1.66311996623659e-05,0.0162159565711448,0.00142235138931464,0.00428953292651003,0.00019655452860606
0.0111916177148499,0.00898455076314271,0.00995770867055999,0.00854188958042435,0.0290180681643399,0.00933443543289401,0.0116525268012213,7.59372779034235e-05,0.00404609179605515,0.0273571623542296,0.00846068930308059,0.0109110146300417,0.0247793248725548,0.00275524075366924,0.762303983885817,0.0132022229868491,0.000944868486701558,3.61145762450393e-05,0.00377755227849688,0.00636111081335634,0.00132785140285975,0.0046691145087642,0.00619635824142461,0.00320419771717315,0.010976012444739,0.00365432012015084,0.000308796982702605,0.00804450030889529,0.00187660617670258,0.000582817187348847,0.00535050109832702,0.000116812668479457
0.0131563872204896,0.0074462935714833,0.00144550156147159,0.00202088739377246,0.00459794380422831,0.00263543718901979,0.0253321014777305,0.00712534333299368,0.0623345479698301,0.00642208344536135,0.00284532266826021,0.00545981656090406,0.000683269294801045,0.000193764835190953,0.00133783685351045,0.832833628198307,0.00343217783651663,0.000393557188516857,0.000990530055585472,5.58938395019057e-05,0.00223546788105743,0.00168041742347074,0.00392541421750419,0.00175821097141983,0.000398470802454604,0.00145194954870363,0.000952034829658002,0.0013695407835837,0.00244655342532874,2.72383514257034e-05,0.00249282584272656,0.000519551625192187
0.0136610604640099,0.00247481270154069,0.000864600041146235,0.000249331268411601,0.00111283018019342,0.00872345724084835,0.0153331866559994,2.00362563446086e-05,0.000844563060310196,0.0111539982159998,0.00532901751913521,0.0248754265847189,0.00858216936749934,0.00271510738577661,0.00225790246140552,0.00791651008086811,0.762648811189907,0.0233682440155086,0.000895902176409729,0.0205172479360679,0.00505117354379267,0.0105507832505776,0.0103784875295322,0.000306616377255982,0.0168732032766869,0.0329940961801898,0.000326556839116908,0.00249892485742552,0.00310295054466759,0.00159933454618562,0.000133278151052052,0.00264038010141629
0.00656241682402033,0.00336020497974912,0.00081621896697367,0.000423664607720799,0.00193517573650565,0.0153971601528931,0.0193039005587606,0.000339218828280246,0.0272492238654918,0.00121836995420928,0.00896439552224817,0.0133624199521195,0.00290284490585381,0.00519915858556553,0.00288057973837637,0.0063142362072218,0.00576177934626727,0.630704193568649,0.00949404499078423,0.0313870031677212,0.0442990076431102,0.0282656821048638,0.00633828717144447,0.0341161619178613,0.000430546251896623,0.0438039470061748,0.0037485619986164,0.0202781137704019,0.0215094667890285,0.00143566601024463,0.00192377588541753,0.000274572991528453
0.00414639235340945,0.00227893910618161,0.0018497023761136,0.00603473375697384,0.00209662784121001,0.00105925778119986,0.0127250861394325,0.00336295957824365,0.0262904759295096,0.000207637668951742,0.00298889608695197,0.00985954506110626,0.00550182467942772,0.0015751091085658,0.000847769511931216,0.0130777164377642,0.00788640641395996,0.00611917016487571,0.755266691021027,0.0181476801733179,0.0175238513573954,0.000484306135553372,0.00386105058611045,0.0531010872302539,0.0030306829508585,0.00814528003134075,0.00937031043132073,0.00350589853360877,0.00306508310654015,0.0114094436245278,0.0018898969854544,0.00329048783688204
0.00104110408884159,0.00348977105930798,4.92214925581112e-05,0.00375290596655506,0.00605327257073548,0.0192850297514279,0.050577280288109,0.00964922814145899,0.0327927986569509,0.012268394935336,0.037096774989312,0.0655612853243023,0.00617832040632737,0.0134704011825606,0.000703003801804513,0.0296590755194554,0.000958981599663101,0.000153646415276103,0.0131289961392422,0.485133272320824,0.0386435663581274,0.00403099873151796,0.0196098246968285,0.0196466599843697,0.030305540274517,0.0301919160313882,0.0117772884730303,0.0126940402472233,0.0300837983024352,0.004324500524176,0.00180402750189809,0.00588507422443939
0.00158608845190458,0.00381685745395165,0.00357745961797179,0.000797839196208339,0.0104676719177661,0.00246110473379744,0.037177681856675,0.0115897706693267,0.00816700306009794,0.000243916313846538,0.00673499848975844,0.0171049855021938,7.12315929464841e-05,0.000377626170984542,0.00261644826447356,0.0256356968663278,0.0133945817101898,0.00344026583429921,0.00224803145492063,0.0239645055423262,0.671545208068458,0.00221667702384844,0.00426997324528347,0.0247391700532634,0.0221182410172477,0.064342438445048,0.00744566446089038,0.00111170182520951,0.00240275208792282,0.00604569259856416,0.00230661946543732,0.0159820970088602
0.00950060577471012,0.00497459811315754,0.00289857829964068,0.00285825940056627,0.0301603496448955,0.00383988588306796,0.0316645032512895,0.00491992430448616,0.0626583005370782,0.0090322900026316,0.00212045066753467,0.0091437350120865,0.00333268774088804,0.000861538309204665,0.0031759913158638,0.0911171025248884,0.00412483579305502,0.0117985001461373,0.0246177752265677,0.0058666086370702,0.00112634943135416,0.602407670814465,0.0520450580461707,0.00505778242781362,0.00285316132981763,0.00390121430184348,0.00323807975193947,0.000598403802007903,0.00737972355022477,0.00167245478041402,0.000164424286931403,0.00088915689219747
0.00773749512473125,0.0289494314637543,0.00485020521785588,0.00433178416091996,0.0344455735942632,0.00600548855186958,0.0373879486986943,0.000165157707155274,0.0101441274546278,0.00329855326038162,0.00101422204242524,0.00488517741991277,0.0072825045793951,0.00248552841090298,0.0111358222197492,0.0779049396645232,0.00273508086285312,0.00122455214642347,0.0272587362216831,0.00128282409051102,0.00890983477092007,0.00546497012498105,0.667638396934448,0.011050541752043,0.00403459952054657,0.00291401292046016,0.0127577136039095,0.00244492049190432,0.000331300413083972,0.00163480792817038,0.00485705888430832,0.00343668976259221
0.00146566294079936,0.000188417306606603,0.000107465183073413,0.00099756251617773,0.00246299614881775,0.000229620262713108,0.00487795024654331,0.00126531232459458,0.00699151564054621,0.00450556168400138,0.017020484156044,0.0186793246419459,0.000160079901695076,0.00566602958070529,0.00259519784010471,0.0038087357179803,0.00340505502030376,0.00392449462197094,0.00663754603450318,0.00186785251816363,0.0716749268862574,0.00518377625687752,0.000674022717001754,0.747038639287248,0.00799267922897099,0.0632046716079701,0.000954701091619013,0.0033774985674232,0.00609130646914346,0.00236430929877695,0.00344330264435958,0.00114330165706132
0.0253085180413646,0.0273679236632877,0.00312574349181645,0.00301064690910008,0.00420999124408404,0.000465846503675623,0.042248724373583,0.00242132639898804,0.0033401936308016,0.00602814768005077,0.00314200476455801,0.00350528494101111,0.0038483070689646,0.00518593765542006,0.000676862406161902,0.0104874109821546,0.00408986342552724,0.0244275174174244,0.00314868324022046,0.0363736430712846,0.0378241804717333,0.000832996822740419,0.00734025454498696,0.0256611954444511,0.639249108335856,0.0351117539119422,0.0018729035924658,0.021155453043182,0.00281811458836892,0.00337421159611607,0.00217145155552972,0.010175799183149
0.000771631078177477,0.00194436608841696,0.000344812498602015,0.00493211090859573,0.00294372191872822,0.00681528746993612,0.00357831877588329,0.00924564272681601,0.00100945324170879,0.00140320963980903,0.000431492255825195,0.00710416937727587,0.00210650934863829,0.00393376695244599,0.0120836270607301,0.01592576566841,0.00272317861956893,0.00323522025532458,0.00325777040747152,0.0109404867638585,0.0432875501782144,0.000129035313720852,0.00514255551390144,0.00371065826886794,0.018702155473505,0.817385040757909,0.00173788278561252,0.0010447700976777,0.00803956580594615,0.000815549802734375,0.00389141576579332,0.00138327917989471
6.94504832950538e-05,0.00184094250748051,0.00148199720880748,0.00146284230114236,0.000615041012961839,0.0006005250263522,0.00644423497444856,0.00243077657284572,0.00124210071025693,0.0218595938248534,0.0135746194092518,0.00859190222795876,0.000564713599049823,0.00352128500729705,5.17215683268594e-05,0.0146139375244436,0.000505193265028072,0.000172316139616391,0.000772105628368665,0.00180581378641013,0.0130518391799407,0.0238039089106516,0.0748458493959544,0.00535252783546232,0.00434286162691079,0.0191841754845382,0.734712499669449,0.00778719703972173,0.0115960070056861,0.00131523275413014,0.00637044957009931,0.015416338749261
0.00237261245423994,0.000678810018369355,0.000480447175608448,0.0154987949187339,0.0170783152761581,0.000929908509504195,0.0253353023504212,0.00666985445229346,0.00255021593677163,0.0374437923672278,0.0043860741438606,0.025612904051377,0.0127855479904912,0.00748821839606029,0.00568295910153331,0.000912769480831329,0.00137381858748144,0.00124791845439834,0.00231467177491863,0.00513587219449203,0.00160805738955887,0.00577969022841295,0.0173229378775339,0.00499318325343696,0.00899481206359325,0.0106367213995125,0.00211574023684214,0.750299901282102,0.0147325230928391,0.00336557445503359,0.00293895139832009,0.00123309968804192
0.0018917558990702,0.000344223999543765,3.80627834104256e-05,0.00993032458133179,0.0382951265709299,0.013012697305938,0.0548539758796662,8.82164998975482e-05,0.00222891091785128,0.00818185817041269,0.00230186668995246,0.0176363997802711,0.00196948625526718,7.18420498177385e-07,0.00343930960283804,0.00771816476800014,0.000305302219881547,0.00471197094021212,0.00926900435025437,0.000121195345010346,0.00130162708070722,0.00431525532043239,0.0138873668086798,0.0312495488360837,0.00113841681432327,0.0103902479610758,0.0074683689644782,0.00730130111669806,0.736094945774404,0.000895134631019423,0.00917890868020477,0.000440307031656567
0.0100806928914496,0.00309659632322215,0.0133991495030286,0.00137155512680988,0.000364712504881647,0.0125735166455995,0.00398393851632607,0.00392067955477683,0.00669829173085171,0.00285918421782222,0.0117993929295916,0.0106994020106422,0.00456738664839619,0.00182510272952737,0.00050015911063123,0.000858759165825354,0.00354736415899012,0.000119322520631346,0.0208908097468774,0.00351769073064022,0.00340457651834389,0.00546917104500724,0.00394980534737021,0.00822788001654256,0.00227022137382216,0.0045294667791367,0.00668786570616934,0.00240207239078006,0.00308527621135008,0.835432514950784,0.00716685392497431,0.000700588969198258
0.0030106871533939,0.000646528472343543,0.000300446044138185,0.00519509458221809,0.025128421346321,0.0205692933046989,0.0593730370464666,0.00114202507549992,0.00926742237026323,0.00176590441834719,0.00268066898192179,0.0233846352715031,0.00156988143629995,0.000234320296723391,0.00471040272778531,0.0472779047043266,0.000265227364704886,0.000594163358564102,0.00753562731567604,0.000591306920246817,0.00452710632082431,0.000219196441405679,0.00484607722777308,0.0142663294042785,0.0096013133357156,0.00392096410508127,0.00641224667604432,0.0164597287095126,0.00553641817891078,0.00204303667409086,0.716504472446122,0.000420112288798501
0.00922645622110946,0.0128548946246027,0.00114820816732953,0.000597662691530943,0.00496668944817192,0.000451278165044912,0.0161093687560353,0.00104554942377224,0.00254099306426542,0.0131659897438567,0.0150827397490013,0.0266250494323326,0.00152433770370417,0.00253644606864548,0.00203012789503862,0.00197066388757709,0.00481253655010221,0.0122711372083615,0.00242680226876613,0.0160485619981503,0.000342318032339219,0.00252773897921536,0.0273239121249587,0.0033648620615242,0.00345101150479872,0.0163079975675558,0.0131717563130984,0.0011786441717225,0.0100134380276072,0.000728493316999983,0.000390296346968753,0.773764038485812
