0.77646360559199,0.00279594173722784,0.00263315654148633,0.00480171292333927,0.00558629840078907,0.019511089478179,0.00970306786675509,0.00142685754276764,0.0290063549638682,0.000879500152996305,0.00142368878225844,0.00432604769920954,0.00230265914215319,0.000510409878127185,0.000596971929968921,0.0271579482628785,0.00835591955217102,0.0100657253514422,0.00359987607683564,0.00033251502689943,0.0143642423655336,0.00128189077109522,0.0147813766276619,0.0178405621429519,0.0192202282614393,0.0014640773585291,2.89920580658039e-05,0.0141275889869036,0.000891447389827561,0.0003691304212721,0.000954118136402905,0.0031969985789741
0.00116931138163676,0.621160401223889,0.0054207784335214,0.00568574382247438,0.00317797360690449,0.0449422536997484,0.138038825918057,0.00430317091919688,0.0126858110091124,0.00060664795846187,0.0053329770589985,0.00534461087887011,0.00184720743950941,0.00214061859917287,0.00100277210069965,0.086969673829692,0.0119819963632516,0.00162202553866661,0.00124614803781593,0.00235727143420412,0.00210259871457099,0.000685910723597833,0.0058221165007565,0.00380560469869319,0.0186620642757084,0.000498826854850628,0.000903827087916351,0.00081816844109081,0.00478653153594302,0.000108834279285143,0.0001525386025238,0.00461675903117983
0.00140950674808749,0.000537773031815838,0.801917123963756,0.0393358149940773,0.0307779319310573,0.00879666823715708,0.00762489692573586,0.00794764198180942,0.0148747494194206,0.0109981478336628,0.0132066410992009,0.00745297660855775,0.000344559760955092,0.00587270799392478,0.00095428205767919,0.0103350653236308,0.00427081722539018,0.00186438246239244,0.00146857870928543,0.000317111796016118,0.000620516282838414,0.00364276053504143,0.000347733819833382,0.00115190341028021,0.00808134671581297,0.00139301644501266,0.00243857379367107,0.00318628076624181,0.00470223080660642,0.000846774025263039,0.000259789466927281,0.00302169582885897
0.000902089184377347,0.000222807844493513,0.00205545488956515,0.530534232810323,0.0717961621521404,0.0137127451788406,0.236286005011636,0.00431738805679372,0.0205525197262514,0.00159204150469756,0.00121218723996079,0.0280427545123899,0.0152703248489358,0.00567900953962663,0.00476148730268599,0.0164572651249274,0.000944603569576285,0.000211929385483622,0.000384685457299263,0.000199740385790099,0.00965365512509517,0.000953345426844221,0.000344561356310847,0.00397329509129166,0.00212306904275425,0.00402227202781409,0.00465527153422858,0.00524127015973767,0.0112194501248567,0.000527322410500058,0.0013144663143236,0.000836587660448066
0.00270001801824578,0.0009494115148099,0.0114913733230157,0.0104139140359558,0.832789808533156,0.000419905436470091,0.0235440433637799,7.8163290271213e-05,0.00707046724317995,0.00111447374685637,0.00348503070163881,0.000864734350111611,0.000514195583640943,0.000955653152923069,0.00846342805329079,0.0227408969533308,0.00668023089431078,0.000194772923685987,0.000645393480208836,0.00945163729434257,0.0163707372810593,0.00167424831380605,0.00297713734657791,0.00206208597952984,0.00549185757541749,0.000945169818109075,0.00329759148336668,0.00958708920437337,0.00835666684526737,0.000738500674844058,0.00125221135530266,0.00267915222912161
0.00913098429481351,0.000730819017125191,0.00490145415614159,0.066803288819109,0.000139847861254235,0.455627166470265,0.0784123491002992,0.0633472322763666,0.0819289382533293,0.00515400277124019,0.0264400703896789,0.0265996535613663,0.00047309424917497,0.00279980551005488,0.00814947036148338,0.033611408245607,0.00886693126529137,0.000870685095623509,0.00540546156628595,0.0149930800560428,0.00439544680950403,0.00169477154224299,0.0106883673205353,0.000604083112630883,0.00185696379987973,0.0282956627637216,0.0374970577458222,0.0098367681173353,0.00915691148620058,0.000638766781451472,2.35355347147551e-05,0.000925921665408393
0.021039640558822,0.000742626444181056,0.00437350501659451,0.0799016392174842,0.00770423438422246,0.00841587444999028,0.609522545753083,0.0101849408491981,0.0101331427754645,0.0166972482055325,0.0335697587429371,0.0436829618872011,0.00304683802046667,0.00234441971313443,0.0138876645450076,0.00280848261339342,0.0053767771956088,0.00361593042704053,0.00387494309734699,0.022913386254012,0.00121958845584521,0.00120632149087608,0.0208902330982411,0.000170125905446078,0.00334668418495109,0.0107374996128165,0.028003118330001,0.00972353541494779,0.00653048955085304,0.000973595550223509,0.0110581437055651,0.00230410454951193
0.00139752608419464,0.000707806955869834,0.00463824537533354,0.0445863031835338,0.0273138213910809,0.0367150726915871,0.0126761111624817,0.539958620552031,0.0342204035787828,0.0138403658681932,0.00273697352964824,0.0807655258456931,0.0105410515434328,0.0196435483114548,0.0104792496259487,0.00602332108544324,0.00192499006828193,0.00390496120525411,0.000382326619713189,0.00321897394408259,0.0204756682090776,0.00197903435349599,0.00510333857437419,0.0031507174888707,0.0432917209996988,0.00496953689787219,0.0135961017868034,0.00214275586550134,0.0445363792027918,0.000563909489050788,0.000282791567728314,0.00423284694269385
0.0104783231920825,0.00097811775837556,0.000182831516077848,0.00807772048429025,0.0214997203890966,0.0311010065141203,0.139830865972696,0.00595585414762969,0.524704031228031,0.0050746039983246,0.00529252196277364,0.0287499870592928,0.00331662907971385,0.00119630889891562,0.00141059963926654,0.152491845900977,0.00254049299741004,0.00907047166988142,0.000430720814530654,0.00728152816782057,0.00276441164501956,0.0027121029217413,0.00585055685080137,0.000360565865924063,0.00843040368985807,0.000333115441252518,0.00366884308596086,0.000265142168930849,0.00025967373905465,0.000464266643364936,0.00845320441978803,0.00677353213699665
0.00019891508371084,0.000117335058551884,6.9388978337199e-06,0.0357106171053929,0.0374916864609313,0.00830474211046676,0.083260316468994,0.00891480911998102,0.015892387984555,0.618081330069711,0.00336499830409304,0.060006041100881,0.00135318991063779,0.00381357394705302,0.0085468812432854,0.0343193499176929,0.000565341710034704,0.00621333519075697,0.00404016631626938,0.00223255426271342,0.00394718555833463,6.35530531233446e-05,0.0150231122600683,0.00214339385491894,0.00630893111101509,0.0166779094076811,0.00282937015004562,0.00101928695561423,0.0150905145131743,0.000464267087529575,0.00345393917699254,0.000544026607956445
0.000288586853131177,0.00121914687015739,0.00010694135636738,0.0123447105600991,0.0744882882138495,0.0218105906406294,0.0343553749974445,0.0119998205434739,0.0154672945985437,0.0394912095458454,0.439231245575236,0.0123541399226617,0.0222126301566519,0.00240619383546943,0.0179123000274547,0.0396090322842585,0.000320058758831371,0.00691252886871482,0.0125512435422201,0.0346453500246765,0.0103153733528442,0.0112955409018562,0.0540318179463631,0.00398770677117686,0.0123306049063851,0.032325569022975,0.0194796226977943,0.00847451024167805,0.0452134727089102,0.00169135067292909,0.000396341705084455,0.000731401896287303
0.00187793397083624,0.000404169873334361,0.000334172579276432,0.0152363634925427,0.00106236259549204,0.0137138390680377,0.0363826741178084,0.0248755120826796,0.0125820301958455,0.0349452972963069,0.0032505691438376,0.7226696528653,0.002320221547718,0.0012472456824137,0.00186167242008271,0.00605895150114881,0.000393442849735611,0.00484449283342485,0.000605289489075198,0.0123293422529047,0.00813185750893349,0.0040653030640817,0.000956896546031763,0.00522540113362032,0.00387419200487981,0.0269593087097822,0.00569751822063234,0.0025305316932302,0.0240043368843997,0.00417150321456811,0.0124009343654856,0.00498698079655404
0.00145233605166243,0.000951997481252602,0.00175912969137224,0.0328034173155404,0.0915253183323282,0.0358490881331939,0.0107608584497627,0.0145569725826526,0.0191210369671868,0.0622452262349726,0.00240611356845999,0.025030385278395,0.421067418805225,0.000806574104029284,0.0839886068727947,0.0091253441400001,0.000568035191941551,0.00204470642921888,0.000223603566710171,0.00518568777786606,0.0213898944674165,0.00771406644164237,0.00150950563309867,0.0139277568344338,0.00748284833351725,0.00457909494380054,0.0127652167253127,0.0669554621630574,0.0344978755646362,0.00510044363072676,0.00139258235732255,0.00121339593046947
0.0015807908586576,0.000893392194596861,0.0150422243442303,0.000948719682458943,0.020790711457057,0.000846643186004815,0.0201983672381947,0.000996869153268396,0.00204219957996291,0.00203825211725071,0.00744771638624887,0.03431741076498,0.0031399540015857,0.77594627784065,0.0348049999733084,0.00770342323233277,5.6472278407366e-05,0.00125662256260882,0.000327941408926793,0.000996108107833287,0.00273007722787141,0.0078844077797084,0.00540606486355301,0.00637687217737655,0.00679761405420649,0.00342134332986284,0.000154397839774541,0.00373285085702428,0.00056954332653514,0.000500999039469524,0.0284897085802678,0.00256102455578564
4.24164428742707e-05,0.00048296488687163,0.000745465941080765,0.00179317373074893,0.0067180644897939,0.00328914506775845,0.0081593558346338,0.00573428855080924,0.0330917937832739,0.00901473464292227,0.0166910214167255,0.100298182526326,0.0241929259484481,0.00214354020547439,0.660446210237444,0.0232194034605395,0.000196127435589292,0.00356059316720973,0.00189504972414981,0.00210754072506666,0.0101819506020325,0.0051262421108761,0.0174312213667338,0.00608999674304183,0.00354755385684064,0.000571506892850775,0.00047913972182314,0.0320043316568212,0.0121922493786905,0.00123544223369922,0.00102523002628198,0.00629313719256796
0.0258182706494875,0.00702358642566873,0.000468554587465308,0.0096646613302164,0.0636819403324197,0.0170487501233892,0.199172512128408,0.0179692443383841,0.179055366085493,0.00582843870030084,0.00947268201348837,0.0607245775561254,0.00123578381208613,0.000647545962822658,0.00183671776399914,0.313282331030247,0.00818765422212415,0.0124825755609672,0.00179198347499683,0.0162180560257629,0.0042989817875238,0.00201316272340162,0.0115274664447406,0.000576932270223186,0.000897901915706925,8.80584865371785e-05,0.00638285271237566,0.00189328406300896,0.00287246627797437,0.00021558990125232,0.0114438900408319,0.00617818125257089
0.0120626202916237,0.00495514657315634,0.00067480603028535,0.00357746969064855,0.000713802616363929,0.0038616870271147,0.0177003345895102,0.00154410731128933,0.0455336405192824,0.000892839407017536,0.00104884676579468,0.00365427985496012,0.00241404714560355,0.00094343008731296,0.000801781240403686,0.00165307814175731,0.755790224805442,0.0223894180563169,0.00426914355031269,0.00935375872321245,0.00397741493852009,0.0159889032051822,0.0329358995517172,0.0105210968381831,0.0187651529434519,0.00807596167857628,0.00451086240862089,0.000512740552269731,0.00171620230330021,0.00247784005861595,0.00329655393437704,0.00338690915977747
0.00213049951842622,4.05411046190952e-05,0.000626378957214078,0.0114845427483246,0.0146262870881647,0.00949894872412723,2.352671654995e-05,0.00276794452777428,0.00265583836925297,0.0164035830866909,0.00146187001210774,0.000473675765192041,9.50415599800496e-05,0.000763178763468828,0.00176796029381901,0.023854912785055,0.00713889524897474,0.71893873413071,0.000579507781866205,0.0164433900027966,0.0370098038548321,0.000211940263550886,0.0270787576226753,0.0333453183661293,0.0136996024267132,0.00907836467414241,0.0181426890632755,0.000485042801445157,0.00848560234320546,0.00445272179629343,0.00852068887751669,0.00771421072510656
0.000822687207093596,0.00380870480498322,0.000964178676381018,0.000460086568045112,0.000993243958244319,0.00192751592193165,0.00395105140199226,0.00373769927244921,0.00785806212469794,0.000232921855811988,0.0259803683755333,0.0117688632487517,0.00106365334657776,0.00183827661430425,0.0061949065510308,0.00318774777346854,0.00442880510707312,0.0025863183329229,0.797117984568511,0.0201151675979232,0.00389410331790265,0.00620416427315043,0.00467818306821874,0.0117449227345426,0.00774135204094123,0.013190589097731,0.0263408266624721,0.0108070682480557,0.00157654110988583,0.00291091814317433,0.0110158051166389,0.000857282879560116
0.000375959358577832,0.000542364176424544,0.00188126975877667,0.00226462675704383,0.00213745460812426,0.00797375191735334,0.0167843149694883,0.0067188934339939,0.0123696579226794,0.00384313832062494,0.00176725639939482,0.00509106650215322,0.00206030037100262,0.001937863650236,0.0039424504742922,0.0284193529679601,0.00400386627183771,0.00506180041461423,0.0138235104492156,0.673620749852545,0.0754950513698773,0.00211708418678014,0.00288189912098818,0.0145238446586304,0.000302465739779847,0.043711734770052,0.0161942150516326,0.0112784334445284,0.0173270736504778,0.00225817843593966,0.0162795566184865,0.00301081437648829
0.00401898413316486,0.000410691597360083,0.000332442966416142,0.00036608352851586,0.00746381536847465,0.00201171724344881,0.000399838858979189,0.0178855003847917,0.0149688416769242,0.000260781388486671,0.0130562634200223,0.00821745893257097,0.00468741700145799,0.00172600604516488,0.000859869795483496,0.0257178276796034,0.00479791795436587,0.000992388379557599,0.00548942047020715,0.00523489250461698,0.692498910686414,0.00552150968353589,0.0233316786474143,0.00813771118042659,0.00937915794084667,0.0441290056028525,0.0182336099323543,0.0219045153583079,0.00775047163651272,0.000879753028921871,0.0239775502325986,0.0253579667402024
0.0120956752258184,0.000167315413657973,0.00013451856023095,0.00169477349552327,0.00457659190392159,0.0146438959655489,0.0430657827882157,0.00263245063691331,0.0882478947569755,0.00015078151891322,0.000950744047729005,0.00997502927106433,0.00102304990358701,0.00282103648195597,0.000430937724990869,0.0248363345843184,0.0108585315208155,0.0235302478540361,0.0118900511898866,0.00646069207189949,0.00226577616613141,0.659960875289713,0.0406102089374635,0.0106975061048108,0.0051265746040731,0.00219505955872626,0.00168925978587379,0.00369861180979686,0.0012894022504048,0.00109847570592604,0.00977934188577104,0.00140257298530758
0.0106431640864054,0.00191475896933998,0.000393269344221477,0.00284462867152982,0.00523887473949791,5.69139836712394e-05,0.0118139101494816,0.000117047644567471,0.027685402094871,0.00175592345884105,0.00618203075083638,0.0150557350867374,8.29539042067339e-06,0.00128828630342946,0.00283983009870774,0.0136342855941883,0.00700410991117213,0.00789441714847785,0.0112292194587808,0.0301486037763994,0.0034920173398572,0.00360141136587935,0.770472444086215,0.0103708500020385,0.00086931151061795,0.00461386973827498,0.0131167928881726,0.00728499451011733,0.00889730503214921,0.00196745293815202,0.017004304608524,0.000560539318424584
0.00134420662987115,0.000124614962117558,0.000262565207009113,0.000318481207315179,0.00750160048892988,0.00766410355993531,0.00124471525348287,0.00845917994472331,0.0150745378876873,0.000201781857077534,0.00468142104430472,0.0068500377151035,0.00408326136847925,0.00152261275084638,0.00181923727680504,0.0082857951833219,0.00696120653648807,0.00364176940336781,0.0259680229113119,0.0351629902865416,0.0605259939055109,0.0198790243988967,0.00263883722805383,0.490600520197817,0.0133171944244916,0.15817753904069,0.0642999512877676,0.00215169426575609,0.00377138793952851,0.0011251820777382,0.0259915326277745,0.0163490011312558
0.0107526309754098,0.02692814748432,0.000932136269330069,0.00961228623602687,0.0169391328836741,0.0227309840983546,0.0153889483848338,0.003413832573637,0.100820575544404,0.00544260770940267,0.00150559182363327,0.0071711976554956,0.000973873996859815,0.000247926753303912,0.00269316604246763,0.0910151595742448,0.000299443298234794,0.0533387555260596,9.95342638957732e-05,0.0403917411425115,0.0354177675304935,0.00579399173207592,0.102805130760986,0.0453022867925449,0.329415262913248,0.0106324380495467,0.0209339948126124,0.0064079732858754,0.0074053008952684,0.00062369303270852,0.00792582505047176,0.0166386629080692
0.000419425260021611,0.000109602952458148,0.000686296792526893,0.00076187136818386,0.0138551098218127,0.00243927160818184,0.00510483018723062,0.00754718461450856,0.00213950630115058,0.000587150012536575,0.00211040884172499,0.00625772115562893,0.000469811992355548,0.000993231019583881,0.00102677165918154,0.00233979681881627,0.00424643369767504,0.000146012043356682,0.010881018213661,0.00731764332494065,0.0110515177146321,0.00219317273343818,0.002525942917635,0.0027466775762881,0.00128578147615821,0.825088059332615,0.0586200021383624,0.00262671111240374,0.0033891443050672,0.000394323288292151,0.014186214298385,0.00645335542118732
0.000143147265011017,0.000326567772249478,0.000354011777424535,0.00355548341198931,0.0176950843318617,0.00760307837849687,0.00454465725573363,0.0042321395734768,0.000699839105307346,0.00272231248640641,0.00300213337821662,0.00881890946420525,0.00241660476798123,0.000865138030937047,0.00413647937108844,7.35396908997054e-05,0.0036350888582114,0.000883065919640826,0.0435334436563271,0.15059607490248,0.0159929730411628,0.00112658590312084,0.0116789322143757,0.0365402006097501,0.001275042450098,0.178481258910291,0.454684094615815,0.0128554159046407,0.00872054549250198,0.0014846567559554,0.00956860253988118,0.00775489216446297
0.00398393307952373,0.000372263253048026,7.87385249062522e-05,0.00360717417166973,0.00169331996213163,0.00991202328175357,0.0442832163991949,0.0160885083660543,0.00854567153908837,0.0288176399807034,0.00167963455100535,0.0510104450892998,0.0153919823311645,0.00231493425964405,0.027009621494788,0.00300364625626774,0.000234602209541392,0.00369464636583006,0.00570473588653822,0.00533098719271221,0.00910221364576873,0.00845578367585425,0.000314554917792154,0.000158686910029004,0.0048607019521249,0.0704734078246683,0.0194883794752529,0.587125391054745,0.0240293111645348,0.0112888066722225,0.0296029629375142,0.00234207557462832
0.00145571449659053,0.00128256572548531,0.000371769901293714,0.000558030487824215,0.0467364324836238,0.00157717889140991,0.0528032307538597,0.0020705832780284,0.00290617533249489,0.00296611366353995,0.0228072923729949,0.041358585506513,0.00244452718245845,0.000837322437917385,0.00556797867070059,0.00665185451285985,0.000477768844217981,0.0020089904271016,0.000482142959541593,0.00807489946441949,0.0112279156976,0.0111298787458352,0.012507123307373,0.0251711239685257,0.000979560062582419,0.0272492839476557,0.0544960147552924,0.0435221058571308,0.584456416436616,0.00335923866265541,0.0163115543553458,0.00615062681051279
0.000294214783375282,0.00103847374243362,0.000432719386600051,0.00293393371932568,0.0116106652779813,0.00657717007322919,0.00842901646059507,0.00128102828948527,0.0165680017580048,0.00363121468418389,0.0125200024796602,0.0213304484839658,0.000693291679938145,0.00165269709952907,0.00258757057284348,0.011904301731198,0.00462605818368479,0.0034478491607521,0.00868542925125138,0.00796188260942454,0.00256597577767304,0.00585199360404901,0.0429468174648832,0.00101843789791597,0.00235318446878836,0.00937018129998755,0.0117435934655307,0.00457524028223091,0.00599566733740183,0.778332946139504,0.00647521974509675,0.000564773089476806
0.000641225781984564,0.00037306734430298,0.00100408596180962,0.000571017005966794,0.0158544387417522,6.98232696707772e-06,0.0211498950351232,0.000742885848030406,0.000511558958107815,0.000130059610167848,0.00372296413123114,0.0275123415945361,0.0184008015356372,0.00363670894445019,0.00556734409317936,0.0015691992372342,0.000263874919021049,0.000356194696510258,0.00747067370478014,0.0263051927912697,0.0229684266094583,0.0106944587925228,0.00245570217153886,0.029108494950937,0.00144963193546056,0.00912211603414199,0.0211299222017229,0.0921058798432581,0.00526311434090691,0.00961908771305137,0.652537436412432,0.00775521673250703
0.0123193266378521,0.000252752894399287,0.000875024932065799,0.034231384845265,0.0151165668799395,0.0340724867576894,0.017008458416933,0.00747299496106601,0.00742700749738578,0.0231721053787103,0.00324567290356359,0.00262641509048198,0.000395021829478828,0.00155117032871215,3.75693290993776e-05,0.0149833549869129,0.00269956020133056,0.0180733374382628,0.00366400815327823,0.0123373279537,0.0038041745535158,0.0268884741717284,0.0566856710556188,0.00185797155125549,0.0752008516471993,0.00821290421254624,0.0105164557115658,0.00127551163760269,0.00111997225124374,0.000598467248599577,0.00144737077017708,0.600830627772821
