0.549338298687368,0.00261278569550319,0.00184068046616523,0.0189537280909407,0.00233124597754004,0.0062696324571481,0.000818592206675791,0.0260326359699118,0.00611426581956587,0.0431994023611799,0.0644367443397922,0.0931743292158187,0.0463898514637387,0.00136926455889194,0.00134565138786524,0.00501656564611402,0.00376330750351032,0.000568594154521369,0.00223141069802315,0.000138112469900775,0.0029836562209514,0.000395822019790892,0.0116133668377153,0.000317919700302376,0.000876562415464186,1.39841451758566e-05,0.000463511207348445,0.0782956125681052,0.000623898597401757,0.00216911777365548,0.0181081089690661,0.00819334037484774
0.00174559583853948,0.558520329347555,0.00821297574953345,0.122901276214912,0.0215230069839237,0.00441887982323824,0.017358282852686,0.0730172203705094,0.0183077855977388,0.0397113353938297,0.00818101648607854,0.0275735733081105,0.00147156203107389,0.00367841528725154,3.79202554530723e-05,0.00602890567438852,0.00294752599904346,0.0026139704149625,0.00393570660125632,0.00336700027641893,0.00488488494412095,0.0031531175590486,0.00288345426505445,0.00898875646099315,0.00334354201679208,0.00178999090756565,0.00158921045916403,0.023784645320698,0.000571124960273212,0.00143926483683337,0.00850953410939779,0.0135101896535556
0.00440072282684933,0.00458964347003492,0.724852149940024,0.00843706058552284,0.0177716214760676,0.00996446308401584,0.0237374582933953,0.00826648549309469,0.00827438157382827,0.0114502495554565,0.00241772341912042,0.0180922548251105,0.00494104963047359,0.010377740932477,0.0214194722654076,0.00258099613012363,0.0002180870034452,0.00587785426679404,0.00144945705893399,0.00445210395514872,0.0326358007724575,0.00142013459382253,0.0293782817277952,0.00203710105036408,0.00545161120136565,0.00886823646467479,0.00199771712961201,0.0101474361342846,0.00965147309094315,0.000635414567797135,0.00178098864736235,0.00242482883419667
0.000157605133659336,0.000323894574370555,0.00149813512594059,0.73565697303604,0.0141046984186909,0.0122479847412518,0.00468429593611181,0.0630738253183519,0.0152199228070993,0.0352801631272471,0.0332412149879771,0.0165012675781639,0.00722458849929074,0.00297992655788777,0.000864549825266741,0.00386792948854922,0.001329281550153,0.00163826953909015,0.000139750185789665,4.70128749471849e-05,0.00303690308685233,0.00116232485332639,0.00376436713483313,0.00868994288445701,0.00255914645053402,0.0018329327838009,0.00320852069593186,0.017465099473091,0.00417694238237114,0.000265917525582379,0.00103253142356449,0.00272408199977686
0.00398297781115885,0.00105066049773685,0.000254613180806696,0.0227601770363229,0.307278607257412,0.0627295896475688,0.241283006151558,0.00838961837809387,0.00550009906754004,0.028478622497599,0.00953546685175148,0.0304164545268713,0.0110336352707818,0.000416730213558448,0.0115857674930992,0.150694464616525,0.0168242959256437,0.00155385796373184,0.000104093438642174,0.00139751622832343,0.0102920118793644,0.000753463239170728,0.0146502876475258,0.000487099873864565,0.00185839113562593,0.00214796992871819,0.000998773481816089,0.0404318034657015,0.00745821072252816,1.63543097695889e-05,0.00228701973693226,0.003348360524257
0.000747015954419897,0.00183776299513564,0.00016100662491455,0.0645614619528301,0.0146788744885255,0.414866379979811,0.00960727547630477,0.0107098061380541,0.0127580328574048,0.0854019276775272,0.00599359238218601,0.0598478455322447,0.0163373094570914,0.000872484476144076,0.0101225103154565,0.0464653991259997,0.00754153916081343,0.00015565521382283,0.00146835661599949,0.0185720222686898,0.0387995698510585,0.00338854531486807,0.0273069799502426,4.41584443879749e-05,0.00796216358221719,0.00363838321190502,0.00325268161297516,0.0976004466108275,0.0170223043551589,0.00467582421486726,0.007756312480838,0.0058463716772789
0.000371280357765963,0.000915969556936336,0.000671180614746273,0.0266215405577758,0.0523135208024915,0.00830864441240222,0.765630538521062,0.00202217796618305,0.0150460502092324,0.0496777668733745,0.02244636093829,0.00566735159257024,0.00292080592725159,1.77173571132003e-05,0.0019204748867163,0.0258530424545791,0.000479966098703642,0.00219724321146284,0.000408374754208423,0.000148074947127474,0.000970511951769741,0.000349438082190741,0.00158903455594428,0.000196384445675682,0.000314306723067194,0.00579027471842391,6.76616470654311e-05,0.00524686310650425,0.0001721254835304,0.000261262684737353,2.41753003538949e-05,0.00137987926074386
0.000257527193572931,0.000399304736638303,0.00390412776315546,0.0865509693050769,0.0129246728119815,0.111440254107162,0.0210517925372044,0.511336843176146,0.0277703160740406,0.0486138913485285,0.0496035036814023,0.020296000139643,0.00398090248414412,0.0013422518330846,0.00162992364512837,0.0191161746342763,0.00726683838610077,0.000478758118660046,0.000477319843735031,0.000196627795480474,0.00190913886693009,0.00307265683326709,3.91855748861186e-05,0.00399679504455122,0.0217485774736262,0.00403146034103528,0.000463139673448837,0.0143783294644964,0.00863631565483949,0.00164681838817414,0.006487258711602,0.00495232435798188
0.0124587680025216,0.00118904745045177,0.000192151179157132,0.0802627377053712,0.0574180602960478,0.00263413949920326,0.141414269777743,0.0281500255875533,0.508633275293217,0.0815418294227532,0.0169147605525514,0.000922565197509374,0.00212636590749209,0.00200164819588035,0.0031397118651889,0.0284910365985626,0.0109475744867181,0.00176829914724779,0.000750367520343056,0.000110227369785671,0.00152013256041477,0.00254754032243163,0.000205392574990724,0.000460559799387932,0.00318657294816416,0.00344669127293564,0.00015570592840855,0.00334039977618624,0.00102233590662956,0.00104700889890919,0.00112984443437643,0.000870954521867004
0.000640248815540952,0.000376328740431672,0.00183849414500572,0.101226856093059,0.0323359907814391,0.00142044180480036,0.0323153521357642,0.13500208974095,0.019530128652894,0.569586324757909,0.0240767915625713,0.01670936125695,0.00651035511892794,0.00393281349081252,0.0030747199303133,0.00255440351579981,0.00160476010390238,0.00133666350448579,0.000117218001954399,0.00173801767215758,0.000765818634905595,0.0011419337827303,0.000170488165578831,0.00885339264935954,0.0025965003150612,0.00108181145493492,0.00450490865609839,0.0103609315615119,0.0083939817460562,0.000420978067586202,0.00126930614920793,0.00451258899130041
0.00119508256434158,0.000223568648763836,0.000753882020086766,0.00786877398125086,0.00800619301825742,0.00349357008313669,0.00221233048713585,0.0025557251413673,0.00727949175232802,0.0245176608346792,0.856259775369054,0.0119493960738456,0.0139712697244988,0.000652571890530705,0.00916497375253856,0.00515226285843127,0.00145664355623443,0.0016723901033792,0.000325173563288126,0.0013007860492196,0.0119353199207307,0.00151133235913098,0.00334196135146422,0.000113399980161895,0.00620775697242552,0.0016141068978915,0.00237104249076817,0.00514694116998646,0.002165939424529,0.00310064303173356,0.00204762765296096,0.000432407275849428
0.00692117110794979,0.00213274673320093,0.000711161555246444,0.0344174629691977,0.00614416879680076,0.00282210005770139,0.0148614681884166,0.000830658580706231,0.000764608192042393,0.0341331771753869,0.0115414692076593,0.702423040183657,0.0509672832386099,0.00592273524736995,0.00806482687061061,0.0138472853350876,0.0052770955361658,0.0013997737681335,0.00121437798485072,0.00111442048641486,0.00241589930291653,0.00103864593991251,0.00184583251787029,0.00317999970903597,0.00147489305116978,0.00419639314220621,0.0113825365324615,0.0180125137303618,0.0410175524531727,0.00134642538451149,0.0032854302500628,0.00529284677111037
0.000461240251083819,0.000130817530034436,0.00143683762855826,0.0424902488439099,0.00378178353164285,0.00241363250598436,0.00318378154005562,0.0247535588494421,0.0198036478013459,0.0640904001305809,0.0688731161902933,0.123767432800332,0.469630113516027,0.00170981302532239,0.00464047055553134,0.0297671377567989,0.000582597642774284,7.03210287605364e-05,6.01707254389976e-05,0.00162838743606789,0.00414843289449175,0.000501197540349346,0.00118435213382067,0.0015946394814599,0.00230525662426203,0.00142274943873782,0.00230667708905141,0.0944929757771617,0.0181695141950143,0.00272046370657664,0.0051542912883354,0.00272394054075403
0.00441372697759672,0.00374423971482428,0.0120552509855774,0.0139951597938837,0.0674728559339762,0.00676867692360589,0.0605147730092027,0.00171633298114354,0.0556748900939223,0.0964747332909133,0.0372601767708486,0.00817769816988255,0.00311489342009606,0.519584238605116,0.00348243029633986,0.0020391020678252,0.00573733472732357,0.000546025190315549,0.00016554214231401,0.00262559628071843,0.0125135512658228,0.00358546154818683,0.0380272867040999,0.0132361791307612,0.00496965996664979,0.00091706427095327,0.00435647141940216,0.00540981395870547,0.0026529028272639,0.00562091409764446,2.09284216223617e-05,0.00312608901346186
0.00233617424659547,0.000431811384489705,0.0019917755366461,0.00318044166020117,0.0319161528380579,0.0120881162160132,0.02503175857192,0.0214173448607744,0.0528702887782351,0.0160120327666796,0.0305996807982362,0.0886406568896959,0.00220998619824073,0.00260295473943027,0.580111905431098,0.0200177600388419,0.000933857541165125,0.00202581364788387,0.000185626453245549,0.00352847677863114,0.0133873807589209,0.00180573064349768,0.00345887646134513,0.00847008240639051,0.0108042102460075,0.00179452078322006,0.00101061726866517,0.0503556927089541,0.00481365544633639,0.000493864929991272,0.00249106381547352,0.00298168915511603
0.0120713134581427,5.60295421159687e-05,0.00173959385310724,0.116006555956055,0.0360888917689916,0.00714349844202159,0.0324392619971852,0.0190606469460127,0.0220469085811822,0.139738999244196,0.0331331790475268,0.00206873743054472,0.0017022892591429,0.000547995752831692,0.00356929131018337,0.514640932695733,0.0140661877907302,0.000827068637320486,0.000555147610130456,0.00156997436361303,0.00419505754456931,0.000349359275900811,0.00207024835676928,0.000145727058577485,0.00512414260387631,0.0039870664446174,0.00191069865283512,0.00961150305554241,0.0044232727729476,0.00141051619819892,0.00740144417575842,0.000298460173639878
0.0114919843198094,0.00464480063671267,0.00103503154458896,0.0362219553158501,0.00252619969990856,0.0069100823252325,0.00231102409710006,0.00688164088761753,0.00613285829222568,0.0109904042586665,0.0167879963247751,0.0683901778923616,0.0116966510004392,0.00024122317370106,0.0111713050169213,0.00119384469839264,0.673526476084281,0.000444209991097614,0.00113228609391038,0.000152395847418801,0.0100240538502952,0.000355764830612343,0.00302903997181199,0.00185644564821951,0.00500427101191738,0.000161102829021293,0.0011501457205659,0.0848961915261362,0.00244532250056126,0.000757000909903223,0.00401251778096544,0.0124255959189804
0.00485471539872755,0.000950062530514036,0.00703364081065403,0.0946367433437472,0.0395710557977063,0.00688173846361995,0.0434575562281662,0.0562330755213006,0.0024923047236792,0.0141306809161368,0.0372960494720569,0.0366259383700562,0.0171363377767925,0.000181746743682809,0.0010285710953873,0.00110596410153152,0.00710296908979577,0.506235498735294,0.00267959359077703,0.00240834707165496,0.0329998394658342,0.00381319349071807,0.0297286429473984,8.38343189872222e-05,0.00389338077348279,0.00403226350662033,0.00436548676880893,0.0290295127506345,0.00749480738085498,0.000449690366907175,3.54014687982068e-05,0.00203135697967427
0.000281489881957402,6.58695085463006e-05,0.00525671958212184,0.011737250272996,0.00132769012328901,0.0182325889925869,0.00433257171224605,0.00204384554309403,0.00147905857935209,0.0479142341378508,0.0161271700175247,0.0113965981080167,0.000932609933660609,0.000281142429838634,0.00969245308757626,0.00913949389941186,0.00299682942523795,0.00443329819302751,0.767745778856745,0.00010592777379345,0.00517184162816929,5.51112263550859e-05,0.0113178355725194,0.00697764075968892,0.00433966749015669,0.00247771420793694,0.00664785534234692,0.0309489469725127,0.00401265197513624,0.00719779676215915,0.000775608976515477,0.00455470902763069
0.000921116730435184,0.00066736668727013,0.00155206330463907,0.0406516546498623,0.0022333175572503,0.0295960026640254,0.0075132290717076,0.0126017519089886,0.00510000314883124,0.0286717516716884,0.00411964097138699,0.00584508339407281,0.00121464117127206,0.000580677313768563,0.00235709415493624,0.00308925857281403,1.27792000347377e-06,0.000474224332245181,0.00206046693880227,0.700933180850617,0.016732396107724,0.0158179646134774,0.025912129359573,0.0250723926856931,0.00211685395498962,0.0267206958436149,0.00252857217988903,0.011032418697828,0.00181835235626166,0.00497339120236116,0.0163114001982396,0.000779629785731152
0.000288627192320015,0.00031510220963198,0.000753703076877202,0.0303112325039351,0.0244752623633923,0.00942504501895802,0.0654244412603562,0.0180438050119338,0.012700656545393,0.00399308587018979,0.00155067958308609,0.0227243811394461,0.000263049103172271,0.000349608151456523,0.00595607241500857,0.00868066910109298,0.00566464763518701,0.00374755237491995,0.000921287754796668,0.0119079492133712,0.571929741240917,0.00032459839250832,0.0139718174054249,0.0667367204646699,0.0129835770622237,0.0267189652877972,0.00633277311203034,0.0364204412003473,0.00848596258692489,6.00482490773213e-05,0.0116950923074273,0.0168434051661268
0.00165300295258995,0.000433907252220492,0.00285014106374831,0.0411810744169141,0.036165185621478,0.00422682494856543,0.0746382388112731,0.0181834503361515,0.0606624314888031,0.0468550812704678,0.0187911985964198,0.0121370831339028,0.00705570495042725,0.00310530313844713,0.000967432474480942,0.000262759171481147,0.000764242545011206,0.00968755672993284,0.00516253229767406,0.0184152001547312,0.00407400684019918,0.543265105227356,0.0061110602596054,0.0176889582430165,0.0410380897014583,0.00368362507286829,0.00239528766318504,0.016585237278913,0.000245787763700105,0.000839555388078399,4.69159704043692e-05,0.000828019236495051
0.000799785671500359,0.00177534422310422,0.00201503629981633,0.0112743782480973,0.0493587226961744,0.0010922785793952,0.0632763371125824,0.0047689772978555,0.027300885793905,0.0160555241317552,0.012805930965155,0.0375271261705517,0.00148959766823385,0.00160153415341685,0.00309635206358352,0.0219659352769704,0.000976541719060088,0.000481052813011393,0.000943764502159105,0.00887550326065141,0.0235844962062474,0.0115513317490069,0.606693922208683,0.00697045042542998,0.00845324199134384,0.00868197296910134,0.000655564375159276,0.0462548277776185,0.00318305599294339,0.00483490769061461,0.000297306108651043,0.0113583138582211
0.000197573447996768,0.00144504421247492,0.00157225584874161,0.00420925802376522,0.0149159852974521,0.0130847951969815,0.0565298704771737,0.0100991491721417,0.0363244991947125,0.012963739292941,0.0126401742005794,0.0287832538433037,0.0099133549068229,0.000867849590290026,0.00309996319171855,0.00171141247413822,0.0142910588138312,0.000440490056095592,0.000673936120938613,0.00328610826935974,0.0184127496743378,0.00327579780116007,0.0037249014821582,0.630992174056461,0.0563976393904441,0.0135328482656092,0.00712281518218886,0.0187392258662636,0.00677474262815425,0.000842526842050295,0.0107991413045814,0.0023356658751319
0.0142324568810722,0.00112084185086295,0.000738899924012669,0.0186731212706063,0.139242331870617,0.00965893923010648,0.201646431847323,0.0237730086283656,0.0506723421736373,0.00374312931493744,0.0237186340588033,0.0721369145427433,0.00589570804343109,0.00154719969826052,0.00466025600477954,0.00827964149895865,0.00733012351941649,0.00159242661052502,0.000822401362938204,0.00270958782228556,0.00461139717851423,0.00050142878406115,0.00335370516640608,0.00907663963728778,0.304225142436709,0.000554182005673025,0.000247868452774937,0.0671582909368151,0.00971112360465508,0.00305073166941186,3.36358000568838e-05,0.00528145817395228
0.00213054940134519,0.000207524694719649,0.000458842620318615,0.0355869465941491,0.00418809943796677,0.00417029486390111,0.00526851717981729,0.0133746366894463,0.00142682236579739,0.0553936043473146,0.0374134556754915,0.00363290765127897,0.00427108561184606,0.0035422786461486,0.0031309076676242,0.00167840871416248,0.0032567503247762,0.000424748230678085,0.00112980526911486,0.0127584913983252,0.0425774656753771,0.00301433615382726,0.0614744559213756,0.027555630577308,0.00945959679185389,0.636182220367101,0.0011319015986465,0.0122693153594276,0.00115328693101316,0.00805864265047436,0.00282858979461667,0.000849880794756169
0.000347998613719728,0.00074684055689147,0.00128275194758603,0.00749969585892577,0.033181724126319,0.00152169711839546,0.0188258068493464,0.0142981347811791,0.00684638850878046,0.00356636316097011,0.000138355632298878,0.144371805316846,0.0227194529472085,0.000517272620527496,0.0200878720399455,0.00227807103955037,0.00578910966995846,0.00585166645885492,0.0045463508684606,0.00473696468499914,0.0169583001475237,0.00889780265980642,0.0025187490730088,0.000308516934499088,0.0260419003284531,0.00642855501332278,0.471502987261811,0.0766536115054536,0.0761378837132226,9.88517173391133e-05,0.00949098527654897,0.00580753356824709
0.0028201228428954,0.0011843601804802,0.00463096861354288,0.0536902370610489,0.0252326841147487,0.000442310961757082,0.0257768644810996,0.00551021413592866,0.0160819381460803,0.0893360754431773,0.0372913052416387,0.0143584878521647,0.0323078178179339,0.00870888393413878,0.0116836376049604,0.000161554850890518,0.00047837841682687,0.000252291065242448,0.000298938943435331,0.000827496708341695,0.00262096911686293,0.0029921328711291,0.00255475113130395,0.00142691735709659,0.000627976776371228,0.000840837508327677,0.00460732862202677,0.621264166644118,0.0259285139521963,0.0012370820070221,0.00267967733483728,0.00214507826237542
0.0018444800613931,0.000274780266347361,0.00226541835825069,0.00169212349412561,0.020898810086037,0.00272953861532209,0.0127441812947201,0.00226269820133009,0.0248703084008626,0.00280723389303884,0.000478433577972922,0.04296105792151,0.00368636284814576,0.0010179629374484,0.00101350414832305,0.0233209729152067,0.00395796838455093,0.00247485650250022,0.00492969834089226,0.00434074867570936,0.0183203214060469,0.00338393661293158,0.00154063410127044,0.000630187538572284,0.00323927415143566,0.00447354429441554,0.0157955835923163,0.0588790868572887,0.686287260493325,0.0072479804123731,0.0361996831362411,0.00343136848009626
0.000353372497210214,0.000563730069066653,0.0011474843972634,0.00344471344008932,0.0189982867943199,0.00457561241066267,0.033251397769931,0.0189433532900318,0.0189366684426644,0.000179808476127805,3.1589094813411e-05,0.0229853745734337,0.0131142025818516,0.00796041640450094,0.000168830472370182,0.000436337134888079,0.00216806021009441,0.000222153968117523,0.00387059748171903,0.00298263931122489,0.0039667903139214,0.000115707269912133,0.00665749639655944,0.00258909679136655,0.000928044568437918,0.000397395590789843,0.017855481388202,0.0372367491090057,0.024817437001447,0.73585180802244,0.0138094464746907,0.00143991825284647
0.000159479800459181,0.000501112881510491,0.00126565760568756,0.00692433143736695,0.0884510205448462,0.00126028840986621,0.0831245488626581,0.039339838099324,0.0541400883851408,0.00515439161541277,0.00531143049511376,0.0210343577697387,0.00190078667381056,0.0022027953322752,0.0007735876111259,0.00677841040736021,0.0017265157111589,5.65476864481881e-05,0.00617866983146043,0.00291777093319314,0.0346445296362913,0.00518388701646443,0.00536153084250929,0.00236576206876317,0.00638943510271988,0.00849646459919928,0.00886103369346813,0.00863277418735813,0.00141780767640078,0.000189568932253487,0.588500072926882,0.000755503223732707
0.00482932939741115,0.000226483483984075,0.000318756990953166,0.0663620139211332,0.0667845275538268,0.000656618710625355,0.133670609799541,0.0393511481798926,0.0498693207941621,0.0518929235010749,0.0110231494692221,0.00324109362618351,0.00973846807634264,0.000224676289666116,0.00160282675522042,0.00330625004599648,0.0034443841895872,0.000432510762829681,0.000734528751768886,0.011175604794451,0.00708302088443127,9.81572557440695e-05,0.0043671516919703,0.0267918292790073,0.0487793502974287,0.00896069609858489,8.00208364381402e-05,0.00167001257016199,0.00408281742895521,1.13866109504408e-05,0.0119416252811605,0.427248706671295
