0.686656300003365,0.00911801670960255,0.00854199629822951,0.0122549776199941,0.00780975565441699,0.0157197323071184,0.024724061435373,0.013040743097145,0.0175067665934673,0.00999470938652675,0.00111790663123407,0.00124060748527608,0.00127646789067379,0.0102970038745745,0.0049453530482285,0.0190855075285571,0.0408413615483847,0.0322248410524201,0.000224760110468069,0.0157983703954798,0.00254992536300173,0.00843515467083142,0.0186373835699891,0.01525832361683,0.0104882259077952,0.00557400943576173,0.000506310727949753,0.00441598196660591,0.000383336101375241,0.000230570475597692,0.000923901715180182,0.000177637778546882
0.00676289288503539,0.659441464874979,0.0187240987543638,0.0140968447592224,0.00507002064121138,0.0209518755548462,0.0737283629344501,0.00740267362599109,0.0402731464374095,0.00391096794291893,0.000424191495151751,0.00259043017701939,0.00222563593154521,0.0126478561073044,0.00402783194165833,0.00592612414882951,0.0239159828559516,0.00200468560337438,0.00147135382670638,0.010659180230187,0.00271394301516919,0.00659612791770556,0.0209824158375871,0.0212075195524523,0.0134070229669187,0.00741245660671058,0.00343890204942199,3.19026209823534e-05,0.000705631974752872,0.000340615569302755,0.0021215452047882,0.00478629595605269
0.00125425634433114,0.0161718920754711,0.752942822051479,0.0250922137758,0.00223124131530914,0.00618806894551884,0.0229585953362432,0.023886511329077,0.000572980039246545,0.0153961763907977,0.00716068244395707,0.00317677906525659,0.00833080532472446,0.00797845428674574,0.0293798541415506,0.00329842251956607,0.00489100768445336,0.0096808801087415,0.0100809598008717,0.00213225967867025,0.00258861628488514,0.010973113409318,0.00317922720794808,0.00486168552408394,0.00814328383395924,0.0063515207512749,6.97085455171947e-05,0.00212823006427241,0.000864670961178498,0.00185633436524767,0.00227895461605704,0.00389979177844652
0.0054330334972567,0.00146125591808922,0.000807681509098856,0.43935379034046,0.117933187381731,0.00269832720500992,0.12086432664335,0.0548698147588095,0.0043256403453159,0.0328480917524407,0.00219261575416001,0.00874628766150073,0.00367398310436655,0.00371425715266424,0.0111283087030195,0.020238315507342,0.000196435656491717,0.000616099541151979,0.00388789729730612,0.0142860179350536,0.00910338047092973,0.0134519540158874,0.0170102707667913,0.0240464439446595,0.000928061031070467,0.02639160619829,0.00111650627567372,0.00293663323561408,0.027751288977265,0.00809989147028415,0.0184129258026583,0.00147567014625835
0.00265616897179639,0.00374959989297957,0.00589409474471354,0.0234342021784172,0.812912001118607,0.00543892791394663,0.00483440525867367,0.0111565368596152,0.0292743244576904,0.00220744037123947,0.000245628331075172,0.00560255453363991,0.0093772273050374,0.00356128242816267,0.00179710307769519,0.0378700614475877,0.00674129009050587,0.000518565913345216,0.0046990263272279,0.00456497678502686,0.00163040128692285,0.00062995506055032,0.000916826384778996,0.000331691270903946,0.0044505621897693,0.00365961962528563,0.000559957376808624,0.00372409247552758,0.00226284656844676,0.00160502850463197,0.00178272821807899,0.00191087303131205
0.00135014678567778,0.00197541298135568,0.00751043499750078,0.104215341815056,0.0286983011033336,0.500501860523222,0.00325479718390118,0.0788329749128557,0.0636747310668965,0.00798790669751526,0.00460974037202198,0.00318659074307013,0.000936426661614098,0.00345075149858041,0.014432241741959,0.117584302962014,0.00638601551545753,0.000199768793789604,0.00456508480503612,0.00308425645961381,0.00234503348757708,0.0143224315196687,0.00749080308364296,0.00465366668448761,0.002878151109283,0.000794232653846001,0.00214530325404198,0.00181150484237462,0.00159418645827739,0.000989204103192726,0.00443679917808551,0.000101596005051152
0.0148184577767431,0.00949902227212276,0.0184939438023659,0.124479719174954,0.0351985903347667,4.11940888532814e-05,0.632731488952391,0.00976080130820062,0.00437963816956493,0.0132177100790698,0.0194479614578035,0.0103637826452817,0.00436106646928963,0.00204809532912412,0.00924432620437369,0.0133264494175779,0.0108656766857956,0.000165607231001916,0.0146920868505655,0.000689341772283901,0.0031887865642641,0.00588195878216245,0.000767578616814252,0.0054908159741798,0.0149480579393812,0.000892194273253678,0.00184710094261676,0.000599025605079169,0.000357388084739752,0.00231685925025176,0.0123479090134251,0.00353736493170286
0.00716677809829509,0.00214016781728309,0.00112349569010793,0.00511468988141916,0.0258898457981162,0.0112669672285538,0.00964484635086299,0.653651498799337,0.0620160817377585,0.0174079888710868,0.00192636635257043,0.0107191181412814,0.000609930325500722,0.0103215140294669,0.00135303209142984,0.0376898913743353,0.000782829639942355,8.33857672716447e-05,0.00498214864315651,0.00318734579337746,0.00279789548810709,0.0182020052000114,0.0238586138821206,0.0140988167404417,0.00955100164253432,0.0202187713200128,0.00406635292633293,0.000991505421730366,0.0191189344004451,0.00403373568204119,0.0156623951655375,0.000322049699532028
0.00853226730885595,0.0113460286787627,0.0163552819639954,0.0176818099108229,0.00338490506804707,0.0347617368155477,0.0769628605991342,0.0150270432520607,0.60298971993823,0.00692441493305415,0.0183611284136842,0.013988006983121,0.0023484686308078,0.00043581000398455,0.000235669888268933,0.0766885027061958,0.00320014001447932,0.00408829167473367,0.0044276324823961,0.00634842251002414,0.000970089377354208,0.00105996820533617,0.0207832962480614,0.0269904546179182,0.00960010582946602,0.00348753821709315,0.000944419870590957,0.00191128470453753,0.00041592930636327,0.000394809406745748,0.00748482779200761,0.00186913464831924
0.00230300420800664,0.000733962826093069,0.000205159978986602,0.045607022013699,0.0119322119737184,0.00393163241827683,0.057293801539926,0.00602007555816779,0.0161417333913201,0.572802496069939,0.00538598331757246,0.0629939724463864,0.00908685140136188,0.000215109478074024,0.054940496793125,0.0235010606880238,0.00204634719892455,0.00187297551189731,0.00508193974479234,0.00825039902901527,0.00528254437296739,0.0133981669474221,0.00478876998454217,0.00424137724460787,0.00616856411876249,0.0220877701796123,0.000244192418336945,0.00416165319128155,0.0459279619441087,0.00325649377798843,1.36948760626331e-05,8.25753570013253e-05
0.00196695716006469,0.0113518401666896,0.00593109343741778,0.0477361845971105,0.0234614809127836,0.0138585811400175,0.0379771843321003,0.0558625804617305,0.0491597320748573,0.0378214179491964,0.378627483058162,0.0538417003217015,0.00769806651291446,0.00283599271766308,0.0336421823535743,0.0159932272985833,0.00376315193115074,0.00632322518766288,0.00385512900436318,0.00580359389765187,0.0109008112165099,0.0229682889148501,0.00263371739883654,0.00717055754914415,0.0297559642953362,0.0204976479525096,0.00262080404870586,0.0240043515913876,0.0792777058446989,0.000848140660476,0.00168112404229716,0.000130081969852296
0.00344281492185825,0.00431262867303035,0.0198534675796733,0.0137647205759903,0.00223484765939163,0.0097233848164583,0.00866835750525698,0.00786664592954944,0.00553184646523905,0.0200655419656622,0.0198546147411728,0.74047640049326,0.00694758504381234,0.00199772612095353,0.000469963654402345,0.00123973306925651,3.86207854999573e-05,0.000963862329765533,0.00133794940292585,0.0161812158185013,0.0124899119117619,0.0135445770177311,0.022323302173617,0.00326703703438316,0.0116179855625594,0.000382597783249885,0.00412192112572503,0.00352426814084978,0.0303068552160787,0.00184187666594548,0.00835842729933642,0.00324931251710232
0.00150381285733362,0.00377420829537168,0.00147133536785463,0.0417263889133048,0.050432547343409,0.0296868931673555,0.0346680835762967,0.0198192059446162,0.00463444986172963,0.0348060949400885,0.00683144346854621,0.0131624859182348,0.480948243144672,0.000896757458336246,0.109353571525291,0.0158772738850474,0.00367093500401558,0.00339582338188972,0.00356094245256664,0.0215211373665234,0.0131039412160424,0.00325650475835069,0.0121482853676543,0.00419942205580722,0.0125400542576816,0.00195088945604132,0.00274475486725065,0.0286284225307548,0.0347165500060975,0.000247615016781223,0.00405266607834047,0.000669260516714858
8.61292430691819e-05,0.00213666393874616,0.00501303246130366,0.0152695506997635,0.00755194139168017,0.00455380584922226,0.00408043988683187,0.0105678373932334,0.00758519164454226,0.00830206344173473,0.00532772548624778,0.00719747828095907,0.0193477561221859,0.727062769972054,0.0921666670264913,0.00356454717117944,0.00532784880613895,0.00509893763423515,0.00233925504417094,0.0104412674931344,0.000416234839639993,0.00912782213817547,0.0145986492452047,0.000913142200266001,0.00398734827024165,0.00832807927837432,2.39443615986281e-05,8.28771014763121e-05,0.0137083646492421,0.000907978797695612,0.0048350218780585,4.96282531030646e-05
0.000557426898517736,0.00230503238870799,0.0202127334219454,0.0117234638854685,0.0138721604818801,0.0196642554408735,0.00983490081246011,0.006742204480066,0.0179017803779931,0.00212747269878122,0.0190137938970728,0.0212585386071234,0.0196214044348413,0.00696710028687927,0.763515365274,0.0070028583216262,0.00294221235707155,0.0052720605899032,0.00199246835769146,0.00987789669609556,0.00560313075561089,0.00488962179324575,0.00226519243796552,0.00419561285825024,0.00482344021587993,0.00339022543008308,1.68662652000744e-05,0.00334746483928092,0.00469806318844973,0.00275055084825412,0.000102846716274987,0.00151185494250596
0.0156910832612272,0.0300133456508106,0.025229973326681,0.0322948917300709,0.0490098502191396,0.0124146225150579,0.142381559016499,0.0660917293032734,0.191165053188477,0.00702159415817119,0.0247186485624451,0.0135661541984005,0.0018984110057675,0.000633241552996809,0.000193849361732363,0.273732980472025,0.00130346835018828,0.00290994957775914,0.00385606490385717,0.00385284299459824,0.00272324495555072,0.000144519983505886,0.00747796487209965,0.0348191437212807,0.0282819027878933,0.0077971023921539,0.000828897096963795,0.00212697534211871,0.00381290673283436,0.00327575519814659,0.0106369238615145,9.5349706759238e-05
0.0160516162871319,0.00126395263580857,0.00669511187646791,0.0014219591141128,0.00191628046655751,0.000227551079164263,0.00252123472799294,0.00401222862922885,0.035659298095318,0.00309297146539728,3.2444412270008e-07,0.0117931092737481,0.00132798345893277,0.00285154564235181,0.00782836618865227,0.0211385211242376,0.812411420416261,0.00747346173784241,0.000304725631999902,0.00246430910596105,0.000351218366057,0.0197932689387952,0.01409723197663,0.00178552411943469,0.00498920401268263,0.0025882641954648,0.00203332869486491,0.00147828373164378,0.00234474295836114,1.6614528842939e-05,0.00333636665483613,0.00672998042109715
0.0216027004132937,0.00838872502630326,0.00243699738377588,0.00612809238407704,0.00803700300791394,0.0115948254554683,0.0174034827107212,0.00473664132900265,0.0165204058766134,0.00349256273839604,0.00104123449151588,0.0175931848493778,0.00116475328594465,0.000413057617091288,0.00154746035855152,0.0216053425287977,0.00519110646536448,0.657486509658635,0.000352179496449088,0.0202548392388952,0.031080557026902,0.0114943043625761,0.00250018634513097,0.0654755091063046,0.016743980428013,0.011861356759888,0.00460074065091191,0.00291456729296886,0.00518481708419801,0.00378088524322606,0.00123201748756592,0.0161399738961264
0.00195124228704001,0.00619672478576936,0.00163767149248128,0.0268181782745335,0.00773613218576064,0.0300677386247362,0.0295276487589734,0.019935234713842,0.0375831916784092,0.0015001441011432,0.00599071023614027,0.00849422059453089,0.000296393411643214,0.00123108564989849,0.00316802398098904,0.022134331613127,0.00333535621700776,0.00133641101635533,0.591921117779374,0.0534595683086436,0.00775276324629368,0.0177517141743597,0.0111762691485619,0.0490452358171278,0.0133669214949883,0.00653342581195521,0.00261935091476946,0.00539582011213173,0.00495772856399149,0.00190875790597275,0.0206365899743876,0.00453429712506216
0.00175434706557932,0.00166005027238199,0.00953172541644022,0.0156245697391957,0.00109399338658332,0.0194818267107054,0.00577158614324498,0.000689381192931695,0.0259050427680048,0.0105926226779601,0.00725734258871368,0.00506401934294773,0.0206396798189252,0.000879355305990126,0.00771103295678791,0.00818792591636993,0.00682290258455934,0.00380786423612136,0.0173205463357193,0.651686134554053,0.00947924848903246,0.0138445846430262,0.0497951932415072,0.0461117303268911,0.0177413227805884,0.0116022346302686,0.00322664160874852,0.00377613821325852,0.00738650099671333,0.00235005724826617,0.0100778360974715,0.00312656271101275
0.000879749032266978,0.00108491966482207,0.01069645862196,0.0314867370354023,0.0156802378371004,0.0188968421238238,0.00148755051755393,0.00312903614654254,0.0427195127335181,0.0160019540318151,0.00975817338707454,0.00752373362330016,0.0149615085485353,0.00157190055914714,0.00572856186575434,0.00938555364578388,0.0106329789090305,0.000275100242058568,0.00423447994260125,0.0451772849143362,0.438185902219411,0.0019490789275867,0.0352627161556152,0.16634714052389,0.0278881226483272,0.00722247251923316,0.00302961057702512,0.00627214823446554,0.00618155112949662,2.90027279267872e-05,0.0279766579385727,0.0283433230160229
0.00729553527536441,0.00373025501437891,0.0114344792456084,0.0016791100053878,0.00160362755179152,0.00196227627043464,0.0259693977447677,0.00655691373354535,0.0275056114112065,0.000245755346293371,0.00553269294575722,0.0165317829455757,0.000179441298039753,0.000910993242151116,0.000164649411359245,0.0285561129983193,0.0215158530550555,0.0192100188916361,0.0162694382867088,0.00364593925682979,0.000644159804626047,0.745729799832232,0.0170196720488005,0.0112715064174221,0.00538831108878529,0.000106920999143315,0.00546700924356492,0.00273385410542381,0.000312857773089981,0.00384233847225051,0.00558469927903748,0.00139898700541287
0.013418828825928,0.00701387567073769,0.00324276989807273,0.00021986227660101,0.00154083698624471,0.0024323564316277,0.0298328507507991,0.00164971430523899,0.0180817959452199,0.000395197046070699,0.000228092321129354,0.00332461038355646,0.000399706847113284,0.0008614332935469,0.000934905680454891,0.027048627578677,0.0123281902565155,0.00124508709807235,0.00857866591128489,0.0249134588469337,0.00307668597343589,0.00817506400707172,0.745082897066162,0.041833255746436,0.00217731609245863,0.01490213695229,0.00462117452743848,0.000759711787989736,0.00782846232420879,0.00018302944716182,0.0130212286311093,0.000648171090412665
0.000987784075452639,0.0035523622929172,0.00671700115321966,0.0181591225933519,0.00133502780171209,0.0230782543664426,0.00654804914176239,0.00433967703150446,0.0232438999894966,0.0102271976169974,0.00811075911797779,0.00490180234591616,0.0165772234053386,0.000844862074723099,0.00387433648603707,0.00881118061174543,0.00541592196442841,0.000386912695847466,0.00884318927852829,0.0218991838491396,0.0194503938191411,0.000340546193594577,0.00821868750530518,0.70594474104814,0.010596698051109,0.0296301281404809,0.00985177919061643,0.0103081063059166,0.00482487793296518,8.74249096709642e-05,0.0182156618898929,0.00467720712062867
0.00661773606366753,0.0470649901733016,0.00267352479938973,0.00946499517639846,0.0092009897107235,0.00500876535150998,0.0271596674285396,0.0166400788863492,0.0463481417917814,0.00131197226072344,0.000887186648543001,0.00555929540831591,0.00156128412406592,0.000657846006700741,0.00299282787828551,0.0128902751605395,0.0120233812581761,0.0084270754118519,0.00103924188274389,0.0243166539237742,0.0186828239955621,0.0263798417725558,0.0418168801350448,0.0486174030100219,0.591536247162186,0.0107781884386045,0.00121919581476372,0.00227644010704058,0.0027704813606684,0.000138809981805239,0.00108457004597199,0.0128531888303942
0.00251640217996313,0.000699729705367342,0.00036182236928333,0.0112721611225754,0.00110126674923988,0.0265777858147277,0.0267431101507118,0.0237801357128701,0.00157970747683566,0.000939149255273757,0.00735853684139545,0.011684876876753,0.00467492659646919,0.00100698415032,0.00221618373636528,0.000415002459190611,0.000915451568890559,0.00757237104155547,0.00139661097187807,0.0104816966925056,0.00739175736387612,0.0235036664284389,0.0119110415191688,0.019381952900889,0.0332130855895341,0.72842147568288,0.00592253974426259,0.00542949218844413,0.00252412072101434,0.00176507517222333,0.0154432435511086,0.00179863766598899
0.00149260755375899,0.00620771098823527,0.00206575612273501,0.0439271444429062,0.0019018983525813,0.0172199299519809,0.00704916287304143,0.0461975833434883,0.0179518610311699,0.00448703317213924,0.0186726946694734,0.0301761093311829,0.00252379210250199,4.37563437628727e-05,0.000723130908312105,0.00984661296894722,0.00082942390173062,0.000246166976961188,0.00945573701828441,0.0891826437795237,0.0298366433177356,0.00482037366625701,0.0303671161001549,0.0210397337721268,0.00486975492447712,0.0418161723033387,0.50541193002034,0.0132269571675888,0.0124388840512562,0.00341745355083023,0.0225332744888481,2.09508043290112e-05
0.00985954770535122,0.00370436586352249,0.0123714894491597,0.0050369779181475,0.000628888251402454,0.00740160378561312,0.00545514875820352,0.00400205978263981,0.0134037063449146,0.0177287852510037,0.00373461176172433,0.203384797665175,0.0179566465714616,0.00472633412918503,0.0298531697365333,0.00197995133297872,0.000194437323697287,0.00388870433328949,0.00362358964230809,0.0210430393949205,0.00610932942147706,0.0083485944590038,0.0208631139665827,0.0074367995897869,0.0169143635232613,0.00201043443549387,0.0085967282785548,0.456010572216035,0.0867812803363812,0.00122543730186734,0.0123450758159176,0.00338041565440751
0.00128448620967432,0.000527500580622859,0.00463060513420591,0.00671178433885103,0.0156579108827711,0.0144780674377867,0.00346556000232078,0.00910970570507879,0.0125996246046145,0.000947988030302785,0.0285568081936878,0.0371771189767535,0.00454431313855557,0.000624867585789431,0.00604478579250546,0.0163251295158544,0.000953035365140038,0.0125877900512022,0.0127929374005168,0.000299802761757757,0.0248755129042837,0.00249495236804895,0.0236114853481694,0.149945090536872,0.00709953260131395,0.0140115232119646,0.0148453957215384,0.00773428377747179,0.545487497875196,0.00113452587128477,0.017240833937456,0.00219954413840843
0.00373274506856544,0.00400073493945442,0.0016643282960869,0.000307022091834847,0.00897234225103718,4.44504951954587e-05,0.00307415350357451,0.000752105948377352,0.0356016827595438,0.00212510193155971,0.000724182542978506,0.00225060320890006,0.000399306094654027,1.75748169391133e-05,0.0042107585359222,0.0324994374090093,0.00140200325117406,0.015693778776508,0.0113213502107288,0.0177683281465606,0.000260750229965164,0.000983857442283742,0.0179790186900431,0.0467441153543512,0.00584712040963149,0.00750842976544901,0.00188366258824339,0.00133475442262723,0.000174363237628816,0.757173018378992,0.0124160192302719,0.00113289997190813
0.00036184264352685,0.000659298061394536,0.0062156996723036,0.0134828850085699,0.014210073768298,0.00208380610467948,0.00266186035735264,0.00591199939874178,0.0142703770095937,0.000167442407258513,0.0117371851086681,0.0362078179672326,0.00591432130780314,0.000791788341130924,0.0140530333848379,0.0261931999340197,0.00453958729398657,0.00529903594054196,0.00553525571276891,0.028253692499803,0.0410838205752912,0.00170048982334394,0.0163627354851441,0.0725374980853928,0.00503130638125681,0.0574997499683614,0.00606113948401034,0.0229733545557912,0.0027472895293071,0.00105231024808638,0.573149599810468,0.00125050413103584
0.0247611746863002,0.0373841714149433,0.00142487208776105,0.00027736783484533,0.0107593916820299,0.0154781388777601,0.0368284224719783,0.00265600667466969,0.00349568706822393,0.000489912859674884,3.3908817821172e-05,0.00374399625111732,0.00274186044660638,0.000350146505481791,0.00253758177643801,0.0205232614574218,0.00146867704183558,0.00498015312863745,0.0044871710325627,0.0614067624237391,0.000977115058745722,0.0231405722693172,0.0605515454056529,0.078462847917986,0.0589273025452133,0.0132938142111189,0.00600853799962382,0.0126957090705434,0.000234514558218545,0.000194025161016505,0.00211893890349715,0.507566412359219
