0.693810859005343,0.000410607839860154,8.83764355159457e-06,0.0138551551763413,0.0189812086919934,0.0278735575681157,0.0184587987113751,0.02282239597705,0.0599413633615006,0.00294277687964875,0.00836383391856494,0.00936140683469621,0.000405973013370323,4.24896998848823e-05,8.75778849346266e-05,0.0456996545601713,0.0156612207845316,0.0110484219992621,0.00106531095624257,0.000839391789388754,0.00682654790131981,0.00740041864407688,0.00175894898502921,0.00352425550193983,0.00702523990001722,0.000367178022454416,0.00327468465585604,0.00769573821378307,0.00375092949185082,0.000489112005012525,0.00135702558004884,0.00484907880278453
0.0200776515931185,0.633783132121268,0.00262237293012039,0.00524883470534593,0.00653695559811617,0.0266154816348236,0.101776547231717,0.00844393523846466,0.0686913747351785,0.00138482388410744,0.00555083256849975,0.0030299663362798,0.000127237446442902,0.000848082187508466,0.00160570373256244,0.0275213123074386,0.00712763383557004,0.0060407001603656,0.00186479087072644,0.00496006093443097,0.000800632518284723,0.00200021710840021,0.00499901196089032,0.00449912431172772,0.0375925841118119,1.10953836372351e-05,0.00168804924406815,0.00454070486134657,0.00489554990811524,0.00242701582471572,0.000976300662429417,0.00171228405248811
0.0031913507581078,0.0132848899187945,0.820016520737643,0.00303624096175685,0.00765541714884225,0.00326087773011434,0.00376291970362997,0.00924746096708489,0.00590407536304999,0.000933820112631708,0.00133803113808598,0.0121601612046583,0.0048879631279359,0.00390178366453587,0.00429636424737684,0.0116087015092459,0.000410706965234029,0.00333726270974584,0.00565497966803126,0.000823435623941654,0.00848022375444896,0.00299782731486591,0.0150304040778279,0.00552920423219164,0.0143314610071118,0.00136714849880696,0.000522280029936721,0.0151639280902598,0.0122819498832189,6.09164193920398e-05,0.00417770106716691,0.0013439923643253
0.0119962570693308,0.00166988063765518,0.00292732652615795,0.65060921009431,0.0481618921156606,0.0311845314340096,0.0580154448016194,0.00920565102372357,0.00759046051566166,0.00497586711104954,0.0014996738044917,0.0304314193927993,0.00671835576688792,0.00298370447067579,0.00105244769087375,0.0159424665130974,0.0109890190895608,0.00274581514870995,0.000259077835299686,0.00104951607660919,0.0155983264508825,0.00153868891379978,0.00707345611209979,0.0113246998903025,0.00716059991920596,0.00196045379090785,0.0104586414672175,0.00367524455726279,0.0327438845166773,0.000588995770508149,0.00761034755265666,0.000258643940295722
0.00407957799162125,0.00550955056368851,0.0119065357360086,0.0256357704396906,0.740127979427431,0.00527056507929383,0.00456064693667526,0.004200101156922,0.0287747373330363,0.0029361837952403,0.00331305657425008,0.00644959961718253,0.000276744566959584,0.00191974355818798,0.00442350639014134,0.038322621611426,0.00254154330323385,0.00137784826727507,0.00224047258347671,0.0135309400611491,0.00478049926581211,0.000393554817493762,0.00474606923390709,0.00420350081328877,0.0229813508409425,0.00709532345745208,0.00192017487145066,0.00319128715895237,0.0211127019035276,0.000296700173239266,0.0162478719027512,0.00563324056829285
0.0198520047175787,0.00496720019788707,0.00797648390778481,0.112151028517299,0.0766474097783746,0.384540692182585,0.0664829142371297,0.054602592780369,0.0400465905295588,0.013470878751468,0.00685143871930175,0.0231881737996529,0.00113766068204935,0.000488368049459548,0.00525787386337136,0.0696818071753349,0.0136549011467499,0.00528227474848567,0.00130025767682289,0.0128308461432707,0.00195497086560699,0.000651161615034586,0.00495791825862308,0.0125874504713191,0.0202601461516055,0.011314121240511,0.00512734213301875,0.000194628928441692,0.00176835517791777,0.000817749283466939,0.0129096860051118,0.00704507226480876
0.0202520243589402,0.00672650489232533,0.00362975993155936,0.0979709068852311,0.0126604535416964,0.00725656397050146,0.612904717668509,0.032801207970759,0.02082672994867,0.0182071018390414,0.0046579970976609,0.0291657285955674,0.00404466904587949,2.132925160693e-05,0.00810025246170347,0.028945826220521,0.0048125473535775,0.00195484284746175,0.000903076935278246,0.00408205380068759,0.0020219852559247,1.53274412848476e-05,0.0146650050141789,0.0107230431188569,0.0242043658239763,0.00858086669174789,0.00236830912861164,0.0007761393863031,0.00275422073580683,0.00159974193891454,0.00930203105930947,0.00306466978790728
0.0144052861441784,0.00345004523181431,0.0124237343849129,0.0193807517368217,0.0339117800151157,0.0213812370163972,0.00225438373824532,0.703081181487952,0.0338529547797346,0.00616970711454944,0.00886454100624357,0.0303480155189393,0.00031889096511047,0.00359042978479972,0.00240557753884096,0.00204470645836516,0.00109359306304014,0.00178718896827887,0.000237511290015486,0.000551457349471038,0.015240304146599,0.000854185950223355,0.00866903325718793,0.0054087244225069,0.0358783016643443,5.71654476225733e-05,0.00681462266703067,0.000823204706469669,0.0217032451826987,0.00057487244938544,0.00103899382239397,0.00138437269071163
0.0124594469808572,0.00445142142030036,0.00173831303551472,0.0529410497764959,0.040273990010888,0.0384687449893844,0.162611382828981,0.0147499045919199,0.47506292099564,0.0159112470050754,0.00218924073252633,0.033668876653515,0.00980615396474065,0.000539113225992549,0.00442662626860319,0.0760461227197805,0.00178971220280485,0.00661312214321945,0.0015339891332811,0.000758906457914182,0.00118073165132164,0.000465921037764951,0.015095932321658,0.00539861220444047,0.00751114071236343,0.00163899145601681,0.000536520726551584,5.70861568314062e-05,0.0057901893513809,0.00182730972986803,0.00040790467627182,0.0040493748380956
0.00236697578281232,0.00278520834415018,0.000887018279504767,0.0493199429857271,0.0187123774223971,0.00951951029656141,0.0682691431356992,0.00647963144458702,0.0071078023769467,0.651818197178688,0.00750077533749598,0.0657682238622399,0.00460905924701194,0.00159317638383968,0.0054955259076902,0.0164195953880351,0.00325243510264387,0.000673699278022361,0.000306097106479055,0.00147746956497822,0.000261197411494093,0.000747045437473387,0.0270263432725788,0.0026761560399018,0.000718357886111268,6.96259170910225e-05,0.00123929518010318,0.00172872299804644,0.0350135396717748,0.000837674415272288,0.00311184837212917,0.00220832897251384
0.000625406371059526,0.000567277497725215,0.000271257401191168,0.0469698651259666,0.0826260063554706,0.00183996175615937,0.0528626991322976,0.0421711469496503,0.0218164434244183,0.0130867526152711,0.5167365969022,0.00310771870405297,0.00306453264767992,0.000593943396140536,0.000292129354031886,0.0428650677168379,0.00204571570494116,0.00201628511510492,0.00165442903046176,0.00390044623324246,0.00408308501735931,0.0127928479108163,0.0830190485534276,0.00159430968441886,0.00221772954309936,0.0047894774801537,0.000152388877825985,0.018472905019871,0.0238399275371444,0.00298341425299008,0.00304994766853448,0.00389123702045584
0.00768261857488442,0.001503738873876,0.00129216797723924,0.0199893424275905,0.00633868013373924,0.00289320421533342,0.00640118784219473,0.00812374020292096,0.010243006931725,0.0255734608610364,0.010365445544405,0.677406603381317,0.0109629793475248,0.000822439781509235,0.0071436690613453,0.00727512982531278,0.000963663730302652,0.00853596931168094,0.00406948252845333,0.00172831041403117,0.000791247625817228,0.0091122086180798,0.0222137194119526,0.0136704340858192,0.00677878929071185,0.00927848936524536,0.0117954515065524,0.0019366223980892,0.0776540881090795,0.00653083567636991,0.0185934902710823,0.00232978267477889
0.00262066472599629,6.65784708400971e-05,0.000700386497751519,0.016494975765057,0.0775968630306565,0.0235760769295517,0.0175512757764499,0.0169748297949634,0.0085196751888431,0.0169815871029156,0.00224129881594146,0.0118679950581982,0.526090710806063,0.00339864352106123,0.0308995734740388,0.0364379976271146,6.08873140226019e-06,0.00674658744149027,0.00305329443764236,0.00466271916784607,0.00084070450711938,0.0124977439140797,0.0533461128596823,0.0012162160671698,0.00785245453063127,0.0130646652432657,0.0106701312727448,0.0754336160129918,0.00765133217450169,0.00660648960537377,0.00167660140354489,0.00265611004507213
0.00819718985394901,0.0011301565302115,0.0015323510703174,0.0464930444037712,0.0149134434921973,0.0123877971672919,0.0076780010565824,0.00933860300474138,0.00730400293270232,0.00753546745380785,0.025491281275817,0.0152874038490387,0.004726074363848,0.75334760144948,0.032951565658518,0.00258816195011416,0.00181993166194091,0.000855166585210828,0.0013799122721673,0.00627804577390955,0.0012699294189876,0.0025191107072568,0.000149877422449565,0.00269601173278208,0.000427532030584507,0.00273737393835074,0.00512062614746104,0.00427156712116412,0.007961554475903,0.00392657221628521,0.00767287869558622,1.17642875722173e-05
0.000161560436469587,0.000140482364398564,0.000991085313191409,0.000612649008371605,0.0224139717233034,0.00261980387019274,0.0845641169639119,0.00302763394693686,0.0106335738895338,0.00111655259439937,0.0143775785429561,0.0523355652090518,0.0125090003853573,0.00400268586404427,0.637243295352301,0.0560569253491341,0.000781515279009922,0.00149489748413784,0.00121176875005778,0.000504793578862313,0.0021138109521338,0.00864493472480337,0.00466429928488183,0.00966252905213662,0.00447502406509357,0.00112165376309625,0.00103308029097839,0.0268320257150105,0.0237438216938775,0.00693638347475561,0.00256267610663564,0.00141030497097526
0.0306044122288198,0.00994913423652714,0.00628590768708966,0.0783068725121731,0.0625867757787726,0.0444808492466143,0.290435549014406,0.0109918679224771,0.116805537220626,0.0289685263013017,0.0027306001525142,0.0378071493991062,0.0069835386515106,0.000407626007172408,0.00287916396194421,0.1807132248782,0.0015684801732043,0.0012900622802642,0.00109690238327591,0.00251761479050758,0.00322965390384209,0.00141051020779607,0.0285607053312225,0.00943749326924649,0.0196690340073398,0.00307133827876907,0.00140618792041112,0.00414635083682221,0.00548565512148769,0.00313065084928389,0.000198415874651353,0.00284420957262042
0.00142823894649723,0.00599779828754771,1.40324058040643e-05,0.025333237903776,0.00155824713148263,0.0119927186412781,0.0157585965445351,0.0139955447594879,0.0551928528129014,0.00277796249047543,0.000521892165755299,0.00883900423061028,0.0108252262950458,0.00108881966915922,0.00678616088933457,0.0226507641066893,0.736036526090717,0.0237646101780484,0.0037341230523733,0.00515756012777399,0.00131339774254716,0.00354623484633363,8.92339753422532e-05,0.0153444725664045,0.00044661729288746,0.00411476802264119,0.00274694075069013,0.0111844521466118,0.00259744983380472,0.000990987545923139,0.00196633311882193,0.00220519542869951
0.00247489396258608,0.000907621896244926,0.000256173442277386,0.00799831629393013,0.02436824507032,0.00622706121650878,0.0123605777176023,0.00911587811002562,0.0510332507235607,0.00694220572116064,0.00308022989155246,0.029858500943813,0.0048835859895009,0.000360718803761128,9.16442888100926e-05,0.0139545853060801,0.0168039935463482,0.715022679559504,0.00376771665507534,0.00507356508086426,0.00762321711423388,0.0122703853841018,0.0195815466175371,0.000245539056783385,0.00405510668533105,0.000775804795680502,0.00343521826874371,0.0184492402645647,0.010849307011983,0.000671467482735702,0.000330152492513862,0.00713157060626533
0.0174450386968434,0.00102500809011945,0.00210470407450453,0.00852446465475212,0.000784349483132778,0.0101132256126989,0.032924110282092,0.013629088652864,0.00162529829234091,0.00111198499319863,0.0271581130893229,0.0500647496606925,0.00122094753231832,0.00161003741946171,0.00423461273978358,0.000681340610274016,0.00260533783539058,0.00764983155641616,0.700169440132667,0.00408326048829679,0.00404426518756698,0.0112629836043109,0.0218094548522932,0.00586586737865282,0.017818017577742,0.00182577610090682,0.0213362521793059,0.00534638085820727,0.0137158649816637,0.00595929407383758,0.00171444003506393,0.000536459273277992
0.00682392651603988,0.00111710804282913,0.0011203308551423,0.00418330952673155,0.0235497949664675,0.0107291923815378,0.0580574317173228,0.00651978325918987,0.000567754352641445,0.00188915541142841,0.00530925597065202,0.0337365530116176,0.000507111529654529,0.000702552808993053,0.00337903058916427,0.0109438550260284,0.00221182331735017,0.0135123312870802,0.024761143225247,0.606455551261363,0.0142030747553237,0.00535708907607967,0.000982013989875057,0.0137541769348161,0.0213940336615942,0.0394171674781862,0.0318068151502796,0.0119069596694777,0.0406792988380116,0.00236954420030462,0.00148647126922975,0.000566359920340952
0.00257554611823695,0.000893253882924876,0.00123081562130214,0.010161678452106,0.00495851116065763,0.00819902002544893,0.0288885791956798,0.00176520183651793,0.00236247969877703,0.00340964717609873,0.00330154553656372,0.0165898795941776,0.000242042378935667,0.00236753759807034,0.00357783611243115,0.0168710929561542,0.00529465309546739,0.0159417252461369,0.0191112068271688,0.0201785878289392,0.657125624496888,0.00251920569965654,0.0170618432683699,0.0133822667041229,0.0187470094215301,0.0433665236308655,0.0231076791130846,0.00884277565834221,0.021255979906545,0.000663351869918465,0.00307747488077439,0.0229294250081078
0.00547507547486172,0.00598690183157705,0.00221399344443604,0.00157351686161929,0.0188383930406303,0.000706189417807355,0.0301797342742476,0.000561363269437949,0.0562931592694473,0.00357525569457185,0.00954531352018023,0.01732664251479,0.0058169856779364,0.00096281635866067,0.00903584457553403,0.0576206532442088,0.00291758725918961,0.0117943842019707,0.00464921880228558,0.000972580826260109,0.00442897452932213,0.687781221607105,0.0254311899833221,0.00116677362416538,0.00467304055418261,0.000697191954770303,0.00270073195532074,0.0108476132148882,0.000105382072896886,0.00222780814544957,0.0107340650579755,0.00316039774094904
0.0119617708893391,0.0067633713409263,0.00072878215423565,0.0152604335602881,0.0132376197763179,0.00635863931065828,0.0253176136380555,0.00125540254702813,0.0448646579710097,0.00845579441118811,0.00439057881842826,0.0139421811543183,0.00227457896840387,0.000282295048457505,0.00755741309995433,0.053599746215785,0.00387551711835948,0.0106763245027603,0.00250568743836631,0.00082486397947009,0.00192207608789251,0.0366850562653745,0.673035757463501,0.00151147537980697,0.0101556452047582,0.00290688596058066,0.0189642619604621,0.00515183747129556,0.00626881713430447,0.00161158263330209,0.00711088791115244,0.00054244458421925
0.000611041475256243,0.00142749595649098,0.000493199718455404,0.00540067931861253,0.0125809835752563,0.0062618658560823,0.0600600718122864,0.00139517069682513,0.00496471431098774,0.00417050792095783,0.00201870683925733,0.0399302059077801,0.000448365583344238,0.00317865046225976,0.00360582922533369,0.0366411523717698,0.00193403305456026,0.0162710967884776,0.0283030492986452,0.0380492247559193,0.0203218632968684,0.00231078329424338,0.113746956971878,0.381800514314129,0.034748540071595,0.0795409758927506,0.0370210689183081,0.0128267991688185,0.0379292126904866,0.000475232663430297,0.00103339510433036,0.0104986126846038
0.00252305363531603,0.0129743139579973,0.0004207619423708,0.0202355544441539,0.0290632366857797,0.0165046461523949,0.0473833473319544,0.00594909100028247,0.0909702476042615,0.0102150423878699,0.00270771871942827,0.0121966515189623,0.00186479055319571,0.000196380591247646,0.00209985354186266,0.0608953909213272,0.00748757797775424,0.00087026520524882,0.000182762131387246,0.00730770449814348,0.0172398746543173,0.00899943935820617,0.00964728590199917,0.00330600390136028,0.576438268707931,0.00087758009406006,0.00481710215943721,0.013782021718564,0.00472352365135751,4.153373634192e-05,0.00312158208629359,0.024957393229193
0.000918508192313192,0.000734425626056655,0.000886819615085667,0.00124949971294986,0.00909274710890339,0.00060914910499949,0.0116403808002176,0.00236942871110163,0.00427061294721193,0.00188200261464474,0.000610721796712575,0.00689753830254146,0.00137492769722708,0.000484361886428636,0.00327842510819251,0.00332723714500445,0.000632009679134528,0.0047847973400631,0.0076400060138736,0.00128387390922447,0.000351099460850702,0.00720196740856483,0.0421779337757064,0.00497121738343688,0.014110744698859,0.787946532266711,0.0277800089081373,0.00313880137033429,0.022664291499807,0.00207130541240138,0.0220393772989468,0.00157924720435844
0.0122126571417027,0.00170875680227404,0.00180107438938252,0.0155153249268487,0.0515986685726157,0.00473340805729492,0.0154978172250859,0.00393344411088103,0.0097468631116203,0.0188086064531919,0.0107858427194183,0.0707069307132097,0.00280169489130393,0.00157743080613751,0.00326191172575365,0.00570831703050213,0.000390361348681833,0.00813992933849509,0.00414526856816344,0.0249386389450992,0.00440832405344451,0.010143182424545,0.0828291477101275,0.010621415943333,0.0172697100350254,0.100694867096705,0.468887642448877,0.00775731531773504,0.0118166405556584,0.00340567894234084,0.00979967630822815,0.00435345228631763
0.0102272666144659,0.00172655735833584,0.00334533368202286,0.0142898990251934,0.0100977468896529,0.0041570330135138,0.0412833849559121,0.0102187761219587,0.0320880236818553,0.00988984534642777,0.000995890544470227,0.0871271663796633,0.0165172785476275,0.00169532364634856,0.046670627325972,0.0388349543626085,0.00154932225740532,0.0144068036633664,0.00585090640933037,0.00136319421367827,0.0012025011792984,0.0274054887828046,0.0318822450541036,0.0094193476864916,0.00937156231257769,0.0210773806826659,0.014285938097025,0.438853556097619,0.0577416323919125,0.0204122784868635,0.0146337207147845,0.00137901447404479
0.0012227446299821,5.7016002225004e-05,0.000290052622428058,0.0157134338580782,0.0141008117565795,0.00257818181419439,0.000559045123700573,0.00135603676413033,0.00844415972702186,0.0216686580155189,0.0477437719031969,0.0737131023383215,0.00183196083187289,0.00123527094167528,0.00300256315862618,0.000179108055073825,0.00057376623082348,0.000407868990493664,0.0102446875723571,0.0646496747475309,0.00306378251188493,0.0276387537929938,0.0164625762120674,0.0119548921656243,0.00955445110993284,0.0162263272573272,0.0531375435409119,0.0125352510579385,0.57313476321029,0.000607498182938759,0.00460554566142279,0.00150670021283721
0.00366335434630532,0.00297826361550381,0.00463619256752213,0.000155625875589362,0.00725129006261631,0.00647675784268445,0.0370222907820182,0.00550127252175979,0.000895250864899549,0.00132910659764261,0.00365675022948989,0.00608561010987018,7.42122799348379e-05,0.000206157070890222,0.00071548497182774,0.0196115958334686,0.000262497794397165,0.000378295187384036,0.000817139125217768,0.00390823325075307,0.0177332289498793,0.0126953193329239,0.0305647958896524,0.024310639440456,0.0263173217560339,0.00705054284017721,0.00825484458053065,0.0157878455879023,0.0502223267611075,0.645282616695158,0.0512989895111172,0.00485614772528712
0.00298322571993818,0.000494238994165572,0.00158217700723313,0.004278957990851,0.0146397051439951,0.000215069411143631,0.0139707391197202,0.00076564839868843,0.00225534391870683,0.0130813845355439,0.0293629654115904,0.139315925525171,0.000519674316741412,0.000184511659622331,0.00327194367939599,0.000210575135643771,0.00361109506417406,5.02808535307788e-05,0.00322419142741112,0.0393841944821527,0.00323826765580286,0.0028875747113745,0.00240824070682123,0.00668937160305039,0.00211967941155583,0.0148680671539048,0.0163308619927452,0.0274977532182905,0.0407558342601395,0.00118604138593542,0.605242703427509,0.00337375667745124
0.00885881957057962,0.0137564938164001,0.00344529658829716,0.0104792774426928,0.000869776421230588,0.0185402538063063,0.0402671629525549,0.0105232198861608,0.03237344046829,0.00409263596743652,0.000518407119678939,0.0068897902413997,0.000919301065956571,0.000255527020758127,0.00147710365066084,0.0230597720216475,0.00316813070211272,0.00403374795096463,0.00424823641153485,0.00985756296432638,0.0210736266743678,0.00132799514528151,0.00560117436267614,0.00271700265514099,0.0207129277141036,0.0028555275307779,0.00125756949706141,0.00280477640046802,0.00199205997916911,0.000546488193584626,0.00734450963722675,0.734132386141153
