0.172095473282454,0.000374913314668931,7.53331302848248e-05,0.0157344383729373,0.230715274420804,0.0743951658629678,0.145331598773305,0.064461439092405,0.101654828882882,0.00148139309921245,0.00220531967131867,0.00390951274183054,0.0031279917123955,0.00141161437586624,0.00601755145424289,0.0985079428460667,0.00836456433373347,0.0109721651617704,0.000923269251705579,0.011455760732798,0.012016513842324,1.6051556874482e-06,0.00169084615535002,0.00515041293845511,0.00487025563412276,0.00549071830845366,0.000785716254397562,0.0141705494352245,0.000206057017025768,0.000440297847466044,0.000691666006991633,0.00126981089085242
4.95213840250686e-05,0.194687059212855,0.0101631843594948,0.00352622345772108,0.0016996311104238,0.0541507351617251,0.0286009631663284,0.00251710293239346,0.0260463178846168,0.0226113759846657,0.0459470284867285,0.000989921815914304,0.00267372747869541,0.00205252956147478,0.00666126138582537,0.00160656405345726,0.00565948504998029,0.00544976670900109,0.000681314083894222,0.18697464708736,0.0131269710615822,0.0211812581984807,0.0509480978867121,0.217427067764027,0.0140700935958663,0.0483872479684145,0.0243185947705743,0.00144821904061202,0.00311902733368413,0.000104697773016793,0.000124283976695593,0.00299608026375329
0.000561252019954682,0.00495108275224762,0.219495943836833,0.165425115589919,0.059748565601175,0.0564333746671045,0.00632843511155566,0.360399307787413,0.00316129742183299,0.0102503044880769,0.0202233458862701,0.00305675843609336,0.0149860397704469,0.00594793192449342,0.000711410992630193,0.0105794787261256,0.000364082999936648,0.00341030876143409,0.000506581919075367,0.00631471705718449,0.000728647063212185,0.000873579298970763,0.00989102633905373,0.0113209413430258,0.0002236461575041,0.000885704663573802,0.000708951977273716,0.0172303733714912,0.000702884985938649,0.00038465489374889,0.00090521219942052,0.00328904195698503
0.00015134123259722,0.0010440204556916,8.69340587254274e-05,0.0755408100384674,0.00816982997848747,0.0977895732997565,0.065102972728144,0.328896463873171,0.00846744239997653,0.0158296985955131,0.0314615719441926,0.0246912083886686,0.0883470516109358,0.00233746533236464,0.0101402641635305,0.00394503440396743,0.00139688061286012,0.000541919523694175,0.00187336647494948,0.0180650523916,0.0286589875705204,0.000977059059467079,0.0185644234173494,0.0655794934921463,0.00511860392634929,0.0387622276682906,0.0438562112593832,0.00211327300001071,0.00746798944277411,0.000952737212489806,0.00337272269379562,0.000697369750129852
0.000173013364556463,0.00488159464024422,0.00251507841223023,0.0288191168015569,0.505932030017768,0.05130808679393,0.00574253431951013,0.0600997010024545,0.00215850342687085,0.0250438761764047,0.0547270484240114,0.0240489362903316,0.00157570304057532,0.00285825160677749,0.00203936931783318,0.0162987468503871,0.000266566500166757,0.000766920405902399,0.000662959444836,0.0366380229859358,0.0013404287373195,0.00710482703369705,0.0165319591703658,0.0623815653125601,0.0350407233680341,0.0145812074876654,0.0135280465083766,0.0143484335681487,0.00285902234572401,0.000169360052740568,0.00539972196561831,0.000158644627466819
0.00684132848383931,0.00347664378062655,0.000163570760600792,0.065586807541585,0.0494869938594655,0.210687355722314,0.0367916995903355,0.168459273797121,0.00298823679794053,0.0110159426370927,0.0423207873146151,0.00560997955216779,0.00571024004760141,0.0014762993278065,0.00131313402908101,0.0115277954464979,0.00456724302880689,0.00927989369097139,7.20587244678831e-05,0.0968501051110322,0.00334392157036586,0.0227502592268413,0.0315462915856484,0.0653871556520104,0.0559753924771011,0.0412408049086264,0.0135133896590966,0.0219937556103061,0.000144072444613901,0.000737912624212078,0.00050051088707691,0.00864114411013237
0.00164683490898384,0.00138161712780903,0.0171553843396858,0.0235663105580222,0.0161939873924547,0.00133419914614117,0.104577621077602,0.0840773862480982,0.00299123536016123,0.0270270277560355,0.0549554368641567,0.0332784404915118,0.00179002078564141,0.00337636161912054,0.00179921759414966,0.00322390447923895,0.00278100384502363,0.00732174945985612,0.000611170853334458,0.123125339087097,0.00687386994306267,0.0408926420521488,0.135435021198156,0.177401052811729,0.0384899924792265,0.0331591029243383,0.0134398789972727,0.0340150132934488,0.00141107209507382,0.000102609271149735,0.00575771826795378,0.000807777672316133
0.00107689107923612,0.000407352416520581,0.00214916491198098,0.0567447364832826,0.00888730401644382,0.0233714799534818,0.0496799506169613,0.526268993743971,0.00914875157331775,0.00989024169924524,0.0138563310289915,0.0247575742220193,0.0562894799587352,0.00215644169688092,0.00841943552524086,0.0133326145219565,0.00188993538255718,0.00100641281065817,0.00207557118682973,0.00360436504863431,0.0323854806785844,0.000966278272719597,0.0193634746369829,0.0385560851030954,0.00360088129861164,0.0295585213162814,0.0447625196060984,0.00231552194924717,0.00509946723260089,0.000903210225079206,0.00568417219526822,0.00179135960848589
0.000181122559792049,0.00437363764058409,8.43378604903046e-05,0.0551163296540463,0.0633580282364047,0.163772226899156,0.00725463248733209,0.178763505496548,0.276056395517424,0.007997438658312,0.0154867610718303,0.00212292178461116,0.0136693713667614,0.00260035715508695,0.00255157710893902,0.025589415826731,0.0010126960671549,0.00163168713090691,0.00185589518326299,0.0733750843873417,0.00388091020712251,0.00631167773476727,0.00265920345416434,0.0695250798906506,0.000584539142158825,0.00812033813250828,0.00368477369562974,0.000862862991527133,0.000168529310951425,0.000166024898655293,0.000147555179605078,0.00703508326954391
0.000477434977184068,0.00334942271967934,4.90174930397688e-05,0.131210156162999,0.0902407729756624,0.169753208392646,0.00625145922330798,0.334255081940728,0.00226455896943967,0.12683693063073,0.0101956214285678,0.00262100278405784,0.00497052870432001,0.00133580427842693,0.00709240870124882,0.0129925078472126,5.62102008956716e-05,0.000760995042524315,0.0004917849173213,0.0167727569523433,0.00362901240303987,0.00138967503148043,0.0142705753756789,0.0282562353112703,0.00421909976908862,0.0158105713862765,0.00291441613498777,0.00353208028746615,0.00134284445069817,0.0010993762813452,0.000481060978544351,0.0010773882477896
0.0007596167030041,0.00383313013455499,6.01448534666315e-05,0.0717176101406262,0.104095584824786,0.12635288617791,0.00185554270678785,0.220380323995247,0.0009171824747264,0.00484122227243735,0.258958337667821,0.00431776964828735,0.0134332786474747,0.00240447542828804,0.00796457678966934,0.0114210627629034,3.75217233422908e-05,0.000651301357916384,0.00154961425692672,0.0166876185495592,0.0141776705582338,0.00925379150436615,0.0531088656919761,0.033084710359488,0.000602616735573214,0.0248258105841804,0.00405006629803376,0.00348672249501172,0.00210733863279898,0.00216834893285127,0.00061323005917291,0.000282027032577429
0.00250687903220749,0.00245970562329803,0.00110510100029413,0.0982845908323596,0.0207325399033591,0.130590354989041,0.155334462403527,0.212921067174394,0.00469745871032451,0.0174263672672701,0.0307190274945856,0.100120806591621,0.0184922785939191,0.00365433305523073,0.0149895550979846,0.00312674291599543,0.000926035962577086,0.00247407016192529,0.00104505655992227,0.0025684403741472,0.0313655584966177,0.00568392744789753,0.0267963068094945,0.00113140421816424,0.0392052994483077,0.00232871050827316,0.00899680388599247,0.039756178316869,0.000619604244741471,0.00477326669598376,0.00942443109718605,0.00574363508649001
0.00263875077640449,0.00636922535672067,0.00155059658160368,0.064281167243168,0.0430866040722948,0.201813312389333,0.136246844952548,0.234801419467544,4.5508602336436e-06,0.000416069921252357,0.0140681990095489,0.00290626185411063,0.108832485101572,0.00326735336399806,0.0120896753439159,0.00579786603935349,0.000440263131330758,0.000540395703486135,0.000749533371178249,0.00722001631605094,0.0374758925551673,0.00933255072568537,0.0323208407970005,0.0240415891128051,0.0117662055728773,0.00879228246942571,0.0114622862101213,0.0136067559593848,8.00304745736392e-05,0.00237033174558499,0.00067846252591285,0.000952180995813416
0.000157210258016669,0.000571710113559048,0.000206214275380384,0.173894463896318,0.0154792302409049,0.190231587394621,0.0796764400517775,0.413092985065141,0.00787686774887081,0.0211527762160757,0.00372423670200906,0.00459755736283297,0.00607349666130822,0.0392289905995642,0.000422407996380248,0.000601871135932628,0.000187246142509241,0.00018104056218617,5.23957662373148e-05,0.00450079426047696,0.000232163235589375,0.00131654899994604,0.000486987599911613,0.0110973160216784,0.0150319991203371,0.000169174614993616,0.00145170124583169,0.00264914481470498,0.000836386135814898,0.000496671948024929,0.00126984714543118,0.00305253666763436
0.000617352536774749,0.00247184463179387,0.000298858435807843,0.133902727790284,0.0624688143840903,0.204301814584461,0.0701687201595647,0.329548491943607,0.000161554171841092,0.0173101615150865,0.00279763631982293,0.00193955503215251,0.00391470606434613,0.000443261567624347,0.0869157523331307,0.00387075833012264,0.000200285803974699,0.000940248430948208,0.000287482402224739,0.000529423068677201,0.0127647591549336,0.000684697161692123,0.00233632239599506,0.00170303002321968,0.0215663786644415,0.00161473904828453,0.0103143233976133,0.0216826288007691,0.000140532115177853,0.00159480599135098,0.000416058533397236,0.00209227520679054
0.00114975934806473,0.00120244407222001,0.00287050672922112,0.030364588639325,0.0214573540637639,0.0869131523100055,0.0451570016261334,0.0457561698787397,0.0259736939646395,0.0020632147471972,0.00117381429422309,0.0278754191535743,0.00583867791524903,0.000950376545598309,0.00516876900290611,0.226843854362069,0.00370824756468458,0.00528827588010402,0.00196840654385707,0.0506265715023874,0.0531122655594938,0.0563213914274203,0.165416447668844,0.0726405273716254,0.0112783444104503,0.0232247087716722,0.0134421593249115,0.00687083838786037,0.000148676813099848,0.000500163018529018,0.00375364279601892,0.000940536306111039
0.00288725936688734,0.0181710121602735,0.00452651305226668,0.0188547161066627,0.0527459014289141,0.00650957476644371,0.054834777515682,0.0392476645894864,0.0800403387147272,0.00886905954426314,0.00999972211541474,0.00275086649472058,0.00627248772526374,0.000829292476733078,0.00822793874696385,0.0246704047508376,0.291425747486365,0.00252126041025411,0.000506967657947626,0.00176632115944542,0.0674612291242462,0.0119111527872446,0.0475103686536206,0.0142545576555449,0.140544807304758,0.00591783065098432,0.00237701298880482,0.00197050681039565,1.24840912654189e-06,0.00187798961141637,0.000666974838327952,0.0698484948959778
1.36370614494123e-05,0.018472799183972,0.011350135626689,0.0473997131718301,0.0377469704506727,0.048253833923439,0.0007734158157287,0.128682338828901,0.00498800686985919,0.0201747883877577,0.0183113814394975,0.00546290572034705,0.00434231175589307,0.000228636257551166,0.00186799210150816,0.00938768411559272,0.00675446041330858,0.258497712137001,0.00606645771527643,0.0667197238877717,0.0793496746269473,0.00102190866500642,0.0318350203612202,0.0251818738824927,0.0567695116856763,0.0644938363900226,0.0169151147262028,0.0092124580876538,3.72735247821924e-06,0.000117824953772119,9.05268164922692e-06,0.0195950917228321
0.0016478606630211,0.00101607552161393,0.000212036390038858,0.0164049478736149,0.00736378791866149,0.0167031035972296,0.0345818491431065,0.0309636613076158,0.0324195978333171,0.00631021462004852,0.0339049633547422,0.00784212017768352,0.0209766090243991,0.00545450348657121,0.00878361655802845,0.00995539723380887,0.000397440231011962,0.00796324283468461,0.450485578035187,0.0301595270309641,0.012712025313144,0.0125508882547362,0.0214156908183283,0.0667431227065683,0.0354265154772054,0.0469798841732605,0.0193356951152079,0.0084798273919476,0.00373871248517229,0.00325670998374432,0.00934650551144363,0.0364682899338924
1.59328707730229e-05,0.00232697876338477,0.000612009705693369,0.0203112529104353,0.00351650454846089,0.0383661678974681,0.0105503055945033,0.0685278946599086,0.00272448325822722,0.000503707586629639,0.0040650306899542,0.00335877453211238,0.000441440141415227,0.00383353433797173,0.00013126538354744,0.0045538483713141,0.000723148656991289,0.000883386087857724,0.00173841408612367,0.623387958790496,0.0269930027881421,0.0122837581047982,0.0349772392463504,0.111650300226082,0.00305736352597075,0.00694641324502135,8.65378878278998e-05,0.00193516005787181,0.000697665200935866,0.00771686381380098,0.00105757053778938,0.00202608649214091
0.000819061929684238,0.0100620910555427,0.00722420034885561,0.0294042371524817,0.0417831050070513,0.0491069286492997,0.0320567846233559,0.10540349314775,0.0401830247192067,0.00114206605233257,0.0236879498210917,0.0312337789749694,0.00670307267667444,0.00495506898577704,0.00263773707700219,0.0409925641146704,0.000329171920757159,0.00595591566751241,0.00355799608541913,0.102252726202624,0.246559646634084,0.0167007257767658,0.0941579049683624,0.000196965911667325,0.00636772565038086,0.0408729750363135,0.0165416568529933,0.0239664576637076,0.000218413557695699,0.00729728754708088,0.00333149799332487,0.00429776819556492
0.00220823189067386,0.00611601384814707,0.0138208120754284,0.0313743266629625,0.0134152607057536,0.0241860846713917,0.0459338842457934,0.0952899025227793,0.000101672031684322,0.0107163937850842,0.0243094482064158,0.0209055911279715,0.00284922481260399,0.00364302125166622,0.00730692205566549,0.0134827662051066,0.000139206811939712,0.00590466958000074,0.00104897666154793,0.123882691674168,0.0181824130748449,0.431359261059537,0.0037210915797258,0.0566474971048756,0.00149400462638916,0.0179726172519789,0.00276616068329917,0.0081859505536127,0.00013676865396102,0.00150089465143892,0.00307963914184514,0.00831860079170794
0.00188668032134458,0.0143350088190942,0.0179167263510308,0.0269990277960456,0.0218826939099747,0.0207383192850121,0.000934361504421605,0.0781869705993673,0.0235630303183376,0.00594291306403357,0.0291733369390195,0.0587354939315862,0.00199508025157668,0.00385234634248867,0.00649564037199494,0.00522510955385809,0.00108472225791382,0.00355642206750208,0.000401187018446119,0.0591417331540892,0.000192583543485818,0.0112680073340272,0.497306318976362,0.00900769350610689,0.0015882085790039,0.0260096661846596,0.00979314178210366,0.0334558126116234,0.000323608803988359,0.00240003463121686,0.0062522851670896,0.0203558350231952
0.00019787444810855,0.0049213075056051,0.00162850566081087,0.0355819240861834,0.00715022751642045,0.0702390562424646,0.0247708274749703,0.122273935535298,0.00499056318066491,0.00012875595047036,0.00352060582487061,0.00202720074098835,0.000143090923005759,0.00676441447880857,0.000105241584488089,0.0125750945973946,0.00187559781024535,0.00396423934226488,0.00194321849447638,0.453266493726653,0.0494732319318982,0.0191881175484766,0.0578631859392503,0.0782830684947138,0.00233306404639331,0.000454276234131649,0.00856906669723674,0.0019564753448676,0.000219009872505526,0.0175387479741074,0.00307484485501868,0.0029787359372087
0.000196622663565664,0.00301580831693068,0.0038724658816774,0.0488035026698776,0.0414546721298011,0.0540224224250927,0.057834949593998,0.119696167316492,0.01342759968528,0.0432310714513104,0.032946625983276,0.000168389417307124,0.00160469191591586,0.000557846203321219,0.00162500172834083,0.0336151332389284,0.000988612892817661,0.000896704965646537,0.011932483295828,0.122993414110371,0.00676058648873156,0.00287044215521153,0.0188421305794035,0.0782772472294472,0.173285733223643,0.0648109672280843,0.0177879590348881,0.000169853525185182,0.000267563812082081,0.00244921782117345,0.000702946797424901,0.0408911662189477
0.000203496247645415,0.00607007506185979,0.000768828856980302,0.0137019986656012,0.0862421282568785,0.0480737489640378,0.0255576708947087,0.0705085570964815,0.029736799981635,0.000111436615225407,0.0348799284736298,0.00103336432080445,0.0236322276451168,0.00152873969983404,0.00123700654972254,0.0286033921840032,0.00010555843569197,0.00170382305956225,0.00129810538042013,0.0662517125228952,0.00922080714016162,0.00327819429545366,0.018323948779389,0.0590599783851974,0.0305510322913681,0.388082209926146,0.0265177117234211,0.00734673652590892,0.00110470204276719,0.000529830007938968,0.00139868468611873,0.0133375652833959
0.000110158120014632,0.008787587699139,0.000924441046979071,0.0445740294538699,0.113151506924832,0.114327266914053,0.002863170487657,0.187499831231125,0.0302352103796104,0.00346445726070915,0.0458786775519808,0.00718138189416473,0.0208842677851285,0.000927845528868886,0.00116044282340273,0.0297635095255932,0.000667929273879953,0.000957312845734361,0.000387613982282005,0.0919972022740182,0.010669136211594,0.00937327336929362,0.013823517677486,0.0775778679579191,0.0138012822115249,0.0286659510100823,0.103145757569372,0.0216923376474997,6.05180218834821e-05,0.00253526028728901,0.00196230416162698,0.010948950871386
0.00393445971269094,0.00439791269756453,0.00219670892102504,0.0106925267201108,0.0205079854452785,0.0892757450743856,0.0361718933652711,0.0616915756501625,0.0331139502894823,0.0099283675115792,0.0315226721779538,0.000801216391805728,0.00920335365207637,0.00212773196253308,0.00561426180055533,0.00138092492955572,0.00357682500142369,0.00753130781266958,0.00197360609656881,0.165565971072657,0.00371421930992229,0.0249681802626738,0.0208950455869308,0.0825603980469672,0.00797492591015059,0.00326777885956525,0.00108147660113045,0.314561587720268,0.00206285636330343,0.0100735829781987,0.00167871721868625,0.0259522348568543
3.07257885401405e-05,0.00139816604555116,0.00268757422733285,0.010269274722976,0.0087091875171732,0.00860568882040905,0.000922809293885438,0.00124101943613552,0.0263115132664071,0.0364117887568021,0.0676248322310322,0.00155242320931871,0.0391049349573795,0.0036318085392442,0.0109559092129766,0.00116443638044028,0.000545486560635125,0.00191280477951668,0.00071300863128081,0.185654540767615,0.0587778731901685,0.0879768412171309,0.0846664733792808,0.14805566657146,0.00173333393199527,0.00818327301926085,0.00704993287861783,0.00111409710753616,0.161372682836313,0.0129505020844738,0.00180692446109968,0.0168644661780113
0.000762364164626987,0.00174530976257047,0.00126343314609489,0.0867258192513918,0.0188009885871317,0.137593014722315,0.0532760411873298,0.25560449307487,0.00195333394489803,0.00828293410943659,0.0108372981087176,0.0113966794792234,0.000749263217715752,0.00201561064890588,0.00253629476067501,0.00276060630059473,9.15699714121324e-05,0.00244540129858221,0.000469610009832675,0.0177848482229208,0.00571320606154727,0.0113572618122629,0.0190319328094572,0.0117770358007361,0.0109304970559805,0.0187406562127701,0.0126967479495948,0.00628468063426994,0.00564569440823691,0.27781038065151,0.00230462634319815,0.000612366291190359
0.00090111739610599,0.0067371338502215,0.0014777873996669,0.0160644360760865,0.102461625058323,0.0669404378823779,0.0524108441703307,0.0947057453108422,0.0319736800813407,0.000693718550158463,0.0631148062319769,0.00286587595875764,0.0292093302022318,0.00184627020841825,0.00575471802954939,0.0478929307319505,0.000443540113840535,0.00388143903188933,0.00274093199651178,0.0408442640887361,0.00338470968587847,0.0358754191736548,0.0414154513924195,0.0160751819672695,0.0100702154881529,0.0376195604576539,0.011849319504426,0.00223337167929913,0.000278762128443724,0.0032608995547988,0.258428438687475,0.00654803791121143
0.000111591259721599,0.00208440969252131,0.00187579638943226,0.0633976338588925,0.0255798985847526,0.04308537186013,0.0841805445685583,0.117029969009453,0.00495098953819482,0.0363082438592432,0.0263657347812608,0.00628630432294478,0.00431654109236402,0.00117848152886674,0.00328686567121584,0.0185692015861884,0.00119328616636167,0.00145187071233082,0.00898650480588262,0.118977924479137,0.0268540608744837,0.0198117967178429,0.0287862260122117,0.0662411607038203,0.0203855622260425,0.0499822873422982,0.0134484688814704,0.00056493599062644,3.4266389460794e-06,0.00248728020668686,0.00015092449355915,0.202066706144559
