0.126781627294998,0.000427817188794007,0.00359402532493825,0.0725843141110582,0.0393588799657958,0.00200327867226542,0.0248284613404604,0.0967003124798555,0.116277483827211,0.027096281377152,0.0256413852477611,0.0126408037448839,0.00261292075974268,0.000283625324997035,0.00169966018628762,0.255719129794896,0.0346834386253944,0.0229154147506713,0.00236885808473032,0.0276628718801204,0.0203470454963088,0.00600951997053566,0.0242790523143041,0.0103687460979526,0.0149921819026939,0.00855749173460426,0.000586430101519496,0.00222083313769804,0.00165794285634766,0.00191204111279681,0.00908246664421562,0.00410565864901073
0.00244289873676125,0.352565074253119,0.00612664649785744,0.0336730991431344,0.0727589669331932,0.0285229420961109,0.00398335266695035,0.0360378188782576,0.0199085779067113,0.00446072294231408,0.00511888787175006,0.0188523596105567,0.0104938634432558,0.00022016743573489,0.00642005586010317,0.0549638942165403,0.00163152511001767,0.00845415399589606,0.000548326832071952,0.0625751852057985,0.0478681484817644,0.0262805524039301,0.00766843115452098,0.0514165478976772,0.0285817074903274,0.0211355724815057,0.00343660427414308,0.0251580201207369,0.0216826711575731,0.0060691924191422,0.0285261553654573,0.00241787711708714
0.0141612211585314,0.0021265534264342,0.501748281986885,0.031094950231359,0.0488982043728068,0.00485040704897705,0.0427249381479122,0.0107023309393203,0.00145545766726707,0.0784659084608807,0.0570075035829447,0.00240301051319107,0.00767932088550907,6.19689474640355e-05,0.0104332082102032,0.031467392294756,0.00225749255866082,0.00189284754125799,0.00127319909332729,0.014862194690514,0.00543076640175081,0.00034828240139221,0.0398182583727662,0.030172802293381,0.0158600242638949,0.0188086353940919,0.00211227153236001,0.00563881488070377,0.000855381765724332,0.00178581502129607,0.00598803774856344,0.00761451816587325
0.00465342330986592,0.000618338997078876,0.00265213319770421,0.0833832267181536,0.0113140403693397,0.00100555477732686,0.00396221994526929,0.195664667431889,0.0213602167145337,0.166223567448014,0.0899249576363493,0.00731789479297207,0.00598788193409104,0.00139061935265259,0.0297753082305365,0.00524680502751893,0.0022190077322373,0.000524107960963304,0.00284940079634182,0.0110172120365355,0.0699590542959338,0.0416114583610307,0.0932765204202092,0.0101961707656354,0.00648337074482235,0.051493044710193,0.0180022304169427,0.021212393938466,0.00515132822020068,0.00432019978436799,0.0128786580928764,0.0183249858399481
0.000531961374692151,0.000553868572266104,0.000439735383957974,0.00887949623209323,0.237376422936388,0.00107326413146074,0.00069723502917631,0.0309477981534003,0.0273021662297577,0.0018252966690401,0.00435095274518688,0.000189232544722351,0.00192343533055245,0.0025583418014225,0.00252849513597484,0.0322460007154746,0.00138786092784222,0.000136651482137828,0.00214058094844251,0.233615695474759,0.0105348731001445,0.0446307554449233,0.127752633424315,0.176285473752658,0.000762894803913497,0.0165364501856904,0.00122064397583426,0.00150187832127166,0.00969264482206028,0.00290846166269327,0.0136287043826559,0.00384009430509221
0.00327690213665282,0.000152628557233102,0.00415143705997982,0.202889095022813,0.024056544821807,0.262888120797246,0.0292508868660452,0.146397506211935,0.0183460006229047,0.0839949616283246,0.0302758132997923,0.0149910549266221,0.00393833061639134,0.000481440879309003,0.0275416479577041,0.0247193647894837,0.00282466424925773,0.00066791666049259,0.00177942477395931,0.0281201883057339,0.0164486645242923,0.00115799069147734,0.00209778360003463,0.0135148669623752,0.0150598473320475,0.00108303188615159,0.0078884487459787,0.00753700586227666,0.00248990435638758,0.0062444412837498,0.0113211686688469,0.00441291590269535
0.00280523954369684,0.00120412398501922,0.00088259873671419,0.1321953334175,0.00102467578560476,0.00434844574553391,0.216073318791117,0.0923784568147361,0.00700729913213888,0.0264006968290612,0.001390289026557,0.000282103239529384,0.0114453169744308,0.00177528734877651,0.0107209353266787,0.00257627297866184,0.00790573765027561,0.000229806392266036,0.00067071360608247,0.108977796271924,0.0241389306369719,0.0559838752561508,0.174454630101769,0.0592926319708207,0.00396113712516266,0.0136997891775858,0.000483164285451884,0.000402964618109495,0.0064508603816866,0.0030438238684547,0.0134208607160864,0.0143728842654462
0.00306354147517861,0.000198860470978109,0.00077304040734972,0.090758187474299,0.00516899808649387,0.00495800636218664,0.00277125006542476,0.429575902992882,0.0111342659267756,0.0566015932398833,0.0666155841802702,0.0107261642034842,0.00812093583545337,0.00102865815738881,0.0341460038634661,0.00108039156920038,0.00124553085312226,0.000672764194096497,0.00285965125451438,0.00496148719355173,0.0561920269070917,0.0381641446627037,0.0735280693550902,0.00405017321337658,0.00674928090112252,0.0334061250721382,0.0120113310503862,0.0203024948609133,0.00183464840719006,0.00395152241155992,0.00651048514843124,0.00683888020399641
0.00626361185824386,0.000842656318405569,0.00415492579075906,0.0883309303516631,0.0481362826063275,0.000286925548801424,0.0683644448991089,0.0336750077973688,0.435420959343654,0.0378088364983555,0.00161223068462014,0.0203805961639223,0.0284541738972674,0.000272912761859206,0.00134959051370897,0.0215540716925221,0.0206780201530345,0.00497081654157959,0.000953338853562405,0.0186069321300823,0.0148521623514829,0.000818301755934709,0.026164003957748,0.00628420811617315,0.00633618878022926,0.0136076771102116,0.00291299646620226,0.00909211228820764,0.0230414794645743,0.00492390119390216,0.0341600451823048,0.0156896589281827
0.00144151252119263,0.000645795810383757,0.000175202608841822,0.18372629957154,0.00182992468235522,0.000420047948589537,0.00257257118342278,0.0978182141562588,0.00617178832835117,0.493649861076788,0.0408849928718879,0.00109529703815038,0.00267108741314123,0.00265049093118781,0.0105304913026229,0.000935608161459128,0.000692122748278584,2.91480207802782e-05,0.000836880933632605,0.0125075951876523,0.0217127903352916,0.012723061867243,0.0281586358472965,0.012348483771955,0.00219068531318157,0.0211152905592277,0.00568443293161974,0.0104593677985713,0.00447323084084486,0.00213592455339222,0.00903147175477276,0.00868169193008672
0.00329886222040077,0.0014454407098287,0.00158293380883042,0.211666700170336,0.00540244308574988,0.00269823500758049,0.00958434017700627,0.0756763423843869,0.00318126846037785,0.268920586245786,0.156072272116228,0.00241917565053245,0.00281795413387001,0.00545127870905781,0.00749456279083956,0.00117633279591561,0.0013027007325124,0.000426308076419129,0.0038884058741847,0.0183376808414371,0.0162150547589178,0.0174167090587836,0.0368583584908358,0.0160042353761585,0.00304586755799713,0.0400888953375625,0.00186804242936965,0.0212046962051035,0.013545147803545,0.0082024459142369,0.0340902595217313,0.00861646355447843
0.00107741539201962,0.00170229415755715,0.00194004314784001,0.177966819224891,0.0261522189125401,0.00946771742337564,0.00438219094236644,0.091030497573704,0.0403908009924379,0.163866616566482,0.0100058858414925,0.224521989550926,0.000212599024011371,0.0109586019294455,0.0137846268855311,0.0440215660996689,0.00439257607097575,0.0036449540519944,0.00398897017764891,0.0269609320427297,0.00217992230188709,0.000126872259784561,0.00641515281672715,0.0027325176586879,0.0122960448669175,0.020954200153614,0.000784436267281411,0.0171319405607302,0.000110659090561002,0.00976029274114976,0.0627656829875858,0.00427296228743511
0.00102533000150138,0.000107366195202968,0.00323669141802966,0.226734223429029,0.0586764157976669,0.00262347502761707,0.00733370437100954,0.120902004625222,0.00867548489884635,0.141121930234164,0.0144444393316311,0.0198982084513948,0.190367666665627,0.00297568009260939,0.0226275220534592,0.00790504172091369,0.00370781801505667,0.00251729863696685,0.00077946304674075,0.00637091141141502,0.00160780297750365,0.000475771317232206,0.023734146531763,0.036912687250804,0.0256736455984785,0.00530537991289243,0.0018949436416869,0.0365405732882397,0.00820211103788745,0.00602564615560677,0.0111315289851028,0.00046508787869948
0.00169024578325684,0.00272501027427335,0.00109334675147634,0.0741204200188152,0.028663922182795,0.0156277952146029,0.0175146050913166,0.112689846122928,0.0644984630715628,0.00466493275377227,0.0142202898440404,0.00789242834884349,0.00374534523345917,0.38381805287178,0.0228019521623238,0.00494331302035907,0.00311895235113711,0.00523366393828951,0.000670435470815966,0.0285448743815613,0.0427839380795549,0.0282906042645025,0.0681521265389852,0.00863212435952752,0.00269668188575959,0.00222387100958481,0.00178321990856822,0.00739669963826336,0.0122397504302036,0.00188816847758265,0.0078989249473359,0.0177359955727235
0.000896367360008114,0.000504292813621272,0.00131607792947316,0.130831389550163,0.0043708488821247,0.00120374848739356,0.000413149002710958,0.0989325646031283,0.00110184069045,0.0694741992823059,0.0447001205752692,0.0105667404483466,0.0010000863443755,0.00179451160337526,0.350746491034978,0.00336855965648145,0.00124060230013558,0.00138656654376007,0.00164814364807872,0.0303329342004699,0.0371518347814801,0.0250041522689103,0.0903530108389938,0.063225261182709,0.000914296360858255,0.00644432500802418,0.00576600766332675,0.000128466318474371,0.0107893977522108,0.00193066652517999,0.000365607259713623,0.00209773908346875
0.00756803391151487,0.00303867504119832,0.00115644979545976,0.181962305343828,0.0204227132636433,2.54197452316616e-05,0.0624665704832232,0.0914297833276723,0.0236824752158269,0.0624745587015641,0.00243464533327127,0.0256861043955628,0.0220517257353361,0.000231252021341422,0.00985303853989212,0.165646872006082,0.0352724137125191,0.00248820961334722,0.000503338015986563,0.0444848108464511,0.000801438298061758,0.0276019067042662,0.088034746682378,0.00922114898775924,0.00896505220305064,0.0255676337412241,0.00020387542732492,0.0106433405913742,0.0102770222371263,0.00409610390161411,0.0351471222857714,0.0165612138910977
0.00226133827088069,0.00197195135905765,0.00180740892862382,0.0230957420563496,0.0542613973791833,0.000798308341424314,0.0687310203263327,0.0324330892415844,0.0659769661676217,0.00616388937226789,0.0159138656942438,0.0119570102324875,0.000366741919175887,0.000241200985934143,0.00135600029113806,0.220669665835561,0.220572884594929,0.0203178849830478,0.00198279909720278,0.0231187714830683,0.0524460976374313,0.0329722932469203,0.0652064686598704,0.0359193921357162,0.019129994343981,0.000443219765496531,0.00212502658238524,0.000916293918194026,0.000981256264745286,0.00204219542306568,0.00560142021356298,0.00821840524851722
0.00302281650044607,0.000431962019286408,0.000121217119820694,0.0274606249620878,0.0288160107917788,0.00140088476392619,0.018921197945977,0.0151777803253734,0.00190829752535817,0.011218145935122,0.000597302417147555,0.0101575558835328,0.00218641819663532,0.0017626147972819,0.00145602881704797,0.031210441766297,0.00186068727627222,0.228212330507928,0.00126707058263837,0.269561592469955,0.018918240602048,0.0150223674560532,0.0468753756337357,0.182845307462755,0.00121138132540234,0.0458242149409574,0.00621635604616129,0.00698220540536155,0.00149234798166007,0.003902840060579,0.0124964220381775,0.00146196044319674
0.00267830175260567,0.00853423358817639,0.00147513564147378,0.00203973235459483,0.0169177960021424,0.00209528038553696,0.0103292975512306,0.0219476274064735,0.0217420307999398,0.0169790033966448,0.00181134644431835,0.00228134181823477,0.00802591528301184,0.00152390085354084,0.0116753396567851,0.0334776346844295,0.00173667643153377,0.00179726604456344,0.690248014666821,0.0262396884433657,0.033065256895507,0.0149009527026153,0.0103542402022514,0.0280106190339831,0.00296678427285012,0.00311657207693418,0.00304578703394161,0.00734741642605516,0.00107271652959286,0.00150562750370875,0.000351806371153667,0.0107066577459839
0.000407162934080735,0.00396411714790735,0.000333102005707105,0.0997523685902764,0.0116439674088058,0.000754494819282228,0.0153035587282914,0.044512743508827,0.0118144215961523,0.0699196832113461,0.0131717515328724,0.00246701887257505,0.00267448550408287,0.000248909451576277,0.0139409378191627,0.0387328218482265,0.000789233835648866,0.00530373686102267,0.00138677945377855,0.332060470556858,0.0316594246109717,0.0729874118586454,0.173085733231667,0.000180393274351874,0.00581717410197693,0.0140769666482847,0.000184153905499507,0.00326189183089063,0.00167180345836164,0.0115427502373422,0.0111264057438765,0.00522412541165213
0.000729833848085544,0.00815761884257645,0.00179496878213452,0.0388096251454657,0.0569941079999796,0.00361476596721698,0.0416378051151667,0.0312970038696666,0.0488226642821354,0.0224925654897959,0.00835522831275718,0.00637180542943406,0.0102338697155474,2.65424164300578e-05,0.00232849152875998,0.0151618434383019,0.00225796689070009,0.01034056921903,0.00843563716704084,0.02576340623527,0.201195406741308,0.0378217781454491,0.217738697655398,0.0752072882086884,0.00960521297423741,0.00169525108192244,0.0190976770000003,0.0502240994858312,0.010093021419851,0.00942314369822827,0.0230275453284048,0.00124455856518611
0.00074310263873436,0.000905849193088961,0.00129736069765744,0.090113706109082,0.0471578394896224,0.00142910056770449,0.020538889794184,0.0580001105768726,0.0080016629675709,0.0555470357494489,0.0111633442091688,0.00117903435628939,0.00193246174354042,0.00146636238772682,0.0145806150821055,0.0566587004906755,0.000484022666015781,0.0185575372060906,0.00541431488180565,0.0152192974553938,0.00266406287553532,0.343128113145376,0.0933456586247933,0.00727114762314898,0.0871139804685611,0.0034669563662626,0.0024870281943891,0.019493036932756,0.0019132220073515,0.00284494538218445,0.003739419460868,0.022142080655996
0.000316956932847028,0.00423105409434426,0.00215884299138257,0.0545747681907429,0.0639746836661958,0.00211459905619361,0.0469112693259175,0.0368570964832042,0.0108321750281544,0.020908218683801,0.00338236017343754,0.00296163525317315,0.00398821259722323,0.000961810308472077,0.00152044742669426,0.0257341157457377,0.00104113915762787,0.0107002220022757,0.00776100131935004,0.00525320455855711,0.00301439991649172,0.000345996711838423,0.546153606307606,0.0228800940469154,0.0476447232227707,0.000323189623675458,0.0089625435863313,0.03764129872426,0.00597170293141345,0.00530642523801089,0.00830430590106606,0.00726790079428859
0.000308526129817783,0.00282736236911057,0.000230524818803321,0.104395651740763,0.012849815885839,0.000827182720678301,0.0140011531008537,0.0645392018111446,0.0122835685220978,0.065750088481784,0.014696803859722,0.00457937465375957,0.00308695967628158,0.000329108306575754,0.0134810834692656,0.0364341341974085,0.000852278215968492,0.00506849566011304,0.00213956554167217,0.0494545205753787,0.0273935972330166,0.0814701328429167,0.175406455488452,0.255176464135483,0.00523320615083778,0.00630550909347315,0.000252117748250534,0.00444143936540089,0.00200777360106393,0.0129610082116488,0.016333992144977,0.00488290424744206
0.00305370209334098,0.00385245078321442,0.000633952310992516,0.00522497427303525,0.0329393402252555,0.00118007713359291,0.0166183046708433,0.00606329012661651,0.0278296112378917,0.00665994206051276,0.00182406180198303,0.013584717380593,0.000233926259746786,0.00293107585477512,0.00138447476114521,0.0432333095796628,0.003237576715319,0.0125488708647416,0.00176618953501726,0.321429925967,0.00771595927741431,0.0128521569618926,0.0407966830944669,0.194382536476655,0.166432022041751,0.0436888567739466,0.00402511277121811,0.0120521564644157,0.000190377171362448,0.00189995982429559,0.009638568882906,9.58366243964175e-05
0.000226668493882073,0.00248072273350178,0.000691923649255424,0.133166451829647,0.00623337938577045,0.00015855157946434,0.00576961355068149,0.0689220418406055,0.00973266127441364,0.0769488887103858,0.014403144969931,0.000380660207213847,0.000324070498679064,0.000340206893150413,0.0169143084721696,0.0109766972473122,0.00061475984124735,0.000617915505452891,0.000739218687169902,0.0356492949209502,0.0130345786006866,0.0139505034985291,0.0198102673536487,0.0275367284819508,0.0148815851945554,0.478013210375599,0.00969519418256911,0.0250485804716548,0.000794844566916298,0.00704131684824911,0.00156480624438622,0.00333720389037105
0.00142725423783203,0.00863067160197931,0.000650227034079992,0.225509435546038,0.00739665181716,0.00413221820877317,0.024496160115148,0.167038893085399,0.00706627148332387,0.0806006281484877,0.016503477320922,0.00129446788044002,0.00143225267515881,0.000184290679598605,0.0139213712483687,0.0185486264323773,4.73909261565556e-05,0.00288774744302101,0.000300954623418527,0.0117135503522082,0.0086925103316959,0.0475278061924906,0.0332223758467865,0.0237367267318881,0.012052393964206,0.0407243639113021,0.212777964672905,0.010576296963943,0.000188980781553181,0.00506618537591205,0.00386813938473116,0.0077837149826957
0.000837792994430901,0.000980101831267451,0.000621986502647936,0.0531451501929586,0.0100210737682649,0.0101563626390737,0.00149195124796222,0.02455929749036,0.0628836617599115,0.0787221588964453,0.00178336836469746,0.00213457975580001,0.00319762313328142,0.0124784656279902,0.00710772162447513,0.0159466824313819,0.00143082266721006,0.000137336846476455,0.00438764099266458,0.0818503983561695,0.00272549781672137,0.0105177537852357,0.0436825949762416,0.0554595241724015,0.00250039897626592,0.0162983532635028,0.00118803387841592,0.44182891899865,0.0107276719216117,0.0191812167300724,0.0139832376641248,0.00803262069328711
0.00164163956194733,0.00526454250178809,0.00239683505155397,0.0500104504847986,0.0115539436808586,0.00379631434861615,0.0171430937098776,0.0397194738808568,0.00335105590465689,0.0247586545429245,0.00426334067411731,0.0274185508431507,0.0190084060450576,0.000166377772631211,0.00957392349959501,0.00398141288259438,0.00115748093120114,0.000352978361080728,0.00320662044265854,0.136265286850704,0.00196780089839805,0.0144176748966766,0.0288185696674524,0.125873383122573,0.0178594701683137,0.00854228918807675,0.00540390283045608,0.0198619835803294,0.393352524082315,0.00728840332915756,0.0110794166397431,0.000504199625839806
0.000193871736970154,0.00335309842100141,0.000482092585435147,0.170131503867886,0.0082225903377561,0.0099840676956689,0.00935109509355198,0.101060426651267,0.0128954511648961,0.0719686573791154,0.01789332288666,0.00017426298413901,0.000588173373085403,0.000499253412537067,0.00299119416324059,0.00467750174506949,0.00483638270712088,0.00372408067280782,0.00215321931430587,0.018963497874454,0.0134666788744883,0.00908517714552711,0.0226932875475308,0.0131778773539937,0.00629696759780827,0.00243681119548135,0.000211503022297388,0.00037319765005338,0.000420028627474273,0.460451847968782,0.012154101497047,0.0150887774525485
0.00106469607396869,0.00206691694489447,0.00160428918729572,0.0993532707939797,0.0182786696113453,0.00511195529359556,0.015757805373713,0.0538184547206733,0.00105423379036554,0.0513336611116088,0.00953525586034762,0.00522914086743705,0.00401862216790658,0.00222984240412316,0.00105791607183237,0.0113011740386672,0.00847001680830574,0.00461162845781342,0.00819443895281399,0.0084030000867306,0.00168598627144179,0.000466435942550877,0.0168790413029517,0.0171842529213727,0.0122698847008533,0.0101432240067638,0.000729640104248745,0.00324210501463622,0.00140887475573057,0.00332809555653677,0.610559418244759,0.00960805256073683
0.0036382330499557,0.00445694384915366,0.000624570297755873,0.0684160940402948,0.0433640720744024,0.000268995272650397,0.0794270923564088,0.0312045413284661,0.032521995663036,0.0335913589331302,0.0010097388298086,0.0182692072172829,0.00244169895519649,0.00602857851954476,0.0199636196732566,0.0851772616371468,0.00965584980688707,0.0133597276090576,0.000531075724449175,0.0935875160267242,0.0481220268828767,0.0618596739993172,0.042210977133592,0.0177506724475337,0.0261857485939008,0.0230708182459346,0.00104831175850476,0.00204173226061277,0.00100296076163725,0.0017788308413652,0.0107000779554946,0.216689998254622
