0.375887166022339,0.0109175531118462,0.00389094829585834,0.00183576663404158,0.161221894771569,0.0172399879453243,0.00610054684889016,0.0294964413022697,0.00120459874392292,0.0521932063395813,0.0489519122694641,0.0111952840514792,0.0317333009819943,0.00915587807260253,0.00910424967121585,0.0131475109397379,0.00416412469881178,0.00177170518279649,0.00214397072542852,0.0410722758311819,0.00252244151919359,0.00361585579052581,0.0124916899721734,0.0379926899478568,0.0246282959232723,0.00809688208228805,0.0102610844634672,0.0144187868105962,0.0123989371045641,0.000537816366211106,0.000292573729548349,0.0403146238499476
0.0272641552980223,0.408114754704884,0.0160475136258939,0.0744105377533848,0.0624831597412376,0.0103531191365127,0.0167052181688474,0.00831663253659893,0.000511035125557772,0.081243234099021,0.0739826244488824,0.00790434160785855,0.0117021890087687,0.00363688237484467,0.0120815040742126,0.000441788279398089,0.00156386582421552,0.00263360723765699,0.000714601264637976,0.00967228688921185,0.00807332923613796,0.0151130736227673,0.00468982688404835,0.00660436124083823,0.0174933986539744,0.0126129887960355,0.00847166897539055,0.000452368434279308,3.43020036831121e-05,0.00301057881043049,0.0085634354890243,0.0850976166537429
0.00280859352954984,0.00249769414817359,0.419616540777865,0.00121294239392651,0.0898647283821083,0.0119372494859907,0.048168661124105,0.00392760869445603,0.0767986341853379,0.00703566090303217,0.0401681873182647,0.021389928381279,0.0120620651988673,0.00240082704454637,0.00209456760482057,0.00428940590549284,0.00197638611720002,0.00769922644627843,0.000276396647767525,0.0625391571112599,0.0106506385525426,0.0265731281700064,0.0323081813702434,0.0192684265379251,0.0356899725604061,0.0101337552555477,0.002557247849192,0.0341071261129309,0.00223583073587887,0.00246716399113439,0.00147822467067238,0.00376584279319755
0.000153012076091453,0.00462235254519395,0.00314712591512373,0.209142131882275,0.00837075836924373,0.0284016408252487,0.0738383422662831,0.0155458100362609,0.032045832835298,0.0676494991514781,0.0604047637928074,0.148159314343077,0.00349461558646498,0.00052277802663653,0.0109399133237,0.00240130161784653,0.0010747070944452,0.00195797964704559,0.000107001271670453,0.0598397562577945,0.00721864777866512,0.00840574358653062,0.0116011186562891,0.0425693186119947,0.00862307179094969,0.0135403115141413,0.00356668365473142,0.11922488323282,0.0130111755409281,0.0064483773528413,0.0331121237606196,0.000859907655505012
0.0037044850334201,0.000923085152435217,0.000612198753765612,0.0265635398398813,0.532348406498642,0.0339839371315921,0.0253814990143405,0.0784728669034535,0.0117628925362177,0.0437529006581163,0.0277721066169349,0.0110947357079398,0.0132906460912366,0.00446599700011706,0.00308078887185454,0.0897447814236217,0.00179677559588519,0.00241536052354508,0.00237415807126116,0.00371055508876439,0.0143422026218493,0.00503775647693153,0.00337383970985701,0.000326077122464851,0.036484694880695,0.00184850526654134,0.00189365187220015,0.00336758506047982,0.00778666657369172,0.000765574740302256,0.00166076826311947,0.00586096089884241
0.00410847048948799,0.0113632622295966,0.0090699384608705,0.000764598072231083,0.182118631899894,0.220878585748928,0.16468442773436,0.0544626302757495,0.045444498082007,0.0159878442140644,0.0122806539774101,0.0176622008506429,0.00870263618477006,0.000304831963673706,0.00189552347183987,0.0470017805968798,0.00161147954391747,0.000169110402995983,0.00184071400014478,0.0333210056742312,0.0049544468750556,0.000125000105926281,0.0232834179998266,0.0279797556908807,0.0268943889711633,0.00704210961722752,0.00252159233733751,0.0285406932953599,0.0014427340954436,0.00631688249119801,0.0261845739274129,0.0110415807194732
0.000560220934327791,0.00372491653502372,0.00208561660362387,0.122557448556349,0.211997740731432,0.0421039573704195,0.152316030653268,0.141836753475433,0.00810244885149912,0.0053786181241937,0.00869627533337306,0.0120447397106604,0.00979668391210649,0.00375972576779618,0.00516457455518407,0.0743875789687882,0.00619081924307812,0.00404172000523759,0.00206948549979733,0.0419707349338388,0.0458355456418749,0.00249164889638756,0.00278511608271608,0.0141255603813113,0.0384423180198778,0.00473325281613908,0.00408704069021863,0.0108179579146433,0.0136165595578252,0.000520298141037933,0.00156154853665293,0.00219706355588528
0.000444093922369762,0.0067884701568776,0.00601922202335625,0.0393142980536173,0.0462111669801083,0.0279994242900006,0.148447034512009,0.137098350783656,0.0275183891633905,0.0249774978332536,0.0391338306611447,0.144863421090703,0.00349483596869471,0.000461467494986711,0.0144568406606665,0.00186474010552464,0.00220027956248992,0.000389705111226311,0.000526258329371752,0.0886169171879865,0.00447297150936032,0.00352657197582135,0.0100258062469564,0.0655429109872091,0.00556396599292368,0.0126633063353796,0.00275839291346064,0.0810887520647373,0.0131850019633265,0.00693655823061849,0.0319079802214401,0.00150153766733299
0.00131524186281389,0.000152625865271193,0.00155933577496692,0.0455454302306252,0.0426927676079424,0.000786408235928667,0.0148050456376569,0.0194123710635495,0.426769413818687,0.0141025214437545,0.00322356886616027,0.00546053250292531,0.000880571312179717,5.96208831327779e-05,0.00393447500053653,0.00137004610976495,0.00940394132227446,0.00816724631535158,0.000612723584011896,0.175457640312083,0.00924023258162289,0.00509493263135598,0.0204143612149481,0.139718336517901,0.0139754423996225,0.0124455733398485,0.0038712643709419,0.00048543871929015,0.00608359479169802,0.000656970763783353,0.00124477023880408,0.0110575546805665
0.00735770274537746,0.003387224811076,0.00621391795547956,0.00671966543471355,0.0279183791197292,0.0128812604729505,0.00532371096338649,0.0409133546192573,0.0510256199094361,0.442027018270979,0.0266338614131324,0.0529722057044146,0.0102453797917417,0.0104409839175187,0.00376837167368981,0.0171808461662219,0.00511627734573438,0.00445828309184349,0.000348703762076282,0.037009126349262,0.0230731783739768,0.0063444829072514,0.00749644315070366,0.0301983153700912,0.0277643428177394,0.00391978239605848,0.00442021082368152,0.101030673724702,0.000105779625395245,0.00392680004318188,0.0188850549183447,0.000893042330853175
0.0150257995588334,0.00150999371448174,0.0202635815503811,0.0209791859718933,0.0472885761154192,0.00968212809451954,0.00657683533373036,0.0108901550728344,0.01704113541397,0.00723891422043167,0.483107656853092,0.0366917198130181,0.00621939818027739,0.0189027822072802,0.00950216966381211,0.0197693626326436,0.00928128238666311,0.00748886925685744,0.00295147172738657,0.0194212327009296,0.0541702488672645,0.00430824102333471,0.00584571436562953,0.0350960266552169,0.060606174250782,0.000583354920596778,0.00434625825709313,0.0542625809295991,0.00208765098135971,0.00249016003594005,0.00627925211029112,9.20871344376203e-05
0.00534096495705282,0.00230413337381997,0.000373988958568814,0.150482041171423,0.0270120897524462,0.00703747635985804,0.0521024777225759,0.0823559433437361,0.0040825322856873,0.0347614100281503,0.00535207429891661,0.365049595315443,0.00605367030394688,0.00242313489872978,0.0133068804532666,0.00352043140833934,0.0103716250310448,0.00186679932947107,0.000968901633153788,0.0567836467204387,0.000107716776824984,0.00342872421298645,0.00633903867730096,0.0924496653940907,0.00664168274990796,0.00033618250463071,0.00401851770377618,0.0041412746071902,0.0261730587694334,0.00037721285939457,6.27976234490961e-05,0.024374310774946
0.00657699944997527,0.000562955740891647,0.022333928701781,0.00629624101976903,0.0695916758388212,0.0320315460428205,0.0115106143178074,0.00167942196129337,0.00648792737595585,0.0366319116481904,0.10545086138696,0.157531759114062,0.158664273451088,0.0188437042824384,0.00355191837926521,0.0190309030529555,0.00486548972243492,0.0113357488921316,0.00119322359805214,0.0165764425194487,0.0611053287205454,0.0152361419815504,0.00185382188391123,0.0202053632858659,0.0570273635559114,0.00464812544222306,0.000432239287956407,0.0937769850307459,0.0492771686678798,0.00100617014577404,0.00277620273601783,0.00190754276547684
0.00422025557026534,0.00371436256590784,0.00182806955704913,0.175322771746022,0.0193331975918258,0.00620816223984937,0.0546890822593895,0.0804874247982396,0.0253421041817173,0.0362812875937168,0.00653968960114432,0.00899770766133555,0.0142223449900962,0.447376041323164,0.0232866758404068,0.00096121559203541,0.000412443011123928,0.00134730183033049,0.000166556120210778,0.0119092099331237,0.00333436946891394,0.0101485600365951,0.0213822036912648,0.000971194385842923,0.00950532649699194,0.00973136014937305,0.000284634369104791,0.0107627844587415,0.000801101536747153,0.00305466802727553,0.00480495879820475,0.00257293457399063
0.0140311286964777,8.11334331833556e-05,0.00466971580698991,0.0219326883828768,0.0130755450475741,0.00161142968488423,0.00245844066673894,0.0136790340552659,0.00194512754571524,0.00959764392496089,0.0124878551113357,0.06341587570107,0.0109588618365573,0.00767972274463138,0.548617864794347,0.00106936114364632,0.00254453533699741,0.0050465200385686,0.00129328155190873,0.0753494558836219,0.0198612349352064,0.00328780464329171,0.0325905738347037,0.0879975317880666,0.00222913743629868,0.00594545689388633,0.00127100231782171,0.0125451623925721,0.000363531188207497,0.00473977985442086,0.010120422488753,0.00750314083942016
0.000241246671387971,0.00135268611693036,0.000545328384218801,0.119119345105654,0.0783852313254899,0.00142802338717901,0.0136493490294462,0.0613935245948093,0.15861533867149,0.0294077745411115,0.00424686544287331,0.00375198670427254,0.00789401520268571,0.000332849161454005,0.00578866138403355,0.160456061054954,0.0149518202906215,0.00404355483629961,0.00133620285640431,0.128750082441512,0.0163136003431203,0.000531446917677584,0.013410590032322,0.0948515755055256,0.0339898025153785,0.00791418562997601,0.00242790735118682,0.0150921757862415,0.0095717968423964,0.000399967293865315,0.0016591129361084,0.00814789164337436
0.00116162036520958,0.00453622029554956,0.000554724837056652,0.0202286187372891,0.137043356189354,0.00475528552363983,0.0290200812906199,0.00116242674929331,0.00176707246713853,0.0983209935161362,0.0817697544746812,0.0179267992491841,0.0336380962236353,0.00641965813814355,0.00274496879305406,0.0359433842057853,0.283516848276882,0.000841810477133934,0.00428148961044538,0.0179202559779418,0.000478353807143027,0.00182643336894067,0.024765381861023,0.0247022265845147,0.0679419937627605,0.00228834593828157,0.00990832497050228,0.00370613207841465,0.00730437918214214,0.000147938494143582,0.00263159193493879,0.0707454326190214
0.00227623560964333,0.00275140596199533,0.00072535739327114,0.0335953068271388,0.098664296996833,0.000900024122858716,0.0325762102328467,0.0576041732622984,0.0540884506576532,0.00942695420737544,0.00940274524904496,0.000694789424498342,0.0272820873104306,6.15963645981325e-05,0.00183828054371227,0.00873450043441296,0.00289971137148694,0.336885128934357,0.00193719770789779,0.0419621271806145,0.0242921222755253,9.62014393506053e-06,0.0830099271827676,0.0478430784425539,0.0456446213623062,0.0117072799007931,0.00511742999880444,0.0294577937941426,0.00693507425294984,1.87336005211525e-05,0.00190301875968901,0.0197547204930441
0.000152479028666,0.00380854381971197,0.000358695674554823,0.00786860430651944,0.0368643535399349,0.000882600924808079,0.0530079974438323,0.00223244652070906,0.0316542357978459,0.0161923185044616,0.0152958034516998,0.011827289141115,0.00178013245396867,0.000690384980259187,0.000751198179223302,0.0759112163680838,0.000681653334745795,0.000553550589884691,0.289694932655445,0.139979980382286,0.0327054047982525,0.0104941309804268,0.0720691094422315,0.149711287197216,0.00324291984312755,0.00391973021667504,0.000352405623913882,0.00590041957291122,0.000492062194462272,0.011175123767056,0.0129397521323689,0.00680923713360322
0.000417454818301913,0.00161605732969451,0.000299199357886694,0.00186292843496398,0.0321704981994765,0.00493363338682845,0.032136785967398,0.00761078964989601,0.000669659970754749,0.00677572630456682,0.00310426457030633,0.00123565106182315,0.00327972315702779,0.00131768710844424,0.00021822925079937,0.0333551475382965,0.000419609237156615,0.00318486968186231,0.000561192147774988,0.61691776036595,0.00452704472870689,0.0017894565349538,0.00710185821967399,0.199156640384015,0.0125077720256547,0.00232202057168804,0.000856516971553203,0.011781301681605,0.00121642205637207,0.00370687855615047,0.000447857907911276,0.00249936282250703
0.0047183403288145,0.00145461986021398,0.0015036554867194,0.0106025175185503,0.0348339744686346,0.00253366195397327,0.0107298025143689,0.0214202839210459,0.000966636419817837,0.00848679347685014,0.00687072215977947,4.61804312107742e-05,0.0110006335139773,0.000831520678521105,0.00168808852212112,0.0161078250857379,0.0104741641980656,0.00737740413310418,0.000826713067351904,0.368093118831121,0.117352956035816,0.0211909055182817,0.02802830830268,0.229621197450376,0.0250921657423587,0.0198868348440604,0.00285704480970378,0.0270716194855284,0.00207231598678032,0.0024628482340313,0.000256186357018429,0.00354096066338571
0.00756427516287962,0.0131056138215269,0.00090277608806188,0.00316887148294816,0.0260703796788967,0.00134659718769815,0.0140972647527514,0.00361950153490313,0.0160832526623704,0.00104177220812573,0.00297496110546358,0.0110003684812125,0.00052968193747684,0.000108024942261928,0.0038853778635025,0.0461204999330903,0.00454166966884448,0.00765670644213772,0.000838255217848865,0.276179438080989,0.0286816407513642,0.241205889673387,0.0137489450181653,0.222129945319832,0.0129710747746986,0.0165268224123711,0.00370067351696423,0.0145384295361298,0.00139600991142881,0.00111643171717952,0.000718361484779728,0.00243048763070921
0.00938614497578754,0.0109924975467426,0.000756792261046126,0.00605406242051806,0.00139403567044928,0.00454231589930611,0.00408556406102016,0.00711579604458892,0.00274727315606031,0.000556660425925032,0.000604645151645324,0.0163036397672512,0.00127198338330006,0.000481230272561197,0.00539049372215621,0.00104733548721136,0.00840765653868593,0.000450496937910405,0.000170214440488275,0.413796456638434,0.0093089508582276,0.035111547712527,0.123136863286381,0.258766984368744,0.00185136898511016,0.0343868911975667,0.0134899219595843,0.0164076607068329,0.00390222067265989,0.0010516523477656,0.000723047751691726,0.00630759535182099
0.000570953584173977,0.00342469499004631,0.000747985327294306,0.00298944835504119,0.0635376032438009,0.00609627394342699,0.0484181619782391,0.0106285527131973,0.00173609746393084,0.00790265301824115,0.00340026402119118,0.00791645249791674,0.00534877833133312,0.00154423320045672,0.00024231765427702,0.0486918799553467,0.00107216260397238,0.00712240210945025,0.000256558656654005,0.428903613571646,0.00492736370958491,0.00368240516044648,0.00574649545920597,0.25759531754726,0.0246877335743174,0.00346129675668397,0.00190021517208305,0.0373819920331378,0.00106512146694232,0.00611752002521959,0.00153687719574823,0.00134657467973355
0.0112774776510793,0.00193271446564346,0.00239080339714489,0.0687207973118237,0.0183398490486276,0.00268898197565075,0.00679695938344405,0.109557874582811,0.0506686792697578,0.00144468602452877,0.000453313962464768,0.000996201671993099,0.0108183249121248,0.000138970882945486,0.0124004241317905,0.00960987354499619,0.00433355821977423,0.000574693086196617,0.00263550320277441,0.0293152428078661,0.0809976850432466,0.00292714072365684,0.0805940985309914,0.132490473104707,0.295048635264645,0.0017402194696674,0.00142440970384355,0.0374047162066054,0.010792694894515,0.00253571431785901,0.00499695737280909,0.00395232583401673
0.00722046311742393,0.00204332225037821,0.000188013726930389,0.00626037881245075,0.00825702312184678,0.00681440589143874,0.0107102324168768,0.00292951377843901,0.01217592679322,0.0247973915377854,0.0214563259937113,0.0300075011079539,0.00715879429763178,0.00146769330736084,0.00116452163092136,0.0151990373805286,0.00333580735674995,0.00138617617396635,0.00765567323135159,0.116623589510277,0.00462008425416971,0.017977588247257,0.0227704802929271,0.0877261846828684,0.00173355562273455,0.539504740709003,0.00267113335177443,0.0161676424527116,0.00241972142866259,0.00548220854936464,0.0115072391527904,0.000567629818493434
0.00781122818058006,0.00333054471564617,4.43497221246901e-05,0.00943638109830397,0.0216155168835431,0.00332886029969489,0.026061001303765,0.00152913409978922,0.0183356542595313,0.0114610425110065,0.00504552295406196,0.00701487782564177,0.000239505294881622,0.000696736407243553,0.000888112605742436,0.0125165448428355,0.00353869982936775,0.0014417747703758,0.00882728110630461,0.203878377384619,0.0153393092360412,0.02376491757416,0.0495626458658653,0.172425976061665,0.00475314966343619,0.0235912802861971,0.348915872091985,0.00760887706536789,9.1087120137922e-05,0.00090266853104323,0.00506971498821863,0.000933355420824703
0.00503795032771489,0.000807220607506829,0.00146024269941944,0.146408951876734,0.0307454334310343,0.00476580274310757,0.0494071719243847,0.0943239183936558,0.00663056235045941,0.0370397702572087,0.00576540963044545,0.0343132558097731,0.00630997766731807,0.000809224037879192,0.00963291711570086,0.00354865466098153,0.009958050245196,0.00125461182260316,0.0015753759105637,0.135953657916572,0.0106912251751037,0.00171736294549919,0.00999439718871552,0.169984417204992,0.0135448107589764,4.88327309656331e-05,0.00200204742220062,0.172424068528796,0.0231727034090743,0.000576440944426178,0.00167149560994175,0.00842403865304914
0.00457516647057308,0.00170726117032169,0.000914401859332256,0.0892587955267321,0.00160943657167888,0.00342542442355674,0.00674238518929692,0.0472711446732303,0.039504038414874,0.070573018432379,0.0113756369406524,0.0180518982614499,0.00166841284784166,2.14333664650913e-05,0.00667402498622371,0.0372129475965019,0.00833036272398272,0.00528303802703817,0.00765485354870451,0.0190302182098436,0.01440788077187,0.00416417921833319,0.0167541596128582,0.00543107593967907,0.0013628065434879,0.0311604585036611,0.0644636264961105,0.0821913928402626,0.359520496717878,0.016111735570832,0.0223729788797219,0.00117530966462723
0.00360141520658963,0.00396074287166301,1.08154449201993e-05,0.0559366178414692,0.000536290254918185,0.00244372056920609,0.0016967622456571,0.04208652331523,0.0131879582838146,0.0151249565835684,0.00813385113519121,0.00119184253011075,0.003965539998276,0.00116880188938552,0.00581608574224159,0.00407582165746339,0.00228942305612053,0.000250217528652729,0.00357570443211027,0.0521242850433764,0.0167039681688186,0.00210695210576802,0.0147479443119389,0.0482353291474843,0.00672228010355799,0.0213066443921021,0.0311389650895519,0.00834513887057698,0.000142276739666467,0.600013362183884,0.0132273257110018,0.016132437545684
0.00500328278693522,0.000642815776290557,0.000164259625145278,0.0471843758611335,0.00764163485330569,0.00164450672636899,0.00943747932069029,0.0282081730711435,0.0386415923442994,0.0272415745713172,0.0187827406305185,0.0196587228867657,0.00213204706461596,0.00033420779834565,0.00386070904358589,0.00442070270801904,0.00668259376915173,0.00169189984225167,0.00239522153064446,0.0359528952785472,0.0315747744983591,0.0108037241425597,0.00643082622244204,0.0338033917900902,0.00858421027431391,0.0186346978895865,0.00985021686847464,0.0443446207411602,0.000921903470927453,0.00253553111662832,0.54147627397324,0.0293183935231423
0.00520649223545371,0.0203507818244257,0.00189471651368049,0.00132336910656631,0.0117393683439177,0.00382974773175951,0.00414258942565944,0.00247409981798239,0.0335106237009135,0.019612102418021,0.022547108157057,0.0213067496014305,0.00762380721419473,0.000837872372200116,0.0135401283816581,0.0107774303117956,0.0188254448947084,0.00182493118723638,0.00163895094715422,0.130689389572733,0.0584823534469956,0.038964801876817,0.0506374833162098,0.198148462503085,9.54000508966784e-07,0.00821395442649902,0.000947305439611568,0.00515923398412727,0.0131523148877799,0.00106432524433155,0.00188561984728745,0.289647487268199
