0.563698207116346,0.00315465465055282,0.025932201446279,0.00639489357059327,0.00708984276013111,0.0199134855752016,0.000407813317661431,0.010487680816428,0.0122541474551565,0.0571689330376342,0.0235231488600595,0.0414782602722001,0.0174663251941773,0.00333575845239756,0.00758457597982531,0.0365016548934276,0.00291977994975799,0.00334284925360271,0.00333118318903604,0.00288346277513683,0.0449101672364122,0.00342930506179325,0.000790470730099963,0.00218445980968948,0.020979471815943,0.00502374083523959,0.00161364715823812,0.00445679515495757,0.0196838159505378,0.00198770895740765,0.00299390035532614,0.0430776583687496
0.000139172479995833,0.460201258174847,0.0118679352966609,0.00257168293407364,0.0497400986281914,0.0396118028573904,0.0717542894810362,0.0321810565493243,0.0515246070601541,0.00153791042288447,0.000738997510841482,0.0303934349559468,0.00258247198908953,0.00272545804249727,0.00561020882418514,0.0408520395576728,0.0187185960716244,0.0054716310707476,0.000501180688746484,0.0404997211938461,0.0294894784786211,0.00481445162751583,0.00508459743372237,0.0110227953245174,0.00214808024886579,0.047393286489829,0.000543494258400167,0.00562987930659267,0.0118720632510843,0.00809215294546905,0.000885289403399626,0.00380087744222645
0.00370766704586609,0.00542366847993904,0.532777716460117,0.0268406841103876,0.0337606099484015,0.00319451168480508,0.0135643401425768,0.0262078885440097,0.0241261011662305,0.00509296504257633,0.0131774900720718,0.122445847905788,0.000427754435268739,0.00030202615736053,0.00621812132118417,0.00245243446867819,0.00521867769620079,0.00559325575821907,0.00128731293449162,0.00370791777559968,0.000964066379026787,0.00121456283034529,0.0122903128200863,0.00186472250090816,0.0105344938217492,0.0162788703768447,0.00215407287860907,0.0883676448223486,0.00452113191042115,0.0122706912709577,0.0139994257065049,1.30135324254497e-05
0.00191664525042497,0.00953674398423714,0.00213199671033264,0.438713595971165,0.0270745747281186,0.0359161764846666,0.00370822775068472,0.00561421869868285,0.0547223328018174,0.021705689273631,0.00352618072308537,0.0930974565537258,0.024277951338067,0.00365628661156333,0.0204944383188682,0.0838379531607771,0.0183488953600841,0.00678264351020897,0.00451541552122288,0.00229035145535145,0.012427102513302,0.00103399882190186,0.0252101232851422,0.01219197935297,0.004907646792516,0.000485630647248769,0.00176071502285369,0.0526623013005269,0.00202909699129305,0.00134983862376789,0.022443103145576,0.00163068929618651
0.0137646243640685,0.0165387511664798,0.000702309595490234,0.000524936081476379,0.429441262895272,0.143004970004837,0.0258490407044484,0.0761661159761682,0.0124324291268471,0.0090149781909137,0.000385369344279574,0.00659766145614406,0.00697779938932138,0.00191383724909729,0.00675502654535344,0.117841955939962,0.00839213223404775,0.000374171738237925,6.44450680672772e-05,0.018419930499608,0.0243250666999037,0.0084741385774738,0.00935294681242894,0.00806658510973726,0.00187903445665205,0.00710263140351414,0.00082828399060404,0.00599204644044985,0.0165085650368577,0.00157702381358283,0.00388496830062962,0.0168469617880467
0.0115271212557237,0.00168136933545461,0.00395771481989754,0.00147489650942824,0.000983042408305612,0.641748717607736,0.00349734290496933,0.0692936954740513,0.0248473240928199,0.00960373497554326,0.000234989487616061,3.38300067612387e-05,0.00079224575647022,0.000761100334209644,0.00608474304455069,0.103455759553662,0.00597986866794458,0.000827381149582388,0.000102500327697654,0.0141817589839351,0.0143383315142102,0.00146956562641317,0.00382638892165345,0.0138210276887457,0.00391407672929113,0.00378858698209627,0.00118625180732169,0.00884427489609565,0.0171394049943966,0.00476761800681142,0.00639624446217279,0.0194390916744336
0.0274098448571408,0.0104077086298779,0.00124758006997616,0.00166261705258995,0.0536965207465233,0.0915862704398086,0.425624149680401,0.0530708622543241,0.0332607539399757,0.00212197039706748,0.00325769121981244,0.0288408663722128,0.0215706971000357,0.00386879321812799,0.00872494492182908,0.0762640060752027,0.0282758396265957,0.0122049812294679,4.86471269366937e-05,0.00392424390041889,0.0144807912827404,0.00739452592910028,0.000525927040497698,0.00821286800286544,0.00493054147640869,0.00193640444677476,0.00580177449262944,0.0255045806032614,0.0280812423051596,0.00479649807087773,0.00315194536115371,0.00811391213020659
0.00467886469725636,0.0103855899842716,0.00187317430232482,0.0163455306844136,0.0491677768277579,0.0310180658283632,0.00538080542700251,0.452329433277862,0.0871351774419867,0.0275990883353146,0.00813983569535831,0.0522945377955135,0.012423346909171,0.00286927284701315,0.0086985975684494,0.0689773044953114,0.00780090947025584,0.00760109085359214,0.00364122967862369,0.0105081425527828,0.0201576321607343,0.000825001368851285,0.0315653123941697,0.00189840088950408,0.00628160077873605,5.3769145540463e-05,0.00192459928774096,0.0422199070650473,0.000760845658560915,0.00383651479505632,0.0174410424382175,0.0041675993452166
0.00310230598019763,0.0022430048593598,0.000596281241879418,0.00253499537279313,0.050974840078337,0.0291717015527499,0.0190295196560121,0.0167866823631214,0.612601478171114,0.00938985681112899,0.00601131504959603,0.0667930279029352,0.000853382659224127,0.000832463888174276,0.000179396253404865,0.0269781820748892,0.015542520251834,0.0103047495041541,6.69477968744958e-05,0.00672375328412961,0.00352897149261612,0.00213797606919644,0.0104158604223478,0.000285493641295689,0.0123227820284463,0.00888521203308622,0.00765494037097067,0.0415016763415771,0.022377987891198,0.00415096175204383,0.00244742212282857,0.00357431108248396
0.002498535089001,0.00415427026719623,5.26046150481827e-05,0.00891058378173329,0.00716029336896987,0.007339562776995,0.000628872276043938,0.0109764941206942,0.00552639147520274,0.572644964609915,0.0417806637712876,0.13340710309194,0.0434721721212796,3.26773275541665e-05,0.00275378303390545,0.0047241027878695,0.00380412481021465,0.00289194135532533,0.000831209558352535,0.000545521582964726,0.00369286146180931,0.000698069462315622,0.00470516142689422,0.00582299696880601,0.00100034303023825,0.00108070085160255,0.000933054159334986,0.101056438742904,0.010631790028739,0.000887313464426193,0.0149120669887769,0.000443331592659344
0.000600276444808573,0.00351788572747213,0.000670407518768965,0.148076519464533,0.00663074643922783,0.00516732603711931,0.00563342782235753,0.0364531293333053,0.015772161742902,0.0253654741567139,0.389402270691519,0.0153344493530044,0.152637739074858,0.000357877645453861,0.016899334269138,0.0247198033268503,0.0115986742831045,0.00660266377451923,0.00433034130130681,0.00507055021984751,0.0424349032541438,9.34373055534679e-05,0.0264157962906719,0.00768583634992041,0.00490522054970683,0.00023185091125397,0.0050322243663484,0.0246189392950412,0.000234264050417897,0.00179336094981657,0.00780038349776313,0.0039127245525526
0.000643918231121363,1.75393248627876e-05,0.00143384854498925,0.00894127111946753,0.0245064379030063,0.00192311828644922,0.0104639035945533,0.00874299800092796,0.0358680281097053,0.00795046994745581,0.00243551195752258,0.661589326866892,0.0167979691299179,0.000993230257625555,0.000320461091134223,0.00536249077984718,0.00182000525984338,0.00147466934859635,0.00562919915197963,0.0047112771270063,0.039783428864679,3.69401490482331e-05,0.0368800127991769,0.0102650625457787,0.00557447219377961,0.02225964498894,0.024659298447596,0.00717881661336582,0.0448336844657174,0.00373965506551222,0.001941065946265,0.00122224388723709
0.00644916792734812,0.00048729682551703,0.00313420864503194,0.052020331003255,0.00641261353013839,0.00220444429444142,0.0136571559673571,0.0348549210616978,0.0225751071454458,0.00487476002476214,0.066179641569785,0.0749033675509546,0.597764967933765,0.00163347697554118,0.00566455480138673,0.00958667256489134,0.00550438757830868,0.0004917182941113,0.00220590461640057,0.000220334277681669,0.0257197052583967,0.00242739986437351,0.0136540294748927,0.001981198551732,0.00200763989508533,0.00208094127273135,0.00390564773889018,0.0297427280182292,0.00373302343086778,0.000541891831222829,0.000341703577462544,0.00303905849829494
0.00136171058879409,0.00163807978276647,0.00240249326795619,0.00447697515728114,0.0101429260360771,8.68420277138733e-05,0.00120469924237372,0.00177419691887199,0.00148248699322648,0.00535647882631232,0.0198724295851003,0.154130571096616,0.000871895190894944,0.523569908973569,0.0064283524304229,0.000111712174582323,0.00119905243704995,0.00189520747203616,0.00336936940845698,0.0142726875875483,0.0277370663310909,0.00535557642057288,0.030565358190568,0.0264323897886308,0.00207120257842042,0.00682599170025811,0.00864928702570072,0.110117455780748,0.00426773716587158,0.00457695421470434,0.0174894122364562,0.000263493369327417
0.0101140476259481,0.000951073611708099,0.00202177848332379,0.0148359502099141,0.0644531846301124,0.00735709411391925,0.0172444475053594,0.0127448774909796,0.0940352632687983,0.048583302421449,0.000493268049999766,0.00704407715468283,0.0198082389849842,0.00976973894537783,0.61099620983062,0.0469489228189557,0.00212681500814416,0.00211464150247915,0.00850806737075363,0.0010469894598342,0.00224951478455965,0.00446420920690557,0.000570674239373226,0.00254890824571458,7.31244354365814e-05,0.00230330988199147,0.00268417724917932,0.000139116908754034,0.000350999482449975,0.000173507925689154,0.00127834997406905,0.00196611917853365
0.00218982275275174,0.00216549694103668,0.00271159077171939,0.01703671022934,0.160276876400556,0.0245654250254236,0.0522592975798138,0.0439498344163998,0.175277471454471,0.0211524795519624,0.00694791384821412,0.0613557451901823,0.00312631094154787,0.00142682886297145,0.0136330291226931,0.244122704878247,0.0177876586403351,0.0101399424929846,0.000339775800408622,0.00666648096401257,0.0145234874055251,0.0104131002448171,0.000923058482566352,0.00334548606912045,0.0160746945111201,0.00442941514640938,0.00771744256849862,0.0267156599171609,0.0141320738692435,0.0172444572072945,0.0172890521403833,6.06765727908124e-05
0.0241820713457929,0.00229697606938461,0.0130048628513798,0.00866395421095604,0.0213945429858284,0.0284235747451233,0.0784685916750685,0.00442117268495797,0.0191279089802522,0.0266077599653061,0.0103877055461155,0.0600286255872157,0.00443637673099464,0.00164447076788086,0.00177942272311388,0.0195054178471752,0.516579736848581,0.00657124244140011,0.005258052168311,0.0091735025259005,0.0375664538024072,0.0004502613691496,0.00231826790412756,0.00696480209278161,0.0128102113989415,0.00766919153007603,0.0025898918333317,0.0163921287280492,0.0132488899722715,0.00515807678384631,0.000923259472651876,0.0319525964116273
0.00576507152532164,0.00421831262495407,0.00199824555594027,0.0234548183488507,0.0224267008738861,0.0114373728004485,0.0076724913309694,0.00985744942145954,0.00819136841635765,0.0495547252461486,0.0273855948751244,0.0295428189468463,0.00525786784881306,0.000541264862949128,0.0122883959693804,0.00902904614979388,0.00235891608191779,0.649217067344625,0.0142564919904342,0.00397964980723172,0.0123103743743678,0.000947110352710937,0.00973467470554173,0.00589463692099016,0.028902024888604,0.00125424871788496,0.000521521677431876,0.00750236115819356,0.0182723292715651,0.00336871248926254,0.00925143083034373,0.00360690459165155
0.00342467624104633,0.000180633682517167,0.000356432012014759,0.0182513853150721,0.0316294785821526,0.0035186019693191,0.0203509486344224,0.02442533638389,0.065072565125996,0.00295162354299254,0.00567106944845733,0.0278145184221353,0.013897506845068,0.00229554852173578,0.00605402606901896,0.0205846732463848,0.000389975619544154,0.0274849268688077,0.606533584445313,0.00119882980116501,0.0083985131843172,0.0100277764301499,0.00483996265466469,0.00129086367861539,0.0207847606187324,0.0024115062443071,0.00168355069036811,0.0201763994976532,0.028531520074249,0.00422698574544312,0.0127292145348296,0.00281260586961715
0.00226912957978817,0.00201187303917101,0.00182795382123756,0.00600332106119007,0.0264735403217234,0.00834378312867905,0.0182267031020368,0.00126424530122495,0.0338436661627856,0.0182794046109096,0.00548048276905473,0.0718297095854365,0.00928718207546497,0.00261013716087963,0.0177268777072484,0.0227513682810628,0.00300938541669191,0.00171505595909198,0.0242992004725847,0.491471641077613,0.00406974580935738,0.0204634738434429,0.00510979308520534,0.0420429621992913,0.0275376985038749,0.0639835408308828,0.0052810538661401,0.0249602012784108,0.0204325117769919,0.0109512034883493,0.00497443905607641,0.00146871562810235
0.00340061290936875,0.00129447532235364,0.00141273676676673,0.00192092014841226,0.0297598652992825,0.00052518241636158,0.0133477789986639,0.00540945132470014,0.0829832323094202,0.00237069879395798,0.00283758737629077,0.0412510597041506,0.00777175657412901,0.000176975804032255,0.00189356732966228,0.00543307126661295,0.00293012976161214,0.00961250975917508,0.0053056939502531,0.0306218414292211,0.55799633860676,0.0108488429096751,0.000100783749124187,0.048764063302057,0.00467191707584115,0.0264942560735627,0.00324695336782044,0.0103426546196283,0.0218953612745764,0.00324949536956908,0.00995901477284572,0.0521711716341127
0.00399757882257943,0.00153327121577246,0.000444156220374432,0.014035081923179,0.0168157552258036,0.0128292021794376,0.000346119146573189,0.0144754427411997,0.0345687219679518,0.0233776318421658,0.00667130739420948,0.0133586945050512,0.00636046822106675,0.00377600584497483,0.00337471209009764,0.0280372741855955,0.00235507809672419,0.0305627723327424,0.0277565769951401,0.102781507805336,0.00340258667203467,0.436300047411322,0.0022993600392937,0.0292583294341374,0.102197988095722,0.0180454762148264,0.0077131870313267,0.0133867239385055,0.00620329731730532,0.00901474407413157,0.0158860494864049,0.00883485152901443
0.00488694670742146,0.00231135492808062,0.00254345493686328,0.00245404316798767,0.0688184190373353,0.0017519455135285,0.0596946734317505,0.0194083266413809,0.116900770773983,0.00443059864104539,0.00095045035362354,0.00635271195277007,0.00499691826975407,0.000870288504709832,0.00756695023570308,0.0178689054174954,0.00494595021008531,0.00885027476866247,0.00857030875013209,0.00702246161340664,0.0218125389968857,0.0747693113659163,0.459148113365647,0.000379092323396718,0.00625776159859008,0.000657193884795127,0.00150434304877628,0.00531608532494508,0.0127087923611756,0.00255577114156744,0.0343313899857957,0.0293638527467896
0.000529845571044243,0.0016709346220081,0.000870124383598913,0.000490591705020779,0.00316168320593506,5.10031055255756e-05,0.0107510171882947,4.64861586632263e-05,0.00520231391538332,0.00421678326845854,0.000488053049658895,0.0217032451414805,0.0165837877808794,0.000804592729813239,0.0104052134259533,0.000573970593291203,0.000721082904471883,0.00202689221326075,0.00753250598499374,0.0315893950617194,0.04107111198101,0.011913838443216,0.0223486269336177,0.703888165551393,0.0155739936599543,0.0208924237490614,0.0103217777111458,0.0227647739055903,0.0131519916500526,0.00382303535739111,0.00390976164197411,0.0109209774061392
0.00975494720317689,0.00770092339005215,0.000503060826764001,0.0238012852413775,0.0233874039055886,0.0209974447525722,0.0507581706962398,0.00093171964117875,0.00141238835477161,0.0243212197526341,0.0156763074402319,0.0445228419666621,0.00836771398143402,0.000884691971853038,0.004756828577373,0.00945606622807389,0.00310520865387204,0.0134412303007304,0.0015180799990331,0.0293188193672952,0.0199578812250083,0.00825658483453262,0.0246950283962938,0.0401960881515743,0.53038511662327,0.0046848476783349,0.00600579612189766,0.0471393104540875,0.0165535704522748,0.00367324032229053,0.00331397087304099,0.000522212616479787
0.00167970640988871,0.00396398475940186,0.0022992610776005,0.000836042457501301,0.0256479917386783,0.00187147257134193,0.00498191665015926,0.000541738390462566,0.0147406961284807,0.0103112029119617,0.0100716646473459,0.135631568780036,0.0109466593205336,0.000176362632395503,0.0110411639934863,0.00452931837116658,0.000829023257999275,0.00340809248373294,0.00945348591417938,0.00287893209837504,0.00140852965112932,0.00324345587452348,0.00408928040905768,0.0111635806626278,0.0140246527546556,0.601461099361766,0.00591629115644391,0.0660164715843057,0.028437118439307,0.00432020880753567,0.00381817342237015,0.000260853281550457
0.000138635881969268,0.000389664864177387,0.000542634470671951,0.00509943896445671,0.00174334636948458,0.00262345343956568,0.00175196934457445,0.0205318473455526,0.00313902418115177,0.0008270190805176,0.00405576940017146,0.137908331176619,0.000605381798263488,0.000529741149307212,0.000406696375941867,0.0032952789748113,0.00117917228106282,0.00303572162751348,0.00294665222048458,0.0283440418507611,4.32443979583256e-05,0.00810988895432387,0.0220721305515383,0.00453687271514452,0.0245192683929564,0.067521113001236,0.515181781260871,0.112493178328989,0.0130213670581508,0.00649725289391838,0.00399743435135841,0.00291264729649633
0.00190106366640494,0.00214835185164481,0.00155230182760135,0.0104995192830501,0.0638934013535647,0.00795736734720234,0.0115114081345324,0.0116362097300533,0.0803389269437333,0.0214622459045896,0.0126672862373587,0.110817714687767,0.0073379368144258,0.000713970768876141,0.00260439267921912,0.0202397708312047,0.00233096292588028,0.00229567220154704,0.00317062149847896,0.0034276430738357,0.0559860264863167,0.000457146482708011,0.0362414801229386,0.00643026318241218,0.0133367519936731,0.0182488959956699,0.0235222983316501,0.3977163249078,0.0517216160015976,0.0110218226719486,0.00648785951291745,0.0003227465493972
0.00147716872587615,0.0139047741550821,0.000477334612982519,0.00868458225181442,0.148099145688742,0.0092627130870611,0.0444350049216982,0.00150985153977873,0.151519479093061,0.00852572842117496,0.00981541723633479,0.00380675044652017,0.0319948531765226,0.00136640967375523,0.00488624366861394,0.0131155074408531,0.00118467777116919,0.000262034307599063,0.00298416283273217,0.0106041597216827,0.0309760272123991,0.00533814676587304,0.00106450460512758,0.009709384991699,0.024421520976959,0.0122555578916562,0.0182506030987326,0.00230669025570181,0.348685326815625,0.00868707893436711,0.0622889264543643,0.00810023322444197
0.00166794857815423,0.00231933191759057,0.00073277086868278,0.00438763300319536,0.0166749663492271,0.0126932138147128,0.0105630491199023,0.0211551122033307,0.0196891133879453,0.000455664073284444,0.0013939782287421,0.0440825362370161,0.00789587059348524,0.00122974657332018,0.00563763433874605,0.00541626015419653,0.000372746863402898,0.0162485894367051,0.00079492524435939,0.0302506864353726,0.0189585247985617,0.000599392022130888,0.0399384141961019,0.000778074901614843,0.0206762363900598,0.00105000938438066,0.00288108073595078,0.035896696191752,0.0131139610384119,0.649682141755397,0.00685183835574135,0.00591185280852513
0.0017504884490365,0.00786824290381398,0.00172717226144406,0.00427292093264718,0.0570218710061086,0.00508885496335253,0.0223046060612673,0.00272291224594342,0.0816798175187501,0.00130615326039295,1.71918521244033e-05,0.00978625214264088,0.0295515603817346,0.00242718418289431,0.0027937853947469,0.00452405439536812,0.00346400337343694,0.000169545635870452,0.00524377951360611,0.00464746218478836,0.0205194473726174,0.0032490043644777,0.00462258287185426,0.0116630940368074,0.00978542076512748,0.00092196792540004,0.00483752651847164,0.0185867663477869,0.00267660953350377,0.00407956445473116,0.664217789852122,0.00647236729713304
0.00424840915252519,0.000623984084385637,0.00179214792759163,0.0283662013823487,0.00145823334081672,0.0336149546508757,0.0773159858698469,0.00246487715920112,0.0151856242862986,0.021362764644644,0.0187895203133056,0.174401189614935,0.0136633060910322,0.000928569668427276,0.00405843902817939,0.0214961612377564,0.014957133060479,0.00793065196047938,0.000322793346726471,0.0394785732520681,0.00679634282210615,0.000393386314753168,0.00205010104963401,0.0974622496930022,0.0146103720144107,0.0233621763644595,0.00477941088517715,0.0437635805331724,0.0321114099591304,0.0132255929425574,0.00573941175999763,0.273246445589676
