0.3890825252121728,0.011066116123375973,0.006654314575116713,0.040964141918132135,0.033985581742125334,0.024824015404047963,0.04324980866386041,0.03795119003832845,0.06022436571886055,0.017751649577472824,0.012141421790521776,0.013011375362577852,0.006507246761581124,0.0020256694402222,0.0034621906048878126,0.04077581521350807,0.024610403274029448,0.007948580906518338,0.0030801435831255375,0.053622561094472575,0.013183499039175475,0.006135427346667237,0.022952974901776863,0.04911603696018431,0.006231522115945475,0.007999841101896025,0.005067608946641087,0.01096179990392459,0.002905468860416209,0.0038526100712321367,0.0058827389287887,0.03277135481841337
0.010886151333671512,0.3683925015932954,0.010309553258857898,0.054095546681793866,0.017518447993185013,0.03626125932527988,0.03218123761915402,0.06013892682493568,0.0409599044553679,0.019660069615503914,0.009801678853447737,0.0085729286982921,0.003848977963575837,0.001801148461710193,0.003923572743672587,0.033488432272739725,0.008541612927215598,0.005686750465681337,0.0016384680015313752,0.0215788477854969,0.03765008743050841,0.014788149740220627,0.054013340021828955,0.0371388760193845,0.014715400234523538,0.009356451486823101,0.007189274961731613,0.0167011940703079,0.0045670508325501,0.0031628916199977993,0.00379209662969785,0.047639170078016324
0.007744994206201176,0.0090390320045006,0.4326074170285121,0.051631111109154255,0.0446763051951855,0.016428946863517563,0.02303866885968095,0.030715314650197053,0.03681083730805288,0.036017795660692326,0.0165226687510429,0.0154436294096847,0.0077381340371639245,0.0015222953288709874,0.005632013784505096,0.03738556740099744,0.0017502165335618407,0.0031313711563510497,0.0038958801894209624,0.046317012147441376,0.011099844392360614,0.008351836107719588,0.026808024404402116,0.06178679091387244,0.010550202779390538,0.009226141264014137,0.005737644451337887,0.016487347428249848,0.00416234462539695,0.0023045959126125003,0.004037045053177325,0.011398971042730847
0.0028513482294447,0.004201776541683325,0.0029423118542600754,0.1902407168282982,0.03554869609154501,0.018178286400420355,0.024716545821682718,0.1515716729330788,0.011421545035327788,0.12966015894519523,0.05928516194476336,0.0658530529157358,0.01985411673062921,0.002716793250948069,0.0193246970195853,0.007834266875309888,0.0007134868820120482,0.0034757134517471875,0.0015330474425043748,0.05893694438071174,0.016645859321853862,0.00342810651960285,0.016577563790009638,0.05976934944714715,0.01344931812789665,0.011830957845306089,0.01038346104363435,0.043488930586607355,0.0033952844708744446,0.0012153310728251626,0.0031023489869785753,0.005853149212379937
0.0009163002984267751,0.002625558873834412,0.0015453581050316682,0.0906087479540138,0.34886556371208644,0.028055346635800105,0.015804689427290037,0.12073253043283463,0.031761372631900035,0.02998387750436079,0.01209216240038304,0.019796547882400387,0.006647039283772575,0.0020359377537821,0.0071399272582292495,0.04214448487751826,0.0012891588648749875,0.0018806681732079506,0.0006773089261090364,0.07731941955071428,0.009361492367748537,0.005404427578725662,0.015559943254319301,0.08416735730881718,0.00858149557708392,0.004407979731796356,0.0036329325727014875,0.011354962784596714,0.004619257930644088,0.002531936348294787,0.0025891067618101287,0.0058671072368902365
0.004330138905897388,0.0041458663546888,0.0027706830223456626,0.12679372650478368,0.03903367588394699,0.29037959808979413,0.019618635949191245,0.1667591222258102,0.017113253338629248,0.052556760870928476,0.03361257975142062,0.0128362659395324,0.01115149292844046,0.0016708395641861374,0.004192686228304355,0.014644112368666262,0.001438200201830508,0.0038599835159991496,0.0015048454547316498,0.05271930066218846,0.006031504004002012,0.007144984176003488,0.017852961715127062,0.047161409183939254,0.0165311911381199,0.004210896716382226,0.005575856730053832,0.010380505258236975,0.00171266562937455,0.0039030928517415873,0.006526881624392275,0.01183628321130995
0.0027357448427797995,0.007758822351372111,0.003267999151220475,0.09248449993405344,0.06131244109847176,0.024096652723224185,0.2837395817577281,0.09969810941902746,0.03138433657063101,0.02656541182347805,0.0064567496309461915,0.011976864819568452,0.006367203140436764,0.0032856731326292125,0.006262652754115737,0.019539452396432927,0.001230459552671911,0.003951411685564087,0.0013495733986888625,0.10191881265215816,0.01626952654163681,0.004190581359689776,0.02483502907647375,0.10679418236654856,0.019856920573862975,0.009101308748629189,0.003415415520629825,0.005089389161275087,0.003964983900229212,0.0030705003276487296,0.0027960903040307114,0.0052336192841457374
0.0035219269866829496,0.0037571644157805,0.0020810290186101628,0.09410605233248086,0.033312915892711736,0.01698759505110489,0.03975594918367225,0.39391808337493633,0.009958377560595975,0.08335709080010281,0.03539065526309117,0.05081002939959058,0.01749957262394101,0.001434195690884122,0.013654734920423524,0.008420560916595165,0.001048588266958687,0.003118100411182812,0.0012461086851522124,0.04528379582474918,0.011607373143010687,0.0026897719016935754,0.0072604745486678866,0.0479757407692171,0.010027349234491563,0.008936241148114537,0.009115024295370063,0.030673979571204057,0.0028143146418718313,0.0008705483307900725,0.0023396354488719887,0.00702702034744865
0.003457148387818189,0.003712216793778825,0.0015287557133067003,0.04418300080429353,0.01636181085987934,0.010645618074808138,0.01998434190462571,0.0404487722356329,0.5101974734334312,0.018646548174908587,0.00949424221124495,0.023714431953996074,0.006130366935921551,0.000838108463523686,0.0025618674123891122,0.043633638940897376,0.00410205598578285,0.008806085593781076,0.001306029559757375,0.054173944163247514,0.005373391628887925,0.01469201972073675,0.01942243475180414,0.048787755938617464,0.022212748754316725,0.009400833385805685,0.006451387393431263,0.03236134001159977,0.0030082002119091373,0.001307575646067025,0.0008787416348855704,0.012177113318912849
0.0019571881888354125,0.002771504403618001,0.002020951447095462,0.08323210469848592,0.03288484971261814,0.009875835953683902,0.015586900580617688,0.08406318011291819,0.020824733677120826,0.38914477705393025,0.047853896233685675,0.05727498829944576,0.0132619308365006,0.0024720705543469874,0.022555254927539948,0.011539954824820037,0.0007833763984494374,0.0032524201487428,0.0015863964515534252,0.04027683473326164,0.011639654024746576,0.003010330417104301,0.014918272634730338,0.04960053332194435,0.010048009001076238,0.00700012935655335,0.005930203476269525,0.041342441058150305,0.0031664365658041873,0.0018531026158948624,0.004171208396201101,0.004100529894254025
0.0017710332910488625,0.004045113472735187,0.0049788458883648495,0.09630077814288246,0.052847322909012194,0.010563731183861388,0.033975147416942915,0.07182189225508805,0.025769528265360934,0.11298297614592852,0.17791576195673564,0.09495173410202508,0.022951161644320293,0.00252749364203055,0.014726826276737662,0.0063572158852737756,0.0011681936990770064,0.002926792819336725,0.00133345743083295,0.04156566327098994,0.015968631526708525,0.004898564244144173,0.032453384206206484,0.05859845778538589,0.011295955026013263,0.01213435082747769,0.006499780109435988,0.05328094012626439,0.004803451079317218,0.0027798273845614503,0.005169225053631015,0.010636762932268074
0.0023556230139512497,0.005396802101546568,0.0018602032442116697,0.062294442097661315,0.04911839783307577,0.029727461148107148,0.024448859507410894,0.04904788646825865,0.020958640063211662,0.039907914571994274,0.023056916503351375,0.300737462620795,0.011121702040624551,0.0032861480209542,0.022878831204861862,0.026768174749137837,0.0018325003782865249,0.002744717510344525,0.001042972453385386,0.07789036529077568,0.024046935504222922,0.009635362596049687,0.047337660997538195,0.07240805879575425,0.0081427538454363,0.01226442209541925,0.011898433772820276,0.026778942433217472,0.010748907920810237,0.005083576506670051,0.008897116218546199,0.006281808491568325
0.0023596267891302126,0.005696187684772713,0.0034608977977600526,0.08001632974760285,0.07628627946472545,0.03240898505304382,0.041428673321170145,0.04593173752912337,0.028344072760421037,0.0366563752387985,0.018711760147922925,0.030558849187227333,0.25056478343039457,0.0060894468149623885,0.021164210430802622,0.0258067971645224,0.0025456776737112375,0.0031568926450095624,0.0014948075299376154,0.0493039406021512,0.01918992858794624,0.007394762150914701,0.03868757363772229,0.07147513316605633,0.028902428518795428,0.006165108374626613,0.006516074065500787,0.01864055929607214,0.016694240697877838,0.004532791335020763,0.007450737806292549,0.012364331349983862
0.0037676694731418464,0.0045223491521966626,0.0030352002878283,0.13267312162067207,0.021512227106274026,0.03841801371964885,0.008884760803926188,0.14043441831658499,0.0264906925288824,0.050455164329814964,0.011446807133173788,0.02965325591935432,0.01491806980175305,0.345317657319925,0.014684079863172411,0.01448454647467525,0.002107186367897163,0.001001968976345292,0.0011952906839163124,0.01981391009933413,0.01446153237212859,0.004144596839628263,0.016013626737961337,0.01726268165623,0.010740520215253999,0.013240529186790615,0.0046831552124079745,0.019700270867285638,0.0058886207128537385,0.0011619369132210376,0.004246338877978975,0.0036398004297417703
0.0016222305656798139,0.002144101269772825,0.0010909710802996125,0.0391564578957825,0.0760945589938377,0.03229886636248347,0.015239577607976248,0.06043206672958245,0.026971882702121034,0.021207569477191414,0.01757824453270044,0.028345991361019524,0.014204042648238649,0.001635044897810429,0.4383220383675619,0.018251522575679552,0.0018474325333371375,0.0019302127208911,0.001806160418269878,0.035633935213651574,0.0137123954849731,0.0048278653963771,0.018020335500119587,0.043093282718233025,0.0134579383945056,0.009049422165494687,0.009753880171853,0.03724748898513966,0.0045903059317377246,0.0024915673494747027,0.0034176386958051997,0.0045249712523986255
0.007377249396581025,0.007241068875929199,0.0011241526154200478,0.08139067106134716,0.02470237962014839,0.008490556101653264,0.0905227373957751,0.0635592189011035,0.1204714934967464,0.03162952637956067,0.012575677501702725,0.028480412244624675,0.005926425734708449,0.001740862824703025,0.005033699010607226,0.1241999977589098,0.003630035835501513,0.0066540157428364,0.001888139332248925,0.09847469428856075,0.013668262212118325,0.008753208868344508,0.027049092246195016,0.09662767199316381,0.04064652028597947,0.01742962352461911,0.012514364091041426,0.032427766133132155,0.0053433917375787345,0.002789371406479826,0.0012560438439214439,0.016381669538757245
0.008450523835653612,0.003230498285961575,0.0031852914611078375,0.04763278964496077,0.030784086396156013,0.01466263947633935,0.03477837318614264,0.0293270722181304,0.044722244860435925,0.023056937029610862,0.009653734473880711,0.008915042025203263,0.007130706113312011,0.000643666425459575,0.004662175362346725,0.09164980805815796,0.403820853290131,0.006975180260151838,0.002364676007450175,0.04746398033810574,0.02418083267082581,0.009507854272628902,0.01854570854138434,0.04950792568696733,0.028144249417306363,0.004154074196133525,0.0027458771758423106,0.007281820171470912,0.001891948628558545,0.0016448131144702596,0.0036190370513259997,0.025665580324386938
0.005547139702474287,0.0017437763299102374,0.0012489232414822251,0.0498023737121287,0.030919838706476025,0.01404324687489795,0.013510775943778098,0.04144219494625498,0.02780673244751116,0.0157590720854164,0.006720428259073662,0.012262617500414937,0.0046950331707583635,0.0011518925991135702,0.00405079293082965,0.02549985846606643,0.008028625887588625,0.34935965161935456,0.004304077450889325,0.11572726768843358,0.0287633348673231,0.007508960329734287,0.06576450033791635,0.07590610498108329,0.013357416986094899,0.020271267744302025,0.009851204025715272,0.021089831303816246,0.0023323133789014752,0.0052406906769471625,0.0029662844325182252,0.013323771372794176
0.004170898995081063,0.0020628577405642375,0.0006832341291619885,0.03399383576661075,0.020361676924084023,0.00984243318462795,0.025243972001984537,0.030361783965693476,0.01624518623987475,0.012691926243917188,0.009999451127084325,0.024423775608307635,0.010989653060077289,0.0025068060625912,0.006458306912610413,0.017386553980583797,0.003158166532067944,0.0026854677148170874,0.47725719648477977,0.06649007527152079,0.030650223540859913,0.00836805372731025,0.036927470350711145,0.07196903682319852,0.0070666647101632635,0.010888146362899725,0.008797733436531974,0.012399530436989764,0.006450252025498487,0.004249091678826013,0.015059710321837462,0.010160828639132376
0.0016221766409042875,0.00211349778294185,0.0007543546228275625,0.04954004503830253,0.026592761694561404,0.013516688237232368,0.010395391216585063,0.03657025134142169,0.023214943580856996,0.01624589718838013,0.010329582139013787,0.00535507123884715,0.006524482721677087,0.0025336330590834105,0.0024912255617371083,0.018329617058599187,0.0017800731076964501,0.0035640015834804677,0.002676951059655162,0.5471450466540085,0.011420931156429738,0.01929196193800049,0.05485651163290969,0.08665275058548645,0.010533689022648013,0.007847379040638189,0.005452534648538412,0.00872266607356419,0.0037565546252861875,0.0061419215108525875,0.001086020104100075,0.002941388133732675
0.003342647044026875,0.004113411759708888,0.0022807584427066304,0.05490839761686221,0.04970895369534013,0.01819262046873556,0.041226444227920336,0.04825504916019362,0.034276137951080365,0.016064365879574875,0.005427586354402275,0.006982171359881075,0.006237138022615787,0.0013431909501216502,0.0014279499828882,0.0625872277146528,0.00506172458233845,0.003932857908176424,0.00252335899964619,0.11497694473433469,0.1637990343559756,0.03160934917149113,0.1655704030612709,0.07040156753967444,0.024792007509735325,0.014560593446843236,0.00819193673230705,0.010920335990887164,0.0027189023887185123,0.007253843980510811,0.0032446011943700497,0.014068487773007822
0.0030666711683502252,0.0037399727910824247,0.0018773860437476125,0.01558603535305965,0.031948862774146776,0.00809210641914665,0.014650532708946187,0.025667804426885914,0.027993064419319338,0.006335514817653587,0.006522938391667837,0.01172756937797325,0.004774031251849341,0.0011101354617248723,0.005377081082402726,0.03505483383746676,0.0026377098719880623,0.005602452763129837,0.0021473929972001997,0.09213061530570806,0.02058495128178679,0.3918033341986606,0.07049168125256008,0.10385366381727688,0.03273793938222676,0.010298045568011524,0.010866088359784462,0.021497251873220945,0.0027714319423825123,0.001935089711913225,0.004291802339596387,0.02282600900912981
0.0038427437757048,0.003749174538534937,0.0016341254810602007,0.01444637168278016,0.014298492390212313,0.006065671220708426,0.011664161989628838,0.02055271580736405,0.018307765881564065,0.0038025155922013954,0.005086486658190875,0.019988508418796735,0.002751343093571125,0.0009596248039388874,0.002932946023113862,0.020324085267538226,0.00299549652704475,0.0029006640641818186,0.002526682299706587,0.11396587767457034,0.020762680308324996,0.03183843838869424,0.4792569793599439,0.10809618669366522,0.01825301413719275,0.011845447358625864,0.005480799394436237,0.02413290509256348,0.0027662802582157503,0.0022204727270348154,0.0020423535461531377,0.020508989544736324
0.0018298795944382627,0.0032956491891187874,0.0012499956115086788,0.07478573250011115,0.046825428036955594,0.021107011489952147,0.01749615810958304,0.057426160593160865,0.030201210544636963,0.02379666266602474,0.011862796152075613,0.0067744015593004,0.006275316178429537,0.0031569946658961375,0.0031731339404723747,0.0279317540547153,0.0020554981988036,0.004469741167142299,0.004792826689598458,0.3168946809836313,0.0147926651273198,0.028664532920320486,0.07289658822306046,0.13542686367249607,0.02001186700574246,0.009928164512608199,0.013461233324656414,0.016003880400364084,0.004644669530381788,0.011775388561807137,0.0021149405339002873,0.004878174261786725
0.007203227218837638,0.001132638822261251,0.001027255717408263,0.07359841170063167,0.022659070240782165,0.007433787183646425,0.04857938608702793,0.051830289602584706,0.03127306871993422,0.020294690906686962,0.005752916435548788,0.011887054881807612,0.006563001406748737,0.0020295085073936,0.002913226307565113,0.027518406592124855,0.003967762715794516,0.011375640266133911,0.001854514841287325,0.14154945553314133,0.011603424766425424,0.022756266410534853,0.04110532200716233,0.07590719160045396,0.29492243628858916,0.018467089919292114,0.015229191180470888,0.02128246384848146,0.0019423718189176319,0.0029824876062442,0.0028025234901997995,0.010555917375880146
0.0033873154294993624,0.0030392535471163375,0.0007989609464813981,0.05774477408173289,0.01942776604141155,0.012595227174456387,0.013673632306333205,0.048619904242940715,0.021111454085162962,0.018042015141794737,0.017922438663951035,0.0142874002530739,0.02125434472990385,0.0017486733215717,0.010042517510928913,0.019582444277989837,0.00276841473415808,0.001149050684667489,0.0016259122029354874,0.08421066914777554,0.012288218186816312,0.023920749153497713,0.02595767075174439,0.04938297484292052,0.007106521232583975,0.4587111193642228,0.010002542752229627,0.010110372307707912,0.00880975479735695,0.0032239540081494752,0.013400934868838962,0.0040530192100454
0.0015491093682948004,0.0025013871666310626,0.00061946925418275,0.07437722414883358,0.01737471355045486,0.005521656323602887,0.01692427252065337,0.06445516917875377,0.027035565209660863,0.02715522376025526,0.014939217715941325,0.007175951946265712,0.011648093202395187,0.001324442623952444,0.011337972980108612,0.02847001852210624,0.00204595321120025,0.002599745266943529,0.0021884449267291625,0.0825552525135686,0.013502746846778636,0.04530781561939344,0.03615806512527463,0.04339659831679094,0.006226778006937037,0.0291884492854748,0.3829453250981168,0.007970053161403562,0.005469821200112203,0.0030586854412125754,0.02116669681161331,0.003810081696356837
0.0012771532203589375,0.003274061520990275,0.0019026497851986344,0.045905238954152314,0.04807746520547696,0.017469729709778777,0.027075972114790986,0.04485886105940903,0.04120388166854273,0.0269632103459458,0.022961773197530937,0.02610604678219157,0.013860534144731873,0.0010218050207805736,0.01577227490993721,0.03311657949275077,0.0007616639283400826,0.002399840571744913,0.0010818261854196722,0.12539560460032215,0.014491054981073337,0.005908394645105624,0.04682413374718999,0.11940079044211752,0.015007624790411638,0.009615401502812163,0.011340298832228613,0.24604524866027463,0.0168347905712592,0.006198381668966176,0.0038077994813511037,0.004039908258815025
0.0020997140629401877,0.0011547066363636496,0.0007362871774257,0.04764211363463276,0.05289899393960914,0.012550925823218127,0.023020758810764125,0.05668188512974438,0.05134613146535906,0.028334497525127476,0.010733524576303648,0.014836324193980387,0.013015355029592637,0.0010441343775652214,0.004614537329046149,0.0147541433150745,0.0019690404482034193,0.0018400998797737374,0.003608445360793212,0.07075961064420408,0.016513067636097226,0.0133769893253409,0.021160490033213623,0.07694964997288255,0.018323636649098075,0.020567150386609088,0.02220938186272635,0.023709568625040586,0.3411981434848475,0.014244758558888125,0.008087813776237013,0.010018120329296613
0.0010871204306380858,0.0045705903097961005,0.0009605328141575626,0.04441778576370369,0.026756596449666128,0.0057074210008402,0.031252380436734575,0.027299587543033476,0.019036135069282027,0.025046582773428878,0.009271786227735711,0.008686429557350188,0.005488679927017171,0.0012400149193063207,0.0026122260251877126,0.016922196971107164,0.002615195826240425,0.0032355606104119126,0.003728053770303658,0.09107656286835243,0.013717766366881075,0.007590495757481821,0.027787673518656013,0.09331020852565325,0.013514903863622202,0.01879779351556215,0.018583013067021426,0.010994383975252323,0.0029290566206021875,0.4461213988995134,0.010726643687406374,0.004915222908053425
0.004352519789879,0.003801556878146075,0.000518063272562218,0.03564145815706619,0.027239056456916988,0.013380716468079158,0.020430642136146964,0.03267688170378565,0.023322861924951227,0.02472119760176836,0.016814379843165563,0.017242540794913764,0.01384517738993941,0.0006884014941984727,0.006941539712225487,0.023833131535711014,0.005031969525742587,0.0019846521950330626,0.0028203465331595665,0.03816392397321343,0.0067205682148364755,0.01202263157108495,0.02916581505435264,0.04618723197432966,0.006521274323307449,0.019953017225194988,0.00696030462178025,0.01676947899107294,0.004217289936068688,0.0038365266523240752,0.5318772049033166,0.0023176391457263123
0.0052256131104888625,0.008237345964000685,0.0015505758029972375,0.05973626781803139,0.045163190413842876,0.008555438072521923,0.04516507822974717,0.05592984689059079,0.031424433698405585,0.016596116962350575,0.00893094136966245,0.015927207819754798,0.0059601047428528,0.0024725615592635876,0.002612545297478825,0.05024407718820188,0.007294401212822411,0.01042213432100744,0.002165400348908714,0.0811100377364665,0.024868756908545495,0.06203975059073002,0.05993534346582842,0.04361935595032335,0.044918597574942314,0.01669760022182954,0.0086812376205494,0.025582131313398187,0.0017281525919102343,0.001562993393869561,0.0021177541783351877,0.24352500763034113
