0.617149363945922,0.00216392706277536,0.00621788049598955,0.019734150934176,0.00292571688633181,0.00387775336112259,0.0194344922656976,0.00374005566104357,0.0308964328789716,0.0113142191951887,0.000191428677846095,0.00504715110693546,0.00505708455259933,0.000843163783105654,0.00151871274593608,0.0133276775803029,0.0133483204472688,0.008160452399895,0.000912176245932145,0.0486176626481115,0.0126766509782433,0.0102404812639173,0.0365649591840167,0.0403974918161986,0.00526947179845314,0.013224896005123,0.00370878363116096,0.00290165225534289,0.00666681676193186,0.00286985171225106,0.000817619702479819,0.0501835020157301
0.0411222732451946,0.411757775557215,0.0157562825602824,0.0524496723887655,0.0483635459904481,0.0133863650979151,0.0359424163825443,0.0374731831851102,0.019680841544772,0.0246310083423955,0.0107926163474309,0.0163848173731654,0.0108453266089975,0.00118188085772501,0.000408141553376078,0.000898922041585722,0.00152261502520506,0.00343019627442641,0.00080047433899334,0.0253127535033054,0.00688215238414747,0.00708133055997815,0.0331957465811536,0.0115013007925639,0.0364807493619819,0.00797493654788924,0.000161432278643221,0.0137069776837355,0.00934982866295444,0.000730534335664074,0.00207875986028743,0.0987151427321474
0.00687913954295951,0.000193328495678705,0.410694326617645,0.100224339419287,0.0402642619876852,0.0109022453172734,0.0400389626741729,0.0639265370045082,0.012490676466714,0.0578917423038388,0.00925771105740386,0.0284253196489822,0.00278730183281996,0.000123008628150092,7.79946951240659e-05,0.0595574540434979,9.95475570000245e-05,0.000980215098609343,0.00386437969322793,0.032076191284278,0.0164607987276697,0.00206205858656784,0.000836943392523811,0.0241449835058888,0.0182851032646115,0.00114910404933059,0.0114853418127685,0.0309424835504396,0.00197552943502345,0.00173999755462954,0.00283182477304904,0.00733114797864229
0.00205930852715493,0.0013711638922844,0.00248670261920118,0.12221709966123,0.0445532545523185,0.0064582134743066,0.0170425731198332,0.117553720150905,0.00703924282721164,0.338904476308098,0.0717930499691208,0.0390730572680151,0.00299132193881293,0.00140249949812097,0.00093600482477523,0.0360046353106489,1.7228060477886e-05,0.00251645706640591,0.00192877712661628,0.0638338830889611,0.00491175707887732,0.000446015890036917,0.00972510592406927,0.0436728647099528,0.00138492728646075,0.0130178521688975,0.0151072168736943,0.0262946820479393,0.000652816403058227,0.000319635504749824,0.000358976460268503,0.00392548036749742
0.000414459624355194,0.0028672774041014,0.0010597631765329,0.0643193302100906,0.186248537908473,0.0278704957349813,0.0593757439768999,0.142571822107684,0.0835927353400788,0.00487638732166831,0.00296824118787162,0.0570165030858948,0.00138376650302231,0.0020579554449228,0.000947579555895715,0.0325026232538591,0.000297212063150015,0.000713850418226781,0.000455139033009939,0.105073467145282,0.00037989511730527,0.00065711879037823,0.0123019309433133,0.0975248129070442,0.00651458193830614,0.0144570218359949,0.00737793499998505,0.0411111265105879,0.0214135910194338,0.00618078383945399,0.0130019256202299,0.00246638598196676
0.00121207495376259,0.00460609715306344,0.000295729066165595,0.209152351346749,0.00650397088298477,0.132772429308767,0.0200814686676824,0.179155249736233,0.0058157554137151,0.142002267897495,0.0309222257010699,0.0280352806929108,0.00401464324324576,0.000576176914816351,0.00264822817859865,0.00161515142089385,1.28745048590638e-05,0.00144983635981161,0.000727809739761585,0.0849603203321576,0.00496278262596569,0.00330949714236543,0.0149966042033688,0.0669979499270621,0.00595017836967644,0.00764944144023956,0.00343833056926335,0.0194167034689435,0.00228207945306338,0.00476975960321842,0.00587980116450865,0.00378693051758099
0.00159819375114639,0.0114011153063553,0.00129763080063303,0.0504537424395966,0.0189990949324448,0.0257977398438933,0.441402063703744,0.104106794295587,0.0429179297454507,0.00194317281555799,0.00240065007704704,0.0160439350157797,0.00916834145874048,0.00527104058229529,0.00254050265511709,0.0181351871429119,9.85765605427843e-05,0.00359965055986457,0.000721941261909556,0.0739686465150118,0.00372476215572693,0.00120699887543791,0.0155790426057159,0.058237193214559,0.036233824468264,0.0131960792516861,0.00254915182659887,0.00781522297071154,0.00823553385513784,0.00712580866154824,0.0120315887345449,0.00219884391643994
0.00133802793325553,0.000933115194238998,0.000628584890723087,0.219847237601918,0.0120467508845685,0.00537976404294287,0.00402494283768947,0.253897600554956,0.00651190866215512,0.209187553263234,0.0420737074017481,0.0485874290515269,0.000984399907274183,0.00129211943351959,0.000662356617948979,0.0160777081033635,1.37558711488989e-05,0.00157693105811423,0.000980038149858269,0.0557835861414422,0.0037629536421559,0.000407232120516103,0.0095405785234966,0.0408909865689242,0.00227522832158915,0.0109346179993755,0.00920936285494835,0.036160032015301,0.0012510483919738,0.000206054112769468,3.43361778646042e-05,0.00350005166945782
2.04261091180128e-05,0.00249912091250204,0.00102129658496286,0.014934071336391,0.00861013228368121,0.0016767689896186,0.0204549734783426,0.0101926385370093,0.490233631573417,0.00379873515004058,0.00315975524100697,0.0761056616784712,0.00180649894782693,0.000538332641086289,0.000401090920312001,0.0329852430105151,0.00601047211375405,0.0209003087758806,0.000489598468223706,0.0682827124377321,0.00380811433752141,0.0173718889232715,0.00999285866946691,0.0741758481688732,0.0108254755735318,0.00379450088365688,0.00372612039807152,0.0906731860108533,0.00955337089954487,0.00122515389554902,3.46255006322102e-05,0.0106973875491356
0.00108403110420113,0.00120850691591893,0.00199086048881221,0.17051955251996,0.024963207411466,0.000572698411808011,0.017523890935008,0.0801088014875746,0.000443184538680556,0.453096640494684,0.0595120948835031,0.0604667283112505,0.00589127693413476,0.000615409377862997,6.22290299040741e-05,0.0183013644676718,0.000123902359586665,0.00172012927543507,0.00105934771365114,0.0224575261272906,0.00320155673065573,8.55979829847853e-05,0.00341647814467549,0.0108535818510561,0.00109333614993724,0.00585469013848746,0.00755258415844395,0.0381615298423299,0.00185346812244093,0.00125372925691101,8.75020946851447e-05,0.00486456273898704
0.000329018846061987,0.000963023570335947,0.00413030982624413,0.115623915505658,0.0110154472985095,0.000743221999896839,0.0139349583265129,0.0812779508468379,0.0048704764463841,0.195784344626958,0.0244259473888245,0.284205226699853,0.0113054062181424,0.00253577644122681,0.00170434895138524,0.00445121964017733,0.00119661930566832,0.00259053585340856,0.000269147969799021,0.0169285267640784,0.00582210921957536,0.000178170469399561,0.00171416045082755,0.0161079480629021,0.00307140225460488,0.00477507584112849,0.00456143435123202,0.158105145648855,0.0106272612419463,0.00569424465028973,0.000789433719688925,0.0102681915635879
0.0019270682947524,0.00978720445027082,0.00106710579191124,0.0271794062254342,0.0243151545616498,0.000580160146021743,0.0432402380193423,0.0192074170971421,0.00122458226552688,0.0266073394866111,0.0243203511271471,0.531169425846908,0.0107495207814286,0.00319705374322385,0.0134464177298808,0.0292372526624489,0.00126265673840419,0.00097015275493169,0.0024805569696322,0.0732747789588793,0.000134198452041944,0.00357252326221864,0.0136001141438285,0.0755564109645868,0.00403229664346853,0.00407081980571345,0.00172433017728481,0.0219280154526583,0.0187064179415237,0.00689003890218063,0.00429759252204549,0.000243398080901855
0.000583214203860247,0.00415338652889854,7.13455370470214e-05,0.129949249580516,0.127720585939526,0.0146987741507286,0.0222022567614689,0.0492117183643213,0.00421792332264789,0.0346066163220062,0.00461823163176535,0.0308416637426215,0.207697848361528,0.0014560787763992,0.0369315799237375,0.0400403933499081,0.00134891511143923,0.00331405652658362,0.000349236101667228,0.0799543698163034,0.0153048087674805,0.000273815680280644,0.00337272971689853,0.0737607957271527,0.0236707464830658,0.0080193954746428,0.0143440368425082,0.0551465722869631,0.00282066988597327,0.00595827042672695,0.00296047891168785,0.000400235743647112
0.00411696423243998,0.00145969317799506,0.00015637000817107,0.131465179170383,0.00344347528440129,0.00190620140474906,0.000262418090829063,0.0259957127990317,0.0346876854540062,0.0595361463908373,0.00850941680176651,0.178721616490871,0.0224245861497506,0.330509110721079,0.00576008379855183,0.00395965397612387,0.000357282851967513,0.000770342936514071,0.000950066021833026,0.007445061895692,0.0166598552342055,0.00608147866021866,0.00443084371470898,0.00488250261990569,0.00885078651447417,0.00778056341739767,0.000281026120381908,0.0862049834941398,0.0302543776650824,0.000248676255124386,0.00767683686641112,0.00421100178095688
0.000399680419993473,0.00420767748389638,0.00046111150615708,0.021537375061189,0.0963300872945848,0.0123029372794425,0.0210558174257915,0.0516401896228215,0.0078283980130012,0.013381434863063,0.0202590282774575,0.0840003855131066,0.014164970408889,0.000279134369490637,0.407431311183028,0.0148632236152991,0.00109681364676672,0.00230056278015357,9.5820377895368e-05,0.0093413902932453,0.0119258632975968,0.00107132091177185,0.00132584602410996,0.00856839683490512,0.0465853570234101,0.0057534751495014,0.00355133533496839,0.121296543810596,0.00985309657408649,0.00249306538436317,0.00254849976301381,0.00204985045640472
0.0029740944739538,0.0142364216375612,0.000681869969148465,0.013811621893346,0.0232664821455034,0.00596298497276668,0.0989240621397448,0.019389418685195,0.116283883346251,0.0145041388089721,0.0103951638967308,0.134780889854783,0.00494995268995949,0.00169054892520155,0.00310082766908339,0.061482072417933,0.00835212641554883,0.00880308450659837,0.000624437705498152,0.0946355397186774,0.0105797280594107,0.0045837308331864,0.0224226515987289,0.114301401571563,0.0154947735977278,0.00330821278132528,0.00525825383571137,0.161096659127918,0.0149105196236852,0.00377516751532535,0.000191559637421103,0.00522771994554044
0.0130889922799435,0.00496279466382384,0.000784532123084008,0.125596851818648,0.00284837596488934,0.000889337548242934,0.0124050789547421,0.0486540603328589,0.0260493578240205,0.0530459576961851,0.00523252912223112,0.00283100774512982,0.000732371885661007,0.000307578931565076,0.00348353903561094,0.0680330726387291,0.371954000849025,0.00579666823793966,0.00231453816097035,0.0599511393379238,0.00817236183984177,0.0169795159502068,0.0237426614056894,0.0586884711372049,0.0580325521932497,0.0061732056577737,6.16536161040844e-05,0.00141779275137907,0.00119360420208886,0.00086585712614452,0.000230498851102791,0.0154800401179901
0.00862787625355257,0.000664884964737437,0.000593181680069029,0.178443002761502,0.0020198271640083,0.00345813880586141,0.0395469964211391,0.123424793128744,0.0288446226573943,0.0384883920465366,0.00837673904132635,0.0289894058940879,0.00104078980327022,0.000358485591040673,0.0103025709577854,0.0309226211515353,0.00242183935412769,0.171542094700107,0.000398697342525645,0.154790063602341,0.00248897029347185,0.00244607609808952,0.00524526580930513,0.0582906788046429,0.0216623258398975,0.0155980994847136,0.00435887448189454,0.0451282599189427,0.00377701910240711,0.00223470726767975,0.00327524065281596,0.00223945892444684
0.00181658205747807,0.00501060780074075,1.95769603500716e-06,0.0328903283176405,0.0339170652221827,0.00066312261242591,0.0327895510535964,0.0277263406984099,0.00843001334944628,0.00263942549780581,0.00116660958701951,0.117161629999993,0.00398988794171662,0.00377588745008741,0.000328612258017799,0.0569656031476079,0.000688091738261682,0.00241954471573169,0.489656756099512,0.0166004071881482,0.0251697009336668,0.00320100784700614,0.0138339109011139,0.00242792006438048,0.0165693638904892,0.00358425007751337,0.00212766676396617,0.0650399511426738,0.0080854508205179,0.00320050986468688,0.0174504994786344,0.000671743783494588
0.000568312870282133,0.00151515175864171,0.000129175005585179,0.0592412395628045,0.0109905007679555,0.00409685922799328,0.00802312035560655,0.0300864641744515,0.00565530886190497,0.0139951400992085,0.00107982993809943,0.0167600679799785,0.000425156969585216,0.000700272859940591,0.00045768478516388,0.00373621972663356,0.000186020314007611,1.92973650010423e-05,0.00162661429038797,0.576581960401416,0.00247647816534879,0.00103070484953825,0.00742663049683167,0.223902329808392,0.0066675988859775,0.000788271658987114,0.00299936450486013,0.0111638780510403,0.00273218012357248,0.00384012742808229,0.000133447811330978,0.000964590901391023
0.00247776060461754,0.00621505225033755,0.000279185293080171,0.110160850001587,0.00297262489923269,0.00152896183642275,0.0129715869400891,0.0490675413299897,0.00350483833622505,0.0422602888407681,0.0047552000707528,0.0286251465654164,0.00590986699463401,0.000761627926636232,0.000151794490585654,0.00252380954229622,0.00463406545151072,0.000146502300410454,0.00275941824255354,0.30858344718746,0.117885092015864,0.0189960704694445,0.0308165123940615,0.163839637449496,0.0102524967684374,0.0050408766392792,0.00386301401157359,0.0312902693296763,0.00218096716787873,0.0112834313370551,0.00594707019841665,0.00831499311421159
0.0023352435255777,0.00213761384570397,0.00075059410315139,0.0221336807370679,0.017034293400794,0.00010647879462454,0.0263276784604358,0.0176066225975444,0.00606353870010316,0.00317064792132485,0.00159765608176635,0.0275212125672492,8.1694935938525e-05,0.000818198472637689,0.00399338873113801,0.0336166630543426,0.00384726856382278,0.00260775415949717,0.000172407261562197,0.276562284549955,0.00680592032939583,0.269656920257576,0.00286869594175081,0.176518073146411,0.0141485936623698,0.0194286379816791,0.00132834743154133,0.0417377560686812,0.00209604937104013,0.000211330154539795,0.000861239914602617,0.0158535152761751
0.00348957940037121,0.00111878086124662,0.000687298493530011,0.0133362964380476,0.00066087741237208,0.000391387680097956,0.0111328716363662,0.0106272650696785,0.0110624976485094,0.000764461756430825,0.000900484470572405,0.0665817875939157,0.000861684963238022,0.000411495888139952,0.00425137578387311,0.00654261437437691,0.00364447279237647,0.00310280413059533,0.000108267556797071,0.373249471360778,1.43263316729818e-05,0.0624319166120444,0.0505942655032855,0.238833845355389,0.00479420473458575,0.0254043644615886,0.00590549821642296,0.0712252159579676,0.00969208110383746,0.00018534687905144,0.000475223339715397,0.0175179361931245
0.000699148254203628,0.00353358700477881,0.000194109657231833,0.0953567422063518,0.017096148391728,0.00577584661478659,0.0141554675602561,0.0432833726153399,0.0107459527853337,0.0317233195028768,0.00238894515869039,0.0176945048162105,0.00097168248021556,0.000849294768930974,0.00162426329934484,0.0108111806059159,0.000295704597450086,0.00016323698601432,0.00353226597138769,0.46745320450379,0.00484619995670812,0.00218496900525317,0.0145473999415682,0.197732493916212,0.0122042162870851,0.000688383879606445,0.00425260251741388,0.0167594374331114,0.0025102594599316,0.00923354177752811,0.00168722032926202,0.00500529771548217
0.00439347039996126,6.36545898843353e-05,0.000106676917433485,0.167455004839185,0.0442703810607271,0.00301431911539815,0.155758479874975,0.121748883311348,0.000297712475105731,0.0361344705162596,0.0111393707929953,0.0352944324786774,0.00512447714519949,0.000294105249565272,0.00615385660842957,0.0604309817502112,0.00108681792027208,0.000448079619176097,0.000154785193147034,0.0133945081353588,0.0238677588285523,0.00333951135906002,0.00530649762971706,0.0015536422416335,0.243694710543724,0.00376096494690894,0.000808859881485584,0.0434554210751218,0.00183648473988918,0.00152191810287071,0.00303648270633463,0.00105327995139267
0.00138052180038056,0.00111520926114399,0.000116229079351732,0.0592586155353824,0.0108355382329144,0.0062282316350898,0.0200357911710601,0.0672394824585305,0.0132690809192451,0.000781214680415606,1.28629140817696e-05,0.0753177049174893,0.00881268394208395,0.00106556339543187,0.0089463596416061,0.00201200886638382,0.000873997440935925,4.74311535192214e-05,0.000225339587932537,0.124862978330978,0.000890847901189228,0.0470487506402225,0.015769819855184,0.0905219265660438,0.00188609527021572,0.376278516302346,0.000672685298762372,0.0418864826416305,0.00373661131612595,0.00177388080322107,0.0152905334246165,0.00180700501648519
3.84319375040043e-05,0.00453775017943425,0.000656149867240724,0.0682976761652397,0.0110067339379648,0.00675687879257004,0.0109165070317367,0.101361168405825,0.0289548969115259,0.027261206873676,0.0147690012253048,0.00191102850394238,0.00578253961480698,0.000405633685768238,0.0157125118675226,0.0325780837388486,0.00257043556940137,8.36053583660291e-05,0.00242678727466764,0.0933156997727649,0.00952318600932069,0.0669017913076961,0.0304396106744642,0.0588548003812092,0.0110905550723989,0.0123510082278944,0.36138184861132,0.00305990341285513,7.99934600495299e-05,0.00189245363667355,0.0108028075350681,0.00427931495693905
0.00193944832767547,0.00901782935712255,0.000763747389703915,0.064285002321608,0.0547727970656367,0.000742911258540107,0.0784227109237938,0.0523890950706429,0.00223084134686574,0.0346652355892093,0.0256880972324648,0.145107396406902,0.0121833253023565,0.000823616673161327,0.00987520174881769,0.0497977361740866,0.00158215492597798,0.00292950466136067,0.00368026296541309,0.164742951510741,0.00297983358368534,0.0062476269890508,0.0317569542945204,0.147874022794457,0.00967521900949021,0.00175387009123104,0.00183695553448294,0.0375600304742532,0.0321435114189823,0.00794356154865964,0.00280391137079753,0.00178463663830974
0.000880909032558931,0.000673551385082797,0.000455914336591531,0.016964940682204,0.139905885202267,0.00443791314867103,0.0721444712177516,0.0082483328949426,0.00160237508742769,0.0135432214046347,0.00156141808195127,0.0137983241387581,0.00718118767549367,0.0019650154544678,0.000705878080025362,0.0553766537263044,0.00238250544696555,0.00694475191461699,0.00364909828454099,0.175445994777711,0.0512071778700669,0.00341893942875354,0.0164350246322145,0.156549449874692,0.0301778254475798,0.000343513066068908,0.00134095771001303,0.0161809624564505,0.175873204721325,0.0101480354109092,0.0074242981043361,0.00303226930462422
8.05294797739865e-05,0.00307033578093725,0.000118330261324621,0.026976203448138,0.038839763983764,0.0017141058136852,0.0662559089381679,0.0324977648506489,0.0144440317252602,0.00392644020636879,0.00836246476127909,0.0264609701694733,0.00107064890278986,6.53833599585656e-05,0.000829544171676685,0.066145065909147,0.00208712045219548,0.00257709733582518,0.00134226296880599,0.122260321999486,0.0181707324024625,0.00180338446132789,0.015848670608447,0.166998556336325,0.0103134181283384,0.000541341015472993,0.00182377854846278,0.0141476103691319,0.000551530731749849,0.339917481680828,0.00981597605825291,0.000943225140494463
0.00502214031557168,0.00704866494408247,0.000256121500817839,0.0229735101096417,0.0194306793340077,7.72362326410597e-05,0.0334093519790504,0.00064688768448166,0.0218848866626206,0.0278354478000404,0.0119223008470631,0.0551193573988607,0.0111985189502223,0.000147973829583084,0.00713207340194931,0.096176451791837,0.003823109038101,0.00587423030431986,0.00347952018398594,0.0139518217473441,0.0112553658995701,0.0145188157448558,0.0103117731506438,0.00852543823344522,0.0163204955059094,0.032604553155753,0.00101008466412555,0.0519937132451842,0.00481003873936655,0.000248396716678572,0.497415415690672,0.00357562519757355
0.00109913981466185,0.0108551980452288,0.000673607386211501,0.177481387645347,0.0240991023927218,0.00499217751179553,0.0882216156640154,0.114654707354577,0.0107058502956753,0.0540257178493984,0.0196703575115215,0.0539667266979132,0.000517432077420016,0.000132157237776692,0.000779981747974551,0.0681825828642529,0.0123879397515048,0.00739200662264682,0.000130648723644488,0.00703937543395783,0.0282740541333559,0.0554343456536511,0.0125130259612493,0.0441453292968554,0.0441147599257389,0.00143666321669368,0.00196059891394702,0.0558729881398455,0.00626679639400515,0.00082308307615395,0.00100702441059486,0.0911436182496641
