0.004949111862586619,0.008034548421931104,-0.0035203164605015,-0.0010823379728969991,-0.0268300632229971,0.0011160865735377005,-0.0221908895267688,-0.006251455009759703,-0.008813675548612301,0.0015373816468315002,0.0037014506115413005,-0.0029516520783401,0.00014325006948489975,-0.0009981413497078002,0.0015701914499482003,-0.002705813793571701,-0.0032636771560358995,0.0018042903963743002,-0.0004969266229001997,0.0177124782360598,-0.0010722562777737994,0.0005191438541196003,0.005310170141061901,0.020991111674384402,0.0070045976429484996,0.0041206873926225,0.0030538384024586,-0.0005188204623031989,-0.001336594920239,0.0008630207156715003,-0.0013028427133161997,0.0009041040241624006
-0.0002126606650688992,0.023151449607129115,0.004811375079823699,-0.0065973604091509,-0.006790022421153799,0.0227245238560819,-0.0024813495453550986,-0.0138993506753532,-0.005366739385592201,0.0009518166690816003,-0.0009033549973684004,-0.0081901381284251,-0.0057978189095745005,-0.00015682453629519994,-0.00029562914616180005,-0.0019778295318306997,0.0023529675584797,-0.003121484775798003,-0.0008167970577158002,0.0146271783145294,0.009161810705706902,-0.0074488505951163,-0.0087201360931543,0.023164052593504,0.0002694171820784002,-9.208599930980027e-05,-0.0031218746538358997,-0.0305474968376446,0.0029071271959793,0.0009905472033024001,-0.00019654994763140007,0.0016220883458399
-0.0118183570914719,0.005024239122347399,-0.04269452282906383,0.006508650115027799,0.004761737125052198,0.0097498159367913,-0.003495172959052502,-0.0005874107246393988,-0.009486956351104397,0.005001575295560099,-0.0035410838317543,0.0035849694022439,-0.0006612054324209998,0.0008999964148076003,-4.128754639210006e-05,-0.0042211680066484986,0.0022745244658061003,-0.0020282242740196996,5.753045893940002e-05,0.0030716649343679008,-0.0026863036580499003,-0.0025692640111125986,-0.0030647413433588996,0.019403529386714,-0.0031969414534267996,0.00048400819581369985,-0.0008766822989528006,0.025934757029359698,0.0023816845124107005,0.0004503947534475999,0.00018765325144410022,0.0011925914113355002
0.00032509706658929993,0.0001639875975505997,-0.0006008010768036001,-0.05077560442243456,0.0038186865614392995,-0.004783287490037404,0.010526837785348,-0.00975562454392151,-0.0018664445531530998,0.008123011110754093,-0.007369810287132898,0.0080267275677917,-0.009534641410925998,-0.0005574866792728999,0.0043721779201528,-0.00046587786995680013,0.0004191323006859,-0.0020992288299792,0.0006511038060539999,0.0228594977543291,-0.0031413561953942005,0.0006634044129323006,-0.005005456569886399,0.0367773789524267,0.008086794637589,-0.00015972070189899977,-0.004221768721636301,-0.008654563900059906,0.004263447138983301,-0.0024894818745179,0.0019337872893512996,0.00047008322503470056
-0.0017767298163507998,-0.0022926242749429,0.0007497466133183001,0.0049529973342873,-0.030709380582048196,0.014582222631417799,-0.021552578072376198,0.045802473959663886,0.011969024068629099,-0.007882112199524999,0.0019043072594838997,0.0011481286159963008,-0.0008864308499033999,0.0012197449669593,-0.0015062755001733004,0.0066708037234812,-0.004380689886196599,-0.005611029510396798,0.0005442824595642999,-0.0115068984609423,0.0008424042932262017,0.0035083791152784993,-0.0007046810592269007,-0.0170700723844284,-0.005268532885579099,0.0034532792483711995,-0.0012168750737649998,-0.002632120031068802,0.0004470169508138007,-0.0005246959747792,0.00024179596295400012,0.0174851193582576
0.0007415038644896003,-0.0058432045401387,-0.000962463949378,-0.0012016798461950973,0.003599461236328698,0.02588673362251792,-0.011861217191520002,0.0071252604344921,0.0033101837618703008,-0.0007479116642409994,-0.0054768325899581995,-0.0015416716424696995,0.0006469968563977994,-0.00021790852250909995,0.00018767910598230003,-0.007920148353046599,-0.002012794465459501,-0.0016503696296694993,0.0003526598557295,-0.005591052140941903,-0.0013607579702058,-0.0008160300769275005,-0.0054771759142294004,0.0022742709779164025,-0.0095536350738538,0.0002951922290168,-0.0020649594345443,0.017897180932726596,0.0010872203296490995,-5.732847004830035e-05,-0.0020634068254515997,0.0030162050936711014
-0.0021454195147124003,0.0003187473651325998,-0.0003480336768766001,-0.0004832853067725995,0.0026380621962431,0.006929010138232501,0.0312091747323191,-0.0010281786900448002,-0.0016252817142893006,-0.0034474933250179998,0.0010625523385554003,0.0010571697742276006,-0.0020817333428387996,-0.0010813494735829,0.0011006644446393,-0.0043986085936497,-0.0010567929136935002,-0.0037957933624777995,0.0011110342789388992,-0.000322594613453301,-0.0105124254383527,-0.00037107365585600013,-0.0036411601555549995,-0.0020023800425815995,-0.006952174304244401,0.0028202560535696003,-0.0022988251343235002,-0.004419017398102101,0.0050412017354538995,-0.00017278236843679996,0.0004362706561216998,-0.0015397406885720999
-0.0015995969863024997,-0.0009056939819816999,0.00016346963142609985,-0.0030797336124246,0.0070959908058745025,0.0047925275853175,0.0137055218496776,-0.061268640957721776,0.0040655655695798,-0.008764396227234399,-0.009887560943536301,2.1665211673798854e-05,-0.0059223646933683,0.00036545531558409986,0.0009186633521992005,0.0044616601361976,-0.00042128644509939993,-0.0016205903122855003,-0.0001870768956065002,0.0109939014930717,0.001014615819499999,0.0040447557164834,0.0014162621834998002,0.021105897599338102,0.009461257292955803,0.00017413271669770034,-0.0031919536709874995,0.0128744128268116,0.0005975996327557001,-0.0023302016364881,0.0013264273791768998,0.0005793142452156005
-0.0014299540970089996,0.002148332630439301,-0.0001229642204308998,0.00029473093737780037,0.0110435606222698,-0.0110867922768255,0.006840665328105004,0.007666446656278997,0.01239928950325836,-0.0024016629296699996,0.0007204500160535999,-0.000853464255746901,-0.0013250093803986,-0.0007688331910072999,-0.0011966305969337001,-0.002643997065075499,-0.0009622719148699999,0.0088274761254157,-0.0015001102306444,0.0168250378460361,-0.012794004861484104,0.0051796779709345,-0.0135624546422831,0.012317566733370505,-0.0033656825771894022,0.00018307055092230042,-0.0021238994460878,-0.0155460475219701,0.0055043041137107,0.0004105298043689,0.00033216474329869996,-0.019009524374213698
0.0022148409698752,-0.0006485316924444999,-6.317759185040005e-05,-0.011937414720676002,-0.017860061941533,-0.0100138916627498,-0.0018009986473309023,-0.01512133471622501,0.002876449989845301,0.0024635230793987883,-0.004651792198453901,0.004036527851744402,-0.003988198971142304,-1.0063772708000275e-05,0.0033843134375966997,-0.0041017740726592995,0.0005789991812333,5.326920782330012e-05,0.00031062953947339996,0.0207945523831988,-0.0023941009545031004,-0.0001221087551484014,-0.0053763943246864,0.0421532142288025,0.00035419649311690254,0.0009338320511202,-0.0031960778283191002,-0.001012089112234403,0.005918716641477698,-0.0013376548379847,0.00014623576866989985,-0.0025836350227272003
0.0005330936279929999,-0.00010313209044439994,-0.0018001924041505003,-0.0026441690658591983,0.004159090011216997,-0.007087727880234398,0.012489013791634002,-0.0076352179627055955,4.6906124869400614e-05,0.016022735281584995,0.019613791778135714,0.005382152454048002,-0.002865982346200899,-0.0011260852564121998,0.0018210157361821999,-0.0075443523480039,-0.00028159165636929993,0.00023622612875509987,-0.000266090912978,0.0044742305822072,-0.0006595011126987998,0.0004833824703371998,0.0033047980597033007,0.008828835211913695,-0.0135310150016392,-0.0008415608411820999,0.0002384452499764999,-0.0271601817137547,0.0018650989414545002,-0.0014420642694142,9.15234473870001e-05,-0.004601474035351001
-0.0013522253922518,0.0064936298100382,0.0005001546778843,-0.0204651832767852,0.0090250845001755,0.0052356696827196006,0.009285964168535499,-0.020799057775405198,0.0071071862185253,0.0015976080787654008,-0.0017859236253546986,0.028725117350164697,0.0060356556072013005,0.0003909804975843001,-0.0022554492196932008,8.097891840730051e-05,-0.00023394723396380013,0.0006754903743215,0.00015346141633469992,-0.0108409666576078,0.009348545695504902,6.141860596619968e-05,-0.0009474852709187003,-0.0334130123540457,0.0154529189216931,-0.0013680208675974997,-0.003950361987887098,-0.014418597005754402,0.0037160007784042006,0.0018826035980900003,-0.0026425041793994002,0.0087042659463487
0.0010055952268217,-0.0002059288055791999,-8.518948616339996e-05,0.0036504774175500996,0.0080331719954864,0.0020021744744989,-0.005035783135895595,0.004486487401434501,-0.004332757783658898,0.020844771429378503,-0.0004289169521349001,-0.003913589144245402,0.011741545287215882,0.0009497580260151,-0.0012617690856964996,-0.0015729251531442995,-0.0013500830374632,0.0012095553863541,0.0025647060496569,0.0050745601091496,0.0127062840884958,0.0066502153856488,-0.001744577788854701,-0.017949794879716003,-0.007129812310599701,7.210322531150037e-05,-0.0052672309183877004,-0.0288747538363556,-0.0008863156299965987,-0.0007322902383747,0.0011668109400463002,-0.0013864982567983993
-3.6277786916499985e-05,-4.7233586643401215e-05,0.010102129435404,0.0064279013572825,0.003350822131547901,0.0012381738109865995,-0.006999241166547699,0.002694644501888898,0.005458208412983199,0.0029156063194575995,-0.0058992123649744,0.0027514582227143,0.000599336472508101,-0.031541956815469785,0.004774692098955102,0.0037297719383534,0.0005386102409190002,0.0009228949965054,7.150961723720014e-05,-0.0009087180215421996,-0.003504214696834502,0.0038903134029494003,0.00010349815177369999,-0.0035969567099562,0.003828685146736701,0.0014530310910549002,0.00015070440708070008,0.005502152443533099,-0.0030602668689311,4.621268500032763e-09,0.0013038237894329998,-0.0062138945927571985
0.0016966211099529,0.0015986533419591,-0.0013102140628639,0.0050013903366575,0.009243029115287002,-0.0030106372496042,0.007061772842614101,0.0054472301639183,-0.0003829383995035008,0.012897120792617206,-0.0014461019970171997,-0.011572953820603,-0.002061361305708,-0.0027462375857895995,-0.04350082097249408,-0.0014065409296634005,-2.9106545814599994e-05,0.0035441945203559004,0.0004872096748222,0.011269474497921199,0.005252788946640101,0.0015469923846815996,-0.0051570940938531,0.0024974430717223,0.0039127142271037,-0.0008879385893860001,0.0012049083523554003,-0.006230940805317799,-0.0010536914857200994,0.0008080975354604,0.0044667426925531,0.0028601942367164
-0.0009202277680157001,0.0066789031719727,-0.0044885694458369,0.0008581159716214001,0.0084759786694271,0.0004488876565763994,-0.005182607533688398,0.007746970884920802,-0.0008393291085303026,-0.00032634324334319996,1.4162876877399973e-05,0.004245267119215499,0.006900324983663501,-0.0001017891628441001,-0.0005065884466199,-0.026733161243940262,0.00024290066074470016,0.0008962998098179997,-0.00043394155709280003,-0.0025746397222654004,-0.0013713242848151994,-0.0128851176203291,-0.007691911525045598,-0.0174979791766121,0.0102253189450437,0.0017763610088508005,0.0007585164102347003,0.023037954380589896,0.0055270253644112005,0.0002881896625499999,-0.001315312315018,0.004747664577479202
-0.00027838920937619995,4.030629110450025e-05,-0.0009374174424323998,0.0024724184925413997,-0.0082028501458584,0.0006315156238989005,0.013829665399302193,0.005136196382561201,-0.003060953663708902,0.0013933338242550996,-0.0006916279016015003,0.0010196099396980003,-0.0005276999929513999,0.00010395080008539996,0.0008245669462738998,0.002153072145583801,-0.01635651070090094,-0.006459741308936701,0.00039754504943109996,-0.0024541004857300992,-0.0015091654553875,-0.0004663060792883004,-0.0004827879077986003,-0.005367504699355596,0.0075989810620006,0.0001289117159151,-4.449087723359989e-05,0.007329275631694198,0.0017439209946594,0.00023715067666740005,0.0033729390686473002,-0.0015738141737585004
-0.0010258067872947999,0.0013889740317877004,-0.0011865344909853,-0.0002787938388561003,-0.002774118478251302,-0.0038873534610669993,-0.009580338385588999,-0.006914920411118299,-0.0014753061657512,0.0011468933723478,-0.0008868088234968,0.0014373834566351,-0.0023934477877454,-0.0006546314448622999,0.00043686551292529993,0.0036287950230437004,-0.0011764925944410002,0.0400060128397034,0.0006194145541559013,-0.006216873281117299,0.0055179471770472,-0.0032306078519852,-0.011043751695028099,0.0003547730563997972,0.0013327614656434006,-0.00039901742077579983,-0.0008758413684259001,-0.002377180699088601,0.0015729363906869,-0.00022339381444800004,0.0015360383857407,-0.002377576465789401
0.0016674556193214001,-0.0026719634947514003,0.0011349689649303,-0.0030371191414677997,-0.0007611520124167007,-0.0047905904334522,-0.0024688900517257986,-0.009982216273532702,-0.0015654163300072993,-0.0031023064359305,-0.0016686743422621,-0.0082702301045844,0.0019016139694344996,-9.939957702240015e-05,0.0016120876213587,-0.0054531798718976,0.0042244431370074,0.0051582733911148,0.04573937078835966,-0.0033571700498045004,9.240961480910109e-05,-0.0017239261085379002,-0.0005759997547487,0.0008336608804802997,-0.0026865763362509,0.00042387673469189945,-0.0042630060669319,-0.0058252176062288,0.0016577579503717,0.0017391171876634999,0.0015130781879658002,-0.005395080055955701
-0.00048240095162619973,-0.0016036826937726003,-0.0006716236701073,0.0039356517901567006,-0.008489364190146498,-0.0004682938342076004,-0.0037576263800543994,0.005675208818067903,-0.0066807369324359996,-0.0007673676871349996,4.537589359270011e-05,-0.008472607211026299,-0.00167502370261,0.0003048064451628,-0.0025349458785683997,-0.0022102063812679,-0.0022384779971212,0.0011368331290918,-0.002051495660978,0.00040217449396418026,0.0067017248512737,0.0058800721457155,0.0051698097290929015,0.025821608071775297,-0.0018497892365991007,-0.0006658802852212006,-0.0044546623483359,-0.0121645185428872,0.0019033475821035994,0.002130274098284199,0.0006482127657936989,0.0014836037700262997
0.0008588754968461,-0.002690261053068,-0.0010271929549735999,-0.0004514075260623994,0.0178366741511368,-0.0010254019769890999,0.0004369184025048989,0.006468067562225701,-0.0097812823260885,0.002213530803876299,0.0005222132153661001,-0.004904810594527199,-0.0032733142656154995,0.0008766001968067998,-0.0016070075215676,-0.006645243772023301,-0.0023366935646827996,-0.0023017782895697,0.0006922535689162998,-0.0031329462810943016,0.025583041346458835,-1.753447466109996e-05,-0.0006883308870284013,-0.0047283696469834005,0.0060753439453262,-0.002306296923636401,-0.0024962047135475996,-0.0144684552870121,-0.003236755492688299,0.0010049180748429002,-0.0020746877818438,0.006625538569356201
0.0011875493188775003,-0.00010814888089080016,-0.0011741654140723,0.0011603065981209996,0.010859300143721402,0.0026835751263408003,0.0155959989431486,0.004685805741636,-0.017168730499424002,-0.0012236760037441,-7.073132714730023e-05,-0.004507842820951099,0.0023362049139436995,2.0489597823500176e-05,0.0006343164279539,-0.009328117034122601,0.0012517509086539002,0.007923497248142501,0.0018779999213908,0.005748636752266299,-0.0049815805311094995,-0.01308889900924709,0.005410280659943098,0.011364435285341798,0.010183878783136396,-0.005494238732203701,-0.0046110647008994,-0.0033579673340702002,-0.0015821181704717,-0.0018706692267934,-0.0016748276300294,-0.012681249055264502
0.0006927802857496996,-0.0015865961157467997,-0.0018910797951009997,-0.0035519864087387,0.005917067723345099,0.0006780724674095,0.006756623432954301,0.0020632118187791006,-0.0014132240209206032,-0.00047744016775919974,-0.0006218912486499997,-0.0017986693238018006,-0.0006591027640862001,0.000358155639748,0.0012738136017984001,-0.0045521426823709,-0.0015584698497865001,0.000511367294432,0.0025555708846008,-0.0064729793404565,0.006749437366528305,0.0048843317887333,-0.00271004349080195,0.0007912164192803023,-5.878394067539844e-05,-0.0054806541746844,-0.00034775317702589927,-0.0008558233259258995,-0.0056107279681486,-0.0014644268656236002,-0.0006109482925150001,0.008491094229460601
-0.0009737556997687,-0.0011759019978978,-0.0003616835371914001,0.0067408036810235,-0.0108688198484082,-0.0020556558183674,-0.0021334444344367,0.0173846329475344,-0.008260591380237301,0.0015620094336539002,-0.0007484623397068001,-0.007783790459331799,0.001968237581492599,0.00035419637625749975,-0.0030385057946470005,-0.00015374964947060046,-0.0029500897833734004,-0.0011557883292141998,0.0019822433717703,0.0155130042897135,0.019521407101617302,0.0097222878521924,0.0264011541168118,-0.08104000957140889,0.015116566166215699,0.0044626955993301,-0.0041411012619931,-0.004210752799363497,0.0031574889949134996,0.0011173491780941004,-0.0014904547049083006,0.007538480719104099
-0.004014783437794199,0.0005362354415895001,0.0003786117670019,-0.0025172252428836,-0.0010862211265184989,0.0027661458485824008,0.0072316877889489,-0.0012137198831572993,-0.010478440204194101,0.0019057360318024,0.0013394135813034995,-0.0015180250453589,-0.0016217085948956001,0.0003102339568556,0.00020385363809290007,-0.008403578223983901,0.0008653855218146,0.007551674873017,-0.0005523941548683001,-0.006981166758884199,0.0116906960834624,0.0170497541571587,0.020383397519378003,-0.002294260567935996,-0.02772420021162192,-0.0011752681606355998,-0.0029248265849485004,-0.0046054908805752,0.005035130519444099,0.0010587755705294003,-3.673489344109982e-05,-0.0011586883272844996
0.0007653515515570002,0.0011245612735905,0.0005518990170159,-0.0011136452086079,0.0036068267682114984,0.0012191026618534003,-0.008140835444702598,-0.007351991045513399,0.0056232616981505,-0.002952935938517,0.0002671869077981999,-0.011616020068848201,0.0045617445794847,0.00020697140345369994,-0.0005434329992166,-0.005858593569867201,0.0011511315081842,0.0022670843916478,-0.0007917049086492997,0.011754378915182905,-0.0065855248112183,-0.001208210792815299,-0.0083252294651775,0.0288250087691259,-0.0072888569644278,-0.009689089142352891,-0.0009008768436911015,-0.010527820383503701,0.0072368020799892,0.0046248540972464,0.0056776747658136995,0.0034309271988039007
0.0007540180894296999,0.0032175120975718,0.00047303965756640017,0.0015786988637549997,-0.0106732326011352,-0.0013218082435001001,-0.011837266341448199,0.0007918662957906979,-0.003964546425918199,-0.0022001857531108,0.0006123658637845,-0.00011384261013149856,0.0010338765069129005,0.0005335032392614,-0.0005583760161924,-0.006227482061174,-0.00015226981117960007,0.0056428552479899,0.0047026709544513,0.0109715143279322,-0.0030990506066189,0.0034446685804886993,-0.0018562820472381985,0.010088340459143502,0.006497003846989601,0.005800744847610201,-0.009688154940253657,-0.009325382240936701,0.0048903512857952,0.0003106149172684,0.00045411973578289924,-0.0007798851186863994
-0.0017625558750543,0.0025726988999439,0.00015813990894319985,-0.006079335259436399,0.004858747615256301,0.0083375660101267,0.0159662683217282,-0.0030203674130092027,0.001375845572071599,0.0015132394062052999,-0.0021940184808841995,-0.005643021528233098,0.0016273822898933994,0.0008197842198513,-0.00037201418912009973,-0.0013480617751247,-0.00025964804321600013,-0.0006282218640922999,3.13162510880002e-05,-0.0116391492893516,0.005887226909182001,0.0004361400541587003,0.0008450281225281008,-0.021383917476885502,0.006496340600560998,-0.0018406176336477004,-0.0011370753409283,-0.001704052760864272,0.004562837882022901,0.0028575418695765,-0.0036985784296855004,0.0043645314263958
-0.00019292596151560004,-0.0008284474261255001,0.00029504757150929995,0.0016615806314667012,-0.0200372659674198,-0.0009424885052767996,-0.015325446471935497,0.0009131345566893018,-0.003495214074909098,0.0005297916579885004,-0.0023508835486573,-0.006940191927516699,-0.0013138191255227007,0.0017905044774282996,0.007102594953281201,-0.0057375419328241,0.00038014378025060013,0.0041565813342158,-0.0016406383629438,0.0270594949289214,0.008941631805842502,0.005201114681715101,0.008976344867300198,0.08143868506974698,0.0010959954747780994,-0.0031637219094277982,-0.0023063680844358,0.002127270829738598,-0.09628912210174123,-0.0008565463993871001,0.012150896105758202,-0.0024001909269923995
0.00011888177106270017,-0.0008427302077602,0.0006371893510454,0.005765523750096,0.0046951569827189,-0.0023281258822358004,0.004907027228777599,0.0077623499926757,-0.0059029672706279995,0.003890902791384901,-0.0003537691222715001,-0.0039160093441753,0.0015759140919994995,0.0005758041066144001,8.385378316429996e-05,-0.0018634239203885999,-0.0014882512229631999,0.006659717299129101,0.004100922818336902,0.007390658323695204,-0.0015252786834996004,0.0025463532552801992,-0.0028689347628924004,0.005580355501198599,0.0023575377414947005,0.0006589558681866,-0.0024417462699872,0.0071747513746290015,0.0024480862475539005,-0.03307363829501797,-0.007987068726436,-0.0043379985707879005
-0.0009409440017467,0.0004600721600809001,-0.0007918005592249,0.0073743411443254,0.0048352795872915995,-0.0016914012672978999,0.0059041228807802,0.0036355585223936003,-0.0007442692435724995,0.0019557435546080997,-0.0004421451132942001,-0.011152207628684598,-0.0038430885177873,-8.360640758859998e-05,0.004776273518867,-0.0024249896961074,-0.0003353080614181001,0.0016156700345961,0.00044727250619889993,0.006077765506156303,-3.627903615899958e-05,0.0022215742254333,0.0011256957572496002,0.022123887973804504,0.0043626677921655,-0.0044264462327822,0.0016080667131739002,-0.0207983963369678,0.0026114916436885006,-0.0008079859275230001,-0.022458297125600657,-0.00015831836505840122
-0.0029892172892385,-0.0012947274528968002,0.0016136343046829,-0.0005266246686928006,-0.007313124062538201,0.0031025934395823,-0.004128374037582101,0.0020632513004835984,-0.0119138211880757,-0.0010678239594123992,-0.00029572376104019995,-0.0097294415562807,0.003781371609456001,-0.0005427118919599002,-0.0015285830933823002,-0.013012977709624498,0.0025154365854928003,0.0048407201811045,0.00015642946648860017,0.0052585408338288,0.009725037421629001,-0.0113823701158004,0.029463341315589905,0.014133944900445096,-0.04222040492375989,-0.000939671656275,-0.0031380414136832997,-0.015094716565631001,0.0010572971364121,-0.0006427945559724002,-0.0020768739138658995,0.05212642532051659
