0.017330334580590946,-0.00119117622859609,-0.00016755449056143006,0.00391210249199459,-0.01043188894951435,-0.0008543814727366894,-0.009562545264753659,0.00375942700333389,-0.00988329855841232,-0.0038487089991459294,0.003531801272540629,0.0019527117775886011,0.00014630425093468995,-8.660737417110019e-06,-0.0006379987802678001,-0.006531821415164141,-0.0033792619430567904,-0.00193393483329816,0.0001481102059241399,0.007259111968123238,0.004571281862248431,-0.002895790279947551,0.0032748288354147587,0.009798317418692491,-0.002492357415834621,0.00148173067641191,0.0009237258843482401,0.0006843988698183288,0.00115752762527107,0.0006488177743421,0.0007778067960435001,-0.007538959924914879
0.00017840977647756007,0.010073848417152993,0.0013295968702320999,-0.0037128691864911,0.008527222319099206,0.006565766678146401,0.008299713138527311,-0.00338152409382429,-0.00832034687084306,-0.0028498150919122204,0.002819829467248109,-0.00846395350062154,-0.0018630465862363103,8.965282596040001e-05,-0.0008665581754264701,-0.0019674753390810603,-0.0008257087199687203,-0.00014367399585886036,-5.845720224509005e-05,0.003275269025477349,0.00234323543936365,-0.005282571763257511,-0.0011157554068240098,0.00542173976741268,-0.0028109414713508606,0.0010274660664188599,0.00086779832747601,-0.0059796677477296995,6.6451773817900305e-06,4.904761001001e-05,0.0011158996781601802,-0.004348775432873701
-0.0026907543027813196,0.00018206957105974998,-0.024036718618752024,0.00171006432335716,0.010948577835812509,0.002681078709724459,0.00656669804222208,-0.0003591208643408292,-0.00471812005465589,-0.0030847659711623204,-0.00096184147316534,0.003124142471569479,-0.0005376254735665095,9.081676511132998e-05,-0.00028785473633624007,-0.0001860634991841293,-0.0005458718784410902,-0.0006221950592511097,-0.00031463518231815,0.0004151809736253698,0.0013524893381513903,-0.001093724417160899,-0.0005913377138842206,-0.00024304192736997985,0.0008960301629751908,0.0003356469433406799,-3.581869291222027e-05,0.007198767746527358,0.00025292709976799997,0.0004897357517167099,0.00023953527493840004,0.0038257288553824086
-3.2281616194099975e-05,-0.00029043110720890014,0.0010936346077055601,0.0038100406507947937,-0.004079209478360368,0.00056431063510342,0.008397240280963763,-0.008262887726516741,-0.0037694554926976194,-0.0016371073108568668,-0.006943457975256679,0.003931115733370521,-0.0006429596722535791,-0.0007569854144461198,0.00026425578403412985,-0.00266392637703773,-0.0006345367209884001,-0.0008021658548637,0.00011106291964816002,0.004136012848424301,0.0029151155358878994,0.0005377239001337299,-0.0010304149294664603,0.0015930836583504602,-0.0016535823873607895,0.0015710099815098501,0.0014032831537047698,0.001366869616921889,0.0011594323369061201,5.3168823825610015e-05,0.0007857391472986901,-0.0004936975510757696
-0.0004625042705623199,0.00042516127537461,6.887728138281002e-05,0.0031996062648136313,-0.02769824911383579,0.004785627322018068,-0.0020222216429317103,0.0036206662451039573,-0.0008590384823154414,-0.0016373440942752185,-0.00082601345222512,0.007121030716980459,0.0034315751680509808,-1.0497302888400278e-06,0.0013332425401605301,-0.002699630298257401,-0.00017098586522382988,-0.0006199313104323098,-0.00049977613189781,0.0034963157915852095,9.115841117647077e-05,0.0014688823566093993,-0.0016188849127095697,0.0003058945278242694,-0.001547167001745339,0.0023581075996190297,0.0016400615541001904,0.00599739612493365,0.0013151205989930608,0.00028946096899365995,-0.00023376494296943007,-5.162349804987941e-05
-0.00041497245513916,-0.0010380819581586702,-0.0006489126132516,0.006176773480188158,0.0070569718688534705,-0.01736105928947088,-0.00021253219098999084,0.0067525035182933926,-0.008188114628890662,0.0013510827375354004,0.00187132653834078,0.00400921309709222,0.00304772140553848,-0.0008513796574435298,0.0013331109062517297,-0.01120782595454119,-0.00010101950399041015,-0.00027098524325774,-0.0007104410056084801,0.002770202555719039,0.0029363493571480702,0.00225635592948253,0.0024199034696362406,0.00125707226829502,-0.00511377102566749,0.0006564495799888801,-7.207915930461987e-05,0.006498413440197209,0.0003460032709405,-7.586931528600004e-05,-0.0016839872889688901,-0.0027884221335317096
-0.00147635180536261,-0.0013516076388449898,-0.00045200798807550996,0.009905326272186429,-0.007875686869683079,-0.001743034355440661,0.023933220947143903,0.010235351012353847,0.0003127498039227204,-0.00038596815710205054,-0.004853360856883789,0.0015529916539094007,0.0003697338725084402,-0.00146048350387913,-0.0007676181425475502,-0.00837183927130514,-3.883422790862999e-05,-0.0009453780799744899,-0.0005979489201948702,0.004454753057640421,-0.005919956200741811,-0.0011783172868627604,-0.01078418611585311,-0.0026194139218170295,-0.0014314211978935698,0.00149203809038604,0.0003621560803774296,0.0026105026368707304,0.0005532429255403501,8.501546654277005e-05,-0.0012081213202941499,-0.0024055459587176095
-0.00063158831934679,-0.0010860082688018198,0.0006390298159824002,-0.007468794486108152,0.0043378705444260795,-0.0025519424562451196,0.0051106452062700085,0.009217290595042865,-0.0007297075319753893,-0.0017500743806206302,-0.003355459417936459,-0.00647818693251104,-0.0032883248657387294,-0.00019118542432533986,-0.00196061668261423,-0.0002530974920124399,-0.0006106417198003001,-0.00072449684673104,2.630704718069995e-05,0.0015485134495845801,0.00443350672860948,0.00216080369379945,0.0031980595342051303,0.0009375414207298697,-0.0002872011047063999,0.00080792456662842,0.00181705570198752,-0.0014015868032137592,-0.00047881587265773996,-0.00036336311757480006,-0.0009915119391090703,0.00036805535758256057
0.0008669297027360702,-0.0009194519613127401,-0.00052134412998149,0.00207403976165688,-0.0014354172273137319,0.0035136494393094805,0.005295125723174164,0.0013671041025361094,0.008418130652776943,0.0005845322072903399,-0.006178852933552619,-0.00016650546578464068,-0.0005329086768440404,-0.00041998169087464996,0.0006761935110478798,0.0018733543697739003,-0.00037872360010235,-4.878088428349973e-06,-0.0004542660079114499,0.00030607997609416015,-0.0011443606904482004,-0.0015756345994488187,-0.0042668211161326994,6.636159513528075e-05,-0.0010576412479169905,0.0002186296424343502,-0.0020814648333674496,-0.00236337682005086,0.00084473918044572,1.272403913879001e-05,-0.00059346512380995,-0.0020224996902690902
0.00020746520342478997,-0.0008228829215436601,-0.00019659659861479993,-0.0007697761619724804,-0.0012523330837792613,0.00057313805656201,0.0026429399252005394,0.002909731450697926,-0.003181290197555549,-0.00012552863099428712,-0.008498751150152872,-0.0012273108210715997,0.0012388542839900396,-0.00023378030719866,0.0007097396810651904,-0.00307199818183214,5.97337883026401e-05,-0.0006095960004981899,0.00017263508851623,0.0029327778661036603,0.0008191107684822702,0.0005205226496421496,-7.832689742593002e-05,0.00350683234389892,-0.00066861916063628,0.00110786351314296,0.0006036028237968998,0.0003149973586270494,0.00144377176911431,0.0003622883172183899,0.0004958514857735399,0.00011493373971617981
0.00013433906383189986,-0.0009283233183699398,-0.00035543340366834,-0.003058534670923169,-0.0032056891251223915,0.002102590180762921,0.0016954173636931197,0.004757447628695061,-0.00333043529703454,-0.006740755987857202,0.010967071817264178,-0.004433562914111468,0.00320115474020001,-0.0003133450673628999,-0.00036847881807822993,-0.0012147318607142498,0.00057278946759678,0.0001088852834685099,0.00015761649659572997,0.0017841893531726001,0.0018559662233701493,0.0006626598928965899,0.0009108937636496406,-3.4769453924600373e-05,-0.0024340738007552895,-0.00010586871539461991,0.0006020816465272201,-0.00464186084444873,0.0009379606778630205,0.00037801300706711015,-0.0005445763790043398,0.0008813630501156098
-0.0007002844436117199,-4.463288808086994e-05,-0.00027565672216151005,-0.00675718856026887,0.010218459560272241,0.0017482429738038207,0.007352037433545679,-9.647715392698958e-05,-0.008705364543829497,-0.0010970009070034197,0.00010551796502577052,-0.008300203025468602,0.00471937950865776,-0.0009106799764712998,-0.00015364572903581045,0.00028956618202310004,-0.0006217610235695401,0.0001981879095992901,0.00018877079561949002,-0.0004451798419948306,-0.00391180462240444,-0.0005511187631757901,0.0005632714603761196,0.008517227421077212,-0.00013222739707306977,-0.0014198039063329604,-0.0014773828960927197,0.005185769028903351,0.0007290615173723411,-0.0003866317555848599,-0.0017835381254585913,-0.00204490947473079
0.00034348762294550005,-0.00041632982135651005,2.8274425971770017e-05,-0.002653222854080659,-0.0028520270687339977,-0.00010065092062472025,-0.0013985241929240695,-0.0030482486707160603,-0.0027284893772264096,-0.0062634021972878835,0.0029813840494925603,-0.0011345699917768618,0.01521183780134662,3.437125587127986e-05,-0.00525655372856937,-0.0015027025706025705,0.0001913535518757001,0.00062750381578156,0.00035952841129973994,0.00497064885861959,0.00330357062980869,-0.0010747247525145502,-0.0010879143888573798,7.121158876973932e-05,-0.0015009025022233804,0.0012317846016713801,0.0016371732961170497,-0.0019957797387306813,0.0016261422824094603,1.9913178227779893e-05,0.0014288671158879502,-0.0010530097098713305
-0.00023383309859744008,-0.0007941807653943705,0.0005683941831233899,-0.005069932108204069,-0.004537388496134149,-0.00028970694785942065,-0.003423055831761973,-0.0011179498770428988,0.00067264057251392,-0.003657852657931889,-0.0018197796604886595,0.005688664447076519,-0.0006067631411617295,-0.002913268216797482,-0.00218177938599617,-0.00022790110955761954,-0.0004439263204916899,-0.00051474122345224,0.00041939897122156,0.0013234167404478202,0.0014481802513145897,0.0015096396257639497,0.0016393096392043594,0.0028193141222168103,0.0007326981316688301,1.1253277427090243e-05,0.0018581745058121302,0.00569936000880325,0.00088566823006872,0.0007089843364947799,0.0015251488623151302,0.00032181293539912013
0.0002651255590582199,0.00064645596750991,-0.00040168288178204,-0.0020262239411572716,0.00139960744749792,0.0033893258768148706,0.005848758384797428,0.005518826698240451,-0.0035777892041109803,-0.0037888757658438785,-0.00382049276426956,0.0027779407513566583,-0.0018987394867548395,-0.00088493386568978,-0.014757459322148286,-0.0008223953583281202,-3.7589658275800064e-06,0.0006612832735032898,0.00048607238657173994,0.00571532824074269,0.0011866163948619202,0.0009088957440783899,-0.0021312467135523702,0.00642781412129039,0.0007721744804437597,-0.00017962154176018997,-0.00023877169831727,0.0008226684706158591,-0.00020446856303539012,-0.0001635111626042,-0.00164771594981082,-0.00027920661239078
-0.0009596173941115402,0.00019943071187703,-0.0005930223231901401,0.004856808509216469,-0.0036611799511380738,-0.0018489353972208303,0.009115683930237888,0.00800438129500508,-0.00227870174681091,-0.0030354416379102197,-0.005420586961342831,0.0024146871909611002,0.00030689866607710016,-9.888345786963998e-05,0.00040391302768688023,-0.011354911754422641,0.0003378526240128002,-3.586138613956022e-05,-0.00047234379171742,-0.00038546322594858976,-0.00315298821199907,-0.0019234856100184806,0.003935527692099059,-0.00327131502046618,0.0014656794440542902,-0.00041905225317488985,0.00086085969130144,0.0066517048169828,0.0005819782545728904,-1.1967162215410029e-05,0.0010753246003652496,-0.0012869731687536075
-0.0012974706029608904,0.0008421091456674798,0.0003129672664670399,0.00224315162952692,-0.009424606452550879,-0.0007669253242144293,-0.005737669042657741,0.0016504604393397398,-0.0048771110211565495,-0.0007096311117852498,0.0030924773352693498,0.003369217889284929,-9.037863886534026e-05,5.547909016147998e-05,-0.0005313291289631301,-0.0028726996781745394,-0.01321649149440073,0.00289149269744986,0.0001086361824873099,0.00431091755735178,0.00307903391785945,0.0024712706116611504,0.005811402533521299,0.003561030663252721,0.0013391030328016398,-0.0004909458247520301,0.0005550148963143402,0.0020940691485679605,0.0007798615105029299,0.00022984016500919002,0.0024116681209134807,-0.0011939455129284602
-0.0005426175741974299,0.0008973797472600301,-6.650836994516e-05,0.00881814191123592,-0.0002130828608528805,0.0024872424896338194,0.00021819107927673973,0.006501530295249381,-0.0007131577255052094,0.0019663956206346102,0.002725009756086521,-0.004368268390053019,0.0012980907973542202,-0.000278758708536,-4.621390959643028e-05,0.0010790755261184596,-0.00029875020729246035,-0.005525347628062375,0.0008532855185331,-0.0032184122729986683,-0.00123581452452306,0.0003396303468889998,-0.00010514205736551069,-0.005299590813711459,-0.0008627785708218299,0.0006339063888571802,-0.00050905579691028,-0.0046362152792700185,-0.00043489040196708023,-0.00029253962096770003,0.00107636529934054,-0.0002471000638928295
-0.0013544447890764101,-0.0014023356976091699,0.0003953067718062,-0.0019325025445468698,0.005121215190054119,-0.0020254259548680995,0.0007487709747822195,-0.002511326724893161,-0.0044083070855001,-0.0006040062974779799,0.0046634165947485,-0.0029272745539199,0.00110629091520024,1.0502936368369956e-05,0.0007512050099731402,0.00216355659318042,-0.00033455297816902,0.0015994807561838503,0.016599554084168373,-0.0019090691453917687,-0.003546753786505089,0.00016082862511575006,-0.0008709065622447696,0.0023504825285888893,-0.00162808301096393,-0.0041133251843128,-0.0035903647584992803,-0.0020612022911599506,-0.0007343946666496597,0.00015167752429208012,6.25518936739601e-05,6.943563365177981e-05
-0.0013338307100108798,-0.00045753437769957995,1.2371601143500166e-06,-0.00227577615126999,6.456037495941973e-05,0.0007163142361473201,0.0013945050593573898,0.0020369802600775297,-0.00485074824692773,-0.0002571540286161899,0.001866178646690951,0.0016102020878563002,-0.00012474601800717037,0.00035670490722788,0.00046702813395711003,-0.0022255740674913304,-0.00125541598195198,0.0005027743600099898,-0.0005808972053274102,0.002169745116634808,-0.005956227099687369,0.0030924522950775595,1.8219186626239422e-05,0.011160017539737818,-0.0025363882670955498,-0.00176080237089992,-0.00149571510572039,-0.0021870370765715197,0.00068085814815914,0.0007977684398621698,-0.0005808897130100499,0.0009431904677911702
-0.00018475884167637983,-0.0007162066545713102,-0.0003415805789927,0.0023681116777628805,-0.003915386786666699,-0.0003459096034006998,0.0006453173352623315,0.00436110618535621,-0.005820199790408419,-0.0004158516616347899,-0.0011669241865944885,-0.0013555826614115604,-0.0036512804062951397,-6.428513161070001e-05,-0.0005807289291710298,-0.00025633653446276,0.0007440172605060201,0.00045193059150547017,0.00015623051472098004,0.00840559144366212,-0.005750717897309651,0.0007969638169102296,0.0015738759979643,0.0067903851082281915,-0.0006274114504053203,0.0034431818850214984,-0.00172123234551027,-0.004058042500670509,0.00038994214698585025,0.0005265895953027501,-6.511527371213e-05,0.0003843076753159289
-2.1619109558329965e-05,0.00057718422864938,-0.00015946889451270998,-0.0018383918596156599,0.0017757344790934604,0.00098740559235556,0.0023102551845780106,0.0016095775244337606,-0.0015510572975812402,-0.0020693151507795706,0.00302990910727877,-0.003411470256930679,0.00048413700248723,-3.830018683343003e-05,-6.449748319776003e-05,-0.0018369844447843904,-0.00135756729285409,-0.00161333061892735,-0.00030633062759056,0.00188566758318618,0.00448322910020491,0.0005537647070631535,0.0020681958457492784,0.0047362311762313685,-0.005879242790196213,0.00033650249493131015,-0.00023168036769281012,-0.004733890134049618,-0.00035265317085501007,0.00013887376315958002,0.00041014973641369,7.898216014381974e-05
-0.00045856083482177996,0.00035617058050648983,-0.00026566835732532,0.003353507531798581,0.0002609680986870698,0.0014578859680236898,-0.00020502377724797104,0.0041662454794678195,0.0022923853088790596,-0.0006098435638207597,0.00331704798639751,-0.00343381934003823,-6.156229983485996e-05,5.100704063993e-05,0.00022548079346074003,-0.0012249664615844602,-0.00041196049872762035,4.854887203157008e-05,0.00045277026164951,0.0034676523064096397,0.0022290923420498405,0.0002689779470805012,-0.022898324296671553,0.0027575421687655814,0.0030171699024266396,0.0002483756958574598,-0.0007512158134015901,-0.005200383379503709,0.00014565852787817033,0.0004718919349707,0.00110010281794868,0.00583284705804866
-0.0014360025101788302,-0.0010731752009795598,-4.862230232200995e-05,0.00241569346997187,-0.0023132164421518506,0.0015876855513110798,-5.376044075965959e-05,0.00460467070967424,-0.0006641697974392298,0.00289696980147073,0.0009360015950416693,0.006710762026516588,-0.0007497308473705403,-7.225585400252e-05,-0.00103614579423534,-0.00309991970662854,-0.0013638112446624402,-0.00010811087601659006,0.00037499728349612026,0.00473209473374262,-0.0024422098192581603,0.00151787008702104,0.006634055381166873,-0.012830988937729649,-0.0009183148092448603,0.00267228244518408,-0.00561119935368168,0.0021360250544454886,0.0005476543434968199,0.00015911134070702008,-0.00233325618752191,-0.0017709836990627212
0.0007260602472524101,0.0003945775313438101,-0.00014871148832335999,0.00034286155005493966,-0.00012106632547937146,0.0017556052716565004,0.001453710876216209,0.004279610172012901,-0.000661815127602602,-0.002633119329297619,0.0016282260439295399,-0.0016439352867541103,0.0013867618556480097,-0.00029376978784182003,-0.00041609258107092007,-0.00240719538848179,0.0008174801683821602,0.00196965679337624,-0.00011931847403864,0.004870810691217791,0.0012647357819292394,-0.00025204747336703815,-0.0010652555486034784,-0.00284709131747734,-0.011097053597838868,0.0011483646179333295,-0.0010390814695305796,-0.0010587112829548097,0.00064702119079017,0.00016460131885259006,0.0012632434635746702,0.0016909369044916405
-0.0008314909827788101,-0.0001905567152440502,0.00024445885059994993,-0.004486657059879021,0.001914917982685519,0.00110506318059076,-0.00025045441609306934,5.393999707369017e-05,-0.00548340775485315,-0.003253246938385481,0.0022942730239931897,0.000749390763879289,0.0007822116149701703,0.00036478469312679993,0.0008544071954439101,-0.0017028084212990801,0.00041381808240017993,0.00139013151592963,0.00028254722144925007,0.010735229227403068,-0.00504070257339316,0.0052042040940330795,-0.0001574142816840908,0.005414612190681412,-0.0029772546260138704,-0.012257798247134393,0.0034852526938480505,0.0014775441817093393,0.00023154167361092004,0.00027092765107421994,0.0008174648094578004,-0.00145492862720205
-0.0002640434395506301,0.00039050999998198994,-0.00017886859683900999,-0.0020030483197035105,0.0017866462437420194,0.0015797578728918098,0.0003484521009797199,0.003241730206298141,-0.0037078275728685698,-0.003939113766808061,0.0023252604647114794,-0.00307045982941873,0.00219374608138364,0.00020439850742921998,0.00108045888717553,-0.0016451804305288506,0.00020664229966928005,0.00133326578813172,-0.00028212865167024986,0.008510542900173553,-0.0026352444543723003,0.0029211964258342694,-0.0001672920046287483,-0.002134746436594621,6.13257146450997e-05,0.004587925961824597,-0.01032744411735571,-0.00031889606732466954,0.0010301374979877803,-6.33748193827199e-05,-4.479237512225024e-05,-0.0010195360706911898
-0.0006839649047430498,-0.00046418069189631,-0.00048048815052567,-0.0020733339471204902,0.00580731296668841,0.00105356317227621,0.005791121763472189,0.001579451736320269,-0.011146470739936262,0.0023764678576223106,0.005267902089946,0.004297575467679502,0.0037132521215152,-0.00047953958328101004,0.0007003411648382302,0.0023418348705260906,-0.0005569563128417501,0.00013310450000576993,-2.9064130614989895e-05,-0.0024787221201383798,-0.0036526258388966,-0.0008721071489449998,0.0016995489406710803,0.005901096169612361,-0.0025478541592235003,-0.004209071013167649,-0.00317608000733934,-0.0003134782625371146,-0.0014226398416379506,-0.00019166098615102989,-0.00225124622933359,-0.0036330887528437895
-6.606011412031e-05,-0.00052685568022956,-6.0167597410009925e-05,-0.004465462038473491,-0.007978369777021599,0.0011579638780708796,0.0002755920395765294,-0.0005129429636750196,-0.0018002754026441594,-0.0020107444443336897,0.0033078382717945803,2.2225337610651436e-05,-0.0011578350418579501,0.0002808082721367601,0.00126478178704223,0.0015906778714546797,-0.00078094010275631,-6.476836574239968e-06,-0.00027649349564213004,0.00832521053689191,-0.00044396346816190076,0.002579488037422151,0.001726364314902338,0.012337695412521266,0.0006688899774180203,-0.00044513590263567,0.004400145305270209,0.0012770240043308203,-0.0220322406752133,-0.00025098595863051,0.00283616233005237,0.0007640821228844999
-1.3808983298609968e-05,-0.00016639214798417,0.0006711468386853198,0.0015190891863994106,8.106654719955905e-05,0.00214996997150566,-0.0017298109942999503,0.0012268989920331706,-0.0020605928700924,0.00226570658590085,-0.0015776668374238897,-0.0010318467006845797,-0.00124330422778189,0.0005617186138147399,-0.00024427939145616015,0.00036990989180331996,9.259811543213016e-05,0.00100573715382569,0.0004663888709882302,0.0031970669475527907,-0.0005013694109863999,0.0002654888593620302,-0.00426224478906569,0.0037423513722380777,0.003309020643059271,0.0010413426211268299,-0.0017880182956039401,0.002252494010240331,0.0008457010931047601,-0.012957461998399034,0.0004062615522181104,0.0021068387805864303
-0.00021050828992728995,0.00028611268183579,0.00013118742583169004,-0.00489969953491673,0.0005833629203834216,0.00172183642150586,0.0008645715061472306,0.00204324867648168,-0.002071327246263851,-0.0013010728713419802,-0.0048611497499753,-6.334669872487958e-05,-0.00258520628005074,0.00024051376489505998,0.00276714785850738,0.0010259003470212099,0.0004282397176732601,0.00076160442133414,-0.00063965250603239,0.008236114220930572,-0.0019819114217675695,-0.0012296750740217188,-0.007494900632973839,0.00905780480352331,0.004241560915164,-0.00041442712798703013,-7.707663430139671e-06,0.0010835729238244686,0.002171457763526,-0.00040382108560975004,-0.009334865946044943,0.0018550357604830204
-0.0005669523267489001,0.0007395029529151399,1.0984103118209994e-05,-7.162054094241935e-05,0.0016406710445387017,-0.0009148486145285805,0.00437623140814611,0.005785502206790159,0.0022959877885068104,-0.0018422551509404395,-0.0008616598748221089,-0.002391045291955621,0.0013813864772497003,5.353445818462997e-05,-0.0003580185412277101,-0.0014568422324973296,-0.0008432414817619298,4.6480348421280504e-05,-0.00044545921100664005,0.00446679655329448,-0.00501904172484382,-0.001648042456422348,0.0015253059415683994,-0.00019106198975514955,-0.0024480265232178985,0.0010817691583644498,-0.00101848629727745,-0.0018538679202354102,-0.00112646783634872,-0.0004852270969953101,-0.00021801481462424018,0.00035602748505399737
