0.53781392367445,0.00667555824232617,0.0044464377934844,0.00718608512748154,0.00935912210711314,0.0322507416217679,0.0338574861536495,0.00342913019855963,0.108175454711065,0.00265564572373793,0.000201037506022186,0.00077936104078116,0.00238896676533405,0.0011173976037908,0.000356586254583541,0.160963005171214,0.0124365472116989,0.0180160408502867,0.000537293129356229,0.000860925775919215,0.0112896593715104,0.000438195195669182,0.00431231438881891,0.00271967611147684,0.0135079791151354,0.000920830510136236,0.000894694573065437,0.00184044253093589,0.00122135906704267,0.000244425357847421,0.0029127950002103,0.0161908821155285
0.0055914654353944,0.680892400245759,0.0215068928827252,0.00310990462827954,0.00506295133936881,0.0289753089062212,0.0477916666457718,0.00134014108903021,0.0184040759301791,0.00184798900815571,0.00461224857120326,0.00242096572267566,0.00103698027490634,0.00235156478346786,5.69083712329702e-05,0.0555132006464623,0.026248566977072,0.00973301590585099,0.00347968791990283,0.00144557875372086,0.00177694887723742,0.00765927081189833,0.00202125601999475,0.00210473337463708,0.0460552237980233,0.00300653360826263,0.000186439897780479,0.0023080120049187,0.0016087754267595,0.00267912817479393,0.00346851271629003,0.00570365125202419
0.00126607056435135,0.0011890245006355,0.816935185388723,0.00336262748708058,0.015932423815272,0.00229329871184823,0.00810819369646468,0.00990615837355959,0.00764628704981598,0.00122571216314235,0.0108305697546772,0.0148365745396697,0.00218192016159835,1.37627986170853e-06,0.000419841644433464,0.0581103084531777,0.00228081753898141,0.00341028747980957,0.0131967414908444,0.00151636435310432,5.81930254282583e-05,0.000424517682124493,0.000696432510412059,0.000154388479832275,0.000314027416075951,0.00106978747910398,0.00343956069943863,0.00688647785389904,0.00544308106047884,0.0013129809908791,0.00417941267331113,0.00137135668196505
0.00377961663146229,0.00458861104593784,0.0033563158426917,0.506500701571086,0.0242384319738474,0.00526013750609273,0.0932573715838569,0.0555961545522264,0.00804702892093154,0.0260568300721995,0.00800571638043224,0.0930513482882784,0.00331923120862985,0.0116748535617094,0.00250217961947675,0.00845644122194514,0.00117543129430172,0.000936814748679772,0.00237421831274269,0.0125226652984916,0.0108977379598608,0.00678971568441168,0.00135066989544387,0.00607066714141271,0.0112646711326658,0.00102094829895212,0.0183138364312726,0.000974043774873888,0.0646424977537602,0.000296068462400977,0.002282401559187,0.00139664227073919
0.000248486993118729,0.00176684603328587,0.00751676339629316,0.00315520109523046,0.786755063386221,0.0116717942001336,0.0509750149516071,0.00239635849262593,0.0109803135279325,0.00211770344869565,0.00235671105857053,0.0103244576682799,0.001826329967721,0.000649788701114312,0.00400167920247384,0.0331728065364895,0.00298555970767478,0.00150553754819736,0.0020719327971116,0.0102936383567801,0.0107350002371444,0.00631677158431108,0.00252004850528521,0.00124930166756264,0.0114624881141543,0.00158244910079035,0.00450644636751703,0.0015214406534034,0.00582228148247575,0.00102075416511498,0.00471746669968009,0.00177356435300334
0.00732124468134801,0.00174117471118687,0.00939718815341034,0.036888907063831,0.0586880876738756,0.577168303833109,0.0114692996362009,0.0212281060255552,0.0349681186678362,0.0101683895791543,0.0216956592712353,0.0253375616103143,0.00206499336053263,0.00102910157529398,0.00881615077050507,0.0509350938261312,0.0100272055579775,0.00424826897896965,0.00134204677194896,0.0120856942187515,0.0292090968169415,0.000137843231807851,0.0036959860876695,0.00992450487415821,0.0176376605091596,0.00646714261542552,0.00198237480279662,0.00400519274864646,0.00140761918583025,0.00443992029869098,0.0120560105183492,0.00241605234335681
0.01120407125461,0.00121284582757125,0.00929173435985571,0.0297720865370403,0.0675914200930841,0.0039685484534926,0.540919811052812,0.0107412659468531,0.0150620361256022,0.0288260107965544,0.0380699276584984,0.0595640420422163,0.00342032060821098,0.000189207033203948,0.0127575211085654,0.0311815929946173,0.00405094730977105,0.00307305843699798,0.00156490609562641,0.00997101169836643,0.0383685712847532,0.00065717271861046,0.00901119799159601,0.009211882573,0.019191035119207,0.0105214734242091,0.0052350461273272,0.00289145876976882,0.00130443879137814,0.00523074986603508,0.015451883110409,0.000492724790156483
0.00131038208889056,0.00318358739233732,0.00612438532960877,0.013604920030146,0.0292077856957632,0.0073856648489452,0.000165031208421503,0.576072020072417,0.0376113251415244,0.0274949670097506,0.0109976114924365,0.0973043622343222,0.010952506919292,0.00781487138058084,0.00863024052685032,0.0109493284919879,0.00185972522003683,0.000928157479549095,0.00137529519409341,0.00541324048303852,0.00938404480593364,0.00539228314401445,0.000642980851812551,0.00408698358375785,0.0448616146868404,8.67830795569957e-05,0.0135911128900449,0.000656899786968083,0.0568998210488725,0.00113740708384765,0.000666095584200979,0.00420856521415758
0.0081928016968944,0.00181260787888935,0.0020038370761404,0.00109698460637618,0.0191772576338407,0.00478977429834447,0.0510153323181233,0.00472310661933239,0.644312557503455,0.004190237118199,0.0084709524061193,0.0331247588200267,0.00167719956346378,0.000140604905345652,0.00140719407892821,0.175738684014533,0.000139898098055708,0.00262801933326574,0.000138655745454159,0.00160895549423732,0.00510927744954437,0.000529486650987895,0.00486710053870032,4.42909192333048e-05,0.00334627102450055,0.000226121787463823,0.000325002782203455,0.000837101894102973,0.00943269046565926,0.00114477935848245,0.00172801328356693,0.00602044463653032
0.0061144797397299,0.00168021117955417,0.000153153107419245,0.00983502311986457,0.00508245149912715,0.00973238947798684,0.0135938176701419,0.0212232061518401,0.0368888886636416,0.660232366330331,0.00470621307115118,0.0764507393369592,0.0029244974209153,0.00424807580163632,0.00918045296481295,0.0387614967993739,0.0006765590258059,0.00159156969173698,0.00112058400873535,0.00147919413387981,0.0200323430660878,0.00298583673800557,0.0039500181815716,0.00940073168610185,0.00382336816385412,0.00437885800204786,0.00178165321089013,0.00388390722556368,0.0409853264928614,0.00244198204485093,0.000522370274912399,0.000138235718608955
0.00379399778348954,7.0310436518258e-05,0.0001486636683203,0.00892506514954235,0.0616659061473777,0.0110634854411064,0.0108889512232692,0.0203292745869112,0.0408583378258324,0.0170577316042383,0.658011849690135,0.0198055611205263,0.0143285120227822,0.00283909105527234,0.00923345450661094,0.0198989209438948,9.55748343134295e-05,0.0016736748994533,0.000573419444412588,0.00076255417026491,0.0197065635034794,0.00534208855203227,0.0128467207997894,0.00747701855774784,0.00276813031089585,0.00309662964150547,0.00500094293028344,0.0099542297186706,0.0285852993750027,0.00162928085563289,0.00154552004174162,2.32391589469897e-05
0.0023765392751336,2.09124256297286e-05,0.00907311802646357,0.0135986700590129,0.00318884235695972,0.0288874687298337,0.0290544065966439,0.00589053141681377,0.0470719028823956,0.026659484069715,0.0086554659203876,0.666059269971219,0.00503128279033096,0.000323380804390431,0.0015838731505188,0.0472032132659588,0.00173776311003104,0.00203623300027917,0.0058366951545465,0.00472982901970967,0.00390689590911642,0.00739325367854631,0.0151124877532727,0.00353169805366067,0.00561645226738178,0.00533965644864529,0.00501076118287748,0.00152163134760594,0.0296171438534781,0.00348807767561968,0.0102399365847925,0.000203123219029168
0.00116804454113608,0.000441906432554537,0.00232408598612669,0.0118264050954611,0.0559045445025376,0.0027037391831755,0.0144324559010921,0.00117602354625924,0.0744704829957246,0.0584274577348153,0.00633530104039771,0.00963226801677913,0.399342192332194,0.00155603172091909,0.0505780960586412,0.048206050439141,0.00026633006593589,0.000202037390949669,0.000776712878252511,0.00804728471939579,0.0764993473762396,0.000685865656262507,0.00761893766897185,0.0338407965507052,0.00402416743102052,0.00483009884899344,0.00608337522972281,0.0810066719222094,0.0267503702564684,0.00512825330189155,0.0039197142087911,0.00179495096723467
0.00124676674901091,0.00011313778439174,0.00258730981543593,0.00337215121635324,0.0123011249955112,0.000501965871514318,0.00279824708833154,0.00179163992051125,0.00760966175286842,0.00389833146414755,0.00230287921577368,0.00473484340747078,0.00348622911455043,0.82118081286992,0.0585246716871435,0.00446106068854585,0.0034069266694649,0.00127214279671675,0.00210675303096294,0.00883830963241145,0.0051842040878305,0.000636040760534332,0.00219916783120255,0.0118741844648849,0.00703759073304198,0.0132140039170841,0.00627191645377612,0.00117407628921668,0.000878196632116018,0.00198291848320376,0.0020525614312871,0.000960173144785804
0.000343212685426966,0.00026791040582447,0.00208323145901274,0.00236007515259976,0.00350540316829292,0.000380895387110499,0.0209439472851737,0.00282185194460315,0.0286926398123641,0.00570414777896911,0.00751924904704787,0.0444784609711884,0.0166431707215048,0.0052437016835926,0.744229942527879,0.0129872626153359,9.48253108868535e-06,0.00387768607622489,0.00232643271899361,0.00016490592781198,0.00564104909864629,0.00395982171969715,0.013481612891349,0.0076124249220256,0.00714453685645565,0.0051781817345239,0.00767270534813377,0.02327772800844,0.0123852053311636,0.00332565401109297,0.00127527381179613,0.00446219636663117
0.0357402902513353,0.0157592137776027,0.00700231103084801,0.00781460439556093,0.0597024567968297,0.00334596761019241,0.150846530929432,0.0223281016703875,0.239818767790136,0.0129594562410583,0.0185380561378021,0.0502821790110318,0.00135169393298458,0.00126116519647762,0.00220795218202715,0.290616674012537,0.000306694919199452,0.00250087337921102,0.00090136631266544,0.00478730859314173,0.0132268628673748,0.00172609687565062,0.00778888887936611,0.00148646145280062,0.00700986408963877,0.00470064984038735,0.0067714593454987,0.0054133964140269,0.00804013826432525,0.00474100045955236,0.00426982005903902,0.00675369728187877
0.0204616094161214,0.0140214092104406,0.00502493483757523,0.0106824732279285,0.00166700592381699,0.00595583438723641,0.0167485932342663,0.0015633726360726,0.00277863968910158,0.00077939447789775,0.00236503609834175,0.00333046853325994,2.60087145643418e-05,0.00207106001935691,0.00131308311880999,0.00254821314133286,0.786104792378458,0.0367872924620403,0.00242744385599287,0.00146396787541704,0.000432491088040395,0.00889909908537599,0.0116129766780778,0.0109579224737099,0.00297072966124311,0.0228402861987305,0.00903767819138815,9.24484371749879e-05,8.90761576951803e-05,0.00274813613161188,0.00234028886394909,0.00985823379497106
0.0106012607057057,0.00310842995140748,0.0035344584553753,0.00805725532432335,0.0212639413392579,0.0118620933678932,0.0125267064328204,0.00629746439013746,0.0338768312581668,0.00371591508973702,9.63641249792064e-05,0.0147611386734648,0.000680004741991666,0.000657152172156831,0.000337333240466542,0.00668340139491211,0.00565186974848527,0.71805261713028,0.00481980987759313,0.0213645437307113,0.00978897195170537,0.0230581272782086,0.0108428683907753,0.0129381827255616,0.00419688688604291,0.0102076188829654,0.0141563337067938,0.00017477181618667,0.0157518054024786,0.00246480995988239,0.0033875360792542,0.00508349577027928
0.00187848284201037,0.00229729382663638,0.000246574772873048,0.00457485839459532,0.00748772313516366,0.00820841059253279,0.00785397687055519,0.00151564023505746,0.0178915053140031,0.00184633384070017,0.0213748628555509,0.0667264925855356,0.00094588228699636,0.00105733481760318,0.00290225500886831,0.013382899730835,0.000288158212285283,0.00990914348209194,0.757007925482281,0.00201247817445609,0.000303040133846066,0.00227995119496504,0.0199383287026963,0.00743985441247727,0.00205645938816359,0.00429490799532365,0.00235757989832147,0.00851768164497177,0.0111800558104615,0.00865201513604467,0.00201386135034932,0.00155803187174868
0.00148177309682956,4.45827563707175e-05,0.00146032084000232,0.00271589333753711,0.0121456732109917,0.00275781629863044,0.0101865803020583,0.000935095474080943,0.0144207313032859,0.000442621997235398,0.000880054009637307,0.0140919915152852,0.000321787359317527,0.0063435753917015,0.000448630183734293,0.0203674340518965,0.00209033146035431,0.00168772163408765,0.00320284177722466,0.794274230109124,0.0213288404785097,0.00364602387809159,0.0027398116582062,0.035795016099497,0.00781853021941348,0.00740547086371879,0.00521891353943333,0.00536723211279924,0.0120182676248203,0.00559742473357125,0.000921656833883704,0.00184312584867037
0.000227471525261706,0.00193508866526965,0.00240887272164271,0.0030913127378766,0.00522372338397048,0.00784031254755058,0.0030618755933294,0.000288047682698326,0.0182005384845796,0.00339680060892665,0.00685401686911343,0.00745660302749405,8.56927419087571e-05,0.00398802481697506,0.00171225626258456,0.0200406108158286,0.00039044143387742,0.00384686884102141,0.0011247130392993,0.0252191024255277,0.792195984939067,0.0111512643130908,0.0104058254301722,0.0242304674052502,0.00422984500379963,0.000715146159948958,0.000412470269004184,0.00475245212297544,0.00815716942158883,0.00110622103511877,0.0181427485764489,0.00810803109879912
0.00448814859016988,0.000104175209552073,0.003396012210259,2.35848286848635e-05,0.0155408349967246,0.0342889907159785,0.118346855423082,0.000561034619879024,0.0834084094607164,0.00151087508878342,4.43000663070446e-05,0.0135503198166961,0.000187097618513299,0.00059895006991898,3.04065312104769e-05,0.0341100519913272,0.00350486959061316,0.0207617069837242,0.00812846237411746,0.00529431449513894,0.00785944459318991,0.577685009663363,0.019251391519216,0.0150862360078649,0.00204581291290669,0.0101287065244443,0.00148250792312794,0.00506669471039242,0.00119448173849677,0.00107137895194646,0.011173832540912,7.51022327428531e-05
0.00316453594697463,0.00191288954140426,0.00286137395172191,0.000131044164892258,0.00320142098787786,0.0346492992605743,0.0841972522409863,0.00143891891717726,0.0664906355131662,0.00142455200550614,0.00129395753315932,0.0281307425498862,0.000244876601907357,0.00462398459544684,0.000435388767663331,0.0459831220401819,0.0079781792341409,0.0153823962413766,0.00712165883513649,0.0051802320589697,0.00231794313288511,0.0280268911579306,0.601792425028605,0.00586340471210435,0.0191290426721629,0.00280993647241898,0.00461628269715412,0.00361052613654507,0.000214187205148772,0.00127865657873901,0.0116272475809179,0.00286699563723875
0.0014979552544703,0.00205993856603862,0.00134044622057032,0.0110108775475951,0.0214775151030808,0.013404760643052,0.000432549046679792,0.00729762750285855,0.0201542345975174,0.00323529417668516,0.00836265718859408,0.0166491071975817,0.00137544092972078,0.00359266343305672,0.00213058848894649,0.0500548348140602,4.97841830026136e-05,0.0019650952818797,0.00737395005221006,0.047233973443304,0.0269815167971024,0.00792775339982636,0.0273476969596842,0.615902656422183,0.0132105404354109,0.0287606781059349,0.0134569448277611,0.00387199732245096,0.00251964933570421,0.00325268520341706,0.0331427280604736,0.00292585945914664
0.00290610434181438,0.0234222150062485,0.00181080604027143,0.00104255718102664,0.0185503446644432,0.0162888521528792,0.0320695614710689,0.00197441925558332,0.131689217482542,0.0010113724148088,0.000439253191566668,0.00428811760742261,0.00094245959851928,2.41420210642032e-05,0.000437627875876993,0.109157472399992,0.012688962903769,0.0200753864331805,0.00214003360586992,0.0129002459148579,0.0178191574040685,0.0165011986505177,0.027739131376201,0.0256756384796839,0.475282773952958,0.00365203979325403,0.00470489153146588,0.00150151664727133,0.00260107934068455,0.00193105788488617,0.00630542535308771,0.0224269380231163
0.00133649221259982,0.00357114273872955,0.00188966396904158,0.0109059014901347,0.00998519653364816,0.0174638496011503,0.00086230197026481,0.00753050156723346,0.0157756618886253,0.00174945400732244,0.012147581439267,0.0560090691066263,0.00246656280419697,0.00306922817121266,0.00634909879183722,0.0357111169490244,0.00035356409894161,0.00317064881746844,0.00831460503047162,0.00499051717784009,0.00367164088143795,0.000408295440169049,0.00407297786757273,0.0227408147413774,0.00151893222880793,0.699972066022119,0.0177444793380836,0.00489401736947065,0.000867403912525179,0.00116766803398178,0.0382782181526957,0.00101132764612218
0.00256810639197508,0.00767006809234988,0.0060308539585107,0.0336648147965842,0.00994129943099372,0.0235309747023488,0.00181884119985272,0.0218895582184093,0.0181231104363692,0.0111658994825999,0.000898077872127605,0.0178040188766896,0.00101720274674363,0.00131844535923926,0.00664075443478738,0.0533554549900963,0.00177975780969881,0.000984994698786129,0.0195260471117233,0.0385608374126833,0.0307208901225262,0.00735112895801709,0.0464635028317517,0.01900544037688,0.00470480000014532,0.0721338482746639,0.476771528661352,0.029594903721892,0.00831709524733308,0.00107763432627438,0.0226215462503536,0.00294856320624135
0.00240763536479029,0.000117813417364838,0.00808369990676499,0.00732053519643031,0.0207154732625498,0.034176777704852,0.0709635787535141,0.00249397840019029,0.0302413478239831,0.0199935934205284,0.00738353304816329,0.078751278520654,0.00758491502675152,0.00197932489244051,0.023124799104745,0.0314817589732878,0.00162562226283435,0.00345301147365204,0.00953328471525448,0.00113831798361088,0.0208825603892669,0.00371936837112565,0.00491466909656452,0.00123808107979387,0.0103025272649065,0.0109182382173232,0.00168653718771157,0.511720881962151,0.0465590223812229,0.0112532083995693,0.0137718830765518,0.000462743321451147
0.00156592908534047,0.00201500352042882,0.000228906389819622,0.0111544519395958,0.026680070605836,0.000856426969838436,0.00484700787165895,0.0036540431833464,0.0110581486124982,0.00947711874430337,0.0272514819191253,0.0427667049829911,0.000405551348604908,0.00207696248654733,0.00574848498762356,0.0148482922899686,5.10629210273597e-05,0.00241645793396424,0.0026630179611512,0.0382076067968514,0.000996123724088532,0.00168125501679886,0.0261330652730932,0.0193339317504725,0.0049180936037272,0.00571343331463142,0.0298204443310663,0.0118004230983076,0.684254678319593,9.12414656926804e-05,7.87343652452631e-05,0.00720584518676224
0.00297081932041693,0.00619240317884805,0.000560358373771527,0.000100094445553443,0.0024061764954774,0.00173327646433228,0.00453364510840957,0.00941305977528839,0.00186510834377196,0.00164631964920182,0.000361617705183564,0.00493701691970301,0.00189052774178078,0.000346458600596402,0.000780668467294,0.00239561548994626,0.00184645579353116,0.00310362862978419,0.00512088549724168,0.00352694328242308,0.00391681864927407,0.00227731680778239,0.000524102663940072,0.0188062688757046,0.00811251384276863,0.0047626846822901,0.0105507857394827,0.00235928179684969,0.00225495854427164,0.870322586667092,0.0203071480253762,7.44544226126505e-05
0.00376420563533431,0.00396751818575642,0.00253599304894432,0.0121856072554612,0.0137906612753063,0.00907335085484945,0.00711915584384388,0.0105352466041049,0.0199692893264929,0.00150576145481605,0.0118543245236177,0.0345109785757377,0.00550941875908321,0.000495999784282023,0.0270711923834953,0.0106215916408135,0.000734535105270219,0.000546711833703689,0.00205562658794621,0.0196051337977027,0.0193966193557422,0.00549746655471032,0.049060450324971,0.0277275294372823,0.00261051151970381,0.0134603807111744,0.0085596161180099,0.0181973488087496,0.00328953456008869,0.00169801813705368,0.649137730774651,0.0039124912213009
0.00559191270972762,0.0165191283617382,0.000772972992477865,0.0215060749488855,0.00295227783929309,0.0170332503045675,0.0144244986260806,0.0114534095575967,0.00166134912019565,0.00950637448840073,0.00481018656645747,0.021388264292124,0.000558221785767181,0.00584200899487981,0.000296883524072549,0.00722745500349354,0.0117922407420211,0.0175236684336818,0.0019653771541352,0.000359318229818125,0.0179846872663487,0.0148148959382685,0.000289983987154407,0.00715682464449609,0.00510524061722075,0.00854017713557288,0.00488890548964805,0.00470237883601566,0.0047558827000845,0.000545113338976145,0.00197298868987308,0.756058047680927
