0.26286462853115,0.000336290842128744,0.00666346052637139,0.121774795945002,0.0233443767133556,0.00552797578487386,0.0337497981462393,0.0850962624546506,0.100388825005999,0.0127724288511708,0.00219655407375879,0.0257731695929786,0.0062775052870119,0.00132508437827816,0.0035442093112114,0.142676856209098,0.0100020983297342,0.0175749590705959,0.000865217480822191,0.0186395541545627,0.00124263908407228,0.0043725807977793,0.00317984872051607,0.044022076939577,0.0178820969581425,0.00481106909320138,0.000345690831440648,0.00788278284376209,0.00519443448433971,0.00207299528836499,0.00201760589575932,0.0255821283740525
0.0128572850214267,0.160387453903065,0.0119395876164397,0.120285394813384,0.0412398952879256,0.0193248542003824,0.0708583178191304,0.114937715393827,0.0579678429335778,0.0166966776440581,0.00356914415157861,0.107477858945034,0.00271646968371865,0.000832915750362191,0.00128343382229557,0.0783940486782086,0.00301029791804445,0.000130001203090545,0.000168059648253855,0.00182558302220076,0.00039735746364262,0.0209696890839206,0.00546531323141868,0.00586099539966643,0.00625130351052065,0.00454737471551036,0.00110318854575264,0.0694105387968312,0.0134222112789541,0.00078847619026293,0.000358650919235379,0.04552206340828
0.0112751381402117,0.000695394318926427,0.24900199517617,0.082046812924097,0.0118100109147812,0.017014239177268,0.040831243209292,0.0728737334879774,0.0531614779002813,0.0178067416261401,0.00257691717576441,0.0424740010678905,0.00459007006729266,0.000944103169877162,0.00150471121395154,0.0583482958712383,0.000294335449912499,0.000359078935330875,0.00269002591547148,0.117338725174549,0.00664913949424805,0.0113651986240196,0.0182202576471659,0.0919872122134662,0.00371688113344102,0.00374761895491005,0.0044560814662819,0.0629790188528123,0.00275595136218162,0.000711353454135027,0.000410823329627667,0.00536341255128786
0.00464004230598144,0.00205822851774789,0.00111837581094679,0.154932090171448,0.0408811693762868,0.00116874946144095,0.0435543790018026,0.211700000565631,0.0322627542391469,0.293730927605761,0.0725741919943344,0.0118556168083142,0.00117187659653037,0.00180386660738558,0.00181255067226743,0.0575611276634188,8.19893299959763e-05,0.00235314695889286,2.15328966930138e-05,0.00920034540546048,0.00135226891738006,0.00181671306953095,0.0181038664813296,0.00940696561053908,0.00343056705264845,0.00346604455118195,0.000417657722158185,0.0144737125288805,0.000328301149072548,0.000182357708848326,8.87129530404239e-05,0.00244987026590256
0.000520896815981866,0.0023973090381205,0.00204097953904606,0.0826834932562394,0.325017991580424,0.0156958237607335,0.0830183459620577,0.193613009267554,0.108380278094706,0.00129543364240219,0.000538107854244928,0.0394288486519643,0.00456465579739548,0.00115571831420965,0.00194568074176808,0.0247234210750569,0.00150009227501844,0.00136554639562386,0.000423600087343144,0.00175085504784438,0.00318037392238782,0.000309548072134187,0.0046675078377831,0.010341519356887,0.0140555264457624,0.0028391546014482,0.00204668442557087,0.0164667163038328,0.0228937597937349,0.00986990299217032,0.0153193294702148,0.00594988958033971
0.00100175643851493,0.00216335337428265,0.00142590988607622,0.138574914300239,0.00434129855704329,0.1726833425989,0.00741124290199808,0.121307385919635,0.0227778185820932,0.140310472803111,0.0488196985899082,0.088097676805351,0.00867129095179899,0.000300914561343673,0.00171591033536608,0.00163381182314652,0.000215156761816775,0.00666952904757123,0.000169344737467803,0.051635696710916,0.00587595077723545,4.05031140231682e-05,0.0122621595147982,0.0389465115347681,0.0204172499671577,0.00601547629228235,0.000378471137092974,0.0719964077753813,0.0143529666223321,0.00392207984939457,0.00382885719999096,0.00203684052896351
0.00201400871154427,0.0109820174292095,0.00342371777524709,0.0194952164351184,0.0766564534801943,0.0181117337842831,0.551293361733664,0.0983959851510571,0.0189677947258445,0.00828678972878006,0.0017980771446741,0.02590211997634,0.00321349528050062,0.00562840854556077,0.00393281412735249,0.028644610369454,0.00375165016604169,0.00669824928793026,0.000437555069994585,0.0224886065874309,0.0120384039043332,0.00826401927729376,0.000515565275355673,0.00960058705628489,0.0259460249377703,0.00491913233358322,0.000419454306192583,0.0113073056377734,0.00491596200979405,0.00543801435308277,0.00524264944103011,0.00127021595728401
0.00394538658381017,0.00196122385772276,5.57596327163418e-05,0.243047983716555,0.0203289767055745,0.00299808184809233,0.0197489867349285,0.307553395858794,0.0196648944792699,0.205715696739533,0.0521308836515767,0.0231960411505261,0.00165363915834631,0.00185828768346211,0.0017748043394489,0.0432645271348899,0.00017748611556302,0.00288488471147412,5.85112683473624e-05,0.00414801845247571,0.00257741827957203,0.000534811543776029,0.00884533358413209,0.00453817338465428,0.0029741249142853,0.00173851406282812,0.000380244166179811,0.0187995044550506,0.0015404882536187,0.000432852900624199,2.42953847573746e-05,0.00144676924741534
0.000388595287884883,0.000519241987704726,0.00224827870905276,0.013069821813224,0.0335662253791373,0.00360958088658913,0.0181892314516626,0.0177312370027861,0.487784158551486,0.00556132266841916,0.00119587193325591,0.0483638508129488,0.000753908238047986,0.00121547163357948,0.000816880652694836,0.0315341009921911,0.00443621461907644,0.0240021904802169,0.000254510895090081,0.0755457877964128,0.0098010100632188,0.0262726705723636,0.0214470699205802,0.0422806408156192,0.0347805162656921,0.0204153487179468,0.00602720822704577,0.0555647252617835,0.00703010739515481,9.24482899317213e-05,0.00144971548054092,0.0040520571986611
0.00254364719756505,0.00207040048530402,0.00140291592123959,0.231300600904044,0.0222982349140004,0.000520208415995311,0.03666767515185,0.141487977626489,0.0216071602875519,0.387539436022331,0.0488175038583173,0.00789659976273231,0.000346926412904636,0.000879846729973764,0.00395926531363528,0.0391216857951523,0.000177962958255547,0.00156432759969842,4.15687246455535e-05,0.00688204459802156,0.000447240243131345,0.00122065286672203,0.0140608982156743,0.00452386549010048,0.00271546599398082,0.00397886909937027,0.000592420667099838,0.011718015046668,0.000659572763451095,0.000407026115632841,0.000184417885322101,0.00236556693313893
0.0016950596047715,0.00287975829420267,0.00458543300414634,0.242160808121475,0.0225030873293253,0.000779897692850928,0.0457318434380959,0.131329718784314,0.0232255711199024,0.223993646011682,0.0209494922276026,0.0872357539446944,0.000189885705413151,0.00207134223091588,0.0101807574875851,0.0632863240503334,0.000890092265597685,0.00449527848203408,0.000115559581262443,0.0100106790226185,0.00235133565841954,0.000696350592148176,0.0135931621427696,0.00526894902026892,0.00365747072377769,0.00712441600971845,0.000994251545231382,0.0635466928031288,0.00106833106229086,0.00177023683698361,0.000340329009122841,0.00127848619731638
0.00204053835312827,0.00130904661797618,0.00011160239711702,0.0192638888384563,0.00295889769992637,0.00891542215886039,0.0156846194377473,0.0329608429289377,0.00231218955741191,0.0148338495710699,0.00361355521784062,0.500222196276192,0.00603721887896216,0.00256817988802563,0.00179463689601188,0.00955224100018645,0.00261897456563655,0.00184172885007094,0.000819689047886338,0.143573325349675,0.00517299688728326,0.0124342846341666,0.0298335482396598,0.109145277589647,0.00658351029966586,0.00230454340787787,0.000794903251083093,0.0221287412971878,0.0324608787655784,0.00332217449993712,0.00181914869677429,0.000967348900020124
0.00166314270113133,0.000473220019814143,0.00451760935126213,0.0272808372086621,0.087839431274869,0.0058400189668052,0.0127731924045773,0.0382187190188288,0.0701944747653794,0.00445216134359544,0.00681090354947509,0.0167113998172792,0.28431800584452,0.00448635860925117,0.0254051939760662,0.000180457930186918,0.00254883243841503,0.000447510321548126,0.000166450135059401,0.1181718325819,0.0119643342717033,0.00111276831933651,0.0126556117359587,0.135698680851788,0.0325120186085847,0.0150517572134908,0.000274410877837584,0.0483170314738326,0.0209079965847505,0.000570300576516883,0.00203262010108443,0.00640271712649048
0.0023103620041526,0.000854760486094023,9.08752007849277e-05,0.176101545515811,0.00755939145206402,0.00162373238988875,0.000290076688756285,0.0911819216273962,0.0233118224237773,0.0666846900108429,0.00945165621049824,0.176163272566323,0.0032848932224497,0.244038261659176,0.00197458116136328,0.00889786546329492,0.00206130555207293,0.00352419651822344,0.00126694859014948,0.0110011070360149,0.01554851240572,0.00204397836770792,0.0100572978668002,0.010675493958511,0.0302102972492915,0.00635564227971003,0.000859055974210491,0.0642435670752615,0.024892278493118,0.000325011943835172,0.00292934134953496,0.000186257257166075
0.00309704450905934,0.00262962860609709,0.000933250744587245,0.106497537930421,0.0264700709450725,0.00594072815586976,0.0057167519391436,0.08317274535816,0.0825544872360694,0.0612783580280261,0.02658513587225,0.00633935872055578,0.0119398806668492,0.000524136936382908,0.320285459025188,0.0303627303744082,0.000564182690787209,0.00114938172585487,0.000100771538702429,0.0492619963808767,0.00431132478255383,0.00220738667920461,0.0209239698076296,0.0623330537336383,0.0206065641949445,0.0169789815329038,0.00218098459495023,0.0247296073021036,0.0162395214507639,0.000294442260395392,0.00318832420986967,0.000602202066680772
0.00509644404824483,0.0113531191721385,0.000213078744806865,0.07262989657602,0.0488760369799857,0.00995478454189283,0.0121090101516277,0.0665150221047094,0.0849748471116668,0.0242472507931004,0.0050577457835332,0.0214088477277176,0.000656305991199342,0.00298653757934832,0.00316340301155833,0.243446796998446,0.00645296945708237,0.00874570413769799,0.000193412968018259,0.1231148806747,0.0183073675915486,0.00436902172792369,0.0285127751955153,0.0857714577970964,0.0307342607422144,0.0379742416593639,0.00893170289426147,0.0225729123655478,0.0079981197802171,0.000946903362855382,0.00071113058787196,0.00197401174209013
0.0048575224818706,0.00254206977321461,0.00156568661578347,0.00292718359290163,0.0577133601036833,0.000110988265469713,0.0483796496320424,0.00336754681256237,0.0791739655975373,0.000535348601253896,0.00022091858104003,0.00648738091942447,0.000114639932161479,0.000376677284616347,0.00167669622076893,0.238677257692767,0.296967557113014,0.02518610376002,0.00205617532060469,0.0296979738195717,0.00929107698761426,0.0165249999745675,0.00812017771946048,0.0355429237267553,0.102595031351756,0.00400191395665576,0.00134240537115849,0.00139433989007918,0.00105940123348692,0.000173363646541207,0.00220501982120009,0.0151146442004171
0.00332873732226569,0.000170609935369832,0.0025338491946832,0.0106482286306139,0.017488646821915,0.00255325753152011,0.010197839689398,0.00310429841666682,0.026445515282913,0.0209750172270288,0.0108849920013914,0.0788775872903173,0.000313739928376108,0.000496567446407237,0.0066172617078102,0.0285521649071955,0.00567749364131529,0.409722680924508,0.000853997848555413,0.0609613241123377,0.00614834655577237,0.0037927937815045,0.0376919833654391,0.0638311269121762,0.0489227207035179,0.000541133680338134,0.00546710836853859,0.106744743804818,0.00672303740281292,0.00147224811211409,0.000666074153039875,0.0175948732993394
0.00269378276796548,0.00724074971092253,0.00088703899628585,0.0387028576427622,0.0271855729068429,0.0025209091674075,0.0377712284312031,0.0230795301709501,0.0579797696334332,0.0096300607575884,0.000536702016564114,0.0157132234490999,0.00397142494187605,0.00177669440594206,0.00368945846801511,0.0891295597348536,0.000531186607717937,0.00135611601672336,0.502555586034767,0.0238322121938914,0.024792376677338,0.0157713747168153,0.0387673528016834,0.0170567757305065,0.0188218194918009,0.0091376657801871,0.00155499347752875,0.00467766837798134,0.00891256206587252,0.000809554339390756,0.00664212269835529,0.00227206978772858
0.00176926717888461,0.00150242387591681,0.00115796576490196,0.0486708276210466,0.010539041397482,0.00373998213643041,0.00853070745410521,0.0260416212217077,0.0174635773552181,0.00963927051909796,0.00211118563096089,0.0359146096171737,0.000619327856956185,0.000730372932707905,0.000712161628693699,0.0140915145265368,0.000852788160768865,0.000742526899668854,1.90542236747537e-05,0.519258918592176,0.00378801555238497,0.00564536895459433,0.0260238982701333,0.216159334388076,0.00370256270205851,0.00290021791129951,0.00398045150276781,0.0210050569016609,0.00350177929962082,0.00690383334998013,0.00201291021396943,0.000269426359345725
0.0091475424499631,0.00538455825508188,0.00159934231735974,0.0882132417892228,0.0153633546795825,0.00728715686792002,0.00248542203832266,0.0592529759952414,0.0325439969019915,0.020099334453907,0.00248130282496933,0.0775253233970501,0.0116308680747189,0.00175550619019075,0.000830580192396,0.0154434390315271,0.00701414033448317,0.00504488455530757,0.000360859788699352,0.227987592600949,0.122076080023121,0.0335691690299151,0.0343839442058795,0.125932379460571,0.0260415979354218,0.000590372129426677,0.0089288768355925,0.0278638424420528,0.00659884998179391,0.0104226095249449,0.00420288480004172,0.00793797089235512
0.00337758552331808,0.00488604457956971,0.00198763752999149,0.0226343174286961,0.0376588534054214,0.00132350267287178,0.0435805936438161,0.0155332030941682,0.0129345336314063,0.00233862499359717,0.000437195674837602,0.123693403077715,0.000300170597720117,8.24684364903928e-05,0.00432362268090652,0.0652175452667555,0.00250315384674365,0.00547261540609394,0.00142066972996567,0.111352781559464,0.0140155877028216,0.243328795519967,0.00803404560239027,0.0714329789656542,0.0232920179724204,0.00376095545026162,0.00264162570537904,0.151718413072996,0.00835270417666953,0.000213056914097409,0.00194059805628568,0.0102106980815083
0.00807797790879691,0.00694703713932539,0.00192415402979073,0.0390632552832434,0.00553070812756542,0.00450934936435436,0.0203539002344825,0.0331363358898042,0.00858493540942967,0.00278677149530454,0.000367371668660511,0.215753561009269,0.000819608923939367,6.48058474754303e-05,0.00204126089308894,0.0159677688098671,0.00339169985997777,0.00236651907303848,0.000415240540576913,0.174757553547644,0.00110889807225533,0.0466451786127823,0.0472745985126622,0.101427951038223,0.00298553734554466,0.00878127611839898,0.00578922797255978,0.205720250013431,0.0231076947554656,0.000392356149977659,0.000793238511392861,0.00911397784167134
0.00264062176251608,0.00218621354777396,0.00139762319952886,0.0522243646430772,0.013862662605463,0.00527116409047033,0.00904680262394239,0.028642224095769,0.0295079667578454,0.0114370850437961,0.00352967563470136,0.0351026084366299,0.00190906990253907,0.00110795645911758,0.00115597285723864,0.0271346305314787,0.0016093092376596,0.00205414663181963,2.89955320511914e-05,0.416420508478998,0.00530790175554328,0.00931841981710451,0.0392792473885802,0.24002233140462,0.0102795066281979,0.00346045336997331,0.00556731835377155,0.0192792224597804,0.00333754085678597,0.0120495164970689,0.00469317981422616,0.00113575958193213
0.0043648612057892,2.6448296879281e-05,0.00119088220367414,0.0328310789158521,0.0253606512754927,1.06103804706565e-05,0.0839876484383343,0.026279075475473,0.00215242198628086,0.0267076970747625,0.00849762350757848,0.0653066356380291,0.00036338789053324,0.000727092738893796,0.00216373284860966,0.0661489257015059,0.00413325869106595,0.00381801799584248,0.000704835067079813,0.0425461195376594,0.0222136000558718,0.0191375497442738,0.048101510520123,0.0676063329022902,0.350686960259763,0.00271412300454338,0.00898948009599332,0.0746821505194175,0.00358754618770319,0.000777972640056878,0.000256807172415112,0.00392496202774272
0.00136045614460106,0.000350652196424826,0.000523015196252683,0.0574062929173112,0.015602621809948,0.0179518968418155,0.00158544339610813,0.017532074106907,0.0398819578420174,0.0242471427043569,0.00268981871747928,0.00460953837466615,0.00788700264285222,0.000914838669044045,0.00988366332916186,0.0164770246587492,0.000944984424637902,0.000233282822552845,0.00333946877583649,0.151219462446687,0.000642152273676826,0.0404641356615034,0.0483479153652445,0.102029456677868,0.00018732915616895,0.413450749072191,0.00191281869852859,0.000340071419939511,0.0061342351636661,0.00440565318186506,0.00605709638396958,0.00138774892796909
0.000130320602831562,0.00106070125218134,0.000184059767138093,0.0177476568252688,0.0190080211179008,0.00588785726735941,0.00969908615561413,0.0144198628012073,0.0349181116794874,0.00534138757935766,0.00315094489598382,0.000942066978919183,0.0011818300717842,7.38091443125582e-05,0.00501844081672119,0.0498031502209141,0.00119159564838334,0.000176062737562897,0.00418077231844141,0.170015661484234,0.0162226011649057,0.0542554158304213,0.0582181306934933,0.152067988105048,0.00541829046383724,0.0263480778531625,0.311515965110214,0.0167618406425309,0.000335895513244558,0.00695503915194936,0.00538167308042604,0.00238768302516359
0.00282304946393548,0.00148634550122724,8.64797165708152e-05,0.0502653481318249,0.00346678112071638,0.00829014540771041,0.0288075405406839,0.0569899658476966,0.00426163517610387,0.0102043654090026,0.00419632297679837,0.22365722953531,0.00839055913794607,0.00109447236397114,0.00149742331023143,0.00926623079356122,0.00314655872334241,0.000999415483103388,0.00078025287174732,0.237838740403979,0.00198759592256566,0.0185856370877298,0.0513250197696198,0.182770449328606,0.00744055924480761,0.00189453462148067,0.0012598893228151,0.016164317665714,0.0526809278164052,0.00487152580798938,0.00252865945817869,0.000942022038625086
0.0019155597767417,0.00113559955758252,0.000236030123436981,0.0294603622794168,0.0421981502279552,0.000348941640423009,0.0355707388961312,0.0108707267123919,0.00438973597447313,0.00647429218799777,0.00394672736079646,0.066706405553683,0.00134745465088948,0.000443773775134448,0.00776094766413296,0.0305277474733404,0.0025016769459535,0.00191816474067896,0.000842902178999233,0.205760183460009,0.0144152379896898,0.00952949135158437,0.0194170999184107,0.204335486245075,0.0131446409179773,0.001014718365502,0.000165942495882534,0.0382732953143303,0.234693852603163,0.00507127593444839,0.00473041263926275,0.000852425044506151
0.00119126633598755,0.0014533692605118,4.58961228569444e-05,0.00691560356324768,0.00823492420447913,0.00999138505879983,0.0323177333888887,0.00878946423975946,0.00599278985158484,0.0411175158522353,0.00644216516991034,0.0173997051463668,0.00190368810983624,0.00113859733936507,8.76767205149585e-05,0.00205927301803546,0.00286760374671068,0.000380251191346199,0.0018120354385218,0.138535445554714,0.00785849563108547,0.00466269830441535,0.0104782526785599,0.150219526202836,0.00261154747738516,0.00471177882698146,0.00654878861765806,0.0117272224726307,0.00033195021309577,0.492725354208192,0.0181929371602664,0.00125505889322175
0.00477401700704168,0.0009324907797085,0.000256344194339277,0.0319927088901809,0.00174707657765304,0.0233575143080684,0.0244114867662362,0.0100853739626284,0.000331204500784906,0.0339467434159781,0.0123493752357927,0.00349111401805283,0.0162939087016731,0.00159376091684399,0.0106507890003065,0.00980067657674675,0.00410730972005691,6.98412826615439e-05,0.00155502442669771,0.102353635188556,0.00679510204711897,0.0115339630248586,0.00867963309799487,0.0942991211072226,0.0034231745992197,0.0313937180320774,0.00607433154816421,0.00693117167288239,0.00266818167152422,0.00208150704926551,0.52906298127327,0.00295671940639405
0.00491259869585246,0.0107638370699208,0.00218758744907631,0.0550448773197978,0.015342922103977,0.00167484697239482,0.0287846703879743,0.0358147132229036,0.0217124807289837,0.0222555447551679,0.00544860182032991,0.144855597519436,0.00472489393151138,0.000398962446320262,0.00257415685968391,0.06901094887812,0.0100779340455319,0.0108498480421752,0.000836879769824633,0.0605344287247853,0.0171332475234094,0.0528746221997979,0.0347744770458112,0.0707709043366315,0.0460671791450131,0.00437338742782745,0.00489862174395047,0.133478768656824,0.0146200425776958,0.000118754218563569,0.000880691139386709,0.112202973241322
