0.592544022905827,0.000874217736643839,0.00404155676301922,0.0333671074414823,0.0733873602386633,0.0237665376172181,0.0783951331698431,0.0282932180758812,0.0150977677052699,0.0140812013223123,0.0210684115361853,0.0205579337425414,0.00135353143742994,0.000540422275066327,0.00142770420414649,0.0462329015659644,0.00794765973025876,0.00884446515450362,0.000121094823574103,0.00201659240612767,0.00248133868450415,0.0102013951343508,0.00119385612179095,0.000244111497838525,0.000543690958345062,0.00177080042464284,0.000172649421039734,0.0050487945830609,0.00281521006144607,4.60238858003602e-05,7.33171000400496e-07,0.00152255620422196
0.0193697598801355,0.458366908223312,0.012227859861231,0.0727792952430844,0.0439526571369219,0.0484589313168686,0.0343189671635002,0.0824385416952258,0.0629053100004899,0.0185532851468391,0.00260989117918865,0.0160096259051565,0.000106148556311859,0.00056842955657698,0.000789320606285489,0.0421170587293039,0.00696938312943719,0.00574083478028203,0.00377028813413424,0.0137218593436353,0.00568500042978096,0.000980338849347958,0.00369810002262877,0.0027898585891976,0.0125553633854528,0.00452467432812837,9.73346129283729e-05,0.000766796919540375,0.00186635127535119,0.000693231363012713,0.00515933789739939,0.0154092567393111
0.0023757055108862,0.00633391931025321,0.522618203160933,0.0332015486100839,0.0960512523311849,0.00319200467397472,0.0993411690200396,0.0346261730468245,0.0767170080894822,0.0204575623052331,0.0114037949359449,0.0091972544638691,0.00566058097174465,0.00136563517333026,0.00210020238778994,0.00241319289162464,0.00184566057774238,0.00223424191197976,0.00045870038791886,0.0022557857403574,0.00889814591551126,0.0041720145845557,0.0164474974854761,0.000407734341730025,0.018919562238383,0.00125376096281964,9.9246406168263e-05,0.0094791831617784,0.00278013997085122,0.00103880638932353,0.00183305034302442,0.000821262699181236
0.00594431092791099,0.00388503301951271,0.00602403815519398,0.326468332368443,0.110110092071027,0.0287183014540637,0.0426909512870562,0.0649388002481776,0.100796394025173,0.119511838498149,0.0241526826286213,0.0162098220620411,0.00608137047107129,0.00443788168062323,0.00680408718182964,0.0105322744504657,0.0119179799358834,0.00124129155987961,0.00196423460413673,0.000122545704386605,0.0156358731667023,0.000651177824552733,0.026749256107995,0.00727493573690734,0.0168398793519665,0.00736034920845798,0.00361713324354282,0.00353858443467187,0.00540454554744029,0.00121949362469906,0.00189994353998205,0.0172565658794368
0.00194419482137788,0.0019089912528108,0.00284150224316597,0.0059357109535247,0.48278366473452,0.104246438290686,0.0669492026107866,0.0480645828998975,0.046614644756277,0.0018262363854527,0.000169680193332226,0.00478984386339102,0.00499543424713697,0.000271611960528038,0.00315409224843251,0.0860798667381125,0.00347648135739238,0.00272438694344682,0.000648241686655864,0.00676283040848664,0.034102389695525,0.00532838076748081,0.0290640620030721,0.000309427069461886,0.00273853312694453,0.0112990209947719,0.000750902064885538,0.0343324724766541,0.000171567880895009,0.00055850450436006,0.00235620305437152,0.00280089776616229
0.00958232547448866,0.00253460119910269,0.0041221307893332,0.0111627244489563,0.0475020424432934,0.587769946244797,0.0279119486275225,0.0673381954833057,0.0758406474066876,0.000101390444032264,0.00168507461218995,0.00327122245050883,0.00661146925886022,1.9371500530424e-05,0.00101335520077595,0.0414935393200412,0.0018343083807068,0.00171197510676687,0.000211287903394659,0.0021227792227726,0.0407455013603151,0.00569601569098148,0.0185250359218809,0.000185285765455995,0.00427570969647697,0.000532510593115537,0.000541206461772318,0.0302019712492009,0.000631257611686311,0.000422754386672354,0.00439765522885081,4.76051552532591e-06
0.0030474790123586,0.00588471747309685,0.00430875748031633,0.017740036929369,0.261066346068354,0.06165297681101,0.28127099511231,0.0465323356088466,0.0957789164900709,0.0115882802326289,0.000647613264492702,0.00674578186503145,0.00735798191964634,0.00039258806333756,0.00422864496847259,0.0583963516361194,0.00797682849825072,0.00116546089702439,9.74480508000243e-05,0.0129435928745729,0.0193940616867574,0.01101489282349,0.0175168111325593,0.00402087990218441,0.00227974596401627,0.0160515532861444,0.00039690381811238,0.0363426824306448,0.000126970923060489,0.000628275033405781,0.0028471267709244,0.000556962972591424
0.00349735564731532,0.00266786698475066,0.00285730038641243,0.0291001229030671,0.115250875226565,0.053896528135343,0.0464499597589836,0.522676066070881,0.102159074557175,0.0385743172252641,0.00793068442571352,0.000747734366025169,0.000627442881676101,0.000992847052121446,0.00090022808198155,0.0113142994083725,0.00483977691591413,0.000280148950682457,0.00130999667467121,0.000157125012147615,0.006813403940353,0.00122292249728372,0.0168281362498362,0.00274415445881714,0.00910353950103411,0.00308325790088103,0.000814328397582985,0.00263868551866485,0.00263707898388193,0.000331668156588849,0.000904898659301829,0.00664817507071226
0.00102580607752731,0.00252064724509762,0.00418362676762292,0.00395308393678536,0.006565592928234,0.0347938354308684,0.114972064285737,0.0190619014192621,0.671174070212472,0.00302803049178962,0.00797438590577721,0.000188487986140822,0.00163280861615215,5.71485536007944e-05,0.000782720192233073,0.015074794190027,0.00534631191146716,0.0226509784047268,0.00142665562919805,0.00271153986358596,0.0213767252868364,0.00500001533079812,0.0116099308751302,0.00596153715389312,0.00458110131439126,0.00249306400933205,0.00191702391194233,0.0037703932779291,0.000967655339220605,0.00124141704741538,0.000610020533781593,0.0213466258710242
0.00240686153537276,0.000394858171831191,0.000148474915153348,0.0636071132151173,0.054098597746814,0.0137555516219283,0.042376347978893,0.016386213764307,0.040210638190279,0.615525351803479,0.0496276594977857,0.0147536881870289,0.0101790802233098,0.000961610605743909,0.00182370603676076,0.00880732624284997,0.00624576967875019,0.000445539176704107,0.00120485024778569,0.000421077302189443,0.0119232457536237,0.000815416435462921,0.00999868744544196,0.00427196362003087,0.00969841251413276,0.00420964757170908,0.00161860066536907,0.0016932636791219,0.00222185481013882,0.00264060161455822,0.00343890142735559,0.0040890883209719
0.00150793004800055,0.00252671363194584,0.0001947770461774,0.256746103496066,0.0421173325176606,0.0120935106282533,0.0493302290524213,0.0698502765752347,0.0556033574155724,0.12558340635695,0.207584337433596,0.00566542927586914,0.0435229986215214,8.89685019537663e-05,0.00164890819776759,0.0430717507707819,0.00595974458670819,0.00161474492923789,0.00227151739886809,0.00197673337124815,0.0147892707804887,0.0017432877288092,0.0165782475400933,0.003547888366446,0.0117204519986269,0.00534706884129499,0.00563503742782756,0.00216504098138911,0.00236773821587621,0.00500116978890766,0.000588668438442988,0.00155736003596373
0.00924764978167931,0.000446758309903422,0.000951393820676646,0.0464388255318382,0.00882316007404041,0.0258471217396011,0.0124443373854895,0.00624677133585971,0.0193470491574216,0.0563898592065673,0.0137761482034214,0.558582280534097,0.0259216876952274,1.37036038433182e-05,0.00223700789780199,0.0181110479875649,0.02013441647927,0.00109031790034409,0.000738280746350824,0.0135811016129919,0.025112842181785,0.00135176039736164,0.0170525930441774,0.000252894483133362,0.00271406128232499,0.0341193850092337,0.0257982725698788,0.00481199660814887,0.039718098352113,0.00307176144609348,0.00265830248644426,0.00296911313531546
0.00107350786348343,0.00193579773061821,4.97561589665295e-05,0.218151509356992,0.0202343149779981,0.00513636895752042,0.0185902787648783,0.104198587551291,0.0247620245574051,0.0557786878488397,0.0638796288271181,0.0866232099622988,0.306549708049429,0.0007131503913241,0.0139223162748279,0.00855802922163468,0.00211569301037488,0.00181125624918874,0.00184204995053468,0.00130125791877294,0.00817500231557921,0.00173926807676607,0.00620067440735348,2.50420094212434e-05,0.00178623495584373,0.000276486099512071,0.00172230111692153,0.0346251695816363,0.00189077398606653,0.0036485854179647,0.00207640414848393,0.000606924260954381
0.00167716912044784,7.78672245881666e-05,0.0061701910031162,0.0295102170814973,0.0270516698481581,0.00546696616489322,0.0149890699385591,0.00801655101776942,0.00989222877572757,0.0810687274443572,0.0335444427782411,0.00883267455699252,0.00559293431921926,0.63097479094517,0.000907384938109398,0.00143382552158585,0.00935840078038803,0.00016588084469523,0.00184706937049654,0.010156665230167,0.0134772461778475,0.00390784755468114,0.018121581144743,0.0169137507283909,0.010014769155152,0.0183330672609312,0.00203709805156978,0.00168615497260615,0.00186286793919116,0.00970319054394405,0.0171985651621529,9.13440461161965e-06
0.000496754646326008,0.00262913967846512,0.00293415556373078,0.0866320644244971,0.0285114569309707,0.00131756063319747,0.0363005798882337,0.0335829550437523,0.0119130420007688,0.0938260865115722,0.0499718648668049,0.0446823849763174,0.000892216023467353,0.000249799146356376,0.557597274267978,0.00302687748270343,0.00118149941478519,0.00162189989420428,0.00190797955935038,0.00115201378502291,0.00365992316887159,0.00324183899546348,0.00435696266853528,0.0002471944279098,0.000515716986850659,0.00154523065363988,0.00173724412356371,0.0128568190195744,0.00285820003178912,0.00294294342728185,0.00265507488721759,0.00295524687079821
0.00775576627725076,0.0101375776876609,0.00142756684016888,0.0298879979456875,0.197712011008612,0.0452930361514449,0.149992063309333,0.0781468640143868,0.160712854576811,0.00232806260505763,9.36890791736852e-05,0.000723715189751998,0.00647125411928193,0.000252704099534096,8.74210804332418e-05,0.233085571837698,0.00840356649457776,0.00992979866509569,0.000845304893835709,0.00549552854590785,0.00740619327769318,0.00341643627860378,0.00210295921356699,0.00782773261324693,0.00474021485172666,0.00560548772884387,0.00124382009605936,0.0121769354837783,0.000120760369722096,0.000218018820935768,0.00166505282810164,0.00469403401601924
0.0020110428325386,0.00474814278371477,0.00281473824629035,0.00947828504548853,0.146239289168074,0.0129585461555392,0.104870173573364,0.0120707735148831,0.0615287797977711,0.0161568909486502,0.0229153329969173,0.00973084962163654,0.0104191949352206,0.000501130531961772,0.00155620927593841,0.0241004762704957,0.524555961305212,0.00577771029101774,0.00144414984078743,0.000205763719543126,0.00267560908250018,0.00514564052396709,0.000629497995248182,0.000236682454919471,0.000139647583015252,0.000254224780693985,0.000324033408679101,0.0123576904817595,0.00143523945317152,0.000817905412830206,0.00118591208560199,0.000714475882570026
0.010631716919068,0.00557729842606996,0.00211868409680657,0.00220672993562093,0.0155600457632,0.00754720963949374,0.0228491938239449,0.0060336785824944,0.000558734322630616,0.0105771597419238,0.0336547097447056,0.00681231353560114,0.000486196638536356,0.00028507092312136,0.00316607711284083,0.04133398603984,0.0221246388851367,0.645112236642053,0.000741374010803798,0.00934638299202186,0.0530534624163149,0.0170079240949908,0.0346125640516553,0.00021803895502928,0.0387326758026539,1.13671432396546e-06,0.000141912640944118,0.000938465869727639,0.000641928580257542,2.6643882014048e-06,0.000752154363702915,0.00717363434628508
0.0122192255578584,0.00538612017461106,0.000634367438579157,0.0568670662828962,0.0610981012847618,0.00125364738620637,0.0442168073751338,0.023005139359031,0.0603865384229706,0.018905171106535,0.00741461264170347,0.0160694547723434,0.00188900470671517,0.00935351992811964,0.0045247246239581,0.00348871332272606,0.0163315103515701,0.000467747061804586,0.597175621444818,0.00111910503681442,0.00207359558855266,0.0084547552095526,0.00183050323268573,0.000556588591812973,0.00715278531302022,0.00385416853121297,0.0105729592282678,0.00434063923769248,0.0135870561419861,0.000879395590319347,0.000609419602349096,0.00428193545339169
0.00130241698355598,0.00234719844975126,0.00667139526871406,0.100978491427227,0.0140097892877901,0.0319150595352859,0.0238823174261947,0.0483087134039951,0.0118585561696143,0.014495143666033,0.0218047270057534,0.0267210023536392,0.00125377842946245,1.50674840319609e-05,0.000271719043382595,0.000355126649812729,0.000462270145970933,0.000614796364864282,0.0218235959556155,0.491519147489261,0.0290013900791309,0.0204486592973539,0.0198361140720831,0.00924047758558561,0.00904516817284871,0.0427927011759252,0.00117198846560765,0.00753638604384945,0.00352911455461355,0.0149211021114112,0.0204511491107902,0.00141543679084545
0.00640578784963016,0.00668938738797934,0.00235148106526123,0.0712296043528276,0.0150224513380839,0.00584189588484203,0.0125941953002187,0.0668535454448912,0.023926892071711,0.0215708480905792,0.00516989788746453,0.0285949498767989,0.00103375004000032,0.00478523702739036,0.00316168048830474,0.00859184607366941,0.00362620449006279,0.00981940022199543,0.00185803886412807,0.0143257710679043,0.523503184912405,0.00459754383153143,0.0184926598710878,0.0666775878387534,0.000878409090515116,0.00336874858222317,0.0103228136825675,0.0274509754053332,0.00112373630535796,0.000156604393423638,0.00990245500242164,0.0200724162606371
0.00437547600075722,0.000144476779036517,0.00528804337271393,0.0980753722117564,0.0625371888298996,0.0399950961043525,0.0238221159268965,0.0523622655214728,0.092367015817869,0.026189326267416,0.00311325013617052,0.00826904587419655,0.00131986294815164,0.000192738279240118,0.00210998462972656,0.00680965866673279,0.0161774154579515,0.00603271531563462,0.0122962105001536,0.0304695497447967,0.0517150799676253,0.310378646734585,0.0355385797543111,0.0042182165003986,0.080176455335908,0.00254673684157312,0.00268024457115842,0.0156289544679363,0.000462784098156868,0.000843974735522286,0.00112146125789477,0.00274205735000528
0.00876245360000748,0.00479905710522543,0.00451222465476831,0.0144605619870892,0.0321494228170138,0.00702800502869956,0.0435428467027708,0.000784330565648273,0.176187792211953,0.0376149952630508,0.0283211822550807,0.0287627185034111,0.00585018988164806,0.000915334824529182,0.00229919121752969,0.0436902035123984,0.00328016786700387,0.0032382539166344,0.00322082613410226,0.00827530784227423,0.0244461561549249,0.0238893524279186,0.402124633724741,0.007583289486878,0.0117518752712381,0.000810916564863908,0.00411099219363647,0.0457245985228229,0.000550780905796199,0.00195697038518903,0.0109962596253999,0.00835910884575204
0.00309574279647478,0.000597634474203025,0.000418071926362545,0.108451723554969,0.115443471928588,0.000998313459513216,0.0714333653935941,0.0618890880545214,0.109673354315911,0.0480015812395137,0.0221179043667868,0.0142051935054118,0.0025052273831737,0.00319798236486118,0.0026981617102567,0.00698940109507786,0.0110567617293002,0.00128638099855717,0.000455913469749214,0.0112633531878642,0.0319607192776256,0.00530995147826448,0.0159262350406816,0.28483589985984,0.0179078331368769,0.0133048019417841,0.00902977047345569,0.0146203920578615,0.000855568567367667,0.00129271238677154,0.00581133026991221,0.00336615855486875
0.0138840984164476,0.00103561171490439,0.000140592549419507,0.028989073407048,0.103660996892055,0.00921234207821068,0.0975812287254127,0.0461150535516066,0.10084060273934,0.00271421946156743,0.00316515676391658,0.0137605643063083,0.000421126066824082,0.000211266535530989,0.00122943217742571,0.00707199407918111,0.0200851898349463,0.00934651293926263,0.000436995570233713,0.00588378832679863,0.0228098620388518,0.00723407296585159,0.03402356956767,0.000826010480515328,0.451111133696676,0.00377326399792813,0.000579477767029949,0.00167212408969245,0.00202885940943276,0.000359305094624514,0.00154654237664672,0.00824993237864024
0.00432801801090042,0.00371653307261381,0.000656468607106115,0.0875756814374331,0.0845912255615708,0.0119656508418556,0.024865872322653,0.0224591356459316,0.084041963151782,0.0411365589215727,0.0204254843479125,0.00955757467318824,0.00268963666510751,0.00238602462650142,0.00427610731437035,0.00553870157752482,0.00868900960838054,0.000150546830526767,0.00510600396862826,0.00245990618488712,0.0550337326615273,0.000703968232137895,0.0212512619652752,0.00629483766985701,0.0133838251979461,0.449857572864215,0.0114400528234948,0.0026086289470182,0.000484457974662381,0.0029218312135937,0.00852893162942045,0.000874795450405186
0.0053601112209174,0.000547445006423155,0.000998966682734008,0.0705389917613028,0.157372484954206,0.00290034738271717,0.0519415910170304,0.0177355640739955,0.174073917144123,0.0416090186015017,0.014858506279016,0.0145214653470281,0.00168216735359179,0.000556461471059514,0.00244995517923279,0.00617472433625072,0.00922205709213906,0.000134235501922696,0.0020526032142604,0.0150096665277098,0.0485913307643147,0.000570027691677587,0.00732641686398665,0.0100342337538188,0.0294253345768121,0.0664374834847433,0.233447568223309,0.00044789228041208,0.00702747231349877,0.00087512663208234,0.00164615069513177,0.00443068257305105
0.0153372908107366,0.000787965499575354,0.000259086757937573,0.0575829403048621,0.0259681714990901,0.0323546320509896,0.0336229790819745,0.00142722858967779,0.019933975373593,0.036662498980136,0.00548301285069989,0.0756607303433788,0.0276612947594567,0.000263331482909171,0.00962219013297765,0.0272613238402233,0.0331684720840132,0.000644560371465172,0.00431997661589152,0.0147332587633944,0.0293753092444676,0.00131917939050767,0.0249515008677999,0.00162440315964979,0.0122245346553572,0.0531127094090906,0.0363009247139845,0.347683171057262,0.0569594858328153,0.0093098626695448,1.06255380565087e-05,0.00437337326848179
0.00408814744397003,0.000808574774779115,0.00564293484869325,0.0826735617373334,0.155135953336645,0.000817880348589743,0.0794599972748971,0.0211374776622443,0.108668773357898,0.0330621679467181,0.0147172372819381,0.00299264225624031,0.00750427586372072,8.80472587480562e-05,0.0020459893365448,0.00117302916242467,0.00336216338137544,0.00325524348862533,0.00334575460489359,0.00556705975794939,0.0100772999268807,0.000143426383747568,0.00310639682485044,0.0132473817396615,0.0347257707143835,0.0265848395495503,0.0264893054467059,0.000785409268508261,0.308929570786319,0.00299768398980158,0.0370428244987962,0.000323179746567447
0.00349318493215741,5.20196051653023e-06,0.00277717626763844,0.0840604967297207,0.0510820121345509,0.000950916970198027,0.0201785101387573,0.0162860845593697,0.0909928628501627,0.0550819848890195,0.00862304450323676,0.00282410141226172,0.00605115750385238,0.00129652355250078,0.00187924439263269,0.0107022069793945,0.00160150834292255,0.000477778394108776,0.00577226330439513,0.0139364936386254,0.0093628114401381,0.000544054320498119,0.00287568656792533,0.00527528481099881,0.0134068729931543,0.0181873056185415,0.00440268562108263,0.0209146149775036,0.00153694092008297,0.526136743029296,0.017183172800732,0.00210107344402473
0.00350606650489045,0.000479016191841845,0.00296002963716459,0.112405915936905,0.117985102269878,0.000314899888160359,0.0693709081515727,0.042777866826434,0.08568096801996,0.0416191226040786,0.00998245708963716,0.000545193894764092,0.00546240385177666,0.000192150788408977,0.00263399739732042,3.2831647120854e-05,0.00311062375578719,0.00379163181362029,0.000609646874784889,0.00203126713006185,0.00642929467436711,0.000302362862571634,0.0107924029312103,0.0164056225612513,0.0256613437829541,0.0106844870281047,0.00355334055055623,0.00426844750109122,0.00513060728600345,8.76238787460859e-05,0.410945603654372,0.000246763014604084
0.0153408739046538,0.00237968958647647,0.00106921022570547,0.00985892931845678,0.132259352595071,0.0318069082549961,0.1746615838962,0.0431506722482762,0.210096428150301,0.00293626403616309,3.73002066004378e-05,0.00551430603588716,0.00565611811977833,0.000398277082702962,0.00103198260829504,0.0258354052047052,0.00942686981396875,0.00205456190896213,0.000267489769412734,0.00956524447681345,0.000655175390496659,0.00562648964581085,0.0177191113462815,0.02002551003058,0.055635930019361,0.000867119447283902,0.00381376319411693,0.00301794271185795,0.00128695698019576,0.000972812645914494,0.00101115609356687,0.206020565051108
