0.540101148366973,0.00750014536297429,0.00334023231244194,0.00516403629677981,0.00352656817421119,0.00742202950151673,0.00564849959902946,0.00452098896552703,0.153240612525484,0.0012153685758236,0.00189032796595766,0.00519641346065066,0.00357913511851798,0.00150399946105929,0.000208679025133458,0.0873497326208749,0.00539691084960694,0.0184217273640934,0.00156107960185238,0.00351928704054551,0.00810662802629723,0.0106508751698527,0.0108725704223992,0.0364250306621352,0.0423523343647027,0.00475199739677239,0.000939678366211878,0.0015267096836118,0.00854717968006165,8.09768928334612e-05,0.00619716037588145,0.00924193677018714
0.0080586225931398,0.60900038332086,0.0169705134473477,0.00409388234149429,0.0188334900140535,0.04775945137341,0.112831263190049,0.00797365868850536,0.00895041766548913,0.00302357801535885,0.00654436199887534,0.00687959458714231,0.00188094101219836,0.00038407691450205,0.000470836222011584,0.0319481210023518,0.0199653506042653,0.0078895545407729,0.0127900047456371,0.0016404431830478,0.000232996736913778,0.00570624363106328,0.00732169192666463,0.00152505559846563,0.0283763207440242,0.0154264892875269,0.00127280163802435,0.0026329897012386,0.000557151869146896,0.00128387608779991,0.00220985072619935,0.0055659865924208
0.0210778911980514,0.00820039783601726,0.602252793346439,0.0144926073615282,0.044568355640509,0.0268456576845647,0.123699366322317,0.000888763239857791,0.0240491235874299,0.00175092496612668,0.00739478102464752,0.00475590231445012,0.000654173215736008,0.00335401011023615,0.00460065527934838,0.0808548355710343,0.00141601260577029,0.0062229646984715,0.00225998870770281,0.000102603560880246,0.000773279853623014,0.000654154296092656,0.000729675671602437,0.000940775197479621,0.000250812345122123,0.0049079444883207,0.00123033644156287,0.00849148940575494,0.000876962951231509,0.00049630672475236,0.000873702928743576,0.000332751424595972
3.90629875412221e-05,0.00129918289036771,0.00299405651184205,0.591132010568777,0.014600989529001,0.0358801411946797,0.0999890325205508,0.0283102213866076,0.0205563058252156,0.000538721992717614,0.000494006159700484,0.0850397837332434,0.00606564748933228,0.00518124327805624,0.00516949127914817,0.0277186880118658,0.000716395334563039,0.00193440829096179,0.00344092991897593,0.000508740079262517,0.00349701102490267,0.000998377827432455,0.000160752952909148,0.00256980817893161,0.000962961706519788,0.00529557330853574,0.00394293067193168,0.017371479883423,0.0319745756603662,0.000385082212975177,0.000415617338412279,0.000816770251250927
0.0016443730916409,0.00199920610376506,0.00223816497559143,0.0119061871583181,0.797149067259581,0.0106070778968289,0.0331707264472722,0.00282405404133512,0.0134645960843643,0.00140983767361294,0.0011747509543966,0.0291373474807884,0.00101293515976639,0.000198594017817569,0.00435085003591118,0.0257559374755062,0.00487513632923169,0.000445284404275974,0.0017358748562219,0.009324815035379,0.00088266546371057,3.54925802122713e-05,0.000585720140766743,0.00204673128513288,0.00188780340205925,0.00350170806049417,0.00250676186943421,0.0262765549356423,0.0065255457241879,0.000404040034118213,0.000171135776028817,0.000751024246607878
0.00496916423762536,0.00566022409630088,0.000597061137987011,0.119631800545011,0.024774549356553,0.488055547278018,0.023629754946551,0.0823245881850106,0.053902651111364,0.0158323789266595,0.0259427273151293,0.0369962447840083,0.00409861516519053,5.56650138929219e-05,0.00345703729700777,0.0728171401633828,0.00445172606119155,0.0016917415973971,0.000253698795769647,0.00116031007719596,0.000293674189593354,0.00336077735502449,0.00125761913261422,0.00129079647905457,0.00357252382195897,0.0059245880365584,0.000819938515289466,0.00546164424747773,0.00522206239571184,0.000741020846413467,0.00103594845826597,0.000716780430791273
0.021025293517857,0.000981036159752499,0.000246616698946437,0.0755316867835722,0.0188604720309107,0.0126786242636655,0.694603647081508,0.0149228002652034,0.0113083989229515,0.0213806421229374,0.0183307563225163,0.0245932638030766,0.00358249855122746,0.000562117204037243,0.00688999151486031,0.0163872885048505,0.00503268233829952,0.00138364905676515,0.000718586088882193,0.00684099803876401,0.00206704939265408,0.00211870946660828,0.0107913091525834,0.00609948331248297,0.00110464476795049,0.0015794444156346,0.00311936573130192,0.0073576194594874,0.00464253755313929,0.00132532444614247,0.0039216651338534,1.17978975778416e-05
0.000611119137113094,0.00216174410276077,0.00338373871824069,0.0130209027744274,0.0501299280225551,0.0272369649384694,0.0194285136871474,0.555435307621885,0.0455193664406619,0.00135509110580241,0.00396489520647911,0.114370178622531,0.000147562676274035,0.00674130173390149,0.00579456577960681,0.0175866075395193,0.00145123991859778,0.00121152827888154,0.000441331705411436,0.00349685177493123,0.000584142804409362,0.00716189692581812,0.00313654734822317,0.000742907478034635,0.0288269872173234,9.47413673808599e-06,0.0127682964214146,0.0081603057302468,0.0625353148717945,0.000263215435507117,0.00144352853842834,0.000878643306864921
0.0187724788646542,0.00503417905064709,0.000857511970121914,0.0159831066105105,0.0424989027616325,0.0236305851786524,0.102054838475077,0.00103038301243543,0.551892396583759,0.0068731327645616,0.00654247014415709,0.0128925809672928,0.00266469812297637,0.00136140835057747,0.00122735721813485,0.150900406133213,0.00141847043789216,0.00289283760830481,0.00103849472904054,0.00313382416815038,0.000523585167929444,0.00173155584843799,0.012542639407418,0.00237039905337832,0.0139313447837085,0.00152447032030728,0.000742894676146588,0.000492482516382013,0.00431067022145984,0.000407744871426727,0.0028928285848341,0.00582932139678021
0.000666374627431278,0.00369604477818071,0.000567639047767023,0.0133393414408327,0.0196702360000199,0.0117811388708062,0.0227784707376472,0.0102432117283498,0.0617384689751044,0.559356892439123,0.00442316260517976,0.109520148169434,0.00180360701680362,0.000298308570349416,0.0111889884527041,0.0520416488480172,0.000780675008275314,0.00447165253851128,0.00258273020457693,4.71432321719063e-05,0.0102409730718166,0.00108159775561458,0.0151843784765236,0.00831145829885984,0.00763053224395611,0.0117417649731841,0.000778836017524629,0.00588679562469405,0.0436884855920262,0.000234167763459087,0.00195744963276173,0.00226767725829341
0.00226061002099417,0.00362910983697074,0.000342093378522649,0.00394158708212679,0.132966861477207,0.0306993407330759,0.0492966217426087,0.0294465584578441,0.0127534539272234,0.0088379559592797,0.556380847290209,0.0142372713042989,0.0113884869948832,0.00240010108566462,0.00506801036930349,0.0236740012130909,0.00108434280779565,0.00297928158430783,0.00101250034637036,0.000103847569714841,0.014026263108135,0.000676200979327183,0.00430433461233396,0.0136677384420768,0.00565646076128622,0.0161678229395033,0.0140728575282381,0.00140401827637404,0.0256506362537737,0.00175199618974988,0.00460566561797159,0.00551312210973793
0.000152893490955387,0.00277894550254175,0.000960010687005124,0.019376786194033,0.0202460105467133,0.0047023581317338,0.00933204403564247,0.010170837509152,0.00528069559441546,0.0351812815999299,0.00705795837090516,0.723862262399023,0.00304543970529649,0.000182943744297879,0.000872458116581537,0.00227659729155807,0.00129138824784109,0.000179550179885316,0.000562811774009496,0.00239302474583145,0.010093791015726,0.00508350372103443,0.0050375864153201,0.0092882788938724,0.0115385939847847,0.00191858194201599,0.000221555323015793,0.019036672151967,0.0672016444227267,0.00327217289854876,0.0159780158345099,0.00142330552912604
0.00801302033432127,0.00563491065884233,0.00139514672413736,0.0115343924344001,0.0380371036728315,0.0200600473343145,0.000700149414988964,0.00407968807200836,0.0587340416694515,0.017714747677271,0.00498989762482208,0.0275682215058054,0.497378026044809,0.00910105256131928,0.0276523759475654,0.0319917095139946,0.00141361176629467,0.00230929117131158,0.000651676990014926,0.00108808151198402,0.0492740074497767,0.00633500726712571,0.000105505309426835,0.0400329967131877,0.00496332366085681,0.0218275924090049,0.00167440496989116,0.0945266497754619,0.00441339431255775,0.000522856633212821,0.00386770398075427,0.00240936488825521
0.00351455966514637,0.002442995765521,0.0026934764109696,0.00269908671607846,0.00490740340660646,0.000952568475838247,0.00264277771738473,0.00897127114904254,0.0251358831388637,0.0118709774617107,0.00636082184774755,0.0402180281635533,0.00615674298043578,0.692406344094071,0.0687044210921261,0.00556164082217715,0.00449091588495139,0.0125188873017894,0.00132233415319748,0.00348237166228856,0.0067805765890112,0.0146671842870689,0.00297095522726595,0.00150820927087406,0.00834889961212698,0.0144262795262347,1.1436560219654e-05,0.00356123185873751,0.025692193672056,0.000870617027713681,0.012136798664334,0.00197210979485779
0.00304566953680992,0.00497741667679893,3.10614772588687e-05,0.00414047673010478,0.00239168395213545,0.010274316856703,0.0444715274230209,0.0118900811748431,0.00606669059640969,0.00057241113200045,0.00787591263756098,0.113599830580535,0.0168052487455536,0.00985344176045438,0.603358646202309,0.00173168341953185,0.00362701128685032,0.00139650307181797,4.34454769317396e-05,0.00505158163488267,0.0338265048290902,0.0039141202451323,0.00300108980488141,0.0101269119177978,0.00127861738815878,0.00414109065514152,0.00249284789705426,0.0656137673894697,0.0226289366603598,0.000482574049916568,0.000779572219853632,0.00050932657063045
0.0530361875498603,0.0304779617457819,0.00367898232174814,0.0189277117113718,0.142849829575001,0.0310645203176471,0.325580578994982,0.000284859865201705,0.156101118152231,0.0107628794630885,0.00880956250800266,0.00223385667847972,0.00730413723946032,0.00208438164184153,0.00219489958025529,0.121112407483919,0.00423144295158255,0.00264202405960902,0.00120152280973729,0.00509215429079896,0.00185689132088219,0.00462519554340759,0.0122491677479469,0.0134208253691431,0.0186136080066982,0.00207496350441683,0.00186613301694371,0.00158952140372505,0.000216198479919837,0.00146508193345136,0.00883664406070528,0.00351475067215906
0.0043801496603617,0.0059234190671178,0.0087312153997072,0.00924916451742043,0.0196314534734181,0.00059212240135741,0.00782701652680596,0.000599342979496668,0.0167009836980038,0.00231441610273725,0.000214765538044879,0.0189886724249194,0.00298019355214823,0.00121735144024373,0.000895210216060432,0.00174801868697343,0.788830700891585,0.0164518172268753,0.00212918266371338,0.0183094276528625,0.000772663933137707,0.0180502413523286,0.00600438824421783,0.0102490720348206,0.0116017384143212,0.00484149443574848,0.00289729158581461,0.010717384737704,6.59285173370014e-05,0.000210182327122264,0.00351654660888812,0.00335844368870748
0.0180874320607535,0.00688571174672305,0.000802454954964591,0.00279164135043054,0.00759377788023767,0.00783434455820344,0.0162636458142466,0.00250746417410693,0.0316926038471137,0.00428497230586885,0.00259675849574728,0.00782193477563051,9.0925206715332e-05,0.0026164912940377,0.000815767306219836,0.0312922952663524,0.00394766086788691,0.709578860584878,0.000496768367194855,0.0250345913068965,0.00287253172387895,0.0366050289882755,0.0157868299918429,0.0138230093601418,0.00621227951007674,0.0128641949952043,0.0123537371066012,0.00867844642722986,0.00540782225772771,0.00208560214365512,0.000166366676033486,0.000108048655124734
0.00625835402541166,0.00230035475201016,0.00156252853741679,0.00352435208385247,0.0141088462435448,0.00188264884379457,0.0102772230017489,0.00184643585018059,0.0280861046103577,0.00377593449136614,0.00477967351442129,0.0314273598157149,0.00108247202364845,0.00270519045218102,0.00221501473755741,0.0202629614480503,0.000221040614994174,0.00113155293790082,0.761752514859341,0.00190895691046698,0.00871881949399617,0.00399059674008086,0.0126214528421429,0.0335242003554835,0.00909868083681962,0.00267821317228296,0.00327372266340247,0.00860035908720116,0.00757998372372155,0.0065135459618032,0.000783032035332254,0.0015078733337732
0.00120700683365109,0.00247079239291124,0.00179253107947888,0.0111706885846781,0.00755093796124319,0.013966046621945,0.0270089759037152,0.00016151161979828,0.0214524808125183,0.00121893618424627,0.00446077716441981,0.0209885057704587,0.000604714515287783,0.000481169963312278,0.00186592568149534,0.0301812613028907,0.000130926435989466,0.000873726100425308,0.00774163277027901,0.689986945099256,0.0410490271551402,0.001175887461764,0.00883583106194057,0.0429712318388089,0.00553168741922447,0.0267673937523522,0.0111732325039458,0.000205901306091767,0.00869824720350425,0.0063517504424159,0.00128104357065795,0.000643273486154289
0.00509924474695472,0.0016706475152728,0.000226879437969224,0.0159972064083808,0.00557352601896005,0.0133460324803277,0.0032382158508455,0.00188395057254523,0.0240891802205498,0.00256267573342604,0.00397462626917448,0.0148552037022599,0.0015712490265236,0.000942540464169981,0.00267152547467637,0.0148702397975003,0.002653364776001,0.00416334186156718,0.000753147550951998,0.0329658904124759,0.677052235282596,0.0057386927354783,0.0488283576912421,0.0445078345242372,0.0290437404308296,0.00390496234444097,0.0029477737544752,0.00215397689549213,0.00947839767475033,0.00182915630818391,0.0174174540961097,0.0039887299416315
0.0127553154390279,0.00184180468273223,0.000432424674534495,0.00951226965584328,0.0021352006616772,0.00692439319944831,0.0223143949649025,0.00177505215575378,0.119501058344317,0.00327527171675282,0.00462735454107278,0.00507324561939038,0.000832600410633185,0.00784629013055678,0.00120405667263841,0.0628913784987053,0.00739591513126815,0.0160528102824306,0.00808233578259771,0.00416886302791204,0.00590419992612989,0.591927003047849,0.0259352000322628,0.0140727204733831,0.00237570171001012,0.0380743965875092,0.00769991464375417,0.000448632553289571,0.000426010897177568,0.0010476261835686,0.00968090853144128,0.00376564982143064
0.00885605612196316,0.00546030599801245,6.62179763473231e-05,0.00694428368731084,0.000256725273718302,0.0110147459921931,0.0273180198864038,0.000764211887368531,0.0530699371865378,0.00382711449640443,0.00097977495435408,0.0136043688704239,0.000613533010946508,0.00599401892841884,0.00041855683446752,0.0342153288020797,0.00256605263963919,0.0105164150984719,0.00700919785781377,0.00558748316603314,0.00638413506004191,0.00560317873394433,0.731747033537372,0.0198638968824646,0.0042289230753183,0.00900020392495137,0.0037385909714433,0.00537631549502223,0.000699218301100076,0.00322778167315278,0.00990488536484888,0.00114348831143257
0.00117744636454036,0.000254860197088207,0.000854901589873024,0.0167224785932604,0.0177895076673698,0.00457749281478944,0.00180097995254233,0.000953415511135569,0.00377968892021392,0.00643475196919783,0.00759139572728304,0.0275231413116144,0.00567771735363548,1.40296370641541e-05,0.00277314481678312,0.014200580790431,0.00724070937587183,0.00274277973263353,0.0107458207059808,0.0491167021276161,0.0592034400965763,0.0160159090741965,0.0521521896237132,0.556186075556661,0.0256961742012906,0.0375751520686896,0.0331703641059525,0.00446288469681053,0.0113238307347828,0.000389915449183818,0.0191859216596227,0.0026665975735967
0.00926611030442493,0.043348232263648,0.00105721110668434,0.0205084148468433,0.000761222132242057,0.0157191995274363,0.0324658192714057,0.00257848813776403,0.127300567575055,0.0125032563667204,0.00634427550290199,0.000975805836276817,0.00042714455719938,0.000281373584537425,0.00137853469523891,0.0344857205428776,0.000557336226042733,0.0167647254947144,0.00094811150320967,0.0486513442490631,0.0143091774867526,0.0172233305767156,0.0238923739355069,0.0568560150791907,0.475891598262597,0.00642318325970668,0.00681798387628462,0.0142032329480531,6.70365185482199e-05,0.00185403201521642,0.000489459710500377,0.0056496826066415
0.000237056060852559,0.000384600944348449,0.000515917714301385,0.00638366369200765,0.00771996496213788,0.00372528819721329,0.00645000175852514,0.00117355049421647,0.00856608688615911,0.00128350314550355,0.00656124375012352,0.0387903796722334,0.00277896690522588,0.000515161926568801,0.0070638288148081,0.0143469456683333,0.00281375805242819,0.00105453133008269,0.0141364536952717,0.0236142253780863,0.0073286478986405,0.0105755838371546,0.0079128284934539,0.0605699824864401,0.00108534688269082,0.67090133667427,0.0396632056380503,0.00735355031876611,0.00832090498056368,0.00157345238058773,0.0353531570889137,0.00124687427204114
0.000275467564108126,0.000180562653715865,0.00152319433363906,0.00211963124237105,0.00362658856944016,0.000836121793685323,0.0263991416495141,0.000975017289167724,0.0255618365363594,0.0110840298998077,7.23860304967271e-05,0.000401646712344272,0.00162852152303329,0.000430974843732637,0.00654807815199004,0.0626262062223931,0.000513651152359951,0.000421299702145587,0.0106504896763805,0.0517866092126897,0.0360478822675814,0.00783762896466069,0.000135050894818309,0.0187437815358373,0.00388534800241549,0.0371709505517068,0.655736381850614,0.00119383527601835,0.00804033403386441,0.00137701725254676,0.0220337470813408,0.000136587529221469
0.000659755829178074,0.00838018858920335,0.000283181612170992,0.0135171484993467,0.0675055678039082,0.0114784137819673,0.00675459946317523,0.0105842297640022,0.00610347838992809,0.027565003551572,0.00283643884672585,0.0450021739334105,0.00861177274704123,0.00281705885230683,0.0273983563807476,0.00503796382002018,0.00396700329504322,0.00156557654432376,0.00179989871733343,0.00487403804800153,0.0030122944481739,0.00394244835092766,0.0221684195701487,0.00193396984451924,0.0214249767841567,0.0093164966423416,0.00313326244419495,0.590715523953939,0.0623728480237661,0.0131349375412573,0.00723136972031228,0.00487160420685652
0.000546258701404676,0.000365853854358248,0.00161949940295179,6.23191219207223e-05,0.0432861736552276,0.00961089656408205,0.00198160568244845,0.0027376475591338,0.021123374176601,0.00424656658666806,0.0167318560997495,0.10206311754719,0.00068420553184382,0.00274709617847198,0.000323416296661929,0.00629476606142705,0.00774439134467893,0.00428954194016075,0.00208151102416642,0.0776346588167405,0.00583605503086935,0.0237570540178441,0.0206353588878997,0.055786295751744,0.0139581873034483,0.0189605162842158,0.0117536203843501,0.0559918314874525,0.479464933529899,0.000778267582096884,0.00105230507801551,0.00585081851627809
0.0044446900777286,0.00228076005106483,0.00164270029197517,0.00344100615543354,0.0383288060700265,0.0177986949846128,0.0381085594871712,0.00167998142627119,0.00458021202318473,0.00195554609492875,0.00105944700770322,0.0128366517925161,0.00377530320383301,0.00575476402462123,0.00199156196186142,0.00816202323356099,0.00158179793717383,0.00351889585126568,0.00556085007327164,0.0270714495314866,0.000167491054893618,0.00784212375529247,0.00234281207546915,0.00694788061979048,0.0113328156958952,0.00394162002424742,0.0108537106351377,0.0146091897338055,0.00515896901342905,0.742405662303582,0.0078517604515981,0.000972263357168795
0.0021696878871981,0.000761677871424031,0.000229435576518102,0.00238979481555067,0.00360621955572571,0.00425093869875714,0.016664046273043,0.00130568551759967,0.0227763292925828,0.00492502694219307,0.00546370054047734,0.101393843415513,0.00342951338915026,0.000690701136657777,0.00661165360718667,0.0262376010257564,0.00396251228990783,0.00268146001607111,0.00201873151507349,0.0409570515996123,0.0293835808984369,0.0152547735625886,0.00455593157267096,0.0295502011846247,0.00710695461340684,0.00700960756732389,0.00211347229257824,0.0680497407194063,0.0150467217025196,0.00147397502705147,0.564708667420054,0.00322076247334013
0.0171376028790347,0.0138143937819293,0.000151985556437436,0.0033301965845931,0.00293360540997543,0.0148387060955188,0.0115110550507847,0.0016729799308464,0.0357156270787541,0.000284652424599069,0.00215350146408585,0.0447480881030802,0.000708691486365162,0.00146980255782355,0.00174914564056893,0.0221383613892557,5.08055791908544e-05,0.0177549161681989,0.0024328606897776,0.0238605893171442,0.00646089988807306,0.0189547419782999,0.0609000276977353,0.0245785259190691,0.0340527104932528,0.0158623333490631,0.00807062262309698,0.00587754690578719,0.0142668675163097,0.00108671125059279,0.00630049827284469,0.585130946917912
