0.41342996429247,0.0162274957848768,0.000983852313543632,0.000130346707029072,0.0285157453393004,0.0039713244930654,0.013358989218135,0.00510869081445547,0.0364827729772516,0.000815225614093133,0.0109102328411652,0.0730057482941669,6.8992704129175e-06,0.00387740204642355,0.0013574706921957,0.0590391767892449,0.0253755025612587,0.011345249245202,0.000637090250019062,0.00435944211021584,0.0176318012709782,0.00153202211576139,0.0346921174152683,0.00470639158082625,0.0317524383933984,0.00642712066801821,0.0119518308733953,0.111781922679418,0.000846962583692302,0.00200606729842891,0.00737202514077636,0.0603606783255136
0.00443865858188609,0.474307054198752,0.00196807439227406,0.00114850587305743,0.0293902843318342,0.00213950119234902,0.0261491713214738,0.00457425885189363,0.0137034232506876,0.00791544146302847,0.00441218180806757,0.027745643787813,8.27300345015436e-05,0.00197723550105413,0.00540640400831932,0.0626555466499013,0.0102503757681177,0.0103978793454404,0.00133268615597264,0.0018139611320466,0.0720687564679708,0.00523568227881727,0.092730192002074,0.0220471258679539,0.00571540477427624,0.00721991445144166,0.00500840583522349,0.0461002842311299,0.00180077051787458,4.99122501221741e-05,8.54761646577808e-05,0.0501290575099885
0.00114696385765267,0.00523229316553696,0.478173010602226,0.0628006826826996,0.0161093745241415,0.000783044863768029,0.00662136405623808,0.0299181169290038,0.0196547744433161,0.0484860717579766,0.00688929648812928,0.00419645723228392,0.0048970365774129,0.000306055820104383,0.000865500206923749,0.0031967313748135,0.00422659580990629,0.00492119053177832,0.00243658091681634,0.0439816051256842,0.00428986457179488,0.0284164790512038,0.107878328800528,0.0446970577995745,0.0154544522277452,0.00894844339253541,0.00118586166643468,0.0267774196895549,0.00446936180892749,0.00286061963525637,0.00189806956264226,0.00828129482739037
0.00875813578117911,0.000568736058790761,0.00616041101567022,0.515995147125585,0.010082274593357,0.0101905060439769,0.0455481973190251,0.0200452114268597,0.0286862162590587,0.0486692777725739,0.022689188564169,0.032552606932944,0.00260995279214871,0.0151340255322605,0.0110877540277467,0.00406063374746616,0.000801150182021399,0.00831869719810125,0.00329933646251851,0.0156322237800073,0.0235326686195544,0.000889697802767517,0.0131744550678551,0.0623553996023014,0.00686587911999927,0.0169601239831786,0.0245043617426534,0.0302727190909485,0.00155080953904744,0.00118709960996655,0.00406917173813837,0.00374793146812911
0.00348294976054905,0.00194088457167023,0.00262952750378425,0.113656636876725,0.520599888065144,0.00756711777464502,0.00225159927861561,0.0952791941240327,0.0123472719189955,0.027737749028864,0.000764030462993483,0.00479757454117077,0.0162554800649051,0.000913247158031787,0.00908333223905333,0.0448667473437838,0.00810490742699338,0.00231084648800618,0.000522578894551081,0.00642570329938258,0.0125387131042229,0.00544676998700236,0.0150706077368825,0.00148479513750532,0.0367240950429097,0.0043983741557473,0.00607040985804123,0.0263312195870296,0.0057887406678042,9.34048406380221e-05,0.000913774573326504,0.00360182848699352
0.0126483800634587,0.00199093040306011,0.00368399253241572,0.0351413784039066,0.101209517348842,0.448235935567088,0.0248571931273843,0.0800712704704983,0.0177491139950413,0.0122311335032016,0.00166732880806895,0.0121528592925068,0.010196615209374,0.00436202408169119,0.0150674662000324,0.0323391625351743,0.0160344758326212,0.00573610162827733,0.00117074661586968,0.0197028037309189,0.0182720332064479,0.00541278584158073,0.00585458246340928,0.0402144160510945,0.000324118967821483,0.017076607963538,0.0146649326245849,0.0361984485104313,0.00318992541971307,0.00069197767717072,0.000511815392784395,0.00133992653199171
0.00732998121907245,0.0200438487583051,0.00440967082727736,0.0428889071598696,0.190668327641081,0.00965819278538273,0.33473696027284,0.0342547760307994,0.0121662082983265,0.0205135148671504,0.00220608230794036,0.00407061396977481,0.00659037818696557,0.00273389567125059,0.00340046651162483,0.0346455363434556,0.00149251933708141,0.0167584521152245,0.00032142878726218,0.0274090076638312,0.0211665679612078,0.0109494629164742,0.0435741126979705,0.0182466661657293,0.0642053360186529,0.00542112983129493,0.00721445998288061,0.0390214005500456,0.00947119134620535,0.000621150940227986,0.00282206689757972,0.000987685937215792
0.0164148506221531,0.00012231037527072,0.00191417531677975,0.0138528380605708,0.0338549744518551,0.0254578740739654,0.0570173662159217,0.547626186891464,0.0246807420226106,0.069627176592228,0.0085155812447079,0.00510572962078308,0.000416536376172648,0.00803352220455523,0.0116121777214845,0.0119444747101048,0.00499275596878382,0.0174721975170673,0.00304254113957624,0.0205958029453216,0.0155278146025307,0.00177840805206346,0.000695108337997998,0.0433934340271062,0.010778162333267,0.0162522955814502,0.018768175241583,0.00704293978900763,6.05018740219728e-05,0.000348330553463748,0.00183118573944714,0.00122382979668448
0.0207259327559501,0.00379206505005041,0.00210500154764575,0.0634318224456545,0.0136346951125265,0.00213053470985567,0.00773684164978317,0.0825276381056882,0.624510880727937,0.0150986839051894,0.00343876157894291,0.00154172200018482,0.00664351715951284,0.000994780896655567,0.00277456574126663,0.033700490270538,0.00217955022183575,0.0153199968126466,0.00103716433476353,0.0123141713739857,0.0207446636003015,0.00465047375105417,0.0158498555712334,0.0186106134473385,0.000957733347534185,0.00227409663968055,0.0029770973490142,0.00949760930929423,0.000172470229971874,0.00264379865380443,0.00528741586073189,0.000695355839428081
0.00465802253335341,0.000441702555114568,0.000934514474466134,0.0624590317663496,0.0345363282881255,0.00794764609036599,0.00845983725340431,0.141460667779729,0.0278615895455555,0.505011690919094,0.0222567311509577,0.0322925595979041,0.00282971392366705,0.00428974560007711,0.0130369584883043,0.00513399011334597,0.00137332463000338,0.00268661966784958,0.00289328038150663,0.00422808089480816,0.00997926019299218,0.00140653483132136,0.0128273041408318,0.0271290162269588,0.000402231129811315,0.0130314783974906,0.0112429484536645,0.0340563711023971,0.00173020172620336,0.000938804231432153,0.0019678261155252,0.000495987797389653
0.011322202815862,0.000548673708731794,0.0102493593548489,0.012677741058153,0.00692165714853428,0.00357723001518574,0.00511454332429727,0.00939161059963686,0.0599809887878564,0.0995599989039975,0.289037053866784,0.00540832040434409,0.050852636885192,0.00926707309811085,0.00954469888180798,0.0180564331877001,0.00642705703913517,0.000277742851765302,0.00336984664266802,0.0679099493498953,0.0390297756925508,0.0141997546666846,0.0991439724216611,0.107383561078028,0.0057219472221837,0.0149210010734171,0.00772852396623456,0.00899391113602177,0.01644019995528,0.00290367408917941,0.00368951255360708,0.00034934822064537
0.00700750589890296,0.00277765884309164,0.000634072597963868,0.00142600228541251,0.0433447628385925,0.00632715346427781,0.00333423805690765,0.000287730458534236,0.0226498057969433,0.00479076254130457,0.00833318551326682,0.262970115033126,0.00703733400945914,0.00363016853105349,0.00070469351818434,0.0378390177572558,0.00957136575229133,0.00162148723548747,0.00247750320400764,0.123055310263924,0.0604655008742751,0.00343369601753674,0.0835170568680458,0.181454995959752,0.0203224520976688,0.00488200659146187,0.0146321654099611,0.0616085901211446,0.0079833371437114,0.00141023714732322,0.0019102774576806,0.00855981071145228
0.00458066367094494,1.01194906791471e-05,0.000836431412763631,0.0173703101640104,0.0709179076405611,0.00700476618956972,0.00706892418838165,0.0241688020905351,0.0321397803038862,0.0413030962058406,0.00488941669293879,0.0350780752809913,0.347465094934528,0.00376025028667925,0.0128554926237268,0.00415883081942748,0.00402169736594012,0.00412194749978333,0.000372997055421808,0.0538005075937746,0.00988498498868725,0.0146854665194729,0.0833970316133059,0.0984858544060244,0.033074218483208,0.00110169210909112,0.000447159264353063,0.0258311290539337,0.0472400531610603,0.00109277814273408,0.00800315633593384,0.000831364411811526
0.00238147757478983,0.00135831933526397,0.000883167872578476,0.0356035814437191,0.00187120238168754,0.00470980817493752,0.00305946643703207,0.0349070850684007,0.0396517976685715,0.024292369018537,0.00497609551826955,0.00188579826584043,0.000148684277196699,0.418821610435752,0.00195892633498751,0.0262273267073152,9.98075140663949e-05,0.00203313056150159,0.000105485439348096,0.128765808366751,0.00879828406199732,0.00542520679750045,0.0139939107943932,0.118095389270679,0.00981611651876136,0.043849797934873,0.0342695579113178,0.0260241225143214,0.0015694517015078,0.000329451742626507,0.00213603612741216,0.00195172622806387
0.000339596403784963,0.00184905223595241,0.000341584415298288,0.0409166192658903,0.00218672560697364,0.000748505764369602,0.0184086313261984,0.00520232824300448,0.0109726130235264,0.0363815402114745,0.00851186564324652,0.017944006480704,0.00753567921171245,0.000227016645623646,0.455575326914897,0.0172608259808649,0.000343561268848023,0.00416721469435755,0.00326686655506573,0.086273078419599,0.0189357416583718,0.00599854546063369,0.0267623825082282,0.152337331460031,0.00609946894185071,0.0189417028456836,0.0329189623487332,0.00305223010078121,0.000279925648763051,0.00159569638605817,0.00421867967704594,0.0104066946524275
0.0580091514066541,0.0117671012855916,0.000459331117161348,0.092517876134724,0.024495955057002,0.000777548698724594,0.0759507385686169,0.100634764503264,0.142451975447942,0.0130112584963495,0.00764554242417681,0.0236893952903943,0.0117909346222596,0.00252204423580626,0.00282186243067736,0.19660388330326,0.000810359774786298,0.00848782690299975,4.96229613211909e-05,0.0151049777321235,0.0460661498197983,0.000165678350929776,0.0709742449846794,0.04749915090678,0.00522547658116966,0.00484344185272893,1.28531065858675e-05,0.0151868708721749,0.00293071012958959,0.00330723454421275,0.0114330613133741,0.00275297714414167
0.0284854300551475,0.00558340961802165,0.000133093312299924,0.0171395783154291,0.0573729364856316,0.000135753917431172,0.0250099510929474,0.0225215664120898,0.064080399655394,0.00221571614167001,0.00239954295509703,0.0473451437759133,9.38177780163456e-05,0.00310273637806088,0.000936077815704127,0.11944052469045,0.337973318693875,0.0113120997401025,0.000351860056763558,0.0158677703510858,0.0136768206708818,0.000185362607657142,0.0104743890309908,0.0389505874820122,0.0480804014523748,0.0015103282510854,0.00246128347343804,0.0552132971518126,0.000271680161611868,0.00114412117783376,0.00491709257065221,0.0616139087285188
0.0154426127707756,0.00325173554178826,0.00228758262299793,0.0190530759575226,0.0715982916864196,0.000299671970259921,0.0142446473840778,0.00134624627573268,0.109213789148855,0.00494229024017424,0.00198715106496085,0.0173604983446265,0.00783418399969215,0.000110754919882032,0.00158374343887988,0.00640422434711817,0.00640501584584344,0.386524336366182,0.00260816589243653,0.0388324035326085,0.013540293239793,0.0052611650380273,0.11347438602766,0.0633709591558501,0.0144153679806241,0.00116743486225658,0.00385652088480199,0.0411657634071456,0.014954925247462,0.00058547441661906,0.00538752203122078,0.0114897663577052
0.00536180431627218,0.00202999375129386,0.000347302189032658,0.0467407139502738,0.00596319228599964,0.0318210036944127,0.000211095809118993,0.00728688040575006,0.0143616325516127,0.0020083124666403,0.0365149571297707,0.0516111534001702,0.0395214718672336,0.00279528197815198,0.0124058025841862,0.00440052719873693,0.0175102257400838,0.000714286983299152,0.474821774956097,0.037969949659676,0.00846715943251046,0.0176888817770051,0.0339349320309627,0.0518256132042079,0.0006457200139149,0.00203193718958114,0.0201886715471026,0.0194852132596468,0.00898569467554762,0.0102193041598627,0.0272412313291444,0.0048882784627008
0.00282435005065557,0.00272091319677913,0.00231619859463956,0.0178533184142209,0.0784504025505162,0.042820157187467,0.00460965289800858,0.0611224360490757,0.0162890854229298,0.00393892047826013,0.0131503014987118,0.012518918351141,0.0165912074007863,0.00362789799143415,0.0011548197694746,0.02076888437163,0.0104205239702713,0.00124681439766447,0.00511502756193375,0.529220521470125,0.00390928434494041,0.0157061815096882,0.0578365773799618,0.0190666431469148,0.0152001307251233,0.0171969302327785,0.000851914438578126,0.00560521127837062,0.00299819365798391,0.0135580429854218,0.000410030025366467,0.000900508649147154
0.00340917388921958,0.0005608057698313,0.00543616644703353,0.0189859888179062,0.107306147961757,0.0289297215341083,0.0200789495597754,0.0323168357569701,0.05667110435659,0.00648675952354485,0.0236810819453755,0.0177514197910963,0.0213684573649754,0.00112356904945161,0.00698159201854791,0.0511022896341845,0.000365861328253988,0.00110339214502192,0.00298366413989373,0.00501242292160773,0.108446611806094,0.00773355481035283,0.216695311421712,0.173367374273912,0.0207916601111445,0.0132317306700382,0.0100020172104622,0.0154512720515798,0.00249633940148014,0.0153617840963286,0.000444933738988953,0.00432200645276296
0.00558427817542297,0.00365105255816482,0.00481522485210057,0.0072294070686202,0.082672819177156,0.010662931317307,0.00625508118795955,0.0342478324416634,0.00730300062780317,0.00179068913630944,0.0144061235079059,0.0115266241086217,0.00128444824451722,0.000879395408803931,1.14592446111155e-05,0.066000969907667,0.00740379357486899,0.00893115838155991,7.03954793477525e-07,0.0422824807560711,0.0215950652680432,0.356026770404805,0.0595210069084288,0.155716258764155,0.0266071182425287,0.00373382453308927,0.0156130001961349,0.0259287374869132,0.00924513433342992,0.00545552835628838,0.00183400767705206,0.0017840741972038
0.00482765421579355,0.000795212998815878,0.00301248725991695,0.00387462803985008,0.020912412627863,0.00465459719690938,0.000395215400982372,0.0160494890711326,0.00355726441664586,0.00207313665768361,0.017800296309568,0.0152982511169475,0.00376579442176989,0.000348885017706969,0.00174255420342714,0.0147081678604436,0.0026932714209118,0.00138488880097518,0.00290614566028142,0.0472820456247018,0.0424629467450262,0.0106605850078637,0.554644638630086,0.17591378700966,0.0066962339380454,0.000208000849200601,0.00973754275209698,0.0134210037199554,0.00143909421238351,0.0082183310198184,0.000713818183296644,0.00780161961024028
0.00322596838246308,0.00366415823891748,0.00360926262493621,0.0169279458812234,0.119843759445213,0.0494369052389275,0.0110536651119807,0.0650799436512731,0.0521323173011593,0.00675023199931267,0.0170651499780476,0.0144915095834453,0.0138841435763751,0.00462913741132672,0.00169335420109993,0.0352500804419596,0.00760495179326122,0.00255692326426539,0.00601149669047291,0.0670619462707259,0.00263590155208669,0.0253861065225738,0.103119775813594,0.299059269965781,0.0190773684004424,0.00548403428765849,0.00850314685479022,0.00950506533970093,0.00280309273567754,0.018730593097257,0.00106134887694357,0.00266144546710804
0.0296169196028144,0.00341524808429734,0.000693376741340411,0.0297453434012477,0.0593196698719481,0.00119281311704039,0.00743372709325708,0.0089215348294182,0.0186995637954643,0.00885204507960898,0.00957266606183313,0.0504656296611072,0.0115611940117379,0.000835549904375987,0.00026332966086871,0.00351964529619972,0.00553356801325605,0.015897627258306,0.00526487345740913,0.0926687727400846,0.0126986338301544,0.0165824976013283,0.126638734221212,0.0135746895494623,0.254241493521385,0.0267169706731023,0.0352318278338993,0.103832015356885,0.0106018981985835,0.00211551890327589,0.000544049100103316,0.0337485735289931
0.0088690758726929,0.000202691231538273,5.36876143454645e-05,0.0220436701621385,0.0151337395469458,0.0194120711277483,0.00196103933094949,0.0299859403413656,0.00266969105561905,0.00480110024937403,0.0056047914893909,0.0112811703861615,0.0179098279438026,0.00165260663114816,0.00200790286634623,0.00629002194400285,0.0216888876975288,0.000244750288357779,0.00261518545388368,0.212663505026532,0.0154114906617644,0.00760349767025985,0.0238329544235048,0.213752153222527,0.00172611310979125,0.324510849880566,0.0023752085848885,0.00179363794653502,0.00912649728022801,0.00231158556641034,0.0102882114595392,0.000176443934113981
0.0130794099445508,0.000103272498732667,0.000150244167201718,0.0255268659338247,0.0136952665931435,0.00732754426087475,0.0148279067518414,0.029185053325995,0.0069375241424032,0.0115223358145979,0.00834684685246334,0.0107129295646515,0.0224653114656793,0.000844047060825431,0.000272140473713511,0.0213884467035883,0.0192535103732153,0.00373746303003917,0.00326513294190509,0.134713478433476,0.00793094054823523,0.0245193510231668,0.0117957469650745,0.0848097698453731,0.00235417930281679,0.0268917131694371,0.463357239781075,0.00531621358766801,0.00708976084886501,0.00128585040364723,0.0167808062479255,0.0005136979439931
0.0138267730988767,0.00322759535308368,0.000370654417601406,0.026125981322201,0.00554170125943034,7.59516798420678e-05,0.00293088211367286,0.0178942487014489,0.0878612643909813,0.00465200789859745,0.00812590579953738,0.0153302750445109,0.0207342051668634,0.0018951267859117,0.00100805215442648,0.0249091387431954,0.00876456740557408,0.000202109345718375,0.00203492014652454,0.111117271701868,0.0180408137754502,0.000667483320249906,0.0402256470719741,0.144506728452205,0.00772159855245298,0.000253273770836704,0.00324703934485808,0.385503281407349,0.0219930010766616,0.00351441013621413,0.00307209416298699,0.0146259963988955
0.00922999400156821,0.00289704921329818,0.000135054698186901,0.0476120456528026,0.0151944948712719,0.00648614249223986,0.00342028080963363,0.0761606234194996,0.104399170986844,0.0118994234581079,0.00228076500995402,0.0126291304980881,0.0256617219331416,0.00122078414699663,0.0130704868323536,0.0347764358651382,0.00262194883806294,0.00124987066680652,0.00439129854299063,0.000763949529736922,0.00524040666188947,0.000446829024188708,0.0161613463883519,0.00495509337417468,0.00582600905256416,0.0230190642738337,0.0128146810651942,0.0209435106244444,0.477773888004894,0.0256582140889524,0.0269757910211686,0.00408449495362166
0.000582335378565971,7.4361964686321e-05,0.00140144528877433,0.0630836144393827,0.00496543569935315,0.000226998425477224,0.00276644986009738,0.0242441804744903,0.000790171069956607,0.0194674403061409,0.00573052758963169,0.0255781781335253,0.00864147377723516,0.000750171331426424,0.00423403348405146,0.00249510206838593,9.37904482640383e-05,0.00105511443064699,0.000521863491309808,0.114341861954487,0.00734438419557826,0.00290781412034509,0.0082081289646953,0.0637458632038738,0.00120703003181805,0.0408762641057295,0.0322450918487948,0.00762299369229363,0.000455680686405671,0.547986991602621,0.00580762969705376,0.000547578234902709
0.0050750051909733,0.00133776613358673,0.000339796986613527,0.00135864178978123,0.0113280949289789,0.00204454489960935,0.0086918052202812,0.000271086035569575,0.0140851596909759,0.00320075030695819,0.00204949609253959,0.0103575311578319,0.000941215526661529,0.000688708413930841,0.00614712805434726,0.0218014058291522,0.0121646244123983,0.00146207451581158,0.00724743950436423,0.108135294150599,0.0272477669565502,0.0013536474873626,0.0390521767185798,0.164882966059602,0.00328013423633373,0.0299562570266921,0.0338880397489258,0.025740320244273,0.00310386909244162,0.00576496587740124,0.446478015278939,0.000524272431936029
0.021451095352824,0.0157558276890702,0.00481030352120114,0.0094670965324867,0.00386712712889902,0.00120400441736706,0.000875453233123644,0.0346847302036253,0.0576251829067525,0.00190929154947625,0.000994934834035256,0.0150604946919243,0.00313923183739464,0.00210512302780916,0.000153206955011387,0.0490688920614809,0.00788020572985481,0.00489393894523626,0.00208865846488595,0.0392968272020793,0.0688504649933751,0.0872752640088715,0.0614011324565748,0.00837026554846591,0.01153946072043,0.0139170519816751,0.0150712431050281,0.0163308798469023,0.000506248987798024,0.000238734409722178,8.68880393199703e-05,0.440080739617299
