0.611842565736901,0.0392091382750017,0.00261771771834391,0.0218132618888281,0.000198535181901253,0.010650138993229,0.0287310610445369,0.011923390079217,0.0231394783828972,0.00186180279206062,0.0300264610704177,0.0693355944373107,0.00135745565019407,0.000471097496227915,0.00685467070666063,0.0124284562896449,0.0541759054873756,0.0115223693485165,0.00308999784141414,0.00671487566983488,0.00130802104831099,0.00232363192807893,0.0151735384103663,0.00744295517502859,0.0020424242321658,0.00378801605537991,0.000138659333915004,0.000429705632787739,0.00860032608129623,0.000615014503746488,0.00389591587995657,0.00627781762845431
0.00310871588960269,0.643077994337572,0.000365799168890259,0.0166582509119592,0.00302229847505059,0.0310863263561992,0.0146654390266974,0.00270758638998838,0.0353383777960094,0.00113106822600384,0.00756022989935173,0.0299941900525025,2.75956496891986e-05,0.000485240965670864,0.0042616273337455,0.0251625391270378,0.0474958457128398,0.0206540110185626,0.00102301709873392,0.00807198697661545,0.00119437896634315,0.00133688513946407,0.00766503142400753,0.00738932658711872,0.0666903834860568,0.0019629777948888,0.000525224770985423,0.000306578933242145,0.0025708787090798,0.000941328951125843,0.00196691759495112,0.0115519472300143
0.0162164573538108,0.00336658845015561,0.794232475759621,0.00160411741658639,0.000859496920695296,0.0074629902324491,0.0666900285066822,0.00706027414555392,0.000858442948792627,0.00211453124637466,0.000800044795306281,0.00167618087804551,0.00217775779979542,0.00882047460488085,0.0081327547572728,0.00658211116681783,0.00597472364827852,0.00591644676025572,0.00356467322250978,0.00332029789386524,0.00262737727080589,0.0101397461844521,0.0105103745564426,0.000287499377099382,0.000292233608786592,0.0102609957346422,0.000886801884402101,0.000681042031544604,0.000785840830279295,0.00543600220012024,0.00558302417898877,0.00507819363468683
0.000847638105387021,0.000502637461633176,0.00439603929241665,0.547151333455391,0.158031674926387,0.00184204420306354,0.0293128986328388,0.00679178977520386,0.00457162968592555,0.0237390737690499,0.00912685959519671,0.0493875921948305,0.000537682268338274,0.00196359862260232,0.00144506647616091,0.0765866486861949,0.000747455509751805,0.00206488747844583,0.00242945038686898,0.00309855335502886,0.0194264198597842,0.00300531201520409,0.0034133526697767,0.0104075846528519,0.0151941983641861,0.000523530355472852,0.00192074190796383,0.000289186068844046,0.0183650589746314,0.00187308914480242,0.000427658971522364,0.00057931313424387
0.0102035859385649,0.0120229453219118,0.00581175606917633,0.0223458806046981,0.723122433804181,0.0164481365180716,0.00671853011376103,0.00778112977452423,0.0128296949972554,0.0164022321247769,0.0213431611396747,0.0103980132174198,0.00119131058346257,2.53916921463168e-05,0.00294017272993427,0.0155728272827144,0.0106784763136773,0.000994401986450725,0.00613252798740362,0.00605331410445725,0.00469723310987756,0.0113103664744702,0.0291785833754236,0.000797919626119751,0.028596176740682,0.00332434162080749,0.00294535700409911,0.00174955948058847,0.00775808834703103,0.000179990571444033,1.73470671359765e-05,0.000429114278058965
0.0186923295029584,0.00508445640879865,0.0118450427575574,0.0250000942024879,0.0735125594543304,0.545225394589656,0.0104780466858084,0.0177958041569427,0.0294523309211936,0.0092414915821077,0.0122406930635769,0.0345562239447805,0.00223140964525278,0.000114725556034949,0.00416170178216893,0.0461290479295397,0.0125939542361732,0.00477434740905924,0.00417168261157727,0.00645653490879025,0.00308989273877548,0.0150894510506425,0.0475287459982587,0.00209674392357695,0.00690090124593317,0.0190368736348325,0.00183429060167207,0.000671443910463774,0.0281180535758275,0.000200482053997528,0.000200038335702756,0.00147521158152252
0.0475191453245609,0.0236807624248579,0.00436501291810253,0.0645342095178817,0.049050365633407,0.0327512088544649,0.630433827896769,0.00386154089320381,0.00636371116638057,0.00321960006485294,0.0102102303053143,0.00249377204373042,0.00082284675034148,0.000448209964077374,0.00688353734966628,0.00278255039058718,0.0214150445544989,0.00257739567399068,0.00169258668348017,0.00755929000302555,0.00242400608126467,0.00812601820329818,0.021867365541833,0.00357981512042504,0.0256671732048044,0.00374161323398035,0.00276001879385943,0.00013556340249384,0.00673630620093369,6.01727742127337e-05,0.000301450784706414,0.00193564824499475
0.00060325843905902,0.00127820315399561,0.000745975659879942,0.0673626769058761,0.182266624319889,0.0024488521571659,0.1319319514589,0.312668709096149,0.000868160753187622,0.0243832119052928,0.00940755922258108,0.0333796949069622,0.00556062561071371,0.000981126114737297,0.00252940447282259,0.12463883476966,0.00577147141425722,0.00377153832144582,0.00506864695116348,0.00461969076460084,0.00494112700661432,0.00234508052458118,0.00359037209249533,0.00205194502535191,0.0425448533664015,0.00394436997653813,0.00397784486674032,0.000332963241967664,0.0110386086563655,0.00140423238531526,0.000350096600853873,0.00319228985843615
0.0207953560984745,0.0294467006373332,0.00272511908086791,0.0401056890456733,0.0239812324699159,0.0640442490364916,0.0890448321702708,0.00203721550331658,0.509738084075849,0.00753781232397204,0.0130394249050052,0.0103512347386203,0.000450140761610621,0.00151085198336607,0.00535521823601361,0.0920941002088939,0.0128511065255239,0.00636162585396539,0.0012374720670222,0.0145639006299153,0.0032983513754083,0.00997957341446956,0.0061866271243025,0.015154678603182,0.00455348554051135,0.000412292588031229,0.00163103114380981,0.00229695129725589,0.00466833030210894,0.000141728910070579,0.00143501008462238,0.00297057326412653
0.00195288732058924,0.00322153504881972,0.00346104814214847,0.0511476935973198,0.0434419103993261,0.0410689598622746,0.0340787728796525,0.00462385316807632,0.00337153129998452,0.570945050487965,0.0034999210946325,0.0890951918334042,0.000203855317840496,0.000838634513081192,0.00540335265343654,0.0253628129606422,0.000175064422812966,0.00125562330932005,0.000677124733908449,0.00112481646826085,0.0235195902810041,0.00411920140074204,0.0114624697739689,0.0225431913984171,0.00584846356043736,0.0119322508684842,0.000170313550249908,0.000753485230087722,0.0318600997100828,0.00177884991804197,0.00051901300589957,0.000543431789088321
0.000550820432862553,0.00474512341754959,0.00114350364328153,0.000660727036283497,0.0152974276703893,0.0957952279144908,0.0406706297937869,0.0191054222430205,0.00273913149482771,0.0049568643584825,0.625642757354648,0.0176817152624828,0.000687585835751091,0.000276817967129945,0.00207406905625421,0.0131683813691116,0.00065187466280716,0.000761609611678206,0.00540879116870324,0.00426172187912795,0.0295687984818466,0.00120330604612478,0.00120323168300892,0.0281583228067144,0.0134603427101821,0.00993625406035497,0.00300723949968558,0.0119664862467521,0.0416418917622317,4.66914502208707e-05,0.0011947703068049,0.00233246277340346
0.00119567796546363,0.00238205554012508,0.00128593343875319,0.0118445615593744,0.0164697256606701,0.02336934746743,0.0221728574529707,0.0128317691110274,0.0125243267691272,0.00158851964826856,0.00370466841449068,0.730089018183087,0.00109595543179663,0.00051939364022458,0.00129603151728606,0.0111616164944596,0.00364851581426526,0.00100742186682003,0.00165830725212308,0.016235080942861,0.00821035895143932,0.00141172536341468,0.00442399116144019,0.00229545537624728,2.65615759418264e-05,0.0330108820954503,0.00378545534346222,9.96329660949979e-05,0.029840684227792,0.000193125110347122,0.0344432632040201,0.00617808045372593
0.000327415002449462,0.000480119955880317,6.26602625637257e-05,0.0173818976259461,0.179585325768399,0.00226321388492735,0.0774611849981028,0.0143290721809602,0.0457811460822454,0.0564097661551191,0.00137223425423691,0.00429553213442695,0.336785325732324,0.00323391118192807,0.0364108131580635,0.0365345045433524,0.000790129384042842,0.00323173704648143,0.000507984637075727,0.0054809984205423,0.0248778443587267,0.0048976962936808,0.0103422373867903,0.0405994433292283,0.00823610726027826,0.010658121233371,0.00013815471376296,0.0613491096049205,0.0125680329401571,0.000925800415643203,0.00237871192430996,0.000303768130063825
0.000318784287555978,0.00407994532633189,0.0270071498550196,0.00183734257287575,0.00888542556693276,0.0273234933476107,0.0180151010201941,0.00184599030079929,0.00135945469804982,0.00832316471285228,0.00460275938958335,0.0121000125023447,0.00761147309888576,0.775036261511162,0.0237490859419842,0.00351877328309732,0.00111948794676233,0.0032068580769365,0.0125637444780548,0.0050382535076581,0.011564611183814,0.00700353088568471,0.0052054688745896,0.0177586916134282,0.000221092340403303,0.00221631358858889,0.000756564355121162,0.00170213974901623,0.00206483300816753,0.0018908656025848,0.000994367161917506,0.00107896021199323
0.000379798968201929,1.61265764098648e-05,0.00105896987736267,0.00341651750304029,0.0344487728304774,0.0074444246739607,0.00910724691718254,0.00395739258261561,0.00602375697961927,0.0257457800638821,0.00136380296895392,0.0378849782358411,0.0317015289828903,0.00220764692066608,0.717626672021094,0.00485569820637611,0.000869591612900986,0.0015444889851361,0.000400727743993181,0.00155288052272589,0.0069590979657812,0.00688321468422174,0.00257486429653344,0.0325876527277044,0.00414521421574225,9.45210984283771e-05,2.37960273537948e-05,0.0378646162317744,0.0153511537492388,0.000230022967224002,0.00114885587346671,0.000530186989199912
0.065291871930884,0.0719600799295915,0.00171463880100704,0.0478054320810987,0.058281572261307,0.0784297699030378,0.24040077577466,0.00756773558059698,0.0884121767589239,0.0114103471040529,0.0126947006143775,0.010777622528787,6.09218057482606e-05,0.00286223059723903,0.00759204943430547,0.17789079749321,0.0225596543858522,0.00515139583381905,0.00160475728727618,0.0127637284094963,0.000738898627081321,0.00521563508393559,0.0110236984351558,0.0194429356557702,0.0233337753211529,0.000609657380188635,0.00133253216401839,0.00187268942477443,0.00458161919709191,0.000402587710624991,0.00376911305277011,0.00244459943216542
0.00861519098929128,0.0039187186514381,0.00317540369846178,0.0137207095752663,0.00288573996111119,0.00794975563459916,0.00645242304337254,0.0162533419673286,0.0422764533837144,0.00219536389146106,0.002380720232017,0.000983297416559075,0.000729300361120936,0.000564791336564693,0.0028589527636346,0.0487134241347782,0.759294263364051,0.00389772554815005,0.000588006030282427,0.00333071187744452,0.00149016367894485,0.0152509455050694,0.0027554806044472,0.00495508283562327,0.0151660619955491,0.000251086865146805,0.00223105996255691,0.000426101386848025,0.00347286113879556,0.000265897684559978,0.000596575590075529,0.0223543888917361
0.00086012480991218,0.00103354251024826,0.00121043422191839,0.000832791540674596,0.00499202540757607,0.00383751210677276,0.0254025032598809,0.00186889515732232,0.0890101083061335,0.0010406244157724,0.000419978428758951,0.010452000154856,0.000271639131903069,0.000614115730106067,0.00134226455605777,0.0828543768630085,0.000437248508516308,0.648846394012227,0.000995128832205952,0.00308567608075982,0.00771933600196356,0.0436392152865234,0.00262603806687781,0.0419169914025852,0.00703731872105295,0.00377273904197437,0.001880063007673,0.00833493859464023,0.000765455139514078,0.000205727961985412,8.83529705325461e-05,0.00260643977006575
0.00380620732087592,0.00554287421976962,0.0102944497858304,0.00926603398716448,0.00255221146188663,0.0051867213343967,0.00343343443703648,0.00150727382125991,0.0241424582377233,0.00732456053113721,0.00253564428424629,0.0134660706441007,0.000471133598861449,0.00271069219882093,0.000560973505370547,0.0222315340620753,0.00312554424398438,0.00337438769453038,0.782048404868654,0.00186904841269805,0.00593884768467613,0.00717889917201093,0.00901270271048746,0.00603178004352126,0.0402102207215631,0.000957134046684934,0.00996061169936724,0.0018752239983889,0.00142482344083764,0.00580123458839997,0.00571115331455303,0.000447709929086247
0.00281948314478695,0.00199188771732938,0.00136279692599881,0.000861081711027977,0.0281262459531973,0.00820847193106759,0.060057467279072,0.00810320757120613,0.0575021400349637,0.000322014852609809,0.0175865480589303,0.0355267232702632,0.000479767179725246,0.000292168942608968,0.000885425092480352,0.0804164251404683,0.00207708055486087,0.000813718896986902,0.0103630486383207,0.584922850056553,0.00176714139294711,0.00589519389429713,0.00101643071842481,0.0206627712133064,0.0122273852026043,0.0084274165639918,0.008006057673608,0.00226402273350561,0.0350989921847558,0.000498582166538705,0.00121235768904117,0.000205095614521808
0.00336825837550802,0.000267310269543088,0.00374178858728373,0.000331101813144262,0.0159353991615099,0.00427825768339565,0.0127655741248052,0.00143910098228548,0.00506428769038968,5.61592010172273e-05,0.0136192229588606,0.0136717055666212,0.00016947167318785,0.000293246429993448,0.00262420990042562,0.0226590039155474,0.00128985270118116,0.00997291975569245,0.00381260531373185,0.0404787849988817,0.747086092474706,0.00912595418530067,0.00926819467397657,0.00508537496602997,0.00664395773055139,0.0361031431460703,0.000122025821433831,0.00102385108388727,0.0110764854423611,0.00225162010577527,0.000897667835701888,0.0154773714312005
0.0185444379837158,0.00425376779495517,0.00477663348074306,0.00249158794906367,0.0206089590061245,0.0129149595806294,0.0577640938074922,0.00510150391079618,0.10830286102318,0.00292499782820999,0.000294425352653969,0.000386783523944011,0.00301679515842314,0.00085515129443715,0.000134138583739312,0.110243575716683,0.0185475060306677,0.00193480262221648,0.0189859877876449,0.00676470150541849,0.000426595154358308,0.509332468956136,0.0347209222973321,0.0157906788613532,0.019890448449441,0.00778447388510177,6.85121855296152e-05,0.00494334885897528,0.00217022596935019,0.0014792648210773,0.000421257148563367,0.0041241334720433
0.00990114793595334,0.011499942763035,1.52887413299677e-05,0.00237065756168541,0.0228323364817721,0.0237164390345989,0.092810821872079,0.00280795863943179,0.0319554130040949,0.00442363133983814,0.0024302438129453,0.0278536974479074,0.00105439124739118,0.00187896410048819,0.000205634804057524,0.083922635740523,0.0202333191359733,0.00388608854086019,0.00570047475930859,0.0101051562821522,0.00148539436115411,0.0298122746882435,0.561678933333823,0.011993614969031,0.0031797362819213,0.00453553838783444,0.0050020809546587,0.0103901463706166,0.00352575460142308,0.00482142500931306,0.00175042047944212,0.00222043731711343
0.00622275810523236,0.00135540596523732,0.00364196702682698,0.000450779552948116,0.032953574615154,0.0030469723153805,0.0465316436353033,0.00560748409009267,0.0147309044459201,0.000592994767261298,0.0164326407707223,0.0212764123412403,4.20118884746259e-05,0.000935838586523872,0.00325037057771058,0.0630951561563194,0.00147496747695543,0.00654809488554542,0.0164206355110288,0.0303470895369331,0.0738661095272953,0.000118513824924642,0.0292187320472171,0.508450947141554,0.0481172958668926,0.033574306568004,0.000317326860381667,0.000294925719238948,0.025165889121199,0.00101475742302895,0.00384853020205175,0.00105496344740119
0.0331800352677711,0.0500548986572322,0.00486102040515338,0.00967911198581167,0.000420241224244128,0.00603704197938924,0.0480411419681253,0.00206256395257181,0.0282032172340686,0.00474235487889825,0.0160800726418819,0.00036786167052872,0.00181148402330415,0.00159682745644298,0.00207687197671163,0.00306119980841512,0.0192042553278542,0.00476417815032372,0.00144890173886032,0.00418436680207048,0.0236155920260106,0.0104995980835533,0.00178376224493758,0.03323741879428,0.64524174653864,0.00789639668067515,0.00193006885779656,0.0104794613905113,0.00433519575786826,0.000278505467319897,0.000497253671718427,0.0183273533370297
0.000978384780693512,0.00162589815406548,0.00060868744922719,0.00204642144614959,0.0299970632863013,0.0169410061739232,0.0506772037607997,0.0122279246633611,0.0150736236062545,0.00121781734674959,0.0114111313190387,0.00493484406175403,8.53775659392045e-05,0.000709223813763364,0.0019224972500197,0.062446468778222,0.00241077425461326,0.000983404611780653,0.00378232813684679,0.00898397405040145,0.0512092080774214,0.00136654967590785,0.00196090639065667,0.000185396839960221,0.0123575387455979,0.692791793329065,0.00105034678187609,0.00120044093194908,0.00613683843170818,0.000638248552398161,0.00196961588993979,6.90618436150344e-05
0.000712222736332806,0.0131237875417103,0.00183597440027352,0.00243256676418327,0.012123636277057,0.00576220799074524,0.0339597573630668,0.00518071921050882,0.0163258721663721,0.00213743004657384,0.0149541392720306,0.000157201823446819,0.00292392265595712,0.00118956710990529,0.00125924321152562,0.0407964818014462,0.00116545883646374,0.00364819973966593,0.00236834018301546,0.001233084512898,0.0931453368359592,0.0129385739044078,0.0570643526511541,0.00495354229247113,0.0226989802274751,0.0252261499806025,0.580437932205049,0.00851580155315167,0.0259829008125298,0.000344080286727075,0.0053665969892035,3.5938618090115e-05
0.000862281000628374,0.00163334491442743,0.00109207088017854,0.00308815587731039,0.00294494151719646,0.0078735683656095,0.0484122512184848,0.00524422265981652,0.00965544459377311,0.000217648467068458,0.025637802557195,0.0031876557324825,0.0110519826224163,1.43959264004206e-06,0.0245843620206934,0.00604132383565159,0.000427430335665463,0.000712653227643697,0.00189538965012715,0.0543131807832377,0.00559490578699487,0.000218942356346791,0.0253967699869675,0.033254142228913,0.00203779913275901,0.0332297759670976,0.00908717247551242,0.651277226766832,0.0172210405875091,0.00108616537871173,0.011711758785149,0.00100715069496008
0.00221519177043382,0.00114553727790492,0.00156915497759819,0.00112692205114165,0.00846330592238637,0.00891449559840222,0.0186554553304483,0.000170565233891389,0.000188194716363714,0.0134635281873814,0.016821397904926,0.0122118661470978,0.00176716343646942,0.00138526962662185,0.00471949645142843,0.0166384330133842,0.00135471850659104,0.00152328002250714,0.0247190389214933,0.0543767110344734,0.0131401327972611,0.000978286751228403,0.023206794567106,0.0382115748331954,0.020269525560116,0.00369991350888656,0.0095367912643729,0.0285191193704647,0.624388065006608,0.00312720681107111,0.0405573475788652,0.00293551581988048
0.00503322873306238,0.00635979663737695,0.0074732530251174,0.00315969881332353,4.81371178487225e-05,0.00798630785706554,0.00855327476078801,0.00134534168784354,0.0141702766961278,0.00508814066652071,0.00424868768135599,0.0125295329256469,0.000566803145320507,0.00267726911256259,0.00354945143336742,0.00230850779799828,0.00464772210235074,0.000986950387148497,0.0202628416838083,0.0286873327664812,0.00698655768998386,0.00267613960027205,0.010492520904278,0.0200523740675397,0.00628980834586163,0.0017353772239902,0.00298071699272045,0.00724977977339629,0.000298366951319368,0.775608834642437,0.0256650923128144,0.000281876464271667
0.0021453869817369,0.000427553609794363,0.00121434427948316,0.000781562701925472,0.00728968998047418,0.00714058066273587,0.0279532235520878,8.25188598733416e-05,0.000880446130071338,0.000477048719776906,0.00329058219314622,0.00870789004217707,0.00494514261272827,0.00047192962315233,0.000372967505179505,0.0116142264464971,0.000165832961027833,0.00264512719894855,0.0272837987028834,0.0223746676949363,0.0107806051533352,0.000705437414349558,0.0185415984425821,0.0612537325497103,0.00818455070448533,0.00524002839041283,0.00402649130169319,0.0306633878006883,0.00137991195615619,0.00110154793231531,0.726869706357147,0.000988481538488371
0.0274047270948766,0.043680886687933,0.00844692983185439,0.00233284645912963,0.00238795247406598,0.0261975368332003,0.0456761982001732,0.00160695403457824,0.0108985473187254,0.00245608968040494,0.00408479282972572,0.0102459532885476,0.00147364905821615,0.00042965280779186,0.00015952940371891,0.0017567090638299,0.0457462757156031,0.0181085652134628,5.29479056924793e-05,0.00297190771559843,0.00396146869364138,0.0223072670491585,0.0104823182302063,0.0206622125659203,0.000330783024218425,0.0115625346100743,0.00568864084193595,0.00669743556017704,0.0037861307972906,0.00241777329313487,0.000276039932210884,0.655708743784903
