0.399504424791771,0.00553129064801141,0.0046648084043663,0.00481685134854043,0.169022524368796,0.00778622080844841,0.0750471762154063,0.00287293360554397,0.00102129033707214,0.0100193105753735,0.000315377531279534,0.000569762188742924,0.00743666975423535,0.000814559779787034,0.00401630152186296,0.0954987881047655,0.0152462642147253,0.0195208927293093,0.000902021194257579,0.0281047389305404,0.0129120539366467,0.00960735765361934,0.00669921828435871,0.0210596843788295,0.0365972776057698,0.00443399017665354,0.0180515372297584,0.0216145883514011,0.00463611608988562,0.00964444571307126,0.00183586443501509,0.000195659092155038
0.0232891462443322,0.657046878089838,0.0168756051391336,0.0175577222734307,0.0633007980419859,0.0125354264227213,0.0254613679265251,0.0192488300157959,0.011821219707452,0.000783661991003155,0.00112186001129454,0.0126743540174838,0.00328373504380108,0.00178737124922456,0.00451813312404725,0.0209910383407222,0.00851053569361465,0.000491183540278981,9.20198677078528e-05,0.0125534131810813,0.00747050837099797,0.00327992371565741,0.0120769783838185,0.0161427492488024,0.0141935150476107,0.00133812327644001,0.00233167180303822,8.18894568683092e-05,0.00531905816960391,0.00230748605298522,0.00506398434683738,0.0164498122058662
0.0066205456214327,0.0117982109817937,0.481181924593253,0.0462964188156732,0.0424088583931552,0.0171683699256587,0.0234842041320165,0.00522311688522276,0.00575804135618002,0.0122939302729373,0.00619147971749169,0.0245148509966502,0.0110230334889667,0.000487958876868721,0.00843143741475487,0.0327644350027259,0.00383211797285169,0.00159028480315557,0.00295213887265873,0.0778180968555617,0.00482645207643942,0.00010676046143114,0.0114414283019677,0.0794094376301613,0.0110171056939391,0.0259208294291494,0.00500962574641654,0.0127722502075121,0.00814533777378373,0.0034033868803569,0.0143259233938629,0.00178200742597072
0.00644744908776739,0.00239812441456928,0.000736646217094578,0.0305784732448606,0.00515806536676932,0.000565912972923507,0.00427469689352499,0.24928873908521,0.0083560641513496,0.177233809035355,0.0793885202513052,0.0922710764688578,0.0101838391879508,0.00260503657010471,0.0419753453454638,0.0142911383494161,0.000357824771631325,0.00157914962089159,0.000380223614191634,0.0773084177746235,0.00424374481273703,0.00653764866180404,0.0113683542503719,0.0806025362009341,0.00163506569342107,0.0120655052795496,0.0133459021793774,0.0556622653709673,0.00223937976013797,0.0017959301425194,0.00346703868734335,0.00165807653697617
0.00221024362679501,0.0022403571346708,0.00325488172945385,0.00192573827716183,0.560778164975025,0.0359120960188745,0.00330384857222357,0.0325563413488634,0.112098541921763,0.0213403444657082,0.00698977929840287,0.00303056740004001,0.00178429520035315,0.00514292744806957,0.00193056278269791,0.157836308387305,0.000344096261879146,0.000622207749319012,0.00141715283799451,0.000847063820674071,0.00199887099488972,0.00262699971991759,0.00625837792311843,0.000606729137153448,0.000972551963975586,0.00311209803088207,0.00103207004677166,0.0100921959651266,0.00453454419078911,0.000851769782486075,0.0067661874799716,0.00558208550764307
0.000403357293062349,0.000113600412476948,0.00369866401577067,0.276206685008265,0.0163133748906621,0.158072912506027,0.0162475452238554,0.244367075095208,0.00514791411269628,0.108084805768765,0.0239567704707344,0.00142399604853403,0.00779208463994796,0.000183862385512119,0.00392973397972319,0.0193458714956052,2.34825982039476e-05,0.00913901531505402,6.98316836002193e-05,0.0181049277198115,0.0169061847981437,0.0149699853465454,0.00430091222241595,0.0236723126140903,0.00981950753247561,0.0013073433245135,0.00216492798338262,0.00512451722961249,4.45552795116096e-05,0.000668779104275718,0.00360710384191395,0.00478836005960443
0.00722854079650562,0.0155969477728885,0.00598265386021906,0.0363251898864007,0.237027022577851,0.0588412469496711,0.141678509224097,0.0877441106018999,0.0296466773235667,0.00351201672065355,0.000678461299651201,0.00291998806431086,0.00276462541019376,0.00842717441660032,0.00140153214609975,0.13730103095218,0.00108425927351682,0.00787957935327493,0.000958149400371628,0.0532975675137419,0.0217352782766328,0.00192819870557218,0.0166938890106214,0.0586075748935264,0.0202239205800015,0.0193526419607446,0.00638960974507508,0.00207552174328749,0.00169137685532972,0.00484512211091705,0.00519727270577477,0.000964309868822163
0.00550754245883636,0.0014375771220591,0.00239033145399969,0.138174937970596,0.0137811339196904,0.00275262001468937,0.00278698866759674,0.455093756720281,0.0074735127965903,0.115673904164663,0.042652621972694,0.0584811582136129,0.00989965560382836,0.00232481370533956,0.0293477767087883,0.0203614422023702,0.000311725396003632,0.00434113042548887,5.86065409541348e-05,0.0147780859315657,0.000871765458915353,0.0075596699096557,0.00269043532220866,0.0176032969860765,0.00643068249519727,0.00586749719509071,0.0050617030384835,0.0211721247078129,0.000588403261624495,0.000623092962274998,0.00379473699587852,0.000107269677132966
0.00391820996275554,0.00293891846592724,0.00072825247735054,0.0703790564653789,0.0390538000032161,0.00582872881445099,0.00212811007364402,0.0399915253945107,0.49125050713874,0.0350454143774863,0.00781660002465084,0.000968700278194353,0.0029430543820543,0.001375365743615,0.00027236234221361,0.00151232713542079,0.00348800804567879,0.02817947364977,0.00100011992532517,0.0609358785360364,0.00906383281097349,0.0161562532031986,0.0159713133003128,0.0653263076926034,0.0227042540060407,0.0212988821116649,0.00647110059623284,0.00128202320223254,0.00421300484272089,0.0118293532256735,0.00683762161712791,0.0190916401547989
0.00534330500671846,0.0029726300124725,0.0003343293570532,0.0926575928645514,0.000915263693818488,0.0064003193376859,0.0100668685463872,0.164088243468647,0.0147498928526807,0.32659106814811,0.0506141220821927,0.0458602357462941,0.00173671915693869,0.00128109850848236,0.0284911212210847,0.013015239012571,4.44528530002148e-05,0.000804073808042197,0.000181558674301595,0.0738406229367279,0.00740016016758614,0.000980005514332575,0.00544727120892462,0.0776917476930182,0.000638770956958519,0.00748399463247714,0.0122974220270642,0.0353344190763852,0.00602495258942978,0.00324591671827764,0.00122637568493768,0.00224020644284871
0.00949784023401085,0.00382957462388751,0.00097444443908814,0.0237131788476238,0.0103395083756975,0.00924361085381401,0.00250320216967434,0.150716711504383,0.0343229025864136,0.0257708373100057,0.140756722714821,0.109284101332523,0.00515238600517813,0.000620621692816685,0.0441438489421182,0.01401568687623,0.00117239292324889,0.00138888393978168,0.000171846421441806,0.118892579712714,0.0130736916433037,0.000239673232750146,0.000373715510727175,0.150860462265779,0.00585639582879599,0.019695118067692,0.0218818032713587,0.056357373636805,0.0119344149452404,0.00619810417231685,0.00581126699702958,0.00120709892272981
0.00702052696437537,0.00582450111612665,0.0030275278238943,0.0715655124999187,0.0432842517039453,0.052867561165872,0.0108063683113357,0.0696387717904773,0.0169156323060739,0.0255210840181045,0.031730365284066,0.36171313830573,0.00404962250773139,0.00870808615433172,0.0175267481738972,0.0121155756883404,0.00349583192287231,0.00734186089589833,0.000359288401028124,0.0550951015075586,0.013843475119544,0.000234778782440124,0.0128363940714776,0.0512693550381121,0.00334111153020105,0.0102454529767531,0.00281402370965135,0.0584878017955146,0.0182908868370929,0.00941448931583695,0.0101211023124557,0.000493771969342472
0.0115013336678912,0.0161190375821297,0.004868932084551,0.0615976679956063,0.0266921893782248,0.0434291634991888,0.0763161039230845,0.112174643244295,0.0928286641988824,0.0136638057873427,0.00835434276075988,0.0409230697762499,0.235362900343059,0.0109856908216443,0.024090049159613,0.0567105247003206,0.00275569861512722,0.00376896202388233,0.00029312084538653,0.00872643296570315,0.0111199747725397,0.00616103579460628,0.00976251104734679,0.00180035321784891,0.0459289339623519,0.00552178779293504,0.0108750588339756,0.00116782465539052,0.0414126861495411,0.0120250457697007,9.6685690893139e-05,0.00296576893992767
0.00417981090086969,0.00171203246784312,0.00277829196533984,0.227137520295138,0.0103797973878694,0.00408394031425961,0.0121367787481249,0.108900555625921,0.0254409084381043,0.112709791824124,0.0285083903153907,0.00176803069968021,0.0130805327871846,0.32939081950833,0.0203779404566367,0.0222009547743083,0.000160708953049753,0.00121429664113889,0.00286142600635513,0.00420596182115607,0.00709088754368881,0.00760006807721604,0.0089387771272259,0.00624263099541015,0.0152708442296,0.00856978732463938,0.000677398121980778,0.00161084309821792,0.00251500691334989,0.00141121943201825,0.00022025654493526,0.00662379066089438
0.0104199334232327,0.0098211228957358,0.000333981459191999,0.0518833180032136,0.0216181188273295,0.0304758739573089,0.0424128122005341,0.125466807766401,0.0938497821782885,0.0150729150141349,0.0156833084710853,0.00689117515546128,0.0134017294516882,0.00861793600116167,0.406175249589981,0.0715125946043681,0.000218253405501548,0.000342795934058023,0.000265919726109874,0.00620338556053752,0.0062497328819501,0.00111566605896584,0.00192702674852448,0.000380316654979038,0.015076976314319,0.00229909377520367,0.0035236810079302,0.00381092992663582,0.0185640614169563,0.00551637960068331,0.00322828506719853,0.00764083692133017
0.0109301326225792,0.0105663061580085,0.000303869642349974,0.0823175328694306,0.0913191192682959,0.00956231796076545,0.000866292305792993,0.0653683382315331,0.121647333554117,0.0238816352417378,0.00118802213649553,0.00149165093909518,0.0125032707249929,0.0033308547172102,0.000868063165246864,0.237456883420347,0.00584621127490584,0.0162715736022772,0.00072035658854162,0.0749672003128441,0.0210594671400792,0.00648088340128342,0.00528826571403805,0.0665626712551367,0.0415660707541312,0.0199911006920414,0.0164487975731251,0.0131745965844121,0.0150168457869422,0.00924227591567778,0.00240650526734724,0.0113555551792182
0.00990382638058363,0.000732578193653666,0.000198965231085499,0.00156073123263726,0.164809320896156,0.00056811637193385,0.132419868291755,0.00268336766374402,0.0150067729576376,0.0014058665550888,0.00255447810089959,0.00217745548057681,0.00123249611807831,0.000215518986604859,0.00795811496588039,0.203438901059294,0.266386020229958,0.0116679613980381,0.00319594670022761,0.0240162992034746,0.00425679676701125,0.00643071999832062,0.00125543280790339,0.0151699655239443,0.0699180661089253,0.00179560686946213,0.00679330514482012,0.0312157583130252,0.00153762866676556,0.00572387520475155,3.3174720836787e-05,0.00373706385692617
0.00458808505658645,0.00166897317019826,0.000220619261468248,0.0429775229955204,0.0964584023417286,0.00279594405646702,0.0476871025936112,0.0524961936967963,0.0235465280690644,0.0162046082266124,0.0107316824713672,0.0136367142631572,0.00235476336491325,0.000418423183322093,0.00192093276597057,0.022726920683618,0.00297789069349137,0.263161462160906,0.00196338464745498,0.139648593443481,0.00307896825944085,0.000456504650647032,0.00281880973299871,0.0956588884069358,0.0285355655698432,0.0171758287223536,0.0251980125254042,0.0645046551676771,0.000364430369564625,0.00205094931270117,0.00268593488407726,0.00928670525262083
0.0107724245923594,0.0160062316259254,0.00124463182594485,0.0168999630982101,0.0573254926799637,0.000360835020602219,0.0424910518958833,0.0138834827454795,0.0606838114960444,0.00114288728216944,0.0112132091437325,0.00462594371060479,0.000448151215386005,0.00349935713865687,0.00739408023888393,0.1373641904462,0.00333204018649331,0.000211887643151502,0.532359372135706,0.0163449528666938,0.0200755175343895,9.15027495151223e-05,0.00747050616124716,0.00480110400207124,0.0122576669165933,0.00291513416546241,0.00115959229741528,0.0108780789263956,0.000910261748876071,4.94102987376637e-05,0.000529878090940349,0.0012573501202648
0.00253132654857284,0.00157249180292547,0.00225737221697019,0.0278932160206725,0.0319266613367877,0.00207451334825121,0.00686775353446658,0.00954564956788336,0.00685732661742513,0.0147887804760018,0.0113101051002309,0.0134005216284624,0.000317298963728407,0.00212934141240451,0.00222745833911787,0.0226964128539554,0.00108765267766032,0.00072566891985565,0.000241878735656315,0.595538534209172,0.00652760315283275,0.000724131474874471,0.0242442117977476,0.139420165716312,0.015558562006219,0.0181390732523815,0.00204165951156885,0.0212312356645442,0.00117142584440143,0.00203771173263392,0.00995016884969658,0.00296408668658754
0.00256748265047895,0.00237589882962473,0.000605547996959262,0.00455948017398674,0.061564813093145,0.00122370443231343,0.0457457506160983,0.00324513736775217,0.0206763789632191,0.00855100344865103,0.00886508846981617,0.0302974337593093,0.00125163991063645,0.00188426848279748,0.0081470733407421,0.04134764051176,0.00326874365548771,0.00106520752833781,0.0042763583387363,0.238533910866862,0.311131869482748,0.000412527335683448,0.000990825000281581,0.10373382151039,0.00421672489883478,0.000174103651116628,0.000764703162421048,0.0422395610129034,0.00175806719725296,0.00614605219795742,0.0194894154003898,0.0188897667133058
0.000889277598443,0.00706249270637289,0.00179506889603345,0.0167307442563207,0.06642098851792,0.000250776008398219,0.00669151137921433,0.00445608369276783,0.011531840915441,0.0407782100783367,0.0198235384181587,0.00219324106332909,0.00483453590321386,0.000652267466336512,0.00222169549213676,0.0117011184889746,0.00466676783505712,0.00477119764013605,0.000321486658069727,0.052936956528605,0.0255985293440477,0.482704716279203,0.071960430052353,0.0242140563551016,0.0786950259918349,0.00158063033795747,0.00254632700022097,0.0314035532529905,0.00154502850192087,0.00302948127976968,0.00137035488414006,0.0146220671771945
0.000662923999302863,0.00696075459356862,0.0016600930657964,0.0397701705887629,0.00385414076721919,0.00471198308536079,0.00317986924971003,0.00350986625960136,0.00355013875501248,0.0493616124500296,0.0321256356826657,0.00418614098327112,0.0018004668460222,0.000174964876768168,0.00076735026188159,0.0150670022180516,0.00479459306046843,0.00236438810836369,0.00111383406727834,0.111702890926826,0.0205436059193337,0.0442937233746899,0.483356653589342,0.0935747092424297,0.00328053804960717,0.00451009257812776,0.0115314698549276,0.0150769772234831,0.000105625465193903,0.00684307150695564,0.00376896542565197,0.0217957479242962
0.003102235040201,0.00204180030427012,0.00292013571424769,0.0297714527720403,0.0578209883120989,0.00234870643932745,0.0140126704171141,0.00756560611423184,0.00588339850936465,0.0238790651436391,0.0192506049405349,0.0374163870049334,0.000667555077270036,0.00306831492538275,0.00400128542746156,0.023610985181436,0.0017129776638937,0.00159312141991191,0.00113211771445411,0.386573960492963,0.0116298985315304,0.00183872871314241,0.0208489239492192,0.212208248965925,0.0306140823387198,0.0120261916195269,0.00505895017191643,0.0490334177197011,0.00117656104490775,0.00472827454248692,0.0213821912902159,0.0010811624979322
0.0150040275753966,0.0083148696181958,0.000302529364225976,0.0820009348333355,0.0292550524544516,0.00184963125197612,0.00239580494247361,0.0551451430613601,0.0349372468765247,0.0363669171465615,0.00872361162600949,0.00508081115890921,0.00573283324756445,0.000566188977158488,0.00266839661843419,0.0441323053106253,0.0059062375747314,0.0142021781253694,3.20144467080301e-05,0.176868177980716,0.000629431175856548,0.00311872726600618,0.00240344446575194,0.0793903018996591,0.306802929931903,0.0299591395756366,0.0239348486980466,0.0171005153955396,0.000741774937391516,0.00120095997595348,0.00296872393651127,0.00226429055101794
0.00871807983860097,0.00419241848327408,0.0027508019361694,0.0539243813445014,0.0026462936587643,2.0166216016374e-05,0.0049555639143963,0.0256762154690471,0.0345802087821268,0.0198620315911766,0.0103696605813451,0.00278558864255961,2.46945174121899e-07,0.00232285833352501,0.0053473370136171,0.00906963642231111,0.000177289244474182,4.8871538729033e-05,0.000417739311381937,0.0460077820188382,0.00303229681852176,0.0214588820247753,0.0445376401285916,0.0284215880855832,0.000297974786151963,0.64023907830582,0.0058142929579356,0.0032540531002422,0.00611880234200001,0.000106908005962684,0.00994529652854759,0.0029000156298393
0.00019783215606658,0.000453625687419715,0.00479943283694299,0.0933222138020333,0.016944244495866,0.00844203818212993,0.013308485245104,0.064791052949166,0.00419695342698257,0.0433010372501383,0.0172082836331128,0.00708748883092641,0.00149276277034029,4.90523376510821e-05,0.000488152822798816,0.0028419810279564,0.000425011108306944,0.00146376182636358,0.00577300902495081,0.0236156298161898,0.00583727378441666,0.0219705200496377,0.0411030809792522,0.0260891705623679,0.010407100132796,0.00578444917006755,0.557844046984077,0.0020876760439134,0.00179458271089767,0.000831113020094777,0.00969456047565185,0.00635437685638124
0.00112632374477973,0.000355971037770679,0.000556608467847007,0.0792237011914208,0.01317917172083,0.0221464185089798,0.00202623594193918,0.0653202114664288,0.0541025659973647,0.0420981865368841,0.0278937979291741,0.00690763859528722,0.00682448603691712,0.00145625045860558,0.00136983809023811,0.0568452775721283,0.00197614804003274,0.00508985176732186,0.000445274242481645,0.0798806490177726,0.00765427407211797,0.000186846123646248,0.00503507825585975,0.0860239064825515,0.000761298003232035,0.00586500815597334,0.00750074813214972,0.38987877992636,0.0127573864633808,0.00699741660216759,0.00462691819298539,0.00388773322537202
0.000215526911175614,0.000288487219223329,0.00086411994885707,0.0799409273017285,0.022640293523383,0.00244320496231704,0.00740406846042234,0.0438834811007681,0.00642492934819721,0.0497787741297841,0.00230862601211097,0.0024484845697486,0.00664148070919751,0.000494691620624669,0.0025897474099774,0.00412490890177544,0.000327065694703989,0.00031041899929473,0.00941772761716737,0.0957845502895188,0.00235215595831695,0.00149911487027687,0.00177187335471973,0.0776568450856653,0.00175843184680602,0.0641355917160057,0.0624612278869328,0.040963719265094,0.367849052221353,0.0183703821447135,0.0214560475438075,0.00139404337633228
0.00176993356099404,0.000306411826879664,2.29228963990471e-05,0.0314330750071614,0.0409431935806264,0.00667401744637642,0.034682693734176,0.0170629478682752,0.00500454883228495,0.0234028132977813,0.0117103714784883,0.00249883082939331,0.00302219708203412,0.000361199075164277,0.00302510020486514,0.0405421189504394,0.00366895612181853,0.00604776258365484,0.000485070460409468,0.178626829580267,0.0200631449549409,0.000525281156230726,0.0152368323727667,0.161211045024511,0.0147698360232254,0.000430768815468516,0.00356598342608288,0.00707946408917223,0.00378403611524197,0.33878807992412,0.0203189685783845,0.0029355651023661
0.00675799896971985,0.00139000430870808,6.82826377158526e-05,0.0638476928939325,0.0046674321609278,0.0017325025959021,0.00644031501914809,0.0385067591107143,0.0515481338703338,0.037984473961788,0.0123807764660992,0.0240575957599297,0.00388684301138832,0.00154654666376118,0.00550680209706611,0.0177382001894457,0.00154517087085154,0.00284761234010147,1.45561506929336e-05,0.0105168080558342,0.00596265998546279,0.00290767978246069,0.0146477680630512,0.00846382251944456,0.000265311677812101,0.0292940182151254,0.00310487476221392,0.0144431961118308,0.00472423360135777,0.00646497893563266,0.614322924496396,0.00241402471515135
0.00109485942163304,0.0170094941690485,0.00127345457425228,0.0644969614562205,0.0340172765483121,0.00507942058392671,0.0231531075229526,0.00961217626967176,0.00227653478032244,0.0826609100052015,0.0425751050167897,0.00155329581482564,1.5687278881749e-05,0.00226818415981107,0.00425261419858494,0.0148423134441911,0.024373216243461,0.0616908150430892,0.000227002743626399,0.0553188504972302,0.0076479786922027,0.0782458398658108,0.046700827453646,0.0229206507731789,0.0680181427983331,0.024784000421164,0.011804621308775,0.00477961209662796,0.00114239298733921,0.00820114174840342,0.00627655961729367,0.271686952465193
