0.505828756180395,0.00333893277258024,0.00209540237504126,0.0843311460268389,0.0689248671002148,0.012030935164285,0.0276333342478106,0.0877005987401108,0.056040039545359,0.00283493244986488,0.0125065835321775,0.0237753158844332,0.00624077969603312,0.000636734811243606,0.00108537569508408,0.00867080083535943,0.00588399712100388,0.00126785858301971,1.36090267733274e-05,0.00135423532339991,0.00642255171914112,0.000767021546244639,0.0208818117013808,0.00203051299047839,0.0010404346374219,0.0169613305984289,0.00230970305990905,0.0110804135790716,0.00251664319076405,0.00904815137457015,0.00085288660294262,0.0138943038886188
0.00539806799578101,0.365251032100282,0.0125936102477428,0.0310983280788846,0.0966470037848582,0.0417450485827635,0.082395868290566,0.0585400634596322,0.0529342570158243,0.00702865770034967,0.0182608808806473,0.0583934713732539,0.0158370832004795,0.000862597860458831,0.00102433634906844,0.00192958828023171,0.0110339371984959,0.00365358852988103,0.000550705544360246,0.0148707852637425,0.00114088915231331,0.00415609713193122,0.00249819145724228,0.0160496138114151,0.00828757414023224,0.0134719502413854,0.00248069446161048,0.0538485790264981,0.00713667678699379,0.000444151454121827,0.00205116529527825,0.00838550530367395
0.00215698719484191,0.0162453077707871,0.349186518656667,0.10652846161364,0.105399024448703,0.0400556906669742,0.0510669080927192,0.130918463975928,0.0663318963282903,0.0021037677396802,0.0019367992477284,0.00274247977916118,0.00730118345608849,0.000288131885324048,0.00690982973555006,0.0111572574578881,0.00259757069604304,0.000889640289549317,0.00351246740163522,0.00350551957945121,0.000335172169638932,0.00426411555178747,0.00318791054061379,0.00400382397497805,0.0500490248534143,0.00229549784397881,0.00799743172930114,0.00392635334686097,0.00203273095095716,0.0030428611983565,0.00530864393990891,0.00272252788355382
0.00204092374614881,0.0100654604167319,0.00609701237010673,0.499165986486271,0.0187614449594786,0.0266174085612675,0.0350234880252291,0.106101083357842,0.00397889275392896,0.0270037222963361,0.00517504820455597,0.0295680380616057,0.0400039943661675,0.00826619435584701,0.00174265188961243,0.00628361372861886,0.00490935024455304,0.00308312740915618,0.00354034345249421,0.0112795959262807,0.0426660422765792,0.00285987734775463,0.00280043601466542,0.00348796399815191,0.00416171184332584,0.0153213778286436,0.00268046881094491,0.052674961497087,0.000699809820569078,0.000293792606804262,0.00920403911508399,0.0144421382281586
0.000890243471914139,0.00886196806673559,0.00438073948037838,0.0376347754045936,0.222501306649594,0.100142583495516,0.0908657056764653,0.159281208613453,0.183560313187639,0.00216114933950944,0.0038717929883894,0.0363826655236448,0.00394453628644477,0.00150308368498897,0.00205879987733199,0.0335602774720894,0.00710955913741806,0.00298606316277297,0.00163883662810578,0.000745911902256487,0.00228008741423663,0.00237926753726879,0.00409300487635775,0.00306608395135507,0.0158868348325645,0.0124038556035431,0.0102507500489949,0.0333455379967749,0.00825164993944997,0.00149516639658676,5.75474395400487e-05,0.00240869391408749
0.00230453084061638,0.00121041292953478,0.00574819543760016,0.0830766634857064,0.0595386716766509,0.411287854901356,0.0452350306665435,0.15838034600103,0.101076225443616,0.00315675448644418,0.00123679019169895,0.00713647768128924,0.0099752787569692,0.000563447928233534,0.00322145321223866,0.0105802838482705,0.0053257824974026,0.0055006648866894,0.00296920319970112,0.00134234550125837,0.000745230269050889,0.00191237451930282,0.000305728167632823,0.00992871975381193,0.0411798474086808,0.00402118583601488,0.00933420405606646,0.00725848916619044,0.00254896301494747,0.00198144931609623,0.00188975768089895,2.76372384555939e-05
0.00117628692655901,0.0131627845551472,0.00390598228048559,0.0573957443387885,0.206359977958753,0.0374961352414492,0.220230573645412,0.113184039633025,0.115927368133541,0.00206962952746166,0.0134206476047824,0.027297971627163,0.00773184721621668,0.000556162979469581,0.00441660861541996,0.0283625475870366,0.00847547321550481,0.00181693322285484,0.00248272849660214,0.00509840891821256,0.00139243245413872,0.00388034940915249,0.00773569851167363,0.00856456364361727,0.00895396261697765,0.0251973932036788,0.0192973601590416,0.037287632625633,0.00673631530352325,0.00282092854748367,0.000954753688149216,0.00661075811304695
0.00160434846465759,0.00482851967651021,0.000666027947018825,0.0254499919519296,0.0932138241082167,0.0823930653699398,0.0538596947399661,0.577420325890191,0.0511927777882596,0.00603029852917424,0.00153349094850218,0.0139269042100354,0.00594029932108509,0.00237689205177261,0.000304757987043347,0.00318735855472091,0.00278982537342332,0.00142817189919914,0.0024189106090581,0.00328818467802486,0.0183507567197693,0.00252127133375685,0.000107100402696131,0.00049816838990728,0.0140270749702819,0.0046028427720438,0.000187684188463992,0.0174724495316819,0.00201151855789294,0.000100710345964439,0.00249952179339353,0.0037672308954197
0.00198373605795738,0.000387045617746295,3.17241466805257e-05,0.109712475421869,0.0312719928593124,0.0346321309923727,0.0317609969383546,0.059048837976003,0.525410071077663,0.0093573480084435,0.0187631601736598,0.0241808684681114,0.00497551764190401,0.000201438882939765,0.0069149827184702,0.00717153176378088,0.00387887015212224,0.00458975334641065,0.00390585947345029,0.00803568963000643,0.00969474525499006,0.00113953345962021,0.00108320066077711,0.0273420657131981,0.0160176642358255,0.00848412884537027,0.00584089228339433,0.0198030562282526,0.0146628349619572,0.000857003983715717,0.00472828315662437,0.00413255986901681
0.00292996080040237,0.00151543436150775,0.00163075523640769,0.0014314520249846,0.0142260521192796,0.0154342046997403,0.0566615342637709,0.00925617519093339,0.0297490883499017,0.658743818752763,0.00341608041262772,0.0144311565577274,0.0300794498079322,0.000625690391792699,0.0249809003028692,0.0272452619372376,0.00255145759157148,0.00247501152757594,0.000154302553125267,0.00328493395019783,0.0169962968759915,0.00395042656903828,0.00423164460678126,0.00297950863246021,6.54864900671092e-05,0.0112310948194462,0.00120750743709323,0.0424365488748132,0.00243228396517158,0.000212061239506883,0.00186363637287423,0.0115707832844071
0.000807068922231422,0.00227397765789044,0.00190989323461639,0.0398699789336248,0.076279753370451,0.00331556504609181,0.0869355457511232,0.0437399420803372,0.0345841267902942,0.00196245222354094,0.463917215891547,0.0663284488830046,0.0408639259164342,0.000190531141311319,0.000653169134316401,0.0114799248255837,0.00454593230146895,0.00103289637780573,0.00122259723068532,0.00816476014228558,0.000758637168519361,0.0023769774141073,0.0184524595634812,0.00234643356006007,0.00455433622280433,0.0148539064652244,0.00109050357206687,0.0364678275323465,0.00571618134978473,0.00591210959628869,0.00695172131407002,0.0104412003866031
0.00545041977299494,0.000372224341939651,0.00179375388710597,0.0384793402399614,0.021680826850131,0.00363057958916469,0.0242657325708838,0.0337363709247361,0.00964703371900678,0.00178239638454155,0.00541036126260829,0.595190324927615,0.0459351791238237,0.0029610696212053,8.47823401171563e-06,0.00800505964346825,0.00364113656920064,0.0010306137412646,0.00268716149985093,0.0228790322079337,8.8425162405906e-05,0.0119081561098946,0.0103147345873581,0.00780868859064739,0.00992190878635828,0.023727143294218,0.00654280394635638,0.0042743620036323,0.0636002589098467,0.0228547825319721,0.00398731145386537,0.00638432951199694
0.000156533447092842,0.000366626196051024,0.00144801612286568,0.0910212471109686,0.141280589311649,0.000892064270676408,0.117946469248449,0.0997600993253238,0.0708875143479308,0.00561245832189598,0.0778186731272791,0.0673705902919109,0.219964013875407,0.00734803883533449,0.00601698764695688,0.0103228863020634,0.000460858640499251,0.000863260908614583,0.000532365645725856,0.0061854920813232,0.00910279547251536,0.00117044283545213,0.0126584598969448,0.00517581515153708,0.0106964176215931,0.000718256962371844,0.000432857640110324,0.022467550227875,0.0055313053655852,0.00113577988127983,0.00272914315824888,0.00192639072846905
0.000918927425192501,0.00190078911502561,0.00343685661017071,0.042459330807829,0.0239771403058033,0.0138805312201364,0.00663794336078965,0.0326051966100798,0.0235893166973236,0.00907484971578697,0.00610153945532899,0.054732085450934,0.0036199317429806,0.57877906760901,0.00409059181048147,0.0303194581200668,0.000956473597892036,0.00134436000779871,0.000777071040934887,0.0121639326400624,0.00875458080593138,0.00311149422567319,0.00888628981036209,0.00359700592782725,0.0089197235798582,0.0266659608057616,0.000696493600097806,0.0397667562016236,0.00675130142120281,0.000616304802958975,0.0372179231419997,0.00365077233307573
0.000175574827609857,0.000592836395219009,0.00215757952382455,0.0337985023907085,0.00460958441427557,0.0183093628780682,0.0102045221565775,0.0347799733264664,0.0243891247330684,0.0283974683838778,0.0042793432236072,0.0182209606458973,0.00725033512741429,0.00509479205807104,0.684748689933649,0.0120309429481665,0.00156168790779967,0.000840522650226089,0.00247920579979724,0.0018286360167844,0.0120567981022995,0.00147778091342446,0.00673042520831462,0.00362150358998334,0.0112614902872977,0.0218529270450328,0.0154581825679069,0.0167585848440511,0.00685686559405589,0.00394821413281958,0.000183929512352855,0.00404365286135266
0.0054785394810721,0.0075615490987119,0.000313663680729507,0.0227845813976554,0.195045297186008,0.0556956440151169,0.155650490520943,0.0389886900479349,0.118051937836008,0.000568775235379976,0.0172552274561545,0.015033131359075,0.00169575646349982,0.000782055198699525,0.00251672195461173,0.217274155473143,0.00428042069059142,0.00403020540375965,0.00111713264067777,0.0224732907464464,0.000964161068449574,0.00459428792929922,0.00881808168112286,0.00965721568687812,0.00575591286340298,0.0257354419554178,0.0118165903647007,0.0120082991862826,0.00493062101891544,0.00266690325071042,0.00927754136499028,0.0171776777436112
0.00888507223826087,0.0232215129013959,0.0013521989390794,0.0134921487177386,0.204352875518815,0.125381580004807,0.0771086283616575,0.036631321785539,0.12390557320724,0.00791072342017085,0.00648565595426722,0.0140567078954566,0.00160440911568996,0.000181935948273443,0.000765424964009102,0.0113681799010877,0.262346261182066,0.00947243183671723,0.00106590307899728,0.00897299956310226,0.00528731530577264,0.00904078818850114,0.00254041403712156,0.00794383592916235,0.00356621864064217,0.00932479910981875,0.000402934076082978,0.00350011240595597,0.00670887932544565,0.00159542437233637,0.000948626992774496,0.0105791070820138
0.00220110738024671,0.00252459553854792,0.000612921804357155,0.0399702783794262,0.0469094963505025,0.0295035584699714,0.107513197349887,0.0718494758784911,0.0528538757829012,0.0170869527771127,0.00325965168303739,0.0428853439426289,0.00168643637202613,0.0052396356746271,0.000440512345081942,0.00265912251758478,0.00103998428959587,0.458678021775069,8.83017871039743e-05,0.00286797419354674,0.0319070215372157,0.00440136544117192,0.0146065422293059,0.00730114837546291,0.000984391254719915,0.0057994997103666,0.00371660264675182,0.00936873203438052,0.0240760093927391,8.75797366000476e-05,0.00310927042137506,0.00477139292816489
0.0104775983173695,0.00126978460615494,0.000994883889883134,0.0440629958805983,0.0274884357984581,0.000654583561293892,0.0483520540392406,0.0787606863902174,0.0276037986973914,0.000887314202042756,0.00620476663728346,0.0554185118939197,0.00845378958772448,0.00112167257906409,0.00169597768144207,0.00201722613133012,0.00531230226002097,0.00672861803287972,0.480651884563933,0.0248816711117247,0.0101405780967392,0.016484487265839,0.00442313346354769,0.0218682846166686,0.021674159518031,0.0143471994381862,0.0197361618746912,0.0290922494060889,0.0212205279053767,0.00342684990487186,0.000741215636064843,0.00380659701192195
0.00139591370357142,0.00247534834166852,0.00118592662914557,0.0684614957496408,0.128484069062139,0.00505649195662419,0.113912882504454,0.127939031645023,0.0481224254342012,0.00203161850430778,0.00591908843111078,0.0345119809571054,0.00504222622006226,0.000216911479799009,0.00263732996030334,3.24144862822156e-05,0.00299651873097914,0.00678925521504782,0.00765092234376404,0.330060863955232,0.00452488656337524,0.00773964525137851,0.00121858777218752,0.00563244619993204,0.00901002957887313,0.0175317970999421,0.00414940934968349,0.0132217944624127,0.00532559698108894,0.0136841355137966,0.0222525256534517,0.000786430263415669
0.00493412133665022,0.00169402061153018,0.00318960222668753,0.00359050777786048,0.0841603787558021,0.00920718697316616,0.0357070836678346,0.00582101282198263,0.18492465562846,0.00257116474285646,0.00328311818104154,0.00147882250212918,0.000521861975841406,0.0030859980498646,0.00177806798211888,0.0328998422881172,0.0117345009465609,0.00196575483664354,0.00355460821549257,0.0376159822105367,0.43111358125894,0.0019631039293142,0.00270974742683502,0.065954230480792,0.000283059876363857,0.0035592700797902,0.00404235443522667,0.00168332673749639,0.000734297558759711,0.00947293509063808,0.0168442915056849,0.0279215098889827
0.0118115449769824,0.00401068273994989,0.000967084740155288,0.0204803117367075,0.0608356146756067,0.00366383451752632,0.0721025851587648,0.0497157492924311,0.00776619429425397,0.000256399004132073,0.00249410687557115,0.0592689448511385,0.0112864839502056,0.00150215265135438,0.00344103716893167,0.028462938907998,0.00725365141078603,0.032329649187081,0.0140194818245425,0.109062273776242,0.0189226162599457,0.196891308149101,0.025136916106201,0.077549181434716,0.0868501927692563,0.0123378991057099,0.00460153577371968,0.0559922414060134,0.0110956312858252,0.00100670144607132,0.00409242228715938,0.00479263223591973
0.0211735544877903,0.000405496961539035,0.00394730799477994,0.0244378754852858,0.0296375128110216,0.0201187809432744,0.0216342847331195,0.0179599765986992,0.181929083735811,0.00976767351171317,0.00449877487618863,0.0199904758095919,0.00330737821786984,0.00337963983748812,0.00648770760127391,0.030259844797176,0.0319145839120642,0.00328520317384243,0.00785485599409115,0.0554988227354634,0.0195150398549801,0.036303278983723,0.353227153409236,0.0360902244657021,0.00285911987136495,0.00292831337933518,0.000395675167031148,0.0141795526365136,0.0132351916697631,0.00465507774476158,0.0046239285565996,0.0144986100429069
0.00272053510010105,0.000532725686156892,0.00295562941279406,0.0400335489763281,0.033479518864046,0.0124066565201415,0.0469136447254573,0.0518998183360368,0.00905007653591496,0.0092147740267508,0.0108251797635628,0.0634925965276216,0.00839750107497016,0.00181755242436799,0.00459317533614405,0.00378838165675419,0.00665011230010021,0.0015773729973348,0.00869712532245062,0.0149455472304338,0.00237984156865891,0.0094350683838988,0.00596012756489473,0.511374495276957,0.0298651902790914,0.00915413744675633,0.00898572205526562,0.0139938485385944,0.00294352807338944,0.0143785743482145,0.0569568682193721,0.000581125427439801
0.00251078308783547,0.00114987551645923,0.000119379869864146,0.0338867864555854,0.0317303513480014,0.00226045683236745,0.137087751391528,0.074459431368536,0.015336134003569,0.00563274842459893,0.00510173170965391,0.118144043495939,0.00367852951060522,0.00343025401737413,0.00228181266508141,0.0338113503786067,0.0055105935471584,6.61168555469564e-05,0.00443292713591864,0.0273009468336023,0.0141785282550323,0.0029820373403093,0.00753131266604076,0.0788069521751096,0.265929155211258,0.00426995706771473,0.00302985694438061,0.0598249304010145,0.0491738767186812,0.000957291244038109,0.0044922111862315,0.000891886342357407
0.000891674428299092,0.000925829264022681,0.00109377899686812,0.0334592725341503,0.0440534750184422,0.00450082989349751,0.0943309025060474,0.0456490350538938,0.0270921518868126,0.00568437951540922,0.00581774792476049,0.0252351025080837,0.00629652358362484,0.00335116959413578,0.00140938128086578,0.00353511414480639,0.00337586560480717,0.00494286940384972,0.00242739744553489,0.0529296813205588,0.0214817246587621,0.00501663254326205,0.00966100963156935,0.0199291955106351,0.00220362724336921,0.525320159063357,0.0122482552657798,0.00445291515042154,0.00606377231230954,0.0114082807486869,0.0141359888924848,0.00107625707089222
0.00258949659957442,0.000505894292795068,0.0013353520620052,0.0297985406888285,0.0745552421759223,0.000502145153612604,0.0435175434918753,0.023001662924511,0.0411222387474258,0.00270542067746285,0.00240109856620158,0.0350337400599537,0.00226217938973024,0.00219020680876016,0.00055872989153361,0.0123815099589673,0.00185045977474087,0.000156813566038435,7.31077286045372e-05,0.0506708128197538,0.0242129139363456,0.00478080635052096,0.0116513039850758,0.0219077854690002,0.0223434308531076,0.109975968563261,0.435695619536592,0.0166031090459008,0.0134980809641969,0.000121423747967896,0.00640998829803755,0.00558737387169687
0.0105086198689649,0.00140143803504592,0.00224953184278072,0.0476775810906652,0.0314432603648731,0.00829467347455889,0.0270504920654908,0.0292253491830465,0.00532579567246743,0.00203062467708244,0.00486762294774203,0.0873227770492192,0.0534795997170808,4.00688560130626e-06,0.00236759794842471,0.0132213180351424,0.00475686739425171,0.000948671318233469,0.00681147519173476,0.0218141235947883,0.00265663565155583,0.00860037603829528,0.0172241384282075,0.0139984381770019,0.00518404720035693,0.0393222489527878,0.0182942968415865,0.405680942691176,0.0448668117794047,0.0474943379772891,0.0287862198087587,0.00709008009638466
0.00672598726975187,0.00041983342001784,0.00025342725123948,0.00383408015969367,0.15312604278421,0.0115628442078271,0.0730769666533634,0.00687946240555221,0.0872819800540343,0.0019756193805713,0.00147457565605536,0.00608528375846142,3.30123924990373e-05,0.00407927708112278,0.000785091095680869,0.00930371974919929,0.00112510945784479,0.00144377874897856,0.00707756646382701,0.012396190830352,0.00978222743360722,0.00125935991729946,0.00436649625164429,0.0118924049846963,0.0323726070284138,0.0272543293461212,0.0826948733818246,0.015785255243117,0.326916643516153,0.0231723789846086,0.0680836821603989,0.00747989293183291
0.00662165676853901,0.00191830264832616,0.00287945286100964,0.0709054476004965,0.0138941182546543,0.0116597080990878,0.0372152187920497,0.0204590952011953,0.0138861618369513,0.0111400976225362,0.0247959245840606,0.0171178417787392,0.00214458119180965,0.00419849307162195,0.00348852391532434,0.00912975417153732,0.00381114779619429,0.00593716379513122,0.00082493607349236,0.0297533912695552,0.000332093688051938,3.02124477255029e-05,0.00021692493584,0.0373873423959134,0.00273204825144878,0.0273427863994341,0.00122218442693633,0.00304495838144756,0.021399450769121,0.602389299751159,0.00970601698233882,0.00241566423827157
0.00688673440544147,0.00107716397171287,0.00121931175005956,0.0242103813300568,0.108086634022378,0.0043348455400332,0.0972991501433665,0.000138048811493167,0.0409281336993583,0.00308752627531468,0.0086303622848282,0.00235320569735955,0.00387852721129002,0.00942996932065993,0.00087309433253712,0.0150793706842159,0.00386336724482368,0.00133644596240719,0.0036984653858096,0.00362147043502433,0.00298488453073776,0.000868390449524502,0.00606023121036733,0.0180772268089627,0.0152259492793288,0.00401690481721802,0.0152011413499019,0.0162176121031613,0.011864368691878,0.00671389327591453,0.562571347987035,0.000165840987799349
0.00646631353501919,0.00201025066929222,3.2351101160468e-05,0.0351848645404777,0.087865159838508,0.0319722773389163,0.0742841398343855,0.0824153061506242,0.0821640763349984,0.00289880461975638,0.0164030925816492,0.133749308085561,0.00432369619255463,0.00295295212216221,0.000480581012690266,0.00609207107630419,0.0147334679569349,0.00142199040343221,0.000667913664062661,0.0330994866933224,0.0172943863391433,0.00695333691732395,0.00226931555392629,0.068314360737387,0.023242570225762,0.0113463552245487,0.00206653976178035,0.0476619201390268,0.0700397142391889,0.000329485339590202,0.00209963716535656,0.129164274605154
