0.620626046489338,0.00774451901633169,0.00264289500115776,0.046073326423347,0.01242233830033,0.0455962071114042,0.00392232214383302,0.0281454687578499,0.0291710756207813,0.0393399579633405,0.00327940514872588,0.00159696988384012,0.0162147182464353,0.00123140698537871,0.000641231368566392,0.00967306972712935,0.0201369150252993,0.00733930846784107,0.000223552523970855,0.00777174664342016,0.00941717584882493,0.00123052120857229,0.0325854388133098,0.0170717404748276,0.01436235545008,0.00309190687729916,0.000617444892349338,0.000815303145919018,0.010022516447854,0.000471179141933564,0.00569374395612878,0.000828192894581064
0.00618514428278368,0.574787989164937,0.0267660472058281,0.0187909977023123,0.00231524323100185,0.0950533853415399,0.0915173441997481,0.0138452471099047,0.0351322217216342,0.0128630507022824,0.00495867099313639,0.00259857274252138,0.00435083755888728,0.00240228597409587,0.00153228839581245,0.0326753888463943,0.0182538169490324,0.00931673715594246,0.00177803645830727,0.00176226245056402,0.000629465575775139,0.000366191183277256,0.00482226521276668,1.63870946610831e-05,0.0299903861697562,0.000693852988373135,0.000581042676994485,3.13996427797538e-05,0.000383135168688058,0.000590683646726647,0.00138946586291371,0.00362015659062171
0.0170405724992034,0.0124990364788185,0.638061493973818,0.00279805618487752,0.0242842847155967,0.0191495871134311,0.0847321202725431,2.24610597415845e-05,0.0115792171268314,0.00195301443297558,0.0190686205677214,0.0598010297314474,0.00098203854763345,0.000266259449338105,0.00572676033798472,0.0493595968585086,0.000335812289896656,0.00117694681003839,0.00113293290451607,0.00675395906843717,0.00314312160881142,0.00296681933140607,0.000669842636700656,0.00314243742902925,0.00135868614558405,0.00503965087359218,0.010441217963783,0.00335210165424286,0.00327069445249915,0.000237148542105806,0.00579137573536984,0.00386310320351694
0.000119292107152908,0.00206309553696512,0.00777311719927189,0.619552612514073,0.0348035342889455,0.0688299028507132,0.0685293448082331,0.0441323478413355,0.0080683411547035,0.00275539906629757,0.0173589970963719,0.0144661034710064,0.00228421952173942,0.00326872308659191,0.00385208306925614,0.0093104013269113,0.00254082654446399,0.00123380876782128,0.000551223175012457,0.0149735091129622,0.0027884451209656,0.0123096267046604,0.0186698244620115,0.00479137757900063,0.000891076738977805,0.00128938368890186,0.00240752460347552,0.015628731745106,0.0111096011236306,6.09840602672151e-05,0.00347527429258496,0.000111267340589614
0.00476047913522309,4.53709505179983e-06,0.0026823169782144,0.0321160884800464,0.745701564888152,0.000880054723210602,0.0154964850528808,0.00469518015303019,0.0108816175532484,0.00612121447528193,0.0114072150489651,0.00262721598479328,0.000767884466988578,0.00233534806876751,0.00881626986007159,0.0366449367176876,0.00155830630545134,0.00370069517000583,0.0021235656325274,0.0189477005066671,0.0142465467346874,0.00563136828281684,0.00352178467981706,0.0061895828996916,0.006606587342246,0.00960766783267281,0.0123289147378017,0.00968047133631426,0.01445216378597,0.000330074040874092,0.00403500848258354,0.00110115354826011
0.0105010857379239,0.00948176531835967,0.00224777654661907,0.0363723253218225,0.00196847146953026,0.663918070773358,0.027241441104622,0.0283430498858636,0.0283160757996499,0.000479755415305334,0.0157389289223355,0.0113594951707025,0.00201949582665123,0.000560219399551637,0.00398474344558331,0.0628402453673638,0.00323552908038119,0.00198652549888553,0.000303954779999384,0.00217873025651024,0.00491105993076034,0.00284943084557948,0.00417842973633503,0.0106803916650858,0.00535080430877962,0.0173389585377444,0.0109057307128873,0.0052460730501182,0.00669855428259557,0.00185748828279674,0.0162215999218055,0.000683793604492921
0.0231634229683928,0.00448029627054848,0.00366038329784758,0.0681019774136974,0.016691331518317,0.0104372430317206,0.702866416041864,0.00502051302051152,0.00015502031772853,0.0117488324516712,0.0175957729093719,0.0136605290718758,0.00613846100929708,1.23430354037554e-05,0.00898028344463526,0.0105009275616089,0.00149494910061529,0.00676141939317859,0.00177890446293991,0.00684872256670865,0.00971004442513513,0.0027339928645752,0.00475935400814568,0.00431277113742235,0.0164449360893111,0.00808354627919168,0.00587606218668289,0.00235751254555474,0.00652364742065379,0.00148092981465286,0.0151508281283998,0.00246862621234024
6.30119406492134e-05,0.000429107984729204,0.00775747394580798,0.0128664320174,0.079644346617227,0.084537153043361,0.00511842921355915,0.656028915108798,0.0171596198615571,0.00521374741861957,0.00717791395625853,0.0138803140746737,0.00854334214062822,0.00619533392884955,0.0069036234142056,0.00218570927829495,0.000960051584283216,0.000609873611662927,0.000508309963699345,0.00955731931843131,0.00018053858526317,0.00664769869222276,0.0243354783521671,0.0194245995539933,0.00264898339413829,0.00321945760726122,0.00696491291516078,0.000627274649071171,0.00669895444511767,0.000442121501544578,0.000990179773095082,0.00247977210826873
0.00374580607533451,0.00932301845434615,0.00709295124736851,0.023839454788665,0.0213897505164025,0.104620567588597,0.169781263060109,0.000369136272403565,0.431222310853386,0.012118464841864,0.0152383211882551,0.0196919819855478,0.00980890496586175,0.00176545620445838,0.0015207092303269,0.0817025479761981,0.00384246786419483,0.0105331029401453,0.00315344967510252,0.0057728775502848,0.00724019680984939,0.0058738522671902,0.00590169768084786,0.00786146077515658,0.00801283765535436,0.0058242748063373,0.00911544223770422,0.00142933863619665,0.00618355798006235,0.000347723417264968,0.00172784771079341,0.00394922674439183
0.00261027127177931,0.000801548058715489,0.00486536041400506,0.0766082566893437,0.00596066133443838,0.023241472783769,0.0404541059968493,0.00259891935242619,0.0619010598374903,0.513369896236561,0.00559370671474418,0.115357321529809,0.00405289786618108,0.000764616687548678,0.0159261612950742,0.0466309093846512,0.000271780090027255,0.00343459538336147,0.000130258494236138,0.00657567246406208,0.000574386291232054,0.000960484278381879,0.00390840975594078,0.00187557523359062,0.002188925925551,0.00168031705705589,0.00295423639588987,0.00874172618610255,0.0417950978669569,0.00186233965855713,0.00185867488610902,0.000450354579559263
0.000236765771891244,0.00347250366106001,0.00356344175660807,0.0578995766351114,0.0974516568003051,0.00334987581014519,0.0334234917853071,0.0852450820938302,0.0452234147675074,0.0130606180056031,0.457281468170483,0.0204994811037232,0.0027491670104367,0.000790103933396147,0.0149871763702363,0.033555917576707,0.00145194568119585,0.00246060595809975,0.00204326152747076,0.00711391830507799,0.00599723167837528,0.000750730934746684,0.00295158031538114,0.0121493478753494,0.000245469841730261,0.0386637425145744,0.0198875218847543,0.000518941425034054,0.0230182151936157,0.00687854300598076,0.00303703443643263,4.21681698300178e-05
0.00108456827263369,0.00147071975009261,0.00170227592950505,0.0103802851343037,0.0196045192348976,0.00490388418138202,0.0179355753372345,0.00388170725062132,0.000209051489346545,0.0109764894273025,0.00945860932916355,0.73186278466406,0.0173586048959423,0.000570903920938859,0.00719841609705586,0.00424291900368953,0.00105520233766272,0.00144452082176598,0.00419364300218386,0.00479758700858932,0.00156374506760948,0.00486192959843384,0.00917675537370124,0.0279101882152025,0.00247435270403827,0.0218596805944461,0.00487648547283188,0.000336588308061909,0.061867132731922,0.00837365110132553,0.0019762978901654,0.000390925853890123
0.0011188566710779,0.00202481132705766,0.00253118371923324,0.0245777618402219,0.0526404385463382,0.0254931425569102,0.00333650303169415,0.0228797339728136,0.0297328491951875,0.00739735352006327,0.0106734201077272,0.0126438796527416,0.489393305649535,0.0071954514682787,0.0279121268525709,0.019653731000045,0.000651730330601443,0.0104512541079136,0.00032567566467198,0.0413164391244115,0.0242555644194385,0.0216430914376145,0.024255029746965,0.0125850632612489,0.00395434652466925,0.0112903210707909,0.0226476516327563,0.0579904993072068,0.0138696391264822,0.00368074290509187,0.00268562916379212,0.0091927730648485
5.44086900184311e-05,0.000366587069093828,0.000434702767924286,0.019753403451963,0.0328952098963113,0.0379234218022474,0.101303004241872,0.00730375112301522,0.0231812502170093,0.00272676579566304,0.00145266501537039,0.0159943472981395,0.0106278743100155,0.593636979123646,0.0318728556949152,0.0619843811258462,0.000756686441543623,0.00288310197372916,0.000487760670128709,0.000932244599386894,0.00419870800699837,0.00159927407579894,0.00113939989651525,0.00859425189255345,0.00972146109031695,0.0141606120925261,0.00321214042046091,0.00411095062209653,0.00289259647196263,0.00255204321210519,0.000753373976252098,0.000493786934575036
0.00107541525171913,0.00513465530983507,0.00376232883706787,0.000379580946802091,0.00563879562264126,0.0218604439821347,0.0221105109741158,0.00893368729500818,0.00831385875062528,0.00069476028788813,0.0170292563144824,0.0512851998762544,0.0140413075222577,0.0047684538993567,0.706272985459553,0.0012768541078177,0.00085102968471529,0.00748619318624029,0.000321083173619539,0.00385036015691246,0.00989009503228327,0.00330539923516031,0.00728143062133367,0.0221066563206809,0.00526777396579896,0.011039521616026,0.003282632050396,0.0230991968429793,0.0191288761865208,0.00544242324178842,0.00276624796805729,0.00230298627992778
0.0187148248544482,0.0352194405451779,0.0133689936690822,0.0182974305326401,0.0235877139944233,0.121706579750967,0.315938749971961,0.00184816838567507,0.0700968580324553,0.00947696439516943,0.00710772369677893,0.00867348120384343,0.00247766053973381,0.0020446335903736,0.00207128630892818,0.23887646586621,0.0133396569957605,0.00548732974199312,0.00469981630946931,0.00617524645347093,0.00392665833443993,0.00364379427047715,0.00587697117859612,0.00619377757657843,0.0300442605005011,0.00836737650638374,0.0125984827717472,0.00101086761474395,0.0023461056758659,0.0005528364322132,0.00380702054410136,0.0024228237557905
0.0269892467037923,0.00857661318721503,0.00330483961082219,0.0116756049502952,0.00770625584836831,0.0125354031725296,0.00629593346953851,0.0118695538355206,0.00992919150184555,0.0049648596741611,0.000443849462993507,0.000791202364993732,0.00404577340512365,0.000310147153622531,0.00137815396766896,0.0157367130437572,0.767336690216799,0.0323633312024068,0.00016405046800337,0.00428582682866019,0.00464324070596946,0.00342597657654994,0.0208431881262677,0.0131911880540193,0.00319164493815012,0.0104368143816239,1.67633662926307e-05,0.000262506725985137,0.00684736961024327,7.51889835527589e-05,0.000747535126479986,0.00561534333674869
0.00403139020675274,0.000821109611031675,0.00310924787533854,0.00298941214884506,0.0294752212112849,0.0245000708683564,0.0285492557877554,0.000723431532199955,0.0474728570787909,0.00126308214434497,0.00998012340849304,0.0313373385843517,0.00542387270437407,0.0019901934436391,0.00623248027369737,0.096559412795313,0.00229562740769085,0.607848526434746,0.00257466708222437,0.0169425188053779,0.00359738833165672,0.0238126041343603,0.00486660705847458,0.0135115988785699,0.00455769869790882,0.000252610213787256,0.00188909736605929,0.00226786171927574,0.00824166273971338,0.000816360020269802,0.00626700216541715,0.00579966926989908
0.00444649276680403,0.000380502557885036,0.0023096733311379,0.00725038814876089,0.0329368412873775,0.00622085326625377,0.00805553264057548,0.00481436338709482,0.0115060021037413,0.00802482170696231,0.029288031589479,0.123655351862104,0.010966522626584,0.00255912588932085,0.00378127149176357,0.0328299338988083,0.000730910749956193,0.00342520221449632,0.577185768110384,0.00272099857587667,0.00291467976352857,0.0145898188538186,0.000857019177622445,0.0265197520017891,0.000729395992458965,0.00829034821765062,0.0139185889288453,0.00228915261890652,0.0471169481025302,0.00748025633533244,0.00165845202360151,0.000546999778549966
0.000573764175990571,0.00206670462179464,9.06906479965763e-05,0.00453408688419321,0.0520162244587409,0.00544054405507012,0.00924292942205435,0.000357302822985108,0.0531404508114982,0.00556718676243913,0.0217287080693687,0.0659528640647247,0.00350840270724054,0.000896436402060154,5.87148303314302e-05,0.0550650482752008,0.00336244689735683,0.00254312742800809,0.0230686586779556,0.461813452502811,0.0157819447846202,0.00649310361835722,0.000294979519800398,0.0154145779770541,0.00265087010345216,0.0521492009251511,0.0566862182124895,0.000257988824220053,0.0629696374855189,0.00500513353078688,0.00936315650039963,0.00190544400032923
0.000441971917824689,0.00226279524620064,6.21900761239014e-05,0.00556510739970792,0.0161315333733094,0.0165299923873707,0.00867010524570846,0.00322123565291686,0.00559344053796859,0.00573640701062177,0.021426549066351,0.0845481853829795,0.00681331783003914,0.000136937463765547,0.00111145773521537,0.00301923602614782,0.00235627392442466,0.00692996021470204,0.00236200665008859,0.00101033206801788,0.604784279521012,0.00202993513588281,0.00670095641242115,0.0293655149148307,0.00750612157393308,0.011810954413587,0.0328048979284061,0.00353820979277199,0.0696200118122363,0.00111591681910451,0.0230422109469089,0.0137519555194204
0.00183274108745479,0.00218846709698419,3.93440425084175e-05,0.0118351180772008,0.00363321473250814,0.0203644212752556,0.0106086597741701,0.000741006464547807,0.169467332535304,0.00313739800129243,0.00545164542640082,0.0118758092172951,0.00314910524422556,0.00236933660805077,0.00102369552573349,0.119303599686074,0.00253373315871354,0.00526387557223325,0.0124069057619044,0.00708362980654362,0.0120034060696399,0.492550216167156,0.0262489996121959,0.053553170124826,8.03361739885057e-05,0.00256936147754632,0.00183810189378291,0.00275981174617783,0.00687842695610554,0.00472335043177509,0.00203706205594126,0.000448718196464048
0.00473249289658119,0.0147931382364755,0.000600653729427037,0.00639254555865195,0.0311907717892229,0.0211059721567148,0.0120962710554276,7.79444935475753e-05,0.0307634833224643,0.00473104096669799,0.0131978521732272,0.0352293469355522,0.0059838403124834,0.00161098358204388,0.000323252840972597,0.0287405419391139,0.00996924501612936,0.00102130341837685,0.0080643538498247,0.0085226550428726,0.00672245472136525,0.00294727351656139,0.60881051347022,0.0238277008987657,0.0016453250335115,0.0325007771707108,0.0375840613361381,0.00348473588794772,0.030129640265277,0.0101405704291048,0.00293783259311435,0.000121425361475521
0.00127762067984292,0.00276463692089552,0.000640236622264785,0.00267957356165698,0.0190459085434882,0.00152716849605339,0.00841808218373615,0.00112626637945762,0.0356397641905382,0.00494759228988561,0.00943063954653766,0.0534451301780533,0.00265785382361988,0.00042601806265152,0.00160332445019318,0.014476245801934,0.00181779821090877,0.00349476638992516,0.00872021048616851,0.0177356602732714,0.0536666514446278,0.00611969429025934,0.0559652415256771,0.498170759931235,0.0157256252973596,0.0380534447848068,0.0404031771471525,0.00951456275488167,0.0586576790383336,0.0010774943125598,0.0261924354825171,0.00457873689950698
0.0192015955468174,0.0421223222759456,0.000907086085329937,0.0272420253524038,0.0408547364702785,0.00835341719487735,0.00364074144705723,0.0111191098362584,0.167435478164621,0.0135784381658638,0.0259076801336509,0.032014578922775,0.0109013120292193,0.000489794939886657,0.000355992750893385,0.0880522510959583,0.025038343435883,0.0171970560790885,0.000889737058393357,0.0195498517669608,0.00317396134211361,0.00601106033921045,0.000577827792791543,0.00393574240724088,0.383342631681142,0.00222423969435776,0.00657733295431361,0.00500892184820109,0.0246918168897851,0.00125337410183503,0.000248382839160198,0.00810315935768688
0.000102554355233757,0.00209407705696187,0.000545863776777682,0.00152893728856876,0.0224335907694735,0.00779142883789724,0.0125515339459577,0.00591140143508079,0.00570419974716992,0.0018594136848102,0.00184797113642227,0.0237055664650185,2.72537981292417e-06,0.00072881913013796,0.00448206776011189,0.0098083067666719,0.00200506982241528,0.00451204458419733,0.0128811134684166,0.00814005549211437,0.021950600647605,0.00182832650881537,0.00587168299068211,0.00710409505228489,0.00906265871363625,0.713414370147655,0.0539451217231687,0.014767848871336,0.00491549867245364,0.00336031340654551,0.0330426089780309,0.00210013338453631
0.000159222263770554,0.00223610940936303,0.000129140856702592,0.00254397508028984,0.0225077594540096,0.0233774991690948,0.0286196922307252,0.00286825930527267,0.0156822498592455,0.00318768703476908,0.00354427327586311,0.021250110533578,0.00251353076628111,0.000386937230947124,0.0024437747136487,0.0300317104368392,0.000902563908539426,0.0043994465412426,0.0287065186603225,0.000566426398989162,0.0535563556562436,0.00832067655770518,0.0749007787006462,0.0771058115186242,0.0214248156882399,0.107560445952809,0.41840530279395,0.0188790386120186,0.0011512396184313,0.00118549575705247,0.0201708941385705,0.00128225787621529
0.000364806652569042,0.00192248036055922,0.00129193381216299,0.0173588444529803,0.0212422424161205,0.000642012757614914,0.0184080005778344,0.00923715648331813,0.00767169790068504,0.00790445028132536,0.00722719093366066,0.172052818689741,0.019868394495031,0.00436257855782694,0.0445093618686917,0.00927149141437235,0.0027805851731148,0.00216812453730603,0.00994301111202523,0.00119208788172875,0.00123483003846335,0.00603043990945913,0.00472707550957057,0.0301965653435929,0.00403301628698641,0.0438498207213751,0.0106726045519891,0.414202491828645,0.0978736713577395,0.0238332663015637,0.00194274468406246,0.00198420310788465
0.00438499069367166,0.000347982176707344,0.000468942521955416,0.00204319080725895,0.0297258136541649,0.0105838560831442,0.00616642227557112,0.00343413586608266,0.0166397316902376,0.000858807334846159,0.00523150208075392,0.0075666473564729,0.00204090560346668,0.000295225747984799,0.00259218534591003,0.00193587306422967,0.000372932597767347,0.00556509800896954,0.00598422542191277,0.0542040949809334,0.0055742118648234,0.00648080005338127,0.00537710615134214,0.0460276870377604,0.00110176883142515,0.0529702864924666,0.0535759577717556,0.0160918956110542,0.647865400824831,0.00116137554333063,0.000286299107022413,0.00304464739876599
0.00198234305389395,0.00130959174333363,0.0025556062557877,0.00946310230433559,0.0243163077081454,0.00345021288103844,0.0146646005911688,0.00217742145333973,0.00470545885243907,0.00575595554356275,0.00458561472849903,0.00411290457299025,0.000743853163837374,3.34084942970791e-05,0.000485054613508452,0.0161773421287413,0.000779623406999984,0.0037926950201236,0.00254357804244887,0.0140586751014584,0.000450045970732695,0.00374719753383469,0.0015336594475141,0.00278570237225835,0.000477537034833841,0.0206324899451884,0.00513405585077077,0.00469216300510604,0.00137018951761248,0.81246995864408,0.0288226152157856,0.000191035802333933
0.00446122869431089,0.000422089874402929,0.000445734177887665,0.00313487482070244,0.0374538143642983,0.0148198347235227,0.0322610016001253,0.00062861473746945,0.00258450656439443,0.00467963766712147,0.00608913446845611,0.0250489264861135,0.00326679431196475,0.000651815689685977,0.00766588060013414,0.0082626042883329,8.64792143921792e-05,0.00597461409043199,0.00049775298843154,0.00983082688235043,0.022331443039358,0.00243530501014955,0.00439232940357246,0.0558966153518498,0.00106543666680168,0.0413792324568988,0.0078645770362299,0.0061369529599906,0.00145239142418983,0.00348408617044388,0.684833734048008,0.000461730187978917
0.0230883707545882,0.0333239024077752,0.00610456953000738,0.000911769385538508,0.032778268181175,0.0127226282853363,0.0045913618558626,0.00534834882829019,0.00986118881891938,0.00118622160505308,0.000207797691809542,0.00681996073534238,0.00277291855823325,0.000317156844408713,0.00456470323829116,0.0194193961184057,0.0152040074892435,0.0293920031154458,0.00619779627868703,0.0224876838884668,0.0238665542341281,0.00777198725020873,0.0420741814288247,0.00247587419705141,0.0322093521321676,0.011045579322212,0.00657222259527216,0.00339662794605435,0.00923396866138998,0.00166444755407914,0.00288497145658129,0.619504179611151
