0.619114086331066,0.0339954623576306,0.0123995729129707,0.0043142139040078,0.00731432828708656,0.00366499218260598,0.0165387115437531,0.00618728577153696,0.0939656760177366,0.00272910679187799,0.00256712316510952,0.00204072170972803,0.00115819509548522,0.00207797378926191,0.00170439090983506,0.0297942874650277,0.0411811263262128,0.0113444467024534,0.00388264877891503,0.00928455282044282,0.00495924364570919,0.000964252935155596,0.0272755130377173,0.0026654800986198,0.0164802516051612,0.00497598946945893,0.00208333080282516,0.00549343130473969,0.0035263103742929,0.0001476430736201,0.0145426381540104,0.0116270126359462
0.00690627054462628,0.707859366582999,0.00595929327703828,0.00423002109323985,0.0130269480833246,0.00347329048774043,0.0420901510172947,0.000996075028144548,0.0251917217236814,0.00169708188802963,0.00492883960178801,0.00120637990014324,0.00163682381548728,0.00012429857014339,0.000262826784690706,0.0137195051093694,0.0545630528488662,0.0122993151837575,0.0082493542480076,0.0160240130377903,0.000364600421730752,0.000647124948884171,0.00773963144683668,0.0110825631030136,0.030072508089786,0.00958091788351486,0.00272478790029348,0.000165028082428137,0.000787963995675465,0.00261250996751578,0.000857363171405733,0.00892037216275298
0.000971568417910184,0.0480168546136154,0.69800791819328,0.000149072664695515,0.00868967308343703,0.0150893438750096,0.0276887066547495,0.0119346298100015,0.00334552682285168,0.0100993559475673,0.00668913543183107,0.0400527340158339,0.0167721684844453,0.0072468137705315,0.024258280120184,0.0165488715277102,0.00409453509070898,0.00170046458127122,0.000491268337262872,0.00358730052430056,0.015170424899904,0.00273396968397392,0.00107551407738744,0.00634759730226876,0.00267838785638793,0.00241496224915024,0.00051073905249188,0.00644638838992561,0.0144153825284318,0.00105073142658134,0.000862419681662179,0.000859260884636936
0.000833293852820159,0.000469504397738934,0.00548663419212647,0.546135544787987,0.159604127004743,0.0336514655609956,0.00897416914471202,0.00856600081249848,0.00110622185582418,0.0159359130838655,0.00361237852045965,0.0567404955884085,0.00689731747320786,0.00235795701938101,0.00601382076139911,0.0335061196109191,2.78083307524937e-05,0.00200744144845482,0.00050728204874767,0.00147752820122293,0.0339105066501026,0.000849487405567326,0.00292639589301534,0.00965453787036507,0.0234961773669761,0.00035903693184361,0.00707084476863524,0.000550143340979142,0.024301763953146,0.000690855468306086,0.00113866609211882,0.0011405605626801
0.00502420289026,0.00308067161125617,0.0122489179226455,0.0415352605333111,0.730952739068707,0.0158650541837181,0.0199484532159849,0.00471966281189413,0.0122685440749166,0.00711157762695363,0.00470956089562749,0.0308727897510951,0.00536363802039272,0.00100238029469271,0.00331389740957237,0.0327891117956393,0.00500977131525049,0.000552327464047608,0.000943529685852461,0.00454680889979373,0.00675163149262333,0.00855845916648069,0.00149735807186564,0.00663066915218833,0.0164981165552897,0.00205286606190123,0.00309673716769037,0.00355253612119488,0.00435947187230809,0.000860595292426348,0.00193165959544003,0.00235099997898033
0.00264931549020953,0.028024860611888,0.0188447997886143,0.078871318282874,0.023523929987495,0.384106454549592,0.0806838205763852,0.0534504704033137,0.0431957504956626,0.0144533321732968,0.0205558229656781,0.0483753989126059,0.00484107909483806,0.000711526254630986,0.00595791869110532,0.0967855300347824,0.00323415476068525,0.00110483398612299,0.00248725640000055,0.00999083925287595,0.00141681162530429,0.0123745255650732,0.0142842095117869,0.000707319386780988,0.0118487656613273,0.0111728454405421,0.00961229860884949,0.00786168251345616,0.00450477220860522,0.00117070881952882,0.00100360967990307,0.00219403826618561
0.0094893428024226,0.00154329390193893,0.00975138803737126,0.0763844694193139,0.0186134539968449,0.0391645027607143,0.609638551624406,0.0145886749938791,0.00833568492693345,0.0235638646422241,0.0187174171762496,0.0481907214549709,0.00336140315282365,0.000422087399185552,0.00561739990631664,0.00693250429790228,0.00439290280161053,0.00434037590070631,0.00209462452549233,0.0140672972045214,0.0041109676504023,0.00506115639004699,0.0225836584386001,0.00720687038062231,0.020140037470514,0.00395064931940428,0.00278745869576408,0.00395672041306307,0.00891481337305053,0.000391199683590873,0.00036202501650757,0.00132448224260648
0.00104529810124882,0.000229309802149249,0.00360489872653056,0.0786091499595188,0.263075558404628,0.020204553808319,0.086697299552643,0.269730021705882,0.00275439715689551,0.0189397785319739,0.00239932611468898,0.0556209768648574,0.0143916881301843,0.00188144737773703,0.0119737537465632,0.0597034777817558,0.000795199073188106,0.00452005624823581,0.000112260275930374,0.00103493638159747,0.0168005119897581,0.00118638186650282,0.00116963376361163,0.00662139967204378,0.0480177992654221,7.19490894510337e-05,0.00452875166853938,0.000311564273705474,0.0170828116547183,0.0004097429132972,0.00204807162109778,0.00442799447732421
0.00132986054118205,0.00459493659808638,0.00786405192618569,0.0182774308725922,0.0221228594129231,0.0134472117624898,0.036299548878033,0.00185509886050827,0.600524406641764,0.0128035287388096,0.0205209470096966,0.0379717997060619,0.00206363704865546,0.000191004475858428,0.00288743560092188,0.0649143071468226,0.00481599922201341,0.0175108290634859,0.00210649173305762,0.0253406986484367,0.0101550750624275,0.00059210444843553,0.0309408035395917,0.010298996829464,0.0141189694913161,0.00476874350177354,0.000549071341309679,0.00225744204474723,0.0138811334516472,6.73475175482349e-05,0.00120383960276024,0.0137243892813939
0.00216080673583504,0.00354270868397322,0.00180660162661142,0.0732025221463876,0.0201588827205169,0.0106366717044471,0.00987566536547896,0.00266212959566049,0.0185673385598825,0.580447827331107,0.00354758872786197,0.135108575887738,0.00122777367776293,9.46548502758254e-05,0.0122192347109007,0.00601264416442912,0.000611528915593277,0.0012662198218207,0.00187056396655196,0.0202132932543326,0.0177633415911374,0.000371919066440101,0.0108218993252259,0.00230988655539608,0.0188438756735356,0.00578721603619285,0.00225549223963051,0.000282471407209485,0.0265250702428487,0.00170255065924748,0.00587993078670633,0.00222311396926217
0.000969750615312108,0.00151110146108797,0.00200212977272914,0.00709883753361782,0.0579921563650698,0.0197212381087767,0.00930941602025909,0.0339692932404677,0.0515744500663052,0.00821168461339041,0.625104537982909,0.0237386906335445,0.00248138959474067,0.00395854519004482,0.00535902160906837,0.0178914598859163,0.0029561365601546,0.00159054468803496,0.00133237446380593,0.0055441666392997,0.00994884471594159,0.00126382493164795,0.00693574508723731,0.000393759791089713,0.0136720140664465,0.0166810945533467,0.0026475124789729,0.028573931124616,0.0281204218031757,1.60352496062965e-05,0.00357774676661138,0.0058521443867726
0.00350328241626706,0.0071802927105345,0.000294909301020883,0.0182037837416356,0.0151519647879898,0.0161512033391844,0.0125392314136542,0.0133339185954217,0.00334830685217008,0.0197244422975969,0.00959116605398135,0.796256382101517,0.00089272185519007,0.000845959534969064,0.000348701214761444,0.00226516664349365,0.00788186030879257,0.00182578741056818,0.0012767176741726,0.000556539280637922,0.00141925725621258,0.00199866884134776,0.00243803005332,0.000125219130426076,0.00415792903139234,0.00971871092227874,0.00273688324716943,0.00213909920775315,0.0257138138835166,0.00479791378332893,0.0111529374302593,0.00242919967943582
6.678327083224e-05,0.00364740939644024,0.0167218713940643,0.049181999633242,0.101053878899912,0.028759319250127,0.0219114465146282,0.00286567608738518,0.000984010035068173,0.0694731039868081,0.00533040544767042,0.0249414997953219,0.459686950594312,0.0022862904507393,0.0311070541307585,0.0122109626168945,0.00129119575217419,0.00582665193681198,0.000248727494900002,0.0230693278517577,0.00256611455977138,0.00297430217156672,0.0208726846509984,0.00500421645165537,0.010580510520473,0.00687246528379264,0.00565983375799908,0.0584678839352099,0.014685259420645,0.000674277989783608,0.00816158506927689,0.00281630164898052
0.000486349149515177,0.000402189046675823,0.0087618155634088,0.0369574174009354,0.0329984585331703,0.0379645873347387,0.00318994084063775,0.00225443682340394,0.000716677365685232,0.00123662083587825,0.000160226149395885,0.0277889430109307,0.0188583259564325,0.707032033132928,0.0391218317928737,0.00276850670809674,0.00159086016101325,0.00140090143374961,0.00045717565165743,0.0020916167644271,0.00581639154523264,0.00526328990376413,7.75913156785407e-05,0.0132548987376715,0.0114080999246525,0.00578554534515578,0.000350024909733446,0.00247621554857922,0.00533199299424353,0.00332812189892141,0.0171813314730572,0.00348758274775623
0.00089629367830631,0.00260103041469471,0.000463343670109267,0.00971421701079409,0.0307456832164239,0.0235136902881948,0.0015936804295793,0.000234794904402846,0.00474448389505675,0.0232228207623578,0.00356022441793456,0.00958545389706307,0.0302721610486144,0.00249286370998751,0.755119124239787,0.00718584138702792,0.00156626114203964,0.00123185229508659,0.0084732577592214,0.00246662061116703,0.00432622593928095,0.00126985542128363,0.000804483919909748,0.00911855593319507,0.0033527573001163,0.0087329233739578,0.00237638186944631,0.0381864259475272,0.0034390718586436,0.00107591679799181,0.007347127019452,0.000286575841346972
0.0205263890035511,0.0327138222686993,0.00927276249008618,0.00887241476869433,0.044132997181562,0.00354796321568504,0.115800287100929,0.00964791198075048,0.0966432438446621,0.0117823349961391,0.0124099361408788,0.0304511630411198,0.000662617591153277,0.00059736836499556,0.00506654541085038,0.400913209486943,0.00802129981880232,0.0147329690978352,0.00363038248460499,0.03512313698233,0.00926230044435619,0.000813187575956749,0.031534083249709,0.0162336123254798,0.0285386328764199,0.00553493754605428,0.00118628013152003,0.000285206433162143,0.0238735184381536,0.00110344979726607,0.00310207931129533,0.0139839566003544
0.0317497592310009,0.00665325483922048,0.0100847380313744,0.00182506708504599,0.00535895619311189,0.0108755156913791,0.0314737087999997,0.000368000916976824,0.0132274724500227,0.000815031536700845,0.000500666423707177,0.00184358161065412,0.00191061544001223,0.00168385308063264,0.00200106099930477,0.044009055589701,0.754294452728542,0.018495297503676,0.000318035393168977,0.00242079844938921,0.00402222312844447,0.00887703453803476,0.010825846010495,0.00223638012253212,0.0186325488037003,0.00365441581939423,0.000929651923814764,0.000622715483358337,0.000526489142143124,0.000764799694562857,0.00256024710104002,0.00643872623885918
0.00304507632140481,0.00335062897811037,0.000426708736104494,0.00034371864299277,0.0142355023620591,0.0274201888828847,0.018242562904315,0.00241067207098048,0.0456346413467522,0.000247377883840969,0.00309692038720891,0.00182740992280772,0.000265151427117027,0.000144341790826191,0.000255223390593474,0.042955645356342,0.00127100532100819,0.740944544805002,0.00259025297354197,0.00437029771837157,0.00852210439223043,0.013790161336652,0.016601994793545,0.0185096087814201,0.00459475406514449,0.00205494779602252,0.000651078616785458,0.00516462561251258,0.00347224642709283,0.000943386065490773,0.000707533886088557,0.0119096870047513
0.00197303594073456,0.00168292581467853,0.00272012086794262,0.020205445985885,0.0297440944478405,0.00939378374381727,0.00438211325103172,0.00241111421830839,0.0239170722914815,0.00893938634000468,0.00173486762739935,0.00441208343994886,0.00250843313723465,0.00128065779950142,0.00153695797232898,0.0321349214368396,0.00148829316363278,0.00114640280837985,0.742613918745529,0.0182400600538438,0.000146613508519306,0.0213498854391363,0.00315731308038419,0.0178327641038437,0.00578795563668367,0.00661695777651277,0.00470620369807988,0.00376659487290987,0.00289883470409012,0.0139847668318205,0.00632048329338247,0.000965937968274172
0.000410054496308913,0.00336703005601163,0.000338613909987045,0.00842306771040198,0.0236605447399141,0.00648794464285149,0.00189225590873629,0.00270340837087832,0.021058758310921,0.00472676623934271,0.0107961687568563,0.0531518559340712,0.000798549145916277,0.00348782825676228,0.0010534293418382,0.0254895514521202,0.00219704825080832,0.00274423372798371,0.0114168547919163,0.668525259807473,0.0136638470960946,0.00477672325524276,0.00123270202588647,0.054930447503703,0.00355624212152812,0.0240870633841707,0.00303161370445708,3.91639893883839e-05,0.0338379882725365,0.0050299398753472,0.00195400392267951,0.00113104099786688
0.000837716972243443,0.000649958384567074,0.00204660445289014,0.002074487546035,0.00276637145234293,0.00218186915401385,0.00921214017089129,0.00100309041708005,0.0173287594745255,0.0049603128378461,0.0126250903305986,0.0277832469844173,0.000938852466660901,0.000502663694390613,0.000697921180807983,0.0152595452010817,0.00102285705857058,0.00378111885410437,0.000225509286070248,0.0256358917702191,0.767893068069196,0.00927607613734685,0.0177549846935505,0.00955756578473828,0.00569571540013456,0.0119234142919876,0.00219145318275154,0.00408845896528634,0.0323921548999834,0.00170939235396146,0.000441172766474111,0.00554253576523284
0.0147649651994631,0.00703779538069073,0.00169469015864753,0.00348341389932721,0.00641263468357988,0.00252785921194497,0.00753076278652151,0.00610865247662739,0.118730082181412,0.005916318787612,0.00104190787692106,0.00849746237077541,0.00240956656831396,0.00271397909603142,0.000426050039809283,0.10627392782822,0.0166625578986738,0.00113477887181577,0.0230391133509132,0.000242414726802056,0.000764994465683674,0.559633678634409,0.0544485004571775,0.00668553721260549,0.00166238566549079,0.0200311960207259,0.000789955629062682,3.55803981951741e-05,0.00540998308027688,0.00158196488896453,0.00945256160333189,0.00285472854997364
0.016533361279798,0.0135152028058629,0.00351037313156854,0.000691415185998528,0.00476140724056896,0.00324913902804658,0.0146593570755429,0.00339924932796019,0.0382589200908328,0.00387149499818677,0.00135526215597908,0.0151563113163784,0.00260292595451859,0.0010098086697484,0.00054533267029123,0.0467655223076658,0.0251002031605669,0.000200794747434524,0.0132077214370211,0.00970358762691809,0.0016088878745592,0.0140282938896935,0.711812822874453,0.00445729697462801,0.0016180712060332,0.0290093237079884,0.00743113923707992,0.000437650493507094,0.00474050125775977,0.00441575744234897,0.00189264647799908,0.000450218353060892
0.000756775640722936,0.000911131747102972,0.000823208540596223,0.000943984637282475,0.00418948604311142,0.00194817951911761,0.00222113768826716,0.00183191350848618,0.00800637687511001,0.00350616814722248,0.0146703671819417,0.0418533567120636,0.000293021384485564,0.00372070302567598,0.000672567342093219,0.0134756661581331,0.000845115099205344,0.00334059798063125,0.0105331688939545,0.0339434856257663,0.0723801592514246,0.00518265590520739,0.00271745112778573,0.687243182712604,0.00434026009523575,0.034565951348774,0.00306956921128004,0.000511195052011924,0.0355382729652642,0.00193054595245234,0.000529867845618152,0.00350447678137178
0.0314750553948112,0.0583377734999418,0.00191995048792084,0.0115228439023525,0.00163856323777434,0.000790675397045016,0.0528374677143312,0.00212409748734795,0.113430711536224,0.00293690703473746,0.00472944521974561,0.000705769968732463,0.00190650997514726,0.000362591796721091,0.000887241670229805,0.0086198124530948,0.018738045855344,0.0167094880882217,0.00688059124836029,0.00756532519822207,0.0120659703774271,0.0105669464315025,0.00406969104894988,0.0169331079904805,0.573023310745728,0.0168152469780828,0.000256008069341847,0.00585755074855415,0.000841331133764982,0.000239391977464422,0.000886452099973227,0.0143261252324257
0.000432174732503554,0.00223010464932068,0.000655226812752941,0.00311258920014763,0.0029605094037919,0.00693828486419402,0.00247320762879554,0.00544147698612439,0.00854627240101455,0.00134165199864141,0.00407389403463163,0.032693644896029,0.000248591555214441,0.00124757658642708,0.00271587122290352,0.01246929819336,0.00198744063885563,0.00414122343315777,0.00977998734426388,0.0120802838789628,0.0311642937209951,0.00111536052281738,0.00845382825200055,0.0155642758315852,0.00489525179014195,0.779132818867334,0.00652208438178757,0.00353857724429917,0.017374520099087,0.00424118731539772,0.0119254965163632,0.000502994997098915
0.000606128683795264,6.69916208008573e-05,0.0039440645739743,0.00806982756907591,0.000428295968886564,0.0108081664562922,0.00915231709425299,0.0134543529238567,0.0218929943736591,0.000978710377039776,0.0128765560466803,0.0211318200464939,6.46671533582581e-05,0.000592540754571524,0.00174619284071064,0.0376102334918976,0.000907923543484852,0.0019456280929703,0.00106812877140305,0.00218716136919943,0.0236205185765437,0.00896431443749393,0.0330727103266676,0.0249273850567708,0.016204123572113,0.00948891373899489,0.67151616659754,0.000295433846183502,0.0522377035372087,0.000971284331208311,0.0082917434711261,0.000877000755745807
0.00916815123821447,0.00493725091209471,0.00248593279125838,0.00490123489590621,0.0395551185575214,0.00700626415110849,0.0178822791206497,0.00270203228778552,0.00612826748042569,0.0107614851402118,0.00513988677319831,0.0654545420465258,0.0117310197485602,0.0036257409935953,0.0128393210295286,0.0217390291502817,0.00607329078237506,0.00998052697992024,1.76656775636051e-05,0.000448735392085227,0.0106580362608157,0.000330642972517508,0.0062386076839067,0.00226794960729846,0.0197384639611845,0.00219537583104853,0.00422793198522739,0.654055238449952,0.0318584816638183,0.0057599192666187,0.0126021277234351,0.00748944944536632
0.00402262187731147,0.000199807501951857,0.00197180415741546,0.00443234327935854,0.0198752966175652,0.00264258178604818,0.0176365030436491,0.000385214471402807,0.0061383346879647,0.00590682149592536,0.0163851095807979,0.0551769892663682,0.011271319935173,0.000114417009639304,0.00466143916456803,0.0127062676851526,0.0025610537639387,0.00937429460733596,0.00334890735434282,0.0133145114913932,0.000907960832407451,0.00358692664239378,0.00804614139839992,0.0320860230428455,0.00848494658557649,0.016174165776293,0.0369437292595885,0.0675155194307226,0.619263189355976,0.000566214762384625,0.0129468493121715,0.00135269482393819
0.00109629103097954,0.00236124606473445,0.00364177114399364,0.002311601101275,0.00827847093681534,0.00579146475625078,0.0230255089282134,0.00231606095532745,0.0147691732990884,0.00190732790611301,0.00430090525334477,0.00311466420172173,0.000583718957035104,0.00179471182779764,0.00127325157869795,0.00337014378520397,0.00369601273103488,0.00108380060535385,0.0386325149181136,0.0318306440437083,0.0223208644354095,0.0137903005495791,0.0218700424635174,0.0151249233930171,0.00635684579009587,0.0204687530892881,0.00774622358729449,0.00427661702057437,0.00559157746257698,0.710696783599386,0.0132559484259882,0.00332183615846957
0.0059185276477132,3.52346770976882e-05,0.000901204300167195,0.0175673303199648,0.0315287343765341,0.0242755441699728,0.00012913125958936,0.00123099471260966,0.0142818746653887,0.000693574554422608,0.0026511062070998,0.0298012949892708,0.0148909845830429,6.33310499849018e-05,0.012877896390959,0.0311307545186079,0.00238166812716598,0.0093066963958348,0.00171795884903378,0.00617438593451334,0.00462569073218483,0.00234756630945382,0.002708534761049,0.0110986280388119,0.0137056443939261,0.00477296480660177,0.0213784465954721,0.088940394748654,0.00141852261276952,0.0015115204241137,0.639782260680418,0.000151598167572456
0.0334251406454249,0.0495403406304823,0.00121775923541675,0.00631792199017346,0.000315769576826336,0.000636554305001183,0.00811451772494863,0.0042337750321342,0.0108446601577243,0.00260346424761715,0.00253516577863765,0.00993332313096857,0.000113841236531194,0.00292407416332517,0.000516615302627632,0.000469037978957547,0.0268633378563461,0.0107103371285427,0.0165176254500446,6.10013441809947e-05,0.00928966880554835,4.49076558003107e-05,0.0816157849754391,0.0435069442361903,0.00944977167314219,0.00994305422353936,0.0010572521631667,0.00179532159786711,0.0122495290537451,0.000763091413807445,0.00589126646620968,0.636499144819633
