0.38254110684232,0.0169530620235862,0.0129903501022522,0.0231476293046917,0.165931453265583,0.0448601075457742,0.00772134880629096,0.0533228124926612,0.0121619954370699,0.0015409389581549,0.00958474981602424,0.0134242465064668,0.0016756210986568,0.000115280009197866,0.00175817345344924,0.119561632139199,0.0106711208686818,0.00266695449346014,0.000695026758194304,0.0147031905023961,0.0209267492906593,5.69515904475852e-08,0.00199799029065863,0.0200119720427706,0.023316738161446,0.00489308881840507,0.00739696268582036,0.014228710485767,0.00604064368939012,0.00115541360434879,0.00174494432346329,0.00225992923156973
0.00479415367685651,0.195530413949352,0.0341330669503283,0.161255059180923,0.0337980856800244,0.0218727605558761,0.00820156260393312,0.236019338108817,0.110200414351134,0.00237817075105797,0.0551367333947125,0.0053971619125637,0.0184872094700558,0.00073691425237831,0.00341059206507599,0.00472409018980498,0.000582701322293755,0.000155292320994581,0.000759191561949474,0.00243020424609043,0.00231294866362072,0.000150834800642994,0.00560604621491631,0.00197657058700127,0.0475836987937527,0.000735836301791175,0.00231426474219687,0.0249803854615048,0.00251330665734475,0.00224600046299998,0.000573279388634963,0.00900371138137258
0.00519127276914551,0.012176200479938,0.461052898773359,0.0485550657167646,0.00902494455611285,0.0106148141371258,0.00732412479710432,0.0609593756310348,0.0784597583014839,0.00388338198989221,0.0606452328466405,0.05213954057457,0.0122523733535053,0.000330318388582488,0.000288261555355728,0.0631663404920112,0.00110824418947611,0.00741955980334936,0.00213892579270108,0.00246554489939822,0.00823965326809282,0.00267770615018,0.00021648611306871,0.0133506721365673,0.0178820326523488,0.00120355248204017,0.00131400187576506,0.0339542913454115,0.00833584927207428,0.000946209973707023,0.000922089570453757,0.0117612761127393
0.00113542887381561,0.00236998978843162,0.00229417051321247,0.0821048668210241,0.00592000857002566,0.000493572856763249,0.00370253414018047,0.415596768193849,0.0451718560583492,0.0110261672128339,0.0362727877414458,0.0831724182910617,0.00226682391559062,0.00741749805336838,0.0190512929459877,0.0606755787481729,0.00304366657675238,0.000250386232771514,0.000681690776789685,0.00134962845431481,0.0381700745312357,0.000743796549109511,0.0101639798834379,0.0446429628637245,0.00747844520765613,0.00862449425761566,0.0157122007474909,0.0354870381238787,0.0251506453398032,0.00294218574130248,0.0161547675967826,0.0107322743932216
0.00164301531200944,0.00344684944374112,0.00257822284639067,0.0045345954144913,0.705862885131547,0.0135678034087399,0.00267630309874709,0.024979301452479,0.0370883149558323,0.0031653147511691,0.0285181100150286,0.00272869819141925,0.011854613138297,0.000170332154026267,0.00787562517120494,0.0908163777281672,0.00368772927205114,0.00303717538576891,0.000139375120588161,0.00272720775714659,0.000861884774540768,0.00255893110519752,0.00316896913289351,0.00365815452628395,0.00815113694931967,0.000655657113994467,0.000459980802559724,0.0189121304069614,0.00277744726544423,0.0003031769728591,0.00436517218730198,0.00302950901379801
0.00223342926506503,0.0102707356562151,0.00866164299983909,0.0825364561304251,0.246209571823282,0.219580512086716,0.0130099023256484,0.145712745719451,0.0163229825066724,0.00247964138032233,0.00615189648854607,0.0120981457246009,0.00261678201715135,0.000444123963037565,0.00967676901208684,0.0892500703891074,0.00603037424290296,0.00937819162365337,4.17352293301067e-05,0.00932698653188785,0.0174305782967262,0.00996298671014359,0.00811756444095538,0.0228010475854995,0.0111099402631016,0.000482188001334887,0.00189865215677617,0.0222923006153027,0.00609595037111988,0.000557493503686107,0.00269522247507932,0.00452338046433433
0.00374645266590344,0.000600638599803209,0.00473777442998701,0.0309824813115992,0.3285838957616,0.0276315037883585,0.167046615725174,0.120875617813112,0.0799535762992959,0.00857934099489211,0.0145107553114302,0.00736187655909887,0.00660559939838853,0.000474189133954391,0.000724221391597324,0.0901232465532469,0.0121549063406933,0.0130834495804613,9.68234056912382e-05,0.0050255665421394,0.00923257659692335,0.00635788839675822,0.00873215640520375,0.0103329385000594,0.0234145710739231,0.00266078279757813,0.000709413990164025,0.0108788119895206,0.0012507068648256,0.000752674001875073,0.00114707987971742,0.00163186789702427
0.00141608373568934,0.00209805537591889,0.000307703650246536,0.0474126583790912,0.0108519789554926,0.00306415877483891,0.00350882698112217,0.644930401272761,0.0683921472764374,0.0024770736733355,0.0276986770124099,0.00927273402028755,0.00794350161108992,0.00195792935438914,0.00803844953379072,0.0643220003640112,0.00637123350795587,0.00097287221932744,0.00037082331212759,0.000222764889806485,0.0104050444464006,0.00121219216466086,0.00639997202816467,0.014941467749285,0.0021473529217609,0.00500850130310187,0.00718667488940883,0.0205053072115453,0.00799672359833293,0.00114476474180856,0.00827948029844998,0.00314244474695161
0.002933896849269,0.00599781083022125,0.00224686115119676,0.104154120514756,0.011567885768427,0.0463039420733193,0.00825363349678434,0.0613397260242447,0.458839112818929,0.00704323574796458,0.0848868997711288,0.00351564765681152,0.03415835258555,0.000686505881242102,0.00106163708293394,0.023836198447812,0.0154055590139028,0.0177247614832403,0.00151915527849639,0.000601754807396089,0.0161113437637713,0.0256452064758362,0.0300414170739858,0.00115586955452563,0.0234425255604187,0.00137278808064254,0.00185323466394012,0.000189650247615975,0.000453042310896807,0.000966003052838983,0.000109361873238389,0.00658286005866345
0.00141930594691637,0.00336883826714211,0.000324414865642506,0.00268888774018569,0.00506382021110262,0.0327354219196937,0.00277698552570247,0.0249385016092236,0.0419473997506629,0.692069777512665,0.05433468070307,0.0447063981720966,0.00617446439897039,0.00446451437755404,0.0125051773652719,0.00871039219479177,0.00252529514163938,0.00114774203408509,0.000232231139696512,0.000618888997469966,0.00407584741421108,0.00141301703796567,0.000272960448173841,0.00387950358416606,0.00297669290356116,0.000350386255175031,0.000795855877622429,0.031711765474333,0.00217461430797854,0.00154960771717942,0.000648872140674389,0.00739773896537735
0.000391164503808349,0.0092297221277689,0.00127264081038961,0.00297914505558782,0.0146880362520685,0.032796928198498,0.000901143761956114,0.0398997933254818,0.159984123985681,0.169815504234332,0.295674166517689,0.0872595235175385,0.010880186758956,0.000326784776356241,0.0243962334003782,0.0264920133611922,0.00939686028560517,0.00584796566049372,0.000170176984682843,0.000526997425469496,0.0140398067346749,0.0143091301113059,0.00910589289253275,9.84862074575805e-05,0.0145006138545011,0.00161657561804605,0.00457757249495794,0.0253004773596179,0.00150243754072084,0.00328955260120207,0.00167851818612042,0.0170518254549285
0.000841165433385845,0.0165258960156384,0.00416827681094422,0.034913938223223,0.0314259053582393,0.0253913516822813,0.0130853477672269,0.0386273869500083,0.0455842294455048,0.00359089421395176,0.0425958399258325,0.355473039756793,0.0464901782611342,0.000808423401101371,0.00747719509317325,0.0384246782414848,0.0087436582071603,0.00583468898315635,0.00292006063954873,0.00284980832456998,0.00109853401368072,0.0328154213865727,0.0864378871771305,0.0292415667597531,0.00887347137332437,0.000359121142781254,0.000281805120059845,0.109695190554421,0.000287289234277233,0.00270053653521402,0.000902402882194674,0.00153481108623239
0.00123654407025448,0.000390207900954252,0.00112714436131068,0.0725075597115457,0.0743907620197297,0.039081993100106,0.00780657601355574,0.002846432545362,0.0120277943190854,0.0269865167261962,0.00166724274984515,0.00119557007033004,0.589912630283581,0.0045988070861353,0.0842979162450798,0.00554715052698577,0.000384755944376407,0.00389276743582114,0.000200411706479214,0.00178494940768849,0.00512472579889606,0.0119543158454039,0.0110380680373545,0.00320593516020501,0.00143320824951263,0.0029216974326703,0.00572834845978402,0.0119115908075239,0.00026214679020245,0.00181981240382072,0.000121653135655129,0.0125947656545487
0.000409653120662794,0.00252088156449374,0.00337637550054021,0.0137633722646292,0.0232027545661825,0.00200561172598594,0.0257643240515873,0.0370862132944672,0.0318152818966694,0.0392694649468716,0.0410972409650572,0.0331203660465547,0.0036853115583294,0.632521345697763,0.000375354253047042,0.0113281885591469,0.000668984839958748,0.00430561468520547,0.000867469535802257,0.000304137499772829,0.00696783308295603,0.010024674406049,0.0059226984429886,0.0058795787303059,0.00539032030760494,0.00106531599091548,0.00261655430781622,0.037502512843723,0.00933883538475114,0.00123951003007786,0.0007252836544904,0.00583893624559356
0.00200387871821674,0.0091872435180336,2.42252111262848e-05,0.00679430646199124,0.0099932201086988,0.0190212647832511,0.0179985872625015,0.00558789063259214,0.0546023638274113,0.0105853423485158,0.0180145464786791,0.0565148818136957,0.00211515862430781,0.00279800950883199,0.668497325317521,0.0353634294536307,0.00365274823836206,0.000575762919484384,3.26643439031561e-05,1.54317146210308e-05,0.0031032037027139,0.00860713428492657,0.00277911721184805,0.00254467606641798,0.0037682430825633,0.000953263014714071,0.000339311911180781,0.041606122177063,0.010961422353593,0.000705809449810182,0.000343127247659663,0.00091028821213431
0.00250785612712555,0.0133372013961768,0.00629008555652291,0.166675035401685,0.0285772398480232,0.0915460118078204,0.00565503899231003,0.100774255932885,0.151317452397921,0.0142791355700209,0.156306110382876,0.00317977346605985,0.0619158864381397,0.00147027530747094,0.00170262480718996,0.064176699737009,0.0124111569750356,0.00838775874752347,0.00136323564813687,0.00105977732243781,0.0260120847472422,0.00458351843313004,0.0110617017189609,0.01382729163476,0.0379166236877249,0.00326208569296203,0.00159023197414406,0.00199286175089913,0.00141078694580847,0.00135392569768792,2.82770569958201e-05,0.00402799879731367
0.0115588974887501,0.0313961222080336,0.00129309377185651,0.0330390831799357,0.176981710546991,0.0188078688864471,0.00659423982849081,0.104215621558948,0.0151875736716467,0.00166724665240624,0.00151076578782584,0.00182994792679373,0.000698514823933431,0.000444140001562345,0.0037682801448954,0.189586918314436,0.316959858699134,0.00568620759414087,0.00232677922696419,0.0005678190284878,0.00602362856269696,0.00908988974460473,0.00024387737011162,0.000693429464038128,0.0232393477183003,0.00362688967311133,0.00799829890627106,0.00787111830192127,0.00176179707877857,0.000870237728875865,0.00239738975917173,0.0120634063504384
0.0300717363493287,0.0409037939353048,0.00637064447590509,0.0173867510244877,0.0576302771731362,0.00555301028376793,0.000247746239498669,0.0464123817437846,0.0746835035313295,0.00638319109229432,0.00822654836077961,0.000788407391996912,0.0047926215611814,0.000145653304996571,0.000768258125184817,0.165032924922888,0.0703069500589556,0.340440595204078,0.00694863974932876,0.0155264104319281,0.00666625913817733,0.0225760877049056,0.0183936905404396,0.00878254188274758,0.0198561298765557,0.00215883837725015,0.00131663416710224,0.00130333994272455,0.00198080190410513,0.000999159456824418,5.27278462359948e-05,0.0172937442027763
0.00103883509951795,0.0182649505545567,0.000354521410336694,0.0415301031629525,0.0395485449182868,0.0366208274216423,0.00458006139989502,0.00976830558030618,0.139674185937202,0.000382482230876768,0.00637189598454467,0.00690451721026583,0.00770756369069534,0.000379688786915832,0.00572415875694075,0.135884252925533,0.0232728511853308,0.00894100793294111,0.416403123875994,0.000926797296347274,9.82330835220957e-05,0.0146167833770162,0.0431966095994842,0.00374931815867118,0.00507755353582711,0.000547659474765351,0.00184165914661394,0.0105729366029298,0.0059903406764891,0.000980726804678623,0.00559888169745333,0.00345062248146784
0.0100529603989697,0.00570720844772658,0.000515713393898795,0.0107063502435932,0.0049493895125354,0.00306041199291739,0.00664986137228232,0.000586049890813954,0.123155964252224,0.00761776003111824,0.00375861981094089,0.0190607932246259,0.00748628044615848,0.000394760581016645,0.000686522724270834,0.0679325697693031,0.0224740884384436,0.0172857088594037,0.015361599170668,0.38185609426269,0.0297834835122536,0.047692176662152,0.163338152245835,0.00675119038271692,0.0121203154722337,0.00044519149268625,0.000127145547478249,0.00794616673569897,0.00791545693210335,0.00183466443598264,0.0108384663392185,0.00190888341803983
0.00505718264467881,0.00308056505809177,0.00478558994325792,0.00426687090959446,0.0238815489439131,0.00594594594310909,0.0352253549367069,0.0241989200705325,0.153192095573148,0.00143997097251677,0.0436833151436587,0.00447811880930129,0.00502351176985935,0.00334175170746115,0.0127198940504308,0.0472927048518846,0.00857445971205706,0.00290498983535356,0.00886174058304756,0.00504081596224297,0.46340638754278,0.016883194346546,0.0372016841309457,0.019853002322835,0.00611467023620418,0.0162281983485127,0.00239601386621211,0.00392352763581297,0.0153820855468119,0.00120055109520347,0.00225692384753272,0.0121584136597576
0.00393336913155219,0.0133818625922777,0.00018678784931126,0.0703619019021675,0.0116844863475994,0.0380096031967407,0.0054261330756915,0.018485556751884,0.118368643100056,0.00219550503228241,0.0188272059090993,0.00940352110650203,0.0247433751984167,0.000527182121690734,0.00886128699550595,0.0789207961377937,0.0390284466790905,0.0203438217249,0.00978784947744387,3.89105032828756e-05,0.0050279264737183,0.301937148183114,0.124709249297483,0.0036987811124907,0.00894962824368982,0.00220557648136843,0.0089447393001574,0.0451378848963603,0.00317037894705096,0.000177676298673925,0.00282075156288175,0.000704014369723639
0.00705451437591098,0.0192720716894752,0.00118584698347404,0.105205244027577,0.00864173302296483,0.043777091307776,0.0144823744383793,0.0369291509117259,0.177254465130321,0.00656098643348581,0.0651609984853059,0.0106680711414217,0.0483344328162353,0.000104610279332915,0.00611945390042825,0.0807395045502268,0.0588138398017863,0.0300607073972308,0.00885831317204474,0.000434765209344954,0.00839694248793502,0.072486587404539,0.121589136957467,0.0125966616900306,0.0216066838036373,0.00145288159859409,0.00879900424091928,0.016325587799836,0.0035112024928052,0.000440755516554533,0.0024511792702213,0.000685201663013283
0.00900789091353492,0.0066076970600088,0.000565412798137358,0.0121313111495226,0.0228894015440193,0.00164119720970754,0.0154078774407769,0.00862959572056373,0.109627738719137,0.00518401422415707,0.0138403300638375,0.0207783183888602,0.0078539557329775,0.00120278048827742,0.00378653318199989,0.0324911962284325,0.0208954926872001,0.00806643310420566,0.00700487849395739,0.0246361730558573,0.0210926078469123,0.0232327315555858,0.078675758719936,0.499677190586329,0.00667753766746666,0.00375468076011752,0.000299913264841641,0.00720378233950451,0.0148478991492023,0.00265945014726506,0.00314789678386488,0.00648232297380347
0.000619763625545147,0.00841923540704937,0.00108907566620228,0.0888166277913646,0.0405993509460482,0.0599935586212427,0.00885659041533614,0.0382274947063898,0.197467353587673,0.00561700235918933,0.0617187652075726,0.00251093055158155,0.0308986448920456,9.63482191412044e-05,0.00146991431326919,0.0992680307617263,0.0144816868227295,0.0174793479696451,0.00496015924608088,0.000661949028195197,0.0172319521597188,0.0748144698316105,0.0867912625081785,0.00149915257650735,0.104290660905299,0.00113393843849936,0.00280242029705187,0.0141382478721095,0.00224055901455887,0.000686848193032133,0.000717396903676509,0.0104012611617302
0.00592325219077076,0.00579346722683834,0.000883392163225426,0.0403637227107495,0.0329736291504292,0.0159338820346654,0.0195311672243295,0.0501277515080664,0.0585041409602001,0.000862496958119165,0.0222343596128,0.0192739544021118,0.0109080251098436,0.00149402565656984,0.00580645854906219,0.037829166399195,0.0112711602885155,0.00585195000868635,0.00129767414030884,0.00585039028634152,0.000581394433111564,0.00330801876353764,0.00827349892766133,0.0159779565724906,0.00638619365547166,0.528270279477887,0.00771140787430315,0.0634858794999579,0.00477467629766817,0.00318619564872121,0.00460589541997772,0.000724536848383962
0.00390046394000687,0.00476937973737565,0.000193369831054066,0.0132247065830137,0.00500341278191253,0.017603060175054,0.0204455749442502,0.0165730768203407,0.101826172125565,0.00439520099661633,0.0180250284765826,0.0442301507635673,0.00461033916172946,0.00280265080087017,0.00193021136095936,0.0444188170268861,0.0015783673365185,0.00691689217669593,0.0062763915206355,0.00594924817160788,0.00809941272650472,0.00490039290172082,0.0347946736071513,0.0264232484806396,0.00351292014825862,0.042807365878633,0.445970030871966,0.0804189543774557,0.0166241729081571,0.00212137411529941,0.00754223312834684,0.00211270612462515
0.00115535901127507,0.00405974092796271,0.00172356020544077,0.0358361159758755,0.0213591630588715,0.0135201797589261,0.00826186944453903,0.0371282951811046,0.0149757481758372,0.00248986425874837,0.0214470200917175,0.00656146488185712,0.038049278439663,0.000435348894767565,0.00340602312794788,0.00453862677593461,0.00668232681356858,0.0119730341501686,0.00226033746568365,0.0050486082520622,0.00816889134545093,0.0447894665514565,0.0883139487591562,0.0138930266693165,0.0115064375797615,0.00181520337701254,0.00280489555665276,0.572891893170775,0.00218330863063256,0.00285669422635585,0.00665023574827894,0.00321403349319943
0.00157368721489899,0.00718176071123402,0.000566588906882434,0.0277906567379723,0.0210516862094155,0.000903090085067947,0.00392669748179061,0.0213350890718011,0.0501868577790992,0.000828444117402175,0.0354192370769293,0.00168833473623404,0.0247481886465466,0.00239119300072428,0.0102088578231125,0.0641758037543532,0.00497831456862191,0.0202004742484356,0.00144967466063776,0.0124743507972127,0.0213835443577042,0.0114105441791894,0.0119342904678693,0.0309500863648235,0.00996844738574364,0.00100463535238738,0.0125420842285471,0.0764359367217623,0.45621315654935,0.000493486032476167,0.0476347440022899,0.00695005672948483
0.000460123897028478,0.00433424327935927,0.00259587574090957,0.0119836741084697,0.000952945868788049,0.00126795399326745,0.000488375791825578,0.00127375476321936,0.0141187854455706,0.0157226845072312,0.010383477078551,0.000166099156940679,0.0102899321205297,0.00725867864657354,0.00191816971779731,0.0179797939397268,0.00298035446782552,0.00906819167493651,0.0019459676059343,0.0212620647364588,0.00054135313145651,0.00915637389509172,0.0159949477088279,0.0116187698499285,0.0113693792985657,0.0417769700414848,0.0238467285391493,0.0109706622459484,0.000952884403503151,0.69572111814981,0.0318854764079107,0.00971418978738019
0.000193619804563777,0.00756969273026643,0.000459106541588752,0.00753074133379138,0.049600800081717,0.00229637061416335,0.000558760118682374,0.00236307102345988,0.00271948250966508,0.00358553881419827,0.0114646048216854,0.00497345880111707,0.0121118990879043,0.0034722817895726,0.00415217523731173,0.0408680531709983,0.00279699946525785,0.022112295984218,0.00589708160990925,0.000613604670910545,0.0200606108279784,0.0344770825554676,0.0740291496789311,0.00632195580023445,0.016531870459154,0.00501813935748448,0.0122350921594256,0.0722370192517434,1.33097934151092e-06,0.00211552668003398,0.568160293911656,0.00347229012756758
0.00503889056251589,0.0121881479655189,0.00246478030487321,0.090452987731496,0.00887209638296065,0.0270275146822932,0.00581581506008291,0.05389049568009,0.15347695973377,0.00484583949144501,0.0432972901126366,0.0103826705314896,0.0256125080008951,0.000138947585538987,0.00421677073779815,0.0633281810005753,0.0302264804412163,0.0311098866265913,0.00630515247584942,0.00209629180252654,0.011501081884125,0.118756948589832,0.123999563545266,0.0112714086011282,0.0123273292463732,0.00250080420012738,0.00664971570284862,0.0407735900312622,0.00390675576705285,0.000262722986541392,0.00101193702687546,0.0862504355084047
