-0.008614582317283744,-0.0007770610105253502,0.00044582823063875994,0.007397850486993379,-0.0020786877405235315,0.006218070339707877,-0.005107147556576769,0.006213316075039299,-0.006951669739659281,-0.0008685771500225901,0.0036781168723221992,0.006356486817816249,-0.0010164852963684295,-0.00019318289244116998,-0.0007739631541207201,-0.004621697945724872,-0.0018969496339480499,-0.00190338136972849,-0.00024732518349914,0.00734860913112334,-0.0021461494688095094,-0.004315483402612749,-0.002134325291701448,0.00802378548424498,-0.002718292448378451,0.00065338617380562,0.0009272174436414097,0.004405568479051751,0.0013220794294392297,0.0004987445286349399,0.0008519109572366901,-0.007976008847771271
-0.0003830597889312299,0.020213185753083993,0.0020587610430918796,-0.004525665391998941,0.0034137583048718207,0.004224019211067629,0.002082364534188818,-0.006781576823534733,-0.013399149592768136,-0.0023945051847777594,0.0008210350162975897,-0.004940519960890918,-0.00268993745698645,8.089517861429002e-05,0.00037021313724915013,-0.003740562759402251,-0.00179215011935853,-0.00036680156206077025,0.00014759971027050996,0.005118822827107229,0.0029197366648804597,-0.005175400111927159,0.005166848462370811,0.00556526946205202,-0.003138772686289049,0.0014882501821134404,0.0019132986764385904,-0.00457410579128978,0.00015467528978395994,-7.097949156647997e-05,0.0011213527452619497,-0.002886899476962079
-0.00250473939023656,0.00044481112400939014,-0.017736421112173863,0.00498943060835314,0.007948486601142422,0.0012781282186929502,0.002106188923300021,0.001060828897740091,-0.00563681614991849,0.00137884276258583,9.55405812458409e-05,0.0008439415635988903,-0.00237878317381886,-0.00031473195118001,0.00033749899636892014,-0.0024044967346892603,0.0004911074355921701,-0.00076588777641736,-0.00017083611683112008,0.0004819497222087601,0.0006563755994098803,0.0003644027351528699,-0.001197033791562069,-0.0013847209253351196,0.0018242493244879996,-0.0009808989480451702,-0.0007226159203575198,0.005915414148365181,-0.00059276592139095,0.0007503239408004701,0.00088437871397059,0.0049388480149310686
-0.0004870708226069198,-0.00038483958624665,0.00127676754599546,0.004527550283503915,-0.00591915371398225,0.0022576126931414197,0.007813525456926972,-0.0016263221541972122,-0.00251933133049112,0.001273455985741102,-0.004207888890675529,-0.00315074863181278,0.00026680498277106954,-0.0007103638082242297,0.0003035937297399394,-0.0034899306709460396,-0.0016633754187576598,-0.0009206334824882799,0.00037901627356698,0.004983673099193569,-0.0003897256201104999,0.0022301250390511997,-0.003971611679877241,-0.0008303724620597402,0.00222056872076428,0.0005891607705146298,0.0002863873554774699,-0.0003697419734125594,0.00124477713669193,-8.107353926439927e-06,0.0006389747383989901,0.0003572237883364301
-0.00078816756833806,0.00021353731993713998,2.6727283552340116e-05,0.0032135062548578593,-0.015838057272921265,0.005717772903256519,-0.001467953030039503,0.00494864458694561,-0.00026039108531949047,-0.00209137297066855,-0.00111950756503316,0.0008189540505571299,0.00114624332920268,9.951949612234986e-05,0.0009113547838552705,-0.00396196224216121,-0.00043228448553694996,-0.00030460175207483,-0.0002141088603531899,0.004602793130034849,-0.0016030991699459492,0.0023643381976351206,-0.0038002750112634395,0.0010985500734458607,0.0012144536924951297,0.0018358038370648402,0.00046838309732314,0.00098884309770086,-0.00022477994390795016,0.00019748058106217997,0.0005129126520142601,0.0017267425905003893
-0.0011368211841964997,-0.0006802157579746299,-0.0011349359349571199,0.00614560194624675,0.006575077454675632,-0.011887483908472305,-0.002237108443567232,0.00600202146532755,-0.006783287294247821,0.00175490325911943,3.218644252173039e-05,0.0014380213017105912,0.00120131564790129,-0.0005061012983093099,0.0012341755866121797,-0.009738985129591229,-0.00013417329116703017,-0.0006279104385763498,-0.0005151479940676701,0.00741760668442943,0.0005364580034121002,0.00287394595427956,0.0015803589427505892,0.0023090963559250616,-0.00392418814507851,-0.00026651628505347985,-7.893114831344003e-05,0.00427327510747247,-0.00019974426193843027,-8.263431299500562e-07,-0.00010725718709175004,-0.00341441010665182
-0.00170551097080049,-0.0019182738725346898,-4.462737812885014e-05,0.010057283356460292,-0.00280139127364771,-0.00297949731904598,0.01613977781410029,0.0060384275737214495,0.00435263901222629,-0.0006489209253079401,-0.006779722191193599,-0.0006713922401377994,-0.0022209657010142797,-0.0009980972652339202,-0.0006635035405526101,-0.005076909579781909,-0.0009364481847799405,-0.0009300066383385201,-0.0005683683575003801,0.005645182767803059,-0.005445142612669199,-0.00411268548294971,-0.00985110838377333,-0.0002766182221225104,0.00223270510053288,0.0030286741439712497,0.00017532683845878,0.001105642851327551,0.0009487595242803602,7.534311387582e-05,-0.00101956825025871,-0.00015100370698604998
-0.00120096170960467,-0.0013924497157858501,0.0003819762420040001,-0.003999797110506499,-6.376900192544901e-05,0.0011842646555408093,0.001125822169990411,0.01664381614728217,-0.00021635700282549123,-0.0038600778719148784,-0.0013342650443200696,-0.0047257503289862505,-0.0018152687238521994,2.3117530687059885e-05,-0.0015599618017228798,-0.00185305554961645,-0.00142608831191646,-0.00046827560549950013,0.0001269122363453499,0.0010829066078618197,-0.00102208111971103,0.00502631291800784,0.0010411219543089597,-0.0018052960643789493,0.0015138486476653397,0.00029997276397557006,0.0005731758795881098,-0.0023574957731010405,0.00027071356494570026,-0.00028905571049915997,-0.0014640782996673402,0.0015601234276309095
0.0008952321415124399,-0.0007411458665360299,-0.00019318941387562005,0.0044723876140832005,0.0027157673595623196,0.002281001629999879,0.003711390384280777,-0.0005511750721268794,0.00760800962212031,0.0015914626790535901,-0.005199227443791478,6.559276469239005e-05,-0.0016253931265418086,-0.00021069980065166003,0.0009279501925515603,0.0011942000808024995,0.0002184658507999801,-0.00048480222035226004,-0.0006465964454412099,0.0008396644362683311,-0.0057909075414077985,-0.0050660320924346995,-0.0100408139056468,0.004563776336875142,0.001185906589375771,0.0009705172154511398,-0.0009628181246767401,-0.0022509924195253696,0.0018362508300726102,-0.00028371965082584,-0.0002804622632584701,-0.0007496003404093797
9.464536811247996e-05,-0.0007971205005813401,-0.00023595885867720002,0.004031015451348668,0.004439313782882451,1.4036973640149836e-05,0.005519807772651229,0.005852187660543281,-0.0019242546526907506,-0.012198804132336422,-0.00549698233697701,-0.004631286403845628,0.0017480852166971296,1.7431962502730078e-05,0.0010067217076027194,-0.0028141721578713507,-0.00049941589504894,-3.4448543200399665e-06,0.0003745809267981,0.00364517804924281,-0.00106237568139849,0.0014179156811957,-0.00044025953063615007,0.0005677589307973502,0.0012560072464029104,0.0010283231413061903,0.00137812863161367,-0.0034433908307566095,0.0008361079851561499,0.00044903438237668,5.409885361399853e-06,-0.00013422492109189943
-0.00021030414879540002,-0.00109059196012248,-0.00011974236526838994,-0.001216538919480268,0.0014741509795018794,0.0004204493779496211,0.005519242400679789,0.0070771543556572,-0.00088539717176449,-0.004880901651991206,-0.00013516826391083426,-0.00705301044717214,0.0035221337147716496,-0.0005481163980865901,-0.00112080454559965,-0.00428314630540379,-8.935006284386992e-05,0.0005643707948251199,0.00048143823112865007,0.003493165915760609,0.0009914889761308602,0.0033672258583366706,0.0008583882946255003,-0.0036219622504079507,0.0008868875662897399,-0.0005104851476567395,0.0010864043421954597,-0.007529006730978402,0.00155527245821973,0.0007856130229396999,0.0002903261938174501,0.0009208138866523401
-0.00137359448994669,0.00027161846294145,0.0005589503865637499,0.00036412601316464997,0.010032561374282474,0.0028196650436139907,0.0048238193637320575,0.006883271861147999,-0.012181146418119229,-0.006547951261548909,-0.009380875709687802,0.006421644534229895,0.0030310008287612405,-0.00040983057292437,0.00018976551220157076,-0.00162456381589614,-0.00118279639028478,0.00024483842044003006,9.270849561429889e-06,-0.00132363530528435,0.00082123753757835,-0.00021568484794427055,0.00010829202093736982,0.0030224506746448715,-0.0029922346985229503,-0.0005962642874703699,-0.00053293102119381,0.0014258075986072097,0.0008540334962112098,-0.00022216595103501997,-0.00271084475756457,-0.0005878344511964008
2.008665300286007e-05,-0.00026687457698130996,3.668353042500039e-06,0.009368167597109484,0.002290403342025521,-0.0011565311112361597,0.004502957065801801,0.009717797679497042,-0.0034182357210506497,-0.00310839567167412,-0.0029581671070472203,-0.0037434960481279693,0.00585619994491912,-0.0005005201052197402,-0.0055034594001652,-0.0009364108427213899,0.00022903404778956988,0.0007234959787210301,9.631745407994998e-05,-0.0010844896666549696,0.0032786088783095706,-0.00014522501023143968,-0.0019281095376637203,-0.00208308283502818,-0.00223307219759347,0.00013655063687952954,0.00146990246760856,-0.00722736935866779,0.0006500482480148801,-9.998462421646003e-05,-0.0002673108134489895,-0.001682503719072509
-0.00011981560620184997,-0.00063836659996747,-0.00010972191924237,-0.00473268921397378,-0.005752029199865411,5.103493185043941e-05,-0.0025175394167862514,-0.00048579864260388966,0.0003918754429948004,0.0006314671404096608,0.0005106210224464898,0.0009183185274284501,-0.0023014358158574893,0.001704143885479597,-0.002020498210912359,-1.0926137682809937e-05,-0.00103465247981486,-0.0004445438396474499,-0.00017277892741698,-0.00019987061376679005,0.0038475830974492808,0.0030416422644135204,0.006480752961076179,0.0020166920115858903,-0.0025263452833037903,-0.0004136272613468302,0.00155424861841406,0.001252035466721221,0.0002845678428185,0.0006563442475931601,0.0008264646128610402,-0.0006871529051519794
3.339638559639994e-05,0.0006390208642351402,-0.00031779914748881,0.005319980234377379,0.0029016247064075707,0.00196127762780702,0.00725771870419715,0.0072622037429454205,-0.00548000182287624,-0.001982657863081931,-0.0068616485059860895,0.0036536313374844398,-0.00179140925785361,-0.0006404628200369601,-0.007743899777153654,0.0015488825336436498,-0.00012215973004155005,0.00016245095183877,0.0004330914812544599,-0.00053508306780172,0.00032989432101779986,0.0018096911682368801,1.6052068141130144e-05,0.0027700773999817596,-0.0009670716723454698,-0.0015226106749224103,0.0002638868166250401,-0.0014590733457408092,-0.0007795819739542598,-0.0004962345008963498,-0.0029999527154925295,-0.0026632334681175505
-0.0014386280222039994,-0.00015672632592710986,-0.00043482071252622014,0.00189241704913324,-0.00480149559894489,-0.00740848235626865,-0.0006104398985547294,0.00367073083897857,4.751457867155987e-05,-0.0002553128380051903,-0.0010992346424552597,0.003251937303124071,0.00044166658690707964,-0.00012975519969085004,-0.00010567267523325994,0.0016050278155761086,0.00013713657383659987,-0.0002450945574076699,-0.0006522242694918399,0.00246650771968407,-0.0065179750125554685,-0.0017291095556322307,0.0006342215442106903,0.0007522050834068098,0.005900966620521329,-0.0002984171749515599,0.0002477540786716202,0.006131708048380421,0.0013945138875586201,-0.00012907651522025003,-7.05584529533899e-05,-0.0024912839206381885
-0.002892884237839869,0.00016305535342724993,0.00027019889092010996,0.0018667459799893503,0.0026131641487719395,0.0012072208632473301,0.0017860059891840689,0.0027266245730637097,-0.00784702872055976,-0.00218363426788456,0.00313291372669973,0.00045506597777885907,0.00016397711691959,-0.00034111328926454004,-9.309944749077985e-05,-0.0016765441870387609,-0.0235901929555135,0.0006566623348275909,0.0003269807609554001,0.0013571074689498796,0.0012754909862855198,0.005527399112441429,0.009715477925466846,0.00246766583332234,0.00186090946056954,-0.00011244748128374998,-0.00021415764855293022,0.000670730751154081,-4.4643187426559935e-05,0.00032112920003580007,0.00105802530545458,-0.0006268063366099599
-0.00029111203793700006,0.00062974732769339,0.0002921860174279098,0.0052563347883788384,0.002681652063851109,0.0020501797600892295,-0.003227384795222929,0.0034776499828405192,-0.00033116580489717974,0.0005974219661558501,0.0035444109563969595,-0.00661391171156229,0.00113637678441882,-0.00030336268796181994,-0.00037594449440470003,0.00452281198178825,0.0009261138520732393,-0.010546614290626598,0.0005921681979082399,-0.0027323013576300388,-0.0018290204078356502,0.004786952959189789,0.0028467970858659986,-0.0017752438117322003,-0.004715243861539041,0.00072558416673988,0.00030416377273443,-0.005006124873670951,0.0009169705362258501,0.0001387100580847699,0.0015047119290851401,0.0008164859480721605
-0.00236487828499505,-0.0011593346153880297,-2.9614356550869976e-05,-0.0029275887453518294,0.008452348700071952,0.0009352589470533797,0.0018772139153314892,0.0017177389154673095,-0.004549680726458399,-0.00022348668172849994,0.0011646633373174398,-0.0029667257856253394,-0.0022972695409275703,-9.695612338380004e-05,0.00048378276463357,0.0002304089548642298,-0.0008375799857726502,0.0009282757250287504,0.008671758553207166,0.0019254790654743598,-0.0019782797389082604,-0.00014663082778740042,0.000788685359189721,0.0036190351608337405,-0.00090326243485656,-0.00214796616334951,-0.0026347671684386993,-0.005763175726789421,0.00030403023722304,0.0007186388912321999,-0.0004179429426223201,-0.0003721786779942697
-0.0008740506327503102,-0.0010965388573469803,-2.4910128399000105e-05,-0.0026977810605758206,-0.003611713398279191,0.00054937596521193,0.0012304675865889886,0.0006204633914368505,-0.00435125131751336,-0.0003890216279468001,0.0016833115609754194,0.0030868518700407,-0.0008913942189454196,0.00030207945913428,-0.00022799476353569997,-0.003339327180644,2.7358627648099904e-05,0.00148134437389459,-0.00014270564247493992,0.007159973338642389,-0.0077175991915612915,0.0023486617442692796,-0.0016638510916625027,0.009527772263218121,0.0007372248624595903,-0.00013747104316876027,-0.0015570733363978306,-0.0025029781926046387,0.0004251149953888902,0.00094659523058782,0.0006760000913343408,0.00042306632297535034
-0.00061064074982191,-0.00147960917224925,-0.00015567229312124997,0.0005233035733490001,-0.0006691007407079191,0.0009435785530747698,0.0019050649302501804,0.0015969164798524393,-0.00485343827972435,-0.0006717782961834799,-0.00042837600836302046,-0.0009498734845645396,-0.00153534467072824,-3.719396074667998e-05,-0.0007827105585494397,-0.00209820712405217,0.0009376353480841902,0.0007271186694871002,-1.884896929441001e-05,0.0058803523951849205,-0.0014217824070244245,-0.0023829225325040096,-0.0010405792403648494,0.005980593972587718,0.0015569409718695307,0.0027560543468870095,-0.00023379508475578,-0.005126014468938981,-0.0006994868883611998,0.0004361059298342401,0.00027735537461662,0.0016743543849783108
-0.0009557223275285999,0.00146745910094579,0.00017615452640171996,-0.0025237533506383,7.97306409179889e-06,0.0017710368756592599,0.00041308465528607874,0.0007549500717128593,-1.914944141231025e-05,-0.00046700865370620027,0.004464343985311569,-0.00497356546509236,0.0015217095318071998,-8.146941953343001e-05,-2.3139916416449904e-05,-0.00381468615440822,0.0001979122100719195,-0.00158631665999309,-7.014538463399993e-05,0.00552558787911753,0.003335119272931181,0.0011135453592952954,-0.006839582552923609,0.005777546201284537,-0.0017133679373887687,0.00125748502094204,0.00053581511343461,-0.0061943217379164086,-0.0007994468167414597,0.00027121742288049004,0.0007408384408525098,0.0007298970863069407
-0.0014659748774507602,-0.0011498816783076199,3.236053876518005e-05,0.0005745724187558102,-0.0061086908455231905,0.00213770640743163,0.00375330040548612,0.0027113805657121705,0.00032932426355453023,-0.0024801186986325103,0.0019564926293200906,-0.00425378832542659,0.00168279083887149,3.080395511582001e-05,6.936608340514013e-05,-0.00401456680302476,-0.00048916183458807,-0.0015739689380746603,-0.00088922272851511,0.005832215257399289,0.0012172973033236394,-0.0095547926624623,-0.006645602744197052,0.007673198294762949,0.0023095442957621103,0.0022282097675114395,0.0010444136609778201,-0.004516542839366351,-0.00020103086307072995,0.00050927566709883,0.00125379794720617,0.007997293538179528
-0.0014152028269018501,-0.0019613405212279,-0.00023212091521883,0.0010096394852371895,-0.00999578993018194,0.0012760708795041195,-0.00541924339264824,7.463546480164958e-05,0.0006978193272663697,0.00280151879014584,0.0021626801511073893,0.0006479466017227195,-0.00025586224525487954,0.00014402417822254005,-0.0011068953236411402,-0.00611975725989247,-0.0005150083712407701,0.0004482194408779299,0.0006638440913622297,0.011639492477176824,-0.0066361951021218,0.0009150564540974298,-0.0007189620805374001,0.019298385410021244,0.00345090578219934,0.0019479759981483706,-0.005161328870319259,-0.002211629568326551,-0.00226558179022008,0.0004540403945317201,-0.0007959159387375502,-0.0028214207899522
0.0006323681572169895,-0.0002730755714587701,0.0001808123689787799,0.0001732892645894298,0.0036697890807048097,0.0008339217777181797,0.0005451402387300006,0.00336295079252468,-0.0082831959780716,-0.004219469882857451,0.0005993396999919501,0.0014075022724810405,0.0019941667318696702,-0.00033880787929779007,-0.00047109085271720004,-0.008184169975620279,0.0023530844387342396,0.002811214825946079,0.0001145571860115901,0.00467428971947298,0.0007979865904941697,-0.0004568237273513409,-0.006663742141325009,-0.0035920624095751212,0.00493841646318019,0.00024476638607058966,-0.00021589926944253008,0.00317977953070473,0.00075866707362606,-7.619150508883007e-05,0.0008258226467383799,-0.0013233360529786304
-0.00064770481594841,-0.0001831604499114399,0.00026517223838283,6.024925701353968e-05,0.0003823349551561394,-0.0006311422944241295,0.00294693729518923,0.00393750407687933,-0.0038635515762977498,-0.0012761161876544904,-0.00112204234244421,0.0029160051034417306,-0.0010876193269769702,3.6309175358460026e-05,-0.0010076445990306001,-0.00271670548813324,-0.00020004096926691997,0.00047127720596349,0.00028190856384357,0.01103312572955686,-0.0018327208376777999,0.0035471822509602403,-0.0008455545216326203,0.008368762085502978,-0.0018204322500630196,-0.014404088366542769,0.0015479694341610797,0.00089703640862757,-0.0021218253065239893,7.316442132891008e-05,3.824344969679746e-06,-0.003008413213807419
-1.3036104020059964e-05,0.00042327080262132,0.00020314234424175995,0.0036429973485788995,0.003892040746142371,0.0005844540973008502,0.0025741564871395893,0.00448178083746818,0.00196832557859345,-0.0036915748453582703,-1.6364505555340607e-05,-0.0021714417054726595,0.00219384706459706,-2.9784871132259998e-05,0.0006064531137530904,-0.00179695459199598,0.0004236503466141099,0.00017878716968487983,6.614749908861992e-05,0.01177891798900015,-0.0016105827084634393,0.001775712516612539,0.002417079341955451,-0.0014692359441108194,0.0005697210139803896,0.005091170539243679,-0.0281928776868565,-0.002738659634614791,-0.0009015580823082498,0.00012229389079111992,-0.00013311028699887023,-0.0002287677605202607
-0.0013222727140187501,-0.00034081681123817,0.00010051396946797999,0.004266313845466239,0.0018476807510660492,0.0019243658029282102,-0.0014179743343796021,0.00573497806469303,-0.011385512421904042,-0.0012039167220074796,-0.006478355418632019,0.00552223378759188,0.0026168256737273293,-0.00016972458793607995,-0.00031791563824239014,-0.0016445814301380307,-0.00126084237034476,8.688993532370231e-06,-0.00016269905890467002,-0.0006192567255854503,-0.0014567376840305996,-3.9034205721409904e-05,0.0010935455078007004,0.0019613201782696502,-0.003127668023891049,-0.0024735485273570195,-0.00186532811450758,0.01163374326178549,-0.0005744273965892007,-0.00019668622436871014,-0.00180617422210754,0.0011532627955756197
-0.0005619109447705403,-0.00047689107031278,0.00028107937114609004,-1.7893181333459956e-05,-0.007393421082902768,0.0013724976665129803,-0.0014243123004058394,0.0006999562718969409,-0.0006475868986881798,-0.0006009966240362399,0.0012199587537486795,-0.00024135222313937996,-0.00060756494920678,0.00026595023508015,0.0015952557358467803,0.0013704756326863399,-0.00185249564509556,-0.0013319555886250798,-0.0003843377240313201,0.010088434970293162,-0.0006347829826346891,0.0016150993528200003,-0.00393137495432398,0.014221412983655823,0.0019442113538673798,-0.0003714946863296799,0.0007386275105204593,-0.0021308008063303002,-0.016885938117230843,0.00022847698561307997,0.001843677803925771,0.0020099951517836704
2.683640740572006e-05,-0.00031977523400926,0.00044606022115280003,0.0012238373239913298,-0.00048595140316087993,0.0014331976084973508,0.0017831101493746022,0.00109215830284908,-0.0017235860889308202,0.00037879618834190987,-0.0003233607024605807,0.004594912404093851,0.00038626591727144034,0.00022965474980194997,-0.00030228587671522983,-0.0015933155730641698,-0.00042714711101550994,0.0001155820661551101,-0.000529578942260329,0.0009838039932048822,-8.478478793359023e-05,-0.0022833077608287304,-0.006005613609405719,-0.00023287609825729927,0.004235188549825851,-0.00056395264558697,-0.0014641109939077701,0.007407797374874621,-0.00028764384306942983,-0.009256172427614834,3.5473666042280286e-05,0.0015107881753384296
-0.00038321945305386994,-0.00012997851950900997,-4.6011770307049996e-05,-0.0009759054176684198,0.002025006570967848,0.00105195003145666,0.0008154724263622984,0.00484029360572817,-0.0007797306509836104,-0.00015262209060167,-0.00514513452691283,0.0018630806994364188,-0.001322777190545381,0.00038919245195390004,0.00273441468309659,0.00039562529966206007,-0.00078519951712205,-0.0006125418901075201,-0.0006054185729515699,0.00917437424357424,-0.0015145153679931595,-0.0020833373172039196,-0.00903317155666424,0.00589680704007352,0.003752426317004,0.0016485522088923801,0.0019600520166000003,-0.001372074232976871,0.0003300399499196002,-0.00010891903248717994,-0.013676869714156686,0.0018501392765172997
-0.0017356707784002396,0.00117840466632336,0.00030910254717612,-0.0007547552158171192,-0.00210189630735213,-0.0013002320547488497,-0.004287521744899812,0.0034485967691625513,-0.000687819482350209,-0.0023786015052540198,-0.0013870622536976001,0.0038573176546193287,0.00329565445686082,0.00011809020007542002,-0.00045558542858538007,-0.004139509023122499,-0.0012636833735174904,0.0011751638926823104,-9.516349251603999e-05,0.00442163478104087,-0.012260108492282288,-0.00261982285331791,-0.01151397651747085,0.00028157823845233084,0.0038928674911565485,0.0007213816621775401,-0.00137632795119693,0.0022682945481081102,-0.0002216273307397802,-0.00036800665340652,0.00041646178923566014,0.023562821761604562
