-0.019649621535122785,-0.002000614070734895,-0.0003270034637349994,0.007988796358546801,-0.0169560940091568,0.0009329810498713009,0.000661076515396701,0.005937219743140196,-0.0091382522172806,-0.0017023800612560001,0.0035485508349151,-0.0079032022875709,-0.0018415795813498002,0.00010992491668290001,-0.0007442072160555998,-0.004701071839440501,0.00027682548014110013,-6.250011017600032e-05,0.0003595615755709004,0.011721428134394998,-0.002055239212961999,0.0036585865983774,0.027398304391475108,0.019017882544550703,-0.0030175342684001984,-0.0006137847304923004,0.0008016474275173999,-0.005975083597835901,0.0011156160499043001,0.0003288532490426999,0.0001807070124692999,-0.007349793680427999
0.00013564898607090065,0.014458044854286811,0.001375116970360699,0.0036976679994235994,-0.011943966087108099,0.018217773754634098,0.03165507700547329,0.00028731921123829884,-0.0159687587634504,-0.009933454171478598,-0.0034565774713581007,-0.013678209392038499,-0.0016852841523314994,0.00047807188813559984,0.0004905047563688999,-0.002368866581544799,-0.0008528791251429003,-0.0022316477176639003,0.0011466857185036,0.015031399215183799,-0.012237648416185899,-0.011190519247091999,-0.002745835490510898,0.005151885067743101,-0.0053842588897011,0.0005846196540131004,0.0018450180653482003,-0.014111771979278301,-0.0003169607227536996,0.0009411055309250002,-0.0003405630620406,0.012951262591969999
-0.0003545559967856999,-0.00014204428070829994,-0.008663253421666961,0.009655645965629997,0.009855025386898,-0.0006076080875448003,-0.0014655124867540004,0.002789119423225201,0.0006474159540904995,0.016047234510747604,0.0245927463550807,-0.004527796425263499,0.0011077212845122999,0.00036110072847159993,0.004420727238522101,-0.0037935410025447,0.0084692919060979,0.0014953993126422,0.0015627940016143997,-0.0184613053426939,-0.002280490646628601,-8.439599208959897e-05,-0.010782062305556,-0.0381025756680486,-0.0006316222456330001,0.004607784442552299,-0.0005111611462264999,0.00037922151048199945,-0.0009723672347262992,0.0023648014846901003,0.0026996976048625997,0.0003245651727516001
-0.0008792890092044999,-2.9310412849600266e-05,-0.0018334750648939004,-0.008635426824267767,-0.010441589819299699,0.00012902242861119982,0.0007633437584503022,-0.011827505267447094,-0.0051252820279580995,0.0178797321725902,0.005892094436734496,0.0095211257204971,-0.010384569327082399,-0.0018411738038619,0.0055946282043663,0.0071011090129915,0.0015368187240951,-0.0012549829608969,0.0010377248386108,0.013322704271936402,-0.0008479477647583989,0.0026937598789923993,-0.007333784157615902,-0.012207996385464999,-0.0050612045922419,0.0042930183552358,-9.076289724530007e-05,0.002523083415549198,0.0072479154734526995,0.00015597642860000005,-0.00034329516398579995,-0.001554461641638999
-0.0039386265673443,0.00040918178025819985,0.00012396151296790005,-0.009558370889380101,-0.03681588676128966,0.012423867235509402,-0.006712156072391,0.034368376737015496,-0.004328596134900199,-0.0071299108168942985,0.012179728872977198,-0.016465949082430802,0.0016682997092269999,0.0004583970470452999,-0.0009334542722143988,-0.0038014128802721005,0.0021104772671509,-0.0004931718367290998,-0.0012178465556650997,0.0157322337761017,0.0020172076817170023,0.0026590504351163002,0.005036020108586101,0.0017622882223027984,0.0031055269504242002,0.0081183747625223,0.0025765207229382003,-0.0223511238257612,-0.0020263856758825013,-0.00017707874420769992,0.0022479523259087003,0.008952504967593998
-0.0018145792476965995,-0.0029809988410321,-0.0016270147618227997,0.016608667910818095,-0.0009667265123320008,-0.015668901091407283,-0.011062107969200301,0.0227875244391215,-0.012857083885292702,0.005989612772882104,0.0084875860712662,-0.017900597089694797,0.004104747351894,-0.0008339077829690998,0.0054975342343845995,-0.001990485093906799,0.005407641942755701,0.0036537120566487,-0.0008445880050631999,0.014415435455851597,0.007516073660592801,-0.0039621430076348,0.010348875363575198,-0.0088435124987741,-0.0084082912801595,0.0091867372149754,0.0007670532890554,-0.0198778449590443,-0.004162639491229001,-0.00011596753313000002,0.0022438101561211,-0.0030976228695528997
-0.0029460720015657,-0.001293350381177,-0.00010299841260980004,0.0035759995531715015,-0.0157080957773702,0.010887193184988,0.028091054233218227,-0.006839101238943299,-0.00812759098281,-0.003611868802901201,-0.0036243544266106043,0.0038834354723568977,0.0026167322467585,0.0007577361291880001,-0.0011517497491821006,-0.0061289441072147,0.0067745154863557994,-0.0008901625884650006,0.0008598240996594,0.0115615836817368,0.0060720903869525,-0.0142369698187351,-0.008196934461063898,-0.010294767141639405,0.0028113472639937,0.0105625213225764,-0.0034910399020120003,-0.003406854992009401,0.0002110220168792011,0.0003033385542671001,0.0013657380604901,-0.0002832769082826009
-0.0036553135267344003,-0.0018745092905795998,-0.0011360434343881997,-0.0015015724021616023,-0.0011788123415850948,-0.0069374959028240014,-0.008419959971991894,0.0383911991042471,-0.006161723466649801,0.010892989244234201,0.029831986459604908,-0.013192404349274298,0.0010281730754250996,-0.0009884255326391002,0.004945360718783,0.0084683309010192,0.0008310731528581002,-0.0016445416420382002,0.0005301295722283999,-0.009128646039379403,0.0019802539135391,-0.0011917281500313012,0.00029959776231129956,-0.018361215988684502,-0.0054431323471935,0.0031608108179822,-0.0010899899227937004,-0.0168811203282005,-0.0020145682605436,0.0002660357825935999,0.0007238939875641999,-0.0005486315946978005
-0.0018921608147628999,-0.0012788844894804996,0.0006488082544443005,-0.004596457821675401,-0.0023067033232145994,0.0013791069177854004,-0.014433500824244699,-0.006767146004614801,-0.04700276134484238,-0.0029085949375562987,-0.0056981744443814,-0.002748295902698497,0.0010544970269369,0.0010488504407984,-0.0014213221847070995,0.0077398360557989,-0.0016324807873750995,-0.0037829040520314,0.0009448086485815998,0.005809680011197103,0.0224408769052705,-0.0025607636688025,0.0199629016633604,0.012959333680773004,0.0030780789339276,0.0009232037407125001,-0.0017782746015170005,-0.005951279001135398,-0.0021649582184073003,-0.000326136642084,0.0007129213508676,0.030547895433076497
-0.0010149986600463,-0.0017691599905563,-0.0010968669350566998,-0.0036470645531066007,0.006964747532744602,0.0018538491767825004,0.0087642800421233,0.005709913367002405,-0.0024985477967806,0.020289369707541693,-0.02767637792020841,-0.0048302311953521,-0.0056946579089694,-0.0009363944153661999,0.0030278389644538993,-0.005518976615348099,0.0010517239874244,-0.0006487013968132,0.0004855467287996001,0.022303860941560498,-0.0066750827302217,0.0022882784022833997,-0.009664533382359399,-0.0045629042586308,-0.0009499373626070001,0.004100547334537101,0.0032650122179491998,-0.0031118073888633992,-0.0009022901446653006,0.0010680756633682,0.00017422199163730006,-0.00014873340325659984
-0.0008176003726204002,-0.0033801011248084994,-0.0021226086129026,-0.017604171462283796,0.02004735366996399,0.0033777675889795997,0.011301208368928499,0.018850126237108994,-0.0019115413501376993,-0.019561578235414434,0.03756446626479851,-0.009132596043088002,-0.0120236390077192,-0.0029143295286718,0.0028277606263978003,-0.010641935489754003,0.0015892205785043006,-0.0015134678995228,-0.0007028980916052,0.0330558487253195,-0.008268195104540098,-0.0019350718352193989,-0.0230898337234669,-0.0223761140215605,-0.0006234022947540999,0.005965668727837201,0.006546859032867201,-0.0029028628191133006,0.0014510896937917992,0.0021562168185244,-0.0007572892292172998,-0.0024543500866219987
-0.0023907443977175995,0.00043410809283009983,0.0010315416655088,-0.0023634366088569007,0.017663688239153902,0.0090261787695447,-0.001513712990531501,-0.0097203845871124,-0.0089130438823119,-0.019403019622860306,-0.04021429961250721,-0.001522956838428069,0.00025807365944770233,-0.0016918541628443994,-0.009876994853109097,0.0043701906306118,0.0020309847306619003,0.0011177723698967,0.0021794481353373,-0.004824094964531001,0.0295744487468646,-0.0046337766738504,-0.007635045496395598,0.018865697658632802,0.002304605712201001,0.0018876112371098985,-0.0021062627028647987,0.004795857733028798,0.0004777681822287997,-0.0010025254493103999,-0.007202835281775299,0.0289970125619476
-0.0007738125198143001,-0.0013228536292342,-0.00015588134283339976,0.022533165408677,-0.012132343318999705,0.0013203047628437001,-0.022929065710879194,0.005699240896824796,0.005229342900064798,0.005332152899363299,0.005931821641742201,-0.004861515366877296,-0.04272187657487203,-0.0008021717137362003,-0.004728920824695698,0.0016609548704849004,0.0022089641673433,0.00015946243063209983,-0.0001196707698884001,-0.0026249912933712996,0.039698350879183,-0.0006950867376808003,0.0158079794619709,-0.020148357299186598,0.0010761269999594002,0.0006956358836354998,0.0041848906090941,-0.009359271063056201,0.0033310844201986014,-0.0009297835646973,-0.0004099223535843999,0.0098460458513896
-0.0010708799905815,-0.00014527335176170008,0.0005636414669728997,-0.018601971615202797,-0.011169576731227399,0.006756233692408099,0.0141278686330002,-0.004778460656282905,-0.0008081715606395997,0.0244434849910879,0.0464077631061012,-0.0220801808842199,0.0093427500464221,-0.00466193388402969,-0.007062028189247902,0.0021791124098814,-0.0005467075892812002,0.0003930859164778999,-0.00022738681361190007,-0.026638195752967504,0.004472711523210299,-0.002453078839088199,0.009831758953064,0.002871554565910303,-0.0029207810051412996,-0.0069111337404813,-0.0033548084502692,-0.0101897644839514,-0.001570422173538,-0.00032327311779779995,7.078096545570008e-05,0.0040532825593291005
-0.0017156326606695,0.0015967310107616003,0.0004975296850468999,0.0013793803120209988,0.0078924086931344,0.00045376063259769915,0.009791923494130501,0.006325227912739501,-0.0030371405598610996,-0.005238284356606702,-0.023782430645940898,0.0033107393201098,-0.0027203991630777996,-0.00019052724627719982,0.011077150048082962,0.0034485821503732993,-0.0012608271908912,-0.0020833295663955998,0.0007714529892961998,-0.0019503454012287993,0.006391782846556102,0.0019679460209752,0.0053371641637394995,0.004283453750372399,-0.0020792012194556,-0.005252586553929001,-0.004220774450478399,-0.0026232245044921984,0.0028192736118147,-0.0037509319881454998,-0.0063858636030494,-0.0010530075312528003
0.0013169585520855006,-0.00021636898545770002,-0.0013607540721341004,-0.0039025648095503997,-0.004292814487756702,-0.00021398517252920086,-0.006456789740554303,0.0005117382172134984,-0.0148179620987747,-0.0013144723874600021,-0.0047640755140189,0.0027189354616750025,-0.0003111843316786003,0.0015582350988523998,-0.0018416608347412,0.014100050351133209,0.001991957515218001,-0.005053536435050698,-0.0002477730836005002,0.004688666133175999,0.006265096432150001,-0.014735353652285801,0.006294284017749202,0.012118486940077802,0.002557621165549799,-1.4079161927299869e-05,-0.0041255552690921,0.001850604551904101,-9.296165253730015e-05,0.0005012678172134999,0.0007575675444208001,0.0065304218907308
-0.0219140213759212,-0.0004258765537560995,0.0005201045456253005,0.00040582440285290115,-0.015072884016489,0.0007324784187513998,0.0025140739463489978,-0.0116886367309263,-0.007713308372791,-0.0097473974439379,0.002570824993795698,0.001156196563461203,0.0022621229071265996,-4.400265786450009e-05,0.0003937919188331,-0.002343132760348001,0.04722069107892246,-0.012837234047149995,-0.0010458658328173997,-0.010503780248643103,0.008341388923966603,0.006716071267958,0.002134317134750291,0.014344516876473902,0.007539241628121999,-0.0026628077461593,-0.0022071327756456004,-0.0080767869505604,0.0029657732546368998,0.0030858088786991002,0.002142001325457,0.0012376394472284006
5.1084495434999735e-05,-0.000854539050619,0.0009772766395376997,-0.0038039727077738006,-0.010663397358371402,0.004500810440238801,0.0051128938449354,-0.0119397676517659,0.0018943928386833007,0.0003220778878998999,0.0144209362910121,-0.0234659616670448,0.0031137071001687998,-0.00033382046087819983,0.0013915257912478995,0.0005662394266679003,-0.0006514773013568016,-0.026300562830514407,0.00045330456282809974,0.008490449246682803,-6.684256667620347e-05,0.03576122890043419,0.026777670656214198,0.002562316238784501,-0.0011709969132911013,-0.0004597571371767993,-0.0016073547814593999,-0.027520191241825503,-0.0071702854071028005,0.0026302623836515996,0.0031058628510038004,0.003876887480430302
-0.0026440905735302,-0.0042746709585289,0.0016413956326474,-0.007316556083611999,0.001991900998355299,-0.0014313026964755003,0.003797777496045599,-0.006012211981611301,-0.006916044377864899,-0.007306884995760599,0.002852149897221601,-0.0017825198925781995,0.0004293829017623001,3.154301473560009e-05,0.0009998719038198998,-0.0013062084224871005,-0.0014002177720332997,-0.0005542825440143003,-0.01785030606918958,0.011476787450607498,0.006677689586615999,0.00012201902488589988,0.012495561113705901,0.014022697085164994,-0.0047042209128012,-0.0017649595024079997,-0.0017165321748014006,0.0046503421425322,0.0010632284733366002,0.0010106725867607999,-0.0009726335383678001,0.004690623187866699
-0.0014821499151937002,-0.0025009449356974997,-0.00035675313583590027,-0.0130472331171597,-0.012642485498025598,-0.0015036928759296006,-0.0020565036145778013,-0.006809503259449199,-0.004788666018815799,-4.7681429054900054e-05,0.01033490408058,-0.0030851152876544014,0.0017379399558780002,-0.0006268000749335001,-0.0037189264591215004,-0.009964849750944,-0.0008963014962737998,0.0015557669287013,-0.0008122550393281002,-0.06945081770108608,0.011410830506722598,0.004264884152399798,0.050761990998430984,0.0368814808316396,-0.0010768837392985996,0.006074031507172201,0.002520583554574101,-0.007323377697252699,0.0011780325660459001,0.00034221776431119975,0.0029411822660452003,0.012187095933131602
-0.0049269637165034,-0.0027810484582716996,0.0016714218262616001,-0.0101326229519267,-0.004766930399411298,-0.0011454996716780009,0.010166224525376105,-0.0067874830257269,-0.0053205117849169006,-0.0101672337019957,-0.006173759380598401,-0.0110682141120668,0.0013049925672439996,0.00036164056069630003,-0.0028125261687251997,0.0017865333484126979,0.0025222893912588,0.0030221084526735,0.0008527196538080997,0.0085716945224057,-0.07017787457129221,0.0037361526021721034,0.053931487953887386,0.0535584455793703,-0.002589161101083301,0.008469260937963102,8.935131655310024e-05,-0.023653936446859404,-0.0032441263668959996,0.0005935624601444999,0.0062839365889683,0.008826069570755997
-0.0016207436435823003,-0.0008230947529731998,-0.0020073562493087005,-0.0020367749834769005,-0.0008778399102851997,0.0009286093864301001,0.006618282360145798,-0.0025556196084849997,-0.008579459736251101,-0.0035332038850414,0.0103496703679062,-0.0177602250197628,0.0012574146719080996,-0.0018427815456205,-0.0002446290844467999,-0.014091371918686502,-0.0033478590702313,0.002694047597248001,0.00028374923249140094,0.020384889931713005,-0.003928625412553302,0.029311458479748476,0.01062576267209861,0.0071608192551894986,-0.003758048137525999,0.004796299455501601,0.0013709711418321002,-0.019452167200473103,-0.009135767323536199,0.0010441395049389,0.0018641230093178,-0.0030946695842294994
-0.0008805218031911997,-0.0021731537299265,-5.9669420306299355e-05,0.003437181328140101,-0.003740687446341,-0.002427233210189802,0.0029195929488907008,0.0086937043333767,-0.0073170075578577985,-0.014980551577154099,-0.011968563103937999,-0.012479494261253003,-0.0003984672249697004,0.00041868652875310004,-0.0005066597767146002,-0.0276417912544729,0.002052250668954798,-0.0016935523911948986,-0.002421385382887201,0.0310552114121737,-0.008751673153858705,-0.0165351604842146,0.06905068927182739,0.027932810319024497,-0.0083005380300827,0.006550774522728,0.0050758339381207,-0.0211083604944022,-0.0094318027887304,0.0022736072253951,0.0065893031427739,-0.013233372548473503
-0.0035886347252311003,-0.0035608982847761994,-5.170310182279949e-05,-0.0117528741727343,-0.0288327384615292,-0.0010456247616582003,-0.0061977494093041,-0.0115786191996087,-0.009211847191370099,0.012161838948731301,0.0083715979055559,-0.007845571579172598,0.0006438149294344,5.0984333831000615e-06,-0.0029327095031367,-0.0283253879791015,-0.0026687841424446,-0.0028318103414118993,7.971993782729999e-05,-0.003594121405640402,0.007598016842360399,-0.016329534226880202,0.0350196546624888,0.09343002430539177,-0.0025471087687222,-0.0016294468432563984,-0.0046140002278997,-0.008919627898203698,-0.00047618076916550005,4.488923608669988e-05,0.0012447367126957997,-6.441892088510093e-05
-0.00014912193835579964,-0.0013270590101183998,6.029915234050001e-05,-0.0067166225945096,-0.0250030902812792,0.0024097121887976004,0.000527010887863201,-0.005767261964746702,-0.0043325798403911,-0.007410610560875202,-0.009693580161478,-0.00011374276312490009,0.0024944519193489997,-0.0011277782831589,-0.0023327930587181,-0.0293523961035054,0.0102860255155563,0.004166999726724099,0.0014845902911498,0.028740929273879497,0.0105056142526723,0.004253998244984798,-0.010059790606075793,0.019727624708164103,0.012722116577690401,0.0040837640187156,0.0044555448948799,0.0012758668774580009,-0.0012825692410522002,-4.755046405069993e-05,0.0007716581931707001,-0.003249659851956202
0.00032063033293639994,0.00022240076713370008,-0.00023841274916679926,0.0038839741372607003,-0.0073708337158803,0.0031536236890472003,-0.006217231666431599,0.0092869929279169,-0.004694870775496199,0.007076005313698499,0.0057607774938855,0.003551037457156899,0.0039516826191242005,-0.001749835782596,-0.0020231829469511,-0.017369169967364498,-0.0021118560836197,-0.0015103976535783999,0.0021365667753893997,0.0207271744384845,-0.015131593369528996,-0.008194646356845803,-0.013206352433729501,-0.004300685776142302,0.0016279398395948998,0.015389959399498387,0.005742964476036401,0.003445901921078999,0.0007343523111349986,0.0010336921285530002,0.000951472203443101,-0.0048780789540422
0.0014145912967475,-0.00015388880641369973,-0.0012219106521480002,0.008249328642416998,-0.0027743463818317993,0.0059537128476588996,-0.0020151698567811016,0.0156900256874782,0.0032755654554467006,-0.0097962902391679,-0.017671451143419798,0.007304943968028301,-0.0015708903640539,-0.0020718053188303,0.0034884027567999003,-0.017531150865728498,-0.002179881793104,-0.0004384316177589,0.0008545427945537004,0.023808105561170204,-0.006994323737651503,-0.0113809824496537,0.016403854345102095,-0.011971942529608107,-0.0016052238877740997,0.0190037334907544,-0.0032607453413827092,-0.007148268602314302,0.0043354260634491,0.0017833486607378001,0.00022779969259820003,-0.0120066776753195
-0.0046049766231642,0.0005523156676596999,-0.0007783020529168001,0.0025655871398596007,0.0060293870609281,0.006998149581910001,-0.006545047648301602,-0.0107129862640344,-0.0180499988668945,-0.023131880936752697,-0.018411363283827704,0.011306212393192298,-0.0005081127919453008,-0.0012862718555166001,-0.0055629943108262,0.005277155372483099,-0.0023112761219708997,0.00025289297614700026,-0.0012672377615338005,0.00024045427219679394,0.0088544925379842,-0.006744683786565599,-0.0158171102844682,0.0259068732337861,-0.0016136309241379983,0.0011404088210507993,0.0016691222053872995,0.021238865973902232,-0.0009608793827817,-0.0010750543971459999,-0.0048455395774251,0.032195429633721795
-0.003964252555440501,-0.0031029235845115005,-0.0015345863690130997,0.0152674707610558,-0.010709372988829596,0.0023311652993503003,0.005891024525419302,0.013475375981798,-0.0019719344979081017,0.0009507150071095989,0.017780422904229497,0.006935942312557199,0.0003264568187324006,-0.0003881076084883003,0.005932704991216502,-0.0043033123183235985,-0.0042191404077817,-0.0009335150217743,-0.001534769839358,0.042310267810524105,-0.047228394706309795,-0.0031149502125395996,-0.011090496085488,0.0340931663000239,0.0012465064982948,-0.012149468098882999,0.0012864117586980986,0.008774793434085899,-0.02701880739409379,-0.0002640566056988005,-0.009588722023829502,-0.0134856140848245
-0.0007874048738304999,-0.0010521558255421003,0.00014468659022849996,-0.0012724711544313998,-0.0008804467477438009,0.0012350994706528,-0.003296789921077497,-0.0017552881581552986,-0.0016343163945904994,-0.00031642735643980235,0.010535399880899295,0.022458298887062095,0.0070128982268338,-0.001036326764952,0.0013874744109908998,-0.0048706693121902,0.0009502114174223001,-0.0005256197839023998,0.0038310552816994002,-0.007446894573765794,-0.004307954123828402,-0.012314395365874298,-0.011013934766959,-0.0156980345869085,0.0016829867932835999,0.0010531321904928004,0.0010016067665095003,0.032040950913481595,0.0033918635874410005,-0.011734815844430035,-0.0024378820914097987,-0.004343836770965701
-0.0013762887054001001,0.0001908296267933,-0.0021858826177467,0.0046123088091916,0.013404272323111099,0.0022242572120159,0.0089614055762719,0.0044604330096942,-0.0025273869130773997,-0.0014784545064299003,-0.007378362439902,-0.005772888123643301,-0.006156377692375401,-0.0012506802455133999,0.005312359381833401,0.0024985794874391003,-0.0030117383750735,-0.0005559191891392002,0.00018844259240340003,0.016428870943815302,-0.0276392539684402,-0.004087608869826199,-0.010500037402540699,0.011159538135202499,0.0022568531232663004,0.0011812545087035,0.004602012851118001,-0.014546931568545599,4.886109758900012e-05,-0.0008389304217485999,0.009985951603989407,0.0017905107569649997
-0.0048672745137168984,-0.001557170364475,-6.262554242299993e-06,0.0080703363430665,-0.007861946664058504,0.0023422863838258997,0.007028700645060698,0.0138967075696225,-0.0061135295645158,0.0012070830513552008,-0.0063185536558523995,0.0018602393044826002,-0.0007652991432736999,0.00048647497145269994,-0.0009875424428763,-0.0183446532739781,0.0004412724373688993,-0.0002992035174536,-0.00021424925467120005,0.019960715022431998,-0.0031887421846805014,0.008471516760607402,-0.005382051827970899,0.027619331204438304,0.006316910174535799,0.0011353177484550005,0.004582855299271001,0.004581408217464901,-0.0010876237372598996,-0.0006463166986667,-7.014421826119998e-05,-0.05029059151748627
