0.61457933862217,0.027818971121276,0.00860843222755193,0.0146845043444308,9.7757321527703e-05,0.0046689342222994,0.00710300262046775,0.0129134773851467,0.0412266209640674,0.00677814117725195,0.0212307996578105,0.0176330834980617,0.0298959274304573,8.78232388419107e-07,0.000310139246179263,0.0172872440218715,0.00319948238652944,0.00212670475114321,0.012781738581634,0.00464630644475278,0.00505004781323374,0.0127554341916359,0.00131739183290778,0.00285789834239333,0.0133914275748968,0.0083027515007989,0.00543612815790837,0.0547751960885796,0.000544737210905632,0.000385301043933222,0.00176496706398266,0.0458272349218068
0.00555793345894044,0.516686121815863,0.00745681378544475,0.0378822169494792,0.0595109223717046,0.00586575604354091,0.079582369845842,0.0452641624835757,0.118736121834773,0.00195456155221039,0.0048835502398629,0.000659307642706828,0.00401371419982665,9.97752696293194e-05,0.000290657918460359,0.0162463470059321,0.00627060909177244,0.00137980006206247,0.00677895188822712,0.0121167517518257,0.00953682777769729,0.000721228491258947,0.0046359190856566,0.00534076784660353,0.00194383520572781,0.00532139281254938,0.000888815843405498,0.00309707013580478,0.000116773205957239,1.18101681786269e-05,0.000246035093503794,0.0369030791219766
0.00471877094987008,0.0222840100434363,0.730401772946275,0.00110176115565256,0.0142157249166467,0.00778197805548455,0.0419983796277686,0.00278757350038534,0.00685470998300306,0.00308590870482893,0.00339618317053894,0.00669508754363675,0.0257239203909228,0.000341285791410767,0.000688640793616684,0.00431962744332889,0.0150136759694491,0.00165891107790228,0.00208427396097377,0.00109058857203283,0.0276064869964241,0.00116851448896067,0.0201719365907452,0.0104736958091054,0.00146615313246125,0.00715302674259251,0.000409527825806603,0.0188954628183796,0.00135301294469589,0.000323656244440538,0.0104606907148733,0.00427505109435108
0.00621284631481046,0.00515626541515019,0.00689749088838488,0.525487877923702,0.00419297818440774,0.0579333201704708,0.0307877561040243,0.0410408058200748,0.030007228543389,0.0400150389367094,0.0324273620438922,0.0211324867460069,0.0222010675192697,0.00326020700360852,0.0178335033142142,0.0995672396010216,0.00509655791366743,0.000158133718839745,0.000919893921215252,0.00331095843064137,0.0111528172209655,0.00309215958152082,0.00433609945667454,0.00238951601809162,0.000897529491994039,0.00344357181189235,0.00274206461353205,0.010138106142707,0.00226996423200514,0.000285441302562693,0.00426326431310032,0.00135044730145363
0.00477467605906679,0.01310710218223,0.00432731787321471,0.0252276766495131,0.683383574624116,0.065801419428427,0.0163538134229869,0.0499401672726721,0.0150303645584808,0.010618899581915,0.0189239170029732,0.0027713469060404,0.000538127445838024,0.00399905316585259,0.000634836210966247,0.0288761368837666,0.00401632905732896,0.0020365795685921,0.00183649620685781,0.000205149532934784,0.000168209590410025,0.000328467571478532,0.00275207075341631,0.000107559398457817,0.0100789168640047,0.0112236554507291,2.31735788838017e-05,0.0135372716813449,0.00428264328687594,0.00131180479494212,0.0018029530090323,0.00198029038665122
0.000321423478035012,0.00385679042147567,0.00144758687261232,0.0120580374272081,0.00509729876604518,0.65830695622782,0.0710212449247698,0.0517126266307319,0.025231437073973,0.0537478353863537,0.0393985243130374,0.00731868594899789,0.00267596689416573,0.000421017696607488,0.00558771329556189,0.0115281406705509,0.00241435812791433,0.00015401246190149,0.00446469348054791,0.000188695515541198,0.00112631074828484,0.00086612510270553,0.0027348945386408,0.00257767752171964,0.000987509086008374,0.00776271668786348,0.0018184797134769,0.0110193061748951,0.00438199092703576,0.000977646523402124,0.00850845191354657,0.000285845448570348
0.00300687941892626,0.0119707708463198,0.00462891175586083,0.0308598668014712,0.0663158893347626,0.0267022686750814,0.676634662438817,0.0550569723134092,0.0222587738905029,0.00171083966292542,0.0208080572513895,0.00507175400828726,0.00188468647187139,0.0075725585110012,0.00148388603853805,0.00281152240676496,0.0103909855453748,0.000956121501661822,0.00215855053115611,0.00131411579368691,0.000185886584852695,0.000930140512799097,0.00529992757429105,0.00436459216128416,4.83125550316567e-05,0.00761529149214341,0.000684943304036597,0.0120976615176843,0.00915907399302902,0.00155995231958052,0.00367862420966036,0.000777520577798625
0.00663276828961399,0.00706229893984906,0.00138043446458625,0.00479000167989321,0.0100993738930442,0.0351549982200353,0.0326498411015137,0.686059670645487,0.0309826835748725,0.0283797880552599,0.0235180940988124,0.00331227750362169,0.0161393060282398,0.00404982423312188,0.0180614007710446,0.050979570229961,0.00629278920278695,0.000471465044352711,1.61962107871999e-05,0.00763954857162471,0.00324182336259006,0.00180571361680593,0.00397649129161044,0.004561374481022,0.00188590528200419,0.00119865066656286,0.000842590501212844,0.00374636780765008,0.00154478579912442,0.000126800149794779,0.00223746304758444,0.00115970323552941
0.0456181488624349,0.0173532903112019,0.00513258354406173,0.0163598112011851,0.00199841570819893,0.0315384309410116,0.0616904325317912,0.0187123848237084,0.603594992601618,0.00433228315570217,0.0143863046590015,0.00734681382242714,0.00874551364846308,0.000392882457022996,0.005626877986954,0.0191162948034374,0.00364905945492585,0.000724775473438317,0.0144106189404203,0.00111702807294734,0.0408122327566266,0.00377359371012868,0.010599799955941,0.00735917309837,0.0201875283856872,0.00240998963418118,0.00269175657326109,0.00818892194911323,0.00259950521562061,2.92324915952879e-05,0.0110575732882458,0.00844374994127791
0.000101921517823191,0.000778102765357862,0.000229978343529697,0.0307649657420184,0.0128362489467219,0.0249071356710507,0.0160849241066547,0.0341062416398512,0.0383219795990159,0.695677547630221,0.0540147775895298,0.00476021080597681,0.0140249252734396,0.000774787027858929,0.0074614649403925,0.0413840848798833,0.00093892943535574,0.000140928735518678,0.00081344385840652,0.000661989658161879,0.00097187069824596,0.00281373202065932,0.000515754607302728,0.00122070613907058,0.00125464846546366,0.00350021070287763,0.00218830543985061,0.00582104939628207,0.00031276411208909,0.000176896276762135,0.000439216600658972,0.00200025737396917
0.000219604769221332,0.00467540219217167,0.000550027573912755,0.0352671576902438,0.00231979396612935,0.0347501716104008,0.0341290334733041,0.0093723527701781,0.0279112298435931,0.0465299174893878,0.557106037234436,0.0229539914411604,0.023582426706765,0.00354993116560168,0.00569917913293822,0.0803800683577253,0.00188085456302299,0.000963856495398809,0.00424253640693718,0.0119040215184957,0.00904326432579681,0.00674236085756236,0.0127658116093585,0.000558274709691865,0.00432069576539287,0.0112353538980876,0.0037199951895286,0.0272579930158284,0.00200218937613249,0.00278575860921894,0.00793495384101644,0.00364575440136108
0.00172012655241954,0.000857076731230745,0.00548785230442276,0.00251518629172939,0.0643800182248793,0.00631377299602713,0.0240376891779384,0.00599917747156017,0.0412852047392601,0.00180984171705563,0.0156158346629066,0.56807903323565,0.10211333795247,0.000261173844773839,7.12964507421245e-05,0.00425385359973331,0.00493239783694099,0.00283288657117454,0.000764829420213452,0.000875699614993446,0.00241682439660625,0.00165029657605566,0.0124794617999704,0.000550567863022484,0.0409394812816661,0.0127474391873316,0.0110364387412254,0.0180136236154895,0.0350613540867045,0.00205460156751929,0.00667609112172272,0.00216753036656502
0.000631062197517402,0.00189756236842057,0.00723986912473224,0.0162258540115142,0.0116818342134522,0.00211346837384165,0.00695237146951871,0.0231177482735429,0.00896612134332355,0.000593597975003834,0.0182385887813676,0.099280540030654,0.701380086222827,0.00552803179797703,0.0141942767752785,0.00388458194640011,0.00302279045415611,0.000176642882437555,0.00182450011590165,0.00604990523520021,0.0037992829148131,0.00356065731760794,0.00014517204693636,0.00244804118341756,0.00138082689480299,0.00622355600698986,0.000688810201770596,0.0451137596319481,0.000408016931463045,0.00219757664849144,0.000509816401536772,0.000525050227155068
0.000978921257414732,0.00203256381588896,0.00147118333516036,0.030222705793364,0.0023907182665633,0.00777221099743713,0.00594282977006057,0.000478663103588417,0.0129085865702055,0.0125939874316846,0.0261410750119208,0.0260159687476749,0.0166287160554071,0.770187512854895,0.000747945833669324,0.00537713623689743,0.00249819609515564,0.00137464444469655,0.00163272566215589,0.00119314587747057,0.00408769516065427,0.00307550245046812,0.00443511476305644,0.00342501299336994,0.00116660046160397,0.00252214055321902,0.000612063039992138,0.0468911346150047,0.00204479738758017,0.00101983630621124,0.000534990717639024,0.00159567438989049
0.00197568767939002,0.00393972909926486,0.00174931915028969,0.00485935674530383,0.0117814186686014,0.000563105025254813,0.000810846983971214,0.0313196116666309,0.00828233268980369,0.00381000767322895,0.0058527594455891,0.0243896359464132,0.00794560763609767,0.00203810580232128,0.81197625819545,0.00505407438321246,0.0026588811507373,0.000279240138287847,0.000215213016121735,0.00563402736169829,0.0240262689567548,0.00452755048419065,0.00471193907745001,0.00197685026746114,0.000489373213833058,0.00153346479841573,0.00479713989126826,0.0124744064067024,0.00140951244448397,0.000712216411630043,0.00174662640114834,0.00645943318899354
0.0171743580015934,0.0138159039469621,0.0144602106944158,0.014873415549336,0.119997776026645,0.0441970920040871,0.0275520345482359,0.126004675825114,0.124557788156321,0.00468710268288842,0.0134335064190818,0.00324758723366059,0.00680204279557149,0.00449306331031437,0.00556897918414672,0.383963629083282,0.0044583385639275,0.000551866444065923,0.0176836819328145,0.00404046645788534,0.00620663279932611,0.00285738900477787,0.00820139335208319,0.00721570871536388,0.00200913094066373,0.00508398067961799,0.0047723600461284,0.00182922262643256,0.00268766269840693,0.000607398482579154,0.00625885823555236,0.000706743558719561
0.0420310074888127,0.00135705955015672,0.000335414779354519,0.0224648365799124,0.0838715379860634,0.00783417313093951,0.0517012485179319,0.0199762837157367,0.144695473416657,0.0015701820090516,0.000436446289794864,0.01053559362497,0.00160411792980675,0.000494534958003824,0.00331045179392408,0.0200420701910689,0.431777294115216,0.0405330767442295,0.00781444099947575,0.00142677999364381,0.011530637279799,0.0115573849597093,0.000887162527406725,0.00261083093352158,0.00256052477212761,0.00335915961574421,0.000681829133801737,0.00177327237245998,0.00588142291098393,0.00183756917026356,0.00102991944394453,0.0624782630654874
0.0187728662618909,0.0159754694157798,0.00507293697540747,0.018978863699647,0.0269327059056125,0.00273455836077746,0.0234470042271216,0.00517596473062249,0.00185682277923918,0.0254201346901971,0.0120952062470958,0.0529262185652506,0.00923887486392666,0.00113013129893718,0.0175561813854371,0.0124975507622158,0.0211441954062192,0.594206141743177,0.000775973663478304,0.00130757676819158,0.0338951138016898,0.0228802328110315,0.0317985158157509,0.00824196440847523,0.00775088563665241,0.00248776677451488,0.00122148897852276,0.00301470924546589,0.0113888505533243,0.000645509826552507,0.00203503549073585,0.0073945489070597
0.00448266933862667,0.00894388640945191,0.00667757012309344,0.0240791158936096,0.0390976971914508,0.00633125779511918,0.0243510692744265,0.0256977092639015,0.0578956468337899,0.00985690027343857,0.00448852095443257,0.0148199724946979,0.00185374046665934,0.000783428258121486,0.00197682902926772,0.00486586283866901,0.00722975662372006,0.00674779044825416,0.638208323477505,0.000589305314978694,0.0390247227986405,0.010649688741697,0.0181973453897798,0.000933248169714332,0.00334246081787501,0.000754625040371123,0.00389028267908953,0.013608891785459,0.000762373868075401,0.000426602479254464,0.00586919610508842,0.0135635098217411
0.0138024382109717,0.00327741704682749,0.000524358804864483,0.00655026268139997,0.0499366649252574,0.026023692639963,0.0254444817550798,0.0123807499035521,0.0826880174397158,0.00854656135440859,0.00827714733768674,0.0130548039877736,0.000372669918634756,0.00276448630329955,0.00130562837088505,0.0449304181725373,0.00112677794041733,0.00320084266980741,0.0382658883758971,0.497179060075448,0.026761397809537,0.0345492169307235,0.0228369937471541,0.015211374769069,0.00668692609984848,0.0191477898262633,0.00972065378149614,0.00401989822898735,0.00213902974917656,0.00751641097803031,0.00131568348536505,0.0104422566799215
0.00171596134145006,0.002588268017058,0.0011008128680089,0.00628948308018395,0.00845791736041166,0.00369365328276399,0.011748263376738,0.00114567472857954,0.0366337120970323,0.00242946212162843,0.0117617891981708,0.00489031134808699,0.00617138513653657,0.0016312255960873,0.000729981658572226,0.00131349403724943,0.00689290497686071,0.00930340280027334,0.00265451780364446,0.0297729520319456,0.699934950034606,0.00206351182885563,0.00797238867177148,0.043029461800268,0.004633961268112,0.00285443307757918,0.0022147226618224,0.00426920539478453,0.00189352185732924,7.08406574750621e-05,0.000195936925967473,0.0799418929601466
0.00490147326151609,0.00352558393789021,0.00039704235729832,0.022421752315184,0.111758778416407,0.0208182738042843,0.0100589540421276,0.0111151354627912,0.103963026350378,0.0447682797477102,0.0215673227589876,0.000423548315843112,0.00231245369830943,0.000232282453204092,0.00179711273168339,0.0303179334772707,0.000426719347444086,0.0117777479251736,0.0301268859435041,0.0532181141261747,0.000746615033821893,0.430074583840506,0.00719932055008524,0.0048586320178869,0.0549220648578082,0.00118810232201761,0.00225096147388908,0.00146227286950996,0.00307315853484371,0.00218433857571909,0.0003266139091691,0.00578491554156122
0.00351077887179307,0.0029388279514203,0.000975290501270904,0.0116491606965439,0.00562286499580082,0.000109664487836965,0.0231786009604351,0.00223948618094506,0.117575428874422,0.00348542465884222,0.0176417017740162,0.000370425827852668,0.00588257033192986,0.000345972268251639,0.00234772290129831,0.0182697260490537,0.00696569475103005,0.00552272646987404,0.0173963205336973,0.0217454770545795,0.0308720564284251,0.0379559810399831,0.581033102284855,0.00637207900189273,0.0209804762398374,0.00410654703852251,0.00240765286149886,0.00449766465670225,0.0012966169386551,0.00151748591370287,0.0055301852915222,0.0356562861635091
0.00400546609470176,0.00329655637781642,0.000156738531574767,0.0131387294456246,0.031407477027685,0.00432276408084079,0.00645037090030022,0.0177848865950866,0.0391445655375248,0.00526658591514178,0.00516236228207257,0.0147964910787504,0.00378973578274578,0.00221811415321945,0.00398167759954706,0.0147088082423001,0.0021489518812805,0.000537901062298555,0.000105565663352782,0.0242979421777373,0.14254580893053,0.0108242657476635,0.0707841333684612,0.491567399990873,0.0178503774451605,0.00450924092546625,0.0186015112641479,0.0101680448372632,0.00901990377055891,0.000205398050130984,0.00852811056001157,0.018674114680132
0.0498768123554421,0.016431831799047,0.00275001805468499,0.000895813223960494,0.113143582357605,0.0186393689273073,0.111288575488413,0.0160609645856105,0.0149468187966407,0.0120655103533441,0.0157708160315802,0.0666778226982346,0.0208265537069715,0.0010634380576204,0.00451890461940959,0.00301267413067187,0.00215721287356962,0.00232707330685695,0.00522996654113464,0.0085906617536143,0.00902539246307707,0.0118397919704895,0.012034181960204,0.0222598566145619,0.442490328362375,0.00282225654612288,0.00188934554819563,0.00133189294901204,0.00921822232322979,4.92543411972291e-05,0.000172723094538618,0.000592334165277618
0.00187880642126568,0.00193776119092627,0.000316802827833355,0.0328660672736854,0.110729750715615,0.0190552691109249,0.0182146369726743,0.021415198486631,0.126022940001973,0.0406782779991307,0.0194249805222846,0.0013228381870857,0.00204798613373974,0.000811252255734226,0.00151866743978838,0.0343491825514751,0.00301113311286914,0.00080609173127922,0.00648913862070624,0.00704937499893325,0.0532413250652227,0.000759987690537539,0.0427403892241267,0.00158332014710643,0.0191630660494888,0.422874860331702,0.00182200290578162,0.000250926389275917,0.00200427113319089,0.00157751140522516,0.00189456606283581,0.00214161704095147
0.00202648067980363,0.00157875061888364,0.000100329744766328,0.0372472457584653,0.125267254741157,0.0157509367558813,0.0318227153741997,0.028300752694285,0.105054289552548,0.019950822663566,0.010289317582303,0.0285865695742035,0.008134512779161,0.000376863618184367,7.42085724805459e-05,0.0176571011310427,0.00118671344411166,0.00113606195543239,0.00465843097708043,0.000804579232655604,0.0268427595265696,0.00168643265303909,0.0130676988774031,0.00173836197106258,0.0134076090964112,0.0495886972733031,0.421135707126098,0.00923976036495235,0.0154854218673843,0.00371890549932524,6.86740764925934e-05,0.00401603421774765
0.0030057598152535,0.000830327074354051,0.00560935359429267,0.0038818725865049,0.0729029670876868,0.0163590304413684,0.023972913859821,0.011136572442957,0.0633314033825425,0.00386817982096412,0.0179673922716377,0.108333313725504,0.0773785491512139,0.00175110674437132,0.000541174935681712,0.0120519739149852,0.00429392907418684,0.00336210861978163,0.000742155216637525,0.00102432066141639,0.0015217571588129,0.00184528740042965,0.0101538260516528,0.00374135711162525,0.0441525918228814,0.0138095015749479,0.00754819619134646,0.427474277317542,0.0416650554422452,0.00573855414424668,0.00761663531090705,0.00238855605220209
0.00480801724625243,0.00104952857532259,7.88433872190344e-05,0.0556546253979696,0.0895440362432103,0.0296785060868952,0.0201720106641254,0.0418983803664677,0.108137537822622,0.00648285562761821,0.000888531714181281,0.00412663414703885,0.0294377330439505,0.000422159050602344,0.0101743003565658,0.0196771252860813,0.00547359859844722,0.000129092791015693,0.00209866866096875,0.00143646641638488,0.00886844665997643,0.00113644916727277,0.00142479743907934,0.00014266909872907,0.0125386529322739,0.00741652627215451,0.0184954627651513,0.0185887504199262,0.411636776497494,0.00079153460304696,0.0825321703763819,0.00505911228557486
4.2132357272245e-06,0.000359450404738656,0.000295298443428316,0.013360923448835,0.0190998190634684,0.000416382894167091,0.0409316475785667,0.00657662729910529,0.0290960287880618,0.0274220393562264,0.02598297103265,0.00315337623643606,0.00635261648889607,0.000692862107209525,0.0190726464018911,0.0108104160808173,3.39079233003792e-05,0.000344834697641115,0.00153743550838602,0.0104894584385339,0.00308190442882632,0.000630722019625396,0.0070248667254434,0.00139842592867632,0.00703595268155691,0.00485219045307211,0.0137041457817591,0.0153311897139417,0.000170381924967398,0.721331496809912,0.00551548006422408,0.00389028803990927
0.00172875197496667,0.000848842175442587,0.00139368606765889,0.0298103517849689,0.0477369077218685,0.025769084379936,0.0132686100546257,0.0437923044451042,0.0555260417401859,0.00201203418973886,0.00302470854737793,0.00647049849235604,0.00579497525826174,0.00136403003177423,0.00284064329141023,0.018656505304408,0.00150152100241792,0.000268713870667517,0.00728952394007893,0.00384657551841513,0.00642967185417055,0.00191953238925834,0.00246497371557627,0.00480737920033103,0.0089477769275106,0.0173305364765022,0.0149589098279663,0.0228428736492453,0.000707337585633524,0.00239715711255275,0.644186555986595,6.29854829939005e-05
0.0140249175899406,0.00978959422044687,0.00382554105909629,0.00825133792025434,0.0424483307923039,0.035805612955775,0.0826041956824481,0.0437389775712151,0.0952425087586824,0.00725859301342864,0.0105248578808821,0.0428964598403339,0.00062898437648718,0.00048697513794284,0.0174132205058785,0.0312428728479983,0.00855584761196005,0.00212316193155708,0.00856413652214019,0.0140812988068658,0.0163332884882789,0.00113967010537582,0.010286897142638,0.07090751852051,0.0456540337342459,0.00402281953907506,0.00840237695817241,0.00612943960270887,0.0074731946763732,0.000307391913072405,0.00154991993682049,0.348286024357092
