0.6176086890244143,0.007374991033372438,0.008140996885961864,0.012500600014887599,0.060574678900210524,0.02792921651807659,0.037667345884537774,0.009145332572549713,0.03673089662154087,0.009412584076762565,0.007814777506328988,0.009121823746145338,0.010472583639234437,0.0009182729550933524,0.009472831881169472,0.012609857483644987,0.006936990408500087,0.005245939682445163,0.0036178097391842256,0.004270658894882962,0.0113544245147485,0.005311951477575184,0.007422230028711349,0.005298059342404525,0.00927981500789594,0.0038467338728893994,0.0016396471343896376,0.014121200394268025,0.0048067394296829255,0.0010746984452275126,0.004811214171595625,0.03346640871166724
0.009011213083971664,0.5286361250700816,0.017493823924460822,0.03059261444286994,0.05334346340930564,0.03533965787916303,0.0426428018584721,0.04846721270060873,0.0755744749774811,0.011181080805452739,0.004323038336665275,0.011863236019061064,0.004195117816259876,0.0014392751197813275,0.003695441991393888,0.021898455821939687,0.005167679441423138,0.004315541487234149,0.0026047916076572986,0.0097205437180772,0.009568394419254925,0.003226648528834488,0.0035181454361703376,0.004455419451713066,0.005539706307607395,0.005768355155513837,0.0011696419673948126,0.012141001409325464,0.0046625034716370126,0.0008201899288772383,0.0027760513485245377,0.024848353063785675
0.008518453780440575,0.016129658180020823,0.6510863884146961,0.018397014742449137,0.034454545745265276,0.00755020146214415,0.04414569709460596,0.014249278821623124,0.025603999298318584,0.013529172508285163,0.006598646874399662,0.017288050298122675,0.005988847479610662,0.0020584273230005,0.008399715842021824,0.008345898094940811,0.005963304007025645,0.005520578141414525,0.0027886517350420204,0.006704943461979162,0.01457463230284402,0.0029578459842360505,0.015344149138548514,0.006964909951156038,0.010791970987488547,0.008249542965242225,0.002129855791234003,0.016338431824294362,0.0048413107169403505,0.0009094623629836126,0.004936334875485375,0.008640079794139449
0.004238467436878112,0.0029714242191245122,0.0043603278782460625,0.47374951427100326,0.06296004978611566,0.0159975333089113,0.05841715576956146,0.10624539472065901,0.04544327738307981,0.027208605466193712,0.009405377240428236,0.022896077072763314,0.02055560729734755,0.0019701792778883008,0.009460249613360937,0.025467682567295473,0.004869754048889275,0.0015755727368152875,0.0017813161155754102,0.008045227093137588,0.012680289384143326,0.001511669972788201,0.008066076548612288,0.0100132044345389,0.007112126292739663,0.01179573392067296,0.0034159082029153274,0.01959692894173741,0.006473290992488238,0.0015674595436189248,0.007323117520994939,0.002825400941474859
0.005312573568596362,0.008176529622239213,0.004883313666477912,0.02477499008359785,0.4903141122254708,0.09107032522295061,0.06050053321292272,0.06343869156319189,0.03642860299974791,0.02467564633761104,0.014812781718375273,0.006646386457920812,0.004832968084469461,0.0014846962786536876,0.0051520393455493875,0.08650772775859228,0.005240113850055051,0.002624687818158013,0.00140192545400475,0.005777026312548737,0.007385316796163225,0.0016986471291301876,0.005655629756428049,0.00371085662645086,0.005545142530877812,0.004071447940660417,0.0011545174654732503,0.014180362564772836,0.0042975210870252875,0.0012121825176398548,0.0053254280704827335,0.0017072759337610124
0.010458150218686462,0.005399756782579587,0.0025386012479129126,0.01857362417469276,0.03395698852243259,0.5967148473006766,0.03993123918968194,0.060855055780416833,0.0536524706373912,0.03731189989242245,0.017253273281038442,0.006757403324655112,0.007065306017323027,0.0011312887290838532,0.005583072101938875,0.04424483895567185,0.0045452615410581125,0.0023636833685646698,0.0017817273194339373,0.003503595105773138,0.005537203734834375,0.0021458331298885125,0.0037393956136687495,0.0029638065187325125,0.004711273238893112,0.0029356659123021002,0.0016195484254134126,0.008161674758082013,0.004211157376605287,0.001406747444206625,0.005514036731091362,0.003431573624846938
0.016580556944176813,0.01071496218555645,0.005618593478042274,0.04017392369132624,0.09974716562065288,0.04936628259729678,0.3894421039390302,0.05233300023864278,0.036785999774268774,0.038631987203164124,0.02440947079290564,0.017472880258441736,0.007729520279161586,0.0027562241718609376,0.003580086801175425,0.05524677452191374,0.007969129091146061,0.007985710753475109,0.006087658117058575,0.013882003130695425,0.03137529949741955,0.0051833910468980764,0.011984865946818439,0.0071176559026825004,0.0036787747902606947,0.004334915541048863,0.0036034642732230243,0.02161551993612989,0.00844122450919795,0.0016549237671990502,0.007833357294709787,0.006662573904420087
0.004152306775903609,0.004533804234813073,0.0008087038205411716,0.023493074613378163,0.06318051216089442,0.01540596514941795,0.06503237916866217,0.6574531760488315,0.03979632432771722,0.01498148798357795,0.005482307282151925,0.006262530419744387,0.0078896231627046,0.0011099217764159,0.006700342368495837,0.014002457022054389,0.0033046763371513375,0.0014585838189993124,0.0013403315260882354,0.004921039202898091,0.004764231993984663,0.0014918026714521213,0.005766049145598963,0.009149537407101574,0.003524402151097463,0.007254673569599825,0.0014332047688493431,0.01129915018534374,0.003786844177119579,0.0010979782117299009,0.005445823443318728,0.0036767550743618625
0.022274044356506113,0.004310804547672962,0.0024422764725233826,0.03078991748594474,0.046459930390793526,0.027550566636881425,0.1067166849775203,0.025592396391555527,0.46835019887661755,0.018271631539570798,0.008020999023065812,0.01851327092436605,0.002487930077991975,0.0014282388782874127,0.009060054010334943,0.029249161959110488,0.00269472691119265,0.006496782533038363,0.005297467522781399,0.007082281647770362,0.054432997095750404,0.0025959286241933376,0.027565433581054052,0.00545307275324915,0.015187971367005199,0.003318115451330675,0.004327774023848262,0.020153597157571264,0.005586501252553851,0.0022487197841342234,0.006059101034689161,0.00998142271109405
0.0015486493041492876,0.00288461751643045,0.0019499321707742376,0.03415394448678759,0.043072034371560305,0.01061077618778375,0.03950809396301234,0.04941056886701474,0.027278039196896878,0.614793713747295,0.019940083600430588,0.03023933993241134,0.012747319512524198,0.0007954406143858964,0.009691395901977014,0.0177815044284335,0.003656156402131677,0.0014618310998086627,0.0007521848588109281,0.004199952300451437,0.007980203256629126,0.0015373623033323523,0.00581396308245575,0.0039620899035859,0.0046315307112733,0.006249670227488525,0.0023076147186088603,0.016668270912882876,0.010677446779095077,0.002216177289065,0.008383003297722113,0.003097089054790387
0.004222592875143575,0.003044590643319438,0.001976036356966475,0.07631721761547539,0.03648915431912799,0.015472265361633162,0.048156818584456806,0.01586072677833065,0.02588850599075779,0.037034710649462364,0.5260187246392789,0.023006307089484652,0.04057600031237091,0.0028468282491194872,0.010397776906082,0.0277225616282235,0.003737131868062563,0.0027151350494404123,0.0022233113536449184,0.008455103568152475,0.011963596613454463,0.0015242725722207995,0.00675250108843911,0.004532922047657426,0.003958918322927575,0.013403484323082937,0.002970966022739575,0.02092384806774184,0.005720602245315513,0.0023501141975984497,0.011038270934540313,0.002699003725747452
0.007245905343582711,0.0021461849884224873,0.00392727381812988,0.028549732800617365,0.11651241572592858,0.011946130763454126,0.0631894526332033,0.017045824955462564,0.07021161208200082,0.015456717487291974,0.006765768790735111,0.44891563743206475,0.04086442197491441,0.0017515453180571123,0.00215130824199747,0.010396879014934648,0.013267235980471912,0.0028428740185400497,0.0011596222378597626,0.004659069009796063,0.0079838355205485,0.0033087071027879996,0.009198383192291255,0.0072210797967675764,0.019753423964629535,0.013710724687255874,0.009726731186029538,0.015047291535466724,0.027408411182971135,0.005036875171351337,0.004797793549386962,0.007801130493047863
0.005276649604472061,0.0017925155518873125,0.00306389736622385,0.025105438278731098,0.0527224481807455,0.007546544075487599,0.02997012191218619,0.015235918614674151,0.037552401118401885,0.027029624379529212,0.07380234579411515,0.101816428208509,0.4437943513878309,0.0039483715159239876,0.021767980543579816,0.007675690874101063,0.004914421679521575,0.001800309322297581,0.0030942710196184765,0.0069298330034129,0.008064054463613312,0.0022190624393527876,0.00830551595907595,0.005558601455280787,0.0022123737043940627,0.008116319506975937,0.0020865178853560376,0.06430275449404502,0.008734752115499676,0.002414133526446313,0.006869887238968563,0.006276464779741137
0.001864764530144178,0.0024311839464168424,0.0037397805349048,0.06353396518856613,0.045807388978372915,0.006702812872070399,0.0313701803239684,0.02012876294531954,0.02654693270040777,0.024619251607649065,0.013928602108882577,0.0199393081176726,0.00923540924189485,0.6146992542484888,0.017165168008839063,0.009074984974282111,0.00413996167350215,0.002176646878336038,0.003620408194519036,0.004976376186524613,0.007624780785628951,0.0030251748624149245,0.008959187488629863,0.005221181372641375,0.005196938060698937,0.0077277320780167,0.0026863051654099626,0.024928605257646525,0.002545048218203463,0.0017076670149798376,0.0030730252251994746,0.0016032112097671876
0.0045430004167921,0.002009797050257337,0.0020323195193579,0.014291439057924361,0.04714911918468912,0.009903291450702137,0.015171050001091325,0.016944408580628227,0.03550305745372414,0.009961769925192113,0.0133222557685599,0.016826191890769414,0.007311338470585263,0.0034504476943352127,0.7039950002297081,0.009783596235833891,0.005038790529577988,0.00208066774782855,0.0030730023125129123,0.006090554476666025,0.0119547013904149,0.0030869621991142875,0.00651715192931011,0.006411116477998825,0.004189018483641438,0.007138184250387451,0.002113087944247925,0.011247180354820125,0.0056261319414334385,0.0020026139035149684,0.0058359546827627,0.005396798445616937
0.025541322433554316,0.006544772993499875,0.00449501102346225,0.04072492506814086,0.09805747515382025,0.032806755688739364,0.027962184163136776,0.09838266697130826,0.11237040934601038,0.022430772518236112,0.010482050497429113,0.022277429863567864,0.00672492099151405,0.0019371877538982875,0.009107065317848412,0.33045095718268247,0.006462245233811925,0.008519049099733788,0.007471008555445111,0.010037212741755813,0.031822717499942074,0.006829121715434212,0.011358576024997125,0.006582114991153887,0.005433924018258063,0.006301017432797925,0.003605816827693283,0.017732142296845565,0.007446643151125726,0.0022834166966209752,0.0070853033568315,0.010733783390703537
0.01640086972929372,0.0076910963362962,0.0023300904844362,0.023336516048330765,0.04521089883753095,0.014196403700429851,0.02799208955950375,0.016326757969483,0.06406975846903719,0.008364231122608898,0.0030781396000220374,0.007788702723689388,0.005189601472751213,0.0026715357668516877,0.012633961356302962,0.01769810667795461,0.5776375857793257,0.020683371244427925,0.0037709873323975547,0.009113300992473377,0.027296730301385987,0.006489899684794899,0.00473196718337335,0.005656934069179313,0.005997363972767562,0.008429756293282426,0.0025816011171437628,0.009518441898602775,0.004730106988065525,0.0014511270177378123,0.0023745752359739876,0.03455749103454466
0.01716971706902534,0.0052159998335783,0.002885438529003924,0.020724929766717175,0.03149839047112975,0.007662504049181162,0.022273573757774875,0.015280660648039927,0.04223079211522849,0.013052966487112488,0.006834017286174474,0.022687171084864788,0.006420051898950134,0.000675759449078375,0.009742866683651675,0.01599314325642905,0.01729730585733484,0.5848743892340063,0.003252690293834626,0.009652242025154762,0.027247996430037474,0.014946309602041675,0.03667292749965755,0.0081358091576772,0.013237014417226824,0.006300438733602187,0.002312621640759841,0.01127476323422081,0.010071446257669713,0.001528339557901425,0.003449967391485025,0.009397756281448812
0.011120349330396651,0.0030658816971673997,0.005428706372261151,0.018714013850163736,0.060628149332582586,0.007636409761377625,0.04810786815800108,0.02271417329883718,0.03485379401642685,0.010723871474081062,0.010034942083628226,0.02365213379676601,0.005880225542673275,0.0010174805992286787,0.0050580724926152,0.012751243977458986,0.007458840861025112,0.0048066936224861745,0.5754480173534248,0.006111060160327128,0.025745459134542147,0.009211524125162577,0.013841230391254664,0.004997371267417062,0.0034186495815895623,0.008671826727695113,0.003852905142778075,0.024871566356803553,0.008970677583093025,0.0028663553786763976,0.006948022553727269,0.011392483976330837
0.006640694664993887,0.005907787921529813,0.0029557249814507617,0.03536075825540131,0.057909020725624136,0.00869172041923765,0.04575799952918382,0.024623096655859628,0.043816996408644324,0.013324510290086454,0.008952300358280613,0.025042119528767903,0.004187926136079713,0.0019259212787895628,0.0028780566518927858,0.012487073972979386,0.0056775560692364,0.0029002045562543455,0.016886066842570012,0.4932734207064146,0.01831599364868964,0.034163559715466266,0.016141588166911625,0.016507687107782325,0.01311976026987355,0.032570529964201504,0.007131730103430313,0.013623000158502313,0.0083630598150508,0.007271913669159125,0.008037668140658075,0.005554553286996475
0.006364489357953025,0.006361753502002462,0.001628845226613,0.009272784432317698,0.05131086094420564,0.009068317386610599,0.03248213176807767,0.007706790871814058,0.06433490184333915,0.005042903663714376,0.0031434059911307874,0.013034649765868413,0.0028440606087743367,0.0015391880912032252,0.004469229680992075,0.015958950902853934,0.009440732688089828,0.003000486832081725,0.0034807117647778617,0.04086251208028621,0.5374752766304809,0.002571492613934675,0.006968469011782887,0.05930262800952513,0.0029958990611479623,0.015194380700761748,0.005050851071434362,0.00975574339583925,0.0028800609885703122,0.0012793041638275453,0.0038849202380918752,0.06129326671189643
0.005056745241130812,0.0019306460530262124,0.001794708288887375,0.025811232051322696,0.060928056869335945,0.014349562177033787,0.026201802288549774,0.022119579433566787,0.046971318203741355,0.017653575755615488,0.0069835798926447985,0.012671337350443599,0.00512584556146755,0.0013371929880055876,0.0020824494098279876,0.016533853793181764,0.0057924634803078,0.02411296627924854,0.013384865295883836,0.05396197180583602,0.0061951347195361006,0.4819758557496089,0.010483952127172163,0.01637918308272395,0.07338745789304092,0.0088714479342906,0.003538867964781225,0.008891134451889025,0.007164795676935249,0.0013676719760836748,0.0036475186769106124,0.01329322752796885
0.0042282955083459755,0.002986161671703763,0.002367974345489231,0.011905577888741987,0.038116584769678295,0.009905608917012063,0.03290262160938881,0.008878728448081075,0.11242797991897494,0.008414329889757238,0.005705162635625912,0.016608829619062314,0.00301471034502495,0.0019889032327080622,0.004567615204727937,0.03508712315412126,0.00934032728194095,0.0032687825029703746,0.005544511312658925,0.0214980289619185,0.026982202605334685,0.034409910540094624,0.5048045815072806,0.009965431695392862,0.010186427757090864,0.007596424755529499,0.0045651096231314,0.01803515362236849,0.004109253298106575,0.0018685997292002229,0.0038399537524627498,0.034879093896073965
0.010259227768623463,0.0075968099798815,0.0021111032312936626,0.0189699302614993,0.07780914809030826,0.0072954818616690256,0.055747892512750724,0.020113980871131087,0.0453222154061608,0.009291293266519438,0.004848197114307538,0.015981341768466238,0.002475384733885611,0.001001983881070228,0.0036943240995839996,0.012886059246031676,0.008314998853456863,0.003949353877759538,0.00404321983094345,0.018566723051360076,0.05540939048921872,0.011559879860817726,0.02383852491377637,0.49693417115853133,0.026128127350008017,0.009788802975769513,0.009485137431043724,0.0055627169767679,0.0026314891725081626,0.003467492509489663,0.012314346066511475,0.012601251388854087
0.026081668635596352,0.007597096638203675,0.001844892999064463,0.010509600193877025,0.10204425486387046,0.012268084006333814,0.12154612806294261,0.02552155036483979,0.036576132293938066,0.008025645895226337,0.006782669113589924,0.030369326304580616,0.006458412585073245,0.0009026626031041374,0.0039003448320305374,0.009805413220066,0.006857478931044613,0.005322965780575088,0.002151931709941506,0.01334866087861551,0.006371903272014125,0.01069620715215315,0.006185467833821437,0.024956141790069563,0.4709208008206287,0.011149987560845249,0.004608362110345963,0.005995702988689425,0.005466398928765775,0.0009460028555488061,0.0042809980484509996,0.010507106726152002
0.005602498864472025,0.0015690066118141,0.003043468718414312,0.021969205518717748,0.04363587825698038,0.007259849652838951,0.019431639273463634,0.0143032545228402,0.03873200276653945,0.014140467016249537,0.008963464920090413,0.03420666955653716,0.005870326792112712,0.0012680870345664124,0.001685426325359575,0.01065046418101385,0.006875702498957611,0.0017189137325685482,0.002150123842966025,0.022756577322519164,0.03139488378104209,0.00507747347965715,0.022152433482369522,0.012386393180624464,0.014751971114577525,0.5934954605761079,0.012767783382585851,0.02271365399462785,0.004518319726020801,0.004943495940879988,0.007203091724114938,0.0027620122083694375
0.002390990722196275,0.0012195985838570126,0.0007984623163844,0.03355252605084388,0.07955132564184417,0.007647971727040822,0.029479553280483864,0.02121390028094805,0.051030371903965435,0.012577773499947625,0.0059098140612668625,0.0412735548277261,0.006451942210181062,0.00045428963644404696,0.002715217913684868,0.00655704791135145,0.004636473881293862,0.0010605995673935859,0.0012960178184655733,0.01897249044672897,0.02789539432177605,0.0038044946951497002,0.0126167420137532,0.01139737878074815,0.02111964756742455,0.06599448677669503,0.48293620141159527,0.022500434843435814,0.011794147572140038,0.004625252934461187,0.0032470340662946362,0.0032788627344776623
0.006924611519312125,0.0025785247042482374,0.004597059867829437,0.032683743743009065,0.12475163140115196,0.012141342620389264,0.07036158843557379,0.020335449277220412,0.07170284489599905,0.022443703002313624,0.012665711735518326,0.0706297288071871,0.03796705384379662,0.0012755890910784498,0.006278450110414224,0.010475604632836324,0.017183828631767224,0.0033615956266102127,0.0014787354242110928,0.007499673302474412,0.006506242017018949,0.00435006740889585,0.008516528473325801,0.008387052904196389,0.0205585672963849,0.013943636096330862,0.009527911484003126,0.3351544419209167,0.03414619599940157,0.008406525869586526,0.0069435845664939135,0.006222775290503874
0.003874556279409038,0.001846087541335425,0.0011748432180551157,0.03867928813254768,0.09430106875450812,0.010144719408689187,0.041068788707627535,0.028325900470984527,0.056703811700834085,0.015378459191227824,0.009631881249431524,0.014318192663158886,0.011810773954706224,0.0026187653310980785,0.006147163122395975,0.009819121433641475,0.013736470632253325,0.0024113061507756626,0.0029898944039857,0.01088362648151775,0.01565921118189686,0.0020747315685764375,0.0075102682949878255,0.015506724983914288,0.015108230148836348,0.011762041677013274,0.037275035376489976,0.029006014333439026,0.41034889724893614,0.009296225093185336,0.06636681657788017,0.0042210846866603995
0.0023885040792630784,0.000649537239118524,0.00164708823544195,0.024055361797322112,0.0230325937512428,0.003850500088836413,0.011684180083064937,0.013991463145562138,0.02004728337823724,0.01104995532641165,0.006791383552096612,0.01413717013607675,0.009803111503876413,0.0015934342271156376,0.010742838718222139,0.010773763986951262,0.0038158145956821224,0.0021966732865770925,0.0052853894067639625,0.01374520935831185,0.006020242318011537,0.0019537275747698248,0.012518506014349952,0.00774728557249615,0.0026501985170325625,0.010510722165444375,0.007789700471898262,0.018332056300377375,0.009652370657285976,0.7069684794616165,0.021398600050623825,0.0031768549999181624
0.0027673317185991624,0.001380016478160925,0.0021203312605495997,0.02755746536803798,0.06084325372154854,0.006723322851058962,0.025149267930605124,0.02434769155487503,0.03620391642566165,0.014628167655539462,0.008498129908441112,0.011803111235411287,0.006236917276656413,0.0029557359863318037,0.0030028294034635744,0.0092956218453577,0.00734777139776315,0.001630336496625375,0.0038805939048530995,0.006296688046372,0.0066049261573681494,0.00183275884252165,0.00738379368698465,0.014378387814255563,0.005357073373165788,0.007061175374707563,0.0091511091423136,0.014221053400115624,0.003947053457699562,0.00534853020922995,0.6600539974913209,0.0019916405844038754
0.00990366402654039,0.004551437816583962,0.002631168186438625,0.010652918753714826,0.05466026878544949,0.019283499439941322,0.07355221205085091,0.032381120296606454,0.08430064285004966,0.007702928802179387,0.009497883644746586,0.03071564507947301,0.003700614122052575,0.0007218848608131427,0.0051805980681384695,0.02667869178560505,0.010836991279292526,0.0012739186333443752,0.004007914616074476,0.016318819575576238,0.04545755944995038,0.0034691245979098753,0.017061067151295364,0.055668381032785604,0.04518384155571716,0.013716154664685225,0.004798553343076545,0.012082892144430748,0.013879679982339839,0.0013630130976037364,0.005166400472275437,0.37360050983445786
