0.22428805538443872,0.0037862659189847876,0.0020863362955512678,0.0461334985655189,0.061300130113397515,0.011229683950506088,0.09901521724000385,0.046100243169827894,0.009684067929862962,0.0158988565925476,0.05246281429582144,0.08843298993858709,0.03840765130820652,0.000877448942513975,0.002949980231704104,0.016311157112611187,0.0030128222131488246,0.001019168052698358,0.0009055523954282728,0.02041088765745901,0.0324552594707761,0.008564112307955321,0.05242544175288938,0.03524186775265768,0.017905270979005527,0.0060407923074570005,0.009171500522866138,0.066786250297572,0.004183133010262238,0.0007694248158734758,0.0016601931909689502,0.020483926282896935
0.007343082133893402,0.2146911397235526,0.0020496922458294285,0.02139982524765305,0.0619284274454734,0.024690257824955774,0.09161460022025689,0.02491959662620435,0.03611398816100403,0.014377501872300212,0.04120450245996578,0.11493857303576999,0.0300654899119813,0.0007746938804484568,0.0015400785237764246,0.013863434558198901,0.0019914091278720133,0.002956199400269312,0.0016853618337579002,0.009714345580677838,0.03461882506181599,0.012216794682704063,0.06712757330180988,0.019573747000038878,0.009830939920102663,0.010129646020257638,0.012929389059131276,0.0892093166813106,0.004418937350770584,0.0006699702248732465,0.001588480031366875,0.019824180851976687
0.0017303177160646248,0.005168256195866126,0.2060358614052354,0.046963667226729316,0.06455453435329071,0.017781201990801826,0.0673625832139459,0.0771813872525876,0.007879197407586486,0.013718409921393239,0.07230313220862178,0.0996427217034396,0.04275179494888254,0.0023990883210662246,0.002382825378291913,0.010057980464567877,0.0012705804491900375,0.0007911408125134626,0.0008890651686726248,0.0141948616210432,0.028756464914247878,0.009304149783869814,0.05606997641780082,0.025962587778645962,0.01079243839104045,0.004134505669852051,0.006777867233443412,0.08864973403375995,0.001194935337207275,0.0003358683898603427,0.0015069516459792023,0.011455912644501975
0.0009544414109355125,0.003171285976548,0.003319064968194205,0.27787246961485657,0.06486371916394369,0.013184436565510662,0.07616928572273257,0.03344696712905991,0.011001735050520411,0.05954487216434583,0.07857045623400548,0.12467929162312281,0.03122436533466199,0.005721510488432288,0.006506378369911622,0.00840309753144795,0.000836243066614,0.0004365227624356717,0.0007707729862948751,0.011151605291855451,0.014214270933444025,0.0034090329814365494,0.016885903217054115,0.016571363091062226,0.008358170057746478,0.00633300469361955,0.009004746576232263,0.09774804492703633,0.004786373862757476,0.00040903848725325144,0.002260489562307963,0.008191040154619562
0.0019363702751468627,0.0034797008711232123,0.002134589827957825,0.0322887492651303,0.23845101502198088,0.004836503420307363,0.061347008586264795,0.027863208161164874,0.013231709874522823,0.022773363932738502,0.0826159951748978,0.14702042686200784,0.05538679993163266,0.0027058321650832006,0.0023112614396761,0.020194025364743927,0.0011847784470365751,0.0016389873546524248,0.0019105969159322,0.008562368356021399,0.011480022849230713,0.013629561123745724,0.028573842929138938,0.013694639717244512,0.024814938226086162,0.011293293727273076,0.011332102061903875,0.11832699927212606,0.004620482429959812,0.0010639206946442886,0.0027653835162702624,0.026531522204354036
0.0034086404593224374,0.007073285084988088,0.0014899739556966626,0.03016016005053393,0.08728850736375618,0.312602170136484,0.09193214837134925,0.05276963507613878,0.0033874205963236,0.01871060469405685,0.06904201029220544,0.09378282444727346,0.039741984600610306,0.002959476730228425,0.0035071814899608252,0.0150069339996758,0.0015412262983849128,0.0013090120996126623,0.0015875540207225482,0.00424055995025815,0.013208130915314226,0.0064014599860698,0.026486261765554887,0.008160587293233533,0.008807221514524751,0.0035706198679130875,0.005091355605033821,0.0771515144150592,0.0020054927413857247,0.0006522754043963875,0.001057700201566363,0.0058660705723651875
0.00289153311822965,0.003674545278921302,0.0014560676940531501,0.030320497305315997,0.058943034468537596,0.010690535338210714,0.30447720555156155,0.05424655234966259,0.007362097152703738,0.03415936764156326,0.10634916348420183,0.10434260775633296,0.0530945049801384,0.0023339595628894933,0.002734526654850975,0.012248034365348999,0.00158225469248405,0.0015921315807279125,0.002512906116927325,0.009293021085403261,0.013813083030129026,0.003382513680313313,0.026310444222374635,0.0169492102078514,0.012870625183002263,0.007475855151958187,0.007689177134574281,0.08507118289754616,0.003830035806555025,0.0011779088543434142,0.0020250753027300002,0.015100342350556673
0.0007379678067967,0.0029926728449716474,0.003328101412564225,0.0332308096331162,0.0732124881348665,0.011723169106943862,0.09401541856891232,0.30330991179503375,0.025134663985353627,0.053184749157785656,0.0693397523564944,0.07499387006993821,0.020382990838094153,0.004796045825579897,0.0048741620285899494,0.010530237072177135,0.0012267033716529376,0.0008132538852388735,0.0008326336890044347,0.015416311332877524,0.025604068710143812,0.006904700089411874,0.030169078143561973,0.028204281570390066,0.007733265156708562,0.012738295703283336,0.014575465228740063,0.0554633258296891,0.0036887132477425497,0.0010058758207269992,0.003680124827738925,0.0061568927558697745
0.005514878265120326,0.0037421713353530625,0.0015318927312874318,0.03278055627361154,0.08614070689390839,0.0051282133832871,0.08595320871715696,0.07307747618738829,0.22753921569040225,0.01285915769364685,0.03572690105275488,0.07732243831776289,0.012960760402432974,0.0009688404709987876,0.001137545995991165,0.012281827765115813,0.005904950041600301,0.0025523264688663483,0.0017074934013140402,0.013096510270096855,0.03953340306289403,0.017483025569914563,0.07092103856718994,0.02946308008335889,0.01930183580083786,0.01354838371284714,0.0129985450632976,0.06571136553071692,0.0013937368109035,0.001862277530399525,0.001541705945741702,0.0283145309638011
0.0008782271506510706,0.0061320351181792165,0.004153375393600925,0.029095876494292062,0.0532453443292218,0.012425662192728837,0.064222145790373,0.04149550079199709,0.009351103436257661,0.18380743161340216,0.1071283889319343,0.14301332599840996,0.04961515519692812,0.00501956385057207,0.012244558985497051,0.0056949537389555625,0.0008003301103004124,0.0004791723635782965,0.0013444015953925023,0.022835287147824488,0.017511933309736126,0.00411955826862595,0.025640826137495538,0.028482812573416786,0.01344665653733975,0.006129878271750088,0.008322239626930662,0.11895906085960432,0.006719792910588862,0.00080758977185608,0.0025864549595607375,0.014291356542997551
0.0009001545899003928,0.003948444606530687,0.0019260993577478625,0.02490437255849699,0.05225067508538432,0.015583876838187937,0.06308289024989812,0.031474924531869924,0.008511779523078324,0.026991334941176323,0.34305109782957705,0.10472041661792703,0.05325474175375421,0.0016840325445092387,0.0067589396923223004,0.006101527225874712,0.000632386012646976,0.00047042672548399983,0.0007966153446458668,0.017548864583931664,0.02942596126114067,0.003385348094136313,0.035565940919483265,0.03017075623900215,0.009414347274857413,0.007373313462413222,0.009195242334878263,0.08762969181923227,0.005292425305780012,0.0010464513917208844,0.0032019373815921,0.013704983902818626
0.0005632814296657712,0.0007727208908587633,0.0014355320446488814,0.027404422439498043,0.050449015223528,0.0081188905387912,0.057395117583274584,0.023967946128775786,0.004241394006658305,0.01368079076645556,0.04839231382416107,0.4681473374884151,0.04618498936899637,0.006059558348025912,0.01430891632852926,0.007862781058949908,0.00047338803756193657,0.00030646698692390634,0.001347036810531675,0.006282222328816637,0.013646820402749626,0.0028155404813311026,0.015271508861090223,0.015164855575586523,0.004637119949101888,0.006055946816244425,0.011417905675980625,0.12842919347077647,0.00401396379206455,0.0010078381405116,0.0028336743844748873,0.0073115108170203735
0.0010244236065653852,0.002320630351060925,0.0020137744245176253,0.041979864687486816,0.057784290876279745,0.014666553966312314,0.050854765099079484,0.040395913711558123,0.005653606005168612,0.01492023126671335,0.05754122121569981,0.13111641564499904,0.298602398424318,0.0018707411587944123,0.010152999956951299,0.00528675514516075,0.000494223776403125,0.00039506074406377807,0.0007708751223921876,0.016625177851932953,0.028486183568524552,0.004192956649661079,0.034766656692672517,0.034945838470460275,0.00486011214606435,0.009008471692513228,0.013497190890865637,0.09750788523823095,0.003711063710028337,0.0013405392489982877,0.00271345469427135,0.010499723962250913
0.0006010942575340236,0.0012039588102939717,0.002722275408404888,0.0389025472145467,0.06849914562019906,0.010261937242635561,0.07436652245429465,0.06592394290359206,0.013503035725374863,0.03188881275462401,0.053067088834163036,0.17356215328363042,0.05532550924379063,0.16675062810570962,0.016437299770209215,0.008696138351286837,0.0003309256034493939,0.0006242698059920317,0.0008558209501503126,0.007192065591832475,0.017504595749673824,0.005891325081455913,0.03157330458567002,0.012679095649300599,0.006514271053571587,0.005951383425757213,0.010672816249298661,0.10209354095668116,0.005189282534788975,0.0005037685040885089,0.0016945573212256229,0.009016886956773563
0.000977997560452677,0.0007668754053622439,0.0018505246451128,0.04071191872532597,0.07183285705849604,0.010053748983169877,0.07055792198776403,0.05956383125821016,0.008910954516593139,0.022338074181402975,0.04704941067535761,0.2044759032482512,0.05225859838980797,0.023054762172468362,0.09240597357745323,0.010196479709543712,0.000838804587255604,0.0005272213427248123,0.0012168558433815874,0.016035077872933814,0.022908659085259728,0.0063198413577045505,0.037203114144561324,0.02647303023614638,0.0064214240293506255,0.010385913245417037,0.012589537913688512,0.12886579821608504,0.004160878925884501,0.000664350492025825,0.0015193152679293,0.006864345344878675
0.005988780662672788,0.0021923316551258876,0.0009917664211758876,0.024119643104521377,0.07331538409638233,0.008412039746566288,0.08696809382875524,0.05714354039464143,0.02685711309535994,0.013699050055715874,0.04228746240291678,0.044504216848124833,0.02328799361704505,0.0003068622301652599,0.0026764424575755398,0.33239494934897634,0.0032229048266045122,0.0018348427212549875,0.0010336446279656125,0.011453078592118051,0.0359301972236293,0.018327735462831413,0.057987108345010946,0.03386735411831963,0.005653747125371175,0.014202740955447863,0.014442763370076325,0.042050323879161064,0.0020759547679967253,0.0011827882660148375,0.002218744789341525,0.009370400963134138
0.006164615351698929,0.004606816324623725,0.001615661056341425,0.03714193847798963,0.05652665910076383,0.0029042321775783,0.059918592134597964,0.052166683162463576,0.007320835397366625,0.0071447831622416256,0.034359327761447296,0.09295425883527855,0.03136226844048871,0.001123005075179468,0.0032234852658044504,0.012781691594158113,0.2765425172382199,0.0043537292702096,0.0014606273574841874,0.022351704371280014,0.03774493041399868,0.010627415909624589,0.059419813243567626,0.041996237405373144,0.021051972906449275,0.008068035173751462,0.01036109472912114,0.07544923133088842,0.003462955129104163,0.0005257521297698643,0.0013642152352216802,0.013904914837913089
0.0031540157031059754,0.002150431865858353,0.00118208872757465,0.036398712355010125,0.04907345132288122,0.016181358678839883,0.08613499226237284,0.05029147402987656,0.01806455258790294,0.018422799259830588,0.05931068049813761,0.08649999454668911,0.03079271477608831,0.000535299891583225,0.0012280000214442777,0.015670819086444212,0.007112073176896074,0.2246940681797369,0.0028581218590273626,0.015455095492006337,0.026432828548595463,0.032158659871408764,0.07897669665526845,0.0213123803520674,0.016507205052273103,0.00787436608272155,0.007007340066007839,0.06802745277169439,0.0011129182838575998,0.001101037789415675,0.0032452366556065,0.011033133549776326
0.0009373887192587544,0.0008088793602768897,0.0010938540186555001,0.0241833102486388,0.038782474242960004,0.007973838608679874,0.04621663112513366,0.028781141698066077,0.012689865951782314,0.009384984363751387,0.05397669887131123,0.13023195497630966,0.0498672632401778,0.0005706468896944026,0.0011393015654896372,0.009467682165825525,0.0008986669381802402,0.002247352282057243,0.2360701740493363,0.021279632225483215,0.02658903968229259,0.013377171159763578,0.047067581882911685,0.035338971248537215,0.009358960752164826,0.0363808063058386,0.02283512382790761,0.11101447397290293,0.0033967367114601274,0.0015037943644661252,0.0052186802581350375,0.011316918292550663
0.0027749824923747027,0.002151505175081188,0.0012131489436300197,0.02444741139104985,0.05651344219150576,0.010108405804590112,0.07893364483753883,0.0297634253792126,0.014659848622576925,0.017077818014557173,0.04671489507908886,0.13233551779551905,0.03276268680134824,0.0008014420424745464,0.0022591472851204875,0.013917025035293637,0.003243462318761575,0.0017268579500018875,0.005743591073262087,0.15047856584383396,0.0433084284346507,0.016825830631245098,0.07641256971162269,0.05303254753468078,0.016213931342716887,0.008319792553985314,0.029581031087627153,0.10535556619018459,0.004353025587724887,0.0024167244030643006,0.002296754350635758,0.014256974095039763
0.0013475333366235625,0.0027148985465126254,0.0014982868245626123,0.023057953249346452,0.062395969434302326,0.017914566515014562,0.0935644076703652,0.03760731620955257,0.019439566833282837,0.016903415886820764,0.03389915450165304,0.08366340733370521,0.024844721884283202,0.0006239340309268001,0.0029374440405759003,0.012956770903399549,0.004414782064709571,0.001213840987874375,0.0010778412365826462,0.028778579914277114,0.2609292840923616,0.013603595529320976,0.0667950806281291,0.03682697477098411,0.026627530251140362,0.012301175247026614,0.022674927318940375,0.06563913022799558,0.0024272388972827372,0.0020521892070282126,0.00312400709228745,0.016144475333130914
0.0014308652418200591,0.0035664096184061505,0.0016755982985558373,0.021399093815219736,0.05448353208229283,0.014276650569792161,0.0760167887007664,0.03867423918672036,0.02873907969514365,0.014718543665405799,0.026522605030178083,0.07304607533547709,0.011639317777739137,0.0010110475092695126,0.001907617699959725,0.018575859212913198,0.0011534605238964425,0.0009970233261032495,0.0021206224498983,0.02239766336566271,0.03552286301691168,0.25459772738976,0.06251686843844897,0.053883570329749844,0.031124709631453515,0.014003006418948038,0.023636188240181436,0.07616819372527743,0.0017778820152596448,0.0019769261894548875,0.0033053085568490125,0.027134662942484535
0.001233807283808116,0.002982077520202137,0.001781086150414975,0.026840620541481387,0.054579528742076014,0.015753046510488526,0.07377076773816138,0.04558720770827776,0.016824428726144678,0.010962947194219412,0.030227794785140864,0.06011507269467454,0.019845731856160263,0.0011120957652658876,0.0030749860768554994,0.014711335846814012,0.0009404302275246745,0.000871830533424717,0.0006253579616497001,0.03046263241983716,0.03048507858913136,0.021219061096433452,0.35465782797848033,0.04937683212980109,0.025109338609666874,0.014955895100436312,0.0150187721074134,0.05517021125803177,0.00133489261994328,0.002671353032481987,0.0015962095658976873,0.016101741629659976
0.0011598974390154876,0.001371495067098025,0.000848353978190875,0.01585406245566919,0.040718326205326436,0.006580293721401188,0.05933732316811285,0.02599666533313466,0.02109375787247174,0.013471280422335651,0.032195826979977915,0.08578026612124809,0.022965876346511677,0.0008291108723250169,0.0021666858110219876,0.008840274856554024,0.0015241242646002748,0.0013885806108639624,0.002846699940736462,0.031168112801849387,0.045187441650306824,0.013802183744779876,0.07218146656161635,0.3478340171359083,0.012329413488569927,0.010781869136065702,0.03878487468547459,0.0672851081330709,0.004071355942874987,0.0012703773791711125,0.0013327298908454646,0.009002147982870424
0.005231177839002612,0.002048691197010142,0.0014829382491086123,0.0230293335583305,0.05904659605272536,0.021559808077329937,0.07302288620588292,0.03470563291334114,0.03427359810045637,0.028607170489231313,0.042300268238657165,0.06783731561863583,0.02052930062202315,0.0009440358900904661,0.0024864577824278327,0.01282228279398865,0.005312488286401288,0.002974469397296232,0.003604347135778606,0.02101594386739985,0.05427680396445611,0.03248709293878728,0.12724122390362053,0.04550558238671469,0.13530388931256832,0.02017951436268413,0.023727606460538866,0.055552513196204814,0.0016043741243897125,0.0009948793564292175,0.0012729512134553283,0.03901882646503231
0.0014454300735725,0.000909713428232865,0.00047810798881862894,0.01788323231432855,0.04616800714010514,0.007449528174385502,0.06771231618166748,0.0234000821782292,0.009941062647701837,0.013052133768415675,0.025538206873153425,0.13626177880171936,0.030027675338232862,0.000725792969804925,0.0016452616273405873,0.007446594985370275,0.002017049060036525,0.0006422093742436732,0.005923243950892962,0.04227988228071594,0.03872382655613781,0.011024409064597649,0.07117168861980323,0.047682352616761,0.008629010686154326,0.22348239571598755,0.030409632510988063,0.10577431782192029,0.005552513158998849,0.0018194592584676998,0.005364766900518901,0.00941831793269595
0.0014452801796783251,0.0013698341387778,0.0010760512838884008,0.02658311079592664,0.05306498371112335,0.014623995328688025,0.07337174575517788,0.031331642640496246,0.010439775974183326,0.018261591779793338,0.03881733281510959,0.1498666332891334,0.034126670807718626,0.001179396592614475,0.001576976228330975,0.009141000017791012,0.0013302997180073748,0.00047155724467056256,0.005592437647461976,0.03362620006688769,0.03363876754247292,0.012442471952708412,0.059736404594791966,0.0355257631531152,0.012151907704315002,0.01811888649214628,0.18032951760909421,0.1167582864050501,0.007697117727534424,0.0014875766925545124,0.005022637114435713,0.009794146996321751
0.0008129508919794296,0.0011273844972301368,0.0020964105539048377,0.03984448450717825,0.05774083129623178,0.012252390386390675,0.07189724284211711,0.03024391750938224,0.006989832353916651,0.020769402147198503,0.0661236990580034,0.295686243629051,0.06412463399254777,0.007792705009034637,0.01972843600086409,0.010103132998390663,0.0007235737576475627,0.0004441127660253642,0.00282392511537075,0.0113607371893088,0.015126992245799374,0.004405694693754251,0.02399046533253181,0.0213721651520848,0.0079425126429392,0.009213364028654188,0.016622449618547627,0.15700755045905465,0.00620029471509725,0.0012448509585218875,0.0034970073938033874,0.010690606257437113
0.0012724612988579626,0.0025326888016589002,0.0010068618509416001,0.025233554641718874,0.0714347875126313,0.008097076464145788,0.0892435128671452,0.04407127749742892,0.015472896417999538,0.014438511497906958,0.060009203515312956,0.09337268813910438,0.03682060077669281,0.0018360804243004625,0.0021446958282115873,0.011737877513094526,0.0013455531743836128,0.0006359505283996054,0.0025638970860502003,0.010830646510995363,0.020788409818286273,0.008177965641710212,0.02927240470463256,0.014694346275909289,0.004254404206176275,0.010033018112821613,0.040439390338888326,0.08764704548699445,0.2798770136964202,0.0003399108443035198,0.00285022818739545,0.007525040339480275
0.0011079162513484605,0.0013552035467888875,0.0014794028815637375,0.017411076855267524,0.05372544877675735,0.011534896456953273,0.07118076334652555,0.028826181835530162,0.014104173331327963,0.013188601539868774,0.030991363466140075,0.12629921983383247,0.028223158776180465,0.0005713998745458075,0.0027309132550147877,0.013125419546158298,0.0009835801885316124,0.0012742359559010253,0.018103284846283325,0.03746982500847839,0.02725899502916379,0.018362923044953235,0.07455850959369911,0.04293187561834365,0.014931931790022477,0.012793223010944248,0.008880587778502189,0.10640317565363011,0.0023723587262736625,0.19711324814928094,0.0073528515875862,0.013354254444601288
0.000857717706384975,0.0014477012579158868,0.0009917455110199749,0.017210123825166374,0.048508692625267,0.0071555428262232755,0.05305361073250298,0.01923659683160935,0.007113820265615687,0.02282004082413596,0.04186262337815018,0.17520836040147914,0.044777302787440604,0.002770082189838225,0.006049406267074588,0.006511681152536825,0.000994739477046875,0.0007463267712024744,0.010615225803018413,0.018077908637386387,0.01975450876604571,0.015262617938522002,0.06486634542472657,0.024895913366346726,0.008872075100282288,0.007474079225695288,0.00943919362012581,0.15225127420657386,0.0020065537898070625,0.0027619311334439625,0.19330929339303524,0.013096964764379613
0.00254895936523605,0.0007525838885748001,0.0008064091789329317,0.015764677485432598,0.03610029723547693,0.011444450179520952,0.037938777651585376,0.025149868444392386,0.02596846441694587,0.026165294612114323,0.054222646356665814,0.03794330546376485,0.0205604906721229,0.0008932686956292193,0.002279981710185173,0.005965503693624388,0.0034917252002610814,0.0015505599517335088,0.0012865305703399098,0.011503816066307102,0.0396802429966326,0.02446005666024157,0.0881292028067749,0.02940463146165659,0.040585623861457365,0.017288026906299624,0.019425506892354262,0.030979240413514016,0.0010163561142843406,0.0010095532761476875,0.0010536180095724193,0.3846303297622176
