0.554380376974305,0.0351512177571419,0.00234232977955492,0.0163847403745968,0.00262136154760741,0.00569099553835982,0.046316885158127,0.0191805072769082,0.0517527341747821,0.0198019324766911,0.020353150076222,0.00016343822503036,0.00922795214445753,0.00304195833712419,0.00642431288516762,0.0201506265495218,0.00953051837252119,0.00788064267819728,0.00612797299355215,0.050301129303875,0.0311282161652588,0.000200492540840031,0.0270856074200845,0.0307250720645928,0.0128211233510055,0.000789286456750214,0.00209164097791225,0.0039185910880892,0.000123795691839974,0.00126625469429932,0.000673865423881952,0.00235127150170263
0.000675083443452764,0.376106848084783,0.00478584255993357,0.0369681317857546,0.00302948003592882,0.133472532131319,0.0677740447265371,0.0825429018595623,0.0541635943814825,0.0103410538273965,0.00114752279630939,0.0276872043101712,0.00088558216642879,0.000962571184209357,0.000218041203508634,0.0147406568367897,0.0154801784007707,0.000846849366650224,0.000507966190131061,0.067250505651354,0.00164047153221715,0.00161110800611369,0.00379703614531808,0.0536504313584575,0.00112081083803375,0.00582826906800032,0.000909945911666415,0.0210114552505695,0.00211905912882909,0.0014566331734995,0.000633278829324357,0.00663490981549832
0.000748537942585867,0.00224102137271918,0.574283702303937,0.061831158026004,0.0103541618078843,0.00874981308483359,0.0150601405283685,0.0260142622918019,0.031883260793916,0.113446473928977,0.0237278028448969,0.00317885025349602,0.0106427504386538,0.000607289415928325,0.00030398883870869,0.00436598944321869,0.0031099631150598,0.00364268202368656,0.0160813759840292,0.00228824213445236,0.00251809205664697,0.00407969587538317,0.0280518381907769,0.00183728539174772,0.0134775718618702,0.018798241735286,0.00875871227244908,0.00635433209430703,0.00125306640476342,0.00116813120877341,0.00101478300305384,0.000126783331784158
0.000157570034043934,0.000369780999881675,0.00217385836565021,0.327871886837694,0.0339798311098095,0.040066086112663,0.00259995155982824,0.32205840958967,0.00708706447834538,0.150327265583091,0.0111865318913734,0.0283798428568659,0.0105981983139182,0.00130057361951849,0.00251746160791053,0.00855261008234031,8.09131115712435e-05,0.000510300745764082,0.00125861984709697,0.00361876775170635,0.00341246674543653,0.000320978256716291,0.00483783025904932,0.00607120515121399,0.000816930183364149,0.0110561795541188,0.00885849793666883,0.00765289473472715,0.000418875795624257,0.000793707140400839,0.00091568828509039,0.000149221458846375
0.0019425125687034,0.0123078766762868,0.00205338094477677,0.0218447279079333,0.608409195633654,0.00378889865461351,0.0407845682358539,0.0144650482158386,0.0188704257189173,0.0199949314023081,0.0268520122972252,0.0121351840346084,0.0217115123197956,0.000514257206415724,0.00505995091921768,0.0802137914331279,0.00164234280443204,0.00480255476864979,0.00134928436250823,0.010672259717326,0.00683111827962556,0.000888726751205736,0.0091315512496257,0.0408565169009602,0.00269509637532964,0.00436960350063838,0.0100728183622556,0.00358276805605942,0.00357324901527516,3.95853726527086e-05,0.00223551991310937,0.00630873040106995
0.0032303633126818,0.00285683089518755,0.00887674383767109,0.102603285838016,0.040428111998314,0.548870844088365,0.00369641714677649,0.098277884284541,0.0185047220349435,0.0352939253187294,0.00699103582767331,0.0041420930445523,0.00438955837000124,0.000402561978352228,0.00272504347870566,0.0279637701632478,0.000482927857049413,0.00381909550394028,0.00316606820468506,0.00183687924817566,0.00388026600737822,0.000756968427869933,0.00331606883546329,0.0184380982896369,0.029502990656094,0.00421643301257003,0.00679355377058829,0.000859260540630889,0.00582383803245216,0.00191477106954427,0.00110176250171372,0.00483782642444876
0.00256514456807493,0.0209233712804198,0.00090203772100727,0.137899769772693,0.0442003900866518,0.0106946859434601,0.376200698325835,0.106442278649606,0.00346528556238432,0.0390258922017552,0.017865625309724,0.0188936070744004,0.0125731620401377,0.00154370720385803,0.00612383666164722,0.00663513784850499,0.00103722764996079,0.00137339082839398,0.00289907915966759,0.0141510294189417,0.000928759143189689,0.00456497041868631,0.000941507589622823,0.0203244806943449,0.0885073083736625,0.00467605827601822,0.00418727835099694,0.0238027734139476,0.00485627784286396,0.000627259605633266,2.35965723841664e-05,0.0211443724115257
0.0015489686012568,0.00266756929778833,0.00650656814818115,0.246879428578362,0.00903931856068623,0.018404282859574,0.00359274930987153,0.446057353732047,0.00364776973606696,0.124295041480729,0.00647393396255041,0.0348172499008003,0.0231716951598713,0.00175007662153029,0.00231809798159469,0.0161904917118564,4.97505515832386e-05,0.00255672150684358,0.000664953392502606,0.00289319850898238,0.00107301980505194,0.000184952541603512,0.00144705677927251,0.00351101751899572,0.000228542813255083,0.0168640725558774,0.0126203408843485,0.00942552892380886,0.000574560220933048,0.000196128617734658,7.68907838229259e-05,0.000272668952618281
0.00098311304054546,0.00198357193280212,0.00157620799350249,0.0495262403616298,0.092256121342129,0.0339019059181231,0.063400788637863,0.061113380306732,0.435397877508306,0.0118450691600911,0.00138809373012438,0.00468473717714368,0.00652336355119291,0.000245086433119968,0.00031237892601279,0.0872353476813684,0.00141291139719196,0.00283138727201447,9.96402262125625e-05,0.00115137004481062,0.0088436454488734,0.00621444521652034,0.0135700600414968,0.00126913833069079,0.0489672437377,0.00358878475499243,0.00275967754755905,0.00642631916216007,0.00480956033590432,5.57176825303412e-05,0.000588096437295091,0.0450387186633615
0.000972869678235931,0.00147683570409002,0.000548151336239035,0.207315227530788,0.0899196426934294,0.0494045177682444,0.0165274857916371,0.236724888150477,0.0122443059253518,0.296843184516808,0.00496437300589897,0.015838452941565,0.00613005297531234,0.00038812222497374,0.00247285235570651,0.031630561927258,6.36012086494322e-05,0.000168368888186181,0.00252196082049891,0.00148161823475051,0.00295241255118455,7.4758973081145e-05,0.00219005207736865,0.00147480708008149,0.00154450017790555,0.00292707076635591,0.00223975048298069,0.0055183460519249,0.00101442218945556,0.000845279156279437,0.000790663559659968,0.000790863255621648
0.000788825666260054,0.00187752938555012,0.000957207525019286,0.206524741307558,0.139572823907825,0.0433355811790745,0.0257541311809953,0.258939361918647,0.00474302966076001,0.123836287416306,0.111786396611699,0.0171270243518316,0.0061073520830074,0.000933910568014598,0.0023724043590233,0.0258665120884823,4.98505928094832e-05,0.000179249613496175,0.00492420585681483,0.000316250600978585,0.00173410594704919,0.00126336956945087,0.00253819077059738,0.00051383294508135,0.00369106665971441,0.00270590656270514,0.00119212151560481,0.00411559441595739,0.00331585753538865,0.00117404331881445,0.000834278400997673,0.000928956484486145
0.00220852802607277,0.00707592511504818,0.0012586909070094,0.00856638752047169,0.0474294081542099,0.0158758675575418,0.0769027068261172,0.00376304498326196,0.00462028184384161,0.00345475404770064,0.0426044385255294,0.261974641809973,0.0108136869131729,0.00777514743167484,0.0525229265788452,0.00916822540016635,0.000376051095366996,0.000512389469761105,0.0184447882958268,0.0614074144315161,0.0302224610994775,0.025181610004297,0.110469779463688,0.0663077013565609,0.0147920216946177,0.0343008962557158,0.0458588802799692,0.0131706150159693,0.00229289084537709,0.00647269154285801,0.00792389322276753,0.00625125428559461
0.00543826173111274,0.0114011592593065,0.000659655971128976,0.050387894086632,0.109899462596972,0.0110074466456679,0.168938333063579,0.0411150755498949,0.00744672928815602,0.0541352818925845,0.00318809416739139,0.0209822068126794,0.196264820143221,0.00534668088173582,0.0421140971843619,0.0650394850611978,2.51031960867601e-06,0.000483331781700515,0.0187777728495669,0.00533870132605654,0.0135023571587984,0.0230387663546288,0.0567939697166985,0.0159249142553169,0.0179238352011665,0.00921567196087161,0.0088972115593953,0.00733846053392485,0.000660559207741846,0.00961338210146012,0.00842948698426528,0.0106943843531777
0.000447665001608569,6.37366188164146e-05,0.00423989906827004,0.230967294557866,0.0102711786853786,0.0578770949396853,0.016816487478409,0.254833777234953,0.00216379979850779,0.107457743610149,0.0609351094521481,0.0135645518333387,0.0191726090974539,0.130870672714762,0.0405275187344944,0.00211219317319508,0.000319770520784338,0.000111722516763998,0.000836074850303386,0.00383980169043984,0.00150842710596191,0.00571792226031111,0.00353230681386599,0.00141506227846463,0.00178103923995333,0.000179146740796894,0.0011582208893919,0.0177928154878055,0.00156169962488976,0.00367934089970786,0.00235717232019406,0.00188814476132962
0.00506045227010102,0.00273981882883799,9.98259986826463e-05,0.0134818775034923,0.030125536080605,0.0473952603204465,0.0206316378905052,0.0459495476407936,0.0234160697464701,0.00553306503761593,0.0492404893272152,0.00100343677572603,0.0512512308797372,0.00661697937419152,0.432373780394049,0.00799065106755713,0.000561860897751575,0.00220043654744621,0.00970508073625497,0.00842947804923889,0.0356016595847556,0.0320284848781411,0.0350365885779337,0.00884880562110335,0.03374879688216,0.00860790573787908,0.0142831814947222,0.0508916897678364,0.00534014784696052,0.00689330829999721,0.00228595150736873,0.00262696443442419
0.000821953068255143,0.00310821275836489,0.00195635496492186,0.162794767897955,0.127943140214717,0.0361318445394594,0.11872456024734,0.17698289901825,0.0242811480808126,0.0213939101302274,8.96363235006131e-05,0.00425015933193015,0.00631247046259195,0.000876892111704492,0.00234236093233197,0.0734596489976399,0.00108418611403691,0.00251798161746711,0.00246142242099283,0.0152067173458764,0.00173569059442974,0.00541774693406259,0.00781502151587548,0.0087918308937756,0.117146020096347,0.00741445631979662,0.00205239027642306,0.0165916151486757,0.00175227479712371,0.00171976389412327,0.0020195777616154,0.0448033451893759
0.00966909743300724,0.0023975453615061,0.00583959065837671,0.00702419039560062,0.0166839050762206,0.00698936192340023,0.00119785094586944,0.00162660931833181,0.00221108382659257,0.00239007260542575,0.00301750733347797,0.0110978642111005,0.00805843767067732,0.000825536699844936,0.00382100909340122,0.000422439171596578,0.520323226814688,0.00333928353134978,0.0122798438129523,0.091957529377764,0.0534164231531196,0.0183372160275105,0.0193908374834477,0.0871450492488977,0.0534314699066828,0.0131471536252061,0.012741458916991,0.0129380422054342,0.00981154662652418,0.00227399337549207,0.00120824377795657,0.00498658039155367
0.00309397787409145,0.0016220184640749,6.81594210065142e-05,0.0113025210384972,0.0280769747320313,0.0224092830706215,0.0270404159543943,0.0278199843671597,0.00571752139678661,0.000134049198552039,0.00240326465505577,0.0119288750878569,0.0166542984150214,0.001391049339356,0.00479543947472995,0.0183372103697958,0.018846740238145,0.640510274995507,0.011710756620236,7.30267760024912e-05,0.0631444776209964,0.0170314435033618,0.0206156143248233,0.00705344993244276,0.00491641533530704,0.00771185842799719,0.00404588911360127,0.00411874220984516,1.38653929802041e-05,0.00592102884005766,0.00522359460700823,0.00626777920265746
0.00694620569349003,0.00318088105793883,9.41187691257791e-05,0.011411286355553,0.0030191353502919,0.00506142905960813,0.00742178303524115,0.0105413734426502,0.0317096694164554,0.00466027555809598,0.00189082232061729,0.00674634352400964,0.00939932352077098,0.000643761664271942,0.00153430988220735,0.014047103657254,0.0040013297297014,0.00432420798344824,0.424458794803477,0.160785389852862,0.0110155683424655,0.017964453434568,0.0345614903923221,0.176521253761286,0.00327810883786102,0.00316349951659476,0.00336790800972998,0.00554844701560202,0.00354763859626849,0.00998045764292862,0.00712586521660835,0.0120477645566953
0.00447127831184975,0.00185382635715918,0.000125198181165842,0.0171715561682974,0.00133957395299923,0.0450740026221621,0.00907756564992475,0.0260692010520493,0.00286009755005775,0.0108597778011635,0.0214340139448301,0.0111397554317939,0.00306799379919495,0.000434078611438868,0.00130611639582312,0.00403078152456778,0.00233136534276839,0.00221185684284417,0.00175645155022532,0.617458079689611,0.0196929732513182,0.0210381581292294,0.0442041861669917,0.0668353700260681,0.00895464757145694,0.0315854278688833,0.00101332528978602,0.0098406727944383,0.00269177380232641,0.00164863158177476,0.00446333468113776,0.00395892805666257
0.00223737885941822,0.00437539434982865,0.000287808484370683,0.0772326828269371,0.00272578752438825,0.0053039297374996,0.00301393223432353,0.0710935640960709,0.0300095198759206,0.0130589355652013,0.0318214420099948,0.0106249119558412,0.0111953719636987,0.00130997840198373,0.00911789286360505,0.0174797628628076,0.00439733680019617,0.0106591136055896,0.00293425612177144,0.0341559274844747,0.253282234136227,0.0191221668690278,0.156755143583759,0.143468523492552,0.0256173732202362,0.0289319455717868,0.00973600024957079,0.0026293357718594,0.00332551854449176,0.0069317570688549,0.00159376826026492,0.00557130560744693
0.00613903983148756,0.00579866269382423,0.00195227716863543,0.0133425710941848,0.0141133445604832,0.00361399759076332,0.0015001554448284,0.00873381755971399,0.00873782006831663,0.000793745155977593,0.00552030640356004,0.013981510622141,0.00200181200260338,0.00210837059406376,2.35692837119416e-05,0.019651706271828,0.00209828904967248,0.0110155262355346,0.0010911859819576,0.00582152716399507,0.0158658304148476,0.610067323013362,0.0299005994553767,0.102829989487307,0.0455662090873335,0.000846609406494441,0.0363141699305413,0.0178601601050956,0.00125585602755285,0.00255224439755307,0.00330336217005071,0.00559841172720228
0.00138477710585698,0.00134518047240642,0.00219364891249312,0.00576599695530607,0.0157397026700297,0.00425855532494742,0.0074439456035871,0.00875258068092745,0.0101406592669036,0.00291986148607927,0.010222444927403,0.0196105802187231,0.00610822782756605,0.00184301383422794,0.00103141906065298,0.00584373961600709,0.00263100726240051,0.0084073383587503,0.00408171248092826,0.0415477704830476,0.0185270688396706,0.020793922269498,0.52607826587595,0.200304695820938,0.0212566832737958,0.00137133135204201,0.0080624627337661,0.0256035637965465,0.00194984279543703,0.00591998432643191,0.000511679062661902,0.00834833730501818
0.00624461529841562,0.0039362471760024,0.000516111936850514,0.0358079391474295,0.000394407678790759,0.0408618311269972,0.0100794604566409,0.0386077618829269,0.00139457543779,0.0183140182036115,0.0470731891673972,0.00524234620528977,0.0017443176919003,0.00107432462808718,0.00368822215102961,0.00301802883677534,0.00235337635690841,0.0034862662244475,0.00228983006807984,0.245527148621431,0.0295363764777649,0.0409217270644341,0.0648485779965309,0.304416970138712,0.0315160866623449,0.00280787816538356,0.0174663757987018,0.0101526763162105,0.00235060629995981,0.00557859481201384,0.00536065398157582,0.0133894579895662
0.0119428237129142,0.0139860696957831,0.000960055264527345,0.0855334283789016,0.0888475309858116,0.0124304370733154,0.0863562202304317,0.0631995331652965,0.00672147932924982,0.00713744466192816,0.0216092111187203,0.00058702682943273,0.0131870192749377,0.00131096051056812,0.000714167659348095,0.0507260763001139,0.00262023391310796,0.000655070021489201,0.00733513146908667,0.0556782848996507,0.00822389053094268,0.00850636351083549,0.00559475776281544,0.0454504899927952,0.353197997527833,0.0178278834932825,0.0178076927677675,0.00221348169522948,0.001027142853479,0.00190582237704096,0.000353236719888576,0.00635303627347572
0.00176119768930201,0.000858249149845235,0.000207980646700314,0.0302102898606778,0.0172969688968622,0.0422071644294523,0.0525789803784284,0.0282862136503943,0.0238921694639045,0.0106042167881146,0.00362450841875276,0.0312345854642479,0.0118880564071916,0.00044337243870599,0.000703895795969702,0.000694070604382402,0.00558594608185951,0.00631336949982591,0.00328126788367049,0.0478474040254956,0.0098291007298495,0.0141322100254942,0.0367242300609331,0.0567232689802704,0.000963241334720602,0.503284049241824,0.0240276781891263,0.0301514752106163,0.000981586902237365,0.000323611165163116,0.0028202585944525,0.000519381991529277
0.00125046097172962,0.000770706425326957,0.000390628244731008,0.0236834922773228,0.0322522818300551,0.0342967372487649,0.0531834875526137,0.0241140164509933,0.0178552259791052,0.0065484360793606,0.00447645889312334,0.0473146732524591,0.00858076770288131,0.00113674785005551,0.00161187893983393,0.000670580945312391,0.00385096381922892,0.00523734293237815,0.00650172464789121,0.0460177415964781,0.0319105798228265,0.0307754544805173,0.0730184664062783,0.0552892459489894,0.00366503653965906,0.0557695218687226,0.384681067460121,0.0388031964899712,0.000122987058374119,0.000808014056879101,0.00344350897207465,0.00196856725594223
0.00013408059985059,0.00132133021968571,0.000328275208973494,0.0185663541043186,0.0319258169668637,0.00830919105885765,0.0120741979879217,0.0132805266543271,0.0325290489632629,0.0124026747816326,0.0555567554561262,0.0055498804811729,0.0147780735134169,0.00259612016400582,0.0300354929252141,0.00234805051285504,0.000308504478911511,3.47391819105262e-05,0.00966976188158795,0.0887996207905567,0.0295259982335231,0.000579439282852177,0.0791495199368921,0.138541974579066,0.00318565391780705,0.0620582735992944,0.0642622147489497,0.260128606940025,0.00285057698554388,0.00747497431239695,0.00316866192642731,0.00852560960577013
0.0011343522864232,0.00539663710044868,0.00141912711675234,0.000820491035204697,0.0355504680175458,0.000641560850814376,0.0329784532976215,0.00247621896120299,0.0390916381798818,0.00826287524227112,0.0300139672865929,0.00389247287882076,0.00620112429876229,0.00101386335381857,0.00690046954861787,0.0105463484844366,0.00021858444578966,0.000478423908387718,0.00627723167166501,0.0218728920496174,0.00316283831111531,0.0548121385998815,0.0120411192988175,0.0833007267775767,0.0106069004897756,0.0823924786711375,0.051871448031508,0.00954056538587791,0.452728733804669,0.00867275348486723,0.00306110910476957,0.0126219880253286
0.00133139003493862,0.000989801145509987,1.461970898323e-05,0.0634193771823894,0.00461083856214049,0.0214554709742574,0.00622254044447049,0.0696468155316439,0.00696986320873885,0.0236290050708437,0.00254870326637655,0.00879621580056708,0.000230907561586419,0.000154836293649537,2.80378473522846e-05,0.00772667721527281,0.000464192472668615,0.000590571170888441,0.00610090345951992,0.0147215514663405,0.00445966013312185,0.00333618741080475,0.0237584345491845,0.022237752302776,0.000650020076944674,0.0988079018536935,0.0493700024546072,0.00498696003164965,0.00329730996455643,0.541704977894355,0.00761872415725751,0.000119750752911023
0.000101620093372655,0.0059851433929905,0.000637936875806582,0.0189070483984959,0.0872342337426485,0.0249885829056261,0.126077294111357,0.0136941618944865,0.0292094935227512,0.01454542672722,0.018583517348669,0.0292084327089343,0.0146785413970862,0.00346437905123172,0.0101238139206924,0.00642890617428207,0.00364006505078361,0.000984645650216506,0.0124238738063273,0.0153106587983612,0.00161208982914409,0.00411876125134608,0.0385121258194396,0.0456748698676413,0.000663698074814185,0.0079826260848224,0.000269695735681807,0.023911465533073,0.000352305334087272,0.00955787415497431,0.430839556212579,0.00027715653105811
0.00585648718347602,0.00521726406653982,0.00463630591041951,0.00604091892116389,0.217809829070514,0.00315816116416941,0.165428342371794,0.00889468221726303,0.00937012377917249,0.00143517171684669,0.00955733591037455,0.0020610213552817,0.0132470458583928,0.000581863452948657,0.000744967828953574,0.0906732413112751,0.000374628934260994,0.00619235019600127,0.0124997032545792,0.0605955744155531,0.00359476483408509,0.00808866887543419,0.020282827819631,0.0492565655825834,0.00418051338238844,0.0118280224650141,0.00754951461274276,0.0139456261681386,0.00173844690318381,0.000700960650316211,0.00177254931938895,0.252686520468114
