0.41756294226631474,0.01063072047587489,0.007755394109642987,0.04909469361560985,0.039090485298794324,0.013084606334314276,0.032916984448919974,0.049944465066190574,0.05760130088703238,0.02258640628045825,0.01279438851121505,0.015465289642778424,0.01077427726149235,0.0015252176231447126,0.003690619366489875,0.03452767442891037,0.014991219503067539,0.005273117280335575,0.002947749601032125,0.038336224371493414,0.015290466895341312,0.005515503935347137,0.02139714714510545,0.03233348549184111,0.010525706124193825,0.004336697510139425,0.006521561619830576,0.02878874140244004,0.0022960160137879253,0.002667152146087925,0.0026453412061135267,0.027088404136659514
0.005618985702306263,0.34616885491358695,0.014652618195494951,0.04595950687088543,0.01604575186344244,0.05215804275829307,0.030697377821919614,0.07652445616508555,0.0720737012072222,0.012438908759125062,0.0030070638406428374,0.019774567930488412,0.004748926558035825,0.0016774885721875126,0.0027745022475225123,0.03623362082235254,0.006550766787678687,0.0032249557327633997,0.0016412957659911,0.054549328019405874,0.026590234395759086,0.012567488296879988,0.02496159337607262,0.0542931760483011,0.0039992717146592905,0.0069100308610332,0.004639126172959324,0.02225166683190851,0.00270107533037335,0.00199003885677065,0.0023166031136659378,0.030258974467186096
0.008383989356202475,0.004738632988572813,0.43675625563566184,0.0341336400461853,0.0252042254281674,0.019744272188571763,0.02116839557149559,0.025009545199525637,0.060669965647475864,0.034601483292648415,0.024245135792490928,0.012511257936529652,0.008789106276017693,0.0013968368944985501,0.004814197662684475,0.04259351128183989,0.0024082315737569,0.0027576532101569,0.0034143018466252376,0.04716583076738451,0.014421658059385535,0.016348817671897362,0.02922341995258445,0.05689027025855852,0.011085304528669737,0.006921029118625207,0.006465290925607624,0.020519322154585837,0.0012870081015466913,0.0019187773866187338,0.002594941452916187,0.011817691792511563
0.0014123629565720875,0.002899949376116,0.002885845999946425,0.2925358834994422,0.03616620364774431,0.0204709247520475,0.0168952696756847,0.20308932963847898,0.015456584711852874,0.1104401798591757,0.040585250548465616,0.04927123892695047,0.01590237027059504,0.0019345443682366752,0.008982887721643183,0.012357963879989026,0.0006095279695959614,0.0014336818942473344,0.0009652863001507466,0.03796923757226084,0.005679548197825786,0.005687022203644269,0.011630461477162787,0.04057346160705998,0.007350103695777376,0.005984494508704763,0.0035976756820435742,0.0373840913681945,0.0008970053951051663,0.0009508389681089438,0.0013927043460342124,0.006608068981141963
0.0017801701484529407,0.003498238464693209,0.001327676237821046,0.0568604953696667,0.40043746919733575,0.014874185129870677,0.02637399464747481,0.0722140872904384,0.048141794952273886,0.018077671412927886,0.011281108980545062,0.017658211841208412,0.005380858822904463,0.0016814757351790984,0.006705134465264367,0.07189073960706059,0.000785390806089323,0.0018865684565423123,0.0009673507940492125,0.06410633476516306,0.02157480884644238,0.009777263793789575,0.023385303925671123,0.06563427023955061,0.010930463207391073,0.006566065633726826,0.007035783143404262,0.014663272288689584,0.002347175121232625,0.0008605552049400456,0.0031556175262425876,0.008140463943957075
0.002155016367717375,0.004008022668730125,0.007465578968878188,0.07959567971292171,0.029088720174552427,0.39200025288968754,0.022858941899585924,0.10948066266409419,0.017684434222437536,0.03421132460256771,0.015103382332284287,0.008066587857370126,0.005761413751458988,0.00115923561575255,0.0023868261843599504,0.02002246918590907,0.0005795313784831482,0.00311628650296562,0.00140394006613265,0.05020284348410013,0.023588440446359726,0.014258349771718476,0.020775906048436772,0.05353483206265815,0.02815165120435141,0.007000984830635216,0.010350862218062149,0.009957613232651185,0.0021448504226730127,0.0024023373287629496,0.004838447727578925,0.016644574176121963
0.0036566241513025003,0.008813779938757801,0.0022396477344728376,0.09061387074780924,0.0662126403804385,0.02199061920042191,0.2963130757342166,0.08453118140248853,0.02804906906378141,0.02858455281878675,0.010677840143766076,0.02409967657522899,0.0047861435522785125,0.002469907104545225,0.006260265842634537,0.04493732258946475,0.000503774061661928,0.0032954827491669877,0.001198481038190075,0.06597911661895896,0.03026240732724879,0.007304996802521413,0.023836248400519663,0.05991101109733837,0.035453195086312596,0.007983461322139687,0.005119938568063312,0.0204943907384938,0.0031907862968070374,0.0014907503885894999,0.0025409227773400085,0.00719881974625305
0.0018081793558472623,0.003488524412012175,0.0032746263789400626,0.12165088498535184,0.0157872788820831,0.0222820611433542,0.021098851560599097,0.4008255750823696,0.017044435183135462,0.08957806029493726,0.03025932864744855,0.04615066197866519,0.018311687285295652,0.002434315174883012,0.0072745669300279875,0.019323072272325277,0.0008484317901497013,0.0019005137573955375,0.0006884112423688808,0.04393209738113308,0.008089789885985426,0.006180308662904803,0.011674643540094738,0.04469261176892359,0.005010571762589575,0.008315807586434588,0.007168322663359499,0.024876895814541874,0.0009041262949297875,0.0013162717100902875,0.0010073605705142599,0.012801726001307813
0.0014817542250383225,0.0027411427740326876,0.0015306027810788748,0.0336633518551826,0.03044221414391747,0.009574347838247487,0.03781085669483855,0.03686207290590515,0.46967497812325815,0.012236966530514787,0.008252428825204574,0.02026831483021804,0.005715488798680188,0.000591081838930714,0.0024763227812099166,0.06840093751435047,0.0015912022525072568,0.006795688132230351,0.0009269495024009828,0.05953286069565435,0.013608551524933774,0.014338256696772163,0.02664589716473025,0.062407412152605056,0.01767718675680796,0.006120476575595487,0.005753228921478175,0.023667518723195634,0.002410604935807177,0.0011774471151972676,0.0012214606653914292,0.014402395724083689
0.0012475941551254126,0.002185033031896838,0.00210389075847065,0.13170608967685715,0.04377437004758945,0.01850022971401775,0.014496491876329762,0.16334401196539194,0.01073999352960405,0.33254800988275096,0.04482641476493498,0.037105550629423036,0.011655793118430324,0.0012531486855192086,0.012851709574648476,0.014195025441949777,0.0008869784221984568,0.0016399966043953,0.0009163057383316741,0.036448841636625165,0.006103073580886063,0.0038555260419540615,0.010900560507536038,0.035527985900467164,0.009045372317632973,0.007150183812763524,0.0035082506963743498,0.03329229464182803,0.0008147462578088552,0.0011005751643940877,0.002604805244101412,0.0036711465797619122
0.0017418520345693876,0.0030380949362337727,0.006651130604874049,0.10719284750986646,0.05591626871468616,0.013494255969683512,0.024359648611942127,0.12054012004300908,0.015184902862295749,0.09757396925490014,0.27683691871539734,0.03635119627948312,0.02472872442795565,0.0014720712766449586,0.010357326862160374,0.02572829262113245,0.0018166395591899995,0.0022864888655055255,0.0015157140363191081,0.04977542474850249,0.005685922558252143,0.0038034442189986374,0.015250547818404426,0.04617432984981804,0.008231482000331213,0.0087106956791769,0.0021257636596929376,0.021565586974549134,0.0025487588328812873,0.0016577181604893253,0.003388588376608212,0.0042952739364453246
0.0009522075329846456,0.002466902987105325,0.0012010511198633624,0.08131588922571946,0.026327565523691778,0.019769318145102847,0.020849645789374524,0.07394742854662545,0.009637327150916775,0.049021130002781965,0.029672159003149158,0.3099492873978144,0.010515580516533138,0.004974729589023475,0.02585008577638296,0.021484170327154783,0.0012896976129176548,0.0024637159130301498,0.0027540111371353285,0.08661612847848514,0.013912822414810424,0.008433248997267363,0.04008788440257667,0.08159388086400865,0.010248813735189226,0.016891862329610187,0.009563212181477324,0.012353452500450088,0.008483042987724338,0.005281339701920413,0.0082428222812768,0.0038495858278954002
0.002500546984773,0.003159941020990975,0.0024196494584771628,0.06666759312016175,0.05446619762796516,0.016334335655822724,0.03709105333110046,0.04697716889030413,0.03303819674395275,0.029002068288707203,0.035546157973633453,0.04406966242381417,0.27458076233863876,0.0033069466532795124,0.027547276603182114,0.03284215013996462,0.0021198772332419215,0.0036198530431892375,0.0028823037261794505,0.06364911121811401,0.011739230537973688,0.011358268068207075,0.04349275445890827,0.06343069736972967,0.018774144128232972,0.0091351508435214,0.0043074012754214,0.027596401246274917,0.013897225286515288,0.003325838976892775,0.006185013345801387,0.004937021987028037
0.001334736566390275,0.0026348088345176943,0.0020071744159062253,0.1070248361256931,0.022151285091890738,0.02968994987802021,0.019214533348040363,0.13800314432227004,0.019803461045956625,0.05571601396350639,0.02448323509700785,0.019092586029102892,0.0113536771195421,0.3808298925754549,0.028480912633088676,0.019077066453938828,0.0025735954015049375,0.002644104028588942,0.0011632879615221252,0.022068279336960497,0.006926038892049213,0.0044091805991641,0.007955814450036812,0.019572333456702663,0.013716212168018962,0.006197451149980375,0.0036045942939608496,0.00957573006216275,0.003989911167056725,0.002637177860962137,0.00387321248756325,0.008195763183437938
0.00208001579619295,0.002225123836136464,0.001270059225515381,0.07887277740853042,0.036691666073741656,0.0234396177626717,0.013374852635249875,0.10924822932215221,0.030515735595383852,0.02978648689419656,0.03160773300724026,0.011020863948204436,0.020136538399517175,0.0037704347669251497,0.4157594485332965,0.031370918803576925,0.001376971136499025,0.0035394526887725496,0.002730577320402379,0.027890602386127415,0.01399516436568795,0.006547663793955536,0.013924658100946036,0.03182902323928765,0.012334004340540987,0.008036867586949511,0.008636743150039951,0.01646841505655915,0.003643675505751025,0.0018132005152348752,0.0014596389689290248,0.004602839835784388
0.005718028986470638,0.005254896810624913,0.0018595430129210748,0.06598146813703354,0.045286618299691765,0.016702295708220988,0.0801548339248501,0.06875204297187888,0.13401517744080552,0.020631946451852852,0.011890283049695291,0.019009815543777214,0.007955466154946675,0.00222434531673045,0.005662387436653425,0.24473873513739358,0.0013686815053325877,0.004282418548713988,0.0025589016911137003,0.05541083142300991,0.011485288969974961,0.008315955032728126,0.030609574798684525,0.060265635197812896,0.03626635771959189,0.010039362755481101,0.006348622791501999,0.01772411457792211,0.0039731518406146875,0.0027277793739579367,0.0019744660248493624,0.0108109733651624
0.006961578775737838,0.004403038638441063,0.0037873376150974495,0.051980606625814246,0.03805338125026552,0.004387428595036725,0.02243296405406755,0.04250074773913151,0.03229708352015789,0.022466144668572725,0.00873471973594485,0.01333895376344085,0.0080675092579527,0.000398621160489804,0.0037936238443462998,0.06057542528302788,0.3847440836262791,0.004821720827173174,0.0037787238988312125,0.05821295772373664,0.02035528692862525,0.015187566705006426,0.01913127452609291,0.06019688719410207,0.03775677571746136,0.00504032812707925,0.007664142262948872,0.019812990379974565,0.0026710756200372505,0.0019836634700456375,0.0032002467474194,0.03126311171766134
0.002950270147186175,0.0023553250090403693,0.0014335639724755518,0.03773729214893971,0.02176807500601899,0.007844647857877312,0.02547327038877365,0.026635994816461863,0.04340331920832486,0.013197251884916474,0.0054184077203073,0.014819142036738002,0.005295424824540388,0.0008474121127164717,0.0018696217080649625,0.0392623383277846,0.007349275868240738,0.3362924050986911,0.0046293268869476,0.14026626704771705,0.034528850469201726,0.011432107502239625,0.05231424721075828,0.09782594420930887,0.008552408753298562,0.015721272100291936,0.0076290684597909875,0.017220184623355787,0.002516429771548888,0.002352653404597675,0.002803150258423975,0.008255051165419573
0.003534575022083187,0.0026626630544848203,0.0016261198336011435,0.04215760754443338,0.022750342040825954,0.007155955195807251,0.010948959862316313,0.031770319670594585,0.014117114935177387,0.009301524179011313,0.009745537267412847,0.01266840797699214,0.011815019489120253,0.002214681908371237,0.003449076993281582,0.026193222150287476,0.005404193993282126,0.006974460254116417,0.5016319169633632,0.053156867036988964,0.027984403024822437,0.012657870798953225,0.052589154061676635,0.06640712485562365,0.013232706229994038,0.00969326593729991,0.003966029645127614,0.0030252780885450248,0.0045509363347227254,0.0043952048667418005,0.011617893644791613,0.010601567140149207
0.0017806565697803206,0.001557021130071025,0.00063468561261235,0.04495009325501495,0.019452445474198176,0.010999621427397062,0.0064767335213231905,0.03246888964055645,0.015545669508364113,0.016598040133401524,0.008306840444836063,0.005486235095028063,0.006229240354134925,0.0005920291735727742,0.0028813658814190223,0.014118794122287538,0.0016652483422162625,0.003434107926275713,0.002138023686904926,0.5109677477705311,0.020386608968979723,0.0206897952841153,0.06331694139497243,0.12555196737211277,0.0125907829319651,0.022641831135854038,0.005876172740529288,0.01051454729052925,0.0019180423595631499,0.00259091500684385,0.0034825409594333497,0.004156365485175087
0.0016945675353252623,0.0020810689217368125,0.0012704826427615585,0.031905313611218164,0.05503866683556877,0.006968982155773349,0.03511818036475403,0.033146940403161025,0.03591323352192621,0.011810845425167475,0.010939210184296949,0.012125094171933104,0.007185461443963463,0.000558137654968039,0.0033068516645834377,0.05229184812170484,0.0025925205157597375,0.005416906908008338,0.001779751381929025,0.10743400215365986,0.22703744950342322,0.021019565838942635,0.11660269110924734,0.12453890401301758,0.020258002935440573,0.020132600636672448,0.010280934918980876,0.019219538812414498,0.002500204159003313,0.003830811547736325,0.004736235403481863,0.011264995503438874
0.002429511321702725,0.0036486645673623375,0.0014509292543794078,0.03329037585786258,0.024236147918285024,0.010639730491314937,0.0160225352398827,0.04238749027713755,0.019289927161980823,0.0058905806795239496,0.0074238614183133505,0.014610469405968548,0.008994899516884114,0.0006705485102317658,0.0023054299778546778,0.028624863186961953,0.00322818167348765,0.00791728394600785,0.001555038874466575,0.10507208274703783,0.02674209684807107,0.362190690456045,0.05537735013893219,0.10759470970975407,0.0385223576633325,0.01099037869761455,0.014058976025309412,0.023594097494306045,0.001956183775624991,0.002351003754754065,0.003503730533448312,0.013429872876160598
0.001689754202747525,0.002675727494537825,0.0010043250090417772,0.020688561173253087,0.016319952010140523,0.010358170291501202,0.0096374181071225,0.030730486574379965,0.0248118412353809,0.005491202344700312,0.0071689154150736374,0.014503860637610987,0.006457478181644438,0.0005427830365493538,0.002130816309954975,0.019003702904337262,0.0024288937651599,0.0050343580548242,0.002982905505292113,0.1334812842325574,0.0333964041530138,0.038922857697235705,0.37466252616919815,0.14767470358811816,0.019827304691679978,0.013208553820385084,0.00729355081440125,0.02519700491213286,0.00179952296762745,0.003347138919933022,0.002758461880087613,0.014769533900376513
0.002398870049638325,0.002092276090531218,0.0010172139814256,0.038190370263851636,0.028423801171055328,0.012286447327071626,0.01226504654448833,0.03113813525158087,0.01920349558730929,0.016502350949009637,0.012282334202011375,0.01000933775401895,0.004140112612947938,0.0007316639132937057,0.0031175420506742123,0.019225467221129087,0.0017758256379449625,0.0038030170743849623,0.0035364860037786,0.2653944642109992,0.030894024515563966,0.02613667853796095,0.061788733117439675,0.3051053460150123,0.01789229097669664,0.01740790737724837,0.017332881457559523,0.017935971966979103,0.0022525000274016462,0.004280104899607588,0.005560196586701313,0.005879106624683037
0.008251878253580439,0.00388143894077385,0.002033777065252225,0.04553701516388569,0.03372380158428621,0.0034351122840918,0.07360686957131991,0.030131286203554836,0.02238820052943026,0.017135484509423916,0.005893111905003401,0.006157943443363862,0.0048735629439914,0.0008591964956440315,0.00210736912909295,0.04738750079210721,0.003964876717432488,0.007044599528020493,0.002518251280199713,0.1535595946644758,0.018257846239722837,0.0168092076192746,0.033416704703432165,0.09826150474143501,0.29843669771116066,0.015184872701373276,0.0121754382559621,0.01734357073739686,0.0027957717020331,0.0019946777668486252,0.0013704441476662251,0.009462392668763251
0.0011851439643439225,0.0019317850143973502,0.0007676022865532842,0.07962283747561166,0.014239561386512714,0.01473372840830345,0.011333661868797924,0.05951628088331411,0.013744562004055313,0.018214227982812227,0.007492691419973163,0.01693615077368515,0.010677024798064825,0.0012826251901198503,0.0052850157371367,0.012713107111791175,0.0016864702866104966,0.0026872655266696,0.0014446721297791865,0.10568052245640662,0.020235137475653062,0.020130696075945035,0.030292429911194702,0.11079201713739889,0.007562856830753325,0.3935155777579584,0.007339875406947738,0.014972777646549449,0.0034382813675183535,0.0025286814801341122,0.005005745620380087,0.0030109865846276998
0.0010208686130917621,0.0017444369277105627,0.0009467077374665727,0.08469336415491359,0.016466886872385535,0.0121697674662703,0.013105153825520698,0.07028903025229563,0.018623375420077234,0.025071387460072064,0.009019883855329036,0.02136907514946174,0.0065598860507565,0.0017593829358306691,0.006070735267675549,0.014994647219836187,0.0018929154634984625,0.003032100322561713,0.0025107834151200385,0.0897392206507432,0.027641057820259173,0.034967085729509385,0.03909221751545856,0.07909114212552443,0.008910102955838174,0.026663854102193452,0.3485192169342944,0.014998756018174337,0.0035520698438391623,0.002985380413617462,0.009883208994277675,0.0026162984863964027
0.0015115873817749376,0.0018756067469063626,0.0011114339543698126,0.06591896459221856,0.031445146172178376,0.012914908831436861,0.015363355487423876,0.055323463286386675,0.025026504739842297,0.04245707951944147,0.03226999389292892,0.029292270059457188,0.01256957133052785,0.002601750498122162,0.0201223606179268,0.023048972250810627,0.0015711036263606453,0.0025308496814058666,0.0019154088996195127,0.09648903159832677,0.011737504305761625,0.004343981170974875,0.0367611373065311,0.11656751003766316,0.01718450927902824,0.014393409193460912,0.013467645477444588,0.28180836427197,0.014999592280728074,0.004833607150976564,0.004020901909258745,0.004522474448735563
0.002109756800182543,0.0032239856316017253,0.0009779723685078704,0.022616614295368462,0.03476857410066681,0.008535945333667576,0.012518085893836012,0.03400075364570581,0.036264752666152936,0.010438749665808511,0.00816822382094195,0.02952032797943372,0.012060072163376314,0.0015011118722987405,0.008961515575655124,0.025578194791921284,0.0023233149021009247,0.002231527769689864,0.0027517686349247082,0.07719909479411716,0.00814447285944215,0.022578361906339536,0.017169318241238796,0.0938066529094709,0.015982522210392387,0.028425930496569326,0.030310747003303783,0.02968708594273974,0.39831841330423007,0.007220476127228237,0.0072507703912200626,0.005354905901865875
0.002002213824520321,0.003703946203894813,0.0008885944958122091,0.04216434134724739,0.008228337273245826,0.00773387765471621,0.009290778722115076,0.03313160477510634,0.016038612984762685,0.020989286153156376,0.009029434862787013,0.026842859374190862,0.007291806510826938,0.0008347311909501679,0.003893551439458377,0.017766739814099763,0.0028089128682995753,0.0017479433702695625,0.00421675091859845,0.08258249436873635,0.009521499702689814,0.009597343484137075,0.03163926764489055,0.07702609340308265,0.005582900304635338,0.021904110117078823,0.014494548302549525,0.021252943686305058,0.0035007841388517698,0.48957116686510277,0.0118497786564058,0.0028727455414758996
0.0010089780479399168,0.0020591648382576834,0.000831657810343317,0.052320986229183714,0.04337088508410475,0.018299539219913636,0.02644133970098614,0.04655639238687016,0.009798302252269488,0.019258324179758465,0.016322070614034626,0.03451864020480252,0.0142999771552195,0.00307779789097559,0.011229336585046726,0.015124696149685262,0.002387009028690387,0.0031466416944630872,0.005720808337714387,0.03698499081089016,0.021421117347237874,0.011797322473498425,0.03017025431472935,0.06131238674259069,0.009828409531703313,0.015716740853368962,0.005036814810768425,0.04418497559334941,0.004199370619277837,0.004712325155253888,0.4235165239174806,0.005346220419590775
0.00469206204065335,0.010126329450639076,0.0022967306655270626,0.03683230535896069,0.04449766540987814,0.006511221547539612,0.0517286141758472,0.03743808731234637,0.02394477602400765,0.0100768142521497,0.0066087733528128745,0.0083775396204482,0.006346555358872187,0.0008582650456659374,0.0029988736306527874,0.037595508241525674,0.004397092869318125,0.008846607192844837,0.0032829759581859503,0.12141122066809172,0.02138390287244129,0.05487690895185625,0.04732435718132692,0.0913893191566258,0.03547757476230294,0.016294478330235822,0.011373466434706037,0.015315550913684375,0.0030123199965763877,0.00206634124167845,0.00241986708029635,0.2701978949023014
