0.616713331639576,0.00838392099435651,0.0313216447057288,0.0342704599594398,0.0289849197626324,0.00326992752641521,0.000778639831027784,0.0287731501356715,0.0192811673583387,0.0315333477610987,0.0331880301941887,0.00120317209942939,0.00191448755735311,0.0022314209457392,0.00213280293666371,0.000632050549935515,0.000749970966729123,0.00863385265270321,0.00111021579173381,0.00571485578410724,0.0211521898573477,0.00653368415689789,0.0407232117387147,0.0342003109633861,0.00639457376864217,0.00427307005696649,0.0139045926650084,0.00429412879860893,0.00228260918087556,0.00122022203484227,0.00236788286954797,0.00183215475629315
0.0110979416830929,0.50780245454648,0.0255613050941788,0.0302704922926771,0.105536157053936,0.0505191462590436,0.058864411496141,0.013864004813771,0.0691344538651122,0.0100656197649172,0.00061901960904129,0.00553176638618579,0.00434880226497812,0.00637957601277205,0.00140665446382583,0.00240310104175603,0.0027489900043297,0.0151406521231357,0.00189778957842866,0.000251834274494956,0.00838528243607972,0.00414108421550771,0.00944998755922984,0.00413282151327999,0.00414087565259155,0.00584261653297617,0.00205155538115691,0.00567376556823107,0.0134289995031608,0.000223906148652965,0.000693501243980418,0.0183914316168548
0.00151809461709033,0.00752407181341684,0.623182380056282,0.0216924863033815,0.00772659943335812,0.0103154560102183,0.0151096855550855,0.0425252512067546,0.00236585814058066,0.00906634669398243,0.0115754654215139,0.0320295178018639,0.0100414018860959,0.00446280130421987,0.0191617396885473,0.0705699427832006,0.00527805970478518,0.00965694739800367,0.00172318133556397,0.00162564632683104,0.00257805749058554,0.000998459197308639,0.00360091452168937,0.00342685924440175,0.00927120048008547,0.00076506061227698,0.000673935031038648,0.0520422144951395,0.00165511163730994,0.00148120510764482,0.00501029097620389,0.0113457577255394
0.000293579975881306,0.0037793686841117,0.00152528319972441,0.391807614861979,0.0122404358736231,0.0541461748700286,0.0314786920929752,0.0613776127555803,0.0343945225292532,0.0253396065615627,0.00676863748985752,0.0824597500962374,0.0595338601574055,0.00093957672987741,0.0432285344532161,0.080864282227147,0.0056004076523679,5.6734913833743e-05,0.000509614129875246,0.000997704331640807,0.00250677531973021,0.00401090810537414,0.011748360820256,0.0126520656702919,0.00306731752448015,0.0150669922891914,0.00604878789733071,0.0338276164905333,0.000899543297387314,0.00356538846811623,0.00574293305313728,0.00352131747799334
0.00125221549020077,0.000737925324937838,0.0032382909092204,0.0105156645877143,0.538003727428923,0.0225376258648664,0.0518027194326033,0.0122711070415723,0.0245992600479223,0.00938194393123154,0.00024732038760832,0.08960655386214,0.0125499210170761,0.000801673969718666,0.017818569985752,0.0133982450456857,0.00114693003738493,0.009182169639068,0.000480265006718487,0.00315968392188948,0.00135679179322596,0.0031877002489273,0.00946709704462058,0.00715302074255117,0.00676963019637208,0.00897944006349271,0.00837216850583055,0.0902510814895687,0.0340874084481526,0.000703510094661053,0.0054516683963692,0.00148867004399457
0.00112159202538264,0.000362470890625647,0.00415435488363255,0.0200467542900924,0.0261873006442474,0.522690812493629,0.0107320186369833,0.0383617503166945,0.0244209654192624,0.0199844015238918,0.00969380841239284,0.0418498605750456,0.0233911496786447,4.11832584071541e-05,0.0424802472780611,0.0465880683657479,0.000219815663682503,0.00343737461955511,7.04441982644461e-05,0.00522762355458083,0.000602688420419019,0.00430430939324512,0.00310025484141434,0.0173405838732489,0.00698298297146366,0.00530865881595614,0.00691349600476929,0.0742752555760809,0.0210021649304469,0.0011946693409429,0.0120366975005403,0.00587624160264885
0.000927353038945658,0.000832293371581527,0.00355926369486746,0.0130672494540765,0.0713861173690542,0.0143759466648683,0.224688444321351,0.00823649881275238,0.0671865406537054,0.0106201599954403,0.0048291455592593,0.184650595495097,0.0236470769543848,3.82125042619856e-05,0.0236313214212311,0.00355549626920322,0.00145997194324425,0.0122860116142159,0.000368868534406238,0.00524410366648664,0.017208647176425,0.00713250833682685,0.0282742880244753,0.00619387942658955,0.015347574685707,0.00382459723089978,0.0105069117359486,0.174322402471296,0.0551302031836067,0.00184863390051378,0.00232580248745549,0.00329388000182289
0.00127415446707263,0.00402788166333454,0.000836957442907605,0.00261316434876543,0.00290048829511008,0.0130389972820236,0.0106830105446266,0.73143623819878,0.0154573580727847,0.0133814733709887,0.00261488075687536,0.0572204974095719,0.0219184995742007,8.06778014739468e-05,0.00885381154901729,0.0255552775116449,0.00260092716354201,7.22480986936314e-05,0.000562779772881643,0.00214868999112588,0.000550591401909874,0.00247022072166649,0.00102021701070458,0.0034764249183103,0.0038272372423731,0.0123722385660905,0.00362387892022578,0.0517195940588051,0.000536889421512281,0.00177037800710036,0.00113771242798679,0.000216603987893865
0.0038321718965638,0.00129433553419755,0.000913638443707274,0.00413716440693128,0.0158743307226687,0.000623132115527173,0.143401584825342,0.000701530932544781,0.484164059411664,0.0391889923212198,0.0338917775651395,0.0609267093187637,0.00901832713627386,0.000365971957823758,0.00812659035032016,0.0247462266149557,0.0016155586956907,0.0163282545799046,0.00192038519725818,0.000228725105694992,0.0188271769800406,0.0182315706156435,0.0117034428534255,0.00869080916164281,0.00286304411786716,0.00288904857614881,0.00291404148507145,0.0652471630135278,0.0139387255035703,0.000607458152030054,0.000569555800390578,0.00221849660845025
0.000906492711619536,0.000783158992078021,0.000600757184656427,0.046501904403489,0.0707511134931488,0.0105411304165787,0.0592818869052543,0.0417071855207975,0.0172267850894088,0.562272065628807,0.0393629231984645,0.0400034503262063,0.0272817587288566,0.000522453504917828,0.00884764106988146,0.0141192574718374,0.00216535740201797,0.000972127299318151,0.000319522461211393,0.00101629262609182,0.000758374701963393,0.00225328850411472,0.00626235627764237,0.00767836793890333,0.00663399147754685,0.00582804009951516,0.0036799516490673,0.0101890681128519,0.000108297647532352,0.0074389157917527,0.00349347967989682,0.000492603684571964
0.00273284316967554,0.0021887985988824,0.000548737710445407,0.127231276919494,0.148083734000805,0.000912778815784761,0.14282606550726,0.0226536194009746,0.0239443910834308,0.0546532894707544,0.243461087429539,0.000956295247690883,0.0835150658721124,0.0020942587850944,0.023492802936041,0.0274369268720288,0.00604579549299531,0.00112264509652705,0.00258683403479992,0.000940097728346406,0.0037285862324493,0.00148788146774108,0.00130964580087591,0.00512466113494373,0.00842466880089475,0.012505562567748,0.00466785686172084,0.0152496873258996,0.00834285078857416,0.00605031808020441,0.00638253768566249,0.00929839908060346
0.000352881188723733,0.000165859992702052,0.00127575949912208,0.0383437991451742,0.0286299104197282,9.1835224395226e-05,0.0199950696227706,0.00488085588260368,0.0335301944778151,0.0432881533655899,0.00839449758017528,0.516129354278008,0.0600979948376313,0.00283371861744901,0.00702894111944706,0.00201595140122071,0.000405370241918765,7.21285613813527e-05,0.00222214255013254,0.00289761868387516,0.0234940098854876,4.48295880992167e-05,0.0166798721961343,0.00122613663395207,0.00481250880544179,0.00866343053296739,0.0258068656976572,0.0205359233243557,0.102443808963467,0.000593371839244942,0.0191857843469405,0.00386142149638887
0.00164090100739642,0.00117464099581254,0.000108818540717804,0.0278484566879912,0.0937158036796777,0.00661526762268383,0.0497417175154759,0.0177386556569319,0.0584076487457671,0.000194484225285705,0.00884548621040292,0.169190080576928,0.306715844465756,0.00108372371405276,0.00501872168986705,0.000166537385034384,0.00180062271795996,0.00046407191989686,0.00238827345050477,9.87689942035825e-05,0.0145759207649039,0.00109507667562252,0.00413707956729791,0.00117992071513199,0.00929027197294514,0.00570806212468309,0.00466917819171776,0.172212057678609,0.0185122411164015,0.00147736169721879,0.00464823369631793,0.0095360699968044
0.000140989986849515,0.0017873989243503,0.00202169073072308,0.0663273909317135,0.0195606570189048,0.00388484116571022,0.00741779918765867,0.00851940564791875,0.0548021430982606,0.0203428650021197,0.00321020170970429,0.0602263961159504,0.00903697075399676,0.625433562322845,0.0101953877982682,0.00204351160227111,0.00534426729078281,0.00394209280659386,0.000588661537654021,0.000138528573263461,0.0197454157453896,0.00191778213906139,0.00963282210665149,0.000383564571610804,0.0175532708372828,0.00197527240118228,0.00587773553638058,0.0251476851667037,0.00309127048404303,0.00520658129263921,0.000785862373268326,0.00371797514024769
0.00191852579634806,0.000616722298300517,0.00195481417089592,0.00517561910775522,0.140865183541922,0.0057165718359087,0.0692384352500304,0.00772172988898381,0.0960993678665554,0.0176629201470382,0.00145153269857406,0.112678158813154,0.00269859459493019,0.000855247103000841,0.271700538766701,0.00642659406965292,0.00162849705052494,0.000781826145862772,0.00212697552233131,0.000298711351549184,0.0251292077288241,0.00138288383150899,0.0124963287254379,0.00517092990274737,0.00944806124003435,0.00493153928235184,0.0152255391272471,0.108689217489708,0.03944236491763,0.00371984230530318,0.0171498921846713,0.00959762724451711
0.00074058645900401,0.000779154761177545,0.000959810709361587,0.0538102511459638,0.0410182110500173,0.0293541523810144,0.0830193911728483,0.0586995860985948,0.167473155943728,0.0736247325028959,0.0266711984380689,0.0894249133285016,0.0113553901762249,0.000399853748778869,0.00543076458379051,0.0732600505401374,0.00120321591393764,0.0144638815947141,0.00177085642333387,5.07725802543385e-05,0.049255393446109,0.0100866831550875,0.0526481896445279,0.0143688642806363,0.0179055170806651,0.000647284975279999,0.00983962087448905,0.0837376963664103,0.027001962613622,0.000651233616694847,0.000219782973972174,0.000127841420157446
0.0131906636078718,0.00763178661831323,0.0048985277568381,0.0343615460923061,0.0169978380838633,0.00153104231261403,0.0188260009846435,0.00189931907870068,0.0161819431690035,0.019036019375447,0.003714435986905,0.0124031355204036,0.0151492067770598,0.0081271310388837,0.00236058321801993,0.0165934288362013,0.552529684436862,0.108878396777045,0.00277349058228086,0.0141053385901443,0.00696273701069673,0.0146961922875966,0.00604111920322359,0.0046428754692193,0.0109292301560805,0.0108508598901696,0.00650722402202424,0.00890037649861047,0.0106672442861737,0.00183042507997864,0.00264655729622383,0.0441356399565964
0.000924936869622929,0.00499723362753107,0.000148653430990847,0.101288168209759,0.0234303960168525,8.5841558929038e-05,0.00465946625817346,0.0231353771131874,0.0289195328076716,0.0853147885580034,0.0373732260014099,0.0144054016723342,0.000436423765823863,0.00036664648612803,0.000105871613949691,0.00365724701131373,0.00846929399135411,0.534402306726013,0.00331760676205606,0.00923532534910342,0.0352740251475583,0.00785769464744576,0.0268464248401718,0.019180752699097,0.00243416253282875,0.00709526967747943,0.00158369759542353,0.00507475862995769,0.00399730329940623,0.00334728366824088,0.000632667938558494,0.00200221549362503
0.00043457471001942,0.000155762789789895,0.00154009935716565,0.0089964645965766,0.0382591198894753,0.000114774891746842,0.0595860335027084,0.00391201422052587,0.0311688106509109,0.0125489836869022,0.00716558511365037,0.00222804716710986,0.0111318118917721,0.00093079352752387,0.00316547112679002,0.011911339044167,0.00367711092906897,0.0198384001329198,0.536044707114552,0.00747402502282715,0.0851578265681611,0.0147634695899747,0.050146547026086,0.0165088170898786,0.0215416398468299,0.0143845469314916,0.000175496683903456,0.0107877942742995,0.000952815983805868,0.00247261627991648,0.00289100775850381,0.019933492600947
0.00337773305071757,0.00159199502326347,0.000703582537131712,0.00328657429985053,0.0274739758895561,0.00108855451765259,0.0244435387927334,0.0019981650986497,0.00368842377647555,2.88241725818096e-05,0.000398308206100511,0.0266373659797267,0.00102320838869279,0.00139029785713737,0.000607458856135726,0.0138123165368904,0.00016882276483633,0.000793893509120471,0.00325258469153317,0.585773166502244,0.0619487090891978,0.0189234668606919,0.073324948066735,0.0442856787893961,0.00986970671680574,0.0356290168190748,0.0154732689630381,0.0100239294320333,0.0122949541318119,0.00221223207540129,0.000326240699871739,0.014149057904912
0.0016213120488014,0.00112415287059259,0.0015129617982484,0.0269368545782305,0.0365260847177261,0.00490053060949668,0.00571626018534578,0.00621076835285599,0.0652476633193631,0.0393029118630856,0.0125063611607886,0.0222107780724,0.0051797183626444,0.00176832588540518,0.000395079763070065,0.000836146951565286,0.00927124507404694,0.0267509618528901,0.000766698167370521,0.028316626304999,0.539760441148226,0.00370921011547604,0.016133416541481,0.0566289429046772,0.0225479811749851,0.00479127447792716,0.000234736673349972,0.00586320440637912,0.00189320279593015,0.00166926682375577,0.00268586644706946,0.0469810145518163
0.00155865137768903,0.000371988601936908,0.0021372922728758,0.0377258957818252,0.109685853132973,0.0012943152584424,0.0857627024854161,0.00945964677331506,0.0377114310125286,0.0234875781757889,0.0088548600985097,0.00250961277399897,0.0104888113787526,0.00292446816808822,0.00787843604778212,0.013996747182622,0.0019919557761018,0.0184111307977508,0.0209061130541315,0.0653356376859665,0.010891498753164,0.383441416722001,0.0307147557100527,0.0088611073906781,0.0842434863290576,0.000291974219105517,0.00121412667401211,0.00740705010014033,0.0023824394808128,0.00364899498924029,0.000820995920128157,0.0035890258751117
0.00359493407866994,0.00265987004793923,0.000251665154739239,0.0408590895974873,0.0413435806883501,0.00421646662101499,0.0170113841486204,0.0142368939431947,0.135435153403469,0.0508491804056593,0.0193179981210372,0.0255832955757413,0.00743400433791073,0.00193592156494799,0.000170316697598925,0.0044162959241416,0.0172845386450574,0.0289014896467969,0.00200718254063434,0.0517054838784238,0.145777352886401,0.0257518449383417,0.215633087903452,0.012230887346076,0.0353103906970261,0.000267955566367275,0.00138055190528147,0.0107389588808737,0.00634481044749745,0.00241530844519157,0.00272074421248143,0.0722133617495758
0.0007013985413121,0.00055023631506932,0.00515342590983568,0.0236551946942625,0.055803933724089,0.00187419641406435,0.0390335858142236,0.00707070471556929,0.0325903285103951,0.0288936994126671,0.00592364630670704,0.00287141290437225,0.000685461687187325,0.000798675737759101,0.00238877534427751,0.00085104300099123,0.000248914698564372,0.00559325679029982,0.00263249223355394,0.00517109245029067,0.09544313589326,0.0140441086887711,0.0596534434062056,0.535530851714311,0.00641139244705745,0.0306915128424055,0.0215927440449882,0.00133622431472077,0.00299797407669925,0.000334368193780643,0.00270199376870059,0.00677077540360869
0.00193196708062047,0.000479508054077284,0.0022014166533799,0.0250430155432636,0.0665707976551244,0.0117726183637,0.144677184177393,0.0016242464081875,0.002448095850577,0.051424691733691,0.0425805352542687,0.0331988122611224,0.00244005450806653,0.000797377198747905,0.0060642918817381,0.0141126624353584,0.00197190487071778,0.0127879851293204,0.00255214245114345,0.00484374960299664,0.0579779253962569,0.0308294945098125,0.047629062805834,0.0021884997339065,0.404999245787646,0.00619653063020013,0.00105194840854441,0.00425805751085047,0.0101678325758017,0.00162191174395689,0.00170804514197865,0.00184838864171758
4.831054796905e-05,0.000178830636894087,0.004939713056447,0.030936245992212,0.0246928444045482,0.00260634164606366,0.000679053917231205,0.00931913387448408,0.018311731308922,0.0259072570403865,0.00149596966381898,0.0084356480464734,0.00127199999789947,0.00337549178995504,7.19970177397243e-07,0.00661532287905674,0.00388530620873793,0.00200471161504389,0.00441204752264776,0.00137540581991274,0.0913692249146462,0.00180675867533161,0.0970627378199961,0.0236876468811981,0.0213370179512616,0.570682937240045,0.0179646923636804,0.00586727939585564,0.00134481916258766,0.00520432410137267,0.0122619114338832,0.000918564121261131
0.000350241962747879,0.00169272264616184,0.00493352231683383,0.0221046465064752,0.0607895560204351,0.0086757208678694,0.0055133239871058,0.00783558659604015,0.0552841364945739,0.0179301712297706,0.000194618884857772,0.0205948322120224,0.00721001776921364,0.00226704388661391,0.00223681592140767,0.0137224235465056,0.00553888629459707,0.000540448800158536,0.00166645977307236,0.00393274346936474,0.0410180282084908,0.00204007315207486,0.0213916354894088,0.010901912151763,0.0424733348494894,0.136188910116451,0.485940921952873,0.000186785586685924,0.00584286963497399,0.00438473008224931,0.00468827089409293,0.00192860869561937
0.000624613223404313,0.000141868678380101,0.0021736098824834,0.0541777965985302,0.0196415856379002,0.000137528308473737,0.0132769119913429,0.00545986093955579,0.019028711607525,0.0578443913315562,0.00432962087694231,0.211394516258113,0.0553629005556516,0.00333373382686305,0.0108487713916293,0.000724919403539725,0.000872169676139645,6.29683166781181e-05,0.00559368212889575,0.00273869724712309,0.0303774899893407,0.000215863543608002,0.0172923934599703,0.00273938711224499,0.0043034117013017,0.0171459037173209,0.0368210806652614,0.272641251572157,0.137585139703445,0.0038275829642069,0.00616019982734579,0.00312143786307082
0.00062591689343262,0.000447719461347464,0.00181945849839218,0.00297798035310794,0.0229655001859621,0.00202838875507244,0.00936644327512748,0.00942999496053068,0.026299026228435,0.0272476769295162,0.0187663034799108,0.0590512565006952,0.129879076013381,0.000773051377309117,0.0162074968786547,0.014140539511836,0.0101244995262658,0.00177883559570059,0.00250626540816047,0.00906717351725287,0.00801202902984967,0.00376593274550466,0.0190900775509071,0.0474615210572728,0.0304703732183643,0.0202439072990788,0.026788076741916,0.0790541455509341,0.276409914806804,0.00424159030216597,0.114064671097566,0.00489515724954584
0.00697083604162683,0.00381686875783803,0.000402960763023888,0.00174607248962824,0.00849423377124868,0.00209073227709846,0.00813437970904211,0.00365414729369645,0.0123563884647116,0.0154628574646781,0.00583121287864095,0.0037194997590759,0.00393022446359269,0.00224052716278586,0.00255180210929409,0.00589100021046821,0.00194135775620198,0.00247718466635865,0.00502859739914123,0.0374929847656662,0.00892399293693525,0.00792345666530475,0.0326582982208653,0.0074159084013412,0.000491307171916551,0.016183590813697,0.00444585551921771,0.00145928072634261,0.000674219010434282,0.780174644520208,0.00531944522932492,9.61325805940195e-05
0.000753178784462673,0.000497526884322171,0.0014532465412609,0.00793613126510127,0.00709426131741506,0.00230504397901079,0.0117289116372368,0.00890019821070062,0.00866660413633732,0.0125774969942166,0.00346489239344068,0.0240878190774493,0.0195383440529158,0.00268159908693173,0.00154758747664238,0.0154661452700258,0.00332363050759923,0.000801148817214858,0.0024826238876315,0.00739535793835358,0.0043768884156703,0.00527981887876107,0.00458765024023492,0.0246665014659238,0.00909900302311647,0.00990423056631299,0.0171950308531047,0.0355648070204852,0.0344784327197976,0.00121008771551288,0.70804753768053,0.00288826316228104
0.00010788645956056,0.00120428063242367,0.0030673177034889,0.0563293969418023,0.0434079271572357,0.00122497672279748,0.217340160593467,0.00217199351713759,0.0151399010819541,0.120558910588951,0.0654588997412494,0.000226556091356793,0.00202051873764376,0.00118083677436974,0.0247787450584043,0.035279588352056,0.000275814740233221,0.00598659063946718,0.00208289457341266,0.00568731126559668,0.0297515621146632,0.00920626976381906,0.0641793843332268,0.00723830691136332,0.0153806760762991,0.0016633212349724,0.00776846945695403,0.0289387200960825,0.000762989061598482,0.00144721149823896,0.00141135920153188,0.228721222878642
