0.6071953725255452,0.004819009971189133,0.014825310014404368,0.0336105021925227,0.0316520699507275,0.025953646241103964,0.018323978252842134,0.023924079100379244,0.03782848150592304,0.018996835853439777,0.009203774507765723,0.017906039213543244,0.006321348813209667,0.0012220704769781224,0.0042301529468015105,0.01225196915160792,0.006070737199764244,0.001999486583894167,0.00257922483032857,0.008779512937988655,0.017246228008899012,0.001691800963225511,0.007429790367073166,0.010411440997892756,0.010982656555059969,0.005013553197921104,0.0014734107158711337,0.014212117515243733,0.012038704431792422,0.003692567963818024,0.0053210183104607225,0.022793108702782366
0.011376874131371067,0.4267464970467334,0.020459458868369813,0.02788225450350358,0.05689347182815337,0.05352459463437765,0.054768236753803226,0.03585559157144465,0.08215215472586156,0.008552393791680157,0.005591498139265554,0.028315390573283233,0.008607689144467932,0.0007353613392807831,0.004095814868447711,0.017787943665052,0.006526850660645355,0.011456998442611253,0.0012369904458995333,0.010056599862716013,0.013952208146732878,0.003568021701203911,0.00578911758561881,0.009590476338665612,0.014980713373344449,0.008621425228282279,0.0015714340284382331,0.017235250151630542,0.008892584736695628,0.003181550034660322,0.003923617948986401,0.03607093572877215
0.005854979208277811,0.012270703101112272,0.6205300385213808,0.05071610698287385,0.04053867048361424,0.017032303702017512,0.021569035711287158,0.03062812166070492,0.03431011272615541,0.025962918067995125,0.005988930853968944,0.022429113469596654,0.009612202466173078,0.0008800214751641778,0.004149175993801723,0.00717825456180891,0.004327374564688977,0.006892217218578666,0.0038595589893218557,0.007270921229116668,0.0032820690808170886,0.005042794995037177,0.003078580256128111,0.004804538927211711,0.012022546575260275,0.006637432515160866,0.0029377692233023113,0.011601489949702278,0.0066865772954359404,0.0021600719213044446,0.005575877800612724,0.004169490472387222
0.001525146290393933,0.005079130119814223,0.005846184714702433,0.45566074502157217,0.03336045414188455,0.027639740478428904,0.04530429203343405,0.0814816208282448,0.03158309002578595,0.08128892618475375,0.016921393328509924,0.030970668305964837,0.033973751113631274,0.0023715023392563445,0.015160015396359031,0.03026263050476613,0.002406876804406378,0.0021315947662979,0.0016110761056040666,0.006275203834095334,0.009983298858316511,0.0023934149424465223,0.0048597610119997,0.004754447225489289,0.005844259187036854,0.0094702271506159,0.0031014464506233666,0.02503963818221482,0.008556007241424345,0.0019809406772698813,0.007726580033096134,0.005435936701559622
0.006819238381158356,0.0075843959505239,0.0062304490140506225,0.04617345106784904,0.3821568089286059,0.08646030386574116,0.09110241142010306,0.08839396290012097,0.060500362269391296,0.02853822801464871,0.0077316476485763,0.01230591237850041,0.0047985399575592004,0.0014712291439991777,0.005282365102896022,0.059210003217197577,0.005880763509879755,0.005463941948939843,0.0009579041161359555,0.009501718757272256,0.015402013816034446,0.003966063710944411,0.015344017330504531,0.0064823025265532104,0.006412606959187777,0.006683584137832321,0.0025897556665621115,0.010873183312659912,0.005479127434761044,0.0011772793372181666,0.002041620456797819,0.006984807717793866
0.006859326700525322,0.002578017040317411,0.0072793704102578445,0.046101477414838415,0.054950716479750555,0.5223039487941774,0.05300006363910038,0.06816947738465488,0.056984332422824066,0.03015485096449891,0.006324179867161879,0.01622731747715871,0.004283173334742267,0.0004523628481561493,0.007061952516139279,0.028526245197554326,0.0031907054179613112,0.005561415098580667,0.0012913464238477443,0.006137358530246533,0.011695922905510445,0.0019313627966080517,0.008215935277031178,0.005284027231181223,0.01325445738362471,0.0027762928293629443,0.0022628160161325774,0.010246595171777135,0.005431160112915722,0.0008599714168757112,0.004253139990222555,0.006350680906262465
0.010327885698850056,0.0056154730962352664,0.009149594797744921,0.06921982527062853,0.1521304833594271,0.03788848384960511,0.33471663494003184,0.05916420791515314,0.07109789784563486,0.04377064264963083,0.015668476856893234,0.017422568729986945,0.008433405968280877,0.0036535615232268217,0.00734478513915812,0.0188117411870981,0.009081859078795355,0.007115892029744022,0.0017091834443601554,0.0121683318322706,0.016425763518987876,0.007263484624479645,0.015142253607658914,0.006932297703710511,0.007717853985359778,0.009654879164017856,0.005674173756041588,0.015558555526265179,0.007371593881922978,0.001609124378916611,0.004928778017354667,0.007230306622527733
0.0023885759090443,0.0032884567927325666,0.0025040376855370557,0.05011326871772236,0.04908536452187578,0.04475231293147676,0.04864109027875595,0.5664486916137214,0.051153659123969006,0.043199595170903056,0.00843030271337258,0.012168304231514854,0.012813324378287878,0.0023577076728466665,0.007081006831152623,0.027092078877732854,0.0017965745071705443,0.000876674045431041,0.001964624722058922,0.004263402480731556,0.006303679854847765,0.0014835382728742,0.002445424751097656,0.004391279007663711,0.008682897174894778,0.006648849369308333,0.0022976374128748332,0.010921678292445343,0.005787445393258945,0.0010419086177450726,0.0037794449824447227,0.0057971636645061005
0.006402261186622056,0.006936234802921145,0.0013171014442656557,0.02893843023064306,0.05560270518129754,0.029816155458880538,0.05883196798168776,0.042621163237229656,0.5532547942718485,0.015381609342541423,0.007891421766965567,0.023938990369718808,0.004724622138318878,0.001639302905111307,0.007453962070596278,0.03135055697912847,0.005035781870120311,0.006400905886845065,0.0016377868685765668,0.007415897130538111,0.021948040171855945,0.005353417976554633,0.009750951050876401,0.004901181834285534,0.01144135321580391,0.005990407459546333,0.003450989934108278,0.024168396281391478,0.007200374730784145,0.0007073944230341679,0.002505287443812577,0.005990554354088878
0.0019205900768497332,0.002270433644535733,0.0012258742122858782,0.0676010889693312,0.01802251911645113,0.01743216467711898,0.0379248202271707,0.0322570634458271,0.022004535725770664,0.6238119823391836,0.028621148005374304,0.0163560668828927,0.0166613663062191,0.0010286638770617444,0.012846274591127,0.027564291720197878,0.0016963124201843445,0.0020024738277088327,0.001040521784762286,0.002485907414199433,0.008110594181841305,0.001728800989960311,0.003946655706942,0.0026173109031415,0.0023738599667965567,0.005932690808290811,0.0018719254297270302,0.013116151790350344,0.01426476158702846,0.0008071064601057583,0.006905124631908201,0.003550918279654733
0.002893783682291989,0.0025753495541334555,0.0014788524276687634,0.1297994658986824,0.07340600373690254,0.013218528901405967,0.076765109738761,0.03453655264607837,0.03590953333920732,0.07239225945209354,0.3401528385451671,0.030894608210339253,0.04949272396613499,0.0014110073688905443,0.009879688341194221,0.033621196280257226,0.003874466767303323,0.0015798363697378307,0.0012425312539906697,0.0021066512150497217,0.010612679737006912,0.0018901947422437242,0.006211976331408246,0.0031942773966596666,0.004503059351484719,0.005473631050293733,0.0025908215484409507,0.02569915227366497,0.005505694117585478,0.0023478194591129223,0.008427720095513165,0.006311986201294183
0.004755176430188634,0.0024486463743714,0.0031215216735859777,0.028951022055660264,0.06554773017443366,0.010779970277257198,0.05399071351974167,0.014868896937360453,0.04488438313430665,0.011643140868839903,0.004621339794541623,0.5071224838700688,0.047747436893082855,0.0021960832754857333,0.0039643354691752015,0.010517642767859124,0.007180866212392812,0.001208196612756711,0.001515389125683386,0.006460880391226256,0.014905072528833536,0.004012110385012378,0.01380791336523871,0.0030994824256298666,0.009492874439544711,0.011592717986413922,0.012366008689719855,0.028840179123035672,0.043467867530771906,0.007589829182437744,0.011631947394958831,0.0056681410903834314
0.004432503212235955,0.0017351974797449,0.0011878405204802666,0.07618315017947958,0.07106112326799927,0.0066180033016982566,0.05331040067303526,0.040307987273799306,0.033245144140705465,0.05194619409564776,0.06413459559063348,0.13887829209168848,0.28589074424864785,0.0027092116246489797,0.0063440029553783655,0.0125431838311601,0.005514520242370778,0.0018072691293817482,0.000842001489164712,0.004382183310404885,0.010813875582965845,0.000999816688361211,0.006767439936944045,0.003994051779557421,0.006275052885565366,0.003362196779571022,0.002400638287202311,0.08650215686730853,0.0083432589916788,0.001386526188405511,0.0021800527175841696,0.0039013846365495222
0.0031465488373792114,0.0019788266567844098,0.0012429870739121445,0.07911175835543362,0.06782938814173135,0.0051875974501426345,0.04079636732464104,0.04277628358702436,0.05008641654733136,0.035282380943734065,0.007965000600228532,0.026311284268696625,0.010748508590816466,0.5044110793673889,0.013714990848051022,0.013480264930972034,0.005922110280194055,0.0020381244124435,0.0010092008637471,0.0046994890083698225,0.005657019294030167,0.0021620015467111366,0.004941985155723733,0.006127804158042855,0.0063723554663324775,0.007511490700775723,0.002201647080757625,0.024025681274986756,0.006797319175279522,0.001167926352964053,0.006288651952012502,0.009007509753360123
0.004498570290307945,0.0016896319178374888,0.0012710562487760445,0.05566907861175257,0.043606720559919335,0.008109878375547434,0.02946956403903532,0.038498745577950126,0.028013974430433432,0.03464251428972186,0.014528059455331532,0.06309220215531156,0.005216017955559678,0.0031914102010251063,0.5233993966212913,0.010877237852242832,0.005792054699664343,0.0029066503189733774,0.0020114620343304,0.0054404623572809,0.015684092507050756,0.002560846726085933,0.007109143893311966,0.004390287095478356,0.006719636460163544,0.0090177301668471,0.006541758444554666,0.04320452927234411,0.010200219501066178,0.0028933971076722117,0.005204688828238322,0.004548982004893111
0.010101338299035123,0.0043114039022280545,0.0028129418107522555,0.03592815883807868,0.14252329405994807,0.03937433455493825,0.10987786318538612,0.10077497258241469,0.14851167646675464,0.019608919394978913,0.01004939933435941,0.01590860607201421,0.004695615073266867,0.0016828956794996224,0.010262639675343124,0.22257581463367726,0.008571361892885966,0.0073341822250681775,0.0009816155534274097,0.008440503344992144,0.01321281241397711,0.007196304857652176,0.006836772899411244,0.004582558685370833,0.011743014815789734,0.008465574798958632,0.003159151468176478,0.014979424684944802,0.006521008641523111,0.0016524875147977639,0.006262607752448667,0.011060744887899277
0.019812460946520668,0.007687944371486156,0.0056612516580896105,0.03415144603656324,0.05435987105557341,0.03512132955664862,0.03976514442818507,0.017373072792219633,0.05233806511649076,0.01470707983735283,0.006311724648845033,0.018909722290741834,0.010919826694134611,0.0030675891396107664,0.005851966849166221,0.016125162624620763,0.4706074810206877,0.0317534654199366,0.002855275012849678,0.012147469161157056,0.02806198555541628,0.0083273658204474,0.009468190509595978,0.01062425549122032,0.014747308834135732,0.004356003320499363,0.0016736734775050733,0.0125141420911879,0.009200334843060256,0.0014911526086437555,0.002099242571046522,0.03790899621636025
0.010960103769766166,0.003945016487821022,0.0025945153556521114,0.016149508484405377,0.02468820631335152,0.01597859531517171,0.031647991248756446,0.017313995125040612,0.04531931790869773,0.016482522228182344,0.011678264698492143,0.0339397245411434,0.005152410234307755,0.0019115120975101553,0.004497240967143334,0.03635732141296183,0.012037650913974534,0.5779489888772874,0.00353643266239712,0.0026932118727986667,0.021166022698132347,0.004135437045464145,0.02232783626922297,0.005461933800423078,0.0165292208867879,0.0013506863832641672,0.0012564508394438544,0.024005359110920874,0.0136881921999988,0.0019584955825037243,0.004924261159531978,0.008363573509443757
0.0077156497975493,0.0016528005071624549,0.002036611637764844,0.017588297857388923,0.03813234214371237,0.006079331194658845,0.029417441197022744,0.013448008557791356,0.03182206693842338,0.016526988405510378,0.0073933093056341775,0.02630239226602771,0.0070977708248487125,0.0027781763733333775,0.005482289857863156,0.005069555533874011,0.005463367314632789,0.011300820606914869,0.6233523244609265,0.008208583021995352,0.014961361736791357,0.008759150515501711,0.017389781433937244,0.007335983939375856,0.010361743790387344,0.011474077663511112,0.007533095074547512,0.021373425221619346,0.010634013572605933,0.004603681274207734,0.007953227481941884,0.010752330492536743
0.0029367378572112113,0.0021166253296436444,0.0017844125228202222,0.02521479511313765,0.05977976702714216,0.007125274506521377,0.03735835589925023,0.028397098273842306,0.04736769875804318,0.008463258514081478,0.005238750911558311,0.029149518728646018,0.0059779540371885445,0.0029889205989384877,0.006323484770508578,0.008722664455288902,0.006596053930563945,0.006093611248376611,0.00744056577714931,0.4915824910029203,0.012872695133171602,0.019557561705598164,0.012104212195332255,0.02998823883483667,0.010759342090572834,0.0581787382926739,0.010579838716049835,0.022349704062388738,0.007917564114858177,0.004161183011468034,0.010554477091438768,0.010318405488777264
0.0034407461646202694,0.003772918315993867,0.0022371156268055775,0.0115589940158866,0.05199495318788311,0.007138758700992624,0.03482653418421795,0.010299583254170457,0.07864171799373526,0.007346265120744023,0.0030341685665752445,0.018564653558340402,0.0011616500704970225,0.001276945574567607,0.003106821893428989,0.017545245444861867,0.008240277058854243,0.010225759367907102,0.0032007702399843444,0.043438141197138,0.5125645613436411,0.0020404114813202664,0.006848490197382822,0.06342026447586754,0.0027120163603848667,0.020314936347325143,0.006953902673153378,0.008831969962250021,0.006003716304673122,0.002883597478085622,0.007099020387028587,0.03927509345168172
0.006687697759557322,0.0038807646134769664,0.004089656148126578,0.024543867836141528,0.03616398781904463,0.017817519978505322,0.0402481308119104,0.017370405316800053,0.04119884942394852,0.01663121955448928,0.009703402426712034,0.04160763288415811,0.004139994888812512,0.0011859775038055012,0.006380892691583633,0.009989279248341722,0.005958435791475637,0.025722436893194554,0.007940960970445077,0.06603510833600333,0.009915476529855822,0.4049461724049612,0.007731485345522268,0.030880063134944926,0.08791978775055449,0.008781569885008502,0.005438250049569489,0.029425215705519432,0.010539152425992532,0.002095483208595117,0.00633559933449511,0.008695523328447278
0.005695196493705922,0.005235003428143523,0.0028486049687690223,0.022536317795408836,0.060124646165904974,0.018708899739186578,0.041731980438665946,0.020645622776171144,0.1810202923676457,0.013541307570015346,0.004924763982175621,0.018313388474249515,0.003370775449148088,0.0011745651678032334,0.006017138839177066,0.04418860189962725,0.01304863595003991,0.007338879943308134,0.002623005104949162,0.017329696908918845,0.022065778873116854,0.02918322499860125,0.3667180487817847,0.007375297690374879,0.011839623362212656,0.0026452995714571223,0.003661543671966145,0.023339536361294315,0.008356111414331334,0.0020673014140971777,0.004696284832741511,0.027634625565007134
0.0013108379492139286,0.0021387215015961506,0.0018739870901579218,0.019939128229385747,0.043642962603207575,0.008311663133889667,0.033055256351173505,0.01756464509560521,0.04839908859516461,0.009807970807585465,0.006211490110698868,0.031379255577832436,0.005147956066798378,0.0015543514671770666,0.005479387469104233,0.0125840385949272,0.004015401939510656,0.005120140392225845,0.003734705216949572,0.03187928912367788,0.0109551309024308,0.012267997707103876,0.011498324800312078,0.5357837125447981,0.037310017726686656,0.0328826852115449,0.017262040412805563,0.019969011291851,0.0016760871223629222,0.003545936881911878,0.018016920350557953,0.005681857731751779
0.01716983498132738,0.004155406743103122,0.0031903147052488004,0.028569964743491424,0.05761410786331283,0.01861338005298781,0.09413031287690453,0.013323726766177432,0.022724694238744278,0.020903146357631432,0.007126087468187833,0.040504500136203575,0.004915547815457677,0.0018574292874147112,0.0059401638336100335,0.014746705038242843,0.009023370997727855,0.0073464785894582175,0.0038921937839382446,0.014399006211261845,0.009750106263572556,0.009367208719905665,0.012868948149143923,0.027865207551652567,0.47931046473400407,0.006343914898515201,0.0024046702034146447,0.03247037478180548,0.016681709903604333,0.0008084325151311779,0.0029249226612893114,0.009057667127528079
0.0022546422708532338,0.0011699427701496554,0.0016147709494342296,0.019810355038626767,0.04850990829460786,0.008267474663465805,0.030735203788933834,0.016487372633118856,0.04609493919208704,0.020812588513194577,0.008269109711471946,0.022945821092747554,0.005417798779886034,0.002615441851064989,0.004061993656019522,0.011604465073620845,0.004381758749975922,0.002232440280678367,0.003802687983554011,0.027936041881743454,0.02881286031709035,0.004961759295317734,0.021957559346908313,0.02057813526418441,0.014355900917346334,0.5598732336559502,0.0164679097087232,0.019526153253685535,0.007905939348904744,0.004241688218913956,0.0085486633969545,0.003745440100785458
0.0025510402903147445,0.001484216688005952,0.0017570992318096776,0.020228708949567832,0.02977744868385508,0.0030003918296604335,0.023108330643606255,0.018446347904394932,0.04134089537413253,0.014576688664447066,0.009937877393607361,0.05406882217612683,0.0068263142733899235,0.0007875219601771778,0.005316785525057055,0.011112680917502265,0.003621647021069969,0.002130102172760433,0.0011971926670244484,0.04788520280552382,0.02934659774499256,0.005613619626788401,0.010462993521356387,0.021337966558782246,0.020509382826859823,0.10139594622285138,0.45356394563575125,0.02870794650873331,0.016560908581678538,0.0035409777525631007,0.004652649495876222,0.005151750351732054
0.004468781946158821,0.0033374955832816996,0.003294154743204534,0.04421504225979112,0.09012574575023469,0.01368670470748381,0.05834316350720866,0.025280590986334745,0.06601983877153726,0.019401488143152245,0.009272433702215133,0.049278632696233865,0.03441482608527347,0.0012861866872784676,0.0039372956621361215,0.015800443020329864,0.006690898132112345,0.0015540278224328789,0.0018729715198038334,0.006805818508007822,0.012884048897966911,0.002831845823141111,0.011425587572770124,0.004254425533617767,0.011010734039131312,0.013055371011220944,0.012968083271846344,0.40606737182693986,0.03883239143290814,0.010709909285076357,0.011269953112492756,0.005603737958676223
0.003461924547787533,0.0022808966738532333,0.0013927116852738737,0.033815792191583365,0.0894819570987584,0.013942077027499219,0.043936279036730023,0.017324884888993,0.08354222259713164,0.024178655638299948,0.009756663678659277,0.024354617509486753,0.01274230782446197,0.0016268382253529624,0.006458944266139111,0.015924335180473568,0.005591360006207666,0.0037943322138273223,0.002258888304169965,0.013290995700427365,0.015374483837950363,0.002384282857949045,0.0048010400744844,0.01959408127915712,0.026129705335095756,0.02856267592765208,0.04132949475671525,0.0347399837897672,0.3568731597528572,0.004151368145902833,0.04950034204107334,0.0074026979062780445
0.005054241826711367,0.0027016527048069443,0.0014600717589329,0.025238953677944972,0.04240913247370595,0.012728872191293643,0.03772443776757148,0.012117680951263608,0.049746461515393914,0.01605833856695303,0.00856991675078091,0.01102400903096621,0.004797083886093367,0.003387849052373834,0.004955559422621678,0.008066183148182011,0.003973436060767399,0.0023921370166328517,0.0027150166766179667,0.02274164061820962,0.005857747217096521,0.0026759871242858116,0.004795231773867977,0.011575391363506778,0.010756938637159177,0.022175012272378863,0.005059984979233544,0.018509154020018712,0.007096922490562078,0.6146760515078052,0.015317009942824564,0.0036418935734360003
0.0029358171764990114,0.002809849306072,0.001569509929052222,0.031235073110961725,0.06609759481594495,0.01289862356672862,0.034154716720131914,0.02206839574962761,0.06979750529255921,0.01881428723623273,0.006433047157718354,0.007530294056517455,0.007466558727964344,0.0022225085614028714,0.004939556312033212,0.015524974492695576,0.0045597347451816,0.0026214847524499217,0.0008170681792512729,0.00986273560752212,0.009142752309457998,0.0016332382457882664,0.004740712320091438,0.016806728599621124,0.018553408591668975,0.009186954782897976,0.009950799794118212,0.020435130077464166,0.006663724230713277,0.0035251137140731442,0.5719485959338493,0.0030535059037082443
0.008041699286903656,0.004144020855592099,0.0022462980354263375,0.0212342137628493,0.07657980424616287,0.03463961949352423,0.09075198970397795,0.02304830832513568,0.09379177080831246,0.015150588690737357,0.013497203205133512,0.048711713663112374,0.004175058914223266,0.001950547060553445,0.008390816052429953,0.012519116657258156,0.010042154734569046,0.0026155560913602555,0.0008586670701548334,0.02463433826564941,0.022296699783802013,0.006005063851537934,0.006505984858665788,0.05281209380903071,0.046879482712499844,0.008952281666326233,0.0025591033349741275,0.028741626446280064,0.024658457262305276,0.0007592199019989778,0.0021220871837714784,0.30068441426574033
