0.527415462741695,0.0058345515231443,0.00508717897658806,0.0123716853050035,0.0245601955273861,0.0498494501507623,0.044498285438776,0.0082908078627253,0.0597301249033941,0.0127243181749646,0.0153657142526449,0.0140843599365058,0.00283523396504685,6.74591527129156e-05,0.00400213394791858,0.1175439359371,0.00788733790377137,0.00302101743764397,0.00428003597985267,0.00318518790178923,0.00240355464615253,0.000125921261650071,0.00765305239086032,0.00066920592545731,0.0116433827255332,0.00181115632663409,0.00501158856810314,0.00792176239354055,0.0217099552317084,0.000402481665824385,0.00139419783247569,0.0166192640126345
0.00322141733910443,0.710109065241868,0.00732244099230226,0.00231077929837219,0.0143006187413462,0.0062789844002503,0.0408822002108232,0.00135457815376231,0.0166461393856793,0.00301409245555256,0.00581264930911868,0.000922640484844328,0.000214008810961717,0.000931008508527014,0.00371639486563277,0.0358981499732308,0.0234319206153835,0.0130201761415705,0.0105742557404531,0.00293042981150316,0.00112239597905874,0.00228663892930118,0.00785273069139018,0.000114905620666322,0.0612734893549329,0.00163538086357921,0.00287712161324426,0.00752824823281988,0.00130599718974144,0.000138435172460045,0.00358257282486484,0.00739013304765441
0.0118719925727627,0.00293692039520971,0.743924232800057,0.0085370522908162,0.0247951441081961,0.0226605920663186,0.0782183925280808,0.013390276450887,0.00349817467787061,0.0176815747591878,0.0106250522691693,0.00621099367882897,0.00596553819237719,0.00754149510920861,0.00233033410272993,0.00615413061984633,0.0067826703496593,0.00213878126458459,0.00163546674831715,0.00198363846776582,0.000852164363040374,0.00117199457387232,0.000394155482922784,0.00226292891127458,0.000987561938389129,0.00122308454964673,0.000438038565717951,0.000739014707488168,0.00963267076504997,4.23479303446431e-07,0.00298127874698731,0.000434230464433728
0.00199766903219951,0.00391115242035075,0.00530563843097892,0.615229580845861,0.150823771936808,0.0265974432314604,0.01269233773995,0.0113751668070609,0.00156395292901355,0.0307760663165373,0.00395983369263338,0.0406363151240093,0.00331988455275633,0.00903655940156072,0.00590429853878832,0.0152409078098094,0.00128733613097104,0.00183529627359064,0.00107171308252215,0.00169424871178196,0.00373417356798619,0.00391888908902626,0.000302050263340844,0.000271484174030466,0.00874207459494991,0.000498571267889258,0.00230903508169793,0.00102851133098882,0.0318950146859303,0.000344123178608924,0.00158584535686319,0.00111105440004458
0.00307189445367806,0.000600584447153154,0.000240597928554225,0.0633465521775728,0.71497499976249,0.0183869788065907,0.0106301131538851,0.0103087530263467,0.00428991599084448,0.0142234337200454,0.0076006618881939,0.0626610037879826,0.00991135674357877,0.00280619479894482,0.00453605293210783,0.00851855891982778,0.000933378681200378,0.0010689711975739,0.00343250457609164,0.00247629973910393,0.00265221179229858,0.00608154767731007,0.00952410860212779,0.00607624181156096,0.00179144509860831,5.09377917486568e-05,0.00970686182519823,0.000166488815310813,0.014198709948128,0.000876294222252162,0.00385448323255214,0.00100186245113814
0.0178446988843651,0.0124931970265647,0.00170255972178122,0.0315593866268938,0.00748867943488732,0.601783837525247,0.109328066621972,0.0222813681581615,0.0140849486180537,0.00391974559698279,0.00377584426639087,0.0562086090439833,0.00914332474656581,3.82402621077454e-05,0.00369210614265471,0.0201155633279605,0.00484780315795885,0.00355895469125215,0.00340740210365093,0.00565615603339322,0.0029219997383163,0.00950854789714727,0.0092385837423226,0.00801570265651446,0.000604671917673175,9.27053094205974e-05,0.00864207443881929,0.0033198893799469,0.018466687901355,0.00183744397443789,0.000504450944567812,0.00391675010865159
0.017404707133759,0.000225701814299704,0.000246281546024546,0.0667026497760566,0.0076526813782681,0.0167944197793105,0.700106725070058,0.00613997208181673,0.0158153511673468,0.0198244153196117,0.0231775210004361,0.0428438814730074,0.00615889573661454,0.000237567387843612,0.00681827213946823,0.00237380744272981,0.000400998418432318,0.00171687952992033,0.00627062964595169,0.0060654792314259,0.00176039479236875,0.00326321509402283,0.0138503576334441,0.00298630325898991,0.005119447509571,0.000115606382379213,0.00833453476028348,0.00372063799410475,0.0094782490492916,0.00299649940690994,0.000901334832342805,0.000496582213909921
0.00168193901218463,0.0034699393649326,0.00369930854544409,0.076707242905419,0.226202439801024,0.00577507281614353,0.130318400162757,0.303418356500417,5.86216284702409e-05,0.0327178412528091,0.00868919439477954,0.0329299807140057,0.0110915589191548,0.00745198148175525,0.00841513805387626,0.0847201519876855,0.00315369014641302,0.00164423554859068,0.00372192447607091,0.00100798695872269,0.000932124905714218,0.00229697968315875,0.000349210839798349,0.000861662458396129,0.0165362491529045,0.00120041146934937,0.00406803782886136,0.000557729121675662,0.0226967334816528,0.000276138731080857,0.00317015598412929,0.000179561672622455
0.0142604408047219,0.0060203458251055,0.00374669509844118,0.0220810379103263,0.0222884431602501,0.0281111047389454,0.0984402926356903,0.00297515745683187,0.597961084904736,0.0213178089837055,0.0213958396273495,0.00237627962519905,0.00128790722644723,0.000137383201846499,0.00452598186621749,0.063797902881171,0.00716809048132787,0.00599709916552886,0.0166887431175811,0.00420426754726556,0.000756631555670303,0.00128422068737206,0.00708875590392596,0.00348102231451421,0.0104455713475142,0.00346804109968756,0.00346205797527741,0.0168931634808745,0.00035730821339212,0.00191165427336073,0.000410339614067145,0.00565932727565535
0.002168101217579,0.000718351331846499,0.00150869216060685,0.00528723671373812,0.00321426478404021,0.0170788348658819,0.00633220397079933,0.000308289720534358,0.0126085140224726,0.713447302659252,0.0117326057972482,0.086082334611638,0.00153115861440612,0.00426413760667084,0.0139039063857956,0.0092771425631382,0.0028417842522147,0.000645492687389802,0.000394638148018956,0.0123469489459796,0.00227263585841087,0.00126149976962636,0.00265831473999648,0.00881709205875466,0.00346465608525737,0.00565514722953168,0.000269200982841601,0.000997107710855487,0.0635218806104899,0.00173565262777629,0.0015465646528758,0.00210830661433235
0.00023696821863364,0.00531549367717066,1.39438084057998e-06,0.032842059521957,0.0851999643182179,0.0195423730345807,0.0355840200868464,0.00689697574438017,0.0123470953623339,0.0229181762991923,0.614324068460339,0.019042400335524,0.00355886926803416,0.00100402300671061,0.0101921280496181,0.0201188362555543,0.00136492193185954,0.000320255043524656,0.0026044538103847,0.00160574276440269,0.00732573378763298,0.00128086948227298,0.003283861418832,0.0033511589842564,0.00088404616454102,0.00701296512623777,0.00326190734596928,0.0102291393027345,0.0457494203620079,0.00024226898143192,0.0218150955066019,0.000543313967376929
3.97559139904895e-05,0.00221949056771112,0.000591486767770504,0.0192101789807082,0.0130965798475635,0.00677204713486457,0.0130574267108045,0.0136903880020012,0.0285715986765758,0.0130025114754747,0.00938946964332395,0.70903175090427,0.0164267489519151,0.000685206843966342,0.00177377093297646,0.0249113597003574,0.00406997327716167,0.000693359762400681,0.00133691801580924,0.00129228950964768,0.00154951614143123,0.00236847930121598,0.00887194734843145,0.000450669036106443,0.00561075591337949,0.00176421162016196,0.00588413700411492,0.00294976849930926,0.0516091114039032,0.00323681747566442,0.0345944097863496,0.00124786485063884
0.000566979361663506,0.00105983188006166,0.0033549617269803,0.0411230694622972,0.0911314413136228,0.00382317268912699,0.0212857914257076,0.00451911469899154,0.000508806026578162,0.0755912018442771,0.00180046563221658,0.00276363147053052,0.57084942370622,0.00488126298101104,0.0470383506415276,0.00886239967680941,0.00865144051441496,0.00167802671815408,6.07767796651916e-06,0.003900958567517,0.0129784428117019,0.00840457113880205,0.00360589199282877,0.00556711095635232,0.00982739693377899,0.0115567834538253,0.000217189697292833,0.029815614379321,0.00796680928408286,0.00283695066484704,0.0110631667886613,0.00276366388283184
0.00130876695353127,0.000185246195115093,0.0063315707529722,0.0110690938414309,0.00612834358192424,0.00680433198460815,0.00528203286009033,0.00407646678305492,0.00143630707076183,0.00460048745897351,0.010978556915177,0.0530590478662135,0.0110051739114117,0.773858125226955,0.04705930127607,0.00151959954857232,0.00703282542095775,0.0040070300845014,0.000246258543345687,0.00375957169024389,0.00283611303188745,0.000189857925087409,0.000350803965223717,0.00979867080171839,3.7499870579098e-05,0.00882807419406681,0.000779617216010142,0.00339399917456183,0.00603010455863937,0.0015628261828368,0.00613849072570543,0.000305804387773004
0.000819757171493933,0.00114151930570411,0.000409731561822943,0.011684223295093,0.015833066228863,0.00342988623190659,0.0116865500403766,0.000118983484329297,0.00255909068909928,0.00887190321647571,0.020263744456569,0.03638544947594,0.00737663110369049,0.00055556488494438,0.769529939339012,0.00865249382329135,0.00607171286101485,0.00139612590901034,0.000463427522201233,0.00717305882212897,0.00400507263256781,0.0056521552256968,0.00977875097028086,0.0159702285864498,0.00449442768320439,0.00388846589217084,0.000865009157043207,0.0149709629494751,0.0224325468718484,0.00317413637675244,0.00026553084204069,7.98533895024498e-05
0.0651609261722981,0.0207299863894052,0.00309266674953977,0.00524330529187945,0.0547379700856274,0.0110762737556261,0.104310731659401,0.0271984521890888,0.152452975034809,0.0349371738726152,0.030169767300938,0.00727759188029871,0.00114324910414971,0.000143458412708561,0.00694121559150738,0.372992606392896,0.00490923526892711,0.00715187529684821,0.0136347449779322,0.00926257143348332,0.00108998449128681,0.000667973002285605,0.00432069500798377,0.00264813337780767,0.0205940352734663,0.00225947713312855,0.00146729455512829,0.0177094323503154,0.00066610949885371,0.00353587286340713,0.00142278523844302,0.0110514303479146
0.00343736240608067,0.00258618447225466,0.0122189262638618,0.00867294820995652,0.000835023580755548,0.0169051938598121,0.00145315128815113,0.0059941862440036,0.00484705214941651,0.00771882494686398,0.000969044791422234,0.00221774039224191,0.00244685037404067,0.00273861213246753,0.00371284239942134,0.009050481211887,0.841944768115266,0.00505237620889588,0.0067161310512466,0.00132418413937764,0.000884081599764169,0.00362187384908471,0.0166063077289114,0.000450003745383679,0.0201242164393138,0.000560611194714427,0.00379978328409291,0.00646324941423124,0.000345254332104641,0.000203453061676372,0.000312321226691739,0.00578695988660688
0.00602941206490941,0.00222964998716479,0.00183434737102146,0.0019311201195603,0.00882647361800836,0.00264969861658422,0.008276308293307,0.000484016453592872,0.0460236664253448,6.07812466967446e-05,0.00865331394139914,0.00499565820832832,0.000428874515325308,0.000573906093496952,0.00242288448557321,0.0590064960495704,0.00751198285467687,0.760791576463064,0.00190934465711195,0.00232786330821048,0.00672458442367775,0.0118515667859503,0.0118611202446178,0.0127613493367959,0.00241951077131641,0.00314593054837368,0.000654650666343804,0.00273189240946686,0.00412118432647755,0.000299321522757738,0.00137323364292262,0.0150882805483524
0.00187897419007201,0.00364769290203722,0.00348106144581145,0.00496056145684917,0.0278474122738288,0.00733270208758303,0.0380670458053486,0.0152305590314989,0.0250707968399822,0.00114388823579262,0.00532975975283854,0.0350631045300249,0.00205655824884481,0.000636289302461823,0.00178184795687007,0.0367420147142795,0.00690553546139027,0.00129896260167432,0.659349474282596,0.0384546269826939,0.00456729659995484,0.016868722323513,0.000513640348151166,0.0107492414914923,0.00324004538108,0.00714707242249314,0.0026512137266757,0.00172873553588908,0.0290128254816419,0.00467088502617065,0.00127327661191424,0.00129817694854535
0.00106383800244061,0.0010971897143775,0.00540403157298986,0.00629069910760724,0.0145333977954817,0.00709199455055029,0.0174236979569666,0.0170869021821352,0.0233667265201891,0.00352455949455861,0.0144122106188507,0.0737265025353444,0.000377245654982406,0.000195517331728725,0.00491174981196438,0.0361229819472415,0.00290471585028501,0.00298389254933263,0.00227924475412423,0.588684406799256,0.00606238768649064,0.0103309184907243,0.010372061801544,0.0553373167559146,0.00942301466831669,0.0280823158901615,0.00108588182653187,0.00143247469671605,0.0471096050704677,0.00459283657940849,0.000542478657216901,0.00214720312610017
0.000698946204542391,0.00203406510030655,0.000362445837228774,0.000864984463333346,0.0139259865052701,0.00489046410750654,0.0282046357233832,0.00302800444835836,0.00240992489577237,0.0089492485458857,0.0122504747593848,0.00889204145472906,0.00117102929487058,0.000162753773740943,0.00206236092232717,0.0127250544320083,0.00282168097419754,0.00797018721762455,0.000921696071223215,0.0193057220616596,0.763851707696504,0.00332851158362279,0.0198424283799004,0.0138155910654159,0.00117089637158275,0.022025215602882,0.0020248397741763,0.00721733415124336,0.022913155752253,0.000759496891556676,0.00302822960638618,0.0063708863311234
0.00520128479887758,0.000254830455990226,0.0015644484732448,0.0020744450250625,0.0322434390217265,0.0118006341183383,0.0391223478638138,0.00170127014533703,0.0654430174613336,0.0108075746926484,0.000280017741006872,0.0134516339012184,0.001148930963423,0.000423158876878192,0.00054890763067501,0.0860403808174689,0.0159544280962062,0.00253812456266048,0.00542493522934272,0.00115115301229327,0.00818997147547953,0.620563738131067,0.0304170617103427,0.0156897967976488,0.0132900036646161,0.00292432364454372,0.00282023520791013,0.0017902111042961,0.00250736302906005,0.000341411217192572,0.003518538884788,0.000772382245509236
0.00294817423634216,0.00121822415448464,0.00128492865001138,0.00130143324834619,0.03173040320253,0.0262984431056103,0.0984480610153318,0.00222057385198643,0.0336168385143412,0.0145167550609559,0.000464939242228633,0.00810367617360998,0.00110872331784059,0.00212046450492326,0.000170664453705492,0.0345836319950277,0.0216809987152599,0.0021208172918732,0.000199358454902542,0.00913538285776344,0.0206248311017779,0.00952466543883368,0.637768990694361,0.00865111435926891,0.0125978919748926,0.00598253189136411,0.00413813999954012,0.000633113911327364,0.00342167798945971,0.00157720484174802,0.00170461443236682,0.000102731317985424
0.00152662624112701,0.000497074677000858,0.00262303013817119,0.00124915289915764,0.00963219779149953,8.21472840511801e-05,0.0137750345652632,0.00837022168198023,0.0112749382065629,0.00770360710507214,0.0125952665950464,0.0366785982670419,0.00112500495664113,0.00187141967194812,0.00109412209355894,0.0190982680529391,0.00330381864474605,0.00625111170278314,0.00289810780503456,0.0286721998188114,0.0648211366182156,0.0051222306005827,0.00182527840850005,0.670456424616387,0.0105404869434298,0.0302256381776662,0.00076999348125233,0.00414598115193482,0.0395093234516189,0.00141278626619476,0.000360030383083932,0.000488741702697067
0.00601172993312645,0.0279621514663971,0.00135439302541683,0.0189305967780895,0.000240461316291096,0.00669236845315682,0.0101291440009976,0.00949797685686302,0.0685791548658713,0.00717745336138107,0.00398474303536737,0.000966970703044761,0.00134612729454225,0.000889826409312497,0.0011619355423447,0.0097246968733595,0.00544207841272623,0.00705348607228771,0.00657657091552242,0.0231076751985526,0.0019997085197427,0.0118932996631871,0.00590953713797745,0.00421031220246205,0.704491696123016,0.0183605570053701,0.00191002208123487,0.00684766173377389,0.00422497376181308,0.00106170580419898,0.0012489575719317,0.0210120278806411
0.000871730562356192,0.00105940029384656,0.0045205121099969,0.00254573005310943,0.00774742078086469,0.00197984594885972,0.0064516773103997,0.00345582822401869,0.00325043473518603,0.00308847631375001,0.00616836434026726,0.0412275966816619,0.00615731699870437,0.000222048787076898,0.00514732956769785,0.0145984303979678,0.00449054982239482,0.00261194977154713,0.00292917907777716,0.021950257282892,0.0359432374345557,0.00256488534550287,0.00102566530852664,0.0188849883876691,0.00387243005916719,0.739426104284456,0.00198382453386267,0.0235121446062009,0.0191562960160314,0.00420152304675721,0.00810977356790615,0.000845048348989098
0.000716766368281224,0.00404290116177885,0.00771696654087576,0.0061024120188581,0.00749450048261682,0.0157877592122686,0.013319677262685,0.00883099730419894,0.0048291971878312,0.00699452816190984,0.0158403306739123,0.036266296015277,0.00308185547722442,0.00029052261230159,0.00280935889832009,0.0230627341625017,0.00162792212805221,0.000688674050766131,0.000554521863297248,0.000742219893523669,0.016419907452023,0.0141437327113713,0.0234053737467457,0.020966877195436,0.000798891425867054,0.0172536378597312,0.662704393435267,0.0320209134002949,0.035316340542612,0.00144614162817457,0.0142018085270591,0.000521840598937454
0.000236448750677752,0.0015263342671176,0.00020757605610494,0.0100696205275141,0.0187080086559593,0.00142588431595906,0.0151984870176639,0.00481446019681446,0.0601213632014903,0.015085449239683,0.00564086319030641,0.0275560535662625,0.0205150199047422,0.0014775691645541,0.01382263521162,0.0478000284748928,0.00403927937840673,0.00161030558914088,0.00525643312092537,0.0111123675589883,0.00441580629308208,0.00214456255492874,0.0116494072702373,0.00407132432420984,0.00552492100862615,0.00511439177089866,0.00294876959144767,0.644463124022328,0.0394046084389262,0.00404139194965891,0.00676765323624893,0.00322985215058406
0.00305083914673747,0.00348698251562881,0.000924112265154757,0.00107026997523168,0.0213552455853497,0.00755881887634762,0.0148039644369107,0.00333536357571252,0.000176213278772743,0.00819899834786178,0.00475649010960104,0.0866052568089716,0.00185766824870296,0.000639460214402756,0.000645660434736961,0.01766325375295,0.000595293207228432,0.00133475489682128,0.0087777216468245,0.0102200276837408,0.0204126631309514,0.00243835588561761,0.0133765655802111,0.00921244766377796,0.0182164314741432,0.011484916955557,0.00276111102705552,0.0507738000692685,0.620655719371537,0.00199992785207556,0.0482993753525106,0.00331229062960673
0.000764013710733003,0.00233638664860925,0.00278144648566339,0.00187019641264663,0.0034670498633937,0.00687953158089001,0.0268376081733314,0.000436339559728291,0.00357599637403293,0.000419569904719072,0.000667983533072687,0.00294492701468371,0.0010634572817061,0.0029535119354791,0.00066472081025232,0.00374036551007648,0.000777149935875775,0.00254771422142151,0.0193006242328067,0.00250846982970378,0.0118515665569428,0.00073037001533493,0.00439790391051283,0.012914439716326,0.00541654046924453,0.00317779763269367,0.0026709446476268,0.00367632991245408,0.00451680412518504,0.837577545599319,0.021393651417594,0.00513904297794066
0.00072143382250258,0.0027648941317312,0.000412092367171156,0.00653953841331151,0.0162519250208265,0.00967823757152337,0.00820680795038372,0.011056053360965,0.000230658539483946,0.00757008334941332,0.0052873347434641,0.0218140751846961,0.00386971956910633,0.00141397871821125,0.00421423573998495,0.00358430529307511,0.00012300027571219,0.00168547841478782,0.00288956075468106,0.0179963554247957,0.000207587767044218,0.000579949342754117,0.00418122906280294,0.0147938361114052,0.00429983262460095,0.00368166611525032,0.00397711609844343,0.0307320306991249,0.000633881467306345,0.000302272772053498,0.808471526441066,0.00182930285232104
0.00904086244863727,0.0220015430604344,0.000896762240573662,0.0144500960885362,0.00361666299054114,0.00963573664452248,0.0404295911797409,0.0013767341978651,0.0392711717301179,0.0104597768270831,0.000392421232756739,0.00386115162867717,0.000247239241971148,0.00131120521410589,0.00195908085468314,0.00562443135931834,0.0117419860934131,0.0095601272009739,2.36451478156121e-05,0.0230310400120086,0.0134794572103164,0.000212190265388829,0.0446397157513338,0.000348787277233841,0.002583507641491,0.00364887458854898,0.000439435088119169,0.00263652507436411,0.0143232249316353,0.00542347181531469,0.00606032508032919,0.697273219882149
