0.372972347396678,0.00112419488821735,0.00320465343574704,0.0915293143634704,0.011953723047668,0.0181735645319227,0.000218974020464972,0.0775783030036628,0.0297100132987212,0.051608350391991,0.0251319340195741,0.0115955960286844,0.00048619511345821,0.00154698807435164,7.64834139150302e-05,0.0400393909682528,0.00421918796592747,0.00150079510237653,0.000822027136149855,0.113217315690909,0.00624737204968927,0.00577963562386691,0.00758462127412316,0.0912038882235702,0.00388478928005641,0.00108228896921101,0.00243754488517945,0.01648925019384,0.000713641172687245,0.000853410098198725,0.00102863038217686,0.00598557595525805
0.0204507874403882,0.417879006781461,0.0049589745406153,0.00412693782182384,0.0230561212729476,0.00858505600126346,0.0139364187709045,0.00563796432221202,0.00334042831253931,0.0172361814923884,0.0198997947619101,0.0778837000580966,0.00738378127026754,6.13538206154726e-05,0.00353472007706946,0.00640749988818524,0.00736816354832713,0.000229400220599793,0.000286398211632569,0.100581214281901,0.00278633269571616,0.0117259832370374,0.0231909212887552,0.0643661020846132,0.000516617198059222,0.0495306856939396,0.0141006846097555,0.0578666347760041,0.0113320329789508,0.00146569025536287,0.0128859220526105,0.00738849023404641
0.00398635020608776,0.000797526043202304,0.504293843780384,0.0433162343594065,0.031022126225084,0.0152720592575701,0.0434970374978019,0.0302425060061893,0.0527270234926457,0.0104135395641963,0.00218766395524293,0.0138576770828967,0.00221463235641549,0.00103975269224099,0.000473316881447457,0.00243770486177136,0.000704092312484414,0.00371715977287495,0.00138970654039437,0.0896899955685349,0.000956362265559648,0.00886943006891735,0.0139550948956488,0.0489105910120075,0.00937843507700069,0.0169659424305856,0.00950348812324228,0.0219161645270525,0.000340131800827248,0.00620219445369192,0.00967206793558774,5.01489530074914e-05
0.00458479197536761,0.000380909641022545,0.00051948132069955,0.540838001317676,0.00535876751514442,0.00116410585258687,0.000676124035844839,0.0115235967127213,0.0161220794924607,0.0259444747149889,0.0278334307667246,0.109166901115306,0.010758917066454,0.000349662181894155,0.00390713508492441,0.0212647245165021,0.00413338823869513,0.0026998355904883,0.00122623566120397,0.0536298515225961,0.00834079533109925,0.0114488163844678,0.0243579333784678,0.0339766076968688,0.00385146030421232,0.00294226391081585,0.000246198215000144,0.0599037763126978,0.00829249255334674,0.000766053062422271,0.00110025603525148,0.00269093249204889
0.00525356410550987,0.00330842132536929,0.000199250661940147,0.0189797225469325,0.416828261607629,0.015752090446596,0.000770236111699991,0.0378586578026952,0.0375848547367263,0.0209645682178922,0.018975229217148,0.107431034898851,0.00465150184401676,0.0014344053123855,0.0110429858956137,0.0642649627985274,0.000748328728042371,0.00759876957744054,0.00210951173140595,0.00500493343834299,0.026003780877697,0.0207100114470947,0.00530045079966913,0.0137386568910981,0.0155122359749824,0.0186437299881036,0.00221248802200489,0.0681640497108043,0.00903206223028559,0.0102423614828708,0.0202480779228515,0.00943080364777356
0.0028985933590486,0.00152484587534996,0.00119295168921973,0.00539622391994951,0.0252180499087455,0.456993008170919,0.0132856046440164,0.0117051967889374,0.0303648654447534,0.0465910203167128,0.0429999028466293,0.0691953633782032,0.019552141679417,0.000258190265646029,0.000593067708337414,0.00253425412030295,0.00156902847199117,6.44704220072984e-05,0.000489807089441011,0.0932763481992838,0.00101985576766897,0.0064369899655137,0.0309258321208813,0.0796037411133867,0.000838912120301637,0.0105975633422054,0.00146686557543958,0.0192812233461922,0.00519090090095878,0.00359450621020123,0.00740868332119521,0.00793199191714443
0.00772461357642733,0.00575209544665852,0.000327291206249764,0.0340629085233842,0.0333789582841243,0.00315177407730959,0.467421744299126,0.0116915142118427,0.00238718266303781,0.0545765632548413,0.0256307990266423,0.0674691183145593,0.00367252368043926,0.00518390758785008,0.000189387023807878,0.0132978407923637,0.000183577374091682,0.00186974575629367,0.000229560585523757,0.0403210605122343,0.0120223837458458,0.0187354249490244,0.0398288601789094,0.00542413811607455,0.00905130899098635,0.0532792690974835,0.00643513917188988,0.0373327384057783,0.0105497101374617,0.00228194419532121,0.0242760669462709,0.00226084986814667
0.00930619789896552,0.000825169354169051,0.000681149772978572,0.00234842327390879,0.00766423964753679,0.00188181958794948,0.0035663275600203,0.425909766253191,0.0105536158732493,0.0324832027699477,0.046520960626866,0.148807722403731,0.0120086912730505,0.00047082392873882,0.00426569677727605,0.0130885936200722,0.0044663238590812,0.00148833508956803,0.00130811512323531,0.0891237792925897,0.00850615269298049,0.00530671784654933,0.00759015306131193,0.0676693850027739,0.00575658750830448,0.00423220399275431,0.00146259890249778,0.0687945114545761,0.00869560266768408,0.00047283406606186,0.0047309310706933,1.33677476875389e-05
0.00911579793000123,0.00458924835418982,0.00123030966808626,0.0857691746349727,0.0102327654666488,0.00067318038125663,0.00457919295747883,0.0294327234400589,0.616825647696862,0.0349180284751252,0.00983541411169678,0.00869160428839407,0.000995449835508304,0.000812413140675553,0.000314756782605365,0.000444367805721669,0.00166150474024251,0.00802363014512708,0.0005476861313525,0.0451809112584428,0.000253451578616211,0.0132116841076985,0.0137206439615283,0.0416401845300392,0.0121569283093167,0.0139355660675564,0.00467052569030613,0.00719394946851333,0.00628318174580944,0.00177562787028599,0.00637114720993739,0.00491330221594547
0.00557006819165116,0.00100616254633483,0.00278898419336076,0.0109538892508263,0.00809685288413648,0.00653478974879406,0.00194972746331554,0.00523606500547007,0.0383764134770741,0.407441538901432,0.0494260396040607,0.151509693271409,0.03324296389886,0.00108853896202259,0.00512043283065931,0.0346277203340509,0.011571498368499,0.00687183663985662,0.00133582823175937,0.0230654810407074,0.00483378167931523,0.0134787945467695,0.0370123765088873,0.00404832505967241,0.00343719859461944,0.0185368957753105,0.000597676273847789,0.0840439381763192,0.00795855639516194,0.000131633893346848,0.0100631947087579,0.0100431035437112
0.00140105701838395,0.00133377061556268,0.00189345064464396,0.0197216367005364,0.00677998078037459,0.000554112816290544,0.00554640333965235,0.00897393091376815,0.0239337716371759,0.0337912323327627,0.603918937582973,0.0862449245294284,0.00977680408010698,0.00167971974997239,0.00184650250022459,0.0418849076070213,0.00275271433704605,0.00160300783820276,0.000572686643061941,0.0205348595905285,0.00454465779016636,0.00207250448961667,0.00745466838438524,0.00404547252178377,0.0114661006556823,0.0199117494742095,0.00275667340214018,0.0488389279719966,0.00204470101740187,0.00369542629862717,0.0183561868106389,6.85199256340385e-05
0.000411152465598422,0.00256427066217296,0.00133059195345937,0.00896876683500841,0.00164928791700944,0.000138909362836838,0.00056928377843896,0.00248996385253826,0.0432903669784894,0.00291473136635266,0.000492449297200056,0.551984666251579,0.0109734761896751,0.000685494171075772,0.008644195850328,0.053708274200235,0.00106481010332251,0.00189984719361634,0.000984650936764687,0.136708838586095,0.0032692166291868,0.000215523979536028,0.0165181336850437,0.103499780354292,0.00368874572863831,0.004397690399382,0.0022657696787979,0.0186279780785559,0.00737153121827575,0.00267388594545417,0.000180465210482219,0.00581725114055902
0.000404827439402093,0.00464015602730832,0.000776386881795125,0.0441149664475715,0.0142114395318148,0.00289385286801774,0.00250230052403253,0.0485033640335108,0.0175147663524232,0.0136474754223611,0.00920736125299953,0.0527510782502086,0.603520628277557,0.00614015013458155,0.00693675022269288,0.0330000750745354,0.00026458576420496,0.00228114375273628,0.000588909081809017,0.00710914610346455,0.000168862363311761,0.00126866253097834,0.00964133546724715,0.0105626338928715,0.0152632675464146,0.00960807574380629,0.0154378630286074,0.01546893475873,0.0122598205278582,0.0280996099561763,0.00497494032514108,0.00623663041583101
0.00541481601004227,0.00316748610174867,0.00194416050398057,0.0109830332108542,0.0148317632149094,0.0061311114896373,0.074393479966782,0.00274358158408843,0.00719342469565332,0.00264186306380019,0.00650465745525324,0.0431154889551851,0.00857906346977636,0.672146148915662,0.00184980574588962,0.016447948856686,0.00348395411297266,0.011959635525241,4.29354178659473e-05,0.0117075075013801,0.00555270042628268,0.0371260582520135,0.00433975102340606,0.00039884212144493,0.0117427659537913,0.0010510230192708,0.00597709069719494,0.00343901793463504,0.00378858706018383,0.00337800461343882,0.00640410631529519,0.0115201867856347
0.00754415239883506,7.06807089278013e-05,0.00216665408741926,0.0569735133002197,0.00717953736151397,0.00731040696649301,0.0123648981189273,0.0816142697144061,0.0188764538749244,0.0240519427001032,0.0582465018317023,0.0457204044512564,0.000131366057662925,0.004185957346884,0.446768449897866,0.00228594229046732,0.00386291700762365,0.000909107180843121,0.0038872959374974,0.0526611637293187,0.00117979535707983,0.00813779650704054,0.0368319635823587,0.0277745328169493,0.000156538147864772,0.0279502866442493,0.00834496015894668,0.0141231038118501,9.70128266663567e-05,0.0111718262584319,0.0249296966953157,0.00249087223035472
0.0136962061116535,0.00232842343330748,0.00094704134286192,0.0368899587729307,0.0177924558823584,0.00725848992483538,0.00373811172553472,0.00899854945639022,0.00336762377945895,0.0273816894124999,0.00677148323002763,0.0130317571951432,0.00473822666785674,0.00245861814579099,0.00344181969496758,0.698521174509973,0.00114951016827945,0.00261249179272969,0.000927036182257316,0.0276639608158466,0.00171497635760095,0.00377049446955702,0.0228922882297507,0.0348327961260475,0.00701662555041407,0.0198155024343823,0.003335235101192,0.00634417687869344,0.00854433300294018,0.00247696615779373,0.00503264527189975,0.000509332175024773
0.00110924273230719,0.00136548608373899,0.00406125701646742,0.110434335500157,0.00738923073010426,0.00936717386895703,0.0109357198463185,0.0816886923874197,0.027493408271407,0.0742743368770281,0.0457897420117271,0.00349966602451071,0.00217787631317363,0.00143636790312476,0.000159038331157887,0.00729948431466688,0.38111994866755,0.0010106165971658,8.05485920498342e-05,0.0970486575097884,0.00139639525379238,0.0096455232188655,0.0106643194418809,0.0998724064899994,0.00369069449345684,0.000536882491945563,0.000414156695600105,6.36555286683941e-05,0.000612850582515935,0.00028318868243479,0.00146784817276699,0.00361124936925335
0.00237159396488212,0.00853808041742675,0.000546357474549967,0.0165871623142104,0.0202865593634745,0.00421116495679756,0.019736807073116,0.0122348703603283,0.0137501305885013,0.00852597075960475,0.003220478999536,0.00271360165498592,0.00444415589779887,0.00614822033106641,0.00018945718209789,0.0827543466860091,0.00684652702579631,0.438129451673045,0.000888211644031937,0.152730224615907,0.00848622414648126,0.00231074787131978,0.010794776804954,0.145316164116489,0.00407643977241085,0.00378447745354771,0.00190650420701698,0.00394849869383187,0.000873058475719016,0.000113358131889444,0.000466656562107241,0.0130697207810667
0.00731468299309237,0.0117553839358847,0.00234136053403393,0.00130009119337037,0.0960284612488644,0.00444344778663051,0.0451201996731725,0.000463055590988638,0.0781694739481688,0.00492816997514788,0.00191205780600078,0.00874649738430007,0.00729402196912865,8.2947147874118e-05,0.00619424508325044,0.150264763532346,0.00301767497331619,0.00190111003895985,0.377859122882866,0.0284831161120016,0.0440686722132397,0.0009928670688414,0.03947401294214,0.0458373637163339,0.0117682479003431,0.000619303532843302,0.00182323406174959,0.0105595640235074,0.002208117875096,0.00120050341154501,0.000973661972864153,0.0028545674720983
0.00370129460743267,0.00216790108207762,0.000983998891615941,0.0153314764422564,0.0901903940651894,0.00683467899808952,0.0580567198528814,0.012115400127996,0.124643839005358,0.0174517100223401,0.0119827280763489,0.011868358471477,0.0106600735609183,0.000409952035479116,0.00206330465197774,0.233202761004739,0.00792410329768982,0.0114758180843637,0.00265375879673669,0.194625547792142,0.0170845372876018,0.0137777855510354,0.00530140453645187,0.0959071376125062,0.00921568415486836,0.00580367644562764,0.000140462027967883,0.017871167010792,0.00536303938414105,0.00142032137802757,0.00422586619855887,0.00554509954531209
0.000753955008447006,0.000249455330174001,0.000295163884391494,0.00608306144380442,0.0494095331135657,0.0013757752134853,0.0134065490697687,0.00854937834915994,0.0413387886330227,0.00543960078170763,0.00250791214458526,0.0814461771083251,0.00651583297912901,0.00173256907464733,0.00780805604721587,0.05736303658484,0.000999093889171983,0.00716226725949428,0.000663102301767555,0.00954933334982847,0.548831344968807,0.00950560860505074,0.00224497993972015,0.00759954543651516,0.00827234376478616,0.0108933146216592,0.00207882604686588,0.100746078025758,0.00145806555055484,0.00138437240343071,0.00287892026141836,0.00145795880890209
0.00263574913386089,0.000909350190108659,0.000632391604354439,0.00279510079825314,0.0362092837659418,0.00557415986461522,0.00191538778513852,0.00308939477831036,0.0232614950621906,0.00633832755087842,0.0134784980135381,0.0390279366675458,0.0158889549530078,2.17586641806437e-05,0.00052716329488595,0.0456653828671402,0.00035414711973957,0.0205923699187734,0.00254367480384739,0.156118649037024,0.00535845975920123,0.404243106819365,0.0080071185606408,0.083314426990311,0.0398399762577896,0.0217207698638279,0.00709773395174569,0.0204267528681574,0.00791996863079962,0.00275192010840454,0.0116680350166905,0.0100725552997316
0.00246987562506905,0.00328647199854507,0.000298138793414321,0.00129690957421035,0.00317828667497036,0.00291295655191791,0.00465153450506333,0.00106628456690303,0.0035246235000886,0.00648517881935065,0.00830692203979508,0.0489028112121235,0.00191933681545477,1.5911714806024e-05,0.000661198256412226,0.00382741344018222,0.000870095079035276,0.00354362767200762,0.00128444166935472,0.163972952599439,0.00313868223890646,0.0360013528193183,0.51564001915368,0.0792637461399751,0.00385437101056228,0.0283444907478384,0.00511935975899912,0.0365825923728643,0.00645882487671095,0.00277862318613464,0.0146358124620434,0.0057071541248241
0.0039505701329736,0.000283485848207186,0.000446910317579097,0.00274367366657437,0.0533298326276632,0.00265105329218484,0.0287542346488601,0.00213022996853843,0.0543171344176304,0.00529366614988812,0.00543360356661458,0.0158420828853712,0.00428183329545274,0.000377360577792282,0.00144998565778492,0.104271918594492,0.00421385410278282,0.00964460968444533,0.000860402983304209,0.0706115784812096,0.0125216830747553,0.00607421544172738,0.00128836077415229,0.567081351086423,0.00667878059179973,0.00380989666320622,0.000169277178113638,0.0248495436970318,0.00157903596898449,0.00111101821591487,0.00225337974443378,0.00169543666410829
0.0157049766123849,0.0090046540742165,0.00199485525150577,0.000834121691070358,0.00316605184861921,0.00418405624341297,0.0339745123941195,0.029261656196181,0.0145380938552092,0.0269153600783645,0.0087686683179841,0.00631470365358321,0.016266772350744,0.000418136666473926,0.00742458388276499,0.00531959054723611,0.000180708884053401,0.0049791076411336,0.0016648537334773,0.0552767387668905,0.00900280733454137,0.00522022523582275,0.0375129175554595,0.0638583607093441,0.555069361621831,0.0521808452819569,0.00154826206156711,0.0138664226345833,0.00569525720552624,0.00125404652646685,0.00401441673861696,0.00458487440485932
0.00232982545481725,0.000567606141606077,0.00311756555015382,0.0557190867583669,0.00766900641328265,0.00472016067729224,0.0138228553273516,0.0712953547537793,0.0360882283712791,0.00317683380527494,0.00452006166030602,0.135929415537683,0.00347132332965423,0.00114549218563553,0.00284028890311658,0.0140297857697664,0.000350052968106667,0.000266223222335769,0.000107061443066977,0.0414835524036419,0.00779151354733264,0.0173637949112137,0.0311186785624256,0.0155355403863946,0.0069562665456525,0.380016967606063,0.00752258123354907,0.10068599634179,0.00756252894727198,0.000751048819080564,0.0202334754904191,0.00181182693229013
0.00648563317455914,0.00150894971312518,0.000725033925988699,0.00451503819407334,0.0242415013901218,0.000458081374078512,0.0133847415840764,0.000414147350692,0.0514112090292325,0.00456189813256092,0.00416938466302923,0.000828791069202856,0.0024390217267562,0.000329439177163526,0.00394956916981815,0.0486484646489531,0.00116278096495898,0.0127335376769195,0.000987415635679407,0.0404782308540658,0.025049938727575,0.0200127673577736,0.0463405169679533,0.0683047640345732,0.00536854667047013,0.0025667628611394,0.595387843439617,0.00489601532068064,2.0511122142795e-05,0.000831839208000039,0.00571096459811686,0.00207666023690307
0.00109363961981108,0.00183584959350236,0.00121211568287315,0.00749284086507683,0.00946951909152882,0.000216489645118831,0.00367086917278178,0.00846087636698092,0.0794537868185498,0.00258967269381651,0.000368688704876667,0.00427828597436891,0.0102107056974235,0.00071088284333405,0.0121758898642905,0.0926870577079706,0.00539818604099677,0.00135382167291206,0.00145912109469578,0.0574801243934034,0.00410708469897115,2.59531692548377e-05,0.0272441027194818,0.0330874832910827,0.0024605493793721,0.00358975144883775,1.56549666899308e-06,0.604921940763852,0.00738328446341474,0.00633585993056797,0.000741422664057442,0.00848257843012629
0.00156244222786658,0.000128763306359871,0.000228367488376936,0.0202559802331889,0.0372395722743965,0.00130206618889859,0.0184819064279743,0.0164794487899649,0.0252292437956063,0.0028090846504458,0.00652071098905612,0.0641120948974453,0.00303664138890533,0.000508478051495951,0.00289284148863137,0.00481718658128482,0.00309697987047437,0.00345791412510838,0.000126553326333885,0.0514772010905501,0.00977046464881722,0.0030649552882236,0.0255153617292896,0.0422957083726064,0.00431990778528716,0.024898253539278,0.0422791833355318,0.0201916978522353,0.539056398949985,0.015624360695795,0.00643851370405226,0.00278171690653476
0.000185720916547001,0.00141855675713662,0.00124912168449975,0.00767293444346176,0.0436295919887751,0.000699456691415956,0.0233876278627698,0.00718640179662876,7.48405984993806e-05,0.00249381022259898,0.00037079545987328,6.85470747726154e-05,0.00406517106842798,0.00381554155078222,0.000961964720569959,0.0146911330688526,0.000194289672641677,0.0045819906864995,0.00259155466204812,0.152030539879695,0.000252826828579213,0.00666017926803542,0.0092122797606447,0.140243178737474,0.00408384705065372,0.0100220908150221,0.0144925257467107,0.00319360960975957,0.0038324659861349,0.528364439063193,0.00642288974074092,0.00185007658655544
0.000264180408226844,0.00402360588128795,0.00133397903017448,0.00480697348467245,0.0572039549228164,0.000626565613239614,0.0315963117813874,0.0101396484872516,0.0120256256303909,0.00384332432225833,0.00809660454539329,0.0221594108487216,0.00458441072290673,0.00124884944192773,0.00104663879095867,0.0286998950235873,0.000530298455426534,0.00244558425827797,0.00138920482187634,0.125934842569769,0.0158952681100326,0.0131144494193401,0.0103087920686966,0.0541729521652137,0.0143182125769087,0.035087251002718,0.000486993915279717,0.0410588527810898,0.00149080725983389,0.00394953869729182,0.487537788802369,0.000579184160675251
0.00878145085370029,0.0080362043967562,0.00205185992840603,0.00786648814405605,0.00542539860545884,0.00587265021324247,0.0141896203217833,0.000991358578428977,0.0059623816495089,0.014636373349772,0.00837292471084586,0.0124103919915315,0.00621095894055621,0.000819785572754378,0.00459474809541673,0.000459270672760057,0.000115032600904045,0.0121738205917603,0.000355434278233488,0.0527947802012468,0.00746159341454346,0.0130840791680654,0.00353072432261985,0.0682757630517454,0.0293523203430627,0.0121019758044676,0.00166513012015483,0.0045105316858895,0.00241353388106174,0.00085350200988346,0.00483924030072685,0.679790672200657
