0.706840051509586,0.0486678031387618,0.000120710589296318,0.0137830885814065,0.00383663808760867,0.039654027112438,0.0547141190035427,0.00124457994763064,0.0123975795092671,0.00333280053328408,0.00050909494584909,0.00243311218739253,0.0055804436324808,0.000455071872167977,0.00328288785634538,0.0242633271219945,0.0430689969261883,0.00883780371530521,0.000617448309440893,0.00248533815727246,0.00190465922126581,0.000297448044700557,0.00249212032564611,0.0025155646384675,0.000992389810748983,0.00709045728901928,0.00123267827617028,0.00303007273020781,4.83339785433619e-05,0.000454911174482368,0.000567975173259429,0.00324846660022968
0.000557158628281786,0.590659206251062,0.00669200698049991,0.00887728004190944,0.0173876057578276,0.0525376989807556,0.137029369874933,0.0128418258631966,0.0568830699718856,0.00215748513184306,0.00234997257858502,0.000972795940225824,0.00134786597344437,0.000524989014185294,0.00120370198714183,0.0450565405508413,0.00815961035958382,0.000718736561347847,0.000408560544649796,0.00133505931459516,0.00082570508208802,0.000559895270368339,0.000555928422427386,0.0101627119485376,0.025035333464705,0.00824257778386282,0.00374616413739331,0.000468770007491035,1.87557893382149e-05,0.000198692625765499,0.00206384480652641,0.000421080354701231
0.00258752266069266,0.0358323663018939,0.662149398110825,0.0035106816100564,0.0418215510200688,0.00373200868540672,0.0899115155094182,0.0263731082669418,0.0194691008828429,0.00755016177091472,0.00166765735946971,0.00675798666723436,0.00473154449522591,0.00195580360349714,0.0101374802902208,0.0096861042587492,0.00650945518621825,0.0128734141352334,0.00387454718051023,0.00448403196213323,0.000765756462826962,0.00159846133745073,0.00399518200397978,0.00129102657097542,0.00863107880111084,0.00072409594774471,0.00229553587997708,0.0135753566434875,0.00400712183414964,0.000338147334577125,0.00489344333918007,0.0022693538869876
0.000317914699645859,0.00469573696085998,0.00161039917027539,0.462332065161597,0.0619298093511092,0.0279197719786709,0.194205265165578,0.0250520032456562,0.019045971183155,0.0233551494191181,0.00127831280750769,0.0132410723914611,0.000591215202917835,0.00477460883519643,0.00626625195456746,0.0896084429249207,0.00164451612299648,0.00352652668606721,7.13286003110967e-05,0.000576888523241097,0.000967859684607261,0.00567879420751673,0.000899834046767912,0.000289564199600135,0.0021479921703679,0.00246285322980273,0.00489217984778117,0.00196078896660716,0.0216890664312321,0.00070160089139209,0.0153821860781488,0.000884029861323444
0.0070741934948143,0.000396244613314539,0.0115003578045283,0.0213632257824669,0.79710679502572,0.0109207190416532,0.0116002971731818,0.00132547276690722,0.00957450095196937,0.00857722832505244,0.00207296886231618,0.0150962670664455,0.00323866558405141,0.000211389145624849,0.00577670384902076,0.028997267248904,0.00273906925092158,0.00024302710086578,0.00028232466385113,0.00889836899702996,0.00111483992998489,0.000934200600299214,0.0092984286321294,0.00965292804610199,0.00192391848065573,0.00279217382523429,0.0107534015050545,0.01061815290347,0.00326495163267709,0.000350818756100608,0.00121674815869036,0.00108435078096299
0.00908254120806816,0.00474254391474991,0.00638849305279875,0.0680009634093282,0.0047708027133684,0.580917374780579,0.0164101703660514,0.0928068993521164,0.00851915357562596,0.00756466731655347,0.000227260504749485,0.00658924625404789,0.0067281135456177,0.00204461477805778,0.0101759628605057,0.0704461472473193,0.00151654743665306,0.00212491964766689,0.000118217092239935,0.000829841894262367,0.00108518403650294,0.0136674503178874,0.0193114895047044,0.000367318769128504,0.0106795457127987,0.0105279817878292,0.00410531527698645,0.024126680307901,0.00398453798842335,0.000428884811663523,0.0114722708910281,0.000238859644786335
0.0247833159277405,0.00466638266396633,0.00208675898330019,0.0926477174639677,0.00585325481312776,0.00672648997498737,0.660338241905419,0.0303323757153381,0.045082530829439,0.00854070456329389,0.000792650658380309,0.00836289352549396,0.00637385939401843,0.0011754629201877,0.0118830980340087,0.0149573107625239,0.00747560580060385,0.000810629000445056,0.000321433505480251,0.000286213131382641,0.00108573154648897,0.006258288224502,0.0103813485542193,0.00114797029602435,0.00472129853721411,0.012307560680205,0.00657369886525629,0.00986510856788137,0.00418932463736678,0.000340399763696276,0.00563981670891659,0.00399252404512417
0.000796753310528464,0.0011555913833478,0.00389486997520692,0.00724617836447377,0.0461266114943846,0.0464660779233466,0.021823026328799,0.698468582632168,0.0133652068110846,0.0212368258774337,0.00330248007904575,0.0232991624158528,0.00803217702058654,0.0199111311914989,0.0122788146153039,0.0148978360653396,0.00239764299325228,0.000350068654001024,0.00151383388838123,0.000638065519308475,0.000489687836222362,0.00672091141146536,0.00208640908020679,0.00136117021307898,0.00409010209543972,0.000773763549797169,0.0072033834589829,0.00169098966183001,0.0195113781562908,0.000362024231657128,0.00773276625711038,0.000776477504573931
0.00517368562964792,0.0087777633919489,0.00419546308682332,0.0110020956731008,0.0236177659013616,0.0528176449930006,0.137288715679814,0.000971033085273119,0.560664528721605,0.00104142932916733,0.000778583616351126,0.00248273777861394,0.00283282894679193,0.000876896609924491,0.00414408085494878,0.158122206950061,0.00087889523402841,0.00359907839908513,0.000118458519037332,0.000876782529416473,0.000433351240474876,0.00120879255842289,0.00311305907091879,0.00254732782561665,0.000109090433529124,0.00312644424098118,0.00158801668878362,0.00575494442212568,0.000479319576364826,1.51862372379924e-05,0.000150749818740137,0.00121304295680295
0.000375517698907208,0.00140922923559581,0.000437193030842336,0.0313376131319952,0.0123944252455996,0.0334423746169273,0.0117499379708661,0.000887853112095231,0.0751929968129849,0.615656115953501,0.00372946844972449,0.0167487986574173,0.00190912596074241,0.00123429047478751,0.0146607204984619,0.0350910487325519,0.00897453752796546,0.000914902799518076,0.00319722180833471,0.0215527331219231,0.00790771961019621,0.0215675846554828,0.00822352621993878,0.0134723237907538,0.0084536819438865,0.00401858370121479,0.00882135669366687,0.00676741663110247,0.0268616692448353,0.00167942712183274,0.0011011965113892,0.000229409034958436
0.00450549316665896,0.00830099780745869,0.0103129131365945,0.0105888672153338,0.0435763964985019,0.057320271332797,0.0150450556558209,0.0339028856641946,0.0878582754117241,0.0358113767225319,0.50352617196698,0.00133369477165326,0.0050517694028742,0.0033974087969307,0.00884701504089024,0.0301910507877729,0.0111937749997607,0.00212392673176047,0.00255009650709805,0.0047537748378806,0.00557128628686499,0.00889746573718462,0.00247398851050032,0.00556290526761409,0.00380795929036858,0.00954691249122925,0.00261660722632823,0.0443290627615547,0.0316759514857878,0.00376081570609222,0.000157926655029079,0.00140790212622871
0.00475724353981427,0.0107685755596009,0.00814037290726073,0.0191538864111101,0.00395274157017892,0.0176308108905945,0.0312258666875418,0.0189367153916172,0.00212189445061357,0.0116566471199918,0.00962214536047802,0.703831105649202,0.00596555979207713,0.000145807251413602,0.000349610885162194,0.00783536510012344,0.0058180010607138,0.0013758902137987,0.00133155526698133,0.00167522335534248,0.01266421032178,0.00214781223359456,0.000745141696370205,0.0154640680520428,0.000574207495648244,0.00335582267906022,0.015194509365184,0.00409586056616085,0.0493961980627013,0.00811222486402152,0.0200122160631389,0.00194271013668074
0.00265327260837932,0.0014988071617559,0.000178461734023495,0.0072175610591273,0.128483993966035,0.0112973722082696,0.112207187888019,0.00105602275529667,0.0150421727147343,0.0411238620990933,0.00753656563781772,0.00713862733242436,0.379506083682716,0.00463550242066819,0.03899105433704,0.0205158329290967,0.000416774582962602,0.00627693739360779,0.00506513112895819,0.0251557046892786,0.0212560313127683,0.00695018501862929,0.0273402868784915,0.0409884526739999,0.0377475417170109,0.0018627112208131,0.00766536602653302,0.0265717166050771,0.00820141392423697,0.000615827610012572,0.00418624999094302,0.000617288692180238
0.00326095621032254,0.00290351290817193,0.00606446383218772,0.0103020991364857,0.00918725223592583,0.00165352427373236,0.0109120019260229,0.0232822880941302,0.0437555344648169,0.00237647920978133,0.0137871938222708,0.0355719622355372,0.01389526321871,0.664507209874483,0.0384579709663215,0.0194452308352943,0.00209853475025717,0.00340041696396061,0.000245976320426515,0.00986650762904723,0.00679637272937778,0.00617374708177304,0.00417879829334347,0.0070642978037811,0.0105183829892037,0.0136410961201949,0.000908575451013798,0.0010760354571603,0.0288868548146836,0.000801350035247244,0.00419180609911338,0.000788304217222523
0.00473241491137678,0.0150012230395094,0.00190270617767307,0.000344217527135584,0.0523905223186136,0.0128037596340815,0.0836505275442077,0.000326210353581089,0.0170753881601285,0.00716011817892303,0.0065266534066466,0.0122171835190008,0.0315091920685203,0.000212214533106102,0.569732763987473,0.0629117220909972,0.00070000191767056,0.00443017253022832,0.00598659240363229,0.0133372399494086,0.0128025442925591,0.0039576484777051,0.0160334091117847,0.028747616284079,0.0191403749683972,0.000352960325657345,0.00085625584914533,0.00577545823244288,0.00495516690903316,0.00246812301601413,0.00060810745274679,0.00135151082852147
0.0129805569849797,0.023047829810218,0.00749290052750789,0.0208324530016354,0.0643653016416812,0.0447196793467487,0.210759792940157,0.00692613638965563,0.206710405705284,0.00380488101996885,0.000201752377786753,0.00473717201960236,0.00751238817952185,0.00070824161513533,0.00597864254626953,0.326395741044501,0.00391109440868108,0.000830168649326629,0.000242562767673258,0.00683383151895414,0.000754826261600249,0.000485972878917335,0.000141931738845139,0.0115907586325483,0.0117616262387241,0.00531320573811769,0.00323749179816212,0.00467469145194162,0.00218362952174854,0.000458885422030839,0.000385083192405953,2.03646296696453e-05
0.0175450197328085,0.00197591690731757,0.0168599722284163,0.0018060963213606,0.00949863719400699,0.0113869234059551,0.0033815211382348,0.000682001165061285,0.00807186769470629,0.000441329276981423,0.00110013307081344,0.00812674628788724,2.73517552499909e-05,7.84524910643655e-05,0.000144774055787648,0.00190105111866299,0.753718342613927,0.0174668455093584,0.0012512791195144,0.0136915372505058,0.00164756253593964,0.05190651930678,0.041632917625686,0.000187143142173098,0.020694964473108,0.00162571035199021,0.00239519812627536,0.0019759986529652,0.00726928360244227,0.000545969990648961,0.000486250594138409,0.000476683260232848
0.0030476779751687,0.00060821339236571,0.00619898154784698,0.00596279762802649,0.00305878249110804,0.0187606706677166,0.0309730386247274,0.0136248943352234,0.0203476894756571,0.00320609468681513,0.00161033195310617,0.00248656245162361,0.00500313270234562,0.000324872660135491,0.00125030392101079,0.00639489506153576,0.000504483627247735,0.72223205151794,0.00346004193842076,0.0337041914280282,0.0130580376924508,0.0108875367219005,0.0139886361594861,0.0469844205296097,0.00100442230328993,0.00958891095945458,0.00138510284363649,0.00982106154556236,0.000568381856889213,0.00107026133897149,0.00233229856368427,0.00655122139901481
0.000622769058588411,0.00201919057283988,0.00088456861376027,0.0104287889908488,0.00913785696602985,0.0129375064612589,0.0551572987000589,0.0135455643083997,0.0199309469748942,0.00010073423541338,0.0134691013141111,0.00987088892678955,0.00203641041251493,7.60713611126157e-05,0.0132224556992784,0.0184180378348724,0.00120362351584298,0.00222618422847536,0.648612278686218,0.0140702828726005,0.0189510995337453,0.00846428898348871,0.011171920930612,0.052219154114183,0.00487484088394891,0.0263725187290887,0.00245509863191154,0.00972003449612532,0.00393745055806564,0.00141463086472985,0.0112842029690898,0.00116419957110278
9.17342996358764e-05,0.00184224531820908,0.00685274145771125,0.0166203374754802,0.00252857527147459,0.0283805272005177,0.0169675019367048,0.00125783796009828,0.0264987744832692,0.00154687760077331,0.000497178239100412,0.00511939764088289,0.00304906033068345,0.000538572269575882,0.00182773809191059,0.0265327939803298,0.000123923920176823,0.00727970918370781,0.0111101022502397,0.742008820089942,0.0202248482579281,0.00065926140135472,0.00123885601445762,0.00510156833743614,0.00941913294534959,0.0152497151421421,0.00173262973677684,0.00179341422387261,0.0081193374715843,0.00495499357330721,0.027529720940402,0.00330207295496546
0.00022088871003554,0.00130905093640903,0.00536404126553635,0.0233857278214002,0.00362640360418563,0.0268258647255272,0.0192827157055986,0.00442725706882708,0.0199418699591601,0.00895800401880177,0.0141177668598208,0.0150181015878505,0.00754304008950097,0.0010879836969848,0.0036580419280975,0.0238999486310449,0.00416774223869301,0.00146778827111836,0.0111789527820753,0.000882600325998627,0.702709759342914,0.00271888227795383,0.00178737577656439,0.0197418136592075,0.00456185195867968,0.0122922122713347,0.00103985954773842,0.00641324342433511,0.000785556396517472,0.00387791934386745,0.0219066649916979,0.0258010707825237
0.0277355453778407,0.00128935986355273,0.0055940057128007,0.00409288148614857,0.00330164593624449,0.00452949383591847,0.0265908520103601,0.000213776486181902,0.0938366636816938,0.000175029020787718,0.00331585672919731,0.00515897230131819,0.0044655203108335,0.000896217452905824,0.00303487168158548,0.116960821496202,0.0407153785710652,0.0243225824016031,0.00571544801296959,0.00261617192651521,0.00415875001069354,0.576909787696176,0.00319426992024367,0.0128360665442451,0.0117431736025084,0.000568639326337297,0.00125336171756837,0.00551849877258775,0.00224353585129879,0.00148770611836532,0.00176658299598796,0.00375853314826328
0.0272433438568732,0.00800405721678157,0.00567635361572211,0.0051867041328882,0.000643272340609291,0.0163261563516528,0.0355130821507609,0.00103236572588881,0.044020641974386,0.000896967551457574,0.00416371240060438,0.00515546997275837,0.00340830216053517,0.000667050011383501,0.0031077493413118,0.0485187143746059,0.0262675719494924,0.00403144250675543,0.0123643715949569,0.0233678990138347,0.000127030992000906,0.013014996955094,0.660204296477524,0.0141930393506175,0.00449749961451127,0.00975544317387829,0.00558766683676667,0.00314811673570298,0.0032445229483111,0.0017130689414894,0.00884172485480672,7.7364876038771e-05
0.00176062007719384,0.00480335603532263,0.00441379312104601,0.0211202349778294,0.00698138998576576,0.024731241421938,0.0193006384720093,0.00625508704409834,0.032485674079765,0.00415046404930554,0.017180950657743,0.019506898681602,0.00529170327227107,0.000689496130994041,0.00179456703908967,0.0393873679556439,0.000885794531536891,0.00215076665926802,0.00304800953558616,0.00571000783341768,0.0615762405959542,0.000352104184170948,0.00808781003006134,0.577038789254829,0.0117258103292853,0.0398790110326187,0.00202154792158273,0.0115803492639058,0.0114666815481481,0.00280260983626828,0.0463885589753367,0.0054324254664126
0.020052451834558,0.0407577945542907,0.000840446155167065,0.0107974748797788,0.0281359674209135,0.0271102108590426,0.0788624262607543,0.00380573708981533,0.104974592378886,0.000980539759103818,0.00320428125644109,0.00443263429070809,0.00215795002270149,3.78445763318079e-05,0.00167053706968627,0.109865417474828,0.0118177004509255,0.0077986154509428,0.00133233083288624,0.0238919469994163,0.0075168105772621,0.004177658659288,0.0187466915215406,0.0179124286441304,0.440709024944352,0.00136004460018442,0.000316739177545026,0.0137911452295173,0.00182553454767913,1.85441304828472e-05,0.00474919712329931,0.00634928122754102
0.00137701014797943,0.00230765834023952,0.00125897677970352,0.00786421084792316,0.00693945984941817,0.0103169269820221,0.0199148257534532,0.0225589468751622,0.0231845681954935,0.000696922948756856,0.0200732414744417,0.0236101920089991,0.000991011494103808,0.000964104026443588,0.00480165566253335,0.0312769371558213,0.00135100525025748,0.00547870556659255,8.90738829663305e-05,0.0297519590525323,0.0215064977829942,0.0147800150770561,0.0356356389623227,0.00744575125090323,0.0267391751649867,0.628994103449965,0.00109365499888279,0.0111877446076475,0.0044801206014157,1.8586345091315e-05,0.0294944375669045,0.00381688189698731
0.00197607345120935,4.14095343527333e-05,0.000637402806422606,0.00136872307716647,0.0112467358037116,0.00114049886769304,0.0203654458317141,0.0226095710099198,0.0437573558996019,0.00900644723454562,0.0649419522656149,0.0831606154516961,0.00110044531985261,0.000112170271249095,0.000694154013454344,0.0399358830429316,0.00143938925517805,0.00100869944370693,0.00947186481539186,0.0536614250039813,0.0430398183307207,0.00503613705609471,0.0254447597730817,0.0215059023775017,0.0103107038305862,0.043330853433505,0.406780046742271,0.0239427318672344,0.0164103623935294,0.000210200857746268,0.0345748689165357,0.00173735202179917
0.000645864882590848,0.0021114114576503,0.0042232578996007,0.0214068124025447,0.00573514154873068,0.0350850810464013,0.0626281348816608,0.0233108921207108,0.00936593918866616,0.0237354761072487,0.0017038438560491,0.0883272027428039,0.0132004949499576,0.00407091647268364,0.0204928908290783,0.0102026112745551,0.00238866152618093,0.00052850913374377,2.42280079330421e-06,0.00160100705634148,0.00344916221018997,0.00133048300715218,0.00319382773430795,0.000275965191914534,0.000146660112092651,0.00333409748912878,0.0208851287004678,0.556722746747184,0.0587276998838205,0.00548265647064069,0.0156290262811576,5.59739939510035e-05
0.00707076492999469,0.00430804801874149,0.00106881680483152,0.00330696061060472,0.0427799727972949,0.00136087997686012,0.00369790325702609,6.264584327379e-05,0.0222687316217915,0.00262583887303851,0.00677615237325126,0.0166981482817045,0.0175309796374268,0.001811743332203,0.00428523398561029,0.0444573420517622,0.00221008162536633,0.00164409590674957,0.0135522870727929,0.00442866401644741,0.0193271075512565,0.0176127677113949,0.0134514251749594,0.0733934530564812,0.00512469754580905,0.00255068784738156,0.00514707124634533,0.00515332243044883,0.61019226207166,0.00385075194693892,0.0366153902058074,0.00563577219474488
0.0106754125077091,0.00610256435057772,0.000124560863230084,0.00250164638459149,0.00441964533648383,0.000153937206388698,0.00160039139851869,0.00031483257450362,0.000930240516430786,0.00197691968562072,0.00088272717070405,0.00871738602372654,0.000117348747941897,0.00134846268104839,0.00208375097246217,0.00107277811897104,0.000371214674268323,0.00582353153335289,0.00289911668714007,0.0103711662500467,0.0160206687013298,0.0022205102745946,0.0382895000974849,0.0461806400984344,0.0187570429398762,0.00739333384718654,9.99346239211891e-05,0.00224532235359854,0.000313007221023521,0.796141129494269,0.00744308818805957,0.00240818847650528
0.00608930486432675,0.00614567342418522,0.00393173527408102,0.000772327488917151,0.0274092736305466,0.00905332867623432,0.0114543269931764,0.00829315522485686,0.023068913515647,0.00708397170351876,0.00834468378406729,0.00389109504614635,0.00418674485447055,0.00296396713011633,0.00267909522842837,0.0418421718908232,0.00352147265810631,0.00215464081972638,0.00681832438112726,0.0119821751818134,0.0226664820520099,0.00312553122517417,0.00752741064276962,0.0551116766123185,0.00125522434259621,0.0223533357142378,0.0063849196310528,0.0273815423320504,0.00407663216662264,0.00322975280906344,0.65064646064153,0.00455465006025907
0.0167830922525983,0.0192654723183944,0.00216462261991873,0.000628669174668092,0.024693941868547,0.00753032051950717,0.0725813934401403,4.97202660173725e-05,0.00471244842327874,0.00222533859638899,0.001234446528975,0.00172659221468367,0.000320308180046474,0.000850643981320173,0.005153922435269,0.0414641924444216,0.00183216509074616,0.0116467705879374,0.00853872230970059,0.061003217218306,0.00346351944593489,0.0479199412917948,0.0944279965790703,0.0212922081139741,0.0776714449551175,0.000161971899182933,0.00130404312361432,0.00896045135847257,0.00781894183752912,0.000500809344104533,0.0095618053955123,0.442510866184828
