0.68079597849149,0.0130765542486892,0.0225025371260468,0.0141068909964879,0.0197308403187254,0.00676829453863381,0.00618918670172609,0.0232021839198666,0.0347586622826445,0.00454062059982776,0.00286532888389143,0.000908095441112862,0.00386813958747695,0.00192636061286755,0.00315758809055705,0.0148357043584925,0.0856595128238189,0.00837977602504066,0.000666595773378005,0.00107094145348237,0.00622468778916215,0.00402959428583554,0.000537145433531269,0.00807733868327356,0.00406357791394182,0.00699491637401611,0.00472518573943508,0.00199819400174789,0.00274784338799315,0.000975659028783547,0.00512709751854968,0.0054889675694749
0.00102049608974602,0.592120069006398,0.0408809614442983,0.0025456080263626,0.0155511638935487,0.0187914018678434,0.0438026422608918,0.0187717992306203,0.0468717533940084,0.00168360689372911,0.00283770213457618,0.000427197086677,0.000581093340596996,0.00293071522175114,0.00114501085573423,0.0599171421306917,0.0317477809842657,0.0206488684172517,0.000295989563863572,0.000565595498027345,0.00355390867553666,0.00553189510765472,0.0071812955121233,0.00483369251188421,0.0592491893019169,0.0047098087670308,0.00798453757877717,0.000443362962792938,0.000217131585418578,0.000495278615065837,0.00147590832059573,0.00118739372032092
0.00839685925874913,0.0248967510318722,0.67476354951895,0.0026041213519208,0.0309974434325395,0.0107012665784055,0.0528754530213405,0.0124207049781507,0.0383444101058954,0.000694576882563511,0.00237620003723768,0.0102336742936567,0.00116285892272049,0.00109660784500689,0.00353498424968205,0.039948257542376,0.000227933744891393,0.0228011472658102,0.00278125793882137,0.00708678420267808,0.00376225398443915,0.00272311351604526,0.00752486438701292,0.000980807935386508,0.022859635377086,0.000463934212585584,7.06483075911005e-05,0.00510934474711672,0.00284529809626182,0.000171909990527637,0.00216517318373616,0.00337817405894246
0.00096214858378111,0.00430045014128217,0.00226826166467227,0.492008899660087,0.0271005812292392,0.033811130134895,0.108208384505348,0.0612287588645419,0.019103122112122,0.025494863178502,0.00188386793692806,0.0518221599301153,0.00272332108663196,0.0105961991251475,0.0104360065284612,0.0591547709641439,0.00102198899035214,0.00324234043192371,0.00031175049396747,0.00624533059644422,0.000153371172011505,0.00304606467200332,0.00920961488755013,0.00416648731775215,0.00186064045001825,0.000605590152185668,0.00341712238631043,0.00725961106748476,0.0326546232585687,0.000750290079779078,0.0145427031764483,0.000409545221301306
0.0143898503388323,0.00252018763961853,0.014943086269253,0.0181870402576956,0.719638242930526,0.042591502744611,0.0295674526497717,0.00317753241488356,0.00794820747714853,0.00155825518026956,0.000313565387307867,0.0370013422383676,0.00258489651743335,6.24849203962231e-05,0.00522647074765734,0.0242795694762718,0.000735697676792904,0.00237920594927699,0.000469840779110472,0.00541577022079397,0.00666961301841153,0.0021650064929144,0.0137319773299634,0.0125978777642905,0.00149083466340942,0.00100959245475931,0.00301331533476254,0.0162644564558194,0.00454517111156266,0.000517296951009294,0.00386767090087424,0.00113698570620598
0.0124297215687679,0.0048655726481348,0.0144722824926915,0.0472469763703764,0.0148196989234976,0.617555292130512,0.00931305967343798,0.0673765589815015,0.020100362494741,0.00456427201556427,0.00205906683876705,0.00651232226623166,0.00203302626353905,0.00150021790631532,0.00139899462227766,0.0797413886329472,0.000127027863375128,0.00437575455391,0.000117319986792361,0.000553752271150387,0.00362766534129614,0.00266737852242311,0.00527555495121872,0.0054523862904609,0.0087424282860842,0.0103407566354772,0.00110948683103741,0.0190130472271107,0.0125213067071019,0.00117555913991851,0.0179880508708039,0.000923710692536584
0.0357015621305521,0.0119348581746708,0.00578783775636745,0.048044996688059,0.0151537144469557,0.0197110055396161,0.615210154375244,0.0212985565080447,0.0508797531776599,0.0103110986912787,0.00229105182468707,0.0264835052066729,0.00263311619912361,0.000398196377594784,0.0033490429158583,0.0548936063360452,0.00528494867098018,0.000316019815226994,0.000124524388127614,0.000361435449526436,0.00948518207607968,0.00079729130884111,0.00477006091026708,0.00924127508924906,0.000285753719476572,0.009697699968276,0.00619603950755485,0.00783596549963826,0.0108916233387627,0.000896559417245167,0.00790167325175754,0.00183189124056039
0.00142130347950423,0.00209315929280507,0.00861199596933237,0.0174631207061893,0.0467557041958531,0.0268754915224464,0.000960290741603447,0.752595739555965,0.0089001924858519,0.0242938651712349,0.00342406187857385,0.024982967295359,0.00669127004593128,0.0160971068375639,0.0119833837617516,0.0135887925753313,0.00111323309691688,8.82272677207474e-05,0.00017395236844568,0.000315350771452373,1.15121360665009e-05,0.00691411197223143,0.00212149550409567,0.00130062219376244,0.00207662999363581,0.0022375716767187,0.00251114683060086,0.00171553636656154,0.00774418804314795,0.000163546431975058,0.00421726517106837,0.000557164660303371
0.00706985728149283,0.0158474473706181,0.00387037830239287,0.00647140114728309,0.0349930883089548,0.0323599004839413,0.0725764374723375,0.00125634234305565,0.59618360560597,0.00331596980386481,0.00642329210163315,0.0254830202367154,0.00160562475590096,0.000991164409445764,0.00247238039320574,0.134411942163419,0.008272159101234,0.00417267575027317,0.000276219430456102,0.00087803724995119,0.0116082244116191,0.00684246592500382,0.000959334830917753,0.00461305926901191,0.00294434219846995,0.000935059088283396,0.00229002078182696,0.000639489920633805,0.0072793743036995,0.00055143163876875,0.000522163873569382,0.00188409004605051
0.00215642007642986,0.00143226091739348,0.000263826269312845,0.0105623519147286,0.0041914381949036,0.00973565834580086,0.00582879234608729,0.0148914708461195,0.0638798515979221,0.684326364331503,0.00339771407138014,0.0585041218002927,0.00465147024215594,0.00397521496579664,0.0118431071904718,0.0299361166427447,0.0107672439722459,0.00218438233007694,0.00160514913424637,0.00240954949793473,0.00722218473042976,0.0128759661143721,0.00232229237913541,0.00339451115555252,0.00571076095286413,0.00125909999717318,0.00771305005182424,9.84230550553549e-05,0.0298013361039147,0.00232307896920512,0.000682927981135738,5.38638217910148e-05
0.00296956792330459,0.0103955908470544,0.0271761153787286,0.0376281362377085,0.0383728447605738,0.0500118064365135,0.00299384721018625,0.0686265734988936,0.0274541224046918,0.0171028251788265,0.546658946160275,0.0172235845248441,0.00946946787563103,0.000957043039100883,0.00241127263087895,0.0293675079309374,0.00771321870386522,0.00164669572889009,0.00149596390835002,0.00966058563949815,0.0108014451420916,0.00315466016525972,0.000450967632383136,0.0128172139869248,0.00737008662568615,0.00328257051221217,0.000911411792081533,0.0221058262826082,0.0268558385940805,0.00250935931710965,0.000342619176804685,6.22847540053982e-05
0.00877186259828019,0.0160384613979635,0.00917829261562287,0.015589415321934,0.00332597403359903,0.0155626706641077,0.0127000872255917,0.0155922210942736,0.0193963020902128,0.00443627186160913,0.00391085256860224,0.690453516423919,0.00570814673997536,0.000107659483651822,0.000761106916886172,0.0239030931236092,0.00814988374606174,0.000674123641484979,0.00108094647403334,0.000372741165457811,0.00319552906886649,0.000327626633624958,0.000329758359991182,0.0197291711238981,0.00274390163771476,0.000547804049204791,0.00961735358994675,0.0022913446091392,0.068319214828871,0.00926911837382041,0.0272523023255622,0.000663246212484502
0.00119634422758858,0.00347866524241067,0.000717790035090187,0.0102493879972361,0.0822414476441785,0.0378368752863511,0.143507387505055,0.00564849102348508,0.0133529195764244,0.0297236625498923,0.00273694844508548,0.0036113632071262,0.333426905343522,0.00481015201901167,0.0135004318924014,0.0189623261406673,0.000163218123600306,0.00724652234140833,0.00486781808208661,0.0541078381340845,0.0259512755619425,0.0102322085441337,0.0313700513304863,0.0606576929472859,0.0302433248748355,0.00293730795759937,0.0128439751363721,0.0487156593098882,0.00390632528864567,0.000453477255831163,0.00126493961556759,3.72673607064785e-05
0.00237868906493391,0.00091973251062255,0.00367552852152313,0.00612432956391092,0.00583724778074026,0.000563785113465271,0.0222453505832947,0.0196735413942045,0.0593460216363801,0.00282482946050371,0.0121749734169027,0.0407156748110168,0.0114720009040663,0.660784023112329,0.0537205639596527,0.0469015972989163,0.00159904713773813,0.0037275606633316,0.000330330180541365,0.000522124524265407,0.00768999222918803,0.000755552945214321,0.00509105924547523,0.004689950904103,0.00129330082327117,0.00546493598753427,0.00236118170483323,0.000187759596222689,0.0132366626033876,0.00033957264870341,0.00263510300315244,0.000717976670574846
0.00383203168297872,0.0190974153043496,0.00255756776248283,0.00372765195761341,0.0199096503556864,0.0328748075298832,0.101731814451871,0.00177769508698889,0.00493355967396475,0.00533444885288645,0.0036388642825671,0.0155635261038836,0.0298151370990636,0.00584976782332406,0.550124920418935,0.0419374415742591,0.00104871131558894,0.00208429772328806,0.00588612953689728,0.0128277770421843,0.0227777882566773,0.00323867312430712,0.0142231261408918,0.0459353095095107,0.00850663523629526,0.00303026918451952,0.000569522717741913,0.0277731906741913,0.00658302041569408,0.000696158568546422,0.000915505223321576,0.00119758536960633
0.02854140666316,0.0683042215950063,0.00745797069748015,0.00157534780032574,0.0716978964164188,0.026094693332245,0.185096208010337,0.00149312049896362,0.170886603091155,0.004718076551129,0.00494019456247963,0.00765512357271088,0.00236445594810257,1.92770443011651e-05,0.0015491132881392,0.31608448061261,0.0193094594242624,0.00329305376943141,2.93332479700088e-05,0.00330968590899114,0.011938564495731,0.00253681954174023,0.00305968639720627,0.0128392615169787,0.0265922545438028,0.00287016399405421,0.00767160643479003,0.0026641496204266,0.00195524491810864,0.00277659054739533,0.000421534818742698,0.000254401135805373
0.00969378032709939,0.000426676293867311,0.0121578764715625,0.0322854198488186,0.0265271255072441,0.0178901490474347,0.00947710204271922,0.0207228193972221,0.00638823449932352,0.00553432038034624,0.00105362794270117,0.00345921486398916,0.000625444282877432,0.000950796890266715,0.000280912178947931,0.0200740370063515,0.681047302460423,0.00955263062733287,0.00100790069307531,0.00964741248931252,0.00561573979986654,0.0546393956138234,0.022230453782481,0.00580834908991013,0.00563834734947595,0.00427838894799809,0.00713765371734489,0.00332029330907353,0.010037588895242,0.000748169419156765,0.00837811983299086,0.00336471699172132
0.000857698109426661,0.00109595818902302,0.00812077294040718,0.00544382869081491,0.0130412377066581,0.0101734684957836,0.00880810937049061,0.00333636037434986,0.106263212477289,0.000782108635630334,0.000313730272945481,0.00227490133452946,0.00120180400166063,9.08224502393694e-05,0.00110927836289287,0.117474123665562,0.000965428900236702,0.540964524161033,0.00244960120440471,0.0340554255107392,0.00904953088826619,0.0444335291941759,0.0132687936074804,0.0555146055314613,0.00226939513143412,0.00337778204301747,0.00389383771685742,0.00333723271573568,0.000528622235313451,0.00112676148854349,0.00360031148399539,0.000777203109602335
0.000693350428812006,0.000216763341077027,0.00310908797104539,0.00302752651227954,0.00933107233411097,0.0144072605407303,0.048771632683848,0.00622634190224243,0.0304275877666641,0.000471518305190256,0.0198952182398912,0.0321062989404197,0.00168733403540127,0.00163075354709834,0.0136509267365345,0.0255129797208026,0.00231175661001352,0.00136701713698813,0.663922029439526,0.00348367193152544,0.00290621902177779,0.0161519702561351,0.000706735149265043,0.0368594669033323,0.00216133393445529,0.0260107399436532,0.00127184510140446,0.0070638212786111,0.0121302951235547,0.00597605623358972,0.00498248183247335,0.0015289070975471
0.000428067709657663,0.00107803996004928,0.000106017456739884,0.0132642543136844,0.00629191756182374,0.0101364233635588,0.0313813509466283,6.48863579087892e-05,0.028414644978304,0.00460522563623032,0.00322831599266456,0.0129138790112473,0.00395808173918641,0.000360293449628275,0.00359556547765959,0.0104309360418632,0.00226840389496283,0.00288857035191479,0.00735234839649014,0.737009514374909,0.0368516985779411,0.000281861355803132,0.0172147823730517,0.0250375490931413,0.010306097498483,0.00457355970641919,0.00255810190501378,0.00515889884843055,0.0103372198551741,0.00682242932074329,0.000234688836273603,0.000846375614414063
0.000751858196264177,0.000509625711385458,6.90284002733368e-05,0.00878535302114315,0.00540590735070552,0.00622409114843784,0.0181904747560365,0.000306714085349595,0.0329893655998323,0.0043174021840361,0.00734172821410214,0.0141868215623629,0.0041728208194987,0.000214425101430957,0.00494267665705584,0.0181735940915561,0.00199137181403271,0.00658706954458945,0.00386135480968164,0.0473086214600901,0.622520419376346,0.00546942774235344,0.0523355122971673,0.0770965819399732,0.0110853308866583,0.00840107611090359,0.00497098842046372,0.00321920783604023,0.0086436041869555,0.00220062254165859,0.00612695489749994,0.011599969236116
0.0235588024156265,0.00651877426516325,0.000151756691334236,0.00578357653381216,0.013461462572497,0.00584160051711937,0.0263408588497684,0.00231129924927588,0.10653705934582,0.00331094180357393,0.000309266361278815,0.00663566456504684,0.0060300639492974,0.00134356462672716,0.00367742439350799,0.11212804101337,0.02635566315841,0.0125836008830716,0.00188238882814359,0.000696950438893543,0.000552863561447565,0.606454789733971,0.013082385056833,0.00067394389064447,0.00149673606072026,0.000297643488409561,0.00187529406840825,0.00250686796543172,0.00163767489475504,0.000624484400494833,0.00217107846600146,0.00316747795114514
0.0341854819376346,0.00676410011066098,0.000940421837216825,0.00246223737664161,0.0104877218830523,0.00328617002544264,0.0187720797961976,0.00265366474759673,0.0698197343885483,0.00320030420909247,0.00190278425870479,0.00732311237674035,0.0056341172630574,0.00259350595019225,0.00560829193316441,0.0499983927462161,0.0214021802338198,0.00760356531965815,0.00599149367407388,0.00646322902271153,0.00657090305372052,0.0164941137416811,0.67878810292337,0.00448945333317403,0.000856957762249424,0.00494020344392372,0.000606775856504082,0.00414096538155731,0.012454484635372,0.00302326049678326,0.000513454507571229,2.873577367075e-05
0.00234795977059724,0.00179840971713034,0.000292400648790607,0.00556976708200535,0.0184210581810428,0.00893206886424179,0.0471442708214166,0.000581864646712446,0.00825326773085162,0.0015717947658584,0.0132247320422144,0.0224614494926729,0.00318041545964324,0.000143035706088017,0.0018807052754471,0.00617028048789173,0.00177994875202277,0.0057742058719343,0.00450315597259347,0.0745764252684478,0.0931864966896332,0.0110230291266912,0.112745950591686,0.469675096748324,0.0297633362216688,0.00918950248262288,0.0100616835631134,0.00677384578048406,0.0190939327215908,0.00178179901704109,0.005339386910325,0.00275872358921616
0.0289034438661929,0.0257201012636474,0.00764965997574653,0.0161954634866397,0.0112581317734702,0.0113690133052441,0.0195562799675383,0.00645791710488544,0.11659290328404,0.00139813754713156,0.00207775777231156,0.00251157081696468,0.000881886425796302,0.000258092801492635,0.000528765403947697,0.0465050471123261,0.0140956810427747,0.00395329050170919,0.00298026158087261,0.0131903098122521,0.00131038719207975,0.0175779215296213,0.00360056516753302,0.00760026576681115,0.594489569196183,0.00164661763396328,0.00105534480053138,0.0168293927935348,0.0159304172177717,8.30883420264783e-05,0.00669755258259415,0.0010951629323659
0.00264068555469173,0.00230526763930931,0.000588291387974564,0.00242538039860678,0.00574183664841161,0.00267651606588351,0.010997049079866,0.0140583446920102,0.000648876951566289,0.00213124847316508,0.0309150999750881,0.0538008685451387,0.000396553956208779,0.000660997329170943,0.00378305503451959,0.0163544753528026,0.00131250733498659,0.0111973242542961,0.000472058437477774,0.0373386701227287,0.0443095227889807,0.011950922773444,0.036252518198669,0.0035173828954838,0.028350074553747,0.612726814169646,0.00529418114876683,0.0162301936468121,0.00578626906210335,0.000204825781881847,0.0285573807532066,0.00637480699335542
0.000725346703722749,0.000657099693571381,0.000446092878001481,0.00190891434868561,0.00149585004668899,0.00364211645031877,0.0208439947446085,0.00700396349633506,0.00743694754897002,0.00515363918038481,0.0321199171031703,0.062846380761547,0.00265742239354878,0.000453935305710854,0.000514978959769303,0.0296357490371134,0.000138562873536991,0.0124054687347198,0.00353172824581339,0.0457962350412599,0.0735173777000205,0.011453764190714,0.0403472916237004,0.0814771795489838,0.0232954786026101,0.00293727307605326,0.484923020318848,0.00575446412664046,0.00802616796716567,0.00199966401529425,0.0244945853787402,0.00235938990375175
0.00389701644710527,0.008574822365809,0.00688088758228119,0.0281955259440088,0.0263919497639645,0.0399573449168732,0.0499890001163523,0.0220706697908863,0.0107951122719522,0.0115530203300531,0.00152179937905751,0.098003376860789,0.0132452025274114,0.0026492847218691,0.0143653473772478,0.0288256019476759,0.00461370524865084,0.000759723639104831,5.31446408353746e-05,0.0119384355325848,0.0027593595539418,0.00191368289785011,0.00656129297790759,0.00110729891090611,0.000295556752258281,0.000256027871512361,0.0161484947176533,0.486823524725039,0.0820103524686002,0.00709132950355882,0.0107157637472633,3.63444689964296e-05
0.00853548338698007,0.00555567605227685,0.00250597848089268,0.0078166166774214,0.0360309888441663,0.000157265223137668,0.00349887785925903,0.00387452358635639,0.00280841536447532,0.00723773479659026,0.00696331800462575,0.0131749552961145,0.00851011858170584,0.00477733105183306,0.00214562789635716,0.0195965209324842,0.00782278838783435,0.00257930910737726,0.0090068355452027,0.00457092085763143,0.00561573228215857,0.0280286113523339,0.010188562480484,0.0396959773756806,0.0143100812367321,0.0202770260431605,0.00242416424248292,0.0180078155351877,0.644373377374847,0.00589971568005224,0.0520930501668125,0.00191660029734534
0.00637836258573088,0.00553366919734246,0.000227036091295448,0.00522363737674496,0.000566249589363661,0.00988292400479443,0.0136010939954924,0.000382910822133697,0.00219472222631436,0.000696916175284209,0.00115663750429864,0.00919178975292094,0.000321013710132008,0.000913016090285014,0.00164484311277754,0.00591356642188517,0.00110321383516067,0.00125208285652592,0.00241612305574828,0.00656153586865125,0.00647183407385385,0.00157269030363834,0.0216105195977876,0.0195194932171463,0.00848867956487687,0.00629621535624655,0.00287583434243068,0.0108555861558548,0.000277634604480721,0.819064960482236,0.0265955064055246,0.00120970162304131
0.00781095338425114,0.00702814091428808,0.0046729537442583,0.00423323747660844,0.010746819448672,0.00421630959195157,0.013389994208361,0.00374006504679282,0.0082392355595386,0.0112338557536158,0.0071628193137336,0.00291296959337315,0.00165952712780238,0.00585671719994398,0.00300039120258064,0.0315154863780233,0.00524287914979207,0.00827108124799584,0.000533853286048172,0.00435844929789776,0.0223091021090246,0.000572674529792477,0.00463473450272841,0.0736652457638124,0.00464053705608847,0.00977460509267705,0.00144922855792648,0.0109506353400562,0.00243000251215599,0.00203878212690491,0.720550907645911,0.00115780583739356
0.0256538821626619,0.0118736281645216,0.0018960299755481,0.00563810212087794,0.00751321971793849,0.00319055880828365,0.0100114187372417,0.00146152833737295,0.00793620326784154,0.00484546263328222,0.00433282547773259,0.02033521404501,0.00530813008719498,0.00169398440513627,0.0112803057722828,0.0113728648099192,0.00264766483446778,0.015902686737843,0.0095927494507146,0.0608550932859545,0.0259665338089391,0.0285323132644367,0.0813354668637079,0.0311891296719874,0.0496033617486335,0.00278351878617562,0.000280573334765991,0.0059643610050094,0.0133856552920457,0.000980083334254921,0.00286414277087373,0.533773307287344
