0.677576536931614,0.00225705459154366,0.011278092372741,0.0142085487345929,0.0325760476968293,0.014044390525414,0.025009866237518,0.0109442400962468,0.0328283891099193,0.00678978074598179,0.00104580339140797,0.020941122886826,0.00169830110213798,0.00182847449118852,0.0083103308162346,0.00938050213101331,0.00203342251899102,0.00085403567378428,0.0025819126394778,0.00419770870865881,0.00443334802117104,0.000739498063638797,0.00744864429005893,0.019196341002738,0.0204856881290738,0.001859029307692,0.00224590350508009,0.000500940622847259,0.0304434412058277,0.00145164125224306,0.00191603068475523,0.0288949325127524
0.0234837664984068,0.460040164548371,0.0241234333682672,0.0327047629223257,0.042493646507774,0.097165714803745,0.0258722951836097,0.00678559524936968,0.124697626067394,0.0125131965857554,0.00258927542086596,0.00375955718860195,0.00151073198798616,5.20546002124443e-05,0.00520940028280815,0.00408699635615975,0.0100593950938243,0.0286822065215741,0.000750442758486057,0.00663518505213655,0.0100099809388462,0.00363800973204833,0.00250504607735729,0.00492978425630992,0.00195973664201568,0.0054938489362212,0.00188596440276498,0.00608501991954115,5.86458673966629e-05,0.00296696316558484,0.00107900150659085,0.0461725515576495
0.00205298404683845,0.0205591029186255,0.610856239322521,0.0554181008022003,0.00566180217591733,0.00317358575733586,0.000350983934232558,0.0135058179833098,0.0214925510712597,0.00443185551197451,0.0012280879706135,0.057616148212563,0.0202674744271846,0.000127924400842396,0.00343839057136311,0.00338639121355965,0.0223448714964426,0.0436631875385097,0.000528478836095071,0.00502610399063847,0.00180698220096589,0.0126458625984743,0.00911572493697197,0.000855809577975388,0.0107503833188041,0.0032830598258536,0.00169405842399638,0.0240641612511118,0.0296006288217612,0.000376976242987241,0.00242552463311555,0.00825074598595514
0.000134376729071641,0.00446596004501319,0.000505966239249251,0.330826437923034,0.0158845562470884,0.0473553434249943,0.0648244848400897,0.140422361358165,0.00372011501605657,0.234469473902541,0.0218381058198018,0.00459125876913717,0.00779730446566242,0.000374146209697261,0.0176388025017931,0.0431442625655553,0.000900185795894369,0.00290943314063235,0.000507662965920417,0.00121977054643287,0.00886295547759011,0.000859578564252983,0.00607564670187859,0.00304483491760366,0.00196520042822238,0.00626367251743555,0.000527620158889368,0.00983459375367781,0.00906013692051245,4.91497483386244e-05,0.00809226525439555,0.00183433705137363
0.00762519933813907,0.00532804972847986,0.00247014772398852,0.14815601968066,0.407920838716028,0.108016518476094,0.0704247030428772,0.0246192840194244,0.00547132825656673,0.0905082911334162,0.0076193294238839,0.0044357955000515,0.000251950810617608,0.00059838351479151,0.00280954841030057,0.0526338363940055,0.000403096908961455,0.00128710243020646,0.000881066301818118,0.00807041805335742,0.00389185741497422,0.00165083143753227,0.00770827499088879,0.00686371442075525,0.00168230189017211,0.0059851114605066,0.000276391387698891,0.00508871725328409,0.00791806732079103,0.000126010905570233,0.00637488529785448,0.00290292835630346
0.0108404498723626,0.00361080471175951,0.00474486051801969,0.0723214397490829,0.00243707714076433,0.673981307198437,0.00150475823146519,0.0034695540388158,0.0350047656255785,0.0559905637762826,0.000897375899354097,0.0175386700638425,0.0050235440799559,0.000345771754234158,0.00521507578876207,0.0440821924027913,0.00109747709927731,0.00491466639167268,0.00134652408193267,0.00607826473636081,0.0082289793474554,0.000722099536639923,0.00204756485528436,0.00426526889364098,0.00242523053517424,0.00306110100258811,0.000267931835036551,0.00331253805365749,0.00377463904706865,0.0015463845633526,0.014964383247548,0.00493873592180239
0.0129975250425673,0.000169216956542502,0.00164140204537903,0.303384232203612,0.0792252267335106,0.0951975892729974,0.116485834915398,0.0763384114050975,0.0363879029116946,0.204915636789447,0.0160896971671722,0.00258370655211922,0.00382884100640887,0.000709524512434551,0.000293989189538911,0.0149721549145532,0.000552680850250014,0.00107631652597711,0.00120215106547172,0.00485647135301485,2.84865378083257e-05,0.00496093762504004,0.00417936445277232,0.00445850172060175,0.0023581026170766,0.00264085258876154,0.0010721820723484,0.00215626297866563,0.000106797399238372,0.00043779591046406,0.00255416845207782,0.00213803623195903
0.00171736070310563,0.00340897986447579,0.000810764944782552,0.199575201631945,0.0329063718172266,0.015185607075051,0.0633331356044436,0.451581993653665,0.0203479841045197,0.127513418500455,0.0136935875436382,0.00817853143345496,0.00326398523842659,0.000359688995505665,0.00745916665235311,0.0145188141607771,0.000196766632766464,0.000970292292996263,0.00084751410945454,0.00238773994002532,0.00470357408826404,0.000346129610343026,0.00371359064514481,0.00411383826855669,0.000804099850566492,0.00580423513053855,0.000481843096895759,0.0069206679717542,0.0026721771576893,4.36178124328069e-05,0.000686212481765538,0.00145310898698123
0.00777401241206485,0.0197764835002153,0.00151168382843748,0.0200602323773292,0.0283311571381534,0.0124227839802358,0.0942159064750448,0.0222601390229376,0.484722958796458,0.0157745678888756,0.000200663088635065,0.0291603861854603,0.00339960820179625,0.000178417988866376,0.0156353144049303,0.0338845875418302,0.00223438166755706,0.0212861685174913,0.0010932436822407,0.00600480305885127,0.0462885242233867,0.00764953169443008,0.0108783579316878,0.00222694111395942,0.00988820611534504,0.00524603872390219,0.0046697274278764,0.0716244521525503,0.0101923414161278,0.000878266893350313,0.00199121284808413,0.00853889970188896
0.000102727225009072,0.00510771846862271,9.21112085669044e-05,0.188936988107911,0.00772601276429651,0.0420092317640699,0.0446964248358457,0.0614522829339321,0.00421329863189209,0.505513762296727,0.0280310008877644,0.00224680330983242,0.0119184470798814,0.0003667148368338,0.00890269040978765,0.0362889903570751,0.000989845190803035,0.00284361654269189,3.77518629263895e-05,0.000710523849164852,0.00817835524372721,0.000113086066312952,0.00564893242535782,0.00213637801672035,0.00253425392023587,0.00395657654070903,0.00120511519268061,0.00507393652043834,0.0104011706389301,5.76203877986246e-05,0.00620090487845501,0.00230672760500076
0.000510292672207793,0.00310102293949956,0.00054127823512705,0.262486712256296,0.00600559859222707,0.0378464017693602,0.0432572162046413,0.0361537633636491,0.000408576281040482,0.148189348505499,0.30041674965229,0.0106847680664132,0.0381706795984519,0.000289061280844749,0.00851337296029006,0.0421291086057978,0.000328299446090869,0.000199389257574224,9.03230519751262e-05,0.00035238401419179,0.0168797074984746,4.2419236961811e-05,0.00955814634581389,0.00243057124714463,0.000854087621268189,0.00191938813023124,0.00071202686454369,0.0126624194040595,0.00996060830343913,0.000367181293200926,0.0043082144388341,0.000630882862560715
0.000598179220706623,0.00193928042837487,0.00136088279412269,0.114188916799387,0.0245841042964024,0.0148146858891243,0.0320514828533675,0.0231083892639661,0.0205150107132963,0.0356033489817148,0.0078891209749216,0.418255079704807,0.0980775663830146,0.000369594409335105,0.000379035120740475,0.00192217531709567,0.000647829219537455,0.000299049796868289,7.71276003914742e-05,0.000688661612376174,0.0115260723018103,0.00265135732398016,0.00423418570509647,0.000963966734430403,0.00236683419441169,0.0156661789008723,0.0168919263206474,0.0382767355125951,0.0872617769861896,0.00209305458674765,0.0203787155749941,0.000319674478674556
0.00143640689103915,0.00144846144482329,0.00254788726785106,0.106673775452513,0.00520572412743482,0.012831363948404,0.0259764550922825,0.0112968437779521,0.000111330476344131,0.114571781723299,0.0148256496097806,0.204697373629281,0.325878226173132,0.00180358802159613,0.000747892073560481,0.0106341706220896,0.000100355548271187,0.00390360704266397,0.000155974955192161,0.000886531486225485,0.00909355559441988,0.000239248540038282,0.00446390128052421,0.00257325747812138,0.000135534235372107,0.00480276223520266,0.00750962288345606,0.107464257027035,0.0170041408402707,0.00010421392343483,0.000724318394101302,0.000151788204288465
0.00133217502404688,0.00209620854236337,0.000857080505319379,0.134501747610772,0.0716010969285792,0.00148975821766786,0.0470577983779385,0.0430202854001662,0.065744718144258,0.0645300095553695,0.0103944303053839,0.0160656287347832,0.0019115837978789,0.460583254270668,0.0119803098608195,0.0097808228160297,0.000830571470877828,0.000410371424048734,0.000210332922224896,0.00511387803548927,0.00219791333097224,0.000780170691129361,0.00117028915203386,0.00489577718977475,0.0108456710223597,0.00419924725035036,0.00560391331282834,0.0124948094469503,0.00683254520160962,0.000311390077039146,0.000898740386405274,0.00025747099386189
0.00433416494977241,0.00172057720828488,0.00180198522766536,0.00339146861928416,0.00426960981822213,0.00448239142595252,0.00492984432326542,0.000258977564178271,0.00348827615345972,0.0193578769354116,0.00902887031756122,0.180315750060603,0.000709179595560892,0.000530461575281668,0.564893803324834,0.00538509483361947,0.000467314477726129,0.0078788359988877,0.00182613789496813,0.00632368848801313,0.00623492279344459,0.00172304217365176,0.00353578689872506,0.0082284711744207,0.00367002388462226,0.00532424036223655,0.021771751176386,0.0774126619851049,0.0426831101716843,0.000925469980612195,0.00287109185374618,0.000225118752813916
0.0118809387825037,0.00486959063173867,0.00115254627437939,0.0691010262234091,0.0677018032714822,0.00646493551827077,0.0205828728633069,0.196891683882774,0.103215373751523,0.0320231656190941,0.00158193671773584,0.000488639082760843,0.00265020144560072,0.000792152972001815,0.0129487197696822,0.359340610605782,0.000922862499229386,0.0150349409646397,0.00187156204389152,0.00041940239694755,0.0340850664335703,0.00232269130680274,0.00115658069807839,0.000799155149751498,0.00170448563518705,0.000684588077748985,0.00378040251996127,0.0163225314168331,0.00714369644844258,0.00144529653660393,0.00706906021779708,0.0135514802424688
0.00521803499264939,0.0103603872310726,0.00418470369300999,0.109510075611369,0.0408289308610572,0.0281066018100056,0.0493195597892776,0.00775286815953218,0.0301667051383108,0.0257857700971523,0.00154253124602073,0.00506791794123486,0.0153392062984513,0.000776535917291793,0.0163130167178784,0.00293359240146912,0.448499396963589,0.0859422428891425,0.0023672295488291,0.0106368961175905,0.0196500623219859,0.0213933843910118,0.00325824138762275,0.00598896138037809,0.0105924682482328,0.00265858222531961,0.00104771650676933,0.00920560711704629,0.00482825001957959,0.00107167941013422,0.00210205922430871,0.0175507843426768
0.000732833745471474,0.00455434709975618,0.00546928758177542,0.00432580821121047,0.00592266019076451,0.00382474423782984,0.00885261063414688,0.00484578447773642,0.00117169191932981,0.00373076139181835,0.000387771378727946,0.0516719126438334,0.00256943671835448,0.0014781211010899,0.00611730734522043,0.0151321696174113,0.000465328431980601,0.748163363497245,0.00302706537543861,0.000732200460945958,0.0122971134379209,1.37549252157011e-05,0.0513684346216346,0.0116921650037233,0.018542654638095,0.000729111488549309,0.00127984963514101,0.0201674846440741,0.00783853845556658,0.00145968365240119,0.0012202406831895,0.00021576275440201
0.0073929979786428,0.00117117799164945,0.00149526348457043,0.021819330383822,0.0249011608556967,0.00491321301645808,0.00871041474128757,0.00175839962117838,0.016603507812862,0.0549432360572061,0.0112567038888661,0.00013612761397847,0.00988467715515725,0.000997419789523541,0.0251122663524335,0.00537434770977414,0.00245000250487063,0.0127244917806204,0.711601255684994,0.0119037609287756,0.00992951716295973,0.0035588690692035,0.00601238591135294,0.00265801886154205,0.00333837182965827,0.00633788394597452,0.0091504874853612,1.40449519643007e-05,0.00632863130390171,0.000486325286289953,0.0116471655597668,0.00538854327965838
0.000302876980060672,0.00165980257298804,0.000196949957737257,0.0293692495970982,0.0278825313061235,0.0149037084610417,0.00788638080440303,0.0136418814934028,0.0635862369606623,0.0107283043065084,0.00658456921945964,0.0261959319622673,0.00169628707280376,3.24720831658888e-05,0.0233465367131365,0.0265444586127913,0.000790684588845495,0.00546041376431608,0.0124021384576318,0.554735071130475,0.00321466107843497,0.0249380904341132,0.0111629316566911,0.0292976121455131,0.00161504516605041,0.0444909630713776,0.0202713594524956,0.0265048109363421,0.00468686554668095,0.000601767361374192,0.000468013224786366,0.00480139388122121
0.00164104316294055,0.00301860446413191,0.00102281663894205,0.00230076492619724,0.00606786067172331,0.000434171285534978,0.0193311963376735,0.00826395040074234,0.0186255392810844,0.0007909528928364,0.000394398890843212,0.0339761439746834,0.00114708542745439,0.000330341022635672,0.00541605396893907,0.00643148305873674,0.00492341455828983,0.00886679415716539,0.00037239405086529,0.0225214325591753,0.687485354647337,0.00401028871859288,0.0206796156988379,0.0359588066952388,0.000801903216049869,0.0149604503892665,0.0137948445442872,0.00704445048552865,0.0069768182718642,0.000861147266354237,0.0102563697886575,0.0512935085473904
0.00165154955679471,0.00175397218798886,0.00101224370813116,0.0175648017214969,0.0314549649528735,0.00458113787193619,0.0697320068605993,0.00924079328806839,0.0347419277659966,0.029421697938433,0.00951882953802843,0.0158328032650851,0.00370753600328296,0.000372552589639167,0.0105671921890733,0.0120056580475163,0.00370327530877786,0.0147880282572771,0.00902793466619095,0.0402295843151124,0.00288048545452868,0.457142296935943,0.0101908392780179,0.00860333022576682,0.136474547643052,0.0195866962905809,0.00621781232275657,0.00165117943692179,0.00213952886867778,0.000286482361944289,0.0172552899562686,0.0166630211932398
0.000416295147333326,0.00542293134780029,0.000877271937669081,0.0356565610009852,0.0111156557260696,0.031168946842136,0.0247338819841258,0.000952085219934606,0.16179767881087,0.00258323565645642,0.000718751602791388,0.0137106315794744,0.00601669886339273,0.000468140942963837,0.0123665771058497,0.0366323296158349,0.0065225675902628,0.0169744265158235,0.00211132442788894,0.0121777354515427,0.046623865333485,0.0627719383579528,0.378937391569161,0.0067831500093847,0.0246798191937993,0.00155648901685693,0.00265107522580572,0.0278118373245813,0.00985344013287793,0.000550820139855165,0.00617738780074287,0.0491790585262916
0.00225409849286562,0.000264436131282054,0.00220784167949345,0.0352871616100382,0.0337790676982287,0.00403384872046,0.0235392886673031,0.0228233496359682,0.0760296775352463,0.0155419275006609,0.000888385010916746,0.0512675504560221,0.00386635193851404,0.000178087684954517,0.0144987277394301,0.0202486152444671,0.00279622880962956,0.00888836800317506,0.00220309593468324,0.0185209525024938,0.0209473100046224,0.0202705794950057,0.0277814598530678,0.434353256808382,0.0474858985278193,0.0488473350046794,0.0329935475811984,0.0193003925559206,0.00257269602209942,0.000624869728576146,0.00537301122098411,0.000332582201812354
0.00365727639435611,0.0073495012428714,0.000951543059103629,0.0100129038808516,0.0717833368008015,0.0015241448760594,0.145779341252408,0.00346225403983312,0.0102692735533333,0.0242388337072527,0.0071656374375349,0.052512954084885,0.00770547805965967,0.00133992103462573,0.00226206735329949,0.0152706781971025,0.00162808783277532,0.00864904844217152,0.000600490898019155,0.00133592087531736,0.0108743786568544,0.0287227204936234,0.0367472874836402,0.0023057050193877,0.480733667647387,0.00160827336746383,0.00159531230667809,0.037087743504956,0.00779007035160984,0.000323508649753439,0.00455565440119325,0.0101569850951909
0.00139443948527275,0.000317042617562704,0.000112673180331611,0.0592757123048811,0.00700485247584776,0.00962840340365296,0.000759787959840367,0.0194617157281034,0.0075712418781534,0.043018323377369,0.00974822227962945,0.0464429610344742,0.00849021925657957,0.000671189242937052,0.00634213642385286,0.0107175041626735,0.00162587304224175,0.000590725479202685,0.00514103617227042,0.00705610687184769,0.0193882617613588,0.000358862703859956,0.034545381244615,0.022136665484366,0.00914498709758709,0.599259273235234,0.0194707246959138,0.0409671203360615,0.00276872474785822,0.00208605422303844,0.000429970622426816,0.00407380747095658
0.000520032564606879,1.07928679053691e-05,0.000109909033621552,0.00851710071360152,0.0226503766595818,0.000350890930288487,0.00372509601494627,0.00833119613922061,0.031625832505519,0.0140215242939915,0.00498252836520024,0.0654918758986047,0.0286781295166112,0.00131077485596107,0.00309896372701165,0.00408576874497058,0.00266922852303412,0.000726936982671495,0.000676260780437526,0.0243517518195301,0.0224487946149804,0.000140952218158055,0.00514550095652123,0.0232438157360032,0.0255839377523433,0.0851133396802704,0.538987033770963,0.0202447008800727,0.0352269483499919,0.00296012635712519,0.00509924416073773,0.00987063458551683
0.000503277798258115,0.00392723382293293,0.0020758909887853,0.172620448083003,0.0322817801263252,0.0175213852976908,0.0397947745714555,0.037094574271916,0.0321341019105336,0.0603234585418799,0.00750004782301378,0.0309606678904775,0.0636822197266441,0.000399596428139376,0.00140793788112821,0.000778741808139143,0.00195757567974351,0.0020143297996457,0.000417579458616353,0.000175336713235205,0.0109142040379186,0.00279888124617466,0.00642142309589473,0.000306847444587943,0.00584314796884183,0.0120896660662675,0.00757093135317952,0.374733183811665,0.0653744052151171,0.00152145637129752,0.00445455104798835,0.000400343719503724
0.00110627311637851,0.00397505937395307,0.00156786385184052,0.126410605114991,0.0583379255193074,0.0114691038116636,0.0575183049017478,0.0508362080050164,0.055901525982724,0.0670439353049227,0.00763749155365504,0.0181536012059337,0.0277342481041909,2.27735027224629e-05,0.013757741439523,0.000355965806706004,0.0095376648543286,0.00687225396244523,7.6903674613747e-05,0.0121591492805506,0.00107287554807305,0.00322682167958618,0.00428014298685886,0.00846791458694861,0.0328413423046574,0.00629926709569361,0.0184890999728274,0.0264344424682349,0.316699915768163,0.000194645718372364,0.0469499090741025,0.00456902442926729
0.000679562532348544,0.00618993122444097,0.000279620464679662,0.0752817942838802,0.0422373585356394,0.00833494715957573,0.0702846076628303,0.0182312727602896,0.0440176091829313,0.0445203308456761,0.00310534749431167,0.00151636370860573,0.00393209974987854,0.00190307064720004,0.00278062796764987,0.00251268774776197,0.0041638089029539,0.0026600083152038,0.000543168977846034,0.0265135417781056,0.00407361158716322,0.00445993265018603,0.00640083016454156,0.0104243572736119,0.0119487471487252,0.0125202954561955,0.00658188495632014,0.00218471114599843,0.000212352033955599,0.575974326455019,0.00334262737625051,0.00218856381022367
0.000398190200626005,0.00351564735132944,0.00164438333419082,0.112096282516532,0.0233468596538054,0.0133883203637425,0.0458037280976632,0.0404305080934698,0.0278385874444073,0.0590020226363696,0.00488969234501008,0.0247604029315707,0.00312376759354172,8.71616855244584e-06,0.00627732157267276,0.000285543465039833,0.0039892105049697,0.00258402132809909,0.000940116446507731,0.0155543441236039,0.00400139811922798,0.000411755271920646,0.00993544105426077,0.00541321556777028,0.022110703115537,0.0141786052182205,0.0166625025397963,0.0421773748922054,0.0044368886606701,0.00256835664531758,0.487110229849562,0.0011158628938072
0.00572330693148468,0.00295577432229899,1.08627961662676e-05,0.0457715257948715,0.0177714643159237,0.01250000470905,0.0605783781428172,0.00630169271372458,0.0796125700374858,0.0261140841999757,0.000834812497131398,0.0601164370363122,0.00834237235985915,0.000181743975881533,0.00180226533073323,0.00432651941653691,0.00232393037583808,0.00311169550766324,0.000294970760181041,0.0190052836711634,0.0171693992106929,0.00353128738744208,0.0153972019817746,0.0569023129360412,0.0830334133455929,0.00677177782995831,0.000764736323094596,0.0492400011165137,0.0371105282443269,0.000544671807849317,0.0072517005001672,0.364603274421447
