0.349920809287086,0.00256832572522841,0.00351225010276423,0.00470661314265831,0.0499926602977051,0.000935095357970006,0.0151398554858606,0.01065809235412,0.0562201934665001,0.00720471715016965,0.00666598149148367,0.0168598872024791,0.000446501390986473,0.0009183213788545,0.00750377687324122,0.0760198205334253,0.00163689299149453,0.00502907308067067,0.000119077685728451,0.165272851715297,0.00132279788804822,0.00537140166025493,0.00399343243696287,0.141583808803294,0.0125094243931946,0.0131272368551602,0.00418515791994289,0.00379317548238016,0.000801624087131073,7.86152450997467e-05,0.00144561347480079,0.0304569150400066
0.0176406549399048,0.162655510176469,0.0118789443602659,0.126723074081423,0.103753021581344,0.0226030994319531,0.110535690831524,0.151235539903383,0.0430693326039095,0.0150267938837363,0.0253680586800692,0.0110685192539686,0.000206195770181256,0.0017410302331498,0.00807203961305447,0.0666569663418614,0.000808011929227804,8.46707848563271e-05,0.00274891806352246,0.01355140974433,0.0038992856107245,0.0174749551506021,0.00375431014040417,0.0107612420994497,0.0105412801320894,0.00801750442542369,0.00568312800548115,0.0026655295859459,0.00135423324525535,0.000467892927790024,0.000312342544867939,0.0396408139238322
0.0091494831935264,0.000527889851240302,0.234747794350667,0.127990649225313,0.0268932809502328,0.01578937645761,0.0543549494394039,0.0947348922787348,0.0580946357161998,0.0578207822004889,0.0126297520665547,0.00305720841126338,0.00176587362271376,0.000546230721594581,0.000700449364111408,0.0711769311919977,0.000819473825807676,0.000301234289833859,0.00193352492152938,0.0903934720804255,0.00723583227387658,0.014130019763694,0.0330830703798148,0.0597704114823468,0.00678684648257037,0.00206297279746786,0.000954060412830936,0.00238809028357684,0.00307847509486816,0.00141205248578651,0.00399565367326384,0.00167463071065405
0.0021836460875167,0.00142520452029401,0.00207619410621573,0.102150013838481,0.015363955580642,0.00146154214416115,0.0542497265850303,0.295430065722493,0.0038214048396436,0.205062041848417,0.130495895486377,0.0690810776691762,0.000168968054253927,4.95013943511389e-05,0.00466330347707019,0.0170560477150283,0.000634264435987386,7.55511071127621e-05,0.000264554282312572,0.0165904887410131,0.000361101198712225,0.000643529159392506,0.0029620709162325,0.0191420333951354,0.0022570653261484,0.00296663628401322,0.000468237056002416,0.0469064873925273,0.000183480658080852,3.46555928223841e-05,0.00115833987991383,0.00061291550544163
0.000916677141721491,0.00131437770242189,0.000884826960174555,0.248154656312994,0.168746057858803,0.0181156284590391,0.0472603388685299,0.254725449721312,0.00170226444425867,0.0509027135143187,0.000457340955193658,0.0567429816516649,0.00240568187658224,0.00212473969079275,0.0267045997636537,0.000104559249934589,0.00031870010555592,2.99875931579337e-05,0.000607658728332788,0.0213800456348792,0.00186975776440031,0.00116731239990443,0.0122758258285068,0.0318458472063141,0.00599248020051216,0.00107100166295311,0.00101094717169296,0.028240410723401,0.00114543541012485,0.000154956963520212,0.000253283546215685,0.011373454889133
0.00469278446472245,0.00463214766111154,0.00181703950266307,0.139950512398682,0.0118643677486599,0.220507794173419,0.00993459575066219,0.21961543822263,0.00565988772299521,0.109495134597178,0.0569828316293241,0.035017569351206,0.0114590781699646,0.00171919749295505,0.0350811577026309,0.00136292824795514,0.000390971342008094,0.00200499112409736,0.00223931569513187,0.026403326785335,0.000814277519902437,0.0024428532923544,0.0325841239125154,0.021788477768696,0.00300963076983452,0.000149731625675845,0.000115593865596812,0.00492432897363592,0.00146510130218533,0.00186087088718306,0.00551756206074166,0.0244963782383479
0.00331697237555777,0.00482187739917982,0.00190980874418063,0.165877285490197,0.00480453362829696,0.0261306146010889,0.38071007775898,0.195161668037087,0.0312685591352746,0.0203167276208086,0.000730782395618669,0.03453855151172,0.000989174271852052,0.00316568303692768,0.0107931002633305,0.0270439379440299,0.000608480090318277,0.000386043644796191,0.000707900005779956,0.0223187166153728,0.000659474566618909,0.0016153089817052,0.00904977711481814,0.0206469586015917,0.00243566199264258,0.00200203775815121,0.00220124348585696,0.0202556978989586,0.000687250062511163,0.000360379229339339,0.00176136608512958,0.00272434965227949
0.00172164124029921,0.0010950045418176,0.000567287954901906,0.199848779080428,0.00728218707194166,0.000107613630832612,0.0239198375984507,0.400167372208131,0.0012643144511495,0.164904762999402,0.0892081815266864,0.0437555898474231,0.000603456643201125,2.64281904600086e-05,0.00344974470910017,0.00889599112678229,0.00017556323748806,0.000329458117662135,0.000402256727170354,0.00983851756589796,6.18329349077545e-05,0.000801095526614435,0.00450197043547225,0.0106672187466096,0.00116014210708747,0.00193967062089142,0.000190077107456855,0.0209230535016888,5.80577357786267e-05,5.26789389523441e-05,0.00103974255982728,0.00104047131548666
0.0128680981422593,0.00981138246916337,0.000572003979005932,0.0263482719580484,0.0432336314253674,0.000424457015648541,0.0872472924452775,0.0217241861026916,0.521908149577375,0.0209179004489158,0.00505843614710209,0.00142099639054926,0.000835100806903146,0.00116210276828065,0.00440191163604944,0.0991985745678201,0.00282351344934062,0.0048958470490655,0.00130024135925713,0.0148989931667209,0.0212831455594169,0.00308787005081458,0.001446966952239,0.00737711897151213,0.0294932484270905,0.0148356544959319,0.00219663690620521,0.0108296608477757,0.00414861600704336,0.00327661082485216,0.0160808676898355,0.00489251236244137
0.000635512110720746,0.00112539689900328,0.00114427642090762,0.273304516565559,0.0104547238027179,0.00612709835563792,0.0418483922413358,0.222274654152681,0.00193879046554627,0.316472755322127,0.0666016195731961,0.0191317987853044,0.00026565284130379,0.000566622750916738,0.00177451498019654,0.0114482505396524,0.000109460531765053,2.53244100599507e-05,7.98342735595722e-05,0.00288014246131205,3.27332593282302e-05,0.000501163915918962,0.00105337725203698,0.00483499475241639,0.000654779671159959,0.00269117731476561,0.000941691133586868,0.00985328802610764,0.000647133342861026,0.000101459463074749,7.79534425110496e-05,0.000400910942729494
0.000248088434033445,0.000782509757775242,0.00288064439425809,0.371314459169799,0.0158397149611555,0.00718318872487122,0.0460269309998378,0.253094788842963,1.94179474305707e-05,0.239662495624413,0.0131943834409948,0.00782005680019205,0.000429216715016527,0.00223531994511394,0.000430608351977275,0.0150588599092432,6.9492920420295e-06,0.000333065572358298,0.000293386559415336,0.000914348011241821,0.00112194135525116,0.0025089094163079,0.00548824918872636,0.00128299543495387,0.000690579982233201,0.00458033188397721,0.00228198447082761,0.00042544080247947,0.0018467119447458,0.00033261469408142,0.00120660731098253,0.000465200061301142
0.00912554894258227,0.000639205013021919,0.00185847586969516,0.172178516769495,0.0352859586288599,0.00510690373620074,0.0237163991502784,0.0397546521148187,0.00929280100208944,0.197227416203764,0.01843269619984,0.217257687300442,0.0280179254291289,0.00113345296624708,0.015770783375014,0.0476128162425264,0.00859339554888002,0.00501916121341719,0.000427606261395707,0.0227559208256553,0.0188310338874958,0.00587328641117691,0.0127650456170887,0.0204618740529021,0.00837952993254468,0.0111308761636819,0.000226487336565881,0.0351313676086956,0.0171938739781937,0.00408729932415107,0.00294198685599573,0.00377001603815538
0.000107079563439196,0.00145683859291694,0.00135558036881852,0.119763080773017,0.0442760539335135,0.0104704316120231,0.0100237652524824,0.033054052918532,0.016221836845635,0.0631413853341434,0.01774561823618,0.105253510349849,0.301073551336923,0.000931707516618156,0.00750158445286959,0.0369486030746855,0.00137088084934652,0.00380113987260704,0.00021201880139954,0.0234335914355893,0.000136221363947414,0.000312843029958015,0.00255311309809148,0.0432732976127361,0.0158207467817248,0.00440962554568569,0.0036917325121478,0.0885917969903296,0.0269913983032046,0.000193564507690186,0.0145558880504731,0.00132746108342302
0.00166177997282953,0.00186644196460113,0.000888110191962834,0.0039305641149976,0.00682955895584817,0.00210977402983366,0.0181105882969539,0.0144912697710272,0.0440387381690111,0.00472852758395178,0.0319365362088874,0.0653378061603273,0.00379509619812648,0.309782956516645,0.00450514726390863,0.0414108815524182,0.000271378689692994,0.000204177698545872,0.00171128072623738,0.122480683556575,0.00517840847126899,0.0277287771208296,0.0609655428275452,0.0731913539552317,0.000838090740620717,0.0344191392674432,0.0200689053911339,0.0663383307643717,0.00419127535636527,0.00753011155544333,0.0165257656882619,0.00293300123910366
0.00168806201536323,0.00192983708685541,0.00206821440420129,0.149311282141542,0.0062715650673066,0.0438737229906436,0.0276283321126172,0.226327826831221,0.0157178041278839,0.0616577473726198,0.0445413064028073,0.00703787435490741,0.00508927202190322,0.000323015173092664,0.321906294544672,0.0161395816368437,0.00190393143692102,0.0020734059004623,0.000223085936870363,0.00324686213071504,0.000391631612666568,0.000542522455732531,0.000821982176643871,0.0104167135850895,0.0153809749886909,0.00363088069893812,0.00324337754403381,0.00651197990748584,0.0142345301824558,0.000181655775859425,0.00431793176752875,0.00136679561542661
0.0279887287971075,0.0238776195260799,0.000246021393769503,0.0686334355001328,0.0444106576575113,0.00157147358811777,0.0779911825990655,0.052258180484578,0.318089203037603,0.0623938773310256,0.0312338588533104,0.000570914768621572,0.00294244431117185,0.00417362655415402,0.00270036417661747,0.0926864636728645,0.00226827408948401,0.00281273078961995,0.0042175697882374,0.0029743211046499,0.0183517394072026,0.00226968344436291,0.0175919471417516,0.0412833401810293,0.024170399759287,0.024052418708254,0.003419202833056,0.00281545860870646,0.00111792038471568,0.00966851741634719,0.0257889201790808,0.00542950391248421
0.00302295396507943,0.000985807330387124,0.000302369297645814,0.00772178233603171,0.129236112432406,0.00147165577893783,0.08271173144629,0.00312830073536801,0.0484368815183954,0.0129553819426833,0.00135567934332104,0.0176055325447105,0.00159582342085998,1.65344245871888e-05,0.00589007850081677,0.220005641013685,0.228480222544624,0.0056281286473563,0.000864461873673321,0.0595225608217616,0.00941141404711311,0.0029986611535751,0.002497220493003,0.062843655954805,0.0608735056502056,0.00402957153125102,0.00927497287611377,0.00100406163412057,0.00444732902048086,0.000563849820216834,0.000589986430044834,0.0105281314704496
0.0111821401694545,0.000139330435979016,0.00177012927429161,0.00379656346113803,0.0349650569398614,0.00389369884148654,0.0359705927009921,0.00991932942571187,0.0013753996483186,0.0010014016117369,0.0090898613413112,0.00550185787664016,0.00104036230351577,0.00163275850157282,0.00811834481584947,0.0326832967906858,0.0103316655444995,0.305918342085702,0.00939283290371558,0.247417968881183,0.00661175075436701,0.000175582893707568,0.00713546918708942,0.14786555526412,0.0420300360914443,0.0251097873678146,0.00107067107634695,0.0119163475111127,0.000318979618590705,0.00148709236413009,0.00118053648489958,0.0199572578327309
5.27136873035561e-05,0.00260072587015998,0.00497387793403807,0.0738535222169893,0.00544673514752313,0.00165882552430363,0.0246387448377481,0.0432894461941381,0.0145636449914815,0.0412821018276809,0.00270501441320931,0.000648025656449516,0.0104073877987722,0.00566775038683571,0.0154750276700049,0.00783585967777298,0.00122276725920891,0.00551019951243016,0.560434668298628,0.0558414642411562,0.0080479362086643,0.000460293768578071,0.0219630428250291,0.0596047071974702,0.00089364949474119,0.00175376797914754,0.00115555184731813,0.00474061304544642,0.00220395021835282,6.96503996006383e-05,0.0132675557346816,0.00773077813513536
0.00408863996217399,0.00144014637155365,0.00490811268938466,0.0964493871105559,0.0353562674560467,0.0123078820937883,0.00268758077499409,0.0734395491371523,0.00422509570229973,0.0214868704960269,0.000507237283718019,0.00165496103885465,0.00385016306494865,0.00161666673151026,0.00264914206978905,0.0117308424523551,0.00158527010356689,0.000481594861359561,0.000370012697477739,0.560132730580017,0.0116118485830229,0.00706808523684412,0.00319681437058015,0.0867144490972806,0.0214099116297825,0.00220526164131064,0.00879546062361989,0.00458371778896778,0.001143075066478,0.00909496640071245,0.00282421857029139,0.000384038313536218
0.00730649524628809,0.00318723910789963,0.00114319891236808,0.235497450088607,0.0310352662206866,0.00938498935936001,0.00537805396670108,0.148509630935115,0.00296596745722487,0.0910282567363025,0.00482779162224772,0.0277914366047503,0.00558738481696011,0.000773306598845504,0.0103520271464782,0.0083646105185267,0.00842775460677405,0.00498133567533725,0.000212014058814699,0.0939391476086807,0.0702143171620782,0.0319743102968914,0.03602973900559,0.0709369470239533,0.0457549014571447,0.011405599969146,0.00305578714578243,0.000635901779125809,0.00906594565505415,0.00425239846700204,0.00611702603660313,0.00986376871366077
0.000574669986142183,0.00155766381999295,0.00354439240894555,0.0464121109273803,0.130536378165658,0.000750264260065144,0.0537289328021364,0.0360940975243523,0.0213768184906401,0.0155764077666478,0.00719501210398032,0.00870760118643212,0.00546638121230301,0.000667895947257066,0.00102958201226903,0.066284700876571,0.00400302147970879,0.0173484156273388,0.0020760699019,0.0248600146508019,0.0227513940816688,0.367749493404529,0.00988265986140292,0.0055183141069053,0.0474052852670112,0.0129355381496462,0.0122375748844416,0.0500101709383336,0.000430543211721311,0.000422145490794287,0.00305399331136642,0.0198124561416566
0.00021101079735556,0.00239969074967793,0.00243893229565469,0.0352407456385455,0.0597518928883564,0.00392589868791398,0.0215004758796602,0.0462889077163591,0.0132824916781055,0.00226494864513015,0.0114785447111751,0.00320824805263737,0.00124395896781994,0.00103664192565468,0.0150997488489289,0.0133973517438578,0.00238593286500527,0.00736074808221449,0.0073252471948585,0.0607905752389032,0.0137704780772197,0.0556482658024488,0.463765789376397,0.015214636390274,0.0234657812015953,0.0156279585944489,0.0207696731687784,0.0310265217552538,0.000685646527923829,0.00172053672377531,0.000703200902318518,0.0469695188717525
0.00610513329457833,0.00202549203136145,0.00508110357439514,0.141416576422092,0.050325792858162,0.0165371617770868,0.00623963747935327,0.100398819075419,0.00851782210886393,0.0342905125023022,0.00141734396791522,0.00307420068075499,0.00842963008310762,0.00195007447544145,0.00284419132388234,0.0204870067805131,0.00307810374339835,0.0021937317161155,1.26728267247416e-05,0.323421605405281,0.0165434257743604,0.0104487995182648,0.0112193848089291,0.13977687634545,0.0376258381629459,0.00107812304527545,0.0119877908286304,0.0126380742310341,0.000870237546077592,0.0138345038001761,0.00569736535286548,0.000432968459241968
0.0247617278824006,0.000161789505997009,0.00101879127011157,0.0217402094433098,0.030455593305541,0.00452872552517722,0.105015257650608,0.00182735750009236,0.000664423917028728,0.0167684622452594,0.0161543281155871,0.0245894264547118,0.000817318184945364,0.00389275531046852,0.026525116995509,0.0635563374084072,0.0141667180870383,0.00608748513688375,0.00818820218326687,0.133875070095517,0.00888642472332803,0.00527192040728187,0.0184103521529772,0.0581140014005686,0.360437938447054,0.00561473636987144,0.00160459593062598,0.015749206532009,0.0016381437240729,0.00372671645826119,1.77563589933422e-05,0.0157331112770957
0.00027756728266309,0.00274319213156622,0.004585335701278,0.159553805976778,0.0185408750269476,0.0311225518583552,0.0133252188915874,0.160405188406409,0.0043178901206767,0.0472885561947143,0.0217240763986562,0.0103710891769762,0.00332945476210286,0.00131289142882297,0.0015262822455707,0.000788624148396899,0.000827892182009159,0.000535432468968999,0.000612332855076012,0.0482499541024219,0.00777742791273849,0.00682904407629548,0.00428491457328108,0.0166955351967698,0.0111923982984381,0.393621869017281,0.00594516306511818,0.00530107039471582,0.00479524091863637,0.0032067390655791,0.00809205375578114,0.000820332365388189
2.76652264156652e-05,0.000615968533405473,0.000696743565211161,0.139163742457954,0.0108637516815892,0.0112948250532638,0.035863730430831,0.0677466165324899,0.000407536458383762,0.068195839439384,0.00186815762115985,0.00644491924597886,0.00609540834670384,0.000751956849483295,0.00570966714307584,0.00703449371811529,0.00329830321866029,7.60185631444544e-05,0.00235422118761456,0.0885465542922255,0.00106135324100859,0.0244477805771679,0.0471024282998417,0.116018506154383,0.0114495965489914,0.0300114229625706,0.287219036887375,0.00868642353798405,0.00459300967907311,0.000449926058789181,0.0102130349758848,0.00169136151184037
0.0104545155219986,0.00186480103112996,0.00104106274627663,0.128033292146891,0.00378223218072969,0.000963904427631891,0.0165583674736501,0.0566241110194786,0.0252873078597629,0.0871926129686335,0.0187124704172683,0.0425032125312544,0.0196156697967286,0.00020425263942845,0.00101056622909599,0.0329708550737128,0.00893665818247053,0.00666739612666474,0.000176528557505551,0.0917658595821922,0.0122127716685023,0.0187081278046325,0.0179872984507933,0.0710637451903087,0.00999735578689885,0.0131926574625152,0.00211809827125072,0.225977615816314,0.0367151737218033,0.0105931909849535,0.0263110441153086,0.000757244214215091
0.00471288207955377,0.0019326236939515,0.000157636257570573,0.00340657815136137,0.0341375242192612,0.00887149047902901,0.00311003605850854,0.0126831963854598,0.0641595078881223,0.0277204613586925,0.000585745710818888,0.0330057949662215,0.00538635487377373,0.000321332822287344,0.00137852422754723,0.0265736527550867,0.00906802421417861,0.00664904601228262,0.00350282009872111,0.166420098465139,0.00251416329105452,0.0157814634238188,0.0226464916056602,0.121034323584543,0.0036500285454333,0.00320143160872758,0.00379860605179047,0.00730985400353666,0.384967640506658,0.00862618739616292,0.0108947151564932,0.0017917641085543
0.00320968487632494,0.00143759971262123,0.00171268269447518,0.0715005853861299,0.00182072218103977,0.00504907014916508,0.0394070584566606,0.048961966248083,0.018391509900603,0.0138899742135636,0.000384274605302574,0.00816106476661771,0.0175319708328063,0.000642640755489844,0.00129147094244165,0.0236088348915851,0.00538193349976357,0.00381608011674208,0.00138235794352751,0.132231987749947,9.57820890303927e-05,0.0101949194388265,0.0464348193259072,0.0930560405053395,0.0146526789001396,0.0122734975053808,0.00434587366128472,0.00517983783385971,0.00313951771104869,0.395787601765743,0.0123733196212929,0.00265264171925768
0.00605201376554539,0.00131176021511172,0.000338553330384431,0.0918042080378495,0.0034773366739518,0.019806929520393,0.0194062650258262,0.101063780410164,0.0245059001459865,0.0162333363971894,0.0203228910644313,0.0450434387143578,0.0333100132547404,0.000511465516697257,0.0127844711881021,0.0121422994779645,0.00842339785901175,0.00152985222663547,0.00140567575783993,0.0191088087390266,0.010125962485581,0.00537055467931534,0.00730242924007312,0.0289502112805062,0.00760180231935858,0.0272446904631747,0.00316464747494752,0.0459270411706434,0.00259065068097491,0.00220218081701451,0.416954874140163,0.00398255792703913
0.0099581810200311,0.00214954723706724,0.00333289875265539,0.00497285415395474,0.0525787324368116,0.00480776902051304,0.0421672561993637,0.0143264073598592,0.0492541430297032,0.0121035799102407,0.00461732263281047,0.0103917298778309,0.00476712784127076,0.00271651151113897,0.0162933898145269,0.111929892341301,0.0264997822036638,0.012844411667723,0.00433724748302387,0.161357573406779,0.020032546720375,0.0158194810179095,0.00878178040939763,0.0712970042822714,0.0697673991385695,0.00904937686861583,0.00266676219859295,0.014636825567936,0.00319018651737603,0.00122477029400624,0.000796134971303542,0.231331374113378
