0.644692897441774,0.0176132666931691,0.00431974425635211,0.00179513402980582,0.0291464885763706,0.0532857297331043,0.00575855392648056,0.0127426392844482,0.0619839907430359,0.00213314357410755,0.00190797708682112,0.0119804876078761,0.00385815590941887,0.000113689178614814,0.00259674362330639,0.0794348412060556,0.00361744128712357,0.0144017841037247,0.00212202255775565,6.89995187769893e-05,0.0056973470347822,0.00179737430114607,0.0027691325156308,0.00761428183035481,0.00807787116402203,0.00134901367639916,0.000485241312374572,0.0050045538277958,0.00117530733679239,0.00225469381879582,0.00266295285642147,0.00753849998736326
0.0100461297604204,0.699690012523806,0.0190626797586621,0.000327423281871941,0.012617875152863,0.0364345727566574,0.0332026637059475,0.0129761524538416,0.0254086218630422,0.000388954323811304,0.00208306652046481,0.0112142276426689,0.00693800713027407,0.000823365418102866,0.00400216169830351,0.0118249398273001,0.000772901491072794,0.0012356801741875,0.00139443996757531,0.000729161969000648,0.0238873646456776,0.000900148074650663,0.00733649748366095,0.00819128987564394,0.0230889039480094,0.00278953288071817,1.62690964813443e-05,0.00183439708232586,0.0182915371491741,0.000397978728824236,0.00893341626687696,0.0131596273480833
0.00158509385565911,0.00512879961473906,0.616911239608774,0.0561852753795507,0.014943895688133,0.00908913133321154,0.0212976458592719,0.00961685780834527,0.00671331505795093,0.00335076722200817,0.00584502624668639,0.0408774229053012,0.0305148165094043,0.00387115413011459,0.0429474649782023,0.00279884638881911,0.00264259482649322,0.000233738841936128,0.00225858789481173,0.0210913708618963,0.000939785803412122,0.00349740837005181,0.00232045421618834,0.0181542788623915,0.0244127825270909,0.00386302456584082,0.000151106249809028,0.0246641475203929,0.0210050955613613,0.000223081346085858,0.00282730488811137,3.84850779546675e-05
0.00226270501696346,0.00268584426594244,0.00685128449643967,0.644672435760138,0.0125119079234657,0.0381883683624565,0.000691581481713207,0.0903973631173229,0.0456340716672546,0.0105859805766306,0.0033735432754764,0.00514343198656105,0.0133461163977071,0.000921287455847289,0.00613920419303445,0.0385127659177461,0.00520839667935021,0.0026285005850126,0.00408308533005521,0.00970787466038594,0.00955301708353999,0.0108308449314121,0.0118605873400208,0.00249385178032202,0.00321034421933179,0.00564370389801229,0.00132433318123721,8.13350577578096e-05,0.00491239681729418,0.00029997719402104,0.00461526389757021,0.00162859544997734
0.00595787249221056,0.00158269703443218,0.00453845076735142,0.00386190541064232,0.331598440527879,0.214121480040656,0.0434645155588718,0.028280106612299,0.0720173207532193,0.0110342080860655,0.00508727723689375,0.00231408239369641,0.00036871388085153,0.00138520008796963,0.00990418205907421,0.1872718354062,0.00298841024190583,0.000109362324632198,0.00194465881971018,0.00734102994135115,0.00461737642884366,0.00339302001041771,0.00711496491680339,0.00932874549969662,0.0107916716535986,0.00366912052509295,0.00105901257233255,0.0120338287519022,0.000333853774524557,0.00187444657141895,0.00643011976743516,0.00418208985202156
0.0103768362125396,0.0026298484051133,0.00467055812412453,0.0147533250767022,0.00817432786114941,0.611862245569099,0.000731182883092709,0.045830260829705,0.0992984047755486,0.00113838290347457,0.000841504464386588,0.00343822579596292,0.00540353254866415,0.000351275488283548,0.0158328257913658,0.114634239939994,0.000918699259636274,6.99720069984365e-05,0.00482795748723941,0.00427021065091693,0.000819201153710075,0.00202192035051801,0.00119066886895502,0.0223404748124754,0.00538408089878952,0.000184708199772593,0.0020391534127145,0.00789410209134381,0.000606293756194551,0.00120024512765434,0.00335514346029093,0.00291019179358422
0.0178700033614757,0.000335524985861654,0.014929747620332,0.0196087943019212,0.0027873961309975,0.0803270545613327,0.425710619544834,0.0270081915330306,0.0232657726969234,0.0164342101893074,0.00296686484084524,0.0555317504221353,0.0152881337163897,0.00303909182706412,0.0263172226701428,0.091595361140999,0.000741574609467534,0.00150593532139322,0.0100346787702874,0.00788623982731452,0.017085105721708,0.00772111526273772,0.000147450298443742,0.0114682511527973,0.0211133299562452,0.0040804946060568,0.00103369600982513,0.0464849512271643,0.0290528490336674,0.00297312950207522,0.006005097755816,0.00965036140140833
0.000199671102082118,0.000781143666851573,0.00035164841566055,0.000454894886541093,0.0337443679702861,0.0420704465142295,0.00934252754537323,0.7766780025835,0.0375304442117143,0.0171859043263147,0.00248840352100973,0.00355073469840099,0.00234041467643998,0.000977023071763672,0.00246885027128095,0.0208999651759312,0.00414496226781007,0.000832827193511503,0.00116293470936225,0.00485175395187005,0.00363252704573693,0.00663178815075641,0.00641778842202587,0.00178100013577055,0.00352658017634129,0.00605806872779993,0.00151995922682642,0.0012961977382132,0.00213342397420596,4.16010884220354e-05,0.00377653437092585,0.00112761018304196
0.000196167171744978,0.00303927174642657,0.00225068138058754,0.0179700000112612,0.0118981635714939,0.0489656884557092,0.0189316486216677,0.00776706366381756,0.51009687412119,0.000490533502015589,0.00351991745052538,0.116974421253057,0.0306429335169998,0.000868117954853516,0.0088071705868566,0.0267325489143514,0.010446517220049,0.00608503411231215,0.00292254577854199,0.00261892375603356,0.0568429504559078,0.00190348758441546,0.00940559109069217,2.70814479782211e-05,0.0227863914687544,0.00416921914649852,0.00154295395278358,0.0233154838920373,0.0434277210616505,0.000361630019372699,0.00123521690332376,0.00375805018709059
0.00278578074031777,0.00424692549007268,0.00210201702989384,0.0091730922197394,0.0294696511713699,0.027055226238549,0.00762363653119113,0.0129655490637612,0.0215470175051862,0.633800110446622,0.0316514985410137,0.0838342615619783,0.00051565386246453,0.000888330419650825,0.00633644936383733,0.0225245164445833,0.001281205987481,0.000740489365325006,0.000288881492103613,0.00150193700710002,0.000205445463653361,0.00012845065544356,0.00176080107509467,0.00523467266385977,0.00673250349932679,0.0063841836530565,0.00661110809350306,0.0498841200979786,0.0195455991282526,0.00147316080568005,0.00155536366220997,0.000152360719699597
0.00244230538962492,0.00575694583848704,0.00131857503075075,0.0315209942789249,0.0430756880691661,0.0289343186094255,0.0536969306378766,0.0209716496293097,0.0136453140277801,0.0105634525613071,0.631611020074758,0.00262874273671597,0.0505342370714608,0.000111590156865225,0.00159163421900563,0.0368871077528642,0.00221911488736572,0.00107669799559493,0.00136943535299507,0.00183841842854605,0.00521359426395678,0.00509458704686771,0.00308354892378344,0.000383440180247997,0.00567690653064304,0.00866481459513349,0.00116223200364277,0.0260062228899605,5.1266792744813e-05,0.000448636735965467,0.00167768758912832,0.00074288969910086
0.00619929956698858,0.0024240337715552,0.00152467010322013,0.00200900132741838,0.0377937923621501,0.0112893929441122,0.0155716505280952,0.00582552725239715,0.0770684362832355,0.00216190762876297,0.00176528732432993,0.683751180338866,0.0210606924430502,7.62593002524795e-05,9.06740979729395e-06,0.0092817718563909,0.00955753993377726,0.00851557282326604,0.000647321718037158,0.00666247107652667,0.000472848009979459,0.00364175182214847,0.00534178128759736,0.00378624056156652,0.000191795380485553,0.00991903698866802,0.0132204636064344,0.00531085083183255,0.0404190818390379,0.00237538900295281,0.0034293894249278,0.00869649525214006
0.00382028659918599,0.000307795836375536,0.00376899179014055,0.013880952855295,0.0766697193551813,0.00121285419783538,0.0707414934178781,0.0216129082051208,0.0493714699542043,0.00982852303857202,0.068429920631392,0.0800482059223372,0.462615372099858,0.000693083471945434,0.00393764592919128,0.00835950306360716,0.000544528933632551,0.00923992860652617,0.00306192798267443,0.00191297983131698,0.0230158770398634,0.00170099263173121,0.0130368470117488,0.00153117012780241,0.000787369223314119,0.0109841095592266,0.000310258917342593,0.0406909708764734,0.00161786330353197,0.00350867393728451,0.0114243370320224,0.00133343861738891
0.000132034181356719,0.00069985897920798,0.00679998212629362,0.00430419154264918,0.00412281252539383,0.0139303984865124,0.0127772517725077,0.00157963429758075,0.00214028679216856,0.000789383328540755,0.00472300052390979,0.049498294249001,0.0231702792244896,0.762550815931553,0.0308263244922224,0.00876072819446649,0.008745806567208,0.000501136239136355,0.00504652705449222,0.000918605482087327,0.00327416579819029,2.74598139235096e-05,0.00102205924914841,0.00149709152064944,0.0127112841706061,0.0160823778604674,0.000844124080377023,0.00656818473253421,0.0138370442857494,0.00112016504506706,0.000475588848216524,0.000523102604292384
0.000749978700914481,0.000414047112178431,0.00814701364330018,0.0242664523139288,0.0703245560226129,0.0209339824746497,0.0126455912468021,0.0461278800890053,0.0807539866966562,0.0116906671133988,0.0067812493837399,0.00532091250785406,0.00588415911946742,0.00247840667427494,0.577010679146608,0.0288508785470574,0.00174665946123465,0.00797382323302207,0.00266375541699806,0.00137986229635921,0.0178008914710707,0.000360034627046817,0.013121309789188,0.000835850208049923,0.000733653233161083,0.0163928167880164,0.00133739985503504,0.0221638542514384,0.00161154719587772,0.00156092029096714,0.0046075886592452,0.00332959243084145
0.025628585553801,0.00713423721961455,0.00153265077347051,0.00119814298846298,0.116559622427015,0.0444293343161777,0.0788487491167663,0.0709169331540231,0.139586634835079,0.00384420120120258,0.000832467757540587,0.0668338565118977,0.0239210973154499,0.00206726099441145,0.017978543474016,0.270437342685809,0.00032537493867478,0.0129371512697256,0.00311007683800298,0.00462272541014882,0.0212815793701789,0.00896025161462171,0.00302064837151263,0.00104305501072592,0.00497007623711914,0.00122111693251018,0.00151565073604133,0.0260728150580941,0.0246736021160828,0.00060800791636436,0.00170447738989047,0.0121837304655687
0.0102993840421598,0.000104194897576805,0.00334105615214097,0.0074085316543309,0.0251807933367526,0.0202437816363671,0.0589874876595376,0.00143229828741792,0.03325164748867,0.000639831037482609,0.000343273257843113,0.00903049087450933,0.00887525231958226,0.00300769278047086,0.000568018576478195,0.0415427735912413,0.743487165348331,0.0083731103098199,1.99809860207651e-05,0.000888010839698133,0.000208380390833299,0.000674360087553295,0.00352553162947348,0.00134771523353008,0.00482426947292297,0.00223579867738556,0.00135114065731093,0.000732564973704116,0.00377095576068611,0.000461517948803505,0.00340400482962062,0.000438985261744812
0.0144259795395601,0.0100795842338898,0.00152375811880401,0.00210408298246626,0.0155077046586493,0.00489115395762349,0.0126083810422132,0.00326918977846858,0.00100111777449501,0.000892821105396491,0.00279773402929993,0.00882155142413,0.00202705860841698,0.000678942743859779,0.0113080010814032,0.0334041177212723,0.00830662057263461,0.744333010900589,0.000241551190303488,0.00655042333944484,0.0238827300066573,0.00201700345891419,0.0409271868683934,0.016055639813004,0.0162357526528289,0.0038900345907742,0.000279080864499393,0.00165588921674402,0.00368898252822431,0.000286313805542953,0.00329172564547118,0.00301687574602572
0.0117878073893761,0.0026559664800429,0.00130174858018223,0.00174923239869465,0.00461243674593639,0.012878881116777,0.00144066658805563,0.00668294181104572,0.00633845968005097,0.002188358574437,0.00390273463742028,0.0141613157024512,0.0044398229557496,0.00137101431151766,0.00218435955055032,0.00921039726517679,0.0135174871588297,0.00759688445359132,0.788872051476229,0.0219365448140504,0.00152128980080506,0.00420778319684795,0.00285510950790192,0.00659494064023299,0.0352928260666093,0.00590798135578738,0.000548659319764906,0.0105019819580275,0.00335932162662025,0.00355148563458968,0.00123152305607313,0.00559798614657459
0.00642457525344945,0.00184448511601298,0.00145116494315801,0.00287844775903641,0.00671335875918555,0.0108006477193947,0.00670597716050438,0.00915393922652855,0.0212191600919374,0.00502351116487171,0.0287263751328774,0.00919804713286231,0.0579770144395536,0.00706640585335429,0.0350044623003441,0.0086008771192135,0.0100328687606306,0.00736019332628138,0.0216182983276643,0.439559942553028,0.0105644307153618,0.0785538662556838,0.014204122166102,0.0214188404557741,0.00630372423300805,0.112683579033952,0.012719990568362,0.00045986221351955,0.00897874220820762,0.00408704095637069,0.0287763484841592,0.00388970056961133
0.0133441539702645,0.00163872527321327,0.000541624903954316,0.000647174124005546,0.00325983030700128,0.000584908897237135,0.00797985531303413,0.00181630556790716,0.0302941626355518,0.00172854314334523,0.0025540200702601,0.0112342589864867,0.000646095853987601,0.00231468098317336,0.00323494641182523,0.0040809194182894,0.00250955031882377,0.0011322564933773,0.00168405092264105,0.0405480957946101,0.676694332967411,0.000903964546383908,0.00279855340423875,0.08969161655397,0.0144491660644644,0.0123889639134802,0.00624571403589561,0.0012605391358917,0.00282300632843988,0.00307682592785744,0.00769424930320759,0.0501989084297699
0.0122798847983706,0.00163412173205567,0.00191389342227967,0.00463137085264373,0.00733875126672832,0.0203461905771435,0.008034228305649,0.00846641277378025,0.0187729171368255,0.001042893836447,0.00133770672057668,0.0104141648742325,0.00419317167435463,0.00244775102732821,0.00569876792297186,0.0224463876074339,0.00120478261448108,0.0121270090206729,0.0234777742878243,0.0581868735567087,0.00209928827346349,0.51822468735891,0.0219256892114371,0.0385464576218118,0.149426935963199,0.00685502186426668,0.00396381306211973,0.00726197302521902,0.00147867325516576,0.00230220600382805,0.0050910746317265,0.0168291257203447
0.0260964018387522,0.00181377438202053,0.00160968683338745,0.000229152317100449,0.0127811076086147,0.0187711313554883,0.0083142190464822,0.00332488957865059,0.160001925928653,0.00895790874039374,0.00232101553088096,0.000369493171633218,0.010161449421819,0.00422759769838233,0.00538592395013852,0.0791308172846602,0.00607543838569449,0.00691604801039803,0.00228165352714992,0.0136044690439559,0.0071048030567581,0.04849776154891,0.474812865082503,0.0176209547486248,0.0117791452511578,0.00691692137809088,0.000107158208650424,0.00139194954236639,0.000480349346349539,0.00221620549840773,0.010457319964814,0.0462404627191122
0.000200584492936214,0.00142030075369502,0.000290639400542616,0.00507892501746961,0.03326324119528,0.0242185263394933,0.00225797801473864,0.0144047276120153,0.106158779868038,0.00880969275970062,0.00508451064019918,0.0202450958513225,0.00372256087079887,0.000235387660358825,1.44351732216351e-05,0.0691500001243377,0.000253055672328407,0.000107917772310637,0.00740155134043271,0.0422467928989148,0.0181513761776436,0.0161876292410799,0.024953821425052,0.478134646807362,0.027455355913353,0.0233212830654954,0.00412138895650331,0.0293910932726541,0.000107220156978127,0.00235115263170638,0.0311450183524935,0.000115310541544664
0.0113855862554701,0.0115977553806382,0.00196056390033262,0.00870412232760752,0.0147165487114458,0.0283581940221431,0.0254766885634055,0.0259013243363203,0.00907027100921412,0.00173753595105062,0.00215485598938779,0.0162227221456782,0.00598483134824123,0.00102069094271886,0.0212464562344975,0.0432034738344931,0.0093811643678406,0.0123064415219901,0.011144562670128,0.00939492592629711,0.00463645448152398,0.0325866948797996,0.017931419516418,0.0652883500988517,0.579140180156535,0.00385964489422904,0.0024519966808172,0.00173903627351131,0.00715883819978968,0.000587583087525801,0.00696736747603051,0.00668371881606804
0.00577370940868729,0.000785579918966935,0.00260050439932731,0.00222772106399346,0.00175979162852019,0.00328155756294792,0.00551845836801123,0.00599138019154662,0.0126532902740005,0.00421753914756711,0.0175944987927001,0.0247674085054815,0.0348785975538584,0.00380909573867947,0.0377619190946425,0.000918321471503579,0.00702846664261697,0.000937483971237573,0.00196158936811344,0.0633858337158033,0.0206583210970841,0.0115121298594568,0.000709181917525263,0.0327584916982913,0.000608063965833108,0.648862251571921,0.011058317376673,0.0166355242388195,0.00853874804463748,0.00443897823264002,0.00604694414558505,0.000320301033327812
0.0011863849677564,0.000470555740312591,0.000488940774381362,0.00366226885061284,0.0316005556854661,0.0011317821967468,0.00425409883266546,0.00298960580358132,0.0503239214713038,0.0104079303598517,0.0162405390083046,0.115775368559483,0.000703344242372444,0.000286965640744621,0.00308746111074159,0.00326366117929461,0.00287085397231481,0.00192471384640155,0.00268229269793338,0.0529010328305892,0.0337912657578805,0.0071125499324154,0.00931922587651329,0.0297412845371527,0.0151596089272457,0.104932865284776,0.401956680228104,0.0591480945599279,0.00716222004137669,0.00587683130413369,0.0139873849928117,0.00555971078680445
0.0123305792737253,0.00355857503615448,0.00284786159580157,0.00618883219982363,0.0399249257160193,0.0139419453298835,0.0206372714502332,0.00385482654300414,0.0841757727426791,0.00350350413338676,0.00435568881111235,0.224264374910646,0.0175807754315918,0.00087528342625045,0.00103179617170843,0.0060062746543165,0.0226581814241223,0.0067932433341337,0.000829431853124851,0.0133624993478986,0.00233444932356835,0.00611353691487686,0.00184178783433083,0.00453604378697029,0.000238290330388179,0.0146146352895968,0.0102143919012201,0.344458801762912,0.0619973904318116,0.0181738343729415,0.0367697869444135,0.00998540772135337
0.00426759191836529,0.00579127414836797,0.00551526781372854,0.00766527675820093,0.00242308636900135,0.00819381483371655,0.0064157001424361,0.00195868504432543,0.00276258947995247,0.00609623424947804,0.00165771279856821,0.0121734529118314,0.0278115510208054,0.000123435538335039,0.00166123669440646,0.00994610577708871,0.028729314758256,0.0019493724757329,0.00024830653435046,0.00674036659750368,0.0108539745973483,0.00387236341498817,0.000406267802858609,0.0316159845700764,0.014316238517816,0.00754117756691804,0.0530420632632901,0.00161437269328994,0.596828246107863,0.0135130534039653,0.123235060666965,0.00103082153017077
0.00207119249990022,0.00229053361099497,0.000672951303809163,0.0167612869011428,0.00154981361519424,0.00573977228614353,0.00292103026434686,0.000637264299774627,0.00626780475352484,0.00557954462826812,0.0206636245604892,0.00942551708106629,0.0273205686523929,0.000170347912058991,0.00767233649092806,0.00126370761130441,0.00243408603157063,0.00020282496337132,0.00825661264043947,0.0156769870808338,0.00415038216483369,0.00248267950132855,0.00668084550111495,0.00990323932291399,9.53530669785914e-05,0.030384464794234,0.00376604270841213,0.00129778585740071,0.00325011003791169,0.799166030022893,0.000500353246058674,0.000744906588365753
0.00324517621819374,0.0020336007904893,0.00108463957293656,0.00534465770378811,0.0172120598455808,0.00359432012475333,0.00204711195834975,1.15016430287604e-06,0.00558797239868149,0.00519176095698343,0.000352007975229575,0.0913908085488465,0.00290263815091559,8.5245955143988e-05,0.000221752009029744,0.00849548035837422,0.00903577543580159,0.000551030216161268,6.80484514703607e-05,0.00358014516109831,0.000489890231521773,0.00140374987803292,0.000569407794584192,0.00943525976574848,0.00118481875008774,0.0178415449819369,0.00437898693941816,0.0292734681177841,0.00422379291442404,0.00529346352341764,0.762953248041688,0.000926987065225464
0.0083000996108639,0.00225848565489142,0.00190145970611517,0.0112580797199561,0.0155577768352531,0.0541605859476901,0.00964553006495299,0.0391051287194129,0.120238970879375,0.00160349114807329,0.00717396393835863,0.0178856336452175,0.00356559415923323,0.000194550990373099,0.0196262706682721,0.133060243923302,0.0187022460919589,0.01168434679523,0.00407081978739776,0.0339339293882854,0.0125794276492973,0.00869924114868863,0.00800533978108652,0.140648882846381,0.0592777088573666,0.00756738664053203,0.000589508004817372,0.00462393131586683,0.0107222605676813,0.000451067194285192,0.00323357048464348,0.229674467835142
