0.666607728612707,0.0109885500309285,0.00418962823039546,0.00182287373033638,0.00860594777585647,0.012410753479757,0.00784485160295655,0.000755247715872545,0.0672585296113259,0.000938295739763168,0.000354968657327418,0.00186522567997262,0.00681689454485626,0.000761548165535591,0.00132749123467719,0.0784740446984756,0.0148876626466018,0.00852758026156797,0.00480606240283465,0.00292311715721091,0.0254495007702354,0.000567628318448715,0.00478336695856734,0.0249626273898006,0.0112945457780039,0.00215221546107392,0.00116963665855086,0.0164622580082569,0.00304455414504988,0.000280294571909429,0.00157182820215693,0.00609454175898699
0.00668926064494356,0.669989226282921,0.0185315024798783,0.0119358937902561,0.0108159603369363,0.0362306309259921,0.0595339247317107,0.00133576537927167,0.00260518285454317,0.00869759424927795,0.015643933430136,0.00847713645954385,0.000601877410414326,0.00121165775124093,0.002859686596309,0.0332356780488477,0.0157092460535836,0.0200849053309547,0.000376209570863424,0.00241780259120552,0.000494493861054998,0.00398537317654026,0.00466295548638671,0.000574037457505513,0.0378833055873113,0.00194906806558855,0.00056178671250501,0.00114617951695585,0.00184417112737641,0.000496758436367004,0.00388280410010329,0.015535991553475
0.00155394597662856,0.00142332019007523,0.830619345421311,0.0273895384434827,0.0129435308270237,0.00790177295893441,0.0058981997066147,0.00656344068616511,0.00151844618330605,0.0116314481068927,0.0131085228000332,0.0101936421916062,0.000723857532957764,0.00791635765629648,0.000446291588647921,0.00832707728766575,0.00338080481460113,0.0113500705899256,0.000963383958609588,0.000372243331089023,0.000698244969077356,0.00127552431873489,0.00221620301310387,1.86768429781509e-05,0.0140861342129362,0.00125040847381911,0.00269484804823384,0.00453033448195286,0.00320045791971334,0.00083019716072189,3.47985814542413e-05,0.00493893172540729
0.00373880866376296,0.00691167798815841,0.00186648537008924,0.4951177287802,0.0209222398729172,0.0309192873593566,0.184392402435131,0.0331990188560833,0.00852152843027808,0.00770337703636183,0.0032538800632288,0.0764159823130944,0.00656987811973517,0.0124242896342474,0.00042333669322038,0.0320694961232723,0.00090494816616488,0.00184879277983358,0.00434905265303053,0.000141225331798871,0.00876117095967033,0.000943796417988057,0.000872524059236592,0.0100359923790092,0.00507644417388391,0.00581228483778494,0.00417737900958764,0.00500157725728053,0.0237663725283749,0.000284324643920958,0.00243742812607466,0.00113726893722338
0.000672224976784765,0.0019976415046953,0.00876804535607746,0.0173460925762043,0.763313109140422,0.0197219643834618,0.0541689078342179,0.00314684316296095,0.016777780173448,0.00340474449169763,0.00305814743993094,0.0117887132930762,0.0026944623691821,0.00133801281441395,0.0033055423281347,0.024515477162481,0.00509839123223595,0.000382595251343429,0.00268980583751125,0.00796448582363849,0.0135431090759871,6.47986765618454e-05,0.00195675045957648,0.00490351056344368,0.0160216016077777,0.000343908522579277,0.00169354573155001,0.00462815046613425,0.00217714120868986,0.000651975275765532,0.000947307551304371,0.000915213708711483
0.00701089982748281,0.000540483384057287,0.00388544266261989,0.0564135360296325,0.0317538310561453,0.406192384056562,0.0558217442551973,0.0710137481053977,0.141356035081713,0.00225704822651782,0.0106930991677446,0.013352215292327,3.60845778866005e-05,0.00221186994563692,0.00429185602834306,0.086477688604183,0.00997315741947475,0.000550177253586967,0.00221121036865648,0.00160471974422395,8.41828831587833e-05,0.00123829051758704,0.00623731888569147,0.00712726509877408,0.00659322405662495,0.0373399623948509,0.0255293795729049,0.00155038565214886,0.00362164006235301,0.00195478544703289,0.000952235740776068,0.000124098600708078
0.0154026349903621,0.0015948357349304,0.00506513311394029,0.0323086499372368,0.0443796944365838,0.00485400849887016,0.681420538379721,0.00992262368280068,0.0027304004150311,0.00882325639106273,0.0177293176706082,0.0510842734678996,0.00106496464040679,0.00221926294873877,0.0102340235439883,0.0268600501495547,0.00503761633490954,0.000681504620253977,0.00145367803831944,0.0099609256232007,0.00377589619268171,0.000375175673924409,0.00944072914402999,0.00352825565974153,0.0147259745759762,0.00840895131278122,0.00746955088056278,0.00442017074080862,0.000531658410989632,0.00322588238637139,0.0104879666980875,0.000782395705625383
0.00122104546382673,0.00339402967031273,0.00387947806027081,0.0167919780065652,0.0155185467110969,0.0218335810310273,0.00686275803212602,0.667198297740361,0.0477741684181294,0.0059804098851995,0.000426025061438762,0.0525798502408822,0.00230771634683146,0.0167185174641082,0.00230202490643276,0.034117388295817,0.0030504468254126,0.00354198494450042,0.00167477535153536,0.000455162455397306,0.00591884685596144,0.00207870635395276,0.00146161491742265,0.00150417925339742,0.0300369520696714,0.00430675791652476,0.0114477974409136,0.00193008143821831,0.0287862863085986,0.000248589696516579,0.000363898036362169,0.00428810480118781
0.0101000153996742,0.00208025423285893,0.000633461803169912,9.31858137973848e-05,0.0187118685054897,0.0149795941585199,0.0596048405683859,0.00518927655249396,0.629657741068401,0.0051769550860014,0.00749009690578773,0.0548684432069354,0.00386442255065022,0.00247481900194093,0.00253199044001225,0.12508775636258,0.000290438198312345,0.00171653489912689,0.000959359243510992,0.0123775364769039,0.00359854956775555,0.00516517430164436,0.00323266198714166,0.00238082752266148,0.0035019787427644,0.000910911112692453,0.00179504900231286,0.00191771759668881,0.00754847641775859,0.00167707862696487,0.00588427620453233,0.0044987084425294
0.00446825098222632,0.00362901656471881,0.000681646606746021,0.0128667947862512,0.00928831888246899,0.000558762196529719,0.0676740547609888,0.0134384517506012,0.0288477667268256,0.552589730835083,0.0019661541824482,0.0952223285963443,0.000672863507855979,0.0032298516682389,0.00506779806869629,0.0789618214716661,0.000663352171416739,0.00876396594584793,0.0127761284100184,0.00112853502921451,0.00256505704282892,0.000235321312357691,0.00883409689466833,0.0145916468311368,0.00225633576242666,0.0345589350202026,0.00534388368838654,0.000373282352196803,0.0240807948214412,0.00149792288742028,0.00248834814305197,0.000678782099695122
0.00478326823216643,0.000470883986150086,0.0001191757679906,0.0070727965997682,0.0795606343402435,0.0190623808823849,0.0181586833356944,0.019509975755547,0.0188011315106298,0.00902555424672635,0.554646231461349,0.00491578801137811,0.0111928234684291,0.000940984453526373,0.00934769560663626,0.0359353167358267,0.000266379807265621,0.00425441340017357,0.0203100524392495,0.0164517282068399,0.0129213275646907,0.00478504126785829,0.0123954736484818,0.0194231766140778,0.00272922527290005,0.0529632996771726,0.0384019102834586,0.00482985900656131,0.0137206717054087,0.00221468828318376,0.000601219932631599,0.000188208495599818
0.000658572496352634,0.000804938184431006,0.00133909186788152,0.00789582484026979,0.00689594082827786,0.0134003790388294,0.0405124231317186,0.0173737553070088,0.000815575292501819,0.0207948700104237,0.00155080015014039,0.783178527871623,0.00231063463086072,0.000604962946002913,0.00076941542803107,0.00828991692833781,0.000128619368071801,0.00414775460711519,2.507771065876e-05,0.00171203772850518,0.00254734734814852,0.000580411547369437,0.00255516666183056,0.00429847627058284,0.0013103517383133,0.0100587581615558,0.00171824609870592,0.0050912443139511,0.0437066516320846,0.00608834032223405,0.00654866664185695,0.00228722089632526
0.00474350643295714,2.06889648128202e-05,0.00564518825976963,0.0105058097808777,0.0541701134540272,0.0116222948223289,0.00299111371586688,0.00257284287346083,0.0733750440155839,0.0516804559749428,0.00441192197924839,0.0187166257712147,0.352097512407294,0.00341408069381583,0.0559752727095224,0.0389316701755606,0.000439178863735424,0.00324376593165941,0.000581860705854649,0.00849358294041913,0.0360699554734831,0.00232541732550049,0.000434408174639099,0.043399527022945,0.00548270217136159,0.0192199719138491,0.0123913515552289,0.133266266001441,0.0298112546985425,0.0102242802539735,0.000986181141409597,0.00275615379467406
0.0029936325608237,0.00116372374773263,0.00700177177338968,0.000566343080404493,0.0153129044921462,0.000179790208065974,0.0113096431774811,0.00013658844151562,0.00318088607359007,0.00465566757452861,0.00698186574713039,0.0352465420410749,0.00984234132217203,0.753275878280069,0.0450015345804253,0.00767788576702046,0.00111326943184689,0.000409781065158178,0.00138414518495773,0.00367905035373747,0.00433986000404922,0.00597344196113835,0.00919689356857924,0.0150237631874217,0.000197167108905851,0.0141765643245174,0.00240508281263668,0.0031137231330535,0.00347842907164003,0.00101030348267497,0.0293587551926478,0.000612771249464462
0.000521782376574206,0.000880587066053736,0.00092112822614658,0.000297025197845577,0.000246271476886672,0.00143337330347953,0.00637526032927043,0.0092952228729775,0.00190274593130379,0.00477061303163465,0.0104854223930076,0.128282106904951,0.0252509758096911,0.00723169137717701,0.604753244876207,0.00984039526411947,0.000359919002009188,0.00106375391342916,0.000826521353057395,0.00446723580993706,0.0346834491231942,0.00192917990207347,0.0110797374393066,0.0206410449913427,0.000245983518045878,0.00832157283137589,0.00319657815430558,0.0762672299579971,0.0139849187174371,0.003314370195899,0.00127618152762176,0.00585447712564183
0.0285596645822128,0.00886588870357986,0.00285778157468656,0.00052182298669342,0.0515498971592342,0.0114806643496969,0.14809528091153,0.024077533119106,0.140966219788156,0.0116591144334827,0.018510260079229,0.130986899785194,0.0011573757106805,0.000763567975243387,0.00289099463663732,0.294544710795336,0.000986601041482128,0.0052896815207372,0.000511907124361133,0.0260106884203173,0.00234436026872574,0.00683943726160049,0.0198334023909365,0.00173765824224521,0.0142572322028199,0.000495207141770668,0.00287527563007522,0.0093688034945953,0.00646181138750294,0.00278633273840245,0.0176145917893211,0.00509933275440727
0.00458901774141445,0.0159682480317977,0.00290509314029778,0.00928966827232196,0.00528413652217663,0.0109467856806032,0.0284837976876789,0.000877434308068034,0.00555810655467718,0.000818858493513586,0.00150662517193657,0.000494949611546807,0.00278628912523408,0.0018446324853306,0.00173989844902485,0.0186476305857755,0.73377718230233,0.0412646546233482,0.00476415133976416,0.00622552987792147,0.0170214524546083,0.0182395416674798,0.0189683716291501,0.0125037724799998,0.0017556006365545,0.00978259401623009,0.00259365138650307,0.00244744613604463,0.00183688663396122,0.00493730150851904,0.00203803915716251,0.0101026522890256
0.0110946651805899,0.0016607085401469,0.000348996845303023,0.00863958587645468,0.0138293343658158,0.00497091630692852,0.00595021497170969,0.00418350852173388,0.011241139905097,0.0121115184595212,0.00680725768723541,0.0178093824665738,3.95429187840047e-05,0.000597702091173205,0.00154496860683362,0.0297064389972299,0.00245297583142422,0.649878956837399,0.00182247494126819,0.0141775719580272,0.0415478008025469,0.0288318524967464,0.0274986910573572,0.0605983776065696,0.00768538406613535,0.00574535483395632,0.0114079926738061,0.000259809880423421,0.00607885992772355,0.0024157215404353,0.00833972982577267,0.00072256397927814
0.00703433760619824,0.00340769581336602,0.000644386490121196,0.00415358114344117,0.00533593729139109,0.00340460288337325,0.000518580695521076,0.00779956550372136,0.00831824810380268,0.00123098119873166,0.0217706050172349,0.0513626721361134,0.00392506684322155,0.002491563738703,0.00492470063214407,0.00633630963590145,0.00814561411195572,0.00735551582806712,0.769241328941477,0.00399955472736522,0.00990312962273908,0.00215445881116285,0.00820526081145011,0.0219081406182934,0.00139054427284132,0.00281285887750246,0.0100411092326473,0.00635562965075986,0.00824633765370821,0.00253025633863317,0.00436165554892047,0.000689770219490042
0.000852225596638807,0.00326779075553081,0.000499962929568431,0.00382341576478585,0.000778012412259777,0.00643727286977818,0.00387114677588836,0.00484071143251466,0.00778033844416063,0.00186099483176369,0.00397524934005408,0.0306481896941089,0.000465888649887255,0.00162789887764799,0.00177644820500033,0.011388990441763,0.00409699374839091,0.00283627111978621,0.00868132874411026,0.667879016160184,0.0759186200117824,8.07129727011621e-05,0.00971818732695775,0.0756967039252024,0.00306965543534209,0.0230788118498819,0.01726638766865,0.0121333827479678,0.0101056007732858,0.00341785542240193,0.000657157349346334,0.00146877772265851
0.00220992174395997,0.000909102542885029,0.00214633143051702,0.0110204098214913,0.00522325153326906,0.00684556244944368,0.00174789126749132,0.0140399319003866,0.0110327798377632,0.0026412436180355,0.00462084105466562,0.0126047955982524,0.00466736739138764,0.00232703723509093,0.00225110802136882,0.0375486652513587,0.00077554989577548,0.00876464136171935,0.0028461334020364,0.0214408614584664,0.714210318116557,0.00640402432538439,0.0212893123442967,0.0389470331407497,0.0123294601208269,0.000887940793967473,0.0010758166504295,0.0198257208521371,0.00578437742810134,3.36985677637023e-05,0.0157065843880711,0.00784228645635035
0.011173547951067,0.00285092066031494,0.00365770491544898,0.00578885648709995,6.82409626182931e-05,0.0165238276706596,0.062735963478848,0.00474916981842523,0.0865072888884643,0.000481638565737559,0.00175091329915684,0.0272729149285673,0.00226098526211475,0.000588761294377916,0.00050126038911784,0.0392686435497636,0.00606530822988669,0.018766585458719,0.00499988198559088,0.00179454601802301,0.00721572582572113,0.601991429078022,0.0140138930033637,0.0372798902467612,0.00181824542834832,0.0150172690184241,0.00494450650223143,0.00949147643357556,0.00417315391755646,0.000726073436085662,0.00498251457247076,0.000538862723437656
0.0131770344641219,0.00498566104469122,0.00312445770501829,0.00125021199324677,0.00289670059605347,0.0117153538028101,0.0531948861444121,0.00207019279973421,0.0396388964458247,0.00137733250311514,0.00473962980561524,0.0282471909629611,0.000818991632867528,0.000293478800027846,0.000541563157163496,0.023634772899712,0.0073732771277543,0.0134948933220011,0.00784394894296713,0.00267191654165155,0.00926821016233621,0.0214244321548822,0.665367288666928,0.0175045924118442,0.00829630662997438,0.0233021079566522,0.0187034610588675,0.00382331930316024,0.00193889664512279,0.00139890819655962,0.00557888449140623,0.000303201630516848
0.00108844557213552,0.000624651224394673,0.000281621121892346,0.00841200963459425,0.0192728996645047,0.00793621625510383,0.00103585261456125,0.0142782163543773,0.00621938484268885,0.0041010432022362,0.0051093729253197,0.0112896778943548,0.00915709862610397,0.00311324613490927,0.00112058719930349,0.0398967125019657,0.00441391182349293,0.0042141980245711,0.0071543117162057,0.0420368096614584,0.112145060458108,0.0155699789139831,0.0496640164967877,0.469367765233333,0.0284165706056798,0.0343947253136736,0.0285339833738407,0.0205580464884627,0.00763993312238234,0.000768236306957478,0.035559406721681,0.00662600997093585
0.00522374436917985,0.0234296744601355,0.00186061695264049,0.0067226307325202,0.0263987200480649,0.0149578551752477,0.0124430079690164,0.00226613411179078,0.114293705135207,0.00446081153371367,0.000494562653571108,0.00407030576920577,0.00349349112034218,0.00285808826245245,0.00210041231669967,0.0865942852719207,0.00103786021002752,0.0317627828112719,0.00108915155163784,0.0278979677429438,0.0555849608876609,0.0147364651154829,0.0413274073227499,0.0650112197185005,0.400101164084164,0.00700939619533664,0.0115893325282828,0.00621153510781139,0.0028059821669592,0.000919435377229259,0.00470500080130471,0.0165422924969282
0.00232826625173399,0.00197019931573584,0.000908985273437426,0.00797036857969985,0.0108264718672878,0.0104755087156939,0.00137003314318345,0.0190319328947207,0.0077879781611767,0.000938235596982945,0.0084382410499434,0.0318848466537228,0.00506422756116911,0.00502851562960816,0.00459550871874288,0.0307317161153566,0.00532338015404595,0.000688943039356238,0.0109792203509008,0.0127926827765654,0.0157953421172681,0.00581185276759545,0.0049084367773644,0.0325084193721097,0.00472405586375098,0.656735540543509,0.0352197702345031,0.000675587322648353,0.0036065335673809,0.00133098755165087,0.0566894316552128,0.00285878037794199
0.000416120748025868,0.000590484629045019,0.00153685018672369,0.0264104330205752,0.00380950518911421,0.0135586396784398,0.000609712578835164,0.0250804470631181,0.0282479745883711,0.0111491843087967,0.00173508891369719,0.00642544657450308,0.00160884634541137,0.00365564361211459,0.00771276921708876,0.0662551085751664,0.00453240924051758,0.00854969212412756,0.0123564533389555,0.062615151363209,0.0533096218542881,0.00680570151175816,0.000833157040050582,0.0217832452589659,0.00453573085270618,0.0395498821786049,0.539321244713517,0.00104981034852592,0.00665155313220899,0.000843692241001062,0.0362008249837191,0.00225957458881812
0.00326678003513705,0.000722846518668766,0.00174338983293636,0.00160543327908804,0.0225353667230672,0.00918197413576291,0.0498111262494574,0.00733619208964053,0.00628252567652467,0.0134819816188173,0.00874518274086321,0.0566282877314412,0.0132757968633404,0.00129349330433179,0.0311037901311824,0.00809467629155077,6.06906198118695e-05,0.00396149569152038,0.002841007322069,0.00225436798724726,0.0191573584101908,0.00309303921193263,0.00643445460666966,0.00172477986261029,0.00402507746817297,0.0286510711369384,0.0133638502781299,0.609806078801746,0.0421457901701808,0.0209784242004283,0.00631500006769941,7.86709428420241e-05
0.00108750561490083,0.000345897377265832,0.00177968387198667,0.00356299256899958,0.104351727293295,0.000594435313040114,0.0122578781216192,0.00673539591801794,0.0198821388920379,0.00471981433721789,0.0437306640987333,0.100659438119217,0.000347017266612995,0.000325127449974597,0.00541257702851385,0.00588892342884493,0.000991656693492037,0.00330605953549181,0.00265952913052979,0.0474690235437152,0.00188232030671712,0.0392599501565339,0.00767003419428844,0.0267410123471107,0.0196685778843805,0.0158552495666905,0.0248913428509417,0.025584400438267,0.458322312609239,0.00128692701824114,0.00452021256824358,0.00821017445583998
0.000172420818790274,0.0010138245193241,0.00550731872677857,0.00508502576872186,0.0085713762001061,0.0259353337252519,0.0246250089872047,0.00112155999228,0.0167762748407486,0.00472871524812877,0.00450662444727218,0.00868025817628198,0.000748814080224681,0.000803786830793133,0.00026276059477805,0.023903857598682,0.00422387592412158,0.000188447074339056,0.00703549802215017,0.010421359087673,0.00764946029307866,0.00466020968921879,0.0194671949534292,0.0129861023016442,0.00016750451586416,0.00826349293603286,0.0227931528211286,0.00738092227564986,0.00850120686407959,0.717736260221018,0.0354698597670354,0.00061249269816978
0.00125154353098814,0.00014010315748525,0.00201966707743719,0.00503489154513894,0.0187704452299328,0.00126023570978375,0.00148411751042831,0.0103057001997504,0.0264751885641492,0.000271710510389728,0.00648226712948495,0.0454005795031259,0.01473371377849,0.00405256032800777,0.0109355796538941,0.0273501581937697,8.21094219848438e-05,0.000805330016061599,0.000503794027174496,0.0211604243236038,0.0217943741392827,0.018244264875018,0.000645194135645257,0.0252323054693467,0.0029051649201817,0.0080141909996287,0.00817866573516383,0.065080928948927,0.0107867644067345,0.00427234661335698,0.631092447496132,0.00523323284950212
0.0266088467627454,0.00577112539292375,0.00132509286501532,0.0405721496211334,0.00745214862483848,0.0274081091093786,0.00993472101428137,0.00532633657696088,0.00638462282805294,0.0244312146306643,0.00656641459947626,0.0141894300708016,0.000361449735505038,0.00166513434840063,0.0017885466851079,0.0119915693787739,0.00738393272603701,0.02638479411905,0.00213337780875116,0.0191875185752,0.00854150700391463,0.00600196661549166,0.0424647397328192,0.0163821552707698,0.0483631090798907,0.00744250264310606,0.00586937169611834,0.00348429948948925,0.00649544252640847,0.00197319548597152,0.000743258633469895,0.605371916349453
