0.72210957392073,0.0106394866007136,0.0314974618253146,0.00457367391065625,0.0135728065918426,0.0191442347208474,0.0375900191605475,0.0023594535056454,0.0325504928753599,0.000159151253090821,0.00625585870541409,0.0038191783355539,0.000756419420816167,0.00941807884330233,0.00177580461691112,0.0269638754767701,0.0129914594630553,0.015671063612091,0.000921513194600401,0.00156680952159084,0.00323970406822823,0.00721646388801611,0.000391198919053441,0.0047520248936592,0.000764077981718177,0.001415234509315,0.00421404661525349,0.000106476494632192,0.00333096015214476,0.000597124167131673,0.00261275880582299,0.0170235139501707
0.00725755460426695,0.700945875224353,0.0221346910443488,0.00315968756829684,0.0162571159237522,0.0124144667262907,0.0469711017612993,0.00094160474445002,0.0265450347612249,0.000855481896058997,0.0048617838737602,0.00237772160894205,0.000142436483760603,0.00948995279885301,0.00159594059941537,0.0541658626287764,0.0240284908918514,0.00301499896620459,0.000191902376798673,0.00185771993717774,0.00105302212608858,0.00836591922732118,0.00501346008181825,0.00227027729498477,0.0279216641357203,0.000286369526774951,0.00281204854662397,0.0022307366319212,0.00302140050367406,0.000518396553654662,0.000409665849845709,0.00688761510169063
0.00308512066409489,0.000110860866173855,0.85227072629234,0.00407623666471408,0.00288084779406048,0.00381509236462176,0.0342513296018304,0.00146170584028735,0.016505426755437,0.0125553051625166,0.00852614961390208,0.000696801595527567,0.00115127568376095,0.00771990004033519,0.00449668020516583,0.00971684932273654,0.0023921939226587,0.00208296896349613,0.000785813501632125,0.0019548194923282,0.00570785072732306,0.000515644098964703,0.000648221644139418,0.00288432086671906,0.00636203659469576,0.00122267517834004,0.00129697578734149,0.00338282770494451,0.00229055382348074,0.00129027455704316,0.000364718244488366,0.00349779642490014
0.0195809464515127,0.0131577255303987,0.00215690066711989,0.617131331421683,0.0768606830319758,0.0336087439894619,0.0112245186059576,0.012285534453188,0.0279478497351675,0.0240213822895606,0.00663906430017782,0.0370357001466208,0.00343349811100863,0.00683363771859981,0.0103820854750748,0.0129650688745505,0.00058295900003961,5.1536627262978e-05,0.000424734488342,0.00101180489109864,0.00776481096736055,0.00176909287309045,0.00341858414435352,0.00336563793512456,0.00403158268605194,0.00181737730825281,0.0102758819525396,0.00491538981485086,0.0371635875096517,0.000942707763572602,0.00677100402248836,0.000428637213862127
0.0220354991757219,0.0168934372290687,0.00168181620448861,0.0144886676104588,0.672960361125387,0.0468745128335687,0.0866345950215298,0.00373257507859196,0.00628479526765287,0.000270319116296349,0.000201031882632481,0.014020848929539,0.00130041565056661,0.00162557996350226,0.00156664838875952,0.0499274844082002,0.00117485648614253,0.00035187700201997,0.00114076643824481,0.00055730552281924,0.0186573272835461,0.0037055127499597,0.0041432246329238,0.00611909108980904,0.00490568770728747,0.000793914319239091,0.00655638916747086,0.000155100958948573,0.00512463372215948,0.000856508552948175,0.00284351328459952,0.00241570319591655
0.00104646446600852,0.00918728888013332,0.00130170719113809,0.00408183933859701,0.0514190809588314,0.622660410219111,0.028671812230641,0.0154826081085631,0.0572479650322995,0.00154192551513172,0.00115099948828465,0.00687527469659425,0.00152178453726013,0.00264171057751373,0.00287431165317061,0.113405176462171,0.00156948467833531,0.0037404069600429,0.00226654037857871,0.00545254711479586,0.0118555434878531,0.00313736214984356,0.00783864378359238,0.000406266685833058,0.0088926695498775,0.0124970806877721,0.00638678249441308,0.00076311906768014,0.000339539871651955,0.000585008305233521,0.00779426203317075,0.00536438339587685
0.00727765956390873,0.00674371233056739,0.00239150429004809,0.0243533114147665,0.0804810021472763,0.0488888213727953,0.565956803780489,0.00514070754284139,0.0240715000362801,0.00252727277148296,0.000697819582175067,0.0116529460748571,0.00140196995629022,0.00160137367014,0.0069969537752169,0.0698816119264452,0.000508475922148827,0.0027881040990362,0.00216989760714806,0.0115877772755493,0.0291434935772059,0.0133275457889816,0.0141887759681432,0.0108624427470095,0.0189084039320803,0.0122108047438146,0.00934784537387944,2.96701592025037e-05,0.00160312249309061,0.00115134891900863,0.0054741397913833,0.00663318136673803
0.0190392680941309,0.0110015073523073,0.000506981879934173,0.050397679703348,0.147110406027944,0.0192920466328657,0.0597289064207378,0.43810523828189,0.0549799348237633,0.0219444823381865,0.0046988154845211,0.033182026593482,0.0122937559729132,0.00696440466022185,0.0104966937186018,0.00368192729429123,0.00173002019929188,0.00281199388840436,0.00114864182101033,0.000703576328358447,0.00825650449937281,0.00124661204708069,0.00247274527131342,0.00150979633430128,0.0254764642151234,0.000569969746144674,0.0142698674798201,0.00673240145806755,0.0294491751685066,0.000287303545000745,0.00700860018865253,0.00290225253041363
0.0067962416186548,0.0136387027117448,0.00172674586617285,0.0055542595956445,0.02734681914642,0.0205743738059786,0.100924353381966,0.000684116693090739,0.658483916625259,0.00128386043992599,8.10604020114106e-05,0.00244330695896282,0.000985677450633244,1.09870623127914e-05,0.000954174547009532,0.112625003863385,0.00127145168762945,0.00308115798347641,0.000558693189664688,0.00282293645780274,0.00562952346124676,0.0104427232579614,0.000698733962010411,0.00754369134492698,0.00328230915274336,0.0040190817429554,0.00107864316632896,0.00242455266936791,0.00203411395991174,0.000191113263771023,3.74563300493581e-05,0.000770218200982179
0.00251292927822859,0.000568148205172839,0.00282127633032816,0.0229246979498012,0.0035209970435181,0.00358081471107113,0.0229519579146519,0.00247320902733615,0.0645781195801819,0.600014612648588,0.00539489477559623,0.0991094431756628,0.000266681807793106,0.000649434941220975,0.00780860787593563,0.0754224480179319,0.000668334828051803,0.00304299380422214,0.00127950599243309,0.00721488790267797,0.00286924409706346,0.00524239479390586,0.000249982269604154,5.88036087167024e-05,0.000622917688841458,0.0123903904460749,0.00169514736033441,0.00149265730282248,0.047590996040157,0.000614366807815253,2.89519798105476e-05,0.00034015179444983
0.00862736663015095,0.0101355676870362,0.000236554279626422,0.00963662206720307,0.0684773537254657,0.0456370128200844,0.0189294192957858,0.0109735866721015,0.0154445454684152,0.00760402748429948,0.65919318496886,0.0266682785247876,0.00455595525989743,0.00087258828163031,0.00386236493537935,0.0206356157818771,0.000600502079743908,0.00574011228005155,0.00185538315686068,0.0023160168827939,0.00746328044318587,0.00731635264727593,0.00354405485834602,0.00972826284077569,0.00481746140439197,0.0117154209441525,0.00497346433823956,0.00182286846474814,0.0226703840209677,0.000436101807554987,0.00192323235656289,0.00158705759174834
0.000657420285007235,0.00171190649310827,0.000862796877772972,0.0210540812416624,0.016882292456005,0.0124503184821532,0.00935690487678188,0.0307708199083589,0.00757644915578741,0.0301098963816873,0.00147212652077531,0.687665031492568,0.00234079435292902,0.000146550329169713,0.000276463297541146,0.00669348777432885,0.00129678152386706,0.00153178755868082,0.00254776532094661,0.00544810929309566,0.000474781228342501,0.00641168175963715,0.0320193692117671,0.0159043896598496,0.00169031019376596,0.0431647683863787,0.00122733826448132,0.00173783962315662,0.0139462973531858,0.00034272864500617,0.0411811716547284,0.00104754039747409
0.0110788058570664,0.0130819045031956,0.00171858626077057,0.0197671453131421,0.141343377092456,0.00845599627488061,0.0217525446028851,0.0064712108766847,0.00726214758344462,0.0407773230217721,0.00667623595634001,0.0312100893892242,0.504874968538001,0.00632459708512841,0.0325124445878398,0.00124798390888353,0.000626653090914199,0.00433988790699605,0.00072784393833318,0.000996824625928122,0.000434622747358452,0.00478333265155644,0.0116025676476824,0.00160740484718,0.00862867138496067,0.00492955761784969,0.0148520345301327,0.0431107068676781,0.0398927570920078,0.000493632706665176,0.00130085365661076,0.00711728783643201
0.000492957757970524,0.00773603775311217,0.00274946344993958,0.00238015647668667,0.000871305648520982,0.0022762269515403,0.0071388788623086,0.00180499118088257,0.0155800830147478,0.0111148889744252,0.0129846830110029,0.0335111046070356,0.0134033005157971,0.809016251225406,0.028731724899892,0.0120720185391476,0.00048959369332207,0.00052701712047508,0.00650198955336071,6.15240443392777e-05,0.00117432281189173,0.00190562692057152,0.0022385209952863,0.00456306854413713,0.00193702753365847,0.0012536113047822,0.00131813384813612,0.00294444757725556,0.00618408171134026,0.00069000530492651,0.00527812607947245,0.0010688300886294
0.00194148616081075,0.00100230881480497,0.000281456645608938,0.00923491828088307,0.0800580795178993,0.0198318576518206,0.0990307830836493,0.00410199066238571,0.0093332395900067,0.00036891472239987,0.00240436415964704,0.0105159889395271,0.0204723213842286,0.00468197095303188,0.633785466061553,0.0389531224154206,0.0014682165692833,0.00189970955566451,0.00373418369987471,0.00468241686772174,0.0015980734710316,8.7695172000531e-05,7.30230614499737e-05,0.0126840657722504,0.00681922008360501,0.00202404735990881,0.00257128925471469,0.0221256880296369,0.000710356421034675,0.00193739674711448,0.000580965133681911,0.0010053837573494
0.0199613101371245,0.0551516886592473,0.00142450483143385,0.00791333138114973,0.0740717318770368,0.0393723874570105,0.337869696618677,0.00441890718456079,0.185101954029435,0.0037434026118501,6.22906076442636e-05,0.00670796358121499,0.000237096786233094,7.0506124651885e-05,0.00287614260157395,0.139435004441117,6.90273505081505e-06,0.0038218844802193,0.000472168261988019,0.0155462368822632,0.00648832637937913,0.0197536741670559,0.00637258716107652,0.00860387462774852,0.0299791967796423,0.0153615092239238,0.00135327181075669,0.00174468714298011,0.0087718747881115,0.00105717540965064,0.000835766583691705,0.00141294463650196
0.0166233647365954,0.0181936546963175,0.0167309563732978,0.00909931364135034,0.00331377855959076,0.00277735859933066,0.0280145463908919,0.000169664126491846,0.029383381607869,0.00029317311664932,0.00153271438733,0.0023891559998923,0.000197421139128929,0.00827751974513255,0.00761667186948169,0.0796802073274307,0.685060715350671,0.00807159047920745,0.0016094186644773,0.00067141702260868,0.000859436652140948,0.0123905892371585,0.0166542978942454,0.00305067430489215,0.0190788893592528,0.00114476440985981,0.00109147526594856,0.00879762519174368,0.00157873177727547,0.000469479032631743,0.00787022173712687,0.00730779130397828
0.0389706526907058,0.0164028210115048,0.000686835141154121,0.00462423759307168,0.00221364209145912,0.00428656662200531,0.0268250625201187,0.00207380788261215,0.0486671975453001,0.00315535627761227,0.00815869213579966,0.00477257663366547,0.000943010345049743,0.000488883807557056,0.000215733269713461,0.0360903512322148,0.000278471272378297,0.637216791766424,0.000765920962373684,0.0218103541321679,0.0245369452475276,0.0506316454867846,0.0110362163830076,0.0106108766809534,0.0133173963617376,0.0163916693970434,0.000502996875880324,0.00430815269868951,0.000565801134000316,7.10980095881566e-05,0.000679794453115519,0.0087004423387838
0.0124345423476,0.00375077964729801,0.00118394314741835,0.00301080612366217,0.00790680056273108,0.0193632061261787,0.0322429214068075,0.0128963904872215,0.0849626389927059,0.00255768218706137,0.00206289135588513,0.00712775896111405,0.00575646907387255,0.00534356662014651,0.000504040475672608,0.0432932298612867,0.00289781856607115,0.00663565975854807,0.656431927222442,0.0102738225843576,0.000398848451734976,0.0249797216732168,0.000658080340389113,0.0157114064944,0.00151673929789054,0.00608350499017858,0.000140918649704211,0.00357250411859187,0.0109037458941285,0.00475459687167284,0.00176020315518114,0.00888283455483033
0.000209657047212585,0.0011605431064615,0.000230181691047207,0.000659861661972038,0.015022240058771,0.000125070439233565,0.0138016903468039,0.00604027454510824,0.0191441695618937,0.000723643726497299,0.0211667470379166,0.038129027522608,0.00213231820714648,0.000280130505082563,0.00255592090370037,0.0206022893624984,0.00187970090230958,0.00848849549198354,0.00509556032625208,0.723627507215747,0.00124153686913502,0.00444884863753163,0.00850173998695136,0.0349126120412803,0.00642777434049898,0.0234693541385145,0.00107250265944837,0.000204412836178898,0.0324135201322908,0.00384397256251989,0.000850552963149722,0.00153814317225453
0.0028185853963637,0.00310423266721468,0.000637886076350999,0.00423459976777797,0.0145417407112592,0.0162243106943738,0.0278539817284025,0.00354499519172172,0.0116346071521601,0.00288032262249155,0.00423980643045191,0.000800473125137851,0.000601373633780443,0.000601202525319136,6.42488625363477e-05,0.0276128757200757,0.00148516059139885,0.0178572949532802,0.00196463264012547,0.013319547736199,0.720568944022857,0.016588296191481,0.00402139781197853,0.0221547446361161,0.0194017823844141,0.0380200639386093,0.00400157879128705,0.000656566281133358,0.00342198768418437,0.000175242295963531,0.00157087348818777,0.0133966442473672
0.0273649083441479,0.0211916199094693,0.000110184102295572,0.00294918340399155,0.00240696524047685,0.00225491085686741,0.035507875589562,0.00277857367350426,0.146558550110603,0.0030661731342357,0.00203108661044318,0.00239107751365884,0.00170371258250592,0.000437154950510692,0.00423265426632996,0.0833497621840653,0.00336302270598637,0.00284867185206918,0.0102894189465925,0.000547627601139495,0.00121872169330422,0.565456122304717,0.0407689793386185,0.00917413017600125,0.00840402209352243,0.0012134915018396,0.00992690226832731,0.00445978300602431,0.00173990973563847,0.00091631411324114,0.000693178925103323,0.000645311265207785
0.0074977316322957,0.0190240682279958,0.000620999076467687,0.00155443134206039,0.00251198365298703,0.00465813098077303,0.0328365006137864,0.00286212665445909,0.0585624661996261,0.00655201786979958,0.00212379240090008,0.00149473832614062,0.00122511153135076,0.000948469491592286,0.00746254007322363,0.0621238630916488,0.00530803264489241,0.000516757110886325,0.00908146206594404,0.0142944368311747,0.00499416245320024,0.0300434644882272,0.69009252268043,0.0119643950493409,0.00719737491904449,0.00530832160430612,0.00193601480545444,0.00439129481333496,0.000518263426990782,0.00170994615590846,6.76740151031156e-05,0.000516905770654604
0.00577703817823582,0.00746605123453338,0.000475310076374131,0.00946793162077355,0.00163964044282778,0.00742801074305036,0.000750132698582824,0.00019745034323186,0.0311628590652365,0.00793915259388156,0.0136198794579764,0.00264024074199214,0.000374100326658799,0.000291674283780436,0.00115076489879285,0.00743417800478751,1.48890605413515e-05,0.0189032875791323,0.0139656075854938,0.0205797608167656,0.0887632587363913,0.0212600515796657,0.0106314910076655,0.638221274119373,0.000385379083495237,0.0564663509164545,0.0103646367048349,0.0030884512751517,0.00614673677200836,0.00216794946756272,0.00335833709650737,0.00786812348824075
0.0195067722557612,0.0659271934207769,0.00126772506509332,0.00156709872009502,0.000362921735387382,0.0100849346919941,0.0529037858331317,0.00209428784269839,0.0190498951717108,0.00302232561166797,0.00503286183441949,0.00253709830910622,0.000832534477349152,0.000942407685697914,8.45708800778663e-05,0.000385287339619641,0.00453466167561385,0.053692560992419,0.000310132650480116,0.0470513281213705,0.0165685950658859,0.048313042904795,0.00255148527950042,0.0152613518897036,0.583287435848247,0.0286442313439892,0.000365467760167144,0.00486420054329847,0.00289681356887307,0.000187761383840287,0.00332977300471431,0.00253945709251528
1.28624853719485e-05,0.00122364875554911,0.000205279843579278,0.00466354507580133,0.0208369220702397,0.000197167042899384,0.00921052084201085,0.0103355096535455,0.00123425982145072,0.00244943027695838,0.00776767608341711,0.0143652752947396,0.00490068410978044,0.00213975425862866,0.00280942628137481,0.0137571788603367,0.000161987501635084,0.0122459152081477,0.00342558914789891,0.00840170528630145,0.0493104822118995,0.0008034505623262,0.00564682644891685,0.00552422277453093,0.00128378927402427,0.789846210924488,0.00482350065769125,0.00299923669659039,0.0107079431614744,0.00623628436943858,0.00117963363034745,0.00129408138860551
0.000148008343771559,0.00514211193693551,5.68823587346156e-05,0.00624451441883006,0.00946349541228917,0.00110328356179568,0.00625066890056393,0.00581446800103089,0.0061683989306771,0.00298670554167426,0.0237012374748087,0.0160266478516015,0.00346784991509638,0.00649874908184209,0.00222911114738844,0.00939684173377493,0.000240024867519383,0.00679794036915336,0.0022244437258136,0.00127374999412996,0.058663144241361,0.00830154336970165,0.027601832651309,0.016416766672467,8.14176606457042e-05,0.055623242917752,0.667664950388969,0.00322182535864445,0.0394473703154619,0.00122577676559946,0.00411315023969904,0.00240384585095856
0.00356924324804107,0.0080229098548949,0.00211088786091768,0.00476896123773742,0.0192712863676503,0.0056469329162412,0.0433112727059223,0.0193696286581814,0.0150668157430056,0.0100282233541467,0.0167105727337428,0.0146400489353406,0.0130316600651644,0.000477659990896583,0.0331734089145085,0.00918641492618595,0.00113798443461435,0.00324329093654648,0.0001575944194914,0.00831999422528024,0.00735728383084013,0.00149559845076634,0.0116600238478957,0.00451039931661673,0.00291357514991787,0.033997529109092,0.00761983193730761,0.658750135643115,0.0252318299558415,0.00212806768422635,0.00744799886875755,0.00564293467711386
0.00171446994165775,0.000766845107625657,0.000615206308730356,0.00442382600711221,0.00355974636655763,0.0108255796671362,0.0305761030136495,0.00756825324998177,0.00104006129808532,0.0010794157336001,0.00245576855812833,0.0161345708402648,0.00813583402886847,0.000788938336782709,0.00692118742058141,0.00804176096134927,0.00405185273694516,0.00115008613292949,0.0011811223916965,0.0134308067613042,0.00238178367052908,0.00138192820044807,0.0039187144489253,0.0308898079464626,0.00648799803135376,0.00228019523298483,0.00975770146479775,0.023804781805049,0.750036460689468,0.00213628292908701,0.0381776825478957,0.00428522817001174
0.00276424147374913,0.00113661487687188,0.00714655679004414,0.0149935313063638,0.00487943090589623,0.0381478607877881,0.0632046305957154,0.0128296422644229,0.000252872857580409,0.000881235771725942,0.000353564477863399,0.00188062446716908,0.00307658862879804,0.000868883349364703,0.00717563248636246,0.0108860182800159,0.00366862447765206,0.000806622290028784,0.00662861231900222,0.00378466528232814,0.000829106152075591,0.00366452925903398,0.00676558807892913,0.00401021766071289,0.00396562329010632,0.0162308372170518,0.0247259606271333,0.00262789557346489,0.00343889022524221,0.725340312619975,0.0202451167113043,0.00278946889622834
0.00392768333705053,0.0011573587359912,0.000506563111932048,0.00190805465612349,0.00221833036653444,0.00593030127491045,0.00980251392496521,0.0142361187036645,0.000983945270351367,0.00444348982813203,0.00262826700111291,0.0154867142435415,0.013572570987626,0.000739781732081541,0.0150246668543075,0.0019979601387294,0.00602535465912451,0.000639410569891095,0.00196822827505785,0.00255305194706393,6.83600168203433e-05,0.00587818955435968,0.00219010037221176,0.0180652452937293,0.00257407752695128,0.00512533939851936,0.00683128173322847,0.0161046943266119,0.00443679116116649,0.00933221447638991,0.823260273339257,0.000383067182563248
0.0081984074658815,0.011452404537625,0.000186552431394993,0.000389422396629758,0.00743205068815921,0.0129266929379351,0.0664401957403631,0.00361155403238565,0.0270187329794556,0.00296497217961728,0.000704727081235347,0.00483228228331498,0.00204651101213023,0.0011550575780629,3.13993029937583e-05,0.00441883367154947,0.0135110273894886,0.0233082965237966,0.00588367606148029,0.0303709050621358,0.00899316180332875,0.0223184730347742,0.0122591827810061,0.0158857210062575,0.0125842877030732,0.0179376879168164,0.00117647067580734,0.000536061264570822,0.00923389078868743,0.000126895874648045,0.00287280756330665,0.669191658232088
