0.569677720718616,0.00630136836804107,0.00372225485542606,0.00205952552525647,0.0285808617356675,0.032958413843338,0.0538677835265267,0.00347763783428485,0.0848844240355965,0.00432673875997511,0.00323937921968532,0.00167818768392657,0.00395418586614469,0.000428462344412938,0.000578575508729072,0.0998996863371387,0.0160520951855823,0.00786773797385067,0.00173926485011399,0.0199780447195656,0.00123136225315016,0.00322387814821231,0.0247836865798624,0.000666315057684096,0.00513200854340759,0.000395154821207486,0.00434138466482173,0.00137791025078027,0.000663706159071561,0.0069434677816056,0.00297433922515041,0.00299443762316835
0.00100342860410157,0.657681792300003,0.0165032211358269,0.000491570030222091,0.00442815333937773,0.0245875291507417,0.0912797360003451,0.00844495819979211,0.0395094386517909,0.00103922023103792,0.0107891651982785,0.004342007601735,0.00549262494894599,0.00458357162855523,0.00176973832880159,0.0299874899326441,0.0203258689630937,0.00107869388077436,0.000530934483058164,0.00309503229864228,0.00162210997981337,0.000520643147279492,0.00172967839318817,0.0074938824694966,0.0358181956161318,0.00664217767138156,0.00886813298970519,0.000733667233635005,0.000475978603331383,0.00594268236083346,0.00250088436659636,0.000687792260839473
0.00409509827714782,0.0244737131436731,0.654348546005365,0.0133582181010665,0.00173857543302202,0.00374319071143819,0.00331405834124075,0.00749015119371599,0.00815178589282987,0.000684799686487381,0.0215896408498184,0.0787542981813004,0.000262017290812223,0.0037474346497355,0.00331993679299076,0.0357708931349105,0.000651985994744481,0.00345125483309959,0.000342457172868047,0.000696306415576596,0.000151636009261145,0.0195383576675669,0.013237828537497,0.0147240460961805,0.0408912929474538,0.00275854633747479,0.00114789049078619,0.0025849904975827,0.0266546278676327,6.42590841634733e-05,0.00643568783448811,0.00182647452806969
0.00421085104328091,0.00595974176872852,0.00669470434323931,0.674807771960885,0.00433336132833504,0.00368734636739161,0.0415598317466166,0.0503449263931319,0.0101461621573494,0.0113110858469741,0.00620769013266785,0.0587095209718008,0.0108519289234203,0.00583607676899261,0.0106491127407117,0.00962091411959165,0.00294101384527597,0.000100823707773908,0.000383093301355107,0.0049938088737184,0.00974754577691104,0.00391772753248356,0.00139773709498629,0.00225544095519885,0.00323455876893553,0.00328661123132208,0.000258450101018726,0.00515845243260953,0.0379055307446335,0.00127902700008072,0.0073566413124996,0.000852510708079494
0.00379195858204372,0.00621426519247002,0.00245972190912587,0.00921196339584009,0.675808473041519,0.0530626013941673,0.0311284419787628,0.00241377414772789,0.0358808351320956,0.000483687969062662,0.00852464391932569,0.00514915376820919,0.00766394395097272,0.0026444644134433,0.0110110058826672,0.0857514639671425,0.00391874206148517,7.92034212693798e-05,0.000434297361611365,0.0154514146363252,8.7831483700275e-06,0.00245453553973926,0.00333038863954019,0.000287414921424377,0.00349295749134781,0.0010302748785574,0.000691550509866221,0.00174354965493965,0.0136620599980274,0.0010818049028191,0.0109896559384974,0.000142968251604679
0.0022503787110692,0.0138400017666905,0.0092721206606558,0.0337017877454565,0.0400153582219063,0.569345568584652,0.0182381178776704,0.0344654766948393,0.0730747442780433,0.0036962649272029,0.00114637432482936,0.000741585139843507,0.00781760367381751,0.00236334624656034,0.00713833052789361,0.128585228024609,0.00613992566026341,0.0011597338551576,0.00102220807780836,0.0109695381474529,0.00361958035396676,0.0015862125341411,0.00162853051673135,0.00035388223543368,0.00847436890172134,0.00632864353377444,0.000911263806717073,0.00365166789944685,0.00349921038886441,0.00212102221272122,0.00216356012563493,0.000678364344426126
0.0161712575711536,0.0152514893150838,0.0108523320589379,0.0376995691771682,0.0376633187695254,0.0652199950317699,0.554033928822524,0.0135098958539758,0.0212545529332982,0.0136579132818567,3.65811097676026e-05,0.0180417558361392,0.0272041654133111,0.00542288319208018,0.016275683507028,0.0464157370645667,0.0102421715160167,0.00269931572464424,0.00279708479686878,0.00655581190283281,0.00384732909100405,0.00311641693643344,0.00371936313310044,0.000190750735913974,0.0448074354167494,0.00406735819018084,0.000811047385982145,0.00245244196172553,0.0128418383959886,0.00305663756157109,3.94906390608084e-05,4.44476737402951e-05
6.77431513906783e-05,0.00515978727751022,0.0122654980431009,0.0170404772193142,0.00182206055066476,0.0295474368008902,0.0103997837228428,0.682976870835074,0.0292991868110026,0.0142206295363937,0.00311658534556081,0.0369973644879565,0.00697670253666171,0.0107459919709605,0.0162558160383566,0.0310216811192375,0.00233437282747519,0.000202774097715378,0.000388227846360071,0.0178684500919427,0.00175875335339208,0.00111718908127,0.00188049946766726,0.00128388408419381,0.00476613549913298,0.0143030825259551,0.00131435573776151,0.00653797874494181,0.029496962185197,0.00122758626486945,0.00745690797251983,0.000149224772687897
0.0051090553093971,0.0200962542473958,0.00189028609996165,0.00118459860097015,0.016585862662616,0.0213839968228105,0.0820990451430558,0.00379857246568404,0.612675297340089,0.00380873409068626,0.00288919611618466,0.0290449219272309,0.0102139671188729,0.00189897229414683,0.00412127319942174,0.116299662313578,0.00266163312904056,0.00523032582857805,0.000719664646581669,0.00175698910716499,0.0021076872576472,0.0110350401120923,0.00260861699523251,0.00443381329126051,0.0109168083676441,0.00120546376804204,0.00125262971140715,0.00225841748002838,0.00635639950159333,0.00647700730926007,0.00390180133447724,0.00397800640784814
0.00305838648408608,0.00532201066321608,0.000164924730484822,0.032885195815869,0.00545689116085293,0.0175173826125877,0.000209830664314664,0.00190418385725041,0.0107613795998417,0.689928687304645,0.00226427885738042,0.0519372872397665,0.00148170194343298,0.00083930092560407,0.017213266842663,0.0185841167026984,0.00667290451161638,0.000305747476806317,0.00240139434463139,0.0138043707885289,0.0154546679528634,0.00997379920646301,0.0011708169492032,0.00903108196411208,0.00883912999762496,0.00228910907968575,0.00256101366438702,0.013067782522352,0.0444930510500295,0.00237339376430191,0.0070410691510846,0.000991842171615298
0.00159895145759241,0.00739186985925561,0.0155968499926154,0.0381081200809844,0.015937020557761,0.0180734494197386,0.0169413648863782,0.0508296313068881,0.00489294531246948,0.00217834340023971,0.594628175830322,0.00034437296429177,0.00169901356156123,0.00219122806313486,0.00984000682910849,0.0307404906536751,0.002044270491729,0.000607319021390633,0.000499682485239527,0.0175009567738026,0.00860839921106214,0.00220702858151542,0.00380689624818693,0.0167895932049584,0.00379424557058827,0.00276640713933533,0.0152510644494334,0.0410646418375283,0.0406485065794505,0.000152732609235231,0.0242855039967664,0.00898091762376149
0.00552313706479193,0.00194702975495672,0.00472127453370349,0.000655961878752829,0.0108690718023792,0.0118823061851859,0.00530853044524336,0.018648390190102,0.00312626422958568,0.0117604957099089,0.00539780386667489,0.662818642000927,0.015772574247066,0.00228561275306136,0.00552302092186232,0.0070302377987328,0.00327713541953028,8.37369883138404e-05,0.00385449287452197,0.00446402935466758,0.00448180975407594,0.00323242809752703,0.00282112435115985,0.00377940562080451,0.000965662127748212,0.00698167358707996,0.0138308028956299,0.00180104648193932,0.0723711618118698,0.00674305595978509,0.0928497285561536,0.00519235273625899
0.000734130642622475,0.00188244237834448,0.00160949117708971,0.0182919591618302,0.029427983440202,0.00630416650857732,0.00188455677958609,0.0448457568838256,0.0320678130154352,0.0355846761417766,0.0160504643442432,0.0457040302068392,0.443799554347979,0.00100554728296167,0.050232791929754,0.00375190879634254,0.0017208107216154,6.65737633864377e-05,0.00306691363287321,0.0409074373160139,0.00523152013350242,0.00854854438959853,0.00126855326232646,0.0354023719764016,0.00292198071117582,0.00378434957668388,0.00507461003486345,0.137855107767583,0.00289879082158413,0.000959429494333815,0.0136904923762758,0.00342524098437317
0.00379603675343424,0.00463647569046547,0.00167820235582938,0.000648206943909476,0.0241760081859507,0.00134269618548375,0.0469129051774496,0.0122850871444206,0.0130249470051999,0.0259964038625564,0.024701257051292,0.0458154994438302,0.00401247490324837,0.672133206750836,0.0524090347829735,0.0179410611495461,0.000498195507500366,0.000929884193760109,0.000646358730838712,0.000174111151467602,0.00482738303717017,0.00199514471315923,0.00978381442258308,0.00217085721876949,0.00600949358753103,0.00208833492557713,0.000464035529199051,0.000863499842338249,0.00927481355126449,0.00146564934429961,0.00725714891008354,4.17719480325834e-05
0.000312095940142032,0.000697665578313205,0.00394763440767448,0.0041538027705141,0.00802788629002603,0.00594228068210061,0.00301832483711173,0.0098537288326169,0.0138510584632107,0.0220089270791756,0.00635782239234979,0.0303231541835482,0.0324612739403105,0.00237167182427471,0.784304990515309,0.0103058477316158,0.000338163729788807,8.44330051505691e-06,0.000113356714835737,0.00500149093822143,0.00139157484217431,0.00690532733396962,0.0028845745996075,0.00329186272126744,0.00278134078701608,0.000249946406525236,0.00186900479297331,0.0260106598795125,0.0024698400865374,0.00103503773429745,0.00715627320969362,0.000554937454771842
0.0346959328498381,0.0670833780444041,0.00743714984085286,0.00138366722538114,0.0165336266042772,0.0308042240549642,0.195317502705786,0.0135333600773769,0.167151785880709,0.00676737093633201,0.00499146959260926,0.018840858525103,0.00976867539200523,0.00400230972714015,0.00933603733743118,0.198849421829862,0.0178325486998596,0.00684092195254504,0.00108787179084508,0.00622501792895253,0.00416953965155538,0.00699334349202888,0.0063841367676308,0.0082014938447444,0.123390832181146,0.00441289595183817,0.00450070696193358,0.000527473130378499,0.00334046591567533,0.00790073713182441,0.0106087958476002,0.00108644812736976
0.0228728443671269,0.00223965529015861,0.01718546631143,0.00484212728435415,0.0125928959199663,0.00403881773326496,0.00728605943402816,0.00380808084508178,0.0180260843877938,0.00609209199109899,0.0029115874612,0.0133045419671765,0.00441925534044387,8.44331454392163e-05,0.000173721449124712,0.00511268354794143,0.757839490834522,0.0126034816760913,0.00560292637636214,0.011525010670753,0.00379451564731694,0.011624685625813,0.0155229890952646,0.00977543348086114,0.026855971401675,0.000237911622739545,0.00033895296366907,0.00472236075263721,0.00166426244812939,0.0105259311654974,0.000117953742068738,0.00225777602097039
0.0037655884254101,0.00157697258703914,0.00339050494637018,0.0137159043387433,0.0304417943672581,0.00170472457827024,0.0256380276539852,0.0117769576296347,0.129696033164876,0.000239863693293489,0.000725951786710802,0.00286848269094817,0.00397206281827569,0.0031378022137052,0.0007674310839334,0.219239795471829,0.00361349070637704,0.450306790328993,0.00458678277842798,0.00323346273146318,0.000207663082581246,0.0239704013364871,0.00248459285241315,0.000548609344526003,0.0241999022660958,0.00676622576046746,0.0108048995428849,0.00297957992399229,0.00322416700345567,0.00304229432664371,0.000858287095347051,0.00651495346956061
0.000394958650375406,0.00362618918150148,0.00504897112887325,0.00866233779342438,0.00666593841519995,0.00755201325094429,0.0117305494980172,0.00371212699207668,0.00665050780407236,0.00503532804310549,0.00769279129870368,0.0325476465406926,0.00645203614024704,0.00208568357339113,0.00401193326102576,0.027097331049497,0.00814437781018426,0.000646603347782566,0.740128721647208,0.00293424474448127,0.00347848526352423,0.0141311558215171,0.0120637110356643,0.0111721882479963,0.00171258705118531,0.0134764934249006,0.00755778654257184,0.00494315275348336,0.0216824466622871,0.017762411822049,0.000574090952850676,0.000625200251166727
0.00487399615288246,0.00162031975382465,0.000718021220410601,0.0038411556765114,0.00577175468465701,0.00244834940936239,0.00048059093760686,0.0015853040702835,0.0118782840362322,0.00331786432812186,0.00258177980301766,0.0159769076537478,0.00679594084896143,0.00164931976431246,0.00917983151311767,0.00441592775267042,0.00507785952110142,0.00102096230437023,0.0110915110158462,0.760427885449045,0.0181861212690001,0.00469193837782617,0.0046913487272497,0.0282890537673509,0.0013052925003936,0.00587363074618166,0.0150201958980865,0.0084132064475256,0.0246459758607875,0.0298994372684766,0.00188706069789294,0.00234317254314525
0.000847297061667359,0.00107651291689636,0.000634491288134375,0.00369444883121332,0.00201959723573157,0.0132250616706858,0.000703334115847996,0.00119468188116477,0.0065085807488305,0.00214323792704504,0.00574546442820902,0.0114724102703794,0.00361198398260324,0.00172564559595878,0.00264150117122658,0.00491691878706055,0.00365594020954477,3.11769335565376e-05,0.00263617613991589,0.0168060127047311,0.702047080712099,0.0346713543442423,0.0344318769494828,0.056353606117885,0.00184886756834391,0.0156668503114477,0.00109748787853255,0.000612981159382685,0.0190561708787046,0.0155689483889917,0.00630573757314148,0.0270485642173426
0.0204201635326322,0.0263137534711154,0.00200571756202849,0.00575044836342984,0.00877185016434101,0.00145055241286135,0.00203566834046355,0.0129015285812385,0.122101424515177,0.000556230153133596,0.00177248592180399,0.00427429775998904,0.000210376034634672,0.000384106425783196,0.00375539074663991,0.10816842202075,0.00970103793189259,0.0123698445964571,0.00667251228902919,0.00243867586489429,0.00141704120422585,0.548302469904942,0.0497232131614337,0.00806136968326065,0.00496730852838084,0.00102305570033347,0.00630192858977554,0.00426818335363,0.00741858231014956,0.00420922429176583,0.00818676321570742,0.00406637336810056
0.0164102308802521,0.0263028543428903,0.000781133145593531,0.0025992584217624,0.0063026916202076,0.00215718920084295,0.00208421925229485,0.0134942452901255,0.0174336572668412,0.000669414422862878,0.00183771544750701,0.00848194864895411,0.000786180931098293,0.00014535132048193,0.00833291852458592,0.0547079804019774,0.0138918799308223,0.00484321008339285,0.00332120661578146,0.00348706411305739,0.00523711527747821,0.00480231621881871,0.717809915411484,0.00152884678918535,0.0217481257406517,6.36494059755154e-05,0.00414581436087301,0.0055386132813337,0.024548390038924,0.00836701435643799,0.0116623143252381,0.00647753493226779
0.000944764978794974,0.00535018049716619,0.00102383661526903,0.0042883268187742,0.0023091711403221,0.0170313307603865,0.00933349571587726,0.000818778399325292,0.0117513445119577,0.00152828077122562,0.00735526960922988,0.00855217153717625,0.00246430715547964,0.00176842811499844,0.000580436034652252,2.42505603289973e-05,0.00543822970170841,0.000287032485063796,0.00303634585104208,0.00879865837561386,0.0318460958022789,0.0203449754775513,0.0488457290922387,0.732384345138215,0.00356289093125017,0.0146908070185263,0.00465007035895666,0.00230145825408317,0.0234981983407406,0.00655507329322631,0.0101491933915061,0.00848652326703428
0.00794014198578324,0.0241127061480477,0.00205955244066578,0.013634010422534,0.0174877555828839,0.0128516476815227,0.0142907109061393,0.00684039929861569,0.121805272458886,0.00593985306654111,0.00115664760680215,0.00230793333378432,0.00160392223467904,0.00357341555356193,0.00311946389711255,0.0534013372321583,0.00963362822435755,0.00194838869233333,0.00537634783907142,0.000240668051664588,0.00279881437879971,0.00927039514430502,0.0222184733807206,0.000231691836285133,0.628890482996763,0.000796132424923361,0.00976960017273635,0.000447138126084768,0.00284485735503824,0.00394341251583126,0.00201580498923359,0.00744939402213429
0.0005872810615058,0.0057835457356086,0.00131289397978426,0.000618590284600843,0.00674642589054598,0.00753592068934119,0.0203461694067579,0.00199385204072418,0.000476522988689887,0.000208458954308355,0.00655071269105759,0.0324638442663375,0.00423142218317313,0.00321529812516779,0.00383263258922974,0.0186001086468543,0.000969537707426633,0.00439441388092124,0.000645010009430195,0.010616875706345,0.0021301781247343,0.00752074461697554,0.00667161926364314,0.0751771369404727,0.0020924831065899,0.707396942654798,0.00484528499655613,0.00352751113362606,0.0023680584476804,0.000785778095431661,0.0410399743399419,0.0153147714417404
0.00214713927029761,0.000840610189186342,0.0100559856648809,0.00365498923860358,0.0145074837539616,0.00869005113513605,0.0113807082516266,0.00769238526629917,0.0129896981085538,0.00409895182843517,0.00448955046737563,0.0321058340702948,0.0100121949308959,0.000807888738955295,0.00246322480904055,0.0710442417894205,0.00118839316670586,0.00355763226041005,0.00327521363695318,0.0288535104848393,0.0449659194624393,0.0161501616379813,0.0122681445116867,0.020111512745738,0.0137902536180566,0.00724768576458605,0.599217158788136,0.00556718487079515,0.00610591092394314,0.000329593448091287,0.0392206534766547,0.00117013369001959
0.00388693893690519,0.00155033121919847,0.000100451605901435,0.00219873780742044,0.0136305083153812,0.00318526930288768,0.00048774258116389,0.00492772178085833,0.011146503924963,0.0166224351413372,0.0255022287632493,0.0125738764969861,0.034164225657199,0.00210502034756403,0.0600350386057816,0.0287184405260443,0.0064542225547037,0.000671748198792989,0.00121047140398596,0.00435741490652519,0.0044650954657726,0.00273572265072218,0.00592147441859437,0.00549532779305422,0.00308489118388334,0.00845649744006958,0.0165682752237034,0.551489887545058,0.0854056815241713,0.010730889817433,0.0633499645237642,0.00876696433692482
0.00430924821555064,0.00468458694569145,0.000423331873913542,0.000802331155797478,0.0100992228665183,7.54966642136297e-05,0.00270012245470049,0.00237954663251907,0.00279291343950015,0.000635304938469481,0.00734234026014637,0.0204711724218263,0.0122875186440817,0.000724509015662206,0.0208719174540921,0.000160613289277324,0.00517792934007691,0.00252752052367447,0.0128273579019023,0.0132152875432054,0.000312143769099693,0.00255291272304454,0.000851825091368955,0.0601069283085104,0.00100089082442709,0.00957045083965422,0.00285400810062716,0.00585018828991982,0.779517090179682,0.000827408268429303,0.0105630804308965,0.00148480159352143
0.00092778899945186,0.00197243694226346,0.00235640987083397,0.00749582197083287,0.0151791400579375,0.00128889389483696,0.00176638815014548,0.000398228813166643,0.00513393866509931,0.01533077574139,0.000885763061010651,0.00896328938520555,0.00389510622892105,0.000284667143528684,0.0206604390418546,0.00223997080308172,0.00139060760605457,0.00209623445173572,0.00299394931661056,0.054878643391917,0.000503149920836157,0.00349763061562638,0.0107113225044077,0.0229051750640991,0.0146117070477164,1.24540048241845e-05,0.00172993888654162,0.0133218778723285,0.00316486886589786,0.769216321351735,0.0077837341215239,0.00240332620858469
0.0039311016999857,0.00109694105654974,0.000981589233874676,0.00421641845538875,0.00717903645299185,0.00229138946316307,0.0120318560477479,0.00196416949031449,0.00774946223048095,0.00123275754629938,0.00360645809728548,0.0120747215250698,0.0118150738204193,0.000533970096506098,0.0258921643291756,0.0176989376911669,0.00110787125637665,0.00387828643635619,0.00246883122812648,0.0139297197040459,0.00177809493205006,0.00123935219767804,0.00425900679124016,0.0265264425698651,0.000776368135053029,0.013998598133421,0.00732248358256567,0.0073911048424402,0.0149937431317079,0.00014062638529246,0.782160582223835,0.00373284121352694
0.0128957053203912,0.0221215737287978,5.90423749943797e-05,0.00181928750268775,0.000269038777848593,0.00585415823012088,0.0266157042999004,0.00101883792271846,0.00936128282730142,0.00133155920923526,0.0102080040499831,0.0148098447779769,0.000927414823713661,0.000639227532537694,0.00078197795839146,0.0205427042255897,0.00648140600489869,0.00646587106116422,0.00603406355533295,0.0699792352414952,0.00950846656923001,0.00758300129671439,0.0723959381545967,0.050174054587139,0.00359478273474476,0.00518244475781271,0.00366847287171465,0.0192461491765739,0.00100097185273771,0.00289577895371042,0.000386441797142028,0.606147557822804
