0.500925266351992,0.000255491060189034,0.00542359120553415,0.134012302632178,0.0250219794158051,0.0402265122358791,0.0251734244542856,0.0477642261834737,0.022949833693017,0.0573889941551455,0.0304791274717838,0.039878669663295,0.0081465123465684,0.00147495484820188,0.000493006745206061,0.0124903820835497,0.00339468646221497,0.00448246580752701,0.00143799667194284,0.00137737651227722,0.00152963783796597,0.00308058804069067,0.00185157785847912,1.14735872150529e-05,0.00582665438429997,0.00596629577434847,0.000242143737052538,0.0105995326902504,0.004018256866753,0.000567565270855399,0.000934525089755442,0.00257494886226775
0.0102123022356077,0.530594439406117,0.00736425212030327,0.0589429803117193,0.0211721148146963,0.0400736662361661,0.0109843898975232,0.0814296984485763,0.043260780673961,0.000944352245982642,0.00464347348911651,0.0319175888822416,0.00342882892353327,0.000755876431510291,0.00619826336052288,0.0290008683933139,0.00351277823982858,0.00296472358928744,0.000138139550228147,0.00703928626899535,0.00856186136458309,0.00556273880846889,0.0138014325071214,0.00165617363008356,0.0148969763893084,0.000456947840323717,0.000832765911575731,0.0200596900082817,0.00745640765382723,0.00176866871850414,0.0066765099706323,0.0236910236780595
0.00837858953567782,0.00326670538484874,0.422083288451566,0.0698028402044437,0.0822795466574668,0.00845262928736407,0.0953890411598013,0.0453702773396336,0.0691190448094986,0.0425521841516503,0.0319243338048263,0.0160199172267702,0.00832598231048151,0.00252325489494258,0.00787829222211816,0.00601851259516689,0.00324203128848323,0.000835599490435645,9.36553880842252e-05,0.00823449786402376,0.00142351871922217,0.00028926390648549,0.00186364506302803,0.000731561199449322,0.0140598228963126,0.00780275943265127,0.00119921065478319,0.0280433827066128,0.00384329725489132,0.00186174453795546,0.00676472587283725,0.00032684368848733
0.0041645381118326,0.00239938273399257,0.0184774917666121,0.371501774759341,0.0873717268264178,0.0235483799178888,0.0618677707445052,0.112870739626127,0.107484737197886,0.0406117391559625,0.00387012717762024,0.0320611165061459,0.00190435328313758,0.0075935962687719,0.000833449658060622,0.0191218311411972,0.00384782288341111,0.00181308158187343,0.00172601165899996,0.0163580263980746,0.00845045351892173,0.000383846425116082,0.0021391191901371,0.0100466750263716,0.00771223123557507,0.0100273310529392,0.0095648678985039,0.0110822029934768,0.003557467041059,0.00871521613141161,0.00294542682665611,0.00594746526197397
0.00221970872334645,0.00234654924609897,0.000957604793178436,0.0167556619339751,0.586675281487861,0.0503126019127729,0.079777202356279,0.00737146001962081,0.015261435446392,0.0096275502195746,0.00855641365610184,0.0290319344600261,0.00270737733956818,0.00148711132083174,0.000563404476857933,0.0624267707810665,0.00516361854312362,0.000260596790346564,0.00142601926627342,0.0050287729325747,0.0251238004261161,0.00313580784658014,0.0250381777379351,0.00113637990347396,0.000480020571045699,0.00157480823483207,0.0010551371573437,0.0410968302638004,0.00352977874987518,0.00133342688355899,0.00204483228653182,0.00649392423303757
0.0242003879414576,0.000310897387345749,0.00147176161982974,0.010546528278351,6.99018233559106e-05,0.599228820654837,0.00581085291611808,0.0277061109425555,0.0439424252260664,0.039080194154232,0.0245677515342856,0.0174282307326151,0.00258407542093165,0.00257940162304021,0.00105849242052164,0.0735999096429322,0.00436820500564395,0.00192988160968938,0.000415928995206234,0.00948822616177735,0.0205273424074671,0.00125865819101347,0.0145989983527553,0.00160117771105278,0.0185855829233502,0.00349106851383659,0.00614018976334802,0.0304636566696367,0.00164764880563686,0.00156741580972042,0.00838053430187487,0.00134974245951595
0.00345827887534715,0.000440763862337258,0.00251567358056922,0.0452371836092558,0.2936445220821,0.00622581513782027,0.276968074421919,0.0326292710996359,0.137575612671849,0.0371811333312056,0.0269217741245147,0.00569381808531893,0.00624600728242061,0.00144545797580197,0.00105796898660908,0.0187870734924007,0.00475028953701028,0.00149503522120887,0.00223939983192232,0.00890937054795191,0.0163497903747344,0.00345986708010347,0.0190689111111793,9.01673955531672e-05,0.00252682199070503,0.00130045151335107,0.00297186438594367,0.0280827251418334,0.00011653104854228,0.00238450632711905,0.00214879891412057,0.00807704095961643
0.00400345773131064,0.00135795683938521,0.00812162776927513,0.0164964195084526,0.123316167933959,0.0562220141189858,0.0586602634788475,0.455567055579169,0.149741634186819,0.0150236867581109,0.0019863623770925,0.0040308294225612,0.00408669859032653,0.00268385399994193,0.00115140095319877,0.0297051662706822,0.0029073156653318,0.00284713999096804,0.000946726073717872,0.0106612446644897,0.00479391901899475,7.14090651342241e-05,0.00137757115419937,0.00634731174703559,0.00816583776824014,0.0101034995152628,0.00379146783523246,0.00627532009027691,0.000629796209718421,0.00307660629405928,0.00103055293036486,0.00481968645885696
0.0195610344381397,0.000636215595065375,0.00704861578265187,0.0220191655314011,0.104967506134439,0.0525052834888857,0.124739246872154,0.0438201894446421,0.423605315008471,0.0299866818259919,0.0185611158831675,0.0371972579193621,0.00568277092073435,0.0010540204839969,0.00135236787903364,0.0340917603611039,0.00321984274139384,0.00407040657014601,0.000261965495818176,0.0029661569689386,0.0137293970137552,0.00081368619955985,0.00900961705174058,0.00200563180707501,0.0143835997205614,0.00172938205918972,0.000105518821202217,0.0137994527064792,0.00411736709952808,0.000974525410613152,0.000427122428096503,0.00155778033666184
0.00640487472141969,6.51451326925845e-05,0.00305358612772879,0.0339756082916687,0.0705772742883019,0.00111594192098598,0.0829071061335839,0.0558500297484493,0.046113622300173,0.56530541077277,0.025673873462569,0.026407994251085,0.00913117806769295,0.00459560519824766,0.000671248057762095,0.0051924533326227,0.00503200896645943,0.00137359250954871,0.00161289645170305,0.00585727510828855,0.00116603605374833,0.00257150441097359,0.00654936194934789,0.0047132745290165,0.00552997887794393,0.00428155051088009,0.00166887236698667,0.00540519327155796,0.00138899905932427,0.00904994163876019,0.00171728951540919,0.0050412729722985
0.00663326042894631,0.000603643906111269,0.000535598402297846,0.0109742663349003,0.0839536137247218,0.0100645662513643,0.128603287113519,0.00627858224907519,0.0351112972381888,0.11349800436307,0.43374390615792,0.00462721955541538,0.0481768242213255,0.00443340474002936,0.00855078027037879,0.0201106645842116,0.00376847928577853,0.00281272819226416,0.000511800894280187,0.00895685996100944,0.006963969513579,0.0076946647045253,0.0125787503291245,0.00407873651303205,0.000733594002454126,0.00320484855447249,0.00191693835593465,0.00431293275878116,0.00100081826833599,0.0132387931190195,0.00145438617891893,0.010872779827015
0.00791668245154046,0.00103094844359043,0.00128394612563606,0.0134349536711182,0.0450114343430206,0.00469460537767514,0.0253803034686525,0.00446698600433597,0.034634735869001,0.0207649115437575,0.00355963986786173,0.500092639419782,0.0101691587721391,0.00727113192478371,0.0026540060352315,0.00807141492006679,0.0202526380431129,0.00272382135198635,0.000666660088420559,0.0346864613523974,0.00195000767730689,0.00383511197048486,0.00241674754801692,0.0167821918421609,0.00527639241335417,0.0661440738063294,0.027324485353199,0.000594184285333158,0.0740646832202167,0.00064677980785535,0.037429258909123,0.0147690040925097
0.0032502108186482,0.000743918911121447,0.0014357957941782,0.0369095514962535,0.0277377656282441,0.00238822990148199,0.0337961096971862,0.027301077687374,0.00897023498398084,0.0033842352467838,0.0906837460351868,0.165322903769073,0.369939754645883,0.00265317370590937,0.0257733450834669,0.00992647965760434,0.00154875753265979,0.0015353353940482,0.000473684301274566,0.0154880696374411,0.00817973866549767,0.00622137857987024,0.00710694751789563,0.00508621072482029,0.00114500262149633,0.0136867294398591,0.00325321124807748,0.0832173908684165,0.015823313805189,0.00994970880589084,0.00971084024998876,0.00735714754519861
0.00573964381541662,0.00226172060998045,0.0037935337709595,0.0406466254062625,0.036686146273068,0.00574597525667255,0.0261239414004054,0.0261525938949262,0.0395834507262898,0.0419088994473891,0.0160913395250214,0.0146946896605526,0.000714962923790118,0.602932280439235,0.00326963711631436,0.00488124002256228,0.00810214981869528,0.000453122813996892,0.00322763246585223,0.000964962872739409,0.0269792230140943,0.00193541142401356,0.0363814455927396,0.00945096764615719,0.0112218442572355,0.00853204847862984,0.000603582220643476,0.000825192832598214,0.00346123952478959,0.00758784473532057,0.00423717380530263,0.00480947820834565
0.000941465204715506,0.000892180239583292,0.00772835834166511,0.0413897840400133,0.00704861281324879,0.00218148465632499,0.00304220969520857,0.0492940776968495,0.00870967745888526,0.0115573697638185,0.0479094555511156,0.0359644388769252,0.0120717581277002,0.00204190031953675,0.677217281719732,0.00153210616995504,0.00156679669170172,0.00438890756668764,0.000892741698156315,0.00581764834530884,0.00296848738107969,0.00275384628363601,0.00473853952172606,0.00164225494526897,0.00380476223838377,0.00317298060911096,0.00417532639018745,0.0411440548911172,0.00142288308773573,0.0068321655164788,0.00454972088723215,0.000606723270911176
0.0037015210384854,0.000463937461341371,0.00732852158427718,0.0425444929015566,0.235003388864323,0.0802591291875492,0.025351557608269,0.132342756189189,0.224790901462207,0.0254669283562006,0.0162533458139676,1.37013281802584e-05,0.00290156533788363,0.000960894610655284,0.000326465711452976,0.160802060759015,0.00638851587455199,0.00719524048395613,0.000365659105239405,0.00422849197269415,0.00346890386477192,0.0016363192500109,0.00725322533575768,0.00242258549021134,0.00300620970458639,0.00169786616399184,0.000958579420064711,0.000496192449483596,0.0011233072891193,0.000687148613752411,0.000528095659005456,3.24911082491932e-05
0.00228471603737031,0.00397718921836479,0.00338430828568482,0.10486653920608,0.0696999287489864,0.00935814292178009,0.025688743087046,0.0295288806747383,0.0806856980131052,0.0776480224739553,0.03322581339496,0.020615328054577,0.00542632203095462,0.000831546565948205,0.000869519319760696,0.00818485525437812,0.477734341866444,0.00199161569550345,0.00101421403089884,0.000370936916423173,0.00191537389826818,0.00559776890415891,0.00269370971940376,0.000126580782223929,0.00267434047095596,0.000654448327557778,0.00205956651702222,0.0130543129077176,0.00300310893736753,0.000762062557230945,0.000679604468605129,0.00939246071252922
0.0042538758948252,0.00199101806192451,8.80449388033023e-05,0.0445532018659113,0.0800559598464566,0.00202434636625954,0.0769373438389223,0.0164874679276419,0.0393777860916754,0.0232809030958903,0.0123623125286363,0.00730730144769745,0.00200156253565207,0.000389888233890806,0.00221533970587192,0.0123664381470037,0.0237626128594867,0.437492134595251,0.00150855105753457,0.0128746113939911,0.0818491525174617,0.00207393035627925,0.0891091826030473,0.000253063902319275,0.00877991773251532,0.00152862762135063,0.000540999959657206,0.000386332030265438,0.000689759616746311,0.000230785225691678,0.000834750019913702,0.0123927979814257
0.00255474789420328,0.0013379179791749,0.00222008049874223,0.0530144146534899,0.0561657984088219,0.000143498358190236,0.0269496985273167,0.0317212109799248,0.0259626287841345,0.0176993095853289,0.00970049531910733,0.00660330407550358,0.00271435617201426,0.000866589875719852,0.00257621503057005,0.00167203317422329,0.00492529867357275,0.00911297235769772,0.64894009399648,0.00111790840994749,0.00148825978998157,0.00293961426757968,0.0255697040074121,0.000206658527571094,0.0196941748102292,0.00188299696535715,0.0247663786267391,0.00269217516848283,0.00215148737544187,0.00380201552879338,0.00850524101910983,0.000302721159138703
0.00194973733733022,0.00125059574549101,0.00102930887616952,0.0370204941957157,0.0513730291613143,0.000828181636326933,0.0387132590712816,0.0453506795662606,0.020553225273138,0.0201477499206925,0.0100516246915782,0.0362603160584382,0.00108058734585332,8.2308245420107e-05,0.00154495335629724,0.00287388171081266,0.00269258003586384,0.00586364219434654,0.0443513283425562,0.482319035043471,0.00109240520216209,0.0293017744046852,0.00532121996272047,0.0229302488081005,0.00409000990842565,0.0868025112328291,0.00117730275193603,0.00707624700696886,0.0323901417422833,0.00247860046919091,0.00143825826848161,0.000564762433858934
0.0116808756498289,0.000294925739166829,0.000799577631657506,0.00903655410097736,0.0183347796097808,0.0117879374621064,0.00601615292324798,0.00608405276471172,0.0402293843717752,0.000263580631339984,0.0103280724938668,0.0427482317375203,0.0258431931923992,0.00044811878215856,0.000364237887842096,0.00363828299765009,0.00909291541216811,0.00162989534366323,0.000359324231621248,0.0123795500725768,0.506097391557563,0.000301228646975128,0.0226548723936835,0.113103680246487,0.0186957055939037,0.0120576303361003,0.00807472342627488,0.0476082860281291,0.00975108071875344,0.00178541118825522,0.000961625174219433,0.0475487216535967
0.00438702776922877,0.00519463136552724,0.00221515487239287,0.0138760566021672,0.0715937875059278,0.0244795330669319,0.0210379638741804,0.0373447808725359,0.0675458017840126,0.00222934906684673,0.00982546161849347,0.021824831466817,0.00982263413291429,0.000100868176913677,0.00225962358747933,0.0139113819613967,0.00253838125744437,0.0465910513958441,0.0237485157825486,0.0436041264105808,0.00261597581123257,0.417575220314402,0.0121679202537389,0.0304904027166141,0.0749316853583589,0.000320883736038355,0.0022145377160993,0.0155439911031963,0.00140177126952164,0.000267596041389078,0.000236801014635962,0.0181022520945893
0.00419450053444946,0.000408181729609631,0.00043345203026793,0.0383984919399162,0.0102377868472939,0.00402755410505292,0.00388382020189225,0.00328935772917972,0.101012342703144,0.0143922833216774,0.000264521187675918,0.0190046827543363,0.0209503306000563,0.000442655306988897,0.000682067985895717,0.0303414273933071,0.00266135690177482,0.00819860686587093,0.00571306125140971,0.00685032342194519,0.0154328181446267,0.0172678006238165,0.553830193398167,0.0251487837928777,0.032851999844079,3.91587572128357e-05,0.00150447657289223,0.0342932493066498,0.00986473154908201,0.000546873260930462,0.00274245298704845,0.0310906569508728
0.00859973439531136,0.00136583654413591,0.000550886128304979,0.0145946065323853,0.0404834571014362,0.0085125315092557,0.0168508466627973,0.0264591654667223,0.0587947554295613,0.00807487944970337,0.0161114005645169,0.0358128062471788,0.00724068842438242,1.02264726079092e-05,3.84258683075238e-05,0.0149038939095727,0.00343683341239514,0.00481056184257924,0.0070198250562022,0.0287549398075374,0.00871401019082222,0.00407076164367441,0.000636058322854792,0.536391376750074,0.0235663271136238,0.0551514440227063,0.0131561498280802,0.027735307988498,0.00170919402710448,0.00409405164826621,0.017945898588875,0.00440311905052636
0.00515334839225496,0.00640165769794147,0.000901640872817679,0.0925441570321509,0.0117066178647731,0.00529412747854302,0.0405636253413486,0.0243766578299552,0.0483003709069558,0.0436878750065544,0.0184747660730899,0.043532576833818,0.00677386253918873,0.000805883195259727,0.000197921926478915,0.0260925059056168,0.0100405102961528,0.00597731947748558,0.00131566239216415,0.0153281840713047,0.00252156275038133,0.014021586573893,0.0382528965178439,0.022436387001414,0.486469473436261,0.00569455977816084,0.00182352164273225,0.0104297561906264,0.00921582121032422,0.000716838270743062,0.000283565038178798,0.000664760455587172
0.00116033509299346,0.00213199906185307,0.00438995809867863,0.0161956511377058,0.00851373790191942,0.0015285504080538,0.00210418569508345,0.00672596050819846,0.00992528618463927,0.00986926856117144,0.00508651944200197,0.00488151916975142,0.00566623858861701,0.000789851894778128,0.000115534543940224,0.00573546030861446,0.00538161926549646,0.0114208545662244,0.00306940290856554,0.00412940217231382,0.00697214872606906,0.0138649923785125,0.0426379338340728,0.0131224048950694,0.0321924420555823,0.672663154306149,0.0470197955708166,0.0176844844497,0.00928108082677856,0.00565829168461025,0.0293006318031758,0.000781303958863703
0.000751866490298782,0.000985783881820479,3.81507488159132e-05,0.0424507642750137,0.114693876676543,0.00177788379589453,0.0476578185217588,0.0137953925106733,0.0790789914961101,0.0130387474329322,0.0032982868259132,0.0114203155596818,0.00222379374696104,0.000620486624662713,0.000103979673932054,0.000177194375957296,0.00422477354987919,0.00213564799927795,0.00670672323445152,0.00921438065272364,0.0764515800477852,0.00316874675999136,0.00304796578342889,0.00508166587552328,0.0355419172225303,0.0145477290389757,0.482281181797888,6.18496779631433e-06,0.0241659421325213,0.000570916217790797,0.000148693094963326,0.000592618987503463
0.00785449918092414,0.00299621254495693,0.000155241397572888,0.0299485140815319,0.0717390172572204,0.00944674023845589,0.0334338153081908,0.0091992220327265,0.0585139566663986,0.0158075900253592,0.000418715150470179,0.062967752043839,0.00526916164117072,0.00283841116797235,0.0190235996542173,0.00696206115150319,0.0283237383066133,0.00129759943789656,0.000606207028643456,0.0202404538625037,0.00201719384777172,0.00218881148769848,0.004002090093366,0.00990949354193942,0.0129394386673962,0.0562567469300857,0.033230894333007,0.398110030296489,0.0715183423281615,0.0126279496371367,0.0015883473808429,0.00856815327793821
0.00834687157879716,0.00102812534154029,0.00828369628667659,0.00491212886025419,0.0164644492663026,0.0121122087991624,0.0147769825722338,0.00321310627673945,0.0106806324061929,0.013676262716296,0.000695959254047167,0.00908072154021743,0.0114363266012741,0.000126475859469672,0.00317999474977217,0.00132953452818237,0.0125836101136939,0.00204238729990688,0.00157061520430382,0.0357938724598862,0.0170850813767388,0.00212466665407948,0.00883521848059571,0.0176874729248307,0.0100410789679153,0.0147484650605894,0.0569015098410076,0.00496805769490151,0.424346017435892,0.0607188342610455,0.200636040202859,0.0105735953845962
0.00212339831786193,7.089505033487e-05,0.0040324121401131,0.0339175586035742,0.0636506985389502,0.00407414461996114,0.037258719288463,0.0177151892456422,0.0476565138528959,0.00887978431730935,0.000456722240508301,0.0227966117979325,0.00805379781287405,0.00122924276608602,0.00203216153355607,0.00735300405980646,0.00560613581880094,0.00136924080245929,0.00257255196309097,0.0064099255958001,0.00665897242114874,0.000515526460179248,0.00301809246202902,0.00242293247400762,0.0105914920514186,0.000504453839619917,4.6253076151942e-05,0.0513458603731367,0.0270299561481948,0.538451314036661,0.0764419954406206,0.00571444285081185
0.00384227347423434,0.000451222330710851,0.00957429499638454,0.0149408064012141,0.0217088475385295,0.011303066741231,0.0196151254488885,0.00977999312187494,0.0121277260906143,0.0058326617603878,0.000122314334994633,0.0107546798240475,0.00486477817246915,0.00114253787141983,0.00972975197909788,0.0039873850411718,0.0107835167205141,0.00066377731541986,0.000213260190884117,0.00382485178391901,5.86468813592809e-05,0.00264475517296702,0.0033776024832598,0.00643832292173408,0.00634311610189732,0.000410920069341341,0.00241367465683305,0.0157074205361421,0.00375881426812305,0.0283823914445675,0.774762107624936,0.000439356700831389
0.00673089354797521,0.00992115115832753,0.00186377686030008,0.0250846284065934,0.0107463870693116,0.0344108704154537,0.0173354670347146,0.0104167299981127,0.0213716414275664,0.0395352522880614,0.0279301229026582,0.0443546668128315,0.00185967869741558,0.0007597565344108,0.000406490556448706,0.0252347258300141,0.0182714638785132,0.00415282790450895,0.000469313000960139,0.0217945232757902,0.0125623523100984,0.000225171482811158,0.0286628029991924,0.0467296885495812,0.0903271081885557,0.00631977896743461,0.00375649272390153,0.0138729235695692,0.0129583815285278,0.000764799501328998,0.00139924814965279,0.459770884429378
