-0.0215883206086962,-0.0006366745019178001,-0.0007044060467485003,0.0011690854200153977,-0.015618235973038401,-0.008635641044130499,-0.0006433640629637041,0.0027855664305949986,0.001717500581910801,0.005830534089636699,0.0041509438769400005,0.010777845593987898,0.006243316723756999,-0.0013011700571863001,-0.0006711963175828001,-0.0059084037643362,-0.011905762384020399,-0.0057462472117651995,-0.0003212442621734,0.0018629903410192,0.012874855022175998,0.0014900581841669,0.0063797578434093,0.003030357655488,0.0092647008527252,-0.0001129626248933006,0.0004872681912181998,-0.0019997855936496004,0.0038306757513711003,-0.0007436302042335,-0.0019202300083917996,0.0065618181073109
-0.0030775167472096004,0.07535457690238001,-0.0026789471667941003,-0.023411360136377506,-0.016331950476959303,-0.0004645350338382988,0.0037917147188550986,-0.013091624163340799,-0.028159501775426407,-0.0109636508770369,-0.0007194983706788,0.004883168025994301,0.005167220967072201,-4.8929280024000155e-05,-0.0008914381717918009,0.011016017784118301,0.0036860261097829998,0.008233171647200001,-0.0007103724717338999,-0.004277658249050499,-0.0007591681813166988,-0.0015816752837477,-0.0066432001630214,-0.0028745038438497007,0.004823677405335101,0.0005950472123859999,-0.0007197699165768,-0.0089326543861694,0.0036396347260626008,0.0003610722803354001,0.0010953482795052999,0.0036912786359159996
-0.0010057505976992995,0.0001921919653302996,-0.019065130271639363,0.0196118860597318,-0.018032695100035002,-0.0024240665020287995,-0.008504419222849599,-0.006064034909380799,-0.007367301371838199,0.012459817023241001,0.0003445096717327994,0.012612358079583,-0.005502600897009001,-2.120898496710006e-05,0.0018276335571885995,0.0044336706414044,-0.0005453729640235005,0.000304685122595,-0.0006556079986465998,-0.0007943895025305002,-0.0006645024235577002,-0.0029967072406764,0.0010741098522031,-0.0067905755187975,0.005381039160206299,-0.0018569182327439998,0.000338850651982,0.021784622413148602,0.0065760455380438,-0.00014998240974190002,0.0011945819779911994,-0.005694737566217101
-0.00017657141959399989,-2.5973149292899973e-05,0.001084320923533999,0.03367084382989777,-0.0032824160679209985,-0.005813458865916601,0.004078052253291397,-0.00880344193644561,-0.015369874373487198,-0.014667471153174794,0.0012516982631574011,0.010510846349036103,0.0032918025024926984,-0.0018073958935608987,-0.005912007332182001,0.0005520333338009994,-0.0009855478197893,0.0008908076467245996,2.687952006239988e-05,-0.004010493137835899,0.0029811155772551997,-0.0028960298910114006,0.0057474590504299995,-0.0030240541868734993,-0.0020902911029575004,-0.0028444671766133,-0.0023425373755881,0.008332925384260802,0.0068587974111829,0.0010334965951135002,-0.002544618312862,-0.0037144294451338994
-0.0012342542458323,-0.0020379186025082,-0.0008297095313347998,0.0248714387692357,-0.0266101221646724,-0.014658086433710499,0.019631665000800005,0.0015433165215682984,-0.0109296785613005,0.0260903076230698,0.0034209374058198,0.0220992850242641,0.00021033539978330008,-0.0008362380510895003,0.0030923304730238006,-0.03279709204199759,-0.0035406562335405,0.00021537663258979997,-0.0004797563623112999,-0.0011640201036312,-0.0085094451707805,-0.0031821993692807,-0.004689267373671299,-0.0019616981684441002,-0.0013519713137183,-0.0009264792605483,-8.738093363970002e-05,0.011533656228654899,0.0028763715339529,0.0002525571769125001,0.0005120140766613998,-0.0005236179443242998
5.5587221803299856e-05,-0.0014563512186426997,-0.00022776129934719974,0.023498329994131695,-0.006643086453849596,-0.012177300220697185,0.005280065422267197,-0.0191045572615728,-0.018632430165347297,0.025645173672886705,0.00047999024801380005,0.006838301667650801,-0.0037758081137417004,0.0004968602938010002,0.0027350706634912004,-0.015240129412679299,0.0003308602405116003,0.0012694933537467003,0.00010510640186730006,-0.0026501535887682994,0.0009563659080614999,-0.004495794337445,3.1785294570800364e-05,-0.0035324806260011,0.0016982086518644007,-0.00047019626224580014,0.0010244775248344,0.0121678620371952,0.0031106513839591005,0.0014768761796192,-0.0015055941625004999,0.0027105769625628997
-0.0007615989925474995,-0.0008256489875940998,-6.075640552099994e-06,0.0127709407028343,-0.029813931746397293,0.0021653929193573996,0.034899388557716626,0.008092239689792901,-0.04533461599073901,0.026804952838567396,0.005768797682376901,0.023541537162234102,-0.0006488070640220996,0.0010702081031037,0.003653129271322401,-0.0147046880360286,-6.384600773910037e-05,-0.0037655993892386002,-0.0013857373817142,0.0009685070286563,-0.0165876197835103,-0.0052008828183375,-0.0134871501663794,-0.0023621457239934003,0.0038735839447748,0.0008442435517009,-0.0016610686937754001,0.0138507890295042,0.0009666603215916997,-1.3344236440099907e-05,-2.2735618796100154e-05,-0.0026248745257286005
-0.0007059823423266,-0.0003556264432272001,0.0008319616280090003,0.001991405418022601,0.007101370046778202,0.0066322764028936,0.0075840453123538,-0.04984582109014113,-0.004621558648210504,-0.0042507226532033995,0.0009487243653934999,0.011449529628524802,0.0035435818699128003,0.0012224392516834003,-0.0011287250588038998,0.004758853278465199,0.00024051360547970016,0.00036449219449829996,0.00012208237868489976,-0.008076024560149199,0.004084626586927,0.0005559121485585001,0.0064759331951052,-0.0005510279536580006,0.0034597028184914997,-0.0055540666790799,-0.0011756643144898997,0.0055186168360657,0.005518312833082,0.001347190898144,0.0034780843489451,-0.0009644353027288
-0.0011804363404182994,0.00012865593107429935,-0.0013919909159891002,-0.008963339024281102,-0.008021811192020098,-0.009886084185772404,0.0018987231032646934,-0.012228615641049101,0.020250500938981064,-0.002571831253286,-0.0040512063939826,-0.006502590495810199,0.00024702062954449957,0.00043782568400379976,0.003591611083051599,-0.008309387457055,-0.0031811129503537,-0.008233140989314599,0.00021955900572240001,0.0018078848318339004,0.011749272502510802,0.0031885426336073002,0.012469647976539199,0.0027396438468004006,0.015075744141452898,-0.0014388742280818994,4.3958349602100065e-05,0.0056846106979264,-0.0032059865912698,4.551687611960005e-05,0.00028809216407039984,-0.0007004027374214001
-0.0007927840833858002,-0.00012065787917419995,-0.0016443275254199997,-0.0015477442330798022,0.004301134931349496,0.0037332577364867,0.003278843962603299,-0.014907365061984604,0.0098952580006713,-0.031485004556676355,-0.005491638989975504,0.004835050299387807,-0.0008920202318649009,-6.162807336199984e-05,-0.00033437647000009955,0.0134868690903035,-0.0018382966676955001,0.0019836078932106,-0.0003827869613583,0.0007429606340964004,0.0079006320679855,0.00015441616344570022,0.0076480031342121,0.0032201497915652997,0.0032271902574237,-0.0013697693314056996,-0.0009175529599796,-0.0005396068246302996,0.0004366782939168,-0.0003318713633483001,-0.0016361758862068001,-0.0005504451571103001
-0.0019957089124219003,0.0007428183205458998,-0.0007422903352206,0.061328966827631504,-0.005751772782168499,0.006951905613549102,-0.00014963070899459696,0.010650063344210101,-0.009378117428906898,-0.0032600778683987974,-0.06211941001448695,-0.0023150428436879977,-0.0094519232353091,0.0012700834608818,-0.0027786699842467996,0.0014467035727109001,-0.00024528469730569985,0.0011367812120926,-0.003195993152909,0.0021986225747776004,0.0106695197045569,-0.0028043693331846,0.0066727327807604,-0.0012896330788185004,0.0013524381844789999,-0.0007297988684405003,0.00039703730860750006,0.0044461191998855995,-0.0020902399481708012,0.0003668595357214999,0.0016023608467328,-0.0029350492944718995
-0.0007441750726965,0.0013337995458721,0.00035407451061980014,0.0053982351176171985,-0.019845643287447493,-0.0029472479116020994,-0.0237920957699412,-0.012729146316540601,-0.013756136364615403,-0.0001472677940372001,-0.0009100922681356009,0.07729330084929653,0.016276962598827202,-0.002280465686847099,-0.004186117291401099,0.0034918052675638996,-0.0008899908665979004,0.0012903061080337002,0.0012158745496900001,-0.0003107426105483993,0.002338568116600199,0.0012020857336038997,-0.006093188553238401,-0.000391013914322301,-0.0034322625790827004,-0.015468470243850098,-0.0031550220759628007,-0.005369004526382903,0.011359522907970099,0.0004349918191661,-0.0048710919395736005,-0.0006703520520372
-0.0013203022044792003,0.0009784828088779001,0.0020540032307864,-0.001396618459122298,-0.0021953718117717,-0.0006419496592199991,-0.007579486830863701,-0.002763597420342899,0.010690447104362198,-0.0001428579578847955,-0.004888764439083704,0.004911354498404699,-0.05261692641751292,0.0047781488684318,-0.0010250539533754998,-0.003159994529289299,0.0019835011816834005,-0.0004104670637775998,-0.0014643038648182,0.0136541929311682,0.007322383255617301,-0.0007038935029710998,0.0045396211154553,0.0016287631892691005,0.0005944724440734,0.0088466655463402,-0.0002737317703435998,0.021924771270002398,-0.0013750383080557002,-0.0022014623456915,0.0010620418259816998,-0.0008090287318499997
-0.0002028749750636002,-0.0003703927982624999,-0.0017642396601771997,0.006259463377718592,-0.013293534054202104,0.0007987940978415003,-0.0099321152014137,0.004720917014976001,-0.003138966262229599,-0.009854062649328702,-0.0005550610444596,0.007253847661130804,-0.0037620053858470996,0.02431203081312394,-0.0021092002617770994,0.0014226424642504003,-0.0023527419002571997,0.0017784365539009002,-0.0007019009718055998,-0.0009091277453014,-0.007206035052105601,0.0008370993689874998,0.0014890356587757003,-0.0040740228742155,-0.0005655133325169004,-0.0033860537781045,0.0027565375405647,0.007842433358624699,0.0070354183988814,4.535871298110006e-05,-0.0014982157359301,-0.0008759513387595003
0.0001805025210375004,0.0009019035622148002,0.0016523687789952,0.0172571632907843,8.40444272312002e-05,-0.00019344895913710018,-0.012767272541839403,0.0048121441077335,0.0188261613274339,0.015258469100622,-0.012982611236653,0.005161681123397696,-0.0025316157993587997,0.0042808550625575,-0.048428259922479566,0.004418045327249501,-0.0004556109183014999,-0.0005171338745967998,6.242482493839987e-05,0.0005080364505190005,0.0036983777016768,-0.0012117594758184998,0.006621041014091,-0.0014413568016537004,0.004858340684056,0.0045831756415848,-0.0012122269627505996,-0.0038144723335721,-0.0009667841250180992,-0.0030153251409956996,-0.0017175253632239996,-0.0019093314907243
-0.003536603822528,-0.0016563544140563,0.0001844878613791001,-0.0029369264088177013,-0.0175407256022313,-0.005695269965294299,0.0345758339415947,0.004294948725358003,-0.042791352871965505,0.0029255620710239,0.0010913782541761,0.013055044899064103,0.0024179406865935003,0.0002089430529747,0.0024959995841189993,0.03000829451317011,-0.0016729725925122996,-0.0086622633692471,-0.0006820312496908999,-0.0031232126045902,-0.003228286814262701,0.0009529393169780001,-0.005261667533889602,0.0028305922545893997,0.0044185903972209,-0.0020247292155844,-0.0021909614583698,0.004191429662994097,0.0019000406129206,-0.00012605967555330002,-0.0044815334309115,5.892519534900047e-05
0.0031151181361289,0.0016729479971060012,0.0019618921997523998,0.018197731494493097,-0.005336374164811197,-0.0010369585756175026,0.011326475360946497,0.007109980241440002,0.0027550777854708983,0.003228539190438499,0.0017641222985303002,0.0007452871249165015,0.0032752192259616003,-0.0016432020123472,-0.0019646574655852,0.0121040712761957,-0.07418936769602902,0.005997655381600801,-0.0021901329843185,0.0013811635221171997,-0.0018605337974908001,0.0021727032145271003,0.0021575874169948994,0.0029534990272785996,-0.001330078277668699,0.0029405263835540997,0.0004999250739766998,-0.007967089716932,0.0011382589816240005,-0.0002780058037967,-0.0001279920449893,0.0114266112065322
0.0092054412614717,0.0009779531970115002,-0.00046483387466410005,0.0017848090192161999,-0.006889544087809896,-0.004775104852931301,0.000793281873276902,-0.009200849780543401,-0.009614840685535801,0.004044753101044801,0.0021145924531576,0.002602260143346302,0.0054989112044512,0.0014058897097284997,0.0021995670528447003,-0.0004117331598088008,0.0031753454152293,0.049221741967263144,0.0007145952932637004,-0.007336820883393801,-0.025806556073772698,-0.0009879875342902996,-0.029553380234031503,-0.0017950513655461998,0.0004956232366116996,0.0006765163175923997,-0.0009764917836771001,-0.000491494257240101,0.0104855056967141,0.0020091264945558004,0.0034935205320496,-0.0025947453955836993
-0.0003867792186575004,0.0014283675300333,-2.1467040518499854e-05,0.012910991554099298,0.038937281956804196,-0.00048737170375890045,0.009647737935090002,0.005845134779363301,0.026852735819734203,0.0071205003589293,0.0005825311136227005,0.004125846316111199,0.0019374958742332006,0.00013050866884990004,0.0035901412596581004,0.002490245015588,-0.0013982289861307002,0.005042812771576401,-0.09216734145926231,0.0029864843268748,-0.0113471041766528,-0.0024122853613097,-0.007193454995194901,0.0025361074836542,-0.0011925195280833006,0.0059171017514270995,-0.0095158791495086,-0.0056804409777772,-0.0040748858068892,0.0011605581120586001,0.00024002857940619987,0.0023951471966301
-0.0034139439623984994,0.00011426556472799972,0.0009812473833117,0.0023112539753479995,0.014686564379734004,-0.0022753073113399996,0.0064728483897957025,0.0023030839352301997,0.0217368498856014,0.009341558452268198,-0.0037512768726486005,-0.0143748999996502,-0.0049981997954467,0.001543063646011,-0.003585486006988,-0.00015210521863289958,-0.0026016487087485995,0.0022136597884319003,-0.0082750875807989,0.01052791508579587,-0.0107759460261868,-0.0023777570187588984,-0.0036146098597585018,0.0232432171582617,0.0021831991809220987,-0.010577065479507902,-0.015267252411601,-0.012795615154181001,-0.004252583906316099,-0.0002990029744252003,0.005003414609041,0.0007256468529072998
0.0010776922215638002,-0.0018723798099221998,0.0008718618430372002,3.666310291700059e-05,0.0057378675795665,-0.0021427628299145003,0.006650774571308299,-0.0021880913033118995,-0.007654757581067498,-0.0030853641251318,-0.0049785259000005,0.0047779481419316025,-0.0035490822385416004,0.0012499434669689,-0.00027250947258880033,-0.005467701646223601,-0.0008154275505853001,-0.0011966555273779,0.0010767139942651,0.0113425378430028,0.05035310395594417,-0.0009777453111422998,-0.006601680662311798,-0.0157076565711919,-0.0027668401979518992,-0.0017458959983565996,-0.0014538475883905007,0.0046271346273285,0.0018876884707365992,-0.0016450764941545,0.0019787725896849,-0.027546701600090095
-0.0043557820036205,-0.0011377715423235,-5.037013852690012e-05,-0.0005642789778027985,0.014235554445765797,-0.009903085953045798,0.012342021106181,-0.0043526626174903,-0.000519673019186706,0.0015777802001047982,0.0005981839697015,0.012040900776976598,-0.00012588126230209974,-0.0011145247436743998,-0.0072981627384955,-0.0006611431167145004,-0.0024001592834701005,-0.0016076692183299018,-0.0021401656322863997,0.0178648117701957,0.0011662536268468998,-0.003491399438964593,-0.005392653383597401,-0.006806830639223802,-0.0046706726889915035,0.0028566302921696,0.0005997974609801002,-0.0001291553910987009,0.004900515649971499,0.0005531486682072999,0.0005031654249303,-0.0125167216028863
-0.0015164514046537001,-0.0005476312835669002,0.0002952380180395,-0.007682987981284599,0.0098974027223863,0.00029453491918960024,0.0017774030085953019,-0.0041104668113142,0.011937077344270491,0.0021665979065902986,-0.0030225598972810006,0.027672623916730203,-0.0013196810848816005,0.0002583008726295999,-0.005410271001120799,-0.004195037119096599,0.0015124999605892002,0.00010540713903710048,-0.0010891254417235998,0.006592144922612599,0.019394249924709603,0.0003232646575756018,-0.043334450926499124,-0.0035818649641596,0.0013352059568501988,-0.0006729252554980997,-0.0009567131484833004,-0.004084013856389701,0.0088553117504409,0.0004923547814828001,0.0003042668462410001,-0.011689704472018003
-0.00029824254945819964,-0.0014511889880837998,0.0017571567685491,0.004512547159713699,0.030163152966280908,0.0003196030411752992,0.019649981248641,0.001960653381645097,0.024812453460427604,0.006812431211442699,-0.0015148729033787004,-0.019593846749039197,-0.000540345348922,-4.990099934860004e-05,-0.0005783824886281003,0.0018707462963592006,0.00011102774760020015,-0.0006200449968737001,-0.0029179387282809006,0.0059361437453785,-0.0134433399521557,0.0033511407684547,-0.0065476359524496985,-0.042014514114589785,0.005372337905701602,-0.003223903718473399,-0.0003618767468519992,-0.010241193359744098,-7.905071273530025e-05,-0.0007623182064433001,-0.0009204661596707003,-0.0014703130262425004
0.007175430474709501,-0.0021853302524287993,2.954398314569998e-05,0.0103612828182404,0.052413596392792104,0.0017371147016758993,0.04208721605735771,-0.0080264415242657,0.0012065757302128013,0.006489714208129202,0.0012927948513207005,-0.024149336510933195,-0.0021005412778914998,0.00017844220207499997,-0.0021083518685036003,-0.006278597212354197,-0.0034870444368740004,-0.0059014925664876,0.0005259325558365998,-0.0023306643728524014,-0.0054789902524483005,-0.005918294215774498,-0.0127562968908934,-0.004736152667816795,-0.016096871852565087,0.00014522175116909834,0.00013094052467300032,-0.009591655423746199,-0.005622192210830899,0.0004934498049177,0.0029318628065823,-0.010430865326171901
-0.0016984590115418999,0.0012042590390906,0.00012951681297969993,-0.020043189081561698,0.002164764529723598,0.0007943255702655,0.008961342063763603,-0.009099112209610998,0.0170920465863404,-0.0104860755723141,-0.0008381696601220002,0.007724143984725897,0.004296756161827101,0.0004027788625982,-0.0027728377275193002,0.0038893869584261005,0.0037021000333567,0.0018136937188946,-0.0017128786252482001,0.007079389313142998,-0.007410204245858802,9.843009204740013e-05,0.0014671944010639995,0.006534156311201701,0.009785245278820598,-0.027879077683157227,-0.002978290857957498,-0.004951458090894499,0.0022263502807872,0.0037684698447170003,0.0042730763524212005,0.0024623265695923996
-0.001846537351715,-0.0001126678805215,-0.0010792569105793001,-0.0162123641194707,0.0316437262917234,0.0034553956897291002,0.0137713724012423,-0.0085898986686055,0.0203509158498932,-0.0105175153956334,-0.003688350470008101,0.020935025098078798,0.005966725021467401,0.0018339386158236998,0.0003381342471084998,-0.0038633320858856004,0.0009064619524131005,-0.0003598616915469,-0.0017878483504521,-0.012133282542060898,0.0181259854632209,-0.0011664611237363,0.00015185780741340006,-0.0013963963687988,0.0068975119161446,-0.010907027814423698,-0.06893201303396412,0.0113349190742651,0.0100784275394787,-0.0011266304273599,-0.00024843670129779966,-0.0018225160319427
-0.0016048162354064,0.001012135785076,0.0023792985287662003,0.0099926688136356,-0.009338951553298905,0.0009533794831323005,-0.012717586765464702,-0.0063881823768543,-0.010663328655903796,0.0048175426753183995,-0.001733139729619802,0.02774219137589949,0.0166662558858159,-0.0015376468011285998,0.00045048963554920017,0.0069721344572705,-9.678984318719965e-05,0.0008961109224979997,0.0014214317389148997,-0.003910963767072,0.00020777975009830113,0.0023252962233337,-0.002013978376780001,0.0019746896198874,-0.0030541296355815987,-0.014247506700764998,-0.0026240486110738013,-0.018269347804088842,0.0162156902763837,-0.0013233935617781001,-0.0006728261409392,-0.0038304586126378
-0.0028906850406844,0.0016065650316866998,0.0005560886357846998,-0.006445503823479103,0.009995383416300394,0.003008694256379601,0.0114101438426151,-0.003399836694879199,0.011804338147287,0.0036994425811625008,-0.0045337760973863,0.014201257141187099,-0.0033165792298902007,-0.00048599747585600006,-0.0014776618872617006,-0.0001660656231919997,-0.0005889308483390003,-0.0013297083187707999,-0.0001092582198244001,0.0097725955341216,0.0068568596098191985,0.0004390633839822999,0.0002192552927227998,-0.0032027454563960008,-0.0006293079586679011,0.004772045921026301,-0.005004846713407098,0.0194206441811741,-0.052387449296605715,-0.004482755193466299,-0.006476528362335303,-0.0008347407348078002
0.0005318596070561002,0.0006783124929586001,-0.0017891470157531003,-0.024812192289767204,0.031554910465783695,0.0042921322658989,0.027573536589233397,-0.0022054266570289,0.0174485271069104,-0.010787310247955598,-0.0044636114495298996,-0.008414013543433999,0.0031468911500993997,0.00023179294292450018,0.0012464625577650996,0.0013121546992068004,0.0019638752831801997,-0.0012928704180894,-0.001635620430296001,0.0027699053472685,-0.0081266703000765,0.0016152717031098,-0.003935144132004801,-0.006856501474231701,0.0066970356892074,0.005803958863996898,-0.0006121349106836,-0.0051881114989057,-0.006571112594911401,-0.00681646960522142,-0.0140815944952691,0.0007213042985584998
-0.0017963761396621,5.002475120629993e-05,-0.0001984160995422003,-0.005559602728576404,-0.0017746626839743943,-0.0014996578112910011,0.004812572323210702,-0.002042446030069398,0.012455163240010801,0.00029103912487569994,0.0007058126458319002,-0.0017225803005398999,-0.0018006428122146999,0.0005211270064863,0.0004182943929638,0.0024509620425092003,-0.0014397108928447,-0.0014703939514008999,0.0014685724401734004,0.011669870282301,0.0022992931227692,0.00014154699204450014,0.00024834790787450073,-0.0042942328035406,0.002467031880166601,0.0110721620681472,-0.0011647502423865995,0.007841142926456001,-0.0019017215685200005,-0.0029119039516710002,-0.025544255609545097,-0.0037916095212473
-0.000877089536299799,0.0019327526139772005,-0.00022189856763709997,0.0027278526557389,0.0072811585580270025,-0.0027293442725113,0.009125103693362092,-0.0062502496130318,0.015859474032862603,0.0040361104204481996,0.00113838386999,-0.002725170311095697,0.0008141070051048997,0.0007897180333966002,0.0010587128734170998,0.0006784081898463992,-1.4998687739020689e-06,-0.0059143656524933,8.037938684480011e-05,0.007717430191599203,0.013387621443257898,-0.0029806888340304,-0.0076361417613924,-0.008200311513910402,0.017385651817308695,0.0012669654301704011,0.00010263524543500024,0.003980309133765198,-0.0042788873703318,0.0005659040120723001,-0.0007878086351867002,-0.047325222669929834
