-0.016602038414864777,-0.00015477218940609054,-0.0014618567296243597,0.0003723703656475289,0.0014913904413670384,-0.0044248168221914805,0.00354464186444224,0.00206394206529477,-0.00027088100621204954,-0.0009492758810529803,-0.0008164547761179497,0.008376906296426068,0.0010387192996142197,5.6933647453700305e-06,-8.211470501676981e-05,-0.0013070724340883896,-0.0033349150727115797,-0.0015038294578257698,-0.00031971428876848,0.0005655556501693596,0.00636429421872454,0.0013208627670333803,0.006043760688495068,-0.00296685367788668,-0.00279568778263209,0.00057190204514377,1.2120591474530021e-05,0.0083630027430291,1.3441781321599926e-05,0.00019876847196477,0.00030482436073894016,-0.003661913777232928
0.00144697180485609,0.0057207215195971715,-0.0005559269070441401,-0.00325446580451346,0.01011048848761962,0.00217126049499318,0.003045013655069381,0.0037998377404566503,-0.007253824895500971,-0.00374954038907055,-0.0011951123018670694,0.00190651846627786,-0.0017152926279417901,-0.0001088994883218,0.00012214076361256992,-0.0006756170772058798,-0.0016335397980267795,-0.002931088509844971,4.136086948873994e-05,0.0022360243598270003,0.006121266717368799,-0.0035727153985805095,0.005460055532117342,6.900047130614936e-05,-0.011734925756390562,0.0006846763963833598,0.00022145814604948997,0.0010977509021534398,4.653003936310016e-05,-2.793133019492e-05,0.00069128817561896,-0.006583484257655289
-0.0009783220353213802,-0.00125112865801532,-0.0356496124282734,0.0011437356562338213,0.02057855291152384,0.0002418501851792699,0.011160278336089138,0.00674431288464547,-0.00225642523257924,-0.006434601865210258,-0.00412664195214643,0.00831781718557935,-9.696734257333001e-05,-0.0001674324397293001,0.0010548659647003598,3.71133124523304e-05,-0.00063657895125944,-0.0010370743488015899,-0.00029568099296704,0.00197620619192962,-0.0001999839368136195,-0.0034429938943298503,-0.0044735428079649715,0.0006016403222751402,-0.0002462800695811996,-9.353162458212e-05,-0.0001477680643104701,0.00908535565302245,0.0011561479221205602,0.00037914675360769,0.00160513638108989,-0.0025475930159902897
-0.00047282340898450006,-0.0002822320511713601,0.0009836490713304902,0.010591557378996974,0.012690281753858428,-0.0005359153106262596,0.00806302967894999,-0.0030932660642665317,0.00021566187531820956,-0.014124744361044111,-0.00148856733928438,-0.00264144140645669,0.0010909703882581898,0.00042655126470919017,-0.00078872237690599,-0.0012269391842523196,-0.0003856473629818299,-0.00049123878954867,0.0002275976735988,-0.0008169133046216995,0.0001960031628116696,-0.0013941737436472203,0.00042190950588112924,-0.00115219703065058,-0.00234731834663495,0.0004620285877466598,6.352378797517961e-05,-0.00476858720271433,0.0014659751428294696,0.00026401836157915,0.00105750395651726,-0.0022095343065694603
-0.0008738676358368001,-0.00017549584179529987,-0.00041599650550241984,-0.0060543163426177386,0.008748245790781118,-0.005959276407403781,0.0016133472819941318,-0.004321122427168281,0.0015385262049988197,-0.0028560856310966306,0.00098257361714583,-0.0008461333248687695,-0.0021164435944379307,-6.938770214591006e-05,-0.0004835060495444,-0.0019879438628238187,-0.0006048433031804101,0.0002010265637989399,-0.00031153137735371006,-0.00021582348103683967,-0.0003382068187128799,0.0011076950773529696,0.003558360359909591,0.001723207529734491,0.00305300169159271,0.00028164767899188,-0.0002933103207925501,-0.00013391091261568956,0.00016179768235501023,-0.00013400807834234,0.0005600769243831198,0.0046617032142376
-0.00013815516799073978,-0.0008515475942550002,-3.0727380107030065e-05,-0.00304009265247148,0.005612042427297389,-0.016319156778734238,0.0029106503452943,-0.005890310474467269,0.0005259366578285303,-0.0027443781604577404,-4.306443252019027e-05,0.0028064096258525704,0.0008919624534338803,5.377360151120045e-06,0.0013108859027481901,-0.0069245889192370794,0.0005899605336909298,0.0008746029871238702,-0.0006368102501415299,0.0014341897662969894,0.00456195651678219,0.0008980798940174397,0.005494717686453101,0.00412348853878418,-0.0003622419461257301,0.00059421028586888,0.00026388594657415,0.0035301781424235098,0.0010405563871056101,-8.719484236604005e-05,0.00075898525417785,-0.0011598081130305402
-0.0006702059886711101,0.0007804589063859597,0.00020169161879616003,-0.006259534651428542,-0.0013172066870667798,-0.0012970348043787085,-0.011494352007048004,-0.005124158126734911,-0.0039224854233281415,-0.00028075667784356953,0.00499906466811528,0.004076047719068591,0.0018674705344999501,-0.0007036742052537298,0.00035517370353301014,-0.0030496469859827608,0.00103834270491162,7.497181412024993e-05,-0.00038307940983014,0.0014392988743706103,0.0016577817166235098,0.0008225295755562498,0.003468301624780859,0.00422504966319464,0.0014224626501400898,0.00018443914434613005,0.0005995790226123598,0.0044450585208852,0.0003344814069189798,-0.00041392111965721007,0.0005213528978905401,0.0024024993204736504
-0.00062676438469593,-0.0004002353795245,0.00065459302582293,0.0009471953285313996,0.01896797166931707,-0.0017830135084045996,0.009427188190490491,-0.025810068705929955,0.00013362861764647013,-0.0062341380149015194,0.0013995895160505089,0.00594089357450161,-0.0006324768763670801,0.0009477376035589503,-0.00015780370910947007,-0.00132172728463447,-0.00039973033326282,-0.00047213186579086986,-0.00042222273861603003,0.00118377364193038,-0.0020961940186182302,0.00033540998124254994,-0.0022394148476364804,0.0020085763154546604,-0.0006721928529005904,0.0012099120262056501,0.00093881296858375,-0.0012015342894360899,1.584423092576017e-05,0.00071435723641951,0.00137582628941244,-0.0017316614062654703
-0.0005030873637959798,-0.00012017318839092003,0.00052194841712966,-0.0010419639310455505,0.0023883999563669425,0.0035887661572700596,0.015065017119815371,0.001563111974506042,-0.018295998746496872,-0.0028899083061613706,-0.00658075924508883,0.00464325489107892,-0.0012675108255643702,-0.00033499563366753,0.0007697614118461599,-0.0022733720113049397,-0.0010228622939425498,-0.0012460545529155696,3.2030124677209966e-05,0.00502527800257456,0.0010436924685303488,0.0033315292744444712,0.0009742042512700588,0.00492903820866788,-0.0048778064451984095,-0.0003867179686634301,0.0011200824637248503,0.0020097603544830395,-0.00016498049871069997,-5.1329599014090035e-05,0.00023792805751503,-0.006186282523939291
-0.0004686566233897802,-0.00014059124388125002,-0.00069760057134336,0.0006443564020006288,-0.00048415840699326965,0.0006171469922020098,0.0011566179984285403,0.0008911530104782007,0.0007312927640719298,0.003617722486064262,-0.00790182768202764,-0.0019081606882246892,-0.0006350583151607705,2.9600975768090075e-05,-0.0004576640466287302,-0.0006992819084422604,-0.00012522644153459,0.00023960038366974994,0.00011188540352456999,0.00144542285114218,0.00310978401849605,-0.0010239616345990798,0.001901373155528969,0.0010470256061028299,-0.00132227966313424,0.0007002361719721402,0.0004966408926941601,-0.0016571475204636798,0.00021583882822566965,1.7408326441420008e-05,0.0003327847969561601,0.00021572368205575041
-0.00046271032942415,0.00019417978820994002,-0.00022028665844032007,0.010555784045938502,0.00427786676040438,0.0030162722348815903,0.005845606795903409,0.011328312647529074,-5.7609210691794e-06,0.0013865275945679338,-0.02557218075346601,-0.008971443970704759,-0.00247792123758969,0.0008674147989285799,-0.0026719600707867707,0.00078213190275296,0.0003310022927810801,0.0007683167958761202,-0.00034889982782775004,0.0018497528603986697,0.00276734365643005,-0.0006408191646744903,0.00378352570228348,-0.0013075821209541799,-0.0009535798482325495,-0.00039700524317832,0.00028973058212697974,-0.0027964677010096795,-0.0017896231591833592,0.00017003460470331995,0.00018066910594341997,0.0002217688368815498
-0.00018716425598190998,-0.0006347256896047698,0.00026232264803593,0.01005398823161791,-0.002862346910501987,-0.0016295642947924,0.00211624358944816,0.0010871088682671399,-0.00681002020777049,0.0033903494753390008,-0.0019015985867356297,-0.014653845632374438,0.00039835843192295007,0.00015914178002641015,0.0008113189841445305,-0.0007859395666807701,-0.00078688097337565,0.0008049962283833802,0.00012992406451171993,-0.0012431191074238404,0.002599365038467609,0.0028027390908770496,0.0071811803513814375,0.006769949680108409,-0.0032152993500650304,-0.0035738214684538396,0.00021952183852196042,0.0010175025771185203,0.00182806678204465,-6.115219044942001e-05,-0.0018348156387385697,-0.0014517837872679298
1.8121868001859928e-05,0.00026591668572689,-4.3229615194980084e-05,0.0010099063746071297,0.005688602419770152,0.0011986912136883999,0.0030890073222725523,0.00679801749154436,0.00823897884149577,-0.0028491152155241005,-0.007158239986147623,-0.000584817795208971,-0.022660554112678123,0.00052536749276879,-0.0033110575413204486,0.004895476594551369,-0.0010539103251315895,-0.00032245840627870986,-3.5352042851999504e-06,0.00597310585999737,-0.0012632538849468601,-0.0003820855639108498,-0.00234197421034244,0.0037002788951922593,0.00143971260946595,-0.0007068790538977095,-0.0005193148671223202,-0.0007371243950747289,-0.0016328035996873102,0.00012065627066701002,0.00136506521065078,0.0012434486263511696
-0.00097824344188809,-0.00110247828543814,0.00018344575235798,0.0003541519806660695,-0.0005688887695913001,-0.0005234840613665004,0.006189000115183719,0.004081637014386347,-0.0034081291524509587,-0.004015329330690929,-0.0022496166200319896,0.0010720885112052215,0.0003918701635599204,0.0020239922302336816,0.0010265298167455097,-0.0013391854593787502,-0.0008216514045777699,-0.00020932114580306986,0.00050215775991623,0.0007345301757944303,0.00146182522535954,-0.0007330393751594805,0.0015220000057922197,-0.0020609407561002204,-0.0012216065690869899,-0.0003028699273476102,-0.0008373484619232799,0.0042941109515194295,-0.0008721893021228399,0.0004932369363042299,-0.0017270032388635996,-0.00135925133720299
0.00031912939397025,0.00027924838107611,0.0002458313321136199,-0.002322304993710709,-0.010302469713254178,0.0016141299108159903,-0.0036444402466119198,-0.0027187105090003207,0.0029389876953443703,0.0041341297896610295,0.00436731177938978,0.00016149860611235027,0.003946255762740448,0.00022591390544827016,-0.004310016919455134,0.00092806855073338,-0.0003938860409876101,-0.00074845819736153,3.257942645015992e-05,-0.0011706579653298099,0.0026221054170710596,0.002404530755520371,0.003754415892794359,-0.0015007177661536307,-0.0012350142293402998,0.0004264662678370501,-5.8162041627329896e-05,-0.0015148914420824396,0.0013255345201712402,-0.00018756234756840993,0.00195501651844415,-0.0015738614932107203
0.000374294879286,0.0037086533141824306,0.00054884826749472,-0.003787538080979231,-0.015476694725442252,0.0007438531606104297,0.004473798837508749,-0.0016122950441232295,-0.005990318610554811,-0.0022660340184967706,-0.006815112739623529,0.00454321444130428,-0.0008457885657926899,8.639016922155e-05,0.0004625959446790999,0.007584923438758176,-0.00039473649709159995,-0.00050213147871934,6.499880679653994e-05,0.006151596865499169,-0.00034626593234786065,-0.0032360544082983,0.0027024886172378275,0.00899341124712153,-0.0014330429633325104,0.00088501424433838,0.0012709484520296798,0.00261175788070427,0.0003922184321845599,-0.00018751520750316,-0.0004426496314358399,-0.0022628290952162794
-0.0006734816629135,-0.00183124183571277,-0.00013541014929895992,-0.0004039134413815704,0.007844603579224793,1.9910688602109426e-05,0.00023911472508120028,0.00250192236325959,0.00047929022205663865,-0.0012304781696033103,-0.0030977208273692,0.01525606611304981,0.0019285473394439895,6.459232332409003e-05,-0.0004542736204607101,-0.0021685901471381903,-0.02908884894807795,-0.0005677305166916392,0.00012783686349489035,0.0033772881483161003,-0.0008449836643400304,-0.0012932227402941607,-0.004462184580867142,0.004944102124876551,-0.00028588893196531025,-0.0009103111264199499,-0.0016752690707976501,0.012839820104461112,0.00020590100924709002,-4.3047479404459953e-05,-0.00103310297160559,0.0003707042799041011
0.00118208500729631,0.0013951208473380002,7.220778140698994e-05,-0.00484876723054325,0.00938449343971273,-0.00153369935266558,0.005230132558248708,-0.0034005076480833397,-0.0018774718294202002,0.00121212743895018,-0.0039397132112590095,0.00819086810153047,-0.0008164545617759496,-2.8728689706650082e-05,0.0005908261947888601,0.00171866310313711,0.00034962072152084007,0.0022738527683370006,0.0017915383178650798,-0.0030675945868916914,-0.0064791914014898,-9.650739230513909e-05,-0.0014943529081210703,-0.00500315042447263,-0.007431543671606212,-0.0002366398696523002,-0.0005613307318564801,0.008547844135555439,0.0011846160447468502,0.00028597362321589997,0.0009761039284235503,-0.0035704205022246104
0.00012587918906099995,0.0007661733918406,0.00012465322849557003,-0.0007365693027750296,0.00489723357937436,-0.0024445086044825497,-0.0033028113830543882,0.0023225927136468817,0.00318078305294871,-0.00049729053198918,-0.00035529068804819044,0.0004043630709882292,-0.0005739550073936699,8.229089909136001e-05,-2.599793113029973e-05,0.0005470695237660099,0.0005260863104088597,0.0035219104242007705,-0.031012005681172898,0.00510914245710986,0.0010667548844719504,0.0006922995625402702,0.002684743510786669,0.005022736063480271,-0.00030428718393108,0.0013033337870972598,0.0010756625460835497,-0.0018832218404479686,0.0011211903820760702,0.0006697349033716501,0.00114134339775883,0.004749961275826599
-0.0008477075596017498,-0.0011487941280512001,0.00058604793453681,-0.0030435359309255398,0.00574396852145294,-0.0029253017574871693,-0.00014231140641727882,0.0003999176850593299,-0.0005161121953691405,-0.0013065083612188296,-0.005259020099043629,-0.00332025412159207,-0.0018626592655084499,0.00043534651023658993,3.073536683603001e-05,-0.00136939654377851,-0.0005708741346937499,0.00032208770652910007,-0.0009391965530844701,-0.016847044122115178,0.008910461464863668,0.00121441102673771,0.008884060917034118,0.00590194306747627,-0.0008558720862541705,0.00273602101298201,-0.0020510172131351203,-0.0013568731762986612,0.00258841448180675,-0.0004035549649665501,0.0024050772547164,0.00460754066927393
-5.415324100593992e-05,-0.0008668624569241801,-6.495732959452003e-05,-0.0001518595944746303,0.007569686588243199,-0.00039456879978598005,0.003996050030014949,-0.0005701610524297294,-0.006268944025383,-0.0005649398248479902,-0.0012265030043278294,0.0005906064688522497,-0.0018774082687181496,0.00025204006198910003,1.9135240288110053e-05,0.0017547111899104504,-0.00125417125523547,-3.509036676495009e-05,-1.5107507582119944e-05,0.00246994039784585,-0.004207276020710573,0.0014744528270605399,0.00940111173273973,-0.005510957327621237,-0.0056775243492536796,0.0011232482453375503,0.0018067219535617396,0.0016977596893844999,0.00099914485027534,0.0002717551411835699,0.00066427019340294,-0.005350150185429859
0.00036519329137785016,-0.0002507659329832699,0.0008386630042600101,0.0011207935880052395,0.0030255278703419292,0.0014994510033224293,0.009384857531391188,0.00222697852561435,-0.0027890455021952797,0.0027942179410441297,0.005318759165843371,-0.0036671511438058193,-0.00119794426894187,-0.00029957086035732,-0.0011120519067553303,-0.00337844177590742,0.0006021756539743901,0.0026709492989216497,-0.0028147570266624906,0.00984693298902,0.00576898104414998,-0.010408451176936622,-0.009516315778453962,0.004521902056265081,-0.0056847212481280105,0.0023194413227338993,-0.00080708835781823,-0.00337185101830067,-7.250112750470019e-05,-6.575823863448002e-05,-0.0016856241184047501,-0.00518278480447552
0.0010698912598766399,0.00020652357479857995,0.00036929785580709006,-0.002027071591115669,0.0037624911643486803,0.0015282919551055103,0.0011024748154720612,-0.0018539840390765102,-0.0021486019796505005,0.004792021235125848,0.004334537617674659,-0.0034490434934224615,-0.00180460120364855,0.0001620399860142999,-0.00069307741475977,-0.00094858217317534,-0.00033004655365043953,-0.00015725324474615015,-0.0012038544456442002,0.00838228308086616,0.007549927829465372,-0.0033856941422058086,-0.008262569593572957,0.0038516383430742393,-0.00795941978203557,0.002989342262743369,0.00147296647627205,-0.004219509396426621,-1.104013254367986e-05,8.758308244501999e-05,-0.0011206614845923797,-0.002086299868822971
-0.00056111667293087,-0.0017964240539043604,0.00020619162737391998,-0.002468699061838219,0.0076573244290327,-0.0038704287633546304,0.0019502448556547303,0.0011105775797366894,-0.004425736299769249,-0.00116090353271327,-0.00297644484030377,0.0012819262978920206,-0.00153070448987086,0.0002747245297201501,0.00025896994147975023,0.00137375673491818,-0.00084242636376664,0.00017980022536411992,-0.00062558907387025,-0.0008860548164373608,0.0012264285144414626,0.003936088545380309,0.010074948205956741,-0.011556963095278299,-0.00349077451721276,-0.0005057985226031897,-0.003362506604150489,0.0054118599123299995,0.0021231930141480697,0.0001534109950791901,0.0027032500242819804,0.00013787527521424043
0.0010432271566051098,0.0005211913854137098,0.00024594602618626,-0.00195953417726024,0.01749172415011043,-0.00139585976567565,0.007910885845141512,-0.00022826622758923058,-0.0024824486111367505,-0.0013818899937037704,-0.001796517545283671,0.0011645086339592398,-0.0016475087401632699,-0.00015752160652027003,-0.00063534943435867,0.00038087738037776987,0.0007900948990708301,0.0002675063272611101,0.00028899468887254006,-0.0017700026372859904,0.007292285396145612,-0.0011461935537258596,0.008127168294697517,0.0004273447696687296,-0.021565702930560236,0.0009114328796509497,0.0006804182548645402,0.0039038463946954897,-0.00021239733262588012,0.00040530406621837003,-0.0005746340777741599,-0.014898929915276188
-0.00038782771616921,-0.00109944803762682,2.1010515333960018e-05,-0.0033082777667546594,0.0047283614012293305,-0.0020300679863599997,0.00405008100302619,-0.0011425166371505703,0.00199405099392657,-0.0013587784726890903,-0.0023616657621785796,-0.006620286583986061,-0.0016974897498981897,0.00018233519666889004,-5.029010754643006e-05,0.003689668550031759,-0.0006716137665659601,-0.00048826322658419,0.0005341727026165604,0.001977155568805463,0.00205818536735716,-0.003962280858449729,-0.0009954785569631307,0.005322476469784179,-0.00047638335580111013,0.003688760215455332,0.0012008314887835506,-0.0046804673902155185,0.0026818778070433103,-9.457940211918016e-05,0.00222185226644864,-0.0029251041694525206
-0.0006098790500259298,-0.0016477750358936602,-0.00024496530342586005,-0.00275661935429768,0.006380553281956971,-0.0007857434046297998,0.0019078687027063196,0.0012842129017445996,0.0010656763407709796,-0.003906658926230379,-0.0031909860059818303,0.0015577616638066782,-0.0013150483576933104,0.00014597464959720998,8.275597909936008e-05,0.00250123450426886,-0.0007626944433479199,-0.00075306882220758,2.1237134667229875e-05,-0.0016727234272543487,0.0020969406287143096,-0.0003627222430243085,-0.004575120552795341,0.005501732501754781,0.00097711610402109,0.003363489275762979,-0.010410950227028551,0.0028157853309920206,0.0036258797572266506,-0.0004941892467921701,0.0011195483003441106,-0.0009586226568054502
-0.00013876129897068002,-0.00016468513780949998,0.00019973027722147,0.006262436015023691,-0.0020563739691110026,-0.0016509847996391397,0.0003436203512903607,0.00244498376538041,-0.006540581339551581,-9.41439881968615e-05,-0.003258822538505189,0.004973149791470186,0.0007850652362695204,-0.00046431324133513997,-0.0002323333590368801,1.922347986044945e-05,-0.0012241319812933697,0.00027028598022807004,0.00026439467221955,-0.00729285337401768,-0.0030300512160753297,0.00246153616258516,0.0013811219207645797,-0.00338066026821864,-0.004577931726635879,-7.551608940273985e-05,0.00019166284540386946,0.01629267495566869,0.0007534712037501201,-0.00051384548134853,0.00098453683479703,-0.0029319036827851696
-0.00019843017493014988,-0.00099642420599604,-0.00023343347392188002,-0.0035127121832130605,0.00995243923795254,0.0010844920602053598,0.0022585815249909096,-0.00267240064288203,0.00170076635222269,-0.0025930099371690193,0.0038255250359231405,0.002493162805190532,0.00235059116031372,0.0002595361599663999,0.00013028812408073017,0.0004795675187609998,-0.0009612424286211299,1.8842049784869966e-05,-0.0004292979402407,0.00279553504875067,0.0010383671054200096,0.006517706329886519,0.005139954664952361,0.0048814307315575,0.0005299674346681205,-0.0013923947669672804,-0.00309311855373648,0.0037536296257861,-0.02845729643249424,-0.0005456937370884998,-0.00264681328007742,-0.0014781152130752598
-1.1072165501310022e-05,-0.0007747254083052102,-0.00019878563082589002,-0.0011769127438613712,0.008906683153317649,-0.00146313376685644,0.00461257710837286,0.0021960376207809397,0.0023188574983451097,-0.00323961291362741,-0.0024481879207902597,-0.010013719563347262,-0.0021754628985811903,0.00011494284156996996,0.00088292689578384,-0.0003517486118701999,-1.0124245701179959e-05,-0.00041320242170158,2.9998541527502357e-06,0.0021059574307713074,0.0029165685679706107,0.0039658850804624194,0.006285030563222091,0.003346562236601748,-0.00032076984706385004,-4.224763452788018e-05,-0.00228766059441143,-0.0042205605376454385,-0.0011783983907074,-0.004846251481742961,-0.0022444164786270706,-0.0002380355956558996
-0.00090945616474984,-2.793066538913007e-05,1.1696552605749977e-05,0.0005060753649525297,0.0030784396167768007,-0.0013708035725416403,-0.0008093805160520511,0.0006975474673760497,0.0003379478956849303,-0.0013190952882789504,0.0009182485708599194,-0.0017044489696229504,-0.0003666373592913794,-0.00013815931168853,0.00017756065460255004,-0.0005210057832433803,3.4957993872499015e-06,0.0005715231155158301,-0.00048010890926840995,0.004848724190928201,0.0058346714166781595,0.002440012405434281,0.0036663543870668206,0.01060933155379977,-0.00070223451017658,0.001478331304011839,-0.00012559690353231029,0.0005728789020906899,-0.00261947504102922,6.974606490317017e-05,-0.02526151763308137,0.00053326536527137
0.0008788401702367599,0.00201198844480075,0.00012196708842658007,0.0010490626464223394,0.003293668064861109,-0.0020977186103644596,0.0024703368620269802,-0.00017050016301429043,-0.0014966316799684006,-0.0023531129621650005,2.2074654230819746e-05,0.000642028911436121,0.00041959217092479937,-8.451223170831996e-05,-0.0005930490807777799,-0.0018463486912642792,-8.745959211803045e-05,-0.0005994790142216605,7.259178910339008e-05,0.00236036423072625,0.0041947857696944995,-0.002510461121968379,0.0027323104106575587,0.007552573612062378,-0.010588146343701588,0.0016937279539579104,0.0024854463748680404,0.0015520835818989998,-0.0019850555375431505,2.551651609514001e-05,-0.0005479710596920501,-0.008618513163923081
