0.013446844464563457,-0.0016948531892198027,0.0001678475706471999,0.0040785518340324,0.0048693397648253995,-0.006451829677379901,-0.0174300064635519,-0.0038835578878922998,0.0094532336532227,0.0036282159535191,-0.0051570913394363,-0.0070083487721376014,-0.0019364191056946002,-0.0011510576516906,-0.0012840964352633,0.012311718084551598,0.0093879807807312,-0.0037669217119139006,-0.0016613917569604998,0.0014640798658541003,-0.0101841023296259,-0.00033857429667889967,0.0054700968626123,-0.0070068475678771005,0.009977837902663501,0.0018469495394546993,-0.0020417118979414997,-0.0027006627603353,0.0011609471655069994,0.0010033585521774,0.0015308069988990997,-0.006100336149661999
-0.0003856816864052999,-0.01754577531516821,-0.0028246907601698996,0.0022026142550099,-0.0063566153301421995,0.017118126790208403,0.03821549204812559,0.0033477261613634995,0.0029258480846392,0.0019356879168162004,0.0021820848293511,-0.0003910223453211011,-0.0040389364547567,-0.000450933681205,-0.0014701890933318,-0.0034569133813746947,-0.0010084405971132002,-0.0077402626160033,-3.035916582319999e-05,0.0022605962369545993,-0.0016236748749500996,0.00040026160484490014,0.0041694375479259995,0.0040604170632636,-0.022547043292805897,-2.3901385622100008e-05,-0.0008601008686923998,-0.0009019360424098,0.00042682444472670004,0.00035566870157150007,0.00038609230316139984,-0.0083304010966676
0.0016580737437061998,0.0047536692708811,-0.01401195973680358,-0.00025035501168160085,-0.00037079999910849884,0.007721057633176598,-0.017897585630640502,0.0027216121855242,-0.0022151899643691013,0.0030499619284450005,0.0007203235727153996,0.008750924000406599,0.0012096774733985002,-0.0015259008380030003,0.0026313684434253,-0.006759838887512998,0.0036336442726822996,-0.0034829860148329,-0.0016202664646392004,0.0009974211696619998,0.0012864433716256,-0.0002588951890890997,-0.003943453235833701,-0.0019262862531378997,-0.0024088108638764,0.0009231759972165993,0.0053564832394652,0.0015407248925898,0.007925110900204601,0.0010748689455522,0.0011447341923084995,-0.0004269471434569993
0.00012485831367969966,0.0009455189828408003,0.0046872643690428,0.03183968271035342,0.005322189573058099,0.004919508064938001,-0.0268475185467201,0.012671403314087601,0.0037790037068090986,0.0022893065465697006,-0.0019371364957131987,-0.010476194045258496,-0.004062684476519701,-0.0006686086152502997,-0.0007189271877443993,-0.0011615076632538988,-0.0011152193878696,-0.0001437639429901999,-0.0007227032909881003,0.0052036466331479994,-0.007073424202907101,-0.0004967389057565002,-0.0046377545966671,-0.0041494334436437,-0.0019467886802660003,0.0035722879945394,0.0002421073671119,-0.008296304780658102,0.005908958028272,-0.0007336766771536,-7.057026610399978e-05,-0.0062467803989866
-0.0002246022626341002,0.0011597522722614,0.0004950886422308998,-0.013580958808308698,0.012298470158440766,-0.0003678102387063998,-0.012121691842063999,0.0023705788273179996,0.008701343201509,-0.0010115376330118997,-0.001421095402974401,0.0057052729660646995,-0.0024280570751523,0.00022346076749159998,0.0005200775913725003,0.001800053102807099,0.0027802803409775,-0.0012113392355788,-5.05210783105e-05,2.2340373664600163e-05,-0.0034306230806021003,-0.0012393887019576002,0.0030241834972286,-0.0060832200638897,0.002880121048826099,0.0003501451239026005,-5.481607026980003e-05,-0.0021548623729305996,0.007720544302053999,6.55244804312001e-05,0.0020270430612182996,-0.006763755891408001
0.0010980967321819,-0.005670755225363401,0.004829101082846301,-0.014332182853230999,-0.004923928682368401,0.06072218978878208,-0.008362851692453002,-0.009596755197925001,-0.0092268447070313,0.00019452449740109921,0.0032439040861527,-0.0053258532140253,0.0007404504042398995,0.0016740759109543997,0.0062016122479512,-0.023313917477485804,0.0023523523146437,-0.0025511152693861003,0.0003289571370156002,-0.0018691218127667,-0.0022715878124306005,0.0015400137629605001,0.0054236903155334,-0.0013888226910792993,0.0013003240125021992,-0.0038114377963953004,0.0027033346373096,0.0037365000680243,0.00020101623821369968,0.0005811750494214998,0.001847113242746,-0.006073257096938901
-0.003954850790546801,0.000710506292277098,0.0060094748616922,-0.027418022325048003,0.0018466152013057006,0.006547810436047002,0.013817879087281382,0.005096964275496399,-0.004396214528411501,-0.012334825327057,-0.013550125976384999,-0.0021493776753295016,-0.0056028828153854,0.0008801512712047,0.0034447219996052002,0.0112584171651153,0.0071922159650534,-0.0028294255829462,0.0018846357885819996,-0.0024112169466703,0.0011787873314218003,0.002846113031972901,0.009517077812018299,0.003920008895464001,0.008948878715210601,-0.0062388210806788,0.0010587358466049007,-0.0038984165642166994,0.00039412674347789976,-0.00023767304121529993,0.0028236675235668003,-0.004354935589507099
-0.0011184818989341994,0.0016342465096567996,0.0038752515580545003,-0.0019412680153282902,-0.010842095163337999,0.0030076869975297973,-0.0277129879158807,0.0499264471169904,0.0165704906397183,0.001168829670001998,-0.005851744258192605,0.0024983879483432003,-0.003350293349350701,0.0005285761368668002,-0.0013002588784803999,-0.005832223195709099,0.00017976558770549985,-0.0051562778146455,-0.0005427153135030001,0.0022559190569389,-0.005040778162724401,0.0001710038604289003,-0.0034100136066561003,-0.0010862972889613002,-0.005226418435789401,0.005867955131744501,-0.0010390768272672997,-0.0114805675159556,0.0016044346650243013,0.0002260412636539,-0.0003629160202988,0.0017793775183573002
-0.0035480258350428003,-0.004065028364967201,0.0044499622454024,-0.003698496612661601,-0.011324608338993295,0.03067971410714499,0.0232580040487278,0.0037370742510942,-0.012384023706543401,-0.0022345491207145995,-0.004264992061160101,4.065808791589923e-05,-0.0012793312408595002,0.0007590486373562001,0.0007415366614719004,-0.020167734359282402,0.0009388487846562002,-0.0029050169409946995,0.00025429986910909994,-0.0016961452019056003,0.0006896746862107002,0.0014803300313651,0.0024834137045047994,0.0011032645159806,0.0029435509107778,-0.0029152323281424,-0.0015272484951819,-0.005789223264773101,-0.0011015547563017,-4.96520411415e-05,0.0017738589512743,0.0036176231756737997
-0.0026458054852167,-0.0042430341912159004,-0.0010357186300850004,-0.0009888452579755042,-0.012217381619532904,-0.0077047540801626,-0.0183782849614002,-0.002509310612953,-0.003780913077653998,0.0427495753050291,-0.002199992190804601,-0.0026450861483297977,0.0006591401696002998,-0.0002949486550432997,0.004395162604339399,-0.007120713772370498,-0.0019351977332442995,0.0016607598206181998,0.0016614788738102,0.0073106397353464,-0.0011156573215684003,-0.00036509713225320014,-0.0041682875571433,0.005566708818033199,0.0014853255341571985,0.008485447925656201,-0.00020198413110649946,-0.0022402255827693998,-0.00015163805799000424,-0.00011261010897550003,0.0013395432593395003,0.0007417042618650003
-0.0025429427763378996,-0.0015587543491430004,0.0005845779428281998,0.0047805140832366,-0.0025539342265823994,0.0144775834572426,-0.021181820725929803,0.008957463468465304,0.011580607429520096,-0.0039896078497383,0.029804794205177343,-0.0148980831811379,-0.0047695466702554,-0.0001821081316746001,-0.0041123452465629,0.0018363500989637023,-0.0013142736694007,0.0005433980156452998,0.0020823323416474,0.0020413338832219003,0.0023220099554703,-0.0001523937843717002,-0.0129349427887748,0.0015459886910854006,0.0032952961459819007,-0.0003976299890759011,0.0002925003989617996,0.0024165658565509004,-0.019601851344630696,0.0003856338879872998,0.0018181386187419999,0.0014251462528877008
-0.0015361859912268998,-0.0002614895569172,0.0008921179899344999,-0.005477164004621199,-0.007380760623779601,-0.0018183947152621994,-0.0016461484101910964,-0.0011023594950750996,-0.021497619681221998,0.0003418313547044992,-0.0003048086119711007,0.04732049940892502,0.0031918973892983,0.0007041796603423,-0.0011134326448732001,-0.006376038952202501,0.0018090812616214998,-0.0016387558205391997,-1.1429158787400195e-05,0.0009608208904052003,-0.0034545067990016994,-0.0004724132378632999,-0.004948642714768999,-0.0038665450335531003,0.0017470056029368995,-0.009608272999555498,0.0100800031036795,0.0012576794031655,0.012918903799211,0.0006150830933310003,-0.0064877102626204,-0.002836424243523699
-0.0011106226281751,0.00044202385854449997,-0.0012678330844308,0.0008690985846541016,0.023279214118167302,0.0068580889272049994,0.020165595444763696,0.0001914988738598005,0.0044557499043588016,-0.0074339663472065,-0.0069756573788924,-0.0027531540059761994,-0.07686493125814775,0.0005806800554112998,0.003939936414176705,0.0176864281569414,-0.0021513398999878,0.0012833122244896,0.0018715664347150004,0.0013536690920684996,-0.00017081712701969877,0.0020833125362769,0.0044320886461534995,-0.0012985812770833008,0.0175213996624889,-0.010962556727600398,-0.00032983027789749986,0.008872415179623998,-0.004555298139126401,-0.0006985331170605001,0.0011065328416388002,-0.0004194896869336006
-0.0019941607939022,-0.0023907268233598006,-0.00016736217453980004,-0.0005709367875854996,0.0048354700371932,0.0121817061115603,0.032810295688955604,0.0015268675869917004,0.0010611987535778002,0.0021795951487444,0.0020399216327412,-0.009864317854676098,0.004119869970877099,-0.01329634991126094,-0.007373504085327699,0.0074204828690259995,-0.0010712565343682,0.0004750033123288001,0.0003038904739997004,0.0016237493995916999,-0.00041214664588239917,0.0007539961709031998,-0.0022120112551537,-0.004633824169905,-0.005048434374702,0.0030260338273692005,9.183280678449991e-05,-0.0075702883500255,-0.006771458570024199,-0.0004542701091233999,-0.0017419674152238,-0.0088768979355836
0.0011720932871114999,-0.0006401846189851,0.0004261211437841001,0.0005396759757700003,-0.014041558507951996,-0.0022642162118677,-0.020787219308942402,0.0025186577428975,-0.003157805848961399,0.0029193554923605,-0.007168333535052002,-0.0029660382564312,0.008384317539147298,0.00038228705837319997,0.032015057709630534,0.00015025388071399776,-6.191566810899874e-06,-0.00032436056806949996,0.0006635655814145999,-0.0020576780285599004,-0.0007234313528919002,0.0024324452087142,0.0037405059889421997,-0.0045942853350792,0.0037876158883859007,-0.0011363019214537997,-0.0002502793919597003,-0.0003573730111662999,0.0029254577108408994,-0.0005251540417552999,0.0007769837725551997,-0.0018339824747038002
-0.0010243862428830006,-0.004480011946140498,0.0065338395081891995,-0.003372316315915301,-0.035195000761785805,0.02846942134603829,1.0868891932191982e-05,0.0076665812023487,-0.006228898103249003,-0.0026153468690651993,-0.005873689447336799,-0.0013287920432504003,-0.0010897153847095001,0.0005884672695673001,-0.00022065070924539958,0.01699807340814341,-5.3623889843700066e-05,-0.0013466457112464004,0.0005453387828803999,0.0003347913194758998,0.0008088717800864998,0.0007781359171611,0.0022999923398406,-0.0017739728350521008,0.010003846176872201,-0.0019848068841066,-0.0020187977560679003,-0.008439081762377398,-0.0032381804904204,0.00023641262788579997,0.0011253260563923004,0.0038839505258818005
0.00020383541514159935,-0.004280470114137401,0.0024908827561117004,0.0012105245058014998,0.0055712251800178,0.0004260983327485004,-0.003540828110200799,-0.0005063131292327005,-0.011172248543626903,0.0024489046098008,-0.0020382712662066,0.0047988447032834,-0.0017903285587390996,0.00010919389804719991,0.0010452642044585,0.003052601051576495,0.026964852884300616,0.005438599124772301,0.0005928493258803998,-0.0019000246448568998,-4.9123027520700004e-05,-0.0064117003566312985,-0.006427738561337302,-0.0024232869414463004,-0.004615099243047101,0.000551008902041,-0.0017378441831105997,-1.5605438757500083e-05,0.0002813177395270001,0.0005347065828059,-0.0022215192927071995,-0.006590307804756102
-0.0020501886976661,-0.0025491468145293996,0.0005223410711602998,-0.0018476090243654997,0.0108728668160303,0.00011432137958090026,-0.0214246259147721,-0.0007481637103037,0.007525522380955701,-0.004885465489316,-0.008026866881986701,0.008898295521302701,0.0019713015272802,0.0005961206616586998,0.0030627866363700006,0.0099291504682013,0.0009837923208105,0.03478735011603462,0.0007275804059737002,-0.0006626806213485999,-0.004705507112308601,0.0001309221483132006,-0.0158559275598869,-0.008626153069118198,-0.0012084322877902003,-0.0053902529767192,-0.0020955203048203,-0.0017935375732849998,0.0037829480643886,-0.0006878894352741998,0.0019392608080512001,-0.0032865928526208017
-0.0027297041840586003,0.0012897429631845004,-0.0018484510039722998,0.0043702281366793,-0.006544858931707099,-0.0069481361492931,-0.0333127956489164,0.0037798745273971996,0.0038308990377481002,-0.0016147990652165996,-0.0015072832996123999,0.006737426390283598,0.0006489827394966,-0.0002728780853247999,0.0009714921509818,0.0008548768346658998,-0.0004694650586727,0.0025503085336808,-0.0067371418463221255,0.008671334735237103,0.0007492580083325005,0.006030677702444401,-0.0026093936392433004,0.007177819812793501,0.0083900579092073,-0.004712336460030999,0.004743266208015599,-0.0002900113916828005,0.0048382663656847,0.00018142462455509982,0.0039054791241279994,-0.00012416104046210005
-0.0008577693241973001,-0.00012847821617420008,-0.0012834484250231,0.005952172691393099,-0.0048976064726448006,0.006970854820803401,-0.009347330994238501,0.006099274065271399,-0.0031259288484903995,0.0005160993157493003,-0.0018283652094158998,0.027995335894352498,0.0015151572050250005,0.00039069371721790004,0.0009479579966587999,-0.009193666605179,0.0006536468730385999,0.0004331737647151998,-0.0004525239518915012,-0.04209607392286485,-0.004292903166753601,0.0117864745129636,0.0095746229737091,-0.011340922728436998,-0.0056843034706018,0.008463648987937798,0.0027797849205481,-0.005781463686726899,0.0149425275122483,-0.0013065544985598,0.0048731819721955,-0.0022772677026289003
-0.0005021583161603999,-0.0025601779481525004,0.0008856513373772,0.0085750012788778,-0.0007912837116502008,0.011801116590407602,0.005178771107774299,0.0051114405502974,-0.011769861915569602,-0.0010702756438167003,-0.0024690754176962,0.0024001957959150985,0.0023492209167426,-0.0008509602561668,-0.001431629214855,-0.004173583358289098,-0.0013495336402263,-0.0007255812780854001,0.0007375430543147001,0.010555948858124402,-0.019300453659768513,0.0004307414764575003,0.010356798212326001,0.008392476407455902,-0.009421101633358003,-0.0057311124029518,0.0013237992938948014,-0.0021361865124210006,-0.005678429289451699,-0.00019422648795130006,0.0020687271030932,-1.1801296487999602e-05
-0.004300021488016999,-0.0084662748778839,0.0024338544399869003,0.0013310409938858997,0.0027006451664671003,0.0029978805396092996,0.0086108235698737,0.0011382051806161,-0.005287517099876599,0.0011382091202340999,0.0019837067373653,-0.0022509280731412996,0.0002977324801828,0.0008451494207250001,-0.0003945133378023,0.005795668802249895,0.0051165096735845995,-0.0009676360992182994,-0.015900332579186303,0.00011216714933429996,-0.0002044505964440002,0.046330994612717835,-0.0582366120371246,-0.00021413334755119966,0.008485887228150298,-0.00022777019349970017,-0.0004958223287508,0.0001660515528693002,0.0009078091206897996,-0.00033978216233640024,0.0006288368355598997,0.0062646215967299
0.0057890681209153,0.00027437978649100074,0.0008713700075996997,0.0032840259356104002,-0.0014305535058120999,0.0074492024724411,0.008403368819308102,-0.00029574070890329984,0.0047478041803142995,-0.0005091581263734,-0.0019803065465385,-0.0110487185077333,0.0005034581956682,0.0005077950573038999,0.0007275748257228,0.005277882875798001,0.008339964453140301,0.0011563551021481,-0.0051548238268536006,0.0033519091523025995,-0.0020299701211098004,-0.0007013433591224992,-0.023662717393814203,-0.007770302689562499,-0.0011281949925373994,0.0013839197444047002,0.0005332542505165992,0.0018296360305471004,-0.0010018064995962993,-0.0002766029041727999,0.0015709481594170004,0.0009883220124811002
-0.0013016453167211998,-0.0029199900759565,-0.00047246672293659985,0.0029376804831937,0.0022710752347478,0.0090216671354637,0.0166481706126268,0.006035145415955801,-0.030868662450708597,0.0003811352897215006,-0.0037450253987158996,0.013064316931574997,0.0028025535524487995,0.0003191185930496998,-0.00017288658590910002,0.005516155158347701,-0.0006524841990645999,-0.0005619055455250998,-0.004672173728597299,0.004962900358974103,-0.017511300754020104,0.0006044306682900999,-0.0151378240814761,0.022012923784794247,-0.004774602027451801,-0.005528683358122399,0.001886252918620301,0.0026372472622989,0.0009106735811296,-0.0002864859607885999,0.004311381538568601,-0.007716692313812399
0.006981190845143601,0.0015079382771830963,0.0002783386406695998,0.003937627278951501,0.011821585266700501,-0.0053736110146779,-0.046266993739178,0.0019512798223693998,0.023552368384514702,-0.0018919955265847,-0.0014222231291472001,0.009707205371107698,0.0009777199780151998,0.0007146789133277,-0.00015043266919070007,0.0355668857456713,0.004348800775389801,0.005592987033099401,0.0002723915595315,-0.0014671262515517994,-0.0070585518697137,-0.0062440329724639,-0.03673214232944701,-0.004832166950942801,0.0011255999216258084,0.0013235031386247004,8.211527376900032e-05,0.0021635464537452997,0.0036963961001770986,-0.00011866595910780002,-0.00030182727721910006,-0.003742389090392099
-9.220205853840003e-05,-8.932157892819993e-05,0.0005581024233539001,0.00024336762301039976,0.014289692690478601,0.004690834738568699,0.016417779024524404,0.0026669780224906,0.0044288166281862,-0.0001431899684900999,0.0012914850454967004,0.003848044890515802,0.0002237265504136999,-0.0002880672647149,0.00043861360966669996,0.0205957376478405,0.00037844500884840013,0.0003658278311181001,-0.0011957769449103999,-0.001980795285359698,-0.0006803533999397982,-0.0031537194930371,-0.015489294214536998,-0.0072724175268484,-6.966948832609968e-05,-0.04520060633617884,0.0011002317171799007,0.003179273951477499,0.0018732206488343995,-0.0013188970612766997,0.0026935788264366,-0.0023094462573553
-0.0038232856227644,-0.0028670029104232004,0.0010940938298361,0.00019096601431229992,0.0036583799738339993,0.005151599890529501,0.011572615158004099,0.0007012705771937012,-0.004313111880759002,0.0011767603788496997,-0.005767747448939398,-0.013390940198042399,-0.0039934881938073,0.00011248283137819991,-0.0003337804615189,0.0196045149341111,0.0014882164760077004,-0.0012062440654501,-0.0003417840082353008,-0.0035931045855157988,0.006147647378542502,-0.015035756360710396,-0.04374949771738589,0.0070727605725622,0.0038043066126554996,-0.023862230775608007,0.04531877916100552,0.0071290633083727,0.011944709496467906,-0.00010173069885099982,-0.0013365163464563977,-0.002451945319194699
0.0006745137877366002,0.0021875422073356,0.0012657537636545,-0.004524966394492701,-0.0136812535143338,0.000249469344677301,0.0008279874085082017,-0.005750845684170501,-0.002345194903705999,-0.0069065700268592,-0.0007300324507883999,0.008365128244010096,0.0085134848875256,-0.000982664160783,0.004558384044542001,-0.004889638807830204,-0.0007789573880417999,-0.0024359932660946004,-0.00031284786557970014,0.0018750112345475023,-0.0054121360680235,0.0004930720736308,-0.006164971453727198,-0.0023908983899450995,0.0010489964076637014,0.013119958046481802,0.0083131150200062,0.00043833827538142245,0.003361376783376502,-0.0003502389715628997,0.0033096608523430996,-0.0009445830354825003
0.0028933490277165,0.0031636305916636995,0.0006340621377333997,-0.0007054680732433002,-0.0083830526906608,0.008732823035437398,-0.001677875910830802,0.0007814288788886999,0.011169263093305199,0.0051307354678969,0.0067253242608121995,-0.005036842002782496,0.0009823708474155,0.0009944654905337,-6.771421798219997e-05,0.0010692093742695995,0.0011511012667025,-0.0008532893619416998,-0.0009262722225136999,0.004802340423184401,0.0011392664094552005,-0.0029279075423187004,-0.002090603335754497,0.0163948548962302,-0.006730347664433898,-0.008775065836068501,0.0185704268359802,0.004612566840609199,-0.03495860733105716,-0.0011771090175767998,-0.0085539471451005,-0.006083116525569299
0.00037001098746550004,-0.0021526796932412,-5.8931573345900184e-05,-0.0047776449201324,0.009236981502366801,-0.0007858454483537,-0.008324566923001202,-0.005269785928177499,0.0020544961653912,-0.00024169377441769953,-0.0064636899364809005,0.0034813229170414985,0.0017688644270061,-0.000190819347249,-0.0004827670589714998,-0.0010685581176261005,0.0009885455618093,-0.0012555182716279002,-0.0002473552386299989,0.0005879184868875995,-0.0012694045256153,0.003395052268890501,0.0004800789117365978,0.0005791573021525012,-0.005058788892772901,0.0076841582459668024,0.005483125882399601,0.008060985424846002,0.0019985019410307,-0.010536056419582107,0.0005065818721646,0.0015083241720699999
-0.0036781466269543003,0.0006210936750268999,0.0005760486900394,-0.0011002199948036,-0.004203921577610402,0.006727375098036,0.004961118065937398,0.00047714513605710005,0.0092775755697912,-0.0025741367030417,-0.0017400855372424005,0.013453100986425801,0.0024582570386137,6.5933386209000334e-06,-9.12739525661e-05,-0.0006093618289707003,0.0011043528445161999,5.3636066405999975e-05,-0.0023396485636201997,-0.0035328341317771,0.003361616304871499,-0.007881127607403799,-0.0093218643496079,0.013959453950140303,-0.0076063712052038,-0.0056100857920213,0.012403090499369098,0.017613689237177994,0.0009369802631463992,0.0017067614640092002,-0.034004043331565814,-0.005404767025795699
0.007905295299104699,0.011238136016133701,0.0016586032951855,0.00022818160334839993,0.0099184280556645,-0.004285723532790799,-0.016988836356622905,-0.0007763529568478003,0.007590588418928099,0.00043975768438119997,-0.00046308616076390016,0.004871185381407298,-0.0007531679505317001,0.0005424247106899001,-0.0009859214274838,0.018109965900678905,0.001633408655535299,0.008989593665550799,0.00041892598818160025,0.004707308158744001,-0.012109626683773498,-0.0039476747872653,-0.0263531764452514,-0.0091274494603996,-0.012593853994856005,0.0031357084933538995,0.0005169425051829001,0.0003356826418978,-0.0011487040992280012,-0.00029136328686029994,0.0014462213825025998,0.006138579286203816
