0.690842109317647,0.000334543655929387,0.00087479363999104,0.0164875030501457,0.00278565189283492,0.0480423585727691,0.033235935831155,0.00772077312361965,0.0247180004416073,0.00571123613241826,0.00221631826688988,0.00448112038381742,0.00262643871970453,0.00252816828562682,0.00113323030524542,0.0516893055158892,0.00272249133087704,0.0178634255630914,0.000127469336927763,0.00268833858281407,0.0059250660965303,0.00921359924477233,0.0217482313244549,0.00250771349383,0.0210136494374139,0.000835530997447995,0.00117866552376755,0.0115079578356282,0.00183263765451017,1.20928009251714e-05,0.000580042447352206,0.00481560119436697
0.00721823037769537,0.607370539033043,0.00782854760061705,0.00380563471769231,0.0129951949683289,0.0254653828342906,0.0852350665289457,0.00874603439136022,0.0148797613051416,0.00076738607964514,0.00156547251533367,0.00468099681443367,0.000776273041402796,0.00547819636612405,0.000223563898944235,0.108951444964241,0.0134730571517463,0.000612474698860339,0.0011086165125851,0.00731800290781086,0.000857695562325735,0.00297562414101061,0.0113835439738806,0.00640660592000056,0.034266909332646,0.00343358796803091,0.000841675859341943,0.00378013830502221,0.00421179694650627,0.00105432585531824,0.00244494563321169,0.00984327379446314
0.000223843433413145,0.00205254029443436,0.78009829516103,0.00782011951085566,0.037700787406812,0.00352918664622777,0.00392110311949285,0.00218089302323638,0.0112701288862052,0.00154228233854799,0.016455368980672,0.0180659038894681,0.00311576443799348,0.000691531761756553,0.000207530799842855,0.0383734889659645,0.00320844249006408,0.00548078224721486,0.0096687219740901,0.00123127289068292,0.00130363193151189,0.00620205288485484,0.000716788488119928,0.00173665299831152,0.0155963919245497,0.0013895124650467,0.00900437727527932,0.00311843517195723,0.0101639690453222,0.000131617430334056,0.00298176196121199,0.000816820165495669
0.00188304527019391,0.000655405429361303,0.00250382937495501,0.568328165422389,0.0779658265549148,0.0043174681536604,0.162965640278544,0.00489184510480635,0.0164813481758049,0.00941082528172911,0.00341086437854244,0.0481238651458969,0.00354449134264461,0.00514881049954238,0.00471434896188069,0.0139525732083783,0.00102419121948915,0.000606265364233435,0.00254719071270816,0.00284416225611025,0.00734258114426601,0.00594283094803164,0.000706089775413318,0.002014922261048,0.00544289748771628,0.00192701605229304,0.00762030191083024,0.00189402804988501,0.0291716513558769,0.000160064635121195,0.00104859881451581,0.00140885542921799
0.00101892867245943,0.00229901242430677,0.00816377382852445,0.00912360173931772,0.782702305393779,0.00134842974796397,0.0258358317827475,0.000671868383485407,0.00888335195139798,0.00566809875748494,0.00651150208318868,0.00171986103335609,0.000924883437436815,0.00157258284244089,0.00274714709644761,0.0454856425927593,0.00587435348981206,0.000220484329703688,0.00113478553644693,0.00877300892704084,0.0230969141776405,0.00550238304114981,0.000431027863385791,0.0052377787610342,0.0102452903007765,0.00856957436428109,0.00285026896539329,0.00801790934291448,0.00712524173578682,0.000807209922625116,0.00476747270921883,0.00266947476569323
0.00427990764903725,0.00525939806237206,0.00615238140649136,0.0571286491262481,0.00755230171248105,0.582770143200532,0.0352475469436635,0.0550784876761199,0.0235610654443723,0.00935708092636548,0.0251845783447256,0.027341038767319,0.00248578713299431,0.000936610362565132,0.00297169702461418,0.0339936808163817,0.0108479182460468,0.00105933246525344,0.000834066123880782,0.00436915478742625,0.0462675402682887,0.00166635170215698,0.00134828869932804,0.0183358638119466,0.0130328852919675,0.00661974641462831,6.38404849046279e-05,0.00448611038819483,0.00345317915905663,0.00165947132828036,0.00452364847353133,0.00213224775882581
0.00709394218519048,0.00286540509574255,0.00600582478946389,0.0591923358096501,0.0209110788510409,0.0131664288432387,0.533599003633301,0.0134990086385449,0.0302506903616213,0.0227695591792402,0.0458567029941647,0.0488812548584316,0.0014077812177018,0.000954963606402359,0.00389961088215787,0.043687250521165,0.00567668577449185,0.00318856764986342,0.000221508469102589,0.00574691961838796,0.0431403695287656,0.000179183985449297,0.00805770484896757,0.0148085156329868,0.0188359140590854,0.0108464652954523,0.00317827375026417,0.00644800780913314,0.00879697040734267,0.00214327062253392,0.0134281925907324,0.00126260849038339
0.00173909114987932,0.00322067918889473,0.00457103816165378,0.0248862231250842,0.0400976299757521,0.0106728447493678,0.000359782724356809,0.493395598361992,0.0242501051291309,0.015845710379819,0.0109287591812876,0.113037011454269,0.00818431040534139,0.0120473658886407,0.00895598115256331,0.0207375285075887,0.000940010597487912,0.00262536843386471,0.00145681443135592,0.00716946781256204,0.0130980013922868,0.0119464961484387,0.00659889905430865,0.000979574523203092,0.0651660405532991,0.002848717463142,0.0167446733578691,0.000916216787272357,0.0689734721539513,0.000295991132334666,0.00188224801890953,0.00542834860409291
0.00374417129607109,0.000464745183942423,0.0010777411294779,0.00532282752065727,0.0234612971302609,0.0107058016075099,0.104376809184571,0.00760659386116935,0.551413348014494,0.00490252432848778,0.00991165186728061,0.0205082648134402,0.00217218419669845,0.000286375646490255,0.000997744914255692,0.215060884299795,0.000189268460091047,0.0083046812695887,1.53678479152228e-06,0.000952095763171752,0.00274004944557661,0.000964360642833877,0.00389018200334679,9.17078928341646e-05,0.00884861536215208,0.00126734480754108,0.00109402024720176,0.000128110813556332,0.000517959626525552,0.000416694303213957,0.00318263775383387,0.00539776982913883
0.000912817060434501,2.99184809334687e-05,0.000676338699644849,0.00420446101835221,0.0296986840302393,0.0242277277646705,0.0236592061482117,0.000205561180522919,0.0300498498673672,0.705905263673154,0.00900843026488145,0.0584971445852106,0.0041799256246096,0.00253763601718441,0.0105817239343466,0.0320275375123238,6.36100226425379e-05,0.000608305777228702,0.00134540404740396,2.93071992893301e-05,0.00482051953163423,0.00180602667613536,0.0169843283503108,0.000342935497795767,0.000192054060688985,0.00017517389365785,0.00323525599527105,0.00322714289656365,0.0294908667384269,0.000879142011092765,0.000369846033551356,2.78554062196077e-05
0.000152286803868963,0.000263098318288856,0.000397908397039445,0.00258832533678814,0.0741812090685892,0.0302317580377271,0.0212327266547724,0.00717910511240513,0.0574646247249251,0.0551839425170065,0.443971855463863,0.0459135535920632,0.0200328390298818,0.00780413297137606,0.015735884993724,0.0275886759207667,4.7227428186951e-05,0.000143527538885668,0.00151030132528587,0.0151599810109419,0.0108489054470102,0.000176183321438896,0.0416635651334483,0.00218508283690251,0.00158309185975657,0.00442427934549656,0.0160447978571093,0.0151413582618988,0.0769579508372199,0.00249719086114481,8.48883558863132e-05,0.00160974163630168
0.00166936330835233,0.000346280459525956,0.000686280044786693,0.0238756813544431,0.00324434634836279,0.0399422365213354,0.0466180209531038,0.0120491472065524,0.00401086150558755,0.0396020248633646,0.0119852223517841,0.606715631321746,0.00565856057045634,0.000261396720467542,0.000275621527665915,0.0232919652158756,0.000111267346674509,3.22465180572503e-05,0.00643317757699982,0.014460018036362,0.0280958442916665,0.0229394321194291,0.0210036326110082,0.0120456818971773,0.00309483012384093,0.00631166786701688,0.0126528083524595,0.00126843074774158,0.0277896665589454,0.00323000506064654,0.0190286013341426,0.00127004928442152
0.00012313173691559,0.000827774866282841,0.00178830425553438,0.00493503538995418,0.0893693392848797,0.005420626660353,0.0139286729405111,0.00242503391498125,0.0514678996411891,0.0938010090081504,0.00287623200622654,0.00987930882421321,0.463416821194509,0.0027126665027252,0.0612885163485367,0.018871829043374,0.00160214294743683,0.00134991833220519,0.000501929849018803,0.00332901863896702,0.0507148225282968,0.00255561518014283,0.00145169894593491,0.0123363750767122,0.00324916577031646,0.00188183437336891,0.0132588527721581,0.0434177885862695,0.0360010176676922,0.00346634025105487,0.000659602303472127,0.00109167515861711
0.00289083949297372,0.000928606764566276,0.00374078015134336,0.00112885025109304,0.0191292618398974,0.00230984616021275,0.0100088144808563,0.0015249645056661,0.0208337398135848,0.00737648374753185,0.00376305222838621,0.0057793757427556,0.00423065581750357,0.818298190104123,0.0438287198356807,0.0157124960865841,0.000953935721254631,0.00062687856289369,9.21992971215419e-05,0.00519584770529398,0.00406177710492145,0.00113351972445884,0.000553179523048798,0.00495818374762691,0.00946628147613718,0.00253052538599608,0.000101223585911967,0.000270686735452219,0.00266041853933774,0.00061527400757814,0.00272970347366463,0.00256568838654326
0.000565684903817123,0.000249442668684646,0.000798850584907485,0.0041957451741829,0.0151045336816971,0.00186793972668846,0.0222416565550749,0.00057011821258735,0.00765281231534376,0.0120794021940951,0.00995777725603866,0.039661522854046,0.0225540546463106,0.00158623403009668,0.767768571555433,0.00231147870063113,0.0023635216751976,0.00556607288351052,0.00443780943586987,0.00175434289825179,0.00282721780778918,0.00176602765785481,0.0205986341818883,0.00176514616961237,0.0120856862206899,0.0032113482648838,0.0036157890072717,0.0124417455813768,0.0106049110188418,0.00149466066633259,0.00130968836251614,0.00499157310847742
0.0183919530716259,0.0043388655215885,0.00116584041051971,0.00948014368481401,0.0903280847264889,0.0053726304412481,0.188816902261966,0.0294993023156814,0.286279377100983,0.00585535396911435,0.0158205377763023,0.0320871283179911,0.00231552394657744,0.000368701728570281,0.000915284657699834,0.241208439234419,0.000761036198312806,0.00753228286902991,0.000179063133126734,0.0024182088153574,0.0111803197616267,0.00437151987095076,0.00186752429006465,0.00289590505765766,0.00314773651586817,0.00433860356308445,0.00549889322562127,0.00171987369280454,0.004825778549795,0.0015300068728319,0.00654307124638484,0.00894610717189308
0.0198831727940855,0.00270738143381749,0.000317812522368413,0.0045428744483302,0.00237336266859171,0.00248512620659233,0.00998019179732561,0.000890325700769485,0.0354293172051817,2.21088263158603e-05,0.00274322447729789,0.00413112900827389,0.00115202487769186,0.00123653880045145,7.27415424020178e-05,0.0146396556962489,0.784076484899309,0.0131334242364881,4.34646404767563e-05,0.00251506591658452,0.00544319037140611,0.0109252805227714,0.0158375590646815,0.0114593693511151,0.0161388191654989,0.0144135082823467,0.00864398814665226,0.000544504911458094,0.0006535657363608,0.00128406830851779,0.00603627153156682,0.00624444690902167
0.0031115375169785,0.00149031735068457,0.000963949354277032,0.0126935814562353,0.0231847482561077,0.0133058535979825,0.00488307654475944,0.0208873803180462,0.0282428539211539,0.00518364629891733,0.00277682921360513,0.0302774187074014,0.00111881652616355,0.00130903535893505,0.000439357714544237,0.00150223149540619,0.00499332340653631,0.690604784526846,0.00120512426033503,0.0314204568638866,0.00683402805024464,0.00204307076102581,0.00835436441007341,0.0163386341555288,0.00413909091802189,0.0152804939257779,0.0236808836753318,0.000209159176690223,0.0251983992310848,0.0045085355236762,0.00184185651133223,0.0119771609724105
0.000105373620765768,0.00263779989144647,0.00168406880902217,0.00839025504495185,0.00411698825326554,0.0028698036921285,0.00781293613482378,0.00138278506143525,0.0182038900162683,0.00413993412771498,0.0235069297174622,0.0195108263017963,0.00166590327288287,0.00117539939330411,0.00556615399631747,0.0143025703463055,0.000584825588495741,0.00665430205882751,0.773866007046724,0.00308290290097087,0.00980164322947427,0.00861784671627461,0.0275513155552719,0.0152465608370192,0.00556241471363408,0.00275242189749929,0.00603113427772423,0.0096994266931875,0.00227773338416248,0.00336680102128469,0.00766638595417132,0.000166660445387072
0.00175653583263511,0.00166146671590277,0.0018061599679596,0.00499977898771856,0.00496927455765943,0.00782374125069945,0.0128461954348712,0.000445735061770388,0.0157241107064708,0.000909044529360901,0.00101336939978354,0.0125023170455104,0.00102507219877522,0.00590022459401977,0.000205722628431323,0.0270741369678497,0.00196937388869993,0.00306046682822214,0.0089760777235321,0.726411265110083,0.0448597467517018,0.0031963388493871,0.00267694867199066,0.0095568948258874,0.00948330881419786,0.0466656391189104,0.0105298996883156,0.00253562526137041,0.0142673244914112,0.00295075754809138,0.00955317450362238,0.00264427204515875
0.000443447441780249,0.0026537809094101,0.00130869451813131,0.0248793476722587,0.0149354443869249,0.00551690095319631,0.00360720145314416,0.00407009080251952,0.0133134837115858,0.0169881284744312,0.0201039321139635,0.00897978385630443,0.00118125824155225,0.00254457184428784,0.00232489715223119,0.0131276168192804,0.000527750316697665,0.00228811725090166,0.00226005806462774,0.0162010976614816,0.702174305275834,0.00148483368844384,0.00608517891779481,0.0100206713447981,0.000127827029803481,0.0564846672313537,0.0140695205214412,0.00702492445645484,0.0060359247491234,0.00237436761783578,0.0253849541682582,0.0114772213541478
0.00298629501886361,0.00119215338727611,0.000362974889263236,0.00321535228191332,0.0215547722706876,0.0210107754068517,0.075597520538946,0.00162572234904822,0.0878525122946138,0.000680076923383527,0.000206658073293867,0.0056194101724343,2.45328764525953e-05,0.000323395851999988,0.00188753724942454,0.0231502015054165,0.00652255292838884,0.0224202015660032,0.0204307225403113,0.011080434759476,0.000894473572050131,0.580698880286501,0.0399091811102819,0.00463824072087311,0.00493723902907105,0.0168864625518341,0.00125193470744288,0.00318519860314924,0.00578872649754977,0.001346835335188,0.0293940771355997,0.00332494756641095
0.00169136565410022,0.00364544381451181,0.00107350036115455,0.002545192073987,0.00871092384064205,0.00740741689041315,0.0236098962134648,0.00114874021373573,0.046834787483873,0.00255332640063738,0.00414278869476043,0.0243598240663215,1.11329966091564e-05,0.00247749882435451,0.0031247260180867,0.0422830451011738,0.00669771637593976,0.00792536613831368,0.018831356891745,0.0364376157007846,0.00356453568626139,0.01249255058346,0.66295446156653,0.0105644457569265,0.00908345784699825,0.0034748893082826,0.00483881142390709,0.00344627525620466,0.00857834168774368,0.000929904338293544,0.0317996135906191,0.00276104920016435
0.00170239783968497,0.00467523487060903,0.000949317390850662,0.0156482937333404,0.0152843559313563,0.0148922307390257,0.000721333558547711,0.00529971340698959,0.0117084515706729,0.00982000236305145,0.0112377945886897,0.0137688360656301,0.00173193728495254,0.00180361863775662,0.00131203239853807,0.0199355742814772,0.000220281458433182,0.00212774853285505,0.0253876593815839,0.0340145039796806,0.0215747391910759,0.00686352379106862,0.00554760161782158,0.511424452098575,0.00147396193794618,0.169937818495796,0.0420276491778992,2.23161735826569e-05,0.00242692562992846,0.00291499060283764,0.038651533710474,0.00489316955926832
0.0042040556443025,0.021745402338696,0.00163608803599714,0.00505453383097409,0.0408540780263595,0.0165208218419052,0.0472560563403952,0.00954867932659381,0.0698606988312991,0.00334581772151979,0.00150958958533013,0.00447655328551913,0.000696006965837341,0.000841657918382114,0.00105695191601663,0.131080152927709,0.00357696807307115,0.0337055681967939,0.000290868890068704,0.0374538496224617,0.0169276582088835,0.00644118344260546,0.0698084135870708,0.0259276989045692,0.389460351746719,0.00262648585044438,0.0108084529927676,0.00240356050693666,0.00970032916354295,0.00180780099428033,0.00628301061098255,0.0230906546719652
0.00123140681614359,0.00271974823011097,0.000787431700125425,0.00947894646754755,0.0141177276022619,0.0107359028105028,0.00405880775217192,0.00563609518692149,0.0129246236357764,0.00317359932210647,0.00434705642955762,0.00852933383562532,0.000142797466759066,0.000592921849286608,0.00104699302829151,0.0148773531318595,0.000345105700474491,0.00134982117621869,0.0116335019967142,0.00600589971743291,0.00321742083015976,0.00131439239606814,0.0137207950592157,0.00399175505127064,0.000561929410839944,0.790814331743905,0.0315979983405799,0.0046608080989252,0.00551686869777965,0.00017454341768354,0.0266744256411576,0.00401965745652699
0.00168249393752922,0.00576141879246542,0.000257189283553486,0.0175682065370772,0.0207205212488349,0.0212822118003676,0.00598915729255963,0.00952559716922783,0.00366098624401142,0.00580361676760065,0.00376913275325189,0.0183543279020096,0.00138369090027221,0.000114263196326529,0.00108454130800924,0.00933984410662417,0.000967705817275799,0.000249747685596016,0.0439011877773136,0.111601835046795,0.00903136727189419,0.0113703027926707,0.0482296818066212,0.0300382472445952,0.00230317343077442,0.116747525622159,0.421135637924036,0.0142568337019912,0.0175700554680995,4.83848954188135e-05,0.0399154298279509,0.00633568444708664
0.000815493516092724,0.000126389259308783,0.0006267027167523,0.0170999884852792,0.00092342692942294,0.0292079004011401,0.0916376035091401,0.0124015350009611,0.000583725316675497,0.0308707365529599,0.00260288511714597,0.0898233895629573,0.0107274861861448,8.70033799360096e-05,0.0245841088091939,0.0201175181335416,0.000345209966486549,0.00014537583321745,0.00779780572043696,0.00746892580799752,0.0202808154568225,0.0103770979047851,0.00675853503310486,0.0012860050254531,0.00134034227402311,0.0322162245911603,0.00203514708296623,0.509034192215753,0.0353098523011628,0.00924247889218037,0.0238119344343987,0.000314164583399292
0.0010867455222061,0.000995451320371291,3.82055933034771e-05,0.0149205013513173,0.00155366582238269,0.00854148089692693,0.0191845937745357,0.00517613488954862,0.00576179897193746,0.00988761557818771,0.0150323455787602,0.0157953417131659,0.000760257744587054,0.000618139033555245,0.00366009685018103,0.00280932225424922,0.000258532913663078,0.00176001129387248,0.00192359166860507,0.0120166667656123,0.0310793189770678,0.00831741280911706,0.0180391995953882,0.0319573027405886,0.00406719661967775,0.0288644262742026,0.07697111962979,0.0161557547938587,0.648196344391484,0.000194369874231643,0.00396990564873205,0.0104071491088926
0.00226672730812765,0.00535133206360788,0.00127856075166355,0.0124903757390591,0.00535694573561271,0.00571166124909588,0.0024122502597216,0.0122352132994815,0.00548811012683862,0.00398748439322489,0.000171902342900765,0.0101141639619626,0.000797097874116662,0.00158628581639011,0.00576708696230198,0.00498134776172962,8.86477166918985e-05,0.000711693427464383,0.00613215595511145,0.00266235460940539,0.00400741144503905,0.0023958569340698,0.0116804586388647,0.0094592991356389,0.00220671214502704,0.0100121695271802,0.0105734705410762,0.00417759771623813,0.00514356187306314,0.844050916784719,0.00520938536549952,0.0014917625390756
0.00182099515143843,0.00194105738717099,9.3819914525587e-05,0.00660209257239718,0.00205616606645357,0.00832602006074447,0.0131728585164589,0.00447701853495275,0.027693316948432,0.00172616182894674,0.00722145647592581,0.0201309458286939,0.00583544501702488,0.000333582038721331,0.00567469314109269,0.0114268179388681,0.000879975261293488,0.000282601027432509,0.017670874693936,0.0227419574344046,0.0394641352433045,0.0159568754337926,0.0340474074050669,0.0483677081217358,0.00603060446552204,0.0121803412516572,0.044218814349636,0.0382456842230963,0.025295023326948,0.00227861006157754,0.558753241504005,0.0150536987747444
0.00305841271324294,0.00174143223499868,0.000575899013048727,0.0192444387955358,0.00939884798466046,0.0238265433646383,0.0135751501407719,0.00960035382759851,0.00284481686502969,0.0129916949846452,0.00325556574728933,0.000309701900406009,0.00106898022118049,0.00385160649026452,0.000423389988344003,0.00667564433556904,0.00306314479250083,0.00739242755622218,0.00528232488925269,0.00534587266011441,0.0346114209829703,0.0114904680511117,0.00409005705803115,0.0250374118576365,0.0183421464419941,0.00428040880454947,0.00955007084367581,0.00466930017019052,0.00229942170760634,0.00169044162753106,0.000576648799235507,0.749835955150154
