0.0853541445767923,0.000751683856329233,0.000219921027752865,0.0116027585874903,0.012641025211422,0.00542343295860782,0.0725296739244201,0.00773984093606846,0.0164824195120052,0.00239246386630331,0.0610919456942006,0.103485835783447,0.0417142820780368,0.000933008164113534,0.000759500643697242,0.0151564797891643,0.0012593888402733,0.000725242781796824,0.000919717342261388,0.0149365287591668,0.0653447130818013,0.0485556911814692,0.216122085038148,0.0254827811352963,0.047679619309935,0.0132118390139262,0.00610391553909522,0.096287731222021,0.00079611117408569,0.000187364658108524,0.000196112115553922,0.0239127421972103
0.00292308291054259,0.105512942787967,0.000162385782565552,0.00673350957453938,0.0585653968960824,0.017483906404339,0.176471029180534,0.0128019822968439,0.00282196671854315,0.0158274367890192,0.0209021564640241,0.172735742029721,0.0493529189262797,0.000600877946097564,0.00237578735017704,0.0277866406381113,0.000832758141175647,0.000241844305096721,7.38944085751395e-06,0.00207284301901567,0.0324757239863267,0.0197644164128206,0.0902481355804352,0.00557666364786563,0.0109692388684333,0.00270730839608166,0.00441136350917451,0.139228886558547,0.00194929170967015,1.18189552793113e-06,0.00320526301390676,0.0132499288196776
4.49060036895782e-05,0.00102987987119167,0.162597326182812,0.033453878194698,0.0301070871333674,0.00569561159109903,0.0454401624781151,0.00403335354853103,0.0158151671007366,0.000161167650327023,0.181830797243419,0.0577060089618947,0.0958733614154419,0.00224922404221888,0.000524048448721873,0.0147790575636795,0.000616849586113953,0.00314122693995886,0.00103643439055946,0.0241962444203583,0.0475503882709119,0.0202805620625549,0.104126405282761,0.0477488788842031,0.00991555146384542,0.0107438630946281,0.0162142999206535,0.0578803901644875,5.61180020225809e-05,5.47516557253864e-05,0.00150883887548339,0.00358815955578968
0.000613064479578131,0.000780495997775582,0.000131364253167626,0.227837877178436,0.0958413114974129,0.00116611772552944,0.099685577222988,0.0391047190028458,0.000147601997676353,0.00312650263637672,0.00678174560924176,0.228334990600924,0.0189287326350081,0.00234588580365409,0.00114955323595531,0.0332038177256905,0.00112017476653546,0.000994646810425591,0.000458390998784455,0.00202739595414453,0.00102053984724023,0.00161781458149603,0.00127137438110958,0.00730732163762756,0.00776819429816949,0.000871495127201324,0.00190114997982758,0.207033676433141,0.0015005084317225,0.000188829780548865,0.00401590274584946,0.00172322662391635
0.000856692102352536,0.00263043036370239,0.00116624100878642,0.15010761360886,0.115806612484771,0.0306247331318119,0.180964081967938,0.10198847332247,0.0025590821243477,0.00233752672516991,0.0315777857435477,0.0347049873188581,0.0205884932541184,0.00569784843719727,0.00210332947772724,0.0773841280173354,7.14596476441411e-05,0.000870213879891616,0.000890237143729068,0.00386735359145121,0.0553263688282999,0.0167491944722709,0.0744204624964262,0.01336685415546,0.00115543465078642,0.00462580297998373,0.00980800460796883,0.0423375637007182,0.00420655369877156,1.81809175858901e-05,0.00120982884896519,0.00997842729105335
0.000582737465941585,0.00136501254281932,0.00233977622623546,0.0866325523948628,0.2394507101233,0.0653222994001291,0.331405123227463,0.110779703756153,0.0101291023435786,0.0162684486503318,0.0457893537241961,0.00352068199394768,0.0134994193266029,0.0011793029658653,0.000577383268770766,0.0394081469998106,6.90336117266984e-05,0.0009801579947236,0.0001184898439966,0.000882902935455274,0.00393857036062507,0.00123709144671376,0.0012271712926435,0.00560705539673234,0.00026140858182735,0.00460894904911398,0.00844071592326921,0.00389143869351033,0.000303407026084154,1.40582541263942e-05,0.000145349186365714,2.44459930783637e-05
0.000892040192286556,0.000696572117633286,0.000593399687948041,0.0517023572403319,0.164586091797154,0.00823101583734743,0.597385555400003,0.0723625879511002,0.0133900817824633,0.00122975445477047,0.00523748999537942,0.00532564112133699,0.0016034733507811,0.000149115960504856,0.00131150747557521,0.018448954146089,0.00031765228808426,0.000423043725435804,5.22672563390079e-05,0.00328854677801881,0.01364954309479,0.00282415231992921,0.0154386074958257,0.0120025914706522,0.000214313195204946,0.00222870642370062,0.00320198832437353,0.00204322828497239,0.000666267140952376,5.44649296224891e-06,5.45325414607898e-05,0.000443474656593183
0.000555259642188763,0.00268968490809993,0.00103306633725384,0.0185603127670719,0.19465974702521,0.00376960230229166,0.252135467153999,0.0747436910857169,0.00837110572595359,0.00241088674824683,0.00251191773595686,0.178347429380534,0.00437018108400327,0.00355165551440441,0.000597072913149068,0.0226017573254563,0.000930152980108953,0.000365663317645068,0.00022957676554521,0.00109898864251455,0.00217175838709082,0.00433380433621653,0.016862636011426,0.00315186229519321,0.0157906306112489,0.000901552982909569,0.0011851404006953,0.168599374235305,0.00211456400329633,0.000407914592398157,0.00221587893169519,0.00873166385717443
0.00134320163546976,0.00217986815768339,0.00164594631420578,0.0426705069766626,0.199275759266325,0.00272245881799784,0.210943893312094,0.0932514406768413,0.0187479934289232,0.00413734168924741,0.0238230290814795,0.131308056384187,0.0254515466156317,0.00123528085658552,0.00481425324718192,0.00256959125991555,0.000814988589468514,0.000580112040699866,9.85282188990629e-05,0.0210726056113464,0.0164679322367063,0.00826227824122528,0.0271741279698895,0.0362514817283864,0.000746691320691151,0.00775649850799738,0.00530600723166801,0.1072046768027,0.00091754614294989,1.4091599518348e-05,0.000999631031566407,0.000212635005856082
0.000172332808444583,0.000565432767317759,0.000773408544431144,0.0205198435025427,0.0617169450602154,0.0003689733382412,0.0671959982112198,0.024803489345136,0.00715857602647091,0.0958407715820376,0.0849975766482085,0.231526424108733,0.0495957610861501,0.000654808665663789,0.00382849279472074,0.0386172336880161,0.000642345031687321,0.000631568328175576,0.0009776124786789,0.0041996082323596,0.00534613807130014,0.0161698316407688,0.0385694027502392,0.00233231014599041,0.0158288009979886,7.89174881154755e-05,0.00065612310112584,0.215845948123017,0.00126172707072428,0.000376344107213303,0.00305870157108068,0.00568855268398539
6.35657666083357e-05,0.000815118158618013,0.00292752416118323,0.0358129284487246,0.0118479225810151,0.000164140097258072,0.00836692660926556,0.0160650892503263,0.0137270968983322,0.0154035228055476,0.399318596999531,0.185032792446222,0.05414702419395,0.000627613706624552,0.00428283685575779,0.0130652022942799,0.00149694064850603,0.000821414702964833,0.0011871695454629,0.00288353996257704,0.00378897256955162,0.0133296074015382,0.028724038767375,0.00236792345808525,0.00907449163522287,0.000261848510868748,0.000330777137236453,0.165496930254298,0.00019427490949458,0.000745640057839301,0.00287207425270444,0.00475645491302977
4.91794801406061e-05,1.98407808036571e-05,0.000885816337057712,0.0240595075918145,0.181039594695075,0.00143553329987559,0.22800427658865,0.0758568939499538,0.0191054049570258,0.0416496175873239,0.0308874649603165,0.257767879519678,0.0135426057890689,0.00160209032303245,0.00240825105146384,0.0035249154873185,0.000453282201421576,0.000170531354520347,0.000486570684546021,0.00678098714630686,0.000714452064040325,0.000150208489285649,0.000769564818842176,0.00316415701335616,0.000433661207925823,0.0021988301848906,0.000960999998572718,0.0984575489731328,0.00198938963923967,0.000279059785981642,0.00109006281101294,6.18212283257439e-05
2.46202101752815e-05,0.000553579364729654,0.00390090680492207,0.0885009368184742,0.198825596220335,0.000551797837582037,0.223047632100049,0.117480395293776,0.0213163500228971,0.0319148749419007,0.123875462151451,0.065953841788727,0.0277682468216954,0.00133733281249748,0.00337814223479476,0.00126706001135452,0.00121538054273199,0.000434551339494591,0.000605403946234316,0.00378041639066495,0.00261078029329399,0.00614299420183019,0.0111452033969356,0.00306887274611477,0.000917743356510192,0.000345114293902837,3.34057622741531e-05,0.0574922293372383,5.179720460053e-05,0.000718604563023098,0.000388921006040601,0.00135180618374834
0.000360301006432651,0.0018116421898218,0.00197578653803809,0.0437639605847268,0.192314702440765,0.000104942475568515,0.165254389238727,0.0887009817696321,0.00299092484394652,0.0480211835800371,0.0219335703027331,0.109592334826355,0.00372427901528819,0.110913501719329,0.0036979255832477,0.0169335077050868,0.000848441590811355,0.00143998396117136,0.00144175328235749,0.0024090504565399,0.0130288698751006,0.00974085600007481,0.037319285777151,0.00377373620622018,0.0102094617327346,0.00145380803642019,0.00570878454261801,0.0865611577299716,0.00637576845166468,0.00136978035393,0.00250806990872054,0.00371725827477798
0.000442510135354057,0.000243082599622597,0.00121229679516712,0.037305266128125,0.172492255623551,0.00165534586949223,0.195456985849938,0.0655848329625262,0.0207384044915307,0.0477234534022407,0.00560823881080903,0.119824312445715,0.0143941605946189,0.0123081818510128,0.0615797662525471,0.0100177293891844,0.000950683659053073,0.0021765660828382,0.00122797693385793,0.00506236319295096,0.017004975186065,0.0143025099884522,0.0423511900351596,0.00748176216588069,0.00854929502584605,0.00427922352967973,0.00803763619307075,0.111810312700128,0.00674138782295655,4.50343590914316e-06,0.00145602765976626,0.00197676318695054
0.00423970169785161,0.00276173009575065,0.0019745693849126,0.0293325224369198,0.166758196840509,0.00371402671518762,0.157851495386975,0.0692268599080049,0.031188653636778,0.00185600840346582,0.0142339935125963,0.139775337691223,0.0231234929831698,0.00161735381393241,0.00452392892705627,0.0997615016664583,0.00233629535441314,0.000751445802320032,0.000104174559646607,0.0248234364046143,0.0200805732588715,0.0077552274087958,0.0371321130419772,0.0362027069909343,0.00156975182409867,0.00518866107462159,0.00207679917226218,0.10855144222465,0.000248609323239737,2.12518845379661e-05,0.000867606713248744,0.000350531860977371
0.0024345455530484,0.00088332280863455,0.00222743202950235,0.0198941425785066,0.156328102833116,0.00256523225126,0.250061001339507,0.0590989519203013,0.0600734147708391,0.0529973816227852,0.105695363899036,0.021377613041665,0.0224158864117102,0.000629680970928616,0.000729984888416699,0.0169283580795222,0.138318567573395,0.00437783957335537,0.00155364166496197,0.00590706638017731,0.00425785717680963,0.00535683859992933,0.0237891943142754,0.00388263449306209,0.00647958254699035,0.00324556660726067,0.00142832634978107,0.019461456927352,0.000675452739059975,0.000191863991745214,0.000234017367861013,0.00649967869520344
0.000634822903012327,0.000927000863394226,0.00582410168908276,0.00388496893078267,0.054828757128306,0.000358800187347922,0.155967801164738,0.00111882221705235,0.00205677713314031,0.00136567073350841,0.00645816936800454,0.0189804858042024,0.00446073413343021,0.00106841216367442,0.000501587139047466,0.00875421689330814,0.00178565633427531,0.0673879177869659,0.00051253941102152,0.0297509070659102,0.0972032732653444,0.0753616650164788,0.265421841834782,0.0638469468517975,0.0187399989248711,0.0335911725603832,0.0427160123549788,0.0145346653989022,0.00539949870258966,0.000697434543560064,0.00114151909959939,0.0147178223965072
3.95204788758787e-08,8.96290225330911e-05,0.000884737977667429,0.0521624172641889,0.113747423710199,0.00441360925500976,0.143324860682823,0.114694496022841,0.00142038793513984,0.0338438732409539,0.0340226159075425,0.105297627459719,0.00875064666902783,0.000636857346115512,0.000195871781358619,0.0121476827007161,5.68081278834682e-07,0.00344353205371078,0.100477939756817,0.0249312636210694,0.0102025903042203,0.0171384383860845,0.0420846525290756,0.0180341726210049,0.00514000999504895,0.0221484603114386,0.00374960043998255,0.116387996437791,0.00311328202948492,0.000971994158669401,0.00222903921186064,0.00431368356614851
0.000890286510501944,0.000362548019577276,0.000225909581695339,0.0255823221942742,0.0725111251333038,0.0154221916482397,0.171299508087283,0.0204055415074657,0.0523658698919399,0.0142906422507607,0.0719029101072983,0.116782248716998,0.0490812890626087,0.000689758228626848,0.00257368178050598,0.0572209608089597,0.00115994851618519,0.0012815588082698,0.00142641333127614,0.162128308622725,0.00461799936178642,0.000639280080579513,0.0218113992696825,0.0027657258464471,0.00524811684202418,0.0182874771269744,0.00286606275052824,0.0932036742370369,0.00457270380989003,0.000897239843639796,0.000568341903784013,0.00691895611913197
0.000800725453455254,0.000204632598072793,0.000364333445394727,0.00264016943858563,0.112401257758495,0.00452809644792161,0.212933902975514,0.0381695345563364,0.0936231283458987,0.0526244376770213,0.025325405554647,0.0293769000664342,0.00220282797285271,0.00104504471861048,0.00284028007105468,0.0351860513574019,0.000365596788318836,0.0023764759485582,5.94115329971561e-05,0.0147636739640926,0.231032585951739,0.0025628417562757,0.0170841474822679,0.0015192812574427,0.0161598067545774,0.000473321382896794,0.042101443804789,0.0238713448560289,0.0114645196061341,0.00168991641377622,0.00665269452019162,0.0135562095422184
0.000377658465348417,0.00631947975863585,0.00113094166886928,0.00901799289019897,0.024547907757368,0.0407504616060668,0.121334917477892,0.00403928369526422,0.131753581480618,0.037851819751069,0.021838583073616,0.0775688687195037,0.00789289977631732,0.00522848962072137,0.00594446271312811,0.0247195190823609,0.00260359650567191,0.00197869832058209,0.00171301895937462,0.000915706819316833,0.0110121482975931,0.289360470988221,0.0150470670733043,0.0103544395002141,0.00160403126841351,0.0189016395537352,0.0350644904645304,0.07364820370894,0.00520576308894684,0.000670622229943384,0.0107743834347998,0.000828852249435688
0.000894714343361689,0.00389240965201172,0.00151749143088505,0.00201208824522799,0.00382728658748946,0.0114427448918813,0.00402496861840106,0.00373125333461398,0.0382335746394884,0.00116412845965914,0.00393338844888089,0.0437730638947429,0.00301194558727004,0.00344644622191064,0.00657746571258428,0.0153049445447271,0.000422495596986847,0.000261216242820841,0.000251124115081101,0.00402814512315394,0.0643786753090731,0.0295273677674079,0.600557736746404,0.0248834325509282,0.00799829686666237,0.0145994959357074,0.0487604832649878,0.03694723645166,0.0101840712018398,0.000527964086914544,0.00561351253248978,0.00427083159474667
0.00137110145173134,0.000423774087240793,2.77678903645774e-05,0.0232246479537814,0.0719467245047466,0.00683292712418163,0.143160654937675,0.0162074691883871,0.0930819377925427,0.0126872201086288,0.0419863514634172,0.133092099143558,0.0384184531421325,0.000682936954569484,0.00171405475517648,0.0861301278507865,0.0011980653420662,0.00302975234936548,0.00237165506164047,0.0125000625914095,0.00275105286727137,0.0044437738843547,0.037236634977897,0.114122669967603,0.00776363304621326,0.0150218480022285,0.00533286072163107,0.110722549640149,0.00346171668220085,0.00103171087042825,0.00258579008016057,0.0054379755664609
0.00296058873838807,2.6328142951333e-05,0.00397178523321748,0.0121358066424425,0.149100720774444,0.000232644275831406,0.25730486835946,0.0545000562582574,0.0377795707217032,0.015123901500533,0.039152298472618,0.106932610904197,0.0241592591453673,0.000178787234207259,0.000583012809312313,0.00395363738237504,0.00188336280169473,0.000138659524698588,0.000430706391221059,0.00187972144342433,0.0208203886762101,0.018918138224891,0.0766782297885666,0.00150281330101492,0.0385057059060076,0.00319081832008274,0.00529507936641615,0.101274409183517,0.00263461393344741,0.000706345779740663,0.000137686196277431,0.0179074445674832
0.000222203047315072,0.000617540845659306,0.000889182621599594,0.0145050442326819,0.0136729585969001,0.0099577472344504,0.022919487941819,0.00280506381861308,0.0251912506493757,0.00242826514298665,0.0234359614578344,0.00400270435723267,0.0120943273632043,0.000802690031854265,0.0017318221587855,0.0062428564435202,0.000707612900146905,0.00329388304388424,0.0101653902092137,0.120327632854277,0.0234615395470327,0.0112985123415199,0.0448014065830785,0.0564098835332663,0.0065217356457588,0.498800385656201,0.0544379965033031,0.00709591434088348,0.0088806911138928,0.00134911809545436,0.00219915351618078,0.00873003817207475
0.000693937687567667,0.000307811536792924,0.00248691289281641,0.0647881055192519,0.0327406690629543,0.013842480975811,0.0862869721568357,0.0515774825053049,0.021178643824087,0.000187853490246227,0.0586313088151549,0.0649156702946381,0.0389605222996594,0.00118885352066351,0.00422125061410801,0.0228000188662334,0.000730734413258957,0.000363839322180175,0.00434900997258845,0.113374291979868,0.030354360623935,0.0107279416377146,0.0394061627187962,0.0608957301271912,0.00784517658801599,0.0254054855654699,0.155839444707411,0.0649752626663974,0.0107406436878929,0.00212485418223697,0.000371021755836046,0.00768754598908143
5.81958426734335e-05,2.1299294866597e-05,0.000981180302645846,0.0274680224566304,0.197873562298943,0.00167551057056695,0.247806175214885,0.0827601654720629,0.0200713280902151,0.0491596846026726,0.0346449719786172,0.162641320341177,0.0250425265200121,0.00178506310395657,0.00363611328713932,0.00460326580101572,0.000535450305496288,0.000113330878293291,0.00114993049793912,0.0113111530639882,0.00200831312750346,0.000174106831053089,0.00227293967586804,0.00588318306075429,0.000661352749404923,0.00316076402659047,0.00241652934881136,0.104376577008464,0.0029010091948093,0.000414688489306184,0.00225320672071279,0.000139079842925384
0.000101084897842865,0.000924113246478309,0.000402863430189496,0.0487157200022565,0.0443330760349229,0.00235390686430516,0.018413662182398,0.037770124152125,0.0462486774795267,0.0567346109021888,0.188525999179817,0.0551418162158752,0.0560601413985626,0.000433364561719252,0.00345807076985334,0.00895687680665809,0.000789317681219644,6.09610281405264e-05,0.00144848961930414,0.00153384734865327,0.00263725192426418,0.0151397875183727,0.0569116757996398,0.00114148373599008,0.018488779500852,0.013919637373031,0.051928816811035,0.0472771851285541,0.212519259205621,0.000304972624315702,0.00193689188878973,0.00538753468749825
0.00135019277800265,0.000666576834036849,0.0010352438182871,0.0396368123793045,0.111129459543449,0.00105966645701815,0.138763325002502,0.0587167741820809,0.0218069332800357,0.0166551396907395,0.0565546019298739,0.0648932101188293,0.0149115481111458,0.000957541498751712,0.00036841295273517,0.0315824587581508,0.00052671351499727,0.00172601931836793,0.0119296556692628,0.0180186090414388,0.0235075177919281,0.0327628157684459,0.0958418230842627,0.0284110678075877,0.00660520918150826,0.0040139988809158,0.000396045783009422,0.0819625433328818,0.00184813721536023,0.130448439077015,0.000536202478712786,0.00137730471936269
4.01637073193216e-05,0.00024975430287433,0.000545438772272612,0.0239488327374642,0.0951379030143724,0.00407923793922248,0.169640081825523,0.0373478465684235,0.0179330283638039,0.0249769122273112,0.0535854390754023,0.106482008550016,0.022730788130331,0.000661867836511563,0.00271432798095434,0.0187828214772835,0.000214321464557588,0.000989158273310048,0.00521093894898477,0.0588550732141389,0.0139608456830856,0.0127166678134391,0.0478144698729684,0.0425711914992878,0.00279082832012272,0.00850842871816936,0.00578578674667907,0.11277775380984,0.000576666185417853,0.000928838639378293,0.106127633071179,0.00131494523035613
0.000193604053470446,0.00152346231949139,0.000387517966559689,0.00253802483938302,0.0500627112957486,0.00263342032309856,0.105599542708527,0.0175394177704881,0.0558987168005339,0.0137553408754823,0.0420818620902186,0.251329974156666,0.0418685253187323,0.000912991153927949,0.00300971135710242,0.00258069982062391,0.000638896306478996,0.000124690228245248,0.000106131298643582,0.0185356326424598,0.00424246387384924,0.00341632305906898,0.00758014901582031,0.0275599665012489,2.35289460131285e-06,0.00831652325913438,0.00566753325822731,0.217423514981514,0.000603618093768685,9.91515818356079e-05,0.00282965149916757,0.110937878655882
