0.536360386314734,0.00044643487948952,0.00226848722319924,0.00238594108300152,0.105346241209353,0.0211273747610181,0.0258043438795275,0.0385647811561813,0.0115288519481951,0.00392797509308818,0.0164477393592912,0.00972778867658682,0.00149515626615189,0.00148315216236147,0.00484808394005397,0.0298219939912241,0.00554530294005635,0.00185804919607322,0.00135255963884439,0.0261110332663233,0.00305599174000703,0.00625032003606357,0.0335093908729202,0.0200862266874089,0.0181914265122073,0.00667523122441222,0.00974544943666022,0.0365014512484418,0.00322695935811577,0.000667910621061768,4.1276576359665e-05,0.0155966887015871
0.00216253490303449,0.449749772504012,0.00120555535124756,0.0708243202000625,0.0226300383001125,0.0110293632258918,0.0496469630579975,0.0429878461756913,0.0709257901789859,0.000976221232866888,0.00867207076372627,0.0223761551942974,0.00583794886053421,0.00226246535760179,0.00145064672071317,0.0482353767774529,0.0161390676155958,0.00133738986927136,0.000712721382617175,0.0051559205878848,0.0313572733130537,0.00972766136184544,0.0745540186328063,0.010842944722004,0.00302065941627169,0.00336819291175984,0.00255135684063981,0.0128293608094255,0.00213659254602209,0.00271322198673821,0.00303029853007558,0.00955025066976019
0.0014313723490482,0.0064770990415442,0.60389255199929,0.0821952076968755,0.00202045187310683,0.00198659586600157,0.00168958516367706,0.0480079824168438,0.0272637885126551,0.00341073047841152,0.0504300460480944,0.0420156270618485,0.0101327849051362,0.000942458649330226,0.00212500612073327,0.00159464725797051,0.00162353987896433,0.00125868893335975,0.00412748003775518,0.00550702587572547,0.00358735963280078,0.00400408539157544,0.00238968929528756,0.00933781578990613,0.00216394210511356,0.00527655298097311,0.0118795647113971,0.0322634415234956,0.0140592905664016,0.00507483524760357,0.00267193284308356,0.0091588197459898
0.000558137633041035,0.00161824186038287,0.0033306292872808,0.493742823613389,0.115465721845175,0.0107542749719886,0.0564783202491019,0.0102165159812303,0.00183117335234282,0.00143656903985398,0.00194977195574845,0.0106301362111337,0.0405853077437318,0.00187824398287521,0.0111434877013227,0.028163161365494,0.000597047604757399,0.00122466563423232,0.00015040484558165,0.0154524789712346,0.0727943895641175,0.00440641412526741,0.0255459911794649,0.0148574323700562,0.0154934760758599,0.0138677312549329,0.0232238647600284,0.0136995742789429,0.00629583464869953,0.000506210953335406,0.00166082760278505,0.000441139336611064
0.00118661690420309,0.000356088984927659,0.00132338842636498,0.0359409521367871,0.497866009674118,0.00310053391808487,0.0128466561383033,0.0141355905011931,0.00620685541905915,0.0293443745987685,0.00130124628668642,0.00638896061665526,0.000308016750755779,0.00234274126924162,0.00424717435477329,0.0171342671616857,0.00141569325890828,0.00672660005203117,0.000645763250455317,0.133629344692998,0.00684675049439716,0.000808656655312106,0.0120975025752317,0.170087388100281,0.00419486848107842,0.00561777833081368,0.0140136301920714,0.00659679139936184,0.000948129131923129,0.000174798252324028,7.87846553724543e-05,0.00208804733583264
0.0073881905094597,0.00133441782269372,0.00208112200180029,0.0288299835258374,0.0173339511647661,0.564949533749965,0.00883643055022214,0.0108342871590144,0.00041773814191129,0.00261268230787091,0.0266028550882989,0.0100448553514056,0.0478168009424868,0.0018784845746458,0.0011253054105687,0.00565768205006372,0.00502054720331826,0.00271467996664073,0.00105566784569162,0.105860554251327,0.0351573261520622,0.000261883875055006,0.0075592161572266,0.0570184976491213,0.0248133939820223,0.00545719423721462,0.00312847567198128,0.00105801375099666,0.00343373395671944,0.00101974592322581,0.0073248162723735,0.00137193275401275
0.00529372853949133,0.00710793001835781,0.000775374380750448,0.0488072982827935,0.0517450011923728,0.0130176753170694,0.472045974102753,0.0770961390620197,0.00255749596641584,0.00247022595294153,0.0037171610420457,0.0169100252293154,0.00303461215037228,0.00120539920441194,0.00268951249969867,0.0128439700430119,0.00193518017218387,0.000439048970059255,0.00459005087538497,0.105378337389031,0.02101525623426,0.00194075415883101,0.0148500274411296,0.0893440213831671,0.00166397146307842,0.00680646229491138,0.0184129760699726,0.0025239388378134,0.00320653497038383,0.000407614706100629,0.000185294370266506,0.00598300767960447
7.27705651135887e-05,0.000598786856861501,0.00121839875684733,0.00930006220215063,0.108546176795283,0.0117395334135617,0.0489534606215832,0.507879457580959,5.5067205880107e-05,0.00281971703419113,0.00888100304693233,0.0127844745612544,0.0543034781379158,0.00069108001279673,0.0083617591436976,0.0225760638423049,0.000175035917015922,0.000548392091931873,1.76387901242073e-05,0.016592191592656,0.0791358799197,0.00131116050336639,0.0203106028694845,0.0171316912247082,0.01725028877578,0.0104512841914372,0.0214377848900372,0.00587231737294208,0.00854759565731207,0.000296770077621323,0.00192994982043931,0.000210126528111217
0.00593352635828561,0.00754188187379203,0.00510720024417177,0.0021092630176864,0.0473418129484373,0.00242351538810279,0.0127671568566525,0.0241250238872531,0.612481777156502,0.00330172925582644,0.00724603533458605,0.00992295432512938,2.01749737879445e-05,0.000466404391178249,0.00222426259969698,0.0386858349127642,0.00478091746674955,0.0162098668454189,0.00104368572353757,0.0619784311562085,0.0240549740331355,0.00745223579233352,0.0140621943198595,0.0516581388866351,0.010574083299293,0.00325066778348895,0.0081604603419016,0.0109204752589276,0.000127415427714123,0.000462914190153849,0.000605537502339178,0.00295944844845109
0.000936191351529769,0.00115021975939144,0.00678102306377085,0.0274948987946241,0.013496133004639,0.0103394101123261,0.0239727792259349,0.0691019832072698,0.000920924525997103,0.557916210870362,0.0106966680232074,0.012043017293473,0.016086465608836,0.00517311120524843,0.0333729458305403,0.0107077676110531,0.000171620540906547,0.000337497949008014,0.00190412986105279,0.033681363067808,0.0323501746857008,0.0155561838264106,0.0461638510915398,0.0419567917620776,0.000882885232501314,0.00209841775760353,0.00385876998865543,0.0124751461407464,0.00385455460446244,0.0019190100354676,0.00128495189046256,0.00131490207739337
0.000947788150551762,0.000567406718401501,0.011804969456311,0.0264554815256685,0.00513640281461448,0.000203174326811431,0.00766563571345511,0.0105846922203019,0.0031807992624605,0.00544980063858374,0.707977254135279,0.00428964743011405,0.044824180971696,0.00141769119519575,0.00549608205919253,0.00200395698695358,0.000389065839076123,0.00104129721085496,0.00315553492771821,0.0310526806458442,0.0165183792592318,0.00262351927732416,0.012167199458998,0.0203978752444469,0.00869010712270946,0.026346447378799,0.0187194797273751,0.0144055924223092,0.000648418988703998,0.00492870186843115,0.000782652830828175,0.000128084191758813
0.000997354114906404,0.003785547916733,0.00221278298662422,0.0258893383828699,0.00659063434913325,0.00132103878319446,0.00692140492178548,0.0294395447730144,0.0410540429363206,0.000413187506239097,0.001512509207336,0.574426872763053,0.00130004058005452,0.000445940766796602,0.0105586007787153,0.0825299845666625,0.000472502052769822,0.00449193830962799,0.000928377195184116,0.0169221631229159,0.0477177601364714,0.00817094059343488,0.0628417365916051,0.0257504967292987,0.00316043716900008,0.00128091375344162,0.000773834045728016,0.0229662465315722,0.00577717708164536,0.00148452941147743,0.00567555662897031,0.00218656531341835
0.00163089875955009,0.00288577262501315,0.00405131489150324,0.0219419669268397,0.0242861098093089,0.00158691711389169,0.0186526151069301,0.00867645384890199,0.00857599924866202,0.00629587702923208,0.0143194447800652,0.0321398883010254,0.677272870994077,0.000637343151753273,0.00160388263771803,0.0208383355506646,0.00305145172761256,0.0022949040551026,0.000263632166730701,0.017079570187256,0.0322997515633557,0.0011181246936997,0.015940738025394,0.0285208557854699,0.00368825389793046,0.00405424019479593,0.00386117265011219,0.0215345465839977,0.0187672078599039,0.00139421213905947,0.000518544495907779,0.000217103198535083
0.00706768331361674,0.00897101659748696,0.00170058960756833,0.0561400204016412,0.00806374916775558,0.0018282713753321,0.0121134304956303,0.0211299444369903,0.0347805427616765,0.0177717152774416,0.0124676149090934,0.0215130609299217,0.00798408573017037,0.497784296654482,0.00197988514547256,0.019063129629166,0.00955081987841743,0.00192097149926816,0.00171090798670717,0.025696665332501,0.00828861148943716,0.00126774995587852,0.0881440340815534,0.0257342255216791,0.0266017017051516,0.0010019991611802,0.0106251952614708,0.039180274797348,0.00402004983924425,5.58308280433418e-05,0.00059409175325056,0.0252478344754237
0.000362126491161773,0.00205884114099348,0.00452157558331412,0.0302671453005945,0.0461961437379315,6.28745850056686e-05,0.0456403709367872,0.0165267449351589,0.00101528209669877,0.00483914547019673,0.0341162402466978,0.05036409897657,0.0154337182225877,0.000377299806661137,0.524801854000053,0.00174063438143791,0.00336378470089189,0.000828604177101785,0.00145878336737961,0.0713120841350064,0.0108176835172767,0.00561469763478186,0.0144737068667716,0.0790719565200387,0.00197290605018277,0.00106500190948042,0.00724642686660759,0.0145994906587418,0.00230011008413833,0.000520238916992125,0.00579044783145461,0.00123998085130337
0.0120607808456902,0.00850617608498752,0.0055955453137646,0.00215935571758361,0.0994089025328124,0.0053934232992615,0.0399100233291738,0.025953118824919,0.0370519043680366,0.00213812139715589,0.00826117224770808,0.0035792701276009,0.000337915709847948,0.00052730210728767,0.00385747032353044,0.528496665447278,0.0175986341456159,0.00713634599412118,0.000180930128942385,0.0520203101282213,0.0349815677215486,0.000196565006830155,0.0119795791145467,0.0396516430394329,0.0137574433587911,0.00864828584779553,0.00915045868823688,0.0177589930881154,0.000489924801997093,0.00133910669352663,0.000734563322938792,0.00113850124270065
0.00749426119885536,0.0016723489986108,0.000192820114916761,0.0565481649058182,0.0167935430499542,0.00607166134906885,0.000995362961417495,0.0695630950943309,0.0110085861645857,0.00947681177360772,0.00332353566838178,0.00360474291373457,0.00542810743926281,0.00159222912783438,0.00288435202603246,0.0133325236646473,0.54451009126039,0.000529798960347885,0.000543503647046885,0.0709569081697598,0.0101729918240164,0.0105926104506336,0.0409985942706576,0.0555347761032062,0.0142532846861726,0.0143353466732965,0.00412533247623414,0.00147883682789001,0.0055498631678835,0.000220237617324708,0.00251948302582799,0.0136961943882529
0.00319297347166222,0.000568483438423496,0.000455104260562752,0.0290475851158053,0.0247220446021619,0.000126937184356173,0.0147826371947241,0.0283165082480535,0.00765341705513182,0.00136838242994507,0.00166179988893334,0.0177248286733464,0.000929962495709119,4.13963992537724e-05,0.00181229465558103,0.00649099613211819,0.00951033540254567,0.370124199621945,0.00144132221208129,0.0524435465501489,0.0626680965992615,0.0464642346030222,0.192767399805382,0.0723738425154608,0.000181648095326959,0.00990385341556121,0.0113191620920084,0.00969186742478681,0.00151666039103472,0.00151033275260547,0.00145317632190868,0.0177349709511528
0.00442550138212556,0.00207547898015613,0.00354212529599628,0.00945669281054315,0.0537398781518597,0.0024537835856703,0.0368208068520994,0.00895164055478984,0.000947025335829068,0.00100614369260802,0.0123373017401212,0.0410377816086387,0.002942793648515,0.00274135307987183,0.00391987964316098,0.0234573678366525,0.000352868130327346,0.00521100634142238,0.551465211860886,0.0291024994374152,0.000932696051574417,0.00990509527839848,0.0708209721481949,0.0104509339982054,0.010007339698349,0.0270786640793755,0.00859971713213046,0.0372835341224648,0.00107377109011498,0.00377807203445762,0.0121486419715752,0.0119334224264704
0.000522046441304383,0.00214745374102302,0.000225396029351263,0.0140115436881877,0.049631208376255,0.0271323770438892,0.0163653526885523,0.00972470041987021,0.0235875213291225,0.00757289128987297,0.00519326101937313,0.0490762940284909,0.000352069964511296,0.000289170444835137,0.00215570604012032,0.00837556615522068,0.00312976649070533,0.00160307090579348,0.00110003626075108,0.454956713327201,0.0290330213405037,0.00347851355316428,0.0017516915365063,0.171964631261961,0.00365189295835265,0.0161192771759208,0.00284438962188463,0.0719812204785593,0.000286594276621346,0.0149924793919658,0.00667797052562733,6.6172194501654e-05
0.00442505852433104,0.000181754940529828,0.00243167784630548,0.000896689760033058,0.0235300622161456,0.000175654329826979,0.0108880559252785,0.000108819425728308,0.0244192714910989,0.000108169211627037,0.00168341614734458,0.0106112235503369,0.0049992277429208,0.00203793915315991,0.000327197537612703,0.0274649239915842,0.00175573202956649,0.00164614089710553,0.00103624668154278,0.0288379590370162,0.701739489789887,0.0017790583650065,0.0342711628209471,0.0737519758789411,0.00640304754326924,0.0108428198118856,0.00955167261602183,0.00678335340672619,0.00188726745234337,0.000299967272263598,0.000295631575781359,0.00482933302783264
0.00628001124055653,0.00145648241004777,0.000866902960678356,0.000621834711329637,0.0618726280966046,0.00398017561762934,0.0342303997222481,0.00650770178553573,0.00152845196809521,0.0104272594256057,0.0054806177949411,0.00823455817315339,0.00463340630322338,0.000373460172565846,0.00351562647778876,0.019903236583499,0.00499321869347077,0.00151196836026799,0.00171593260262146,0.0474432601467185,0.0216593493565451,0.464606066264777,0.110972114026241,0.0938188595307438,0.0373015579234771,0.000530280759445744,0.00396207132701588,0.0149983306077161,0.000666835904070673,1.22436122082344e-05,3.46481381211019e-05,0.025860509303057
0.00383149684997721,0.00168999736195376,0.000491707044506492,0.0140951411864108,0.00788902310860399,0.00106458216068448,0.0200650191878853,0.0169882835111454,0.0231067019015966,0.00238536940314489,0.00592376055480218,0.0107528661326111,0.000552345314676419,0.000755216333306471,0.000972092926726312,0.00455868598492923,0.00311913625759366,0.00086002290564443,0.00131312523058018,0.120225250154979,0.058856312931114,0.0168755540735149,0.381107020984377,0.244259134362071,0.00468478646703819,0.0052368558486,0.018685530222522,0.00496770177844214,0.000217323491091371,0.000861227951917675,0.00202228327961868,0.0215864450979348
0.000138913416050488,0.000183672348797975,0.000157586833418835,0.00710651530869411,0.0292461965042639,0.00557580735745096,0.0157857817122283,0.00142402666675117,0.00650622984797637,0.00499718195308164,2.40176527576633e-05,0.00947957303515106,0.0009901407799769,8.97084141839555e-05,0.000748576036204648,0.00898054147769065,0.000844369395470884,0.000266412512765703,0.000191520193782073,0.115418479326235,0.00918757423621139,0.000352428612237169,0.00312623009265421,0.748159858964172,0.00042741638721581,0.000376837452783135,0.00894036691176762,0.0138173137066945,0.000255205305820373,0.00452467805179697,0.00238248820690893,0.000294351298805033
0.00906638109289704,0.00250996119357865,0.000185585671814868,0.0254408880002742,0.00378466185926929,0.00355868192090803,0.00372237304970354,0.0203094056023647,0.0142738004556545,0.0047789558120195,0.0064521014880953,0.024761509302435,0.00182961800336756,0.000245885852357838,0.00389615329490793,0.0150596578140261,0.00680475629215671,0.0178654888257809,0.00141394306674776,0.0442531596451468,0.00389544585445033,0.0197502028109988,0.0339593517447824,0.0254904182397101,0.645555552219368,0.00388586704519176,0.00845880996422158,0.0349729134097456,0.00357589075491765,0.000993120122500951,0.00516717066929913,0.00408228892130708
0.00394060533577258,0.00150398395005665,0.000612955660186235,0.011828667161831,0.00192353650463458,1.19264326240185e-05,0.00038805847827235,0.00928725266925045,0.023558512076051,0.00612008316185712,0.0114672636860661,0.0273770161182603,0.00837515055851274,0.000849731333113179,0.00178760945186145,0.00665459417465496,0.00203994422357244,0.00147521405065503,0.00391337679357481,0.234381927660389,0.0314960253879069,0.000939649586705704,0.0343803510322486,0.19726889965818,0.00201620151984739,0.327760274500335,0.00659591153323276,0.0274489574905387,0.00153893968278285,0.00897357285329187,0.0033389588969541,0.000744848376779934
0.00101339621787747,0.00350135166091221,0.00173401391109992,0.00417217606175114,0.0107179684226126,0.00369077519103852,0.0191835329837281,0.00811868474067454,0.00197624848441535,9.6383423005771e-05,0.0021722660302034,0.0169866117680447,0.00129850428964932,0.00312080823567622,0.0025678844368986,0.0101968454727631,0.000999835430797316,0.0002238478095685,0.0113701313345753,0.104487861125691,0.00600773128748988,0.000379415100007507,0.0134700604445128,0.0482755178938554,0.00221885488444785,0.000144760683670275,0.673147111400807,0.0202200433882832,0.000471103074837028,0.0140737064060358,0.00283201075083631,0.0111305576542339
0.00713327370250436,0.00427269661695694,0.00153258433928111,0.0378850087515551,0.0120158482442582,0.00425031933790271,0.0247437636793219,0.0383548388445095,0.0765297331015991,0.00144820961069351,0.00378871018042373,0.00207350187160844,0.000155791835075333,0.000205840741350258,0.00773390048067386,0.103595282817866,0.00570539473275527,0.00143019799046279,0.000106489500147304,0.0284729901322802,0.0218312728699835,0.00364141792754393,0.0370019898564223,0.0205461579544557,0.00474958071809252,0.00350363644470287,0.00133808503139286,0.522160800660969,0.0145008375876025,0.00719800514226296,0.00159999229360864,0.000493847001737594
0.00413022067031949,0.000313410162456698,0.00104344267394971,0.0165288335582698,0.0327074729768153,0.00277490888497519,0.0104961989498051,0.00578073562664235,0.0216389183578679,0.0202871532793267,0.00610679163918932,0.0273826003786033,0.00843856003941726,0.00167786710867618,0.000428163705011866,0.00650484047029772,0.00245102164872945,0.00185046837236395,0.000986221885676868,0.0312751687255811,0.000182636550860758,0.0165688508404323,0.00354942436156275,0.0620143445555234,0.00654333717852181,0.0159637183798849,0.0101834918413708,0.0285865378020275,0.638160076351686,0.00171966633840242,0.00846759257403244,0.00525732411172011
0.00181146778644498,5.09374488701713e-06,0.000987756593490366,0.000659981627530991,0.0186104304590563,0.00631690241422812,0.0196478703637668,0.00310894049446032,0.00109220990943893,0.000211078935375927,0.00771267680322535,0.00869615051930482,0.00540151004164634,0.000715138332523639,0.000884060505581033,0.0195768113830742,0.000435323959802513,0.00738121406372244,0.00526637404633295,0.087576360333275,0.0219474312593404,0.00461592851908711,0.032509421313201,0.114435809679032,0.0111284265705431,0.0316849733141247,0.0167569923996936,0.00554200504642008,0.000224564824292441,0.559402537860492,0.0051843636687393,0.000470193227865862
0.00119822104325299,0.00138908374030216,0.000266625334435445,0.0109426383011436,0.0126738533655786,0.00179355883845197,0.023278246229125,0.0139585380028382,0.0222011151056035,0.0144116789066703,0.00736777922791051,0.00452269124283774,0.018283110643181,0.000646644600955347,2.5635880756024e-05,0.00234971111206454,0.00247094661756509,0.000579844029124032,0.00711304445120986,0.126769129741095,0.0204392480763787,0.00247185291717064,0.0595721033203746,0.13324207046285,0.00196391563861523,0.00352068390691194,0.00752320148766137,0.00343975331140497,0.000888875500630936,0.000882531835216113,0.489157314567961,0.0046563525607231
0.0024813112433251,0.00024945287610054,0.000163627400741659,0.0651038032841409,0.00346388031920575,7.08633075373141e-05,0.0138016975926739,0.0504189367873107,0.0117641454696754,0.000495946542773285,0.000479236581668419,0.0158681571891719,0.00199189398973625,0.000232753897805116,0.00119764870748438,0.0141584655229853,0.00072549794923563,0.0162604143615431,0.000669450199403178,0.0305276396776882,0.00671489359696727,0.0283490530040626,0.0113334849134324,0.0430308646214108,0.00744811610465193,0.000512372414458878,0.00552636313595023,0.0019750130410253,0.00357622398261631,9.67666876952714e-05,0.00278291311111122,0.658529112486412
