0.449112021988726,0.00102347339457339,0.0037596592908092,0.0335926675513335,0.0136421446851455,0.000319526288684481,0.0184080801560997,0.0052082289720381,0.0328508258914984,0.00654798413439808,0.000342051714164623,0.00942056812042127,0.00481584011739918,0.000923280972246575,0.000648287677569689,0.0402428627368163,0.00649197614050239,0.00103269085007958,0.000547262731112993,0.148190833089019,0.00123593314090892,0.00182487501157677,0.0307858037492615,0.132323878368636,0.000727990406637455,0.0236662430224627,0.0104116515521775,0.00894873033295992,0.00116015853756968,0.00980144079347042,0.0018539607939219,0.000139067787780129
0.00793571789969416,0.469852224328672,0.00345818113551273,0.0547185605306217,0.00353314434428962,0.00366514913960456,0.0128053821649242,0.0301696668762274,0.0687986934919926,0.00723757242193678,0.00546096604065809,0.047084583518355,0.0281020731024803,3.55145335942335e-05,0.000982925466367481,0.0157281320057824,0.00129255763610317,0.00488872909681872,0.00140796022693406,0.051008167533421,0.0142751965337373,0.0169562096483854,0.0555049498991885,0.0163208719227134,0.0353278765350591,0.022078957593384,0.000458532927552087,0.00863507084444582,0.00384745682256169,0.00354102694243579,0.00137187537080109,0.00351607346574495
0.0123651473802848,0.000801251426282602,0.490385687335289,0.111476781493863,0.0277096300949163,0.0230714059509426,0.000786408925040186,0.0786421900114234,0.0505252659805241,0.0392159077230107,0.0062053804796497,0.000184523003683919,0.00171520520830825,0.000317355942824226,0.000254208311269583,0.0120860418353482,0.00376349947298391,0.00109984217415691,0.000586102078234826,0.0194630185083087,0.0302071072880186,0.00552058613130378,0.00815143685369456,0.0157115462398507,0.00898981709802853,0.00139004460532554,0.0209609255101579,0.021454273963421,0.000387897740959134,9.05712638718042e-05,0.0032604174650572,0.00322052250396685
0.000720138947441941,0.00178537286682022,0.000856022992063595,0.689091084316628,0.00865766415019067,0.00123428285480017,0.00332170703631869,0.0520162517126233,0.00135283011057918,0.139456842434676,0.0439118254794123,0.0191287277812799,0.00154959725842271,1.57004012189739e-05,0.00138601125695084,0.00393016314357571,0.000515830518865318,0.00024500958705131,0.00146584575702433,0.00509748168487172,0.00188399608953821,0.00049318508738474,0.00117240657719307,0.00265767649017616,0.00060377117744731,0.000692218183571347,0.00133312189460182,0.0129701634318217,0.000526374677838727,0.000557551903172431,0.000222801898851274,0.00114834229758784
0.00127460550026881,0.000156656673103281,0.00220229891402708,0.0668728202058116,0.447728682076863,0.0190319784655785,0.0441109783999292,0.12669549529824,0.0226813966748394,0.00757601029046977,0.00539443215086607,0.0520495381357815,0.011503328678647,0.00227992811457864,0.00584169298971796,0.0154108431836969,0.00360482358402065,0.00260206276819331,0.000109170380184158,0.0223049893730064,0.00141474562847263,0.00537209210000108,0.00334236024709279,0.0290404167779725,0.000236356213853118,0.000544642930426121,0.00815814000789652,0.0761497970016243,0.00218172286278609,0.00752901288590384,0.00590851194404848,0.000690469542099858
0.000121310834874618,0.000508055408339577,0.00580021852241867,0.0653196476918948,0.00990803941201878,0.341863552854511,0.000579070550642142,0.0731360432944525,0.00705323644493619,0.0552793223888363,0.0199213452106966,0.0134147640426854,0.00697979270716975,0.00154306017877466,0.00203696371510921,0.00795631043405519,0.000501950231928476,0.000147052646279365,0.00331497847267619,0.195506435825782,7.69704822509159e-05,0.0103471691572592,0.0155669570384412,0.127988039354165,0.00169348826197457,0.0149542165079234,0.00153507160743337,0.0134495796979509,0.00121397736237845,0.000612395753823105,0.000161251475965515,0.00150973243235316
0.000771427134679599,0.00263694368367015,0.000147755961156963,0.228288754868651,0.00974423723700337,0.0396022749948237,0.202021058964513,0.29722096819822,0.0165149638246799,0.0221300685278585,0.0114565502956635,0.0117746918850467,0.00403197254437586,0.00370291535442177,0.00456059801724107,0.0036687051205199,0.000343904909238717,9.36809714014264e-05,0.000758911551214032,0.0577607112541101,0.0138660937720193,0.00193900361204209,0.00609326864692421,0.0309508448804217,0.00976381288787575,0.00576204869895862,0.00624814653454189,0.000825595140121314,0.00018038593451172,0.000190279828298248,8.79968399987742e-05,0.00686142792579679
0.00242925004906489,0.00227910869517148,0.000245149505601011,0.243296497994508,0.0061576525772094,0.0085945359555758,0.000158825136829807,0.149787446478388,0.002766684009053,0.300465798160288,0.0900812783850438,0.0863031578360287,0.00196947274251759,2.09714230146995e-05,0.00368817432428845,0.00526393864434448,0.00192551905855517,0.000307708281818938,0.00370752613801354,0.00770733460479388,0.00447249154525559,0.00141842443849716,0.00167627387278583,0.0113588069335335,0.00151359716746134,0.000805586832921049,0.00340922293167298,0.0492153668161369,0.00191660059529139,0.00140993578013682,0.000249384301903633,0.00539827878429578
0.00521425418305431,0.00163447732823534,0.00468094744772154,0.0208104651072751,0.0122511153205962,0.00133332234829418,0.0138364905302294,0.00859382465126139,0.737821534728258,0.000981723261242297,0.000817158606416195,0.0237589754403569,0.00110729650028024,2.27162774350022e-05,0.000482490568301037,0.00486473402126719,0.00475045479345397,0.00463005337809653,0.000574964832227466,0.0209761087644996,0.0013969594512907,0.00370374695011958,0.00947705106505664,0.0113611946836209,0.00659235205136181,0.0222462499322115,0.00922771130114187,0.0310385738242024,0.00655230979827822,0.0105505837634769,0.0130445140280563,0.00566564506268134
0.000847940456845019,0.00315741489501516,0.00421182675944825,0.274806092221614,0.033112693315415,0.000833838797253181,0.026243805165265,0.108560662646823,0.0166340987182546,0.125644150199022,0.0590329755153803,0.00816503865434004,0.00567380755342399,0.000400612641510584,0.0131916995589033,0.0198594722254904,0.00181868898362562,0.000561473393527307,0.00108009968545977,0.119841883756976,0.0117410555902128,0.000885771419351804,0.0081780835589548,0.123553702837154,0.00182265290479943,0.00694118305828594,0.00150716107668306,0.00365693762314466,0.0115099916630058,8.60544133921353e-06,0.00638024695679161,0.000136332726683259
0.00194879816901698,0.000282224709556458,0.00347007376636318,0.0303438893535761,0.00368738071252715,0.000942908299776358,0.00593544686399654,0.00746182996847968,0.0167354721493126,0.00670761039290971,0.529494124771299,0.0369037211241444,0.00434060041673427,0.00119023884025174,0.0154457194999386,0.0120825792895285,0.00294056165633429,0.00140587866064712,0.000125356982229337,0.114252101082736,0.00613818181248985,0.000707906460036756,0.00963354950441602,0.133926026922676,0.000534931924589457,0.0020243928857066,0.00171766579544934,0.0272104885092285,0.0144639469370815,0.00145346873710228,0.00357473042199581,0.00291819337987016
0.00398165426700787,0.0124842393308916,0.000414747503829586,0.0964433434375234,0.00937637202124906,0.00917709335539257,0.049437374036247,0.114109635680955,0.0144466132317692,0.069355594198512,0.0255717148040859,0.0700527382590557,0.00611090969430293,0.00184432552408557,0.00355424000431772,0.0702789881269353,0.000424015355032684,0.00835081393332973,0.000101596073010823,0.179715859376831,0.00182033949719836,0.00446388304613522,0.00431354230886091,0.078432483612928,0.0129739997634457,0.0427789550488598,0.00920819671331414,0.0531855579714538,0.0303291502876833,0.000254117972284786,0.0138315201250997,0.0031763854383716
0.000684272746026908,0.00241975545356534,0.0012538690977195,0.133267897558634,0.0126770869067842,0.000538751576593805,0.00409907260016754,0.0557740620098453,0.0111861875184082,0.116541944851587,0.0382860422768172,0.0796105468863491,0.358264996646722,0.00403841671453742,0.0165190513751145,0.000235916292376026,0.000480603173041296,0.00133725249425619,8.26287369787768e-05,0.0336507027449275,0.00664732644846944,0.00264178957229995,0.00599966547083029,0.0296411978403938,0.00757079209454457,0.00302126922697964,0.000269930348411545,0.0535487043375408,0.0160275195614707,0.00116517700942771,0.00191506720082276,0.000602503228357187
0.00917767848065688,0.00321920562919416,0.000886571798124575,0.0108705333966488,0.00267820137680885,0.00142481211370831,0.00886500620890154,0.000187538343288462,0.0414768415195431,0.0100001411633055,0.00338376478899835,0.0705999519276012,0.00569527662316267,0.443209034591334,0.00752992594579748,0.00629926136780775,0.00366717960191392,0.00231750459934463,0.000647108255972618,0.0960668865370261,0.0120132295534976,0.00695138863664202,0.0237949827618966,0.154087265370599,0.0136730446319431,0.0062599074668548,0.00266788151171716,0.0287023352361629,0.0125312341638814,0.00139865604943456,0.00195217515557399,0.00776547519265831
0.0065685651837145,0.0143284767729959,0.00580575764865214,0.0849378719035817,0.0222113699763755,0.000595656783678501,0.0459579654969146,0.0151929249823961,0.02744898456283,0.0357925408106709,0.00343125551620008,0.0456312606567463,0.00563338977278574,0.0126722471692153,0.487974352686159,0.0889475088737134,0.00380707046484986,0.00144068600222344,0.000538269846573451,0.00190601905919377,0.00106560479538266,0.000353491797411609,2.93214177894011e-05,0.00257162964309315,0.00873025916972075,0.000702356556207855,0.00100404209430202,0.0492762184036558,0.0127739605211429,0.00167622486463781,0.00212729736216096,0.00886741920502523
0.00170015722201224,0.000227938433923937,0.00193093669435629,0.0422920631515122,0.0201095593626298,0.00167707102043285,0.025607931751637,0.0300844217098327,0.0139148156963836,0.0264931049350453,0.00761782085020633,0.0340478179935181,0.00103844351805744,0.000453718050182959,0.00082746786898668,0.608669697005754,0.00100103787152888,0.0024510706844501,5.21691767092568e-05,0.0248884897511395,0.00431530309011493,0.00134997562165247,0.0048781310112606,0.00519143889913913,0.00621982406571767,0.0169130246874101,0.01309168638679,0.0831934331471039,0.00402702464381603,0.00527951139804781,0.00587145679378072,0.0045834575068674
0.00614347326354644,0.00139909111214294,0.000290750002241829,0.0522199156207948,0.106678726724103,0.000259002645918442,0.0689985757980035,0.0143064465398184,0.0240629392369923,0.0247677244388692,0.00438650821790175,0.0162773099404935,0.0127644101612651,0.00208897796561953,0.00543442161789041,0.0886427834243498,0.343135023350601,0.00136318939406721,0.000108900991135885,0.0508276725684342,0.0277614679382589,0.000794785391176574,0.00834348860360546,0.0915755047349135,0.00933962161682629,0.00150007038990538,0.00708988626206198,0.0194659822050104,0.00435743009882687,4.73512263477072e-05,0.00104601832840166,0.00452255019047575
0.00608917018741303,0.00251498005160095,0.000726346258764068,0.0695050849241579,0.00856181422018844,0.00332934493724394,0.00233289728026777,0.036321820950517,0.0248738587216835,0.0127722512722363,0.00698063155076402,0.0135989314105977,0.00862195519322444,0.00127793786064194,0.000199956833879348,0.00590185937883133,0.00443942821834471,0.478497803433527,0.000678906044180737,0.143281594329344,0.00180253015269195,0.000754843473081449,0.00438849568640145,0.125129875838004,0.000527727038618492,0.00574349236830048,0.00673505901555534,0.00752831827012895,0.00471601083686935,0.00613317879831253,0.00196231967139249,0.0040715757932355
0.00227819881522799,0.000370016797238638,0.000138843678411624,0.03550242430265,0.0353562368009694,0.000415850968505863,0.0265456412756075,0.00096819083582226,0.00686442638216269,0.0141537605602535,0.00309012309606436,0.0894409744908134,0.00214579159160168,0.000474287557163021,0.00168436499836576,0.0327304653842208,0.0012333572972768,0.00144050004575442,0.37652703019043,0.0372067952836521,0.0336929098635234,0.00037864923032896,0.0159827774265801,0.0610548867475857,0.0290147385794114,0.00354054275457257,0.00399278897263198,0.176281708210188,0.00317293192887926,0.00109987666290914,0.00220888957978843,0.00101201969140905
0.00247538161617255,0.00751773163437276,0.000851568131845922,0.0895758516503838,0.152967320677209,0.00374830764525385,0.106793524823399,0.00948829547061008,0.00334608214108211,0.0661912446873974,0.0157757517562574,0.00496794911426279,0.016161023805088,0.000382391520256246,0.000265000064733539,0.076525170159413,0.00367643716912102,0.010321261410522,0.00387048209455657,0.27295726961733,0.0148821227905914,0.0107962627126078,0.00276925981550916,0.0270943507483255,0.0378889059598969,0.01800341260915,0.00877522615690831,0.0204495283189702,0.00169466042986935,5.09848581154756e-05,0.00387252475422786,0.00586471565656072
0.0055782561070716,0.00572849072190978,0.000216202290044015,0.0454019314758433,0.0596887580268463,0.000320432813441072,0.0384075822147375,0.0132536010431084,0.00111376371154691,0.0312762175981994,0.00764752667699861,0.0094585518518283,0.0112791678370567,0.000594319282781623,0.000270889548026862,0.0443739829151891,0.00375919013248277,0.00870587630441737,0.000723328936567113,0.0444837354957709,0.497931720683528,0.00752592970802776,0.00217733556844218,0.0982784548371021,0.0218990608274228,0.00199927015601691,0.00543130452202069,0.0284122245726523,0.000283719524114556,0.000423143651529654,0.000649162297876657,0.0027068686673992
0.0130659153621008,0.00162781522311643,0.000127555665588143,0.0847310906454946,0.0676109435127012,0.00973252712312593,0.0168743864583619,0.0930074756221903,0.00488128945790179,0.0211836391132834,0.0109656650746179,0.00440286644272846,0.00836833346415864,0.00259166000450085,0.000681708063303202,0.018276322189886,0.00318998701720678,0.0156479441740398,0.000329239578728961,0.0572147115484847,0.0309303415417013,0.352545014755378,0.00359904485819389,0.0375446204463504,0.0832221902463013,0.00453330710926163,0.00752792760866836,0.0316894893266487,0.00115760073307447,0.000235045510807174,0.000161493663566844,0.0123428484585278
0.018351694112852,0.00266415498598074,0.000365349073531731,0.123939417728063,0.000281804599669777,0.0103003804384798,0.0249277189078812,0.136453938574343,0.01366769166847,0.0144665906001456,0.0100173186490856,0.00712112303284377,0.00250915403293512,0.000470164140762697,0.00191272688987517,0.0105666605045794,0.00671118001867561,0.000796794820594242,0.000522317055038752,0.0580190576314627,0.00241884101613149,0.0209846183045752,0.466861187893834,0.0160222784117213,0.00771122577434703,0.0135331760008921,0.00553870128911127,0.00467057173289519,0.00204271128143554,0.0011136859610659,0.00240671783822982,0.0126310470304908
0.00121407688893346,0.00589833730428075,0.000764409091841376,0.0423298526192147,0.118900826418929,0.00348266434630242,0.067560278478994,0.00281197293693843,0.00344854603001266,0.0468364239485765,0.00844463507419618,0.0169962015597917,0.0153903054984422,7.4212389691111e-05,0.000669624948908662,0.0542810789884748,0.00164876693724066,0.0102193191541273,0.00149631839108141,0.0323157821119288,0.0140529454460929,0.00722880822663401,0.0012389463694731,0.471630795550751,0.0321483036428481,0.00667585668421887,0.00497401430937181,0.0192560508413893,0.00311676444731498,1.22440343170443e-05,0.00117154332035658,0.00371009400932569
0.00175167765311186,0.000757220358103737,0.000360280978640101,0.142513654268718,0.0388349292049555,0.00443202899840526,0.100889263356795,0.0819231170022677,0.00829787157598495,0.0127118697161624,0.00241239180330023,0.0784387188572914,0.00365485594625524,0.000636345690745308,0.00218291169622476,0.0207888768663951,0.000235959377969368,0.00144888427912424,0.000655952799048107,0.00480166614055757,0.00365411762466406,0.00249528413477884,0.00050111627387696,0.003132141162809,0.397282747321839,0.000741326474723414,0.00129769087781759,0.067047641910052,0.00906698161907564,0.00488029127584247,0.000386474315770935,0.00178571043869424
0.00254642904286608,0.00248140279930571,0.000596518346207123,0.0314561327218644,0.00699475654295445,0.00605641846640911,0.0184147076370099,0.0234060473181427,0.0642690935416775,0.0228775535983128,0.0289793180199386,0.0233923177852252,0.0111669009139474,0.000408568820863046,0.00261580494168822,0.0177789996311122,0.00577523015530269,0.00225591538704697,0.00108375796459236,0.0743109019676251,0.0109695458981681,0.0122387492246506,0.0406654485998193,0.0252618810966127,0.00209780440330577,0.493855450034677,0.0173082404174065,0.0367311869843389,0.000799569394711932,0.00328637388514098,0.00657949110737963,0.00333948335169736
0.000624254401961846,0.00321935795042989,0.000894303184031054,0.0525557725720292,0.0384775385106732,0.00528413778839956,0.0724716687762385,0.0547631047457346,0.00591449136957731,0.0561486881306972,0.0260762112410145,0.0906397254904697,0.01061041028701,4.16460507567452e-05,0.0027412060950646,0.0437559674512313,0.000901662108805572,0.008951312827494,0.00119890990130355,0.0647532718304386,0.0118144983586755,0.0133517483857193,0.00884017547404225,0.024027649739644,0.00809599154785859,0.0214111116352852,0.266455700853606,0.0679094988103559,0.0141182960107309,0.000643923133669206,0.0174219026691818,0.00588586266787088
0.00142831347469594,0.00448931263196578,0.000362664413369175,0.066119622770488,0.00823866372121237,0.00624884761972828,0.0343896856000947,0.0774950761881598,0.010508146577217,0.0449515274222205,0.0194937555568139,0.0794141599054931,0.00541172910838839,0.00111483210703664,0.0028757596884884,0.0484776434697983,4.57853966673746e-05,0.00576667901301555,4.81704078617265e-05,0.0843053340758271,0.00244022510167308,0.00367923525313825,0.00245211235988172,0.0372445959164779,0.00658098251481527,0.0141486614600916,0.00207145155089474,0.402024057118213,0.0205089355836445,1.16216928393794e-05,0.0072720333809909,0.000380378918798148
0.000785026665324996,0.00089395023955677,0.000345247580426465,0.0112535903835261,0.059610306227848,0.00329312003909891,0.0233343027394696,5.55373810712021e-05,0.00526569326330068,0.0152731593220602,0.00333428998396546,0.0219626495802751,0.00687534001307831,0.00129966515121359,0.00120575097236566,0.0081830384294967,0.00141722605533633,0.00227014620028709,0.00133147524221456,0.0780342371359804,0.0320676059424782,0.00163686180860138,0.000343628440420283,0.073260400232193,0.00784661466506105,0.0297748189106804,0.0437803504308588,0.0995670294015898,0.448118575830647,0.0015887677257579,0.0124741461539062,0.00351744785190961
0.00417811665432222,0.00663623107345185,0.000319655055339487,0.0667998042837604,0.0177267531376015,0.0026648323032123,0.0309243135882069,0.0446770360180859,0.00298979929041005,0.0159753954788159,0.000917367247058372,0.124837636594494,0.00166572282002221,0.000170384080160789,0.00310481072693179,0.0346235706618823,0.00494724643922776,0.00175994224840531,3.54642994465016e-05,0.0756145163219425,0.00338548628099904,1.38195882103896e-05,0.00107027838825427,0.0255725621376961,0.0157283125879949,0.00228681051246473,0.00209204738378345,0.0955373716920765,0.00741558158955237,0.397902681123132,0.00358915391523917,0.00483729647781926
0.000447404698682142,0.00924092029563073,0.00169209563400857,0.109002028519004,0.0711691661603655,0.000310810353105209,0.08430956316472,0.0343170095670646,0.0136972186772425,0.0851394580246117,0.00840056502220334,0.0157164119999711,0.00873750387986263,0.00127902909705118,0.00744336089306966,0.0354755556094591,0.000201622689264853,0.00620510260229673,2.97258424694771e-05,0.0128485358085549,0.0424354798678351,0.00752381514153177,0.00150303366193418,0.00418034138492196,0.0373174030069505,0.0207292398717274,0.0013952645022701,0.0279684230156888,0.00365699307867128,0.0080649406910348,0.336924734549441,0.00263724268935498
0.0043962440365995,0.0028338153564202,0.000951418848076731,0.0775453546032632,0.00269385335754986,0.00470959709761028,0.0208174796855071,0.0537680970287094,0.0185476771679798,0.0115471989574235,0.00429632146569961,0.0573077618696229,0.000995979672544331,0.000323835362757924,3.07730918147637e-05,0.00574064118877728,0.0045278077181457,0.00238251956245367,0.000200307963255681,0.0264830346438616,0.00319927382353959,0.00742575046716854,0.00976087338567694,0.0166521306362552,0.0271605479716444,0.0103775388354551,0.0051049912312941,0.0419794760931559,0.00493599477825108,0.000599129065931073,0.00225978813977577,0.570444786893779
