0.76344325486421,0.0034478805391378,0.00235620614779818,0.000762529135783036,0.0227616683462879,0.0112748263916414,0.0194370594627738,0.00144895882008801,0.0181835625312819,0.00797232480219773,0.0143738309469529,0.0101423291015153,0.00397452100652173,0.0016081391565577,0.00167015195557326,0.00512094337002188,0.00921787357598023,0.00249653802981491,0.00378323169418547,0.000562604475431061,0.0260525592382619,0.00234915051936787,0.00113698818808346,0.000741239052149662,0.0200074676923393,0.0102477098109267,0.000364807179201774,0.0219914289601452,0.00104409699393499,0.000487623458967328,0.0022086092777859,0.00932988527508086
0.0109479157655409,0.445332401802248,2.97817302118439e-07,0.0739173740858533,0.111129687726873,0.000889723057623153,0.0347764067681945,0.0528306992979294,0.0492086950884551,0.0484155363069291,0.00707795267677761,0.0167507366134448,0.00152578701782368,0.000301924871289254,0.00433323920249968,0.00875697826369619,0.0105298260441738,0.00782505056206269,0.00175724182428071,0.000855182861087132,0.0320467814315504,0.00360653091965702,0.00476980530129524,0.00458562992671241,0.00367077219338854,0.000263356437689027,0.00267909319262594,0.0211497461681432,0.0150193834119991,0.000717419716143572,0.00213668586221804,0.0221921377844929
0.000561856651792841,0.00472384705676023,0.653431847368871,0.00122273104186489,0.00441622012183127,0.000245178657206475,0.0121010449827087,0.00169651028872041,0.0194835140045462,0.00589650271981765,0.0177764216349153,0.0798592834819314,0.00456663981982603,0.00299337606292059,0.0174724946259623,0.00323645746032276,0.00344993412191291,0.00389191145881171,0.00369410532765415,0.00142454943920392,0.0073810577360033,0.012885995586044,0.000579849512999844,0.000724198839203093,4.4612630620395e-05,0.00143529914383734,0.00819710033087149,0.0845780309828226,0.00789247512810156,0.000390864189438984,0.00186540718833421,0.0318806824041424
0.000429893604656767,0.000336242730842698,0.00393998891860395,0.734951568528179,0.0163636090288342,0.00203974279167575,0.000394352526222815,0.0839136964760443,0.01275644619529,0.0258997017132171,0.00121747543016063,0.0398050068399197,0.00171345914432379,0.000442561450537934,0.00111669758893679,0.00232970998686606,0.000106525043397742,0.000630499592527227,0.000949022673013836,0.00715457756198934,0.0128392877686532,0.00236762819016265,0.00190184044406017,0.00141601574384237,0.00239319771447248,0.00185470346116851,0.000117232350172641,0.020324102756152,0.002104232418077,0.00237891247115209,0.0149397612776439,0.000872307579203945
0.00244462444743423,0.00756666837023831,0.000649213049461349,0.0574016570190431,0.549770622137796,0.0218982443276184,0.039348142859049,0.0482177647390537,0.0246183381725835,0.00628113963544351,6.15372993354179e-05,0.0258923247488377,0.00456831666275738,0.000113735887503421,0.00687463249017358,0.0629916849638354,0.00115516991412712,0.000959028667332962,8.81255091527814e-05,0.00117174927316636,0.0338042079488589,0.000356749625708313,0.00506939891891594,0.00857175707122619,0.000474066019432845,0.00516313244497246,0.00660033822512489,0.0710856778959834,0.000865912286746874,0.000414385786774491,0.000102329713648503,0.00541932388866386
0.00111684882481327,0.000809956700314188,0.00260834043552876,0.129052797762029,0.0381815741104511,0.564541767477625,0.00484216508474299,0.000863137955924074,0.00147824240087107,0.137673658068223,0.0112523698253623,0.00186311033426777,0.000604646711949681,0.000144482820465303,0.00378864112578307,0.0395308981976916,0.00140806514428943,0.000611841898626025,9.06643549346759e-05,0.00917014115238081,0.000856600146922597,0.00109203381678229,0.00164645660182053,0.0176230074608129,0.00219936014551367,0.0214504464994228,0.00102382523716074,0.000108305599833716,0.00142519662796511,0.000116145329297015,0.00233228379137493,0.000492988356821715
0.00363988649327495,0.00343426498480145,0.00231269900285613,0.0647701157138068,0.0291310837039226,0.0012324461039412,0.774501366225054,0.0230137387236545,0.014359500715992,0.00456103784526932,4.95072752269803e-05,0.00431378617102958,0.00116951784748656,0.000319654551970648,0.00708155277021611,0.0015165060364991,0.000371879886559785,0.00318306747286223,0.000495031097798011,0.000252722286289788,0.02941062225159,0.000383615928508756,0.00384847037276117,0.000741871564221047,0.00255503526404807,0.00082399108403466,0.00051855850040157,0.0149809353457529,0.00204411549065365,0.00020334664334094,0.000971666945831438,0.00380840570034335
0.00287138141158205,0.000435563313937845,0.00550010289026579,0.0972447011027913,0.124025033836622,0.041119292854406,0.0422564354612737,0.289066454848816,0.141667341665832,0.0650948041170055,0.00114351109973986,0.0400839655636042,0.000279901468294044,0.000580990002886331,0.000400175557474634,0.0454890867428796,0.000390050436702231,0.00333155053570014,0.00254881106062347,0.00227448087338702,0.0172791004536225,0.00190859719222283,0.00138207080327664,0.00282095164495426,0.0120829359778793,0.0011788094133232,0.00228675034966687,0.023322883309426,0.0107365382144471,0.007068170003044,0.0118018283573636,0.00232772943695064
0.0157231329913232,0.00677551065629154,0.000241890714027175,0.0220909267365419,0.00409126999175467,0.0270576182567346,0.122069623017373,0.006523683342257,0.432829436651836,0.0243899526346449,0.000812968251511617,0.0733983305243082,0.00482653616888703,0.00102137149955318,0.000512009089699903,0.0955898600793314,0.00684212447619686,0.00883963022841303,0.00115987042372108,0.0112420472819141,0.00151965514899348,0.000422300478297762,0.00135797718382027,0.00394677941576062,0.00280023372196477,0.0223613375244048,0.00867707518072826,0.0857671873188539,0.00208018677687292,0.000338735890808807,0.00241867607873836,0.00227206226443551
0.00165614491128307,0.000106619607513924,0.00403274498729675,0.13330363306152,0.0537560998372283,0.00410369193370411,0.037358526317088,0.175721963551678,0.014567589215765,0.400300629784532,0.00844522860312943,0.0557738965308737,0.0208554431056856,0.00100419455320899,0.00075386999159499,0.00115842161489975,4.29392354796675e-05,0.00158089000956414,0.000827692723920407,0.0114931763194161,0.00923741891914268,0.00569029118301832,0.00120289935448966,0.0019684222467289,0.0033580352731184,0.00200180157785633,0.000617955485953043,0.0360443424660456,0.00169631758759847,0.00073724079879103,0.0104659696923831,0.000135909519492565
0.00412630268140932,0.000987786985015055,0.00129380347404241,0.0253786700647743,0.0543884989961015,0.0046354888453281,0.0662444797856816,0.0451938907476293,0.0214164192049734,0.0313655893506336,0.678675915142448,0.000194994285210293,0.0343162089612086,0.000488573448575171,0.00218485153151946,0.0109964269960014,0.000258472092980449,0.000485360504284131,0.000197045380183679,0.00387439466351005,0.000196724683842283,0.000701677049276141,0.000933044646780141,8.31808099217149e-05,0.00613705148148439,0.000363403884718721,0.000876137398291287,0.00036254168339245,0.0010850660678547,1.5351910913956e-05,0.00224736093213349,0.00029528630988146
0.000108980706954421,0.000682997315790711,0.000692077903633453,0.00485711394040508,0.00486434705905677,0.000499118787099799,0.0101965126635661,0.00410033277174006,0.00105339579884704,0.00649397726385895,0.00303282457855663,0.559670030988273,0.0370158792915648,0.000537115775315945,0.00510294997296399,0.00457447202681777,0.00454132859625878,0.00876538961019217,0.00124090059874048,0.0142342931830503,0.00289445624011154,0.016884014237373,0.00343933694330253,0.0142528790884446,0.00101596706206167,0.0616766223675937,0.0264905829100633,0.0130172563121707,0.151813608135298,0.00342592494091235,0.0310234486151383,0.00180186431484437
0.00576549528756062,0.000930083042649846,0.00102520546189424,0.0499157045010641,0.00208898413457554,0.00648682118493045,5.17141327833011e-05,0.0227681559760299,0.00342254667409128,0.00564454581919016,0.0458322840874353,0.0129996853416139,0.711322010738499,0.00330575983262865,0.0406347351527965,0.000938409361207213,0.0028003199730123,6.30236223166696e-05,0.0003607811369321,0.000997917965354251,0.0270804319543289,0.000771164498837551,0.00471696315314213,0.000489796845083598,0.00207024121963604,0.00441042004952328,0.000742904912993366,0.0123647778447697,0.0140930448575804,0.000528469733626156,0.00780208559472778,0.00757551590918585
0.000619994929675101,0.0013880915509464,0.0173627256863725,0.00753153588580181,0.00661369858856302,0.0152958554279169,0.000700145073605523,0.0152872028807032,0.0140684308551771,0.00791261951514059,0.00347712805901237,0.0812107936691457,0.00691926526847618,0.654913070317154,0.0124061211837289,0.0259152032701562,0.000597625117662612,0.000618512390640885,0.00178201211516803,0.00463150053489156,0.00589674694078577,0.000678501762843394,0.00306850336138289,0.0004399448236758,0.0135750797923511,0.000173127797408454,0.000179424700028195,0.0634713996159952,0.02896043864564,0.00051116757451993,0.00222396281348852,0.00157016985194179
0.00578645190864686,0.000689549381970112,0.000240977561074937,0.0275642617846594,0.0393748968872999,0.00375197149037678,0.0408518723971363,0.0227990671289543,0.0430692546228542,0.0122749706451693,0.0195197460149179,0.00745683951145145,0.0198505278551144,0.00339775972765905,0.65220876645644,3.44004358022577e-05,0.00226776629455046,0.00566159063424112,0.00334723829423777,0.000311235879520763,0.00232756759289598,0.0031248945641836,0.00600412190166598,0.00221339987668662,0.00935136064074153,7.60377624259472e-05,0.00102213248156142,0.0139097388832525,0.0190104126691795,0.00365014278140369,0.012525795414842,0.0163252505190837
0.00202379548362548,0.000313886687951473,0.000162012522170516,0.00293531604026489,0.0304844077304298,0.0218593239440733,0.00287103023945801,0.0145833809767688,0.0713879781242131,0.000970872214597088,0.00299739553446697,0.0649181491273825,0.00200801913148729,4.61020065875543e-05,0.000195086340203432,0.646645432183176,0.00406865562600854,0.00355633782046282,0.000619146071825831,0.014259376616551,0.000612640800288175,0.00029132271386945,0.000472540823535187,0.00991676160192378,0.00259668087624623,0.020067251929984,0.0102787070670801,0.0603567280832777,0.00452046549555565,0.000598976215128826,0.000752163820531924,0.00263005615087493
0.0202424774553676,0.0087220029911884,0.00188050891436896,0.00536148273676643,0.00944524259982694,0.0085309848771227,0.0165317732023339,0.00248380164591645,0.0189339869562664,0.0198435882824689,0.0130341090392018,0.00321952244749457,0.0199109199475636,0.00084052585883885,7.36088638803462e-05,0.00786268441098073,0.768746381287235,0.00398394423520187,0.000844997033248833,0.0048367177395829,0.00223749368049949,0.00180887537618183,0.00677451387120909,0.000528660118067835,0.00179331292321531,4.62731514196859e-05,0.00506492140938995,0.0160279749331366,0.0041468984733806,0.00240084736232812,0.0037396433277017,0.0201013248486142
0.0223311084639849,0.000622149181436692,0.000248167794919009,0.00567805996216999,0.0429970956426146,0.0284241616936444,0.00965692437698413,0.0312942868716015,0.0636149308324237,0.00814267744896595,0.00934171940037331,0.0273314622506443,0.000710586008585663,0.000132344229722804,0.00263955112218598,0.0273184349200676,0.0167315095948853,0.543619771840949,0.000557457094114813,0.00981872699748152,0.020433664042719,0.00103507655034426,0.0651969122643207,0.0055224268895164,0.0235067208719941,0.00101799565614338,0.00431363286394252,0.0200168670290252,0.00292927031441239,0.00102484664943755,0.00307744705610485,0.000714014084284784
0.000900947712994282,0.000168220823344046,0.000734621847296237,0.00173078877413936,0.0153903807480846,0.000401153651522848,0.0298703167406602,0.000557009300636091,0.0074458021975756,0.00190330631545714,0.00571112802823508,0.00573327866413954,0.0039753480836847,0.000136430088101261,0.0125322025965017,0.00306460284277855,0.000497812062670178,0.0112820500551783,0.750734999416733,0.00706952223035607,0.0402627351721203,0.00197324634140831,0.0263621863534737,0.000811121764506376,0.00315152597806967,0.0103478786866038,0.0106791984699541,0.00670216977053265,0.0103016527441199,0.0111220249676175,0.0140751290278332,0.00437120854367125
0.00103688526533193,0.00198960463131164,0.00185253669061022,0.0465876267888438,0.0357389696359054,0.000358621799053663,0.0844259219144206,0.02520336375745,0.0176893484917889,0.01492710310734,0.0023302362887579,0.026009591867018,0.00137980401960581,0.000226151534977083,0.00121559980142316,0.00476056964530606,0.00395857283262746,0.00299883846648131,0.00294857959188928,0.629810090495214,0.0101473888510776,0.0121804477806613,0.00375242225021424,0.00367787098215589,0.00611919682914065,0.0230742859966682,0.00355854848971651,0.00867644261244231,0.00627551419610845,0.0124300857073896,0.00385933081759099,0.000800448861477899
0.00255426837164209,0.0075710678644507,0.00709540749789265,0.0220928150320393,0.00159626987391008,0.00751280419367123,0.00907959810656381,0.00715900988361092,0.026670916390526,0.00733326300830367,0.00758011197740885,0.0235414527869735,0.00322411637820405,0.004818128002445,0.00635508069090476,0.0163671443917052,0.00224955953406509,0.00101976519127251,0.0165656828670742,0.0067083964234229,0.618190592306788,0.000677567218028961,8.58293613745171e-05,0.0451032609419457,0.0159254453499551,0.0201192162806992,0.00971642971451391,0.0337344560376396,0.00343674944685602,0.00474732014910782,0.00422781657356853,0.0569404581534365
0.00534181487132496,0.000299030141981431,1.20296380449141e-05,0.0338792652227678,0.021019787165868,0.00149954527802516,0.0132390443733637,0.00774512815489098,0.0251461944299981,0.0518542775583039,0.0306437991978959,0.0393732689946013,0.0103726911163577,0.000231769899104759,0.00174128797085448,0.00190145643067107,0.00287253810819561,0.00879120164431816,0.00827183995644437,0.0114841314805661,0.0115176040175095,0.585953198948013,0.0148411814009319,0.00209730277148253,0.0333777130709273,0.000613275654473199,0.00857558988103629,0.050879988274641,0.010608262608503,0.00128212247682597,0.00141991785510446,0.00311374140697305
0.00270018765740536,0.00218013093524404,0.00489873951824925,0.00542155651147546,0.0274966112850755,0.00833170381024203,0.0238492264887574,0.000509253582154734,0.0310979940578583,0.00848344147110867,0.00309248631990921,0.0822500887596249,0.00214285896003193,0.00213489187617237,0.00703140188923016,0.0400019637066848,0.00172093047402566,0.000822709316643502,0.0209203770959748,0.00329183433803653,0.0176009626984036,0.0144429765957518,0.480480376303175,0.00194548764429462,0.0278301358804573,0.0170432593627119,0.00857787769111307,0.120235864611658,0.00272061691200651,0.00101955778331309,0.018977023423088,0.0107474730401232
0.00906326125197932,0.00318789608291711,0.000442627853279358,0.0510521798140147,0.0484157653558632,7.83255802298442e-05,0.018028801816266,0.0241639404828876,0.0251849380028348,0.0164622388447323,0.00436367809531472,0.0727886922070916,0.0112696550576428,0.000259251779909745,0.00245250679774879,0.000721976956899113,0.0036554221081749,0.00405088922887724,0.000482119345955698,0.00125446542090668,0.0811969520804789,0.00117305182485492,0.0136817878078941,0.420479950996993,0.00511795363563006,0.000175400143303097,0.0195140444847075,0.115865039185726,0.000197083234715979,0.000537450672910626,0.0335115231673325,0.0111711306819279
0.0638083144586554,0.000389701092677856,0.00111892062991017,0.00600430683138512,0.128837715679759,0.000135789448645265,0.150796956128055,0.00203621995008015,0.0178611782303267,0.00794102279292192,0.00133359108900218,0.00909345824167067,0.00233962486931119,0.00250760330876834,0.00128859846202692,0.0202749552337604,0.0150844812680885,0.0038039780741426,0.00741357626802893,0.00296494653422684,0.00273973349330246,0.00681370984612813,0.0148979725688518,0.0017059101858701,0.489773816902728,0.0234356797821233,0.00103298398856283,0.00214603786456195,0.0021613563722203,0.00218360784141529,0.00163491524700424,0.00643933731578822
0.00243887557540186,0.000158249318304146,0.000250354377527581,0.0268147680901732,0.052469776387322,0.00185659148487759,0.0810218697489817,0.0228830668716407,0.0234662989585392,0.00582836334206972,0.000962963803762308,0.00147055477489693,0.00382975797287338,0.000992922753079387,0.000971920844634901,0.00292483071036871,0.0007574674419841,0.000385591916700154,0.00220595779003749,0.00255586964993651,0.0481107122883429,0.00885332024615636,0.0174706242865765,0.0122926617056901,0.000355814394717061,0.653329194612696,0.00485881156847995,0.00768146312235076,0.00247085430748676,0.00379073033829635,0.00475371409341821,0.00178604722267759
0.00473252662360857,0.00307161147340554,0.000150424523524927,0.0196943648280165,0.122960561883978,0.00244999391461776,0.0390222113409067,0.00546041579907775,0.1015135605334,0.0172814309962239,0.00519043575497443,0.0191069113433773,0.00509774972852691,0.000514828938898807,0.00439619942348786,0.0177898048789985,0.0132831510353277,0.00134886389429776,0.00216365095961846,0.00147992810299943,0.0334240679088361,0.00293188164219961,0.0021801767332288,0.00249754875185748,0.0153593288070462,0.00437388572137159,0.503473048566308,0.0112341146742813,0.022599559979122,0.00544930270223542,0.00751854176878042,0.00224991676746718
0.000563340727710104,0.000146571430077901,0.000311688427552957,0.0157089107101586,0.0369223149187036,0.00288753492556339,0.00715042324246374,0.00190373935730607,0.0166036140341721,0.0218347344426188,0.0169964386223576,0.0873950334589033,0.0177926185584525,0.000211826175391111,0.0148672977672858,0.000243973734714955,0.00187944051869733,0.00263350319726869,0.000501257150184532,0.000942599603420498,0.00265660557861473,0.00326906010177413,0.00212566659451962,0.00115724592012471,0.00134833231688003,0.00827150482171257,0.00947965084407969,0.668427027438814,0.0527887078126047,0.00228921874254566,0.000318813170779568,0.000371305654547095
0.00167565429200513,7.03781983858791e-05,0.000948787635206608,0.00434447268084938,0.0821474357426548,0.00504295605454279,0.0585832421203328,0.00152820496266938,0.0414385230230025,0.00218081302476523,0.0021531287441639,0.00321888401006571,0.00690553757801165,3.18673409091999e-05,1.99193867376953e-05,0.0024298694407091,0.00289047043138874,0.00012434632046153,0.00311389177512972,0.0207755197306978,0.00332012216551567,0.000851542245177345,0.000573876765519038,0.000137954034398325,0.0080464607384925,0.0153465057503102,0.0113147968117324,0.00306924677968263,0.647529317414841,0.00219020259025161,0.0679784415798361,1.7630631554179e-05
0.0059912711219045,0.000301618539683867,0.0012196652864236,0.0905793975424019,0.0431358918237268,0.00230052502039918,0.0253518267565352,0.0247896637219788,0.0407143981826975,0.0394304802124344,0.00739395854580533,0.00903833135449954,0.00315226274065112,0.00194181008880292,0.000406856587576493,0.00386230179369809,0.000958822700959145,0.000825361697616876,0.00274174231610575,0.00246158830551568,0.036846295507331,0.00170460161399953,0.00803943393567591,0.00546746460799737,0.000962361269102778,0.0018786718276402,0.0109116679651738,0.0114198674381826,0.00298990911371669,0.590422186009724,0.0186005182556038,0.00415924811643552
0.000215518063048988,0.00285847261480592,0.00687916010483229,0.0292217015707404,0.00643042354948783,0.0194097843249077,0.00273074933878864,0.0187787884485294,0.00388698911709237,0.000590288189898807,0.00666508892537473,0.00856961398403717,0.00504125700121449,0.000912043219697026,0.000188712860437241,0.00591412017990676,0.000188385414281443,0.000972587271692635,0.0115802405042564,0.0304127083949658,0.0212011717455015,0.000821126753240652,0.0159440009789925,0.0260612587146365,0.0038633641918617,0.0191325717281366,0.0132894329299703,0.032872940533526,0.00354908252377515,0.000442024000018068,0.693829851597869,0.00754654122447592
0.00417860575386735,0.000680233795158154,0.0064360983832121,0.0540480773267433,0.000515250461273447,0.0131835370166903,0.0193320020459191,0.0172813102234237,0.00745890419459565,0.00407546958803189,0.00820768315747052,0.0532718248557034,0.0312672458923254,0.00013627755161497,0.00220563095667356,0.00124147253027412,0.0102002384724209,0.000767324754648384,0.0016887227239841,0.000236088504184394,0.000504438460231199,0.000688156120948146,0.0132491364241291,0.0055730119655435,0.0108303051544367,0.0114727057063071,0.00467830751233061,0.0950984972124156,0.00221854333953579,0.00103519508084265,0.0017450888597497,0.616494615975315
