0.647284284775558,0.00894694173484834,0.00610997178315753,0.0219613953989501,0.00297419150126035,0.0169196283221825,0.00732805660587721,0.0425546781636302,0.0128027139276091,0.000487868729887219,0.000716173987442674,0.00892123284884111,0.00701190431580742,0.000707500283780818,0.0250555350705856,0.0467483926333956,0.00379080388205556,0.00442645240715006,0.00548245198552923,0.015739085676846,0.0200361475790234,0.0135088271805431,0.00328097760783608,0.0026919994891304,0.00908825818460001,0.00804937430174575,0.00141727180107633,0.0166037538099282,0.00607657302855989,0.00343830325259663,0.00556894388743341,0.0242703058431321
0.00493547341182046,0.420427905090525,0.0351281931681705,0.0074132347766726,0.153921362093706,0.0303634669328186,0.0775921395640949,0.0100218708137571,0.0107087892935007,0.00512436680811916,0.00888524235688465,0.0444491358755624,0.00205609926817625,0.00341141338124271,0.000234886224045551,0.0137286556625377,0.00571634428148912,0.00688089859725315,0.000365085132505605,0.0175197663605717,0.0273960447111746,0.00459077288982709,0.0324110981378657,0.00654802644112007,0.00822612889691265,0.012898512765239,0.00262720997445997,0.00424466377856594,0.00575325596945812,0.00218363519821655,0.0031110556825112,0.0311252664611956
0.00139028370834304,0.0176586970969277,0.2870876773944,0.0128315190696435,0.190009377493986,0.010388310694273,0.109279150755106,0.0103701993760342,0.105304686074497,0.00991911990611531,0.00787297859829928,0.0552515286450253,0.0174553950764967,4.13717017600022e-05,0.0114691144356582,0.00102766038232973,0.00242565224434193,0.00517567043418063,0.00236768297102792,0.0113672182295704,0.00164752098692855,0.000482312638089955,0.00358970005702754,0.00653761573817925,0.00266233852010577,0.0284106214857089,0.00263571875305905,0.0412292454386492,0.0239809880180779,0.00249188989058168,0.0115300336323883,0.00610872055318785
0.00444897553330267,0.00302701933653556,0.00361059598940869,0.661132779583472,0.00901734130392557,0.00947163150118188,0.0514920355993588,0.0170273051691951,0.0111491459565792,0.000825364258895715,0.00799087093505126,0.00795107668423201,0.0635546984462777,0.00544754648253348,0.0237282747115842,0.0405822933514599,0.00154314248864462,0.00117067156727437,0.01879898742361,0.0031650459579423,0.000448122713393672,0.00688757329887725,0.000396685302508162,0.000655299834887597,0.000109542601894367,0.014088050953693,0.000135466814682214,0.0178680564706059,0.000730915673102815,0.000899133815880012,0.0115826488710001,0.00106370136900977
0.00536204500929884,0.00202562307013369,0.00712509544119689,0.0179287515918568,0.558568615860625,0.0564032705760626,0.107422470916591,0.0504289104150911,0.0180760588968351,0.00167686845722559,0.00103111084148379,0.0110615317802756,4.63591464646696e-05,0.00112432268338311,0.0157415832240823,0.0379655271347228,0.00567244612579189,0.000799788361978139,0.000733471762119245,0.0188336127420706,0.00235201140602513,0.00195229429452583,0.00686342431168548,0.00295195096671649,0.00943181131528055,0.0237897720012916,0.00183510696134673,0.0190881215946253,0.00040994504001236,0.00480354089800592,0.00267068363645501,0.00582387353674047
0.022452405533715,0.00186587738827824,0.0155330520826028,0.0403037759014023,0.0020066202084978,0.638780383454447,0.00163957388156257,0.0294701288482046,0.00802993244091714,0.00825454417769811,0.00685928025439012,0.0108912546964475,0.0252901638554059,0.00178842621702845,0.0286963946474188,0.00875284280091591,0.00666297929675793,0.00112529119569942,0.00209732634625132,0.0203887503965392,0.000435891027224756,0.00405558593381525,0.00106075219164329,0.00488264299450085,0.00362706123096206,0.0236867543119556,0.00234563579328397,0.0276622119121376,0.0125087109365023,0.0115326970482796,0.0187328777567107,0.00858017523880368
0.00980651060056446,0.000681022370392408,0.00715084321210576,0.0182502410998969,0.514452891204221,0.0164471635607917,0.0212890270102298,0.067147971396069,0.0735479701641205,0.00415544178960637,0.00353082179553224,0.0256613692315661,0.000535927076628505,0.000702047117981809,0.0185986044192887,0.068042691369467,0.00378314535246459,0.00241015857558621,0.00120367041072278,0.03105808984383,0.00223623858695219,0.0107975811099876,0.00566698622228064,0.00232557706445461,0.00600239073886712,0.0235098906387016,0.000270738445822573,0.0284229279462935,0.00642844042505185,0.00976538754327306,0.0102458332963298,0.00587240038092001
0.00229512249911316,0.00573608906766335,0.00380780548108429,0.0529455834667688,0.0793310311979141,0.0231753375041758,0.12148700325274,0.561008848198994,0.0150207344840284,0.00469290481481299,0.0062388563263037,0.000936194043216925,0.0157322836659581,0.00233773074750885,0.0127346356297149,0.0229250114389392,8.43597049448593e-05,0.00128552507926619,0.0144464361316899,0.00617955429018072,0.00163352321948621,0.00452092836699176,0.00360774005685657,0.000483517683213426,0.000176111053515315,0.017691142952558,0.000534462121356783,0.0135327332416501,4.91897859283228e-05,0.000379365038652031,0.00220799558172945,0.00278224387304381
0.00378546390256892,0.00364783362803237,0.0015551050494825,0.0111982343895839,0.182139930254797,0.0307359000978292,0.0448018206106819,0.00320968630543675,0.390902766222286,0.0043721879185797,0.00867418176298964,0.0526692264058867,0.0129380428911533,0.000227241743548635,0.00696411235268931,0.0233403099128158,0.00410341985602353,0.0163581904289156,0.00765534134178755,0.00315259846003667,0.0183467331676688,0.00702001855847694,0.0190050622032669,0.000423556909747301,0.0197556643229333,0.000846358685686125,0.00795775262054378,0.0172646300776791,0.0612246517745369,0.00664044547939858,0.0281098520740426,0.000973680590894919
0.00119873519499262,0.000606377704778909,0.00219835658854075,0.003680523588872,0.0915399279033494,0.0225986864516643,0.0267733642677895,0.0305184943688813,0.0721372252476829,0.434570978201175,0.00735372404937918,0.0645980964506627,0.0146800475738396,0.0056475364077294,0.0478329653253449,0.03219456710567,0.000497022684626443,0.010272476677066,0.000183202328975977,0.0107971008567532,0.00655793439681287,0.00352068620376441,0.0184730148574392,0.000392673765798772,0.000829251767977719,0.00843900617632095,0.0035530140995275,0.0610338832806142,0.0132904379334295,0.000800482691211265,0.00190342953366095,0.00132677631566858
0.00446606700250441,0.000223895221225568,0.0111123357609023,0.244013778040703,0.0479132175332862,0.00561705369716289,0.0120152256996902,0.0647916335375694,0.0882388438651568,0.0061236512018536,0.171677370077167,0.0172424995820972,0.146716614416419,0.00407631112358314,0.00581074636430903,0.0329620064744477,0.00133356996688071,0.0121515967528543,0.00871669128298557,0.00170956141517041,0.000897668710262034,0.0279823626112781,0.000453363200510403,0.00160406027656241,0.00780704270963968,0.0058478143473471,0.00417780157205838,0.0571257554325832,0.00104324884030227,0.000762655350045108,0.00490000444123475,0.000485553492207827
0.00137064374153053,0.00434894744694222,0.000318582447977507,0.0131471301219824,0.251619521532844,0.00659385048228485,0.1541217534302,0.0426741330762023,0.117414062771545,0.00672592596639374,2.28827361927283e-05,0.293160659895607,0.00814064095113398,0.00314896771121414,5.60400723660391e-05,0.00328924766831471,0.0102098044289543,0.00340420895038289,0.00142609255037876,0.00330257624809318,0.000153966596261311,0.00457948036122152,0.000207760646057596,0.00513899996105211,0.0110222676858083,0.0028139799428043,0.010692822384735,0.00346799422747739,0.0252104906137479,0.00176765130597713,0.00963697032750494,0.000811943716812144
0.000536712312858795,0.00052898832033779,0.00856689278120479,0.0713460602697205,0.0115098239776334,0.00478145265116705,0.0137996873705339,0.0500586074478528,0.0338747728690891,0.00743592745029481,0.00968521227660156,0.0867327124919085,0.582454648404135,0.000725432865651663,0.000691645057160451,0.0288889622267794,0.00147736913465385,0.00339185568287037,0.00116878383542376,0.0077803636314881,0.00212598937619672,0.00594745317253522,0.00109140400072667,0.0022953577305381,0.00599371393061526,0.0145527694668849,0.00103738336866188,0.0150174035372347,0.0201030619107666,0.00144457100098233,0.0030421776705184,0.00191280377697376
0.00224057888391811,0.000422492190673381,1.90585648417874e-05,0.105002929315431,0.204550714759798,0.00170690204535144,0.162248258297071,0.118421560678816,0.0773799988096811,0.00168889044679272,0.0023662091770841,0.0415010768569598,0.00382629346297802,0.184845421030666,0.0159911520373617,0.0012647865146353,0.00153132592225102,0.00272024445074883,0.000451458805485165,0.000508665236166371,0.000369690975800124,0.00601391420608907,0.00042919788695523,0.000123678164385011,0.00422605199084707,5.30606017292409e-05,0.00131497850510624,0.0529575420338458,0.00307266394502218,0.0015782666214233,0.000515878651152121,0.000657058930934301
0.000668874083160243,0.000880044886050408,0.0143940243424457,0.0326431932790045,0.041035107956093,0.0100047184871996,0.0358491844125917,0.0154168290980847,0.0126103473815752,0.016655833596398,0.000807010839841705,0.0109088662417603,0.0118462431416514,9.74020109605447e-05,0.691007626172586,0.000872118857994465,0.00542189216823475,0.00667108971198667,0.00242331402649152,0.00933579588458721,0.000997030799700878,0.00777515368971428,0.0114456741674683,0.00566666461789445,0.00477899181666643,0.0149086649283957,0.00166080575891069,0.0130022969476001,0.00606212147506773,0.00491377445850454,0.0075343200111883,0.00170498475019136
0.00925962444246215,0.00107679355674086,0.0020289537762519,0.00279425382963799,0.317620456241634,0.0289391875938188,0.093910785936879,0.0569760205739667,0.0757713608783818,0.00349498730679343,0.00359059619512007,0.0224196234252346,0.00181339888067647,5.07835046194748e-05,0.00189938278778487,0.268830170163191,0.000131879312718533,0.00470315593695235,0.0034386436101698,0.0216984034991384,0.00339389741801694,0.0149926031361535,0.00725160626963138,0.000967550726779925,0.000158381729634681,0.00594649101476661,0.00103132474535102,0.0167054736241391,0.0152764493166707,0.00312973144093664,0.00699023044897874,0.00370779867676761
0.0145376138033857,0.0096227278087966,0.00467153592931274,0.00275159971974536,0.151737743341668,0.042319950473428,0.107839468042612,0.00883880092761415,0.0282938200566405,0.0049038232329726,0.00614629202410546,0.00452187153398812,0.0241823525312409,0.000270303128930265,0.00629436846910383,0.0204377693206848,0.354155495396735,0.037675983126601,0.00562490852662521,0.0238115988173818,0.0344242599741951,0.0119603361299721,0.00405066441206193,0.00584871870963671,0.00569948505989503,0.0214081470756456,0.00163035726913713,0.028225535082403,0.0104653503559627,0.000334576855925139,0.0124850439121128,0.00482949895148114
0.000176225204497469,0.0128673859646607,0.00582253299886679,0.0248465433392864,0.181624618033744,0.00336697159217742,0.0739095403765472,0.0212131780101136,0.0100136085692881,0.000156200161642522,0.000132312623388978,0.0007461745309365,0.03655734042772,0.00189537311307505,0.00185029485957479,0.0427393482031186,0.00708405235340412,0.461881349191282,0.000298620743600336,0.0114686201236943,0.00996227047314857,0.00272867199983719,0.0215811700112266,0.00257653744669385,0.00877792363362251,0.012686987072696,0.000267468479218252,0.0106195426581674,0.00580744936164495,0.00266179693031531,0.00276511504172668,0.0209147764710842
0.0033014516071613,0.00374090363761679,0.00139130417142444,0.0491173759990611,0.037653254425481,0.0132315379817655,0.00480205026774699,0.0451235679852987,0.0694114255874367,0.000387689944756692,0.00275777034359613,0.0645771073348921,0.0121384287642264,0.000229089656856214,0.00957806513244679,0.0467215576671141,0.000147927937657616,0.00282956085397145,0.502108360200211,0.00162299294526426,0.0145208507750254,0.0152362537913985,0.0196935155526365,0.00198835170877817,0.0080761007186807,0.00692406814829332,0.00393476919366573,0.0312377777831022,0.0203859390558736,0.00366854924498228,0.00147618882941391,0.0019862127541645
0.00347588066597204,0.00321589551887239,0.0114084659276179,0.0362469268407126,0.0131148280705126,0.0114306192113802,0.0175536418110093,0.0275849498188301,0.01988039850147,0.000225862534523694,0.00496397768114443,0.0606577544559931,0.0591931691423934,0.00108781634426936,0.0246669781563047,0.0196888921647524,0.008862723378705,0.00277085036162097,0.00489211597435838,0.31358120302262,0.0611562456710869,0.0132931844163007,0.0528740183160957,0.025771573006812,0.00223885791258005,0.0357403120486796,0.0246844014874372,0.0400350182309326,0.0534568137667041,0.00120502679194328,0.041894685992068,0.00314691277629734
0.0190766094208947,0.00300222893538258,0.000655409946688159,0.00215679876807123,0.141419914652711,0.0114971553504883,0.0588508584233912,0.0217315674242329,0.0569870518593275,0.00539472460053734,0.00026026688090767,0.00796716351990725,0.00217496388720466,0.000952651558840312,0.00288213801516429,0.0176342180506683,0.00904200353214929,0.00710350043089006,0.00130729881842927,0.0250355620587105,0.425365671457023,0.0134351424765494,0.0164260418919992,0.0465394865961894,0.00254474779638387,0.00369120305551206,0.00391493243613105,0.00118338411784057,0.0126038153308747,0.0152135747949309,0.0221486558874156,0.0418012580245536
0.00388474129155508,0.00573912967229024,0.00140331733536655,0.0219290281433153,0.112629741374684,0.0108932219040476,0.0498628187310913,0.0539406297119231,0.0154265044713011,0.00155814018539745,0.00357890352384938,0.0257529278765164,0.0180751840446211,0.00116366554980938,0.0310552342734451,0.0102235912806524,0.00338383421748379,0.00867859023399198,0.00213091327509606,0.0194909920657334,0.00416671428709272,0.422971976656351,0.0252202542587117,0.0195748472933027,0.0500055792601318,9.76207080967381e-05,0.00382293759858138,0.0345114870668412,0.000397580955663169,0.0102884606182773,0.0116964680880266,0.0164449640467538
0.0174082586771972,0.00885602392507616,0.0031291776750507,0.0113163421159188,0.0859398721608875,0.0124071882343387,0.0499476472610455,0.0108170581053225,0.0412119272901453,0.00501402417678805,0.00349090391568269,0.0105232653375986,0.0320752862181125,0.00015661947322141,0.021410768039822,0.0162339099222011,0.0144265684302598,0.00322408407204662,0.00328302056484448,0.0194289389713382,0.0271363814640329,0.0362515922839315,0.510169941993682,0.000398235299761234,0.00445785130856621,0.0152511945485379,0.00307588942597346,0.00570386760772326,0.0107764311978323,0.00226470028839497,0.00342660794213041,0.0107864220725366
0.000715316099770795,0.000891642214554159,0.0126996698635414,0.00769806173335116,0.0719628113993803,0.0140155903430003,0.0511947293140065,0.0148892578751802,0.0446879966639952,0.00102716579668823,0.00126749024062807,0.0468107876643413,0.00567007223548387,0.00111766356889691,0.00562787010688622,0.00981668637586171,0.0076791052715702,0.00417667422838357,0.0147407113796257,0.0206779558989167,0.0448118615942321,0.00554105474654644,0.0389682725821051,0.409443405471446,0.0220174169913194,0.0124831449378372,0.015183141899828,0.0360418911856032,0.0232991928292809,0.00653720261454239,0.0447877225770369,0.00351843429615973
0.00122173234236461,0.00193937935026089,0.000678437926092109,0.000291226902234169,0.048544203191291,0.00340745584796099,0.0473157860085025,0.0164029956063809,0.0130584043834028,0.00510732653398231,0.0131457538975888,0.00036605041718956,0.00110202772700037,0.00503165713355492,0.00779449307516992,0.0162251672177226,0.00104792269929121,0.0150361364925742,0.00609182477039841,0.0633920824977817,0.0163352935943744,0.0025837513907958,0.00701780118371078,0.0498396573325299,0.607847337906339,0.0220361848565358,0.00380352277217291,0.0219666549904398,6.2287282072462e-05,0.000880780778950169,0.00024942734345783,0.000177236547876887
0.00448724485337322,0.000720772020829144,0.00355131854325745,0.013830178816325,0.0635242660017758,0.02174438391658,0.032157330453093,0.0119263687808799,0.0473997168588104,0.00230376747713193,0.00960569905163331,0.0714821285247986,0.0181454015824606,0.00127708684035338,0.00791574652359117,0.00175568806443817,0.0106471437503604,0.00344308345669658,0.00141365033161726,0.0599945400519586,0.00571661741976304,0.00872000130666777,0.0153174189875636,0.00821994032941441,0.0105089806703674,0.453342540891413,0.0231599494919931,0.0474971957825715,0.0202735996728672,0.000751545820011295,0.0190628342456453,0.000103859481759024
0.00197459913813893,0.00104629219412375,0.000916851228063453,0.00357405201965002,0.0377475491190347,0.00552348447095353,0.0270727059400515,0.0166500777643474,0.0260110650566621,0.00203301020690919,2.21670004140046e-05,0.0499775371876921,0.00410661802100179,0.000448840515281465,0.000876651919536571,8.70120529286915e-05,0.00197671242891318,0.00227499666725397,0.00172003132864472,0.0832506513370291,0.0108894226713199,0.0099029342062347,0.00133420284948719,0.0150785536296042,0.0323249613139119,0.113237942674102,0.479786146922306,0.0166223367059972,0.0242025680454837,0.00186934283275751,0.0263474192974784,0.00111326325468717
0.00291357014008091,0.004156826528801,0.000290987307932737,0.0135462910980914,0.327793568432511,0.0146934244894556,0.151790260041135,0.0458071867993777,0.14400138659592,0.013492651039375,0.000819657048123461,0.055626202672804,0.00442734482677768,0.00307817196258738,0.000426192075676617,0.00392937094901418,0.0140975445725517,0.00336242496689704,0.002131960780026,0.00284054689586163,9.02382965178329e-05,0.00339096999805844,0.00172258524547241,0.00132598702437758,0.0099467744043955,0.00658149845966597,0.00988971024152337,0.125138069489409,0.0184168759596556,0.00465972501570433,0.00590108159823897,0.00371091504398145
0.00157027532514798,0.00541509891352857,0.000236283290211936,0.000297667587047211,0.0114961403519388,0.00275910285693637,0.019468140072613,0.00967966271466049,0.00356201252607864,0.00622757262601023,0.00444978768435588,0.00441401378761806,0.0084085971087265,0.000197044959420764,0.000797432120574333,0.00640810748099586,0.000104741719826612,0.00640951524743577,0.00312883200484746,0.0661421249886688,0.00778737832853247,0.00729821940650755,0.00439183660991977,0.0569552638286795,0.00111764096838459,0.0553435725660319,0.0661343321890718,0.00483245731389806,0.483677727161681,0.0131118295193283,0.130965707982142,0.00721188075918003
5.25937813853438e-05,0.00143431980959884,0.000752596567893707,0.0099928606845643,0.0114430355020641,0.0132535864714086,0.0281873167785136,0.00652330369454202,0.0335750495552927,0.000313702878033303,0.00211395903500652,0.0134624129064664,0.0116296266358565,0.00300161048787386,0.0175223423994966,0.0249650335434298,0.00243881310557568,0.00271591520018743,0.00672535441229179,0.0297838620182279,0.0048916574311274,0.00390803798903401,0.00543886625716156,0.00279959495551942,0.00112506633469335,0.0328749911129034,0.015254149135516,0.00605518525261853,0.0464241711845242,0.564401455056396,0.0909408646698527,0.00599866515294515
0.00268997142187441,0.0020730565297635,0.00120655874140652,0.00667130733999528,0.00665810071406023,0.00634161653960394,0.011999575601674,0.0121924129399688,0.0154769140538527,0.00271914195086088,0.00458560639545856,0.00429452194057826,0.00107973987649417,0.000587860645168082,0.00203451445253136,0.00920432339934745,0.000120936542529551,0.00147140167748452,0.000691292191027793,0.0174922671083799,0.00714136968932442,0.000330070106436194,0.00391366782185581,0.0218083786264012,0.000565980832945917,0.00878381903138409,0.0092452939670984,0.000506395577068452,0.0260129971438805,0.00976373052655215,0.795597904123801,0.0067392724911924
0.00985467334687039,0.00357645945857968,0.000992153407311394,0.00604358014720878,0.0036911214427884,0.0128286895476431,0.0142511954754077,0.00900008781545306,0.0202911521418601,0.000397451194726614,0.00177986563732986,0.0235400529960825,0.00252089773955758,0.00099906187160798,0.0270502155735817,0.0210476254408351,0.0137241182801549,0.0109124037306538,0.00413906885088169,0.0357248176916855,0.0888620225879368,3.91151495998417e-05,0.0972256537571643,0.0806384540979657,0.0751782252503291,0.00861320306681125,0.00439020569621681,0.0443349021769754,0.0125780336230888,0.000116961059043123,0.00680283429422895,0.35885569745042
