0.547797524498099,0.0266469985753405,0.00405172246453264,0.000427932277306556,0.0991961650309923,0.0146080859969897,0.0571732766470706,0.0457817150988419,0.00835188349598628,0.0495161424611902,0.0503599191282756,0.00221123835358807,0.00688420509222678,0.00114038593345223,0.00550325939764917,0.0161399061601021,0.00507992221780325,0.00103425142953157,3.36776747932574e-05,0.00645400220382917,0.00130680485794605,0.0021325782002301,0.00718568090603281,0.00626000136541029,0.0173359229027295,0.00143923975588862,0.00544334894158554,0.000724990607010963,0.000766091706659657,0.000318109724689482,0.00121804299353954,0.00747697390067651
2.9613631427205e-05,0.625681565977642,4.26457705046586e-05,0.00149213996751817,0.00234901475289443,0.0286309176929194,0.0247826863108611,0.00223876110159096,0.0257051134676136,0.077373909220805,0.0383471778671977,0.0179996872006676,0.00747455267197583,0.000126574664386724,0.023490749558275,0.018770291437439,0.000930311286226534,0.00259341427246133,0.000120329111111834,0.0146855135803377,0.000321939939071768,0.00122577223218079,0.00973536518373876,0.00458234238885828,0.010625852589318,0.0192557628157838,0.00143345029505674,0.0203207217028736,0.00548530688139608,0.0112382580540281,0.00190820582816493,0.00100205254567285
0.00748181066176166,0.0017847741582339,0.701004691154096,0.0175353527044686,0.0257781972806982,0.00649093832517657,0.0625334858150764,0.0208802870434858,0.00357677422738779,0.00772175812990167,0.00542279066566177,0.0275534541898637,0.00408801486572666,2.02535853528433e-05,0.0138438590669496,0.031811899703398,5.6024466384926e-05,7.20412514867394e-05,0.0023140604016155,0.0166693930921286,0.00376175540261448,0.000657582623345393,0.00280664271796503,0.0125807148445982,0.000364411419727035,0.000201731364811467,0.000304300431587459,0.00855422811311988,0.000399369967724665,0.000627894159744347,0.00428497641949935,0.00881653174640781
9.72119213297088e-06,0.00106398911016823,0.00530386048142515,0.69903195130775,0.0714552345748365,0.0151027210024134,0.0140199617254658,0.0568477250236788,0.00935802079392115,0.0207218286805784,0.00438969917178722,0.0108800248352177,0.00358588912541451,0.0015620368716078,0.00662261071214822,0.00148582213902004,0.00150740435844745,0.000864500432868042,4.89944144801915e-05,0.00407991702350622,0.00545360861705058,0.00246087263155061,0.00241522959075848,0.0238907968051125,0.00239398185967284,0.00198086128155527,0.00367863506063758,0.0143479953232334,0.00697568858838445,0.000651979901890281,0.00594500392485797,0.00186343343842763
0.000447318304159725,0.00146562517391872,0.00108603129148818,0.0222610556376455,0.610498683826862,0.0257788051977941,0.0406778400731783,0.0267538499004083,0.00966231222290148,0.0455872906036163,0.0134382408086831,0.00971537454142889,0.00384627608080485,0.00065559130600978,0.00564978117298554,0.013957369683108,0.00139247804717801,0.00382432174414822,0.000108130540877857,0.00898870863973702,0.000586290156317998,0.000198746676639682,0.0150226337459043,0.0787293195476287,0.00235477219920786,0.00978112695828785,0.0119296745939357,0.00814993302552679,0.0230798710429829,0.00251616023644566,0.000888305631072471,0.000968081389116066
0.0116743913528505,0.0125883288428791,2.45574179875955e-05,0.052251305044043,0.0292992307991783,0.569542063999099,0.0639191734320475,0.0692436158633351,0.00985924624018573,0.064773184052524,0.016956228178441,0.00515329191010747,0.00347868951828619,0.00166706185481842,0.00256634146937027,0.00478490211587784,0.00312305385489468,0.0005709046633659,0.00162789092639918,7.14770836279498e-05,0.017398869418363,0.000471573719337702,0.0143935166809487,0.0207483664620112,0.00214367081369856,0.00552484790834904,0.00746692745058161,0.000450174031033363,0.00269772187072149,0.000745710318045524,0.00195646076576081,0.00282722194183052
0.00083452977603867,0.00266236605336926,0.000812520639195535,0.00423608797338549,0.01255100771585,0.000301463610957217,0.675608981386853,0.00595392089840259,0.00505120213849312,0.0375607235591513,0.0110332305709091,0.000144734290925168,0.00786305502264663,0.000403173534121568,0.00452055755543125,0.0038510565316619,0.000357082219113273,0.00536368292514818,0.000555829309757772,0.00542115660981202,0.0165051806872726,0.00187224519658296,0.0416744071239906,0.0906936002470775,0.00427719480233738,0.0122042793044952,0.00863987699534285,0.0227010556204849,0.00841133936388307,0.00374014505773223,0.000590303003609543,0.00360401027596763
0.000627147359027727,0.00493589157900279,0.00253885146703361,0.0024535931667602,0.00670384586361985,0.0237502799801871,0.0949988011054968,0.649811403074441,0.0147870120717899,0.016177389085072,0.0205847792576684,0.0367033353398587,0.00535310828467331,0.00124036836923187,0.00811412307276405,0.0205462052100232,0.00180467293315998,0.00420613223868803,0.000116611157507846,0.0154469886403037,0.00156583100814641,0.000192760200980285,0.00134691743508241,0.0243151214005972,0.00498963407460858,0.00464037529792471,0.00121605138102457,0.00295874676960846,0.0236689696224638,0.0022830276452196,0.000366834499720671,0.00155519140831259
0.00830360473139503,0.00786262349596274,0.00101065067082629,0.00444462366419495,0.0253696515100826,0.000119109945989044,0.00440447373109225,0.0142053409252056,0.670888880376123,0.00267606701608944,0.00205749446625067,0.00378710476913331,0.00941260031250661,0.0034370606563355,0.00460013013179712,0.018875091722007,0.011382560530374,0.014525007633748,0.00112550429809427,0.00381443354840632,0.0364165185775021,0.00762406065428946,0.0507969161963413,0.0216427530542435,0.000669527463763679,0.00864122348522832,0.00760760439501592,0.00175822371775608,0.00111109915037457,0.00537218658157408,0.000310562944395821,0.0457473096439015
0.000141474696385227,0.0104662377415581,0.00187209577280918,0.00112896367932568,0.0162910752582978,0.00114951693048137,0.0344379660990613,0.013571161170999,0.0100974610027622,0.608457055748316,0.00360994520505456,0.00567390961579115,0.0203811171330733,0.000366491704000794,0.0073396734708484,8.60945638497364e-05,0.00159122282811176,0.000585901744863891,0.00167948741149197,0.0568418298914316,0.00138572768872785,0.00458257254231233,0.00175857313344514,0.11976972581546,0.00407978299566078,0.00314245634785771,0.00232505553588959,0.0444564473444762,0.0151951606850882,0.00432225984483845,0.00212273426498559,0.00109082213274482
0.00144978003564801,0.000717194694408957,0.000268622661519645,0.00096655192101786,0.00145300419531893,0.00178883990749047,0.00215268061404446,0.00204211239017346,0.00404236665107488,0.0809772411006176,0.756806165725539,0.015385763052037,0.00646515464016846,0.000456699484478884,0.00312177717643661,0.00233736739486007,0.000361578006749376,0.000834432206723298,0.00128510298462963,0.0181770323342924,0.00245123538906423,0.000470921007270944,0.00110386488560919,0.0402069428134354,0.000923441684336994,0.00151888606005899,0.000320630513605373,0.0344951695089406,0.0128502217110145,0.00210912367607718,0.00237063568330408,8.94598900536602e-05
0.000836384336127066,0.00732756083349322,0.00183508698468228,0.0029324728064436,0.0623352717722321,0.000513662567034248,0.0400569660810462,0.00117391346128664,0.0116081207676924,0.000344634355205557,0.0276321900968495,0.762869449168754,0.00632910355142808,0.000286054927250691,0.00869062483635358,0.00971676275926645,0.00186067950711881,0.00180678051902345,0.00211309607859958,0.00198361720963485,0.00280333866079057,0.000585930041003895,0.00915572261155936,0.014598888000984,0.00063542238889931,0.00558840481769354,0.00401882062668168,0.00262717107191113,0.00202412995436127,0.000833814463866548,0.00457149511905812,0.000304429623668679
0.000380109620608187,0.000868747160878097,0.000460580410383247,0.00147836693308971,0.0016331901514157,0.000873257101338815,0.0104984179006976,0.00640175072737432,0.00669040564474702,0.0263462238870551,0.0258432536469314,0.0157337387935934,0.658604493557901,6.79764604560041e-05,0.0206530220952652,0.00803169337752828,0.000578770366132053,0.00169436773939502,0.00297861955213621,0.0531940589043406,0.0127047446235433,0.00111917448561738,0.00993717149350379,0.0158035477814363,0.00184976980150684,0.01864894924546,0.0170351532015607,0.00915448074189213,0.0626098665858983,0.000786601935587781,0.00380471960700577,0.0035347764657213
0.00355673444921605,0.00276945473652019,2.1806288828386e-05,0.010015988573703,0.0012325526361424,0.00766201488402158,0.0257138657769393,0.00877652339334129,0.0129556010352827,0.0347769110649129,0.0393432261888888,0.0489058295444654,0.00545146616903271,0.702315813140598,0.0139422706787509,0.0134921472519351,0.00537865063698174,0.000997822141678098,0.00370262954140331,0.00146997982579286,0.00268041200665894,0.00012039657418067,0.00528727216332768,0.00980620691632231,0.000632268376628732,0.00183731496301297,0.000409444881865011,0.00924088791602959,0.00554129294598204,0.00231642790137918,0.0131014088152132,0.0065453785809653
0.00294622405518795,0.000523023106178101,0.00123895366929145,0.00227302612628625,0.179842404734609,0.0226968557447197,0.110789783818345,0.0486194500914483,0.019632300948959,0.0296010361049407,0.0318389391318736,0.00612905788467756,0.0058777174832302,0.000559268535505556,0.336659827253145,0.00898797886942342,0.00758640263465256,0.00171890383600095,0.00181956452616806,0.0220144559073783,0.017389504460574,0.00392759477651771,0.0330208902397048,0.0186817625311417,0.00356187549456942,0.0135783307050012,0.00722297282627789,0.0234291924081845,0.0188736764695148,0.000925094540408739,0.0122305404675916,0.0058033906184933
0.000610794123979381,0.00542802678506612,0.0022015403736336,0.00525063378241007,0.0419041068307137,0.00755020451757447,0.112940707664905,0.0381828835697501,0.0485140060026451,0.0132722518573103,0.00327354267289448,0.00332322375374281,0.000829477020302692,0.0024570869075186,0.0107815468028321,0.654873420212846,0.000763696678977354,0.00543366486177976,0.00135238715869228,1.03337083336755e-05,0.00299011766153537,0.000428890267387705,0.0047495054595878,0.00583183535915786,0.00165077447260483,0.00433175318195106,0.00515890691013586,0.00604313170343968,0.0041383956654533,0.00225207007310437,0.000142006838872015,0.00332907712086303
0.00920484688009276,0.0803494512082446,0.00371772702554696,0.00711025708515735,0.0290442414559703,0.0222870633280485,0.014829555917177,0.000339402366488117,0.0138091126286747,0.00544357525092659,0.00508621420004219,0.0399790643026712,0.0240080916476501,0.00346990726388624,0.0254037885789418,0.000320811139487588,0.530622405436608,0.000957476594129058,0.000598166704333016,0.00881312823221502,0.0119350991605481,0.00842067913666659,0.0419329595032563,0.00616615271253123,0.0448714204077449,0.0116189769257588,0.00880403633052492,0.00396133147216448,0.0304780290519916,0.000264847863719551,0.000933991961105498,0.00521818822769707
6.50013651308876e-05,0.000208976093931668,8.25751963073272e-05,0.00922957930571934,0.0693027560518383,0.0123683903257449,0.0800402177800131,0.033548965433022,0.00383803509378918,0.0178155792089126,0.00517148630064164,0.0101956077028444,0.003189556981733,0.003419266525195,0.0128510876371598,0.013525138733358,0.000496250118715622,0.630361655424644,9.1829666570445e-06,0.0260389118277991,0.0107138513598481,0.0115113938823496,0.00600822411937364,0.0220170456197291,0.00215133790301904,0.000287370198201868,0.0013706176496393,0.00045867801522154,0.00533313022924075,0.00014294460767926,0.0011421805422122,0.00710500580032877
0.000439052287523176,0.000101516969670681,3.41950574716952e-05,0.000259902158963019,0.0127822606764366,0.00299452743856042,0.0485483673443488,0.00111367384046982,0.0021219379233433,0.00222741021580267,0.00152212309545306,0.00398938113211857,0.00579923636167867,0.00518292950528801,0.000101704646902193,0.000596308477181691,0.00204243611226675,0.000759298203536366,0.534153165903911,0.136941604267534,1.07391667335655e-05,0.0206778186428046,0.00371614658668633,0.17896477768952,0.00154001906089221,0.00233306703620448,0.0127331787558858,0.00338739429640136,0.00594619722491046,0.00444265164071094,0.00394930261961944,0.000587675661170852
0.000864366552587145,0.00674825507980193,0.00017943685017319,0.00658659421385676,0.00335730325445412,0.00467400014209009,0.00626774472933249,0.000294499287482603,0.0253912183031968,0.00310363509859666,0.000791495564863695,0.00225868268458279,0.00015274120680664,0.00400455348261711,0.00822906533329399,0.0170398366695424,0.00140658444509464,0.00424991486222004,0.0005495633437883,0.635180419822379,0.0579465594686081,0.0164794873571431,0.0911667539630733,0.0525673561170387,0.00580492766630802,0.00244737691309564,0.00023138112508358,0.00677253784556501,0.00536739890068761,0.00243763791273457,0.00576463256872938,0.021684039235172
0.000517892276042948,0.00406698595734472,0.000110057976180447,8.0778772225675e-05,0.00423127073711372,0.000187226720887392,0.00336869083748125,0.0106254496932243,0.00202485406087732,0.000336571052340147,0.00453335944369972,0.00102011340115271,0.00262323967959937,7.92212915822288e-05,0.000707982178881785,0.00370571106598837,0.000239635310055499,0.00405409872791179,0.00129585170901129,0.0187497311323772,0.636954846446878,0.0108852014292686,0.0737274167138379,0.173029602598198,0.00186443391179704,0.00790348375874873,0.00608221110636518,0.00940561213441194,0.00454969933213967,0.00295220156045999,0.00470172185506233,0.00538484712885446
0.0139260335025228,0.00166869312437069,0.00019962032649715,0.000307902048439437,0.00243891167901643,0.00034674905364978,0.00101145381482141,0.00248651075050558,0.00105156657337707,0.000689484397883619,0.000241023823682446,0.00178818111100876,0.00773677094343977,0.000889885806423845,0.00200968528716808,0.000741171579089814,0.0112121802362592,0.00298527222589537,0.00385269834792915,0.0206681762564426,0.0198696520799132,0.548700877777654,0.0210010451272899,0.120645437795215,0.025986344403284,0.0912557801402654,0.0526593016660444,0.00355257383537008,0.0117484672256262,0.00211927439420141,0.00307274713808211,0.0231365275286315
0.000188819783884574,0.00384235995778816,0.000934063117691035,0.000101741269986087,0.0248211380478952,0.00873737604822792,0.00201231416475346,0.00259824817152218,0.000198272391055381,0.00471627649506224,0.0433609639652998,0.00303101498398769,0.00836588026509193,4.8415874245744e-06,0.00457512992053131,0.000793498782184707,0.0043355794604438,0.00213468344777035,0.00224099329427218,0.00180526515487304,0.017391235532959,0.000462276912827675,0.54320274299743,0.161874452563515,0.00263893861604571,0.0718752389216962,0.0221470682956219,0.0215377420299996,0.0123843464681385,0.0123449939467351,0.00821381585132968,0.00712868755395663
0.00197899402376159,0.0060638833167062,0.000317262831318328,0.00693637881312034,0.00116757483377527,0.00254485579237048,0.00258583789657214,0.00400864548021888,0.0506917295217586,0.00463894093979685,0.00432985218392531,0.0154770232144558,0.0119725988145356,0.00668220544585878,0.02026518784395,0.0242630639109164,0.000830696220879622,0.0140463769052703,0.00193858645636837,0.000621904078350036,0.0331739166175741,0.02245240725626,0.11957189763992,0.548116862894486,0.0121989439342524,0.000889572021335171,0.00452461587838866,0.0105431040465169,0.0208194162276681,0.00767743281041247,0.0173709339031171,0.0212992982461601
0.00290867480560742,0.00639138724351231,0.000344986611990838,0.00410890569196237,0.0970174488175265,0.0123978534838343,0.0990210425845527,0.0538845357893177,0.00131800301943758,0.00994884267640105,0.00346362343652535,0.000437832307431844,0.014231317602782,2.64753238707389e-05,0.000704712719450881,0.0542150490322132,0.00327357430629784,0.00107033650775985,0.00262180837344443,0.0246196917194407,0.000698514825207646,6.09191619391563e-05,0.0192239195782367,0.0189630505541019,0.501317966185288,0.00279203590583585,0.00168089547010002,0.00186469569922556,0.00123225278392901,0.00346716557639284,0.000495385291610982,0.0561970969147728
0.00437154446191284,0.00394154556376791,0.00248432989422439,0.0105232400273837,0.0609263474096835,0.0162529188837955,0.0108801117924891,0.0452730026959771,0.00218900277780049,0.00239758161322642,0.00437392766381301,0.00388110133181025,0.013329405825682,4.73896473683152e-05,0.000985425174192644,0.00127616717246037,0.000472247081670646,1.06847294073558e-06,0.000257910198409024,0.018422263937251,0.0238885775668141,0.00296503024310361,0.0153784429221995,0.0122344162671989,0.00360002959550516,0.722616096356863,0.000208300222265266,0.0115082523949604,0.000316664517665986,0.00361734344116725,0.000546369278360541,0.000833945568037047
0.00681396631593135,0.000978246943077736,0.00192821926833237,0.00724773085667358,0.0153161855509644,0.0162159985217001,0.00855857839894398,0.0272258619248209,0.0150774022222318,0.00349220181742649,0.00592544395951202,0.0128212222832631,0.0223621490183247,1.4823402058264e-05,0.000169457037146584,0.00162205803690326,0.00172265876476086,0.00110832833011213,0.00530070172228236,0.00488800226159165,0.0214390762592263,0.00335654450890795,0.0269746026298577,0.0311101324388354,0.00245650697712203,0.0211835965595647,0.722891189743854,0.0054980157593043,0.00483077712527342,0.000355657384149732,0.000692081919555029,0.000422582058291956
0.000848615618985101,0.00483453907044857,0.000392735954568686,0.00403733315793866,0.0158519242963633,0.00108869913536716,0.0320138763813357,0.0441013070140025,0.00927988183591871,0.00453858716400429,0.0177374449726416,0.00417622141591449,0.00636121814571228,0.000712229828921019,0.024784973740969,0.00700869051837255,0.00251280895181841,0.00331598935020309,0.00413418431025033,0.00891321435542907,0.0130622553350014,0.00037889728472888,0.03666170217404,0.020783062618027,0.000856327254673251,0.0186370713909654,0.00281236913588457,0.684187665147662,0.0183070898884848,0.00287306349002552,0.00451134071507234,0.000284680346270434
0.000385351923953621,0.00279680247477129,0.000802821853829055,0.00112368582494133,0.0091088407910357,0.00209499488863057,0.00881152099400474,0.0107518411010562,0.00157759420768055,0.00159340501923277,0.00266655968281976,0.0116270097070905,0.0123850641105311,0.000277270075189598,0.00707482593651436,0.00192917057342013,0.000136317205802932,0.000505072874832418,0.00154158110756842,0.00716431154552899,0.0285573635071671,0.000194026571699158,0.0277123034400968,0.000556228288805683,0.00178200472271936,0.0260198565399898,0.0220865659784902,0.0116294399532889,0.786260198182997,0.0015278391903358,0.00606083742335388,0.00325929430262184
0.00216260727203291,0.00921898960047117,0.00133518126107788,0.00550820743646736,0.0462725678674466,0.0203873511247016,0.0272232329690579,0.0453575645263512,7.88064304457584e-05,0.00137327984835267,0.0082555882352545,0.000333012409546353,0.0192606396969492,0.00148231084605456,0.000139943088033025,0.00775710164783179,0.00203373277121765,0.00075927311265243,0.00427290187900365,0.0255668759296064,0.00776230495919133,0.00531375220660166,0.00862113444006864,0.0399238722958385,0.00278282915985023,0.0369284468023468,0.0123767190373282,0.010459290345313,0.00703330717328974,0.622122582547929,0.0097996905524311,0.00809690252725747
0.00084844276714101,0.00182308278559329,0.00120863517360311,0.0344888641318334,0.0610553221750835,0.0169311923273223,0.071866515984563,0.0971439546718372,0.000886862711616743,0.0122227647571993,0.00791869314275179,0.00332136227257549,0.0338155452835961,0.000306533874895489,0.0107835728971665,0.00601810255857323,0.000726679423073529,0.00102705072225634,0.00249362209626576,0.000190654306906737,0.0112137156551669,0.000104636380554156,0.000801617181501608,0.00205497459068493,0.00193226639344692,0.00104392913697758,0.00176399062965434,0.00501177930601778,0.0142752211743448,0.000520266503415095,0.59552106557395,0.000679083410431929
0.00156945120622208,0.00411028044797012,0.00522928431164994,0.00522455632841405,0.226913865864064,0.00513437673305883,0.199937064258447,0.0825166185627762,0.000933364555104365,0.000106953762248389,0.0141346303850613,0.00527413017423645,0.00132083593595084,0.00575204001309542,0.0167311047154184,0.0453726291016754,0.00226421037702648,0.000674815857212777,0.00139607740733646,0.00624762740550771,0.00746999225205917,0.00213131209016674,0.0101884352382391,0.0226454925550217,0.000163838029804943,0.000167487016090268,0.00144782699844792,0.00791341176885022,0.000108892086944791,0.00475463755531707,0.00196480932156948,0.310199947685012
