0.643517942183319,0.000756877415470056,0.00276647163544475,0.0104493249880604,0.109084933456485,0.0305191758181395,0.036783156752762,0.0485372839743029,0.013708597333744,0.00231958948379507,0.00688014244245902,0.00396352955708051,0.00146148266053479,0.00154664380248748,0.00527031059427563,0.00604812015486672,0.00372597577789877,0.00528691818357742,0.000223109349489386,0.00102214605289584,0.00142426560414905,0.000529527416504369,0.00432799784032712,0.00290277818156394,0.0185655240429951,0.0124008466429713,0.000170205508868345,0.00891809614743135,0.00222241857995632,0.00218021333131693,0.00664004110828426,0.00584635397854411
0.00900730645031633,0.644566928514447,0.015711064800015,0.00428713267334489,0.0103138918976701,0.0128283483260093,0.0064310479439298,0.00335820067341365,0.0112945696941706,0.00177705213122027,0.00178318213361763,0.0757343171764736,0.0259161757099851,0.00171969032677299,0.00748337672195621,0.0177398194187941,0.0173294882571371,0.00344744942076643,0.00640324419048403,0.00124607643175573,0.000801134577164875,0.001753201889869,0.00394357276142769,0.00197689909110858,0.016116121514212,0.000802951564003305,3.33416269252176e-05,0.0794870410622378,0.00878565526124662,0.00526294640230436,0.000447696987660975,0.00221107436955971
0.0203875704039944,0.00319959162032548,0.527229031851335,0.000990612142442845,0.161696195841728,0.0108881562440346,0.0709718712417401,0.00891633728098673,0.0534503856765642,0.0156957840731267,0.0156838409057964,0.0137288189142954,0.00189778677502255,0.00989781480167607,0.000175475353234478,0.00174544324939281,0.00558062273734732,0.00287077008075198,0.00223756030021267,0.0100450244999539,0.00503649663014718,0.00346644211990232,0.00883999769543473,0.00330262905456642,0.00509701757408106,0.00350925250598996,0.000440627686848216,0.0162145811530505,0.00089613401879055,0.00947798544594585,0.00574894444179554,0.000681197679486839
0.00390851124633415,0.000176609150487823,0.00158022105631653,0.418282323070846,0.108048192765722,0.0152311463726691,0.0979000470671614,0.0321597685442555,0.025258490194334,0.00519475228545952,1.57643927940197e-05,0.015472659801146,0.0456911207762901,0.00196393382297843,0.0041084849337449,0.000145189306454154,0.00162453433640212,0.00160338567941304,0.000299410505483668,0.0282737768498745,0.0111961230149654,0.00271020096941048,0.00250943927548383,0.00543313357260589,0.0159336385947703,0.0287557447925738,0.0149304407913738,0.0273852902401396,0.0380031762218723,0.0131874340246902,0.029188177926043,0.00382887841790449
0.00169242163768576,0.00275410789039557,0.00490724766724994,0.000730214123393657,0.647225137794282,0.0807242209424095,0.0111706022137666,0.0198642898065199,0.0600573346834613,0.0172659509697786,0.00147402387910149,0.0188701880401228,0.00320533697146135,0.000124744628116671,0.00105642155847416,0.0370258691121194,0.00824415682428389,0.000703950474759246,0.000766430289883015,0.00503749263757923,0.00889479470710564,0.00672551565112696,0.00310953820534476,0.000988305466227899,0.00466495840966694,0.0031540420540549,0.00528031885558962,0.0294980594990619,0.00389768489052518,0.00399895131037633,0.000668352896244173,0.00621933590983207
0.0123675199019704,0.00444976233832236,0.000604724472093512,0.0238644089934382,0.250534351960321,0.198381244023576,0.18794077992804,0.118797435269875,0.0965593152516496,0.006449589909349,0.00420871575248253,0.00593258722544864,0.00598082839968617,0.000466632708384323,9.12488847534752e-05,0.00428063638933204,0.0128882316118604,0.00449715959130069,2.68516611360872e-05,0.00110853286069788,0.00421456951029613,0.00174543731952055,0.0120383483488319,0.000768058109927483,0.00420151396162542,0.00206421955286525,0.000588963832559255,0.0178915985655989,0.0031245718330136,0.00304986081410681,0.000997589332228715,0.00988471168570822
0.00603782371972606,0.00603657806160296,0.000641289018516355,0.0114749919666737,0.141974194865124,0.0280583279656465,0.561524149588232,0.00550972154105815,0.0583441593217269,0.0103875397949703,0.00162113903505288,0.0161380122320952,0.00686288558981168,2.7013957839818e-05,0.00311645952559022,0.00862448351379084,0.00700521696698158,0.00152569387077753,0.00292282410697225,0.00326736008643891,0.0221493277407829,3.59213302731063e-05,0.00318513931901663,0.00132983798938632,0.00360943810240633,0.00567401234611886,0.00857121883787484,0.0589128717257501,0.00510427811993026,0.0012109356998294,0.00625565140186308,0.00286150265814014
0.00652361383793148,0.0011640159665174,0.00168771737968286,0.071564557958555,0.0389986960898638,0.0778561497575437,0.0897674937422491,0.566619418419066,0.00474101543196742,0.000462709362609574,0.000343075456371736,0.0267907720082697,0.0179776338954395,0.00117497416905487,0.00428739719934333,0.0137469881628867,3.09059605963659e-05,0.00422464126164098,0.000438125832309541,0.00179917946228469,0.00505438603357834,0.000338992840609254,0.00559758121949904,0.000160837954518934,0.00165741215339608,0.00356044489159739,0.00952262241877161,0.0154005642706941,0.0177472894251334,0.00749146743544004,0.00204846103693827,0.00122085896564024
0.00964420860466055,0.000405005249116618,0.00110406735880797,0.0104355717350385,0.0944077995766801,0.00696520156896269,0.154566534955639,0.015039430894144,0.474716151163603,0.00170697636217876,0.000898460545167832,0.0117455196550954,0.00127672739133015,0.00137659345960014,0.0238258655343347,0.0268514910286685,0.000230155164661326,0.00362589176780332,0.00106002111434432,0.00915060101403141,0.00477190152138131,0.0199577907218237,0.000312918851785035,0.00224572197564286,0.0541353626489109,0.00149338564175169,0.00219762586878158,0.0308913625602463,0.0126869618168268,0.00125702079671121,0.0200809676038678,0.000936705848402106
0.00450263172956976,0.00311731858863994,0.00332291087794328,0.0267904138609839,0.0699640118412206,0.00725798804690615,0.027842481323153,0.0222588699055684,0.0827788587413796,0.478664888089362,0.000710123061386504,0.0271206781926412,0.00313175216167412,0.00205203434362849,0.00273104411985954,0.0195972995255195,0.000696018262226767,0.000216244376177629,0.00241775290741012,0.00485807812279474,0.0177203001262379,0.00481347334750697,0.0319893016316986,0.0193517539517645,0.0309260044721982,0.00420595839212023,0.00272340872848121,0.048817475686022,0.00182130956282182,0.00970126148357949,0.0352410779679387,0.00265727657158504
0.00890190719401345,0.00363610473892228,0.00249784815032657,0.0301955105902771,0.00986011536705918,0.0268015821883392,0.0155727013136882,0.0543373401434112,0.00653909956031777,0.00726687037767409,0.691598403614634,0.00392487342698594,0.0219283263648203,0.00102531867036584,0.00384243429674366,0.00462923458620672,0.000919931293586487,2.12407610354927e-05,0.000751413115970755,0.0245732635271663,0.00638916872554042,0.000659991575063308,0.00240166446950858,0.0093957584588838,0.00687627422225103,0.0122970273674378,0.00132363624274115,0.000637455954869809,0.0169344533259053,0.0138621859756972,0.00949096579235604,0.000907898608201136
0.000651921617106287,0.000374140468556295,0.000308649162356588,0.0464015550453714,0.0289492886523182,0.00105225308772116,0.0352264122516853,0.0178817758332082,0.00862103767168067,0.0029737190897094,0.00661627579659474,0.648380010882824,0.021193597287743,0.00146953330454412,0.00152480228376216,0.00367148896015856,0.00264306340083442,0.00166703798938328,0.000734612383080201,0.0242866199753705,0.0180529045449352,0.00551826524017927,0.00929771841992971,0.00490895641905331,0.00658848959983317,0.0221873068472648,0.0234727034643254,0.0142801014673142,0.024796019706859,0.00510555333502244,0.00988830894799589,0.00127587686327882
0.000587605264906525,0.000147640817608511,0.00118944041822079,3.86179949308628e-05,0.0182595402206057,0.0152898363951446,0.00630069938675349,0.00866538976600916,0.0096995889043366,0.00201986289653716,0.0200365897913261,0.0157973601821551,0.764532871008106,0.00113163769266262,0.0212218810385507,4.89822008992315e-05,0.00245055634107816,0.000625219937735748,0.00233478322968677,0.0276583483725017,0.00295446324730936,0.00090948114338949,0.0015894529150146,0.00265541280216714,0.00383577530449029,0.0246930765217736,0.00594172125025894,0.0250874818681006,0.00779660105874558,0.00186173242095256,0.00441695665311347,0.000221392954929083
0.00297958493249279,0.0179569236531786,0.000449956096505636,0.0791020971129605,0.00111791620327348,0.0133398011306731,0.0173308059372797,0.0628426254698261,0.011881919253448,0.0018599752771976,0.0111526093359181,0.00774713894522196,0.00632820854682313,0.556307669358956,0.00517834721373452,0.00945321801757376,0.00660821331629251,0.00399373370187918,0.00310766403835325,0.00363798689682506,0.00529528512171851,0.00096797388809705,0.00689154415642538,0.000434725205545614,0.00953898680933226,0.000359586131666571,0.00145952116566584,0.00429613338914916,0.00779632425402531,0.0664244791227628,0.0589177943776635,0.0152412519395347
0.00649433983324791,0.000347786907565926,0.00105307322231149,0.018577115307887,0.0300293542957307,0.00954147399151641,0.0116205899417882,0.0120138244064362,0.0789516941228818,0.00284995533495229,0.0241476503609108,0.03337338066507,0.00914654015233343,0.00162424889915893,0.590439470253755,0.0161969444592019,0.00350033667026027,0.00393864734478841,0.00112451687355659,0.0226752222669332,0.00132445032576651,0.00681623088505981,0.00213459516608819,0.00136117129364719,0.0162363087486929,0.0260994070203349,0.00372058307476414,0.040628094547067,0.00771375912883893,0.0072134958958033,0.00232612609633571,0.00677961250731533
0.000575547964606375,0.00195285051452394,0.00219513376790043,0.0132987252368225,0.0266683640351967,0.0143719708597982,0.0493639986432437,0.00057243635808899,0.00828845947418771,0.000525306724006236,0.000956046561985499,0.0507584506078395,0.000110032191058889,5.31057478967372e-05,0.00400716996959947,0.618720647899374,0.00210429310254826,0.000434475027094067,0.00303668861201841,0.00590016978384472,0.0251577046524301,0.0212520001589829,0.0193522927064142,0.0113260429752752,0.0355413253153535,0.000794367237835572,0.00346069489331173,0.0164508508258646,0.0271306810823827,0.00428103499444612,0.0219404684316514,0.00941866364441737
0.00805080426997476,0.00836399322819148,0.000218502456280906,0.00860568301328616,0.0385593043199627,0.0150931298833564,0.0282284161292277,0.0117827134648489,0.096884262468171,0.00775807861545016,0.00326594743146147,0.0072796018398175,0.0212999922588134,0.00568789613475456,0.0132949347411713,0.0111170879053895,0.565768889429223,0.00206911843075288,0.0124690492791684,0.00796301866045498,0.00564557624647987,0.0444749101864389,0.0046086118385208,0.0297513396378424,0.0109677956334839,0.00528205019656064,0.00192252827689794,0.00343213398602721,0.00651315844007754,0.00177494338907123,0.00550258340397718,0.00636394480486502
0.0348678734909654,0.000995183870173281,0.000274215537020683,0.00599567695123315,0.0914269322744069,0.0200193123033675,0.0129098756666464,0.0143999376650451,0.0474057972631314,0.0130919808845767,0.000663267645889077,0.0163325991765678,0.00148628183525031,0.000240892902487405,0.00600846366266143,0.00445939682404343,0.00321583473760744,0.526427414376725,0.00444295783566902,0.0318287402668094,0.0250759905599356,0.0095867330177387,0.00887357964726973,0.0092895500484567,0.0362579718181516,0.0148349948567964,0.0194994305862462,0.000195230095218944,0.0320268156687922,0.000450192772235779,0.00351496296614543,0.00390191279273531
0.00277505870406774,0.00572769526632898,0.00262257049683549,0.0276942403182639,0.0891355527067453,0.00611607703356072,0.0557299971480027,0.0530518124704908,0.00342373768691759,0.00390748349246106,0.0039037949367889,0.112208455231257,0.000886797117300772,0.00215328759193452,0.000393767745643032,0.00108874483226222,0.000471442623805813,0.00757481816389166,0.455111109961386,0.00692585298373961,0.0157794320339645,0.00373477842342983,0.00397365539197582,0.00308044638990134,0.000318598001951273,0.00194791878700189,0.00773768756344923,0.0954728909863732,0.0177810433117728,0.00112476048495835,0.000465626819700784,0.007680865293837
0.00498436840908343,0.00182335481197193,0.000124132736618864,0.000231073378247389,0.0440757774939858,0.000289619420052211,0.0555397895292787,0.00269969509429917,0.00450970769363859,0.000384958211414431,0.00247214912214137,0.0797117543785439,0.00166568525049429,0.00239421887386445,0.00489083570045092,0.029638965204385,0.0017693381110559,0.000159984772834885,0.00750233980802061,0.58778700668265,0.0158345123552846,0.0159180031197588,0.0285193962868289,0.000424818919346612,0.00339131754662181,0.00813606464659984,0.00506143276435472,0.0486573448709877,0.0341138765313371,0.00358865225256339,0.00171931909719677,0.00198050692608745
3.24778849410021e-05,0.00138316664256198,0.00101830831009776,0.00875494924122839,0.030074400657227,0.00972306526088463,0.0147015235932626,0.012444869482865,0.124117800888765,0.00396033999851335,0.00224789020832964,0.0565805074208931,0.00312795379213121,8.04659218465413e-06,0.0332115996602388,0.101255369054894,0.000596362284228772,0.000359056149947637,0.0024423409438245,0.0464248929308959,0.378406313838183,0.0020251243944819,0.00157354237849496,0.0456561583769616,0.000425036586580777,0.0038790477088577,0.00310056249216713,0.0607500440367743,0.017267106957289,0.00497920624123393,0.00565050771312391,0.0238224282779372
0.000205511283140229,0.000280814572170298,0.0029231653741317,0.0334063769326019,0.00577276233451407,0.00228912764425942,0.0131499326390029,0.0301743321878014,0.0210299496068811,0.000729509940578167,0.000400531802999385,0.0567703436109324,0.00205229630454598,0.000318478559493281,0.000151684205141387,0.0682751042473742,0.00102879876425718,0.0103777080991768,0.000454058510250356,0.0639703018075578,0.000902562261566668,0.534198436971531,0.0130171175443842,0.0522355744990922,0.0218372665904837,0.0072765162410366,0.000403088346148855,0.0275827345620435,0.0178749914599876,0.00325330346280982,0.00346661526296479,0.00419100437114117
0.00331809009249554,9.98728110364331e-05,0.00195929705001734,0.000982497277325531,0.0218394158046245,0.000890527923027399,0.0606739715716309,0.00410433477826339,0.0248744142289411,0.000169062050695716,0.00360818296362619,0.0685742126317673,0.00142483998558768,0.00151424685579665,0.000165930651398784,0.0652226749015751,0.00346531985313643,0.00371721418611124,0.000534493834854322,0.00893791349544578,0.0284946774739193,0.0185602665209717,0.597695434007551,0.00908717872338274,0.000780336479439473,0.000855141775604056,0.00132050075280632,0.0504206637576679,0.010457762550274,0.000257815902463773,0.00022731951977523,0.00576638958878751
0.00196892098129767,0.00464785743727422,0.00101925166803134,0.0018719653857816,0.0147509721847076,0.000195876925969451,0.0287281683336484,0.0074906692862975,0.0137729689022105,0.00366373473590749,0.00833733776386433,0.177629349817618,0.00151369000577791,0.00512113945178378,0.000590379774285788,0.0173867439338773,0.000333949153510163,0.00310933039740387,0.00147659917309354,0.0153421742360237,0.0220631978592693,0.00563110344659804,0.0154125668260255,0.459231731791963,0.0264269253101951,0.000203538153808747,0.0121046359265908,0.101353445176584,0.0393197368627856,0.00055854843138948,0.00491597720803821,0.00382751345838844
0.0125499317844444,0.0016887369881593,0.00470809566820107,0.00346157925230529,0.0157195826552079,0.00119858699382086,0.0748530363593847,0.00155597287213382,0.02089148204357,0.000669777708552682,0.00333369124208111,0.00169171802732536,0.00170527957932175,0.00124526135126897,0.0181247956475219,0.0477080042746309,0.000491355954645458,0.0163078053572223,0.000435478390503635,0.114915977484129,0.00670261095503185,0.000853156726261281,0.003685193657428,0.0847434603854054,0.479759789354429,0.0376589468167118,0.0140025076442557,0.00842266349188583,0.0108693918802661,0.00133159964866418,0.000528834369694976,0.00818569543553468
0.00283343032599741,0.00182684657186511,0.00042757190366893,0.0333336861318671,0.206347190876633,0.00530132362438319,0.113555353774169,0.073414377889136,0.0162201347316688,0.00450986196217514,0.000462100443531176,0.0395883661907112,0.00541908997256266,0.000591467367282897,0.00996720985443185,0.0125819615015188,0.00391749871710859,0.000500936787219311,0.00633781926345286,0.00372629386687787,0.00855048875462419,0.00859688499087252,0.0177430134682973,0.00259471984452464,0.00208345786627922,0.319209776860957,0.0115392873028223,0.0438430796268376,0.0250171589756406,0.0139694567153698,0.00448049347764653,0.00150966035986749
0.00411489580674414,0.00500314515517338,0.00088999438280093,0.00347175022983772,0.00132714843219016,0.00233008911684686,0.000674021647780658,0.00256925866840685,0.00770529298311878,0.00014184400978568,0.00121636968191075,0.25189954622207,0.0231133684076623,0.00180813223162389,0.0382866859669701,0.00452858727922462,0.00111803148775613,0.000143236932475307,0.00104139510300165,0.0095310902003218,0.0101658923032525,0.00277993940404824,0.00838362725064309,0.00276492052572369,0.0174122493710242,0.00358803497393371,0.315126571737934,0.176959883213843,0.0695841198319542,0.0168613976493417,0.0135116163650657,0.00194786342753447
0.00565710182572725,0.000500671485798096,0.00048955768425168,0.0341586771415769,0.0329982164035728,0.00196088405729571,0.0181417465424438,0.0322689275343337,0.0257091249697111,0.000691504843544976,0.00818306943737692,0.0353903210980459,0.0162831162984956,0.00278554946187335,0.00121939106088478,0.00157838551722883,0.00389669338097611,0.00113776178729783,0.000969276237225354,0.0169979768470144,0.00999903406413149,0.00242055599536332,0.0080336019009921,0.00199978098890262,0.0055028172379635,0.0155190266600276,0.00833508079121521,0.6718602407918,0.0263763812616614,0.0069219726790636,0.0015672468341552,0.000446307180048798
0.0121737495592922,0.000182726911221452,0.00080591364640703,0.00601192774542257,0.0482382494998792,0.00343310875190002,0.0327173651958213,0.023599056300656,0.0329535871785181,0.00310111974052356,0.00165115622477201,0.0905550735664734,0.00945184964253925,0.000104774324878061,0.00825988109797411,0.00644501535593854,0.00142286903158384,0.00289755378921089,0.00231060747955753,0.00906858560191996,0.00362632346822638,0.001671273892727,0.00236423871618537,0.00278756341618611,0.0190031637752698,0.00844280247005989,0.0296858647709579,0.0592355397310549,0.558517726079887,0.00716855899716864,0.0118543235030185,0.000258450534769096
0.00249957692235178,0.0070424093731772,0.00255950045316664,0.00711351294640254,0.0575124089353543,0.00277504363192507,0.0114279212077165,0.0124656610497873,0.0148235158158722,0.000834219811018924,0.00316429412260327,0.132457159409285,0.00450454381404744,0.00395417370352304,0.0203472420259414,0.000185043449415042,0.00242761691495851,0.00258032955882105,0.00445643202471238,0.0147383328294552,0.033215163713936,0.00250711193967525,0.0607998700070506,0.0126334061979793,0.00922044288960873,0.00210414494067742,0.00312943984418588,0.107555356961338,0.0192921615350159,0.404382457283186,0.0195924349243217,0.0176990717634901
0.00738324813883732,2.32001358672184e-06,0.00320689322237014,0.00310779399868088,0.0781048071834128,0.00609915220183037,0.0484723008626352,0.0107197592003377,0.0547225115170425,0.00020895823074465,0.00447272930715519,0.185536941185324,0.00925941187724109,0.000914122414182149,0.0354264567503155,0.00466458800500229,0.00106034786093677,0.00398982895691323,0.00237960921928406,0.00813542390927433,0.000436930957184248,0.00390482243656334,0.000190724255408067,0.00723619361772521,0.0018485752082445,0.00599731675680004,0.0186896113583738,0.211853078330443,0.0264139140091761,0.0155763377225827,0.238683956160289,0.00130133513210356
0.0105461379427189,5.9943337329144e-06,0.00295102670872205,0.00191925797335586,0.00548809068355251,0.00629588767593364,0.0107017222768808,0.0119163517590371,0.0387197944863191,0.00273426621047091,0.000218213429302166,0.0145834991198032,0.0243008346309376,4.76307223586229e-05,0.0257483606616388,0.0451915149514824,0.00286012536619704,0.00253504397409523,0.00464652786849726,0.0119390259434274,0.0277529744667619,0.016146909581468,0.0255505680442243,0.021043628260185,0.0109468755250136,0.00855604242691595,0.000788581180969847,0.00235549655185086,0.00371602392276406,0.00715254861395969,0.0126941994870089,0.639946845220414
