0.240929713511638,0.00210513867880054,0.00037322411369294,0.0843532177619792,0.0707218559033968,0.123695413698445,0.00274531114759302,0.152747980240276,0.000298643741301848,0.0264658949743215,0.0023955633142124,0.00132324558416046,0.00225248664765883,9.96517984201171e-06,0.002939039952937,0.0127100121986158,0.00159931722187576,0.00471502048210847,0.000168530514338979,0.0939100699718814,0.0118417789389676,0.0126896068084661,0.0410142309541043,0.0910182055596549,0.0037482537499914,0.00672213731387112,4.09767840015378e-05,0.0025089228263026,0.000711292126810613,0.000402020754709399,0.00148419158890486,0.00135873775513886
0.000254131670316784,0.457338717569863,0.00410903376752783,0.0271238231499747,0.0357775562755378,0.0858106456821357,0.00440963163782083,0.0702445997326655,0.00582517397515664,0.00980905614928225,0.00834726429298192,0.00209878787934259,0.0127478222860733,0.0014561803195938,0.0111633765899044,0.0201217234843929,0.00260562334786925,0.00300241468476559,0.000735285098401646,0.051958018541828,0.0199664808903655,0.00607566773494101,0.0318282774913662,0.0348072400727685,0.00935659457596478,0.031095848459333,0.0110628352270148,0.0112275348549969,0.00257642689185807,0.0109816327938594,0.00641655357371143,0.00966604129838615
0.000548443489501494,0.0108713475631856,0.651434256725463,0.00102640326225685,0.0299788495789969,0.0301965296703235,0.00453581554581846,0.0148736506670258,0.0299940122057391,0.0208560899926386,0.0624683026071827,0.00143257932499133,0.00997163269493596,0.00658826830769948,0.00137382824731072,0.00356609699605329,0.00727254005486093,0.00565898079418329,0.000593035833737107,0.00301202751755914,0.0022973101921942,0.000802628973553029,0.00571371842909774,0.0017224469736607,0.044310600933914,0.00371608876779042,0.000313169313825576,0.000370650739467366,0.0011393712819404,0.00201604458375134,0.00119665773257541,0.0401486209987659
0.00088560692370489,0.00368375050814582,0.000996767930878222,0.581060513696082,0.018120879413551,0.0105131210550464,0.00041906493524998,0.0595165044924285,0.00525069629673515,0.0162301013592042,0.0131613066778785,0.00999376093481127,0.0158435790078362,0.00329000580875458,0.00743044312634699,0.00109171671759106,0.000793906312235947,0.000338992659323658,0.000452611565270601,0.0674678866560529,0.0277328764895075,0.0151307439394175,0.0312966663673523,0.0971415390815845,0.000167809375937342,0.00212405175453607,4.55589878189051e-05,0.00378430811517292,0.000101569174730819,0.00117370018366052,0.000867132559737497,0.00389282789341623
0.00408425375038143,0.00130202679095356,0.00537908424328765,0.0117309542209615,0.370739839251077,0.0183074308973861,0.00631855210455122,0.00231914129319834,0.00911581850964188,0.0281454428212745,0.213637126637984,0.00263239739110307,0.0457193323073943,0.00315007452661608,0.00277685219117453,0.00769754600929974,0.000198073236416763,0.0026874893023296,0.00269396641623007,0.0194028186603317,0.0175985681179322,0.0325917818417183,0.0840974197607755,0.0396254697856402,0.0243748503860445,0.00701750055635363,0.00944498677420806,0.00255546647051886,0.0105553484095092,0.00118331851227562,0.00721741938603122,0.00569964943739898
0.00297602600781828,0.0167292106170621,0.000306642774660523,0.0173830252906913,0.0325639506993837,0.523354996534052,0.00170152246453004,0.0321771148508227,0.0215438921116524,0.00472356060730898,0.0650594508691802,0.00345722106490761,0.0200028634788495,0.00109170837576617,0.000687602756170162,0.0170744637689022,4.55020581492638e-05,0.00126633595632294,0.00225896429671796,0.021581074045502,0.0203879775909965,0.0109634978558897,0.0495159648935646,0.0583034077246999,0.0462614614749491,0.00209133157619282,0.000749263961795497,0.00110046177281996,0.00128247403799383,0.00729023805909457,0.00314618768387614,0.0129226047396775
0.00302212967034859,0.00360224539180879,0.00459386832691297,0.0267630002911834,0.0394119898097011,0.057243865871416,0.46048799339015,0.0353910336648976,0.00958967883742151,0.00645989017070936,0.0698265367089106,0.0216215251472465,0.029853514744541,0.00169009256573467,0.000855373768810536,0.0289694355639018,0.000453375556841779,0.00212850198926815,0.00198916269941837,0.000599212327991566,0.00805171159403554,0.0249738456239488,0.0685453270759646,0.00382478617418619,0.0379712212117601,0.00308064732492648,0.00814734613202671,0.0219967445040909,0.00401800994730166,0.00609081001072761,0.00141279099352743,0.00733433291028951
0.00146421863371086,0.0235778497190907,0.0121622214141633,0.0118113892129354,0.0113034840672761,0.0110089790183506,0.00640058701368352,0.526822958558692,0.0810151414677042,0.00656088477381306,0.0301208251866248,0.00745343603385511,0.055800218511803,0.0121534810875858,0.0126244070829063,0.0308745204940966,0.00240703992014661,0.00512077339734819,4.41622770800379e-05,0.00983516366962741,0.00163579005638772,0.0324704684611047,0.0454525792169886,0.00151404901887983,0.0237578489741209,0.00406843353654657,0.00206297412662204,0.00120434159419302,0.000267809011057993,0.00362405952498601,0.00888138534092514,0.0164985195976945
0.00337152189098609,0.0205184900326507,0.00834735532982416,0.000858610483895377,0.00959851836811813,0.0063300489271462,0.00952517135106031,0.00478821564563098,0.620773691303409,0.000760060782688834,0.00229333335452808,0.00222337610645556,0.00540022393686584,0.00121385658155875,0.00571464277846583,0.0118329953811281,0.000169629496102196,0.000980287217300142,0.000616733609110408,0.0978911385556532,0.008328279496224,0.00342617997460122,0.0273772736685514,0.106228394784533,0.0241872577797087,0.00497069636924709,0.00137131702211104,0.00604265488274393,0.00148565459039422,0.00132540776625161,0.00199623105274461,5.27514803113888e-05
0.00228799869040836,0.000182130915612894,0.00152503859861959,0.00327988326734421,0.0835871777388683,0.0366597583695944,0.0144046832576106,0.0608962289805389,0.0198957890490875,0.388911121397411,0.0109106973531567,0.0055484114332653,0.00616184532100386,0.000482070409924156,0.00719231341733518,0.0220154579012578,0.000118807509436857,0.00233153497011812,0.00101065472584241,0.123206077319554,0.0161783315168209,0.00334904785831421,0.00915747409350455,0.157954716447476,0.00415554500278912,0.00210502297444788,0.000427448931970269,0.00515552007155094,0.00214432926748877,0.00431634351117587,0.00192871278323432,0.0025198269152379
0.00196530480501394,5.85156366935628e-05,0.0062598753164518,0.00476242120257199,0.0442674511088826,0.00507341550584615,0.0185963856686847,0.00152583948100108,0.00889778624444056,0.013612661388065,0.551177754716046,0.00393391974421887,0.0227205419242839,0.000471815539606027,0.00854856272996059,0.00959007060436733,0.00165355600378222,0.00310297907423883,0.0026509626667313,0.115018880819765,0.0203596221368681,0.000406029545885463,0.0041547004289797,0.127891687192553,0.00218535584752631,0.0067156289511802,0.00222663217364079,0.00448334840926743,0.00305463940541428,0.00143425476305748,0.00178110120488524,0.00141829976008898
0.000157896172880008,0.0016761767208063,0.00304082047373009,0.054435607710734,0.0373881010263188,0.063268027494949,0.000840299076562652,0.0944180170529013,0.00317817606888665,0.026405060526419,0.0259693547076472,0.527448391313883,0.00632264680992997,0.00228623997889905,0.0140912025034474,0.0177539798004164,0.00178117219304398,0.0033162736383962,0.000125504804537783,0.0170625293075644,0.0137600057771772,0.00732479157670093,0.0105942494677319,0.00784059149916114,0.00919817628763147,0.00295214758088673,0.00773317353507356,0.0291073580956955,0.000820819186906208,0.00116316447193638,0.00461046238320808,0.00392958275593773
0.000422441078457107,0.00299577769987004,0.00235061436548369,0.0262665126345938,0.0245518039394466,0.032846933401869,0.0213607847052247,0.0447489398866793,0.0120874154048199,0.0263565200880821,0.0357454229063397,0.00355359658028534,0.598597871070416,0.000728767118373577,0.0156834701268189,0.00819258730968572,0.00457801708385631,0.00367428890857182,0.00284188766912173,0.045630829838601,0.00770903465708053,0.000169620287373802,0.0053588449322531,0.0433810379334837,0.00599425662520863,0.00226179888557813,0.00488300229336789,0.00668235064151342,0.0010426900548317,0.00105875794840387,0.00486578274473959,0.00337834117956919
0.000530751324117069,0.00060399752221382,0.000667599432145545,0.0870201842717314,0.0270085762938485,0.0574720151310429,0.00782728371485737,0.120205359107922,0.0159176096336908,0.101731016167466,0.0312367942138294,0.00900357859640274,0.00744708674355361,0.418250726258109,0.0180890875851198,0.000193161089084763,3.2685769815018e-05,0.00176628847071355,1.47736573110101e-05,0.00749851290935758,0.0158095653180446,0.0134611941161973,0.0233656994870548,0.0182383934719103,0.000622688335168172,0.0103301409917541,0.000579377349678042,0.000983108770676224,0.00123649196848762,0.00106214329082424,0.000834116114087993,0.000959992893784492
4.46230653652123e-05,0.00324737903032697,0.00188944881562848,0.0995264787048803,0.0315987886079108,0.0894593787484722,0.00266895866969632,0.171964356123288,0.00276169988066518,0.044997471884924,0.0190158108333119,0.000545678244538266,0.0129286277681934,0.00393807067906413,0.41921030764812,0.00924897548953153,0.000179306245914894,0.000862697134635311,0.000138925341080257,0.00148794423910757,0.0072688114182258,0.00111467376448625,0.00494468633776001,0.00221209501387441,0.0241331733434112,0.000264304048473722,0.00526140907400104,0.0320227160587108,0.000573338680367099,0.000559703179980376,0.00109082914598962,0.00483933278006491
0.0117275850557683,0.0418477153914895,0.0161120106267859,0.00611251412212554,0.00545661552572479,0.0138861227403323,0.0200163922598822,0.019239965819866,0.00269279286067148,0.0028808214769399,0.0203750868433117,0.0064308858738412,0.0139104411834224,0.00489969877264934,0.0129652067738005,0.646347484761273,0.000606052986626468,0.00166582457736506,0.000339216644127775,0.0385323203930234,0.000122144249522958,0.00245109835304787,0.0122183598070683,0.044779732274867,0.0292387528597138,0.000114666431538907,0.00138293204972504,0.000642606791723229,0.00624724496183378,0.00704700968098853,0.00310125232985019,0.00660944552109383
0.000490739736013172,0.00227585784433704,0.00123631488189573,0.0316800134325048,0.015395292074547,0.0156453968485945,0.00780199666864244,0.0309022709226849,0.0358440876284114,0.0151730047673287,0.00519829914730116,0.0070148556940028,0.024641914482842,0.00013799044888746,0.000379473605197881,0.0333449794175478,0.303120182665367,0.00657538392331067,0.00141178862515272,0.190326035570754,0.0150749007570768,0.00422678977022628,0.00095564329172773,0.214329021789395,0.00340319631907423,0.01635493269976,0.00622404573328778,0.00431720017853822,5.99004098619148e-05,0.00210681156449304,0.00192833305002844,0.00242334605120812
9.20200396069384e-05,0.0003232013372915,0.00575867688442415,0.0213207541274708,0.0333384424267641,0.0303391439812754,0.0130807289200932,0.0320650834951352,0.0248824136513736,0.00561901165472608,0.00981459529023596,0.02224640707984,9.09106704537892e-05,0.00120520713087834,0.00123533789589552,0.0329759108495232,0.00395962329186612,0.613358580885426,0.00160884829303891,0.0234065479048735,0.00944373129815325,0.00359638783520897,0.0103613328856771,0.0145300058652637,0.000717861900940102,0.0415008783183627,0.0226711296634769,0.00992036739882764,0.000627056465033389,0.000473929037381004,0.0087944470038871,0.000641426517595302
0.000729207986572272,0.0108875704430078,0.00216637145789999,0.0198535400986013,0.00850628274918992,0.0168569341475809,0.0371675048016743,0.0177589096423278,0.0862507234509735,0.00203760101711343,0.0519541610333117,0.00586214912165944,0.0086788502861642,0.00140259380074447,0.00434224563071422,0.0485557938131803,0.0025566271403394,0.0172284331053044,0.466086027499543,0.00354638806386316,0.0165131856480128,0.0167294797811905,0.0537949679865459,0.0100385608511321,0.0376637870751115,0.0266837566064141,0.00517994388971201,0.00294427670505598,0.00240061488798165,0.00313893685263073,0.00591119615677044,0.00657337826967678
0.00168160690903861,0.000750472856201427,0.0160037415812077,0.0409641451732994,0.00350142948460964,0.0276887872618188,0.0076598330363227,0.0234983479579621,0.0835183715137741,0.000225006617510278,0.0505102746260395,0.00379176419863734,0.0159936480592299,0.00596828099118042,0.00627000003573968,0.0447892391449672,0.000525122738098342,0.0116901762551044,0.0116758119975974,0.450049394198176,0.00708824252735583,0.0129796295795457,0.0192881105723449,0.0696024030882559,0.0219586235075294,0.0158397477253597,0.00900677164610155,0.00304052849354748,0.00306899969430789,0.00589232704917647,0.0207176228353388,0.00476153864462122
0.000870443493222325,0.00370030913414808,0.00378450931401708,0.00177345196202846,0.0416410347896768,0.0354264809483439,0.00403609756501813,0.0341110082639916,0.0444111758086136,0.000909999593591574,0.0355363744063528,0.00327645137683541,0.0347314082105144,0.00342326482823626,0.00718623375674378,0.0516955315502402,0.000783904834671181,0.00648398329861194,0.00192055725538705,0.00543069126873843,0.509384732886465,0.0125038425087805,0.0706117748419322,0.0257551376403254,0.0322552361229585,0.00315640155128796,0.00307329330656692,0.0068553339140877,0.000998223608844865,0.000882184301715902,0.00692523905329785,0.0064656886047545
0.000246421033978726,0.0099992279569073,0.00661806927966743,0.0020403022958684,0.012277473481156,0.00158496182500447,0.00292868495471868,0.00217522523254527,0.015219204908735,0.00717642245213711,0.0394179298659399,0.000717301043166916,0.00760307651326119,0.00151178743619553,0.013066376845047,0.00174890969113601,0.00333886746693479,0.00246719766078368,0.00218170032659563,0.108581677475993,0.0278009296176648,0.441867158576163,0.0365008267199479,0.170923593347821,0.0474827667125852,0.000305727943953687,0.00249950972061262,0.00580794027914789,0.00200345044656592,0.00655655244485911,0.00439970095970586,0.0129510254852011
3.70105538582515e-05,0.0182204605017168,0.00876857161464694,0.00793280170315076,0.0648749627919907,0.0484890925144382,0.00742681068776543,0.0616348954096105,0.0502903770614474,0.0107933045923534,0.0416110538890558,0.000741721418513654,0.0155642730335161,0.00294767121265458,0.0150363456796617,0.0367875033548232,0.00226005809387754,0.00703757686387579,0.00479773312822697,0.100227989725556,0.0621550030013151,0.00531379734630058,0.0973085295076723,0.191411832868775,0.0899125466273695,0.00207192128398861,0.00738779429226428,0.0109329448258837,0.00204812029714559,0.00311952157931189,0.00354856067434575,0.0193092138648877
0.00169117496658852,8.45550323527077e-05,0.00504651347602166,0.016723835747509,0.000560268637343497,0.007433015539295,0.00452680717931185,0.0060284599140778,0.0450478237403713,0.00113307191754949,0.0118196613653031,0.00116376721529517,0.00634888208359307,0.00358518817480477,0.00115413989212168,0.0214565935747093,2.31803196740525e-05,0.00511653749920854,0.00383668655223534,0.111633531889244,0.00180909043624361,0.00808900975559032,0.0161884786228542,0.687692821858902,0.00855793842245772,0.000107137989687409,0.00684499213172968,3.80443455203261e-05,0.000457075765736081,0.00340014538724253,0.00836722718437539,0.00403434338305182
0.000105217092847394,0.00531095062958174,0.00421214393338319,0.0163911936070946,0.00880400215386596,0.00471032199009415,0.00753038743553411,0.00379805734944241,0.00515365866155093,0.0113140755895426,0.00351326126752708,0.00338303201505132,0.00131262092783199,0.00297051112399943,0.00222902253410949,0.03271927077075,0.00151056056184562,0.0104613563206274,0.00296597750914191,0.0870386466812944,0.00606225005012626,0.0271872435599642,0.0829950921735996,0.0469646929726109,0.477293994879038,0.0778368453358704,0.0444896682163494,0.00829974229722712,0.0033320431586179,0.00199360584087285,0.000646635299880781,0.00746391806072727
0.000353128220322958,0.000121084885224686,0.00460518621777233,0.0543587810768509,0.0368865780113637,0.0574045550372502,0.00568659669601899,0.0865585669106303,0.00884912134294375,0.00452327771808633,0.000608130300978771,0.00772768403784331,0.00026493423177039,0.00334754124286117,0.000281514140012999,0.0457650463668004,0.00138656085242682,0.00114245636406179,0.00160692025597084,0.0372770963776364,0.0202899271511032,0.00420242507674267,0.0207576598316121,0.0699756691945618,0.000289295737220567,0.444763034611931,0.0387646932075263,0.0116687619971428,0.00321325430179324,0.00510116768827214,0.0156788588326779,0.00654049208258866
0.00186632940786645,0.0020070319459062,0.00062734803389005,0.0481885336186831,0.018702989944227,0.0700737522927101,0.00260722006068208,0.0968870251921883,0.00410711620634536,0.0191749477101001,0.014330740727656,0.00253044551148013,0.00671075464954591,0.00194845207974628,0.00361222954824173,0.0122545656792158,0.00194290989454523,0.000684072905954659,0.000566777110072534,0.0225819056901187,0.00831977915228444,0.00404694464431822,0.0231756464935843,0.045453758363572,0.000331940598815291,0.0177133099781258,0.543543172477432,0.00279172132289761,0.00338076035668642,0.000969641564245376,0.0116878640806001,0.00718031275826285
0.0014432788284179,0.00113816221643501,0.00774401877526331,0.00866451568612295,0.0566294327455044,0.0169304764757549,0.0374644792880915,0.0199503454396223,0.0275875601941673,0.022988726962501,0.0556969418596855,0.0117140508776903,0.00653709760438893,0.00532238435005306,0.022160647440991,0.0206230389269396,0.00732753931759441,0.0227852211902969,0.00244088168716377,0.0104240297123642,0.0263432007005742,0.00179121271374386,0.0215288236783432,0.0300668438192401,0.0255059925677356,0.0111455472791249,0.0149000663653662,0.490271421748805,0.00351273044730308,0.00156925907016728,0.00297908505370291,0.00481298697684477
0.0024522466388608,0.00414194361093082,0.00128160970436524,4.07627165869991e-05,0.0531070745464361,0.0282923009100578,0.0127809433727801,0.0236578357597621,0.044449347771148,0.000821445850803777,0.00256266323506437,0.00352984591214126,0.00511901996406536,0.00385023335929168,0.00190503507569996,0.0235431311841895,0.000245421347632568,0.00905997259773779,0.000248821140292119,0.0152476791584643,0.0202853514151915,0.0195936274194093,0.0247087299053795,0.0324709849934363,0.00812866825371588,0.0311093991617745,0.00540248675000308,0.00738928294818634,0.568671669633865,0.0115960610646114,0.0250557835291626,0.0092506210689542
0.00025501287593719,0.00416837990570367,0.000274880614578734,0.0188358319199363,0.0302357136927794,0.0317710133507761,0.00901898594579639,0.0376009331183398,0.0262917680139053,0.000838650992623268,0.00309724466922611,0.0045174189977672,0.000294784016596029,0.00064542184777653,0.000503773892979243,0.0487016179206666,4.98136654969857e-07,0.00119127777226206,0.000305161157020604,0.201817839406755,0.0181438756703053,0.0119237299949358,0.0395698891426202,0.178565564935948,0.00850256373249969,0.00180798525250434,0.00339433562239113,0.00226732630239297,0.0015691034294978,0.309367462919355,0.00263293602358335,0.00188901872588642
9.04802424805107e-05,1.50110370228194e-05,4.00979713078103e-05,0.0184085037552034,0.0151641487716273,0.0233998481302141,0.0129804215635355,0.0420888985439461,0.03173325698252,0.00440291956464513,0.000275720978828377,0.00171221029221026,0.000562005130167046,0.00613482265998327,0.00131363005089103,0.022987395792362,0.000656209125434277,0.00304815136821311,0.00156891354125851,0.0731424028089522,0.0262824396915628,0.00789468147626865,0.0291437909507755,0.0269436320581318,0.00367544794505624,0.0142614020681638,0.00588037526981496,0.00781920145437386,0.000531667172170731,0.00155254828765204,0.613074182689321,0.00321558262590564
0.00194367493188383,0.00951880674335172,0.00212315639411869,0.0840052989975821,0.027731666872174,0.0304620110677116,0.00206752607730446,0.0619090564720922,0.00560053814518,0.0327894454916219,0.0121292098775799,0.00249400908506823,0.00515670068724299,0.000571255814686598,0.00113113963497332,0.00970587104135669,0.00266692995990323,0.0073313926670438,0.00123109339134182,0.0948939184264951,0.00517532297755497,0.0142462178743398,0.0420199915901719,0.0777153621813598,0.00378157680741732,0.0139686226888854,0.00596183572266176,0.000972021844717202,0.00185483245229568,0.00125913194136364,0.000286314076291024,0.437296068064229
