0.339305362401126,0.00321256544953047,0.0055397593734145,0.16972227711054,0.0121743365013935,0.029635125013112,0.0100758429969401,0.115147448993214,0.00581096311598208,0.0677866391289145,0.0362263416108966,0.00253744842987449,0.00211394146027177,0.00103706025220184,0.000520309763380901,0.00543854884843581,0.0128659889760403,0.0013300019316911,0.000731240961096398,0.0410493079234343,0.0221006032878484,0.0104180424055963,0.0152868454666671,0.0452706641514914,0.00149357867599292,0.000240621282829061,0.00887163191152033,0.00863126264253546,0.00098752276003022,0.00219702276852525,0.00322169713702112,0.0190199972684519
0.0023513445212984,0.329068135456589,0.0098683275312996,0.0863160800539064,0.036077067579156,0.0238493518705913,0.0338526087718486,0.0768584464460387,0.00182508511366091,0.0139804200291906,0.0112816095237622,0.0126780750525076,0.00696924877165878,0.00197470194186224,0.00123477698348844,0.034453748779528,0.0113427384182213,0.0031333017913988,0.000695980704188699,0.0385222884678818,0.0551169173283719,0.0184130152498554,0.014002945299641,0.0903801733921528,0.0106200276680966,0.00292869296273925,0.0126628455615773,0.0353764362509556,0.00194207606476271,0.00221158283204743,0.000836242771298482,0.0191757068104238
0.0128806888675208,0.000136104256010835,0.40345324550757,0.019101950852805,0.0764727903106527,0.0214874201117598,0.0149790635686187,0.000518144722916073,0.0823204116013088,0.00166311470923166,0.00193354485955491,0.0374517307231053,0.0024296833976473,0.00129854967043815,0.000283752041190613,0.00223146901136006,0.000143049473963727,0.000465746865797455,0.00137827527775112,0.094321746479929,0.0105577180572036,0.0143349182211282,0.00689046285611202,0.101602504928594,0.00374446246572088,0.00337613561504816,0.0118955819340477,0.049638389527936,0.000773926899842883,0.00542928546283753,0.000746985935545325,0.0160591457868512
0.0103561795951837,0.00954901305271514,0.00109404407242744,0.152548024749434,0.00932268033619461,0.013623376518491,0.0209721258981579,0.0860374672768346,0.0472287876804382,0.0907586251231627,0.0759898555509152,0.169610138697535,0.00861440890740777,0.0024581711248709,0.068900597232601,0.0180288810924407,0.00300917508799965,5.58558633223927e-05,0.00138136962661667,0.0185266562988787,0.000750746557497085,0.0104851407990006,0.0168191796087444,0.0275843020895337,0.00244903637053823,0.00322251380718904,0.00635297178222534,0.105109664397406,0.000866340012720445,0.000727334524527105,0.00157246390567398,0.0159948723593168
0.000276701885221499,1.76517104297187e-05,0.000225582438383077,0.00220602993123999,0.39118480978279,0.00828298171514024,0.00230629156853231,0.027062981010032,0.0287408610295009,0.0238673532355993,0.00547220623590744,0.00200705197969968,0.000328104839928403,0.00142897750095246,0.00762403765876074,0.0859134400325718,0.000992574849530618,0.00566268455284427,0.0013434946822449,0.164825618422634,0.0204120479456762,0.000638294187673042,0.0151949002092978,0.179086771632229,0.0132980233160081,0.00338863977467874,0.00174100751793847,0.000583994284198995,0.00169527820659083,0.00272193932985938,0.00134475142304153,0.000124917110864654
0.00148302730495328,0.00699095899598754,0.00600030923954359,0.149462426039005,0.0431239821762822,0.353841977747724,0.046018236126431,0.16742325408477,0.000618034948622939,0.0683748766556517,0.0255140509569172,0.000757330014660005,0.00122657603290384,0.00226062123981707,0.00337229395950108,0.0661013314249786,2.82509623790128e-05,0.00133168436227787,0.0034047625323505,0.000303162833377684,0.0068459709859422,0.00652431846277402,0.00303490757092258,0.00307425469889603,0.00174620839234834,0.00562416874499309,0.0111298264394236,0.0063592363144259,0.00236525253597034,0.00263792395378139,0.00121113643801986,0.00180964782436808
0.000149319216599588,0.00790022048494047,0.00062800100427751,0.0103181536128314,0.157015522637778,0.0253700186183394,0.283453120895531,0.0233303746336777,0.000141085843689001,0.0287996940043144,0.00567522773346457,0.0101102182141979,0.00121073653693168,0.00773326829241067,0.0112717405533994,0.0612069367143535,0.000196223829420599,0.0110013200557238,0.00116890013448209,0.115414240616918,0.0330508663105697,0.00555273382239652,0.00656068038217915,0.126157883570524,0.0249294439956142,0.021731565861794,0.00300706839292426,0.00446883852324193,0.00698913022285526,0.00150963523852431,0.00369798731060444,0.000249842735490952
0.00841467116958385,0.010094648103464,6.94099031356657e-05,0.0411588174500985,0.0212799563919318,0.0246417394339109,0.0539216888879137,0.381675270038129,0.0462221478880626,0.0586125389899056,0.0373741717444345,0.0900472412999691,0.00524563298086761,0.00286550675855345,0.0298228872172304,0.0510492905444321,0.0015822142161121,0.000354797760020304,0.000949004575149972,0.0223689219043395,0.00165161518895333,0.00585102453321803,0.0114466746918534,0.0208783508506801,0.000102788279350953,0.0039774786745819,0.0078012920528676,0.0517843925502804,0.000587247704979103,0.000279518526391288,0.000309643416001665,0.00757941627359802
4.42102954627834e-05,0.000390786701462765,0.000798410511531443,0.0323874807277532,0.000803783109383296,0.00529352297591353,0.02150014622232,0.0352151072966259,0.490333584402476,0.00286531631342731,0.00946672633531616,0.013771867954719,0.00506752352483565,0.000706436947483511,0.00755375555746289,0.0302436776202542,0.000159679929181186,0.0128100084956893,0.000277032708465727,0.0931314767387084,0.00769226939375985,0.022992042075264,0.0298847176169364,0.0755414404623306,0.00499227806209647,0.0197427046531585,0.023823421139385,0.0390922009586616,0.00691251085210724,0.000810496364010014,0.00437019411659928,0.00132518993721846
0.00376052880601126,0.00291754477374912,0.00236931278891213,0.0135536961080623,0.0194431682830694,0.00266564223359334,0.00158356372582522,0.0296995969185898,0.000803547060184987,0.501391253271488,0.0851463731501431,0.108848378657938,0.00813092703886076,0.00194382692488472,0.0311593073306004,0.00191850549247566,0.00469345026265548,0.00181692401683569,0.00114619977025025,0.0399913879105283,0.00386069075560809,0.0111266857218153,0.00495845530341188,0.0372642363627497,0.00306690770654072,0.00890037681920472,0.00470034717902175,0.0423212827120463,2.82773997988545e-05,0.00274024879964915,0.00474256957041853,0.0133067871450762
0.0087558207561544,0.00628879072832814,0.0187640910205169,0.00978821389458824,0.0138646110604211,0.000809530918055783,0.0106233940989122,0.0104621168476371,0.00211266857258214,0.0853784012291136,0.344259615322287,0.131240291039854,0.0279184750407892,0.000937966174800919,0.04672217163253,0.00211033964947955,0.0118655898489208,0.00139380018673484,0.00256671964998185,0.0351634849431755,0.000648171413153399,0.00427962380059306,0.0058699471567041,0.0903984604093594,0.000173767128831976,0.0503065858761971,0.0211944093402806,0.0195401266002276,0.0124568798570593,0.00348871952716848,0.0154936004253172,0.00512361585024375
0.00387841826468102,0.00973141795314305,0.00499394617446904,0.0623303508163194,0.00520669452027497,0.000840646082045538,0.0425662484471096,0.0266404952194469,0.00899532078271437,0.0306983380025644,0.00487841449936788,0.562997750386274,0.00146081971286717,0.0129423708982216,0.00377110072698494,0.0388670153498652,0.000670519776074655,0.000464823334438741,0.000354341790550313,0.0348345972682879,0.0031838830851795,0.000706296880946569,0.0333813266341929,0.025145244165712,0.00517999245778966,0.0223093357907397,0.00599884129661923,0.0169161408185569,0.0174641898685841,0.0071097454366895,0.00272673926714424,0.00275463429214484
0.00180465335572164,0.00143845991941124,0.00101731527227928,0.0326569255507519,0.126479074586145,0.00303468429516146,0.0233328259702912,0.0221503516657477,0.0482568932255518,0.00169031091618817,0.018625026953236,0.0291220947064809,0.22952968309893,0.0148913342667112,0.00172346228156643,0.00711818233248509,0.00185688768990903,0.00694900125293466,0.000372465049789355,0.145507318276426,0.0224617690281047,0.0066890895681911,0.0168271190323474,0.123087307519442,0.0268363939482167,0.0187612862460794,0.0012675031684457,0.0173072327439185,0.0267486785484525,0.0099218088005227,0.00925533737540865,0.00327952335515373
0.000752595744553439,0.000375434943273472,0.0038197200369904,0.0710038463975499,0.0436224337548109,0.00100325336693756,0.0541709186286852,0.0507294039013621,0.00945412438410869,0.0318000321815011,0.0188343344382955,0.000288724784283294,0.00614549944029289,0.373313134152345,0.00821275200020501,0.00783628526126274,0.0078394750712637,0.0135879210453305,0.00030799254339171,0.102058921036878,0.0130461360109194,0.0246119236209197,0.0167582208252193,0.0434690849142437,0.0134912307728725,0.0439761019899687,0.00747432005575611,0.000592009092521293,0.00424186024602578,0.00425154779641042,0.009917146258368,0.0130136153034535
0.00248450631897848,0.000868606720077047,0.00207877753389359,0.0109239926187883,0.0576928311735773,0.00319707698393311,0.0347253233660908,0.00130991797090882,0.0125042699948398,0.0140084941191134,0.0018195972463558,0.0144429599376253,0.0115312248630662,0.00787826122586728,0.602159514138455,0.0284021397539546,0.00632604620282676,0.00557451792077385,0.000110199465419576,0.0300395167368739,0.0178841780302911,0.00105799505822578,0.0030371127382852,0.0394540690760674,0.0134719935037685,0.0257247882367714,0.0103078870744037,0.0148957180978292,0.0132327500173375,0.00283529509864054,0.00485159684551334,0.00516884193144792
0.000155270363826599,0.00370429132299717,0.000292666794440731,0.0251944974228988,0.00360369354079908,0.00591874735236067,0.0723940043893619,0.0119912572039303,0.139852826151219,0.00694344266893888,0.0104686643628508,0.011912901670278,0.00177972954198621,0.00498083551393157,0.011428475510282,0.166410872457417,0.000345287259493779,0.00623750244454728,0.00040449643741734,0.110473532873446,0.0173826857603618,0.0123856459703038,0.108210237670091,0.146400619060345,0.010626022051649,0.0406778542489244,0.028468817717722,0.0179777432854843,0.0185414855235637,0.000209856974421378,0.00413204151951973,0.00049399493519019
0.0086903766317632,0.00259374399204555,0.000167375462773168,0.11566760017485,0.025062017619275,0.0148853623773465,0.0195839795704603,0.0904974937234944,0.0568934334739213,0.0513518558984902,0.0400345632910656,0.00113596352928092,0.00281880800583075,0.00111365677587525,9.16505201193145e-05,0.0710929607752763,0.349041516553111,0.00411875195677618,0.00428307952315825,0.0277216903567249,0.0045978094725357,0.00800376063249919,0.00973309824928812,0.0288198489846543,0.0377955354584623,5.33585715706639e-05,0.00308069474838728,0.000876655080616669,0.00137032903328438,0.000327857954951299,0.00139578841162339,0.0170993831904882
0.00316226205894408,0.00243134072449918,0.00127032758747696,0.0415177311445823,0.0322669821780765,0.0121856964747884,0.026806738996896,0.012656310895883,0.00665401192075331,0.027009092057333,0.0105410192413936,0.0107217516881759,0.00143813513015183,0.000101698454978505,0.000549674120102505,0.029014159003588,0.00700490253018385,0.286762137447194,0.000310274156680753,0.230846591669536,0.00569720400613754,0.0114370922391356,0.00519768309338395,0.113535921530433,0.0176508977979754,0.0131857875516286,0.0115027594179796,0.0502784597592464,0.000420773193439266,0.00013780177283212,0.00240077161364345,0.0253040105429472
0.00053988542231718,0.000398370185769141,0.00154952845466471,0.0733554548256368,0.0449582049838688,0.00157177498215579,0.00234441897603475,0.0371773469894021,0.000361291874298426,0.00752287954083865,0.00692075376345318,0.0489880008547923,0.00239956277593223,0.00729579157155727,0.00608814415602078,0.00326116093923648,0.00266105801032373,0.00530726817431118,0.536637917009744,0.0758193164848556,0.00250501422823441,0.00476221964686788,0.01307340875791,0.0647155007859998,0.00210568673499582,0.00822084032621502,0.000763719130739316,0.0236418513823075,0.00194573622304147,0.00160854231755737,0.00984401055722944,0.00165533993368855
0.00215133758976491,0.000237961537092379,0.000458107817952847,0.0308976985693745,0.009580407203948,0.00114392177180309,0.00183888262546487,0.0148137997518291,0.00271769607464785,0.00100756158666395,0.000573148356106168,0.00631918974864591,0.00170060163395525,0.00444192609317702,0.00241879814261267,0.000418778854504114,0.000204211490013792,0.00105865317226582,0.00125572647397182,0.70606348781511,0.000500051935356601,0.000284820739929716,0.00585846830284501,0.140849757985603,0.00508895193476464,0.0229557752212102,0.00340349349674148,0.0185073813678519,0.00145468822641614,0.0071093099837952,0.00275309078765746,0.00193231370892407
1.16732695457096e-05,0.00105041551089334,0.00156041016248705,0.00485376408005098,0.0387006239791216,0.00718153723015271,0.0232153749222197,0.00909523811211087,0.0429593721139702,0.0122968047788944,0.0187650464562716,0.010403656315905,0.00765920986542966,0.00680267371373418,0.00453015782069566,0.0385485043473976,0.00265958765746895,0.000481757018972534,0.0026846932177819,0.245399678201086,0.357718331206757,0.0422895542730802,0.0128139921157254,0.0831346368037857,0.00876488128262667,0.00145004388339952,0.00530851372650262,0.00035150754842169,0.000201204481175631,0.00259871083563352,0.00137298854074855,0.00513545652795395
0.000746340667273843,0.00714484850905814,0.00173827989240668,0.00713143335989323,0.0146623087262837,0.00270565859809544,0.00190159780226539,0.0105260400338902,0.0144343005521681,0.00225260893065494,0.00711965726474045,0.0278189472451841,0.000387410229255305,0.000442691501612994,8.58530625586446e-06,0.035892605607316,0.000675798072812879,0.00217968924002775,0.00179750649042663,0.276199137825728,0.00946895777583013,0.288078119829498,0.0131559800853274,0.142089212733809,0.010323403398447,0.0253417100522911,0.0137458828522731,0.0601792206304716,0.00255105083907695,0.00126707318728247,0.00859633495154625,0.00943760780879785
0.00120818513650184,0.0101998059160875,0.00144806957733123,0.00942760012030094,0.011534865507643,0.00493603029016801,0.000744106176797453,0.0146909727042826,0.0183781242117388,0.00273619582180977,0.0082696944612088,0.057919352749091,0.000263039545361833,0.000533714214839629,0.000475917331387291,0.0265290096301625,0.00053634219614873,0.00147443689746476,0.00117987950715578,0.324137072626195,0.00760137434358691,0.0871705928882201,0.0705220700205495,0.125609562864988,0.00644946415540463,0.0417778522844961,0.0291328680873412,0.0990622291461893,0.00691177257646644,0.000990718485124703,0.0127807310524049,0.0153683494735521
0.00456131725057934,0.000711139674378407,0.00100605328554493,0.057455476692183,0.0148269301657286,0.00297862911309669,0.00845369346420245,0.0286712850680418,0.00150458460522031,0.00263455316278765,0.00105672512857878,0.0291126697844232,0.00320038324663362,0.00925748788203831,0.00512867054809478,0.00475899546888787,0.000458093860578709,0.00162426474264811,0.00335930358786406,0.512846448676483,0.00252476869979049,0.000610407967401018,0.0109282027141082,0.11034589726459,0.0166484284406613,0.0513861548419045,0.00974540480467406,0.0691662778221777,0.00271891736970448,0.0190010112371302,0.0132417882561078,7.60351737564585e-05
0.00314883823962331,0.000175815274215396,0.00216140280827253,0.0615719247142335,0.00388831233487109,0.00946142287390076,0.0729716462402261,0.000377099556804412,0.00880030114757032,0.0989503430743319,0.0218431608096462,0.00922244717788104,0.0143541193614295,0.00216248808847237,0.0010245814864266,0.00719028411699233,0.00501239678153961,0.0131421824457939,0.000761645305558026,0.205038539509097,0.0104682964398282,0.00312636286612189,0.0273167699583685,0.0559116255833868,0.259098590489231,0.00038045869067238,0.00307830289744373,0.0677240868185934,0.00351093108826221,0.000426470116453346,0.00102018282538468,0.0266789708793676
0.00655914891354995,0.00233830053458721,0.000474517408618487,0.0678214550368101,0.0176093805044723,0.00755940934198589,0.00507277313839579,0.0287397640477649,0.0187225278243911,0.00170495751316131,0.00313377446269178,0.00594205256129712,0.00606035233428899,0.00625916963490069,0.00745874405371807,0.0158843703539839,0.000139397382986389,0.00628191920502436,0.000241005858869932,0.0418610767524252,0.0128620979405985,0.0265309984965716,0.0329424792353555,0.0397191195243759,0.00366527809333279,0.569455059906104,0.0157007279654252,0.0316446784254455,0.00593970886690262,0.00840968649853964,0.00151609705024728,0.00174997113317788
0.00109673252131588,0.00162304893564577,0.000758456957641767,0.0751288313953329,0.0061817106080242,0.000742241337652667,0.00464904636094057,0.0534697269037273,0.0596359559232713,0.0208018335328267,0.0150418687152069,0.00949724627251385,0.000467816509434908,0.00139099351518137,0.010220268316961,0.0468054874421334,8.44415038932617e-05,0.00811291291182292,0.00142459395623639,0.050216890203574,0.00518465807724264,0.0294102158008454,0.0260560070890609,0.0279601494931834,0.000986982364983599,0.0228401629947007,0.499384239226618,0.00541909689156175,0.00163559512173396,0.00342681059528446,0.00898152876791186,0.00136444975353638
0.00205826371205972,0.00345767996114032,0.00289597982413373,0.0250509346652855,0.036446582456993,0.000819227021722987,0.0417240361033589,0.00575083228349655,0.00368483794353973,0.0232576370847698,0.00568467943323951,0.0305268013038668,0.00927865845222952,0.00223424275244571,0.000895461983723338,0.0500100033457005,0.00140487560722802,0.00326313031787302,0.00053784187955379,0.153117529249308,0.0073126473920626,0.00467183492334288,0.0631190689341598,0.107179628633422,0.0145002797283805,0.00463585225631923,0.00143414477257855,0.35312603857848,0.023455656081356,0.0104648481457036,0.00115800021453724,0.00684276495798907
0.0032007660736898,0.00296875528924478,0.000288701622605898,0.00969743129582176,0.00749589641046034,0.00309755949805529,0.0029992370634355,0.0128563423338567,0.0126016479324918,0.00144219201913553,0.00143181793773069,0.0711783134973845,0.00101024720494092,0.000112775628158404,0.0153151135299304,0.0112482816112297,0.00675499262920264,0.000469506068224427,0.000640168096763415,0.030646390100841,0.00747390269597114,0.00179043007949703,0.014649373642832,0.0369261361538929,0.00267064581870294,0.0535219799519355,0.09849285908642,0.152868743303093,0.392319771798636,0.0171944888189715,0.0264578234251059,0.000177709381738989
6.19733646213127e-06,0.0020628615127914,0.0030819172149008,0.000525557378795236,0.00341566630186398,0.00130276418180771,0.000781873093257293,0.00117640335364931,0.0153697359286332,0.0110957867725147,0.00299921497128874,0.0665948730294275,0.00278374609176166,0.000952432719868367,5.45639484939547e-05,0.00690040420363101,0.00141610320874654,0.000613530782940129,0.000932842626333268,0.0864619289509551,0.000224321146479039,0.00212778625573617,0.00752832744893945,0.0776750632868876,0.00320686968466562,0.0230025095665599,0.0398532264103021,0.123427795578163,0.0104970512463339,0.473058729854489,0.0301957098910008,0.000674206022321302
0.00525880007824739,0.00258405169155699,0.00230064584156574,0.0178244611905905,0.0473817655004061,0.00820310437728874,0.00911566146271219,0.00107770810227596,0.00488681570006042,0.00240264544704403,0.0186862272222529,0.0853958479369976,0.00323956160193787,0.00705081750548044,0.0044791490716684,0.0142052990421256,0.00234702406617495,0.00613559079646476,0.00215979238257211,0.00607062004559592,0.0278476890117834,0.0019112152101396,0.0017837991171435,0.0102438824738808,0.00627690735572905,0.0309608904677302,0.00230389955078307,0.116223288685228,0.00756481080606616,0.000900547512324445,0.541450784404349,0.00172669634182424
0.00389999867747606,0.0326432730584922,0.0019533269777697,0.146251015662153,0.00279892268941096,0.0103152435337678,0.0178542527804747,0.077730215284997,0.0153716452615341,0.0557138967888233,0.0430460697711001,0.0305956754560264,0.00230847401726097,0.00074701395249719,0.000679057138381827,0.0464377082222383,0.00553825854065859,0.0273336522003152,7.08803487474846e-05,0.00478261172847167,0.0184584258612639,0.0722178542449671,0.0139277621330692,0.0105282482366602,0.00273186651654796,0.0219721931636563,0.0111270243782764,0.0327726115600922,0.0121491735182133,0.00363835797143708,0.0115569868296415,0.262848303495579
