0.605267681649788,0.00282586427400373,0.00961093825960709,0.031953275911278,0.0409996588774792,0.0168068457388927,0.00769809278863514,0.0101433342828461,0.0115786378737622,0.00964822590769374,0.000976965099811141,0.00174545634888785,0.0041790623279795,0.0039181997587143,0.0124055486061483,0.00494231651203736,0.00106582626667242,0.00750762313666185,0.0139508828284474,0.0310812785583512,0.000230383904058547,0.0283051249464901,0.055572669049179,0.0399539469588429,0.00275436249388661,0.0180738171438714,0.000761295087189071,0.0079518901802007,0.00385127183867421,0.000255831766154248,0.00207314511134747,0.0119105465124081
0.00110825087331214,0.292692723740466,0.0256302624571428,0.0325611801408707,0.12196305346495,0.0446358194735356,0.0891584846506527,0.0797708674645922,0.088670892313533,0.00832057289021828,0.00976175556543289,0.0188739843783487,0.00304649285871355,0.00576894508657374,0.00129394463090267,0.0299030438079789,0.0124757024760493,0.00876899126490796,0.00234963439729671,0.0263431275114983,0.00483704786669891,0.014727887849267,0.00634627664767987,0.0163618011695046,0.00946510413740413,0.011958523205788,0.0051546110867654,0.0111557130977801,0.00078149232568586,0.000142219674050792,0.00221747325897715,0.0137541202334219
0.000147599735760123,0.00769824876506153,0.479578281472831,0.00238606597077665,0.0230591983021306,0.00349789944020947,0.0404440959442175,0.0191926568848202,0.00703233065563629,0.024912347325071,0.000229364577768242,0.112277398428833,0.0136160820722829,0.0016425267661752,0.0233377762200711,0.000879244288144081,0.00166597211464196,0.00544806872785238,0.00631040560769146,0.0124520514936595,0.00429829730886849,0.00114160505783425,0.00707993638243565,0.00788005993634756,3.24575462911049e-05,0.0186717761695774,0.00837335175896347,0.151227882903948,0.00634401991862085,0.00569760281527882,0.00143160165996894,0.00201379374823224
0.00145805715052252,0.0141367415106114,0.00115595560759862,0.357780115235383,0.0700074782526388,0.00202740095136273,0.0567038960335044,0.138940073981563,0.058639696253681,0.0145721916026792,0.0106121131244538,0.00224474259356204,0.0201921364061039,0.00636879753258866,0.0034038802342659,0.0689233692709052,0.00144084604645525,0.00728002688623305,0.00145814338233849,0.0108212597378166,0.0165949854601798,0.0133656048240754,0.0352054494728634,0.0134716398729627,0.0364334767273591,0.00647643167435235,0.0104894022513593,0.00999998536882188,0.0053602660467025,0.00159196031509617,0.00105078086206094,0.00179309532989861
0.00261825312801357,0.000889829056481786,0.00379948430489375,0.0734492770446875,0.215603693098243,0.0637783753559618,0.172182615988942,0.16373678891716,0.127622368136706,0.0101413639797839,2.14199418473942e-06,0.000190061909309258,0.000243873088829431,0.000717380604495421,0.000383777197426625,0.0377567487283713,0.00369878662697174,0.00467394889271094,0.000509592920394596,0.0218315678082342,0.00791933706893212,0.0106321762912442,0.00802756597847025,0.0148995442570454,0.00844997922616959,0.0146160353293698,0.0197718271663237,0.000524953889931664,0.00361211285243889,0.00039607233155676,0.00294592477769031,0.00437454204902538
0.00327191131004292,0.000486789190459701,0.00255116130957152,0.0596934465704527,0.211324679585697,0.245971143074927,0.162659893634818,0.132333900299696,0.0899142917305302,0.00178665614834428,0.00135361096585031,0.000473716930833872,0.00355878334693656,0.000123904270074097,0.000574847833486394,0.0104128919191093,0.00220544245399829,0.00161806769423127,0.000903478308963504,0.00743366317788983,0.00471597774998392,0.00312143639381827,0.00775807481180921,0.00550707331870518,0.0138363729507505,0.00793525665930758,0.0110841193606865,0.00101934140892283,0.00207891296612911,0.000120583331046389,0.00194722855423662,0.00222334273869206
0.00160499915849789,0.00085441034682099,0.00147979889883896,0.0928761507151148,0.14326796111113,0.0204723751033675,0.302795126966845,0.0822628798712222,0.121104911633288,0.0276696813228688,0.000512984006493085,0.0107834317913888,0.000870428469677721,0.00162604096805473,0.00110654996059613,0.0347328873598031,0.00342896438907091,0.0052248420111141,0.000247643798221811,0.0158086415461157,0.0208105540095734,0.0252148293467187,0.016959284633072,0.0136848607374307,0.0165785108065054,0.00533031822998845,0.0175595900249843,0.0061438276120257,5.27020111445916e-05,4.9643665822561e-05,0.0019419479428146,0.00694322155138883
0.000394898932489972,0.00620390862685074,0.00204296041084012,0.0251713007411962,0.121067652539448,0.0114567552654313,0.106702858230618,0.586409558582256,0.0114276581731694,0.00785201922491222,0.00380484787024067,0.00827489454811627,0.00349889855037004,0.00131590074127754,0.00121793366330435,0.0421759145627964,6.71720945811593e-05,0.00409569799328594,0.000553209434928181,0.00546713210142178,0.0041568234671369,0.00561877410641238,0.0109259095737275,0.00184043026833833,0.00795398438041147,0.00803655199788644,0.00204678431201315,0.000153739872296796,0.00638727673243718,0.000868170644679419,0.00147804142468928,0.00133234093243715
0.00360010088259341,0.00267266806888657,0.00130333127652812,0.109539706822295,0.13495264479542,0.0149545681607419,0.296677644872376,0.0693920718252981,0.214643440035786,0.00277399416712484,0.00626888794865366,0.0108773153452384,0.00131180899495332,0.00322285593420852,0.00703506873854289,0.00929607726181145,0.000518678227114183,0.00537093615462279,0.00443382933056549,0.00274667315671942,0.0201980261303575,0.00921561418564268,0.00560276583252843,0.00298747568994119,0.0174263636015646,0.00387314147524274,0.0010272404616789,0.0146186888238179,0.0107141042806741,0.00559329869010833,0.00447007546416165,0.00268090336480032
0.00164823247695535,0.000201374213358944,0.000627522377371624,0.0761618317615257,0.103883532921592,0.00111679358846849,0.0956605733025097,0.0935029364929149,0.0142497795430026,0.4898580577948,0.0102270062073401,0.0141070343652904,0.0159629980404783,0.000411351106310194,0.00267071121895241,0.00723091363778235,0.00145862970964894,0.00279706228428279,0.00214802433790809,0.00921278394042965,0.000927170321967233,0.00036413048423762,0.000898011193830722,0.009169445218108,0.00549490127888811,0.00520373314934602,0.00213641136105812,0.0311117956486314,0.000562888462284355,0.000633416284354026,0.000121518265366923,0.000239429011003491
0.00484582322237276,0.000899196401565822,0.00227526423298103,0.0748541620671297,0.0149530104051871,0.00160883100929961,0.0283242463580696,0.035502789598092,0.0341522838289033,0.00588588299798862,0.396552159714973,0.0486079493959452,0.0274325132239659,0.00232301651126991,0.0103023173806337,0.0260086457309619,0.00493708944673576,0.00204255385745199,0.00514766644884759,0.0330186957623694,0.0119531271601917,0.00351175536089485,0.00345430979211856,0.0173667879169506,0.0148058379852497,0.0222802105413663,0.00362834625613068,0.136378606155983,0.00496492970321092,0.00865864390139495,0.00897705376718901,0.00434629386457649
0.0062065540099231,0.000519347582457068,0.000319099056907964,0.100203196098832,0.187209689929224,0.000574049434590133,0.151057681654861,0.113244138481708,0.0291347827797644,0.000405592132918368,0.016932936717735,0.289422399607283,0.000929048181103161,0.00231610144542997,0.00169282096106351,0.000445099745076092,0.00374002634526614,0.0011283301818554,0.00224780929171378,0.00466015955175817,0.000398889877550149,0.00342213409110117,0.0125690300383599,0.00126832783333955,0.00307036402745125,0.00836824023961697,0.0050657102936681,0.0193635146998803,0.0111651748881627,0.00255674906189941,0.0125650725985322,0.00779792916096769
0.00291410721300423,0.00169238796341207,0.000914872488152479,0.188632494045035,0.0219965745618347,0.000114559782320788,4.51247962724844e-05,0.0681326170237926,0.0159496034983688,0.113825872888197,0.0656315661378167,0.0256105756951115,0.25210977509202,0.00570226970342415,0.0630036168060187,0.00589841604754195,0.0017446485441506,0.00214120974436118,0.00153686145424317,0.0131788852815209,0.00185705800845265,0.00305145742598302,0.000718985685868499,0.0108046454734009,0.0113426563827144,0.00845180409246088,0.00111130356765632,0.0983156568008927,0.00149165812910948,0.00270729493528303,0.00392854370104978,0.0054428970305286
0.00391294188724445,0.00381961197996144,0.000655568374664718,0.0832300284059827,0.138110115880559,0.0114454759411965,0.0778154563198832,0.0591320020248475,0.0699919906266011,0.0773531902643218,0.000572509418747715,0.0134530787588478,0.00800833597332158,0.358365199014356,0.011388952618883,0.00401632332573142,0.0031287577702006,0.00181777771881402,0.000210393024412506,0.0341186122811399,0.000997624383833989,0.000409649160560498,0.00384113979200035,0.00863041508728634,0.00307279637687236,0.000385434213681763,0.00193929352224632,0.0135480309886322,0.00214228386184892,0.000427771427893045,0.00191420826983729,0.00214503130558995
1.0283069515264e-05,0.00358132478369172,0.00125158879407523,0.0802206585565931,0.00314806228461618,0.00492160384287497,0.00917363893332744,0.0351600393842788,0.00605187810405893,0.0348259122474868,0.0141712625240612,0.0397056484718393,0.00574668571806636,0.00730482861563313,0.599224373038853,0.000360316308092484,0.000352461677624505,0.00232463186468724,0.00107728168853333,0.00701075399687605,0.000913030090549329,0.00032577259985075,0.000781373872095354,0.0111039452663283,0.00443510926430646,0.0033075320770741,0.00081360208336219,0.107781114775841,0.0045585463279553,0.000409995043279626,0.00891341403337097,0.00103333066120236
0.00196023338047358,0.00381777613201842,0.00137206423182708,0.0658791445647528,0.109940349782936,0.0421303724966001,0.12191617540781,0.0619254537713782,0.0869873566381445,0.0410167749009472,0.000748780809468005,0.0271208357082284,0.00554515534513761,0.00381519678066859,0.00115547536534945,0.240507044812244,0.00243279644890288,0.00722672052191196,0.000558139498840779,0.0302291147911977,0.0100860259211758,0.030896030998017,0.00209355988538758,0.0146901198618016,0.00619185024881495,0.0145709374984772,0.00421341168724467,0.0270338293147181,0.0174839268670886,0.00238632771377128,0.0016684158646339,0.0124006027500321
0.00205797789715396,0.00954851344160089,0.00226926334384512,0.065186348165374,0.216394453270246,0.00261187483835173,0.178791065826874,0.0443797396946167,0.0423372162552304,0.036356406661098,0.0039164664042829,0.00376048567477454,0.00181817016466468,5.20510849065358e-05,0.00482813292175027,0.0127702340975871,0.261313161899173,0.00311349016378877,0.00220920374097245,0.0308152736602531,0.00321726337879835,0.0137889378971834,0.0029924696270508,0.0200499843201944,0.00710179392772952,0.0081256495051469,0.000814528330490058,0.00429702351413187,0.00387272198660252,0.00251135751930145,0.00750476278066166,0.00119397800616483
0.0065165304374595,0.0138254769839822,0.00498855844148376,0.0165733141534529,0.0129097784512611,0.00108964303176808,0.0134831175297631,0.00216471998883489,0.00626875189177565,0.083571962446925,0.0152886777910464,0.0080393218784552,0.0101910392651889,0.00244485804995384,0.0776410086003113,0.00481855200049438,0.000490518719249635,0.520591735524417,0.000607392575947165,0.00192049578483729,0.0141433359747483,0.00122596785023722,0.0591993686935952,0.00551356227295525,0.0227566349305572,0.000100130033690234,0.00299615668191864,0.058712370863828,0.00732094425490917,0.00871600203241117,0.0140458842494409,0.00184418861510193
0.00275874992871188,0.000408628059225261,0.00723491294972273,0.0677101319457938,0.180821776058165,0.0108366592258903,0.134293681864724,0.101230648301587,0.061582530077022,0.00291633144792778,0.000528876372405753,0.0048820342693551,9.49730440765946e-07,0.00119304400222755,0.000673137619029526,0.00305489465915181,0.00688591214667194,0.000500341531678057,0.344663857767394,0.0004429850318885,0.00172865442827253,0.0100236667012621,0.0038369405865621,0.0137044926896477,0.00112461379005808,9.46617321810033e-05,0.00116864840984482,0.0066771109284829,0.00375342818439925,0.0029538117188276,0.0158833903186226,0.00643049752282544
1.74472127188349e-05,0.00413629256811516,0.00293069522110562,0.0426444312768167,0.0811802520697469,0.013473744185447,0.0550210660999908,0.0612500668742218,0.054673823734911,0.00223559596045761,0.0183573907499134,0.000505832469720242,0.000698732407759723,0.00707758060877061,0.00516083457101276,0.00350656383498217,0.00313395385205213,0.00387724437941515,0.00429875718478835,0.542176126982797,0.00538823473798133,0.0086874082697009,0.000994166241340657,0.00323893987330338,1.69787906071162e-05,0.0364233057112352,0.00777762172196428,0.00900395740813189,0.00242396113076644,0.0035103374654566,0.00881858913511262,0.00736006726965649
0.00065582923098365,0.00163108728002717,0.000368468483637202,0.0399679342073603,0.0664038346343772,0.00142329759080101,0.0426171680823477,0.0294738378419107,0.0794133764735493,0.011646476874583,0.0105252396138105,0.0622264971927247,0.00477754748693316,0.00057732500933693,0.0149880150092141,0.013944127135058,0.000418245519834195,0.000785832840980864,0.00179258628339635,0.0173847302084427,0.378456710011445,0.00540031448782115,0.00600821902021152,0.0538850180340419,0.000506989488336364,3.9120463012689e-05,0.00761015841129198,0.0961543564793499,0.000380520957549349,0.000974591948570927,0.0136404414645839,0.0359221022344769
0.00616142824325823,0.00631958767780169,0.00449282928351082,0.0752641217586424,0.0429466475302041,0.0495658580410355,0.0179601053831539,0.065108142344226,0.0291500977029092,0.115275123419056,0.0160938756254904,0.0159471397270241,0.00545380799053186,0.000718413785158193,0.0128528673907051,0.00795589291994348,0.00926131747677323,0.0259172909631685,0.0043357502785281,0.0827454049492969,0.016039995373404,0.302740244025679,0.00921822469751363,0.0179290826862547,0.0222605446687664,0.00898391751465399,0.00369261657015346,0.0155746950613754,0.00172405905739218,0.00187339480538182,0.00376186161331286,0.00267566143569487
0.00333558280688135,0.00541521476306431,0.00118159207546599,0.0796439191773835,0.0331087444150055,0.000660971095541369,0.00796327541115057,0.0197165371282207,0.0397182906935979,0.0326267193763657,0.00346811280766369,0.0193938976438385,0.0177786065704003,0.00298934301170112,0.0654366869032848,0.00879009986368552,0.000405613819176352,0.010684206490643,0.00133194117831974,0.0253852374791235,0.000202086180222871,0.0347291748626646,0.49932416322361,0.00235198514623374,0.00357469984770968,0.011481804377071,0.00337269560078796,0.0459875560510775,0.00727508707328026,0.000992230803294239,0.00445711806771838,0.00721680605581565
0.00179640634053102,0.00301668714944465,0.00312426597782913,0.0121272421796701,0.0552010235009197,0.00580336838000718,0.0572321365091431,0.0213621197710632,0.0304078023200963,0.0300457819223854,0.0289632789100125,0.0112338272385135,0.00140095279558875,0.00487897914616208,0.00644714088424489,0.00698988223616219,0.00162894768128307,0.000767609855721003,0.00393448717301692,0.0260987376615421,0.0246294294631048,0.0170394829903737,0.0133510991991758,0.505143950058571,0.0337663035120358,0.0284087113981381,0.0292082676293839,0.017781672624698,0.00514762450772003,0.00135034051216446,0.00866387141341201,0.00304856905788485
0.00534761380790458,0.00354586069377098,0.000426953706687663,0.00192825148384475,0.00931224834625305,0.0167539226043968,0.0258232363608404,0.0576301120068622,0.00719949674205968,0.0174878548659252,0.0191185958607673,0.0373928703228844,0.00452952200538924,0.000509548082530532,0.0335331452863894,0.0014248720118176,0.00522414096900195,0.0067908769230715,0.00629674704610751,0.0618009228823065,0.0349134955381336,0.00583258664639147,0.0462090872107429,0.0876305126679119,0.439339181402912,0.00432760950596102,0.00277433361181864,0.0182633474290286,0.000742547532168256,0.0150589099405399,0.0193482345628449,0.00348336194273602
0.00537661712069323,0.0124258355102588,0.00293982152181311,0.00779223535432076,0.0101961839295829,0.0131449259771652,0.0270867177648878,0.0173824155837828,0.0140534315358617,0.0505755616769506,0.0571090994459223,0.00138437971098676,0.000614771456099898,0.00109689030856631,0.00360037387293601,0.000205576044863846,0.00214691873217307,0.00240502150419159,0.00296402350318775,0.169830735156295,0.000681531608948598,0.0124662578980299,0.0128948143603661,0.0307921961188615,0.000830283725329918,0.445091884853094,0.0550487504829687,0.0135608698509292,0.00270674529625106,0.010527198956692,0.0116026282970073,0.00146530284098196
0.000683328519066897,0.00140570570936333,0.000336716493767597,0.0252299430141358,0.0564026879449707,0.000413580296127469,0.0434679315591169,0.028233828768039,0.0196521007601205,0.0245939490198739,0.0178810477220809,0.0178244199741793,0.00181634250690051,0.00128705728775492,0.00243777933885573,0.00173894256257835,0.00173870778043774,0.000213179923673527,0.00189296602829006,0.0191392728757672,0.00537836669349101,0.00767572825836161,0.0284825269626233,0.00696110978303936,0.0024581857974816,0.0494024076554546,0.569569234602589,0.0291038929332449,0.00856675423706838,0.000372950122606519,0.0139368247382624,0.0117025301306772
0.00630033556139467,0.0010380078523473,0.0064099976867802,0.0954125803812421,0.10796262219057,0.00914635959150071,0.0790284193187103,0.0963424793018644,0.0121185841714061,0.00248919673950746,0.0196460257250436,0.122272212471584,0.0035817443653971,0.00112887321393668,0.000725371379090784,0.00335335475038013,0.00156078248062,0.00185802488572798,0.00161783719807745,0.00767023910698761,0.0055371286264542,0.003764935738031,0.0190973489507577,0.00717406343435718,0.000707669858696963,0.00770147219799691,0.00574543813668667,0.327235517148665,0.0162587493663149,0.0118029310766952,0.00865628646885849,0.0066554106243176
0.00462609182070891,0.0028347226761418,0.0145251028274331,0.0529037744783342,0.0678981587111691,0.0140766292851405,0.090095527433156,0.0443143847931133,0.0255436883272978,0.00697147242062686,0.0157380247956084,0.0192619513906214,0.00811888842688144,0.00252860972808133,0.00262674464824468,0.00560839362938008,0.00245042565481503,0.000795662174529363,0.00282006288421563,0.00116400711932379,0.00931608409602918,0.00182383997412769,0.0117456766807184,0.000124229913000702,0.00984249137107301,0.00727793451976866,0.0696222868095307,0.0226494532461007,0.322436961354268,0.0187025473509709,0.140873687383207,0.000682484076382747
0.00479290191013928,0.000212933142540083,0.00212040661667338,0.0690561897132163,0.13493151594599,0.00532975158187976,0.0685908755148973,0.0697392941577249,0.0395384473289685,0.0402932511197147,0.00464890703453418,0.0414467037114544,0.000224806201990238,0.00423933488872601,0.00111604360642648,0.00606595897554389,0.00318602025088874,0.00117321711872259,0.00275977253458815,0.0179148175078006,0.00833348906741932,0.00644926457950817,0.0200503631587656,0.0282319400333517,0.00656516088895905,0.0118746194843958,0.0122599680149837,0.0635233640357025,0.000924973514524124,0.288264451199433,0.023211437642049,0.0129298195184889
0.00225000594105643,0.000120811860741166,0.00563707943744622,0.00552697896459118,0.0515343862704368,0.0114143213615706,0.0343436791784347,0.00242329385804502,0.0271628627338373,0.000502045544466396,0.00295454262413581,0.0569821181625785,0.0029198700568832,0.00338295457802575,0.00465666654555468,0.00341548640531807,0.00488203694148138,0.00242723292992357,0.00163903028724539,0.00202664800993169,0.0142152895991556,0.00265012960215346,0.0141685750368431,4.21293763943065e-05,0.01176653162851,0.00607647601426591,0.0193863592208198,0.0472932618535374,0.00329471199672349,0.00440362861420912,0.649717523835041,0.000783331530642543
0.00624630796030333,0.00629894418375011,0.000853793750299079,0.0118740073237804,0.0162083215026157,0.0126036995051513,0.0363611504590203,0.0987012642656956,0.00822930981648367,0.00437427698701097,0.0111056526929627,0.00411182709112732,0.0111438993493772,0.000780832347889761,0.0119079759951961,0.0105109729086353,0.0191241443167538,0.00494780207753601,0.00516320696017453,0.0619308617484371,0.0357872082915888,0.0212171397888784,0.0154086165352658,0.0885226306696153,0.0151657179428506,0.0121420286638544,0.00266737120989554,0.0708134137438094,0.00433887491694094,0.0100349705439793,0.00461379544843277,0.376809981002688
