0.513891032906371,0.000495321302363408,0.00498438189972352,0.0179784479973898,0.0860869540312,0.0493210132323394,0.0277844373485347,0.00795384504206889,0.0685648673480588,0.0503832446468382,0.00964445968123983,0.01382145384472,0.000926006587832129,0.000226419642310044,0.00510176986961966,0.0257412242825766,0.00682179689281367,0.005734929183894,0.00320473739872226,0.018198477710087,0.0127816352712712,0.00199132582742339,0.0043622763536445,0.00409257389391283,0.0019613553905465,0.00435862721015611,0.000321700871000646,0.00274900323491221,0.00588420484074772,0.000676774969180351,0.00372237148455072,0.0402333298039509
0.00722962328237212,0.255078060431945,0.011245752700945,0.0387377798041749,0.154641455177537,0.042706742486547,0.139858904261386,0.0482446859780304,0.117041544135952,0.0384870168744323,0.00609193410189877,0.0196457199163314,0.0103961587974132,0.000206453620225174,0.00335399297190573,0.00283678040821433,0.00530789074264246,0.00535155762941675,0.00121635350224353,0.0161726716544425,0.00554268752690723,0.00354112839084576,0.00510143235611896,0.00609697454622677,0.00300893256277704,0.00906035380631635,0.00291604496142216,0.00489764482388317,0.00686490020929098,0.000615513312550215,0.00171853035202591,0.0267847786735801
0.00749901393746048,0.00408675012477991,0.52516065822745,0.0279056615393632,0.0534533126897765,0.0459169176596476,0.0324985928090284,0.038806475334908,0.0378387980732285,0.0456428209741589,0.0167675304603332,0.0263394667883076,0.0402343711277551,0.00156157981870677,0.00699755614001343,0.010518937968804,0.0048931956481743,0.00391946429461391,0.003401619664302,0.00645519153516399,0.0130109343240392,0.00476966818954987,0.000229548884406799,0.0117181759168022,0.00797022986119173,0.00348761182229814,0.000324810447991725,0.000944834788367761,0.0142688987279852,0.000666992907691999,0.00145890154771946,0.00125147776598
0.00592807342098507,0.0140970962901841,0.000576324318141674,0.590993043702311,0.0252121566406239,0.0191418969029481,0.0798448941305612,0.0253077701904331,0.0070709693513401,0.0340156130122227,0.00421758269081708,0.0066567397187575,0.0319763372873297,0.00105620650010833,0.000968083352144537,0.00826062197621922,0.00145291813457287,0.00632177163363799,0.00695537741121713,0.0102714845539796,0.00753333775720817,0.00498293515803189,0.0233077641252099,0.00570109068151427,0.0161492036018692,0.0194302670176809,0.000551306700471851,0.0362798249016758,0.000648741164536357,0.00054225985908601,0.00140546177745384,0.00314284603672691
0.00585567500957133,0.0017121806511664,0.000410420322691946,0.0185886356540494,0.359639603971404,0.0595917965271363,0.121859209564174,0.134773099468959,0.0236738565254541,0.0022514396949104,0.0131106289867199,0.0689903943325456,0.000282742932575327,0.00152418004091908,0.0021760141982089,0.0639065872337022,0.0110068732597993,0.00421242997736559,0.000344061060319084,0.0224861349424453,0.00151067629639312,0.000402721762308157,0.000723074300051577,0.0120493561851765,0.00585746745689224,0.0257947807441975,0.00300562246586818,0.0221662149692579,0.00705246769452351,0.00357178547213191,0.000596229662189831,0.000873638636891892
5.42826104447145e-05,0.00216124544968755,0.00116012662832109,0.0171806427812734,0.0456086670842388,0.563701264432338,0.0404210444212903,0.0947018972629099,0.0484202893759725,0.00951981569267532,0.017515465052981,0.0461698598122037,0.0095068800247875,3.47852655962254e-05,0.00676723032991496,0.0369512690149471,0.00237096565746772,0.000246696266712368,0.00194834898052023,0.0042902332595717,0.00162809015070876,0.00120988578207196,0.000626381845545929,0.00780121840399262,0.00195211768624233,0.00798717319977759,0.000235618608319269,0.0207395448382964,0.00364579523851485,0.00186601678270625,0.00186809404795005,0.00170905401201948
0.00107331569036608,0.00284782262228825,0.000837373089713256,0.00142523811135998,0.104480268253805,0.00516866000636468,0.531647908254297,0.0448441008640911,0.0387260521151437,0.0195906183854089,0.0197311990530524,0.0620939458375534,0.00154981686095765,0.00191523747010272,0.00335674339518656,0.0316632759330938,0.00407693260957274,0.0169238184592631,0.00259795234122699,0.0232647711811526,0.00305869740727848,0.0019660164525763,0.000102641505258126,0.0073259961671331,0.00576645526764686,0.0263842427214554,0.00710422342199645,0.015910621841645,0.00764894290688239,0.00566830091208315,0.000798190913016667,0.000450619949027593
0.00510759546023103,0.00797972637649328,0.000504664599843838,0.0352065896925858,0.0486072652578614,0.0157942061894452,0.158295206522437,0.480756751043726,0.0107358394881137,0.0497800176216419,0.00790306184510555,0.00733953896562762,0.0158141747403855,8.75853192131519e-05,0.00414274598084416,0.00675612941461637,0.00402495714865536,0.00384865331193242,0.00613584481202406,0.02209099146,0.0104406820755143,0.00216029250879582,0.009254771108886,0.0115316931941351,0.0156102556778959,0.0376002026499279,0.00146809757004041,0.0144104858188951,0.00273771882751482,0.000391684117310657,0.00138986735766758,0.00209270384263317
0.00788281747463376,0.0017315975569749,0.000379043215727903,0.0659294246043543,0.0260357708376741,0.0490946809593378,0.0549163318078187,0.0398514177828256,0.55992071824466,0.0456227444683651,0.0023558480004446,0.00889661001431837,0.00198430831916426,0.00464934325255567,0.00216270473001183,0.0174751863041097,0.000848250621612177,0.0228422118091757,0.00643616134195904,0.0109083942996639,0.0100508381917222,0.00555602836966103,0.0294709242637196,0.000212020533796757,0.00459271844558572,0.00516951544807008,0.00275739503502726,0.00511613776561686,0.000900333196798562,0.00045417948353105,0.00101349170628027,0.00478285191480247
0.00789169259447393,0.0122786606702752,0.000764799972363985,0.0918073770645185,0.0500538415761102,0.0237183581538078,0.0295729583362421,0.016835267904219,0.0274813221773593,0.630546835719931,0.00924215924191716,0.00769537873483252,0.00774069240003611,0.000539648748905465,0.00404414881252852,0.0172704712326258,0.00222504660731124,0.0055940610136247,0.00149827326256543,0.00557404014879415,0.00555268559529843,0.00226130050597547,0.0149230405540048,0.000323299963004331,0.00336433533845227,0.000531102253903915,0.000308018374878441,0.0123857684096143,0.00367135656024188,0.00339499467111077,0.000347290809013449,0.000561772592059431
0.00707653606143519,0.0154153456772023,0.000742461798886444,0.204622945209669,0.0827975735297027,0.0349304940715449,0.0562488434489959,0.0299894788314982,0.0300026565343315,0.103350198651794,0.345872363060596,0.0008801235445968,0.017115133993162,0.000877712828684181,0.000730318512886191,0.0101074940143615,0.00586339499205918,0.0102977789954112,0.00243273908894275,0.00489891263829103,0.00769694758479396,0.0027141343530908,0.00895010705955559,0.000749491781505178,0.00215174771332441,0.00127123218595433,0.00138084148913058,5.62982156531031e-05,0.00486891558704044,0.00289623583743191,0.00175425806031185,0.00125728464815796
0.00327347561502436,0.000464546944547755,4.38489903968094e-05,0.0419118359241641,0.086145236965521,0.00334934335413288,0.069945013234644,0.0378211426570631,0.0249719268666871,0.0258769557840598,0.00190991151048204,0.525281506811526,0.0316671917044118,0.000427149632124131,0.00699745408620909,0.00340866487959567,0.0148293692969205,0.00440379396532111,0.000262855862318152,0.00978470869164509,0.00218505576443627,7.11595938937633e-05,0.00150152658953742,0.000732326786693619,0.0205785934661743,0.00858773582306444,0.0188885744756093,0.010973914132165,0.0369558946829168,0.000980555364899834,0.00527373090578078,0.000494999638034266
0.00712876903673212,0.0049951501439848,0.000565480959678916,0.0373976482725918,0.128396339113679,0.0041868598055114,0.113418858049347,0.0224915048764881,0.0248112516125405,0.0399606373845108,0.0851465108496787,0.0495978440602698,0.353257271009397,0.00706880295316234,0.0075864497915338,0.00496978763275037,0.0095726649903922,0.00552524465250079,0.00334618483345592,0.00666490538286634,0.00624537967393701,0.00679943091417808,0.00455022894038737,0.00476182286112852,0.000393385829645112,0.00805329037545348,0.00215907764981425,0.0344583090968314,0.00234992403325981,0.00810551090741505,0.000370480744415268,0.00566499356246307
0.00146734127435499,0.000321557236088209,0.00112981016539811,0.0937121728158933,0.0360021293275893,0.000215827531298646,0.0239195000166176,0.0238100914688644,0.0197310992299071,0.0540590905576231,0.00713942344435747,0.0152228582993384,0.000650156183132424,0.580823367077183,0.0129394229803074,0.00157102997110784,0.00879472121137443,0.0117112149325599,0.000487573153890707,0.0203609663710805,0.00854531643838743,0.0011650598500859,0.0276247760516911,0.00586697976454992,0.000300254991171366,0.00164725820415334,0.00194781826584117,0.0202436041955371,0.000242540777202871,0.0104246894839413,0.00129035584275298,0.00663199288671967
0.0106904139396603,0.00148831889815891,0.00394898614492967,0.0355943309620245,0.0935665084861897,0.00548004654480682,0.0649038973856639,0.0273690685571393,0.0324912343146678,0.0233610594097762,0.00610080237206009,0.00556941218899961,0.0141344702733159,0.00427319635557524,0.58329303080996,0.00118740273121476,0.0110550556656371,0.00484104774090829,0.00372376849103089,0.0134811803926071,0.00794714361181898,0.00390432543354266,0.00211768377676237,0.00120294009421769,0.00299002152275747,0.006654354675611,0.00356591723651774,0.0030288420199426,0.00413233300993189,0.0112881569976962,0.00205004749936675,0.00456500245750865
0.000375776374601225,0.00604415813430819,0.0001599637704942,0.0792786921550616,0.187338270656266,0.0277055547694142,0.0736597484276186,0.115930248340767,0.106214954469014,0.0183465490815544,0.000452452214995438,0.0259664428754748,0.0133854708295222,0.00198879200606217,0.00157664501663198,0.257965909014251,0.00580745298136085,0.0160338168867208,0.000637482427858168,0.00727033302655545,0.00417660102560453,0.00612696263327933,0.00060679122385141,0.000165947824303379,0.00744795750395505,0.00719060609730112,0.0032986887940035,0.0112813881696856,0.00825575832022581,0.00125865189805255,0.00156690607241052,0.0024850269787943
0.0269767827926706,0.00385025620600884,0.00340295285874016,0.0407873361537296,0.0620303589778324,0.0619385242214365,0.0140811179791059,0.048847102658347,0.0642010320234387,0.0727406550722517,0.0142196810513957,0.0116930063559844,0.00779881310875624,0.00211111197104152,0.0094097152361427,0.0378780327051596,0.370304274068024,0.000650589369472652,0.00126943482011455,0.00708132266611656,0.0341900871820444,0.00177613833185683,0.00834557353660099,0.00624147785198952,0.00135572122601606,0.00822385366688051,0.000131375504480256,0.000447703195831403,0.00881354567117082,8.09000419097766e-05,0.0073497603278082,0.0617717631676422
0.0250833961826652,0.00572523283238492,0.00121954892153337,0.0164216639963575,0.0183632973494849,0.0452747462412832,0.0249525350954065,0.0271524923039072,0.0215050514920167,0.00754581452064333,0.000742788990367113,0.00807560610339788,0.00467140600076646,0.00179123973504921,0.00552573187882489,0.030756211406649,0.0357094212081658,0.597071003828189,0.000114906531667438,0.0175071750959974,0.0196766465972466,0.0092388658915678,0.0086364269581,0.0386032334482259,0.00567403697756131,0.0131749218618336,5.5865469058309e-05,0.00393341438821021,0.00248501282038531,0.00017387960277472,0.00126218272033195,0.00187624354994747
0.00875416675670918,0.0116984624725171,0.00931603284857226,0.0114854799487378,0.0893068150675428,0.0111793805739983,0.0629432078943819,0.00635373322148135,0.0158955365042236,0.00510215283400497,0.00695663036167276,0.0307901610907185,0.0049732924491448,0.00376754707741355,0.0058300613973305,0.00124979038181463,0.00837600122875764,0.0112521583235871,0.479680056417295,0.0567567184399355,0.0308375682836228,0.00299213556810586,0.0208328024928541,0.0226396244426987,0.00980647395285739,0.0306302419157976,0.00809728990751175,0.00687729521330456,0.00744472364890878,0.00552341593408327,0.00317802623805634,0.00947301711235959
0.0146931299004405,0.0032424681698029,0.0017342890679482,0.0185856883645401,0.00851798982973323,0.00172681386314537,0.0044559539971787,0.000733544375963609,0.00712984880533528,0.0327758577736417,0.0236847270236289,0.0457229060606048,0.00466923442035714,0.00309143656649486,0.00489004179547964,0.00145138694105,0.0144906919455528,0.0142664298245787,5.23668297525264e-05,0.666925254146292,0.00989701174776423,0.00994425331894325,0.00521936499531786,0.0242393686644044,0.00652845603523787,0.0382533708438394,0.0120115110535868,0.00514305128891373,5.45500869137176e-05,0.00435789013125438,0.00810884872748112,0.00340226340482183
0.000479192373532105,0.000334180121009141,0.00105564807499335,0.0214877638636952,0.0826530231976073,0.00336042031997822,0.0900134228447456,0.021515115513646,0.055859383816828,0.0135758644634079,0.0114970054811702,0.0398619452006779,0.000945137664274545,0.00193694842311645,0.00184410523174038,0.00861083874778483,0.000904240796868637,0.0116551980685457,0.000878590774584124,0.0200045269700733,0.490282537556473,0.000266775664450935,0.00123775506179024,0.0437853710157237,0.00856106551133428,0.000409166865654119,0.00392315919424538,0.0145461942428858,0.0111847562819872,0.00379368901191975,0.00399940354581628,0.029537574099441
0.00017158706940516,0.000640668706036051,0.0032578041704142,0.0846209231343402,0.0995502848758778,0.000674964846480282,0.0844013296178567,0.0302083759462857,0.0507673682277329,0.0307790134305343,0.000278992751464195,0.0249962725439704,0.00227516984343917,0.000183289969228514,0.00247344972935196,0.00725919787968414,0.00122094690142284,0.055533266143266,0.00235581334793046,0.0766016315887858,0.0109500236790272,0.253328204789236,0.00297527976209421,0.0234277500208573,0.108453868784468,0.00658522969822416,0.00122652278310721,0.0185888566747892,0.00504498643493514,0.00356952605500195,0.00734496700191574,0.000254433592837113
0.00293137805217613,0.0013647821638034,0.000831582714819034,0.035704067145382,0.077163923550085,0.0105016561662786,0.0646116666624848,0.0189112027714833,0.0740135273197564,0.0317349471395411,0.000772796252609084,0.0182017300879336,0.000511965038782387,0.00233541215448364,0.00455398392035633,0.031874971496293,0.00776343666278163,0.0462947890887793,0.000702898184425777,0.00112314664228266,0.0016603256873848,0.00683308033188199,0.501583478964999,0.00440176478494837,0.0101130318748338,0.0077628031171476,0.00055942804783744,0.00892058012849618,0.0115668314433672,0.00492041640969677,0.00885660546790485,0.000917790526965357
0.00583096392256106,0.000504399514100165,0.00193001814344419,0.053112396437036,0.0165185668121177,0.00554631298028858,0.0255877753964228,0.0146257281510449,0.0183783678975455,0.0650381364411546,0.0336970613655047,0.0723162068376661,0.0109194380706675,0.000309091664893291,0.0049570825218468,0.00211712918025902,0.00913358110607858,0.00506216032154645,0.000654456424084393,0.0577495948645013,0.00431188655107609,0.00351059661159969,0.00360862467810659,0.461315082476397,0.0274994188309622,0.0362394223461689,0.0238643884095431,0.010009998044128,0.00562804542346214,0.00605039154227143,0.0133649233937898,0.000608753639731544
0.0203161170168408,0.000142061336891722,0.000173836820392635,0.0191154020570806,0.188082710857172,0.0208288509120168,0.204298954357124,0.0488183095350414,0.0724048952657181,0.010819924645397,0.00316636935554647,0.0103663049925443,0.0025690717585364,0.00295450417788297,0.00345800536142992,0.00298025909372004,0.0138713092192583,0.000891399871075084,0.00299355382164998,0.00976880614475579,0.00841576166762679,0.000218481778790275,0.00299401607256055,0.0296610361831689,0.298711857237748,0.00427430239248209,0.000662732429260835,0.00242689485973892,0.00890170471925225,0.00148679875186272,0.00182263851596121,0.00240312879147241
0.00613134504606417,0.00162153838356351,5.47487148854726e-06,0.0626760355603145,0.104021449469218,0.00473584868095637,0.0507343088678979,0.0239640057501714,0.0670979916444902,0.0415451362853654,0.0136991420356005,0.0682485599476192,0.0104706961227613,0.00114282952780335,0.0024850280723442,6.32228781168053e-05,0.00642754811610026,0.000691558513203112,0.00392272158669968,0.0725536267126185,0.0122593059610516,0.00523987408343483,0.000195721947062992,0.0126104765491157,0.00622863531033994,0.351448743773413,0.0149589360058172,0.0334095187214837,0.0069465127410845,0.00725434231304172,0.00157953677459033,0.00563032774716777
0.000161974441509794,0.000192810584678623,0.00131494079534798,0.039834427028424,0.0526793791725098,9.21064508302718e-05,0.02225833377619,0.0100098597146933,0.0242097916494171,0.0450110511913388,0.0153953845650597,0.105890298362267,0.00212663630536956,0.000650991053673557,0.00224478300510555,0.00363703650420498,0.00358818596866221,0.000785491281071963,0.00175091850911297,0.043569363231127,0.0147538524181236,0.000798684937536541,0.00127628388517567,0.00684372884897727,0.0301813324578319,0.0686321421773652,0.404675789925139,0.0593680411623388,0.00750525562938218,0.0180916857530746,0.00986412950915093,0.0026053097053104
0.00272544797689192,0.000585033390023807,0.000176323466909131,0.0780154993103036,0.145036685341687,0.00894986104908262,0.0872618051188235,0.0575776916227473,0.0575876703645156,0.0643561721352577,0.0162543439997594,0.100343684183822,0.0346837725414473,0.000182478977208361,0.0110226026687547,0.00238938562213932,0.0164356559822821,0.00500281684795132,1.46104360873257e-05,0.0117293163444764,0.00344463808695796,0.000241490820717957,0.00178528092312702,0.00264359778298553,0.0277382362263703,0.00692869431734254,0.0250983796291273,0.180534671104259,0.0431297474786902,0.00089155256991456,0.00607286360807572,0.0011599900722611
0.00140934059316016,0.000751547679233965,0.000403223535986179,0.0795265121185418,0.116685195835023,0.00982879251924881,0.0328510839485619,0.0184934734268769,0.0767938153848216,0.124489098590269,0.0579708001982581,0.0411197331627854,0.000748594340773872,0.00107125801132739,0.00274270888677546,0.000371889600667677,0.00498089021643987,0.00378827729845976,0.00111447206963294,0.0132404444034855,0.000986898334452671,0.0015634940000486,0.00132739045109555,0.00365916575021655,0.0227568089070347,0.010513255085751,0.00778576887636624,0.0702596564808817,0.255643489853856,0.00255810851945266,0.0291570248537695,0.00540778706674628
0.0040588603303935,0.00183603660662136,0.000397892948781564,0.03573259650119,0.141225632661728,0.0158330859723402,0.0827097596523307,0.037002397665433,0.0729964547602645,0.0379010912080349,0.0198824522225225,0.0301304390816652,0.00254590581427018,0.00175333850078565,0.00815447843655138,0.00219477196883316,0.00505066066442397,0.00295751069282051,0.00370368824257587,0.00506752562134329,0.000434715601559836,0.000481652624264736,0.00071312523189073,3.32851015417958e-05,0.00593436937971138,0.0065025801657987,0.00792955582006263,0.0394388232517375,0.0139295856704188,0.409766482404661,0.00301494559108929,0.0006862996043544
0.00253650495754301,0.000766574491262627,0.000793757069215199,0.0644376472417643,0.132705086236034,0.0174614301721286,0.0561728011380185,0.0432245795639081,0.0796642791025944,0.0702685328177341,0.0233884448286325,0.00791589508002804,0.00298794436854638,0.000297931053022567,0.00423453225229441,0.00216094434677305,0.00633847808742168,0.000414299695875948,0.000951188237848503,0.0188899393782076,0.00288708520402181,0.00113203907900799,0.00203093484381287,0.00293643713822239,0.0111782821574624,0.00234190212827892,0.000536965067318633,0.0277860664458971,0.000867517178716191,0.000625946559692999,0.41134555082202,0.000720483256695539
0.00152951227896135,0.000740730343875962,0.000848094807124384,0.0213271684596558,0.156909273485778,0.0348622457430831,0.197061116524598,0.0593732303560325,0.128207961143125,0.0154277280339639,0.000863893734450603,0.00543035343765696,0.00425016908620501,0.000176512249566614,0.00408889510667133,0.0156105406387035,0.004483021551897,0.000406550498662937,0.000383950781999591,0.048481805528837,0.0215465332630653,0.00143990822176668,0.00231723469184813,0.0586525495558651,0.0311046920932413,0.0172006824464055,0.00049599251288027,0.00787583707387658,0.00952650197798452,0.000730521133341549,0.00291091032724844,0.145735882911629
