0.579903842006609,0.00329690384976185,0.00031084481936795,0.0299173527808613,0.0322917619530022,0.0246559054705381,0.080074055373189,0.020836653231576,0.0209278853981579,0.00607807854116064,0.00112428671448692,0.0023859579860159,0.00642069787972856,0.00151925739544729,0.00305552067382518,0.0153365533860571,0.0074337222483462,0.00143118378909725,1.19231222353994e-05,0.00381388235088409,0.0145601501379053,0.00688128135776687,0.0319876100465261,0.031136806409947,0.00472919376738711,0.0063821811658051,0.0284342501181418,0.00362794636932264,0.00426756213818671,0.0142042720809325,0.00186024116648489,0.0111022362712464
0.0160829812620746,0.362749826683329,0.0287538789511048,0.000329719566704317,0.0630149568081042,0.0877683208729936,0.0881479737615933,0.0330420230080213,0.0670042390499521,0.0014651317749502,0.017721594623763,0.0240322035523857,0.00335858452843458,0.00616883111032786,0.00829038566050337,0.0684635066776797,0.0078645167207362,0.00717436878158984,0.00228528704026356,0.0058274737755738,0.0116595010289232,0.00675728921360282,0.00161187835947449,0.0054586394448547,0.00777915195154901,0.00545937539764599,0.00081271459023326,0.00436447825513741,0.00407817287956978,0.0036684019029974,0.00756390038776791,0.041240692378159
0.0027050606943681,0.00607391707843514,0.40727664756556,9.15362435886506e-05,0.0737155475961524,0.00483792631283029,0.241899229745677,0.0195016674211041,0.00342594439456031,0.000871169369455834,0.0256110948448826,0.00986166331387932,0.0242428064739211,0.000171142589284145,0.0022827722887361,0.0828584477122842,0.00279596104674632,0.00239861155189187,0.00264926832663645,0.00221256479251805,0.000378611614138225,0.00135296592607637,6.99934177680974e-05,0.00438330240496271,0.00861453071564708,0.00731750347173445,0.00214564009611463,0.0330225614235733,0.0107659187288642,0.00341488411103665,0.0104320288653698,0.00261907986220258
0.000686121369409883,5.24562169153925e-06,0.00790124805223633,0.527204078360895,0.0388319182534436,0.000935132764073127,0.0730349325618224,0.10767518906568,0.0497404716191484,0.03155000006195,0.00283981090209478,0.00143042772257153,0.0175096368936983,0.0124508112358957,0.0047188865263097,0.00147661179978291,0.000697431903114093,0.0133478739738165,0.00425036664876459,0.0132140982013325,0.0394656917115078,0.0079488119348272,0.000110100884533491,0.0194819359744255,0.00263739276935468,0.000483941541177025,0.00181668797358982,0.0070050710505558,0.00130687814112896,0.00112361783031672,0.0031140434674473,0.00600553318340518
0.00572496929872923,0.00339075379083694,0.00179444096200131,0.0438246667999827,0.148159329754297,0.0671036085730462,0.274570892069561,0.148528219705514,0.0889854762697347,0.0018864677980198,0.00386262144780891,0.0485104965938849,0.0105281856322264,0.0020533313934802,0.00212548880620275,0.0313013128821121,0.00586418448955273,0.00625332751910428,0.000357611392227807,6.89140732848615e-05,0.022171313355075,0.000513506917757466,2.11881540279863e-05,0.00472086719114723,0.00432392814664037,0.0149634897140798,0.000792767940914019,0.0266041765163611,0.00504622123053781,0.00210433185031463,0.00896003983555996,0.0148838698959765
0.0043242999445697,0.00316015994530805,0.0096895298692216,0.00267590427039785,0.0945020340737267,0.329331041393332,0.308760249821747,0.0793658655379442,0.032144455269785,0.000497319009487078,0.0125028836098726,0.00832300031390198,0.00670154571083363,0.000870509311697788,0.00233935755319881,0.0514392824481137,0.000326449040983261,0.00350415220230753,0.0019922401768226,0.000712085729744673,0.00322486749740532,0.00157509203576197,0.00132036722352159,0.00359342085966925,0.00936887009813012,0.0136861099383048,0.000729377392319846,0.00301129465370064,0.0038458838422758,8.86397452862603e-05,0.000819436246373591,0.00557427523425519
0.00432798231292873,0.00113783397895776,0.00260966845399721,0.0743171582316714,0.0337611341671881,0.0214338639318837,0.490922465865744,0.106122976904727,0.0284596566024242,0.00235830889486928,0.0112541364082054,0.0361204360183212,0.0101705903428822,0.00169430202056487,0.00105316497669481,0.0356345044380175,0.00232891324128906,0.00219886809925556,0.000639889409315105,0.00377137855064713,0.0213555215325627,0.00411289886331094,0.00377225523946229,0.0120167822618407,0.00864363080918007,0.0326483596126834,0.000643118799783709,0.0226892922482018,0.00192576641817392,0.0036228872849347,0.0137180570721678,0.00453419700811449
0.000260072946206403,0.000420777763534169,0.000715196818115721,0.00806735466041311,0.0836156027971254,0.0114303172708809,0.135670289497378,0.628069859274528,0.00646517808918488,0.0042509294693961,0.00162897508324482,0.0158622438883212,0.0084337482171953,0.00363664101507601,0.00161866801006817,0.00224816356808558,0.000619820690668241,0.0116165509904894,0.00264440111812099,0.00732718700098085,0.018308827849821,0.00258546721615532,0.00503292686766609,0.0111970419468197,0.0041009000939046,9.29285516852536e-05,0.00070730226070947,0.0112851575047173,0.00564615902973841,0.00230912351256152,0.00117493834462904,0.0029572486525789
0.00193822686727647,0.00174032304978872,0.00246874350951376,0.0706345085994164,0.0371292984721238,0.0240588562326383,0.149030111454418,0.0899463235283856,0.298290054014072,0.00323576800195241,0.0163554681162277,0.0121994896146029,0.00136725003324582,0.00168583421255351,0.00337506413808481,0.00482327449949226,0.00461500401312289,0.0036404762581672,0.00698792810963552,0.00712437675333805,0.0353047397060627,0.00969273076870354,0.0793397791099277,0.0379587389389631,0.0448520085181797,0.0147289228645222,0.00108588155806311,0.0114644986766326,0.00726171454872215,0.00233265412465958,0.00623899140394183,0.00909296030356628
0.00227106892364561,0.000782011043241911,0.00298767890838145,0.053023303287656,0.0987046119986736,0.00271944687202242,0.0170843235750963,0.0369912233152684,0.14310536516933,0.385087510036791,0.0130716808556122,0.0118900340107966,0.0261755619974005,0.00188993696574533,0.00418917831239963,0.0385250611245361,0.00112203699650659,0.000985402374698335,0.00139386771702314,0.00384827630711649,0.0483236624746197,0.00170812005112913,0.0215137111178949,0.00118018785295135,0.0279760918156103,0.0104820608124207,0.00953026754702538,0.00256903550354988,0.0246923029696745,0.00118816180465264,0.00466972205397832,0.00031909620455182
0.0138972300007123,0.000805258075213807,0.00351622866864959,0.0277005852784948,0.155084398117781,0.00357234743932204,0.132486875937845,0.0120989951039978,0.0132870862549867,0.00799276542407407,0.402230385519351,0.0047500880497921,0.0372934001538325,0.0051916946301313,0.00042272991312851,0.000819229269961843,0.0156281615842011,0.0102511022685638,0.00815458886970166,0.0108995278845594,0.00140037136031581,0.00462118909014662,0.00910403915466423,0.0316735884897772,0.0159696988671862,0.00339460471389162,0.00477878951662976,0.019495774328645,0.00458075306119277,0.00377618665342691,0.013642930939122,0.021479395380702
0.00996174193930366,0.000426182025962998,0.00243503544027104,0.0189285068029625,0.20519979632073,0.0620912835947844,0.124658656326881,0.0127887076953234,0.0771663072678158,0.00470310459689761,0.0163675823189272,0.278743753527987,0.0552996316260014,0.00518579920095476,0.00525879593553978,0.00509707233114232,0.01812143048145,0.0012510476103173,0.0016149211246908,0.00888547553754753,0.00370300954592402,0.00313081407456855,0.000921457477739201,7.46475102850331e-05,0.00602438549600169,0.00659815662045228,0.00788102530031057,0.029744021227488,0.0198491754793304,0.00469098180257429,0.00110891738484821,0.0020885763749867
0.0170952871731235,0.000485345072270709,0.00549967647696732,0.00423864705966175,0.104007168620369,7.9960035900172e-05,0.121540941487743,0.00229140845885398,0.0029550305422756,0.000448598153505849,0.0150363071143632,0.129283554224007,0.368399510499701,0.00418619979439272,0.000392587079201016,0.0115000861563297,0.0193550130599084,0.000877510813308179,0.00926156762973355,0.00202615219675537,0.00258579653650966,0.000962714984638731,0.00638521274570799,0.0380727156821052,0.000959125747264518,0.00435524395798292,0.0133831745881272,0.0951444499927976,0.00627624887560851,0.000924850370947895,0.00433177629574326,0.00765813857419603
0.00164829240465462,0.000377729894467491,0.0114023985699107,0.027388437790794,0.0103559448131892,0.00771335724077361,0.0151539110587798,0.0347949659468915,0.00769397562157118,0.00364248301930632,0.00112664237362996,0.0520557771655981,0.000943009614664535,0.560868162785445,0.00503021553899599,0.00252181269536795,0.00891434834225911,0.0018298120535688,0.00207660839091066,0.00370867055588445,0.0531617438535996,0.00413494347046064,0.0188568376674171,0.0140602473984993,0.0112064037290164,0.000646712626735692,0.00430374326292913,0.11869892757959,0.0103456075077401,0.00381398846653648,0.000770018103968965,0.000754270456843856
0.00116043725347222,0.00282713422803199,0.00048483095368579,0.00282948618131077,0.029698090041299,0.0262853870868292,0.0211895645052313,0.00479951540777379,0.0233397815916484,0.0091029452095603,0.00435520348920293,0.105246973119447,0.00221501955263898,0.00116657083832835,0.509677336864833,0.00525991430117815,0.00180423693994855,5.9602317123023e-05,0.000159779673812964,0.00877800828895262,0.0223742764672846,0.00557932764462219,0.0343943005629961,0.0219133475495899,0.000501813023603273,0.0109309806679519,0.0143675465992194,0.0842708348646989,0.0191601081305078,0.00974005105773149,0.0119799527804762,0.00434764280701042
0.00606039503821179,0.000188931254197306,0.0113427241403033,0.111040555209343,0.00984310175073943,0.00851091329904173,0.0889661371525012,0.0657907292330923,0.000836799214373407,0.00113664169929944,0.0489508092153173,0.00650431983303029,0.0115808271588224,0.00250382646449605,0.000171133965548433,0.464581167468708,0.00279730489899122,0.000370748473145516,0.00089830776899631,0.0294601066195856,0.00420352864427059,0.0225595823558599,0.00235711174845883,0.0320865456209161,0.00925509145451374,0.0360270175230407,0.001754551482629,0.00758183400021196,0.00362210854796914,0.00169334858513158,0.00721675940783612,0.000107040771418429
0.00402701394538138,0.012436394591258,0.00523787038216825,0.0260504112729794,0.174357212913995,0.00708171018461067,0.190323676911834,0.0630003466787347,0.0619211234328568,0.00187921539001219,0.00729019666379014,0.0173994625043601,0.0102541832324806,0.0010204911837326,0.00191413105808211,0.016293114197733,0.264279433966125,0.00241668388593591,0.0043541194114227,0.0226313093429138,0.0150983800708088,0.00419661193917131,0.00767280764754321,0.0146245940577243,0.00607366474611421,0.00740154488644748,0.000293579219561344,0.0210907651539139,0.000344932438726489,0.00134474594141495,0.0105782986182964,0.0171119741298716
0.000385413339002644,0.00658355207845125,0.00688418728398611,0.0203642212583991,0.0396815987787941,0.011569417991902,0.0414376766212238,0.0418601586014158,0.0319468764843579,0.00630156384787725,0.0101321478404485,0.0650620299977786,0.0308383469196603,0.000910377313176195,0.00532778875711165,0.0016084457960224,0.000522219088840917,0.469149251924839,0.00540657249792566,0.00260593245812223,0.00685683419071102,0.000629497093667324,0.00139486821896752,0.00643814024901528,0.00552380346072927,0.00658837736921901,0.0163244534237659,0.0214189172993462,0.118798503603677,0.00101482505256013,0.0150141913065964,0.00141980985241027
0.00674940286161181,0.00176581665788633,0.00168557129879444,0.00567618368865331,0.121028525432748,0.00372090483155446,0.164904979318226,0.0169115984267467,0.0385062871536639,0.000263476015089301,0.00189971160089378,0.0622316591280995,0.00181201129827232,0.00435983652139574,0.00450709007425725,0.0147517159767925,0.00775640534642083,0.00713199557656732,0.319095496708044,0.013055378306164,0.0300072077225097,0.014191638414438,0.00823658603771071,0.0200435876089066,0.0313327329646375,0.00458124611574378,0.00466094825840932,0.0487411556794282,0.00133545944633959,0.0122784926097744,0.0243835075890374,0.00239339133118292
0.00320309433261383,0.00216582279904004,0.00113210616889209,0.00862434194745284,0.183343367738034,0.0109520861245911,0.229397365772746,0.013345008621727,0.0289972027933073,0.00093298751469105,0.000935979211198329,0.0207111345608892,0.00339785821264891,0.00280911462715531,0.00797376952167035,0.0455446929691197,0.0133909348674246,0.00807666094098991,0.0114703682549042,0.265987659484075,0.0127619996661278,0.0110277606023977,0.00777628565941579,0.000294644118935163,0.0251410561208252,0.0120773706017185,0.00426463225598344,0.0421952087246642,0.001023781765087,0.00694089614566851,0.012628708783501,0.00147609909250541
0.00913545246320206,0.00172177922059941,0.00941168656042455,0.00219891911597172,0.101216905251391,0.0126679324886518,0.0888536195110953,0.00444504887377492,0.131012275019136,0.00202289503986279,0.00155780270486504,0.00556670306697808,0.00117424094965426,0.00245202303621611,0.000569962115100653,0.0200872181541416,0.0147891750550922,0.0012303608220343,0.0021153274503717,0.0216142349434928,0.470668543402004,0.00266414876815451,0.00504062394003265,0.0115642075595776,0.00980331124569011,0.00238008543767513,0.00297692481954902,0.00421868857757629,0.0030159358997137,0.0164728518984859,0.00970818154566571,0.0276429350638188
0.00128961236066589,0.0045579556590818,0.0106262202577309,0.0393734607947428,0.113752479818578,0.000105390044429108,0.133455224283087,0.039602216823913,0.0111508011236486,0.000590411885657694,0.0103844613978662,0.0309359608490273,0.00592470332019531,0.000539366549047346,0.00208738657013265,0.0264885728839618,0.00545103504254389,0.021724643108331,0.0151972170111165,0.0821121044265781,0.0126499146267034,0.191520101848342,0.0317096395795422,0.0496366517900536,0.0868056460642102,0.000185770307774003,0.000179439484285196,0.0327379147461803,0.0162132780112494,0.000596054236449848,0.00334895339388541,0.0190674117009897
0.0116778186995339,0.000513465649467041,0.0042718303989006,0.0126807518770284,0.0030032581973034,0.0662512680140036,0.00309315879962895,0.0034374448238841,0.193452583612491,0.00478185684816202,0.000402443960361893,0.0132325886037302,0.00046252836386191,0.000890815807091984,0.00425540097453531,0.0910998952011068,0.00579650792263354,0.000626326179916685,0.00659575869079085,0.0436673624378784,0.00382161367626841,0.0117244589187185,0.406045427061098,0.00690287598757486,0.012115997108819,0.00490282326235605,0.000772322618954987,0.0246088940476886,0.00292663598901095,0.0141871626835662,0.00490699605338166,0.0368917275302521
0.00459301266137758,0.00466012931572652,0.0115018636457822,0.0337064028891878,0.0597072241471162,0.0137477082420438,0.0596752752955212,0.042377547617438,0.0531247446665536,0.00498322169990822,0.00552444567646875,0.0781127757454032,0.00612402258271701,0.00187674734044272,0.00429301795692347,0.0416286736146591,0.0114776758404002,0.0025879740188992,0.0134756589253819,0.00636969668048326,0.00742773156808977,0.0117155732760392,0.0122714676896101,0.373474962250426,0.0188009398512304,0.00651984928616905,0.00956046791028526,0.0362791787509286,0.00924066455537432,0.0205016020463821,0.0335395235518652,0.00112022070116643
0.00176198203508802,0.000771287507843809,0.00285072600354878,0.0255212998274046,0.143382351011582,0.0123490176281256,0.216305579334275,0.0977815978331417,0.0296421752175927,0.0025645250674602,0.00770635893694487,0.0575368796863832,0.00915404800206011,0.000753592124615538,0.00691147022998677,0.00318760558570285,0.00358574527118364,0.00230794859562664,0.00452200261288567,0.0109638455587331,0.00741514139298547,0.00145516551764724,0.00415969662913494,0.0637169960390024,0.242763065190918,0.00287881647455476,0.00522582991140447,0.00555615929928095,0.0199483388764519,0.00159938160355775,0.00380595648552058,0.00191541450935622
0.00230362056580781,0.00428551028493381,0.000631405704914488,0.0240368128475495,0.0626197952014141,0.00764311182357771,0.135345067766017,0.0375898511856908,0.013486040005092,0.0066562687163736,0.0031731763718821,0.0220639205984405,0.00108400948562762,0.00125701858921386,0.00350348689663337,0.00340265180967207,0.00583149438764688,0.0126485664359024,0.00174793216973592,0.0433308893676123,0.006478752259232,0.0126585497612536,0.00151359196537146,0.00958594223824245,0.00609123235146672,0.507682919262658,0.0106693782775935,0.0195711331517418,0.00404317590970318,0.00774429117866834,0.0210418678226447,0.000278535607686123
0.00174853637647737,0.0015641574737542,0.00667948715267429,0.0032929611891417,0.101876450767477,0.00463355226496055,0.0437574499398345,0.00532886991320509,0.028862618596776,0.0175304145007539,0.00621785272490427,0.0870833376356235,0.0133732475145758,0.00286650982373477,0.00193475670666018,0.016251244694458,0.000848104896900683,0.00258191617970847,0.00110635817333555,0.0176456455345672,0.0497214531690154,0.00152673259648147,0.00748099651134444,0.0122266646375875,0.0154943459330786,0.0581747717391684,0.427642120196101,0.015988597935643,0.00989061596204918,0.00884531376531556,0.0276072513271969,0.000217664167494431
0.00937750067805819,6.42319305971565e-05,0.00437974837035468,0.0292585988779332,0.135896381606253,0.0699970805453436,0.0481185476141369,0.002776235094883,0.079090421324949,0.0076064881807954,0.0133300497587138,0.00155146254093344,0.0311371352510723,0.00902947553150663,0.00567179373731114,0.00860243410542585,0.0135075348507388,0.000975205012935478,0.00514737814488078,0.00830905031957926,0.00677337390091567,0.00125479097283461,0.00442394282820591,0.00782787934136527,0.00927122262209493,0.0058525001688015,0.00605998876077163,0.446837417059755,0.00639975250007062,0.013871383420098,0.00644308179534714,0.00115791315333754
0.018456859074331,0.000895811308183011,0.0219766127817416,0.0424541438476244,0.0381827569688923,0.00715566200443456,0.069618874268189,0.0370751872090212,0.0225435354186269,0.00769181559750002,0.0010393645793138,0.00497201906896572,0.0167239873942579,0.000109768713537015,0.00505479728827684,0.00740060501631803,0.0181712080269263,0.00841170316724026,0.0138521412111823,0.00506758687364383,0.0128368053599062,0.00337751491367394,0.000701560896771479,0.0666322936927972,0.0025134847863342,0.0562077082823995,0.0432137057378313,0.0134525581109342,0.391962332121425,0.0188650023788522,0.0429192707625581,0.000463323138310555
0.00379511200016387,0.000906340416941107,0.0043081701815502,0.00478065199668628,0.0247720765994574,0.00951909524347738,0.047764178435369,0.00771238230383865,0.0368376975963313,0.00503863177549473,0.00101586621273492,0.0490036954142684,0.00079002864126715,0.00386918978782786,0.000745284697622081,0.0208911052768554,0.00161715561248406,0.0068681079053668,0.000114511752091295,0.0116945007720266,0.0106461423746289,0.00563408534286781,0.00312786567336496,0.00287308760975327,0.0189741960410019,0.0225633644357165,0.00307492593176624,0.0596406715178868,0.0106106647219668,0.600062731878099,0.014377119254968,0.00637136259612478
0.00315005427075616,2.44498594593081e-05,0.00490456090803132,0.0345836032874784,0.0223166893772562,0.00378078215381021,0.0465980965632697,0.0384995010381277,0.00890090935625236,0.00203988265886987,0.00398229090573672,0.00232964759195748,0.00617201998511941,0.00196900954783618,0.00495409998004662,0.000176842384305819,0.00191300008229056,0.00318148957196596,0.0048205919963658,0.00199577790122138,0.0202927927163769,0.00271303792112614,0.0191324708847998,0.0406479120817908,0.0019455994606347,0.0200428757167761,0.00323668397563653,0.000934270787234496,0.00335179119333468,0.0218029909862935,0.668769020697742,0.000837254158097377
0.00609235818673068,0.000856085025911875,0.00154494766404383,0.0132199465231814,0.198404948517558,0.0229652216718536,0.21671874447171,0.0697133195457023,0.0781467673296561,0.00285949933302732,0.00282743384124243,0.0642763437039253,0.00379637665646459,0.000264219075150836,0.00527295143975966,0.00730451539667593,0.0125591581125632,0.00294809210121275,0.00367358331725355,0.0129969357599803,0.0230091181876994,0.0015443008112129,0.0193887390701077,0.0505144562937493,0.0313061231849476,0.00387555842710241,0.00278425220572528,0.017979335230525,0.0183604510169372,0.000504144871316681,3.38157605633248e-05,0.104258257266509
