0.6537088198920267,0.03222118539940004,0.004115689661719325,0.006642339253551413,0.0103386262408463,0.021058588054147658,0.036072289618370404,0.004774272673812891,0.044214543522135955,0.0036334196842523004,0.00586980867778085,0.010699663224749726,0.002022230451524675,0.0013117774217074718,0.0013572326911870252,0.04264312968392635,0.006581961212127075,0.006033218871255174,0.0020087800400202006,0.013230603464146371,0.0032232300571523186,0.00637349142044455,0.006817763330944637,0.010033992569036698,0.02273412322606185,0.004860601377772712,0.002184487816828325,0.0028996032930569252,0.004570947376411312,0.0008951337510047093,0.0020981168494720124,0.024770329193125197
0.008539274137700588,0.6503187273274308,0.0032325128124857496,0.00528385998347095,0.010481675555355664,0.0223197498947573,0.06454974937755469,0.0072631833420349744,0.03251731798117364,0.005120653711184388,0.008603715979909663,0.010023944851865649,0.0019632634325264875,0.0013109288780761624,0.0019640974262790873,0.034747256257270924,0.0120817033034976,0.004747193010856249,0.0020819397868910125,0.014672081758467027,0.003888818798510746,0.0039852742234290865,0.005452984032808938,0.00743357708457455,0.024993075505206526,0.006250817002255424,0.0020713617254586206,0.0026421076985981497,0.004222368056085988,0.0011808142300931048,0.0018606211706493705,0.034195351663539986
0.004707391556968675,0.007303425375666063,0.7161569250096779,0.005926409587314587,0.019740294312103786,0.010672514444135538,0.04569447580900569,0.005140286793473163,0.03075821049831809,0.003675377029557125,0.004726648439226649,0.017278555669102053,0.003053477392302,0.0015226314834657084,0.001928287042895125,0.03049976468394775,0.0027822194677780457,0.003938858530823825,0.0011789873756210126,0.004920304119700175,0.008111541222984138,0.003633370938434525,0.00849232861577685,0.0070059240115027,0.016123221610655075,0.005653192196917575,0.0030321348543765995,0.003946753524939325,0.0072115103170271875,0.0010269082780242002,0.001809851270211525,0.012348218538066422
0.0014127627833437138,0.0014418243126330624,0.0037028861682748,0.5682341101163503,0.03333154448422014,0.010991953806063727,0.09086674456658311,0.03919992422766319,0.011566361753146426,0.018152680075239413,0.020316900915144886,0.0321780378433778,0.0030610965862391875,0.0024321097764077376,0.005436932977980075,0.04942667592743294,0.004248427377398887,0.0020760592253353124,0.0028116749299731,0.003875640881004841,0.0105427832430978,0.0036059706471315623,0.008622603268095663,0.005812562692036838,0.015264733760524802,0.008099354376907626,0.006248926952474163,0.008342574038571075,0.01515739786945055,0.0015239266546280166,0.004533432548889627,0.007481385214378749
0.0023548545798278875,0.0027430430682498248,0.006734346851163313,0.008134960108698113,0.6796363959099797,0.009847654928880583,0.041459038373764315,0.00475961994475605,0.04346345244568918,0.0024235764583223243,0.004348218176518487,0.007242258806487312,0.001288246742584197,0.0027364227363324122,0.006382832788017201,0.07855447068310642,0.0016410173988610625,0.002183189133925362,0.0008716463127904146,0.00593135619742665,0.00950757367229155,0.005616604683586837,0.013341561962644891,0.007058374480853287,0.008634301515353738,0.010777221803004576,0.0021545122097434703,0.004170763439129662,0.008427726085673937,0.0008974971189710019,0.0035576403848387624,0.013119620998526788
0.008952423834055777,0.003998219230016213,0.005462767399202963,0.02269283843236864,0.025494211565199685,0.5264952147336818,0.03049110714424326,0.025954916921901685,0.07331993890112717,0.004272788752137564,0.007570065012336162,0.018593606470485337,0.006075634333764325,0.0028904889122221126,0.009977515401178711,0.1535053033544867,0.00361098933334285,0.004004672081133112,0.000914413247714125,0.0041913303188267255,0.004646110090727274,0.0023118849757577248,0.006835899142216062,0.009362940734610763,0.009792045654139813,0.0039689008446876775,0.0022011334586012877,0.007712819797451249,0.003123559887037925,0.0013639050493054394,0.004634152750413925,0.005578202235625212
0.016312376702477125,0.008665920533486013,0.0051677371536249005,0.054809729825927696,0.0383105577601257,0.023363111069012878,0.5571809955238958,0.0183310169965873,0.02526211621690905,0.011096656317047815,0.012664087027251312,0.0166029016374115,0.005806499465377337,0.004643724728687187,0.014986803639867175,0.07605135082293546,0.0034241713322834626,0.006506024980980312,0.0018150140172331747,0.011778876549113148,0.007572928996959013,0.003980941703828513,0.009809139441385086,0.00889080137164055,0.010015077407267313,0.008986667004049938,0.0018077345751167213,0.009360900816071474,0.004210944880048675,0.0024619847396148394,0.0036447939753152373,0.01647841278846751
0.003541179969428958,0.005006518194019004,0.00750390998673405,0.04533491107767708,0.01630363494416526,0.024629708418944105,0.02519963512894031,0.6227890082656345,0.036481909666750335,0.016680617820248603,0.026544671755322387,0.02023011985583871,0.004024067967090729,0.003952778785931025,0.009660256067109112,0.030638651329121084,0.0009236204646759624,0.0026179357971905875,0.00224776586710025,0.004991152829685012,0.008303358334377176,0.0034170288435796,0.005712311377291461,0.00768510567456805,0.017484219525812687,0.007771548951882437,0.00762233433151457,0.0060959292604822884,0.013107639749316011,0.0013594545997234,0.005220770542614595,0.006918244617229587
0.007928010912662674,0.007573608811116463,0.0014862608290563675,0.02305615273662986,0.05118179818737819,0.039329597162245475,0.2174236090370074,0.009899366197631387,0.4516438819386007,0.008555097631956025,0.0044740440773136875,0.008423819612360325,0.0036852674442674873,0.0011334039068376124,0.004380994917989587,0.09720977332237998,0.0022037765590398,0.004482764664576675,0.0011767444551486,0.006677772294029025,0.0027694808429049294,0.003159738589291225,0.009985264382225925,0.004757234229513153,0.006157499149613862,0.0036398298989828376,0.0008852290976060375,0.003195213310923237,0.0023912840887049753,0.001225852220960719,0.0007703995214923014,0.009137229969552288
0.0023063913688017752,0.0022330010959971123,0.0018365950303014,0.018419343958851496,0.023540844735949026,0.015073015781089813,0.06795036961311399,0.006782060430831612,0.026020208099313054,0.6076145535866437,0.009487407553987725,0.061529904005155366,0.002870665415055996,0.0021194289254915216,0.004694399434526339,0.03852244320808899,0.0024236835041237,0.0015825420397221623,0.0026984418409642746,0.003953500617544038,0.007577878692484737,0.0033176839954390126,0.013130369006681337,0.0025026629026399377,0.006505299488439951,0.013883947023131237,0.0035098949120682746,0.007990697237693847,0.03060939330963204,0.0011606569173725483,0.004320513059625753,0.0038322032092374878
0.0030666443341423252,0.0022388043542920497,0.0017277499748549372,0.006436255118898887,0.05279529901678314,0.01586861622238275,0.07620874518442965,0.024411143807669816,0.0337571629764463,0.013773573137948933,0.5238281086170724,0.03618000978391634,0.008181429628372438,0.001638602336308625,0.006723799743473163,0.031013000946111275,0.0016359033523391001,0.002099666564068377,0.0013726145782475127,0.003693481092650948,0.007700405027670963,0.006233101154401563,0.02885827656521397,0.004622715973464874,0.0038254818963801875,0.023260561569550788,0.0026633709455044273,0.023454138044690515,0.043649320652474954,0.002700518347773879,0.0034145873555564052,0.0029669116969076874
0.004309862987303425,0.0021339088580514644,0.0015630734548160877,0.009522990887914487,0.0495583076151819,0.009436712832914876,0.034545827298825424,0.010781930653806737,0.010711826259609227,0.0203210101512762,0.012890443275930913,0.6492059758071256,0.0026459428625290123,0.0006427616388738141,0.008548800976172288,0.02050091897444769,0.0008273221474087001,0.003924290910333374,0.0032889652931195547,0.011671698619189763,0.004730894725737213,0.006153851332996126,0.02102960750480084,0.007030073534608137,0.0059795674026790245,0.025066077564736774,0.005188690250522812,0.00445399629749655,0.03195068385803264,0.003894382633809537,0.015618739916207738,0.0018708634735413586
0.0020090564539577,0.0050431493768392874,0.0011772793648883624,0.01734043755359336,0.11102825616122514,0.008427488034753624,0.04870135147012311,0.010683659197369213,0.022158042088961476,0.03710782305046565,0.01985743772317265,0.024642635360016815,0.4901128395147809,0.0039858873025466375,0.045223826126933715,0.029640462147167722,0.0024536642792131374,0.0028778072310458374,0.0025453930144057877,0.004943730007112375,0.007602231975063111,0.003747625776873637,0.006960600409853175,0.00944763347468905,0.01286249769397715,0.010201021743496776,0.003559753145937987,0.03256773952255256,0.012829759872808738,0.0015963232156407123,0.0030550310797321373,0.0056095566308016495
0.0018345559053393125,0.0036220990573264805,0.009280694152600575,0.010541974596618263,0.009183881596473226,0.026939087283094038,0.04146882257222037,0.0037807692306683124,0.013201727213075937,0.008301268930789963,0.008078750893143562,0.03937116170072226,0.0057720841476240625,0.688588449094016,0.025066045457378075,0.0258652242106851,0.0012700012001480032,0.0015932911862076749,0.0013019825335289037,0.0056692686805989755,0.004120253708662295,0.0029688216675143,0.005563345849099824,0.004048531857426063,0.007156563113341813,0.008654755327902375,0.0038547249854029506,0.005155724105218303,0.019948407012137383,0.001042456433101488,0.0032567542051677506,0.0034985220927653783
0.001970656713988525,0.0037220303486695245,0.0014135393649826746,0.0032142627321173215,0.05310289809066535,0.007145629273806527,0.047997979296287435,0.003410206360342425,0.01843946211930284,0.013873042852157876,0.007040908556394612,0.02588269477454185,0.015982946643703,0.0008298100362395353,0.6818039234643358,0.04168600730147421,0.0018067931896020998,0.0019353537745935624,0.002218130062879612,0.0035824078662554,0.004291330405406187,0.0030862139732296505,0.0073585911121628374,0.011296151039841499,0.008636003144033613,0.002921624904225419,0.0024280842799330876,0.007905975613560264,0.007706761936143712,0.0023134990367379748,0.0005999741513937888,0.004397107580990738
0.013959866189192363,0.011342148991149988,0.0037671943830821873,0.021141207572474122,0.08278144757548689,0.042273494969528744,0.3354708310526214,0.006338362846159,0.12322650911693421,0.0088088740076582,0.005968663111084496,0.005912225103463532,0.0030464497519233627,0.00108890104768565,0.003602952346191875,0.2722965966448946,0.0024001366730041327,0.003612566423268425,0.0021859277854921247,0.005995816551954813,0.0026197235779301374,0.0026264084976201254,0.008380707419163738,0.005078353405281089,0.007995351732579864,0.0028476840191551,0.0016004082730091626,0.0035991754532224873,0.0018538493488051626,0.0014514147705136122,0.0010786626991362903,0.005648088660332275
0.0050353962532709495,0.008067451511193825,0.001317337146475575,0.005950734827962612,0.014228182207802862,0.009741410421922838,0.03738610186801856,0.0040065336333636875,0.015615441729876337,0.0038986694350331497,0.00255626834544991,0.012082683267907537,0.0034751762953906373,0.0010257913734765622,0.0016658198578273127,0.018450998539198238,0.7560449434026103,0.018084627027504324,0.004411140841725374,0.0042047990686823,0.004353215248489888,0.004555694455423338,0.01090753936440405,0.0036343393679346124,0.015044270311641449,0.006166898860111313,0.0032862121091345375,0.006938685593186699,0.004284163372222513,0.0007739979172429494,0.0013758948251690998,0.011429581520345539
0.003997368367924988,0.00293988900176985,0.0012912376513438694,0.003377456739541038,0.0172438309510042,0.00868076133483145,0.027322034419902427,0.00244686063746195,0.022099488068544337,0.004315166230926525,0.0047390606473194,0.011426833847884062,0.0030603901351300374,0.0010106339662896374,0.0018690845957343627,0.02861821248516209,0.015296040263464388,0.6795331850560506,0.002411192758327963,0.012220554367497227,0.011173102082225626,0.023275189471008113,0.02914965973648385,0.017190318384294027,0.015634623622709638,0.008115292732610762,0.00346874636734245,0.008910626060002638,0.007968437698544288,0.0018035787921101775,0.001603073706075092,0.0178080698204819
0.003386384032503012,0.004018462667576549,0.0011479710481291875,0.0042435434379665005,0.00338879760653345,0.012227165271193838,0.0254231709758339,0.006617344687361863,0.011963313228806362,0.00485775284634405,0.009948638663352433,0.016499665343995527,0.0019785229065244,0.0006192364381990022,0.0016662041819508,0.010817731449586363,0.0030673303301572744,0.0017405765848415877,0.6964600672387882,0.030303649004390483,0.01013297273660375,0.018010455569830636,0.022238738227413363,0.02346057327613206,0.017526365280565,0.011757801880307676,0.011497214794413237,0.011183135661398188,0.007263518226843225,0.0026022324287396253,0.003494992834667762,0.010456471139049538
0.0026460125850156623,0.0019416410401625625,0.0005472464291426599,0.004638585814256475,0.01484528617990875,0.011310619016131562,0.025781880193573622,0.0087554616371716,0.009235178951094464,0.0035761446020115694,0.0104483072950176,0.025965765563105626,0.004944535451259175,0.0011414803651667222,0.0028504758986017996,0.01222206092405835,0.002603032408341111,0.003152526552257463,0.013225023273459511,0.7010263254119287,0.010804648659936376,0.006323292573342387,0.020797394494554075,0.016753441871993763,0.007945641744219236,0.01852244428336664,0.0141249240765551,0.010956127639824724,0.013744057864503601,0.000763745832448479,0.00931836887320805,0.009088322494381861
0.00392783123407535,0.002932280474859837,0.0026546882259998873,0.007208315173515875,0.008126702776173538,0.0143270937405771,0.032529309079177574,0.009039686010682524,0.011626586237136674,0.0035968472683775878,0.0072988776181347,0.020160435123050022,0.00381640614200655,0.0021119124609541625,0.002202834754626197,0.019564193156012287,0.005731381582497863,0.0032733179395096875,0.005582007370118588,0.018351458948032563,0.6451195344820781,0.005761008979950425,0.02313313620095525,0.03943938652726638,0.017426547831657965,0.026396825980674977,0.013925711903855947,0.0062910275987947,0.015193818820893176,0.000651056502717071,0.005591478795303485,0.017008301060332926
0.0056632904859535,0.0034217923380066,0.0008866185135715249,0.0037669695381419253,0.006663915829781838,0.013573978208406699,0.031144683655223025,0.005845200574406925,0.04058583991696089,0.003915632628054312,0.006274553079281374,0.015009618909051576,0.0031237331592859625,0.0023300238556030247,0.00337068677339255,0.046653206499634024,0.006569539436388088,0.015365724558651477,0.0211704528312187,0.011681560784292649,0.005784050257259113,0.6318318110981294,0.03321072565250284,0.013001742072436576,0.014206711457162137,0.004841376918979063,0.004697764123059158,0.007566207887659463,0.007253614120442187,0.001626255298836925,0.00442815165779696,0.024534567880428588
0.003314890304719891,0.004617674709699025,0.0011929344490680248,0.004416623668449876,0.0070519955063421255,0.008809875439146827,0.026808437245123454,0.004110799328071681,0.011223868953621024,0.0052255030776004,0.007488271922539238,0.017747107100978002,0.0023824610354264064,0.0019249339074141874,0.0023733018696850128,0.02324387759685475,0.0038995770100231867,0.004914343299182925,0.005188581922645076,0.018003188156561236,0.008279494520677213,0.019067200070459627,0.736512435149856,0.01827841756308986,0.004761265274984523,0.008293041519554201,0.0034196357763934125,0.005537585888028263,0.00812853992663165,0.002899109375034837,0.007064397168969087,0.013820631263168076
0.0035780661568741126,0.00365020233001555,0.0013959430805025748,0.004793247369428287,0.011399571914084475,0.008264249317142775,0.020269702518440423,0.007689110645600985,0.021456061491171886,0.0016256570092741123,0.013635981328087627,0.0331916071458858,0.006754286616477813,0.0014068202768232646,0.0030418598224361245,0.013862741722380303,0.006597963405307987,0.0040475335162664374,0.02542879592542694,0.04830595701277651,0.032915678472928624,0.008744048551506074,0.011329873253082736,0.5763127015553255,0.008461976246352863,0.05240720960076933,0.018408085237112452,0.011717527956223127,0.01898282808057079,0.0008356024834801156,0.009442297648269449,0.010046812309973788
0.009146343368348613,0.021270577492757275,0.0019406518630774936,0.0056519656350140874,0.02304239395748423,0.02940009457694475,0.11850296885986154,0.007564884148273663,0.06522005634168579,0.0040264295359719255,0.004906483119981,0.011193491279530026,0.001147616097330875,0.0016820850394235678,0.0013528002134702126,0.047749758137734376,0.0013343283272136874,0.014213855116973624,0.0031305821932560494,0.016159943690061997,0.012614347554036875,0.016767239700186988,0.04223221693593514,0.01855190485227849,0.47423633266102794,0.006008400043323386,0.0020505178811137123,0.007209639019452475,0.008278384631319125,0.0008199312307460476,0.003327332181489975,0.019266444314694386
0.0023190407540028,0.0028416410563008466,0.000608319941828168,0.0016190550892826992,0.010256064163618649,0.004958730643501038,0.0123919001871662,0.0054475374458652845,0.020120266112464837,0.00208616910107515,0.006309162620113501,0.010996232646467001,0.003594534736118273,0.0013083307618203125,0.0021797913989280377,0.011516627128138475,0.0030259813449323757,0.003518721905727862,0.011509014103807726,0.017211541478699598,0.01231223236910195,0.008489584614992288,0.03055832968152166,0.0054779570532194006,0.008085626896564238,0.7502708375356023,0.013018319718266775,0.0084416653561892,0.009831462901558412,0.0010716321193947624,0.012074192182892149,0.0065494969508370126
0.0023255984911063248,0.0019430553444243,0.001135999675504786,0.0021132944613412126,0.017734065616160498,0.0071183436399825,0.0142136268926311,0.008850647350148063,0.02439841590375139,0.002404568360467963,0.010710385468373312,0.0438299046589903,0.002486698355173675,0.0009182353924750356,0.001862688632171725,0.01652053401486526,0.0026176732783603374,0.002851657035308325,0.012488173922998962,0.015116140782887425,0.018277891686917725,0.025838031536474872,0.08651563766926643,0.017311326608595988,0.014031438429493875,0.11410930436901137,0.458858539914419,0.004434023533192087,0.03999465109659627,0.001376664174434675,0.009411332553075349,0.018201451151399223
0.005745418661311737,0.002658721112202275,0.001485417440832975,0.0062478805132984375,0.023092276502492688,0.011589426915436987,0.05996226868338863,0.015262291690238686,0.018314786386681478,0.01806128120738761,0.01127906195916335,0.061951163428388994,0.006624664090297337,0.0025771782910854503,0.025945916465420635,0.03048213979030148,0.0006049043178042875,0.0046711766144073375,0.0029053118679057874,0.015116318189060599,0.002544192752205175,0.0077207208673189505,0.019914247279178385,0.009974720813768776,0.009501236629101939,0.029147148575509825,0.010300382215715087,0.5296097012861555,0.034709233765533434,0.008009424338623275,0.009733383038339686,0.004258004311442187
0.001890655886551218,0.00402080132723175,0.0013175612633087223,0.005009527818914813,0.00904688770485335,0.004138740477464637,0.019488013123683024,0.0036472118385520503,0.024404277462759163,0.00810331650424222,0.016286204634745102,0.01744289486400342,0.004477951287687217,0.0006970888035362782,0.0034052543336560393,0.016606985662164238,0.0019812712842362454,0.0022489251537281376,0.0032300600932161127,0.015581981602844987,0.009688903702022876,0.008742949300305461,0.016956929573796138,0.033053917350898965,0.007902101871556287,0.011930742447595764,0.03276069352509894,0.04567096478854232,0.6446779045947509,0.0007312968175462216,0.02141679392878695,0.0034411909717197127
0.0025809160909954503,0.003062349930348962,0.0007565883802155591,0.0037886987697410375,0.00773613362901035,0.006917638649477946,0.021696063034848202,0.0031049718933607168,0.014003052201715452,0.003800893183243787,0.004327682907809877,0.008633152315048536,0.0032584604603908373,0.0018497042135357626,0.004124483057994087,0.01599522288284991,0.0013989129526670377,0.0023529582276466733,0.010718794325556537,0.018530403001076837,0.0022089673487776496,0.010808546268246023,0.043929031042068835,0.007109815465281775,0.013709596645315162,0.0071220288340061244,0.0065094869577414765,0.0072901379659397,0.008127595574477887,0.7407651831671447,0.007899587013560461,0.0058829436099056874
0.0017903968704563755,0.00320682539441295,0.0009557642330522684,0.0023331980882380877,0.006462781947340063,0.005826067759846162,0.012865305724274788,0.0039933395034971505,0.02014973374003764,0.002666026766556717,0.0037645668352739507,0.03938417331283346,0.0074749923156801,0.0007209077610860154,0.004921736114025225,0.011676319980123712,0.002194029119513235,0.0013952516847106702,0.007976595227205611,0.018169950456220288,0.010052413251136875,0.005471411353281413,0.02115791630462005,0.03861252169499847,0.005629981732702838,0.01794553147818475,0.017996478267819777,0.05749661015110795,0.021912264072620837,0.0026494986210266495,0.6409165675455009,0.0022308426926143997
0.010270664768147076,0.0165187382439035,0.0028112445452057374,0.003967344597066175,0.013543684136496897,0.03266318083945152,0.08947762540110381,0.005408840499772484,0.026660793394933727,0.0021287582249969687,0.0038918451968610124,0.016730703286224603,0.001581531409887875,0.0020581886309644125,0.0014261021561055944,0.03286685896856978,0.008400891185005775,0.00631847814344905,0.0034290773230743624,0.023872194098441848,0.0160851096499976,0.016825962155842235,0.02941957058359482,0.014719596115231662,0.04704176320468691,0.007567127150230639,0.0013434372232787885,0.004109476686293737,0.007425490906666612,0.001113399767951725,0.0047210393557301,0.5456012821508318
