-0.04167826656515161,0.004579210387135999,-0.0017197971390225,-0.0020970061760365,-0.005094177095540001,-0.0039609686471822995,0.018091786631389502,-0.002935611325394799,0.0118253989156679,0.0060148833453273,0.0014788197179254996,0.0033184886021814996,-0.0039247771416716995,0.000293382181902,0.0014992985663715005,-0.0012186865613398996,-0.0007686995771650001,0.004634701407366701,5.694564791200018e-05,0.012569515628274101,0.0095365353234162,0.006996918324812499,0.011398528025295802,0.002138447980255401,-0.026804813363236202,0.003984892664904,0.0005137376573668001,0.003731838474376601,-0.0011609224729815996,-1.2504112626899981e-05,0.0030997333907914005,-0.014386832695323502
0.0016522321037772993,0.022175812676350715,-0.0038858753376752007,-0.005131157830139801,-0.0036324412636337,-0.005959553686938202,-0.010648660698158195,-0.004137478644875501,0.0242197234837258,-0.0035122393362533,-0.0012126950440820988,0.0024638434570953,-0.0013970248381467995,0.0013869440114479,0.0024882913535761997,0.012781988606616898,-0.0005643397472456001,0.0063714538948706,-0.00025901993904120014,-0.004345978043267602,0.0019668260195515007,9.22135309235992e-05,0.0067537420495085015,-0.0104007606455697,-0.015281492954547601,0.0021394641907631997,-0.0015875346503892006,-0.00013981483999099976,-0.00017567439595779933,0.0003283131327728,-0.0042141279585773996,-0.0083349786564904
-0.0002768542891590001,-0.011794529811303099,-0.047130880804252206,0.007756489798831499,0.008931406615412,0.0005407669948457976,0.0050282434157513,-0.010592649710858198,0.007316995431461101,0.016512712471510198,-0.0011309370458329002,-0.0033540263401366,0.008308899345811801,0.0059672128094577,0.010432634599800301,-0.002276877806795,-0.00019411812723600002,0.0019753604680326003,-0.0014995160737357005,-0.0017972291175114997,-2.6514839056501413e-05,0.00022789882125439937,0.0035017445963676994,-0.0035206518396879993,0.0077418734894704,-0.00046263796091329957,0.0029009805716722,-0.0058610382246868,-0.0012341678849332,0.00021901568337830005,0.0020577568426059997,0.0017326379204344999
0.000697860948485,0.0013987106512698003,-0.0016904155468638006,0.06538097535594783,-0.010721966452256398,0.0107319111202827,-0.007115837397234301,0.0170616202796047,0.0019607222790408,-0.10078533109374702,-0.0016922355702726002,0.0006197104609500011,0.0115644448442481,0.0030017382189276003,-0.0048727629097737,0.0043477232498759,0.0014216872016369,0.0031331829104438,0.0015450609032923,-0.006181332436287899,0.0012957181025581004,0.0035714162900007994,0.0017283274173990996,-0.001780823872912599,-0.0042427231036232,-0.0008710619290354001,0.003997108323677201,0.00012365276475820048,-0.0003672794095834998,0.0019080427378707,0.005357561734126001,-0.000525406072804999
0.00012779549720109994,-0.003419523348796999,0.0011059812196942001,0.004426326821049601,-0.005623596792252383,-0.019756061302315095,-0.0027195599718045915,0.0026345701674704014,0.017929387681623096,0.015015848664229104,-0.0038478208068430005,-0.0001015686027212,-0.0003859480799104,0.00035053282996219985,0.0022898609256476006,0.0070364838415787,0.0023559317477275,0.0041932926972296,0.0009744902135598002,-0.00016043469768989987,-0.0029773172147333996,0.0042098854486866,0.0080501877223336,-0.0148927713242442,-0.010458276329997799,-0.0030537178236382,-0.0020745969752354997,-0.0013642609474396996,-0.005739792202606101,-0.0006635717076829,0.0005732916810308993,0.005964950968887401
0.0012932631959832004,-0.0011932369390275002,-0.0021595617891455995,0.004092023321926902,0.0016463090276522003,0.033479847861025536,-0.0004661330399500993,-0.0062314077747057,-0.0004724677183637997,-0.024016224162899797,-0.009180963147139402,-0.0009028132322866003,-0.0046276223796126005,-0.00046496447169509965,0.0023567010767381012,-0.002711262751432599,0.0005951966469087001,0.0007602491924403997,0.0007872440649709001,-0.0019392471000801003,0.0030040344463468007,-0.0004716382468181995,0.0015728864574683001,-0.0005197986594993008,-0.0006425844678828001,-0.0028927758074608003,3.270914322490038e-05,-0.0015543686558614003,-0.0014962906783901999,-0.0004437184394404999,0.0032964482169891,0.009470166810016799
0.0013999885381499998,-0.0026950865466998,-0.0023321928156825,0.022224809325783003,-0.0044720088955872,0.005092561277854699,-0.039224035370604815,0.0010173407304202003,0.003703576802221299,0.025797015138266398,0.0020449840481251997,0.0046708711717265,0.0005969257247968995,0.0007491025045129997,0.0121365165542128,0.008331984599329899,-0.00017161787356500006,0.0034262121550475005,0.0018700046773409,-0.0147340176941924,0.0022741311367284987,-0.0039047657889713996,-0.006515563045060003,-0.017725230489532198,0.0030567182442345995,-0.003985220397119901,-0.00043676269552240035,0.00029850052766469985,-0.003462232334929501,-0.0010820193216415,-0.0007365580529353002,0.0027860681656278006
-0.0014232799393805,-0.0003864170295112999,-0.0010826225335474,-0.013125413698813,-0.0021904469306347,-0.008505464249200297,-0.0007916367041930997,0.02522259438548602,-0.006634386733460701,-0.008099579062053903,0.0030453660395191,0.0017334891857914998,0.00048507702374100004,0.0016232997898850995,0.0007226210372341009,0.0009117039565043001,0.0006826054658752002,0.0002853689067604001,-0.0011139162547848002,0.013709463214803902,-0.002680538610707701,0.0024295473899584,-0.007198852314057298,0.0203599884924192,-0.0040105210710321,-0.0022351003939314004,-0.0083576768346475,-0.00014842208945599952,-0.0034594821656598,0.0015094294496423998,0.0004119464436876004,-0.0016887441662365998
0.0006678906163845007,-0.000326358270441,0.0007242330130508997,0.001322670876830398,-0.0159554330221309,-0.005024991079005201,-0.010226658566557297,0.005869069843114,0.0038568000482901432,0.0024404619654522022,0.0034383075460617998,0.0013833964728845,-0.00016489203574759914,0.0013986605117382,0.00010927287688480142,0.004713408047062299,-0.001311719163436,0.0018397543615229998,0.0006813871626473,0.0063335439746194,0.0038419313001094024,0.005120645050838799,-0.003630938487228501,-0.013348868988548899,-0.012668890247772499,0.0013208601120240997,0.010093658513978799,0.0007317947512930998,0.0003698140337517995,-0.00021119099275199995,0.0075677706570573,-0.0009553908819773006
0.0006272441517761,-4.457057483099993e-05,-0.002290235935587,-0.0195904983110202,-0.004529286032078901,0.006718212429112601,-0.0028358719641597002,0.007590729801211098,0.0012744033205526004,-0.021567907942442566,-0.00020956443967679907,0.0009349188673544,0.0054350439466304004,0.00045086341342820066,0.0062717125752101005,0.0036613022988765,0.0004928466458186999,0.0022976098058234,0.0031472242850868,0.0018230687878203,0.0023278759255418993,0.0022527958843938,0.002644429410751001,0.0007015468449317998,-0.005336629989876501,-0.00021890755697340008,0.0011819208800621,0.0018777217900845002,0.0010855041804326,0.0015676343623335,0.0016652712016852998,0.0005935919377281999
0.0013574505274444998,0.0016677070336349,0.0017400237675131,-0.033392082604414404,-0.006621862814866599,0.007059552392270702,0.0018314220035272055,0.0024135444548540053,0.0050701021682571,-0.0445856947463794,0.04187600449761408,0.0014275562747260006,0.00010390810410669873,0.0014152092775954004,-0.007213801318963199,0.00031754698588960014,0.0007935946865052,0.0031184338634128997,0.0018183322151447002,-0.0021560512456365987,0.0056135355401934015,0.0031061171714416003,0.0085342608193302,0.0005326329302129014,-0.0029817998946461005,-0.00031975559915650015,-0.0061316334716718,0.0033852744423814,0.0005093021669114999,0.00048557109227299997,0.002993527664565199,0.006232071615929299
-0.0015014927847683,-0.002168231474119,0.0013564455497042,-0.014113907530610797,-0.0041481539043023005,-0.006744383199684102,-0.012207987372046699,-0.004143905850083299,0.010934250885353401,-0.004825359933366101,-0.0031334161294151,0.029030538102671644,0.0027615476813721,0.0005376545423591999,0.0036848587202938012,0.00022590534422229974,-0.0010829436812193,0.0016663641099723,0.0025126943967507,-0.014202093689169101,0.009353079356821201,0.0038928575226908004,0.0115589442631975,-0.008041112485822802,0.005053931940864201,0.0039748268787296,-0.0060974500374186,-0.0027769486203653004,-0.0060880065920691,-0.00016300772195690003,0.004804096959114296,9.040475229939865e-05
0.0007966919995811999,0.0013056198418227,0.0014657977053905,-0.0159441166885865,-0.0102704581135818,-0.000690753010235,-0.0167079912194446,0.0013498416117876996,-0.0006977503524692999,-0.01874665377817561,0.001926028196065301,0.0051491544147148,0.03867482279595924,0.0013027732775719005,-0.0089704965647434,0.0012997286701772002,0.0001567766047383002,0.0023553157420543,0.0008173427785746999,0.007492126471766301,0.0046634326729544,0.0032561857599304,0.006418804958352899,0.012656122274701802,0.0008263298887026,0.0011857054618203003,-0.0034765093790594995,0.0011671492841962006,-0.00038023123358200007,-6.060409167229987e-05,-0.0173351601242322,-0.0009850258550805997
0.0005033405695898,0.0008697666124404002,-0.00466286990963,-0.0009354578945428016,-0.0019767366546943003,-0.0049928826644044,0.0023093092995456997,-0.008456675569301702,-0.00020889193288519976,-0.0119078774611256,-0.004684959928152399,0.0029049152781965987,0.003378936433239399,0.044554158618334117,0.0017637836975465011,-0.0010586610143606002,0.00032539555805460017,-0.00018642057379840015,0.0012124667050347998,0.0036171381640171998,-0.006464629463292901,0.0017297573241184003,-0.001855256943322,0.0015359118024524995,-0.006731050173624801,-0.00018273909454249917,-0.005750985438127999,-0.0023061692022053005,-0.0016637406750064998,0.00057651143977,0.003030576979550801,-0.0042859638888732
0.0012972755342313999,-0.0006709111293022,1.5633007463599757e-05,-0.00010957105018839786,0.0008938377146109006,0.00967980582094,0.004029834307468099,0.0024685856145173005,0.0015134216588343005,-0.013721408224215397,-0.0038519195870618,0.0017140198092757,-8.893458284270003e-05,0.0021271754745476002,0.03229135023741958,0.0006151496585213002,0.0009676483235007002,0.0014623486502709998,-0.0011582585514414,-0.012598104336557999,-0.0027069952196572006,-0.0005042403571058002,-0.0045914743664753,-0.002712961127472699,0.006743730338477,0.0039232380716203,-0.010216619098704301,-0.0015126456712540003,-0.0038506931606254995,-0.0009451459676188998,-0.010650915048178403,0.00014774325700319876
0.0030186584265623,-0.0013938181293038,-0.0016525179545556,-0.003718135944539399,-0.004057540755898398,0.002063567519245201,-0.013268309153986108,0.0172709127119528,0.007703166982813196,-4.827452504699292e-06,0.004078809272075199,0.00022355311926769992,-0.00025447296910780046,0.0004899028195164,0.0008867764485769002,0.002019636151748383,-0.00038608298022270015,8.260700666719994e-05,0.0017567399257202,-0.0012572586941045003,-0.0004368676022997002,0.0006056385499315,-0.006021927450730498,-0.009936374449257901,-0.003970282718871003,0.002595230331935399,0.0068586037056681,-0.0016243930380655997,0.0006191863050749999,-0.0004670182128062,-0.0008090546076384006,-0.0010141071628630982
0.0009465309261202999,-0.006553096940864,-0.0002790132135773002,0.0082125458167157,0.004262877398939099,0.0007244486790070996,-0.0016735306361947005,0.0014017392374855008,0.0101772900050846,0.000519707114146499,0.00021612577578699992,-0.0021157242051022,-0.0008254129498779998,-0.0005381993342949999,0.0015930687883893005,-0.0005298584436350001,0.025778605750518935,0.013067414085347402,0.0008416808772895999,-0.008590859750314001,0.0011422644618009,0.0019393623888717005,-0.0015900593222751003,-0.0093909340838662,-0.010855829710125497,4.440671188040042e-05,-0.0076785310297982,-0.0053443156231638,0.0021145783255935003,-0.0003808175698795,-0.005988527648852801,-0.010647935881156301
-0.0008559693512021002,0.0011188005535934004,-0.0003970000294929001,-0.004942557920206101,-0.0035848533690284005,-0.009028596366093,-0.011140280443950998,-0.0005381922030719011,-0.0016756375819085012,-0.007610686427624101,0.0006481475488548001,-0.0010147359415752996,0.00015242876709559974,-0.00015829488674710002,-0.0023392560794048,-0.0014848840778167996,0.0005756670888339005,0.0037040840425823784,-0.0032130618296759995,-0.0011389274713724008,0.026401732846442802,-0.00041866501653950103,0.008235089698165103,-0.0008633357518505001,0.0115161420392065,-0.0019381444450846993,-0.003314207688595699,-0.0037828914221881,0.0007250227976188998,-0.00015216067453339976,0.0037229399053943005,0.0027922836901745005
0.0006759577662152003,0.0012150012333416,-0.0002910324938170002,-0.0096410866664686,-0.0034241968318207998,-0.0033011208658752997,-0.005997809227356498,-0.0062383960071133995,0.0038422320466342,-0.007973476064768401,-0.0006847906923161001,0.0012560974287761997,0.0006491425557462,0.0014830729584749001,-0.0017702056743496,0.0018122631088779001,0.0003861238078169001,0.0061720440456690985,0.04206385742739294,0.0106245613866316,-0.013878182070260599,-0.0084694250813349,-0.0081465719937312,0.008887764588677401,-0.009972285993030301,0.0014072260485250001,0.0026564999713170005,-0.0032623911276246998,0.0013731107937413993,0.0016928338360529998,0.00025666847150010094,-0.003403486685523399
-0.0008327828779798002,0.0009790774305218999,-0.0017520618608659,-0.007418097474064699,0.0036757462033785004,-0.0004977038254730011,0.0028303264383914006,-0.0011210839046728004,0.0059852002787117,-0.008132586786416299,-0.00042342554630189983,0.0024347429122419002,0.0004183012410805,0.0005619859832234,0.004763311138886001,0.0025552350509212996,-0.0003022359926027,-0.0009022516652383997,0.0018778749276055,0.05563209272385705,-0.0156747892768051,-0.0054231963391981,-0.0209925396782972,0.020015011242386003,-0.0117983179392439,-0.0055140769952915,-0.0199965244362182,0.00570102497889,-0.002952816963887101,-0.00025834886685650003,-0.0009193512658585996,-0.002517738854823398
0.00035736121527869986,0.0017909796472193994,-0.0011960472806857002,0.003994822727010201,0.0005658865925288999,-0.0082290868190011,0.00026330818141569873,-0.0005617685075597015,0.003921150036438799,0.0080565747534941,-0.0005665573141287001,0.0041814679695271004,0.0025051679865304,0.00020136165420309984,0.0030929435342455,-0.0005061444161110003,0.0014056081567666002,0.0029601299998373997,0.0037148687403350004,-0.024506354674866997,0.011000475946250754,0.0048046180911083,-0.016145146319667698,0.007221303115834301,-0.022954104356250102,0.011174467541947904,0.008029910081767799,0.0034550265465454998,0.0023447862880849003,0.0021987118795981997,0.0051716746648773,-0.017747395662575202
-0.0008978790976806,0.0016611655987793998,0.0003226711316337001,-0.0023034763147505993,0.0012789213633666,6.957841054640139e-05,-0.0019757075428597,-0.00012734250822079955,-0.0006976679407349994,-0.013329284234219,-0.0008441459538027999,-0.0012845808392541996,-0.0012579198969150003,-0.00028566269397709986,-0.0013670047126781997,-0.00014850467100040003,0.0015715957019764998,0.0004282910658090994,0.0038481429940258986,-0.014026006652055709,-0.002383106363408199,0.06508095473263087,-0.0029583182149214,-0.018303347763530695,-0.019841159209993894,0.0056192959568992,0.0082611139407667,-0.0043165986780292,0.0021472682602957996,-0.0013022648754732,0.0009281036198110978,-0.0035671246130350998
-0.00019272521960669994,-0.0012219874493383004,0.0015923817855443998,-0.0027568724904462986,0.012053677091251602,0.0040753751508121995,-0.0019730111410182997,-0.0077240509728983,0.001492909554583699,-0.0036005034148626006,-0.0019285257679876999,-7.205743972949971e-05,0.0004058523619150001,0.0014591241824376,-0.0021899736325821997,-6.129091161329991e-05,0.0006584267382069001,0.0013287038064045001,0.002604258913216,-0.0158592781340781,-0.0147326399308121,0.008794853366225099,0.003104806636300639,0.0017405637760629991,0.0015129926722965998,0.010564022446715,0.0022054954783188004,6.538813589699894e-06,-0.0021944563301547005,0.0025779111809893004,0.0011199288615266999,-0.0027904499812693995
-0.0011691570088723999,0.0003644038676420998,-0.0022894240930257997,-0.007213246190984301,0.005119426121959,0.003956032155672598,0.0082040411826302,0.0037474568178022007,0.006738164471697601,-0.0063391280375466996,-0.001348505401217,0.0016833378049444002,0.004370008725755701,-0.0007088338132038999,0.0022141447556502,0.00020848801394699997,0.0001507288255546001,-0.00029503211528949993,0.0018593083717769999,0.0080314590761963,-0.003420841305949024,-9.308780550450028e-05,-0.013275514233040395,0.030022394591067814,-0.0183144598199138,-0.0032866508385017996,-0.015164815851894095,0.001585321698314001,-0.000623585490975298,-0.0006505148137120999,-0.003942125240283699,-0.00011979442069640078
-0.0019301318234145005,0.00033335580552039997,-0.0005378167906829,-0.0020092643318473007,-0.0008502483297529,-0.0019284084516806004,-0.0014818935559133004,0.0010859901516243001,-0.0059734465426088,-0.012139511809634398,-0.0007294540661908003,-0.0010511299691419998,0.0011530705264266002,-0.0004304348366259,0.0048262900931745996,0.00046695521797060014,0.0010022267372492002,0.0083679670857098,0.0024744554107029,-0.0012307397003647955,0.0492606707142813,0.0031299910560333988,0.029052702904162196,0.0005243281517444999,-0.087551305688997,0.0057288741136545,0.004652132615132701,-0.0007444800364614992,0.0020210454447178996,0.0004878422955752,0.005940722234261701,-0.0019203546246251008
0.00023556854822259993,0.0011037882629667999,-0.0011833910563257002,-0.0066635001827672,0.0032217817258688008,0.0036572543692795995,0.0069009054601786,-0.0020646038654191,0.0030711953179401,-0.014119906830952699,-0.0012882938166198996,-0.0038307806661623004,-0.0007578310407126004,-0.0003829504521717,-0.0039446225377244,0.0020767613275629,-0.0017430511960806003,0.0014280678554726995,-0.0014795838009671984,0.003112711211786398,-0.005557960367989601,0.009391191500163702,-0.003910833516128601,-0.0005426347855314942,-0.0055828623555341005,-0.011891743004596722,0.016769658436564302,-0.0007386922783183007,0.0033219739888278002,-0.0012325037524026,0.011869105128188399,0.0007557823733819
-3.872267969310013e-05,-0.0002503665904539001,-0.0009147463135311998,-0.014132839034415498,0.0024248720451210994,0.0072882476013982995,0.0036570990853744,-0.0023484374005902997,0.0013973081239244999,-0.015330397600133898,-0.0030286203818237,-0.0006729497599824007,-0.0014212130502813006,-0.0006305089080777999,-0.0042045635387498,0.0016461112145671002,-0.0022785479235596998,0.0018267002365676003,-0.0017418171898246995,0.010602714831977104,-0.0108185480486755,0.009142378833689,-0.002437839371315099,-0.0003030444025007989,-0.0034708804434246004,0.00029574755351290116,0.01667145439173434,0.0019065004533285,0.0014499653448865999,-0.0018983374259982,0.006857462186572599,0.0007558181603778006
-0.0006205782996372999,-0.0027319038674157004,-0.00013232567876750008,-0.029347854236965804,-0.0027521807796811997,-0.005311220871498799,-0.0082826755398913,-0.0036964914353825006,0.0108032780522921,-0.0304657473899252,-0.0025259346328221997,0.0015315882967442008,-0.0013700504260139995,0.0018931336277461003,-0.0004773544574390026,0.0013594548430933,8.182460559129985e-05,0.0015208295062616002,0.0020140259903324003,-0.018596206049876402,0.008758620116635701,0.0041218042315574995,0.009671582709066102,-0.012297274677207901,0.0034919409531085,0.0036941583873721998,0.005123701049887599,0.06223856453772558,-0.0020089184620756,0.00023787261857010017,0.0034736713866251982,0.0006006658919914002
8.704358467099974e-06,0.00032437602367320004,0.00012434700020050012,-0.0064010978613565,-9.230971224079981e-05,0.00021732040353049896,0.003940532421659702,0.0009618502147148,0.00030991254936750014,0.0036236125869087976,-0.00046048206624289996,-0.0042115376032384,-0.0031678043360423994,-5.2730688413299854e-05,-0.0013366704177297994,0.0006794026728939003,0.002035316072098,0.0007710886299578997,-0.00019955380619680017,-0.028374576509729698,-0.0014268164384845013,0.0026405349328264003,-0.0046826462043544,-0.0052014013067599,-0.001555954142181501,0.0003718703057009002,-0.018477536359826296,-0.0021552492211955,0.06495258435436813,-0.0017558960544286999,-0.0027326579953947105,0.0013234681974491009
0.0009375124382143999,-0.0008157295356271002,0.00021009574321930033,0.0007916004921174006,-0.0040884069042255,-0.003229488795146701,-0.0015519081823053005,-0.0017569760836639,0.0030459477751667,0.0098416741869225,-0.0003847095035066999,-0.0040200287451979,-0.0009148321829775996,-0.00022825474436279991,-0.0010060569710229998,-0.00016762725705980015,1.0938100829999998e-05,0.001437448109272,-2.3544736247500808e-05,0.008728437935018998,-0.002929134489916,0.004943867741459201,-0.004840562905885599,0.013169853815615296,-0.00047169018869229994,3.891722662300104e-05,-0.0054298742121692,-0.0033271195080861,-0.0044156616485992,-0.014911782690010145,0.0062527391936152005,0.0051043565266284
0.00023128921812140004,0.0006940823620239999,0.0016769404268612,-0.0061461928102256,-0.0009764171802071004,-0.0004141748171392996,-0.0019598399882876996,-0.001851069242513199,0.0059521634989539995,-0.018754976195784,0.0007430931059484,0.0016267159186317002,-0.0026114023788903,0.0008236098968390001,-0.004299591682418901,0.0014187316975781002,0.0021767310510286,0.004597402315884,0.00046380784297530035,0.0034373897537298,-0.005801016970684299,0.0075733848492837005,-0.004764306862853802,0.012850166791876304,-0.0006098512995558998,-0.00022069545295740067,-0.0133986597651649,-0.0005804488066359003,-0.007617297976834801,0.00047353890378359995,0.019203282723242343,0.0060636110733917
-0.0025730219912119003,0.0006577953799357999,-0.0005920833419437001,-0.003325162453617199,0.0035888382342295997,-0.005424527336879699,-0.0073500244564307995,0.0029750471104153997,-0.005296926216227897,-0.015537881463995502,-0.0011939514794603,-0.004933288750818899,-0.0019698313149157003,-0.0003070673695900999,-0.00039852247664179906,0.0007289293280616999,-0.005799423257221199,-0.007261726974102899,0.0034424134218094,-0.0165235511017102,-0.0009667261943418996,-0.010675617597204104,-0.0077451528538326,-0.0168492433543231,-0.0345604009501055,0.006671603028131599,0.005123607817931201,-0.005296484300905101,0.0025762978945528007,-0.00024529726559389985,0.004628018835501199,0.1244333614505051
