-0.011120105100119371,-0.0025776341438134296,-0.0017948012167516903,-0.005117338015380181,0.004096367787577891,-0.006002893700015989,0.006648077343562239,-0.0031762057519602303,0.00247299683949416,-0.00026860048288817034,0.0020427453053465405,0.00020134566850478903,-0.0007397443220916401,0.0005148762687648,-0.00035807447985749993,-0.0008177026638472987,-0.0005020857000455701,-0.0004996389317854901,-0.0007380459278043099,0.0019641785194486907,0.00439627393829128,0.00127149428663866,0.00886734805978782,0.0030856677940168296,-0.0018337471400401602,0.0013064471190946901,0.0007201516087595699,-0.0021044788137283095,0.0005030787475041001,-0.00027984454828601,-0.000910785545368,0.000750677196991369
0.0022874754784180397,0.012433974389321496,-0.0005231260907764303,0.0005773585089010894,-0.00035934411225597014,-0.0014590296772032604,-0.0036471432860826986,-0.0011751595178011223,-0.010063818890660789,-0.0025643087597778504,0.0010251995494524005,0.005527127853256859,0.0009588803627809797,0.00032338405973809996,-0.00010988378601534005,-0.00849373006083744,-0.00129680888142827,0.00025083558563026974,5.780437077430999e-05,0.00199801269184775,0.004114476111057621,-0.0015430861923714206,0.0037381926710148795,0.00308588165970871,-0.00710752294859555,0.00191650855513347,0.00041412142923526,0.003291413471858921,0.00020065345485203016,-5.797481224621989e-05,-0.00053803573254244,-0.0032623274543873704
-0.0009687065057461001,-0.00023123198583621004,-0.022476296506247308,0.0024588159981890085,0.017511715725774948,0.0018437755471091195,0.021394190719364804,0.00896085484430437,-0.003607374610492959,-0.0001128481898088696,-0.0019112316128184997,0.0013941546369656203,-0.0011815273274053293,7.709794249095985e-05,0.0012744251690288502,0.0003593510872099602,0.00022435988376875,-0.0009545319415739899,-0.0013276366843549398,-0.00259221411791835,-0.0008189773733506399,-0.00423834082626151,-0.004390847138439631,-0.007108391331788931,0.00010515809360974009,-0.00126951783539558,-0.0009423771389188002,-0.00040140923999493,4.430718445723996e-05,-9.887769379610007e-05,0.00024637548600058983,-0.0012622442581252797
-7.006467987074014e-05,-0.00016128885276972998,-0.0006540564824842702,0.007742948352238007,0.016642995148771267,-0.0005680554893012498,0.020942832573536987,-0.0054322896579886894,-0.00290897286626553,-0.026838205613256737,-0.0033662676175543,-0.003821838676187601,0.00205518907047802,-0.0008166931690672303,-0.0015818020836961897,-0.0028283936285879406,-6.884375260818986e-05,0.00011883970584330998,0.00023028864875861005,-0.00020667124161101994,0.00262692551079421,-0.0011167642771332201,0.0010606548415629299,0.0046438398078569015,-0.0021963209588904396,0.0007708576475527997,0.0003538933148007702,-0.002576674100044139,0.0006514976709341201,0.00014561165711584993,-6.592930763003974e-05,-0.0027072414952965195
-0.0008009733807076999,-0.00031952184096010995,-0.00030170873655451,-0.0010750366253010498,0.0030769826528226686,-0.0014929029298560187,0.01165218154003475,0.002018130158147541,0.0004428121432998502,0.0031739144416575603,-0.0019823712800399415,0.00023121169269305016,6.130669084121014e-05,-0.00017041624214402,0.0010267600092087902,-0.00119134198565598,3.273827941098007e-05,0.0012866348171879797,-9.75958800009981e-07,-0.00104297242744378,-0.00484990981426986,-0.0009918344938437602,-0.0037537243782313004,8.161796513296086e-05,0.00010070177488879028,-0.0011533804223174497,-0.0004957712918105102,-0.0002113122491771294,-0.0007985737664723495,0.00017816607551921005,-0.0014216783482494408,-0.0013087520690105699
0.0006869710552246102,-0.00011960082011865996,-0.00026048753041453,-0.003148898389695838,0.013137674071872782,-0.0025577114872534167,0.01614024219168618,-0.0062170941741006,-0.0033640822300133612,-0.0020188218366493497,-0.0007452454431033194,0.00095302020614654,-0.0005778014303632194,-0.00028792244737151,0.0009644753596038603,-0.0055749529031006205,0.00096188475259802,0.00105128240948599,0.0006335079459022397,-0.00138504363520145,-0.0009515221012670203,-0.00309090400194963,-0.00247362967771017,-0.0020389860978024896,3.466057372487011e-05,0.0005259707992337299,-0.0001852421716743798,-0.0006399075954309609,0.0013164172682027099,3.1370126921110015e-05,0.0006277804092213899,-0.0014274031966035703
-0.0002463014764636501,0.00075328264192516,0.0009419143086465702,-0.0026128156886302796,0.0034335700978556606,0.0009526565575464198,0.025481561081455485,0.0010938968573700088,-0.00790322686050091,0.00028244843620733976,-0.0011580276529160707,-0.00328452304063815,0.0014020918082881901,-0.00046522870385494014,0.00297466547910158,-0.0046422781140081,0.0009532009054006102,0.0015047041951728101,0.0003908381160679901,-0.0037947959202500312,-0.00317765413373989,-0.0029422955854859706,-0.0034265348092393003,-0.0026972383344019196,-0.0010517653942939804,-0.0010034551525334003,0.0013255421907409403,-0.003876110484849201,0.0004387177523543698,0.00025354178183133007,0.0005338449736944299,-0.00043422583185315016
0.00036218359351235013,-0.00024216586823280994,-0.0014448703402130197,-0.003142601119449859,0.01167189714897889,-0.0030697272938609308,0.015233662772207593,-0.026257761857836914,-0.0031586763973864506,-0.011772454055528339,0.0027047131969539797,0.003965166963918539,0.0016254873800724899,0.00023556539479020988,0.0005141561123063402,-0.0028597503064815,0.0005870224173373801,0.00042639471814077,-0.0005853649329687,0.0034936574902120097,0.0020846709376161295,-0.0007464766637830106,0.00130766508273772,0.007236809945272639,-2.4786867657159827e-05,0.0019334149751337696,-0.0012218625129933396,0.00382724717687309,-0.00046652037044050027,-1.6149709904520067e-05,-0.0007141451339850498,-0.0014864018753418706
-0.00010256889594584992,-0.0009787145673792702,-6.307996581088008e-05,-0.003508743092510441,0.00860318370052995,0.0013647997507026505,0.008497352176763612,0.0004263385706133983,-0.014782251620164319,-0.0006449402551075708,-0.00639256078901623,-0.0031565536186630013,-0.00192293027224055,3.121127766779995e-06,0.00046004235491106026,-0.003344754472549681,0.0006570120204318599,0.0004029242595632404,0.00077518968569668,0.0016199181508618106,0.0028358770057417995,0.002896345042060439,0.010916811994549452,0.0017425161854481203,-0.004530326189019221,0.00014946666965998017,0.0017442750325636699,-0.00456441889686063,0.0003342654240286901,-0.00010143455248321,-0.00024068227735617002,0.0009045203132137974
-3.456974989831994e-05,-0.00046164085561066986,-0.00032766939548167003,0.0009774111002836805,0.00444269651563515,0.0005558932585149696,0.013319602176948933,0.005513493003187519,-6.422976837793058e-05,-0.016027790641854067,-0.00771385466966335,-0.0060939573116380805,0.0011497557887283302,-0.00087287557684948,-0.00100770476175515,0.00069067835622758,-8.118643711723999e-05,0.0006468577266612698,0.00012129676600125,-0.0005765328550752799,0.00449639806994558,0.00073558405699681,0.00378753731463986,0.0024021708847315896,-0.00290264140908472,-0.0016509691135676702,0.0010114137868874802,-0.001967023093760669,0.00034871776540757994,0.0003748500107535001,-0.0007822675502289301,-9.443391587590214e-06
-0.00048772696424682004,-0.00019909718683406002,-0.00029804899701920995,0.0019375459557529093,0.004567517549214549,0.0006694665080477204,0.011507606152671799,0.00511331201990139,-0.0011758087272503589,-0.01671598763323324,-0.001005548288517713,-0.004886437622806049,-0.0012608114433937305,-7.284066764642995e-05,-0.003330175805347181,0.0004772223981504099,0.00013387948690272007,0.0004258972568522201,0.00012802020011962002,-0.0013677326993091292,0.00582741352020983,0.001630530719506701,0.010442017328568202,0.003219105771071719,-0.005323960847416401,-0.0032940255933908502,2.2351041755399844e-05,-0.0034074557030675094,-0.0008765836973684094,6.241537031425999e-05,-0.0014997269984281098,-0.0009623324037641796
-0.00052000928697685,-0.0003150834317277201,0.00032277892073387,0.003750892173318309,0.006005572881363978,-0.0032469621224533703,0.0029249071195447496,0.005202543839790891,-0.0010172447986163992,0.0013660532668608304,0.0005681990195233107,-0.009933721768203183,0.00403659430142759,-0.00017985929847039005,0.0013023264930250896,-0.00407976470966432,-0.0009192282530479101,-0.0004068319535884601,-7.483810091135001e-05,-0.0038103463900665594,0.0028021161012351595,0.002751689695921179,0.001628719561177649,0.00224567953337425,-0.0014174633341236802,-0.00156562825839019,0.00017738658865811048,-0.002841053433503655,-0.0006396611447552403,-0.00056562298738719,-0.0031565260626008015,-0.00039561416146769915
0.0001876778803408,0.0001405934874151499,3.181153354706e-05,-0.00179152370193085,0.008209106463336622,7.998522892783029e-05,0.002809001173291551,-0.003106691119063211,-0.0017588355057722009,0.001640297876962668,0.00444660547528628,0.0017700266463347477,-0.016009944609786192,-7.317473536079923e-06,-0.001607600698357449,-0.0020113852836590005,0.00041085801539755004,0.00040806160501533973,8.977044867577999e-05,-0.0009519111346777684,0.0023565634587121194,0.00013798321581632954,0.0019095503194239,0.003290790196987551,-0.0032822273492842,-0.0016535640381478097,0.0004584728493251001,0.00828611106289327,-0.00199181978634127,-2.5484843005599236e-06,-0.0014511594153358402,-0.0010367383374972298
0.00048690287664605,-0.0003066281109740002,0.0004790243834473299,0.0009576767736567289,0.007771064752589099,-0.00034828171698074,0.0069230846244759305,0.007107805470257347,-0.0027562567759471406,-0.00414929131765739,-0.000690515682411579,-0.003866374547185571,0.0002208237134984998,-0.011088958427299572,0.001083982928279981,-0.0027674308928833297,-0.00066437332410889,-0.00017868084340228986,-0.0003077160451482901,0.00575050925097228,-0.0007321449637597803,0.0008248456882890796,0.0006014736092521298,0.0015602918064220902,-0.0008180411846779301,-0.0018081935029312802,0.0001496375618284899,-0.0025490584024344203,-0.00075179214427952,0.00102524762140495,-0.0005457586936327799,-0.00061287448530538
-0.00010220101557810992,-0.0006719187284804299,0.00032484890176120995,-0.005391517894322429,0.0008860722474102488,0.00202512775874729,-0.0002891207530119087,-0.0042037728304693284,0.0006924364301495801,0.0006131233180479406,0.0007138424840619593,-0.0008759847072888908,0.003964190561067539,-0.00021132269039505998,-0.005040528895347585,-0.002731327005161789,7.313686926304006e-05,-0.0003716719582719,-8.160298393653995e-05,0.0014458794893683297,0.0004911651233108504,0.00174525812200286,0.00511556940008701,0.0016500257057458097,0.0006211395900980198,-0.00010426433919088007,0.00047964809163952,-0.0013414397471755194,-0.00018596495108843977,0.0005455576151312501,-0.0002099149964821999,0.0004255317883085399
0.0010585758584022303,0.00163439820181496,-0.00056834173761403,0.0010982321304223211,-0.00370665172263786,0.0023116294106220103,0.006321170243493339,0.00137214268534891,-0.01626015520097772,-0.0007168268979901002,-0.0004499048159223898,-0.0022215207539332607,0.0031371801432328096,0.00020779486977061,0.00151231781686813,0.011540777349324188,0.0002891482520797099,-0.00015240236439684993,0.00016473901285047,-0.00018093141716540978,-0.0005125217229596197,-0.0017890483403720293,0.00019634715789205014,-0.000863828299692149,-0.0031420431712925003,-0.0004549776315362101,0.00044107488694797986,0.0013480175399097107,-0.00101740905074657,-0.00011871379451981997,-0.0008952414280195801,0.0004169727907967791
-0.0003104163899387699,-0.0025580257348301006,0.00033329792930146003,-0.00837734076999919,0.01175818635950144,0.0005841633989926103,0.0028804494923290705,-0.005280736975658751,0.0034900171798577092,-0.00169366265043,0.00315829421978417,0.004605380209586218,0.0014441458610466502,0.00013717187018543004,-0.0009021562257108399,-0.0027691894708319702,-0.031112822059004,0.0004059424484168508,-0.00023760460605203,0.0018548803261262202,0.00241215971297964,0.00222658416852052,0.00869145168701252,0.00390624609751317,-0.0013845241237519204,-6.366350016519988e-06,-0.0002388030379357902,0.0022806530168762414,0.00115670712516814,0.00016564182325484993,-0.0007235412556681399,0.004103816723374999
0.00097450364627884,0.00167972461544622,0.00051256403390705,-0.0011003523976891294,0.002115422456929811,0.0005464915919209903,0.0014129313799660984,-0.0040525321324388006,-0.0010656132907097588,0.00046935463656717956,-0.0002025885560346901,-0.0020746448296175514,-9.628148657714995e-05,0.00010290588390415002,-0.00041387166627185004,-0.0025863269379258107,0.0007470550024867401,-0.003016745968859319,0.00055718424604183,-0.007135817028765411,-0.002305858948235209,0.004131697097453341,0.0036541893992881906,0.00104904543356415,-0.003244690121573861,0.0012564797212668,-0.00038492547021520005,-0.0009822664163968507,0.0012818561983232598,0.00032201177080065,0.00033936609729334,0.007509732039872009
-0.00023410905885746995,-0.0014511872664612797,-0.00021249438898851,-0.0020481969643652695,0.00016378278869065913,-0.00310323605048363,0.0015258463437759309,-0.0018410423647421403,0.0018272944017670499,0.0023186561246928794,0.0025755015362391204,0.0034046015054247708,-0.0007397693572739795,0.00033883056279548007,-0.00014922978531099995,0.0033708962977135196,-0.00017225211724178005,0.00502227583532281,-0.014606938947066911,0.010218136307553801,-0.0058854132747648905,-0.0030438145014534896,-0.00852319601813386,0.004668196144026168,-0.0021964480632334898,0.0014433344019133907,0.0038279570266979,0.0015449475235795999,0.00017952879816827988,0.0005658425931196702,-0.0007334561205048398,0.0019451560874012906
-0.0007475118353404202,-0.00042909479363126003,0.00027509959392087,-0.005522672369697091,0.0017080965152563611,0.00071644493052173,0.0019281721037109796,-0.0030578054948158895,-0.00035463815531303945,-0.00206840189224599,-0.0019694463064956307,-0.002957790772274689,0.0005145656308696598,0.00028958929366298,0.0004358789778241802,0.00047948469158665965,-0.00023665103164019008,0.0008628199389081503,0.00039502175712661993,0.004779405659170011,0.0024373304935039,0.0008994367030132587,0.0010184665303842196,0.005648559331310492,3.6173329590139836e-05,-0.0024901972454527605,-0.005366791348314229,-0.0008358335988726595,-0.0002530100864615901,-4.4698288180690036e-05,0.0013200207490256998,0.002589976989350411
-0.00010712771831819993,0.00011364791414070984,0.0004956058603194501,0.00021518720399840984,0.003864704666180991,0.0011083722643871305,0.004836636340089871,0.00312595667988997,-0.00435643485359678,0.0006410925773403599,0.0001547782516469796,0.0011056996310968386,0.0014864808284258597,0.00012368588320495002,0.00064038773677497,-0.0026401101855570105,0.0003154648638904299,0.0013891900096878,0.0008064435085082301,0.0016029098162658698,0.002464247469655878,-0.00010188944008141035,-0.0050480931772833885,-0.0011368984681563402,-0.006398926940851158,0.00197558077878232,0.00021724991170385,-0.0033028340616536997,0.0006775758789345802,0.00089986722990163,-1.235488929827997e-05,-0.00515609557003085
-0.0013735890023610906,-0.00060985869531065,0.0006172357946357301,-0.002479023448680351,-0.0027570249943712007,-5.5694461006889834e-05,0.007368610749643199,-0.0023132103729279494,0.0001782298756113701,-0.006148190590395129,-0.0022453254995793903,0.004755751299451619,0.0003793528633194897,-0.00020415198628779998,-0.00034430557750190994,-0.0004840445905442702,0.0018125009531025302,0.0011600718187201801,-0.0010388531856459504,-0.002404614372345823,0.0045828958034591,0.0027715605995813687,-0.005858286804163388,-0.005328928986004899,0.004767687867354281,0.0008785584900373799,5.610921239483017e-05,0.005530723311113549,-0.00011958671276935014,3.823401486163001e-05,-0.00030692562905162025,-0.0008259077443385516
-0.0002223468502223301,-0.00071836351433766,0.0010245515839044103,-0.0027163292825197706,0.0018707823728529092,0.00221377924320326,0.008432788084050891,-0.00043171999592478015,-0.00206607248610101,-0.00357156195485534,-0.0016774580573433498,0.0038208802375178006,-0.00041442553136750984,1.2943540020399972e-05,-0.0009356542785682003,-0.00174046855483176,0.0012942708068659902,0.0020823385778306206,0.00040431947290905007,-0.0007050818934164695,0.007627408174571667,-0.0012534918670869296,-0.01646954173875321,-0.0008531318206681099,-0.00627710387002519,0.00273313728422181,0.0027355226170327493,0.0008622570224472404,0.0016337707003941503,0.0004557911833959,-0.0007410601317495997,0.0035892709265520502
-0.00115628860889179,-0.0005494469148852199,-0.0004066881158168299,-0.00329614201862736,0.006295981034209872,-6.900289092596022e-05,0.00328549338473128,0.0005842211631185389,-0.0012967418616144694,-0.0012821269827463897,-0.0020578570993478604,0.0016453469894523304,0.00125793932698997,-0.00012535565086433,0.0008153741028795299,-0.0009926900103483596,-0.0009369835813567703,0.00011058429748598016,0.00058693158661313,-0.00526062397412092,-0.0032904360154855927,-0.0006627101814794407,-0.003337412484323668,0.020678523914662496,-0.00542476886844259,-0.0003346464374418198,-0.00508205560035104,-0.0008045525149741498,0.00124994125677894,-1.8179978150401174e-06,0.00028848994038111,-0.0004304791874436303
0.00069144078081819,0.0015499923554700007,-0.00020562651242649993,-0.0032615209455081904,0.01162888461239651,-0.004207818341704821,0.0034750257508382107,-0.00328956144514108,0.005237123030664091,-0.00315717701135832,-0.0031559356623552513,0.00431375825010854,0.00040168624598980947,3.928949039514999e-05,-0.0001250108075241901,-0.00935658108589901,0.00247268495355749,0.00150357692057549,0.0011383383829943097,0.001208426482020301,0.01029421438820866,0.0006713434630270401,0.006384983622042961,0.00367687721904991,-0.038877010356787006,0.0044159210548506,0.0018137176880324898,0.0037259705754097506,0.0003315947594748,0.00047315091162039,0.0009290351203569702,-0.0007407938891972485
-0.00015927116631043,-0.0004445365141109799,-0.00010928178151529001,-0.007392781738873031,0.00270537766601065,-0.0024820928684310397,-0.0031713808124406,-0.00392131250620784,0.0014664037219439907,-0.0008421955396367,0.0002292651771643504,-0.001856882229067621,0.0005323553629172599,1.404401352259998e-05,-0.00173918143908264,0.0035548759735140496,0.00036469379646974,-2.721781621285021e-05,0.0007088952656865305,0.0067286440711435466,0.0005025703021243301,0.002197843069102831,0.004644627830598968,0.0017824421742302803,-0.0002011280069833198,-0.007139901196898951,0.0025940538262442894,-0.00290361745883402,0.0010645185651475503,3.0128620317789943e-05,0.0029412466036611894,0.00032879503480535976
0.00018733235026417998,-0.0005964930860641102,-7.692514294855993e-05,-0.006257176037420639,-0.0007892970202739303,0.0020410210805582403,-0.006660663702836703,-0.005071723613212181,-0.0028748250561997602,-0.00331960425220329,-0.0004550181922256903,-0.00027214085098020946,0.00137044271793062,-0.00012930729791740998,-0.0023637022943602893,-0.0004423045074191202,-0.00057605804078297,-0.00051867673968404,-0.00074071748380529,0.010244640558429241,-0.00045634074589113034,0.0024852273144830303,-0.0007906280130957194,0.01045895809798186,-0.0029839460082580803,0.0068770991497350996,0.0011242624025360136,-0.002688142332908341,0.00148406788388089,8.157394772599004e-05,0.0015537095366381798,0.0001553553783241606
-0.00022641715730564995,-0.0004890492306131101,-0.00030374806932689005,0.0005730987057947486,0.00411162127814346,-0.00236658070091354,-0.00043226950193430943,0.00543758997997979,-0.0038176608571780803,-0.00364143818454469,0.0004374263883729091,-0.001763899016051048,0.005199235231321599,-0.00021329266718618018,-0.0008313932048803305,-0.0036336287382269196,-0.00032229330055310007,-0.00037488276750144987,0.00016223901318786001,-0.0035868671830682685,0.0029488265313616993,0.0006004468073279705,-0.0004885592240765395,-0.00010639756161556898,-0.0019629820214873803,0.00011338431914994021,-0.0009902333700926203,0.010676023274728007,-0.00327212946217472,-0.00114884713176719,-0.00064570046983613,0.00035837829096567014
-0.00036485377092726983,-0.00055090398440917,0.00015160984738168997,0.004202045108255869,-0.0035173284721833607,0.0005635378685769998,-0.00056735415297366,-0.002292567023317679,-0.00017139623037501945,0.0010900937975999096,0.004440860691852471,0.00025710121941706094,-0.00025920704248518005,0.00025936049070632,-0.00082661421574213,0.0003953022005312097,-0.0004077797939946701,-0.0001369696053047701,0.00013046790801455997,5.505945999529013e-05,0.0018843056272817894,0.00586047156884692,0.012199510840123242,-0.0022878944235089206,-0.00260313007785466,-0.0001271808347002898,-0.006037531721758458,0.0009034823991407384,-0.009407489543728682,-0.0007230390731846098,-0.00277008783498042,0.0006581187737049406
-0.0002216090399213601,-0.0003072798982605,3.2183251468660084e-05,0.0009033234560841399,0.0032384977448774895,-0.0016367721585358395,-0.00415149929463957,-0.00016715702421527985,6.166999037282034e-05,0.0016189769315531996,0.0029307339101607203,0.0004979029831801091,0.0021825904983661095,0.00026308194320242005,0.00018628762807910995,-0.0014504519070267902,6.268278565583997e-05,0.0008339039701657801,-0.00015973747161689,0.010690202627928101,-0.0034410001397197193,0.0006254347381455607,-0.0026344868676183696,0.00544491174927725,0.0002479295472319804,-0.0011192028739635401,-0.00228463874572312,-0.0004207884993732699,-0.0011094982195953497,-0.009257175276223672,-0.0028372337602771097,0.0013782174209610598
-0.00051626053964805,8.588563649459009e-05,-0.00015228699531022994,0.00398003082120485,0.00249412398747986,0.00030419473899214974,0.0013053337747087692,-0.0004456392901045995,0.005191282402489309,0.0017118322846622,0.00418685751127017,-0.0020011542499561294,0.0030908616922009106,0.00033953807108306,-0.00044888826602305964,0.0028589310229877605,0.00039234826306285984,0.00065758236960373,-0.00111097916273628,0.00474029791067042,0.0026362494786504,0.0006920522278723899,0.0017471953638813608,0.004684762373249991,-0.0008568942954888598,0.0037752334355051604,0.00034706701775899,-0.00428836723258397,-0.0010933877691002801,0.00043893072279417995,-0.038622779996126434,0.0038760466904549096
0.00106656461254558,0.0020980397150821605,-0.00019324149676074,7.950934479646066e-05,0.007133563161083328,-0.0029444091577969602,0.006727117426207549,-0.00333808528858147,0.00415882051965296,-0.00247587804591209,-0.003950973226163809,-0.004453804381363541,0.00201399975761818,0.0001997645522221,0.00042166221919157,-0.004819272910083959,0.0004926911144096602,0.0010922848712681804,0.00054968167428923,0.0014609468041334999,-0.0010488773645410195,-0.008750502023529859,-0.014048712605398203,0.007664744985389211,-0.021264887908523277,0.0030933670048198794,0.00292033238446251,-0.002241091065995681,-0.0008688148404613297,0.00026470515335290997,0.00042176410039760975,0.028538990914189398
