0.430588793764398,0.000381769227734336,0.00425625840526993,0.0104973273371203,0.0112039827427962,0.000298103044337081,0.00254391572345753,0.0073368325212616,0.0643631394313005,0.00368762952002848,0.000966952125325615,0.0276926032471883,0.00377307156442757,8.49661686995588e-07,0.0124567512603979,0.0658621933428343,0.000445582956626868,0.000535251940791618,0.00708695232391398,0.137484654190142,0.000269334330078415,0.00452888250880797,0.0169042478781009,0.127493581794074,0.000809763713678872,0.00364284719219109,0.00038058045394756,0.0168471120194266,0.00508585955747652,0.000392989061732866,0.0028548085123386,0.0293273786471082
0.0106646043113282,0.348004318185743,0.01543107364069,0.0647996187507943,0.0688842734326928,0.0200625273787815,0.0666693034083825,0.0525202629104806,0.0566314002553816,0.00893273974246732,0.00244839494445012,0.00525984293200058,0.00886543097245012,0.00137363898904148,0.00168345491922353,0.0563206207287576,0.00508228614023485,0.00195012019768623,0.00397632095930656,0.0631933218838399,0.0049252541522941,0.0226586863558225,0.00865537937888275,0.0222691615628257,0.00787040231281568,0.00991269446572693,0.00524310960493732,0.0032879958406564,0.00499648709757805,0.000871595701023313,0.0012670073243682,0.0452886715193365
0.0126589535317379,0.000486373747717388,0.431123973888323,0.0010010778507073,0.00657384348121354,0.00559746593257086,0.00193008963961009,0.00401692123341615,0.109975928261951,0.00721695568064284,0.03836671001426,0.057770271647107,0.00081702970633018,0.00117620464258052,0.00745450582761985,0.0301020060147937,2.88844617841281e-05,0.00461937068738152,0.00207026458359957,0.0933818009981941,0.000243405412769023,0.0227176739480724,0.0303310629652972,0.0487041204201927,0.00446664068568182,0.0249238697143196,0.00581961581960471,0.0297501068828845,0.000288060693203728,0.00240334391054006,0.00621791356754141,0.00776555414835211
0.00548193283385617,0.00340636792736218,0.00163867647134055,0.206988199254375,0.00359441336263498,0.00290992784711998,0.00094262571371004,0.134060874418341,0.0675486116813421,0.00222030346451465,0.0194107626893576,0.180594828821228,0.020279906043305,0.00120900711486948,0.0376915907103144,0.0122750812074466,0.000929702984739034,0.000681532995086442,0.00121138742021323,0.025694245353605,0.000470494656294757,0.00155125404979339,0.0243971273625284,0.0238114762921123,0.0078488811846918,0.0147649562453445,0.000123769704242179,0.190353881271821,0.00306685105823256,0.00042594269361029,0.00389135273713097,0.000524034429435637
0.00447322109520205,0.00397610183485775,0.00089541966803604,0.102540468266739,0.328968160632476,0.0231804164002482,0.0281794137029612,0.173208309750721,0.0478037626288034,0.01793649358161,0.00111301000901833,0.0189743310103803,0.00254888919950508,0.00205024553595377,0.0120241335858999,0.048991892056609,0.00277645078033406,0.00225428900889351,0.000650225686066302,0.064908872150375,0.00636104519836674,0.00195672773481468,0.000521666549318484,0.0801079581214376,0.00442339997407592,0.000192551186156069,0.00321274076670451,0.00846117068247191,0.000673511115283387,6.37655749871974e-05,0.000422920900832728,0.00614843561086066
0.0131655937165433,0.00642756425318384,0.0105709594837653,0.00270626015983677,0.00220421501480048,0.406150451656134,0.00524986449810666,0.0863570955423528,0.0118409430815452,0.0342100151650043,0.00396492876327927,0.0371250258148666,0.00158512685125026,0.0053130533090417,0.0044311387894312,0.0214738483776875,0.00166407363792032,0.00234447526946013,0.00124657602391766,0.145076146777968,0.00868834606296275,0.0135967087440988,0.00797773385502868,0.111771141790581,0.0105876542874425,0.00487817977270606,0.00113258499898139,0.0216261274817876,0.00494612959100671,0.00100738638990298,0.00275934951940965,0.00792130131999687
0.00195737157482347,0.00365132347996515,0.00200522410832895,0.0615016513743125,0.052063827866843,0.0299920257262543,0.431973939680532,0.112752171401597,0.0201444610666289,0.00462325964619037,0.00158955604008065,0.0596228853593615,0.00503414345989151,0.00274271652089545,0.0108785126314206,0.0197689805615386,0.000144114127586993,0.00113467957336033,0.000608853803488741,0.0527140135293111,0.00636897596861557,0.0176530430743308,0.024189299198987,0.0386212864324457,0.000957769109714087,0.00707961762023356,0.00107136026815987,0.0182595152515355,0.00858952852485021,0.000201818937237718,0.000633707819049712,0.00147036626242923
0.0071605802560759,0.00236583939760633,0.000270821197437319,0.00465741234461672,0.0107891129303162,0.0115212433046031,0.00532771991681746,0.508200162407302,0.0216769378905793,0.00153120669419029,0.0166890897106542,0.157222988453682,0.0157974235904895,0.0013732286443027,0.0291291572836136,0.000762567219466408,0.00225471981582097,0.000624442090507317,0.00106106291966509,0.0210574101054554,0.000432471788816468,0.00181888176200038,0.0162404173914782,0.0203810053160792,0.00332180318664625,0.0044490806866351,0.000163041375183526,0.125904144342524,0.0036621202434235,0.000691566051228443,0.00230909981141258,0.0011532418713702
0.00438279077296603,0.00314685285810764,0.00194578740932763,0.0133597108441227,0.0230821516903284,0.00097919369305355,0.0807065421951832,0.015426825311338,0.461689982565683,0.00678156594918614,0.00438408315844665,0.0885921103536027,0.00253985848683032,1.57563302267226e-05,0.000285996211723823,0.0894265428213926,0.00699709946923986,0.00263924873925083,0.00115545242811253,0.0192569107062326,0.00114762815268522,0.0348478609937642,0.0110076459456661,0.0103530790784027,0.00649100772833511,0.00204581078771613,0.00369985246876317,0.0903998729745625,0.00837250100216537,0.000252587263260525,0.00273944514491686,0.00184824646540692
0.00264477652113377,0.00495815079971142,5.317167772087e-05,0.045159282734627,0.00562706952049195,0.0129980846655387,0.00297355208259684,0.117536016912238,0.0574762104546452,0.304710902757946,0.0142907307605679,0.127088470583559,0.028081280483245,0.00146553958198166,0.0194739080068965,0.0596374276473823,0.00265157078678099,0.00166384208302861,0.00103779545623114,0.0237428697228259,2.21788935348065e-05,0.000377740121453149,0.00884110273392091,0.0325788445187125,0.000805222220305838,0.00198567776276073,0.00019897201226881,0.117561217760881,0.0010552763007329,0.000218893098995043,0.000610681336860876,0.00247354000042462
0.00660847875883898,0.00399101579212042,0.010765189936179,0.0207343789626489,0.0219526812204426,0.00139092493614113,0.0072995190356074,0.0482838990449619,0.0835840998263063,0.00110936021371966,0.315123383532016,0.178088534605089,0.0124277608063946,0.00464812924137384,0.0548625391206848,0.0289874367429357,0.000898723373782987,0.000315374731864533,0.00166159951323164,0.0134591088381553,0.00068938289307198,0.00221864824507319,0.022191577505251,0.0158973190109631,0.00140094155291258,0.0085600249290496,0.000945412016881709,0.124618919631133,0.00404454635478243,0.00044591906399379,0.00271464632150427,8.05242428885397e-05
0.00477796636362709,0.00581040267308766,0.000453216493227851,0.0250179461438522,0.00974962989173059,0.00493426045713649,0.0341979142130564,0.0434141061695345,0.0206549372237069,0.0325792140777061,0.00279075373155575,0.454505548438037,0.00614457972409081,0.00705518023477492,0.00364248206781883,0.0515665292995459,0.00754626362803758,5.35359951221691e-05,0.00219235620348435,0.0535795343205022,0.0167678188289197,0.00303740772483046,0.0335924367275081,0.100616057254353,0.00853340290554347,0.0386733976270374,0.00618784638637057,0.00758295932344274,0.0113874162229921,0.00128340658877087,0.00155776863078711,0.000113724429808733
0.0115537335268868,0.000738862109185571,0.0021832975121361,0.0500251367189023,0.0907645153036344,0.00385445093098711,0.0157517972576602,0.00359421896979939,0.0619990727889062,0.0902155115490102,0.00377670413192485,0.0081745546784383,0.383740273116295,0.00228764724714852,0.143335105452162,0.00382147157432273,5.62571822779298e-05,0.00276675536219957,0.00114747097442807,0.00344187281488621,0.012493068923934,0.0031356838890963,0.00795063099231007,0.00733344822907227,0.0299171289681557,0.00819017054386916,0.00778321952541435,0.00788464351681165,0.0284131053005208,1.37315027543019e-05,0.00265184936549666,0.00100461004137316
0.00166552535251928,0.000676056881283613,0.00327301214946689,0.00553235704908683,0.0179883060776307,0.000419860451838351,0.0186943697035349,0.00968152434095183,0.0192286746565868,0.0110254426323403,0.00490184705882097,0.0451853953619037,0.0192714600428559,0.372227052700668,0.0433564015757295,0.00434314840394904,0.000237913000532315,0.000682141257633652,0.000589547658623971,0.131441435077399,0.0185492438430463,0.00561776697434317,0.0119509832815584,0.141333470346717,0.0108970957479388,0.00255429123351015,0.00693612434540189,0.0871207230258744,0.00355972776479009,0.000193103319043751,0.000627743858780287,0.000238254825640801
0.0162474886887854,0.00414469928403277,0.000240786938280162,0.00956075666269253,0.0321233519401012,0.00360532000918964,0.00510997123023149,0.0119090456206708,0.113503921551106,0.0133390543940608,0.00783345130166239,0.0818289473014506,0.0419174681792151,0.00124807890755776,0.510573011038878,0.0273318490019092,0.000712166990072308,0.00117650235027008,0.00150248926834202,0.00416900805936593,0.00557459334695871,1.77404237082782e-05,0.00146017437539425,0.00242471019452852,0.00719179975300317,0.00500037442452796,0.00475998666195148,0.0807018173160998,0.00160207874382246,0.000435882156077932,0.00223658058978655,0.000516893296266858
0.00688155145918147,0.0082513074041341,0.000443673344231284,0.0204599554296196,0.0203892846335101,0.000360944945338074,0.105277775494739,0.0156196213711165,0.216280502646869,0.00461307412710792,0.00754990774207596,0.109622707386229,0.00391646245719373,0.000366161308126714,0.00228012937517981,0.133715225782218,0.00361653600613343,0.000474700664877351,0.000845914195845768,0.0833054470768709,0.00193985148351947,0.0269366907517208,0.0632967051216457,0.0711817790513335,0.0013042197823117,0.00559640568264272,0.00216698278482301,0.0574954017580485,0.0202843426655675,0.000295679735536351,0.00428586273441032,0.00094519559784225
0.0230127853651838,2.02805971079437e-05,0.000473750045802044,0.00768528872071017,0.0363554090788363,0.00112844583218753,0.0319349408793398,0.00591062761410007,0.111369229856668,0.00511416538370018,0.00301134860098454,0.0418368649276829,0.0022629377821551,5.12933589674539e-05,0.00747061530365278,0.179646717438705,0.286045829597775,0.0005629520246318,0.00800400678277324,0.0692440550780749,0.00389451456188063,0.00465391545732904,0.0138180129320158,0.0731722135615482,0.011545970408153,0.00157114352664119,0.00142446618633002,0.0278277123690076,0.00387006089144712,0.000566659550264444,0.00198084660335839,0.0345329396829862
0.016040754527204,0.00276697801637156,0.000642311690507985,0.00747082737479937,0.00258216821644294,0.00179444850915512,0.00845783055170669,0.0022678989691043,0.00367136132530975,0.00102865867173175,0.00787395648071045,0.0290073188783349,0.000484824304273876,0.000967522852548603,0.00884522506777212,0.00418722036108754,0.0197284336868568,0.29122597351223,0.000545673685543973,0.302453475249504,0.0037139909158352,0.000350689526184978,0.00208463144641541,0.212584752377868,0.0184657985823754,0.0201584846772043,0.00196873113224726,0.0180469799194811,0.00126238696808588,0.00122851793948159,0.00182176753062351,0.00627040705300231
0.000989858240063,0.000446925001832792,4.47174120466683e-05,0.0149026158063431,0.0133836107245024,0.00109307832105356,0.0200035845870228,0.0175119581392732,0.0361753911783121,0.00445085463664979,0.0014733537897291,0.00442747113411919,0.00222495114159818,0.00123635756910881,0.000124839390932026,0.0541108924640325,0.000815396580210488,0.000726707479950693,0.405745920054706,0.132188271436541,0.0362184988049581,0.00170930016753817,0.0419335244789246,0.192138974818871,0.00776286654634884,2.19587428763312e-07,0.00375640145718107,6.81135101757263e-05,0.000883498487534761,0.00145381383418634,0.000580544670612847,0.00141748854821147
0.000987394849788777,0.000125481766348177,0.000431648644079909,0.01918032735267,0.0350503094335292,0.00152258347038901,0.0363118282659288,0.00786560835496022,0.00199021053734992,0.00403916116439446,0.0179394760858753,0.0116291026280936,0.0100872828230909,0.000514395845914552,0.000607421191673332,0.0395845223739196,0.00253074077098558,0.00228024421886506,7.34502670477167e-05,0.54453487372691,0.00974774714293055,0.00261291463106475,0.0442769570053827,0.112867484927141,0.0189536519612034,0.0247794810247898,0.0230866122932159,0.00574455657862482,0.00298094428787681,0.0158968432743251,0.00108029177616125,0.000686451325469753
0.00202376441755665,0.00156960404732833,0.000498592402642646,0.00604230575646253,0.0262628094197368,0.00114521836914857,0.0244199187849345,0.00338197171284308,0.0547065341934303,0.00051341850429045,0.00419739546592878,0.00371364141451422,0.00058974636788467,0.00029609425146763,0.00230729689232851,0.0668056225981358,0.00276309366444478,0.000343850488538979,0.000468602996304936,0.227422483296841,0.0947616563771788,0.00380051402972703,0.0229344476483854,0.427270295348883,3.35091082744122e-05,0.00147851164710933,0.00922236401080103,0.00161759761043763,0.000191493527849691,0.00413693161355863,0.00112853722308357,0.00395217680994857
0.000156054973271199,0.00730268697714486,0.00234358161232011,0.0107943850176637,0.0697059562959607,0.000369664576140824,0.0491779375015513,0.0102937214284275,0.0490401700787113,0.00044152656438261,2.13638950557449e-06,0.0321770286520684,0.00216618525373982,0.00108019647996498,0.00139375098741121,0.168310988992921,0.00116098514426099,0.0170599345172198,0.000147881720346244,0.0795296543890651,0.0127663228655209,0.306503211924044,0.00412188748195229,0.0264866979614472,0.0609073923680819,0.00788894331155365,0.00230137616588859,0.0480373647821471,0.00448515197478135,0.000600228776700652,0.00290712432763575,0.020339870508169
0.00017238144903219,0.00722904366939107,0.00293407164043791,0.00868362434609342,0.0213225693197756,0.00118567188033868,0.0142820630154446,0.00807895037892563,0.0212935858646178,0.00503766193809374,0.000987198664058276,0.0647225895812708,0.00592921283765614,0.001167079875118,0.00459728870037567,0.0573113381367918,0.00155177330196126,0.00412474642901738,0.00226053835520838,0.151824794680894,0.0100389678763334,0.0971740973390039,0.310859220242529,0.034694103008945,0.0191405073575204,0.029962255929641,0.004314094521541,0.0615772843048529,0.0141034349041477,0.00240986807817516,0.00586488358685773,0.0251650987859512
0.000222486277026233,0.00130468383281914,8.73058871082368e-05,0.00369660674010682,0.0219201481499414,0.000224025096995473,0.0217614344102997,0.00210683999102832,0.0143683375518527,0.000443252502810138,0.00576399303866914,0.00448853560781052,0.00233555441948126,0.000419679316984092,0.000668801082337353,0.0420692995545596,0.00248505769370616,0.000257578801444992,0.000378860026936704,0.132139959474662,0.00409193387585735,0.00151278212964027,0.0231014002417606,0.666937689701293,0.00863606864241216,0.00982182355956839,0.00910789548541181,0.00894969854962277,0.000267098930164809,0.00776750083723052,0.00160157722711106,0.00106209136334754
0.00746749205512671,0.00238194298750127,0.000305733405695148,0.0812791993765443,0.0313012489270358,0.00353729851087692,0.142263360198942,0.056550560175254,0.00983344483409096,0.0178691367036142,0.00260126668493133,0.0900150280368943,0.00384367908112762,0.000177868584486446,0.0165215048826152,0.0664641364111276,0.00552705691064702,0.00191870374499455,0.00112657918721638,0.0590984832786591,0.0170667147801792,0.0171654616867904,0.0336988593170974,0.0159307967705822,0.24751499482556,0.0025653484556771,0.000313859918939244,0.0517161614807027,0.0086108822761937,0.000691341641168881,0.00220215829189509,0.0024396965778331
0.00100783545662731,0.0035200499444487,4.9355681360642e-05,0.0333117939131408,0.0225833472725272,0.000971537124049816,0.0158173612064008,0.0113808395223297,0.024586608536875,0.00946002274644075,0.0192284050234871,0.0652737639288646,0.00696661032955643,1.66558795793879e-05,0.00347462587194435,0.0396699615736351,0.000487350781127893,0.00366486410392283,0.000342211593727302,0.0268870358850424,0.00993117816542899,0.0160436501166386,0.00477955228146359,0.0297147552887209,0.00683371960255496,0.579929403884667,0.00852164739777271,0.039313227934477,0.00298333206557347,0.00211571328787237,0.0096371848220368,0.0014963987777054
0.00263049016526995,0.00209819315643514,0.000159159335669721,0.00579902979914011,0.0135511512132344,0.000871671038331885,0.00897615895855887,0.0131507539176378,0.0347300290650673,0.00285453180286655,0.000266773365781509,0.00641153242706937,0.00213874150621532,0.00027221623042197,0.0018430185341203,0.0125772765705192,0.000541752305563689,3.80178434862085e-05,0.00526751542270308,0.149761807587551,0.0126544730783063,0.0328072675665022,0.0556238428150169,0.200209451329889,0.00530605142309059,0.00192852017158496,0.397074048038729,0.011626406797777,0.00125501192067357,0.000706583718725687,0.0108987845034047,0.00596973839065607
0.00767433688129085,0.00466713819639223,0.00014852085405917,0.00799926436074362,0.0230249299184445,0.00314950507457087,0.0341683858760902,0.0197516458415436,0.0244282995514689,0.0167385561906114,0.00566212003518453,0.0790305517936067,0.00570189470966916,0.00479511054489959,0.00369774206765621,0.0360158103618942,0.0147779346754652,0.000691195066030285,0.00372559977967821,0.070139835301225,0.0101858369140403,0.00707035593972111,0.0283949109808049,0.12231991885233,0.0155158633573919,0.0219357253098997,0.0059422004092046,0.381168900152436,0.0279789139129606,0.00263723487729846,0.0103306537137471,0.000531108499640694
0.000597904743937251,0.000248302157331714,0.000618956912606396,0.00765401191782944,0.0762512234745933,0.00103502328107377,0.0177579955546028,0.00775369615396602,0.00933428247356452,0.00702414152345941,0.00679965197886626,0.0158228827435171,0.00167988013072142,0.00127580580542325,0.0227633689095431,0.00325476550024837,0.00637316180858584,0.00399453989161443,0.00189121418945229,0.100771273523845,0.00484259524020342,0.00297285815807001,0.0326947733818207,0.178826316851627,0.0463657053704807,0.0311337845678431,0.02412492876313,0.0087120769730642,0.363112259818148,0.00591737904050278,0.0040541237090554,0.00434111545127284
0.000846612438425724,0.00115285020785337,0.000363492364362751,0.0108647691201818,0.00635292391115258,4.71410530284808e-05,0.00676091152294606,0.00428152733312497,0.0442675381220932,0.00301507172306687,0.00148226336336778,0.00183399964806053,0.00138069083045598,0.000221443258299993,0.0020768827719319,0.0291647070563737,0.00059102464095779,0.000255300617252082,8.76990524672882e-05,0.224259977485264,0.0114771431763082,0.00337281417200184,0.0399161120839776,0.194752669878619,0.000381749586380419,0.0138460628938158,0.00521074396922013,0.00388714776317932,0.000240781932935617,0.384276299161995,0.00307259668409653,0.000259052176804216
0.00312631343222842,0.00406130503173841,4.62718932534186e-05,0.02839124880276,0.00779138757794723,0.00244571897784368,0.014243133940983,0.0189415240600159,0.01648802604752,0.0149926247699305,0.0111469111294088,0.0894142943472202,0.00188584705694636,0.000101480677634732,0.00902188091336701,0.0138868031047899,0.00254503621775645,0.00113542458939551,0.00108676720195084,0.0394622527527148,0.0098643372238443,0.00707568421838405,0.00740715304139489,0.127938012978508,0.00189120384844974,0.0923453835120561,0.000447402588262138,0.0725482801321092,0.00391774569928799,0.00731673410428467,0.383668708885536,0.00536510124247829
0.000980764421451138,0.0178138265481421,0.00217340861591264,0.008164975121979,0.0430738377057842,0.00100597549618243,0.0711955339292296,0.00186450169965711,0.0285259688354537,0.000230592171992635,0.00500707721197877,0.122509672487752,0.00353426530193042,0.000325033916703578,0.000745036329037321,0.110525397609814,0.00117804124108428,0.00132742417657452,0.000720176788493226,0.00937109922060802,0.0200391604165908,0.0695591112441447,0.00281733408863014,0.00455117235736562,0.0801091929848028,0.00197473214709435,0.00208064401022218,0.118238500449792,0.0138211952580434,0.000473208177030798,0.00335610098492394,0.252707039051598
