0.232913837267455,4.9559361021724e-05,0.0021160489810867,0.00497120628523371,0.00523136782677606,0.000631708987563887,0.00160645422907455,0.0035257057729004,0.08340661828961,0.00064591917098704,0.000375677600415993,0.011060850498762,0.00726183316133995,0.000418826223148304,0.0118586555109127,0.0611971051313703,0.000956949444000768,0.000178880946990197,0.00670360743791204,0.278892356117645,0.000127579374289322,0.00735763769706387,0.0254201275967905,0.213772644840298,4.42763374305965e-05,0.0097621637056812,0.000782222977029215,0.00865762098499914,0.00165056140518377,0.000622417625917354,0.000825611986371208,0.0169739672247395
0.011190071262603,0.26346129759494,0.012744602059785,0.0138611087775861,0.0679753663826051,0.00742254363545898,0.034175920846599,0.00528648894621105,0.072292447657598,0.00295240684877865,0.000852664274787184,0.0187475105856081,0.00237675369252878,0.00219299404596392,0.000850782585761106,0.0778920273913767,0.00601848617111544,0.0032023676892923,0.00454768324919256,0.166716217953519,0.000946915250835486,0.0359908031257925,0.0220949510722725,0.0614504750852338,0.0106369998146181,0.0208698921008024,0.00812285108386371,0.0156333418797739,0.00456653428602104,0.00179491529142872,0.00665303288607473,0.0364795464719728
0.0106332246104587,0.00113532103796747,0.480401347914494,0.00342625224465154,0.0046175542986812,0.0044817262303202,0.000960511585220548,0.00428229554653491,0.115242107592738,0.00754302782487604,0.020331811647408,0.0375476194917456,0.000729378666565437,0.00199223291974483,0.00380039589968824,0.032353337812497,0.000485398611941994,0.00601961993452977,0.00171699548512069,0.0819865018010604,0.000961820082669359,0.026561667322105,0.0417430595443627,0.036581269977864,0.00450852337828217,0.024604240532732,0.00466637572613828,0.0202502353688651,0.000558017175014819,0.0020518397197361,0.0125990312136723,0.00522725880231294
0.00568039743692402,0.0038920582459359,0.00158428272511212,0.176294069885662,0.00339889559932869,0.00219462555393919,0.00484504547815347,0.0866590489524203,0.0398510973220383,0.000222586262419435,0.0187776098935284,0.2312891324265,0.0372813859430211,0.00311490775018722,0.0750247428698611,0.00971635153088559,0.000716535529793253,0.00185442998084279,0.000117596047792616,0.0155983433138128,0.00148068984327351,0.00231427328748153,0.0219984858434256,0.0121585079832012,0.00342666454892364,0.0254416180821509,0.00290845171069293,0.205155267248509,0.00139155003043442,0.00110122997984556,0.00254968288176531,0.00196043581213834
0.00196925248400572,0.00299986251883805,0.000949506813659481,0.0650032625543227,0.33087022945212,0.00807513936341631,0.00938778170557718,0.098673972931432,0.0345355546269434,0.00990544271950394,0.00115406310486479,0.00360670873881156,0.00118407509305357,0.00124899397507248,0.00565976583986347,0.0644845664554897,0.00304513539066634,0.00126901471871269,0.00193866367720652,0.16523828122167,0.00767992513529342,0.000536655297046339,0.0039710614431543,0.161284987759076,0.0041840292995099,0.000359128545050675,0.00531567651075574,0.000113684560480385,0.00095841179677071,0.000279695133859664,0.000842276113964021,0.00327519501980835
0.00866033526557621,0.00884766354725196,0.00569676095066722,0.00114928155251817,0.00519841545618491,0.384442201925654,0.0203781901673646,0.0848326046078999,0.000734100965304819,0.038826168237389,0.00079129643997112,0.0544028273949045,0.024498579732569,0.00341957955133602,0.0403943054586624,0.0194086021854445,0.00442522224582382,0.0107031312848153,0.00149594687803471,0.122452943952288,0.00626468087913772,0.0153760041101158,0.00951327868599922,0.0962197281924576,0.00190328161383803,0.00213940603441939,0.00174587020771344,0.012867520861494,0.00367721861713737,0.00208123173596731,0.00309404153055,0.0043595797315104
0.00325659278520577,0.0134759197725128,0.00156829525824238,0.0374934111269753,0.055849627107131,0.0147433595039057,0.296530964790106,0.0836392891875942,0.00579802120211013,0.00237794210619759,0.00168430180309604,0.0304866717929915,0.0036080986741565,0.00227503563889107,0.0072001121443044,0.0158461314684179,0.000413180231239257,0.000899788874802291,0.00348981037587244,0.185934509585734,0.0077513541957143,0.00495870411172292,0.00771000856138296,0.192347080321186,0.00103194286368724,0.000888427733905756,0.00302842915174658,0.00838054135152038,0.00418046538580968,0.000645867422556244,0.000735555536825402,0.00177055993445662
0.00662202161094603,0.0038545093461543,0.000356967178522373,0.000530094585331898,0.0078045019355502,0.0113236780414013,0.0125677805201068,0.412959113717918,0.0121392155886184,0.000960371398858757,0.0142443218153877,0.218467804495467,0.0336807656264907,0.00326584701199623,0.0703556206909449,0.00316051718777905,0.00233361308123237,0.00333082913393481,5.58305106366174e-05,0.000437330894894072,0.000466891405157706,0.00149496540435991,0.0115555914663864,0.00478308110714611,0.000686481826982492,0.0106911444413926,0.00252774229982976,0.142843566544808,0.00344300177386598,0.00134112452709918,0.000329561162605124,0.00138611366819484
0.00814261718733663,0.00675386062620258,0.00109507052226445,0.0112230532467944,0.0177119692941557,0.00384677685336957,0.0596070109040328,0.00945156755021042,0.370573075926351,0.00746025796760505,0.00339944599865313,0.0745619103569737,0.00212852150161223,6.32512421748941e-05,0.000307734394857734,0.0605693310039835,0.0102978146344387,0.0022366664091603,0.00419427278206225,0.105133037714499,0.00137046679501502,0.0190730236826787,0.00687431532312552,0.102277266661346,0.0080645424236234,0.00316143841290465,0.000271028996193674,0.0923615651878107,0.00449885834889813,0.000807638601661533,0.00247356691252769,9.04253747764927e-06
0.00160567489169254,0.0025140032529401,5.61382224949359e-05,0.0477771566976342,0.00052657155515875,0.0051212219857758,0.00265115276263767,0.0782613040801166,0.0273308533373315,0.303723550569426,0.0142021725683712,0.15159656864131,0.0346510336297005,0.0111194904409517,0.0345262233213546,0.039082963359001,0.00161324844081451,0.0027618708941899,8.85656099571598e-05,0.0464973117640311,0.000414825124963612,0.00241996522119791,0.013336634634997,0.0391318685429215,0.00166679449250738,0.0138150225282012,0.00148991934949149,0.119118257959832,0.0002874739926419,0.000772168175166278,0.000726100044680088,0.00111389390851004
0.00644986607637101,0.00298847765801166,0.00884869115325542,0.0187874356955541,0.0122384504792753,0.00144495527030939,0.00850664605601418,0.0389325774316703,0.0549390208081343,0.0026206737842826,0.178860005606845,0.300392647520106,0.0121343512914194,0.0087391897939825,0.0883674663055707,0.0130854286635307,0.000388931508359849,0.00237887164039656,0.00117227809121903,0.00825532562494481,0.000935610822724292,0.00346590032918566,0.0175397224835913,0.00185641905170195,0.000446343415961939,0.0244779882472576,0.00434708028213747,0.171383470059392,0.00139799470992482,7.22056031626895e-05,0.00449856961049837,4.74049252085736e-05
0.00501283362425728,0.00273929884522804,7.74767743380648e-05,0.0260327787452344,0.000439543908760193,0.00529405036105742,0.00707581863539505,0.0164778010396352,0.0238651151518044,0.0192293373955496,0.000735311442608273,0.621465713286748,0.00605608799033925,0.0178164255603559,0.00895740277667718,0.0297789170098684,0.00656323264967096,0.00108183619604668,0.00436497335973846,0.048574843083089,0.00370751337807732,0.00613555157982933,0.0144634419563076,0.0320121666181897,0.00155241781027314,0.028119403059783,0.00684464974041649,0.0143006068900841,0.0184511319243999,0.00793284438925464,0.00218619879382238,0.0126552760231604
0.00815182295863119,3.89158773564692e-05,0.002068160852138,0.0447199549717793,0.103289847796389,0.00460977085478199,0.0180792900308514,0.00242430254636561,0.0332769471872098,0.0454187609945682,0.000507233577233379,0.00648417192781714,0.38631332722835,0.0042843934070335,0.088551269442157,0.0148533708352366,0.00208925916949278,0.00230621635371797,0.00354142450388462,0.057054709757262,0.0160185189455604,0.000363171135471805,0.00128962228197322,0.0628082858598603,0.0268167327799283,0.00552010268516218,0.000282791439968534,0.00583424096567255,0.0442976407489799,0.00154460258689739,0.00582961278586302,0.00133152751240611
0.00201463977570405,0.00371322420931506,0.00324655434374784,0.0268438473748362,0.0171581791531914,0.000741656434582405,0.0213324625201412,0.0167526872304015,0.0239228695599796,0.0260334618295632,0.00186711270864798,0.0290529520127696,0.011446588700437,0.338276170946458,0.0303422902275365,0.0152093532662218,0.000903799354035056,0.000600750753362895,0.000831409103602809,0.135669155025469,0.0113489580059282,0.0177861383823219,0.0277876149488721,0.130789556628092,0.00861851229229888,0.013814515572095,0.00697088109577617,0.0659658835709693,0.00592275253280311,0.00104307914434765,0.000117759728089336,0.00387518356840301
0.0108932421670738,0.00232398716782136,0.000139182194612369,0.00750269060342941,0.0328777605249293,0.00234626813597425,0.0152586850630155,0.0102942709816559,0.0640988019822346,0.00836832319322468,0.00995825813414758,0.0739764982430644,0.0285739483792842,0.00114732078919663,0.590228048368747,0.0108153655279877,0.00111689802979238,0.000314151991826388,0.00180068351223255,0.0219006058715395,0.0066823574903373,0.000739237344919037,0.00254482705205456,0.0183575240591529,0.00551981213556586,0.00336647211658914,0.0026733074790011,0.0566077004420924,0.00733168233957752,1.34642448507989e-05,0.00206014936266567,0.000168475071404753
0.0140998245425088,0.0232567558472971,0.000164523889763503,0.0139728163419614,0.0143224225905371,0.00679678984892316,0.0996513199954288,0.00893441914576105,0.149452167979589,0.00881678744950214,0.00533548314225101,0.109763661564219,0.00119682596561788,0.00096119106362259,0.00263344963419326,0.0971211189792071,0.00552997834940762,0.000926973332643743,0.00683366871036958,0.165058271533082,0.00054827137656304,0.0181105612500722,0.0275233922343171,0.128122313453611,0.0013593320162258,0.00205455935749773,0.000915880686637106,0.0611327458798276,0.01726303200754,0.00158652191570283,0.00480955244731182,0.00174538746880763
0.0155526997118335,0.000835387437819838,0.000318570458526112,0.00045902851841773,0.0234913219262038,0.000274682336671229,0.0142051617553358,1.36723566889828e-05,0.172409534377889,0.000624228689796414,0.00167187713911359,0.0158422544785266,0.00245345912178733,6.4356937337483e-05,0.00582386832955979,0.196575365302499,0.194602590602531,0.000420075080466014,0.00985363921203234,0.14232302801723,0.00374953905508417,0.00330620777253989,0.0230402314279193,0.124565283238576,0.00865013541846977,0.00523541333560055,0.00197087341926298,0.0113160634157756,0.00115238098036612,0.0014164214233073,0.000491573108855678,0.0172910756139767
0.00807119245734186,0.00167419257716442,0.000623925427889571,0.00492458367770504,0.0141229294953714,0.00116031384387492,0.021314936760617,0.00360036732234066,0.0175405154551155,0.00178207061502954,0.00366965359236853,0.0132248370784682,0.00349627801381172,0.000867482864546173,0.0120831412119525,0.0315242273908431,0.00997660087991737,0.190318082769614,0.000188056866146362,0.355414426415692,0.00142295869063276,0.000442849605590264,0.00460079170041633,0.231331213198914,0.0177600241144119,0.0221901134328274,0.0072220513946385,0.0114783563096999,0.00017237541793619,0.0014532443363882,0.000321515741142279,0.006026691341592
0.00215715932310567,0.000344498059690498,0.000178858800001062,0.0253057433494664,0.0121464451630607,0.00222978537660956,0.0287027300079616,0.0235475943901801,0.0249258516226805,0.00148010667770608,0.0030283520897067,0.0132424828569161,0.00144135130217326,0.00213924901619846,0.00106785561887654,0.0442500484807836,0.000335178906886337,0.00125160801826658,0.392719789105395,0.133494992885355,0.0377129130226682,0.00162410968563215,0.0347452086391025,0.185466260721833,0.00498999549239701,0.00379047804307148,0.000830837116619137,0.000613127718214979,0.00374925169838535,0.001341199834606,0.0101221239874432,0.00102481298900827
0.00387911079651295,0.0028049294594863,0.000436383389857873,0.00191292537938072,0.0336229386946362,0.00334925888616759,0.0313559446141029,0.000473576098967641,0.00583808442251989,0.00625941223266152,0.0139168574188046,0.0108720004187629,0.00713546787600497,0.00531913096369217,0.000135197273375896,0.0305087227879408,0.00063995955627591,0.0051609562604001,0.000162414031971342,0.657949259588498,0.0109096043897403,0.00407441163225889,0.0366068861407759,0.076313865883515,0.0141126384452546,0.00254210622437945,0.00822581512512722,0.00674358405373041,0.00426234903627671,0.012576317322424,0.000246999806826314,0.00165289178967128
0.00267485462645711,0.000894758024373461,0.000519068593572494,0.00310458439192056,0.033936315287218,0.00509335356951064,0.0302535442812564,0.000797698654662893,0.0763854567763535,0.000297478885199509,0.00657736734063932,0.000998736826773379,0.000212250998143487,0.00140022366381579,0.0049321413428912,0.0895645128780605,0.000372652124557998,0.00127711656818062,0.00216765662965099,0.202537934348618,0.162622003726957,0.0210149191053429,0.0266676098978667,0.293430143874271,0.00133358633893604,0.00011182833075281,0.0115014149283164,0.00268834944321027,0.000141808561173117,0.010605462586224,0.00402453964284575,0.00186062775224799
0.000981181564819697,0.0109841408478499,0.00261233263539008,0.00735062873965716,0.112931768650525,0.000263717844687026,0.0479685268835255,0.0102385461195176,0.0478103732110028,0.00214243139114197,0.000426076081250182,0.0230198441847242,0.00191243254204673,0.00291365404285038,0.00437158749506613,0.186509989870145,0.00310954139748225,0.0272078774743048,0.000223300957656942,0.0227550644675701,0.0243553657605814,0.314276159292938,0.0129649274681081,0.000179584540282622,0.0568085960432947,0.00392670612464171,0.000499606453515859,0.0495999924214669,0.00208315604097415,0.00157807268930993,0.00501675977444427,0.0129780569892289
0.00262290438834211,0.00848426116349626,0.00421487317673317,0.0248833214957543,0.040107846801934,0.00069699201987431,0.00852123698934982,0.0378619708603748,0.0253459497873126,0.010996271279681,0.000992775524655946,0.0537039557423971,0.00202896171134116,0.00236059319050527,0.00862930431962097,0.0700656230600211,0.0058490161462362,0.00796394384813229,0.00282175498490956,0.0748750729081732,0.0103158323337506,0.0590437679537704,0.378773525230828,0.00128986506063599,0.0145348819151895,0.0156201589784682,0.00640270985063881,0.0904645085621589,0.00723225956271553,0.00314620480007856,0.00686510301339642,0.0132845533395238
0.00270111041467006,0.00521462281418001,0.000424518522363428,0.000605856257610649,0.0365472375503993,0.00509184152639194,0.0348158259753888,0.00052817530099818,0.0263917451522501,0.00458323314130504,0.0100406046355089,0.00490814884372213,0.00294978731925463,0.00442539169508637,0.000197190735043298,0.063311042534627,0.000309024176424657,0.00316043008852248,0.0010284737595326,0.251326938195194,0.00988006067092438,0.00683763559870042,0.0339441962856741,0.445541627769642,0.0119640856792261,0.00213157649932839,0.00736787934335355,0.00537609260008862,0.00211837960645495,0.0146987496340549,0.00120336552372912,0.000375152150349994
0.00289465036403626,0.00293297977332427,0.000835553827768666,0.0614725130498143,0.0187908165982468,0.00317408649044005,0.112919950807685,0.0603263206917195,0.00183721301627985,0.0141286880572239,0.000520601884193016,0.0430426643326436,0.00329001769193428,0.000609917769914586,0.014970209091899,0.0406716942947865,0.00288962972557535,0.000715082289462728,0.000495853703025755,0.200125953280994,0.014035484349187,0.00725236802053324,0.0199336231732494,0.0860669664237773,0.224789570693189,0.019950035552223,0.00713023831283574,0.0259947258434585,0.00305680577731317,0.00152428089429578,0.00163974851757346,0.0019817557013966
0.00383986076488517,0.00215887330558046,0.00014033085843104,0.0411300480818063,0.00179847996908242,0.000653031313062019,0.00519046830937063,0.0147023968634679,0.00367136563633732,0.00546147764113747,0.0288666715183823,0.064939215166237,0.00845509993764083,0.00286890163251366,0.00114681137203213,0.00118281942593287,0.000993834664189637,0.00767418862062971,0.000446888983024309,0.00854156452972563,0.00133831524946061,0.0205344242185732,0.0522901944724939,0.00847610263091442,0.00410332633502513,0.634818219898223,0.0139953638588483,0.0275593703960943,0.00858285089382785,0.00382808662531816,0.0203820460445463,0.000229370783205937
0.00104019195566828,0.00272631880274807,0.000201129335725862,0.00627002519863654,0.00496154774257471,0.0046506194878961,0.00661653990185532,0.0116671420191023,0.0311452587719124,0.00347869643136096,0.000677519058025644,0.00610277536908159,0.00173094391918672,0.00106808401501451,0.00136719800837005,0.0213986369091638,0.000745518046911515,0.000759762047959729,0.00495190784569746,0.147784613203931,0.0142354417988366,0.02757916615351,0.0556711681566419,0.20013668266779,0.00438310577064931,0.0254901513557092,0.377592087163312,0.00465894752220668,0.000962854252791843,0.000374337966800138,0.0234789497819194,0.00609267933900978
0.00754892305354552,0.00246519619822465,7.59740845331208e-05,0.0186924426515626,0.020583546944553,0.00260269735761389,0.0166322041920667,0.00119207121438444,0.0217467195790061,0.0139528063824661,0.00333553894615152,0.0778847057373254,0.00766161995884527,0.00812781230784145,0.0132323648960992,0.010797878916256,0.01174644359062,0.000437899922493176,0.00740164205282813,0.160129996482954,0.00245877708056771,0.0211066453928425,0.0289991675232233,0.066353398085024,0.00359562412080742,0.0142452872856141,0.00470873080266896,0.37526912751496,0.0355139218076121,0.0157606812683544,0.00967147642755869,0.0160686782213962
0.000330335337049848,0.00128299908575976,0.00234208111045538,0.0116090533076871,0.144743085793454,0.00133859420792699,0.0548523401082059,0.00821767168494624,0.00450581620507145,0.00609050893310176,0.00302549779112297,0.0151192896597634,0.0101722718471495,0.00160535085104801,0.00887398689221246,0.0251079483328227,0.00624773405736315,0.0135895957142723,0.00302573936995927,0.0489752045457682,0.0185340108287586,0.00626810862885139,0.00500257042940556,0.0687713901944545,0.0598889666320902,0.0593019080420382,0.0199639116290188,0.0106154983664825,0.333805956021398,0.0246837759256105,0.0211854884717769,0.000923309994974333
0.000655956448528876,0.000396291939474796,0.000341953171530286,0.00787921062226831,0.0232549304972136,5.39600264846286e-05,0.0154030508193285,0.000988927682356642,0.0244508612345728,0.00160455935390205,0.00088124732739048,0.0231479071244954,0.003603874882632,9.15401236587077e-05,0.00170244668686366,0.0271514004619832,0.00289445119561948,0.000657076927355276,0.000338057362472335,0.131652400074284,0.0142930209956598,0.0019119959470775,0.0291135686272206,0.1274506012599,0.00122490402761341,0.0114039585484961,0.0042795825605217,0.00990809621379422,0.00519186974355128,0.512525612588647,0.014301697515411,0.00124498800969194
0.00580276483809733,0.00302704804286037,0.000571526648808554,0.0187823781971824,0.0165495758022812,6.98333425976818e-07,0.0223554798228339,0.0151494316840466,0.00684486041241089,0.00247333100414015,0.0150010198177307,0.090547682130662,0.0032774416478683,0.000198796619058697,0.0072059435036809,0.0115519217643171,0.00382072868650207,0.00107792233523194,0.00235184267693611,0.0182667044109981,0.0111151753937183,0.00403163549703275,0.00647445284523977,0.0522240820982509,0.00115865819326008,0.0647526615642961,0.00316563508750986,0.0482856059719615,0.010679926686126,0.0063940751757917,0.544294871889685,0.0025661212180552
0.000912319557356959,0.0188834675292764,0.00219267574595308,0.00634035660066829,0.0404466064907594,0.000487641391091079,0.0666333818991778,0.00235364990625678,0.0220417953046879,0.00161366885643895,0.00173528968290866,0.0588274629981762,0.00179183488065939,0.000240470525293975,0.000300755058046048,0.0918496374519213,0.00322250847878303,9.62434415213349e-05,0.00229732871900976,0.203304587555819,0.015772268182123,0.0240320923615803,0.0268873894534354,0.10088326834385,0.0560492699724186,0.0324193336422832,0.00490031890816762,0.0653511467745481,0.0048511669198968,0.00117842925648811,0.00444701232355063,0.137656621787854
