0.803778985815293,0.0217724098319341,0.000621447931180863,0.0196318031150251,0.000378395858381968,0.00811619526658989,0.00544400367126344,0.0151679721680286,0.00182142137145817,0.00511710353572875,0.000117806494768729,0.00116509532004623,0.00241481257467397,0.000764162380947193,0.000992809825349922,0.00178398385840495,0.0203114212345633,0.00438683216714218,3.56416176083096e-05,0.00900892668817685,0.00132337893741239,0.0118351820516889,0.0206421777665325,0.0248010744870202,0.00169858114341705,0.0020381932917123,0.00494985033699753,0.0044764695781516,0.000147487617281077,4.34548476801691e-05,0.00395651700903919,0.00125640220650168
0.00759560690935578,0.615358186516853,0.0136359441575149,0.00420207425063555,0.00713070162459805,0.0127297309138756,0.109879641756616,0.007080720454881,0.0186551286243212,0.000305134857191787,0.00706378344779856,0.0337158840516335,0.00155584276359412,0.00245248832407519,0.00327164416367179,0.0218777703782972,0.0102215787249714,0.000797838600749424,0.000145103142450307,0.0140713413448092,0.00148935712985162,0.00129383869000571,0.00984743443339886,0.0463457564356072,0.0024314660989195,0.010338806950425,0.00488327690802586,0.00605451945631441,0.019512532923247,2.66892191445905e-06,0.00298815784229508,0.00306603920210175
0.00480932479915787,0.0151920767038346,0.735236551669105,0.00564823660390795,0.0189263080364893,0.00830222238779403,0.0018279257293844,0.00197518937530344,0.00730186640562555,0.00133508245719051,0.0276232053521996,0.0622420838271302,0.00335621286975072,0.00378335920940098,0.00609644328987225,0.0123851679514891,0.000908449847631079,2.8787534792429e-05,0.00830755104067213,0.0122716332618998,0.00385007837395476,0.00325183617237186,0.00381231473680964,0.00113626063024732,0.00264484695942169,0.00358825849990875,0.00149580734712565,0.00203974655613232,0.0270036132335458,0.00538956205391657,0.00462136213523592,0.00360863494869887
0.000632951441553757,0.000577725062873983,0.000329073408911096,0.705931202873716,0.0141701622711614,0.00515234983806901,0.0769449909975512,0.0621157911885985,0.00343012060058907,0.00677622063920164,0.000684539690750225,0.0312597331773823,0.00261751899671507,0.00295086777834768,0.000398010433550701,0.0253545169042113,2.77694788733473e-05,0.000280956275085209,0.00272768829984016,0.00850987735104423,0.0035007650826677,0.00419857320372536,0.00862669533129625,0.00264146669783033,0.000293340928269936,0.00631190174236029,4.84106447881203e-05,0.0098632062122038,0.00754347974437135,0.000688606493398099,0.00517577682690256,0.000235710384160288
0.00278426689220841,0.00173512979780765,0.000991844313884227,0.0521074522965053,0.546747621349553,0.012166871861131,0.0125083261511352,0.0138170422779193,0.0159316129792137,0.0465304391729514,0.00671381540094983,0.0822825823346878,0.0186941537925637,0.00374261812553366,0.0142978174925102,0.0436447802082582,0.00244344493697376,0.00241858275966406,0.00217160575906597,0.0123640033961948,0.00203572777827954,0.0054596393942554,0.00942989780227678,0.00176423844574374,0.00119140299126395,0.0107649122903004,0.0143044248659267,0.00303599473263082,0.0452073177691193,0.00741420957795233,0.000200764799306115,0.00509745825423334
0.00171671005431934,0.000947239618239806,0.00139092830502102,0.0288720832965389,0.0139208900386463,0.7196934924084,0.00319846867765017,0.0244618548149095,0.038160391500223,0.00508750488000961,0.0236984948119075,0.0331673708597497,3.04881587974787e-05,0.000339883381434022,0.00234289328233589,0.0617329417939613,0.00065145631246671,0.00255110648910227,0.00132826307001858,0.00108827016273049,0.00087503590886836,0.000712748254064761,0.00689278743085083,0.0016826729499848,0.00237816346773649,0.000354279502205478,0.00303074954548118,0.00312454395574889,0.00697206539191041,0.00162446846454871,0.00264290234648966,0.00532885086564907
0.00412441157536848,0.00915456316095318,0.00311937561270567,0.0862239796526335,0.0173005104208459,0.00831662885771299,0.662717678417819,0.0164201076808492,0.00838180056084105,0.0450529289018749,0.0247884076216521,0.0270630326631293,0.00883897731395661,0.00020334588860529,0.00256417256537512,0.000341323987605208,0.000740406412377317,0.00381619410490486,0.000194823984813649,0.010609359413747,0.00223736180115096,0.00435530288184647,0.0334463604849002,0.00223477622735735,0.000586103903586002,0.000570017261332895,0.00200614939299346,4.11948563970422e-05,0.00719736213814784,0.0022162208623938,0.00367221824697775,0.00146490314514524
0.00416330462807969,9.3720676556575e-05,0.00632214536806075,0.0137768405848758,0.0408262616209867,0.0456729442035875,0.00146096602504623,0.50846893014557,0.0837634324874673,0.00262035595328305,0.00430682120382853,0.127098738146663,0.00278129634383129,0.00870785703489594,0.00212099189146573,0.026996478301493,0.000666107892164398,0.00259996478442738,0.0034598426469759,0.0129899122631553,0.00166043913314898,0.0100693539765533,0.000540851887730444,0.0138996130137527,0.0140915822029612,0.00882494271776102,0.0111945089890102,0.0015296610250371,0.0285817309484381,0.00211949491916203,0.00536674040291565,0.00322416858111477
0.00443337043476216,0.00604851114350367,0.0100180861301205,0.0156712758570933,0.0094679468510951,0.0554705452284538,0.160449528345756,0.00318546535317121,0.417847714608391,0.0173892618786133,0.0100479762728402,0.0133462165076291,0.00679283244566741,0.00035393383239209,0.000745827267749404,0.13854482438257,0.00270748992452973,0.00999498364991212,0.00050658951026227,0.0142560030945141,0.000525846628845887,0.00982006061322147,0.00418929251758832,0.0319642392072516,0.00148321455040316,0.000774732017045194,0.00703850928687655,0.0101448769723098,0.00540333522104972,0.00185278177498594,0.0182330617281524,0.0112916667632427
0.00141726388297139,0.000449838479292277,0.00120458368728405,0.0176765743415112,0.00339128397041619,0.00581497374473033,0.00413943947978087,0.00686101861824891,0.00355933953335284,0.855271559190604,0.000117553437586401,0.020042856743692,0.0068114430439209,0.000519789029742735,0.00630325739542672,0.000969033679887623,0.00416883989165382,0.00045525308976152,0.000544386328638631,0.00118747114704916,0.007175425944112,0.005977294842564,0.00349118803928036,0.0118075294595314,0.00065057085936241,0.00187442830968125,0.00203079979420581,0.0128357383690601,0.00966549761204512,1.91851288473423e-05,0.0033235717181026,0.000243011207656318
0.000553464516243144,0.00304953588356909,8.1203529974906e-05,0.000205312677501919,0.058587955163519,0.0164658529003675,0.0156053992784769,0.00189879885802388,0.0060880218306824,0.0100253085550486,0.788547235786629,0.00770310916266773,0.00386336899427011,0.00136684233176985,0.00266697201431813,0.00431647460091595,0.0133332677799334,0.000187932957153534,0.000597565935560798,0.00132110853897398,0.000321880972760731,8.83739030329574e-05,0.00348201348803939,0.00111799053620582,0.00201150878437068,0.00590227409265461,0.000846114987429922,0.00253738847730072,0.0312644637524898,0.00073989435645896,0.00625673956820719,0.00896662578544952
0.00736131250776925,0.00624851391614745,0.00478645919221415,0.0546868064472575,0.00407690540960224,0.0134199258428373,0.0116826977349192,0.0473985622847925,0.0260757505707386,0.00782679935173951,0.00468655260458638,0.651850483474317,0.0025207799386653,4.90627801830664e-06,0.00328393250932225,0.0148842503914038,0.00394158960044421,0.000770594547958221,0.00186732541007467,0.0098487680748707,0.00196413832361441,0.0109140042137972,0.0499935389218493,0.0106743861811948,0.00886255262846152,0.0310881559670321,0.00203678692611501,0.000579549557401137,0.00354559038724533,0.000622146920700785,0.000270190862887128,0.00222604302202353
0.0048514636521422,0.00104330285720636,0.0011118212937211,0.0204739669129903,0.00923312309726577,2.65313657565965e-05,0.00354427323932573,0.00293744185871056,0.00300212318160518,0.0168707623904934,0.00345805279314731,0.00445709930969363,0.841120569207611,0.000583421484176237,0.0249054330309244,0.000785357465188177,0.00552262702823984,0.00470559226501272,0.00384001787711929,0.00582787675311293,0.00176019387946917,0.00773393135423365,0.00272739835195317,0.00239484571446202,0.000194408188470975,0.00997542714815148,0.000983251140937437,0.00390409633475582,0.00773702006917331,0.000896287485874149,0.00264676046498223,0.000745522804094056
0.00484332173721487,0.00211237424534834,0.00235707503514258,0.000656234546730075,0.00368043005916539,0.00242253664324916,0.0046740116261516,0.00252039036793071,0.0177488771302997,0.00244528381466613,0.00108044786394922,0.0154679731426483,0.00249608023672045,0.803850376251437,0.0192099428469032,0.0349397870340984,0.00569369158160147,0.0036233339364929,0.00112791058076846,0.0167628059180952,1.18667611990167e-05,0.000484903888814017,0.00492739218943535,0.00548472139417705,0.000233499959452739,0.00157364795414312,0.000291185709930721,0.000686354191014882,0.00883038805393732,0.0113575426408126,0.0161951286297945,0.00221048402867515
0.00241008582483508,0.00109547594020518,0.00653001720519106,0.0175649378040548,0.0165031659742139,0.003431485230247,0.00309623399078559,0.000642012983909766,0.0119814613777393,0.0334844499540203,0.0124447543421486,0.00895700824510475,0.0328100107197744,0.000925505295547733,0.722700255393648,0.0184297314279359,0.000289298965393116,0.00270942564120748,0.00220204020095083,0.022726022608569,0.00357085911308187,0.0136611775802961,0.00545877680677551,0.0175375706315951,0.00800514534587147,0.00464321036763782,0.00455002258346803,0.00947050360463952,0.00387905906631318,0.00481876285511519,0.00126548803399479,0.00220604488573001
0.00647003084087888,0.00742396412298712,0.00304063101682541,0.00295888061296375,0.0130694894029338,0.0046225162182965,0.0538231534076331,0.00320937954421575,0.06289841308686,0.004190225240397,0.00155202742443589,0.0057245287653915,0.00182209352379457,0.000141338334476823,0.000976121891076609,0.775092122971967,0.00194452146179894,0.00105951159975981,1.37342108803345e-05,0.0139636532967097,0.000962281698756169,0.000478834499524445,0.00454917941467869,0.0181352580207844,0.000699688345287472,0.00120377531293874,0.00261451335598598,0.00251767600817683,0.000635059271476066,0.000225246134050895,0.00248608909183133,0.00149606187222618
0.0247561640899397,0.00275025448459394,0.00132692045682405,0.00418441761876397,0.00348551169166353,0.00142710458511434,0.0219470227904723,0.00280369436832541,0.0300201945489954,0.00971371053440522,0.00127200323339249,0.00110433945877978,0.00145644742534981,0.00544921763300695,0.000291299575170239,0.0367285376732955,0.756170496238279,0.0326543045897937,0.00123251597743218,0.019156867270829,0.000718624489909139,0.000706831611585865,0.000857324349515403,0.00904179039719042,0.00494830302524636,0.00399289437922158,0.000718715110879932,0.0121102281878318,0.000309441941511448,0.000127685396286099,0.00519963156263807,0.00333750530375696
0.00777303617425746,0.000984028039559898,0.000887331968033199,0.00451970055045286,0.00431428655051651,0.00734824252331675,0.00438815332875062,0.00207372071094548,0.057409105279174,0.000947647555124334,0.000152362044570113,0.00182121975625197,0.00346833516306965,0.000817135112625918,0.000270827497071303,0.0113713550369836,0.00955737079313286,0.743688579045303,0.00355283082738611,0.0239334668153223,0.0164038402586728,0.0129855512431388,0.00302053291275255,0.0574015004709627,0.00326058622662109,0.0006955598896565,0.00284416976425853,0.00686089791995201,0.00225992198781199,0.000235302190018962,0.00352196565250909,0.00123143671179733
0.00104750610181711,0.011253878019444,0.00668780660257708,8.31874628627098e-05,0.00221029447025321,0.0321690088677192,0.0296327156032383,0.000865767084563994,0.00368666257630484,0.000137474180062636,0.00841490812383382,0.0384175833346194,0.00147751133914062,0.000761089147344296,0.00217470842308253,0.00932421925214123,0.00173861697792682,0.000518132478899274,0.732471134808683,0.0146777037588505,0.00912104916137168,0.00464460656876991,0.00484742629672299,0.0183583810933615,0.000284383403477311,0.0056616709641476,0.0139202813144912,0.00100332884284652,0.000993567940937903,0.0105292012595969,0.0327756704852171,0.000110524055694598
1.41946710424022e-05,0.00387470046646324,0.000557704876584103,0.00985812712109989,0.00764331415337596,0.000780768369389753,0.0100222022136547,0.00308986008226534,0.014949083353435,0.00454078587058738,0.0034788424294476,0.00585095924218352,0.00125750243771451,9.0596023954223e-05,0.00466178060107157,0.0233130576156685,0.00020223078605133,0.00105479800143139,0.000829807321876341,0.76648638803491,0.00124302916332015,0.0220668972860269,0.0571658358254129,0.00966968727813027,0.00941633055953283,0.017471837166282,0.000336437437718445,0.00646073269090459,0.00144961912875545,0.00576268577525543,0.00560637467483807,0.000793829341616394
0.000352360769712949,0.016226774238587,0.00918275971844645,0.000491159860626323,0.00691308772820346,0.00136350556307637,0.0309045466177466,0.0045748719255835,0.0128283093980896,0.000550731854858056,0.00609833911129911,0.0165301179036974,0.000188490847975507,6.54892276177311e-05,0.00264377758253887,0.0110394024215467,0.00233714111551064,0.0013253548405072,0.00155878649865828,0.0211541465253064,0.643539128977758,0.0165962104336139,0.0839895718092273,0.0732385037146094,0.0100150895294348,0.00298402521658483,0.00129672376823015,0.00253192460444881,0.0012174864217574,0.00126420276100622,0.00656185109689869,0.0104361279168428
0.0290455003893156,0.00887317337094477,0.000433893993175756,0.00370357524695897,0.00889758542979324,0.00379485240658159,0.0189775014136015,0.00127477607676427,0.115224242521785,0.00501885316218663,0.000594944208202774,0.0023004011079873,0.0018556539018468,4.58448266691236e-05,0.00152145623486768,0.118518168880917,0.0138112200100465,0.00895877978290526,0.0100186436071337,0.00396789616566206,0.000258236533253996,0.578185072440288,0.0330888077403952,0.00597724269287039,0.00243305631940992,0.00187967579949536,0.00024381207943402,0.0113504730819904,0.00615773177435212,0.000828277448764139,0.00119767331903772,0.00156297803336257
0.0318577656459523,0.0647300568356448,0.00422077922247116,0.0002063583090393,0.0102562989161631,0.00908588818178309,0.0202359167244954,9.34870435558113e-05,0.00494376539795374,0.00231920787997625,0.00414952694745254,0.0339672258219986,0.00227692597422128,0.000834962386533554,0.000694201447761711,0.0424798887710093,0.0148347205619086,0.00259148660330844,0.016874779475568,0.0122934469443432,0.00199481148750461,0.0171376420547671,0.591157065376292,0.00395606825360812,0.00349965919189619,0.00803231669922994,0.000821210905671516,0.0320456244782756,0.0461912911135941,0.00385073373253307,0.0117470685277166,0.000619819087770868
0.00014042816430242,0.00803327709093942,0.00585201785124964,0.00690711153535231,0.00444431682270967,0.00150262145197665,0.0184533815384922,0.000608543151426716,0.0239057517167217,0.00238482215027322,0.0155007316381832,0.020736329184662,0.000301882719783914,0.000103080467274748,0.00471246813804962,0.0183448323837807,0.00132154453044317,0.00179023966653419,0.0045390670276844,0.00492998717555063,0.0137542941921044,0.0185581151237296,0.0427226521930064,0.711408560118982,0.00393430634959694,0.0465701663924069,0.00225626676577214,0.00506235727992916,0.00589331234701386,0.00296089133398201,0.000535019968621951,0.00183162352946408
0.0138466317197977,0.0192628874765073,0.00112339777599444,0.00324018329822259,0.0119581328837633,0.0048239222813273,0.045748500690945,0.00145946848500478,0.0207307250601315,0.00118552593425746,0.00711583939989363,0.0153046779519282,0.00205948962861166,0.000331064320761206,0.000253146850615397,0.00302785685795281,0.0044703313284812,0.0101277087498861,0.00100630891800371,0.0311271500693946,0.00448886051683178,0.00160239113988913,0.00977168124264099,0.0453616930954538,0.713866108642387,0.00267499870077388,0.00756891869356077,0.00561849238982104,0.00733745109245539,0.000397707491581691,0.000501957426525129,0.00260678988659975
0.00114020197459787,6.24776591400059e-05,0.000620650951078796,0.00371406459713195,0.00170929003547831,0.00870104843532826,0.00690685598345264,0.00263297646501033,0.002316641640857,0.000598636203195116,0.0107681021741762,0.0309492966486501,0.00541177048887961,0.00243118190838841,0.00123940134185972,0.00575988902852296,0.00775974788956551,0.00128811306070631,0.00703293758669464,0.000363390997427294,0.0065081998322726,0.008975700261135,0.0150865710024335,0.032831229616088,0.00678129354065931,0.760716785745552,0.000867857640434282,0.00291271922706027,0.0557951039860982,0.00457717763972158,0.00266959245576703,0.000871093982637495
0.00586210860121189,0.00401555242627963,0.00809956370611097,0.000593260754233591,0.000130930758834446,0.000514549717425851,0.00530935885802485,0.00619714469200321,0.000293759645582999,0.00047027429347187,0.0090685406658143,0.02100986714914,0.00152520575238681,0.000122467527084029,2.70782495148833e-05,0.00614760463403006,0.000920767229539453,0.000620520508102293,0.00728023973918583,0.0426529850970059,0.0268407601145596,8.7876684188348e-05,0.0125108827469732,0.0497596815791214,0.0028533052291632,0.0084933722000669,0.740378509923578,0.0030948482682742,0.0285910463866306,0.000209364211404344,0.00333169374681321,0.0029868789042441
0.000343567283402645,0.00573785958257758,0.00145698482208663,0.0659092513654682,0.0144068752916741,0.0167658608656397,0.00210032771620006,0.0296671131552689,0.00582062864022823,0.0221277127380411,8.11948823316403e-05,0.0407562967629359,0.00761334998827019,0.00080846720469172,0.0183550131565568,0.00444345646664589,0.0022084296735844,0.0028075670049704,0.000479733861230996,0.00449847821639764,0.000673836385628222,0.00361786800174462,0.0240582336842307,0.0119009739154497,0.000799752270145392,0.0302438935249965,0.00189383191985342,0.65830927920795,0.0138277075394762,0.00210979900943698,0.0059413703819802,0.000235285480905638
0.0147831913653684,0.00225519030986164,0.00619634596196589,0.0112611967151092,0.0143405659427179,5.3172448077173e-06,0.00230500632698833,0.0134725245300635,0.0196111791919814,0.00407084767684916,0.011955909310566,0.017924668852433,0.00140221101156631,0.000259059726394961,0.0103908743507563,0.0187200828543916,0.00174792685265995,0.000282133638654883,0.00223835178482464,0.00359448779741799,0.00473637212093105,0.00786146862579985,0.0229937683216932,0.0296750486967331,0.00404900895787349,0.0106541341003927,0.00060956186028487,0.0160049898575136,0.73709038381935,0.00164700183847322,0.00420854389321455,0.00365264646236186
0.0010248681777246,0.00627730916402339,0.00905548004783777,0.0104895434580116,0.000979253801278404,0.00347566040808739,0.00487757444827591,0.0213151822194775,0.025943482385836,0.00532763789934445,0.000503536496690388,0.0104937276879743,0.000627288157294647,0.00217504045156773,0.00544261921627859,0.0424174839696604,0.00125609981071726,0.00107364322595274,0.00341754791999697,0.00318779532473658,0.00695370932382987,0.00259623243492851,0.00153984802496924,0.0104260185128542,0.00367767321544691,0.00514190868633728,0.000506214881368304,0.00783076693782389,0.00972807990437006,0.76679468513867,0.0187000375843669,0.00674405108426804
0.00110789558224691,0.00298517025294524,0.00463141384489631,0.0342287600363012,0.000126364744572168,0.00490515870726621,0.00426225482517239,0.0182264485202756,0.00612486007206062,0.00129592854188367,0.0055046387796598,0.0167795888913353,0.00253174155739678,0.000132429776092021,0.00988814916001616,0.00633739523941632,0.00217526903390656,0.000582118870217134,0.0016155106801674,0.0244620017894506,0.00664524138390223,0.000974395524918898,0.0138419054021814,0.0144669067800574,0.0038968514941174,0.0302932510785797,0.00307723328972864,0.0176250321389734,0.00773734757587498,0.000107000240607053,0.752086402629497,0.00134533355628392
0.00650169062178912,0.00373217448527442,0.000587221252509897,0.0146338858956267,0.0290231183520331,0.00309587770322049,0.0344568885823323,0.00580755111142702,0.00213929095756123,0.00470267344772343,0.0128370614525448,0.00124017457519015,0.000913185156244714,0.000204956781929671,0.000127926902930101,0.038116323950536,0.00414493465278674,0.00412926264481953,0.00403675138790576,0.0625488036416807,0.00382572510081906,0.00846627612650817,0.0448951819057175,0.0453859410860519,0.0195619542815559,0.000529844381389408,0.0219850301523893,0.00527463815340973,0.00777411613713633,0.000791622245107134,0.000347897759859597,0.60818201911399
