0.650780446862155,0.00412972362326225,0.0111726969089336,0.00363936883914528,0.00872031385579438,0.0563140482966224,0.0480901782555446,0.00884886025908255,0.0401072173446248,0.00259125323482684,0.00243545521665389,0.00163757405153085,0.00303960397640255,0.00113882928196842,0.00110960265355088,0.0527246140008801,0.033876677152693,0.0102064363398832,0.00123155244283437,0.00449602970203432,0.0033933061683221,0.00191057212520703,0.00141423288049809,0.0116931814694916,0.00162092943705065,0.00386727455815057,0.00862453267523051,0.00089345630427956,0.00177757517780564,0.00177993287134624,0.00738749571976546,0.00934702831442912
0.00326309183639994,0.606051622249964,0.0191607694171346,0.000173845354607413,0.000332427941556803,0.0250683791030743,0.0409127964698709,0.0033266708978592,0.0499710223697612,0.000438215179806327,0.003715288013751,0.0131002323006429,0.00231758767178152,0.00507391939741306,0.00190542551196259,0.030450848418755,0.0136498910364026,0.0190523774870692,0.000297247185847525,0.0113058390424157,0.00290643351063633,0.00128383360609061,0.00828810825371182,0.0290678136366585,0.0808772117883987,0.0041872059396947,0.00908554852307349,0.00188908089039025,0.00913806629189766,0.00148595654181814,0.00205627314487186,0.000166970986682154
0.012489875144742,0.0196122072854377,0.739613107924849,0.0162759684022891,0.0045049199209512,0.049497229434192,0.0199314972644628,0.00404298544111325,0.0128747491839091,0.00175043389358621,0.00662544489643809,0.0190224047476689,0.000759300711572547,0.00646890121200254,0.00289226346675559,0.025935694508118,0.00153664329119931,0.01042073754159,0.000384093075433442,0.016226932149691,0.000623051776868103,0.00873513455046368,0.000964799528815185,0.00172809924945513,0.00624471176252105,0.000170399972732729,1.02890570182281e-05,9.71280977255278e-05,0.00528990844947682,0.00287891835441659,0.00195241007583563,0.000439759628669559
0.000184232307992143,0.00334939349713801,0.00512429321270503,0.726440696779598,0.00884613221186919,0.0114001836578096,0.0480575359135979,0.0525116143504988,0.00147905184032903,0.00623700300676946,0.00217754177161981,0.0317975180209915,0.0237525572618232,0.00414217201785911,0.00101870420469653,0.0090743404937097,0.000844316745653863,0.000279946468206793,0.000801171289707354,0.00129898389095391,0.00620743562358011,0.00442134308829748,0.001432288653397,0.00555060183624655,0.000126669117898371,0.00379189382242779,0.00792270323453198,0.0020012234289242,0.0186984697263629,0.00283351931300554,0.0081954042835523,1.0589282470975e-06
0.00305930487060089,0.00287390083331529,0.00844909388268695,0.0209296842301194,0.643845223284982,0.0883008210635127,0.068440948957831,0.00118454989508627,0.0193513075379376,0.00114474788280318,0.00782568411408511,0.0116803315809655,0.00067145928981933,0.00015084058701213,0.00510041275994236,0.0694553264304079,0.00131757176211956,0.00180260688150476,6.90615864941999e-05,0.00525689284444681,0.00103179386062837,0.00609419889895105,0.00538561964688063,0.00432982944432997,0.00953648135650338,0.000291969725044674,0.000611703981679443,0.00264065104436507,0.00279842087348364,0.00176450996132251,0.000862850642800707,0.00374220028833698
0.0170089872537398,0.000612243965824828,0.0219731407836482,0.037259673438635,0.0386584698436159,0.622900473108198,0.0171289332159483,0.0525412763985039,0.0381523989363614,0.00117045681887401,0.00434450016342847,0.0130580835093056,0.00395431261118446,0.000295995734019673,0.0018744447677234,0.0931034557968471,0.00160343181639701,0.000601759584834261,0.00124628559683627,0.00930737971922982,0.00034355790206916,0.00238863664269785,0.000154405565517461,0.0013648463486836,0.00623080722633541,0.000197482755997206,0.00155647102817952,0.000439739808780514,0.00578897356766575,0.000911897551037676,0.000426343256793055,0.00340113528308717
0.0357081230838145,0.0278332809737783,0.00925548177891376,0.0478421334221996,0.0402644474164256,0.0587362626679883,0.531814821510418,0.0314497342096885,0.0431101189805811,0.00343552862430206,0.000311784769966351,0.0151405260011133,0.00674254621029053,0.0015019560741578,0.00576208449091385,0.0666635816812416,0.00322877581721027,0.00447997444830073,0.000719635404965435,0.00778055629704921,0.00310519561981322,0.00147057282374913,0.000961106537504474,0.0073346412539077,0.0286073158334927,0.0026081902960023,0.00131954119534931,0.00026088250288686,0.00200545139100245,0.00531106265407447,0.00117462249020306,0.00406006353869601
0.00556714262736691,0.00176064803225977,0.0264804819882744,0.00822518186215546,0.00283681893335452,0.0719009834790244,0.0109163268206236,0.776948383003507,0.00125038265658068,0.0107744920409428,0.00545753434141499,0.00668810806678621,0.000887220373605733,0.00710277323387428,0.00347964299432242,0.00392616106088018,0.00138129458430883,0.000227860094269729,0.00214262717624756,0.0119075284374704,0.000543153606522339,0.00135720556062494,0.000946516658200379,0.00225050924529214,0.00947363727867863,0.00224294104621467,0.0016444276513462,0.00083920645953182,0.00676736343935649,0.00283259747007738,0.00751996932880519,0.00372088044807979
0.00564504960178199,0.0256400386878435,0.00563189357357688,0.00241926137116887,0.0103876342070118,0.0645808165314654,0.0862016469085095,0.00167158930101618,0.532568679613006,0.00203409572186576,0.0048529571454058,0.0340862030240029,0.00137667037143495,0.00135478816171838,0.000995764295524272,0.124067130448231,0.00128200581891093,0.0101023847270021,0.00176072440729167,0.00859967274927333,0.0103439914713125,0.0019494839373903,0.0052214843154865,0.0162764579487986,0.00800108381584664,0.00274504993806109,0.00461420963981818,0.00402310863449027,0.0149394308471766,0.00421256169264817,0.0003451724327303,0.00206895866019974
0.00146741754736178,0.0017771775930577,6.65458953637811e-05,0.01730043915902,0.00153190986735417,0.00724999357379892,0.0127451475165068,0.0164317479972323,0.063453078493783,0.664936962383951,0.000631170936872777,0.0505476539553118,0.0039057777447583,0.00204858435302485,0.0132744024142936,0.0518023363586911,0.002646528623798,0.00131865906180619,0.00127637478634113,0.00276671749245544,0.0104179554114196,0.00213653855521737,0.00473226182835603,0.0153420757224381,0.00240537751995668,0.00290669082827909,0.00466852732687862,0.0148561225756559,0.0206696459509685,0.00311705793405819,0.00149361838086031,7.55022111291494e-05
0.00133208886130268,0.00165282988920129,0.00874732399025947,0.0366697281444018,0.00342946383593822,0.0209460069972019,0.0135017231937181,0.0344772234361153,0.0141168561231262,0.0154632909944533,0.589785249040663,0.018350864558346,0.0120205989532421,0.00137540369672092,0.00738805462729793,0.0283738992603675,0.0107471567321754,0.00189103904105921,0.00023487613698105,0.00747789127928656,0.0114646748408605,0.0015987230105783,0.0150719434847869,0.0409651015813025,0.0021618172998131,0.023599593450681,0.00507648831350941,0.0355694892009544,0.0273639210642753,0.000744919246901453,0.00778115180222246,0.000620607912257549
0.00207283303016102,0.010470277698827,0.00185516966023259,0.00471030717815712,0.00589286997119127,0.0230012663803733,0.015256689627652,0.00363948184721019,0.00267998863998082,0.0163906584936913,0.00361895744228114,0.711070940520047,0.00225722944556768,7.37261972152535e-05,0.00277033838840075,0.0071653040344152,0.00058537577522915,0.000597088653917133,0.00402381149723533,0.00692789626115357,0.00147688358176355,0.0110319612091483,0.0181336134981277,0.00358567112551085,0.0149470029057067,0.0116068004572941,0.00518917426935568,0.00644103748625322,0.0598155006523315,0.00712915397239486,0.0315400771664614,0.00404291293271321
0.00346302711246348,0.00206736760196489,0.00359022995744185,0.0135901913296858,0.0541792425845297,0.0137767755571207,0.0142725676912984,0.00556958985884393,0.0548972345544019,0.0310020715376488,0.0152152128680406,0.0109031653424658,0.444902118845387,0.00524127307945005,0.0338335391808793,0.00760848205864006,0.00372698757488424,0.00225178559227501,0.0141854950156273,0.0062273866069571,0.0164849348776679,8.86630218376087e-06,0.00104854520842531,0.056869620841318,0.000971183796374729,0.0474967305217373,0.00464549791074208,0.119115175757806,0.00342900153353431,0.00374322755517526,0.0042720153534893,0.00141145639154035
0.00189082868152834,0.00162798296734418,0.0100470917050837,0.00628527612602021,0.0123531594382246,0.000241515949616023,0.0156442217122194,0.0116023780559977,0.014467529483213,0.0159635003231143,0.00220684325855621,0.0481882010725056,0.00785482803535812,0.681460503914969,0.088010576378057,0.0249096355715421,0.000585476440301519,0.00513410645230316,0.000773925137913201,0.00150022228292612,0.00223136366152322,0.00275260455511536,0.0068263441762805,0.0046923804211163,0.00357409694723112,0.000197438817641432,0.00450654021588548,0.00323248803033626,0.0113461048135857,0.00162603801331481,0.00718529815085759,0.00108149921031827
0.00102799891217425,0.00170800081420646,0.00212851208309416,0.00758411812167638,0.022476515337689,0.00958581257296107,0.0376175235492935,0.0182312896267113,0.00331620900748887,0.00226045228457998,0.00572477619550645,0.029818318398431,0.0297712916104652,0.00766239647710022,0.719317120602852,0.00813083508464677,8.45934701341964e-05,0.000632906352880251,0.00268864151442151,0.00157786408724357,0.010286053911235,0.000893140448064804,0.000589972861302817,0.0198194687135381,0.00200475006474094,0.00750260647217392,0.0034621215926609,0.0339471677961276,0.00785407556745595,0.000748125625402352,0.000854356528217723,0.00069298431552349
0.0212877473296045,0.0639456643496534,0.00977060840711702,0.00168107088218458,0.0146080637475948,0.0723167873227557,0.178150280639881,0.00208817579227479,0.145124244103896,0.00180245336920331,0.00644636746063414,0.0344735929943056,0.00240856120152387,0.00233196342779848,0.000742564427642451,0.248399790694463,0.00186046303313258,0.012570316844248,0.00169984336812172,0.0257408001277706,0.0182711321873806,0.00234372229513636,0.00701400426970132,0.0311932837632993,0.0644656197815866,0.00229587527757418,0.00731182545985038,0.00769850067892289,0.00520860040273901,0.00497956494083918,0.000913684917690343,0.000854826501474123
0.0126038758211339,0.0042403329359798,0.0107360058122608,0.00211871886110322,0.00895438127767885,0.0236207716638035,0.0436069384841626,0.00358469662633061,0.0100156981797018,0.00526449311176098,0.00183789403613511,0.00179560299694196,0.00140912894223356,0.00183666950354822,0.000423738971257211,0.0129284875099343,0.741817365387675,0.00427042615554961,0.00239582575262174,0.012125764690675,0.00979064215791346,0.018350143018813,0.00206079073001743,0.0227832422697197,0.00950189669782077,0.00227100336659952,0.00118238481466253,0.00305243994567395,0.00597919921263153,0.000608795708972528,0.00851631073294857,0.0103163346237396
0.0052745257249614,5.48630939774085e-05,0.0104469908591567,0.0153390823996896,0.00725219136971727,0.0133509613395532,0.0167562053243617,0.0163282773237303,0.0821962478278258,0.00132408912617462,0.000401949034657207,0.00128426943190228,0.000131818691631757,0.000517149733119632,0.000705666669262424,0.121072371444437,0.00149068623953711,0.613443507776091,0.00348100930819206,0.0033628889469683,0.00854203889492669,0.0216054066556269,0.0171493826969333,0.0146353705556642,0.00355739703593194,0.00231861697218028,0.000482428946909489,0.000200087785485765,0.00451661348227997,0.00112633391715907,0.000401126949936665,0.0112504444420192
0.00191908577345145,0.0107935644202004,0.00744690321397275,0.0043201265216981,0.00141424767683481,0.0342737741574357,0.0158539792212969,0.00274206617999113,0.021256260422101,0.000331931766507601,0.00525761767747528,0.0247303493208731,0.00106080065040273,0.00133075172163042,0.00304725853594057,0.00417003846705801,0.000667506363609241,0.000716060142903347,0.731622720007131,0.00098289127803257,0.00274031199531611,0.0322879063458615,0.0161180825171215,0.0333684382069393,0.000725314774691821,0.00856245997378694,0.00251388585638079,0.00413641734664551,0.0118752619919734,0.0093949391282496,0.00329210752400918,0.00104694082047837
0.000371037033587266,0.00149972604703131,0.000418854202754411,0.00229132682500362,0.0103286393018135,0.00273356691974878,0.0233921707997252,0.00259463377273209,0.0135907263630051,0.00406574423785263,0.00498700901377281,0.0203618873098553,0.00175591300183049,0.000484713537394185,0.0020920573405184,0.0264147761104938,0.00108333241936721,0.00102019594355527,0.0118720829577524,0.723158983630295,0.0154143729999026,0.00314125880625255,0.00713254764165815,0.0394419475290363,0.0171168896040221,0.00713729228478522,0.000620889803448076,0.018874758550742,0.0250118292785436,0.0104861105026134,1.89581041806789e-05,0.00108576812672707
0.00216973301037609,0.00294541165114551,3.64649374001643e-05,0.00751072430542528,0.00396152730080767,0.0203647724631755,0.0442901519738114,5.20994483368683e-05,0.0097273016094049,0.00169479009820074,0.00702971626539102,0.0131383062630136,0.00409340763469301,0.000475333703185098,0.000300396754707227,0.0214050163613265,0.00134477505831391,0.00692107998104541,0.00574206275671974,0.0446168084639612,0.580468258767765,0.0237017278046163,0.0714727507057378,0.0705938482952066,0.0150838169087392,0.00102734366903666,0.00333346907149445,0.00425803655451146,0.0161176896754506,0.00139029618942726,0.00179311147292965,0.0129397708446446
7.95005807383242e-06,0.0071459966384278,0.00453425662372192,0.00148764667644044,0.0121469324784207,0.0151613339289168,0.0193385554607024,0.00398532899878069,0.0778152651335163,0.00132203140496488,0.00112757745245246,0.00345379667140597,0.00230379752568383,0.000245965078121961,0.0053673035034762,0.0919545444961914,0.0100904652249277,0.0141227031830692,0.0108206926650613,0.00356534183186481,0.000273676635071047,0.648099425369545,0.0348800739996449,0.00584488438359298,0.00847699123761534,0.00202734266141704,0.000887423797173622,0.00340520892504631,0.00263473503109469,0.00353157691640566,0.00188639951929097,0.00205477648988171
0.00132481549676951,0.00152806470728761,0.00106435367319689,0.000519323331066493,0.000956098360261445,0.00297043130150368,0.00590054746598739,0.00520911634968387,0.0322650191123918,0.000541562033260179,8.16996196445327e-05,0.0068179531157474,0.00611009935500131,5.04961932188785e-05,0.00304797939596373,0.0387112036024126,0.00765428486579278,0.00858807411054752,0.00193814038379022,0.0176741629974152,0.00108119641220765,0.0156045541122368,0.739437597263541,0.00169658143578445,0.039848933284414,0.00139536052033148,0.00169001836684645,0.0220394313993189,0.0174075425210287,0.0097642125126951,0.00373303380057542,0.00334811290007671
0.00144073932330402,0.0059162390111244,0.000677810271255607,0.00664401139574999,0.0126946385410538,0.0056852580270676,0.0618253641442772,0.000481990212388691,0.00467352032803474,0.00562855942878768,0.0140374640657608,0.0180918786418191,0.00600216439100025,0.00119105816844065,0.000969851665314113,0.0185275431731867,0.00124153582200189,0.00299687174005358,0.0137951080797905,0.0397360236206587,0.0453492177211503,0.0172701776939411,0.106753796335344,0.509527263847867,0.0265431419188197,0.00892599117609617,0.0026410774736036,0.00679450611574725,0.0417396494541769,0.00100049445828175,0.00728334767950689,0.00391370607439599
0.00944489429367613,0.0263583738392349,0.00543333328306586,0.00744872685653145,0.0272740987375402,0.0579816493372403,0.0145982539880643,0.00253677669095057,0.153054243617733,0.00162764140003121,0.00503662957599581,0.00990697747687978,4.36216810166149e-05,0.000375743702875291,2.3267128595641e-05,0.105377856865603,0.0027248621068997,0.00157246897343429,0.00190668804270948,0.00295713532280689,0.0059082193370126,0.00518873594906232,0.00366871263052555,0.0129180848902647,0.477261343079736,0.00414634373319013,0.000675586026970992,0.00151401496211099,0.0197357001194653,0.000209721470453125,0.00435921904935653,0.0287310758309677
4.36993194917876e-05,2.88193413697731e-05,0.00041210782431641,0.000377204966998519,0.0035354804515845,0.0134959180602804,0.0297144588401811,0.00328908995975856,0.0031259030241125,0.0026693955057048,0.00120468573000678,0.0157147443797545,0.00108225678525609,0.00402265689679,0.00164979271743244,0.0143681554152743,0.00266296020519733,0.00370908865673727,0.0040767888136603,0.0092819437178699,0.00940243177573426,0.0188160639735045,0.0415928121752489,0.00158515349496216,0.0196802306331078,0.735913979061293,4.84584142691702e-05,0.0147770134305091,0.00473979376514234,0.000147965791941056,0.0299340828524259,0.00889686402008498
0.00334650055795929,0.000360672781101159,0.000920083286669983,0.00304842972930497,0.00449152021973917,0.0210898502396918,0.0177432863666469,0.00157448459753057,0.00523369975500695,0.00255222232105786,0.0118995283813184,0.0468837761631257,0.00618159902794724,0.000617058066667225,0.00118444624142734,0.0173286997309318,0.000619824819626995,0.00457189035498957,0.000791105442353867,0.0250805946751755,0.0442816042844347,0.0171032244157879,0.0397867682744928,0.0778378181283763,0.0154655361041012,0.0300706714268546,0.54630857434532,0.00525759781031246,0.0133890284705041,0.00206757417528103,0.0305194499961513,0.00239287981011105
0.0064200423869978,0.00900565145745201,0.00120675858983599,0.0189140679262764,0.0107684225656987,0.00850278521457012,0.0293064436771702,0.00229711970764645,0.00235177882259471,0.0074615247511092,0.0136241004189631,0.0765900375496722,0.00823893655194008,0.00260636240406945,0.032810563166158,0.00847680834638278,0.00293006303334403,0.00435432103294576,0.0013209096226858,0.000541096589471217,0.00911838688610253,0.0166344292531015,0.0148544865450812,0.0115035245864555,0.00858803140661689,0.0107693560094803,0.0134199536272025,0.545375092569784,0.0841814611551565,0.00723896710148588,0.0277180360879622,0.00287048095658702
0.00675899279981519,0.00247307828507417,0.00655826936151026,0.00481338261613249,0.00233497089946453,0.00215699386717041,0.00678613722622248,0.00922947579084985,0.00921975764166248,0.005816478848899,0.011485838639732,0.016662388057755,0.00443972289557351,0.000412786423508316,0.000751998339313746,0.0133692017896567,0.00209846988700589,0.00232238215937575,0.0134686567331204,0.0144682499577411,0.0042842225854251,0.0199143720829006,0.00292505836142833,0.0590369876584101,0.000135495820426408,0.0396384091858793,0.00164183955832993,0.0119648081242246,0.714363727915284,0.00312909882598518,0.00467397513903393,0.00266477252308913
0.00676334572829365,0.0118888363830073,0.00343826327781779,0.00135355908515855,0.00248130379924729,0.000252816434440027,0.00104466876908752,0.00262256552281856,0.0218320361711756,0.000361447322502601,0.000817979115009988,0.00131914707483818,0.00164390353832517,0.000536855639094583,0.0032109833444086,0.0228333395895166,0.00164520307367691,0.000257897790088672,0.00208391937416243,0.0119486623541226,0.000620830950634112,0.000446245231319778,0.00425166441068441,0.0138329971662928,4.18481433387066e-05,0.0099667263976155,0.00320640678283459,0.00217794355547121,0.00444315081682141,0.856285880364416,0.00312189256185581,0.00326768023192336
0.00125355366215887,0.00026197106804969,0.00409127953582463,0.00815682864669465,0.00237742871367724,0.0166883145520407,0.0253573719619975,0.00595432531857286,0.00462240812047231,0.000712127381089025,0.00171556235367672,0.0145715762052516,9.06189517688998e-05,0.00357527267326522,0.000772531456788562,0.0124765681762537,0.00367203990209958,0.00282429631631928,0.00552983422549872,0.00253225841163265,0.0114042329554116,0.00492932803182286,0.0097303647900115,0.0922858119775226,0.00173643947181104,0.066660405326835,0.0115284268835562,0.0177912336221595,0.0011342627031277,0.000272830392840408,0.658557486055256,0.0067330101565126
0.000926699205693419,0.00713317854918327,0.0039743134967703,0.00931547774051467,0.00910795719188211,0.0196639009708921,0.0370466047918766,0.00464949436765441,0.0173858677025934,0.00482359121863857,0.0017337061144928,0.0105788044713578,0.000647036457905119,0.000678359344550986,0.00291663197623971,0.0629328402745494,0.00386611407209822,0.0109610351767831,0.000674722164784247,0.0262094844181234,0.0296653416964934,0.0131555535628674,0.0378757384992579,0.00348281877968911,0.0122777391047101,0.00427288702601525,7.9991167095456e-05,0.000457678815814357,0.00285687954605588,0.00182585671371578,0.000660283918042123,0.65816341146366
