0.580488907314643,0.00477152160227356,0.00114505193251933,0.0266591396064481,0.0676884046262301,0.00174573789999504,0.100073482063874,0.00431510953898405,0.0181470411859583,0.00394408863495065,0.0123325328139506,0.00619140801804461,0.00624726551734381,9.8430030537839e-05,0.00366424072119527,0.00863480620573769,0.00272796427996602,0.00124204724250595,0.00110712024113384,0.0028922764996128,0.0355871291032054,0.00352256013392983,0.00788354093572731,0.00241830512583127,0.0176789838263645,0.00346298396139645,0.00460901732646347,0.0331903691497299,0.00342295464890073,0.000464696420593975,0.00310837978961321,0.03053450360234
0.00371088199834692,0.719247949085983,0.00127341488501461,0.0248447302105021,0.00161041256699648,0.0115351206889567,0.00225375605229236,0.0130207764155665,0.0309130009808917,0.0127224699119043,0.00024480625936007,0.0284778027134789,0.00132759476843668,0.000194464687800496,0.00427419494678562,0.00682592758941445,0.00267449211784186,0.00352351995037368,0.00563972154855037,0.0155511453523031,0.00341999606197892,0.0042262436466878,0.00517205052986471,0.00179274496944225,0.00118908060947544,0.0183951286523473,0.00085298470039385,0.0371780615917876,0.00937267873748224,0.000791267936776915,3.35798983779399e-05,0.0277099999345853
7.65765169655442e-05,0.00233331603670083,0.651986016195821,0.0968746429139526,0.00373762972827693,0.00507756791250237,0.0304305214406856,0.0415684596606692,0.0052070983604948,0.0103311767959343,0.0104568924542636,0.0150339723788165,0.0214167498360214,0.000253869336732839,0.00407510021793708,0.0083365016720524,0.00158103349354431,0.0106178879177831,0.000941558429249043,0.00350658030086091,0.00199119564536194,0.01881043734602,0.00215667641546828,0.00583728663926703,0.00243541261829386,0.00468393061047609,0.00529268425995279,0.0169142240672104,0.00232374022805671,0.00293085503176557,0.00409027868505327,0.00869012685380971
0.00163927277255379,0.00121105597169954,0.000427322715062907,0.752903226994386,0.011774386743184,0.0101957090187984,0.00861868132469668,0.0423171431742121,0.0137888646333134,0.0235857627954067,0.00132079263453531,0.0456990299876208,0.00101525595839774,0.000627215671661638,0.00165171024217353,0.00672857099537577,0.0017923845879756,3.02664346827369e-05,0.000887583722829405,0.000196015388526335,0.00306446473102149,0.00154696237742907,0.00676385128594427,0.000512900834581609,0.00371728529011335,0.00227989071012803,0.000148532518168681,0.0391727272621844,0.0135707185130953,0.00166010135998658,0.000461549185191519,0.000690764165063396
0.00251105912189371,0.0019472577371595,0.000789479422442965,0.0401123471550413,0.554792342125515,0.0413396029565637,0.0981414340842148,0.00685218514197637,0.0381162648161426,0.0110274918997272,0.00299399752282863,0.047048243622858,0.017203159536101,0.00267940837819961,0.00598392386801713,0.0481574728023424,0.00213406972096709,0.003250841847583,2.81233705946016e-05,0.00267516081718978,0.00499271146087947,0.00208494513666824,0.00152884183106904,0.00212528403705728,0.0078381865618439,0.00056191565329619,0.00129898743847143,0.0252919979633969,0.0142903912744797,0.000187169373233945,0.0113706912312741,0.000645012090971406
0.000104024272191465,0.000511015793720465,0.000638883173691496,0.0180117076163988,0.0234334275126074,0.572400459866666,0.0208460711491481,0.0245800835778727,0.0430298550315081,0.00773474717231086,0.00338070545244195,0.0588091469273659,0.00553914894437424,0.00153275287624357,0.000635827990848305,0.0607227084262765,0.00195751609825077,0.00514851501453645,0.00240128836228748,0.00117330808220491,0.0157570959667011,0.0175516495572221,0.00338828378801374,0.00237939685474015,0.0232088575604029,0.00120551648415467,3.81832762718817e-05,0.0553735305219295,0.0147280166476082,0.000708865984922126,0.0072070941113418,0.00586231590574666
0.00687572566567723,0.0025267601836305,0.00458510549264078,0.0014688196737978,0.0337524134073183,0.00424666502823821,0.866645076990719,0.00111125106389771,0.0228564093810018,0.00125015461578797,0.000176718905628662,0.014139345283903,0.00141059582062603,0.00268322543521173,0.000494234528778161,0.00182599650928409,0.00168113581137941,9.94051663936578e-05,4.6072332916008e-05,0.00152338471947402,0.00123522502757884,0.000196837080175014,0.00278324726603413,0.00196326946279618,0.00338182853935361,9.00661011408395e-05,0.00113730064145877,0.01064136953408,0.00384500119334395,0.000882422205370181,0.00396228376760337,0.000482653164761152
0.0030973379594419,0.00240030958153991,0.00468216990875306,0.0132792111979506,0.00138211693211899,0.00394480074964574,0.00524551386362721,0.645063584103255,0.00471132981845682,0.0404020541664258,0.000663632738309344,0.0829762003263518,0.00552468080541949,0.00307995768903395,0.00573215609230604,0.0014131883023296,0.00276601822268944,0.00216518595076192,0.00120059807795454,0.00227421965595095,0.0105768166453957,0.0123174814845584,0.0243728070241223,0.0023041050446296,0.00607380316767259,0.00221258886782938,0.00382577039694285,0.094933456045448,0.00548839174102697,0.00186712765597731,0.00232188047020394,0.00170150531387091
0.00398829191232956,0.000229842325906254,8.42119364137143e-05,0.0136028987556381,0.052869998704901,0.00884730326411732,0.134172624294844,0.00358713558227605,0.675399803460634,0.00296796163425151,0.00208547099424546,0.00357143565465922,0.0066592602265525,0.000117629590820323,0.00853373092633534,0.015617213131509,0.00345448308718977,0.000430847994061281,0.00254724563020568,0.00228248409433424,0.00678532488700704,0.00214634948745606,0.000305873926545452,0.00142037339771364,0.00422250614859376,0.00312803943162925,0.00155522036309124,0.00227387805532728,0.00551067421286408,0.000904937318493318,0.0154273609394606,0.0152695886305942
0.00213991938718584,0.0129266185234162,0.000165759121598709,0.0937850336422343,0.0413408232615046,0.0254266571663048,0.0383389609733393,0.099349841289659,0.0311946613165896,0.512296997163384,0.00208117842016713,0.00779919654251051,0.012518842102875,0.000605473694858033,0.00307962837350108,0.0184248669384219,0.000113704700138943,0.000690315024857128,0.00189336843372019,0.00398480901090194,0.00613404672156409,0.00194607979465291,0.0141362036575915,0.0024515918836,0.00460236875784078,0.00544580404888455,0.00298464817370337,0.000437107576420975,0.0324732900515641,0.00448205198452472,0.00271256221427287,0.0140375900482117
0.00220411298716478,0.00159878649382199,0.000151974522961016,0.0346317836748088,0.00180036298893655,0.00450284238558133,0.00250533386760049,0.00230326542493078,0.00651802835826441,0.00577886921485026,0.709123440703415,0.0259179706570732,0.00552891603802274,0.000733255390005426,0.00810870253119297,0.0165440772160053,0.000720510907830547,0.00402361108986665,0.000393188767321217,2.15226368656407e-06,0.035987318173376,0.00622430391581374,0.0241855051655238,0.0100765648316406,0.00026548819773565,0.000158533419906117,0.00942792991647985,0.0433331170019197,0.0206226632701826,0.00326990642698298,0.00953341177870991,0.00382407241838948
0.000416127102193509,0.00205776133819505,0.00229776231990217,0.0049465690662622,0.0254451046890547,0.00328184737615561,0.0123348034056163,0.00227018498391103,0.0363579473908629,0.00861739301548912,0.00454659972035482,0.678592865239615,0.0486107920223593,0.00205976768489177,0.00129360538174494,0.0329058051659616,0.00265810076254878,0.00362634744608418,0.000822353642303483,0.00361930052604207,0.00228297993282241,0.000333487750368303,0.00153735969896627,0.00175429926926967,0.000156243707994705,0.00508532425821139,0.0102684364413586,0.0362997778687593,0.0508259326229016,0.00159633634344959,0.0123602318253314,0.000738552001018501
0.00132793341419086,0.000621633691102581,0.00196471938336033,0.0274278079652825,0.00788621164731853,0.020852388409136,6.96766007108395e-06,0.00553451114344441,0.0499957859489643,0.0142975942997625,0.0115498851634573,0.0645776773250034,0.676194065450756,0.00250682387266036,0.00479081736602379,0.0280521126526137,0.000677533691157947,0.00217828876283789,0.000412349878438911,0.00217101152303539,0.00724661429295386,0.000518590471929236,0.00147026310111983,0.000318996643545463,8.82352468882615e-05,0.00138315359157506,0.00251367916426899,0.0561029525645036,0.00144011083734448,0.000779493771309264,0.00479637587756142,0.000315415188382221
0.00118153286441932,0.00197700264673306,0.00202837841272715,0.031733868084717,0.0165363515597116,0.0150528515051957,0.0112198353783494,0.000782397752758107,0.0104867345295425,0.0247909661214371,0.01017378037762,0.0227398958475336,0.0111261414507494,0.658383650607375,0.0316536668520924,0.0233768783852587,0.00163583891870067,0.00125514500649196,0.00935664085905905,0.00600278518111119,0.00098657925671813,0.00123471596441016,0.00161364940701054,0.0110664014487649,0.00354167628386644,0.00385658882582866,0.00536733959967159,0.0548836273038639,0.0091901347175654,0.00336976037170068,0.00869899329683181,0.00469619118218487
0.00141921387197449,0.000247002250957196,0.0010323894200924,0.0358061492214706,0.0327584494015695,0.0256830453073534,0.00672017009087992,0.00166115279739376,0.0871048177589597,0.0407155955188408,0.00485582801099085,0.0463661771942817,0.00744701856472118,0.00312986449164645,0.559073849206688,0.0547334236782019,0.00057741572779232,0.00302356570223362,0.000267746395398983,0.00407243935489251,0.0141269588381402,0.000968394123264644,0.0148930577249568,0.000981284265332011,5.58090990438461e-05,0.000280023212617406,0.00372570921616033,0.0343499963104501,0.00169556093437808,0.00319057260408673,0.00859349375596622,0.000443825949264333
0.00212261181789254,0.00622625645977716,0.00486757043674795,0.000220616737577475,0.0277621955211008,0.0169773069513845,0.0443721612787486,0.00809989036049327,0.0286137779977165,0.00207650098334938,0.00147106351113716,0.0099888988796126,0.000479229482176014,0.000399627200268727,0.0169687966567726,0.715671715116039,0.0038482079082797,0.00374635571325936,0.00177636701260814,0.000463750711725936,0.0171778364237502,0.0115149962468647,0.00669374420328824,0.00451727275303758,0.00710686030548837,0.000985717380016279,0.000982282350187492,0.00431914203386067,0.00140037442356402,0.000938174065419415,0.0134532171006843,0.0347574819771714
0.00211366704250258,0.0219425464921116,0.00186036201429493,0.0419422690319975,0.107141409556687,0.00441177453950263,0.0960088159585085,0.0132914957068732,0.0207703397531573,0.00503052465602761,0.00187015655901568,0.00637262515662821,0.000145289650422827,0.00041601867100927,0.00212573748853994,0.00146808970267446,0.625359073379157,0.00877061935009472,0.000284281313603315,0.00606633240025615,0.00249115184683604,0.00119974502613582,0.00110255133195386,0.00604198625171506,0.003489331790614,0.000915492436019388,0.00060657789744249,0.00474990968061432,0.0012818207588428,0.000116876716723107,0.00585719538828913,0.00475593245174897
0.010690946852535,0.00911391603427485,0.000138834685573921,0.00654983992389504,0.039828855864505,0.000539022669444893,0.021894100971368,0.000327574351407737,0.0314112074667708,0.0352496474482965,0.0168407888281558,0.00869565542422422,0.0209695925938484,0.00131705854141573,0.00321833880329818,0.0245329205921484,0.00188612655214409,0.66046500684796,0.00146691812279071,0.00306198825888702,0.0114270328774661,0.00189159621269262,0.00994473482475907,0.00887759517134357,0.00148509378996736,0.0011736902579228,0.000842690249303711,0.0374800990333603,0.0121684917775149,0.00169137645323853,0.00243193066549435,0.0123873278539924
7.59854273205921e-05,0.00189738781504397,0.00131658145852871,0.00967771811161839,0.0905558344674594,0.0298280503247397,0.045938532698091,0.000598129952557789,0.0563260467122508,0.00958489163044684,0.0101611236111501,0.00301758640133149,0.00260290006325605,0.0123335256575241,0.00376332485545152,0.00635982228239631,0.00240758192925942,0.00259435408732007,0.647064891161051,0.00998208667928807,0.00746098749846748,0.000162473852690931,0.0163977986661824,0.0024406626862633,0.00123673917371812,0.0084457653275489,0.00305834076515211,0.00463885857908061,0.00268420846591368,0.00272802539248342,0.000445272930393924,0.00421451133602041
0.000805391895950063,8.10840338414892e-05,0.00100436741138151,0.004322952387249,0.0073445104517058,0.00426927473931656,0.00103353836307065,0.000390564826985252,0.00460703717264414,0.0341166726881705,0.0102192924940305,0.0178117343205962,0.0106799118615778,0.00226238707215736,0.00488444272107711,0.00316297872614039,0.00156740615582203,0.0043425092088178,0.0068837585509303,0.76905630442582,0.0140898727951751,0.0024811614023601,0.0141029376817704,0.00515294716087863,0.00541496848611446,0.0255339996807362,0.0163909190164601,0.00522487517850461,0.0203220584980852,4.12109180956224e-05,0.0014095145163583,0.000989415158177247
0.000593203668323726,0.00117047525732093,0.00211352216803964,0.00650000050167186,0.0335899208856367,0.0160380790369298,0.0197799219303249,0.0103594553372872,0.0606716484008498,0.00331282790460697,0.00947305167549292,0.0068340019689212,0.00516919040749812,0.00447237303509027,0.00368427704600086,0.00682090085680297,0.00298573082896299,0.0131093391793056,0.0118618738188569,0.0269881293237442,0.571328644696606,0.00620233250735393,0.00721247497201498,0.0875097786279064,0.0284536670180027,0.0064284593989438,0.00235954662189115,0.000727203961661289,0.00317793613263118,0.000387424385571466,0.00430468851025718,0.0363799199354927
0.000335934109737154,0.000943984860257075,0.000838393206495188,0.00331101113115536,0.0555502704231294,0.00201109858692192,0.0640861522849518,0.00549284650584091,0.0370775716350608,0.00516588993602012,0.00513619954807871,0.0115710870963862,0.00783251586966341,6.04994697554602e-05,0.00258925859436015,0.00982732265416983,0.000234050341795144,0.0103803309833312,0.00913967530356441,0.0341503620112638,0.0048151050232036,0.658014931802435,0.005924022087727,0.0119735407584608,0.0244950621139028,0.000207200846388862,0.0058649636288641,0.0046515813751179,0.0128053106124948,0.00461686847624245,2.77530722938918e-05,0.000869205650930613
0.0014201026725989,0.00490170258798511,0.00093417905455379,0.00474263269948889,0.0215107227159487,0.0110603653174104,0.00661229102989863,0.00315364949221152,0.0270962928462544,2.62739285936698e-05,0.00129481517705512,0.0202904252077303,0.00705247033653079,0.00215140107927354,0.00329516808035876,0.00897898813641699,0.00123100451242678,0.00329356341483973,0.0171118448817376,0.015318288237803,0.0381470767629959,0.0173063326917153,0.708574341370464,0.0151770868266907,0.0245954622523567,0.00124702177823188,0.00124585535634859,0.00310014018361057,0.0108741158898794,0.000788165342208431,0.00623561461768604,0.0112326055186962
0.000663292946448724,0.000231306169433067,0.000930096178001485,0.00385526118432339,0.0211321776702871,0.00313365645987627,0.02387852074061,0.00256892956722211,0.0136975970509385,0.0165871793545794,0.00434225347574415,0.0576702729449987,0.013172211604836,0.00111063306049483,0.00239595945725471,0.00127199077075958,0.00190732993790955,0.000633547093646428,0.0015650808160173,0.00695249120341617,0.0470215585162556,0.00430414034904497,0.0287725064202076,0.626122296253,0.0104231551593778,0.00979309475159438,0.0330569556904464,0.027026190469698,0.0260114734173427,0.00187983684974748,0.00328930856954356,0.00459969586694387
0.01991735668747,0.0146172201625871,0.00102531211834772,0.000242161183324276,0.0765179808337953,0.0108158206905493,0.0960766578651759,0.00925526452150467,0.0482507028977442,0.000640333316806794,9.13797338729231e-05,0.00822158361260961,0.0026127541768057,0.00186468382042833,0.00407365901369106,0.0131651480779988,0.0022903188467371,0.00800396590435977,0.00853419269376233,0.0087314279166093,0.0148231024724066,0.00426355625713353,0.00328010852768758,0.0239552499212245,0.601255098999208,0.00192018716292246,0.00294931540429771,0.00214477535030381,0.0064270472984836,1.64603699868619e-05,0.00344524918300725,0.000571924979158545
0.00241227615285002,0.000649590582666209,0.000183478322039266,0.00711959397849765,0.0297339907804805,0.000115398959226762,0.0182319036380951,0.0027546145358604,0.0116688102291731,0.0112237235378516,0.00131368146592871,0.00953116622777376,0.00306677462517962,0.0010049333261632,0.00125167862972937,0.00610408245584002,0.000545472807827572,0.00261539441160849,0.000215636875685902,1.49564005121228e-05,0.0216811056653385,0.00941892387990486,0.0587459323367831,0.0434705599857948,0.0302678894175724,0.646435635708946,0.017840869227027,0.0436298451772347,0.00103675066820083,0.000914068888379072,0.0124728575728567,0.00432840352897292
0.00374304249188309,0.00354657447395105,0.00388066237435423,0.011519794807185,0.0276668820035045,0.00903491504293243,0.0109205614219378,0.000762229617331869,0.0187361053485842,0.0107966957224488,0.00426908147322397,0.00358054731788379,0.00581135432088444,4.24206261404808e-05,0.000340039703500878,0.00215993347444556,0.000208713560626923,0.00515865347417145,0.00191919030858658,0.0109102911253605,0.000590542730676042,0.0250507739590105,0.00297215738227375,0.0335860940773733,0.0239550629551677,0.0192004113724055,0.739189473723522,0.00694409221821501,0.00408395901803547,0.00159600608887093,0.00694100337465793,0.000882734410854501
0.000633307954705959,0.000378843396402694,0.000562396670228744,0.014118282995241,0.0267078178134954,0.00266937137620229,0.00766281615194367,0.00099453932659867,0.0363263428625581,0.0192701046561651,0.00406391033863219,0.0469150289542712,0.0170530231389528,0.000759126182227508,0.00524527481209943,0.0276750740512082,0.00108178310435061,0.00876470101206897,0.000143894191856798,0.000102923948577203,0.00272220607349786,0.00112495733358338,0.00393700426497054,0.00185247492637176,5.07814983297987e-05,0.00439069252561015,0.00133561285921409,0.737623509981353,0.0184830653326066,0.00222714529701555,0.00458610481307921,0.000537882156581806
0.00172203741432005,0.000571094389666091,0.000329976164042105,0.00102586269194036,0.00952137623874421,0.00372840889234723,0.00260489337031039,0.00295131156424414,0.00496848967052869,0.021078727079125,0.00254554941231192,0.00910050358757507,0.0134324264311445,9.69490751968717e-05,0.000942887062672304,0.00384299892505439,0.00041326692660901,0.000471604612847567,0.00132393007056072,0.0220365480196441,0.0116938653482926,0.0031210061521988,0.0234126371555624,0.000920900121623956,0.00769188878951674,0.000634707070542553,0.0132173628576141,0.00443966692135546,0.785714152915422,0.00892496299337831,0.0372734170676454,0.000246591007963427
0.00127307754584318,0.00279258006266613,0.000132352969244254,0.00213498014552755,0.0626387536715523,0.0076075290262594,0.0181873234958065,0.00489322793679253,0.0332678990516679,0.00487440020529576,3.67492392187166e-06,0.0545855872835751,0.0060792309438252,0.00130147487008702,0.000441855756202418,0.0135241133880063,0.00160516135314165,0.00414909134273381,0.0130466135355358,0.00635941781680546,0.00836896711308194,0.00346392553299313,0.00848403550562434,0.0133844037450329,0.000187096123915775,0.00996131194106482,0.0230024627153825,0.0161356921086389,0.0331319022906609,0.633818184418568,0.0109370418753272,0.000226631305219098
0.00133868671064236,0.000453501560265616,0.000902506991103457,0.00188655165649692,0.0670205101618565,0.00471151124041901,0.0375506483001713,0.00678890402854162,0.029079953380788,0.0309286695151141,0.00139867761077095,0.0772081363662137,0.0149351289442084,0.000225627619243534,3.0287627819127e-05,0.0051884764947403,0.000864382792199701,0.00110766067598275,0.00147241337012411,0.0225650226697357,0.0129937344398687,0.000648239581644817,0.0594864894250687,0.0052602357044493,0.0161391058390159,0.00853324539034145,0.02106497150966,0.0381301687979764,0.0331116525768682,0.00412587439664557,0.494674553525031,0.000174471096993026
0.00415861112858597,0.00143649348203559,0.000139083478630495,0.00129878431586015,0.00341074804611582,0.0030222648168223,0.0332475208723988,0.00103499173795648,0.0453693178186474,0.00218650403019674,0.00340014579379605,0.070849221954025,0.00430396716579907,0.000397566613633196,2.17067740411067e-05,0.00659162629007693,0.000795298938396332,0.000994950347663388,0.00387772594816349,0.00897436418672881,0.0085027703785666,0.0133458012730276,0.00218500182332345,0.0150741493307982,0.0216387738563638,0.00121004632233744,0.000241703344764285,0.0850027768423999,0.000915373665665146,0.000955469813823769,0.00540758387608857,0.650009655733268
