0.5985492414014816,0.007445503123874313,0.012006181864224062,0.020486233648508986,0.04904976288678344,0.01719431189401255,0.02910792279312617,0.013265571556350353,0.03841669564798958,0.007743945251260376,0.007682994903595274,0.014603087321544637,0.007911654290007288,0.003208624586313712,0.008752440711349925,0.01965298067702828,0.015494219205451513,0.009267004862041637,0.002869160666157125,0.00555465442468755,0.009086458017174,0.002397374656414475,0.009664418278580536,0.008616745060408881,0.010345777166680541,0.0068412383302276,0.0013607237008937125,0.021317621562453606,0.006036555659593388,0.0016259168725718,0.005597712939909301,0.02884726603930275
0.01601334417371575,0.368246830089112,0.020280289134535587,0.039338288203035206,0.08495823217358724,0.03865436324412139,0.0574479561415557,0.051615782973122214,0.1080068862603364,0.017724680854621276,0.0050634548990662375,0.014373311888931876,0.00180523209981705,0.0012624438069670412,0.005654696611405903,0.018008339339870876,0.010358371641275687,0.005980961481818437,0.001971261679879375,0.010737353065718838,0.0112596532040061,0.005809150216121061,0.0128153362343838,0.012564418690745939,0.011373639347285285,0.006751911630771839,0.0019027826974204905,0.016941884670990275,0.004638501350392412,0.0005127881248145067,0.003998899143445425,0.03392895492712816
0.006608016076491589,0.014486993164220748,0.5563056275750824,0.027452019652325063,0.07509484022100411,0.016231494651194764,0.03921717096466116,0.02233122699782255,0.046419700134063824,0.021196811440565597,0.005591920443749649,0.019627410132645524,0.007497436835859988,0.0019155161486123125,0.012441631169147111,0.009118568132357537,0.00932781133163205,0.003563838714489025,0.0029093964147484425,0.0072528217585743245,0.007441039546773575,0.003921549427225663,0.004603813409475163,0.010344745889190949,0.005743959111815324,0.00856747969371535,0.0032525476458535665,0.02511596937462866,0.007050219832327212,0.0012433584094907,0.0052813635269990744,0.012843702173256012
0.003650456005637525,0.003488660444877413,0.005683329547105163,0.44786057047273015,0.042461492804921334,0.026830728469706074,0.030661730357745387,0.06914055585173301,0.06512498216770536,0.07289676870469376,0.018355398467681226,0.03544782160431922,0.01890114049237024,0.003968304052132939,0.010509933316423026,0.029799148458423623,0.0062317427899491705,0.0015729877902403754,0.0023397658118029267,0.0036092907444349124,0.005166933949436096,0.006879742867993713,0.00823818892421405,0.0069016791596564,0.0127916234604529,0.007933136836056825,0.00399825513545349,0.030448832608549824,0.004943455009777437,0.0023825678378723877,0.006141635145589801,0.005639140710313637
0.006310336747494064,0.0070773050846525,0.007566326518138413,0.020883028263004748,0.39155688890776946,0.10245413127487188,0.0685191298535252,0.06786040820735881,0.06779830551939708,0.013258547314056512,0.0036105449025443373,0.012320924108611813,0.004451539747711212,0.0009754074795163749,0.009776647097251612,0.08940542264038795,0.005993645339042912,0.002693025466568388,0.0013433850991652395,0.008663053693677515,0.012443959309975574,0.01316173702523125,0.013963939701396902,0.011715360683627113,0.012541615575180048,0.0037884809528538005,0.001422502202591976,0.020221614696506747,0.0040216429830873925,0.0023854387412438386,0.0053401983362860875,0.00647550652727195
0.009583016799481148,0.0047550069274019,0.010461328653129563,0.017557827115413465,0.03187480535810875,0.5663588235327915,0.04176881064756543,0.06346108204513493,0.06677045744132191,0.008487768466588176,0.005199436780117863,0.01443961268856304,0.009303668297074375,0.0006388860533938747,0.011437051449277473,0.037878908835604776,0.004875458019269242,0.0022738674020626876,0.0014030443990364501,0.005506011608902838,0.006329858426064001,0.007361528526264626,0.006893098105702824,0.011357770496870163,0.011248584189019376,0.0046625094571784275,0.0008109213580473891,0.015397792038901362,0.0048100693987996376,0.002263075290063675,0.007591752793427512,0.007238167399421137
0.010554755691107474,0.01007916459927665,0.008479580914710938,0.04361516675565573,0.1685688283969658,0.026545756974872575,0.3205090190277304,0.05422675980643151,0.0921959258545719,0.02509693482517084,0.006657988300916738,0.02244866770933195,0.00427225344947685,0.0020353648710711,0.009370141260459113,0.03550415393473546,0.006135727795261763,0.005311168266002087,0.0028514699526643503,0.009375683481870773,0.018012127044347088,0.013486464349066562,0.023975001073721802,0.011990786857136912,0.012339192674850582,0.005882222642571605,0.0032253321771888504,0.020915029652178722,0.006882879931286087,0.00205967808648615,0.005961403732052213,0.011435369910828861
0.0027243313757543664,0.003233525997806375,0.0021508194064329064,0.029226294881778053,0.04885358909749435,0.030660699225513302,0.03975811987517749,0.6136207418347768,0.061358799048905246,0.04205183135800276,0.010332197199339975,0.01403899745763285,0.004501471516286675,0.0019128328256277937,0.00344512667223245,0.022562421374617385,0.00273056814434895,0.0014842415433745206,0.0014880911847984751,0.0045292897841210005,0.003976227226484387,0.0028107263200870124,0.004674108925970775,0.002395197486374725,0.0073986254687914005,0.0063496856941871495,0.0028436598021080216,0.015820603186774862,0.003296693278619462,0.0017754341151544704,0.0030127179444292677,0.0049823307469956625
0.006236613158295525,0.006226300175573201,0.0019052616226082374,0.027882744819713003,0.06577443120222962,0.0578210444733013,0.06844122042530552,0.031380108425960535,0.5413597647433769,0.0086873156717635,0.0066570263548444,0.027065931928988464,0.003571598516367487,0.0013798159497953376,0.007491359043503564,0.026821307901896477,0.005240920516631725,0.012353729920616213,0.003395030101592925,0.008178107214524038,0.0107378792412346,0.0025785081306667497,0.004043006767950088,0.004661571419131262,0.00553768747969205,0.003984831086122437,0.0026060257863429123,0.03096177445616026,0.005156883230795937,0.0010629391206637374,0.0033368320356071753,0.007462429078743837
0.0028058029471471108,0.0012374118957894,0.002570595444297162,0.07188647679999642,0.0366422135565273,0.015507836678614587,0.02423065457433934,0.04436501850746449,0.035862510947178225,0.6094945373736322,0.02420142617554839,0.0237923373656906,0.011597911390858275,0.00133544060426885,0.006616412650187013,0.014988572402355887,0.0036351905465701875,0.002094683948791875,0.0019273031288805306,0.00251799881901432,0.003536117990110887,0.0014874820389981125,0.004057487492899237,0.004506386521628616,0.0056357760974093,0.007645380234224451,0.002392430532250308,0.02040326114994852,0.006798574971269925,0.002051932266019338,0.0016270417224373,0.0025477932256507754
0.005675852771963037,0.0031827932784391872,0.0020169296878803124,0.14073418398465834,0.032568222177029385,0.016706558841675524,0.05185733477065342,0.028015285228610694,0.03367379972545308,0.05688890086048713,0.4046901193230461,0.015096974925363637,0.0607695110907214,0.0016860856477729086,0.0100099958210818,0.03939154166650547,0.004532342838023624,0.0028522383054602717,0.0037325320434835876,0.003930256696474175,0.004250854885591187,0.005246455860256544,0.003277464257449975,0.004934331263161092,0.007487508011745887,0.008169960387438441,0.0018786940685520182,0.024879500652920484,0.0055397807558927245,0.00321838445090065,0.005576025394956825,0.007529580326350225
0.0038822321865484813,0.0009491316613935262,0.003678910428405175,0.0200711338493943,0.07064613164809087,0.007402694928254903,0.05002707588738119,0.017076026588713662,0.054092897105435,0.014286728099470214,0.007829471401267638,0.5166303561604868,0.026379429489917824,0.004726805717399391,0.011181211079845538,0.006907406736998337,0.008575257047538977,0.001324351089818973,0.001993138687118725,0.009596615221930388,0.012907201496604424,0.003239713533998401,0.01293079417956835,0.00299594535705375,0.013630929524596862,0.016412951729398176,0.014844196703261687,0.024875433675367674,0.04226853412399225,0.004743555689778938,0.008455615730297763,0.005438123240671238
0.004353669319869613,0.002140599680019325,0.00129284168044135,0.08846820405395772,0.024663564731859624,0.0086375756585938,0.046015227739916564,0.045866543399098805,0.008184087535450649,0.05296344928204431,0.08138626544538713,0.11591149449456625,0.35817744169113663,0.001608595702691775,0.011600955902866701,0.026447287761003743,0.0027283326411885376,0.0023121906631788165,0.0017615366889542376,0.003843040695082081,0.004631269579956741,0.0035448323528973966,0.0046519795651029875,0.0028412853347877373,0.004241241462424906,0.0038450138979821873,0.0019603103046513704,0.0642395989263237,0.009416280097214038,0.0026539579265506996,0.0030684132173079,0.006542912567491749
0.0020850996732786503,0.0014488584857859773,0.0031872432377963015,0.039796907215479405,0.03698794736722361,0.004164917944977175,0.02457655466265899,0.021314517081867577,0.0246336793011645,0.032947404881104723,0.016610414122021952,0.03672998452815307,0.011646218327046175,0.6033709960716307,0.015349993333433214,0.005011482252256575,0.0035432776011611747,0.002210412838798725,0.0020695317758048252,0.0026938718475862625,0.015136663660945841,0.0030450387104799877,0.012030920097333624,0.0075295427436392,0.008400382756134625,0.01008064435749475,0.0024406651074022124,0.03477324611429958,0.006680246132574038,0.0032489745320775127,0.003458312154743075,0.002796051083645156
0.004132469712807749,0.003119293520428825,0.0019195494742487624,0.032236699572316806,0.030518172580018176,0.0051107190069815496,0.033816150946724514,0.025932147537447194,0.013453510710280225,0.020437108827211878,0.020506899750346825,0.03451964405852071,0.004896119929874912,0.0019765744490135503,0.6668969852703801,0.008973617640891687,0.0039866699587015,0.0026826324665364214,0.0011550969492591372,0.002980628628812262,0.0083385776931063,0.003724762099742175,0.006594969814420363,0.0059007473271468006,0.0045024601516577365,0.0028004702508587502,0.0032953674503496625,0.02658156173081831,0.00648585400541385,0.002568556193100988,0.004935132453155151,0.0050208498394265525
0.012028374192555286,0.009999191387479825,0.0016555655562668276,0.03342427966758543,0.15267751535976404,0.05340300288756148,0.11381391096677361,0.07411728938620406,0.16386298602893884,0.013862346843102898,0.0046462534101532,0.027953003114546578,0.005191854412955612,0.0016194616381259247,0.007589907467894913,0.18911212420666593,0.005069088642194387,0.0119579155626819,0.002243134538781325,0.010865860077210314,0.0092203325888024,0.004770753987736,0.02071962706911229,0.006185676914967237,0.007544271821252649,0.0065898119330824595,0.0044230426921612566,0.02184018327303425,0.007287939063219726,0.001165898668625251,0.007057910951861624,0.008101485688701626
0.013260826893571024,0.010120309556690726,0.008698637233415199,0.014353484430960363,0.061687186435352065,0.028997363574838706,0.043191599817884785,0.01268887630601655,0.0531932008028821,0.009872809600975438,0.009416056907213075,0.02403867311958616,0.004402456444259912,0.004001808486903163,0.009414894230079351,0.012164600693450026,0.5064188189192345,0.03160785342418891,0.003507288296113386,0.012684774677160587,0.016507266875616326,0.004790027475053488,0.006653943918363138,0.007727829467506526,0.008907975473548737,0.008570368556270963,0.002843131800410466,0.02169459536145266,0.006056621165078624,0.0025175807961007753,0.01018280800885355,0.029826331250967973
0.007616291063907937,0.00913490156697955,0.001802793827661766,0.017704468567225476,0.029863956741301986,0.01134011034550021,0.0199578209188238,0.012929232916321774,0.032947520135733904,0.011495531897678086,0.006113112436719434,0.031207488669242424,0.004190994309123,0.0011864010961187734,0.006388882529165353,0.005643665612591062,0.015173039688806086,0.584439352975001,0.0033082874309562126,0.010279377150439549,0.03018319545653914,0.009154510415826524,0.049137505472616354,0.0057498945327902375,0.01582047118350701,0.0075220999564859364,0.003739726504878137,0.02681932275881935,0.00807606162653795,0.0017186265618115751,0.0041463199954648745,0.015209035655424637
0.009715487016992375,0.0028904121040102004,0.0023093642625324007,0.019194251728192523,0.03988183756016794,0.016585086530235375,0.0282000497850783,0.027059544478879663,0.05068870573624086,0.005895198231680717,0.003528619442268875,0.036795256783426905,0.006292895064462374,0.0012361881599254748,0.004320055762648463,0.012811930043867612,0.007452158788279175,0.004283958155791336,0.605049560875154,0.0023388942856844876,0.011672946792358965,0.0067561971984129495,0.01482832041681226,0.004742304418363463,0.009991026175499927,0.003381102809730475,0.0070525829657386244,0.024826123975848075,0.012969579052666613,0.004448282189582025,0.007478503012548124,0.005323576196918213
0.003534468058331438,0.0022557947000391874,0.0037611810366585,0.016000717271015926,0.025221320012165777,0.01960862896912931,0.03648685814767706,0.006217757900041088,0.035071869591915696,0.009026154094867926,0.010650318591937701,0.04241461058836149,0.0059698075167467874,0.0015485356598984,0.008030368082899125,0.017786175689124537,0.0025167769295596377,0.0024632676646896747,0.017355090107316624,0.5155149592756636,0.0230866433078926,0.028385083233043337,0.020951573000781164,0.014040465491275465,0.012256455171932624,0.06245500716344907,0.013020838375415112,0.016921427720435415,0.01125506051000565,0.0027974533635658216,0.0074014402192753605,0.005993892554888163
0.0073847025076555,0.0068905186606153,0.0014528901552295248,0.01394441641181597,0.03320920156775571,0.005943263912216378,0.025587076392009963,0.018217450946523786,0.03843660925349158,0.012842966675008366,0.010320962316780076,0.019958052588004187,0.0051336820088585125,0.0014546295639261374,0.007000074030214049,0.018642306594834276,0.008986426628225137,0.0066227283722450755,0.002036916504582275,0.05370797697190121,0.464726202010309,0.004059062406184837,0.011116957827333062,0.08943716995117122,0.007420466654951187,0.024192299087556136,0.006195790132726175,0.011412412648329337,0.004571484979369691,0.0028971697984603003,0.007529487321015062,0.06866864512070026
0.00504011676723405,0.0021438511326349126,0.0036105258005518126,0.0388119931199593,0.07334295550708138,0.03737006349329505,0.024086516885719722,0.03547558850597871,0.09626324011840141,0.021742394020213728,0.006045774427336286,0.016435297823609977,0.006332786897435087,0.0014959623623777875,0.005969733890234913,0.02890164009356895,0.005655555221210725,0.014218810234943837,0.005662087056281613,0.059442361399429114,0.010430553616517813,0.31649201012192224,0.014873155639607824,0.028369691848918115,0.08510059891363936,0.0104829744099504,0.002561004726770681,0.015192492381210974,0.005036151731412762,0.001988577472433162,0.003945860364719638,0.017479674015398086
0.009182123674006362,0.008181000117576356,0.0021399602557314375,0.014274349965399674,0.060683091919283734,0.00817653568017795,0.0524956799264831,0.008273989585877837,0.11965335486892612,0.014746245734263978,0.009593241080589163,0.009491431445118438,0.003968192872857016,0.0020571233355598053,0.009738987358226564,0.0273386605078998,0.009576211991810298,0.005414769679628112,0.0038427747479165874,0.02722354637710381,0.026728743041592347,0.033177588225937374,0.437834100358516,0.014486627613301988,0.008580951364040176,0.006059142553999238,0.003988164592285363,0.010484835494307978,0.002928971691151566,0.0012659309616634157,0.0049227718468657375,0.04349090113190186
0.002509470511658937,0.0032119283058947247,0.0018244342338887124,0.03364197657964784,0.05511430533309254,0.014037263436670474,0.03754681319095313,0.027157669022729498,0.05833952418775968,0.016399543213788816,0.004501467781215013,0.025028746177711236,0.004000939646107576,0.0008388850045851886,0.004837405288852887,0.020763261450712965,0.004444133842044162,0.002981990907821538,0.00673160771517655,0.03331638290644734,0.023813292588561116,0.0104867479333171,0.01949721085896775,0.4606884908399158,0.04025577473958947,0.03061516448887175,0.011381602226316338,0.015849106690311737,0.004237040615346,0.002996935591036975,0.012441150253386825,0.010509734437619713
0.009149324397792225,0.006952976634676725,0.0014813712290398459,0.0163695750767463,0.029690938294449163,0.014161725634200189,0.05795648433529284,0.035758984459384975,0.026561639539793833,0.008782561520456688,0.0031389414065966,0.057723423183284724,0.004581285570134013,0.0023944811625516375,0.0052758743668432475,0.013385522587127763,0.010610806254917612,0.011122848442234963,0.0051750534992673495,0.0274456591823825,0.011565887267915388,0.012878001129281976,0.020957046396931623,0.03450582861821847,0.47990944815176695,0.014598524236507485,0.0031852641127018003,0.039192994791489084,0.0152202253931592,0.002644452180248563,0.004946452502759138,0.012676398441846376
0.002551793197928075,0.0017114519854346374,0.0020293227620665375,0.029684610787962255,0.055807857470549754,0.006115643429524138,0.03250523619474165,0.0136844818598749,0.03405146881797008,0.02084506272586581,0.008413761382056377,0.01738072793135785,0.0014738085456939374,0.0012940675815511908,0.005530137377225813,0.007119869894203875,0.0034164795747059253,0.0019852231735836747,0.004318720912195475,0.03804929297585807,0.03291924439075952,0.006012061202446388,0.023958243033931608,0.014869625619742975,0.01060301253401395,0.5786014212412308,0.013503027999045738,0.014619940073548702,0.006924933539086062,0.0020903419216367373,0.005522463145421925,0.0024066667187845883
0.002029838788356625,0.0009587501581014126,0.0018491879240225126,0.04220226776824812,0.045922090975460184,0.007895064433251523,0.020133715449885188,0.0211444012322314,0.04063172555248767,0.026096019691101688,0.010521921285748737,0.025973315012470813,0.0033482788350114997,0.00045226008961227063,0.0032818590262542625,0.007417650997960162,0.004534094396962201,0.00159220081840815,0.0021687036274839343,0.03614419344722245,0.021334863644660685,0.008202316619243526,0.0174127627135911,0.016232289305216974,0.01778141906341931,0.08836041105498198,0.48531511779315273,0.013736917496613012,0.011175429096616226,0.0058929743809179504,0.005628134010161901,0.004629825311143012
0.005609335913943876,0.0013650181218102585,0.0041427122363777,0.036683156158361,0.09098627478456754,0.011804976228652064,0.049643549042873394,0.0263364136024922,0.0904292323514242,0.021110234161350255,0.014160923249468877,0.08262132348481149,0.022485105357811352,0.003072547814295946,0.011739432643339287,0.008599212509956163,0.011964596754928163,0.0012207870587728376,0.002167645595853037,0.0102573315785933,0.01265405424705475,0.0020528590969752193,0.014447648770805226,0.0025523731982692497,0.020924144734603464,0.018554530293540827,0.013275828052267211,0.33956976008042605,0.043367844435645814,0.008437105792398149,0.009111066496764388,0.008652976151566301
0.004965132045317281,0.00143547263550958,0.0016892553377537626,0.03446782960465146,0.09131061569284522,0.016364619896349512,0.03947806420699457,0.02631453865387169,0.0762742060947724,0.024068030928241873,0.015240307240927687,0.020184875251854688,0.012171903109963852,0.0013425069128820502,0.005535839737624437,0.013066126825953473,0.006607750194673888,0.0039880053786741495,0.0022510397766424307,0.011826496620496726,0.004791002926302981,0.004507767980750462,0.01479772593998855,0.01885376697837405,0.02044626874731944,0.013163151663190563,0.0369001343635006,0.02562590874559046,0.37210188821075757,0.00732610633259165,0.06407160924423214,0.00883205272140005
0.005801738241756163,0.001807879325071106,0.0020515662625313624,0.038250709994071666,0.04079247798056725,0.0074708152727958,0.020394860248512777,0.019001876187684574,0.03302359186992123,0.014084348697919736,0.006406993243177938,0.022527051774264888,0.003231809992490725,0.0015384692757999,0.004767689971396101,0.007707473407097237,0.007464164208167438,0.000980181620335362,0.008759701038013375,0.015404657830815602,0.010954998763404774,0.0013939757997424623,0.012209329219108275,0.010905809846133088,0.004717350578516437,0.014643042975144288,0.0047119065758967505,0.02177515374288755,0.008400403843285288,0.6128817647910729,0.03338408517629101,0.0025541222461261627
0.005089652727430663,0.0013809744086930719,0.0015716208995689126,0.029239845328693163,0.06864914568791244,0.0076767886953504495,0.03250355851448301,0.025280711803863775,0.06008041797262495,0.016547287237574114,0.006327646720107412,0.024802623488734764,0.0060772895504648755,0.0003502061073539747,0.004143654702133575,0.005698661663747925,0.0056284139958579,0.002205487249596425,0.002915848245494895,0.007706727560122238,0.0027826695605744143,0.002639848163661037,0.010255141676513512,0.012800699805741925,0.013256230042569489,0.008764489491552075,0.008143635275638526,0.023156473738704175,0.007657964909810914,0.004083479786257337,0.5867493446676749,0.005833460321492125
0.010432396382671488,0.007812869873002549,0.0015904775339966376,0.020850173732900337,0.05485635299142568,0.026741379080378776,0.08870761451485866,0.04362697187176594,0.11163784036560741,0.0066110590827114625,0.005720413904402225,0.051848880974062574,0.004774766322119062,0.0015861879461551288,0.006096966875251125,0.023951687765519376,0.0106831206907948,0.006413261400662401,0.002495033836062712,0.02886123529757097,0.015266975080058268,0.005741936395061217,0.01858593188270276,0.0610214932552108,0.0659866598742501,0.013690136101746263,0.00363236754141345,0.030817065827576214,0.01999006350816881,0.0017960847391504252,0.003671397973311675,0.24450119737943016
