0.739094264722828,0.00262446271624073,0.00128768625693943,0.0126067918104668,0.0109879409823686,0.0104075841679216,0.0174601901197444,0.00948037338762008,0.0157526962631448,0.0164004276243046,0.0240041815854468,0.0273539451499445,0.00886723023868221,0.00376965372945503,0.00251186080062696,0.019304243612577,0.0046913726492107,0.0120064572713751,0.000482707026953147,0.00293115896590554,0.00128460815008428,0.00306348011273072,0.000537958129177569,0.00460681746042176,0.00609387124905766,0.00169614373038697,0.000374096553333501,0.0191474486473287,0.00280148676315422,0.000550561137981383,0.00334825929786902,0.0144700396867184
0.0144289880369463,0.269921231571449,0.00949712844869936,0.0917292033799165,0.0932102538897772,0.0634429544331316,0.0496458120167639,0.108753568182615,0.155096221994788,0.0281892710093732,0.000961083277544266,0.0221397982157774,0.000318260001747554,0.000451126749632245,1.00994011857253e-05,0.0344881677172056,0.00432372287210191,0.00408089133458968,0.000619009170588967,0.00167591934865493,0.00110316895277454,0.00302806682471626,0.00751295578329909,0.00139807852832295,0.00111502997658154,0.000875048789031791,4.34570556358265e-05,0.00383008463167661,0.00131902342894494,0.00021221968329129,0.0055619058519208,0.0210182494413155
0.00378573644824059,0.0121784177492355,0.612933877306882,0.030781892813866,0.0321376741021401,0.0116928306586693,0.0674886729773758,0.0221002520991397,0.0164509113094092,0.0663742307527899,0.013898696125379,0.00896612343944648,0.00515194246743549,0.00096898839594679,0.00101357743231423,0.00771269503255534,0.000916884593229554,0.00127082548864728,0.00435286074895634,0.00726393910211618,0.00137244369914833,0.00373413066675954,0.00931471136632691,0.00743995422045433,0.00885859104672971,0.00130673444468785,5.15298473505646e-05,0.000337721019494198,0.0181797882359201,0.00191126372736909,0.0148893963175264,0.00516270636445768
0.00406450164088695,0.000567889748750813,0.0093211311815142,0.223699397297968,0.0596170695358917,0.0405660922377482,0.0309108250853512,0.172404490583063,0.115451917054897,0.167157661731699,0.0269760416021163,0.00801231164021574,0.00634636475958981,0.00104989901114711,0.0099483065199436,0.039234996075772,0.00985611490184567,0.00123747716328049,0.00511075790574896,0.000380066892548114,0.00228938752950343,0.000243128128916364,0.017673104758983,0.00203316034412928,0.0174928087912156,0.00424207694208382,0.00371047534368059,0.00657575359901023,0.00128357183693741,0.0028157816305364,8.37466233531064e-05,0.00964369190167406
0.0111288728643796,0.000990202566000171,0.0063755108393461,0.00976598145578738,0.26852574733924,0.168072149403065,0.0791980586771024,0.0871318977437576,0.156100231252405,0.000428484921707346,0.0126520939087318,0.0176551270065255,4.03272734468017e-05,0.00183355026280757,0.00252424282849392,0.100584741863943,0.00370564284326914,0.00415635247362856,0.000269415878315783,0.0021919569128394,0.0146695041721898,0.00894709823331665,0.0180889134054312,0.00214974277604767,0.000485008126639116,0.000925926544919606,0.00059691211076946,0.0138082483420067,0.00285492901849949,0.00230900856465446,0.00128770838844056,0.000546412002293065
0.0197515841257221,0.00161056006143016,0.00538647092313512,0.0110766796956551,0.0391925383265246,0.507479529390938,0.0683267838728286,0.0750615044472643,0.109062323271681,0.0102907553106831,0.0168031107975663,0.0118703542838454,0.00740107405122599,0.000860983479024798,0.00175492886499569,0.0270155103987622,0.00856455824407102,0.00420193250942753,0.000724851999394118,0.00494319398909979,0.00565266096256302,0.00815698775478102,0.00638368227803694,0.00705782253793054,0.018351635332271,6.20314975996151e-05,0.000913234421591906,0.0167455883697314,0.000247238966869874,0.000930421607612026,0.00321382115672572,0.000905647071012033
0.0162061560199772,0.00223892539996824,0.00336370524594712,0.027349199841289,0.224683691863871,0.0473675152147273,0.325329296368934,0.0671448581193035,0.117769958468886,0.00423403434633906,0.0244430996986088,0.023998063528843,0.000185590571316709,0.0028877960828466,0.0031214561715549,0.0379232642906306,0.00651416872842897,0.00168562529986561,0.00193003395352412,0.00324007196882336,0.0115510610069849,0.00950222246472696,0.0192514851912637,0.00116585044175667,8.1981891257656e-05,0.000639677031137112,0.00342643679767225,0.00521751556749257,0.000889223916027915,0.00198845451052935,0.00449168728982209,0.000177892707644888
0.00390260232859945,0.000622507998677674,0.00297824818356871,0.0544052213910181,0.0744285976451696,0.0419020919005062,0.0482935662748441,0.547574383298383,0.106598902263701,0.0454866904607497,0.00847966561603933,0.00401361920249179,0.00026569382392487,0.00016173059878727,0.00185550416553318,0.0222140156543632,0.0042020063691152,0.000149270572840771,0.00186907825210404,0.000534821715294391,0.0017564839687681,0.00151376203450819,0.00877940611974794,0.000320451795902685,0.00831373360542842,0.00155370496895324,0.000651599037450044,0.000472100658110386,0.000648320893608976,0.000987906509558664,0.000350380497877654,0.00471393219437383
0.00147081383244227,0.00121785247723183,0.00430501371874656,0.00697555660158296,0.0778838318969459,0.103026123619113,0.0399712904686051,0.0281678860609861,0.62649442322017,0.0181382656535723,0.0163778539891414,0.000147783284501057,0.00305276201380061,0.000184977450448178,9.54186615526121e-05,0.0237859258469251,0.00443614482476575,0.00927456822757784,0.000690868340329332,0.00206891457011204,0.00516889580505367,0.000619436180241185,0.000656568936549038,0.000368400174810176,0.00189710442500347,0.000451059059521624,0.00201326117242297,0.00403548273613842,0.0108838308820848,0.000853643678127198,0.00342817997649075,0.00185786221500675
0.00276931491983225,0.000584726891385547,0.00135956987340429,0.0959544846379499,0.0238864235153882,0.0282445304175034,0.0275202007416481,0.0480689467305772,0.045654401342147,0.619321476863442,0.0237900718934473,0.00274307594154526,0.00957210261355629,0.000674270514450553,0.00487567059947574,0.0192364815801634,0.00672804896791342,0.000968490294853273,0.00169318084562931,0.000696440650884188,0.00202664192298774,0.00164443577938132,0.00544650011614195,0.00203847312282985,0.00926745600409262,0.00212437534608887,0.000968989675943028,0.00422922965705113,0.000984588964071401,0.00264500080817394,0.000282304887692708,0.00400009388034901
0.00553014308458636,0.00122783178964492,0.00160201645052209,0.161571720292526,0.0300362685070805,0.0321582930116618,0.0690147133445423,0.0360731755556718,0.0564549025892747,0.113101292556874,0.294102689026715,0.0291504403335994,0.0301075653541603,3.65309317235679e-05,0.00269937939127668,0.0476843272692476,0.00984433997870751,0.00106781219164984,0.0014494327853346,0.00340583493973139,0.00470719522456661,0.00765464429651544,0.00903911165059631,0.0022281120110982,0.012009619093833,0.000957347004093359,0.000948210989255846,0.0160559751556907,0.00486661785945756,0.00401723828333559,0.000328092954402579,0.0108691260926243
0.013187748604768,9.71786644213093e-05,0.000767303300382598,0.0261566847189846,0.0717882026741549,0.0179995876087908,0.0537954067953886,0.00712082692955503,0.0540843461340729,0.0485553837387542,0.0129447454345636,0.44101823795258,0.0192117209819112,1.46315002222263e-05,0.00313193440816517,0.0158493535212999,0.0211644498493938,0.000772574417726751,0.000112113786670848,0.00572264456167775,0.0188141241236528,0.00038216161235248,0.0254591881142274,0.00504160696712747,0.0117770649245454,0.0234191339338897,0.0222770887300885,0.00994206292918918,0.0522943637578356,0.00200298235041242,0.00999343429931936,0.00510171267387607
0.0101667013901891,0.000980454587902984,0.000437422819672356,0.105075430249581,0.0239419301590573,0.00585776209055474,0.0569786901462364,0.0524519489564346,0.0168224786182524,0.0580841177703822,0.083656294226061,0.111547632530768,0.302545905411466,0.000786483923659788,0.00789765207181289,0.0246985927439802,0.00884155789135367,0.00109386991477536,0.000143125691133538,0.0143885304969769,0.0118151616090692,0.00467960019284668,0.0052346680007438,0.00177409060724363,0.00334605705792718,0.00254749098826209,0.000173532338511492,0.0573156965073434,0.0113579586666769,0.00220317121272482,0.00114596356002214,0.012010027568378
0.00247474545530074,3.827072381502e-05,0.00405782637415774,0.0354204094947185,0.020592271217838,0.00560468496655135,0.0193260983340447,0.00448227445348135,0.03394320304813,0.0776757781740531,0.0223055374828328,0.016876871197236,0.00631217134410571,0.618231100970772,0.00219059456399406,0.00167769603018049,0.0112071977573292,0.0026467194089628,0.00373173502949836,0.00169809066949327,0.0121832086294124,0.00222180771201068,0.0210154345590908,0.00516585108213779,0.0136065815409658,0.0183887630735399,0.000556914001682728,0.0179489117538495,0.00105355538283259,0.0067640436447462,0.00837700174039932,0.00222465018283706
0.00551719054857612,0.000264729574776639,0.000290471519018401,0.037957616506079,0.0279988632867561,0.00142055251089326,0.0435683353968363,0.013966193175623,0.0181661515257773,0.11210645385863,0.0572936542981803,0.0104085513775332,0.0022753326405064,0.000706711044039636,0.626198727216532,0.00256318602037541,0.00604901516922684,0.00142215311289205,0.000424101960045822,0.00589472133569492,0.0066874187490539,0.00140506585098829,0.00162632838411441,0.00131838996888317,0.00050796460098435,0.00204623230649709,0.00112811956146509,0.00572806577226014,0.00141085835387638,0.000632647402520972,0.00163626502262863,0.00137993194873514
0.0119443392636,0.00235424527818551,0.000978481957304286,0.0528961462812441,0.218407595907879,0.0739892774990224,0.113240189006212,0.0994874163744867,0.247271113908927,0.00775954597160661,0.00372454496575876,0.00186824484452868,0.00135502660855693,0.000575389100261238,0.000189442130765977,0.112344602651775,0.0071971686014911,0.00838327080390639,0.000616497147796265,0.000436820433207706,0.00435532267842897,0.000826284339264103,0.00731064402150945,0.000730564980941036,0.00525251078652737,0.000890989395370614,0.00427077700393447,0.00281636468054488,0.00366882187919635,0.000318502615020026,0.00280644478374933,0.00173341409899795
0.0008133291829185,0.0122262691524201,0.00183194196209447,0.00319389192719351,0.0702357952239775,0.0391593416812652,0.0567047511520166,0.00333772513220905,0.0584261840636784,0.00560543571643937,0.0142756901010996,0.00193686630021755,0.0140017452950632,0.00362415879644673,0.00207232842068328,0.00977405531598075,0.636516371828572,0.0136041199272037,0.000697435601910971,0.00282632252196937,0.000139276764573551,0.00241075880400246,0.00116729996154936,0.00626940315728448,0.000917092843461953,0.00147109220070081,0.00136463745689545,0.00584743420481337,0.00577670489250037,0.000455709927383607,0.00275490173458182,0.0205619287488928
0.0223292026555814,0.00459706748728273,0.00360351368290819,0.000749826723206886,0.00109073316553271,0.0258697264976642,0.0177954291356778,0.00467504977173747,0.00100266377633516,0.00737556676033804,0.00232389687208188,0.000398355260897904,0.00130940017146616,0.00481742591946157,0.00346549141333673,0.00429303284819512,0.0402981282400456,0.720337966763868,0.00108336834481051,0.00125214585809554,0.0175536756335646,0.00732875288653785,0.0533727117721152,0.00136717626912275,0.0313046464739848,2.96143321135939e-05,0.000141287254870642,0.00259510697616668,0.00283886760508528,0.000127049199766217,0.00338266751482409,0.011290452733325
0.00542916544054905,0.00312303074312653,0.00347661014472011,0.0362421781394704,0.0270971258704613,0.000671129228463322,0.0301308276621998,0.0227717325525949,0.0414003129626298,0.0169386336116109,0.0100423508449828,0.0370381633611326,0.00241630960806749,0.00316630358556081,0.00577006698747776,0.00379200337581525,0.0106997723653876,3.02241873663836e-05,0.64177956582795,0.00159156228710346,0.000307099422882484,0.00633341283397351,0.00103229623793067,0.00502231490235781,0.0150192168141883,0.00565135919868436,0.0145614299319429,0.0224646596564753,0.00753374604011056,0.00655403991716324,0.0108597975021912,0.00105355875542916
0.00121633703757924,0.000164507414757858,0.00987966759652996,0.00945036895494974,0.0121053153759093,0.0228973597118016,0.0279093671304284,0.00122755763338744,0.0106231717015577,0.0187569838196987,0.0392322424321557,0.0626282107823831,0.00122563058933489,0.000604003016491291,0.000107961327719532,0.00407977710482111,0.000607755483523808,0.00131820752196432,0.0372697551229086,0.485148162631868,0.0350598979217326,0.0267373855829747,0.0283396123681431,0.0204037270722269,0.00719057806425068,0.0844442865129318,0.000355562973407707,0.0117861914915854,0.0119752066400823,0.00764326380761748,0.0177786196105301,0.0018333255647467
0.0121694295005684,0.00136891187609408,0.00161138775723804,0.0483192824694412,0.0198055619533349,0.000826053812131435,0.0207181538298233,0.0196823322051984,0.0296312221034541,0.0603286729841421,0.0241639016535464,0.0163389136500558,0.00593740190921103,0.00118353228900745,0.00250411244480208,0.00677254595174637,0.00655684850918942,0.00305009681589748,0.00489162667075206,0.0545369561141676,0.427565239028737,0.000727987767466438,0.0215469868372793,0.105994593652551,0.00259078258741898,0.027748388656115,0.00801186262606363,0.0147863140738114,1.87194401793168e-06,0.00521473761500878,0.0062573441173668,0.0391569465943612
0.00548043230441366,0.00027846230558527,0.00532803669928901,0.0661572093120095,0.0664031448793417,0.0462288524974585,0.0254887841816571,0.0462679845592227,0.125054729531323,0.0489064600755057,0.00544267578255392,0.00605026958663296,0.00239352021918315,0.000298273733159158,0.000727446138935826,0.0205374896701784,0.013020372880559,0.00812668209495105,0.00482252588189547,0.0450946086100333,0.0358768729353671,0.287672213005907,0.0329003901905478,0.0101628565369629,0.0743443789971435,0.00125509886180499,0.00262381896037626,0.00122891077244853,0.00442482427533741,0.00140864055180371,0.00241765914163472,0.00357637482677802
0.016648120884409,0.000204837909509503,0.00340466450120291,0.00935493794965492,0.071125674586909,0.00485004361653103,0.0813718344000273,0.00172476264615164,0.186785920173346,0.0268996705079599,0.0244070668010964,0.0229416648727507,0.00335042244347682,0.000864320441137974,0.00084627295210542,0.0374842702889673,0.00812731500427778,0.00786223608872516,0.00235902990849906,0.0261792627113168,0.0227047000158596,0.0167038933039222,0.363410255369878,0.0135548869696366,0.00546418697731999,0.00290748693789111,0.00437450503485323,0.011045812748809,4.43148711323256e-05,0.000116268159128507,0.000558331166032856,0.0223230297574815
0.00379685668988069,0.000728768810237955,0.000510443626994572,0.0618903720448068,0.0811427185454358,0.00799254576154325,0.0580511982927859,0.031942639730911,0.0843552062480411,0.0368096301525137,0.00498573298881046,0.0183448614602009,0.000138296883999214,6.85328607291998e-05,0.00333766304572102,0.00538505449309816,0.011106431891378,0.000614058238864248,0.00848352760745669,0.0275567401079543,0.0223032189164249,0.00551917472855381,0.00780697362961167,0.380221784242636,0.0217284419854883,0.0349136761266269,0.0181593694936679,0.0202018258262974,0.00302771781110839,0.0125372077560742,0.0207728176903039,0.00556651231184342
0.0153231623748037,0.00194554443411981,8.09166590745543e-05,0.0264024002067353,0.0491154821031429,0.00255139907370379,0.0924082783484193,0.0536454352184217,0.0514059341846195,0.0121339584374031,0.00879889014571494,0.016079787008844,0.00390992128614389,0.00079628255575453,0.000856411816397011,0.00520100412222593,0.0201923577784549,0.00574884948812364,0.000786527084459924,0.0134485811325315,0.0109589796389911,0.00927108242484316,0.0359373030970658,0.00433606106377351,0.531080642713754,0.00170836726711916,0.00166933855086534,0.00619968484930289,0.00155922541178694,0.00152409362516659,0.0090682616008392,0.00585583629739804
0.00201061446021851,0.00171055517672204,0.00868093028477076,0.0540141949586682,0.0247499263889504,0.00862902277232893,0.00644631812187283,0.00988541466142684,0.0333659445320708,0.0299094291026769,0.0137650369474548,0.0141580688989619,0.000764572090048097,0.000650888523470056,0.00249497897981992,0.00491478282904862,0.00721070861802085,0.00200233235935403,0.00619456942855752,0.00225317240048161,0.0555685410352947,0.00196346868194238,0.0310304979199812,0.00877410646603485,0.00843789304422574,0.598557450875907,0.0182016786253938,0.0174565740618259,0.00138640801118083,0.00449724276135536,0.0202153273045937,9.93496773413045e-05
0.00294160466857422,0.00191064689682708,0.00332536040821743,0.0363972407451902,0.0751323989998082,0.0182620464134919,0.0213123565673038,0.0138163862266368,0.0660341455913615,0.00942300080745288,0.000839982095386181,0.0123687420890063,0.00355639800619794,0.00035682968464193,0.000198952937172696,0.00913703350336323,0.012584832409424,0.00191864764397055,0.00383505330394353,0.0328649738252526,0.0542029483993562,0.00570328862122476,0.00786216019369522,0.0132908170500841,0.015424356965036,0.11914155215273,0.428183944241711,0.00459933016060614,0.0120441400409122,0.00639362380112628,0.00596238936414534,0.000974816186149844
0.0107630717347735,5.33267553364686e-05,0.000549080834421438,0.068057719988132,0.096361548740595,0.0248621409665635,0.0485919809933056,0.0126543679421644,0.0780582328939882,0.0532612074615381,0.0173006492561044,0.0613053944022492,0.0246244581700884,2.74162902943669e-05,0.010662631737107,0.0153900924963854,0.0244871303039571,0.000986602126821657,0.000330663612736796,0.00378520789200549,0.0197267783712148,0.000973512170970634,0.0288314380169426,0.00641893326315817,0.025796617403845,0.0258305704265548,0.0244314350592535,0.251606905182198,0.0483522899466322,0.0105151212237565,0.000757681661252371,0.00464579267565331
0.0012045240329715,0.00140219583926769,0.00118609177635003,0.0279444555094504,0.0452907112609592,0.0425387333926303,0.000481934888253282,0.00878169842820683,0.0437971611983472,0.0410697487503188,0.0293024875567988,0.0010593849807231,0.00648846636034611,0.000446343753201489,0.0021563567042266,0.0247617588356652,0.00129911385939828,0.000590510226501768,0.00152666062992075,0.00234636086369907,0.0061032587156947,0.0101404189166259,0.0074630061164104,0.0168805271688427,0.0122957225312747,0.0169203466183143,0.0502210668792343,0.0112684499004322,0.442234042217998,0.0207636923639816,0.117105424942475,0.00492934478147911
0.00360427328850745,0.00036436831211042,0.00200755612902613,0.0644593296911017,0.0161094760372058,0.0035377781053709,0.0242843890454028,0.00764299471327703,0.0155390195174778,0.0186170435497703,0.00513048840422503,0.032908367018924,0.00581102664320718,0.00188560674089446,0.00174288000810665,0.000165562975263454,0.000557442744163196,0.00200720382356876,0.00537135824877077,0.0133520264421995,0.00587456544879375,0.000322884938396772,0.00155130071869993,0.00197006194039528,0.00313167306252153,0.0141066560887112,0.0051592838181027,0.0466418515250507,0.001827067514713,0.619253485499234,0.07186900762516,0.00319397038164849
0.0015413323964934,0.00063719919602944,0.00083765215071716,0.0384716799669677,0.0429052728185057,0.0117582051833077,0.0160751400086747,0.00963498442947451,0.0458295162600093,0.0422310279360795,0.017039119339696,0.00589637643572517,0.00720749475693327,4.05428707558753e-05,0.00264532505588441,0.00525995275880377,0.0042715962967735,0.00169333206417014,0.000134822291794999,0.00172751884294734,0.00307138321753676,0.00243317218164668,0.0103327324937845,0.012215527778891,0.020796917137794,0.000178157993443829,0.00451816627762687,0.0053266570884245,0.00105597498691726,0.0104180465124421,0.673467199438981,0.000347973832768074
0.0218587558824746,0.00603632055076486,0.00083819853623413,0.00625379389206454,0.0968932634361504,0.0351724116072779,0.164251149378994,0.053068778156867,0.193511654191067,0.00192875186386958,0.0164661767025105,0.0264599691478123,0.00112810342640784,5.7919997454632e-05,0.000481106953885848,0.0254155426049713,0.0131995184222755,0.00142368615650681,0.00142679008375681,0.0109844080881689,8.9958339847639e-05,0.00323743465729175,0.0125966527699819,0.0170878227572853,0.0550498109846125,0.00653027579669668,0.00914415297491152,0.0002989767325769,0.00473384083787814,0.00150258915110077,0.0060658788723398,0.206806307045963
