0.723850713328872,0.00464232401519867,0.00678565376619438,0.030219592344152,0.0279845527211918,0.0235664886411033,0.00910553714810738,0.0170743184004054,0.0184497291272696,0.021656447582938,0.00465141569801026,0.0184439022393451,0.000542745841418256,0.00115616332035568,0.00457635090095404,0.00555319436849669,0.00345360226788071,0.000300368726440113,0.00193826377696747,0.00592543573400948,0.00855594495534841,0.00345538159236458,0.00638421171747538,0.00507556423397937,0.00634251004816464,0.0035710749884737,0.000546606429271005,0.0156007330449003,0.00216615716117347,0.00184733654152642,0.00271077194014109,0.0138669073978711
0.00674934104450928,0.714350761160506,0.0216562058660281,0.0426283170694281,0.00970385446408491,0.00238926009894859,0.00832274105646946,0.0140513059682634,0.00995249830475204,0.0059098735252706,0.00617455759895,0.00849004569200712,0.00813428038326337,0.000439577903843908,0.0117438584733716,0.00491185145615904,0.0010722115995278,0.00927372260359425,0.000866218041007699,0.00454430248465817,0.00396886853360096,0.00207640609430028,0.00246902759379014,0.00183184448754545,0.00356982922543493,0.00275620886196707,0.00118319742725261,0.00956302040197967,0.0210027359907073,0.0028124240010103,0.0385398409080637,0.0188618116797038
0.00721660393853163,0.0105047631452219,0.723031559880955,0.0272353723330239,0.0011346638542934,0.00729517924721474,0.00249746779952113,0.0020050743128512,0.00309919640108361,0.0221521051693344,0.0155653382019374,0.0603124508953877,0.00295876140817393,0.00173235982892184,0.00117757383740777,0.00437006703567112,0.00112685939125034,0.00185302747423914,0.00116134346513072,0.00298095667853742,0.00126470242810126,0.0017185985803645,0.00274573311182604,0.000404883627808928,0.00521952579631823,0.0016174956301606,0.00105011950550648,0.0690595938230254,0.00569059025998062,0.00104706230295828,0.00833661959020533,0.00243435104505628
8.04918390821255e-05,0.0001676352015418,0.00206835476173581,0.752704690352544,0.036835495505328,0.00618223028339448,0.0135401895191017,0.0161026416794784,0.0297551446237805,0.0558134737544521,0.00332012202895516,0.00384473709595976,0.00371296416671257,0.000269509964120994,0.00335902402332827,0.00327681726000619,0.00253437551631468,0.00017867123807338,0.0010395820373614,0.00570794812281915,0.00359635463797324,0.0025528171385643,0.00113189149671483,0.00330896538961913,0.0104893320003262,0.0106585232758786,0.000220160743381107,0.014471774292405,0.00582883179520384,4.48606783913077e-05,0.00605974207871751,0.0011426474987347
6.68369384397294e-05,0.001294403140304,0.000627400760745422,0.037072102508467,0.618162958544032,0.0538261195255172,0.0246591408613787,0.0931610843805511,0.000793793132868871,0.0443060185853539,0.00653781469598179,0.0125191085646188,0.00710422072042027,0.00153279365724985,0.0106642537054322,0.0379478114930927,0.00243782287644382,0.000649149821706677,0.00022834082521357,0.000821936075588174,0.0072789361754295,0.00205837773229133,0.0024422755627627,0.00319016298829851,0.00891467677654743,0.000557013926001814,0.000719657714406735,0.00986229811214631,0.00139064824830848,0.00629484929735401,0.00180019536805354,0.00107779728499314
0.00130886907462678,0.000115757942893772,0.000547360905145402,0.0805438840000622,0.0642717069479115,0.446347676241121,0.0146196968864298,0.0106498282770279,0.0119114503229024,0.113008323070094,0.005954575551942,0.0377341848381814,9.90616448717523e-05,0.00350612630118411,0.0123548286195328,0.0164603070828064,4.3453467553587e-05,0.000441769824537326,0.000920288745409191,0.00319128376770509,0.0243365029698747,0.00224412284699301,0.00777617685330833,0.00162716486017981,0.00814887342569723,0.00658869252559706,9.60009162277766e-05,0.111662212827184,0.00133933527306017,0.00047966983104219,0.00785668000960721,0.00381413414929061
0.000418465134380498,0.0035236871174199,0.00178437624360923,0.0385095745517345,0.0395902697016698,0.0061415942412729,0.781918667011407,0.0453707469319362,0.0154583252942367,0.00214332025247744,0.000247735828452598,0.00765106216594222,0.000533633417229747,7.98068683593471e-05,0.000715626461963911,0.00904919824026517,0.000619766649396056,0.00499497833172378,0.00156311020558941,0.000325785072448952,0.00509566989035205,0.00263033869161059,0.00177873933295851,0.00166630384243075,0.00225541673384625,0.000265622509572354,0.0019260132549846,0.0107181971635301,0.000171396828108741,0.0014265554437485,0.0103498563386636,0.00107616024867882
0.00172511767659034,0.0019700773204557,0.00398268382122433,0.00711061749499809,0.00269099020978311,0.0606102182916495,0.00542771659954518,0.795440873431517,0.0186915253627882,0.00542049368453262,0.00208059040075874,0.000710924108867499,0.00637488104996317,0.000752908563952795,0.000341441461441678,0.0109744049438667,0.00371634315914109,0.000991479044067683,0.000758372797496459,0.00127610288293346,0.00056056194504703,0.00190355693629689,0.000700738982187562,0.0047059878620122,0.00398910841915616,0.00527144112106787,0.000363541975331485,0.00769382440747502,0.0105847168155524,0.0030358588211309,0.0290355828915819,0.00110731751758719
0.0074460929263299,0.00216505669185978,0.000310574077151928,0.0124825639857492,0.00605329053985932,0.0132132381382331,0.0568326201298406,0.0140979401069451,0.65859332183421,0.0152060629177085,0.0029233882377588,0.0796710344662074,0.00296506515274343,0.000360328825067778,0.00220842725474466,0.00603496220315776,0.0053215332117985,0.0108635492697498,0.000543694685911748,0.0017798922942707,0.00467475892476742,0.000461296890551563,0.00283812769237903,0.00715362439419614,0.00745942755346684,0.00404215323841532,8.89063966239774e-05,0.0468394451825845,0.011393038664561,0.0133477495686941,0.00135544368343045,0.00127339086103133
3.5738659926063e-05,9.28471454805455e-05,0.00196149726262214,0.125080673222872,0.0994061720181226,0.000130809300753229,0.0477636081458803,0.0600553788932733,0.0222833828944278,0.529686990882439,0.025701431331788,0.0188491453666583,0.00935054467417746,0.00194533180746434,0.00152385045538906,0.000744138628718172,0.00181913443880381,0.000143857841867753,0.00112834201498386,0.00290752883020654,0.00176469503814653,0.00130413648323808,0.000475882991955454,0.00307951615707868,0.00633170660724008,0.0102801729287602,0.000339678722976597,0.00179225113072616,0.016268109702531,0.00121785186189605,0.00574634722802317,0.000789247331574245
0.000257503290561588,0.000952859459094063,0.00259369362801184,0.0025334094413661,0.00532258070138903,0.00163954763043315,0.0127096242968555,0.0011138607655725,0.0115271727719303,0.0723738656099945,0.810305518158427,0.00446512189394849,0.0310405222367319,0.000663941240219527,0.00504283179308306,0.00458872704726227,0.000151305523513197,0.00241686270549942,0.00534365761671032,0.00136185450724136,0.000473633279368916,0.000336124926348462,0.00143921882522553,0.000636736825733904,0.000675707834484575,0.00219069650187474,0.000139889029801681,0.00696176333447633,0.000865239171392985,0.00167085192198201,0.00747818665718379,0.000727491374282727
0.00156191063416632,0.000998229176212523,0.00272973037768323,0.0566435329760193,0.000118803576453894,0.0037541679492377,0.00308443979708781,0.0405432677542171,0.0101154663536689,0.14352294748824,0.0513825449986796,0.571180391269526,0.0117005828834287,0.0025934629523211,0.00570904656677217,0.00339113818431934,0.000742601217246831,0.00946335691612927,0.000874090247601949,0.00197587414983255,0.000416092785112042,0.000340296992417775,0.00294102143931678,0.00195292723322397,0.000437243465399989,0.00468104178829876,0.00486339471644024,0.0267522179394053,0.0178264093097562,0.00291858752950354,0.0142936761780764,0.000491505154204326
0.00442708486379806,0.0011322268515135,0.00129813800052801,0.0142846188169914,0.0318759935233198,0.00375722904279373,0.0148570061128307,0.00884593435563903,0.0385423907044863,0.00424884358992832,0.0298591466172569,0.0503713976102542,0.635642014039278,0.000879724971477282,0.00192234645659378,0.00136895630311332,0.00897690740265572,0.00514765146255506,0.00212782970468966,0.00683836750557724,0.00388701026607751,0.000352429959417364,0.000342883378339056,0.000158298906704988,0.00282788441298327,0.0139618686357203,0.000885224041520506,0.090649757109341,0.00028516470049605,1.0306054775613e-06,0.0199869507021306,0.000257689346511255
0.00284664358828042,0.000744207826015062,0.00152836915262542,0.0609087174739905,0.021121433102929,0.0144515190115346,0.0269554424778211,0.0396204476835072,0.020534319457576,0.00190914324345397,0.00251985866227256,0.0284171220438955,0.00139970579676832,0.709495900991399,0.00311464017370491,0.00144749835335722,0.00384887303154612,0.00269173462567412,7.93733282016592e-05,0.0132308321340423,0.000421538561812887,0.000299031723324185,0.00142848523178192,0.00256387046673078,0.00365285069137525,0.00580358363267671,0.000415692846367942,0.0209555015024616,0.000964811580816907,0.00148910604690052,0.00485840258851251,0.000281342968643344
0.000839393699848988,0.00185254446210683,0.000370450591870157,0.00156475994514188,0.0461244688912227,0.00868800871755778,0.0165459731010771,0.00536084427791759,0.0377774977492254,0.0380661348353011,0.0214150654105743,0.0447480352784433,0.0146467649285191,5.94718290107344e-05,0.608759472009253,0.000987264915166103,0.0033132530565835,0.00290321649521124,0.00115149379527032,0.00884248933920682,0.00344279502231534,0.000516050891621774,0.000178127878690661,0.000218370585831712,0.00061698094306699,0.00913946389922544,0.000418929460474796,0.0893895676701518,0.00248917081064269,0.00169064509208881,0.026661233078313,0.00122206133906905
0.000322393156366884,0.00822386676199114,0.000171202942752838,0.00758261421351895,0.0166182161864954,0.0152727580261476,0.000119813297070083,0.0264104412523921,0.0093863020512262,0.0152852229469858,0.00767929594456716,0.0917197995542679,0.00030775809128554,0.00254047687855337,0.00049807597058638,0.702108792653391,0.00189441105423363,0.00254781254534445,0.00069468327877283,0.00183103033057903,0.00342236900632821,0.00288829314194298,0.000579642093260855,0.00193128266461318,0.00924803615952886,9.15142999306343e-05,0.00130998301504181,0.0279397734348373,0.0264263918442263,0.00839568123463931,0.00450649600855523,0.00204556996056651
0.0158105215629965,0.00119174181485175,0.00269403592428432,0.103547129509398,0.0606882656490653,0.00607408464321945,0.0378640400306259,0.0193237131290105,0.0423128839079658,0.017687588282453,4.66486662062402e-06,0.00163609146466257,0.00408780213638776,0.000471388158242396,0.00231297820399485,0.00272753317516343,0.636204204558476,0.000310933309657271,4.15988455122048e-05,0.000592700061510791,0.00447403627569777,8.88881805361366e-05,0.00141794786315225,0.000264877318446614,0.0120077162404475,0.00111732818664509,0.00292441615091123,0.00610329145059919,0.00356251663003796,0.00126215917001815,0.00249440636992117,0.00869851692948902
0.0215616828085851,0.00919246627229329,0.00124616337085514,0.0126182435286498,0.109981677737909,0.00177091133545346,0.0376603692857123,0.00894604563205881,0.0987939527976383,0.00957816008054652,0.00560551187073185,0.0547512983721981,0.0122431336543103,0.000404735204662443,0.00282420157299207,0.00545421401322923,0.0221565377490623,0.476846865734173,0.00450203016026029,0.00284158738642637,0.00199795799695654,0.0030889523582901,0.00719484416773486,0.0065533763014168,0.0114156818470989,0.00725975032316717,0.000509735100870936,0.0114471577406609,0.0381562584906068,0.00131181911221843,0.0105722685674702,0.00151240942576115
0.00122281500040564,0.00160740877800361,0.000263096268842886,0.0504540965576784,0.0975376194934873,0.0146168785879466,0.0371650080970484,0.0278960057501808,0.0453864594333481,0.0205610840701267,0.00537732396980175,0.0536161084114062,0.000964295476930467,0.000295915986511694,0.0081480255991109,0.00605437127110726,0.00142804993079739,0.000676723874734366,0.462922137470042,0.00582625961164333,0.0272201213246956,0.0012738237558807,0.0158829496211195,0.000772273765965513,0.00158738592162569,0.00812076475512556,0.00362336972145017,0.0835083260829542,0.00345644365876117,0.00802418711439189,0.00411407747483442,0.000396593164041429
0.00109426449185494,0.000498893785032161,0.000709883647416268,0.142055815968271,0.0014170834284037,0.0178263673651106,0.00470353791535692,0.0447196916234868,0.0128669842879765,0.0293818398136443,0.00369742580418522,0.00309597133728774,0.000889738683425651,0.00427609537388151,0.000633326560026773,0.00444565640428019,0.00203934285312792,0.000846195876290349,0.00441039991948294,0.664319117717712,0.00135642780820354,0.0140950604350416,0.00400937936691397,0.00456205613160791,0.000485791107667254,0.0192269360095943,0.000543092939361732,0.0026069157028886,0.00417175092124823,0.00116469555938038,0.00267314106746703,0.00117712009437118
0.0061619639607278,0.00203507934307384,0.00397599396334222,0.0211961154045381,0.0228996231966691,0.00861185676051277,0.0246781149307108,0.0210419031089085,0.00655582209152342,0.0216375059629792,0.00488359216308358,0.0218475364494241,0.00338179082365753,0.00102249297210031,1.55973917284948e-05,0.00977795409738321,0.000669914856760421,0.00385822412440891,0.00159249375856108,0.016825351976164,0.667713320173123,0.00163677310920672,0.00811591916785171,0.0475069096300606,0.00315885664619041,0.00765598288468294,0.00123094803664326,0.0194810609117988,0.00725411864884579,6.23658364314548e-05,0.0010735288488935,0.0324412887700144
0.00589866724273922,0.000690226595167695,0.000384669051014305,0.0433586364181735,0.0808614465858858,0.00250817411635695,0.0321052085900742,0.0255200074380822,0.0126624122968679,0.0091039729934448,0.00419011757662896,0.0145839088156132,0.00100950453353952,0.000138054082085485,0.000970214397567872,0.0065734089663198,0.00703195476210575,0.00898171525477173,0.00402657232822235,0.0246688335422605,0.00411345402344173,0.622804230891972,0.00118522331672566,1.51256845558495e-05,0.0237866786618476,0.000820950962616365,0.00313625287446488,0.0436606248968143,0.0028430034054728,0.00105386670731808,0.00953403878658329,0.00177884420126602
0.000684393921826653,0.00067246492191185,1.13507552701975e-05,0.0255518986852618,0.025722868854615,0.00377437266737058,0.0249066667686563,0.0206527956161532,0.0254570673353371,0.0167906873536373,0.00336358534100809,0.0219772073139821,0.00703224381493852,0.00314888778709006,0.00123675975576073,0.01391448116504,0.000202654310641371,7.45597692893404e-05,0.000643152324925625,0.0133194676221204,0.0180821510737697,0.0158806355056136,0.685920738528103,0.00960095009443237,0.00678070499252887,0.00398927268572567,0.000636252500639634,0.0188640616564191,0.00922773958120922,0.000355599646011257,0.0010662718685591,0.0204580557821518
0.00119966004057503,6.26874147678245e-05,0.000327813880494544,0.00509585473821898,0.000512402642532534,0.00275650306631287,0.0153202203246867,0.00852687778898093,0.00342110178154913,0.0264972544610967,0.0235005257189336,0.0349807970662181,0.00164452125954464,0.00511148767024982,0.000947732249788082,0.00696766158811147,0.000161670597190868,0.000255197559184687,0.000426019423481387,0.000486241311728954,0.0122456165610173,0.017523280997926,0.00150715789754001,0.788470710881586,0.0117219181837365,0.00291530005173642,0.00772558938062148,0.00226500710779346,0.00555789793713,0.00404407835621919,0.00414773005873612,0.00367348200231023
0.0218495447237909,0.00021035318375083,0.00122715908295228,0.0751189508308692,0.0188709127886674,0.00777540834262809,0.055014061913156,0.0106055192035536,0.00577428844963119,0.00581802789949284,0.00977920787378613,0.0305050019137666,0.0113493180474383,6.93559477844658e-05,0.000612519033170317,0.00609052425493667,0.0189390103683144,0.00564440991907135,0.00219258434833969,0.00790372880482506,0.000511672229230642,0.00663173969012342,0.00479130653816902,0.0115119174583018,0.638491909590359,0.00614991735472204,0.000539193253142148,0.0286707748415101,0.00604363521738776,0.000562892940214225,0.000609575913082807,0.000135578043832399
0.000353856498654072,0.0015874328475322,0.000309114439656117,0.00523047570664509,0.0660166889612101,0.0125906448977199,0.0705234903811569,0.000491955961588513,0.0361976518779206,0.0120142384417843,0.0111815221475903,0.100722068854982,0.0108852309856709,0.000684609500718133,0.000608735338112108,0.00280222379003293,0.00116256118311302,0.000269532911195765,0.00303895701586031,0.000127237193719691,0.0229827533399646,0.00776167314846665,0.0222942212052811,0.0159299196367826,0.00197846942883338,0.434851474677306,0.0093934672302269,0.129046170513204,0.000182265126202927,0.00117405102827522,0.0167731779516997,0.000834127778892992
0.00271301166996686,4.02558103876861e-05,0.00138869908273048,0.0116820058424181,0.0129634314090821,0.0085924276604231,0.0056582784668936,0.00283359643300861,9.35687188914552e-06,0.00847671716155765,0.00650606192261307,0.171875627781726,0.00166857271821365,7.06804497109874e-05,0.00844551240465302,0.0219610498938123,0.00436976892593204,0.00016056090876587,0.00204785307756,0.00338360720543427,0.0112962276349413,0.00832845018347634,0.00191146461349228,0.000288009360190309,0.00466722518809911,0.00907657294990109,0.519545351380504,0.133512821460553,0.024406033088389,4.66389913924501e-05,0.0118972494381467,0.000176880014136836
0.00255873218217162,0.000277853846870455,0.000562289687260713,0.0384943162299871,0.00340049270685679,0.00583173238595254,0.000271883033385324,0.0274580814510284,0.0108380668073762,0.0728403648378711,0.0256834398601039,0.060831709264371,0.0043650020969677,0.00235351609291259,0.00149774357995501,0.00150106488407833,0.0012494429977385,0.00472030954754353,0.000325328309627845,0.00346018360552116,4.35404362902261e-05,7.5001306549201e-05,0.000894937045660552,0.00104916404435265,0.000541957002545245,0.00277270981976121,0.0020829477994831,0.692899972172129,0.0131218019197303,0.000848822980880753,0.0168256139260088,0.000321978139028661
0.0023145887483121,0.00227974129377855,0.00277244659787042,0.00303754520657837,0.0014932075471171,0.00749547340221716,0.00147976723488737,0.0031288294885239,0.00102820162863159,0.00339327720530113,0.00555994773314676,0.0128327394294304,0.00395574439860779,0.000792149919236454,0.00350732261684902,0.000926053555033592,0.00361604113351765,0.00061966810928341,0.00468122813541302,0.00392195228711617,0.0063873604739884,0.00671779388667579,0.00846568722562929,0.00207016726591806,0.00155794993871733,0.00143917276673686,0.0221583825737584,0.00272441745886849,0.838548809965908,0.00140991211262382,0.0394319370030049,0.000252483657318932
0.00126519776948622,0.000871138860811304,0.0013134759498481,0.0949457805938252,0.0115374194632226,0.00171530398097579,0.00819793423170787,0.0335724695729735,0.00373069584971369,0.0803963217215396,0.0128447152932843,0.00827939416831928,0.014292734724723,0.00263601952873786,0.0266286228504969,0.00196999669778001,0.00342791285341579,0.000522078228229804,0.000524209337165418,0.00404145912114307,0.00403055386146379,0.000647973425779848,0.00157041387719166,0.0022698941160173,0.0015719539140436,0.00124876003301746,0.00833953346963942,0.00790485768781256,0.00411465789364078,0.638551571802497,0.0153349418879985,0.00170200723349848
0.00169322439670032,0.00718970553348232,0.00264371550309366,0.00711574764969679,0.000600466139240917,0.0111986615391233,0.0123877043949236,0.00333432230192419,0.00414111729631603,0.0409540160879996,0.0219035431700396,0.00966895363521151,0.0044215088255687,0.000762376026189289,0.00467218985400423,0.00232565946782154,0.00584833347040427,0.000656069555703555,0.014900483081708,0.00929224726213278,0.00239409337904255,0.0114509435448288,0.0127873595364061,0.00569490864577572,0.00455386438684814,0.0141523548006058,0.0168693887162316,0.0036223252486778,0.0121159474755165,0.00364129440919971,0.74696416814043,4.33065251526892e-05
0.00185711767592059,0.00299846696905698,0.000208969872080371,0.0356420599639544,0.00325200130994313,0.00584674307590506,0.000124522101034303,0.00160936326213221,0.00257762478587847,0.0435998021675797,0.0296141361559054,0.021627988548742,0.00152612527849325,0.000159139433582919,0.00172610287714573,0.00303805207469887,4.95983871830486e-05,0.000930148601580555,0.000980773758754557,0.0161211683481736,0.0135414060887565,0.00290275055505683,0.00330619261145119,0.017221158777134,0.0361881390261729,0.00480100937351417,0.00179251374513318,0.00227689567527539,0.0069874258726567,0.00202574190754546,0.00452370983607258,0.730943151883486
