0.5147675757252,0.0029284036554131,0.000712393691119313,0.0402720224716646,0.0554808299799999,0.0273239391128384,0.0900788554748122,0.0152554570894135,0.00476187287486875,0.0021704050155361,0.0103323486331527,0.0163753036135571,0.000150897776890774,0.000177874530352197,0.00130006950739907,0.0228688991482783,0.0041145477930531,0.000727602058563418,0.00432007017044289,0.00365108115513593,0.00747516578511387,0.000436842685170975,0.0100993227134714,0.0449193484703803,0.0015208927334844,0.00464826609334907,0.0194675362050176,0.0216960886391576,0.000293826591539047,0.00391031400102432,0.00189324855191654,0.0658686980526835
0.00257542370042001,0.405025015625659,0.00494110977272541,0.00871592492241296,0.0195702267189102,0.0147457087198083,0.000418129423256154,0.0039113234176548,0.0886903926673238,0.00853032890525218,0.0103140521604741,0.037301465883159,0.0203169933631045,0.00305341738350775,9.55582650362848e-05,0.0246247817150833,0.0130969022536437,0.00348538817450126,0.000100482663135782,0.00984252839076431,0.0806356533376745,0.0127847210691996,0.0594248323440631,0.00194750131065975,0.0806500015519264,0.0153687324564129,0.0049105263199464,0.0024996370806457,0.0361494554356977,0.00204340577521889,0.0102723875906042,0.0139579916021187
0.0003182393724202,0.0039214963947492,0.446566436516019,0.081202897331133,0.0157810127539089,0.000527563921337371,0.0131448713078029,0.0223194527226387,0.0376584991852701,0.00789185839707292,0.0222312238522391,0.0399682867092306,0.0520872481550927,0.000389257442136476,0.00269838330949488,0.0425205526474907,0.00210761151979197,0.000262530208883416,0.00147049625201889,0.00213572583839157,0.010881247734396,0.000148300274406551,0.0139315722947929,0.000742725835733667,0.00995308292376168,0.00682017589807302,4.27557440973127e-05,0.10528989867403,0.0229345032898079,0.00198250271642423,0.0292614532803003,0.00280813749705359
0.00098782589644488,0.00245599520200201,0.00983774258257335,0.780044682272945,0.00241204958211624,0.00273944410029783,0.0049720838898668,0.0803923574839378,0.027888520460256,7.05515468139813e-05,0.0083725401864161,0.00816513855799761,0.00144481938882047,0.00293843336689821,0.000165137748763792,0.00509337028441324,7.24661865863039e-05,0.00449251665210241,0.000992788629766532,0.00978294778398276,0.0114206300058378,0.000686348269933021,0.00139687353413457,0.00839077497310048,0.00526292519334361,0.00582828225735639,0.00122337551769856,0.00160939449613575,0.00162834676695128,0.000297894501015565,0.00816102087897196,0.000772721802519389
0.00020155367834451,0.000153778472123364,0.00243244187283755,0.0600372891558813,0.142422528310909,0.0158196432037548,0.28134079673469,0.0556003796207779,0.0187909578413101,9.73508901345762e-05,0.00187145034704805,0.119935835454584,0.0019583919774525,0.00198431377080969,0.00467081469259102,0.0932356354542142,0.00019327353343495,0.00249552448056971,2.97322829090866e-05,0.00249727261287686,0.0145988506046759,5.71114018944806e-05,0.0119784364313929,0.00871036076150994,0.00553731615013543,0.0057127168922278,1.18162143824362e-06,0.126610581541202,0.00246840272398195,0.000620445845473052,0.0146932993442348,0.00324233229458127
0.022888412792927,0.00315583077065722,0.000956480251046867,0.0160788244823969,0.0303680221655993,0.417044420255076,0.0165129587561613,0.0318320718547523,0.106871143082071,0.0124510904267213,0.0141155594779933,0.0604336410219277,0.0195005147029293,0.0015624375431816,0.00488724917485034,0.0923792193784442,0.0116762806899541,0.00398185254485501,0.00402698970934191,0.00528621550857589,0.00240676471725534,0.005206898904554,6.24382387805596e-05,0.00307318970311563,0.0206092554685259,0.0427128687758319,0.000368248784103269,0.03003374870239,0.00846829263956759,0.00116945433267435,0.00637201962462504,0.00350760551911421
0.00039118237455823,0.00182294722867728,0.00138921477250814,0.0465796620125033,0.116625647775152,0.000880864458666553,0.536328763002582,0.0755975694682715,0.0352970965734336,0.00118074415134749,0.00757801533388665,0.0379601642698004,0.00229738891031111,0.00031017933956976,0.00161529115314951,0.00720593001272851,9.81312746628363e-05,0.00332962140201751,0.000118579294280845,0.008445079724705,0.00856556620782675,0.00174835612332917,0.013766582885025,0.0182760275228269,0.0121805339694946,0.00892748794169691,0.000935679378933377,0.0315165502270542,9.74371403718272e-05,0.000392556862051463,0.0127055439039816,0.00583560530459554
0.000231928450118726,0.000257173595472636,0.0213852853796126,0.013291558598373,0.0464888589476772,0.0590985477877419,0.0340327573535278,0.460549783448192,0.0713806822168865,0.00190092196680242,0.00183410823977564,0.0904394002397547,0.00246253752583104,0.00604833966805903,0.00273530232966329,0.024696852601624,0.000334024231207348,0.0108168138176068,1.41540737857357e-05,0.00945896336798674,0.0160766365905487,0.00305910292740705,0.00150036365599131,0.000529490819697877,0.0148818075071475,0.00767873864048555,0.00199993595109419,0.0645593202885256,0.0106426075370072,0.0032760647927487,0.0174459670211816,0.000891970428465435
0.00573615424399413,0.00379401275471956,0.0106377195509356,0.00625681489048487,0.105260730658531,0.00233336007895356,0.179567797466225,0.0145901891462285,0.455077186802837,0.00773772983715397,0.0141790485133887,0.00261351405457552,0.000369009793458785,0.00285883621137964,0.00964347411517094,0.073467710548629,0.00141867565989507,0.00434560893845964,0.00226188781258984,0.00244862865915822,0.0051304493550556,0.000730201062028811,0.011866070805281,0.0131927776821777,0.011022573959647,0.00725452474470794,0.000402429949611493,0.0287973836521479,0.00577255246100799,0.000598983872622474,0.000863047151155908,0.00977091556778709
0.00657839374685164,0.000958173488802828,0.00879900711311129,0.083977568366911,0.147002507985772,0.00899506910453787,0.118487708114633,0.0854711238185576,0.0839456705137404,0.312590674188712,0.00577920861310998,0.00373690116973905,0.00274289825960537,0.00147299416563163,0.0114036552251075,0.00451482645400298,0.00140757823973663,0.000206281221829706,0.000689805173457572,0.00431431346846862,0.0194941079132275,0.00470987336686158,0.015904855439087,0.0124997541154852,0.0128941090689944,0.0103948888343014,0.00195081508056107,0.000364401648161217,0.0106676731264819,0.00463746949775233,0.0108615348592193,0.00254615861754827
0.00717605547608698,0.0013527860491294,0.00085733761293378,0.0614622410718972,0.0593742845109452,0.00549841105884736,0.0442676463542768,0.0449557554544414,0.0399344814396602,0.00479442901369711,0.525561507021292,0.00458968735345183,0.0169298631835889,0.000496745050296948,0.000938453384191428,0.0187194837844284,0.0139830655870521,0.0040651567456723,0.0052851001975645,0.000161387071796121,0.0015728800113573,0.0108949544984024,0.00159668311119693,0.00769052406084392,0.00836495588360345,0.00537963478271769,0.0024599232126624,0.00294323247447752,0.0253339033613204,0.0152406758606298,0.0554586234406527,0.00266013188088559
0.000220108878851518,0.000340587868486792,0.00466436333414401,0.0191965465474186,0.0233163161992488,0.00408124703555458,0.0207583743607926,0.0125265709506723,0.00897122884449121,0.00189128318991505,0.00514734442050539,0.70320204185684,0.0340638822871064,0.0054346395853712,0.00310515232883672,0.012305536710132,0.00102453885209679,0.00310110159095656,0.00239201459750998,0.00842203418762662,0.00141785795136223,0.003370140535434,0.00153850525430591,0.00478741760976369,0.000436566985064646,0.0085684782693423,0.0114040223696633,0.0455453070798811,0.0400949761051794,0.00322077822821926,0.00520928701992661,0.000241748965299734
0.0178859052752021,0.000578472841858626,0.00181598800508532,0.00491791896125142,0.0321609052010519,0.00328021619252379,0.0268747381346537,0.0232544033177388,0.0138760402680845,0.00408841895285177,0.0238466516659883,0.0371628261143331,0.633964128651894,0.00261908427181205,0.00367443346791236,0.000316411225805199,0.0195056854070998,0.000725659798306427,0.0171193642663396,0.00410545994544438,0.0193219403445427,0.00255213897231227,0.0031585355567395,0.0290518570408671,0.00327006407878293,0.00203394092203633,0.00924641422885105,0.047146921666807,0.00210508656881686,0.00481202804938848,0.00152437852218919,0.00400398208342969
0.00877521334567299,0.00088472855476956,0.00553323195956158,0.0910204188682009,0.00254615110587272,0.00662300316324157,0.00881077641196857,0.0492190413029624,0.000994386564428139,0.00312968559025931,0.0302714320758591,0.118208523947372,0.00942003744579432,0.439790652884685,0.0028789003016039,0.00144639979613081,0.011977389759645,0.00275700508513868,0.00429103879071588,0.00141459059242637,0.00225252741702003,0.0028755303356718,0.00260132332139468,0.0118596993498043,0.00307052971468628,0.000441681098696801,0.00107756105194826,0.11204192537495,0.0012231719210381,0.0228659518763654,0.0361844545540219,0.00351303643809425
0.000558090479538584,0.000530236081893259,0.00333322876699734,0.0865373457080151,0.0228086780578788,0.000806198601801021,0.0795064811783437,0.0388090372091257,0.00938357441505629,0.00980440095016001,0.00289913300069715,0.0344087842148805,0.0130944900946887,0.0204402721404461,0.495107297740578,0.0136788359769563,0.00232469934896718,0.00369267412922043,0.000335050945823729,0.0358979471014203,0.0132437031673108,0.000737681895173313,0.00542314786372428,0.00229477066357305,0.00518234260161282,0.0295090178913035,0.00334153774427409,0.0465414275762048,0.00619771034732351,0.001770222710803,0.0048017251519279,0.00700025624428098
0.000485190026841941,0.00600738591100974,0.0215968151384346,0.0689029687486113,0.0178594662913239,0.0162667882796943,0.00125061077078119,0.126604669645875,0.0373188339254919,0.0030363119782417,0.0540512315692851,0.00878396809590611,0.00617606645946205,0.00015852545774113,0.000608240789848806,0.524542862697488,0.000231009064555149,0.0121034556750413,0.00107267197511347,0.00173787302548374,0.00161873142331874,0.00334511131809114,0.00675149749793342,0.0327863322740156,0.0183727655320648,0.000399826653585117,0.00268159908285068,0.00625425082812658,0.000496918476769104,0.000107073944695578,0.00513629279459658,0.0132546546477216
0.00596701113362064,0.00579960358989538,0.00387448253230086,0.0810989417564761,0.0915358428457086,0.0125945508746382,0.0851805286666511,0.0924904456389477,0.0478956829868296,0.00226304829605217,0.0122295742335819,0.0163806973416265,0.00576064898935314,0.00504154224673028,0.00658769720378835,0.00630292538174746,0.343206033301778,0.0200226993064425,0.00357582832474839,0.000698623088059657,0.0298226438999299,0.00674364066272008,0.0151344611795171,0.0193412601279371,0.0209272179213484,0.00146956836708099,0.00127740337124571,0.0451801271295027,0.00304994144649712,0.000738461921462415,0.00245721188779043,0.00535165434599197
0.0152922385628546,0.000571262247134206,0.00522763158132812,0.0595912036414699,0.0557045597861299,0.00125282378190053,0.054110184062792,0.0793630097321513,0.06052953005268,0.00255889463047876,0.0355698837782853,0.00931348334833416,0.0179519757044567,0.00042490263569895,0.00304115808858203,0.0270428087610549,0.016799009791517,0.411182475742668,0.00201539066872186,0.0280917196729694,0.0014833431700466,0.0153361344736132,0.00865961668361034,0.0162431857975432,0.0349332591470303,0.000746174179259922,0.00071894081457652,0.00733517485416533,0.0160391683308208,0.00229564042003767,0.00873251103794094,0.00184270482014804
0.000955925627879967,0.00474714635041788,0.00643398963910793,0.0237606088274811,0.0676912599411049,0.00152771791608637,0.134461323814505,0.00723560383117381,0.00579491474766796,0.00750427326507992,0.0187729535824568,0.00859090887545575,0.0113779359859838,0.00106171558764864,0.00121683663661518,0.0743508548967074,0.00203385808782069,0.00573401264454561,0.495855052915067,0.0136184448013617,0.0177346155133613,0.000451462089061064,0.00653852807340404,0.0265541480141868,0.000936377303989128,0.0131511018302412,0.00229791234496856,0.0215110584224182,0.00618411359456467,0.00172643488053253,0.00640801758891859,0.00378089237018649
0.000603414509330817,0.000934290646228271,0.000484856674040831,0.00677306108812051,0.0373669674051154,0.0171882817180415,0.0936477849392811,0.01045621575532,0.00860744461083853,3.41925692141486e-05,0.0104854493692739,0.00312336293449714,0.0024375007509112,0.00160143698643915,0.0102729700469848,0.0826463738632249,0.000544975715477652,0.00608556469401034,0.00450108499869822,0.579572454011508,0.000784556253263007,0.0322161587480239,0.00277557902368479,0.0071821275415663,0.0096580792957789,0.0216740716595645,0.00509902858353921,0.023142083485911,0.0103168523004386,0.00229836780872218,0.00529647083122242,0.002188941181729
0.00457765533490843,0.0125741133283922,0.00490162947960681,0.0244599883767231,0.0400466941580218,0.013581892914348,0.0709552726717019,0.0152899534828227,0.0153895954372253,0.000815324304906167,0.00254386232476871,0.0326398041929918,0.00163661173880609,0.00609788320872564,0.0215622068030001,0.0205859243693664,0.00135792409481609,0.000801338426942949,0.0098571959764675,0.0188554130349348,0.447354868597563,0.000841726361123183,0.00904511207149898,0.0555750048525166,0.0104509092267662,0.00821974132607881,0.00348164170619196,0.0973829582727329,0.00314547557482992,0.00227872268769832,0.00484255595907356,0.0388509997044506
0.00241596241994547,0.003714276867924,0.0119710720573807,0.00486311744187431,0.0442190911986038,0.00470543138666553,0.0485742484678818,0.0175483782190716,0.0401802820055874,0.0032724220549349,0.00521402321679569,0.0297506336800455,0.00102483717790194,0.000103168018561061,0.00128067077968995,0.0257375589834532,0.00630372464665619,0.00111793170642407,0.00172384821219276,0.0185606790083196,0.0034712275451562,0.624991502148584,0.0116177405501626,0.0104538434665196,0.00202622668802152,0.00814631370546668,0.00627267983508513,0.0191958583780649,0.0148191827603252,0.00660389102221425,0.00765475347997458,0.0124654228705155
0.00875439241055092,0.00961309089153243,0.0117397565415326,0.0371016954308475,0.00454099079838256,0.00446554485641765,0.00188341462278115,0.0200983048223123,0.029866943996127,0.00219229559787361,0.0076234492098987,0.00684825905697723,0.00138865653943638,0.0025563573635252,0.0145056579793243,0.0513294460850877,0.00441833722868843,0.000268014658796532,0.0173862620692832,0.00839597820459106,0.000870527956200406,0.0489233043245937,0.616740347370481,0.0109758547803231,0.00308087896791868,0.0126083413038506,0.00403343913443882,0.0223748673740056,0.0144180822532039,0.00307117009741362,0.0105395158422525,0.00738682223135151
0.00609527570825453,0.00429797010461504,0.0135679985735117,0.0730790277365064,0.00280395806646069,0.00278107549448095,0.0220479087610659,0.0646200828102077,0.0205495119924359,0.000885935691855365,0.0314321276358162,0.000608956535911341,0.00743592379572922,6.59221173764186e-06,0.000979855481634845,0.116362806187945,0.0041837601731883,0.000644058436701776,0.010645807250424,0.0604550993171459,0.0417248354162449,0.0132172939038788,0.00260079116752268,0.445565985918685,0.00812977493766876,0.0273499964698122,0.00233573910913102,0.00376704432739953,0.00158148095157994,0.00191751264024349,0.00290291276795762,0.0054229004242474
0.00801886015512122,0.0138412266354365,0.000532082033690783,0.00299859314674631,0.190633504216874,0.001353945576689,0.325469762558429,0.0076413363361879,0.0143908075521605,0.00127812535661153,0.00771697231506965,0.0106648795258072,0.002808496115735,0.0049396593760649,0.0121886625309276,0.0481480353983806,0.00147570440193851,0.00126900978123159,0.00172118753236133,0.0468676202328736,0.0152998861367046,0.00105869783602644,0.00629710441481425,0.0259755795296443,0.193596718532465,0.0152020968069903,0.000464100054462247,0.0268881820637255,0.00600359773717276,0.000140822227230556,0.00167971764916479,0.00343502623326249
0.00302445599060563,0.00454922710369539,0.0011578064911321,0.0203683567742742,0.0679646211299144,0.00380145450493108,0.0584884242120616,0.02746221785737,0.0752166760428277,0.000619679823942939,0.00705045605915458,0.0107567898481504,0.00760086842271037,0.00195000359383299,0.00630298865618051,0.00915935016313881,0.00684036949492851,0.0284563133470235,0.00126939044249575,0.0329398301098009,0.00390726311387614,0.0522822768884013,0.00336057944619164,0.00834278364622326,0.0363450354920002,0.43195321151259,0.00433457859664552,0.0233188476448523,0.0271681938214973,0.00299245673142334,0.0259133607920619,0.00510213224606576
0.00210533495582022,0.00737719409399714,0.00764177988817442,0.0475685514862214,0.00275744276390832,0.0489527341933709,0.0210694019244332,0.0202657802920789,0.00140235060603008,0.000740363181512791,0.00171619553412948,0.0123294362872767,0.0126961330961959,0.00879649796439319,0.0107795437922183,0.01521888467267,0.00273076161342713,0.000466516585720057,0.000118088679592838,0.00225755208371472,0.0255644587920856,0.0100184284858981,0.0192584834593185,0.0063724224713422,0.00963045290138593,0.00669421313989072,0.648312389936115,0.0140806026811233,0.00146607592808239,0.000257371222813461,0.0279147870073763,0.00343977027968252
0.00127819606265595,0.000351105962927323,0.000654525662592925,0.0138481028066519,0.0105623550798493,0.0136300883224736,0.0230646654487635,0.00789461838892508,0.00249669152276467,0.000607125772657624,0.00250545146682087,0.0710748769328676,0.0102858515137619,0.0131302483812848,0.0102890763103852,0.0262615300589834,0.00772072416846016,0.000568991568811316,0.00513797628455388,0.00485567795286761,0.0089953571735848,0.00361283878168544,0.00313858531247763,0.00768501731380201,0.00162988791918126,0.00283469829834718,0.00399172629645371,0.687372505218687,0.0425407411947128,0.00697331420464655,0.00452026645818797,0.000487182159174649
0.00247256837960922,0.000997229670483311,0.010813063744085,0.0287473154411568,0.0311905443541971,0.000490831149625491,0.0347802214328782,0.0182868496326417,0.00652339508727059,0.000485073728388283,0.00488780369552564,0.0231971479349206,0.00540046444853734,0.00111717650158362,0.00256605565613949,0.0199748337904317,0.0132674101622693,0.00815069281926084,0.00207633054642621,0.00744828826519616,0.00305323592226245,0.000433855132636571,0.00280300047048382,0.0012057282983539,0.00959754558839496,0.000439478527949538,0.0193610795169517,0.0484159621567603,0.638917189967928,0.017463187907157,0.0350338561103437,0.00040258396015127
0.00330086935516365,0.00049960612888966,0.00247325348601034,0.0278756240516548,0.0116246297361802,0.0105543456102171,0.0433780221456061,0.01653381829905,0.00912193354839748,0.00489125446131829,0.00122971469464755,0.0398293946347588,0.00621701439835978,0.00678311242238422,0.000847079858015362,0.0178539717870422,0.000251414206171015,0.000204242659231017,0.00515098329157188,0.00609101956025597,0.000210811929599107,0.00182691062694103,0.00436184065090226,0.00610183943250107,0.00346690712937696,0.00539334031857038,0.0156696059255603,0.0949528307201961,0.0233195383947332,0.625053719301059,0.00465199639683991,0.000279354838795411
0.00061968593993076,0.00110341998116455,0.000530128614615107,0.0372839623704634,0.00980802892170012,4.65488643145052e-05,0.0154205822455439,0.0105853160733729,0.00136072853320212,0.000395032888834146,0.0204927608373289,0.00851769283686297,0.00603506044067354,0.0104415069752469,0.0101287244734793,0.0158221046632406,0.00303293193044757,0.00316615871578276,0.00112693996211796,0.00538957448442257,0.0196048365363536,0.00685605026841884,0.00893437006275501,0.00270384686490001,0.0180961595492569,0.0138763065721717,0.0210679577652716,0.0297717526716843,0.0136795223493535,0.0130357854939021,0.689616671845595,0.00144985026759332
0.00849886491303945,0.00400132616386088,0.00554825735570974,0.0402237153432876,0.062947452999633,0.0175174986251239,0.0734936393019209,0.0313033143180836,0.01385893167941,0.00465311494974228,0.000514725530886561,0.00210066295559264,0.000349840837588734,0.000942952033854823,0.0183255000693208,0.000170091958639487,0.00339383699999205,0.00142122452563683,0.00271877478843717,0.00938524763359615,0.0692078837208209,0.00420990750722315,0.0266727422189606,0.0302829498833672,0.045812730767105,0.00238529927955883,0.00130454264738664,0.0170021401023643,0.00152799545108782,0.00056884096657353,0.000802305592471174,0.498853688879724
