0.0715456318381207,0.000663908372960619,0.00129344327977184,0.0097121415197082,0.0672780016039977,0.0114983442535367,0.24188619154377,0.032501578796482,0.0343506705348263,0.00460486017434537,0.0137240665372027,0.0151734310493036,0.00790757934636832,0.000173958706559037,0.000620870251212354,0.00408750917244564,0.000265795194476419,0.00109683155820041,0.00085511618890644,0.0174637128517787,0.0669468278569901,0.0484430410960023,0.212313419781281,0.0404439936822171,0.0210970227558502,0.0141590542941677,0.012991836045091,0.0130344817847598,0.00028653042818553,4.31226286882009e-05,0.000870596875612757,0.0326664299971808
0.00517752917475929,0.198529677043762,0.00117566487220083,0.028744092412412,0.0234680116524636,0.0318573121953602,0.177205625861258,0.0225611717308395,0.134214650977851,0.0205407242784997,0.017001824972438,0.0623004344799846,0.0098378974508408,0.00060247370736107,4.50587785671254e-05,0.00948240997576689,9.24725163750672e-06,0.00570551263163162,0.00795264530016687,0.00608420179060804,0.0170136428686641,0.0239820927232664,0.0863434354314136,0.00921143008133321,0.00375909363525578,0.0197897147083495,0.00725571078932274,0.0458818588019602,4.14358762782614e-05,0.000632331496549403,0.00308986559332856,0.0205032214558686
0.000391885327341675,0.00509075432213268,0.360312980070339,0.0920047561028501,0.0711880566270129,0.000467776132456613,0.0749112977489614,0.161793799739349,0.000727762164158001,0.00498184724897002,0.0254191072557392,0.003467845416538,0.00857307980673292,0.00385976239839183,0.0024119356537418,0.0010079562315423,0.000422079622331125,0.000779144988833016,0.00254018759459708,0.022456448562642,0.01824412553043,0.013342846741618,0.0631423049417392,0.0232018235159375,0.0165545040836734,0.00118565842816879,0.000122930212579378,0.00447340517002944,0.00133307438204624,0.00069718653952807,0.000195205528009365,0.0146984719115797
0.000556641256791843,0.0045043619750449,0.0029053324021988,0.407453004342648,0.014309852695763,0.00316776239514115,0.0144286582564387,0.0417804575400324,0.0198631402334676,0.037635581169529,0.056008811083505,0.152580126394334,0.0483502463772908,0.00920248674438934,0.00476681272638448,0.000470615286176913,0.000894161037937682,0.00180420381837501,0.000963915499191236,0.00252258959403801,0.0147971939312566,0.00304666487162541,0.0149245600587003,0.00578380297843119,0.00435765522510556,0.000337174010054032,0.0039567488317289,0.118197813736863,0.00315328223843027,0.000387444741730471,0.00287881307346085,0.00401008547393507
0.0037192170343158,0.000992489504569378,0.000692887260515312,0.0302417253789254,0.0547302565735508,0.00602685320234124,0.0455218857861003,0.0560792346291025,0.0303390138755147,0.00545037315429961,0.101229646642057,0.197432801624875,0.0689226637921689,0.000436622086380184,0.001587965151382,0.0425932136319742,2.75235504710019e-05,0.000357427488573461,0.00032721746560309,0.0056160517743817,0.00909220788515741,0.0642926586341768,0.0872723478641364,0.00445739780596981,0.00666045734722961,0.00366957745178785,0.00356224546617557,0.161063181235057,0.00120103690934979,0.000577082747968301,0.00385803760208101,0.00196869944380789
0.00346144184273117,0.00283160313163118,0.000274158834311751,0.0797832563934788,0.216183420700568,0.145208251145293,0.191650713615364,0.131453289679918,0.00313200434758821,0.0107825072332973,0.0159432080264009,0.0496394725649475,0.0160596324366702,0.0010958805784595,0.00316323833357731,0.0403123398367876,0.000246789825153908,0.000536441986680885,2.28928082897239e-06,0.000222940452493541,0.00262854232984748,0.0145692726389266,0.02516314444186,1.77418862025659e-05,0.00221240609829612,0.000597339757850333,6.90287845790692e-05,0.0388255010654592,0.00167472305500926,0.00027417912792934,0.00059616079830166,0.00138907976955743
0.00296781770121202,0.000769758512517488,0.000988750911576693,0.0511958453398463,0.14307352381787,0.00840478339596025,0.519853110839365,0.121140530663273,0.0144238977721378,0.000316099224528649,0.0158820644109872,0.0433223311178179,0.0199422224397347,4.11021173208307e-05,0.00054329216213251,0.00740212853916808,0.000529487464393977,0.000300482332100534,0.00025996227538103,0.000789436129416268,0.000966832230616646,0.00726473175675932,0.00584260454275211,0.000285277934006578,0.000497237402214344,0.00115700016922884,9.11127828796422e-05,0.0300024780549639,0.000712412171133357,2.83041586948146e-05,0.000742231169715887,0.000263150460294726
0.000756550762036807,0.00710565022245867,0.00548016532093805,0.0535354500106356,0.0669858381872626,0.00532980592165854,0.159408967305541,0.229274352697726,0.123502243201545,0.0274210418994381,0.00121051271893671,0.0928381432601538,0.0113157743224031,0.0117117303509912,0.00347060005974525,0.0063138093139718,0.00266026865576082,0.00293674713381611,0.00108978425477833,0.00238528648569292,0.0180901393229574,0.0134319747009275,0.0513443418945691,0.00401323460845918,0.0117886260337762,0.0029117714982021,0.00435649518149339,0.0701179745535742,0.00315537517072176,0.00156156179667237,0.00264199869906682,0.00185378445408937
0.00170804041041524,0.000184212309149566,0.00244958126882234,0.10600886224784,0.211367338405335,0.00815460671784016,0.179233045744477,0.285868756163496,0.0251853985401309,0.0102517251173227,5.04952685495998e-05,0.0105524689597194,0.00212432033313036,0.000283730611611353,1.70091631760863e-05,0.0140797585697504,0.00248038545680269,0.000703937292658377,0.000667798150072125,0.00703303264258295,0.0108557087082328,0.0230052544383829,0.0647352947575726,0.0121070091976243,0.00198023466460951,0.00482532908220892,0.00167695721753271,0.011012096114031,0.000739973731364628,0.000152927690761779,2.59306997339148e-05,0.000478780325062469
0.000584998094346562,0.00568782218604293,0.00461106163910557,0.0257263363238191,0.024796916252838,0.00587886894593525,0.066106005299359,0.0372716513263758,0.0289193452438333,0.225445307303674,0.0415634245192775,0.223373779166952,0.0288091777635187,0.00487208348053584,0.01517088137762,0.00319924312236701,0.000635178692487018,0.00184795625905848,0.00126319384650798,0.00283520843083482,0.017178721862368,0.00271976697013453,0.00432192265566086,0.00500008058896604,0.00407433668004835,0.000700588971114944,0.00226517886888063,0.200053323637674,0.00113232637327454,0.000965778575515722,0.00679845091229362,0.00619108462957999
0.000132794338033762,0.00186248486774102,0.00350926046102104,0.0207288100419199,0.048334036976556,0.00357717943367172,0.0368342404112204,0.0187357696349391,0.00916596872043375,0.0343751584168529,0.524462001702527,0.116446770611936,0.0392252181218141,0.00139080986123521,0.00976774534319129,0.00286170663297466,0.000102341493631483,0.00124720231412232,0.000622294440906915,0.00341862943161059,0.00636027811115386,0.00422537496628494,0.0047359834636217,0.0051536937981638,0.0028754961232429,1.14351175381616e-05,0.000254828559142177,0.0921731974679785,0.000227718704451108,0.000631023137360367,0.00239549833089592,0.00415504896382663
8.83048619934949e-05,4.12388174070069e-05,9.54474736337493e-05,0.024146862189077,0.00596416146425339,0.000286862527702102,0.00212465476760774,0.00750859288697996,0.000281676403518271,0.00224602210778583,0.0702979680823233,0.56852353356139,0.063709489059958,0.00238929834600192,0.00640901738747266,9.529256654027e-05,0.000317281449538858,0.000108713805236242,0.000308947482075259,0.00239529524243473,0.00132252284304703,0.000354687752933591,0.00334371456794294,0.00289413587473609,0.00132549525680201,0.000374382994673772,0.00216604454046499,0.225301193367855,0.00168147068206543,0.00017254538466239,0.00233581554958856,0.00138933070229849
8.62005335903224e-05,0.000353124845941344,0.00247706614514088,0.0934399644185228,0.146248801387444,0.001603174732095,0.122596406216949,0.0987090674768393,0.0110456098832795,0.0191547764546849,0.106753694519788,0.159203865430039,0.0480190661151244,0.00211353057542309,0.011863213917048,0.00502503659398579,0.00011878843009846,0.000655538665978793,0.000262920283858428,0.00547638370901756,0.000957448281003039,0.00627505920290424,0.0135631577657355,0.00794498718609777,0.000171715861137565,0.00113465140792572,0.00226217504436716,0.128608143136936,0.000327670578269137,0.000899038635183538,0.00162094950092189,0.00102877306466963
0.000317971727002146,0.000176819395704971,0.00248950674754632,0.0797302444222775,0.112000043543452,0.00906740952606199,0.104211933371835,0.205555630658198,0.0231205030000759,0.0325657367655245,0.00824063944884049,0.0592079021959056,0.021172482306134,0.205945923960089,0.00619800463373806,0.00577457037535814,0.000409503221220212,0.00152323421217082,0.000122993281424045,0.00887757144232105,0.00314893094105896,0.0079053031164354,0.0296489218646409,0.00412024736248901,0.00570179831252415,0.0010534390804921,0.00370979010201709,0.0417901442761091,0.00739341300977757,0.000596303120456959,0.00373342432842837,0.00448966025068965
0.000168381653879936,6.98466890258501e-05,0.001646175954217,0.0782137346398557,0.0972906791043811,0.000206542121698864,0.0791996674525473,0.123765400044816,0.0259472555677568,0.00639972071946304,0.0120300880523003,0.0977577739587456,0.000931330676155506,0.0119986032411253,0.0657874973101341,0.019103259906259,0.00171431743499129,0.000404296675518997,0.00134060055888964,0.02641128754573,0.0335476586772624,0.0250075341636636,0.129467849091393,0.0317508264071729,0.013662165883481,0.00459590942704611,0.00430180241681003,0.0945089856469231,0.00406369063522759,0.000213825929509232,0.000548790968076849,0.00794450144594333
0.00633587772644115,0.00113097259483652,0.00230094736601186,0.0926660872683596,0.140079509441199,0.00311428865871627,0.0911440917786772,0.181487748281938,0.0483990909828469,0.0018475197363307,0.00659815610797174,0.0363636467083607,0.00292316372789143,0.00017328478939939,0.000214026605210546,0.252560240928922,0.00327473366062503,0.000499165873314512,0.000784772899481853,0.00385595584638748,0.00531932711305536,0.0194652026719535,0.0490130328682799,0.00517739659612028,0.0048349416855812,0.00127990078561505,0.00091030383913522,0.0362538595852543,0.000382571588963763,0.000103889147216954,0.000499443760044062,0.00100684937585904
0.00157080278310044,0.00189284295409013,0.00154905133072548,0.0194220522369934,0.0651665312869399,0.000253446324117997,0.117398178508553,0.0305143166726788,0.00153694803151544,0.0117112636070079,0.0198436531597849,0.0240348861976753,0.0106622408525868,0.000129172879466669,0.000752298586402343,0.0194376437655134,0.168110049793577,0.000767810109263102,0.00234498055818666,0.0220328391103448,0.0719674287571161,0.0510600104808184,0.214174483851659,0.0459227302102504,0.0137400090723774,0.0249968546912748,0.0148374899036697,0.0212255688949512,0.00062664864908468,0.000328887367888417,0.00222523657555504,0.0197636427968316
0.0061370635076204,0.00206421550194699,0.00258850340639622,0.0276811206222186,0.0773231931410932,0.00818642613879703,0.167780629738065,0.0542343392269574,0.0787794442053723,0.0425921677550523,0.0480699952379402,0.0155640752920026,0.0126673949451358,0.00106344831714751,0.00322031132403392,0.0288793859983844,0.0125815659753374,0.241490318079006,0.00292053119007964,0.00356641997986352,0.0144432814819965,0.0289275762531261,0.0596607363823251,0.00112185135600308,0.0108924828691799,0.0215485389329933,0.00674008771228556,0.0156877177780537,0.000134581811238162,0.00115157576994395,0.00138188481415977,0.000919135256245335
0.000787239437713491,2.77553121987803e-05,0.000143716585834742,0.0611771321873061,0.0523714475312082,0.00444986468221817,0.09442723332711,0.0478849522168234,0.00871726509200236,0.0157483718851907,0.108291804936847,0.0504109473266582,0.0440111542432167,0.00027697218413906,0.00154731738251043,0.0134689592593467,4.9662132352979e-05,0.0094967722139171,0.177915220692109,0.00942239757651205,0.0244877620690441,0.04354137919501,0.110543869489017,0.0207671525605743,0.00546461283630326,0.0288181377914087,0.0166808934870117,0.0420295770859263,0.00210221360219939,0.00078193387445761,0.00132102019082433,0.0028352616130083
0.0024590285174376,0.00423891726807665,0.000724167889029904,0.0504130023231125,0.0438059910817688,0.01246678449773,0.0449524095567435,0.0515398344236816,0.0628023040357611,0.0248348181791703,0.122150388493421,0.0835998409433392,0.0423870384997821,0.000231556908643319,0.000632388668309592,0.0584558713460337,0.00123012796511186,0.00257221863672204,0.00622706653212926,0.192043020928841,0.00166432930811756,0.00789142576455691,0.0276125843409311,0.0333612629431105,0.000425399497181352,0.0206168148826446,0.0299270395138098,0.0632812634615269,0.00402004554152,0.00175476450015991,9.06381530728253e-05,0.00158765539852333
0.000793034261968106,0.000293779313675014,0.000873193023534548,0.0278570579241886,0.105100876807825,0.000764160957556996,0.143264746198314,0.0540484354912009,0.01179501691054,0.0149145807782109,0.0747188132303262,0.132653175844122,0.0641812904016259,0.000248586856043065,0.000718510742323307,0.00473155376909578,0.00155684712109514,0.00155598270341207,0.000174899165305012,0.00702100995248883,0.100303381416012,0.00403062709767153,0.0338617880194425,0.0331827363415366,0.00940213827171866,0.00645059092388582,0.0281600734523034,0.114545445525245,0.000609139475653693,0.00188863397257567,0.00291390029403597,0.017385993757067
0.00330076329767985,0.00218071109145901,0.00239250959797043,0.0306542667083194,0.0349846718035098,0.0409772840565804,0.0209857330908511,0.019192856416182,0.0983879576737513,0.0171946097283526,0.0390549878920594,0.0835779110517519,0.0257823975447809,0.000204784071724134,0.00263862585463226,0.0434016243806922,0.0044287035327086,0.000986628892436648,0.0005816811725928,0.014237320473349,0.0366108698733786,0.249310293903343,0.0618212764401513,0.0421651782905911,0.00612378425562748,0.00772640318279513,0.0154507277218961,0.0864417750286992,0.000526507512656717,0.00123447280164187,0.00196840425776387,0.00547427840007189
0.00128811840929359,0.00108616427424521,0.00220129853448987,0.0319452543974413,0.0504888473403531,0.0189137897707098,0.0199420726757103,0.0279889477988145,0.0406618155032546,0.00427573126042654,0.0238448300815821,0.0718124703439774,0.0279764268492988,0.000130246719995154,0.00237521651996496,0.0313907767580205,0.00177787519688535,0.000483680622135971,0.000399304334345766,0.00883866897504358,0.0424631277716273,0.0115836542000093,0.455285212459625,0.0293058227028887,0.00699699240596164,0.0084129407881085,0.0104014420603938,0.0625817516426396,0.000192754111995318,0.00162605412466193,0.000572407577697423,0.00275630378840306
0.00202649223142282,0.00241238045451602,0.000181683886251482,0.0166116282735494,0.0397523977055991,0.0145896514564505,0.0787769071338864,0.0659261044206236,0.10343746131345,0.0284088277467004,0.0367974336825718,0.0197910361083456,0.0142188639207767,0.00033800767828084,0.00024164345438776,0.0196015203352148,0.00105167872574586,0.00194883252790521,0.00389562746714039,0.0339865504524586,0.0111084791096858,0.0114093089753193,0.0496177053301207,0.357449604583988,0.00197770031796559,0.0190099197044021,0.0425371240510481,0.015637602490145,0.00357138529770974,0.000920854323560233,0.000472935097020796,0.00229265174375715
0.00672354941002629,0.00229442380708924,0.0022840024625257,0.00962412516127041,0.0805465731759852,0.00351158902971879,0.134090942543413,0.0628734397329531,0.190718844843629,0.0238632880995586,0.00406617746719807,0.020150113422406,0.00150250446381788,2.37243673342795e-05,0.000248037468882663,0.0498545291862333,0.00404409270833657,0.000162947479402314,0.000609003164395207,0.0150505396820312,0.0378774953237573,0.0258803864267355,0.124011302219421,0.0272684031370447,0.148183415851322,0.0057137327012229,0.00103572025500374,0.0145233143315927,0.00024503094729596,0.000371072878714763,0.000359806106258824,0.0022878721454229
0.000676047142194606,9.60902512444211e-05,0.000247884774255607,0.0101591184859561,0.11370616785287,0.00939719731551834,0.210286133113226,0.0455851595144006,0.0228060221506773,0.0237260248979443,0.0133155362919601,0.0245953694560995,0.00196271099864859,0.000231530778967181,0.000761185107873378,0.010844407705369,0.000663414221575095,0.00162849548426395,0.00540948639343209,0.0496334737279225,0.0314501792686645,0.0259984045199558,0.0883682829347295,0.027322553377827,0.00806122318447816,0.207000734564793,0.0195130882424086,0.0326831439923092,0.00425050206188439,0.000250918811874496,0.000624219100055635,0.00874529427662124
0.00087093821421076,0.000109877644612752,0.000828548607792078,0.000117381358016835,0.0891903131560124,0.00635349743614734,0.143049813140647,0.021105227970034,0.030389901246916,0.018424342113871,0.0179196827959425,0.115469282711524,0.0283387048955503,0.000592384663038809,0.00300432926665962,0.00288601453361452,0.000384649708074317,0.00114716020899768,0.00498970797693832,0.0745371492784944,0.0318416211504852,0.0279010754601466,0.0647859141287159,0.0356582797627915,0.00508107865627043,0.00581607499642891,0.141274393412918,0.114944310560862,0.00782525646424549,0.00036344002447274,4.10205083856025e-05,0.00475862794718382
0.000333271252992434,2.69323526782958e-05,0.000178971633472137,0.0378405617609916,0.000323156384182834,0.00138342843660967,0.00138444705474609,0.00545804473436804,0.00310874724772112,0.00277768650107274,0.145106133827562,0.51105847707576,0.132008458836464,0.00430847019913581,0.0119088133795619,0.000651241449226134,0.000415009691542468,0.000204708747867812,0.000951472210903825,0.00584789839154083,0.00376845751241636,0.00165836659476057,0.00792938054917801,0.00525229109662332,0.00275048119807638,0.00050710356909024,0.00534266809694933,0.0948955263978961,0.00398489779186268,0.000378168031924956,0.00486148801764824,0.00339523997517349
0.000931962990762035,0.000833747589360995,0.0022073064481618,0.0246633160695875,0.206091652313518,0.00592154011405117,0.236674480166952,0.104544928404364,0.036263907712693,0.0306433177607009,0.0118332731903872,0.00227724897096089,0.000840851004501237,0.000161487899920555,0.00204795594797901,0.00582853628212873,3.0299343481013e-06,0.000458941409386909,0.00271684390274859,0.0148523305981215,0.0172238320120004,0.0140334916852903,0.0197540252290611,0.0113428537320439,0.00157574390326807,0.00561052392154008,0.0308703640269438,0.000971867507468637,0.206326865544927,7.42908943154693e-05,0.000227918654365252,0.00219156417814157
0.000243587842124952,0.0029471686889061,0.0012880473148002,0.0233045552250431,0.11595992115157,0.000185224239363117,0.131723097980295,0.0425238022266379,0.00969735121331248,0.0128719634670572,0.0282953589297363,0.0215090581581036,0.00445809925237506,0.000345320368535351,0.000400223614009211,0.0457658864290353,0.000109379832261949,0.000387875504666338,0.0141128139208306,0.0349817196459255,0.0520009618628786,0.0285395506503273,0.115130324373848,0.0569739861646195,0.00370969721992325,0.00486299069544189,0.0206578099531359,0.0260625462145141,0.00287859247870693,0.193478773473036,0.00392001201898869,0.000674299889990063
0.000696199300204765,0.00109295737562625,0.00107528065198254,0.0138037782638895,0.077985327451172,0.00271790762405662,0.108634529634833,0.0027318329963589,0.00653571037342053,0.00241544017821834,0.03865263044094,0.17700806058571,0.0435973015459521,0.000845505916337346,0.00282617269915181,0.0103858984638474,0.000323286362714066,0.000402353365970805,0.00629175625689481,0.0290310365970215,0.0126782793988989,0.0245006189414146,0.0575664455911852,0.0228629753112647,0.00678576143479897,0.00110175557562054,0.00459711451905994,0.172939874124012,0.00231883866113434,0.00169953007240071,0.160396349152436,0.00549949113347251
0.00252896900300323,0.000920635509147922,0.000244376653348742,0.0160236409229939,0.0332404785613801,0.0057050049578889,0.0645934189866233,0.0519357974230461,0.135977789246867,0.0411740598986851,0.0653451289585078,0.055136592812324,0.0188097859321178,3.81133360219546e-05,2.22792106568059e-05,0.0305721848066407,0.0011932294845051,0.000208524293376482,9.40797467690212e-06,0.0105722920484595,0.0409160571720738,0.0516846562256953,0.149864648749866,0.0248001748233412,0.00650876822731741,0.00115583129792958,0.000416183992723023,0.0529903542678462,0.000187518976045401,0.000124527161349448,0.000795084458358425,0.136304484627183
