0.635558334055268,0.00974752240440074,0.012976242556382,0.0206729521527501,0.040662604113823,0.0222043341396918,0.0640664127376063,0.0303081765060196,0.00764953861757312,0.00857372122711613,0.00600956110844302,0.0143710480966059,2.09939432653668e-05,0.000325462638771118,0.000576787509981484,0.0600576147870974,0.0111337439481991,0.0102574071233354,0.000389724619947164,0.00486372818630333,0.00299096866936803,0.00190659775660457,0.000394498278977004,0.00694292676234924,0.0103428481697309,0.00303464412195966,0.00041023700023444,0.00274733838463253,0.00300523844616006,0.000553668211009121,0.00681159461629983,0.000433529110094048
0.00244803995672423,0.591205718271508,0.0165943093343071,0.0457821409631201,0.0271476652556134,0.0346655345706213,0.0558623694782701,0.0448245374287887,0.00955223905709154,0.0130391024949552,0.00841492067299497,0.0424582418136724,0.00027343364883367,6.61711341048427e-05,0.000923687892734513,0.00526373545327385,0.00507358518778924,0.00242199198496664,0.000209444875642615,0.00620752884576571,0.00171975572447176,0.00368667475446845,0.000969870810551149,0.0118283869370803,0.0124621776092579,0.0178398321499063,0.00743685758343895,0.00274421263897809,0.0204696637745136,0.00116179691373399,0.00471974441817652,0.00252662836464493
0.00608222429359243,0.0255237992420587,0.544584123213333,0.000777890067892256,0.0178455675612025,0.0201810419863949,0.0746706179242463,0.00381445585483036,0.0397067170080214,0.000862751380303393,0.0201593414009833,0.0438058019455028,0.000119770077221553,0.00225786714664834,0.00272101074723136,0.0985199526251929,0.00548598411390817,0.000999720591695505,0.00235390540063651,0.0020701203003318,0.0146649499461165,0.00516863187062142,0.00766107343565441,0.0138026860462815,0.0193277213022169,0.00129623324579332,0.000752385361787776,0.00425992955889732,0.0112550647140718,0.00412583749787857,2.4654517093766e-05,0.005118169622359
0.00305608792858426,0.000621165803964595,0.0172417476060347,0.451525680022392,0.0597753161035954,0.0437856160217016,0.185577006679739,0.00421959760518888,0.00417093265065839,0.0123996613265115,0.00895091481302641,0.0509649516540081,0.00127666554133425,0.00247791758807646,0.00661408500435117,0.0418828234937432,0.00173122644804761,0.000449276704912977,0.00191909723216563,0.00960277773605386,0.00058360321481821,0.000274723893979201,0.00327853186989799,0.0101076206578704,0.00428377396910657,0.00964884088321576,0.0214926436981765,0.00419248715270892,0.0350605802753977,0.000555386296658699,0.00218580960018706,9.3450523893151e-05
0.00122887500105818,0.0027765557716813,0.00451002668632669,0.0225129025803832,0.702400618736725,0.00944369260343394,0.0123944449033942,0.0023638786280657,0.0190221218132834,0.0282093612566048,0.0150860815402526,0.013165013207854,0.0013763883553238,0.000491883163452262,0.00434519795074635,0.0279006323065947,0.00826420597712693,0.000185062946440201,0.000800683891776657,0.00807218864006935,0.0241639522653512,0.00356942642691103,0.00606745625119117,0.0158303989545346,0.021908852663373,0.000797219609186629,0.00802531738682872,0.00585531311266291,0.022954351954624,0.00217212994297518,0.00359907179773361,0.000506693674035321
0.00867098969006833,0.00145887149353994,0.00205224208442928,0.0266940219644234,0.00170146431057499,0.650459344995591,0.0329151114378554,0.0318899953809755,0.040058401743284,0.00291914522439606,0.0302480821264589,0.0303764099574067,9.12093158573307e-05,0.00139462336733973,0.00740253519215076,0.0365800017987547,0.0121874899094457,3.74859051939926e-05,0.00196835145165787,0.00536646180117899,0.0147230047678189,0.0049243237105109,0.00653347869471683,0.0145680167419757,0.0173658706386248,0.00147007161502318,0.000251185199676079,0.0020636872554946,0.00657861620490247,0.00548250235459107,0.000423405847076936,0.0011435978190069
0.021992162167498,0.00688751731206191,0.00132189895530992,0.108513496551425,0.013850498948171,0.0168546524058016,0.480790226341655,0.0212217810570734,0.0347384247399205,0.0359839409314862,0.0359820459524945,0.0177466654712653,0.00108465366650815,0.00117301540472309,0.0129944402618553,0.0443515000772035,0.0101157773657829,0.000348297936703511,0.00218241527900966,0.00362518545763397,0.0184335578333066,0.011507021488858,0.016995513297373,0.0173743092381013,0.0351729538421424,0.00293853579198444,0.00388689789003166,0.00223446025489997,0.00970550380211877,0.00666129502406794,0.00153960614666117,0.00179174910687236
0.00805580408974832,7.73659417775385e-05,0.0178831615955163,0.00679425096590597,0.0112831207215363,0.0858693643909642,0.0255660342670805,0.521444998731428,0.0182795598336378,0.0191632736525368,0.0174113628481471,0.0963842781960686,0.00554520696846432,0.0102826027617837,0.00935976088218872,0.00464141752085678,0.000846495785673433,0.00153674734616139,0.000775264450146409,0.0153797180791706,0.00271435429651316,0.00300792584471452,0.0122774720813624,0.00370277814164203,0.0236076840152993,0.00108534300130452,0.0178960160546897,0.000259850468275456,0.0503411737832962,0.00118389892017276,0.00529395945843241,0.00204975490550425
0.0029399845472151,0.00189128816386738,0.00478691438570802,0.0360246091987183,0.003052263129277,0.12707128991546,0.183299987114304,0.00309259813479607,0.41719264711372,0.00750589209715948,0.00712353877548371,0.00479457161316757,0.00155680870785142,0.000175647966639981,0.00363818969448079,0.122332611546273,9.06828762085366e-05,0.00173911117245287,0.000620927154253084,0.00339549350983084,0.00666280647900776,0.0222206348413947,0.011933474175567,0.00730335602143564,0.00574822242551886,0.00169272706534189,0.00260485025334599,0.000468114745957657,0.00208649738524301,0.00126448039935524,0.000231083577678958,0.00545869581328578
0.00237373206314443,1.04285021694286e-05,0.00778500924103502,0.0262496597134718,0.0376631391213319,0.00680322718925358,0.031600938458795,0.00331057767126653,0.0417699148178548,0.614440859217736,0.00187938732991613,0.0614697228381713,0.00038604985796243,0.00253412596184223,0.00848201250768548,0.0537556459348012,0.00101995327674099,0.000838412777059963,0.000348826719811971,0.0020672994406639,0.00121544816182206,0.00326203129164838,0.000230097815841447,0.00716135955147147,0.00331930402713566,0.0177603593053583,0.0200939003249568,0.0101970901347154,0.028773915471247,0.00104785102056521,0.00126992522956535,0.000879795024958246
0.00115693240458202,0.00223738986364829,0.00349883146799957,0.0422674210758278,0.092452884153405,0.0877502658923036,0.000240086807558956,0.036316137252355,0.0542005175887734,0.0293668908928766,0.50751299504821,0.00838458988427276,0.00660321116712894,0.00151982841079361,0.00856368976973106,0.0219099250166353,0.000986584380311535,0.000266872259309462,0.00529099124769782,0.0141077332194014,0.0140232568636062,0.000966309881282306,0.00564518690109253,0.0133818479009474,0.00257524262840538,0.00320521046011381,0.00436178312419269,0.00612141851380682,0.0224765167562496,0.00144233409612577,0.000357698034629589,0.000809417036725724
0.00288065308380045,0.000156103088312868,0.000816492884370302,0.017339474600128,0.0099089396632268,0.0447881871655084,0.0748377808717246,0.0231156453909358,0.0167370766581778,0.0392577325838067,2.93538011121745e-05,0.586021718204964,0.00620974381609168,0.000774402666866005,0.00064227005031021,0.013671503904316,0.000262307885849102,0.000696389633541741,0.000941603955020533,0.00823784888851795,0.00359885158471334,0.000211698744057868,0.00261177440173627,0.038113330767859,0.00039219739000178,0.0616317732684487,0.00675825413408145,2.69771280225868e-05,0.0258420158656822,0.000479458445798389,0.0122612990249371,0.00074714044808021
0.00387112254749419,0.00315087897260291,0.00378334588833997,0.00661228351570948,0.0630115901108319,0.00272952660982554,0.00257202950730972,0.000981055123549554,0.0411690483968869,0.0566818000622453,0.00178143604207909,0.0031974730908499,0.541321316547079,0.00128153602107306,0.0426402576738993,0.0188355387286667,0.000298455975211908,0.000306293976993683,0.0126889439842627,0.00868403695373872,0.0200832442012006,0.01056252490947,0.010779222987671,0.0115812896098503,0.0046289112087874,0.00392425980021362,0.0129304668827479,0.0860976087258758,0.0151476090430645,0.000137660312835236,0.00605631955785347,0.00247291303178098
0.00136101185020347,0.00119387280618344,0.0120607368478607,0.0389587295227131,0.00160301206435687,0.031596935993455,0.0204125162011081,0.00892913846492673,0.005704145339268,0.00631579810634853,0.00771412744449122,0.00978546160657501,0.00292036786404929,0.744898389737363,0.0274300027501038,0.0106586340258285,0.000220997457903924,0.000560429610390407,0.00138669015143746,0.00456965299026212,0.00137312266930817,0.00838778929990597,0.0217905928905036,0.00063444384609179,0.000408240148040121,0.00535900169045339,0.00272485781035427,0.00496983880824022,0.00136171526845086,0.00355570432169567,0.00969006959831111,0.00146397281381572
0.00351381045105441,0.00286739823069861,0.00433392261551855,0.00767686790988921,0.0178896856530496,0.000440214756428715,0.00264660564027642,0.0108970821929285,0.0102724003326446,0.00524557778597311,0.0108533518520808,0.038908250036339,0.0346034052721287,0.000257368174551505,0.759058644938336,0.0159743146838496,0.000177915759805025,0.00121520283831906,0.00540210694547376,0.00079871883817245,0.00149846549464445,0.00183088319378639,0.00834116420645531,0.00213694305950591,0.00601311703813358,0.000915577643801501,0.00242320061540104,0.0202923911465654,0.0124927514954671,0.00353518246180007,0.00485424028431302,0.00263323845260897
0.0167952288230628,0.0161684274115594,0.00952812628660132,0.030455145986857,0.0196142620488052,0.131449390775381,0.26377380169368,0.00144071234781165,0.10322116671335,0.0080120958542189,0.0157529127218689,0.0112146765597267,0.000228933381196827,0.000394044707591903,0.007327392085818,0.260099610513015,0.00160516158145355,0.00160420290245478,0.00107643879446039,0.00234311727648013,0.00254250468603044,0.0159663461066374,0.0205426572796126,0.0113239868352964,0.0299778320855091,0.00739489416158827,0.000953473948891043,0.00177884708719576,0.00432592982922522,0.00210025605889986,0.00028902772708172,0.000699395728637944
0.0292314850365806,0.000949244809728019,0.000256217002079584,0.00500120588857829,0.0021392003336664,0.00600137481296157,0.0120047921834404,0.00580136478260501,0.0180175565698459,0.00264915139380051,0.00494023253506652,0.00152035141173431,0.00236112458417161,0.00111430473374623,0.000247665785399985,0.020102227099737,0.801791484946284,0.0158170529262748,0.00398608977266986,0.00940372385107119,0.00381003022224731,0.0148776901328996,0.0139433195959555,0.00578794207497052,0.00295903543557738,0.00469049118107052,0.000936445320198592,0.000170902244280183,0.000875995232372274,0.00201852841074453,0.000893930177962447,0.00569983951227989
0.00260610443209405,0.00165213315049839,0.0022894710218678,0.00263980839504674,0.0380926150732092,0.00675565610614256,0.0234281053509958,0.00318564234441399,0.014985927236369,0.00581923258481948,0.00074252853213801,0.0020200919288403,0.00255672407021497,3.76189945936528e-05,0.00151948699570053,0.0706996135728343,0.0257761531150739,0.681875332833667,0.0130598695114804,0.00472745972449821,0.0224895131688084,0.00582423953672762,0.00990526468869326,0.0164034552516981,0.00369204458503888,0.00466552572830244,0.000886542339244679,0.0177659225925265,0.00102769323115559,0.00047277820335374,0.00233944039601893,0.0100580053039338
0.00444786623298994,0.00181968110620512,0.000150527338715383,0.00111610312654533,0.00210334457042165,0.00198381750178404,0.0014043178857006,0.00835721449468541,0.00323737782823122,0.00290330176889373,0.00898109771609726,0.0154624734371064,0.00278228881713663,0.00236632838047474,0.0027164376257858,0.00130613108335895,0.000753321013033688,0.00711269815573885,0.742539307443222,0.0364604379934688,0.0232976986661331,0.0171687199220604,0.00792199020280853,0.058014008903237,0.00456364177184795,0.00359714693123272,0.0108438171398059,0.00042057131195315,0.0063559587932933,0.00307414740461484,0.015780422687109,0.000957802746308125
0.00370989422748541,0.000988963219674526,0.00211984967671088,0.0107357062554294,0.00265853120502834,0.0269497022580966,0.0247037619668593,0.00550741380299515,0.00513574823201777,0.00147445072722471,0.00218792709135332,0.00720839549805143,0.00163868454922878,0.000590978582552186,0.0109648281040043,0.00491821776156715,0.00260806869969409,0.00488747663052708,0.0100949030189779,0.636350463285403,0.024528017512175,0.00898960851464105,0.0146521399123897,0.0321351489658212,0.00773304867421551,0.0271636906746325,0.0425241387849818,0.00155763519629816,0.0410748649701953,0.00829884664221838,0.0230666136140936,0.0028422817454566
0.00463459123418427,0.00232214396264236,0.00357161652535994,0.0037418361460672,0.0374712494347878,0.0283335232069908,0.0308768096672524,0.00284931513946013,0.00741419981396239,0.00529834878977294,0.0132730578857153,0.00680507921934225,0.000365000898097788,0.000133553220749372,0.00775519537389417,0.0256221643789339,0.00178917722831604,0.00620720064019942,0.0028768274231352,0.0394550269677006,0.509381493047136,0.00417908261255433,0.0362975286537572,0.113147351409259,9.89771032640628e-05,0.0151002240735429,0.00956086753773633,0.00209448597882962,0.026563195693016,0.00260677089235324,0.0244816780965228,0.0256924277454645
0.00575203260430968,0.000794757232159604,0.0010476370777184,0.00121421878251908,0.0043138487008145,0.00366382005628272,0.00494251323930552,0.00178808995294411,0.0636251058901983,0.00395654470256463,0.0040722342108821,0.0129142415218883,0.00204692718095092,0.000778876446241476,0.000421766214236081,0.052910022084596,0.0149976473096493,0.0108891829236491,0.0309956460606244,0.0250351452990632,0.00915157722641337,0.621909491597802,0.0238090204348957,0.0503370376583671,0.018679446930051,0.0117449691247456,0.00611445994879164,0.00290296746452167,0.00202259231585644,0.00207343716752486,0.00119421536950237,0.0039005272709308
0.00408606948605565,0.00923787089050325,0.00166992077391283,0.000560765761501518,0.00675390777016204,0.0189246483802467,0.0200941329345871,0.00305221361438098,0.00482211030353313,0.00117223289984083,0.016312740094876,0.0428595264254526,0.00255671595965308,0.00121632281914687,0.000954033560586147,0.00445976312273021,0.00655633078008743,0.00162348548748301,0.0146780758583985,0.0250433992069267,0.0019222085587333,0.000805041129907506,0.755575277371451,0.00128385163018692,0.00790428233814473,0.00237009550671843,0.00220503559769057,0.00120619379296608,0.026451863288479,0.00556456919345192,0.00621849921788415,0.00185881624432197
0.00512382324298158,0.00175717849961127,0.000745562626820247,0.00292072081371756,0.0161887406854351,0.0120429236840616,0.011401188201999,0.000270577861388398,0.00144564383889096,0.00285022782271595,0.00467359358211206,0.00910034486882828,1.02534596320953e-05,9.25339995367902e-05,0.00439588772406499,0.00676957607074274,0.00151972043444177,0.00417288409850843,0.00586203102981084,0.0549795793051704,0.0178288746270716,0.00397011770368254,0.0147657835924346,0.686650396984291,0.00106660966150756,0.0530602688854666,0.0196175458939954,0.000192709170693927,0.0211275110630678,1.51040400161554e-05,0.0267760744677247,0.00860601205957767
0.0204890647559831,0.0645652165541675,0.00350551854534152,0.00855652642500659,0.0240072257052938,0.00982571711396871,0.000496653015982998,0.0080990853299469,0.0949192940035791,0.00173895401892601,0.015398075716917,0.0556820778746485,0.00657471767192155,0.00040794110231463,0.000794811401955127,0.0690480358591626,0.00418397741839789,0.0113502835811121,0.00314257944357701,0.00422397879233244,0.0118571309603299,0.00104706054669299,0.05935774745333,0.00917077140064922,0.451163235415417,0.00752469451341632,0.000922887657738096,0.00290743748225023,0.0264716401578195,0.000582639969138025,0.000723774940667396,0.0212612451720168
0.00165929186667593,0.00213867666964115,0.00104797245538123,0.00104833993448896,0.0524713547669382,0.00353118818152131,0.0322850095741521,0.00221548393749827,0.000778818624774942,0.000191520908303189,0.00323972915162019,0.0210350575388037,0.0028718179904953,0.000547357397456392,0.00449943216162958,0.0223161772294251,0.000420882733602175,0.000357713133448001,0.00605219226462039,0.0174841466111171,0.0165117005451332,0.00399049980752975,0.0225254453631203,0.00893703993151158,0.00333328532767037,0.705882461001019,0.0203226401375283,0.00443690243814043,0.0015444930427386,0.00267610075037014,0.0301398305775162,0.00350743794612906
0.00145938420974817,0.00140339680988802,0.000696387250397983,0.0125276249374764,0.0606389832480704,0.00174523538093899,0.0221555323565733,0.00793373738129763,0.00169501266307971,0.0109711387445364,0.000204827414151814,0.0239433312230573,0.0015138650696226,0.000783181311236097,0.00171168070576653,0.0189280775371991,0.00174903188972436,0.000429136547522414,0.0182481226350922,0.155811496077363,0.0248986646726013,0.00746594165962969,0.0483918875243715,0.0313403173028762,0.00795716896463505,0.123157667526866,0.370870714123739,0.0115313574699868,0.00136216510727216,0.00630211452711483,0.0184289657633658,0.00374385196480002
0.00162822946098362,0.00163565762568814,0.00201963624055113,0.0151936286741651,0.00189161268234118,0.0390370529002702,0.090578025886773,0.0212125646111603,0.0366402409706438,0.0473928022324052,0.0054405072067384,0.0579706269542895,0.0172873183125694,0.000235504561976622,0.0153787449144007,0.0235397594771841,0.000164409123892111,0.000495658267997618,0.000286014915981608,0.00596666264518125,0.000821663558387377,0.000966314503383866,0.00731185701965674,0.0115139257583435,0.000114357708603017,0.0708797123248605,0.00672375792877728,0.46782412117285,0.0210171291746211,0.00329999125292666,0.024629272694268,0.000903239238128527
0.00298308139858476,0.000316380450189024,0.00183392273113464,0.0045231199005025,0.00351418079123784,0.00163229832462717,0.00130585658625847,0.00272876877770487,0.0185751575099865,0.00167781291169714,0.00798196285334284,0.0295189155097874,0.00310933751863517,0.000767833958656534,0.00314545535934247,0.0250803383047911,0.00148343011608131,0.000998104324979414,0.00407920420143403,0.0219574203591005,0.0179757708203682,0.0016991081748197,0.027062500207334,0.140379436395066,0.000454155358117822,0.00697535444503898,0.0347459924722438,0.0260160675870241,0.582301048351865,0.00574519028128945,0.0143925851923872,0.0050402088263719
0.000329371584222339,0.00677426038565481,0.00541762131869796,0.0012265376761343,0.00296365061518872,0.000775804367823032,0.00106644178064439,0.00217597449600077,0.0484247743362143,0.00512161640086724,0.0035956267697329,0.00147569995543169,0.00140531864423475,0.00224486762731315,0.00129193048220407,0.0430203457145611,0.00159942405908762,0.00108431338567181,0.00747811776792984,0.00429108444865201,0.00438201144164803,0.000877541844855537,0.0155561572339029,0.00681303275096647,0.00132955480825427,0.000796617467483082,0.0018554120448917,0.0123292830358442,0.00953923401379232,0.768026446139215,0.0344164625348393,0.00231546486804053
0.00282560933820273,0.000342646378572871,0.00102744448930542,0.00855148674505474,0.0131975332759055,0.00205942753925399,0.00457254818220786,0.00165287256224286,0.015519700745006,0.00629755089952406,0.00240090113455971,0.0334346451741045,0.00535085633312095,0.00194700512652787,0.00281809499167485,0.0390798788231767,0.00229570557538703,0.000871507360654706,0.00673319085088239,0.030701021779297,0.0400665218882614,0.00454224007930853,0.0193399186463958,0.0501517423005784,0.000153434777705685,0.0218474273879018,0.0279217233010501,0.0478234676908862,0.00590623558305203,0.00294080440544929,0.592478879468618,0.00514797716613124
0.00460043019852916,0.0289814027054263,0.00217535367590944,0.0105870739161032,0.0357396003075886,0.0281574287959092,0.0764062511377235,0.00644999408880258,0.0127369967847738,5.16205922001614e-05,9.41151043855649e-05,0.00110196162151821,0.000347845641157381,1.77733715874683e-05,0.00465544070151404,0.0423153262596578,0.0021876344357596,0.00364287343409973,0.00294437561087835,0.0432468863445278,0.00908647161673603,0.0317239320372319,0.0725626218524304,0.00874248669446354,0.0363098753114392,0.0177890289957448,0.0172198407115838,0.0052952548484173,0.00870695567859764,0.000903347199570528,0.00643251816694124,0.478787282158792
