0.75931287690314,0.0111082926350435,0.000433378060343893,0.00474073526362213,0.0134025531912875,0.0476385943079211,0.029542452691856,0.00233767832666218,0.00848752131909515,0.00280970461916134,0.001198592418209,0.00187712958381155,0.00197434359786723,0.000582499983173166,0.000221398372184624,0.0190658602188306,0.0322660648524257,0.00946463064043962,7.59923484842315e-05,0.0102945685141584,0.00226854751427773,0.00338539413992381,0.00340633714218633,0.022330422575667,0.00196705876423445,0.000246829413686296,0.00233297248484788,0.00165825143453091,0.000747581623460109,0.000764505993359076,0.00335478211834363,0.000702448947765951
0.000483034501896228,0.591140578318589,0.00197416164584932,0.00205907082317972,0.00630119649285391,0.055732571736299,0.118004791761132,0.00107016198091305,0.0359197270466721,0.000129384459676413,0.000510238341268216,0.0098507796100705,0.000776315123434222,0.00100441365177364,0.0023793574307594,0.0679575620301304,0.00730375775752407,0.000971197141604496,0.00129772789218004,0.013086152644484,0.00155081063761135,0.000335380749135178,5.41174923041153e-05,0.025124431194767,0.0291895952597699,0.000390378576184455,0.00451124399329598,0.0038967219975594,0.0111853033485299,0.00145074589072938,0.00417162771758078,0.000187462752242428
0.00501646005556722,0.021065483201277,0.690670483640234,0.0381771700810153,0.0111096702166917,0.0272189222915906,0.0462400750588656,0.0224638673693952,0.00951584055678295,0.00243155303723328,0.00647538085770551,0.0146203326644306,0.00364699731690743,0.00202036124232752,0.00829315881221748,0.0239415840187614,0.000260089466367217,0.00595913562029401,0.000832393962060288,0.021370714888715,0.000777136558415053,0.00840413116648782,0.000492837872645125,0.0112927434224646,0.000693468354664268,0.000865995194357815,0.00108302844435289,0.000668779439793288,0.00690648034487243,0.00121991386208917,0.00271240120052277,0.00355340978089613
0.000590410846960719,0.00173955165143016,0.00388888358812414,0.71004768829355,0.0382529236417765,0.00646853144227605,0.0946009872403928,0.0218210334739339,0.00049404665087065,0.00266122242972987,0.00277303685238689,0.0206906119273259,0.020705540920868,0.00535145790027481,0.00678144630346718,0.00963657643547561,9.16774695448906e-05,0.00141295253792905,0.000703174988058885,0.000530146901336634,0.00295271398356739,0.000750434436428727,0.00140162203721136,0.00285979302927746,0.00426005058256713,0.00354365579729093,0.00906706786294398,0.00639674612851007,0.00926934093159075,0.000577416925745187,0.00957801315050465,0.000101243638649628
0.000864498943366465,0.00102928951462176,0.00634315806052352,0.0159283788177693,0.745760185251529,0.0144423832547272,0.0479510393842531,0.00563317924105855,0.0105138158624157,0.0040649081073361,0.000512953631461032,0.00653885239867123,0.00671076051945206,0.00125634190728545,0.0122058339690439,0.0534242187887592,0.00105889089689144,0.00241821443253165,0.000340043882230924,0.00150599864995784,0.00104164058170285,0.00967845930569051,0.0154834444610822,0.00612499701830219,0.0111639583713963,0.00373743000722695,0.00199924606355766,0.00201068766385364,0.00079690304501482,0.00258218300141714,0.00365139678261715,0.00322670818425291
0.00952449957385431,0.00354393097629314,0.0180837666150974,0.0969936562231321,0.0302490780545725,0.495311915027126,0.00950462682018813,0.118900987941648,0.0333283063285349,0.00751934517591012,0.000381843014548674,0.00686028468988858,0.00800003813272768,0.00094166189114801,0.0144070730353614,0.101717816993121,0.00175181477413826,0.00296967137150073,0.00156653035646933,0.000633248538319057,0.000323597473578614,0.0120670242747348,0.00999287468042883,0.0028946828906451,0.00621532884341726,0.000816997772510613,0.000475791907324678,4.95774024577697e-05,7.35462834636457e-05,0.0036134472808456,4.83768600259283e-06,0.00128219797101099
0.0246427789571469,0.0144848592176107,0.00223417744735154,0.103156941831532,0.0412282078592159,0.00475375169704898,0.605426591832439,0.0401337307006468,0.013964274703172,0.0102995917911453,0.00378514166205637,0.0133130429978334,0.0164880933338703,0.00185183676734044,0.0152645473374296,0.00622845010572296,0.00425382001710231,0.00174478787310941,0.000469709681922306,0.00568674557493019,0.00031098822567915,0.00699600636245654,0.0133989199643774,0.00660440345785218,0.0260255908594227,0.00383728858087346,0.00248301652264248,0.00109097048332081,0.000608850880339219,0.00469530042833643,0.000346212416176713,0.00419137042989662
0.00225602987015522,0.00165593661690842,0.0137647775575991,0.013379550059237,0.0218691682885544,0.029519534218433,0.00193536596390598,0.726750062977194,0.00109481543179812,0.0102531816075915,0.00587643726405303,0.0328324997579134,0.00816751455611801,0.0140937399994377,0.0111693341073612,0.00106752939055846,0.000807676043023839,0.00125999752473302,0.00211259497086266,0.00540326250565641,0.000100768889729306,0.0115086949930298,0.0124606306992034,0.00484185739764955,0.0164311538483755,0.00544797147554263,0.00920920654513805,0.00250752395122425,0.017799358179249,0.00242291214637142,0.0102299981642444,0.00177091499914833
0.00593872883122903,0.016310062092207,0.00409678014096954,0.00871807996059874,0.0169481906045876,0.0719121361574991,0.145023032997862,0.00135249037111787,0.480446461726415,0.00643977783468564,0.00209052677059,0.010893912760085,0.00979756979559448,0.000189257542463239,0.0014233261577126,0.150105807815986,0.000265843545584807,0.00129033839835879,1.41741987061083e-05,0.0103302588006803,0.00198445628287945,0.00386955043757038,0.00141247355836883,0.0206897018570679,0.00277501964026623,0.00289471467293919,0.00260260887931369,0.0115486607292887,0.00245683972817116,0.00117654218603013,0.00129510997850051,0.00370756554667056
0.000139418762827692,0.00218502959373487,0.000118123681484077,0.0801125871020652,0.00837278974687835,0.0150066426426133,0.0121555187759893,0.00333595200321663,0.0487609201777117,0.706281202414516,0.00205168598991838,0.0180674538820469,0.000449905660991333,0.00107493835846229,0.0200039486058127,0.0180910670638079,0.00081489887147271,0.00137209091781884,0.00251694531431313,0.00139377160342405,0.00748493717301091,0.00421683181845903,0.00522388305903228,0.00435756626183283,0.00184921134037552,0.00193163136797236,0.00590610643339939,0.0245297988895162,0.000804577941873136,0.000635467799379031,0.000595973219608958,0.000159123526434984
0.00158154549563263,0.00455035264461127,0.00154399303226126,0.0160315165223622,0.0103267053225581,0.0144125262762238,0.0220277170971098,0.0293419299062908,0.0412681626419374,0.0426475479266876,0.568179760767361,0.00918446548106188,0.0283138858338474,0.00521373640962467,0.0178369298824295,0.00825396723768447,0.00349635256561146,0.00154753555188284,0.00196461971537061,0.00105225901036635,0.000270663825329722,0.00114279088929825,0.0146271372841975,0.00877720958683607,0.00209806921310449,0.0413382930800908,0.00496192578027613,0.0584772630498832,0.0356055261998884,0.0018584744271674,0.00206430781917703,2.82952383555562e-06
0.00242866803970607,0.00410515053622297,0.00263761725980897,0.00622054735214134,0.04218559028034,0.00707662230412063,0.0252243550310449,0.0117322281063725,0.0149049216535069,0.0315845677761006,0.00724286699823791,0.625792337927968,0.00187520897082801,9.81440685368504e-05,0.00113673705612976,0.0253168788193821,0.000788098968165917,0.00037433119549861,0.0070914013586421,0.0164772257517512,0.0059929099501549,0.0160758400980825,0.0184597851104506,0.0104162149600667,0.0128441032356925,0.0339692508147885,0.0125146398187556,0.000261817587052988,0.0302079395230265,0.00255501803639552,0.0159590148701526,0.00644996654087621
0.00174980503818458,0.00229683287157952,0.000877371293797191,0.0668859433451273,0.154620204225845,0.0142900396927606,0.0447777048306587,0.0129620611683929,0.0183973659119742,0.0374046215035906,0.0180573544975453,0.00542598125785985,0.378903282060978,0.00501815994981176,0.0757586726046826,0.00365254990937624,0.0029268256735232,0.000891412068467319,0.010569296413342,0.0019890529222634,0.0111505177442706,0.00555587049131478,0.00250903303265144,0.0199884913311383,0.00493437364249128,0.0269026392878145,0.00248813595891666,0.0607424384265668,0.00212270231642315,0.00213160753687069,0.00222280789148998,0.00179684510029151
0.00168934300498376,0.000799777661488723,0.00677785778026485,0.0252063701575162,0.00708844495617222,0.00395302737409827,0.0111146226479805,0.0156422672431037,0.00322424744585831,0.00321224570389126,0.00042619197555459,0.0152986646019621,0.0125532380618775,0.743862128672533,0.054837582210865,0.0117214429457791,0.00439739591969406,0.00376151325401973,0.00102724865652542,7.31379286858702e-05,0.000538958942236204,0.000234597935980677,0.0138515490602668,0.00120127127519708,0.00352459507013406,0.00077127027991351,0.00308313303997864,0.000667808438666572,0.0193096231738761,0.00210621638219203,0.0243328379395876,0.00371139025911719
0.00118423355003739,0.00253924518521913,0.00113974867675079,0.0110135970476979,0.0655218044601768,0.000714007950028651,0.0315318301794458,0.0154510992938916,0.0122860585424073,0.00308617238826921,0.0108484913618275,0.0183390040823894,0.0434095142425351,0.000895716360863271,0.700123720684399,0.0387707121280322,4.8793059474498e-05,0.000626709253887759,0.00139616450617471,0.00450153507405248,0.00102355272997272,0.00498216578846946,0.00423270524734248,0.00121748707942376,0.00719097109849775,0.000298977250647153,0.000340799386336136,0.00804731747197284,0.00551154869323443,0.00269693077834729,0.000238419833339807,0.000790966614855226
0.0195182329233155,0.0360720327222044,0.00990012603069745,0.00848086280119733,0.0236669858514367,0.0616137704022222,0.20279931802656,0.00789881351371112,0.155311050051575,0.00646024140918153,0.00155924770232885,0.00949998110639736,0.011626490511081,0.00038961222454991,0.000773528205243297,0.339961890497266,0.0023160501979508,0.000280322277822383,0.00020022833121725,0.0211371144675399,0.00236491054394166,0.00133850749750008,0.00141136528792219,0.0315949207318096,0.0216918761765824,0.00242845512410815,0.00244862334212469,0.0129669726928005,0.00212258011007307,0.0013119685421221,4.01958046342572e-06,0.000849901117054602
0.0362699110394813,0.00671290575361602,0.00150016913110226,0.00463887314063938,0.000716537323649571,0.0184526764478166,0.0136147260320614,0.0014935480235805,0.0102327306447345,0.0061657776606619,0.00375300514340001,0.000405249321707278,0.00302976875428645,0.00116595982201792,0.000120115390076287,0.00409407531097854,0.788150945159708,0.0128131949580966,0.00211603832600538,0.00449217800707624,5.48216927222607e-05,0.0342246567156723,0.0184901145276078,0.00715141415688522,0.00109524264058587,0.000369087646594362,0.000252241495960722,0.00265021314136874,0.00161912063938597,0.000260319171929765,0.00477048196591923,0.0091239008146716
0.000673785814888785,0.0127148080603951,0.00238546756039021,0.0116278526168777,0.00660771582105043,0.00128420634211686,0.00263047574827241,0.00434211884996683,0.00551157518894539,0.00137143783693465,0.00256009596945112,0.00500378600222678,0.00265864263636915,4.18866496619201e-05,0.000165340940384647,0.00430742986038317,0.00013033620989035,0.829265560362359,0.00507531984497131,0.00746626954516281,0.0100013901735896,0.0134324755732203,0.0103022767422162,0.00387774334272886,0.012249527963341,0.0011203536255923,0.000720954569233895,0.003863484751034,0.00356191043311097,0.000236990130048956,0.00131619302993005,0.0334925878052559
0.00135000778987516,0.0102028845497048,0.0118002740483679,0.00344176171705822,0.00186766482545134,0.0127278257101723,0.000390320933792312,0.00699001132378062,0.0280710922138302,0.00130035992260329,0.000688809698070331,0.00621809402959407,0.00128284718774038,0.00176049842531835,0.00101535388078952,0.00669761853823916,0.000867356083227833,0.00638924889146497,0.767553103376723,0.0112559980784856,0.006403592725647,0.0161970697628968,0.0160561462324679,0.0552957779263046,0.000936855306858192,0.0113507994992286,0.00206975560986256,0.000386972317226464,0.00131354808148303,0.00272298458011312,0.00402556594842545,0.00136980078519681
0.00234511490789318,0.00254328183401571,0.00039973222166281,0.0257079301343208,0.00868282982319366,0.0196901618994204,0.0145464451744977,0.00850051087340194,0.0179838003723229,0.0148355486292547,0.00183980184207839,0.0221575281570242,0.00158779541397776,0.000648332660055677,0.00390316998093712,0.0275986316729407,0.00043497402477043,0.00313835205110837,0.00853688646699149,0.709946201116351,0.0106029549044999,0.00228831968724555,0.00173721879436056,0.000760182972381187,0.00855110896705922,0.0147339476526837,0.00119064500936723,0.0233424993362564,0.0112318338336659,0.00814360386698132,0.0153751327207617,0.00701552299851817
0.00102675114341605,0.00549878191840659,0.00196506693334625,0.00341098859521405,0.00723124681335169,0.0300541187166951,0.0546986233542206,0.00169924362156625,0.00278900750081608,0.00166464583374105,0.00675749090792841,0.0107437104215053,0.00556550295597694,0.00143244510442876,0.000893517875487118,0.028960874800374,0.00341073591479389,0.00113238546772103,0.000478533046469613,0.0388705594292443,0.62272070869857,0.00745320396768054,0.00882561662042057,0.0586802181959612,0.000790007178029234,0.0280499205868055,0.00139126828109416,0.0169037433684955,0.00563782838464555,0.000674050650282509,0.0156794525927088,0.0249097511206027
0.0101231090152388,0.000421532595975365,0.00010519062415642,0.00961593284522123,0.00427164231123254,0.00632322329576892,0.0282932247703817,0.00389783528237554,0.0824585680984137,0.000571522012897798,0.00363586554720858,0.00129521865979919,0.000680567131341015,0.000156553451359598,0.000775505068168119,0.110087078245661,0.0182052297978601,0.00223921080462284,0.0152730743254295,0.0174190370460648,0.00248768901651772,0.590056971305676,0.024772191729013,0.0301250849054455,0.0167841311688736,0.00428589606172097,0.00264822415200923,0.00155083186559485,0.00168498415420306,0.00388916727589258,0.000670843516840198,0.00519486391903687
0.00288623675736185,0.000798689726028254,8.89644845566892e-05,0.00763663773342467,0.00195193956264596,0.00621638864786072,0.0136105117243926,0.00205649326631096,0.0372394338620058,0.000608361848655942,0.00171043468205472,0.00279677853950127,0.00189690159854781,0.000668492460557493,0.00239870899467822,0.0512381188757647,0.0106226403492542,0.000139602465882466,0.0067636985427559,0.0435431382167175,0.00141966253562129,0.0100783750635855,0.719098123037245,0.0139966897719553,0.0232034199528915,0.0037156505354232,0.00566986883472682,0.0129098405740183,0.00222829652865593,0.00574912531347018,0.00208763198296588,0.00497114353048357
0.00323122975042298,0.00377505818690644,0.00260331862097373,0.0011520940816402,0.004573107082599,0.0166671897582291,0.0255872114834418,0.00152178245022548,0.00482192415632789,0.000199119410676085,0.00418378686400413,0.0101634672380812,0.005037052483586,0.0007380517778648,0.000648176423864545,0.0160183120616449,0.00162841702484984,0.000977546956769306,0.00820470127823491,0.0208820473637428,0.0223388721364912,0.00134458902305235,0.00806206739158997,0.683381273485495,0.00661085910593246,0.0756291501794397,0.00513375702784178,0.0186072014300373,0.00978444691859753,0.000984691111034179,0.0291955742640961,0.00631392347230747
0.0181422503400201,0.0664504191978582,0.00455422679572576,0.00519174422008339,0.0240580154038139,0.0136981180418441,0.000865998912424585,0.00375777332231115,0.0974969874952901,6.61744285258767e-05,0.00172410208608558,0.00156306064611961,0.000758906640970871,7.40418634405625e-05,0.000175683474089106,0.0593028050218599,0.00651076099997335,0.00560219623839193,0.00341110003577128,0.0205096783628398,0.00970241754924012,0.00926502488544251,0.0427994222016463,0.0128655414593635,0.534913009209865,0.0013261676434734,0.00279758000393372,0.00436708634243295,0.00385595412869118,0.000592361014793082,0.00190936406719715,0.0416920279664816
0.00115613894862797,0.000475308416682232,0.000598753460026725,0.000497026113042622,0.0046243318798847,0.00242054866394954,0.0147271835665356,0.00759316887836843,0.0040080539767484,0.000541863932267199,0.0073827143614523,0.0311005943498001,0.000801374890357925,0.000844285959511799,0.00175419853324791,0.0075653528150505,0.00161097704574081,0.000960585360553336,0.00768671998275647,0.0148436133160085,0.00893051942555007,0.0224107893063881,0.0320799719836265,0.00274867847601633,0.0152981781853334,0.738765097439026,0.000100769916333488,0.0143673445865344,0.00927724480898615,0.000255404191249659,0.0366085326000221,0.00796467463032046
0.000901795755504132,0.00116611482833527,0.000374316542838271,0.0116486393775717,0.00326011846710777,0.00236742953091397,0.0140542011333825,0.00455871183338941,0.0234965849898636,0.00854350890103008,0.030285634380419,0.0734737717457946,0.00707518842498671,0.000431152919362222,0.000595824864658469,0.0122833773711492,0.000848996113331509,0.000600350689440422,0.0148753306389702,0.105632177043944,0.031008271609713,0.00927755940093574,0.0364281236292624,0.0312858688047283,0.00500963313741547,0.0923457498078143,0.400484725734813,0.0154860159198161,0.040876314787349,0.000920389562311818,0.0188487159010631,0.0015554061527846
0.000750862845366553,0.00208774745657264,0.00314496426473115,0.0226894216380845,0.00179414383440114,0.0128996847671809,0.0679879831478239,0.0160902153298755,0.0187157721185281,0.0202780093544794,0.00633642190205757,0.0448716286591324,0.0109500832490792,0.00264626592406357,0.0352534785182374,0.0124801929460176,0.00145818510337103,0.0015481848423267,0.00382835144381405,0.00975998808026048,0.00643410897949667,0.016699330200627,0.00923852171883093,0.00921249793585411,0.00329255105166565,0.0332695666141736,0.01514309834585,0.556355060789807,0.0303717787210257,0.00167170580829931,0.0191848347425127,0.00355535966645368
0.0100412834057598,0.00687948179270613,0.000349652563247633,0.000769580715990456,0.00621566300835811,0.000577483951324634,0.00139682350678599,0.00849657486897316,0.00273964882954941,0.0190790632111242,0.0289924198395416,0.0198478324753747,0.00704074203919062,6.41046670081088e-05,0.0027021514375994,0.00340528388225492,0.0011859927075271,6.61725423367213e-05,0.00991960290526448,0.014451950497107,0.00113268105232722,0.0167635227984159,0.00816828336389873,0.15387583629682,0.00747580861665374,0.00620484750183784,0.01126161762307,0.00143769495316564,0.634267363145554,0.00466143402829502,0.00252643213758637,0.00800296963535179
7.86835296703047e-05,0.00607795297185915,0.00802747011053085,0.00456526848266559,0.00513837697999324,9.60323979693746e-05,0.0020973573443919,0.00447890120828423,0.031377905101417,0.00241927080281333,0.00456615744063315,0.0182268419928843,0.000702591878322381,0.00067758189741223,0.00416680740025027,0.0386571151311117,0.00114479626587776,0.000379777261431089,0.000737318345809819,0.00684896521293197,0.000582492993456672,0.00491300059701506,0.0144642186532734,0.0108536366273667,0.00458919457241354,0.00850809095608247,0.00108981116718608,0.0021213372727647,0.00115300714412308,0.798172843132678,0.004082688620406,0.00900450650697471
0.00642141177253899,0.00143384016984586,0.00186068588217913,0.00949030321981144,0.0023184352282474,0.0020614641900601,0.00035903906817449,0.0116420557731401,0.0149612697867504,0.00114105944533721,0.00500983056025808,0.0106927677017668,0.000897184723033086,0.0026040861657077,0.00116696710438217,0.00803233830712785,0.00136233860893617,0.000259099048653122,0.0222378641813326,0.00404319830720759,0.0104175930428582,0.00378615594899155,0.00851534228808619,0.0864925503260721,0.00334578441661876,0.102216947291545,0.0324276573962848,0.0293796553940518,0.015920343385359,0.00278521815491286,0.587274703494155,0.0094428096165739
0.00489892304086278,0.0187792143877309,0.00223543663302769,0.0173133862915557,0.000473670777675942,0.0172631569370003,0.0466537323873861,0.0114747216969916,0.00385235269043078,0.000420733681106692,5.57887181153073e-06,0.00590239641062818,0.00100464121085172,0.00172458670940097,0.00352196270900218,0.0144056264582917,0.00085241213188762,0.000359201327500216,0.00103727551823255,0.0371609424307535,0.0267818397139318,0.0303707493041222,0.0419303280133598,0.0250634878745369,0.0318258603256224,0.00255706876263054,0.000450207776383147,0.000832137141196641,0.00339982761021477,0.00177024066331592,0.00181147575871796,0.643866824753839
