0.107308583901905,0.000642373045818195,0.0221093048463172,0.0107027985613076,0.203957746414612,0.116384349113364,0.0595828401553054,0.0469945872012252,0.00110346058857415,0.0238750085622845,0.0553233669187985,0.00875579469683757,0.00469811140354311,0.000465042402653262,0.000522750324938152,0.00860765801052589,0.0375942328825192,0.00453296546667951,0.00326558298931767,0.0171202694391835,0.0921416641526248,0.00628516278346832,0.0775377002483894,0.0564578015619252,0.00189979325055932,0.0040864287866644,0.0135242312908055,0.00711957639117373,0.00473023356750862,0.000604442628052706,0.00134651102398435,0.000719627389134619
0.00382450910030617,0.235052690348667,0.0171152180001274,0.016738859509188,0.154496538987134,0.200471961585312,0.0174069929600472,0.0295366616947027,0.019061081837707,0.00895402122906092,0.00142444563206924,0.0140733423027958,0.0120779031505292,0.00025707989799558,0.00061234217352353,0.0327811614395599,0.0256252952074478,0.00146954968608745,0.000816974073722083,0.0153556438666689,0.0473247450725193,0.020522680391303,0.0717658996923979,0.0312276424789267,0.00153523862059415,0.00214541750390958,0.00299539301183583,0.00906468284175059,1.15424160900689e-05,0.000571862160741774,0.00189932946532655,0.00378329366195214
0.00234465694269636,0.00781522189287538,0.213144243113111,0.0184427811639978,0.0403126072070887,0.14697009380185,0.0463647472137035,0.0549566467918245,0.0163644974682378,0.0835197924517876,0.0514228175936553,0.078096872757188,0.00447096448781724,0.0010526735204564,0.00102935813840804,0.0153045577941161,0.00655837249774706,0.000608658548797801,0.00249793877439078,0.0376833961219744,0.00359113403615057,0.0160139186009432,0.00271093568144329,0.035305544607736,0.000602256823798952,0.00466842744002045,0.00117067402141603,0.0980346192459164,0.00679938582993116,0.000135081563789989,0.00198756877972044,1.95550874100306e-05
0.00122542290942867,0.00115858292468388,0.000677156275315306,0.330350604019104,0.0121946052075577,0.0232785037898075,0.0722303826470005,0.141459877355044,0.00360797122849444,0.113964604792383,0.0562814407309528,0.0660290219542644,0.00402100642956283,4.37900450214548e-05,0.000112547244094595,0.00859046487110518,0.00168435000509678,0.000841242540913858,0.000590974860679829,0.0043980700727785,0.0344487558301783,0.0035193345695902,0.0238538565117741,0.0218664654728336,0.00558171478930294,0.000666162639470359,0.000664011064299176,0.0537599714404873,0.000753968316296162,0.000690019588932458,0.000417496104621496,0.0110376237689233
0.0009859665680233,0.000369992549526098,0.00511092480911622,0.0452626434910968,0.370844376404109,0.000417412653703801,0.0807310678202565,0.0704163255236276,0.00299963397873685,0.0230074166939583,0.0238162985805817,0.138545310886647,0.0273178589366807,1.5979429465674e-05,0.00214284080539894,0.00975054905564723,0.00442380882550919,0.000106855311679629,0.000228098162024461,0.0029143758112425,0.00408157046660727,0.00529912975979738,0.0120082010817252,0.0127473977994624,0.00511791386682875,0.001051210176406,0.00667151552219406,0.127889333555813,0.00709533564976378,0.000402932314589067,0.0014308203175742,0.00679690319220787
0.00150036477939179,0.000686037168958091,0.0110142264991539,0.0469028123678496,0.102049909090929,0.129259008709684,0.0135887485548658,0.0254507379693772,4.41041093727223e-05,0.0819025350145255,0.0469953335761355,0.189368027277517,0.0416670775655184,0.000340575542243322,0.00182031225069613,0.0122531575246225,0.00387622344637647,0.000981955530543687,0.00113634778260732,0.0113762449487692,0.00506183229392618,0.0018505324753442,0.0114072962178604,0.0210593934029376,0.0202513298132801,0.00120882888055711,0.00714796666728487,0.180077115150671,0.0137387939447531,0.00073682748167703,0.00306587732786124,0.0121804666347101
0.00103674803027208,0.000338701447741359,0.0134323361676359,0.0667874873786918,0.151601992582845,0.0172096491914824,0.010093334374683,0.082040464028147,0.000910327726528576,0.0639610311791425,0.046566611603038,0.180785692364911,0.0253466247504199,8.26527974195495e-05,0.00408088396269844,0.00850749563124657,0.0038719461176607,5.34813612032813e-05,0.00097939517470969,0.0163400030652013,0.0208748319627763,0.00292500041381378,0.0435210105550057,0.0280083727766106,0.00861730857252477,0.000999738283073953,0.00362418239084519,0.161178627975436,0.01256384514992,0.000310053115117421,0.00368567750470346,0.0196644923644941
0.00236328136664973,0.00122375823711308,0.000823063208566821,0.138876671554862,0.0297607766921548,0.0354983391283972,0.0953484686462908,0.14428323459582,0.00302165031353664,0.125363042838129,0.0208623425964777,0.0963994956522893,0.0315419288346097,0.000303155619511169,0.000169638821853182,0.0110311186492933,0.00591990877331373,0.000282614362288584,0.000514026738620364,0.0133602479878143,0.0646725314211196,0.00122311312891378,0.0254745441432081,0.0507436269293743,0.00219902047730819,0.00383116102960494,0.00544045576422714,0.0767953342364318,0.00165530096048637,0.00164741949362141,0.000634888926367724,0.0087358388717452
0.00506155653073802,0.0076405076935179,0.0100421693191486,0.0643966494182616,0.163360938334527,0.00988468972851778,0.0630098935252599,0.176126155146899,0.122728102419493,0.0232669952980314,0.0653416217523435,0.0416490943301726,0.00102850755137183,6.39200866896497e-05,0.00431515244699626,0.0106997122338237,0.0094152181518892,0.00118726571213352,0.0014927836573356,0.0127950453584317,0.0241591311560747,0.0112474917654054,0.0664665871891781,0.0124834371829809,0.00569188538606704,0.0135630954814088,0.0119595781433545,0.0328164365453888,0.00257663055670418,0.000172867849505627,0.00049362116511444,0.0248632588832354
0.00161984950114762,0.00183699071062514,0.000782582884181578,0.125852233112614,0.0155612128662902,0.030568973527624,0.0312705661463026,0.17703462904596,0.00978984978583188,0.236415290908247,0.0299507823472015,0.102744862935418,0.0379033916581209,0.000266032289427335,0.00109465772559024,0.00233325968179632,0.00224993560088271,6.47253599370154e-05,0.00064901756818241,0.00753364874547188,0.0331780914784318,0.000271246101984616,0.0207121909748867,0.0162308733043877,0.0126997217768807,0.00307753575206074,0.00206163539746477,0.0697769324988033,0.00459888823379717,0.00124676613549616,0.00212159249625955,0.018502033448694
0.00185405886712152,0.00206395643788576,0.000317515545580435,0.0563427240857158,0.0148533546760342,0.0257744565580297,0.0128617794803215,0.0788515996763088,0.00637683081542929,0.0544491613498068,0.249366696133369,0.161368352583578,0.0761747102390285,2.28808280432033e-05,0.0014080091707739,0.000996173601144798,0.00274561749319955,0.000308736314970005,0.000364543851121781,0.0119469638869876,0.0262792645621577,0.00538628427414364,0.0266450536564443,0.020722013185254,0.00661583001511176,0.00589734652061683,0.0019423351437835,0.1275365427049,0.0052349691567144,0.00187631749469222,0.00533664799102437,0.00807927370070775
0.00082331460732712,0.00282745318414707,0.00781842486992571,0.0805280679547796,0.200261462650932,0.00520937547174388,0.19938588012509,0.17140095220241,0.00676457008805484,0.0196313522266736,0.0868514129270556,0.0619892386344833,0.0222149271115932,0.00326365360848541,0.0191644165218388,0.0110836145739799,0.0013973283262885,4.43808281470358e-05,0.000416973379937277,0.00555454361933136,0.0238163090212342,0.00212619004901038,0.0138421888570513,0.0198437981718897,0.00380301664106224,0.00623204579462744,0.0026422297016021,0.00148467137713457,0.00102780683381523,0.00300037558791985,0.0132292118347994,0.00232081321762938
0.00172019146405111,0.00275597709984465,0.00216523810026416,0.0472423540144041,0.0497095238781128,0.0125830984921357,0.0543117227137184,0.0807368507730034,0.00626695944641367,0.0372858202330369,0.117699588456501,0.173062753069926,0.13339771204125,0.000664820682875613,0.00735458964771968,0.000396667665456491,0.0015374429173122,0.000350501723734209,0.000286568170038524,0.0160145167435681,0.0216526578253791,0.00330581589528932,0.0227371616112127,0.0246810508862156,0.0026705593992794,0.00636812587643087,0.00101823027352154,0.150099038516612,0.00229031172812625,0.00341194526830167,0.0124881800072849,0.00373402537898021
5.23347142941343e-05,9.63507497713646e-05,0.00323958994491006,0.100792076937754,0.327000877940586,0.0155850281133518,0.128642982113301,0.202888576421466,0.000340236720570155,0.00556219213767884,0.0254231523228986,0.0453968672046754,0.00865066665429723,0.0198941094863029,0.0268347258022789,0.0184812455146391,0.000278377549880255,0.00390407547748925,0.000385112499342898,0.000278510332705401,0.0019989016157411,0.0128112573144246,0.0205565495914969,0.00121361913460828,0.00933828439574786,0.0050528380076687,0.00189388496936786,0.00780874410545269,0.000929903549674605,0.000670819233102602,0.00229291780214005,0.00170519164238142
0.000464658781632157,0.000607246733160333,0.0023593668127475,0.0346793833120883,0.0943680831614929,0.000688324644856042,0.0979103620596894,0.0809143689684874,0.0058361301805528,0.0144150716879341,0.0527005716925254,0.122977671367112,0.0913154798745036,0.0130402015359538,0.194539245346391,0.00811991532158005,0.00158621798875255,0.000225123837227143,0.00122906194810046,0.00232246573056373,0.0121643829036607,0.00109178457513448,0.00728535761015435,0.00552407913534486,0.00684099247476468,0.00836903754645899,0.000445940845170403,0.111695359353725,0.00384214721717686,0.00108912743222481,0.0121044366036054,0.00924840331722778
0.00387724890567733,0.00116243242416469,0.010914235143219,0.0150905932100526,0.000324409664040463,0.0984845637536996,0.133465595391193,0.00139648247431296,0.0097724684272245,0.0687594677554827,0.00131258949848744,0.0951843589402723,0.0306562090962377,0.000505232099579221,0.00172543405397409,0.108243176918629,0.00336290925969664,0.000927787241368492,0.000995476879008921,0.0773282776497951,0.0685591963356942,0.00291671603303839,0.0274090213959479,0.106978877962295,0.00860833807092348,0.017362587090476,0.0012531491850851,0.0715771725629836,0.0109438006286184,0.00116235829981975,0.00490349946878165,0.0148363341802207
0.00279480421086413,0.000248586757438208,0.0224332685296667,0.0256819028199134,0.0894131618273915,0.115044986049908,0.0169704432952597,0.0352631612366239,0.0031349617037312,0.0262916542157303,0.0288606600653826,0.0196699644074857,0.0116827275264147,0.00101151665690996,4.01802616581688e-05,0.0051185931886095,0.147188494734867,0.00188482262573041,0.00355710708780898,0.0413879911801589,0.136494076847468,0.00156158706525096,0.0730393301124182,0.112806844608374,0.000282621381307821,0.0234231140016317,0.0362815746688685,0.0136601225510156,0.00363048267488515,0.000466530142534532,4.0579963770957e-06,0.000670669568315745
0.00175939741744438,0.00168257592657809,0.00465040255713119,0.0184984698569925,0.0717603091945144,0.0138853594741039,0.0407359429078861,0.0322247651894079,0.0118817654356844,0.00222410626063036,0.0372726794869268,0.00752687177819991,0.0355584402066019,0.000318883553765353,0.000949663997256416,0.013260275609228,0.00607370170165447,0.208366432523962,0.00753771498758284,0.0793730659569605,0.0856546529626025,0.0211145520314866,0.0311517051969607,0.191653472129362,0.00194579610908353,0.0305999150300186,0.032423608761474,0.00277633362755393,0.000525802294882522,0.000127775557874194,0.00258917373248102,0.00389638854370869
0.000518098145068336,0.00161897724042623,0.00021973731589931,0.00738096492144804,0.190621522396241,0.0102426521302028,0.129183377286732,0.0369981237556551,0.000665402320798916,0.00424980126286044,0.0308365596543649,0.00139556578280208,0.0072101715734765,0.000534432420193966,0.00114539127249531,0.0150106695427045,0.00458787139815086,0.0003204302288986,0.145849487529242,0.101294680026425,0.0307754235434645,0.0303461907962343,0.113403295185028,0.0804579749378215,0.00326544209457427,0.028992339880842,0.0147011931258655,0.00231574795750383,0.00260711817209982,8.70305859614661e-05,0.00251573593913607,0.000648591577383239
0.000731624249383941,0.00020128607166353,0.00167757685432911,0.0148665677048731,0.194945800818701,0.00937276898635008,0.245287923230749,0.0130487092785903,0.00580355730706447,0.00660206217247891,0.000123383801723036,0.0121889502397042,5.74405490558482e-05,0.000292896552548734,1.50106842612119e-05,0.0214640932921661,0.00579067105548167,0.00216865360717642,0.00488305925954447,0.283687555291761,0.0279521216434856,0.018545623941252,0.0528955373199081,0.0541911406385492,0.00041129112435737,0.000757036028522412,0.00536333136570786,0.0110081756817471,0.00313635958307629,0.000293663455087646,0.00185749207181174,0.000378636138888675
0.00153981083977447,0.00230600941092864,5.94651690298022e-05,0.01327663203073,0.228159915405962,0.000760423183829908,0.214029630342502,0.0114240604777991,0.010768366939874,0.00613123990425945,0.0250025154546934,0.0408856389623518,0.0262843863791431,0.000827085899315121,0.00283644837489219,0.016067907198282,0.00753651574534039,0.00101296433773221,0.000104714811477339,0.0205017846951247,0.0407788636227597,0.00862149354860435,0.153943888590627,0.0555767231694632,0.0239532555366467,0.00551478172149993,0.0134739377633041,0.0322422100998687,0.00454209625421639,0.00245572659505549,0.00297821367741169,0.0264032938575008
0.00148066526477541,0.000597933680855429,0.00298933136600673,0.00825389644925441,0.00220283057783121,0.0211490269836143,0.020322809947575,0.0218242357029469,0.00542359187274042,0.00522277876289442,0.032865180491998,0.0912011902396127,0.0491715313531318,0.000482363901097025,0.000563455147219049,0.00029797469803399,0.00521541888223214,0.00155784710140139,0.000447276026237694,0.131929881866065,0.0367956126144457,0.235512153237598,0.00523103670533514,0.232035219243261,0.000516073405768986,0.0105916400726394,0.00313651872056589,0.0600456783569882,0.0120991677849412,0.000449850151090182,3.70500914099602e-05,0.000350779300433188
0.00227355316411431,0.0013254186153165,0.00208767164118993,0.00767142193986462,0.0219479778937155,0.0155753011355429,0.0294349376702353,0.00511128145604715,0.00956456485183021,0.0031223752293524,0.02653966355385,0.0872626884900844,0.0310974337613409,0.000242268181005585,0.00131395748226118,0.00335981394209629,0.0066645889201613,0.000481628215983485,0.000481321636259464,0.13726185005689,0.0349382963089756,0.0271366902806915,0.215572903666536,0.226988935604872,0.00809940344224935,0.0128993643657148,0.00226151040211075,0.0634385949277836,0.00869913919150641,0.00138333622631479,0.000573926923819062,0.00518818082228524
0.000424739312270485,0.000569758177731056,0.000894877896460493,0.0159465434887142,0.252063571415221,0.0103128112611671,0.254318189496422,0.0158997685653361,0.00481116064215172,0.00427228630398692,0.000790006787390633,0.00819119945562997,0.000322611284863447,0.000546212353419007,0.000493254216789889,0.0212698245585977,0.00480557672830119,0.00145350107977937,0.00147618884729241,0.0412325619215899,0.0309270325384721,0.0185792378498349,0.0673103514326688,0.182545498654182,0.000554248747524006,0.00626153941421161,0.0331873548893423,0.00704030603622083,0.0075986261595212,0.0008652162014158,0.00321161192195548,0.0018243323615362
0.00376294603937773,0.00261056446919324,0.0105199415886148,0.0131589842998326,0.0148620096447579,0.0484333883486829,0.0732261113348825,0.0054323358883144,0.00833310155842225,0.0179171043127192,0.00396150605784709,0.0710748467650139,0.0155116995144002,0.000400788926929643,0.000214629672550238,0.0114000542125969,0.00609456129149752,0.000547212834365257,0.00666040965793132,0.0934997521561449,0.0277886536621727,0.00237196788244052,0.023142912878414,0.110385419877274,0.33317684503146,0.0278433278271368,0.0164543226157323,0.0435921941318599,0.00329596214770681,3.96845810761434e-05,0.000109369716426054,0.00417739107422608
0.000927688881454215,0.0023653051492082,0.00138393784608567,0.00619611160189658,0.118676244113788,0.0264113154281992,0.287245095647081,0.0100916139065976,0.0114825205928747,0.00136355989735973,0.00907258907074907,0.0202897339285574,0.00511659137574227,4.46941933559628e-05,6.3285165642481e-05,0.0195443007107953,0.00511072240710287,0.00493004186710958,0.000226494959122732,0.106429296360528,0.0368142460985746,0.0283394380232114,0.0843199431068046,0.0285279421776445,0.00237907599498152,0.13168712778436,0.0156786206320233,0.0200226408008396,0.0132837480281459,0.000265709366302707,0.000210667154297171,0.00149969772956394
4.92742086497472e-07,0.00107704685803307,0.00136151216788503,0.004034407225057,0.116063374843276,0.00718269609331185,0.244201625676344,0.00532883998839366,0.00441291903898815,0.00711710916309125,0.0223178731312121,0.0569551577976796,0.0127047709347786,5.10246972854064e-05,8.79355522283748e-05,0.017693535660396,0.000735774641305633,0.00279776712756099,0.00187169126644017,0.0447111065191542,0.0182808564203642,0.0154579072461477,0.0515741290354849,0.0157659593112522,0.000949154057297823,0.0114870835013505,0.267656562577348,0.0411709692985659,0.0208811751295021,2.11228678334071e-05,0.00202003700822612,0.00402838242212024
0.00065364032108674,0.00209116063709761,0.00671378418395732,0.0730049966390054,0.203156783166451,0.00661602381090546,0.222192318460698,0.163434928439165,0.00891405510422955,0.011822350403897,0.0697288660501901,0.00041666876528544,0.0226918478469269,0.00333490942718795,0.0184912606286725,0.0122573402011335,0.0018286721703018,4.77564106603534e-05,0.000559056262195084,0.00408268509427403,0.0288036478017021,0.00508580962067361,0.021152009580849,0.0180324824059247,0.00450403843612225,0.00777194415805353,0.00479597017555909,0.0602461075716046,0.00147060658355233,0.00207914286686459,0.0115939800631511,0.00242515671262178
0.000506113270676687,0.00352442951451994,0.00306471165124043,0.0623674629653376,0.0289336106192206,0.00582779967447379,0.122313638297986,0.0290187835748814,0.00404668294952903,0.00105000752663672,0.0597670951537771,0.130109485444135,0.0553289991403885,0.000500408161354855,0.00228748608745395,0.00449843809128975,8.48139714038946e-05,0.00251901443480426,0.00111264003353696,0.00874663120846585,0.0158225688955761,0.0257508073860185,0.0770688421087501,0.0194746808260509,0.00081829963847495,0.0488770130973478,0.0960562833832388,0.0979033893801903,0.0852699302308234,3.91278797908483e-05,0.00476614082593663,0.00254466457668959
0.000502397988629811,0.000839838860987062,0.000437495852940704,0.0628612361477651,0.0450458174437962,0.026859659831685,0.118512865573724,0.0636367985808214,0.0303295132175507,0.0179074191845956,0.00830087946278985,0.0467859193004746,0.00377537237610288,0.001985192354996,0.00636759573029621,0.00815804845773351,0.0029341273052662,0.000553245860199734,0.0134428396343923,0.0536815074972551,0.0331983215516756,0.0140988708189048,0.0676989370844893,0.0502316711650677,0.0496741342137205,0.00735931421120614,0.0122661441329796,0.0408562401173524,0.00888337930853258,0.162374578774746,0.0105334880966184,0.0299071498627043
0.000358141427001621,0.00160976086289698,0.00187199380361415,0.050049110275864,0.140197562441571,0.0176987451650165,0.268775351056829,0.0863169492265619,0.0152320442335205,0.0171251729430632,0.0288323471575972,0.0068190660810754,0.00499740096424138,0.00197110961302206,0.00889496649423441,0.0201336892210543,0.00206268760414113,0.000451539899571207,0.00114799360974111,0.00206063826668172,0.0588401163802795,0.0134524718552031,0.0759441732067965,0.0224318152351861,0.00395748280765093,0.00189817171041491,0.00176250828413386,0.00992991862286893,0.00722373404911719,0.000376392030271975,0.125041086193036,0.0025358592777425
0.00391732928177848,0.00146027262242836,0.00798365462215441,0.010338738231799,0.0121455464745414,0.0508852834448216,0.0521021493084757,0.00235814379481329,0.01638561978112,0.0111313543162218,0.000402971291815962,0.0706106549112761,0.0103570324104163,0.000714313471945006,0.000411671328393146,0.00426958557957661,0.0081749379449393,0.000899779421878035,0.0050897872328245,0.156046970892962,0.046350000181312,0.00574931672823378,0.0332051808629122,0.15481247232063,0.140021921028077,0.0258336680729871,0.0136340788659702,0.0481538389083031,0.00220633757189343,0.000106072474511771,3.0543354740131e-05,0.104210773266248
