0.705656636984609,0.0233897831079347,4.24375433756656e-05,0.0686454626754954,0.0133450032857008,0.0292349965148275,0.00603012529736332,0.0205712490236099,0.00209246199751042,0.028167119370763,0.00324915174641448,0.00341620889470987,0.0053174300981347,0.00406876167410036,0.000771294407711922,0.0044358065813945,0.021698637629567,0.0127918150608114,0.000399972474052346,0.00707238952111772,0.00151862701548745,0.00224101801071197,0.00875979946150096,0.00615164351252147,0.00585918357119613,0.000540526265208802,1.49395124229748e-05,0.000233441761172415,0.00694095610691729,6.0293660416279e-05,0.00114406522523868,0.00613876200800098
0.000853030675219982,0.637338445416118,0.00260822393073304,0.0738207810436943,0.00943539403260078,0.0670585378282369,0.0560417949800198,0.0174968116302037,0.0216615524017337,0.0314640002704796,0.00137377203836648,0.0139151424340066,0.00129643894876848,0.000362487004034727,0.00264532715905162,0.00420938482503618,0.00808707454032146,0.00494267680274556,0.000708361521069471,0.00303651738951256,0.000126900269412287,0.000262868248581088,0.00130226221891915,0.0036021996760841,0.00475309815578132,0.00168558767474157,0.00389449340434691,0.00543479745032396,0.00989518822826088,0.000463114402038586,0.00106835617041266,0.00915537922914421
8.54848201229841e-05,0.0234816030294605,0.459337573033495,0.00157444479224927,0.0436914076157296,0.0214195378966673,0.108587140599775,0.0039571575332317,0.0322096616790322,0.00125080160754666,0.0110192493348039,0.0413795257189631,0.00213835083565777,0.00248363056885218,0.00385994364462062,0.0903586127056244,0.00246965220105199,0.000986692270761256,0.00145874373163359,0.0130888230402195,0.0178480433903333,0.0142492968958065,0.0185776600126258,0.0159954194117071,0.0444294465105234,0.00385090693031407,0.00836669470623214,0.000158764304423421,0.00792745662964407,1.29675884901736e-05,0.00118936418587773,0.00255594277452316
0.00393540960464929,0.00261814318012319,0.00338111953178476,0.733179217435831,0.0323983983703869,0.00963713941588741,0.0953831645492149,0.00738898114925887,0.00196051042243637,0.00485499179285538,0.000309702377550151,0.0294706286676521,0.00315087926659828,0.00709353273073888,0.0106228975623273,1.4881532984524e-06,0.000695876915056462,2.9358165904432e-05,0.0031761278184294,0.00625044625049031,0.00186862382255312,0.00186398329977697,0.00419531312655248,0.00118428232081836,0.00395084345388154,0.000343289862707551,0.00136605438617421,0.00887993435081558,0.019840988897309,6.32365509392383e-05,0.000596074983351813,0.000309361584646126
0.00611031162674809,0.00140949496018491,0.00112124613669662,0.0598469976421736,0.665749756460896,5.98522288597126e-06,0.0058372252484038,0.00756058718359514,0.0196060463576845,0.0465204276367554,0.0225201964066685,0.0089821103529236,0.00865460770619279,0.00119049637433719,0.00347456166102331,0.0112462590230936,0.0057012196620723,0.00403719592355186,0.0015371374605316,0.00626416892735185,0.0290248979442883,0.000640906101633457,0.00310113292922282,0.0132534102499539,0.0197990231720629,0.000748818116073812,0.00989295150859123,0.0114023978161774,0.0212428633773327,0.000582539046140694,0.00246520163285762,0.00046982613189408
0.00410097648165325,0.00154915953697781,0.00201903141073817,0.075685929267891,0.00573705250112574,0.525825911871275,0.0467198159338145,0.0481743301082544,0.0510857465214644,0.0127539944114367,0.0312894658836986,0.0247919920531867,0.00781130368314182,0.0024880238107224,0.0061533512332628,0.0375061949875182,0.0083502217418843,0.00251472895686201,0.000632880915071113,0.00765474986997577,0.0165249891929188,0.00996468929639679,0.00675182162011437,0.00850542660378992,0.0288238955774527,0.00100728969808406,0.0152872215646932,0.00166631454645962,0.00728865127693875,3.03635199095387e-05,0.000962858204670819,0.000341617718616507
0.0120215801083813,0.00376357279501112,0.00319606983319856,0.164281917556942,0.0132259246095835,0.0302053794229722,0.505425109087008,0.0237521446133149,0.0211905513197212,0.0398445308882111,0.0263045734918107,0.00576147489357022,0.00973549073037379,0.00268884179571812,0.00895807342948507,0.02726632332522,0.0101097308473506,0.000227000249735423,0.000611719759304522,0.00367332141616538,0.0117884059552362,0.00800506939918052,0.00259348765052968,0.0113511489564343,0.0264819938545761,0.000483291522528014,0.0117365904125769,0.00549212077919722,0.00548116785106003,0.000111634787085408,0.0034682927044333,0.000763465954084408
0.00305300495681102,0.000167550934238774,0.0022076131151123,0.00516454342925349,0.038026538450555,0.0111653781163608,0.00351948168025442,0.54987590974594,0.0166768120194452,0.018255877141863,0.00843889721275939,0.0836551134591392,0.0272102268967718,0.0183281162308337,0.0184948103714839,0.0217743994264104,0.0019400919163811,0.00422424905341726,0.00477591930002208,0.0157928822407533,0.00451633602460122,0.0100624649032971,0.00620031589237352,0.000163042081436448,0.0535439562760495,7.82406189985301e-05,0.0142568263966049,0.00306289053179126,0.0501146546603583,0.00121417379762243,0.00206272457634252,0.00197695854271852
0.00264988824019296,0.00604888233029867,0.0108964438534286,0.0419016126888679,0.0142194579397663,0.137963638174132,0.198870118529135,0.00322357650466511,0.386025007384472,0.0063736922899148,0.00385594067085676,0.00167597872893666,0.00617055015376941,0.00163946076183283,0.00610927738723962,0.116189173886984,0.00197961245273639,0.00233121931295069,0.000336606853533007,0.00282880539942879,0.00638070727677755,0.0124355788928081,0.00498136197205181,0.00480232896290885,0.00629401160554756,0.000582805181035433,0.00544864170834228,0.00103279731638976,0.000386234046901704,0.000596212779080286,0.00187269222795984,0.00389768448705554
0.00116239146358642,0.00472607319159109,0.00248453386527689,0.039003267907468,0.0213036395547783,0.00141463040713516,0.0331725759096261,0.00671301288512114,0.0340130682511061,0.658752942557506,0.00235817335207917,0.0351648840604517,0.0163732041032377,0.00648585474616395,0.0220697448974329,0.0280047320684721,0.00120226397883403,0.000602223898873895,0.000311397064008978,0.000737981080831902,0.00126937777416753,0.000270092010431611,0.00652678954613446,0.00128923595250138,0.00282693208308355,0.00206576114624686,0.0150877484113474,0.0194427200659046,0.0307798850830189,6.14312694400564e-05,0.000968887956537731,0.00335454345760408
2.85717470868196e-05,0.00267689463969644,0.000125619606176083,0.02886589119115,0.0613818570949554,0.0268261642267517,0.00900504114348137,0.0426281131690467,0.0488908249352167,0.0375168238692007,0.477656129605114,0.0183502033657492,0.0290988983457223,0.00292353057436268,0.0307949045763858,0.0179434071337507,0.00250638898187934,0.000258874148607567,0.000537522015695743,0.0112852805609137,0.00728640540593913,0.00243513145306655,0.0124118163561903,0.00435125247544578,0.00147887241403001,0.00194745036555703,0.0169695402197058,0.0207486012417207,0.0759142328989689,0.00154179226202591,0.00404146297846684,0.00157250099794016
0.000196678205904513,0.00413734986453867,0.000224677422127681,0.013386888705404,0.0164743857965612,0.0366151225236906,0.0747182824819999,0.00755573333076698,0.00822906569109849,0.0152748550059986,0.000549384430177191,0.569243157816677,0.0135158153592765,0.000601943261679469,0.00551063162629799,0.0168301070305852,0.00183605909008202,0.000161033658606805,0.00152286193438976,0.0230796627775285,0.00677513348666951,0.0228596204290679,0.0165206606960986,0.0293702435551608,0.0080374862400044,0.0458205893740981,0.0182660745707094,0.00129478398242585,0.0263624429791565,0.00164540965175248,0.0131043758744274,0.000279483147037494
0.000585468986592913,0.00315897556405548,0.00363110977888351,0.0249090862295383,0.0604910812990693,0.0297028714970665,0.0256579326899617,0.00659906659822888,0.0404749090558695,0.0734020346327811,0.00533217321176481,0.0101450963501164,0.4062180805598,0.00294936433389218,0.11442724629546,0.0427179562874224,0.00312613512671494,0.00110029766940468,0.00635034161254394,0.00197043016222484,0.0148470759978818,0.00397105700709921,0.00195374700144821,0.0017534323641809,0.00331420144985521,0.00630839396709919,0.00918387394714923,0.0537945156228575,0.0332386821063615,0.000296405271594034,0.000512255308498477,0.00787670201458285
0.0059369465996432,0.00108483324752674,0.00387329991030812,0.0206030463101605,0.00110247874544398,0.037282193882559,0.03390774591958,0.00658780907616297,0.00118086059542623,0.00380761629618738,0.000997335286293732,0.00750124460544304,0.0129427041025782,0.773452633497673,0.0358654777158383,0.0151646495141731,0.00241151030307353,0.00151534379993469,0.000175466646944404,0.00180221927438149,7.83509218168383e-05,0.00569096244797555,0.013664757242977,0.00157774733430985,0.00446509121754194,0.00118475715905226,0.00048245860279554,0.00349520902526402,3.1324190290661e-05,0.000234056427164676,0.00187932601513891,2.05440863410529e-05
2.04734892605348e-05,0.00059390320359223,0.00346773813603285,0.00119493072323096,0.00787623355315766,0.0193834057466513,0.0218461646489946,0.000858789317699194,0.00438071968902551,0.0243669486927424,0.00459301148563364,0.0146172971786727,0.0464343169066427,0.0002426029974069,0.753724379499093,0.0117980981298524,0.00458744409465006,0.000645210085007686,0.00788303508848848,0.00580832295542042,0.00616183381481806,0.00228259060075272,0.00212577559726858,0.00162236195111768,0.00539627019988301,0.00208672917636865,0.00406820560660901,0.0142274857063751,0.0082911032422749,0.00727254879700568,0.0084788141654844,0.00366325552078609
0.00947375833517464,0.0198406011970704,0.0197899478163427,0.0419551597512028,0.0160217442709294,0.150956296985988,0.27709461552075,0.00252836527890311,0.0622071764279496,0.00751611027982589,0.0045710808258328,0.000219009529508823,0.00264251726143008,0.00219152825011459,0.0123844412329211,0.315677937770658,0.00429333319341885,0.00225821277621619,0.000785879693715239,0.00113781204048658,0.00434174932112123,0.00748588039802895,0.000289987817503304,0.0021351461242098,0.0212358987353483,0.00110678856606731,0.00387594142488622,0.00252701595125625,0.000329599068431054,0.000389530614040256,0.00203979184662222,0.000697141694046575
0.0319386772770492,0.0033565260509161,0.00194476047709372,0.0175661925221336,0.00248424267917132,0.00322010367695613,0.00274759871305038,0.00484623598657259,0.0358073285439172,0.00464712030239909,0.0119080296946063,0.000520563575004687,0.00305468420046932,0.0015169936792145,0.0047827032140403,0.0301799143260639,0.758834675395513,0.0143569766014701,0.00541807135431544,0.00451170110335838,0.001649868672318,0.00880367251842425,0.0162251831538996,8.22237030149425e-05,0.00836294881220438,0.00218816331402397,0.00159264941468774,0.00409137232099834,0.00220655632936763,0.000541668924329629,0.00590554927075488,0.0047070441926617
0.00108045601807888,0.00842907352664252,0.00308750742260956,0.00429889734644176,0.00849563439753743,0.0104912758801773,0.0117009610247296,0.00527775051828697,0.0212374948164093,0.000714814430790948,0.00443484163277434,0.0186851538489173,0.0088622454318725,0.000221025160135901,0.00130343633065063,0.0214544221166938,0.00728312396600321,0.698391494817539,0.015639756613935,0.0194450329757387,0.0380057025752368,0.00354838088377527,0.0119217878143917,0.0377156393954199,0.0086099002979062,0.00725400006882183,0.00168375376413411,0.00567725757843616,0.00704462512721086,0.000111692692539757,0.000757765344233758,0.00713509618192923
0.000404459317694944,0.00196413232619814,0.00497765911042171,0.00110360755183574,0.00971748474289357,0.0107868677213287,0.0116279667901645,0.00589200740982576,0.00376286274921647,0.0121228959476182,0.00579032855745982,0.0393545648249086,0.00446303165306183,0.00370902854538399,0.00712189653502284,0.00433314112736973,0.000252676567519777,0.007591845843192,0.729233238909248,0.0157577155633188,0.00662751084086779,0.014478122292061,0.00807479816062638,0.0181459256684223,0.0195182782901563,0.00797069518376674,0.0121148359365357,0.00684503953183925,0.00605136934016656,0.00338191547473362,0.0154336977373296,0.00139039974981148
0.00205416846119394,0.000579899563983581,0.00160473055848644,0.00448158464073529,0.00515283497330008,0.0168715845963007,0.0132938770393658,0.000203892966030665,0.000493936399470034,0.00259317297532676,0.000319321857003895,0.00271385297071337,0.0042839935553211,4.36937324985426e-05,0.00128490691960781,0.000872473745677653,0.000802936618011481,0.0069574709598959,0.0143369535753197,0.730786991722317,0.0266110815090034,0.010988762962887,0.00246428490275349,0.00153548724061974,0.0061168937703253,0.0151190427361896,0.0385208479450263,0.00574630926381536,0.0359263415510429,0.00805026350491354,0.0351374514350296,0.004050955347834
0.00143403421592782,0.0019041552844841,0.00142144927573671,0.0105947425429326,0.0160664141754365,0.0265267427674291,0.0143975733427024,0.00376360412215427,0.00969576795517564,0.00998273177197983,0.013100905551716,0.0109505822343531,0.00165622181365105,0.000204688364716184,0.000245739795715664,0.0132695569420229,0.00139198719055097,0.00706485609347596,0.00424897112631011,0.0179554385706826,0.668465919979463,0.00563338080196349,0.00413039065318222,0.0366067396116052,0.00188896022633033,0.0106227696343664,0.0243951129706899,0.00254562490020929,0.0104911880409526,0.00262146740902382,0.0334229901224339,0.0332992925126259
0.00417301354483612,0.000679668937012706,4.08991268093179e-05,0.0036298134588846,0.000307418767487058,0.00339161264662156,0.00412695320925267,0.000806479162496284,0.106835022599544,0.00286941794266575,0.00149452438509104,0.000401961104381355,0.00312096180081887,0.000399502271690125,0.00501493556756411,0.112039511851062,0.00965427068666569,0.00603159949422225,0.0124110924735958,2.75138674950811e-05,0.00278086710484178,0.610280992938307,0.0368830976548278,0.0177606949404115,0.0258941037996716,0.00844571440895901,0.00369348482388278,0.000952583748233182,0.0030726183774917,0.0017487248914571,0.0028968121694814,0.00813413224423917
0.0026552813203764,0.00792302452088985,0.000676666825616948,0.00984815671642987,0.0077835480313621,0.00268560043313776,3.90329189148135e-05,0.00204336342871811,0.00998226152439613,0.00617291362290914,0.00584107699985688,0.00909745916865933,0.00360267778189196,0.000222559165554605,0.00219211974075612,0.0212225183156261,0.00440192513884889,8.77528606466528e-05,0.0115312051967169,0.0286995124410768,0.00248139455480396,0.003318936000091,0.797886789643717,0.00386514601393937,0.00235640752683791,0.00155255576068857,0.0198054432983131,0.000149051300037438,0.0177270685434806,0.00451699188339081,0.00890592368856386,0.000725635633750571
0.00338546522266599,0.000657377940392504,0.000999922542858941,0.00289101512498479,0.00169246308770164,0.00794801906703982,0.00120474321038552,0.00381982277649606,0.0128014174935413,0.00159846410329225,0.00360090535888025,0.0232029810844007,0.00274224781822971,0.000300085909610082,0.00186848222947733,0.00449946404524162,0.00157228045821163,0.0028118298022422,0.00808221944146859,0.0333437716545792,0.0489799198584058,0.00422599362672914,0.00555985530599203,0.638319206419886,0.00265922647948519,0.0590723660251533,0.0493240001106983,0.00350137694650408,0.00586257648568184,0.000798392736083938,0.0431205738611314,0.0195535337725492
0.0137566476967482,0.0566042825023567,0.00377155275034829,0.0209511919823627,0.0204895012019906,0.0162921998361204,0.00413971693249837,0.00784150967698589,0.122861652310118,0.00605250526018561,0.00406248242176788,0.0255209252003379,0.0133233713693553,9.07976600157327e-06,0.00306811550465515,0.0894613715246749,0.00600204391965807,0.0140691414241523,0.00784130548096788,0.0208943464592362,0.0123341861863679,7.27006860536437e-05,0.050601633922535,0.0211753849341546,0.411217771218452,0.00108288134029304,0.00197255476124848,0.0019445097669764,0.0169391681691953,0.000212719822406616,0.000302016486233905,0.0251315294855623
0.00193338423610871,0.00104415296310055,0.00202628045455582,4.77722627369196e-05,0.00187111815584062,0.000559687293067228,0.00628636669109217,0.00622712199627731,0.00139183881562059,0.00122307911029816,0.00516392557953084,0.0285710195072314,0.00272203449028854,0.000578415167012494,0.00227674797724234,0.00169363582903908,0.00121310891258853,0.00115693066160482,0.00361398781181259,0.00109937365881708,0.0166127813366922,0.0208077489379581,0.0690634152239648,0.00104050647092643,0.0237712974219484,0.727610485733406,0.0316816102684776,0.00324519422861801,0.00443865376301605,0.00194926788149884,0.0247921288236091,0.00428692833601883
0.00223681800676399,0.00292509487159981,0.00124910943844924,0.0230611540525346,0.00154811464336161,0.0015859728173768,0.00042506015553557,0.0158150782598544,3.81542481286021e-05,0.0109189961457112,0.000890311271939701,0.027818639047828,0.00141142805417836,0.000121423530078989,0.00224069119095447,0.00156079459277671,0.00329165955715469,0.00107713527824417,0.0151722818722278,0.065894099465312,0.0256135265971598,0.0216926002941171,0.0828093949452665,0.0152125177706601,0.0333015713207517,0.138769920091533,0.46221339007121,0.00902336708313578,0.0134339072521842,0.00508482295922399,0.0102457691975772,0.00331719591717032
0.00306965088278752,0.00529820972027248,0.00223570980247405,0.0106502536588575,0.0116714391645177,0.0259687139257394,0.075064080897139,0.0128606431340046,0.0308400638855542,0.0291389186428415,0.00246837882632629,0.0522635409237459,0.0401936784176179,0.000172354770594458,0.033227444368269,0.0394020110202646,0.000274686174584336,0.000334978957541581,0.00209535397371181,0.0107772708667745,0.000204061606745267,0.012037937265516,0.00856909080703818,0.00660352877314957,0.0120908248844689,0.0489346815360057,0.0169558494539716,0.45351760924589,0.0324653131049127,0.00474668609145175,0.0131019214596017,0.00276511375763084
0.0059094471031611,0.000737227113981226,0.0014230040981497,0.037754842805775,0.00257379766405312,0.00215053990388353,7.68976244138965e-06,0.0121579491946961,0.0401306842742144,0.0179470729571604,0.00243279056689366,0.00548616860053274,0.0208703517691734,0.000748315779440886,0.00145228356961951,0.0371011915781907,0.00562064584424722,0.0013105336454774,0.00513114908149681,0.0243010017414058,0.00944954681331854,0.0102177882198866,0.0290010453757153,0.107047464364091,0.00397111389913801,0.00258886325906652,0.0544794340203455,0.0608373595703894,0.472182538109211,0.00119724264577056,0.0214823357972937,0.00229858087177959
2.18168437242198e-05,0.000283875080274604,0.00129422310191472,0.0103486425257924,0.00072624374618273,0.00116246282263333,0.00778925676429439,0.00786797113534889,0.0341779712673838,0.0133887738406278,0.00455450365836427,0.00232705874285966,0.0144762414169951,2.83962596738503e-05,0.0105746522763294,0.0256358051522704,0.000631410792778996,0.000102355158957754,0.00641814549514086,0.00337439399749832,0.00478389427024202,0.00145320949182851,0.0162762571168589,0.0148595439749322,0.00244091560797258,0.0113657313042063,0.00158306047962032,0.0157461938697665,0.00302128820461745,0.751590320311954,0.031299645351826,0.000395739937129848
0.00120832606798423,0.00196629146204749,0.000321940808484818,0.0347039519237729,0.00119063335841014,0.00970336479519624,0.00163477695960469,0.0116422534918491,0.0201294012303909,0.0194070690815831,0.00842504443225534,0.00857539691732336,0.0267197373884709,0.000335589482909145,0.00150292563481629,0.0100745569953379,0.00531991330835307,0.000397124125383926,0.006886461294316,0.00958174062665464,0.0395686634311355,0.00841623970320474,0.0350746404986002,0.054047821856583,0.0106499657039127,0.0278347761882443,0.0286607626352752,0.0858967806367447,0.00076417060405588,0.00214928353573105,0.523839329351739,0.00337106646962938
0.00454480031357445,0.0215090626303412,0.00183533692431481,0.00175827284733248,0.0180046205091983,0.0196904319205034,0.0955680788497723,0.00254903447309036,0.0429720708260442,0.0226927727688018,0.0107699255741971,0.021222681177755,0.00210439273865847,0.00084242685024905,0.000854209156441659,0.0776475755575695,0.0053258187897478,0.00491270131250076,0.00171828284383704,0.0196643456864193,0.0104398760767157,0.021236433944994,0.0598262978759382,0.00760276163715037,0.0407755071692945,0.00281093224965646,0.00033420815998532,0.00132747050062961,0.0135733564274858,0.000467067058960335,0.00107021324072934,0.464349033908111
