0.526767649742699,0.00648132646885107,0.0069315167557463,0.0304733275891803,0.0297265631898535,0.00763451671432851,0.00638139981916381,0.00843090057647823,0.0513346705850388,0.00430120344161771,0.00373930197343287,0.0231607350490757,0.00367662309688933,0.000578449349900102,0.00344869382778753,0.0337086538271817,0.00322342555594816,0.00189843185285158,0.0074277297058507,0.0597271266391643,0.00752691267877594,0.00649056316464445,0.00736835773406061,0.101592231739787,0.0050659728985077,0.00104041411056387,0.00984837080918097,0.0160989273709899,0.00245851985893715,0.00141579997901346,0.00818288327348802,0.0138588006210115
0.00618040724783527,0.318628857302906,0.0160749896806286,0.0735770479483549,0.105017186146138,0.00825246855030521,0.0599907189662185,0.0438396899189628,0.0419330434107976,0.00767548064531044,0.00402124317096479,0.0192537609206045,0.0012627207359441,0.000135602339055194,0.00806602490779523,0.0172980379145658,0.00658452516707822,0.0018718553101208,0.000662100973259723,0.0608308775793518,0.00235966339477193,0.0134393425946644,0.00390361311331448,0.0676435804877612,0.0260635807248454,0.00583169724940215,0.00807905339240269,0.0385587506634593,0.000752728816904413,0.000497153334012047,0.00344124027538747,0.0282729571168764
0.00668188553920365,0.00458095297065345,0.517382022791952,0.00600630900285589,0.0168495859250591,0.0234873967015875,0.00130206649065269,0.0358857432248077,0.0064332885488205,0.00757243236998048,0.00417370091577657,0.095859072093453,0.00878249971868635,0.00493109644351174,0.0159547287060239,0.00150684006060514,0.00486329341015194,0.00432229834391191,0.00044367860462111,0.00437802444090223,0.0137834906079446,0.013459898691459,0.00758086317877896,0.00366448685156069,0.020590566129924,0.00272484250522777,0.00243354641508332,0.155214842484562,0.000954449940551273,0.00073004735658568,0.00327651961197195,0.00418952992313376
0.00478565333141807,0.00275344452572353,0.00191370916857109,0.138054431612642,0.00702234181554832,0.000960933848590287,0.00799587760442063,0.357688443493703,0.0129204078962166,0.0750084311812497,0.0780100461318684,0.0816815139222417,0.00547988294709503,0.00885649250057937,0.0234187283827661,0.0130715703046216,0.000763023383832929,0.000236429839421738,5.17153085465901e-05,0.0401127217136309,0.00273767501906608,0.000604132569974518,0.00561652111057566,0.0432676516206715,0.000353007420600556,0.000455636001613288,0.00224932167441756,0.0727177035996626,0.00566455365193672,0.00127093268202368,0.00347319500361466,0.000803870733154488
0.00299608837386409,0.00346661670909657,0.000152381216461025,0.00928186149502025,0.500674402042919,0.0349101939930408,0.00603536709201638,0.0967610205010653,0.026678231015891,0.0228925667752806,0.0165565653162406,0.0196548649943455,0.000549603774247592,0.00216344425684249,0.00699305181016841,0.105569361883587,0.00342974170824778,0.0110004982030831,0.000794667825393877,0.0253283625509326,0.0199907982899791,0.00870486318257025,0.0119872627371371,0.0349981278529492,0.0152814300381601,0.00142627040692301,0.000616414187249944,0.00475652940810739,0.00120980803579949,1.05169444614242e-05,0.000836610644040068,0.00429247673487888
0.0183582816516185,0.00879707597556641,0.00593268537289003,0.0532655403875177,0.0263281119067714,0.30568907073159,0.0139217291406198,0.153022064554604,0.0339763119186239,0.0268522311609447,0.0162175365126751,0.00587946039221428,0.000516285756305639,0.00463119115307856,0.00687975121034479,0.00478678627580484,0.00705234121789654,0.00803100582571198,0.00164492597435292,0.0842270815714384,0.00776173450946464,0.00909937811319475,0.0433305800899508,0.11411687678485,0.00998197149352468,0.000857146109388984,0.000560762861022754,0.0111086712814916,0.00103217438657811,0.00217589474836956,0.00782819954409095,0.00613714138750438
0.00219515187837147,0.00217258766151105,0.000911840488672047,0.0148144021169009,0.100481996126595,0.0503559969478414,0.385730698215778,0.0916083821983729,0.00322879093337363,0.0214523891071595,0.0183208580361779,0.0792510724692378,0.000968083386299748,0.00468386263522211,0.00379075608863333,0.0382820677476539,0.00169659086040217,0.00458822741748195,0.000945842182412342,0.0305182986092185,0.0223351781295591,0.0138394493965235,0.0154279027667785,0.0287947172720983,0.00429382541445378,0.0101254450510765,0.00196867950260808,0.0379031680885216,0.00732631874756215,0.00124527203476124,0.000705795335025272,3.63531537163088e-05
0.00806566126061948,0.00401531522550831,0.000303272856725941,0.0713600944758964,0.00354628702939356,0.00286019382166568,0.000396842925712438,0.558321316421003,0.0169028134298472,0.0404423319619559,0.0475242377120431,0.0806091396446349,0.00498650833880377,0.00539897511890108,0.0121702564447261,0.00387033898484063,0.00039642078890377,0.00107899732824796,0.000159257709708447,0.0218192946292788,0.00146218422561883,0.00144166396178461,0.00547308867647125,0.0263467319976936,0.00316706870906832,0.000567430302704794,0.0010168859771277,0.06569895582812,0.00607104456947369,0.000717273380906418,0.00323879276183534,0.000571323500778574
0.00951729435134037,0.00408655555956201,0.00276457591553498,0.00935017239760555,0.0557770198415707,0.00896401425854649,0.1112446492427,0.0243252928597246,0.252839959799108,0.00330695338724119,0.00850945635184698,0.0813378437694573,0.00435364281411017,0.00039384031457314,3.65788669494915e-05,0.0179158967113757,0.00657822034157148,0.00828233295984045,0.00162117323394972,0.0967050687386568,0.00101232201208769,0.0251064928778994,0.00661481409961338,0.0847120129642921,0.0152343020718374,0.00588728065329846,0.0164123104066889,0.130131647608967,0.00138668153715122,0.000729976495937992,0.00131557932046873,0.0035460382364927
0.00435538840170138,0.000792615656414173,0.00297291462142442,0.0769423026534182,0.0182130224741085,0.000206729486546317,0.0185642101500489,0.198817782249682,0.00276309371586262,0.363578593250048,0.0774834047964847,0.0444154781347251,0.00104891219689503,0.00275830440300228,0.0230735023053992,0.00861697528094832,0.00168001359731001,0.00195076937147949,0.00011928728882048,0.0390284113238774,0.0100658158696059,0.00180965512040611,0.00580619614211531,0.0481033210913294,0.00100223190585093,0.000808009556331938,0.00180421977451985,0.0323768452929396,0.00107688068037309,0.00158181105812296,0.00632263939718569,0.00186066275302294
0.00551396239873704,0.00190123136347383,0.00656671730419695,0.000523631032260357,0.0351583183856641,0.0189764370913654,0.00259178077781615,0.102075836701721,0.00438707621020935,0.0139704583852945,0.381443689860182,0.148048158441698,0.00325217024842911,0.00693715280727268,0.0498463175528682,0.00852388725248408,0.0027287265225954,0.00121223730126209,0.000210935061052224,0.0527174472183682,0.0025144545581342,0.000539043946351578,0.0026549560024562,0.0670624473570432,0.000412953535127143,0.00273631211077123,0.000496443851981502,0.0698502960186708,0.00382077126699343,0.00148107393241207,0.00129625318271568,0.000548822320392078
0.000733409313242671,0.00603146788520222,0.00242358590062295,0.0201978550417698,0.0583133640284807,0.00952373883374226,0.0121677598883057,0.00584577439666983,0.0405844761215866,0.0021025260154199,0.000232258449375921,0.655093892130731,0.00195484547734964,0.00136028689072962,0.00214631645451015,0.0156274776221484,0.000805348677772944,0.000394629804893183,0.000454676823295421,0.0377814775583692,0.00373436788326309,0.00126216531133029,0.0134661489302684,0.0448876207057496,0.000745471761262759,0.0195156258182813,0.00309894984415728,0.0152813120525227,0.017782617299592,0.0017828237187998,0.00417267358803688,0.000495055772517651
0.00632547257373837,0.00196869161535617,0.00136755899965893,0.0310800767555554,0.0806582681523691,0.0180577371614906,0.0085760277640789,0.0201064625934805,0.00877465096310631,0.011471202438776,0.00128897194446547,0.145169032942218,0.381840162029834,0.0036912432980231,0.0112720220319763,0.0159141122019195,0.00261480460633582,0.00723907357773847,0.000844162996060746,0.0227239497762912,0.0103362217956309,0.000345326156824679,0.00169683564746989,0.0162171327882458,0.0278884479680058,0.00240241875044468,0.0131339985373864,0.0967885860407743,0.0450289433277782,0.00269641121659394,0.00208464429064474,0.000397349057727364
0.00770209980748159,0.00293315564994934,0.00403156441196483,0.150105921861668,0.000912266054607278,0.00459581245538775,0.00130362531582373,0.111513999783374,0.0489254950377549,0.0221870465141925,0.025658056146153,0.00568788131305588,0.00866490062856626,0.471679086165562,0.0328686582258153,0.0262045716549224,0.00737867059923933,0.000143400197252093,0.000126416060468641,0.00443848332337542,0.000264354755927413,0.00523867698511013,0.00632596289684717,0.00274563863311415,0.00599372464107027,0.00429481241071941,0.000281198043485424,0.0282944692821132,0.000752125378188401,0.00046012267902982,0.0049200827954294,0.0033677202923515
0.00407275353249807,0.000200249224443636,0.000801908666459829,0.0347531063187422,0.0295074940509525,0.0265184000639528,0.00217867424454171,0.095841296634726,0.000576331984857377,0.0116552579507475,0.0311276650984851,0.0417009625255495,0.0133795484188139,0.00323347872642626,0.39157944061742,0.00826002434524179,5.47226874636768e-05,0.00155165852698756,2.69468623696951e-05,0.116709837217445,0.00789137193447359,0.0106295155675768,0.0249240746541744,0.0987714954297564,0.00184703858426971,0.00509105019532233,0.00934356838366491,0.0245443992502314,0.0016596460094126,0.000127410773488043,0.000389789347661459,0.00105088217184395
0.0160485664017742,0.00535195101732462,0.00113671832890119,0.0375558930870703,0.0372609008087405,0.0186560104622216,0.110683030846474,0.0875891429766044,0.0501974534994512,0.00546812763207922,0.0177322977505377,0.0637883705094382,0.00112540174267658,0.000922648418840433,0.000624120076200939,0.190114481775216,0.0055384209038062,0.00121613254618303,0.0019562224425532,0.0864193924030566,0.0048021422454847,0.00252320378913059,0.0268189948804065,0.108894007865843,0.00456112566314204,0.00838800694146351,0.0174228746880689,0.076044328882954,0.00545661576741316,0.00129794282045061,0.000902645670079409,0.00350282715641401
0.0102382570704854,0.00397920021202235,0.00241604342319327,0.00868471774575587,0.0581926086699742,0.00223701393698758,0.0378882938339042,0.00398756621906628,0.0264966965495126,0.00544622912267912,0.00294590868553619,0.000330369314112753,0.00543794334023587,2.30913722135732e-05,0.00293359450040018,0.074533787036867,0.318566952974257,0.00435871114667494,0.00657795981422146,0.120453947462478,0.00405393990306191,0.0185780493743379,0.0110007508125707,0.168435712033522,0.0588610150120835,0.000236844135098168,0.00470091666372237,0.00682749095425475,0.000782610941873627,0.00264759253496398,0.00326400599791494,0.0248821792060187
0.0110447685271571,0.0163513635468584,0.000333819336771508,0.00130111703691888,0.0209440193850011,0.00463850556364849,0.000664376018775172,0.00286454444367194,0.0368671340125407,0.00152133975684573,0.00679160782760278,0.00459349589835136,0.005277728777367,0.00136990602334911,0.000738615162320814,0.0597838355252097,0.0111760687042369,0.35252258626623,3.43672767888172e-06,0.256379959640722,0.00516905914642366,0.00122774932027148,0.00745765232240888,0.122799138498608,0.00555554686085112,0.0283870490619194,0.0035944695377617,0.00082553737367684,0.00423629108509764,0.000220779704624064,0.00620270739302821,0.0191557915140709
0.00792216170347284,0.0104706402427339,0.000924373988248055,0.0260779178800235,0.0326402330945713,0.000137823850130564,0.00972776395079261,0.0217656998504952,0.0155236458203589,0.00480497445315779,0.0256737564004005,0.00781060160221702,0.0194451264314644,0.00024495431517116,0.00177340797856139,0.0624526761122678,0.00959267416064751,0.00256546795504602,0.603919653119756,0.00968428046530345,0.0188214088483667,0.0143822243849448,0.0221179983300273,0.0307532189707867,0.0196662078186432,0.00495690628849719,0.00265691724031002,0.00357544281731252,0.00160413102016789,0.00208053729932828,0.00295104344244747,0.00327613016434792
0.000433703883830941,0.000777476573772248,7.9313426581785e-05,0.0110165753559586,0.0246826107040971,0.0051546244869441,0.00491746257365519,0.0183419965718348,0.00763664117490011,0.00135068905151962,0.00147082803296506,0.000690578719845338,0.00796144748580852,0.000140133155305399,0.000292811798004996,0.0249180518357906,0.00473914082763954,0.00306742492212883,0.000240926438561716,0.602041948165262,0.00357964161817855,0.00253332949161108,0.00929930483616265,0.18429466763039,0.0454224166256236,0.00660287006237207,0.0071897527625421,0.0130074550694569,0.000129015816109333,0.00574014151611209,0.00205849144356837,0.00018852794346596
0.000542435067747464,0.000701331682899813,0.000110939081236203,0.00416263636001343,0.104325228277941,0.000538411827252786,0.0652156283545237,0.000190856726260208,0.0152515207780564,0.00456373474359447,0.00306935782317103,0.0234671901856902,0.00697440999945952,0.000253465298437049,0.000506680684603716,0.0856866834685377,0.00435029513980685,0.00884428099962068,0.000126694857715589,0.181486555782271,0.0755846030752735,0.0151320419404194,0.0258372232837183,0.219387107163222,0.0442921798588039,0.00267674704454963,0.0257681926400724,0.0646436961330128,7.93625919356192e-05,0.00403291862643627,0.00160567701364064,0.0105919134900772
0.00139042408299188,0.00597929813946157,0.00113668981010437,0.00737342296934166,0.0216625069145094,0.000759006968465024,0.012799920272348,5.25597305448356e-05,0.0536186694354691,0.00999501155842781,0.000684448674301302,0.0112575954745135,0.000516792405509937,5.26279704746694e-05,0.00072061223472578,0.0746001401942434,0.000940382678612084,0.00260361849849371,0.000290881957153615,0.215206936355516,0.00654194825645762,0.33209341355482,0.00458515271669958,0.136088658987307,0.0253959269681616,0.0139573654642079,0.000671941419956223,0.0180937952958525,0.00217633235638001,0.00300263932913183,0.00134369614485995,0.0344075831809575
0.000993571482131331,0.00419509792441855,0.000798459097072683,9.99298435319391e-05,0.00118446685769287,0.0019323541187078,0.00395474270847457,0.00807349090516164,0.0237538875376925,0.00440777060677343,0.00119124924684656,0.0172121492265358,0.000141428396723356,1.52318353437983e-05,0.000650060732625551,0.00921943412852339,0.00107476392658682,0.00326364084848497,0.00129117763925572,0.310687388497518,0.0130597603354367,0.089988105782238,0.235036233278646,0.180590007894358,0.000446035674525715,0.0215795421006099,0.0028729338481696,0.0223892862374472,0.00153655193813919,0.00297129298989399,0.00176271298695256,0.0336272413734821
0.000440939060856109,0.000268111619504244,5.03576315082171e-05,0.00551166210606417,0.0446623544911717,0.00433400085722148,0.0151312389540488,0.0092993315596956,0.0169040733861786,0.000416082201940902,0.000478811350836602,0.0060432588891644,0.0071323819202721,0.000325257013824295,0.000311983788701709,0.0493332200386408,0.00368156904084254,0.00477025561274928,0.000431160247763936,0.284922407080202,0.00427330389223167,0.00314233307722373,0.0130006725515129,0.415603954019132,0.0593091393421055,0.00290945728031135,0.00720472528003392,0.0275051798092824,0.000106065678220698,0.00631176178373443,0.00327853579214617,0.00290641464287738
0.0110275638134376,0.00270918612183878,0.000331025814801691,0.02457803334406,0.0430174416382618,0.0129428243222289,0.0834622337060272,0.0297094428927075,0.0105954148411797,0.0230723806990024,0.0170847047585281,0.029903524177225,0.00362789159297401,0.00200238347228279,0.000337256740191019,0.00608555726713415,0.0142293008827301,0.00165533810590186,0.00118565657438117,0.00171421095697538,0.0328625244015864,0.021732351406541,0.0171758402541914,0.0482715608247801,0.511548134570506,0.00696698256192014,0.00555087191478152,0.0256403893705534,0.00219932639696173,0.000150491654104486,0.0053203654122915,0.00330978950991255
0.000390838132493468,0.00166977265829865,0.00121698801717356,0.015986037043043,0.00515187685651673,0.000188798568571924,0.00424329397497923,0.00680457214775836,0.00327240816144872,0.00106892612997444,0.0139163565956435,0.0445065041142112,0.00172595491597619,0.000145306754973133,0.00346100334465438,0.00210591784560044,0.000293545509576418,0.00279789166245026,0.000470542782957794,0.137052146786109,0.0151249175448956,0.0291214496912999,0.00492902819224097,0.158387487829844,0.00346794284716866,0.469997390571927,0.00102522622942288,0.0510816030767114,0.00224275132240872,0.00495325978859964,0.0113948240203419,0.0018054368827288
0.0045304140769182,0.0012738602381896,0.00136350077434076,0.0278244139787063,0.00135956438752039,0.00147612072910251,0.000686380326486849,0.0157000135397119,0.0544185516252954,0.00180111226556345,0.0102419285263235,0.0699288127806752,0.00433660974952576,0.00063626981559958,0.00490655258548772,0.0112158344819643,0.00240724216491373,0.000106211227444366,0.0010867087714016,0.0564658930287166,0.00110191209506487,0.0208724933779778,0.0240658925408233,0.0235955916179602,0.00399585444242892,0.0133991145534909,0.531293126981919,0.0705045252075587,0.00193603556751208,0.00463862266298561,0.0255587136394902,0.00727212223890098
0.00973744078013108,0.0150859678857437,0.00345742808061597,0.0130436292040431,0.0588262413196861,0.0120815974338819,0.00560649608178091,0.00829069523090977,0.1044501726563,0.00606392932730293,0.00100985405566196,0.127097291873236,0.0121446049239391,0.000355422987938688,0.00344070632224629,0.0292101801051566,0.00225814739556541,0.000488295270496514,0.000318184714475416,0.0793544462458392,0.00193327669593813,0.00291615329528342,0.0196410409285388,0.0773894667422799,0.00369614640596092,0.00931745734436175,0.00815612539998853,0.333404647411516,0.0326194492328651,0.00490559732307687,0.00990846546369457,0.00379144186154612
0.00158341421430617,0.00511927773964395,0.000820905192882562,0.00389261409191718,0.0146616880219678,0.000463450995712949,0.0124261849453888,0.00332123450430378,0.0395984455335647,0.00494059616883006,0.0050353193108654,0.0650331994789702,0.00200431892821435,0.000345671067661293,0.0195116167283719,0.0297644194687133,0.000151522418305994,0.000515786328006573,0.000682506469823087,0.120441762060972,0.00434587455873216,0.0049690720517139,0.0119704389808319,0.0953237513486858,0.0112081381464297,0.0333423062958349,0.0797081358177394,0.141421525574475,0.247014776293371,0.0125236166762388,0.0277473764771444,0.000111054110380738
0.000609763770265754,0.00140499439648878,0.000971234755065171,0.00599362582337368,0.00181477461234913,0.000741297544610317,0.00374464759492089,0.00156451071500541,0.00188700329605477,0.00255321425254684,0.00800384140068807,0.0216700362432351,0.00657935532623436,0.000367716831081409,0.000235338066743261,0.00114414960991015,0.00249305587818285,0.000734977949453936,0.00172482255280201,0.176805681100375,0.00168015511351933,0.00147394262840312,0.00523971736868926,0.177084858859877,0.00184768998127874,0.00598761177345165,0.00577022881588109,0.0210679160721294,0.0009506173441822,0.529692325176506,0.00545333623410888,0.00270755891258767
0.00142398636604778,0.00377862883351461,0.00119663201417207,0.000106598351811219,0.0141449814402931,0.00158538572190496,0.00182015349150229,0.00326655405236565,0.00474604305639055,0.0028198673269821,0.0125126104741461,0.0916763295808635,0.000388573215149679,0.000596592064472681,0.00388169116088525,0.0318148087010671,0.00185896858482426,0.00926514738905489,0.00146271111703692,0.0022218323755717,0.0259145987100504,0.010388027041882,0.00265675156845054,0.0207375354076309,0.0199292175872732,0.0453046920295477,0.0183835248657244,0.162421888368508,0.0046057565604647,0.0043404564624476,0.488611318652057,0.00613813742790798
0.00116363771695987,0.00785787371879843,0.00106075655788151,0.0145942290706816,0.0383060875530166,0.007724043818662,0.0307702633493521,0.00361129482522033,0.00463079364221907,0.0192937993747238,0.00912254727011911,0.0484650761576733,0.00630863265406407,0.000941056566375351,7.49475663902924e-05,0.0235621041247538,0.00165952895710066,0.0164221246441741,0.00254564621292644,0.0535976635013603,0.025437843256464,0.119826442233358,0.0109209655492332,0.0728961533963431,0.0860133019741307,0.00752223537880572,0.00502868715950603,0.0494694959915014,0.0064643505849123,0.0017121100489334,0.0131790660548699,0.309817241089489
