0.450121930523746,0.00264221619909096,0.00205356854209459,0.108058474485554,0.0623051682765917,0.0207664506536816,0.0388093235103812,0.113000973895644,0.0615912427738567,0.00234574585538193,0.0141848614581196,0.012030249411665,0.00249272854570558,0.00147839476223474,0.00192480848304121,0.0157862234192641,0.011140340606447,0.000996798514961149,0.000282137833927168,0.00170982292437695,0.00361377444342468,0.000791921053749122,0.0168146527428289,0.00392585604999466,0.00684230054666175,0.0104126598697023,0.00609773457689,0.00338522640269453,0.000228149042197101,0.00318899348126262,0.000615713845098919,0.0203615572697308
0.00469076639999279,0.514820853336132,0.00417612360138621,0.0153107436829289,0.0813227108894387,0.0252878601445561,0.0207993398553602,0.0115982288740498,0.0114379672440754,0.00227974775930846,0.0086297122855143,0.0306745833314282,0.0383702019205787,0.00146275344158865,0.00636770076081562,0.0255064976404699,0.0195687211139785,0.00261495608912131,0.000139763593699773,0.000596228506544124,0.0268979789736573,0.0062926072474061,0.0153591817522788,0.00984284248212343,0.0260472005453573,0.000767359989097246,0.000537415951986787,0.0609837328594202,0.00866407516307815,0.000698253158677712,0.00135245392845591,0.016901437477493
0.00120878561912899,0.0136346660560655,0.364482245525654,0.0838569568179317,0.0842444723622561,0.0362329257827432,0.0534451409677614,0.16617645792284,0.0737959882242882,0.00096079552505036,0.00444582747409936,0.00401125227706005,3.89665195156756e-05,0.00161285714293433,0.005620961570415,0.0256904109865936,0.000905476992703849,0.000309224902459221,0.00258350169204079,0.000577750775825262,0.0010339085164053,0.00478713468547616,0.000439888023415641,0.0029544664489845,0.0415731812911798,0.000529210360289635,0.0119666982322381,0.000291886347834704,0.00679850732597605,0.0014661916301814,0.0027533237472592,0.00157093825339185
0.000646752080352901,0.00714663313693967,0.00643621681173423,0.711065918098559,0.00442972758090973,0.0134390308210722,0.00394545747779213,0.0487582307909825,0.00991191886302199,0.00915697650943189,0.00607852704132585,0.00463286670977324,0.0155499227611078,0.0397910714409025,0.00435609065218292,0.00371377854177719,0.00357715638782589,0.00327752412315085,4.01242850062651e-05,8.45263619492614e-05,0.0272683407404923,0.00228247936008085,0.0028661209532776,0.00812543142368244,0.00120748984909222,0.00480365765047454,0.00811356523087795,0.0246327246791807,0.00484318919500309,0.00073137368305342,0.0171037163715235,0.00198346038746339
0.00311841193700518,0.00398382083771339,0.000952805666364006,0.00125224169137243,0.644499979223221,0.026279549058167,0.0886148346082834,0.000627285265155974,0.00569158594654856,0.00216816041921767,0.00127837719500345,0.019334873130593,0.0136142287296847,0.00954758290382544,0.0130670310271937,0.0520667081648606,0.00236969858368244,0.000163631538179948,0.00649915240855781,0.00522595123615662,0.00197556705514571,0.00190768583169087,0.0129472542305314,0.00310887960822349,0.000744226663861218,0.000132391889313217,0.0121141636925761,0.0492316173667354,0.00140693629060556,0.0059749745131846,0.00170130661948861,0.00839908666785766
0.00752963502830935,0.00672817963027972,0.0035265615190332,0.0200210560851232,0.0142865091553502,0.596381843523121,0.0161360345338772,0.0788282229951693,0.0761249017182841,0.00347892617133105,0.00340426424717933,0.00056454022791384,0.00974233879159422,0.00707282417621412,0.0184113561659179,0.0241931712217508,0.00224944868305663,0.00615573035255014,0.00611774681233066,0.00434271540540516,0.000165503086143432,0.000747421005078545,0.0017058052634191,0.010759355042154,0.0409451541314432,0.00264479359715533,0.0191413986853248,0.00758335157449191,0.000957591934860282,0.000346208169058135,0.000489561234478093,0.00921784983260126
0.00399859544661311,0.00656526120573258,0.0010796823810354,0.00509079787454262,0.485265157824332,0.0019774558917139,0.188340800219526,0.0301227446900153,0.0760379937646877,0.00727993234056145,0.00203439350716949,0.00907134279682826,0.0101309774665008,0.00355293709162048,0.0135085694352183,0.0357452955952684,0.000228716570752324,0.000183105849526122,0.00762847247144,0.00145087323876357,0.00120157560981959,0.00350128032727792,0.0224017612444756,0.0117373151174887,0.000339951824806672,0.000159957544428174,0.0172861565805311,0.0292356528758641,0.000606038002214452,0.00519143191614294,0.00579330670120925,0.0132524665938942
8.13399258109515e-06,0.00547966757705796,0.00142478736516463,0.00051691657700502,0.0412324275227623,0.104772103342186,0.0215110064404428,0.67256867210054,0.0442762409021293,7.82822254895535e-05,0.0038257542151536,0.000637480794844961,0.00578440173085016,0.0225639900143833,0.0103922943760187,0.0101532326426936,0.000287069275519132,0.00132425818074836,0.000692252745412585,0.000566848028924155,0.0105983934579997,0.00314820150633783,0.000389653957413051,0.00145551689605089,0.012818348540075,0.00164956756884083,0.000564532708315412,0.0136600304202233,0.000897182829792082,0.000774541857781849,0.00573701332193625,0.000211196885325906
0.0176651454739969,0.00108488344342598,9.15496396406954e-05,0.012818266585921,0.00907005058852661,0.0125452860311475,0.0223549145898532,0.00215348931672347,0.679238138748477,0.0169468088086373,0.000671915769711762,0.00965476144900178,0.00791353009339716,0.0022105389434398,0.00891137557276336,0.0248099353467992,0.0190359922223761,0.00452178572988423,0.00164556557037416,0.0031559376355485,0.0155352332031272,0.000411400769326706,0.0120760777602647,0.0275996224864208,0.0477740292785221,0.0036867206875929,0.00355693488624133,0.0236509667810902,0.000718751603568526,0.00453846061479174,0.000135832060824558,0.00381609830858322
0.00330727782013596,0.00291837510733569,0.001461978196969,0.00623151700150652,0.0357647716412712,0.0299426841614412,0.0157110145522769,0.00704628420519146,0.103604699940765,0.5868106384639,0.0046468649131844,0.0133033057009047,0.0122237163668892,0.0106782429297167,0.0103716281541799,0.0660424425250622,0.0063656384345562,0.00405177955996091,4.0212191820873e-05,2.86285890361298e-05,0.0245560690043195,0.00280405557939958,0.00419818643910732,6.71008876853901e-05,0.0114572161890985,0.00134534498361079,0.00330623682280099,0.0152020140759982,0.0019290367167212,0.000261167855623357,0.00130836155555112,0.0130135094339796
7.70586007228166e-05,0.00106999790863438,0.0034255337821599,0.0701364276203549,0.00682949565689846,0.0034424899879033,0.0139567344556473,0.0208882812563644,0.0138800277844864,0.00129822967453304,0.637683104124609,0.0580883564398791,0.0166256147913452,0.000653411257433482,0.00405284307609065,0.0145242075405685,0.00418326595521346,0.00142214687250163,0.000252223842927956,0.00113188481772525,0.0130740842045924,0.0020987467322615,0.01739272516268,0.000368548063465993,0.000339977525191923,0.00833678752378117,0.000928680983410515,0.0633470615674603,0.00129556749680061,0.00574529078543707,0.0123476780128119,0.00110351649610743
0.00115630156488729,0.00118104389263162,0.00134283096213947,0.0261110372661656,0.0641189723103768,0.0190419657737637,0.0258232339640047,0.0111407812270158,0.0673942443480643,0.00125247496743903,0.00662034329773306,0.329029216680077,0.0383568769446886,0.012723392479317,0.000237826359880696,0.00862099181778027,0.00560434007741593,0.00180310491760104,0.00435535496697339,0.0618321696569453,0.0211824141667123,0.0156983777990541,0.00778915635464758,0.0402530826352681,0.0297650147269688,0.0546662269335755,0.00696294559966243,0.0393663970111794,0.0678088381979407,0.0168725440148157,0.00728171359019158,0.00460678549508382
0.000162556235828196,0.000548303865884371,0.000749432240770016,0.11862102952894,0.0512801161690779,0.00639397982469644,0.0478091171104786,0.0569646666575443,0.0651253143814693,0.00858633478300619,0.153300005080034,0.110911569498221,0.16471724505403,0.0136247388051723,0.00283757296427223,0.0520084299628788,0.000464919110525374,0.000832713549583494,0.00144151529409567,0.00219584711034315,0.0283404396425043,0.00243428614847106,0.0206562196744018,0.00113164167236315,0.00286491276422189,0.00231186783621053,0.00030565784029148,0.0704203174930108,0.0114860209537306,9.19292745991074e-05,0.000541893667003902,0.000839405806339833
0.00177947887670149,0.000259298635015145,0.000514974492410172,0.0353370170177141,0.0403871271905374,0.00361583921846894,0.00513709484219432,0.0428148329804616,0.0523632270081759,0.0155499129770141,0.00523274051790553,0.0459107302675102,0.00917140485468533,0.576908912922452,0.00213298100482384,0.0270471449094782,0.00148746394841897,0.00197449247261512,0.00140340201849763,0.000234562565920535,0.015831103037746,0.000240039148195179,0.0013660559249872,0.0013374072901596,0.00866383394087958,0.00629174098280054,0.00158829662358565,0.0437077248504917,0.00208347299138304,0.000899701327471034,0.046500363325315,0.00222762183598503
0.000188118883378321,0.000801676209289962,0.00237604874125594,0.028654788246828,0.025947417321677,0.0237543773501928,0.0129367898153722,0.0745682986337158,0.0650330201993588,0.0346509700840777,0.00230957349963574,0.024765008977523,0.00367179331809168,0.00646284942282166,0.573716022059517,0.0196325940834466,0.00255888350981785,0.00103348591888297,0.00260664626144388,0.000835612951062249,0.000979884996828344,0.000233135710045458,0.00163510599788341,0.00171158475121583,0.0254125772095797,0.0178495738988764,0.0124906117498357,0.0179436136192396,0.00677366961308856,0.00387663215741348,0.00244708674507864,0.00214254806352609
0.00987091710832612,0.00502030373349146,0.000778429734916961,0.0101933875059407,0.173223392728191,0.0625822693762328,0.0495372051907868,0.0596560014813995,0.147521220677425,0.0102474720496727,0.00253983437762607,0.00867531122556651,0.00654671181650044,0.00204849157775741,0.00392002527210955,0.362146207048075,0.00874745175920025,0.00260755347831857,0.00121012782963996,0.00521939555059417,0.000242903926986752,0.000364575295339965,0.0161260915093178,0.00993210310974471,0.00537682683151839,0.000349702137201137,0.00487862140065535,0.00675854051314305,0.000275885610415622,0.00124777209421596,0.0106499901643066,0.0115052778853834
0.0115209663988653,0.0259012990697777,0.00201720763407344,0.00429608898380266,0.133500496344663,0.0954372068645716,0.0587949706696366,0.0293087678586226,0.0947403889660392,0.00084417662030426,0.0110468440720442,0.00510166375070983,0.0085427375376774,0.000509449138651256,0.00457117125929494,0.0322743825944748,0.388909794850448,0.00417360844561388,0.00396185672315176,0.0106960551370949,0.0194338215732253,0.00831302523750853,0.00507240201507977,0.00501774473839889,0.000235031756420085,0.0113297432142501,0.000566811739883103,0.00862174939012538,0.00280340493330788,0.00133362806769924,0.00338438595456841,0.00773911846001574
0.0149181049975121,0.00405529268496875,0.000697132975945091,0.0148101190425719,0.00763320547037082,0.0196725629213027,0.00601422024310598,0.00650510200596593,0.0454504459032327,0.00129481835526724,0.00811149479304889,0.0124650130341058,0.00816314370337888,0.00171309379341973,0.00254172379255049,0.012774321043507,0.0076870828495845,0.639751727302609,0.00112825811913161,0.00727227828628097,0.0376784809849943,0.0211035370849911,0.0225092941509417,0.0122427229831105,0.0105044119145282,0.0106080673087577,0.00593324631791574,0.0130215574032338,0.0206836089448321,0.00245080654344177,0.0139692360252232,0.00663588902017024
0.0123931163173373,0.000355491376732282,0.000893100834573229,0.0421396036220835,0.00122132584980797,0.000355356871056645,0.00282045477465641,0.0281652513957322,0.00371858276288829,0.00295090449276254,0.0104536872165081,0.0538079148185882,0.000724949564437381,0.00100821777795934,0.00251894011061355,0.0114801782008553,0.00832320710105173,0.00775698803369695,0.523116957373567,0.0183085139694159,0.0302839210463088,0.0199797176074723,0.0323544218900847,0.0198357045849789,0.0138946069777859,0.0397892808147755,0.0445101158719092,0.0445481462514027,0.00717468719593116,0.00370915598245971,0.00144324902803425,0.00996425028453276
0.000589874677157343,0.00164722097338672,0.00184416732834005,0.0632554471028441,0.0325346878515379,0.00400341467221245,0.00299503654343772,0.061138402042585,0.0122762550277563,0.00146411397153176,0.00363663384743158,0.023187375893042,0.00062463978381913,0.00189554972747589,0.00918344505005986,0.00328633378554509,0.00384475787429879,0.00653138226770073,0.00537324425497095,0.564402176249602,0.0105370505184896,0.0276862659867364,0.00697146887630689,0.00129902121477339,0.00455350739242788,0.046028993124263,0.0223359705914263,0.010976440760842,0.000706142809780177,0.0288907879627479,0.0360544480302029,0.000245743807268366
0.000947754218714284,0.000182241340228223,0.00145671749237119,0.010758942785536,0.01494798586011,0.0091147980666756,0.000926965199240388,0.00884700659740358,0.093422341507278,0.000962242448513616,0.00199015786647805,0.00875987663392702,0.00124434166767316,0.00406805598085058,0.00294742590349129,0.054752123641986,0.0008451733586761,0.00210688678252011,0.00399694983842675,0.0436298990588254,0.582584903421263,0.00301876870234097,0.00170187032129585,0.0762256846880236,0.00260808084597124,0.00286489816825884,0.0062588770273078,0.0112398899022635,0.00116082945733042,0.00131553632496594,0.00242075102725201,0.0426920238648011
0.0164354989863071,0.00519033929575676,0.00172681912986776,0.0144383149230835,0.0366508390321639,0.00830918048140182,0.0433197633791832,0.00337119298553107,0.000439013322382691,3.76965618142706e-05,0.00171117757439137,0.0518641520847826,0.0167914799541815,0.00315878820498018,0.00847250104248805,0.0528657424950988,0.0124256922841957,0.0403342168206494,0.00621584601474392,0.0712293595137248,0.0174459883733103,0.289396259851954,0.0545199092740802,0.0660268979718747,0.0782696894740286,0.00968754125282507,0.00651755034782168,0.063389503054473,0.00248504003634745,0.00112246061003423,0.00341265071471733,0.0127388949518056
0.0103396027914189,0.00131023549480036,0.00416749522741163,0.0100769539188188,0.0112622245159405,0.00446855294966831,0.000308875494941811,0.00656038239649631,0.083754263056136,0.00723242921943165,0.0109921226655945,0.0314966431439194,0.00119072871400876,0.00489611765993379,0.00688572246835609,0.0470244666011805,0.0126231221247542,0.00692989327080671,0.00239700957505233,0.0276997784269522,0.000126587829820245,0.0308749056162665,0.579228021770485,0.032796159956555,0.00350904130453867,0.000190358805195945,0.00415251759357747,0.0148803496587705,0.00865004486243707,0.00672404341607344,0.00255333387160328,0.0246980155990536
0.00347849762995448,0.00152248489905302,0.00164692277505834,0.0166634352249486,0.0956349189966925,0.0209137941488345,0.0558944233243421,0.063698514335595,0.0574273252509024,0.00507579123986893,0.00908822628036414,0.0466783164362254,0.0130176318188273,0.000501953386341361,0.00185905198576271,0.00572125358279986,0.00550138013595401,0.000611502666139904,0.00285970776409618,0.022618094835879,0.00498962840613754,0.0147370752251548,0.00238486997119615,0.44200499901267,0.0367845193326682,0.0159545024060777,7.52996624770172e-05,0.00829900497666751,0.00244394356323724,0.00909600107572045,0.0288094718728978,0.0040074577774557
0.00189774327897732,0.000371664799322988,0.000247467621744845,0.000338600059223849,0.0173030219464529,0.00959794484372382,0.108419215189358,0.00485222498469942,0.0759440991943039,0.000802352290367801,0.000676612350699311,0.0836914317008126,0.00450839847267867,0.00511874715879732,0.00333883855023841,0.0927842862487124,0.0114172586807547,0.00233551134437001,0.00321644122028546,0.0315469668927239,0.00246539446030804,0.0028529210659231,0.00585593637220876,0.0934308516734772,0.324208643012276,0.00584346702472953,0.00296244189600959,0.0622694127799853,0.0178136914909651,0.00388209063759513,0.01748500009764,0.00252132266063425
0.00366215446693622,0.000247366511482856,0.00144846449725982,0.0096204820096119,0.0157606015201599,0.00216208397214369,0.0819577526211749,0.00306794801688056,0.0113610766877655,0.000320763438013418,0.000775022074237154,0.000859099458778819,0.00349190379139268,0.000868663679789082,0.00285115045461765,0.003270723911631,0.000657328823815289,0.00447183935058605,0.00165576154116133,0.0189057987085113,0.00836400279234878,0.00723014224865654,0.0146082391832842,0.000346666710485687,0.00080028994833872,0.755614946300785,0.0197202539940681,0.00297526372205406,0.00655493220685493,0.00935659961380626,0.00425729786810027,0.00275537987526799
0.000411960344605016,1.48712741308277e-05,0.00188561358340167,0.0015561672562616,0.119934211733927,0.00860402684335032,0.0563365710818615,0.00531385707084776,0.0730564854254699,0.00271873175977693,0.000916647073609239,0.0595751943165623,0.00411930502826619,0.000400543648975084,0.000315992456837921,0.0183329504152644,0.00250765661559718,0.00138637381365696,0.000487539066187994,0.0163376002847789,0.0398740267675496,0.00189399542286556,0.00364844236241654,0.00872851840999746,0.0323674061720453,0.00753695081027074,0.45816423769552,0.0374079819868576,0.0311282344401458,0.000443975203191499,0.00406493937653169,0.000528992259239292
0.00082420980111156,0.00100668285720953,0.00147534073116894,0.00518275397294965,0.0397774057702202,0.0203485590251974,0.0072603892871626,0.00151513937266937,0.0781099085829053,0.00332193672678263,0.00597806037331891,0.0304460677116262,0.0310982014544825,0.00161946696288953,0.0015831414796123,0.0196603845838538,0.00669488914114431,0.00142947913150752,0.00681580950223348,0.0344400909998798,0.0183340523584581,0.00836694972741913,0.00831522494749722,0.0318496184723408,0.0283843648155098,0.0428926011313953,0.0167015913998655,0.485996972136283,0.0248622722557803,0.0262939226177409,0.00581423531904868,0.00360027735073546
0.00125040546839955,0.000254526719942722,0.001303206135245,0.0151151458161862,0.0761053286188873,0.0117485474894253,0.0644583130355999,0.015388353888552,0.0512795230316379,0.00418997289716191,0.0074368821261949,0.0176621939110442,0.000264398169777233,0.00232572638901556,0.000691228218146411,0.0253876191359158,0.00382338382312087,0.000982265572916781,0.0106743717789125,0.0272394290273577,0.0227358325156945,0.00273932573811485,0.00715926565855482,0.0106227608332173,0.0180998745670368,0.00506262697836477,0.105839235363775,0.0598556373470887,0.349239284749168,0.018905069992319,0.0589617230126809,0.00319854199054566
0.000223834082984311,0.000372705048972185,0.00146626710373454,0.0694999177317576,0.0261806352654279,0.0117048038753163,0.0116591959050286,0.0409494442639898,0.0164247318160234,0.00237939110914599,0.0243556619813757,0.0114560651434541,0.00256732434870693,0.00193149040097586,0.00359328528782723,0.0111721835498897,0.00295569304483407,0.0051218456653292,0.00167285191158932,0.000320726036511015,0.00499616310332961,0.000378448088789813,0.00714950182864648,0.00774049436787034,0.00747660491286681,0.0277504848284236,0.00336278967869314,0.00018197934876087,0.0244784267171417,0.641186821935235,0.0266011804677872,0.00268905114958198
0.000441939634023437,0.000142776506770856,0.00167764806495424,0.0184111068763001,0.0360518970306007,0.00666292866197327,0.0546441879243437,0.00269587519532023,0.0184110250512573,0.00116497319739905,0.0158969906137834,0.0271635539158941,0.00269547559769216,0.00738969188538338,0.000160534298231881,0.0231260555046683,0.00098887880521408,0.000234740466525974,0.00417042007641579,0.00555796523562298,0.0039042101307076,0.000497555881531002,0.003804919693384,0.0138484474366168,0.00583245673312426,0.00182836072337535,0.0187651158417182,0.0351833897439552,0.0344745330843135,0.00476327750155798,0.649261758593521,0.000147310093820185
0.00812999385506487,0.000261691438988117,6.2222579943097e-05,0.00700763857858678,0.0963799384787858,0.0261619263826839,0.0626229429148831,0.00796764146860233,0.136056569821076,0.00156208237646244,0.00195404916784624,0.0462263964644316,0.00207378126689196,0.00156343168633045,0.00115715546762045,0.00668989058225767,0.0335136216380752,0.00214244410050901,0.002360106375605,0.0121488233317095,0.0529881225780929,0.00822976295247503,0.0263155133861673,0.0606545678725673,0.0457385849034835,0.00516661933429961,0.00186344233800237,0.0359560682820826,0.0289859106173182,0.000897623684843169,0.00550770697482223,0.271653729099492
