0.427141471599315,0.0060490767221116,0.00542246618795778,0.015815662071578,0.0930816895774142,0.100978866233122,0.000462174245422487,0.00204463541461577,0.0926063331884023,0.0188921248787781,0.00333740958824628,0.0121353511967913,0.00674254441640482,0.000559113453617444,0.00416393781655391,0.00486669807050434,0.0167821603029593,0.000578593041889475,0.000898817972167319,0.00849538421983447,0.0232855630587676,0.000482765082389161,0.00284112118163095,0.0145688582051804,0.00689222168964301,0.00203038574073926,2.93718287860819e-05,0.0512308160406482,0.00880691081735593,0.0119682010384224,0.0128986322562433,0.0439106428625083
0.0118137252926781,0.426027304941494,0.0158054007180078,0.00791948452632424,0.0317818759661396,0.030833743654162,0.0308990018376769,0.00507110846782674,0.0474829851851028,0.0113139875847412,0.0132003173106537,0.0105940362506826,0.0661744251273408,0.00213049218360188,0.00857058038698006,0.053735692970526,0.00375523434269386,0.00395412410587211,0.000334006766217226,0.0215682943226731,0.00782264705039115,0.00273995793509379,0.0100530399075494,0.0332558157046091,0.0204804995923396,0.00536992528586244,0.000831507730320941,0.0145448093483693,0.0119588219179469,0.00478433411891573,0.0126320365351915,0.0725607829320147
0.000478722921516432,0.0112142657454943,0.665434876178882,0.00313984579524216,0.0754889685138854,0.000183656250651152,0.0143162515063304,0.0088626491323759,0.020624557457176,0.000424046222200098,0.00262211303306757,0.0195676189245312,0.0273413052641975,0.00121602959247849,0.00970640594663242,0.0166534056063784,0.00394298547276717,0.00298051959945644,0.00881386065426044,0.0047325020186937,0.0213443458364775,0.000829137554850162,0.00655941695601156,0.000274434331413612,0.025696822822992,0.00473042931875612,0.000928758476615247,0.00904166214128427,0.0204810405788934,0.00301542393991927,0.00578584110571409,0.00356810110085622
0.000266345563179238,0.00041482237935335,0.00978045555518416,0.482110038159165,0.160332788704831,0.00404734466411069,0.163259404617729,0.0602920001796158,0.0246840199334451,0.000836662330731599,1.43897742971004e-06,0.0288446232040484,0.0028842871386695,1.56703062567096e-05,0.000539906813508952,0.0129623678150058,5.88338791242648e-05,0.000240400581817598,0.000914952770210749,3.24922580968683e-05,1.06287217872764e-05,0.00421802658092724,0.00383588998276139,0.00138987888722677,0.00342762394094462,3.96172593438268e-05,0.00253613413288131,0.0146515045036339,0.00836820016067744,0.00551900288027584,0.00174762280100653,0.00173701431701966
0.00611019120474561,0.00497184023619993,0.00151977234396535,0.00714407887606507,0.597457667309541,0.0303872122969259,0.102068499834956,0.0235046885648694,0.0541533711200967,0.00183986147330707,0.000822781679497634,0.00628037052240852,0.00704904719049203,0.00153730881516584,0.00533582585193816,0.0844307987015869,0.00116162702166869,0.00249874592570202,0.00172441514647303,0.00644780283217922,0.00424789978561347,0.0122290611929895,0.00881575007287314,0.00422544636102111,0.00120022530790949,0.00152978799558025,0.000760446718496301,0.0012163402096674,1.68949571930116e-05,0.00434417894707567,0.00308771618971585,0.0118803453140803
0.0288752230694312,0.00722433170491915,0.000243698932447034,0.0144103381034079,0.117800710278549,0.439223466650757,0.109399045532039,0.0728455603684269,0.0962347556107498,0.00296197553397662,0.00584132459306439,0.00353598838742532,0.00578045478432952,0.00151611885384724,0.00243678724811383,0.00471288195917792,0.00379501068138872,0.00723086776001148,0.00209134854539759,0.0172194433582328,0.00216789656239991,0.00541792058009003,0.0012162521718646,0.0071411182894532,0.00226031870415708,0.00149122116621491,0.00135913935320521,0.00275236241087311,0.00264379701704551,0.00133273732575829,0.00794834545029797,0.020889559012948
0.0169935311496908,0.00408586120156762,0.00178016684962688,0.0116944137837213,0.473683077885801,0.01212915821891,0.0315688863089413,0.0275503461202961,0.182419385036835,0.00230207766627234,4.59828359872581e-05,0.0106231512075893,0.0031238047960316,0.000673312560847433,0.0119411200052435,0.062569360571846,0.00153366923340058,0.00242639641431366,0.000383390852526163,0.00562136901629604,0.0127746531422269,0.0206953351466267,0.0197382629322723,0.00721150405490915,0.0206169175936267,7.42766293442366e-05,5.80917225519735e-05,0.0177016865446804,0.00464296527501607,0.0026877186875704,0.0100858861639966,0.0205642403914341
0.000369618966862238,0.000296296951516731,0.00901615269297878,0.110488759367018,0.231854584556683,0.050197264110713,0.252520268605367,0.166600062486151,0.0353662197516898,8.55861644766705e-05,0.000209710994836737,0.0184836139510577,0.00091739352734491,0.0017583525917393,0.00389990259563573,0.0405221481818469,0.00111873733955716,0.00184721577840021,0.000218752255065658,0.00259647575259397,0.000681916560727216,0.00753022679566247,0.00412461299966235,0.00375163350081589,0.011890945597568,0.000419461219306564,0.00247949493618532,0.00598993101961001,0.0212104215876313,0.00578191904496947,0.00644002722910757,0.00133229288722028
0.0133594416414849,9.73640671804595e-05,0.000899102375594885,0.0429024776048257,0.107650495906011,0.00239894381201574,0.0489865827314045,0.0346697817384552,0.635941569064785,0.000801603201695537,0.000171061731122811,0.000392186357886765,0.00160411967457302,2.5545200525426e-05,0.0109393599343064,0.00665816489916626,0.000121038912662344,0.00060341085472887,0.00117804816122989,0.00528621933629284,0.0197557051600143,0.0039060367180646,0.00504900069960961,0.00329945581351812,0.0287023003070388,0.00205889529041435,0.00320858713213402,0.0138715646193697,0.00284591225556797,0.000298302148884945,0.00052743181517151,0.00179029083426415
0.000453528516227474,0.00150181567655383,0.000678511074348077,0.00266759474667171,0.20255859971639,0.0178655683679732,0.120935890158127,0.00148306140573978,0.0581540916034672,0.259054737187077,0.0327745591929321,0.0401434508021557,0.0095082456936467,0.000823075302159902,0.0358268403487023,0.0867109687462151,0.00114322909410125,0.00207311077298123,0.000677886316634175,0.00366506558366687,0.0219554879116534,0.000912892838419144,0.00978310839662811,0.000144398610718842,0.0182470959976631,0.002790855569684,0.00487889448382747,0.0238829973521639,0.0293156753454145,0.000100380881192872,0.00676109195821774,0.00252729034864616
0.000893804518999508,0.000563258856171619,0.000686334845955055,0.0388000890898173,0.32426676717222,0.00833371029233785,0.172034094630689,0.0285546628053469,0.0538420430127421,0.00114892015975817,0.241638481913998,0.0192583908187792,0.00675227539120351,0.000194339585885042,0.00954521801256192,0.0460746621233465,0.00147196211923661,0.00391045559973226,0.000382925344174785,0.000319526780827417,0.0104347394042376,0.000848893108382438,0.00139143989994222,0.00139561491344865,0.00755493517118083,0.000241708704764221,0.0031510330758579,0.00803137659584583,0.00356558168833723,0.000357474971588532,0.00100140226696665,0.00335387712566561
0.00181358640909271,0.00128674213087123,0.0152731473776098,0.0113337868770556,0.0548945946537085,0.0249619153326886,0.0997598838633625,0.00808545773888381,0.0122973321335078,0.000175493164214251,0.0150057776599207,0.32011996922311,0.0846768426061288,0.0181915481276343,0.00500189766733437,0.0409743380467066,0.0010814851985439,0.00300615065383812,0.00417076326596326,0.0426786690270723,0.00234016771884723,0.000113229469685298,0.0170046210264572,0.0161674333218339,0.0155978972469734,0.0286403935925789,0.00985102762990974,0.0506801941311293,0.0804258614847417,0.0115118537795094,0.0022687825236572,0.000609156917429364
0.00164925063890556,0.00394838139578839,0.00200949431209459,0.0110560756303994,0.245682381582798,0.0147354785463436,0.107668085016792,0.0307041393889185,0.0818635800835662,0.0302294081963392,0.0503883701990123,0.086719206214744,0.182404155313424,0.000414497172788888,0.0194466271102302,0.0275932529062615,0.00255066199774921,0.00902511979535313,0.000341450764593553,0.000907341010624624,0.0118020483783712,0.00104623921223341,0.00204237612290695,0.00151757154696521,0.0304818552964949,0.000637216809183179,0.000730633802666801,0.012801292569831,0.0208917170631536,0.00196296204427888,0.00168256884506945,0.00506656103211889
4.80499237393566e-05,0.0030235567566714,0.00153498961538971,0.0619065738515974,0.202398462119081,0.000866195082763186,0.155132503165633,0.130710291335025,0.118074319899447,0.00241151487420177,0.00381763155632769,0.0197787084373012,0.00720514775941011,0.209092806900899,0.00271858736859402,0.00283439572291081,0.000452765984560959,0.00029322627172206,0.000467895432019519,0.000929698066872046,0.0085510434291154,0.0079319430605951,0.00816872927051069,0.000503925074931448,0.0219186682723234,0.00135592938777772,0.000807131278438546,0.0245621078975875,0.000169942281499393,0.000177972286954298,0.000914447302187322,0.00124084033391347
0.000305557777483354,0.000497495046545342,0.00126160376217743,0.0221989811868665,0.232557329176116,0.00316275477168903,0.133866648568053,0.0493304004593515,0.0672981692843411,0.00656549581593987,0.0156834530476048,0.0231277951875023,0.00806956830868159,0.000334914732677286,0.307872769303718,0.0227259028800863,8.99443256464276e-05,0.0128065861475911,0.000301700580061502,0.00226282300092579,0.0118850763572243,0.00667600290594897,0.000112249867936442,0.00338096118499023,0.0418578800821889,0.000763577874641796,0.0011985548978624,0.00222594699109995,0.0151645873631742,0.00199184891902351,0.00383015828701726,0.000593261905832833
0.00669331600372277,0.000711375378488509,0.000257364166401317,0.018598112092585,0.285900699088529,0.00546616098783842,0.146996881923606,0.0588026237592658,0.159605632662349,0.000324369480297051,0.000566416965646908,0.00705892185499824,0.000175190743685546,1.54979742768843e-05,0.00770262697485432,0.205878587680757,0.000134227042431591,0.00275828498430093,0.000532567885891513,0.000954670275918044,0.00789084231445111,0.00685414726720123,0.0118479401471658,0.00137350123153247,0.0272111552334979,0.00308362587948812,0.000879757515280569,0.0205412883776638,0.00150563810711552,0.000156695631788162,0.00210199674258399,0.00741988362638762
0.00863836575602554,0.0195722100883956,0.0006490659405083,0.0223908142130797,0.0705291832494831,0.0369830940187375,0.0892829120073243,6.45984284038799e-06,0.0103767876179687,0.000893804451333659,0.0039051553107108,0.0110779890142942,0.0245906514724272,0.00250716026390943,0.0164416957361184,0.0159223673238479,0.389557771845008,0.00919447726555974,0.00269894064916391,0.0380719097749547,0.0901358657227156,0.000504103557699636,0.0259667965271994,0.0146168385065961,0.0204040277134156,0.0105629979872939,0.00870547592783454,0.0254545637445823,0.0144625196938279,0.00274088209976339,0.00784993950583923,0.00530517317154155
0.0110350762333981,0.000754199430666032,0.000293154350829517,0.000238923308090848,3.31750880139076e-05,0.0295423241961281,0.0371786065216768,0.00609971220484937,0.152417173069645,0.0070383043239615,0.00278329545586507,0.0527938363391097,0.00265358064003903,0.00097703846244361,0.00394842598761023,0.125505068902692,0.013317850924302,0.360265706922042,0.000396732027835169,6.74539024837327e-05,0.0175818667399576,0.0151007430390499,0.00178610822946139,0.00413700435444549,0.0490365697031652,0.000351483871524207,0.000122841956993712,0.0576880421509399,0.0305154919796347,0.00807575017788246,0.00569329600782537,0.00257116349743834
0.00379717774954118,0.00153577356127095,0.0017957906712956,4.14766727658661e-05,0.0815918036318297,0.00802070566067359,0.0351884525595915,0.00171473433695652,0.0171334277751088,0.00537659696858697,0.00330023189791519,0.0482950334563376,0.00107745016867906,0.00733579938763858,0.00134777638450439,0.0263754944102851,0.0146837202718378,0.00756098505165988,0.487700872901753,0.0360650716140087,0.00761359874941535,0.0135760917796222,0.0121896170509008,0.0111334267328547,0.00555482184979039,0.0264383820766749,0.0258936670726861,0.0706555269338114,0.00654399285050839,0.0158100553594994,0.0120731297327035,0.00257931467929316
0.00175062913406381,0.00147592066490199,0.00116579534020618,0.0264683605384057,0.200001712649815,0.0112296427494,0.101579721816257,0.038178230954025,0.155605386066873,0.0134862898474655,0.000354577313015724,0.00963362170873257,0.0117680407186762,0.000514005145977507,0.00851670818517283,0.00515745528708385,0.00614158575079546,0.00392191579584986,0.0122755220013244,0.140956483568592,0.00546296637233629,0.0304872437189179,7.56445276205312e-05,0.0399530232508024,0.0638737803890221,0.0452856542094059,0.0126301716014778,0.0454552050066864,0.00414733303391027,0.000131876094332512,0.000632937612197817,0.00168255894665561
0.00335086778075965,0.00202786428616199,0.00076971609627335,0.0110118375487383,0.00658340806440076,0.014955818956753,0.029117071224293,0.00571767467548111,0.0656621859885944,0.000802410689775979,0.00235817263007516,0.0180281741659077,0.00185309466249339,0.00485380235972274,0.000631188568080001,0.048077536105818,0.000102459830167563,0.00218984101750942,0.00145793517268521,0.0750902347431631,0.55965733075263,0.00023204117615199,0.00735316485575953,0.0608520645213437,0.0068824262686175,0.0127885832235079,0.00125114468954838,0.0140655562436316,0.00112570714412578,0.00386089258106925,0.0047094283195853,0.0325803656571754
0.00554835832848349,0.00830959310187708,0.006790619018668,0.000161472331849396,0.0304112260660867,0.00972268106219066,0.00831468773641637,0.00104374570304894,0.06905995556392,0.000629399450116329,0.00280159812958974,0.0298000308471769,0.00303287087415324,0.000557438472811798,0.000506298179513842,0.0361546738595524,0.0154533330020513,0.0287746220623635,0.00437422396141023,0.036314671593845,0.0030274346445882,0.554365217422731,0.005941899543367,0.0285672711575866,0.0540921613399092,0.00950199349177426,0.0026354159892835,0.0177162211284908,0.000757725291677933,0.00256726536931363,0.00226980392554007,0.0207960913506131
0.000596672745131311,0.00299522091696925,0.000662632996432832,0.0196498119999507,0.113170191737414,0.0138435871987053,0.017694231372933,0.027133932449788,0.351911353485709,0.0176004251347983,0.00045016065595053,0.00129199805033313,0.0160278476973944,9.40420165308832e-06,0.00755263976017249,0.038223016460912,0.0120176637768561,0.000986631060833393,0.000413032776729279,0.001688642819134,0.0406775789673251,0.0279067140920703,0.128089164285364,0.00791369898833742,0.0772867929688274,0.00146447308002458,0.0113981196189637,0.0489025301110823,0.00532799803904021,0.000751659125171005,0.0013660005200984,0.00499617290589546
0.0015314317716257,3.89354172158388e-05,0.00138529403927452,0.0482993740997601,0.100604924770422,0.000697527151360985,0.0610772027657171,0.0426852430248375,0.0808025080960324,0.00323260116689829,0.00649091744414793,0.013045212266285,0.0148039123120978,0.00220090040903189,0.00914005095164203,0.00118498678666217,0.000988787685840127,0.00255204435585329,0.00248105464609369,0.0619661332728617,0.00190703374108045,0.0170902471507949,0.00446740628183125,0.369922329395039,0.0639939109099786,0.0308084156012395,0.00318026982351567,0.0370521027999191,0.00550143072207375,0.000993717547854614,0.00762648815396603,0.00224760543904737
0.00262510584346315,0.00205816944126949,0.00495027457670088,0.00766631257668485,0.0277306371728722,0.0212933109264996,0.049977729576551,0.00257683574518078,0.0267821612793448,0.003332914009244,0.00704781403275614,0.0852810066652843,0.00554448131172248,0.00132957285249877,0.00504101754340471,0.000827481508087582,0.00229857086091882,0.00680412881082384,0.00220194325622646,0.0225723262477924,0.0219517999071509,0.00954638411612328,0.0021466108923192,0.0617372920828668,0.503246700596515,0.00524368977543006,0.00171323747850499,0.0511408439296325,0.043306842886303,0.00376015803603784,0.00305504631708871,0.00520959974470119
0.000957837531763588,0.000661776443468671,0.0006932761284447,0.0211866276253474,0.111224977227409,0.00799675160392902,0.0415600276517779,0.0282539033016034,0.134201041738487,0.00985460985817334,0.000737829763191701,0.0249321904332608,0.0186279224006295,0.000464413627445399,0.00727455469052847,0.0125527894832711,0.00223117262290009,0.00135180669201147,0.0052990195298117,0.00632241957923947,0.0248312945827042,0.0148616392544515,0.0138750163966752,0.00972252110518845,0.0316803490477584,0.265250596748548,0.0270706695188082,0.0983148672031079,0.0310674989872334,0.0114185176661808,0.0345257672566595,0.000996314299989939
0.00163055474220854,0.000761012591158059,0.00223620593423971,0.0121168448171842,0.111176919444232,0.00717960242234629,0.0398282477199057,0.0263128104519338,0.116692571730915,0.00680487476817895,0.00370845299293805,0.00483236147909798,0.00822496192462214,0.000322316458594319,0.00838399563254821,0.0169806384023666,0.00592643228339998,6.47521575202967e-05,0.00245273956138237,0.053194411091002,0.0234898229947271,6.17596181555939e-06,0.0166527047330766,0.00995472649638239,0.0308942420393693,0.00693870777856919,0.453791704889038,0.0131302481731331,0.0101949161417799,0.00263299758244905,0.00213764565587109,0.00134540094801513
0.000718311394850191,0.000340283104014483,0.00859058770427278,0.0231813535589655,0.151183052298366,0.0183936480281355,0.128426736376023,0.01861040694326,0.0341152704796545,0.00508646121303672,0.0279590573345798,0.0244224330159272,0.0426772505683404,0.00763599115659246,0.00262858986230554,0.0339816534489686,0.00120610108100314,0.00170935769734967,0.0018407652679509,0.0414962493741838,0.0143981009624859,0.000247931532748059,0.014584462444908,0.0208364135407887,0.00275283576959649,0.0256033477448332,0.00291009954034297,0.292494693698044,0.028912474589735,0.0115268137471123,0.00993323199187593,0.00159603452974949
0.000426422197337651,0.00360121815930316,0.000221018278246427,0.0342696665845916,0.1732130765209,0.0144382602786231,0.0869423004101478,0.0197908339734692,0.060352239236008,0.00805367657075166,0.00744842625195219,0.00775224920185155,0.00556218123325766,1.47445124441752e-05,0.027089718954884,0.0135931993357348,0.00130965872829655,0.00123780510592393,0.000569699904313298,0.00980821880293299,0.0337889874880892,0.00211119232372107,0.00139207297718899,0.0184164734655778,0.0215094302585146,0.00552381963788013,0.0335601386559305,0.042665700118085,0.323355877694101,0.0034547416758529,0.0323705199280252,0.00615643153606343
0.00743596109815851,0.0018737790048316,0.000559743162352179,0.00274186797025319,0.000923048613942022,0.0150655063224431,0.0427001485476084,0.00203915942482921,0.0612209195261661,0.0180059063899336,0.000119470315061176,0.0508359971623546,0.00913274470079626,0.00637822309017188,0.0180119824283731,0.0404143880307512,0.000374902402841681,0.000195724663433363,0.00214057344974738,0.00497398591784144,0.0138080076849752,0.00354598962141524,0.00165422939461188,0.0024058937742749,0.0140684407911294,0.00548235818538059,0.00129973677728678,0.159915289460297,0.0143573574537141,0.430829798876738,0.0641002792590681,0.00338858649921927
1.2649981268169e-05,0.000625079613594733,0.00180937274319224,0.0187443023153181,0.0263454935120981,0.00749852058634622,0.0146598574514439,0.00718671551909203,0.0584275043448091,0.0162384409317888,0.00689502410133575,0.0129249361624729,0.00384113708457729,0.000260117814783084,0.0302685215099083,0.0121780497582045,0.00164086493641268,0.000578459475012296,0.000337715529760923,0.00932899911951657,0.0501862319809092,0.00329837657831539,0.00671881589972432,0.0122384727209605,0.0215775670602166,0.00244367504234663,0.00532864369788737,0.0738782714885022,0.0207293985601919,0.00738648595550533,0.564941476295631,0.00147082222887465
0.002708898760623,0.00110978811895955,0.00125833167946109,0.0101336013034887,0.183795016118385,0.00862608117645191,0.0993517862150043,0.0267005851386643,0.110836811677319,0.00325371791556599,0.00597623089165127,0.0145899197328298,0.00555374035101448,0.00248512373742897,0.00482947624881735,0.00754592597698486,0.0327309669471399,0.00553614904943779,0.00123893797708338,0.00738521673846459,0.0346329848035301,0.0112449685726054,0.0150593938091593,0.0294890854949049,0.0572829561262691,0.00522683403788116,0.00129236169415092,0.0109869740457167,0.0151609150483123,0.000301245980850517,0.000421519001932426,0.283254455629912
