0.569950548249247,0.00663726270882321,0.0170492605769844,0.00111027389028089,0.0845339127063761,0.0214822560138468,0.053739951483434,0.00264885635317467,0.027150447439415,0.00383237579703695,0.00142094024907655,0.0187523756224878,0.00227863504836459,0.000986083567299348,0.0180588490886097,0.00102007493846008,0.0300731970875916,0.00132738049939368,0.00400394442167994,0.00462713659446773,0.0101838378844625,0.000739456514410195,0.0056613831463801,0.0154762558158623,4.75798401234181e-05,0.00536335106063926,0.00178464191454302,0.00462261483456592,0.0262159740034841,0.000688862988087334,0.00501438654629553,0.0535178931150963
0.00461327983832183,0.268972250323753,0.0203151912879253,0.0153023573396771,0.159887876673407,0.0115653261560922,0.0421314344139643,0.0254991438242401,0.101297331481498,0.0154568766267897,0.000983089947364915,0.0294584927330965,0.00453552796923843,0.00286904096877632,0.00572149703439382,0.015346377746086,0.00648600126188951,0.00512253646266527,0.00945331519636465,0.00798678281096948,0.0465270673879244,0.00337197036937627,0.025951174826616,0.0131790046760388,0.0492763659939807,0.0117276839328985,0.00698925426990509,0.0714867186392269,0.00369458603904338,0.000263344766210022,0.00218245324382164,0.0123466457584458
0.0126937675864693,0.0158533976664779,0.397810668778737,0.0154273468313143,0.172056581211299,0.0181325666864585,0.114167511534604,0.000464403469975482,0.0196781635963711,0.00421601220258484,0.00101940993384388,0.029149033834301,0.0155609168178117,0.000110305183671933,0.0259980485066865,0.0164983649674579,0.00425412220329548,0.011645680720919,0.000339829714512934,0.0228718371544833,0.0114379537086353,0.00289689590407098,0.00733153930726535,0.00451195032946539,0.00340759342671527,0.0129391938006036,0.00322458506518478,0.022821787594321,0.00740868628897669,0.000681883715988897,0.00243643578431763,0.0229535264731806
0.000517997435326072,0.00165640069138969,0.00212059969376673,0.570841558587276,0.00373066261312708,0.00717406133768929,0.00750507586692462,0.0121550155777954,0.0330850661243303,0.00093307793793588,0.00255498754079505,0.0815235796432117,0.066630349294125,0.00124438804353815,0.0310374327789576,0.0126322193115385,0.00206549709382941,0.00016203247800711,0.00117904131486137,0.00909558118270062,4.98989835186688e-05,0.0011553557755634,0.0057928917411097,0.00112711713290191,0.000975327537615439,0.00234178395030201,0.000265540602472712,0.106960963602426,0.00438305685950242,0.00211645573130957,0.0206664525952558,0.00632053094089716
0.010928011385593,0.00397708415186584,0.00408958946196412,0.0356326982672538,0.375433316178231,0.0552719527347775,0.177970286824252,0.113263384878602,0.0657863829336878,0.00196903512580616,0.000749473877761523,0.0246690724518544,0.00581763245573427,0.000762779766180326,0.0213895519443469,0.0269722916071023,0.0132388781652574,0.000353630025625145,0.00383021443022159,0.00066644808079307,0.00719002851231598,0.00147249136257362,0.00231369766033435,0.000415261530504727,0.00245420817170502,0.000929680638903656,1.27653476950823e-06,0.0289612214453474,0.000818162437665052,0.00161894596079768,0.00542037024704535,0.00563294075112676
0.0120842031605914,0.00221471207948312,0.00877089085141604,0.0736782701986645,0.0920577631488526,0.367400559400568,0.106297439435941,0.109107858670577,0.0691834217261265,0.00456082731977615,0.0021380231345331,0.00750526107662529,0.0328017044740884,0.000481334251224724,0.0200149166152116,0.00139892681458843,0.0121721082903834,0.0017350357751553,0.00298340182876514,0.00152644901833061,0.005399049622988,0.0010968792513141,0.00690651046566851,0.000660333628216538,0.0104900537155252,0.00566858283513589,0.000860116573409804,0.0213033389113562,0.00287769382321056,0.00207642253323696,0.0128897623758449,0.00165814899319132
0.00804646829382722,0.0064550342632572,0.00590148013943447,0.046472608899527,0.405560089416638,0.00669073160000148,0.112413127444214,0.0933253458624472,0.0853303956306275,0.0103369752066822,0.000802811506643863,0.0444582714641506,0.00174807337491205,0.0018413784606571,0.0292466236162409,0.0210920998257085,0.00638785640126585,0.00048168839790525,0.00253505261806222,0.00638785610386923,0.0059452543128049,0.00641333724918216,0.00302343556108652,0.00141540515506267,0.0087463045982873,8.2690939640833e-05,0.00163997545330875,0.0629724449656558,0.00111780522967542,0.0014543449850841,0.00475886446371847,0.00691616856042156
0.000248247194780466,0.000113058927876411,0.000163656979204031,0.0108206047725715,0.0752900008080424,0.0185319348803438,0.0804786310891772,0.631904308458176,0.0136981597804123,0.00284551670480796,0.000825967238855533,0.0270723439318655,0.00916866871654602,0.00201270815088293,0.0129139127515277,0.0136755933312597,0.00137089745598161,8.44683017001656e-05,0.00181800161580043,0.0148625344550634,0.00122484803977111,0.00178626617062719,0.000323000744586263,0.00355624139830932,0.00166772343088757,0.00463966511707306,0.000821226911777375,0.0586860436927898,0.00121355205182329,0.00130100787339646,0.00476152945146823,0.00211967957261471
0.00164615620763275,0.00124320829945148,0.0005233137144214,0.00475392077452648,0.167183441008495,0.0433863049466974,0.0401909273260893,0.0192796932441158,0.470509670110644,0.00301909554209392,0.000758746570614829,0.0858161766784683,0.00300327396058179,0.000253200500293548,0.00749673402923028,0.00359840750903525,0.00920904678437336,0.00557380245905211,0.00460589971893928,0.0039622591306522,0.00135681276306462,0.00140483761805159,0.00213199392113461,0.000348728318332847,0.00555344504004297,0.0044469044300473,0.00610109241746371,0.0941942774073563,0.0060724347180624,0.000174462428853543,0.00157440756178963,0.000627324860391563
3.64772709214041e-05,0.000538789507851218,0.00506397660755874,0.0264227171201989,0.132843226918575,0.00646667856743739,0.0537914121371489,0.0818146485940831,0.0646284887558672,0.420353511939806,0.00612933887919008,0.0548632802109999,0.00633707714594633,0.00213451959940919,0.0257023700065511,0.0108070115131298,0.00023194784607427,0.00253756175723933,0.00324718457265313,0.0018876265520304,0.000212708318710827,0.000438309803457751,0.00279668262973642,0.00246360729106122,0.00264705146884363,0.0100238420366412,0.00722383330294707,0.0561072999787917,0.0078007004142104,0.00142816039555575,0.00200955813954758,0.00101040071782496
0.00490015394388598,0.000125839951231711,0.00632967068270442,0.127404206008299,0.0483650545817337,0.0175766701973097,0.101585995855509,0.0139950600907517,0.0161679326559338,0.0281803519478544,0.297084831511314,0.00523459989700494,0.170230115313035,0.000707104644196094,0.0351501262777477,0.0698599605491568,0.00345047783835203,0.000163096018000558,0.000431779059357559,0.00214828974442502,0.000796269756981447,0.00296595933159676,0.00235731994796645,0.00673359303247435,0.00539070607941793,6.42591319386336e-05,1.37271576427003e-05,0.00582380913340407,0.0025287519931319,0.000480395037412902,0.0114150954580167,0.0123387971722131
0.00190000244992048,0.000553278839341559,0.00329671040453013,0.00635850079674384,0.159840136950249,0.00788636507296732,0.135948505766766,0.0384620406181979,0.0586314933512224,0.0027072943141954,0.000991611341768624,0.382107916381234,0.017001971337125,0.00724298095620048,0.00921010611005705,0.00627818796773433,0.0127752775824428,9.12751300735849e-05,0.00807448363097257,0.00696726005511654,0.0261726719997233,0.00653499935354881,0.00831822110827909,0.00488044650637353,0.00619572797362683,0.0131494373592548,0.0125043899392679,0.0278532146487687,0.0149121377018665,0.00349732530793397,0.00903953505822491,0.000616493986272572
0.00398962235827253,0.000172382865506284,0.00258497094859943,0.0208694348263484,0.0284933206377923,0.019201396389926,0.12328820761356,0.0231786677820607,0.00831743908352661,0.00683341372170197,0.0233702280118286,0.123628670169929,0.418334068001157,0.00151145254168446,0.00798779326370536,0.0779423955148782,0.008535848008352,0.00103876437636344,0.000507894092626661,0.00123190130416801,2.82549109300262e-05,0.0025178267941953,0.000501651915294407,0.000973442691394875,0.00396182980569798,0.00120456516838524,0.000793186245731561,0.0737704795254081,0.00590864270921004,0.00400042368198842,0.00409857244436816,0.0012232525954084
0.00142264554381596,0.00281837318971709,8.95892004332171e-05,0.077827171318683,0.0916663708579976,0.00283182098216489,0.0530863512492646,0.102315066836099,0.0417601968242061,0.000369494139038038,0.0129330135593331,0.0778821591688083,0.005777198286246,0.394006452092386,0.00820847599005871,0.000256653924898533,0.00455543994803522,0.00202664636190277,0.00132523817566517,0.00466585266221603,0.00265703287923339,0.00218806337341477,0.000128874853010976,0.00380554678386691,0.00697860751093156,0.00313768062440659,0.00220765628411515,0.0757276636407281,0.0134283724086177,0.00201372350551933,0.0010848690555685,0.000817698769617521
0.00108647158472664,0.00130352566983936,0.00811661602860042,0.0133020070912533,0.0520408391042213,0.00298365651477416,0.0656442978650138,0.00849025930220688,0.0125159759949376,0.00393307026169311,0.00859464718464629,0.0249683705857065,0.00782272400263035,0.000246882279200986,0.699373631613506,0.00483066035092842,0.00748270522009353,0.00254636598241104,0.00161212999883674,0.0116191900723292,0.00365033629688592,0.000593434027933158,0.00469464330729555,0.0275923156384958,0.00265439911780822,0.00133625414574052,0.000255708073253327,0.0143070526976778,0.00276897586616698,0.00195714970796608,0.00163625216529935,3.94522479219136e-05
0.000522774680417037,0.00229962800261697,0.000513918331063236,0.0388634323385417,0.307734180829869,0.0240346859865625,0.102316425085235,0.106355122131207,0.158923563534542,0.00602403777930089,0.000670107356538453,0.0456072649891366,0.00123374884705104,0.000466241910452024,0.00571451624232824,0.0895750650301364,0.00175790508200594,0.0011513446174754,0.000260699668549406,0.000556216511711153,0.00636066299497471,0.00266791992654261,0.0168556461778664,0.00171220552172408,0.0133302927492432,1.89307428921758e-05,0.00212128661008209,0.0577325981505049,0.0012593473270433,8.56249157206893e-05,0.000825376290896539,0.00244922963776951
0.0201254183961099,0.0125067899410969,0.00360063911331149,0.00961454533363098,0.210713963930855,0.0390331375747862,0.137041862154445,0.0405590617397924,0.0527349813077447,0.00269705100595643,0.00187283242813082,0.061056722741979,0.0013071916711337,0.000128693961063193,0.00131835679689799,0.00137177599619437,0.31107590335936,0.0161219089570776,0.00117390615760635,0.00831228158013805,0.00597049145887519,0.00412157595070129,0.000329911220557105,0.00114103257048424,0.00187248812154459,0.00476075778001332,0.00202536104100882,0.026246759701903,0.0146736906596041,0.000459575370050594,0.000214321467053152,0.0058170105108941
0.00469955573476503,0.00417079594304849,0.00519522405574718,0.00296308683126306,0.000243806060491665,0.0157747473013712,0.0236070336491492,0.00944119215549347,0.0149869481304232,0.00106403684536869,0.00665323333028698,0.115577579321351,0.00750187386027836,0.000117198213839114,6.08495847500301e-05,0.00339280443717241,0.0183112998825775,0.460150148790395,0.00930105811239584,0.00681290395629577,0.00266425596555656,0.0262153393883958,0.0239632258856202,0.000764299474916917,0.0083621091464446,0.00909509057419681,0.00311291300083192,0.161110576803694,0.0059268694457196,0.00213451828608505,0.000670609520769198,0.0459548163113061
0.00992046038693019,0.00734050393066712,0.00100387517685488,0.00982145922879613,0.0808491643448555,0.0163965955711313,0.0300711834456807,0.026606213983763,0.0653370114462434,0.00217513188499804,0.0038721425287447,0.0753014958162733,0.00724441462495201,0.00152723956114542,0.00109009614696425,0.0163976916520001,0.00043254298508504,0.000696229074363343,0.488505529402343,0.00146253931689679,0.0171503545105589,0.0125033226762573,0.00464962939195178,0.0128934424861941,0.0068602753182208,0.0111749034805904,0.00313229750952863,0.0623711845431609,0.0148897316229562,0.00346049175986806,0.00220802727541528,0.00265481891660946
0.000920664897981822,0.000545435515295718,0.00310093507002393,0.00130823212708463,0.0333094408373733,0.00292927669394109,0.0830658085556384,0.000396892884902125,7.97767853822705e-05,0.0012898863233609,0.00280810002115688,0.0894451226498199,0.0147861619183197,0.00151831266348778,0.0214291959130386,0.0148589146147361,0.000840876881611822,0.00217840543172062,0.00522124304853603,0.390262867433252,0.061293166164361,0.0747780600004597,0.0155977632149467,0.000178519513288871,0.00565710044502039,0.0753576563520763,0.0382955588450734,0.0258839880463447,0.0207555811217679,0.00050948103230381,0.00859466394755233,0.00280291105014172
0.0155727455794244,0.000139616381121038,0.000108911112358319,0.0152305883313161,0.110500283742965,0.0107191617130353,0.0672229656722377,0.0252669127683064,0.0542139733589136,0.00379443363032422,0.00258831336746046,0.0535200498886129,0.000669315675303617,0.000228707445294051,0.00335864605148649,0.0264148440975271,0.011944684511833,0.00227158996674369,0.00101997501359588,0.0565416984277562,0.359504785766111,0.000798688735495173,0.00597501948177878,0.0487688578139546,0.00111562896290071,0.0130051030261108,0.0105254788104028,0.0297897029938931,0.00709730073402448,0.0044416761714751,0.0107335358061864,0.0469168049620514
0.0016913921702772,0.00183186936987,0.00516894392053746,0.00972181069078528,0.0922806637082941,0.0322223173985264,0.0361981323689755,0.0118240032026836,0.0470691513364854,0.00357559310247428,0.00227691926581251,0.0157758684610843,0.011744358036672,0.000578948199096552,0.00529559635597621,0.00355571241544552,0.00806547232041714,0.00993163960087766,0.000695290225724288,0.104427125424377,0.0194866047398792,0.355118725124708,0.0266648506325372,0.0580302806705998,0.0619196449378769,0.00680894262858289,0.00041157310262051,0.0365163907119314,0.00386999822790175,0.00199198329920806,0.00271743847567729,0.0225327598740854
0.0123774845891766,6.03897418015356e-05,0.000661107395496997,0.00951196663569141,0.151057606944757,0.00929327610231672,0.137162720684038,0.0137064473577254,0.0981329768836092,0.00551101738553388,0.0010779406005551,0.00402316075125634,0.0020566756779831,0.000231038342478319,0.00414146380770312,0.0224784171095122,0.0138764826758819,0.000648417310213338,0.00101689026997099,0.0101283488002373,0.00778931198469591,0.040045350933579,0.390107685426528,0.0148855353635568,0.00715352023176335,0.000128950852148602,7.49402977565047e-05,0.011137699037134,0.00424463450586098,0.000975391104634017,0.00190477698740735,0.0243983742089969
0.00549856868952383,0.00455989012135082,0.000720403002949026,0.00605918409909902,0.0608826158360798,0.00656192494202406,0.0292646960912732,0.0136778395602055,0.0275438381961061,0.00566577074746572,0.00247387920622178,0.0844746379995736,0.000586345106192366,0.00099200486467021,0.00133966042882315,0.00176259230994316,0.00315247928129257,0.00464629331351952,0.00611957248222944,0.0419002375820746,0.0320727133639258,0.023242569699508,0.0130610386169213,0.441415348324912,0.0463124070142461,0.0371393802366729,0.0172845303955291,0.0435624543296994,0.0139721874064609,0.00163615206110892,0.0142704978398962,0.0081482868505025
0.00131421674907872,0.000470549594047585,0.00261047257781097,0.000655819065752481,0.0326714910285538,0.00487667617007108,0.0800825986285519,0.0147014834869717,0.00318438217858331,0.000480112096133564,0.00111020259381006,0.0596077020050554,0.00153648430816548,0.000118519123707495,0.014258015901142,0.0045203003962433,0.00496111544465329,0.0113735601635047,0.0113452247223961,0.0335110434377338,0.0161805122507958,0.00247568561389195,0.0142280958773687,0.0537936479875269,0.465095918277954,0.0100726179277169,0.00506087967652618,0.141534768702479,0.00612679053339635,0.00127134647785713,0.000231573544867719,0.000538193457652253
0.00123189882262456,0.000845168064842087,0.000983153810514883,0.00836989581687996,0.142319973735992,0.00623004911780942,0.0892056576774849,0.0196144515952975,0.0499606721055291,0.00536969140663789,0.00478260021349957,0.0474298362653577,0.000355950226837867,0.00282798679895089,0.00702319911513573,8.61186035386978e-05,0.00494211115587278,0.00223017950895664,0.000835679434494134,0.0398396746587992,0.00457515184062935,0.0194039642586337,3.5551866273979e-05,0.0064781789838724,0.0226819523215107,0.449507142821281,0.0152202633880163,0.0344496061445639,0.0103137017339494,0.00059224809118564,0.00145249107824454,0.000805799336783292
0.00176798462659108,0.000208031288938547,0.0033237905407459,0.0314827141497757,0.08589061070285,0.00652316839490561,0.062408565198217,0.0480721116671241,0.0418628414774209,0.0104887611614798,0.0111512347900913,0.0576149098296444,0.00470544925444316,0.000588279599178732,0.00195743280344679,0.000309865769596542,0.00127511797820321,0.000896547363983585,0.00191300145541107,0.0477561838396447,0.0160744948898161,0.0061771703470931,0.00804568202101624,0.00935236457056292,0.0150726788477944,0.0669680887026991,0.404556720053686,0.0296363849612029,0.0111329362144828,0.00138316342634466,0.0106511185050163,0.00075259556859295
0.00229385277591535,0.000296333337615888,0.00316609645442377,0.00690281324981092,0.215218330432671,0.0169049843761449,0.117762337017077,0.0583425965436992,0.0948659538540609,0.0106161031584711,0.00328538603567095,0.0262210036311325,0.00992708371883945,0.0062150089665117,0.0026178646206002,0.00300108085647942,0.0117020139880519,0.000317392281780981,0.00586311317414618,0.00384805607882869,0.0175078785250093,0.00569889836735427,0.00829792982510232,0.000149467489015979,0.0104223641430306,0.00949072045625884,0.00933224437702072,0.312592914381621,0.00573019175553403,0.00694069711777685,0.0141324462876902,0.000336842722654002
0.00278056018607722,5.90085769047394e-05,0.000248594594081597,0.0113428375591947,0.141119391536177,0.0201935278973376,0.024562375969356,0.0643174458735775,0.0694725543184246,0.0359982159292332,0.0179599052739195,0.00673078134952457,0.00243294026803742,0.00162974437698851,0.00902573805589355,0.00997012700841891,0.00832328217131594,0.00510924612904707,0.000244126356977918,0.0324257035593967,0.00244137159421575,0.000933222172023599,0.00600730204616205,0.0325170912148356,0.00601877237990241,0.0263543509260646,0.0365397778059505,0.0071048278517815,0.325268934622251,0.0177784558387281,0.0747139190092527,0.00037586754894832
0.00903912137338699,0.00178360228499956,0.00174593521337848,0.00822408862218897,0.127857348579706,0.0131545736529338,0.0550899638257585,0.0139893464301753,0.0313110185525916,0.000305207307036998,0.000409648807411092,0.0289325846117453,0.00231022403168385,0.00245648404462251,0.000516919483757123,0.00496517864392358,0.0356724303402047,0.00103509279906686,0.0122078070117465,0.00720137541698187,0.0283729443620241,0.00148476403221786,0.0205682034604462,0.0181975057017241,0.000265632237248562,0.00445888642532529,0.00810036838361312,0.0221547259241842,0.0172045020399012,0.434970186909817,0.0836822861053302,0.00233204338486935
0.00599517222138477,0.000266271277848282,0.000148944174391906,0.00613450614554813,0.189558180341576,0.0194764359636766,0.0691284220759416,0.0427213082396031,0.0943952183128759,0.0134864877565806,0.0055842840258891,0.00278177145855063,0.0015228533354741,2.12728166658298e-05,0.00239124891490687,0.00252568148765449,0.0141427681906902,0.000261084839547359,0.00139560215568905,0.00587166270762737,0.00177193282437131,0.00220511189564426,0.00473327518031059,0.0185730151066689,0.00758721685228166,0.00194401558325288,0.00619719287658464,0.00411774182503836,0.0124417215144815,0.00836593479171881,0.453832800157632,0.000420864949893097
0.0138074372237527,0.00117824272351671,0.000701739585240226,0.00719525679963117,0.0111143317441726,0.00520759181132299,0.000429978432453664,0.00065202602564459,0.00404517657600799,0.00112423661281697,0.00128174961601172,0.0614598551462392,0.000175894689528592,0.000603112437428165,0.0244286105723269,0.0177531453790856,0.0194484174702173,0.0113889272877229,0.0106134571290531,0.05451209357327,0.075333279172999,0.00220255115240227,0.0486682922421635,0.139480628616041,0.101584727104168,0.0119607267640932,0.00288705279027594,0.110079951376291,0.00113348259912833,0.00222495411259895,0.00621556711219651,0.2511075061222
