0.372616978393391,0.0110102716329106,0.0123029875604001,0.0387580140515475,0.00317803814493645,0.0193556037273176,0.00537485878049545,0.0226871410236425,0.0185943461221985,0.0335901131364803,0.0294433198540081,0.0410026526294008,0.00155678149014121,0.0022586238513523,0.00323783616065909,0.000768558692085145,0.0239067389023387,0.00108966890744452,0.00512894463209914,0.116217633708562,0.0105015487899083,0.0211565017340344,0.0470219157210631,0.0747607323900258,0.000371311326450992,0.0181786581400839,0.00478759385896025,0.0299958794085522,0.00404216491855428,0.00551217952211702,0.0145354953504292,0.00705690743841002
0.00726744168307738,0.466689242403698,0.0313037204088069,0.0339333117249328,0.03321416024646,0.0347206775271939,0.0235595672214999,0.0569330714424211,0.00465311880062531,0.000858268519956351,0.0180383165585108,0.0152300812059798,0.000596308970231859,0.00236285226564018,0.0104440772267502,0.0263569325159199,0.0218577007044156,0.00631834626136009,0.00175919190532611,0.00296791164363295,0.0391810467079694,0.0476184225524043,0.0167321113026656,0.0277541768635997,0.00357694286125114,0.0113998544449498,0.00318530045047188,0.0108806753214355,0.00793359144807297,0.00523955855782472,0.0102116041375772,0.0172224161153384
0.00824427866795192,0.00696019313822871,0.305878036556494,0.017583023775635,0.0351957404496294,0.0101324097963578,0.00782731625312372,0.0111063943686155,0.0297711695228154,0.0199048266570067,0.00562517976788123,0.0436916128643757,0.00115531469639496,0.00176873004736709,0.00335021810435417,0.0173615888511646,0.00203497188142219,0.000881968167815378,0.00152933228034714,0.176446637832935,0.00796226827288166,0.00902152852775305,0.0116815841810216,0.20227603903277,0.00108102524328975,0.00126144119235443,0.00674952108460336,0.0396537718448309,0.007230648325502,0.00262739102809626,0.00227629743837749,0.00172954014860371
0.00638731240482731,0.00147978267202438,0.00453789124392185,0.256707554416704,0.00412034518517315,0.00811751674559929,0.00849582816037926,0.0208647307479323,0.0028207246554875,0.0331989404593439,0.101139664966564,0.23414630440967,0.00259668064696874,7.94022449255084e-06,0.0570048144783239,0.00245596387140759,0.000828721979042436,0.000644361760045863,0.000848723918518048,0.0150157640682709,0.00304135982759153,0.000809325127780062,0.000967855839421573,0.0185686393593611,0.0028565427076876,0.0212152038207457,0.0029096231348763,0.169239966668581,0.0124426098318227,0.00207958438771484,0.00250542013949177,0.00194430214022884
0.000404333653020213,0.000213992843426859,0.00055306041554188,0.00267065822271438,0.21932750746958,0.00453667866690643,0.00535696043484766,0.0412767955547928,0.0264239486094977,0.00946326911587105,0.00715223533112145,0.00452023736626959,0.00135876424168112,0.000200696221771452,0.0016196380481361,0.061549354590056,0.000325655772046536,0.00264480193708335,0.00160739044002538,0.289889595423221,0.0150485040390424,0.000828107121849416,0.0144972877703179,0.275267680342164,0.00524271420273226,0.00222377688781429,0.00305966609089555,0.00161472782443507,0.00083912111602018,2.38449580321305e-05,6.76880609771323e-05,0.000191307228108646
0.00471558034631799,0.00195566906409657,0.00258949849512094,0.0983411366713136,0.0262516855783196,0.394891882702648,0.0246915620493841,0.106136175368386,0.0140201426611074,0.0658637767060331,0.0245637816681054,0.00698990927836272,0.00272609539792453,0.00225515554811609,0.0098067672640222,0.019152341804386,0.00326089708470171,0.00198563812224435,0.000851771919426472,0.097638779130262,0.00363956532367722,0.0040761115734972,0.00580114795241996,0.055654671327816,0.0048480428163552,0.00228368257085606,0.00395436318111638,0.00337571495398447,0.00103738147436408,0.000773565650396992,0.00194745153084612,0.00392005478439121
0.000265211987820164,0.00286467291588448,0.00121879169241897,0.0149648813195039,0.0351241322222859,0.00692343402169774,0.161381843483608,0.059033941661319,0.00595167886806774,0.000688919329610149,0.00197239624931905,0.0112249237464894,6.51407454129105e-05,0.000291217738033873,0.00166393331416562,0.0354932374016296,0.000239885082087137,0.00547359592779822,0.00221994897165766,0.31931989682857,0.0117010373426434,0.00264905641604226,0.0187488132802087,0.282557346596296,0.00283377573361018,0.00330137159753592,0.00171641427313611,0.00822086926557299,0.00155615899871499,2.27357067813899e-05,1.12800630544928e-05,0.000299457219023177
0.00813135774460218,0.00264065582237558,0.003047882356218,0.0104507496000121,0.0340794571356531,0.0237352689381769,0.0367497421250512,0.276226848299875,0.00139050168716789,0.0234839410028173,0.0632953475110796,0.196787626697146,0.00490486645167051,5.99749427937568e-06,0.047700996787422,0.00437107188482584,0.000804203837251295,0.00124178628749732,0.00125828903259592,0.0452788327888355,0.00160564370110347,0.00110122693989891,0.00224526472781141,0.0414696618799224,0.00250869563038731,0.0153349918315437,0.00473036997278019,0.12812138653146,0.0119192502674832,0.00182408888147649,0.0015691011096727,0.00198489504190712
0.00332950332628655,0.00294666953833529,0.00158945116213578,0.0092758596905571,0.0154205858936746,0.00467391198187138,0.0350529214788504,0.000391312259076854,0.380874379281882,0.0116216481614827,0.000226607392393027,0.0407381691766239,0.00506831268211875,1.8294528933501e-05,0.00269874608933368,0.0472663562349615,0.000368863787491878,0.0158269689581125,0.00269767668912508,0.148123010165616,0.00228970090000558,0.0198099566719768,0.0245211533049879,0.103630423512737,0.00962797413298646,0.00885803248507347,0.00273944177172207,0.0840395834187639,0.0026088342391289,0.000153440739021617,9.96123032396543e-05,0.0134125980414934
0.00533198131056206,0.00399203775448776,0.00793106385149288,0.000719762795180704,0.00173095318022387,0.00303007549117527,0.00649942609038823,0.0131365415053342,0.0216439960927597,0.411201077894297,0.100330241089269,0.197767491332534,0.0131487289311742,0.00167746092104485,0.0226563688643749,0.0156917865904093,0.00112920003168937,0.000868789669800556,0.000394371821671901,0.00359094765641791,0.00517190760975162,0.0013688700978702,0.00391120491845696,0.0146934254590317,0.0025326562702866,0.00811540632542231,0.000515519688932753,0.122438397910575,0.00621300471680624,0.00141123820626938,0.000559609568912895,0.000596456353396894
0.00542032807021941,0.00503477711608872,0.0153879714723424,0.0135430916414931,0.0913970431086252,0.0010598476951083,0.0462964403543258,0.0152785783309061,0.0243999499806918,0.0371720164809555,0.116801077908472,0.298750720163677,0.0141319777149109,0.00172876519001377,0.0329710325561592,0.0140094735971865,0.00299996107990592,0.00102737616740274,0.000347658529055354,0.00730549909591466,0.0133860678113632,0.00185054977846456,0.0087172986256675,0.0232430260070346,0.00108947013962579,0.0246134588150938,0.00163979603924773,0.167140739243673,0.000618195188122114,0.00257718740033442,0.00421943412570215,0.00584119057221722
0.00239828469473336,0.00683200532749892,0.00163773470853916,0.00025728505604828,0.0249726346703749,0.00573597667547983,0.0337443612773576,0.00244981568258654,0.0001324269059996,0.000480154406408886,0.00115351317471829,0.37286140462854,0.00254149487142536,0.000984061908902208,0.0143405392717393,0.00889438612525643,0.000374972476803984,0.000121831100608754,0.000303680114822604,0.231790133259765,0.00504915450939718,0.00381086475308817,0.0474472938440039,0.168338180333557,0.00111762096887127,0.0260759210090625,0.00582892912305019,0.00407999069833959,0.0176545806199908,0.00216165986063535,0.00143030099863746,0.00499880694375844
0.000757177962040059,0.00111582363903685,0.000773166055157193,0.00728211040681326,0.186531195589062,0.0157769145172408,0.0510816656087436,0.0118489334817996,0.0452026344441704,0.000837506243254591,0.016620947546085,0.0248933275868004,0.270480187237579,0.00858989632566048,0.000248258169734744,0.0383709664677281,0.00211418504309554,0.00612014734548052,0.00044785703579093,0.0967315238167978,0.031704419608278,0.0122130271222044,0.012018802733388,0.0782320373668112,0.00605588400987351,0.00480819451564031,0.00209772714863307,0.0111025259213133,0.0175275147907401,0.00418791341776522,0.00361530004271944,0.0306122288005628
0.00178304654828177,0.00207325808226504,0.000474502109920082,0.0841182251882451,0.0121566917454246,0.00107949578423348,0.000798880021693782,0.0163906173150314,0.0189925592682121,0.0745360256390521,0.0081049420307626,0.00472521928111661,0.00143393722257326,0.618525269670912,0.00672358748652103,0.00761399672099932,0.000751130935736244,0.000669702912337462,0.00191156112500876,0.0241581101655719,0.0151171977574604,0.00981707765834526,0.0120746237614121,0.00165007774671267,0.00170777079955793,0.0463011767443536,0.00889985713662828,0.00266233684630537,0.00518273983329488,0.00188215480163009,0.00570779728037193,0.00197643038002854
0.00332370241715861,0.00344287798600253,0.00155144842204883,0.0204760489099479,0.0789796825592944,0.00260414407057791,0.0492878190694854,0.00900343770755732,0.0207524613302901,0.00155622553464665,0.00907911737989401,0.105742738356499,0.00301858674697364,0.00468915146314386,0.442731013612636,0.00723854600176341,0.00457158527873388,0.00073500107104438,0.00066882423000532,0.0565592065330775,0.014726883952323,0.000657314995778567,0.00279171108261663,0.0401223031180293,0.00197053125348328,0.0164638982641864,0.00347155057308125,0.0826576771778562,0.00419470849249205,0.00188053628728268,0.00200920244177629,0.00304206368031347
0.00111246768812641,0.00621109067547012,0.000951004216987802,0.0204674525993545,0.0108931880481252,0.00874745625689368,0.0735880369122927,0.0050482857480766,0.085357603899326,0.0173873028746612,0.00447205935502701,0.041471240686008,0.00270177467389904,0.000288763903916703,0.00884528232064447,0.144418660878255,0.000658871586247008,0.0114428190455898,0.00480871476901238,0.241591419961606,0.0133550354776141,0.0176975235119113,0.0327852535743145,0.150527164514981,0.00674633274504353,0.0130336384687885,0.00198878525576171,0.061596314089506,0.00867323316016324,0.000208244347915728,0.000322993828939026,0.00260198492554193
0.00377489268934987,0.00187108285689518,0.000720533673165603,0.020566330639438,0.0569426530061311,0.0179490987501518,0.0478262693918664,0.0227018195955557,0.0463305231428389,0.0168090902882836,0.0185586061516052,0.00124164707062982,0.00940457222315212,0.000818113770147637,0.000875145549406384,0.0992003945598771,0.39488055272181,0.00252321064507456,0.00589674765405955,0.0790562851177828,0.00350980194094118,0.00933539658942629,0.0260878364943603,0.0625826920964278,0.0298652039330311,0.00540373612498586,0.000159638558060952,0.00189474597678927,0.00207841705684162,0.000490000457762037,0.00403379184693204,0.00661116942722005
0.000624116924632125,0.00279899568357425,0.000465034054496589,0.00360334961878337,0.0332395414045767,0.0081970284354801,0.0124247195972846,0.00221248440658539,0.0120220570764409,0.00672057900385287,0.0125364426761326,0.00748209782971137,0.00233612877969979,0.000732489519490386,0.0022815869605106,0.0577181384519382,0.000683840349906377,0.249505741252647,0.000194500182524794,0.32495525304917,0.00343660796487754,0.00369820998807365,0.0123429428288026,0.185924337248349,0.00634208244637211,0.0240473356416674,0.0145746113017798,0.0019681091168676,0.000593984557494555,0.0012038504617646,0.000254204130989769,0.00487959905552367
0.00437156321072291,0.000390774574289061,0.000638805742222364,0.00725268342937539,0.0052546619477633,0.000350706697643802,0.00302238907940587,0.00154769648539287,0.03532226390696,0.00243493044159706,0.00450991214224514,0.0126395269236227,0.000627601284951427,0.00199120260227229,0.00117381811627665,0.0105781430857624,1.87737978280587e-05,0.00236245452987237,0.337796093047133,0.194026268442542,0.0167422639720633,0.0126791115780827,0.0719472435664622,0.229643647248695,0.000533793558743678,0.00847130930811085,0.0015482910732737,0.007382977241014,0.00508753030651701,0.00648830369108996,0.012882851805369,0.000282407162700185
0.00225651169561214,0.000122234910978929,0.000453085790804206,0.0163973702057504,0.00745447859625092,2.57216018296443e-05,0.00175854878034182,0.00877440933129174,0.00133415894097412,0.00325501636752584,0.00225564800574915,0.00219655791091425,0.00561536327091202,0.00273396082724447,0.000468074128036938,0.00428590596006248,0.00068967062683718,0.00200542124111694,4.69700318291918e-05,0.67151693095664,0.00166504534157556,0.00235968262562025,0.00813239574410221,0.211092118746971,0.0103422954416562,0.00198048918362611,0.0040027810402479,0.0172685715941711,0.00402728203761451,0.00458770225595899,0.000622488162772553,0.000273108644981586
0.00139874731417763,0.000831167560656684,0.00189393330456367,9.58146386378353e-05,0.0803806727636504,0.00204306384925579,0.0492211486512066,0.000447271094047992,0.0156912651187508,0.00201533615623559,0.00428512191154594,0.00111743419814655,0.0229627784985992,0.00138351433751389,0.000151761932690663,0.0956017986717192,0.00192073173143949,0.00228353028775483,0.000327975616465811,0.290236257494832,0.104456784164451,0.024798665566553,0.0455943935735074,0.151117704648468,0.0279000316219589,0.0127632252605098,0.011732270354882,0.0256969385298255,0.00164509648145363,0.0059205308903216,0.000285988209842928,0.0137990455663353
0.00246517120842277,0.00816727027621278,0.00281435876944194,0.0031404649629252,0.0396974201005656,0.00108830849212712,0.0112755212249756,0.00378016959967943,0.0411584134191048,0.000505364782219227,0.00416923124475316,0.00624940067776903,0.00217280127831853,0.000250663980193696,0.00138821849387242,0.103025291611404,0.00101786619404798,0.0064761883420698,0.00103242692587446,0.202116396759927,0.0101261672885727,0.36860916817689,0.00584517057234594,0.0747514591611955,0.0258462741714504,0.0258981599768271,0.00222992753116225,0.0192382552467842,0.000131441684517235,0.00110313576161807,0.00211996045208566,0.0221099316326469
0.00579041323111735,0.0125644061784972,0.00253903875187266,0.00862942685062836,0.0384020146050544,0.00392357616159054,0.0168373058052684,0.0103995132071975,0.0235382886504968,0.00344168226802284,0.00762327205275732,0.0386289963316959,0.00228917833199422,0.00160189991384046,0.0011603973461734,0.0637696856137343,0.00150916327396468,0.00214289621565888,0.00285807804298727,0.279278588204938,0.0142148662879897,0.104581619209323,0.126164120925544,0.0786005611150337,0.0147010897592856,0.0374578314522267,0.00900309287301139,0.052738883619165,0.00244645262386505,0.00382510833454065,0.00166709208950695,0.0276714606730177
0.00230242271865613,0.000441521634377891,0.000797447632940598,0.0191451524464648,0.0173711894006824,0.000648716053642415,0.00847051337298836,0.00995901447316142,0.000432940437893478,0.00424260331634168,0.00390290001517949,0.00632967676437933,0.0123561274823893,0.00396366199892962,0.000851696970580618,0.0204390568089232,0.000862630148097914,0.00145552008836338,1.62947289327648e-05,0.561745277245009,0.00257420835052905,0.00544559689689568,0.0211270651131611,0.194429086903421,0.0260068426365265,0.00540792771819751,0.00799601902064801,0.0421831330852325,0.00524674081240692,0.00885355449787638,0.00147816029696186,0.00351730093021015
0.00165952527107555,7.23992790001727e-05,0.000575824089609447,0.0135057844049422,0.00544183607219272,0.00480752729638554,0.018240807385191,0.00705405510603155,0.00276263663593004,0.0131031784117433,0.00544515944009448,0.0025508824460883,0.000340269539845045,0.00092361232879043,0.00271612514812879,0.00163233947280786,0.00121883891755427,0.0109199200314455,0.00104991274697797,0.412884893032419,0.00713498734720937,0.0016244075925455,0.00365139690758569,0.194120755282628,0.243739072696598,0.0138522117695608,0.0120939314241581,0.00332999436217608,0.00140982217085919,0.00376843740708187,0.0027656418720508,0.00560381411129296
0.00797494440379076,0.00260439992563904,0.00107052430210272,0.0697648028705977,0.00569840539654337,0.0055249258687051,0.0105314529165093,0.0197645907319886,0.00106370795453632,0.00519961111539299,0.00974521666855744,0.00208091749847622,0.0155925917577839,0.00347651180475757,0.0146493002010365,0.00691604408942368,0.00210290266339809,0.00331021627725896,0.00117589795377783,0.0423182712186712,0.0115589114302605,0.0531390415179004,0.0335664948906007,0.0298427198384072,0.00816347296987388,0.576310283026598,0.000908923434750116,0.0123035129715362,0.0222371943607178,0.00532771142296474,0.0147560452978706,0.00132045321957301
0.000321104810141321,0.000983592704145228,0.000750787341133176,0.0585299128856453,0.0106159381850494,0.000632841425536186,0.00496141901267276,0.0206009299952688,0.0159159062102962,0.0092851520841551,0.000234930159602072,0.0164688314040697,0.00456861999815439,0.00341365598730294,0.014602578572404,0.00082798864433636,0.00248070419966227,0.00204621920829982,0.00595727527685155,0.0794477741702113,0.000998836114598738,0.0638160028987961,0.053152760542015,0.0528241281682979,0.00407499002501598,0.0328790804554778,0.494764783335641,0.0106656988314775,0.0086964206017764,0.00123220003075499,0.0194671479857608,0.00478178873544969
0.00153552887723318,0.00285344226892571,0.000544480023668693,0.000413397771982225,0.012769150676301,0.00163293227932373,0.0151514858253976,0.00185962374148162,0.00117800448094754,0.0017878933798678,0.00182384155175516,0.0140972992681553,0.00071898465712662,5.58016163599893e-05,0.00750561680215829,0.00587014603447696,0.000169442498235802,0.000434031879422274,2.9381471418976e-05,0.385546728856074,0.007032983719916,0.00783805701565097,0.073793535120847,0.259172744890845,0.000695313507966952,0.0181069256408827,0.00302155936094554,0.143465162079578,0.0169157419660324,0.00282918541327182,0.00447697451605899,0.00667460280769253
0.000517442469805797,0.000761710510672233,0.000510511538300689,0.00138474226986519,0.0207036086803532,0.000457621564854018,0.0148828296864762,0.00137308936830376,0.00227461244677857,0.0074011233937318,0.00801876066895515,0.0343710786203264,0.00278912565197772,4.93992622905788e-05,0.00880733838615252,0.0101287907346178,0.00526695195755635,0.00149476785605714,0.00208117041110754,0.198497222196976,0.00260832475312598,0.0196439587736601,0.0269358858121827,0.133048146730464,0.00317229304899699,0.00427793003252892,0.039911274701832,0.11907018933816,0.303780568542292,0.0151772014518503,0.00887554201469556,0.00172678712505225
0.000574902855523696,0.000610515700170524,0.00118564915624299,0.00618009046756742,0.00362524217719649,0.000151123696557272,0.0023772696549812,0.000579901683668832,0.0319753718263029,0.0171368500890864,0.00287125656221915,0.0117533612835182,9.77199274816881e-06,0.000431407551378449,0.000341309015157786,0.00448650452869284,0.000607529311489875,0.000540745449320536,0.00510565246911287,0.122678051564748,0.0174167839134479,0.000281615053145683,0.0672083796324059,0.181497035116836,0.00491177987180999,0.00964977660914774,0.0127625618515923,0.0301476034931383,0.00381547608064153,0.434941908206159,0.0211771694879885,0.00296740364800423
0.00579726231863254,0.00286291078768077,0.0016408785690723,7.21396722888901e-05,0.0227455986822525,0.00670245797461991,0.0433022354539295,0.0114052622308835,0.00695537388788395,0.00127515176604278,0.00743887892084441,0.00128576246232011,0.00223220604698739,0.000227364134809064,0.00376330156383577,0.0121151131194121,0.00056674577722707,0.00176876810701679,0.000543196711213759,0.14801638777587,0.00876061108327126,0.018319614908437,0.0715680244024346,0.146849243068203,0.00695754539150236,0.0386260576539357,0.00036490902652063,0.0038059116327186,0.00452680319354657,0.00204217731669155,0.416867198638465,0.000594907721450137
0.0173091518474077,0.0253730264585016,0.00276241465846877,0.00547141166419167,0.00907067471133084,0.0031634370436532,0.014429364862489,0.00209718121415222,0.0381436082393054,0.00161792216726211,0.00166844387001443,0.0430923182167799,0.00012463096501297,0.00117172502609033,0.000928285273977884,0.0743421180434659,0.0176290899087246,0.0154081493627066,0.00419764543621245,0.186877612891406,0.0138024847926656,0.0860954126046354,0.0156287364458743,0.0849078466682201,0.0599002935410416,0.0238468375114208,0.0084869959241694,0.0530434088845176,0.00312849671958986,1.54713050957877e-05,0.00446450872316097,0.181801295018455
