0.313630488408797,0.0189641870080965,0.00938963626009384,0.0251966201155078,0.00864248875105586,0.00573193352865065,0.0665993405945554,0.00706700369086016,0.000781896206181714,0.00154831620281007,0.0205988574189071,0.00622850493426084,0.0167180209802986,0.00177184882972122,0.00292304026409884,0.00504355140149692,0.0289207839757318,0.000325825703701378,0.00130045952250525,0.143650868289715,0.035352115399846,0.00154789368828207,0.0354305900486919,0.161384291019984,0.00295199016803511,0.0084038285821366,0.00560303318797842,0.00464482893846256,0.00697843611831007,0.006797187863084,0.0160421443213052,0.0298299885768391
0.00752831114180947,0.341849191518658,0.0100351183829579,0.00121153435488288,0.00616323663890008,0.00717943362668265,0.0256269022044207,0.0102872024421252,0.0185709824735726,0.00247766186792455,0.0122447046471027,0.013202281933658,0.0032864920716044,0.00162475222166893,0.00123121305360791,0.0924709558453647,0.001431782419783,0.00873653487560317,0.00266894161703366,0.0331725014443142,0.10191473575953,0.00542175085825015,0.0855231071491088,0.086943900204088,0.00325177460521997,0.000272524514460715,0.0101791361620865,0.0215449711054298,0.00602436465790176,0.0126073666621355,0.0105004334384685,0.0548162001016457
0.00304110053981687,0.0132560819974546,0.424004361531366,0.0542995485558575,0.0690716597602435,0.0111894516796255,0.0253949951230094,0.0172631800931004,0.0150594291014638,0.04334141368383,0.0108802563318481,0.0181584347574746,0.00734517766927345,0.00111925552491994,0.000307626245201721,0.0333406159869347,0.000624029912056884,0.00364096068838591,0.00345120881929399,0.0264289324223726,0.00623119722944485,0.0164155257071747,0.0670062060024391,0.0413562330064407,0.0206260169385358,0.00608690365145222,0.0075102840750593,0.0230308975378494,0.0112336169688507,0.00665963694300445,0.00598527598703038,0.00664048552918911
0.00191810053217937,0.0015856494295858,0.0056386663441902,0.464153348270709,0.0495460475745244,0.0270858126290033,0.11159287603129,0.00206009615504101,0.0252092001890631,0.0380796830038472,0.02785819923269,0.0732971909101428,0.0020990552137246,0.0040258897330655,0.0029977508767008,0.00558190362890147,0.000777043248670921,0.0053414397187377,0.000804055100395033,0.0066630170706623,0.012266916578498,0.00745946630694642,0.00691743950702621,0.0123871605858832,0.00291098528547194,0.00723356007193376,0.0152453198681238,0.0728238331251272,0.00103186195316714,0.000722407712442379,0.000416967755708958,0.00426905635654635
0.000573675146368162,0.00110416603019579,0.00161422318275796,0.0840155511057467,0.492014917971389,0.022385028370961,0.00192144581461545,0.120665076141075,0.0112417576460189,0.00533825385797626,0.00569712044207522,0.00131015373494978,0.0180917480654816,0.00155891431919327,0.00520184232042279,0.0418087263122952,0.00354612077552623,0.00687814204160339,0.000544406742667781,0.0567519247100188,0.00505551032115462,0.00118777819966407,0.00227878985870551,0.0552174017256913,0.0324922952644848,0.00410623258073,0.00362614170916789,0.00325415636132786,0.00578489192668705,0.00167733733649867,0.000573950278937749,0.00248231970561189
0.00157477451520761,0.00145350878708549,0.00608168478782496,0.0532878566449092,0.179785438388845,0.25475418871774,0.0684697348368821,0.104546960447,0.012596473127442,0.00290937393767809,0.0167110877215489,0.0193589029356078,0.0334074429108826,0.00160211174233837,0.00510073808896991,0.0369216928142484,0.00358952710717932,0.00361687567829065,0.000560502182710649,0.0525671096715475,0.00323054379678443,0.0121488442949101,0.000285520513046385,0.0449147962190095,0.00920325824689271,0.00449169035588045,0.00330204369791208,0.0298769062113544,0.00598686467456218,0.0105016834964933,0.0109530583247936,0.0062088051244225
0.00300025030748197,0.00873062721840466,0.00133815270267845,0.0635038333818593,0.191546981638784,0.0249018835694522,0.197158822152907,0.0648259143694447,0.00715600805720985,0.00475665489724817,0.0076572899463919,0.000519943602870277,0.0153150874392773,0.00467993307003043,0.00224081367713275,0.0342332273283062,0.000413477609198322,0.0119276406646087,0.0021805428487586,0.137130336071552,0.0138065342243255,0.00192346769809835,0.013070045522952,0.115277993026314,0.0406241291818603,0.00844781186509591,0.00208600616764704,0.00857714951689195,0.0105905568548452,0.000609135364313073,0.000606539724355734,0.00116321029970332
0.00419990728185988,0.00233646498080003,0.00280553103373713,0.0223993445731485,0.152119191344623,0.0372639978944405,0.207098183469611,0.333424031026837,0.0262588707208329,0.049095242568544,0.00861446070309121,0.0272705366520166,0.00554459803282388,0.00227222545853871,0.00425750185947188,0.0231345887553204,0.00273213920367506,0.00914901166132609,0.00108222035725426,0.000388997166601309,0.0110147824653353,0.00752463917708963,0.000129280396013911,0.00018768272876027,0.00647715739775921,0.00547764642031129,0.0117013238325575,0.0273165879531122,2.66924089855088e-05,0.00184672008414312,0.000840918587115423,0.0060095238042642
0.00816100395174966,0.00374192573578202,0.00189086652898568,0.00100038514223158,0.0218778644352359,0.00437941757611139,0.0167875556223046,0.0293152481278691,0.471373282274381,0.00777577850964656,0.0382732223301345,0.0202773067701501,0.00286633323346834,0.00166761588873309,0.00383492394250704,0.0142926007541534,0.000328244066145353,0.00631634177214396,0.00107717823602821,0.119729184090963,0.00841707573469038,0.00022302714616587,0.0149247204977887,0.117017666848581,0.00575381385654965,0.0120045718687387,0.0174600593615314,0.0326405646298388,0.00149417874693997,0.000339401781221952,0.00104793255418658,0.0137107079850435
0.00328381711892585,3.88245249395116e-05,0.00246867310253715,0.0154588676672342,0.0987812664245912,0.00169189207930183,0.0566327637016916,0.0683386997952806,0.0224409460659063,0.4475367482547,0.0322647019937152,0.0730897355799037,0.00217711253292113,0.00062027262212763,0.0097885787660384,0.00366423126434293,0.00259160081660992,0.00241725920546316,0.00184229443059936,0.00578056507147672,0.011375489734034,0.00177449965106919,0.00450540255464741,0.0131723810437793,0.0106902787677167,0.00721365382641601,0.00763402241520556,0.087750481346947,0.00203721198197709,0.000626241914578271,0.000607415754119561,0.00170406999120418
0.00217921875350275,0.000548166758430847,0.00774452440480152,0.00699880241186744,0.117966192635277,0.000555800393942758,0.0631602650229143,0.00137864851678438,0.0393990893297387,0.072353158668764,0.274444111884523,0.0279449959120716,0.0141491417311802,0.00301672422451499,0.00268094418921622,0.00754386483900878,0.00333521279318617,0.00167138318993405,0.00137596061017656,0.0638618243752548,0.0138707393388681,0.00427334332480041,0.0860329674056624,0.0970953249140697,0.027784002770704,0.00731845080440445,0.00310409864976673,0.0221117469317923,0.0141735365620223,0.00328408881175064,0.00619862209863019,0.00244504774243863
0.00215691796217074,0.00165325351698744,0.0008029555712206,0.0182515658690394,0.0939408650901996,0.0076068986727411,0.0467895232153924,0.0678592292017628,0.0151228966190014,0.000683883629957622,0.0111598862364328,0.2430548016913,0.0228036370149499,0.00353845077264248,0.00335737087086079,0.069532778209967,0.00561452560440187,0.00705058983758709,0.000470186144979233,0.12310326701277,0.00614863635017181,0.00248399815025916,0.03456516967461,0.120525274916518,0.0181750300271189,0.000444837654996965,0.0023254004555718,0.051092378626594,0.007382132380386,0.00316760957576801,0.00516340608797898,0.00397264335566236
0.000411872526561997,0.0015282520244406,0.00111019619730875,0.0382843028117903,0.113706961045018,0.0102548137411362,0.00837163645623066,0.0195788030291125,0.0217745614745397,0.0216546688910504,0.0261755120605973,0.0531141201274691,0.193393375469144,0.00220216083673605,0.00550660536793977,0.00592505275096687,0.000791424235726295,0.00140103663845049,9.93842679582245e-05,0.0896566997731128,0.0111238009783514,0.0132442608158902,0.0944932630918516,0.151789310613945,0.0380964251749068,0.00278686525154118,0.00149490327006727,0.0210874725539721,0.0375573973446291,0.00178051894788981,0.0105725040498062,0.00103183818185912
0.00601284623393045,0.00283721406325543,0.000710428268555834,0.05731579029345,0.0131867978005922,0.00931827588684772,0.00252702402056181,0.0707298787997147,0.0847555844148646,0.014252403001898,0.00478547199377532,0.00034553368366342,0.00241085258819292,0.493702319877176,0.0107398693360477,0.0411303649245454,0.00387126624751743,0.00203736055131363,0.000520360912612769,0.0114346821731741,0.00664334021437568,0.00567366859210941,0.0572969051612441,0.0326508872774337,0.0199218216085087,0.00116978161411888,0.00796519684741059,0.0239615076246794,0.00179478785678233,0.00027304241934477,0.000549395192521914,0.00947534051978111
0.00203860892282307,0.000406248617668593,0.000360391376057962,0.0504961185989781,0.00675011994853035,0.00374746590352949,0.0137018060102694,0.0892377610855768,0.00308801359168732,0.0145182132562506,0.000402066717383111,0.00399348697622557,0.0104111758957114,0.000254530595642486,0.548610830522058,0.0264884595934727,0.00607630508882489,0.00292214525767155,0.00244358503761532,0.0750013570898434,0.00200776941749793,0.00185263012555262,0.0117586104057434,0.0826906012443042,0.00592423738322791,0.0134604260216713,0.0104203809584385,0.00135147337939554,0.000835792177115022,0.000274601660839314,0.00121550531910068,0.00725928182129382
0.0225142349991868,0.00473698374640482,0.00242940533296991,0.001396108724174,0.0401691539072778,0.00508753507421393,0.107498324775889,0.0311848081008622,0.112881642281033,0.00188308094333223,0.0305442118914452,0.00946378639142456,0.00524660462132334,0.00340494560593537,0.00328133365477304,0.0665005877619526,0.0010701685993642,0.00107104403462282,0.00273044217641716,0.215344594903242,0.0275719263026782,5.64371046459665e-05,0.0382155371110844,0.201982852069218,0.00635227049061701,0.0189251248337131,0.0138104454652374,0.00936833425544116,0.00942672818856791,0.000586784861262419,0.00340847203365652,0.00185608975803403
0.0137171681519663,0.00700099053156445,0.00291171947041143,0.000275211690430206,0.0154726695313239,0.00611392982886975,0.0070680151255711,0.00443373269656952,0.023339922886945,0.00714419580073956,0.0209287786658576,0.0093556998474707,0.0141834710343648,0.000763806942347938,0.00487930430903291,0.0185761257633794,0.381137432801338,0.00160058235340399,0.00093715472223273,0.144392438347386,0.0340390287338752,0.00413560650338188,0.0101179656784692,0.16563301401061,0.0184776178162367,0.00308145902830925,0.00572734206850165,0.0101826123307809,0.00263475851172292,0.00465384537423037,0.0120808007173789,0.0450035987252974
0.00284244613360376,0.00251087004202967,0.00421696391630333,0.000636963589176602,0.0701567750308329,0.000127067532678,0.0074175179334708,0.00324501092318357,0.0788964875219834,0.00310209901290367,0.000208649379132313,0.0376222712550331,0.00770580352706714,0.000966023634544518,0.00114992976800231,0.00180355389721531,0.00413592916039947,0.470986196913835,0.0141700530018441,0.0780235289517995,0.00428618033086857,0.00242369944604911,0.0252224294495515,0.0676989343650805,0.00903480574828922,0.0110099326382476,0.00969120474542137,0.0607719694576061,0.00771772700324999,0.0093093947590555,0.00144566738415924,0.00146391354738316
0.00136918954950367,0.000753262518408446,0.000598176424693013,0.0374986923351784,0.0355356392643084,0.0176915628352975,0.0408443285140786,0.0468092266135316,0.00235872960510094,0.00707246209658574,0.0211979596587133,0.0333062004687558,0.037657181398566,0.00312749672187184,0.0144143499405696,0.0180788772788776,0.010268520029776,0.000417134805034401,0.398303922588102,0.0609268784087317,0.0539955064505066,0.0123888105185372,0.0254801530411337,0.0525985257236702,0.0117926404122558,0.00192733265412059,0.000564791661178686,0.0014204502057007,0.0100814553814518,0.0111156943869181,0.0291699984712522,0.00123485003758985
0.0017115905211743,0.000787926062845656,0.00137060550853078,0.0384588175988249,0.0510164904896002,0.0346797476298737,0.000617658008906129,0.0674584894082652,0.0152895463764832,0.000305040058997522,0.00987063934739042,0.00473554401723205,0.0194327818861862,0.00277508186768642,0.000964979323991466,0.00247334741914282,0.00632117574778428,0.00399594728456548,0.00250991297484962,0.591176938366791,0.00280461249728875,0.00810576550545269,0.0258076606089977,0.0815800922058253,0.0102525746180732,0.00234308608307173,0.00026816229745244,0.00233446433753148,0.00560701536987925,0.00302834235606194,0.000742882455024969,0.00117308176621884
0.00100310928963181,0.000359416181305568,0.00873041476039006,0.000169330201228398,0.127886753944457,0.064810692213343,0.0177362345455398,0.077648949519764,0.0160715683075413,0.00230253580074793,0.00415264845078333,0.00174967136845395,0.000153481511621278,0.00316546615811565,0.000238011966360749,0.00781876143413846,0.0164950229067207,0.00695917248274163,0.00229855610930262,0.0529813730791059,0.311075561814167,0.00432058815723383,0.167119227206874,0.0134005978289427,0.0116290756924224,0.0312356447882934,0.0182034178102253,0.00318875981895249,0.00146765727655993,0.0120408325357539,0.0101207861418389,0.00346668069744369
0.000496505283687695,0.0012605550811892,0.00243897077775184,0.00237801879229783,0.0730955420748928,0.006688729695958,0.00159465217544537,0.0211363029501307,0.000906430958958011,0.0103661630255582,0.0140218235982569,0.0102494881579924,0.00126414952944682,0.000430342277455251,0.00291012917108165,0.0303620731812266,0.000383609069977513,0.0103981060460446,0.000511136920246424,0.03806698992964,0.0158719032645667,0.364653990967548,0.108038841730297,0.121086037152877,0.0497174731392441,0.00848764537028438,0.0128450503688823,0.0284467261558029,0.0143375743836694,0.00909340570184307,0.00450650955661343,0.0339551235111342
0.000264404604006042,0.000519725456183786,0.00128176888122814,0.00327373881997643,0.0217356521855545,0.00900855353148958,0.00317284807924896,0.0289271608700127,0.00228192455826625,0.00315537035519376,0.00980733028141773,0.00777596279607211,0.000108077799363227,0.000390667872913758,0.00169575855631694,0.00801813510610518,0.00158279703670499,0.00344086171603019,0.00259416186673173,0.0192903008619934,0.0274350791187258,0.0038278036407262,0.682415483926009,0.0686031752805726,0.016147654502287,0.000720784651382081,0.00505589863914631,0.0154143071041914,0.00246175345965976,0.00722184528880944,0.00640839579743325,0.0359626173562482
0.00310392828011162,0.0011382059649482,0.00411141415748238,0.0440878908516886,0.159665347572278,0.074134892466559,0.0118644329070025,0.110032746128576,0.0211910672834346,0.000359494267756262,0.00869059587653636,0.00261282810111912,0.0126160313660253,0.00484628673002189,0.000403531065973469,0.00900858371657322,0.00806415046315125,0.01006603022341,0.00482300202994447,0.284582732775424,0.00625774548474481,0.0164092436189621,0.0625355741863144,0.0755423049758631,0.0217721816946682,0.00217709449279324,0.0155124169516252,0.0065233901279489,0.00587687716358906,0.00889074735156574,0.00190586181452273,0.00119336990938627
0.0136652588502468,0.00393334972475996,0.00206720402591598,0.0162650496218481,0.0172660640967391,0.000748533299315716,0.0515506126754806,0.0303282935800676,0.0159975676722077,0.0136628044644561,0.00157597981578103,0.0406651445754477,0.00902708094973796,0.00246137623573399,0.000204038734689735,0.0148420500080274,0.00420916305157838,0.0178530728423984,0.00288278253520267,0.122284816833968,0.00786740242511286,0.0143974216279954,0.0849361663018433,0.0494866578406609,0.323117531298069,0.0177331250836082,0.0223086428862389,0.0721818073302628,0.00631916192501209,0.00276554112775663,0.000212528848664138,0.0171837697111725
0.0042035827458258,0.00241834749908737,6.93741604526697e-06,0.0684807806621331,0.0256047195101633,0.0137133718691581,0.00102716952715735,0.0977137399933601,0.0128018534050672,0.00862757127538272,0.0257056441307481,0.0276147762789074,0.0629115115628943,0.00170833416850568,0.00409846390759004,0.00163884925687199,0.00913108817891447,0.000772481796561826,0.000141580755348744,0.161062448670237,0.0121176976099006,0.0117005755829858,0.0144643349181609,0.126924052500653,0.00943298681405061,0.241426607446625,0.00150847765331557,0.00153443927031216,0.0205761862181899,0.00114697480851146,0.0292286533070113,0.000555761260323987
0.00470896452695825,0.00265407884890433,0.000168765480429129,0.0512362946228104,0.0147102536084097,0.00799176080570644,0.0115911968540495,0.0735228871956307,0.0162425989128226,0.00597510398600122,0.0126960860504318,0.0243963215905764,0.0348437352647637,0.000789293745300408,0.00150099484259273,0.0356405504317013,0.00424489769477721,0.00713344450544176,6.8867594956299e-05,0.112084358774888,0.00366472805507543,0.032674108971254,0.0133914175029295,0.067442430061078,0.00416688036780383,0.0134044593773634,0.390186925345805,0.00616727125326207,0.013715564625462,0.00106296041207264,0.0308527281499942,0.00107007054074807
0.00161445355236713,0.00200961354406228,8.13365470635107e-05,0.0370227742268523,0.155576447271939,0.0127849695531355,0.0713179935438613,0.0964305053752033,4.8455644878351e-05,0.0038356715041811,0.0143864420748418,0.00301610954975984,0.0144507753695505,0.000633263735601446,0.00123768926129937,0.0796282264508394,0.00182757484717667,0.00850464220338125,0.00026306118556484,0.0848098399533015,0.00669781811121653,0.00277898751170301,0.00636337797533507,0.0902992304081777,0.0366739891631364,0.00122837051909606,0.00342377394835052,0.248171162580721,0.00881378344713622,0.00299347547670254,0.000173628565535809,0.00290255689802844
0.00183981284849198,8.73292244741321e-05,0.000436018980883575,0.0160296959539387,0.112201899082659,0.0153334956794499,0.0113976501353737,0.0751304964886289,0.0302656714137008,0.0164025351197661,0.00279630564278735,0.020239184357479,0.0337175383403411,0.00035737196132414,0.00416329090242104,0.000978037645060731,0.00189026478914048,0.00242207042119963,0.000810016570857199,0.0420516203143417,0.00299309661395718,0.00834187084734254,0.00307045944458333,0.0929952477708493,0.0207328765226,0.0366252200215063,0.0568285758574537,0.0373250250658809,0.309686583425328,0.0214029672992945,0.0196798997541365,0.00176787150474882
0.00138109896012062,0.0012183166559617,0.000760520755686777,0.00608381104702072,0.00466540563080565,0.00230114215964807,0.00644603381340318,0.0082519091400471,0.00247043948940549,0.00410524782586436,0.0045914886325409,0.00980831675161348,0.00404943189598034,0.00158920868510812,0.00431158159350888,0.00336022743351663,0.00293452745016542,0.00198787110192894,0.000847077182205801,0.0936273470498222,0.0106758089615956,9.77322671524811e-05,0.00415018182464628,0.0651611703641209,0.0130862046458447,0.0521056149519674,0.0552443767413691,0.0125659077427351,0.00137230739531144,0.611759617601836,0.00606780469207615,0.00292226955699035
0.00278040960918306,0.00113666746456161,3.02111514562346e-05,0.0178877921127511,0.0159181658567867,0.00446455027469245,0.00281939297298475,0.0482318734891824,0.00178779979749394,0.00820274974007055,0.0160975090764294,0.0364724543099668,0.036883094022795,7.12670373531817e-05,0.00692188475891462,0.00461755390328974,0.00415692433385904,0.000768979361737118,0.00326764076553299,0.0567281305950317,0.00325988515893718,0.00360371752228858,0.0220686295413513,0.0721588516960133,0.0037667116017533,0.0162071775510365,0.013075926382534,0.0201231740662864,0.0135968576268903,0.00992531623837725,0.547030570969851,0.00593813101060837
0.00244436930889722,0.0199137750058023,0.00163469461884518,0.0353249512704036,0.000362328293545166,0.00300653122729953,0.00145958196722296,0.0788606093397553,0.0123774289371141,0.00308006123219047,0.0111799610582523,0.0135829421196164,0.000962527540279184,0.00261766748146884,0.00156731466181426,0.0361207677317777,0.00721035047844615,0.00631485826370632,0.000595981199537033,0.123527622352239,0.0533856329031578,0.0382042904973892,0.0162251990256521,0.0352504759234656,0.0541006782332119,0.0317420885024769,0.00771621321475464,0.0102190402580501,0.00153151075400121,0.00126454523494272,0.000402398824896307,0.387813602539789
