0.516131214476535,0.0129421592089334,0.0201021795667435,0.0133336209266732,0.0214637754526979,0.116734717394468,0.070316107282233,0.0109115333514544,0.0129519560612918,0.043784887428783,0.00573146187159644,0.0135559616090561,0.00672574502577753,0.00627771934458284,0.0151718421489672,0.000586191430635599,0.00589330263585341,0.00100505255586311,0.00169032278198057,0.0103588217044796,0.00239093482300163,0.00629854703935635,0.0112366971481352,0.0185588186523883,0.0252816799955172,0.000818744925691499,0.00306299623518767,0.014586742343203,0.000691774381325478,0.00529050089987819,0.00384991267810354,0.00226407861960633
0.0060599309101148,0.381865026206328,0.0522920996870649,0.0338398233180237,0.00115713287772006,0.09544384168456,0.0426213391633327,0.00251555715494366,0.0266555582823027,0.0635371577925233,0.0151202405332002,0.00405940521656185,0.00132961661828545,0.000890058213074243,0.00313797507749092,0.00316626409662604,0.024634350827445,0.0134255166821006,0.0116893040146075,0.0333882162271539,0.0292790309996188,0.026051969649768,0.0685447751229578,0.0192057724632428,0.0221354485769318,0.000903358768173466,0.000688857327858156,0.0080550239248639,0.00251575446064641,0.00233063011089597,0.000994311515838889,0.0024666524957451
0.000388879248391516,0.0156504612200689,0.639250993903701,0.0531185011442636,0.0359887152758783,0.0359871727786558,0.0141643996473229,0.00145600334521268,0.00339977715151694,0.0706467295104336,0.00361806866436823,0.00286061169066714,0.00976778519114701,0.00303099333484708,0.00327106875450697,0.000386350397795705,0.000415280345967382,0.00337113098948077,0.000383864833843604,0.0111998507615927,0.0177762913920912,0.00395615068466428,0.00177289850791085,0.0278686413806199,0.016888180885772,0.00192211293959334,0.00203199028291127,0.00310908575745649,0.00849096165191798,0.00215250934067244,0.00345072383215626,0.00222381515457249
0.000274961137465383,0.00286738681555642,0.000113039249830784,0.493919868792495,0.00791511268856452,0.0574859256576866,0.123898887661339,0.154654018848351,0.00441667013279821,0.0110672788795411,0.0016917449875145,0.00130362519389446,0.0107483436622301,0.00920625627847427,0.0023293476109747,0.00174655682205594,0.00105036688841699,0.000762087572134642,0.00271044691707324,0.00549871265517234,0.0261479453492665,0.00589134480798393,0.00989909561070968,0.0249184168160058,0.0038370432270315,0.0105112399914647,0.00556155010873298,0.00132706940942391,0.000478296081441726,0.00457242255691906,0.00684425854064729,0.00635067904880372
0.000419612483863405,0.00881959288760849,0.00235971429480053,0.0753406533871556,0.339443526497155,0.130833727628788,0.160375426050337,0.065830231146497,0.00222061612501086,0.0167639237244703,0.00718116788689598,0.000236983636256292,0.00340121232960784,0.000669519520048805,0.00221094921151554,0.00101333282652168,0.00515443082839202,0.0252751351336746,0.0125294928689133,0.0163958449933896,0.00207975093917857,0.0424097860859187,0.0198467446900705,0.0382321672477593,0.00155685661928227,0.00423018515047377,0.000741885462150333,0.000981316893887209,0.00609587086270012,0.00134763179919475,0.00504877722590122,0.000953933562580558
0.00516769187515465,0.00160708778099396,0.0343926365387692,0.0834579703913796,0.0318379791638646,0.542694658564942,0.0362056260785277,0.0303680170212507,0.0120794167971156,0.0422827997623669,0.00307679300983302,0.00431928214492448,0.0076877289244622,0.00186815656608428,0.00106879776882026,0.0149786364237474,0.0118436708508614,0.00340137297338938,0.00628734038415494,0.0136798664369238,0.0270511195549485,0.00420471999229432,0.0284359136957108,0.0210908212062363,0.0142326715305767,0.00112468051166317,0.000307645553868496,0.00816440887799255,0.00261551394611918,0.00037243123676716,0.00362880957296755,0.000465734863288921
0.00409721939335552,0.00504622525532294,0.0206011574610229,0.00805757524224316,0.00154817246609868,0.027076500199975,0.674809083728025,0.00131932831947713,0.00355053596855684,0.0192734125054259,0.00362065587858847,0.00212642272863469,0.00496545207250848,0.00178233333543924,0.00227991557260796,0.0161192679190656,0.00349183700398245,0.0204360930205758,0.00208878374979116,0.0273356533273579,0.0217605965701987,0.0324588455453108,0.0401002627634413,0.00893005627119838,0.014151208689412,0.00462186306627156,0.00103729294910215,0.00599694819397606,0.0076265394947473,0.00117966416069605,0.0124235072330262,8.75899145652734e-05
0.00351080605938829,0.000885858802500655,0.00680600170923822,0.0174506647452933,0.00415875011044867,0.0712969515778785,0.0186368903568618,0.683281041607621,0.00359014872005705,0.0197272901986017,0.00359757358470488,0.00223418737658371,0.00381561863197036,0.00366625034180925,0.00129077255723154,0.00112948847433551,0.00142100183750017,0.00154672198485734,0.0014580873837648,0.00494883331663414,0.0335856899678701,0.000534259164457976,0.0153675751458595,0.0521750745493548,0.0062960735913915,0.00827563119020397,0.0108977332841721,0.000900405708542461,0.00118154033454079,0.00296435984114671,0.0133421331005289,2.6584744649696e-05
0.00292597012713342,0.00131287989078438,0.00305861414901439,0.0133260355833343,0.019444988550663,0.00981224852680158,0.0251418044166335,0.0153781956404167,0.570765945611943,0.0429980726000508,0.0146532865126965,0.0347745617001291,0.0114656935369354,0.00813023980974597,0.0220937774541633,0.0117674587853549,0.015227551581636,0.0115227559901034,0.000557370567335109,0.0157948052948485,0.0285794823760228,0.0244996913630969,0.0392115622964267,0.0124605455102711,0.00945751491025218,0.000204187613076086,0.000419340042684851,0.00556724965231748,0.00034907403183324,0.00117174995663891,0.00273988763993397,0.0251874582777222
0.00329483766731999,0.00345868650202667,0.00608328655656882,0.0243760072689577,0.00351954540052789,0.0291280934770709,0.103342116966502,0.0745325140188855,0.00908754845001994,0.605836857878561,0.00324692714286328,0.00309823386739021,0.00644425603964373,0.00959998249408042,0.0190976664116814,0.00384335987500931,0.000242354050505338,0.00141564456381461,0.00685148915620003,0.0179314147938975,0.00623867089772312,0.0038521334799872,0.0135669241009738,0.0143112558514957,0.00866134415279277,0.00425067428347695,0.000378222023077466,0.00399480700833251,0.0012530904246365,0.00167675884310827,0.000338912000588432,0.00704638435228143
0.000352794014859966,0.001906038950514,0.00289211584362991,0.0308283460501723,0.00979468754289466,0.0769517597955087,0.207101013022545,0.137055897949348,0.00974389041173557,0.0597313066688447,0.37384966210041,0.00410857886252239,0.00326204652965292,0.00801585008195681,0.00335764916725916,0.00162158424937723,6.14097968389262e-05,0.00144828699201005,0.00661433586835947,0.0122226830693971,0.00538190631611904,0.00107787189871156,0.00913210951448166,0.0140027759461983,0.00324455774060553,0.00469182045806001,0.00199277938665738,0.00264899621031701,0.00101536253577693,0.0025335273833374,0.00301290028468043,0.000345455357217975
0.000429028941761546,0.000315646184992552,0.00530064665327934,0.079532789445705,0.00510983632139519,0.00726005871466639,0.0107014436219491,0.043068419769533,0.014510863170099,0.15143640044408,0.010376942409177,0.443398459269069,0.0136712277848238,0.00250349329464586,0.0414232114432625,0.00130883322462355,0.00338484215104095,0.00230910045059146,0.000624870117416399,0.00250514565288455,0.000931837139505497,0.000816891767333673,0.0124865883276516,0.0215957726846433,0.00301840467615621,0.000674263685797947,0.0173406241752484,0.0125846035246056,0.0224887483392727,0.00218936394626351,0.0620052181610124,0.00469642450751347
0.00148382567521708,0.00028291450860831,0.000132394132335924,0.0242826019429408,0.0137662275469744,0.00777354494855894,0.013340594310592,0.0111247911533731,0.0119982908489411,0.0886178547640513,0.0615285494262844,0.0213348705618056,0.41910274041297,0.00444157313680463,0.00145023332564482,0.00463785838155314,0.00304152150796833,0.00504899499817986,0.00118282166393056,0.00522029696165647,0.00356815032169486,0.000430132775746579,0.0361834779285233,0.0277026832076939,0.00899346953565952,0.000521695498559284,0.00499388697468287,0.161068073207031,0.00827913489361929,0.00395164482477186,0.0409597009050892,0.00355544971853726
0.00213985614226086,0.000194210034591301,0.000324094880145906,0.00898927902200422,0.00450170810950121,0.0161182071247198,0.0218935048597514,0.0210090487181003,0.00486543260150516,0.0112647143255542,0.0424724387009159,0.000724206944480288,0.00808785380282565,0.730071594578423,0.0101984385952291,0.000503210145640022,0.00263752556379036,0.00322588022237582,0.00177646865575066,0.030473616188374,0.00750411590733415,0.00183960321824582,0.0100624319355373,0.00846367440818603,0.00125537646773261,0.00241779852613945,0.00148479925815195,0.000607001669693718,0.00696965285602149,0.00241044044955073,0.0325756299351522,0.00293818615231593
0.008572198250094,0.00175259109261497,0.00926311377400791,0.00350711320640945,0.000629029699782424,0.0026218441552725,0.0102204838609732,0.0165504499142474,0.0144055211476955,0.00547709703492429,0.00515031898991269,0.00355837959940842,0.0148261354377979,0.00143383970876976,0.679418866829615,0.0174723015466435,0.0032682357818928,0.00181576945167697,0.00534076190279519,0.0190403402018315,0.00266610500498651,0.00126015824729968,0.0065733002293139,0.0252920362180598,0.0253742249885729,0.000422776136824675,0.0142841801501101,0.0343543834474187,0.0183912854391938,0.00235070426152941,0.0383784401519807,0.00632801413834384
0.00324086916117782,0.00337860468733197,0.000904017999279479,0.0446190639753214,0.00428060544512055,0.00706845764183405,0.114687456418086,0.027467607870712,0.0249452955775022,0.0951751844418336,0.00531360520025525,0.0235602869708713,0.025205003148619,0.00434985125155033,0.0283917508082828,0.434074310708532,0.0132280309112981,0.00100864647929622,0.000306841407675603,0.0196404866341779,0.0359643570392465,0.00663868468157253,0.0226445917695817,2.10127755045761e-05,0.0293940789216356,0.000663723330432922,0.00258125203514495,0.00214464962770582,0.00965244716392194,0.00205160196838105,0.00655718555350457,0.000840438394610647
0.00202748981622489,0.0022648133799785,0.0121684135663053,0.016262098013591,0.0254728303338385,0.070599747049658,0.00474862065140446,0.00157614101318844,0.000883278976901462,0.0437305120348979,0.0135085625405693,0.00469768437010481,0.0106068869870543,0.00146566947724935,0.00295988954171868,0.000445214555186373,0.502857377181115,0.00325496334182371,0.00191492881815303,0.0250978197552769,0.0436011951205583,0.015563589952394,0.0511836949122481,0.0133897915046184,0.0857152357450459,0.00709135502878052,0.00192215017268528,0.00457535787426355,0.00789921873938733,0.00187837810047053,0.00171802440501809,0.01891906704029
0.00052616466322662,0.00219688508351017,0.00282543559202558,0.00355153046293084,0.0109013998290488,0.0267485162513374,0.0154674254113102,0.00203687002257904,0.0334754246037673,0.0301977020740422,0.0151627264414556,0.0185362904626621,0.00470500633523857,0.00333916854230959,0.00884324851248201,0.00509834285827348,0.0150286480419589,0.496400433296367,0.00867817070803554,0.0127136483793212,0.0283898950222996,0.0285193159302423,0.00483558456815124,0.0121563903436961,0.0726177610529521,0.0134080129121349,0.01653854460476,0.00375325807294321,0.0142232138704281,0.00407625229983731,0.00749434065374988,0.0775543930969231
0.0019801274806713,0.00172484769582045,0.00766394394088956,0.000360587745154972,0.00144959559321913,0.0478242539257894,0.0232615666360981,0.00784101125123169,0.00546058575700771,0.0274890550594475,0.00274227874782043,0.0039806488685089,0.00985380836773904,0.00263615266746152,0.0152332835616427,0.00162592777941252,0.00385849289992908,0.0236587727442948,0.60816824632142,0.0189762865254815,0.0548846563202264,0.0137832804289261,0.0447029420801236,0.0293780736836013,0.00341435309550932,0.00379773204278472,0.0147379153287273,0.00442214644715517,0.000398890358077467,4.96352640127229e-05,0.00294378496950178,0.0116971164123136
0.0069041208049156,0.00109801644900076,0.00339731039417392,0.00129173522868111,0.0105379193338574,0.0365396535377065,0.0336634153760301,0.00451654491537391,0.0341352235757009,0.0298139071459752,0.00460776697238169,0.006723137702323,0.00465123529707029,0.00140368759140413,0.00191774027876168,0.0172488714860983,0.0018268858716022,0.00182433499589028,0.017963036528634,0.512514826519877,0.0930882457752455,0.0113585341925059,0.0676056493283626,0.00062383922258972,0.0154832524563201,0.0204282092362765,0.0296449199702934,0.00260647481222075,0.00409994250423266,0.00358577715585589,0.0142693062892312,0.00462647905140732
0.000408292329917472,0.00540754043763825,0.00376374029988415,0.0203717598371727,0.00542980353541826,0.0416565127147935,0.0286095969399931,0.0130364349895073,0.0233416565580175,0.119344330840586,0.0191646054170429,0.0147670178957398,0.00716019898915954,0.000286408969909612,0.0149037561725127,0.0139524588805106,0.00473322777909125,0.000407628776080564,0.00190280426619076,0.00318889617398211,0.53463799112524,0.0157459199694088,0.00176876222993894,0.00551646114742557,0.0263336731333589,0.019396883522726,0.0151717431854427,0.00244033071845819,0.0023829654991158,3.34901134433733e-05,0.00155944887421617,0.0331756586780774
0.000189805389755578,0.00229624602765735,0.00157925617453431,0.0438842656748668,0.0106192370184535,0.00897450505173941,0.00592197050530457,0.0014786565610908,0.00389182817760279,0.0800097912958935,0.00709409242541755,0.00181086714814257,0.0107918581538081,0.00144182086890341,0.00901922143904021,0.0186709152138617,0.0117439464822819,0.0494011803899138,0.0276350375597001,0.0995821077744969,0.0321688102391028,0.281682816527603,0.101400640121404,0.0629221642511132,0.0787405591390073,0.0341025684208721,0.00234686509906902,0.00552226524189376,0.00289330535813976,0.00047338474277426,0.000984815684301359,0.000725195842254129
0.00079504250679296,0.00663622262843163,0.00345354294718096,0.0248836238684878,0.0104592561803797,0.0311053122662463,0.00868424747188807,0.00540756710367068,0.0128969607385194,0.12536044696345,0.0258792350459921,0.0082975659337349,0.00601320247896432,0.000420801427438655,0.013782771309503,0.0110872918798184,0.00931092028417822,0.00269636303893706,0.000999537127115316,0.0140736006516181,0.0851899955666244,0.0246298146906242,0.432910600986613,0.0111107345736301,0.0497541647116411,0.00874672222186453,0.00189465709277534,0.00538614947377549,0.00351982871108389,0.000116048249788179,0.000780414917230803,0.0537173569520014
0.0037941443497152,0.00170207997178056,0.00571643981031887,0.00277840605173646,0.013132301522988,0.036186303579643,0.0284209151408674,0.00578881069220252,0.0345296084416678,0.031735545086518,0.00632938559208956,0.0107582413489757,0.0055004354722221,0.000795403799596923,0.00272146022917571,0.0153376283327421,0.00200109369562218,0.00235863085450931,0.00830312069307378,0.015371856863584,0.146874381177038,0.00737447791581148,0.0866334974825477,0.399814564632745,0.0279068075797137,0.0199815411219539,0.0402188251383624,0.00175700611393081,0.0064553738246776,0.00267479775353243,0.0177263531584618,0.00932056257219604
0.00113296503783183,0.00115550823663355,0.00150938403075469,0.0319610438131499,0.000901137024320985,0.00649973582108016,0.0374155855801565,0.00809312916361448,0.00928427367193572,0.0447240622893391,0.00345268980982073,0.00534763151252926,0.00376195901953541,0.000326409248156801,0.00766829032235522,0.00118822330597903,0.0206464170472973,0.00963336950944462,0.0105391642262117,0.0658768172391333,0.125330719661608,0.00413072445761292,0.0671191973180323,0.00765657848115947,0.4963655089899,0.00286886773513724,0.00179938390481099,0.00476360116388782,0.00262737438905082,0.000800039912973848,0.00234533258708746,0.0130748754894588
0.0004591599941111,0.00175694281416358,0.000859537214484524,0.0215427976020637,0.00280623854809402,0.0196923383708154,0.00271108422166789,0.000141853919555153,0.0145231902989202,0.00993774075395374,0.00167966224506959,0.000967358632780736,0.00943952464099393,0.00371976147646256,0.0088096144555642,0.0117718236723936,0.00842575347765466,0.000242003484175907,0.015085136554693,0.0285088257337908,0.0293162586807716,0.00277085445958849,0.0224209777307732,0.0903791802018382,0.0295072466155456,0.518471533789283,0.083642471393397,0.00272828910615688,0.013462109444748,0.00558532957475648,0.0314074166766944,0.00722798421503906
0.000120245510872499,0.000288964084355201,0.0003702634029573,0.0583453175558911,0.0050346573534033,0.00460907710873206,0.0143862567520743,0.00541117525652559,0.028297570869898,0.0371954104464777,0.00267734066981639,0.00231435571112261,0.0215539914051958,0.00367085418729729,0.0133693709789524,0.0121919853446717,0.00697461901442189,0.0018860621687717,0.00214948193659332,0.0803972356327192,0.0023918277039749,0.00132849238545864,0.00801123453491544,0.209104005896933,0.00922023947846453,0.00760088473854524,0.395375364691955,0.00695124222610929,0.0198522894894289,0.00388655163528959,0.028016824465989,0.00701680736218658
0.000906991197856979,0.000957043992445969,0.0037702565365926,0.0615785586132872,0.0121543362158931,0.00518426138181106,0.00397047398750078,0.0400086390249074,0.0057137031411841,0.111970018222373,0.007298900193855,0.0294811540228195,0.00933032407691948,0.00251795706296746,0.0484026009331085,0.00104620430641878,0.000317000577258641,0.000327080919468649,0.000663476583987645,0.0042706679186285,4.34561897630483e-07,0.00465255555062543,0.00616946964461351,0.0453659998398658,0.0099320420943165,0.00252764134525149,0.0106338544354645,0.536351437595846,0.0114022440485147,0.0024937212592508,0.0175787193549726,0.00302223136009754
0.000175153144596636,0.000774305096251217,0.00208559575962939,0.0286008299652105,0.0161826044489637,0.000126415735145706,0.00423464792428435,0.0109095224301344,0.0208538810417291,0.0139157976993548,0.0176523484760087,0.0488955244416677,0.0180196923629907,0.00448145177073089,0.00161365747827923,0.00675428467161269,0.0120919097245045,0.00641631986238048,0.00326033771636192,0.034639884679262,0.00751661482899619,0.00684025352968167,0.0164039915554847,0.00602693110614464,0.00380867302612466,0.00205359631977346,0.109575391324735,0.108925433021333,0.302625203117454,0.00682941372031939,0.177600903046665,0.000109430974189234
0.00228362003769123,0.00760075319347668,0.0060207673074426,0.000395512846247691,0.00400352714956245,0.0166058541492636,0.0144986751558038,0.0031991451813065,0.00274317237951182,0.0185537396716687,0.0108160587163942,0.0158090690093586,0.0011801815832766,0.0180643752348521,0.0104542009465083,0.000717714186697003,0.000162278712917636,0.00028548834520127,0.0105277355964626,0.0344422406699085,0.0258357596755078,0.0081848596442999,0.00927696862563347,0.0208623453027704,0.00596159816738005,0.00241403293866181,0.00745183182549879,0.0415909550943805,0.00921163895160479,0.645375884470706,0.039215919548129,0.00625409568187504
0.000130366560534292,0.000527919726438827,0.00116341008681345,0.00169028866843322,0.00377154968810006,0.00285967419244623,0.0102720428598594,0.0132127140063355,0.0131981590792194,0.01283624158547,0.00358145413037798,0.0281518909938156,0.00563537417955087,0.00501040557455795,0.0048379865371857,0.002670545917509,0.0034112073932595,0.00179070045037527,0.000687885285275535,0.0104377960485986,0.00435138161297928,0.00387240060678611,7.36721011165123e-05,0.0397302430498301,0.00721510246305276,0.00107554925837002,0.0215636056030745,0.0462511820510409,0.02605753340673,0.00797771821227777,0.714684611011751,0.00126938765883464
9.35972052038937e-05,0.00398175332849058,0.0034579331749862,0.0714381395791596,0.000474065422419987,0.0202014886004492,0.0395710821967246,0.0323296924033263,0.0234613803644583,0.0973910504616584,0.00895530839428416,0.0135805703048109,0.00861311647941685,0.000819780588395854,0.0188066121889199,0.00945760601549386,0.0367062769729583,0.0134082927846666,0.00971836169797079,0.0195136302791976,0.0242076336866008,0.0231882385378143,0.0120367806406819,0.00351930016172939,0.0752715720757253,0.00216850867974867,0.0012564621779653,0.000617204999093978,0.00967285238333551,0.00366077748122223,0.00385747335323507,0.408563457379856
