0.517149054786331,0.00818353401930149,0.00728474396988788,0.0950677501190039,0.0449504382238038,0.0162859842049955,0.0148078838759013,0.0674717290796807,0.000582128187923957,0.0425573281066303,0.0152816412114173,0.00247706674972051,0.00707893294874122,0.000549058383452019,0.00547083823854786,0.0147182824447142,0.00366674249783517,0.000933557718781222,0.00143824460326717,0.0244800775428991,0.0147388518398217,0.00274694801127043,0.00903068489759242,0.0236798956942148,0.00441548472717505,0.0142075258764295,0.00345363008787463,0.0029282263929882,0.00554080254399249,0.000436726666738899,0.00286218349762132,0.0255240228514444
0.0128917617050112,0.21658832194625,0.0118780943599779,0.16267667457789,0.0183143696061836,0.0433311721657484,0.0407030575010901,0.173110465032211,0.00161032350230769,0.0534616793902395,0.0409158336236254,0.0208248946388963,0.00312890161035569,0.000159043793503011,0.00341617801471334,0.00342821099890554,0.00149432026599933,0.00252538941009015,0.000114488045141831,0.0125162940262635,0.0306900858865963,0.00666969569340655,0.0110645113276028,0.032497177894006,0.006392051488737,0.00410831302059237,0.00241751501582979,0.0182316486559392,0.0014578084546017,0.00106525492975905,0.00157684680381633,0.0607396166147092
0.011170550589232,0.0028361463293731,0.46215078061444,0.00136606516683802,0.0845771018279042,0.0158311821563728,0.035089684941301,0.00312555359628504,0.0198398264145929,0.0100606599965588,0.0294498093166275,0.025751001204687,0.00567053100185927,0.00140758813832957,0.00856064900636662,0.0239835456398327,0.00171174299712242,0.0117818129068187,0.000564201660631065,0.046715885464376,0.0257834351649453,0.0192825009668307,0.00734971652232014,0.0142705169229644,0.0509137730673733,0.00619453225637088,0.00200034018394514,0.0591990898564394,0.00351688196037997,0.000267212281668773,0.00140706471395231,0.00817061713326124
0.00123696831313688,0.00381316756671686,0.0020543917085246,0.338226572934,0.00544019230049065,0.0248370595924966,0.027717836783402,0.00901534686692824,0.000745719600331707,0.0796903938114771,0.0692546370145106,0.139884268136549,0.0149793561370514,1.44854958160296e-06,0.0129981836242485,0.00515240112838843,0.00131449378121263,0.00327022242709504,6.64216577821895e-06,0.0482450176808031,0.00774843250792002,0.000294249329352403,0.0113915850029208,0.0514534591607241,0.0109422227986981,0.0121119290431032,0.00563365445440498,0.0827517514093591,0.0172204856824244,0.00246617544482275,0.00744593263759142,0.0026558024059557
0.00129542443676746,0.00211060253865371,0.000701686826897628,0.00261998706100006,0.511052115938428,0.0195007722507332,0.00967227745808827,0.0747278877427736,0.0201404971683741,0.0516799544062519,0.0186039782423153,0.00439264833466965,0.00963241129599189,0.00533760489622746,0.00499426224253957,0.0318523987097816,0.00327181295867739,0.00302319309306472,0.0004956042695312,0.0809811989501539,0.00536541530876814,0.0021655793844349,0.0260939348058223,0.0619669895064873,0.0200373007319826,0.000463758056419358,0.000281368355808056,0.00774875763208543,0.00606234187459207,0.00194429424816902,0.005528598319728,0.00625534295478205
4.4826752028901e-05,0.00155577450254973,0.0106430372691765,0.0423628663417791,0.0593632424822015,0.313806120211688,0.0521482446538638,0.0326336834498568,0.0816324881133387,0.0121353744356805,0.00565638647752437,0.00775031749663146,0.000239171634367915,0.000211521531010251,0.00483601478536623,0.0114030466564851,0.000936768064103229,0.00714067816929458,8.96074428873088e-05,0.107975547322269,0.0227426316363231,0.00175792861124731,0.0455780623997603,0.142660012741801,0.00197365922843039,0.00101111844706434,0.00053166500678686,0.00974604586281419,0.000123018857303186,0.00511069222425279,0.0107407579029701,0.00545968928914377
0.00400319016507312,0.00958616848733224,0.000316824183743529,0.0385597151256049,0.0761390830281373,0.0141917713262502,0.291950248386572,0.0547583787472915,0.0921338100329555,0.0143154517577407,0.00713647438898502,0.00417184440685928,0.00357165680826089,0.00429722317396443,0.00239503692998552,0.0115211780957553,0.00205828225536176,0.00377147321748376,0.000715149130711612,0.154551844235814,0.00178125919330412,0.00345564729187443,0.0200976956023101,0.156694819506228,0.00655914805407038,0.00326590709731513,0.000688264187916989,0.00531395895023764,0.00334332237300578,0.000967284475523812,0.0045281483223749,0.00315974106195619
0.000944696738827739,0.00324968436508702,0.000429753796235914,0.0631440638629164,0.0322840592226817,0.036438135946026,0.0864668008215634,0.171842070158272,0.00982475990216168,0.0434057499713022,0.0503878511125275,0.177526566286811,0.00433388899111072,0.000434028509229955,0.014618417919465,0.0110125696835918,0.00156350026691331,0.00249122511734125,7.80502564057163e-05,0.0625570780523436,0.00623822472307674,0.00075400172094127,0.00826004494728541,0.0670342986644418,0.00398193596480377,0.0132452161146903,0.00554247846197748,0.0916580332153378,0.0124319840593596,0.00337928077623491,0.0139420551104977,0.000499495260539077
0.00633635622272104,0.0071367852232803,0.000472282844986868,0.00220858296565529,0.0220746625001423,0.00669092040691152,0.046465550377501,0.00840686366259322,0.334271108705054,0.00111423476850383,0.00139246098077938,0.0155739907600619,6.22840745707123e-05,0.000323905624911126,0.00457797698241707,0.0745388515382107,0.000323730007787426,0.000411291710766522,0.000123497260839419,0.166965088504741,0.0162011289823231,0.00893396471646955,0.0185576580113589,0.189505393601155,0.0152971949878013,0.0114059923918492,0.00898639525594122,0.0191935154827648,0.00108250171665447,0.000133972160725692,0.00412243576635383,0.00710942180416798
0.00426880583181994,0.00259959995879294,0.00338089431148755,0.0304006493773251,0.0573253357892108,0.0364883914041856,0.0146791169450142,0.0202499643045383,0.0212631441632526,0.423823113750707,0.0509209630960447,0.0202489913943449,0.0895358999363032,0.00494356838607377,0.00252643002968992,0.020097207235123,0.0033968911903633,0.00733191908879198,0.000244110651417776,0.0308055882349685,0.0387114837956369,0.00126165091246435,0.016886614100184,0.0561422596148296,0.00980388519283809,0.000281961802256565,0.000771711284053006,0.0179684434788383,0.00664357266105688,0.00326961802662143,0.00264927204966184,0.00107894200210372
0.00353151024731581,0.00111412732320667,0.00673184266927244,0.0824578474945584,0.0297878291688916,0.00640128742612555,0.0142112681323434,0.025365143362516,0.0266463495322796,0.00999486792204533,0.383642655055089,0.0173023414528967,0.0553652160748772,0.0043699331242005,0.00257301397314682,0.0236783233635348,0.00371375419178807,0.00603996280220284,0.000146627347102804,0.0713793207190359,0.0372781726508841,0.00390921791866259,0.0381325824414783,0.107340071197038,0.0112759742427229,0.000217361455626303,0.00293110758886588,0.0192408989087279,0.000686529351166166,0.00232830556061349,0.00179446466602055,0.000412092635764549
0.00071635345643063,0.000211230854332634,0.00455559753254691,0.073853151246698,0.00078115970799829,0.00342488193438594,0.00440969729743205,0.0309074699731101,0.000475530918261656,0.0238100603874478,0.00686869570348694,0.499612181918274,0.000949788538832096,0.00020604665074441,0.0137328953685139,0.0154857916826683,0.000120683023469577,0.00237019107204028,0.00082580234872611,0.0749827489240877,0.0224262718892658,0.0108120309004882,0.0191431231914834,0.0936449404905843,0.00583418674574355,0.0397253400099525,0.00342703488056173,0.00257695933835021,0.0377877609759143,0.00130423383108355,0.00492509047596297,9.30687311213177e-05
0.0012364643693772,0.000643518740074511,6.84184612260095e-05,0.00367242159429383,0.0299201326702906,0.00387952063173049,0.00698167645431131,0.000181193835893855,0.0764884525041397,0.00179375977192411,0.0132092150241976,0.0530702803886039,0.172691902928769,0.00322240293082761,0.000311712533365735,0.0233561267980125,0.000954863271133951,0.00161320191155825,0.000453179816604359,0.207737651213827,0.00886172574677916,0.0126624689152504,0.0763925930778675,0.21428012091107,0.0322654206315824,0.0113949579261145,0.00301911862214569,0.023208262382243,0.0143768256470873,0.000327888132318628,0.000155472362201005,0.00156904979517908
0.00124102891039001,0.000872101024879576,0.00109359593181469,0.137640612685971,0.00846240619454184,0.00214032475852772,0.00197499116424289,0.0779738520558675,0.00900269020352385,0.0481832380401743,0.0185147608854048,0.0042954923964772,0.0105314445338194,0.523962125614032,0.0284592557760617,0.00634630574108109,0.00178486173373585,0.0123705556652978,0.00068155617269503,0.00987280085502671,0.0182815933187754,0.0050426511219446,0.0151019852578097,0.00726168625453779,0.0324772187360048,0.000586036041541311,0.0010767439420676,0.00619506115699813,0.00320717768268197,0.0017661083603,0.000186126793361498,0.003413610990413
0.00123597855136984,0.00140953944192118,0.00172937452207795,0.00401523763252472,0.0494859741157645,0.00840485536804242,0.0110417779782825,0.00944835054713864,0.0120552738182505,0.0172583472399803,0.0392091536137999,0.084927468088029,0.00580824224803763,0.010192997375226,0.491949986643222,0.00650138994434348,0.000596985668202712,0.00300107280911446,0.000396733114867669,0.0453582826883153,0.0213934485656924,0.00207633601030096,0.0290311917442127,0.0425725853285835,0.00605921971189458,0.00731322947522056,0.00828648202023402,0.0516254394668716,0.00315031631832243,0.00133834576630549,0.01613108502276,0.0069952991610914
0.00863257902427565,0.00843624350990821,3.48699681363555e-06,0.00236425234269716,0.0186093467756834,0.0177161215020879,0.0440548441976004,0.027850423565057,0.167267097120012,0.000710271336135215,0.00165815940139812,0.00902920263724364,0.00169669702891378,0.000589312800369661,0.00663545558037175,0.172051523763898,0.00170733799775732,0.0017413704376791,0.000154009103337492,0.180855327038255,0.0224725495130416,0.000231694672397581,0.0258415718311705,0.24921235836484,0.00676639505194506,0.00771703685274124,0.00522926324619251,0.00513781888652242,0.00159671196111931,0.000341198640448375,0.00324779116146307,0.000442547658623746
0.0144220105553825,0.00151850238601775,0.000681859196475568,0.05976699001194,0.0793909321191746,0.0059325176715042,0.0510117354219765,0.0308154934368734,0.00289643695312408,0.0269833615525746,0.0181770013148186,0.00676503677288128,0.00863989680293604,0.000658237709971275,0.00125780446227958,0.0580569246980703,0.319611667583767,0.000293914125175312,0.00452923287172247,0.0805354067916846,0.00891167479351871,0.00344259889073835,0.0122600159243249,0.0902713569971862,0.044696872872667,0.0138875108098003,0.0101131207396007,0.000862086021717782,0.00634055005546272,0.000329189579389238,0.00148819945167905,0.0354518614255653
0.0180559138068471,0.0201891199020936,0.00147618732049792,0.0265030022436909,0.00764123705527432,0.00665774648675764,0.0088386845018144,0.0376826161876629,0.0162097326430072,0.0180446333143623,0.00752151277075147,0.00175097631268587,0.00982369652146212,0.000138369145235569,0.00444086189020026,0.00204680426920926,0.00742010361600175,0.343544794794386,0.00134624358396541,0.177481065196483,0.0208331882224801,0.00380579378522408,0.0353475272766617,0.109353677573141,0.01362016555922,0.0585872856246559,0.0226001284337926,0.00397189923521041,0.00279737419160928,0.000447839446509533,0.00197599466761963,0.00984582442148731
0.0037822725077059,0.00688470907025257,0.000306623418898973,0.0282840146898486,0.0187327098154092,0.00911830454423403,0.0302618691751516,0.0228211013030322,0.00928822427395176,0.0218803689241901,0.0168358973620087,0.00505707250889561,0.00205219883028726,0.000507972849914089,0.0058466763250263,0.0292414346434083,0.00158171667704729,0.00249675364501327,0.614580416094959,0.0462005839366235,0.0137013301498506,0.0119707664786583,0.0345434509633666,0.0433482023511809,0.000196642166948304,0.00792382581681618,0.000364295664383577,0.00117194687787416,0.000976298533942428,0.00489081848404419,0.00442225246722745,0.000729249449849492
0.00050208075477321,0.000950951879531463,0.000331998909564033,0.00298813313359624,0.0747548415591801,0.00334473306223183,0.0270617725605023,0.00710481701454571,0.0206013390230514,0.00842434458465061,0.000360815260300806,0.0308151150380343,0.00255816778197184,0.00157562277295021,0.000659442274869494,0.0149827223263963,0.00313022394017174,0.000886663609369822,0.000110757291906565,0.481407282932794,0.00572445119565405,0.00619277302172313,0.0199768011054656,0.117066879993413,0.0322435272212635,0.031471849475871,0.0168549260270476,0.0713298535619105,0.000128795293311574,0.005168066845937,0.00820316051281243,0.00308709003519905
0.000252409378937466,0.000881520306259548,0.000153478104477332,0.0170427882857169,0.091643991297521,0.000117129099156977,0.0382747424406638,0.00313640421598044,0.00483325916126741,0.0157994705288732,0.00703610000900749,0.00195414462014742,0.00784668327280335,0.0015247135326028,0.00218260770680944,0.0199917638485849,0.00281965974748105,0.00419441904635816,0.0011683861248544,0.262626267767071,0.137218909724994,0.0263770167048871,0.0236745655849404,0.225168933092256,0.0406177039981761,0.00914802536672261,0.0135276873046728,0.0245588702431472,0.00390792426889892,0.0036955841185665,0.000611742110850148,0.00801309898731421
0.00139370273972509,0.00285781362286158,0.000825364534603753,0.000627585771049216,0.0109243773366192,0.000454940688633903,0.0107004010547566,0.0014412909555785,0.0415540181132834,0.00354639164082775,0.00195460508052591,0.016349850361293,0.00053290867712769,6.17778668214079e-05,0.00125010450800555,0.0692366864148705,0.000184774742313477,0.00865802935063923,0.000107636432286383,0.253776221687496,0.0166121554251191,0.278134132329116,0.018911012849306,0.179811171816621,0.0189051033816965,0.0239723284554422,0.00479420286261386,0.0212061759931511,0.00193790917556734,0.0015617550402076,0.000345821278163723,0.00736974981367776
0.00123946854065114,0.00185547922253388,0.000333853767219185,0.00101033860856732,0.00036785818620511,0.00170327438934684,0.00413847492917436,0.00228178093045525,0.0359060957488075,0.00118338392329237,0.00213970838551887,0.0206983487488758,5.94672656122448e-05,0.000325860861164236,0.000526765137691277,0.019609814143305,0.000638475602576357,0.000586538329756463,0.000330291778810944,0.331636305712426,0.00725860519111696,0.0628009192314277,0.22822315972687,0.199421684835365,0.00225717140266274,0.0338937324898078,0.0081748825066584,0.0152735078888201,0.00384907470168871,0.00203949482564184,6.81266831908702e-05,0.0101680563047593
0.000394267163413015,0.000602422303561013,0.000317591512069336,0.0026412706874854,0.0704113143203745,0.00317591654963745,0.0239155645381848,0.00514016469048079,0.00754040708517952,0.00391952552220564,0.000139548616493163,0.0299280432003217,0.00261703854398388,0.00136358973085531,0.000391948373051401,0.0115965529067919,0.00232443084822714,0.00176190862730831,0.000482334911424778,0.182666532492642,0.00738344068246968,0.00603481638231652,0.013002661141472,0.484517539311369,0.0333819008807484,0.0136646749140544,0.0117885055274753,0.0682062504679685,0.000154360769774062,0.00442960798560802,0.00602130852442685,8.4560788625877e-05
0.0282001882514121,0.0118282446460077,0.00280028994759447,0.0078512742702579,0.0138072539126925,0.0110697738286241,0.0486230635091516,0.020485929672405,0.0118612007685319,0.0210155614935741,0.00865682527017135,0.018618614947055,0.00703941466989035,0.000285888972208338,0.00293882318775049,0.0401680118601602,0.00945011647338037,0.00236073453666824,0.000659898762330536,0.0169972496671544,0.0561975898644959,0.0183485042416137,0.0485941172109944,0.0841272880185589,0.48471237835671,0.00520800983864947,0.0011548621185128,0.0113650386874005,0.0022700258124237,4.01539701123256e-05,0.00179624413896713,0.00146742909454017
0.0025269722977581,0.000397246984939275,0.00158826853178819,0.000929372847842344,0.0026283264923546,0.000863323094811734,0.0122941307671702,0.00588137254076629,0.0130214936627404,0.0236834442961111,0.012059545134968,0.00321651209226677,0.0030078451485499,6.94414898390388e-05,0.00212603181502507,0.00831268198052972,0.000500546973035107,0.00342813423520178,0.00043700365228053,0.00555597174111339,0.0126516713375139,0.0601677092995814,0.028618644517631,7.08827287250823e-05,0.00614142097249413,0.758091457605327,0.0186254328020768,0.00134303397898931,0.00163555029133676,0.00197719910054326,0.00741027678219901,0.000739054804490905
0.000935992502904886,0.00184826482848911,0.00121367286415117,0.0498723004983052,0.00589234667233971,0.00943085103291967,0.00367574722748565,0.0644650755779833,0.0113755730530855,0.0024833288176879,0.000442995152075968,0.00267287742308367,0.00966320165825709,3.67313997762081e-05,0.000966608155158068,0.00177627157939248,0.000440890067738508,0.00214914592335886,0.000731980289972149,0.200448327616677,0.0272310527181442,0.0453488688607335,0.0687197455212026,0.227629612379868,0.000146236500065511,0.0134198113515771,0.220928645970631,0.00428039930189873,0.00150281026939168,0.00129910211325949,0.0185850485704613,0.000386484101925374
0.00680327249699548,0.00199812467177558,0.00410442208052636,0.022806896815025,0.00204728289164196,0.000253829796024903,0.000169604043267671,0.0118069111544341,0.0275916787990697,0.00128476331509541,0.00211513941795701,0.0866224674740553,0.00738862928403022,9.55012838234633e-05,0.0159931550648308,0.0347299295866129,0.00321051460102604,0.0025735588425443,0.00210902123362949,0.0834629402744998,0.0212762483422599,0.0143511475497444,0.0303816716340648,0.125652621214775,0.00120013014185985,0.0149731313951727,0.000122355160972603,0.400744534301153,0.0467686442945107,0.00372036021798049,0.0211672620707653,0.00247425054987512
0.00766381386655504,0.0122245896401175,0.00298167863099999,0.0316512640407386,0.000328989281740164,0.00718059422613198,0.0275792389651755,0.0300824344966919,0.040468410832579,0.00719091894309616,0.00938679810682469,0.0124910742592457,0.00437435115298263,6.64129081245607e-05,0.00556016367768014,0.0352745574921395,0.00832705869917525,0.00274510651297503,0.00176364507300016,0.0293140500488729,0.00953323244954625,0.0183815450463995,0.028171850432386,0.0240757154302364,0.00316116313818168,0.0343158978096358,0.0594371023012846,0.0469245496456486,0.457081726197038,0.0121150940019497,0.0299963271208204,0.000150645572026622
4.48474246109972e-05,0.00088334531927446,0.00049514449641675,0.0108237671961729,0.00448223921777484,0.00175379901648739,0.00530708142870538,0.00600855047156132,0.0189482432681071,0.000960264619283342,0.00596531347789969,0.0193324273583823,0.00321602266495078,0.000825241833365875,0.000142389247545604,0.0218136535542559,0.000679976018774462,0.00482633963116628,0.00431928377804545,0.127180706242796,0.00511164658109348,0.00369803209439105,0.00623724233895985,0.122640158177596,0.00220283709146186,0.0157263604355476,0.0189855839575839,0.0148103366578674,0.00519968452014379,0.547795957416924,0.0169834889518772,0.002600035510977
0.00231767511588581,0.000487263931670201,0.00157105758089525,0.000789363828673683,0.0151798962751355,0.00231468259660207,0.00651345460218361,0.00211493475014294,0.0501335648576717,0.0289852695848151,0.0468497568594742,0.0606274590272415,0.00624891839264769,4.31935407177793e-05,0.00196594824531397,0.00295031218338626,0.00226843955178707,0.00480835845225462,0.000436770448342401,0.0648471058222546,0.0163658523333474,0.0128933423219037,0.00895945592878143,0.0201101973147183,0.00981716674138844,0.0708005790122412,0.00843027439555419,0.078282822449999,0.00162006698167208,0.00427407887338274,0.457895341128108,0.00909739687180761
0.008312209315058,0.00382884868970733,0.000569700041572779,0.0104083463908571,0.014814343434362,0.00278262601358579,0.0240818307665659,0.0143305750717223,0.0217006148070391,0.018189599588727,0.011723188753462,0.0677142851004724,0.000892559129149757,0.000177631343203571,0.000507226729139572,0.0584191573657085,0.00152145301934176,0.000811479012379665,0.000383258782012824,0.0399282722024214,0.0526716645514673,0.0739120034569973,0.0296729728584626,0.0865618254972929,0.0801868631241081,0.00498953977708349,0.00262970179601908,0.0701828692773629,0.00482613400853082,0.00092150741342536,0.00135830703081195,0.290989405651949
