0.366576032455157,0.00281588718860341,0.0027194575694768,0.0917548899444907,0.11083052425409,0.0177440784701596,0.0237359273555733,0.0688425522824812,0.102169874710057,0.00159873760169495,0.00845580790999469,0.0345858875060909,0.00533036114026043,0.000300761341344342,0.00204933453670662,0.0244470527569407,0.00315345757540715,0.000829100315704813,0.00171055037306879,0.00149612102967353,0.0414971773702512,0.00622673094112409,0.0284485037531294,0.00383050633522175,0.0257282243781432,0.000435799655628719,0.00225922938753279,0.00713896466316125,0.00322956233615703,0.00191177240862629,0.00214584287739913,0.00600128957664862
0.00234967751804848,0.362986207641009,0.00552475857564705,0.00773153014836125,0.185594836719667,0.00187793787700841,0.118442187783797,0.036048692395017,0.021524744248124,0.00301984103089816,0.00240701784885617,0.0159763673142369,0.017203909745126,0.00375335807692194,0.00222272563557063,0.0266565254697718,0.0169863313818472,0.0152931662526127,0.00151587976366319,0.00503990853019256,0.0363623567010432,0.00326278495849517,0.0156849454787281,0.00774030024089841,0.0435458752289795,0.00591074157388204,0.00787033249276304,0.00846654725010425,0.00488862934591615,0.000373555053878266,0.00317976576100787,0.0105585619579276
0.00104821868766658,0.00824862389722253,0.558393898937286,0.00238658099035734,0.0728464980897551,0.0245039274819393,0.074970368457161,0.0100524803531221,0.0152411843770006,0.00266309605175369,0.00109159394873268,0.00863831685372616,0.00137221813887654,0.00101388302777558,0.000543299048716336,0.0400266045008458,0.00628845522208623,0.00218000152572252,0.00470495281337497,0.000697832704062225,0.0148125650708588,0.0040692165546818,0.0126686731797551,0.00207881299648936,0.0510660755283683,0.00257962319109866,0.00398414345365301,0.0539936917712726,0.0020752101120541,0.000357377860377206,0.00347942352120943,0.0119231516529989
0.00109595924939495,0.0036908148538174,0.0096679616423596,0.586482840420198,0.0380377497894918,0.00212208249877044,0.0269686417741292,0.0541826406809621,0.0502325358924886,0.00267471796941306,0.00215703464531739,0.0718858025390016,0.00631889660353556,0.0343878937091776,0.000681290223449556,0.0023849337107369,0.00169420186641178,0.000438716164911325,0.000979810782985585,0.00146626103691702,0.00187866773643528,0.00109269747282216,0.000739830549509301,0.000858989633436312,0.000184128733829364,0.00163348375094695,0.00105715586396562,0.0774355889846051,0.000204924174402186,0.00817748618104652,0.0061000501078665,0.00308621075766598
0.0010860072608812,0.00166792722254641,0.00138463050059037,0.0150533943559274,0.630379260283549,0.00225447187012377,0.192490344789866,0.0198700690698573,0.0369416659832605,8.10077438577544e-05,0.00377643576761068,0.0133130629600282,0.00106577350997184,0.00140399667683003,0.0046002722322653,0.031226522278397,0.00664129001021723,3.78810479619534e-05,0.000537496796386533,0.0073301412782293,0.000363298179669457,0.00198340587213328,0.00156718237925285,0.00486160892223838,0.00205126243676222,0.00451270497201305,2.28610416029216e-05,0.00992554218614201,0.000720200603342189,0.000326184532780515,0.000656397310336893,0.00186769992536894
0.0076896480139458,0.00948295612921092,0.00454942947420722,0.0286740228136672,0.0846657790130197,0.551622371374316,0.0749122766530958,0.0157094092902067,0.0213411955027798,0.00456089919527743,0.00731395449630746,0.030828945602939,3.55446122341221e-05,0.00195508598280305,0.00118970161290599,0.0294693508058628,0.00605410094654642,0.0039265847724225,0.00238876812758035,0.00554094407179721,0.0221641730358155,0.00140285031513075,0.0236815246502943,0.00309359369235415,0.0170290103097903,0.000238954327873326,0.00149332458165362,0.0255172975747743,0.00301251240422892,0.000297473270711465,0.00360832622288678,0.00654999112336076
0.000594964866747557,0.00246219254093227,0.00333679917479591,0.0573889236290077,0.495827136178533,0.00310491771369821,0.138641735459901,0.0859448088286291,0.138103924646565,0.00196145533310003,0.00722134748633926,0.00760937139332059,0.000122213250299119,0.00089115866703417,0.00267596641556806,0.0218921026717734,0.0068230024137123,0.000509261734653784,0.000318015093393926,7.46214657860254e-05,0.000233431038072318,0.00157716395229588,0.00690317036531148,0.00311614017894225,0.00195124839904791,0.00104667593987568,2.74514798971085e-05,0.00333009021040661,0.00179330433092161,1.99602244167142e-05,1.61917838811536e-05,0.00448125313314118
0.00218375256219075,0.00291118896951882,0.00721290520310193,0.0137797099833263,0.0520904695864526,0.0485371175047092,0.0459490991994047,0.494665626349434,0.0253903589343345,0.000987540628576882,0.000477261297682378,0.0735677010390012,0.00369091832705926,0.0338905880626863,0.00362153504865123,0.0213515622590167,0.0080370196117119,0.00188477849761913,0.00170823897284843,0.013325234646934,0.00743256478951894,0.00686734242576268,0.0132766539481147,0.000194762299134784,0.011366081640501,0.00467922911534072,0.00209387674911163,0.0725458785406248,0.000425050895917685,0.00978836886639715,0.00898837989435763,0.00707920415095778
0.00553959382668298,0.000949149795567476,0.0035433233954333,0.107209558796149,0.0271557190599154,0.057520980276795,0.062409324277702,0.00804926756280244,0.412450352041463,0.0176349790809575,0.000660078871672194,0.00831097032741103,0.0049322670223303,0.00281722997560179,0.0115317773313082,0.0249810775185527,0.00348956292735928,0.00184492739251694,0.00080274551046889,0.024307597955019,0.0146027443610333,0.00736265728661971,0.0247842314423932,0.037172777657548,0.0687378795387005,0.00645918538925376,0.0028574902696964,0.0334356502046116,0.00855311262116395,0.000478461891835808,0.00269811465369867,0.00671721173773769
0.000322211218888975,0.00011773882983963,0.000611715805934525,0.00805163640174086,0.108934284115201,0.0297310015184192,0.0229867953086378,0.0223597914476331,0.164966548252583,0.445046220310896,0.0021591700605841,0.0106979253546917,0.00290273715943816,0.00684344053075214,0.00762177169032511,0.040081569416214,0.00166587215672965,0.00682099262126724,0.000228765499973365,0.00783157880967534,0.0253895291207925,0.00753399410976259,0.0209598951558261,0.00900693300665553,0.0369726990152526,0.00372635770788003,0.00267203407533326,0.000192026204863919,0.00252935337101365,0.000440650431408661,0.000123539714184263,0.000471221577602178
0.00327965896604975,0.00416699445144742,0.00711044790030615,0.0623255158144944,0.0215381836186173,0.00555101957296481,0.0661137556618321,0.000947238685142413,0.00388342708045344,0.0108147615430234,0.472819333566811,0.102877301476375,0.0285840610750331,0.000476142025803915,0.00534956574500231,0.0166808186124155,0.00127692467377999,0.00202864747322488,0.000807273685304761,0.0161588881042467,0.00458766914157376,9.02746637356563e-05,0.00181416046614862,0.00160415967822821,0.00424956616550161,0.00680493461508289,0.00550061433932624,0.113706203335913,0.0110269495650357,0.0065238452102062,0.0108748592448795,0.00042680384203945
8.83032435455567e-07,0.0010047778971516,0.0109938452173581,0.00332719813136687,0.0914661910519479,0.0160272780548965,0.0382735744999613,0.00204942943571955,0.0601543466973566,0.00480331883302332,0.00102899280578679,0.488845891316572,0.0437230796144762,0.0108940934514974,0.00381777446327022,0.00335726056062569,0.00732084023236089,0.00550928376024113,0.00607956479757909,0.0337213571271164,0.0194411739449979,0.00734808900595604,0.00195522443750377,0.017842977206378,0.0415826574467242,0.0118471171123877,0.0013419161402869,0.0033999665351788,0.0522383263271994,0.00306422729269259,0.00336134012100253,0.00417800344894981
0.00104263472019443,0.0082779293242117,0.0182482845486869,0.0459004419686215,0.0159383246601266,0.00483007464106109,0.0679317053849491,0.014797287760408,0.0204561191860676,0.00648322982736874,0.100330252391574,0.0802146031223719,0.303750864591182,0.0130467828647497,0.0103229038461266,0.037514786438289,0.00361960266670258,0.000184360925053607,0.00944469941576035,0.094254821220063,0.000966947676619811,0.00307895480697694,0.00101614349955408,0.0210360552139238,0.00168971291138543,0.0558683220762579,0.00953818327950537,0.0307030000435428,0.00882282501382412,0.00140164889920689,0.00856989037399654,0.000718606701637915
0.000307381342372234,0.000737969236718124,0.0031181853029768,0.0472928077477104,0.00300315128421281,0.000600297072893313,0.00922012272494636,0.0150014833318996,0.0245805912719213,0.00174245981732406,0.00439854500543719,0.0753136501863217,0.00356712817973825,0.627600335065286,0.0107338840313235,0.00618844780034892,0.000142724662597109,0.00158865837169486,0.00156801213805906,0.00202383870567668,0.00105448641708904,2.33330479717839e-05,1.61910119525149e-06,0.000543101952623837,0.000952824583415484,0.00235906624719939,0.0138744455599167,0.0869079548887332,0.0397015826726974,0.00846309598706914,0.00321308773919783,0.00417572852343209
0.000510810005282724,0.004460055092514,0.0058400999239165,0.0159521136972029,0.0021252446799272,0.00427920564012804,0.0119183634061283,0.0517403017017977,0.0667658267803357,0.0309073777602289,0.00399322549914022,0.0645954392099776,0.00103616359312204,0.00543237313390518,0.618462124866148,0.0232689664294908,0.000107141419774292,0.000243801839722651,0.00637040082090682,0.00058609285438459,0.000183736020322299,0.00398898215985348,0.000226233029824692,0.00611184463694654,0.0179758536015795,0.00351487274527553,0.00677797801871525,0.0287189158559682,0.0054570005236202,0.00013336327117566,0.00520126149235682,0.00311483029032786
0.00275326396145085,0.00143202031229204,0.00131944819707392,0.0457525959432764,0.172962249416384,0.0492498171613728,0.0354460562276989,0.0769854919035492,0.144541917947534,0.00693575386335233,0.003429865798075,0.00282080513122405,0.000993620890060806,0.000483905745412637,0.00527683895550659,0.352456487993545,0.00321737087434982,0.0049208305962603,6.88465066038818e-05,0.0237859549980158,0.0030861218450478,0.000192835977183808,0.0189857004416164,0.0166432614007534,0.00243459904197214,0.00243320665861769,0.000353220891872137,0.00762186083434507,0.00369948753070487,0.000159028568408797,0.0045489523478617,0.00500858203857823
0.00506849307454397,0.0145254417776436,0.00488324334944456,0.0082444432383452,0.18899884049123,0.0379408624758542,0.0908038478437313,0.0290852264005427,0.0993182292135435,0.000142515531354359,0.000532365644444897,0.027839215708329,0.0104642152237748,7.18517073544507e-05,0.00196720009538049,0.010313024639929,0.348546974186467,0.000880867372039471,0.0032978771440969,0.0196753282811375,0.0227590136614147,0.00814779128017185,0.00758884673987755,0.0157238521538244,0.00895837524917151,0.0110734771799632,0.00142999226085592,0.0005354106527309,0.011145389434791,0.000967877204945149,0.00136756997448275,0.00770234080858372
0.0154211032331034,0.000364356382088121,0.0019823545587003,0.0454345886175412,0.0237317082302637,0.00397526473472387,0.0216549180484841,0.0311897678804478,0.0192593506914204,0.000251102296769164,0.00366857312450059,0.0364705089995126,0.00793930310967368,0.00115605250274,0.0054399383546379,0.0068582611034381,0.00440783308586417,0.576674157361462,0.00271718690779937,0.0129815402824175,0.024728076464624,0.00402499246075889,0.0271485212696089,0.0187076762349613,0.0169065809087256,0.00172191136568707,0.00966433978036264,0.0347044672191268,0.0286708531981713,0.0058199200627652,0.000516914359410996,0.00580787717020944
0.0022610433718024,0.00465025011175866,0.00498713278706832,0.0518153270943193,0.206738633201146,0.000764323170672111,0.0747236834767362,0.0370950593918439,0.0940997401737348,0.000910226263741721,0.00480837878010348,0.0124653856908214,0.0308775008637545,0.000993196949866476,0.00170102003525217,0.00102090128855092,0.00535661085343393,0.00306201512068322,0.376855049511143,0.00398829708375521,0.00509694368382503,0.0107251862518976,0.00124266446264347,0.0134687814407416,0.0104737849022185,0.00399562074232256,0.00982530661133522,0.000284546546109202,0.0113097218551819,0.000375799986627046,0.00394031788643342,0.0100875504104769
0.000242245853172674,0.00377702569116946,0.000175381955749143,0.0102167429163216,0.10784301537708,0.00546067844715533,0.0590875040380096,0.02164692371587,0.0754662477827066,0.00454455112527423,0.00188878895552058,0.0305698856692431,3.67038691577163e-05,0.00374711187054306,1.94144403336226e-05,0.00137480375401589,0.00624932752617977,0.00373003588813532,0.0124998013688617,0.428093978911468,0.00136915135545021,0.0391415997465017,0.0117005230596739,0.00643586506191786,0.0302258643273578,0.0579826824065598,0.012160206569776,0.0114234552663073,0.0115891581364732,0.00441653854846423,0.0240900006202127,0.0127947857453375
0.00548737051472218,0.000786009285861527,0.00285976150741227,0.00246426330543033,0.0300200375405169,0.00919022126894707,0.0586000106499545,0.0122042221658922,0.0111082613392227,0.000775807171950287,0.00196161938314856,0.0456834201346949,0.00064172700226398,0.00135949401549386,0.00168640091362887,0.0383056491028672,0.00159189992171812,0.0020088582278038,0.00841229766237383,0.0787535850408247,0.505479821278567,0.00290302910313481,0.000560279047045164,0.081253960796887,0.0044601708071173,0.00782639138469776,0.0107329290953257,0.0267212247003209,0.000608835547407374,0.000657885182518611,0.0133565868200798,0.0315379700821704
0.000822896298500997,0.00593617065161475,0.00323201601887101,0.014750930372164,0.0832513804125496,0.0292926950082722,0.039193147086066,0.0222495238514628,0.0284828463254156,0.00632763230987323,0.0024988621614212,0.0357408841634953,0.00884856618033861,0.000703409044355147,0.000175541712641684,0.0352053839100512,0.00189023371169356,0.0299954371563405,0.00803387885642837,0.0941746834054986,0.00200780052522094,0.321568350137536,0.0176015709250842,0.0501737937748549,0.0580538120795581,0.0115520332832156,0.00502823831925453,0.0331520843661272,0.000189010820870068,0.0022144550264517,0.0311698762622356,0.0164828558425368
0.00235659729725117,0.00272624797686532,0.000677303360112239,0.00571247522589789,0.0420327671056014,0.00156592326890569,0.0109380337926978,0.00510560355598783,0.107903360708493,0.00428355684718696,0.0032730374608304,0.08813456980444,0.00133815574248235,0.0019907038378203,0.00574794823735021,0.0502960950972496,0.00474348207135382,0.00543882585113786,0.00339714681711798,0.0222947849490526,0.0200477464724222,0.0214366409946181,0.476833150167875,0.01064415123462,0.0352178590478362,0.000251326605220345,0.00118559578609624,0.0155857737217246,0.0148422829141078,0.000196987209064334,0.00857827409301539,0.0252235927455654
0.00245797029999021,0.00174888268283156,0.00292434286475368,0.0148826244580219,0.230353563395465,0.0179441389476019,0.144117466749959,0.0250333613919868,0.0933905635441725,0.00602978050857446,0.000405221432961716,0.0161608369534827,0.0115043806582358,0.00030185424596498,0.00362259678600687,0.00706060890281954,0.00906160033481619,0.00162102183180105,0.00983578712425151,0.0219803507657012,0.00401917577421181,0.0212045303343005,0.00405474538797705,0.268098066797241,0.0551688884900201,0.00982598975232604,1.08311553941377e-05,0.00150013606833888,0.00480135145656459,0.000205211527106444,0.00701310559205326,0.00366101378506827
0.000898456112800185,0.00750789769318125,0.00124385636871378,0.0604031077597357,0.0326752210916744,0.0176451104513421,0.0920495703065616,0.0190964320159409,0.00868498102441125,0.00811626367500753,0.000383162176233327,0.0589898065216206,0.00479066225955713,0.00199083722855932,0.000491874669340676,0.0253618113953934,0.00438941024878505,0.000648558642986005,0.00224537389388656,0.0673182697608767,0.00189499074843734,0.000203773584599851,0.00298166601437001,0.0925415706753274,0.369668646387915,0.0185128738047178,0.0078640373666166,0.0436503935401766,0.025104674380714,0.00630171065672561,0.0131146691943621,0.00323033034943053
0.00211293922546182,0.00128106534694006,0.000103255684980203,0.010595165465672,0.083611510782005,0.00271264185639393,0.094013308686396,0.0105499069944726,0.0170423491001568,0.000694126849210583,0.000515523077477025,0.00343751166040271,0.00258955180806399,0.000574215708469326,0.000366958098024395,0.0076526955315617,6.87784067211302e-05,0.000681743663818928,0.00326626507359491,0.0480748620557252,0.00565248754710453,0.00928904813271005,0.00313775236888261,0.0148441263321618,0.011728761352483,0.610622249025617,0.0284985730360156,0.00651907143758944,0.00970197398252464,0.00206162789193671,0.00766959902097433,0.000330354796451638
0.000748489390497152,0.00182756622693611,0.000568990975307381,0.0347557785736389,0.18300385264135,0.012523550752182,0.0533953173156615,0.0299180568789843,0.101883855080298,0.00434281799848148,0.000669661513117663,0.0680209795328313,0.0100291027717179,0.00103311260133837,0.000379574797742197,0.000630925433610855,0.00299154975551279,0.000126004902092651,3.78900606496925e-05,0.00176593454871913,0.0365007686969252,0.00192647489004604,0.00138280362221151,0.00675607231350891,0.0302506387894953,0.00212534663771076,0.338973216796495,0.0384268677008195,0.0233060983861599,0.000600886810827129,0.00903563174040145,0.00206218186472968
0.000584573978409207,0.00271726252669704,0.0269831271762165,0.00626382091317062,0.0836687115843663,0.0261456857831306,0.0172581055211027,0.00303111606314225,0.100893030331682,0.00932111183207683,0.00140312207507408,0.135136380600315,0.0544326556440267,0.00448040118373264,0.00151292630132607,0.00803829390064749,0.0137982604973135,0.00470126772447999,0.0115881712933334,0.00938037119679033,0.0256691540320772,0.00586175574973514,0.00261628704264792,0.00630031771829192,0.0547739410733597,0.0061284742855539,0.00069324377541288,0.306657394442306,0.0568309455039111,0.00553568837555539,0.00276176000933391,0.00483264186478177
0.00137253991808399,0.00177102668745389,0.0051215801871471,0.0117277279422512,0.142039516876553,0.0141292702619867,0.099062785410973,0.0429015074799139,0.0970268561620129,0.00403253409990793,0.00737937687236259,0.00454988659714956,0.000142382956580541,0.000773455339691824,0.00102796915563751,0.00569222124706156,0.00333693797745744,0.000923058117580388,0.00824438505807186,0.0682266043839146,0.0249261611977728,0.00203642976914136,0.00337875525440123,0.0110517502369987,0.0154386974083486,0.0250923831130009,0.0205144819053482,0.0151763651284469,0.3189801606907,0.00283496507408629,0.0371257015001379,0.00396252598982561
0.0136371349520228,0.00076188868736546,0.00214594446066912,0.0117656089175583,0.0979060128083155,0.0289114462353175,0.0308708359105253,0.000406128342617391,0.0650187915116429,0.00339618239673207,0.000968476932568942,0.00845565964383032,0.00223815366769874,0.00171489984263681,0.00160152078654291,0.0045799911062358,0.0154135465814919,0.000970796230821584,0.00485709053095231,0.0441541634482629,0.000768214828438769,0.0028822058832794,0.00487983821132545,0.00485786721035114,0.0204592542564189,0.0730479800260359,0.0082384062585497,0.00588007034608869,7.03946508807515e-05,0.528320071389959,0.0079438886148577,0.00287753533000573
0.00126257407434557,0.00163562725264517,0.0081095263728694,0.00808198273464423,0.017122769548257,0.0200763915953389,0.0256983576744436,0.0120911996061821,0.0409445906815478,0.00361824637361827,0.0107115036677903,0.00125975235276979,0.0076849905908927,0.00260281441793335,0.000524452565959776,0.0092487503958933,0.00138229978972723,0.000116345544599118,0.00819775881849595,0.0770515744553502,0.00461041546768897,0.000881280952994037,0.00317060640692844,0.0119496922003277,0.00826749980929123,0.0414377819060587,0.00320886239817142,0.00522986833411393,0.000859953493184332,0.00019193511614862,0.660343994788073,0.00242660061371641
0.00313408680510581,0.0104372895705573,0.00174771252497541,0.0418473360462594,0.0328900318662949,0.00161882909528373,0.0313874245831676,0.025226430262969,0.0512374750432321,0.0032098168477269,8.19699856038411e-05,0.0917061050474668,0.00274846673456056,0.00241616503967668,0.00628504284189291,0.00319670510871804,0.0434787928258973,0.00511716159148193,0.00130643532783599,0.0254355690578075,0.0442243255017398,0.00189006080494944,0.0339922662668968,0.0684662871797639,0.0592078851258425,0.00924310476313679,0.00527844664321345,0.0695612261425771,0.0281127907313763,0.00225710409012496,0.0106359155143315,0.282621741029534
