0.674680802409466,0.0161832218296835,0.000237886954802711,0.0332460907142602,0.00503221329789626,0.0141816909732631,0.00506945160353088,0.0197417197364987,0.00921808253263677,0.0180392202268017,0.000969300373606502,0.00841653038693058,0.00650115310664475,0.000393841096071734,0.00301341619340208,0.011842035829233,0.0364421510089864,0.00989036672509594,0.000328516320730817,0.0326131167143927,0.00210095662715424,0.0138191789132115,0.0463210885439803,0.0066960146749142,0.0113127624310693,0.000561286296961498,0.00405382878234086,0.000559876110535428,0.00452968567634518,0.00144923883637256,0.0010348523350552,0.00152042273812556
0.00357801178657193,0.508239722324861,0.00244055099056589,0.0393829673426614,0.00308629893275793,0.0908939824777461,0.15557077282159,0.032492657263876,0.00771141999046558,0.012076139983458,0.00432728759980992,0.0240868973337011,0.00149181182448877,0.000908069652756842,0.000498942766079036,0.00213075305047642,0.0198453494623381,0.00351925881465558,0.00129615313831075,0.0277189557663645,0.000482924763339749,0.00736246794283893,0.0247954716299942,0.0118625587357496,3.74297647914382e-05,0.00328386334971678,0.000735543605975005,0.00247542777543208,0.00659583957668065,0.000280114441794799,0.0001035938634414,0.000688761226709803
0.000751373808519812,0.0196837942316537,0.582484298076011,0.00459254923939884,0.0249359120977517,0.0268583464957889,0.036761492141984,0.0088519412775592,0.0375999168030372,0.0090210064541084,0.0155728855035812,0.0703510606839807,0.00363295199082187,0.000868587320420911,0.00648733063423808,0.051618087281584,0.00982009879600723,0.00234083318361815,0.00326572935327704,0.00764710231569791,0.00157453516736919,0.00414088025268793,0.0185109939975861,0.00924156073819305,0.00276283651936625,0.00342693361538305,0.00753947257758572,0.00371121153927536,0.022282334177686,0.000465860046820826,0.00178589085325791,0.00141219282574901
0.00313079421747907,0.000374528498146388,0.019747415763337,0.714470498195311,0.0652934529151054,0.00963511576934804,0.0330676427069726,0.0168260986294291,0.00651537041659034,0.0194949830638711,0.00780969001248194,0.00275423240104755,0.000175848634819586,0.00182694561671548,0.00537663941036185,0.0169791082821303,0.000414207866749598,0.00617967733667239,0.000164614620508954,0.014571093622958,0.00587856355259427,0.0025390586618643,0.000188652850492658,0.0013050092617536,0.00246920866643157,0.0204483672035399,0.00832382404553335,0.00736805444515254,0.00381567608335544,3.84152944025201e-05,0.00253800491482905,0.000279207040014517
0.0031922531715315,0.00144371320971867,0.000953187170373296,0.0153882967253039,0.788942834410187,0.00577551432236153,0.0327076011999026,0.0021173699220937,0.0236743268088842,0.00750703105481808,0.00196964516189058,0.00808879134383035,0.000453282575177718,0.000244652604249213,0.00301920465380793,0.0378506368049997,0.0136523533955569,0.000233372772011226,0.00157056604219241,0.00518264992606437,0.00328570783039687,0.0020407713114715,0.00713027027222198,0.00162968104814772,0.000649913872077353,0.00921970758786298,0.00336573387244725,0.00342891988239132,0.0110900723563406,0.000419505056737505,0.00363961790442518,0.000132815730524574
0.00505471434230671,0.000969948550542586,0.00314753598311114,0.0632789901645381,0.00712221498832315,0.554654327384643,0.0375808229929301,0.0652592632313057,0.0487249865841218,0.00690069492533968,0.0133822844744551,0.0113681835988918,0.00480433722886008,0.00100404072608338,0.00936749988330905,0.0908912107917661,0.0126443856948743,0.00138190125308721,0.000192463780125817,0.00260764950027195,0.00307924001257476,0.000201224746065608,0.00767497478530316,0.0152584634721299,0.000886690386302446,0.00696348446160672,0.0123240743488073,0.00219953336180945,0.00628695301824299,0.000241589009568458,0.00185692866348602,0.00268938765521723
0.0172428161209197,0.0078615995150216,0.00866873715019318,0.123760618947629,0.0534653153104286,0.0376986342249932,0.403642082468812,0.0192326881373606,0.0312013425710473,0.018824381206353,0.0101989533768353,0.00125509568017675,0.0069910359590934,0.000835595252169135,0.00849982450211107,0.0922310443701056,0.0307238754345277,0.00125830211644239,0.00292524403701304,0.00256393832613016,0.0132375813175212,0.0041372738887889,0.043150625076279,0.0191411293871592,0.0010657841536308,0.00382143141633426,0.018082808532383,0.00199963233544655,0.00658320866683941,0.00022728823559353,0.00842310013003606,0.0010490121526249
0.000402696184385995,0.000328656758777835,0.0158239088468033,0.00482078790679025,0.0467651085312739,0.0549954212365617,0.0180355416140386,0.677335414931151,0.0104534114710063,0.0231925903189714,0.000404796261515641,0.0329632287819471,0.00558655134454196,0.00915553924373969,0.00855545663538473,0.0192619761924936,0.00258344901176968,0.00188172251491258,0.000236392373484423,0.00274884431583491,0.00202232622944787,0.000952843133864599,0.00118297064138898,0.00353126864140695,0.0291157389867084,0.00196567705545309,0.00464923960224255,0.00522423141589072,0.0138712248264122,0.000158235727659027,0.00104392299173007,0.000750826272410699
0.00488330904983239,0.00790934592707525,0.0124625027328557,0.0360083374982778,0.0301818371268788,0.143762542389633,0.247157607588097,0.00500607582487478,0.288367166845568,0.00851989769221406,0.00713614255216249,0.0167598430634646,0.0111340580026108,0.000761210659695228,0.000702459402744451,0.0654174870667653,0.00839559064145726,0.0023207872305616,0.00171799766027311,0.00146330426864726,0.0124452553627835,0.00404953225272095,0.0265267899044928,0.0120282033485625,0.000919901798359404,0.00204716319802734,0.00707404131937041,0.00345886731679307,0.0142538205062549,0.000117889561675616,0.0141531214944218,0.00285791071284888
0.00515349566060125,0.00264610339917159,0.00843432973455658,0.0568752456267368,0.0218399647976398,0.00417127285833615,0.00640044021746006,0.0074917003948915,0.0118676480240242,0.707257924009415,0.0131948335170593,0.0325109923640974,0.0078691229629656,0.000193853107545018,0.0218504578716315,0.00526497886925983,0.000777391544581314,0.0113388520173214,0.00329203442933889,0.00536763795385771,0.0023782944327353,0.00206074762438034,0.00986261227123429,0.000371599139019836,0.00154638550948513,0.0251054440965864,0.00535453611059035,0.000155935710024745,0.0118742806470825,0.000495118128005696,0.00577210940521753,0.00122465756514686
0.00156497073650237,0.00557884952220169,0.00114868123835613,0.0419191415492984,0.0831106136891731,0.0151145033581767,0.027408372448107,0.0582606542138441,0.0135084871164912,0.0208916396886906,0.508821654147875,0.025726753614328,0.00136908917323564,0.000315006044481677,0.00580552134783835,0.00459432602284944,0.000693891425135656,0.00161279896419591,0.000580116765188009,0.0114782151264961,0.0147270413302425,0.00281595809669733,0.00820565320054576,0.0159890213612732,0.000579382193422939,0.0700578423126154,0.0256426576328799,0.00321631040328544,0.0179899153376067,0.00139395401337953,0.00700678252367058,0.00287219540191528
0.00188725794016156,0.000301549220504241,0.000233018884001145,0.00406676950363758,0.0205474748068418,0.00546524650977127,0.0342929170778456,0.00692226178242609,0.00407463074011876,0.00998729689017763,0.0003083584160299,0.670304804706037,0.00986379231644562,0.00244662424943917,0.00939946343927905,0.006524038923641,0.000827089477314298,0.00147392832431786,0.00534917142806612,0.0431935214211973,0.0114742997180988,0.0182833711626831,0.00058090674051822,0.0265920667018313,0.00126892434108301,0.00363271884706336,0.0298442465308672,0.00145434470643368,0.0397266903745025,0.00408393449912424,0.0250678484858748,0.000521431834667221
0.00100762294364651,0.00341914850386355,0.00255180161065967,0.0165038441805635,0.0815158355058811,0.0152294633677159,0.000204301680300661,0.00115826143941244,0.00703072541773877,0.0677119958276025,0.00303674453928291,0.0117751134775994,0.587082665886088,0.00621003058345079,0.0747021546920842,0.0103700018955641,0.00604790713263232,0.00263643445408909,0.00780470066901996,0.00768726177621265,0.00364002505704412,0.000720653569847483,0.00645708000281428,0.00155939955735817,0.00769232067271864,0.0110151652336525,0.000594566464746675,0.0423444337271706,0.00906231491657006,0.00197863694718945,0.000404924936161249,0.000844463331319016
0.000567775818901648,0.00104681534275033,0.00175699676452589,0.0144689646420046,0.0176302013820792,0.0225027119078383,0.0533567350823569,0.0148898294616828,0.0112821611883941,0.0165823931610864,2.09500656405532e-05,0.00288393989845024,0.0305419744651797,0.657935327986846,0.0368121847429552,0.0575718171371102,2.87077486657838e-05,0.00526803612845581,0.00774597526428299,0.00280279641412092,0.00133519954053498,0.00297497172957198,0.0102813070856189,0.00193729786623972,0.0145323213273208,0.00056655484769348,0.00467482875426609,0.00233206780643014,8.61643648952135e-05,0.00323920608199827,0.00164807074381888,0.000695715248284983
0.00298280534854274,0.00353355399431724,0.001150014396645,0.00187303799491286,0.0191053540959438,0.00949412112429485,0.0133083449891641,0.00309957263362564,0.0351480168205618,0.0348198542934469,0.00252361990246444,0.0259591307854954,0.0241230070379907,0.00108871061689163,0.707057478245709,0.0436564326788585,0.00527716269999334,0.00120547264845078,0.0006571388177854,0.00389482625655659,0.00111363055910118,0.00127708059335931,0.00442898110605913,0.00292184233645658,0.0101207670763192,0.00105012042372196,0.000242306040480463,0.0187090221834161,0.00976101668436416,0.0020389813648576,0.00571406294008008,0.0026645333101337
0.00818951101536119,0.018838657217388,0.0226059198370407,0.0191743793680099,0.0287807805679638,0.131158842656892,0.290149939328653,0.0074216285990376,0.0275695457701346,0.00656920819855762,0.00313156112988023,0.00513289432236395,0.0046840086262425,0.000884752071099442,0.000210610955723759,0.289729122670474,0.013465642813364,7.84836703411291e-05,0.00405937479093179,0.00310240014788646,0.0125864155883544,0.00550217588083726,0.0395220571382752,0.0175887382904912,0.00531449226790666,0.00172356577404934,0.00857291446912295,0.00247857327365743,0.00872405676148616,0.00036224519368474,0.012498078014821,0.000189423589967433
0.0207217169934295,0.00245770828355913,0.0121751876136406,0.0129686826735651,0.000293525855314979,0.00581499094961473,0.00963390597736223,0.00259759850256588,0.015044918955405,0.0154868300803302,0.00403513071993014,0.0212819629342099,0.0034848947711001,0.000818723513189186,0.000870889763524848,0.00229246113052896,0.782301860175048,0.0146509663035276,0.00446799052349765,0.00782389405193916,0.00301300377400276,0.00212528233285912,0.0148738242826565,0.00640571435757477,0.00369416895681059,0.00330049286586656,0.00640954558296582,0.00106813121553098,0.00411759232908889,0.00296850882669275,0.00606267920554792,0.00673721649912009
0.00287116314648542,0.0040920543824686,0.00291229796843293,0.00446970003888488,0.0327070030550372,0.00804960350378975,0.0128379882840148,0.00222677604954094,0.0316410372256422,0.00332236380951197,0.0154460197814489,0.0557655152497755,0.00132022668383343,0.00203875905994129,0.00563565773151678,0.0284202279103464,0.00167426537052796,0.678037127836262,0.00541590891782757,0.0266925632651683,0.0112879491871584,0.00408897676800442,0.00198438136050787,0.0158414643560206,0.0134814981966386,0.00279466120611699,0.00253109964290218,0.000478135823867129,0.00554051952255257,0.000364125842529228,0.0104219561275435,0.00560897269570172
0.000600276722891167,0.00183054013570757,0.00291326721547971,0.0291131420070755,0.00757702431492784,0.00651632804650553,0.0406731048682799,0.015332965097846,0.0052915301354403,0.0146150246591987,0.0125066887394295,0.0364945126998606,0.00274187947292976,8.44763738398169e-05,0.0010371268797321,0.00405271370976538,0.000279933816175648,0.000413011406611645,0.63004148984181,0.0128178963569359,0.00620527277844223,0.0153149994118352,0.00767292947169141,0.0550250363885756,0.0162639496667457,0.0349865721338668,0.0176386719957944,0.000206511424888552,0.00957568678355588,0.0072606435698806,0.00298266057071028,0.00193413330357127
0.000636412736590964,0.00117698859590481,0.000624748003978948,0.0312098071732844,0.0152697029509022,0.0221862253248952,0.0167546844706787,0.00417835826426491,0.00626121620956577,0.00571432020577049,0.000247078615096197,0.0134481527476603,0.00127898540913627,0.000171065263482279,0.000934630060243211,0.0185204216770105,0.00244702827573604,0.00177206024305617,0.0177051179891241,0.585630611902639,0.0155503421149906,0.0155029769279459,0.0202553713446857,0.00279340318079236,0.00900686070788811,0.0504740686348768,0.0735503019958352,0.00173242008738807,0.034091058993814,0.00658097506367621,0.0225165620785862,0.0017780427505
0.00292708287400765,0.000241473140206985,0.00305149526021438,0.0251166780068753,0.0204675320963791,0.0371891413639292,0.0139063502967127,0.00211835349163957,0.010383745967677,0.0110714252361281,0.0140469056479293,0.00661558722295571,0.00175645853786977,0.000990332908211368,1.33785427954924e-05,0.0203331812019994,0.00182144237456056,0.00101914871546853,0.0108492359971133,0.0411023718843366,0.460530230808981,0.0155480268750778,0.0531529744766989,0.045099493972178,0.0183565444906833,0.0503058914794974,0.0575023159754915,0.00353932816813734,0.0102867986850521,0.00309343600465031,0.0234909308208345,0.0340727074757076
0.00473789294153465,0.00244938670817283,0.000652219253631439,0.0141916704835091,0.00474341841916868,0.0210658373510044,0.0365625617648907,0.00420166154048596,0.107883446691451,0.0032893298234543,0.00349944899881166,0.00186345143852485,0.00230344723034599,0.00242935509124666,0.000388775639067197,0.113545271849506,0.0159150597339683,0.00219064087013329,0.0145792548673939,0.000984118906870158,0.0024313678930814,0.562500738578765,0.0248729087275557,0.00386424899060101,0.0179314110245383,0.00610068253513292,0.00424198784040571,0.00281601648718942,0.00543350976674774,0.00204616544879544,0.00795018008882946,0.00233453301518628
0.00532270875782557,0.00465863009741741,0.00304220289882343,0.0308175908398809,0.0057342810477146,0.0560992595337438,0.0485335028635321,0.00628402709228862,0.0148113004847398,0.00926968587471766,0.00698724662153592,0.00378610071257171,0.00285948717494903,0.000641248909188418,0.000903431027164959,0.0180289747723223,0.0246053202259485,0.000885144424344052,0.00859751624472357,0.0309817678673916,0.00279938081092601,0.004728279351444,0.627048990710303,0.00119044623171651,0.000703794644307661,0.0081553519841223,0.0395734984363074,0.00417573313850702,0.0180520138904601,0.00279650960210122,0.00778825382237485,0.000138319906606142
0.000226681130250366,0.00172626453927179,0.00116003090041235,0.00846311933459996,0.0228078005434504,0.00996330459004236,0.00987643124850183,0.00309229526563003,0.0120354326687867,0.0053431956162609,0.00583369596632916,0.0154693782807036,0.00352315845632212,0.00194230222000556,0.000556330864886213,0.036138410501029,0.00108995591390064,0.000274407483806185,0.0247905520481321,0.0291234244579771,0.0250302724741848,0.0141610888753721,0.00736083108556493,0.477119310066377,0.00236962628331073,0.138885207263262,0.0769150523954852,0.00777373212018575,0.00367617348166338,0.00188969169294469,0.0430639217598734,0.00831892047147726
0.0111120483755095,0.0490215438614304,0.00688821721745623,0.0263196270016669,0.031618223190527,0.0128951582975728,0.00760206059858412,0.010556727282912,0.14308448929689,0.0100006693562559,0.0214295028019904,0.0530700373868253,0.0118816326300618,4.60841323981077e-05,0.00428167370104631,0.0878094312741816,0.0154858482815505,0.0161516958639089,0.00722600573798512,0.0274038504923624,0.00508908277911264,0.000369134324025071,0.0135932254460743,0.00732371625125873,0.354642496882104,0.00175312613835674,0.0080003800496815,0.00731375999962215,0.0208338263622371,0.00113905544458848,0.00425007028517809,0.0218075992566461
0.000461162739286467,0.000236482260461133,0.00259912064035269,0.00188157127441274,0.0283224735494131,0.0135991092665818,0.0269861976764216,0.00474059293984462,0.00448967750435865,0.000832722774288738,0.0128439407901731,0.0398438732885541,0.0043820961947361,0.00120137976460183,0.000598003476942929,0.0239019558774042,0.000314886452627892,0.00208708786876042,0.00711645110619493,0.00352338749961571,0.0195381609465788,0.00355674107100317,0.00582897772995025,0.000110498873941278,0.00740573771440734,0.690070102837679,0.058241344063954,0.00468921383391159,0.00218689365619049,0.00142808513541583,0.0256072454430316,0.00137482574890427
0.00188117351055282,0.00211687030127927,0.00718712843243304,0.00235138900524855,0.0327306597410736,0.00784130070786913,0.01021437439792,0.00306430906911854,0.0145108474503015,0.00371770103962978,0.00726805366055566,0.0558683363078712,0.00137667193710594,0.0050668210383606,0.00082944152597754,0.0434239924053333,0.00125134040982917,0.00213917633508769,0.0116303500026471,0.0497171132457857,0.0573017606395254,0.0129885373011901,0.0165416657080253,0.0420261248958299,0.00743366355815952,0.102278958759787,0.447268802130112,0.00289262755267547,0.018311906225106,0.00192542770645822,0.025475686329037,0.00136778867011389
0.00290404541619661,0.00264824059044631,0.00187313959824464,0.0113811565203275,0.0110613139800395,0.012408777693421,0.0527200708307045,0.0118256252536711,0.00978151961065926,0.0178395755318963,0.0119938016440555,0.030457218008522,0.0166541185104132,0.00147128940324332,0.043399739727811,0.0082897926743452,0.000686124738577554,0.000853536411194255,0.00662063991041179,0.0399596159436525,0.00403614165516612,0.0245500544644395,0.00366614038390519,0.00835801185716536,0.000531318607780741,0.00532913442245101,0.0240548375163027,0.55226187503442,0.0536783149691649,0.00719005863797676,0.0207493187805858,0.000765451672808465
0.00528209342462581,0.00974602340847952,0.000254119948778637,0.000689370356544487,0.00376849358957147,0.0189067701160099,0.0295910189576693,0.00285637821222719,0.0142627061643666,0.00224493263686452,0.00482217514900043,0.00605047063224752,0.00092820771940427,0.00214155675691088,0.00109952922029037,0.0128502342952595,0.0038070912210043,6.08092305356279e-05,0.00252122889471055,0.00715333276819384,0.00674505764026642,0.00311751619925037,0.00856348683932652,0.064000746094844,0.000277571913438164,0.0115996453638074,0.0798381758361377,0.0283300896702932,0.658902823452436,0.000345548345589551,0.00656993545415308,0.00267286048776299
0.00367728420470897,0.000135749046326199,0.000312130380900217,0.00267415670273548,0.0402706559884248,0.00605453901462257,0.0265440190375956,0.000557778098102916,0.00152935456779137,0.00691481023253606,0.00290318828455631,0.0313791189316276,0.00435170016509437,0.000501570235284206,0.000584503172962337,0.00450516339503652,0.00402603161653836,0.000213224283668628,0.000364435875227874,0.0116832836564937,0.00120314916286627,0.0027702564128148,0.0305511062480748,0.0322432822441768,0.0129993510718716,0.0450515881875421,0.00844302264973493,0.00240177833308581,0.0137233735628385,0.680500295401729,0.020821960571857,0.000108139263173671
0.00164245893544443,0.0121367133787148,0.000968914306071085,0.00299354828003905,0.00169114429731876,0.0281098804180657,0.0276975770821681,7.40259061698357e-05,0.0307790562903287,0.00533041886311509,0.000963932956645274,0.0098937069382666,0.00288585548414078,0.00447275754813871,0.00078029356022966,0.0202271865103596,0.00648055958912223,0.00204349651963446,0.000514879553304051,0.0151952925502301,0.0230035487212162,0.00203909657972284,0.00358082219892372,0.0709279452804166,0.00379043408015464,0.0482076502147057,0.00469887111689945,0.0303078336038583,0.00409503719902125,0.00486808517926486,0.627705657214223,0.00189331964408642
0.0164011936788961,0.0239989182432627,0.00526521856815871,0.00361315620865338,0.0300451721777344,0.0212275784085522,0.0608688118527204,0.00293730717752193,0.0242775696884835,0.000673708757160327,0.00351392054800907,0.0164488622256527,0.00372211201702324,0.000458907831313236,0.00519189895223879,0.0428541629000765,0.0134240546236413,0.0267147120279618,1.75693847287275e-05,0.034192241466685,0.0057682583674506,0.0248692932713488,0.0361366572051245,0.00690193590012834,0.068186890121005,0.00547146741888694,0.00716060055111809,0.00908560199086435,0.0103497763335378,0.000191351168864952,0.00762913279923755,0.482401958133959
