0.65260211928029,0.046257313267772,0.00599707271228608,0.0209251719915801,0.0101570110370789,0.00631194649453565,0.00974695398109808,0.0558403425044939,0.0062211874155315,0.0180488057123099,0.0197398266574603,0.00596898893403923,0.00596864469446495,0.000576022041120644,0.0081623979226416,0.000533700693247356,0.0016491801855644,0.002290240726507,0.00300671640182184,0.00732084882951306,0.000180419506705006,0.00957594005705933,0.000469520043484525,0.00683259174474187,0.000165089669574609,0.0223504595437333,0.0260654043646811,0.000325412181262467,0.00177168693739448,0.00395512224059577,0.0367936063601032,0.00419025586730761
0.00499411559587296,0.564044350903113,0.00151299458173747,0.0128799534900817,0.0868762022942254,0.00269368363715568,0.134809971880867,0.0271977311128708,0.000787754097163256,0.0054597523535388,0.00235067939556227,0.00412615638573011,0.00193839404452525,0.000389484096388876,0.00623716726010105,0.00278577386299655,0.00491009672770883,0.0108127063439672,0.00307500320252738,0.000456728613274882,0.0141922561438372,0.00684463388329985,0.0344701260770377,0.0102560982739971,0.000918669619000269,0.00756193813009479,0.0115015320919091,0.00612619413727254,0.001690757615312,0.000571120564359663,0.0176217971801624,0.00990617640430904
0.00303897262589138,0.000395685965011397,0.235995664406848,0.0192941349573112,0.343889357299719,0.0156212940268658,0.233737142248059,0.0772969880102182,0.00115012285334855,0.0073416872014451,0.000504443992282862,0.0060841268580092,0.00092208832961837,0.00292028479516287,0.00446588466075574,0.014653802593792,4.51104123197116e-05,0.000364989245342141,0.000959821044403175,1.92264710536961e-05,0.00171673804007033,0.00734541672304135,0.00134997732033948,0.00345116332665019,0.000203726481761329,0.00385819100070551,0.000581062438308873,0.00956701488435223,8.34519217564646e-05,0.000627985717430359,0.00183169037296534,0.000682753775160369
0.00280777124655146,0.000850122522551173,0.00584259853200332,0.486239752554833,0.0356613050349562,0.00572076138542283,0.0608246158832932,0.164219997902815,0.00484618933549591,0.0740267614451771,0.0815920916345516,0.00544507868908046,0.00100661610774998,0.00016383983355116,0.00242944957385092,0.00423164962699399,0.0011238107531608,0.0007184141709671,0.000850260254429274,0.0136116231122058,0.00103605306737335,0.000213715207743455,0.0018856217175662,0.014807868991042,0.00817233822497048,0.00287947615782881,0.00251296322881634,0.0032611208286883,0.00730971663855884,0.00263311224109177,0.00122288202393214,0.00185242207274791
0.000915059999432605,0.00029198454731446,0.000801288024318641,0.0136141696375181,0.711631227277569,0.00287524536776367,0.163293723069736,0.0452564986986519,0.00395383698282262,0.00207579538321353,0.0104519946842162,0.00266703445723433,0.00345396239190556,0.00144510408292785,0.00330334899436577,0.00627232641321864,0.00436384085488168,0.00025732011431034,6.13190444258788e-05,0.00265315552138933,0.000431334906557699,0.00130324865378457,0.000890386629647696,0.00376039475375779,0.000131146295461403,0.001598795592865,0.000481739630915123,0.00038621262708287,0.00307378201687196,0.000394377460601622,0.00594541746903334,0.00196492841620442
0.00233149883763934,0.0107521585370246,0.00473922869870033,0.0192422445260325,0.27463132486003,0.344670138695069,0.184873033782906,0.0209458143381663,0.00263745029048053,0.00835458572739756,0.0144387570907182,0.00681036266731733,0.0130610516811563,0.00168037650861201,0.00514588278137471,0.00538800419095364,0.00922372483992714,0.000245419963551573,0.00223932287344377,0.00764945624173174,0.00111048076786142,0.0014899506155479,0.00732841666699252,0.0218299291231871,0.00991851942443709,0.00104914306666075,0.00195612457859234,0.00246060334321659,0.004612072414971,0.00166602297144933,0.00150254591300427,0.00601635398184751
3.13710553091074e-05,0.000501115880142268,0.00291678109371804,0.067807368292669,0.475810477080793,0.00237622412850481,0.12818845770806,0.18536158036125,0.0161068025751042,0.0091181161094936,0.042617186326404,0.00652382335562497,0.00168012478221282,0.00202158404033902,0.00366875189416344,0.00676977388143559,0.0066187808661437,0.000201875479134688,6.79951047284326e-05,0.00216356069846427,9.73808177889092e-05,0.00377282393288532,0.00204733235936259,0.00156036596008627,0.000162210222949216,0.00835052509775783,0.00330348339517667,0.00232999126111673,0.0060608040472697,0.000460764763991834,0.00714974442177564,0.00415282300614487
0.00764513370939483,0.000336563218874733,0.000730146882501263,0.0671084378282414,0.015915330883816,0.00152126696184593,0.0261270107925383,0.701129341785442,0.00530859352516648,0.0704714622846249,0.0593670828668364,0.000253369444126212,0.00114349003282946,0.00120376383412561,0.000865369617892039,0.00214971015556599,0.000914124728400715,0.000812748930492998,0.000240910942680197,0.00642039135566296,0.0018986402043861,0.00110352528136978,0.00125399426381409,0.00801952897347391,0.00596646628130173,0.00469154254922653,0.00253623853570918,0.000288445808712074,0.00180541981227321,0.000294848856081424,0.000835683137877972,0.00164141651471535
0.00199526840352356,0.00484411499715615,0.000159728757133476,0.0552818232521737,0.234847407378131,0.013343595513353,0.126316015008936,0.101078230865022,0.313378692746468,0.00554911173159309,0.0187451704909612,0.000147470525316156,0.00162166602326054,0.00216329279160437,0.00141285342449347,0.00864072109733875,0.000395976503330634,0.0018678300891595,0.00228533763849283,0.00377431074449477,0.00442858254297955,0.0190681160644488,0.015826166289338,0.00250044238083869,0.0252859166910053,0.0147298524590619,0.00921091724336102,0.00118983417779703,0.00440069522850315,0.000279602768384499,0.00495521941985763,0.000276036752481735
0.00303097121411806,0.0048732549362815,0.000243973684756752,0.0025509679511755,0.00704854797183916,0.00878321360972823,0.00255788446512313,0.0033939960508632,0.000935235062012714,0.853903699625308,0.038293928896648,0.00178694141278359,0.00391683231522586,0.00140285946421648,0.00376957305460001,0.000672091144519868,0.00207543793821031,0.000683114148654999,5.06570579798071e-05,0.00635490238600779,0.00535299268760249,0.0175018112993147,0.00350610757345999,0.00589317736989304,0.00466183300295021,0.000204403554313279,0.00227548836617045,0.00219175854092349,0.000304016981968702,0.000771212543320922,0.00482804131142724,0.00618107437860242
0.00119108040043391,0.00166292966028816,0.00431928770093186,0.00591604483763638,0.0243413986404414,0.0124556643192079,0.0140247410963622,0.00345693577897735,0.00390849876284728,0.176913411244248,0.635138107416734,0.0038098441287262,0.00744158079890679,0.000948984259361789,0.00153894274732495,0.000460432435868143,0.00316157934220316,0.000442648362733141,0.000548465329099788,0.00782792765191778,0.007342447542683,0.00645562524255756,0.000183756112450086,0.0063754515442118,0.00411309302627063,0.00175935691678907,0.00851362614151743,0.00558752175602164,0.0132847343832175,0.00185370580929278,0.0299761927373531,0.0050459838733851
0.000769047391850617,0.00875055526762192,0.000545045405351084,0.0390894125668389,0.0412683923297335,0.00730784276358545,0.0346991402196272,0.0288623452767532,0.00764074079894491,0.0161710219902792,0.00101088730152371,0.528036085125799,0.0104288290757167,0.00370671812223125,0.00601296439382661,0.0138614635103824,5.89074371712458e-05,0.000769377827905244,0.00220901584132384,0.030703448874181,0.00628750689509488,0.00184777749573467,0.0106845894660179,0.0520217882772,0.0125169615632121,0.0160584087572739,0.0376458062463742,0.0303207058346255,0.00322175842625891,0.00148812307951839,0.0458088772378507,0.000196455200192015
8.86577320793056e-05,0.0107547371347412,0.000527989975250848,0.0122987458561321,0.0632506669735623,0.000850083951075551,0.0425484677650677,0.000144460371533674,0.00744583083777809,0.137643012989974,0.0936333771021183,0.0391108364998607,0.382371560141139,0.0045810649823912,0.028349039175327,0.00270071818116279,0.000722796017693208,0.00156558116809714,7.96978340679314e-06,0.031305122948166,0.0109111936671487,4.66425407277572e-05,0.0246021077725849,0.0237412036979856,0.0111569673878431,0.0084569250350234,0.0175003621600276,0.0308612132517871,0.00346892695523276,0.000634095552709016,0.00788840009100909,0.000831242301363453
0.00104447428138338,0.00190142266247207,0.00138976767772628,0.00986901365333447,0.0421774942649199,0.000367527478541178,0.0317677557877851,0.0147720187220496,0.00366206907508188,0.0252259331667044,0.00173626706533213,0.000255311403329235,0.00820991032912962,0.757594730010492,0.0101369591009596,0.00357955596515052,0.000402334878855318,0.00107544815498456,0.0011903690158988,0.0195734724310069,0.00169105907163025,0.000128866028253887,0.000833435780539898,0.0275889051611519,0.00454509162478377,0.00251439315866777,0.00221634695405581,0.000322704660587767,0.00526713445862847,0.00707694813650674,0.0107746761710904,0.00110860366896697
6.24746054173476e-05,0.00675487303666438,0.00212820645308189,0.00171266719307553,0.0427457541022023,0.00354039616521039,0.0287648514961012,0.000442069583197447,0.00288118998988425,0.0100386413030898,0.0252470465373792,0.0102930802017321,0.00778043819948819,0.0049039880508333,0.704605304211981,0.00185493952673128,0.00238820838749494,0.00162459291335651,0.000227926719455115,0.00751901939656293,0.00805998029645043,0.00719349005970231,0.0250699210694241,0.00116856254887544,0.0163792309518941,0.00849572835630036,0.0136542184500834,0.0150027148747235,0.0059154270030034,0.00325022802071864,0.0267424094676223,0.00355242082826341
0.000872513476760838,0.00321087337316309,0.000409185890830761,0.0264065572983161,0.368166352613216,0.0562932011409043,0.167241073151467,0.113886784238321,0.00128923326751504,0.00292918529041988,0.0068793527456236,0.00137635598891555,2.78864216503209e-05,0.000562790236837111,0.00342255964118068,0.216808288764929,0.000433308811711581,0.00251702205339249,0.00203203645256303,1.86212290991908e-05,0.00138514725315112,0.00213081694437717,0.00716315911124429,0.00171327928245486,0.00117089775074947,0.0024125102363727,0.000808394726182822,0.00272443746853237,0.00162438297967479,0.0008608515732336,0.000306423394190658,0.00291651719301924
0.00127264003946648,0.0236000804142219,0.00276061867476924,0.0208594243422075,0.101818579909551,0.00363023007208887,0.0228325738084317,0.0458003449904918,0.010730589660135,0.00162129143668934,0.0121440109825371,0.00930710165861287,0.00282759669962688,0.000528425524610917,0.00345995068098976,0.0150864492049995,0.612553191882763,0.0363097471749473,0.000953958087305713,0.00933903965193254,0.00876236904234116,0.00226032458978975,0.0254346063580958,0.0171016413194992,0.000116668721744934,0.000834914174203865,0.000516373443666443,0.00257350067867541,0.00169127420819697,0.000315143046938495,0.000277062589279291,0.00268027693118984
0.000622938581580375,0.00702444627637638,7.67035472054176e-06,0.00657720704864118,0.106824946347159,0.00395031519704987,0.11006852208502,0.0398119961951323,0.00296006372534795,0.00626218701073856,0.00238700492516516,0.00530078787380594,0.00054348607850819,4.80739119607495e-05,0.000593709555747464,0.00966662919219172,0.00398480054267806,0.5284181857374,0.00928587867807758,0.0602059926384782,0.00290653518274392,6.39321726437614e-07,0.0231144605283524,0.0362467692005085,0.00153713319776031,0.00287167969145179,0.00113140652488713,0.00327893417303289,0.00277705926927443,0.00200407445238804,0.00526501587112692,0.014321450630968
0.00705380595451235,0.000952595329232368,0.00157414778173463,0.00187273324361393,0.151905258391868,0.0104002029862224,0.110313560997763,0.0189101840776301,0.0128052589100561,0.00492414822713461,0.00145367666640572,0.00170616995498976,0.00155720361341438,0.00161032877005821,0.000496996957019287,0.00768534487909717,0.0206042580141513,0.0210362986582328,0.541485276195076,0.0261075312110257,0.000108838850469263,0.000701456641802339,0.00381434335779231,0.0125997106895293,0.000213944033208731,0.0248993327907047,0.00205250315716248,0.00179691962326335,0.00137056219821201,0.00179178724796534,0.00609147819505198,0.000104142395600317
0.00671467316606935,0.0029292351903238,0.000721332880170452,0.0010362996576193,0.0472727085990508,0.0223216024633495,0.0305815025603831,0.0153881509401231,0.00755036271489926,0.0264520111198143,0.00557455452662183,0.000166252678661104,0.000822636224471407,0.000529785095650124,0.0019767335526812,0.00431865826325519,0.0119780606869355,0.00506225524759066,0.00329092461696462,0.683574155963819,0.0196690550645503,0.00196954001158712,0.0113389988729283,0.0193762898956775,0.0250600577439322,0.000653250653177762,0.00979606051810144,0.00847393560540124,0.000338185873755449,0.000895432657647335,0.0170415111480216,0.00712578580676575
0.00137841651805269,0.0013125842674851,0.000972632157242775,0.00902576118000493,0.222018514726559,0.000516652969078347,0.14787186644719,0.0345999042931826,0.00694205874573401,0.00429888761757225,0.00115088702995276,0.00057975023492683,0.000582449004468208,0.00038949631907512,0.00101821491708004,0.00264025172845502,0.00339993539783465,0.000111809119114597,0.000746307236452243,0.0211890781727144,0.447800974765143,0.0022409597570194,0.00670644780938336,0.0412110487898846,0.0156388175565135,0.00145519440180504,0.000144031342652888,0.00169616995338076,0.00384883562084923,0.000885005896118121,0.0104481702710684,0.00717888575400652
0.0155424905079932,0.000492289319980688,0.00854533788328011,0.0046996464255483,0.061549746439276,0.00456250605709982,0.0443300105671988,0.00084300858153444,0.000929804433230889,0.00173950378631494,0.000195637750212779,0.00285663770176322,0.011389177082699,0.0017209838144803,0.00371739726659288,0.0101162736171507,0.00225550029040914,0.0277185123572293,0.00481717643519817,0.00595748594379373,0.0467965072635778,0.52372334973774,0.0863513689288788,0.00288343845654879,0.00586860209715143,4.08466300526879e-05,0.0051648845660368,0.030341065054604,0.0125482256070127,0.00858206228932326,0.0201117382702813,0.0436087848378057
0.0149603426923756,0.00474652681037052,0.00697573484058617,0.0175943499927055,0.0334713084565468,0.00126824436385615,0.0141668115435122,0.0133096508966576,0.00390741400336067,0.0110204695055737,0.00580662965559631,0.00124551984284652,0.00486982616009342,0.00112946801504536,0.00449081724127685,0.00685046458345976,0.00547847778379323,0.0119799971111415,0.00447118182390027,0.0234030088377258,0.0509588252147446,0.0020702153080072,0.663869023046553,0.0126895966837017,0.000182925051070282,0.000299945429145969,0.0111404653261647,0.00675359572387789,0.00331805324831519,0.00400122019465577,0.0164363903301229,0.0371335002832168
0.00693538259291135,0.00383344546868064,0.000634572932925396,0.000436848003782787,0.0292574994703006,0.0282889090376349,0.019444365241988,0.0109737612587945,0.0074027362811558,0.0275613349736526,0.00449651250869984,0.000507011396465274,0.00228476519841038,0.00203272127471466,0.00135260269163509,0.00150727229763825,0.00876251714553236,0.00131149809333676,0.00142828795478935,0.0385823033275385,0.0368876045762554,0.00884326341123219,0.00654204214386449,0.633839913501364,0.05753118883749,0.00155284218517432,0.0120150035377977,0.0237325646503447,5.57081976629051e-05,0.000306711201452693,0.00873482036521819,0.0129239902415568
0.0053340802276633,0.00891166483890043,0.00119801677621576,0.0222849607618979,0.159643996752044,0.00395654674919345,0.108345459952671,0.0593729070545396,0.0299807759418927,0.00974721107646014,0.0087776712670954,0.00214492680148937,0.00128437738435163,0.00128648014942132,0.001409726397604,0.00237037495683856,0.000618958396877606,0.00751686689401057,0.00193137870843624,0.00814091653481312,0.0522930139326643,0.00117935567393616,0.0827260519504001,0.00562289099389449,0.35440503200491,0.00450877433352956,0.00529456326377308,0.00083460116731099,0.00159427029586821,0.000278505731118798,1.98173797595735e-05,0.0469858256504188
0.0014420963774004,0.00378038378828796,0.00181402853309404,0.0121136049119334,0.0665229731743967,0.0141002428129811,0.0616815607637266,0.0209771925868322,0.0083439688377581,0.0234008469616792,0.021812136406512,0.00371766707491957,0.00204072489685281,0.00101741081494431,0.00182939184867419,0.000677826574821484,0.00900895690946475,0.00119788464734081,0.00749277125144415,0.087537421473308,0.000290780206971032,0.0116728408203866,0.0358659831015835,0.0648505200371125,0.00101213339142619,0.49010060888863,0.0303701700921129,0.00282693810957618,0.000720059101819261,0.00141250945418765,0.00759180297690394,0.00277656317291863
0.000590489217270669,0.00111104321685069,0.000905381949669599,0.00213179022935715,0.0496228663132224,0.0152997565954611,0.0426690368551463,0.00583676232898529,0.00728716098249098,0.0158519780529253,0.0200724267567051,0.00171012220256057,0.00133135667938114,0.000259419479550303,0.000713663459012991,0.000446615352392136,0.00314604775623359,0.00172006515526952,0.000354158597621085,0.147281248707294,0.000320171846348042,0.0503711948259981,0.10711048868805,0.0874860323855656,0.00117865242880604,0.00946358260912721,0.408683828509789,0.000940210381360697,0.00399742593600572,0.00199369186463691,0.00636687455905725,0.00374645607785583
0.000589881612984775,0.00255575452718741,0.000866883919828204,0.0123303900758187,0.0342881941673045,0.00824317403916264,0.0297415465612764,0.036353352754701,0.00574139307017668,0.0354979781426547,0.00825803846942034,0.000490537919276515,0.0208206722812764,0.00113109878977793,0.0334535450085462,0.00894909753283158,0.0014302176463483,0.000788789499890162,0.00341451745478057,0.0670003832109852,0.00646015668239704,0.00223315777399986,0.00614129203350776,0.071895802692125,0.00499421316415994,0.00744584691953952,0.0272868216346324,0.548176422402796,0.00214937119307786,2.23787785142369e-05,0.0106916526866183,0.000557437354403609
0.0029694122176094,0.00472035713497757,0.000502460152563285,0.00252643946154587,0.0298861877410144,0.00479720933190839,0.0272428256986291,0.0110592351381466,0.00739101355908472,0.0113863492931933,0.00298190677208146,0.0102329163324208,0.000407284108259747,0.00259986480939691,0.00917200677968847,0.00018501098605811,0.00199805087578987,0.00846024847852529,0.00118225112217967,0.0663069785602207,0.00107549965775789,0.0517415007952841,0.106310636290414,0.0692899003862298,0.0041111270472207,0.00819136664826566,0.0921295923590484,0.00442434394094198,0.401609192455312,0.00524756668643602,0.0484341569095934,0.00142710827020258
5.87188687506966e-06,0.00180380146572109,0.00267094898996283,0.00566039344405113,0.0343264022852435,0.00113140118839446,0.0180549888920602,0.00261006899239807,0.0061712211362044,0.000760692091856197,0.0028520205090382,0.00175741060401264,0.00140514172402879,0.000167250523978665,0.00727753260504518,0.00380351266294851,0.000656092653761224,0.00291776403586804,0.0305696119238767,0.0557355545090291,0.0181736587509797,0.0314670937877203,0.00542461384280775,0.00974610028280567,0.0104200912624521,0.00970644090444694,0.00727329165215086,0.00416849013562413,0.00203792663675537,0.670248652929416,0.0433994282473805,0.00759652944310677
0.000718332441739879,0.00662830534692841,0.000271862204944615,0.00973280973703511,0.0264927212573864,0.00116310143884001,0.0201196855825762,0.0155543677711664,0.00431981514062778,0.0178248240894009,0.00644222805404772,0.0106674900035334,0.00345944673136685,0.00130590919177775,0.011234305978797,0.000656046569678402,0.000974146120397905,0.0025036513019945,0.00139332866436463,0.0202715622416002,0.00461640345675075,0.00642678376774343,0.00494976314054884,0.0244817943938709,0.00293521979020573,0.00239518924965606,0.00615375513718455,0.0161532386007594,0.00810294385004714,0.00191455036245324,0.753420659363558,0.00671575901901765
0.0146217694529613,0.00326580770855112,0.00247602746979009,0.0163779199039558,0.0882121889785797,0.00188450309461943,0.077693690034237,0.0616885226691016,0.0117207258399093,0.000272775752158601,0.00123958300983941,0.00116435180529786,0.00438672642950618,0.00237596455391764,0.00126578154273152,0.00556396245647412,0.00188968349994034,0.00367100133872693,0.00139949771535458,0.000862383784410918,0.0442000201322014,0.00348364059912058,0.212401015149042,0.00979954512241945,0.00362012712965452,0.00210691615172999,0.0118298375816567,0.00711519515718836,0.000371208061184613,0.00167904893268478,0.00398397515797133,0.397376603785083
