0.739515535435378,0.006192830566542,0.00300528746979006,0.0175349809902107,0.0124330379018662,0.0423406965696783,0.0111717362185912,0.00645672111699163,0.023979438896015,0.00442552070277459,0.00273173568561414,0.00234148696765077,0.000695803887246071,0.000172986484762795,0.000859253562070622,0.0222349853620078,0.0111481955219871,0.0160342378061104,0.000989880415944394,0.00407957215521886,0.00174868433231678,0.00165753663310437,0.00759321540633603,0.00315559688490076,0.0126549645168919,0.000762860296375924,0.00214868512413841,0.000213028034509382,0.0231442773601654,0.000319533011095583,0.013153323823682,0.00510437086003345
0.0132273293883246,0.573953990208071,0.0035411270954324,0.00458385378330608,0.0117316363977096,0.0456957942662753,0.170157541057059,0.0040191023049028,0.0262659956323033,0.00231677458358176,0.0014671454450797,0.000422309248620334,0.00024676685008111,0.000658949577832148,0.000206487152543197,0.0703425755523144,0.00962483654809225,0.00220329240364948,0.00226112188818841,0.0124818059123008,0.0027223992097638,0.000912285885573173,0.00937506756816401,0.0156116807236456,0.00443858012288581,0.00216943874514032,0.000574530098920135,0.00193454133441294,0.00260136192239403,0.000562688726322669,0.000626668760721499,0.00306232160638853
0.00323355814594617,0.0102776695166456,0.69652695859859,0.0136998574578231,0.0323159502689544,0.00693581802086807,0.0138750100571881,0.0160178441225836,0.0282647084355372,0.00277254208741584,0.0063583689826832,0.00470735691094832,0.00272926260457839,0.000822462537918159,0.00718115041064908,0.055157302662673,0.00405155758548643,0.00311386213010418,0.00392439891163351,0.00256653973923084,0.0140473505959906,0.0111653330461348,0.0167640049174066,0.00129784723651012,0.0169761416296663,0.00450327553314468,0.00448386797796382,7.09077647872973e-05,0.000685752884597984,0.000941051956665667,0.011179663551194,0.00335262371848122
0.000457173302819183,0.00143485436132122,0.00954641270717107,0.515168753805176,0.0947200883641028,0.0195967355267817,0.16577836536515,0.0109615122658986,0.0122997660261026,0.00115395843561027,0.000957430620207814,0.0584448430998596,0.00617924561663108,0.00541509201896724,0.0104476327256949,0.0127053019371468,0.000819683223451984,0.00164980648550416,0.00029087453042421,0.00168678943680554,0.0130598498849719,0.0012750300259307,0.00148835423812871,0.00109235832643039,0.00558277953047735,0.00107921007028337,0.00433543560515356,0.0029242091471781,0.0324858728028578,0.00123028356718768,0.00287210653837569,0.00286019040819784
0.00381922146199408,0.000136494799418902,0.00654086743706345,0.046517228968135,0.795405628551735,0.00429214303935892,0.0107367432791853,0.00834713304728589,0.0033002515257971,0.0163428477042206,0.00747445431316129,0.00740044776160504,0.000251565715951858,0.00263778037832979,0.00209208695121065,0.0153279741243725,0.00406796686060767,0.00210625056793548,0.00163388876267831,0.00407834212136044,0.00288017640817324,0.00482800392214959,0.0172487268570765,0.00400395945419524,0.00539097348398664,0.0072840568112188,0.00141543085560245,0.00139034176876645,0.00481787701780054,0.000116168100999782,0.00750199875901412,0.000612969189609297
0.00623668848436969,0.0046315035354457,0.0121890507267383,0.0346409658821491,0.000997321904319075,0.571566990437054,0.0731758781985637,0.0871655824531285,0.0297716126617526,0.00350979665920472,0.00440979362530541,0.000572455370800168,0.00132831086905458,0.00651764447616901,0.0254437282335306,0.0390112969689334,0.00634516839605279,0.00196120626649866,0.000507691458554905,0.00410887893330006,0.00999088192831761,0.010218940241719,0.0195364320173332,0.000250196331402503,0.00802006741156664,0.015723178411982,0.00625133407644504,0.00102284749029195,0.00105579061254116,0.000348549984391723,0.0118489984345452,0.00164121751853973
0.0138400309932317,0.00318788408453419,0.00891494134042771,0.0938387491546952,0.00230229288817409,0.0253030648303902,0.646095539420465,0.0332092371289718,0.0239024185409883,0.0173462992622362,0.00377295495973077,0.00443833531427691,0.00283417582952225,0.00379748825735723,0.0117163297092061,0.00483536997304351,0.00151361123845624,0.00224050705928033,0.00438347913376821,0.0195919052626395,0.00148056332508484,0.0088372321296115,0.0293347056389158,0.00852469922207502,0.00313769727171793,0.00627223174503818,0.00214616953276095,7.46065220707165e-05,0.00071670763620334,0.000547057457793341,0.00760568320619591,0.00425803193113648
0.0059120808200357,0.004831780273774,0.011313889060062,0.124482096027087,0.127755736138261,0.0368651345441906,0.00654316448038102,0.42837693011722,0.00946589583494594,0.0265800820947569,0.00434801967734953,0.0651002951729898,0.00435073254400691,0.00678262314238669,0.013989184908776,0.0208949107477402,0.00395562623711997,0.00200234612147648,0.00152117761586226,0.000125650918185632,0.0082441714693838,0.00182618008575625,0.00436630996997412,0.00115984260554956,0.0398394190335962,0.00350929146752965,0.00253909932074831,0.00300698906511273,0.016907003195935,0.000372433826750904,0.00384180953357457,0.00919009394948128
0.00534913508474318,0.00382351538825309,0.00481769782309656,0.0365421200379468,0.0226002453658085,0.0747684401428695,0.211161945970934,0.00226860730704525,0.425392104518505,0.0145682070570354,0.00380252607037817,0.00582162262600078,0.0051691527939234,0.00130194372929723,0.00333137606076711,0.0779004976029057,0.00522298977449312,0.00663401321959886,0.00134913605112578,0.0092820471319205,0.000784387316539102,0.00119061535155365,0.0168550155645052,0.00371050341094625,0.0309282671269595,0.000659031774828878,0.000643746148389461,0.00158720657290465,0.00216195092664175,0.000449220496226565,0.000989013381414516,0.0189337181724425
0.00538055023707663,0.00148373388757692,0.00553867925798697,0.0486057842624891,0.0161177789565842,0.0188105900804152,0.0168930955285452,0.00364998472557105,0.00282773167092792,0.651892073834224,0.00193568579405849,0.0659857739325281,0.00339897326333536,0.00621549735408334,0.0416794043622281,0.0021246141685494,0.00220566767232703,0.00117757490980741,0.00147707529384879,0.016578576587272,0.00341152559047298,0.00627881996739496,0.00533613206788786,0.00372131035245547,0.000971713270074857,0.00672884174905371,0.00267422713916937,0.00293760485879884,0.0371203808369944,0.00179755516586738,0.00144294177487906,0.0136001014475157
0.00572637368172662,0.00209705713896363,0.00294816172850192,0.00240254721337003,0.0806378578079498,0.0226887960634675,0.0222908624991827,0.0444209764940854,0.0290903385010242,0.0203155070469972,0.564052969605222,0.0252771831803151,0.00598843928558913,0.00210498904754731,0.0262441549317534,0.00915815589843358,0.00682860309568264,0.000126912942696736,0.00197179670508467,0.00569038856329798,0.00703355444295958,0.00320299131918642,0.00217797576509039,0.00454494060144234,0.00118624025438844,0.0171955341577561,0.00435941395341404,0.00687171144357258,0.0676007663062485,0.00196728300167057,0.0037779183722089,1.95989511702224e-05
0.00299501514276472,0.000373024131700311,4.90296517446978e-05,0.0473992559638648,0.0470592561721186,0.0245248324424603,0.0210355834904811,0.0167047097901688,0.00270352761185733,0.0378326208311512,0.0080050090710844,0.62190574130911,0.00187789212292522,0.000413738697292101,0.0024878111926419,0.0159862105775085,0.00584385545143308,0.0028976265944769,0.00254179614131736,0.0161399646806372,0.00478537399648958,0.00490291405846949,0.0227040988385277,0.0037922263340435,0.00749743193017999,0.022186267267842,0.0147439822421816,0.00317403636681685,0.0214788906283147,0.00348852317463695,0.00970921823470648,0.00276053586105286
0.000700231091834339,0.000331799538803429,0.00108299636527178,0.0374226210082689,0.12797748546001,0.0143835807241097,0.00977560537562465,0.0119033699153426,0.000142820615095137,0.0667119867661887,0.00692207784163528,0.014833818047092,0.442521726820124,0.00739940401682918,0.100547309945858,0.00464609497928779,0.0069841336611652,0.0079688279033833,0.00438058588900704,0.0115270335915658,0.00830477569229367,0.0127705292199054,0.00335078026235931,0.00841739837292615,0.0149557939220124,0.00354017562317461,0.0113499985646142,0.0155967287278257,0.0346383619417081,0.00158193911186925,0.00410559273439282,0.00322441627042154
9.59744974255716e-05,0.00318029436513227,0.019393054736593,0.000920679995872408,0.0056056179226056,0.0103447492753973,0.00275583438903232,0.00100783366667252,0.0193655771539986,0.0206841612698938,9.60589349266455e-05,0.00913021556102513,0.0276910107619397,0.762452391265979,0.055208114399664,0.0167045446110542,0.000684267271644291,0.00151222954971474,0.00552089345770047,0.00291037332861651,0.0017888621918333,0.00320666818778667,0.0026676927334801,0.000564660451675183,0.00364983958851497,0.000601226368424907,0.0074176204828244,0.00181807614930384,0.00964916921247355,0.00169729603086411,0.000174163513256119,0.00150084867467436
0.000726012120027657,2.40409579428004e-05,0.00179399076370268,0.000180494675149733,0.0262142675361171,0.000387627007696965,0.0111447782058134,0.00880565626985043,0.0152078756293058,0.0330524633242022,0.00197927093732128,0.00508432736462525,0.0605282767193027,2.13824522192743e-05,0.745522051020459,0.0332182945440298,0.00224769233108996,0.00594218304118265,0.00125418937651649,0.000604913628527946,0.00172695547293132,0.00470852316976964,0.00119026635360615,0.00223950305898748,0.00951461179406353,0.0074396658315026,0.00819504404130788,0.00372694975667586,0.00442991986292966,0.000423273593569686,0.00128490591676749,0.00118059324280567
0.0366707524655737,0.0249519542636604,0.00699157327148632,0.0264048468973073,0.0548137257858868,0.0603168232473482,0.241575629438951,0.00662036363159497,0.125846036256838,0.00906248578874016,0.000665698379397192,0.0113491344543949,0.00471740444710874,0.00138381893713167,0.00628491984109974,0.271776312085707,0.00147819904046314,0.0122704709978159,0.00587770272278401,0.016522609225748,0.00431215603516652,0.000748767936091043,0.0126894669406885,0.0036836621792929,0.0206490694464486,0.0011232175217829,0.000740193176147252,0.000766809316186866,0.00216336575869338,0.000660088860946622,0.00155002649892951,0.0253327151505887
0.0270954455447006,0.00384193709086822,0.00282506315953306,0.00206442761648981,0.00648707901003018,0.00172780464754005,0.0229734524879503,0.000746276006922025,0.010570669626171,0.000497715701337821,0.00734170807940924,0.0135754976442363,0.00308950888646065,0.000635801076580476,0.000546298487763171,0.0166976061192738,0.799966522635033,0.0229286042751205,0.000381579936175521,0.00533151034508587,0.00761766186151671,0.00240160239196791,0.00232111584292868,0.00136640254091972,0.0163235829882823,0.000872678357395501,0.00346531404569227,0.00205817488424884,0.00723153556071344,0.000362565877105703,0.00108616511740568,0.00556869215514179
0.00193621874079145,0.00331122469057572,0.00181383531836341,0.00116683791708951,0.0089833872179329,0.0165652961389627,0.0255028081870197,0.00344027998095,0.00483167187091661,0.00362126975979329,1.03922688302945e-05,0.00285898878381338,0.000272869598339405,0.000688876590071489,0.00052899105840625,0.000613880526406694,0.00639814411365253,0.777366242262384,0.000831388584121658,0.0290210464263243,0.0152986133176387,0.0332767664022545,0.0266898092123169,0.00417460916399635,0.011946557643233,0.00336163318825794,4.56674621736544e-05,0.00427002171718419,0.00642462950239036,0.000474217110458238,0.000184555517118396,0.00408926972823237
0.000306435276655721,0.00368032717835994,0.00377201019478415,0.00552831220966537,0.00126618051310035,0.0237775807596543,0.0113373394238332,0.00339365671454088,0.0462063749480462,0.00146165384254681,0.00115194247572534,0.00841466407844979,0.00354240467309931,0.00084284767979473,0.00164121109044057,0.0365024442628644,4.2188927585477e-05,0.00897551174970433,0.63510401608519,0.024505400111862,0.0259645398566872,0.0211345836123401,0.0131520236887947,0.0459050165527678,0.0184737236943129,0.00457214030524388,0.0153834900788867,0.00666110423517229,0.0104449319802074,0.00247782118574949,0.000781172309115863,0.0135969503048185
0.000165914622651936,0.0032479793538067,0.000403852515015021,0.0013517193544038,0.00376445450678936,0.00757866386912578,0.0165270592852504,0.00695233780296686,0.0217303253905333,0.00187542769782021,0.0197517947924022,0.0495627134712099,0.00081089500135022,0.00147268096110461,0.00448484073761049,0.00917463251435781,0.000391092634101816,0.00331257668781007,0.00778808735655994,0.716412456815606,0.0200499997404281,0.000959246287634244,0.00605122046148788,0.0299119455950873,0.00769021582759409,0.0117831758035786,0.00242370342194564,0.00400384124677374,0.0376125185280095,0.00154078252006279,0.00054020143831218,0.000673643758609524
0.00112060153831987,0.0010854040406135,0.00468230031965843,0.00529310433331161,0.0140478616499577,0.00859137133330997,0.0117005425351493,0.009763290658093,0.00773267686293325,0.0024379330342225,0.00873737801760282,0.027922045907442,0.00171736649016324,0.00173748928818118,0.000576107915518511,0.00278535079359549,0.00561870923952654,0.00208943386125032,0.00342806246295585,0.033843833076088,0.661441415007964,0.00708929910017193,0.0129230643792513,0.0418758623979072,0.0196717607024158,0.0139440293497515,0.0272114802953067,0.00043544177239107,0.0137741880033308,6.26318109407248e-05,0.00652017585914903,0.0401397879635272
0.00883707558701378,6.07026702146161e-05,0.00219698610141337,0.00705465164277329,0.00120851871194563,0.00986198135828257,0.0139397214357729,0.000429447176725122,0.102306530523971,0.00304224615015382,0.00100932367079428,0.0016567040056596,0.000556316507603954,0.00271481435424612,0.000322912665249186,0.0976268052766369,0.00850304645525406,0.00390359079471009,0.0119074023796087,0.00731986401775466,0.00241276169741654,0.613035354355752,0.0117977448864023,0.00748070721392321,0.0356175571241614,0.0171907369186003,0.0223570507012609,0.000228517067895428,0.000319721353609252,0.00220865317921502,0.00198292038609339,0.000909633629886395
0.0068454881560716,0.00772722446795119,0.00395947102815733,0.00202801591928168,0.00251253163917561,0.0200851205395384,0.0224320011728244,3.05344744211493e-05,0.0314028214808951,0.00091144887843111,0.00171501601146318,0.00358326627101941,0.000604740501699341,0.00222948637554788,2.42899790740466e-05,0.0433232014286374,0.00758978897942548,0.0039775175634458,0.00247562087210241,0.0333123143956931,0.00221821656136851,0.0411050050395548,0.697034371965428,4.16502044553241e-05,0.00839696574180526,0.0324443967155013,0.00546353534205172,0.00152531345243637,0.00253286111896834,0.00640855023993141,0.00274500972413113,0.00331422375951259
0.00427047760244814,0.00167610243336961,0.00253692677982023,0.00307828214762608,0.00745392653219941,0.000237429001654046,0.00468860026515183,0.00890880808916863,0.0131805129842216,0.00100205706610547,0.0187262177498465,0.0677018376965448,1.76740669727304e-05,0.00456207555293798,0.00270758602461558,0.0109612757470673,0.00202175909397553,0.00297474942218516,0.0089610925401633,0.0367049137210899,0.0702887552407737,0.00434721372644979,0.0113087795347287,0.617660518707775,0.00499143162656532,0.00514630686300482,0.0133733834919887,0.00290160106873798,0.047277518965127,0.000637552128236825,0.00266204836193186,0.0170325857675164
0.044867053275249,0.071990717309277,0.000841924535872425,0.00959244771661835,0.00557311700960882,0.000291408749347799,0.0464343054098404,0.00255184974380967,0.0464806519193442,0.0040099160359149,0.00636058664829193,0.00842340077272093,0.00179740181836674,0.000390855611494588,0.000984313444246197,0.0368699215241794,0.0129216605485363,0.0363698530049695,0.000250832890955432,0.0396316356216087,0.017882455380407,0.0194422652535056,0.00227290576006935,0.0217996675309981,0.467634924530956,0.0328629756826005,0.00904112396636361,0.00894561796394154,0.00857466891416482,0.000405101560781832,0.00299372369156794,0.0315107161743917
0.00107894236273887,0.00145760964755733,0.000754576040121126,0.00327281480341347,0.00937600859769725,0.00314852056491296,0.000422604745403167,0.0109248656584911,0.0313647948656939,0.00297387999854359,0.00473141174302819,0.0273901491223417,0.000866088245159275,0.00181530610778435,0.0051761787391029,0.0221500362676807,0.00169871338240736,0.0053637046029183,0.00347026958385138,0.0305906463296772,0.0328810514301439,0.00135368992217008,0.0136447826456287,0.0205911888771088,0.0106076422887238,0.718214087103598,0.00143208890505364,0.00159922869355063,0.0176414340764148,0.000434710879975208,0.00768677057789532,0.00588620319121318
0.00229038583920212,0.000677316984951677,0.00211911037380341,0.0038231057610321,0.00238236329159327,0.00155472446356872,0.0101991041358957,0.0132132026272535,0.00667201932184584,0.0024350365128551,0.00469963768302029,0.0189840518605788,0.00144927820697832,0.00124423060290631,0.00408308959259287,0.00976498704676485,0.00460082732069128,0.000773284979560632,0.000709724977620167,0.000376405461561131,0.0199090132602836,0.0240361584291247,0.0446927124964985,0.00930137941440247,0.0298003102067205,0.0461714836114533,0.584133964296019,0.000966287700108011,0.119531829073945,0.000734940382729033,0.0218287402698352,0.00684129381460488
0.00848882938612171,0.00555434808731619,0.0034348722050231,0.0135081826338376,0.0131898080285937,0.00657708904639049,0.0364205501857128,0.0122703568152292,0.00197873207485829,0.0253248429876196,0.00370406971474513,0.0210376491975824,0.0267541723288569,0.00082118090410212,0.0383171002136051,0.0179095274777606,0.00140228013745682,0.000448141363711691,0.00196411317842218,0.0105767292467462,0.00366500193590043,0.00525682577502383,0.0114281192149274,0.0144606093866017,0.00141102965797123,0.0307229163239079,0.0110527185056452,0.621542391390403,0.0182929614638411,0.010591563404686,0.0182814931150306,0.00361179461236936
0.00234672629368473,0.000977268020193589,0.00416891996075734,0.00543353281630968,0.000544344885650717,0.00851804102482285,0.00362915270667661,0.00212228795584868,0.00360913789982336,0.0119577594108472,0.0362412472213504,0.0316871036168511,0.0109786963014369,0.000708452336605376,0.00396685863727206,0.00299710316101143,0.0065222270275318,0.00191151900344756,0.00113079421902457,0.0336534068784338,0.00416755293196991,0.00365447009267544,0.0137555798199704,0.0126395417937026,0.00034014150227475,0.00586132745823119,0.0468334880340777,0.0555911531744019,0.668040900620812,7.03599594973713e-05,0.00770416616481965,0.00823673906998689
1.11363833423985e-05,0.003246773380803,0.00107729964822228,0.000840196495928457,0.0124471334977111,0.00464901167625768,0.0464882914472925,0.00204008080625681,0.00554967797930628,0.00126794258991909,0.00173370779615575,0.000392284793364021,0.00685000698132072,0.00147450570382804,0.00705552421337363,0.0215397587956922,0.00333515784862933,0.00183037720857255,0.0114917005121911,0.0236108940641615,0.00325108890560029,0.0290685104089349,0.0383199302805621,0.00488648686066886,0.00921116924468255,0.0146390915595089,0.0164251296889847,0.020441574246423,0.000638934162013366,0.685664454957997,0.0135294873461113,0.00699268051618443
0.0015799127252198,0.00869204623391119,0.000839774733610225,0.00406031013285322,0.000336279805044451,0.00594717352978022,0.0115084977568529,0.0034264230491178,0.000242874281629339,0.00350338578852927,0.0224361616600052,0.0414088511612604,0.0300161107769056,0.00184056865528132,0.0137067407168449,0.00450962265788663,0.00943638408749115,0.00192559027719977,0.00236023426062068,0.00435128941955734,0.0138678822684307,0.000988185627955376,0.00836734220648351,0.0290754783100623,0.00545061775037143,0.0205317362957893,0.0388244299279876,0.0987988586163993,0.0284024063259094,0.00609188558736565,0.572665797874113,0.00480714749953112
0.0268794572512505,0.0386354325667913,0.000186592305105047,0.00458058053544568,0.0137325835026134,0.00737781586741792,0.0389021442712263,0.00603901376488803,0.0032152426558828,0.00896833602888683,0.0185011505986333,0.00745065877120896,0.00170818375575664,0.000207117932679154,0.000174644988619266,0.0157602709553941,0.00416000790566847,0.0328498469489218,0.00600942219837961,0.00668362789900556,0.00238751527235802,0.00313440556295719,0.0384969677867164,0.0210077741082126,0.0341639908640528,0.0194534551379196,0.000557908968232013,0.00109252910890813,0.00879914959824813,0.00194432486372405,0.0041592156910704,0.622780632333826
