0.0615842021988214,0.00315936073110216,0.000499857738055119,0.0670658265495352,0.0792049824399033,0.00230503572155161,0.111292980093215,0.0586204241043068,0.00432099900280063,0.0332990892214165,0.205060112931639,0.103718051821422,0.0646699052506305,1.1675862932683e-05,0.00182208059922335,0.0331940749376756,0.00060257608844095,0.000414971190813164,0.000558090721666493,0.0230254175495902,0.00137320824277053,0.000307455535411642,0.00496723279057206,0.0247913450473644,0.00734882066148386,0.000587311229027463,0.000227344524728734,0.0984963428313985,0.00152753323759814,0.00112586677606512,0.00423041689311776,0.000587407475720588
0.00200532542457859,0.138324686582508,0.00206798531178919,0.0200177911911186,0.0199416176311416,0.00710075512741594,0.00367592895359729,0.0207791214457415,0.00155400019681508,0.0047656490089486,0.11901637278918,0.247226111393017,0.116293338361271,0.00031637766731088,0.00248274829850751,0.00548817993363402,0.00148044720085261,0.000234790553297143,0.00157757897222178,0.00867741171604041,0.019122321036061,0.00813775674589756,0.014824093364158,0.0229532629859055,4.95026067220103e-05,0.056238855625523,0.0429155714441383,0.10210798013764,0.000498223139505549,0.000287229060119324,0.00228652176354795,0.00755246433179501
7.75951512189234e-05,0.00389525343548894,0.0779212224451826,0.00586904918837742,0.0445540326907485,0.00531440610709621,0.0537625339462998,0.0226562433546019,0.00342009128413941,0.0730094098351809,0.246805645365312,0.139589337510619,0.0623906596881324,0.000629309545055354,0.000191250109087663,0.0247263802410456,0.000155281956279692,0.000364822122699194,2.50779551520243e-05,0.00903086637831996,0.000419822453936308,0.00377041189529754,0.00679388892933191,0.00997814947335652,0.00867460544278066,0.00583003209226119,0.00872380789234743,0.161607858220001,0.00145517673705882,0.00308248454508353,0.0124815196265572,0.00279377438195104
0.000272894561588803,0.000633823586980853,0.000599531947678255,0.0907949334327116,0.0511289101810359,0.00148160348998722,0.0390329942689308,0.0999492733485013,0.00780966033050441,0.0362421982955624,0.153219749619901,0.0703145265359547,0.0452128303328277,9.38418483957421e-05,3.03253661439866e-05,0.00472067187485766,0.000278176252608346,0.000626191910563809,0.000430552994855455,0.0925554697221671,0.0389999194383102,0.00111980739783479,0.00971565344163501,0.149521618182008,0.000105227699421828,0.012129603336091,0.00901918433040903,0.0771918486947608,0.00281964962473754,0.000607267313491078,0.00300243592192075,0.000339624717622319
0.000316077482055014,0.0001130937287144,0.00098047396322752,0.0290963015971057,0.0975346973794734,0.0010227553511118,0.00684672462931891,0.0118986962113021,0.000919425734416434,0.0300961930542022,0.169537324765398,0.254856079583225,0.101453076657999,7.8546905784075e-05,0.00118009866810232,0.00439386240312764,0.000760659577880694,0.000106834732171818,0.00114926057606183,0.00433033412678234,0.0200095192791598,0.00560549704511069,0.0121546485152061,0.0197437281155723,0.00345328449340429,0.00219857458096812,0.0041282780536712,0.202537008653628,7.17377952087192e-05,0.001000339547369,0.00498465606786942,0.00744221072537239
0.000773537453271262,0.00299212476070103,0.00429300086797944,0.0263546503629769,0.018072266583043,0.0916227065409993,0.0284064663837435,0.0027454648288387,0.000927997735917069,0.0547746735322653,0.222571475236919,0.181282543997685,0.0716077633981588,0.00104777850342891,0.00017244957297556,0.0071688675574637,0.00198584181831504,0.000848305448502349,0.00160003716701646,0.00122044135432925,0.00997998150881245,0.0037876517193851,0.0141451209894392,0.00877595248758081,0.00851225737939439,0.00413449949027156,0.00657023716361563,0.202496976203076,0.000403705986734269,0.00353833351505498,0.0114279206907104,0.00575896976139593
0.00126649286366472,0.000566755244816812,0.00375748895741961,0.0238575441207376,0.0166855254529982,0.00702335195609654,0.161370558206082,0.00319174148934921,3.45718628506384e-05,0.0683711196632498,0.229219415892662,0.176833723051887,0.0730757021315257,0.000885771509182679,0.000376253617592724,0.00713280376677828,0.00070382175842933,0.00229108196280104,0.00485084230961982,0.00265367098160878,0.00427075084645883,0.00310518729027445,0.00719062539360468,0.00264389544998975,0.00566484389121664,0.00115477780502595,0.0015511924856528,0.170744267047793,0.00021704952264161,0.00344899719047453,0.00691023339112875,0.00894994288638619
0.000167556881700543,0.000263157139317493,5.54872168916923e-05,0.0293768639784961,0.0221444790233488,0.000695300797724361,0.0136286642117104,0.116313444191236,0.00425223020994225,0.044138800295572,0.182127339779173,0.132885023371036,0.0640367727619428,0.000213396182478001,0.000223836502571873,0.000418123659567409,0.000350288060064897,0.000412988956419618,0.00026199677363393,0.0719162226780425,0.0341652312329311,0.00245473200758339,0.0124361877634644,0.119920366307568,0.000312600118240048,0.0103350955185157,0.00838131425567468,0.122135946748685,0.0018031284708282,0.000599303671722426,0.00313658409908338,0.000437537134834631
0.00166290074377143,0.000273461530088265,0.00135313916805721,0.00960183036771086,0.0500560887033241,0.00304877631931885,0.0178814445238715,0.0295795667646627,0.206165582037865,0.0206795056398839,0.0737756983560675,0.236120179896469,0.00146958002621366,0.00298876868086771,0.00640235770238645,0.00375741211897466,0.0010962951523566,0.00296163818335167,0.0038885420194843,0.0167201298314545,0.0258634210708719,0.0256136237419398,0.0452728536676572,0.0233213609512831,0.00262678685110578,0.0134192737505892,0.0088256969087991,0.124717340121975,0.0017655241780357,0.00361252726834472,0.00148079309709391,0.0339979006261246
0.000312335217479545,0.000550926604644092,0.00177096267329263,0.0619093641879972,0.127475013238891,0.00204324462433403,0.120233085272864,0.155844780268825,0.00719161881500062,0.082270096389094,0.0131840302763774,0.00594723046246909,0.00746095907906458,0.000136826729344854,0.00266011371216643,0.0194023622341895,0.000310374066561896,0.000588660154501985,0.000238877567915291,0.107888916560268,0.0441096628387596,0.00258981223120424,0.026341219501069,0.162233947612628,0.000205871796942715,0.0199669608306414,0.0164179337677476,0.00876037329673839,0.000911572337302233,0.000338049319412149,0.000662379006390411,4.24393258834482e-05
0.000552256454506126,0.000602334081669663,0.00153992244805652,0.0515676828559774,0.0797815868511916,0.00413123421693055,0.0858303660904336,0.108417724656509,0.00364866479003019,0.000281365271432005,0.132819432772935,0.0171584625143065,0.0172781599707488,0.000217985826086704,0.00680245371431656,0.0120625147569113,0.000225143124894672,0.00024092467698977,0.000690189600740292,0.138192006223791,0.0388930291211553,0.00655780508474834,0.032341363978043,0.193606307173273,0.000222152402289856,0.0237423338339563,0.0201568304847626,0.0188517838244822,0.00109860544416799,0.000321755284109688,0.00150835641828218,0.000659266052272852
0.000178985713984558,0.00064672738283148,0.000282954904138397,0.00333908424248023,0.00507331366999463,0.00586799026766528,0.0215764242415998,0.00137811601080087,0.00326129628186001,0.0431375893466975,0.128738219783058,0.238459476886505,0.0482027650162526,0.00134973250148329,0.0153221504443765,0.00615372198456285,2.85075252919325e-05,7.84024688687768e-05,0.00120567723673222,0.0675671037629763,0.0196308149280224,0.0108401273712077,0.0573828875139269,0.0830649994106349,5.80979618334798e-05,0.00148137937365121,0.0023523559463662,0.231080181783534,0.000239186962697041,2.73121812450281e-05,0.00129301170076885,0.000701405193952379
0.000717374916747086,0.000347937283240642,0.000758054022734333,0.0339749106255942,0.0320631443064974,0.00544019953345017,0.0515561096368272,0.0455087910698599,0.00200868828935664,0.030803173634719,0.193296224114347,0.0814770885529829,0.00491186352453272,0.000570378517817958,0.0150593646097644,0.0101588981648869,9.23297085435888e-05,2.09552966180206e-05,0.00121086125562882,0.126943872625736,0.0279379247629921,0.0181066639512797,0.0588919217180104,0.156637905543993,0.000268213823522589,0.0190137211044542,0.0193786752543032,0.0601667179673635,0.000349376399982458,0.000110791321929285,0.000960094496692526,0.00125777396559285
0.000621959478553337,0.00344929438674562,0.00527235677108395,0.014081391914397,0.0262195497854014,0.00202039461485767,0.010951254976947,0.0404625382377572,0.00566704903040093,0.166045475969073,0.475766808854942,0.00456299050655612,0.0765850169264206,0.0301675626358974,0.0335672613819708,0.0023893240214439,0.00200169837677542,0.00141277093419084,0.000902183261375941,0.00189156854418795,0.017617058640795,0.000825586958368718,0.0214140194014938,0.00873117134169008,0.00233865050837714,0.0137031736187838,0.0213000639094463,0.00597689887715897,0.00334211687921529,0.000474936309116705,3.44787445882854e-05,0.000203394201988197
0.000519125991473014,0.000284778729188234,0.000204118944416139,0.0236641436751688,0.0120321960411702,0.00572202355134759,0.0446301462611369,0.00926458887896905,0.00338406112850147,0.031775314556446,0.326659452193187,0.0668975241516248,0.148836736314346,0.00386853773422675,0.145747659816544,0.00858669163666526,0.000367458762524035,1.75506126591441e-05,0.000171655325721127,0.0253480332735392,0.00790677530078048,0.00496133732198647,0.02554388253938,0.0279000852841789,0.000643112417903226,0.0063435961515874,0.00527842817254579,0.0604027063164103,3.17325758711974e-05,0.000360587724678557,0.00263675035800027,9.20825782259096e-06
0.00750846551187636,0.00145595212645366,0.00638026017253952,0.0352185956101093,0.14232582176561,0.00728327119180137,0.165089431056334,0.0545617416250354,0.0103202092352522,0.0583878373232343,0.202208635373801,0.0377841727766785,0.040751366040878,0.00357023281124811,0.003453496563396,0.0442943661773956,0.00115264096424643,0.00529794654218419,0.00246502405022803,0.00487721342027338,0.018969266545949,0.0177483339600464,0.0142397689184306,0.0128933461118071,0.00504876839211935,0.0149620016775293,0.0255165622133701,0.0367208283888169,0.000559385038331505,0.00449362928893812,0.00178333405509342,0.0126780950709921
0.00167024458015898,0.00965400376448659,0.00778618405217072,0.0792749663471933,0.0182060888680471,0.0116666749863145,0.00109173195126908,0.0846139161638187,0.00754997046812774,0.0239243040181332,0.0865342393156751,0.248384257735193,0.044731029904158,0.000355088234614791,0.000209770334713111,0.00382131294854334,0.140186850259987,0.00133276493213477,0.00355690662920825,0.0130460618586849,0.00201573504920452,0.00104317387161239,0.00526600583839845,0.0095632013201251,0.0238166879813638,0.0153175362550722,0.000874466604514436,0.148538983251294,0.00168308121495953,0.000183629320301856,0.00100504214013341,0.00309608980038932
0.0011611299613704,0.00378743004117987,8.40389859376896e-05,0.002506576517136,0.0662977177083447,0.000930006652581239,0.099991004833685,0.0109442994160305,0.00748078088914229,0.0977134586785624,0.233042076837489,0.100843774166849,0.0680498363193116,0.00112302881388484,0.000308047853770151,0.026030017984204,0.00413445297965674,0.0999467077871797,0.000333987278280518,0.000640385140245694,0.00940204047161547,0.0129961397258572,0.0346333549208115,0.000792742686011056,0.00751821130420537,0.00377101408137956,0.0153814360871318,0.0772486012011236,0.0077329704283637,0.000109489815945643,4.42462601690033e-05,0.00502099417254468
9.45661609973619e-06,0.000909197981113471,0.00044766471397024,0.0152154950615388,0.0411837025698015,0.00309807762735443,0.029900933437786,0.0171537979954619,0.0021096300662419,0.0369813438174545,0.137402980361556,0.164637446080939,0.0659893397188558,0.000912252895985148,0.00670975005981613,0.00767172542460038,0.000333495776284131,0.000805719431295655,0.0843634734293927,0.0500072805295023,0.0304677626227799,0.000527666166074548,0.0286006154360669,0.114509160449376,0.00240179994691785,0.0261696888770049,0.0241831514537841,0.101841000491372,0.000804503755438252,5.15159307674444e-05,0.00164332229217412,0.00295704898319265
0.000802003499905766,0.0020711748307835,0.000432477575655408,0.010246655981693,0.0199857748284308,0.000304831380532522,0.0444939943254369,0.012513894239571,0.00340342720737855,0.0232823820450875,0.15392252496669,0.181205031207979,0.0772240970823901,9.19568415054428e-05,0.000884048372358166,0.0114942424466961,0.000316000184773291,0.000130071507158413,0.0019360304270391,0.198810120139302,0.018659202474665,0.00134449677824253,0.0285308841256778,0.0302646805264318,0.00351362373413174,0.0114439948586828,0.0160231445673576,0.141212918288861,0.00337784676248291,0.0001827599868939,0.000123103552401406,0.00177260525380572
0.000973239663397708,0.000264032603198225,0.00109101079245595,0.0342779448146804,0.0355959878241663,0.00700337940657859,0.0833037265730583,0.0259372692382108,0.000374545279313244,0.0188491735775123,0.176167384521623,0.0951875181988473,0.090423487571804,1.90318525636691e-05,0.000380014264501958,0.00613588272203147,0.00144320181077433,5.16066367951147e-05,0.00417060771823489,0.0958501920586443,0.0585561489906353,0.00155445129395713,0.041378717686951,0.132568353844815,0.00961516300904289,0.00521242922223045,0.00601169941504538,0.0583109271863979,0.00334941513238002,0.000165663598745154,0.000734824562681006,0.00504296892872727
0.000202313500387392,0.00212564757970941,0.00462271735383606,0.0111068808608745,0.0196539566333174,0.0119781831894231,0.00168660640704095,0.0246760172919063,0.00493328575530999,0.0184380130066276,0.0478539508854573,0.124979725040711,0.0247531912956338,0.000746567944345071,0.00323043030101341,0.00278942989864802,0.00118014828075424,0.000628704601253774,0.00774150273871615,0.13521981405929,0.0368937795044807,0.140371716063785,0.0270494867344848,0.223611452133038,0.00166109670306262,0.000470269044587323,0.000696528499081986,0.114184942984738,0.0023722554707072,0.000330117957101456,0.000994231522966233,0.00281703675771129
0.000274519505978654,0.000821497157649204,0.00104426199973316,0.00097810804745634,0.000339196050711649,0.00812795651512659,0.00823178781403993,0.00112483457048565,0.00172237712198819,0.0418308324759664,0.126752594164894,0.0373729883814506,0.0303462619559445,0.000713767637833205,0.00135645598861605,0.0018443354286384,0.000429669403103004,0.00107951535266267,0.0136399346310905,0.184839454242196,0.0314753620265931,0.00389098859768843,0.18825817828366,0.267188975054391,0.00264273736454957,0.00381301352700716,0.00165709543007523,0.0334458378955571,0.0016475752218894,0.000907466321619567,0.000316658855102083,0.00188576297630291
0.00121945450586771,0.00125716698057786,0.000300447046507187,0.0256935768416325,0.0291916509871402,0.00190017339858122,0.0857379847309872,0.030939848580876,0.0028550372454637,0.0166417921651681,0.158979292205651,0.194255629854812,0.0933168855888738,2.30454576562255e-05,7.29076460363043e-05,0.00940569079207789,0.000642524213244598,7.6724773484265e-05,0.00121256981891615,0.0194626844586562,0.0195244002661141,0.00227872459628126,0.0432154835676766,0.0649090528365918,0.00282704087525641,0.0114151718722445,0.0203580505115757,0.155465967244262,0.00485575212818058,0.000150270287380986,0.000612170855903777,0.00120282766632116
0.000547786054345236,0.000479373954952177,0.00132896170208287,0.0282224879580429,0.0234370904790299,0.00191694774461419,0.0196370057605761,0.026122765705349,0.0279750051707742,0.0538412832768208,0.121862493024502,0.125842765303511,0.041841782638423,0.00063091615311066,0.00306551632052456,0.00494640860408088,0.000660605776371181,0.000927075558254136,0.000605187195909106,0.0224056229838943,0.0671694509524507,7.79856210209464e-05,0.0443709527903639,0.0399513187182618,0.121291708526594,0.0179066962217862,0.0563733416884218,0.126775536253904,0.0106963954060689,0.000384992595713614,0.000462834910566776,0.00824170494967972
0.000289677868581595,0.00177347125523788,0.00167601511610419,0.0274388793876356,0.0716894218047793,0.00252747662006404,0.0780414482670413,0.0528896434672121,0.00357764246155923,0.0255961994512135,0.118389214850786,0.166113551015455,0.0593646322382685,0.000107220047421674,0.000611279779327358,0.0170081118433077,0.000143267550318172,0.000181488413682862,0.00126950508085915,0.0332659911485435,0.0212090981652416,0.00320271671884059,0.0443865248839454,0.0379184577595431,0.00161391197523742,0.0678230355395978,0.015628905523288,0.141122048487887,0.00248949522844965,0.000487760558159711,0.000182919207198205,0.00198098828521394
0.000383718146662224,0.00106327313183183,0.00129096695836427,0.0316490295352123,0.0617546269500072,0.000569799825247619,0.0883462440957909,0.0638396164090912,0.00330843151287258,0.00927776865693249,0.0698438231316873,0.209961431619243,0.0491030781031597,0.000107751070882476,0.000217005955744693,0.0117421369040459,0.00014100766377372,0.000168958845401737,0.00027218822930218,0.0320163084541781,0.0178524240283724,0.00341643146751709,0.0416016442379624,0.0296201048709131,0.000867405958772894,0.0107909981484147,0.0655096335849164,0.190961986947216,0.00195247274545406,0.000381152461394424,0.000454251040557143,0.0015343293090778
4.46869395221847e-05,0.000695403174393021,0.000267275108300409,0.00214488938670175,0.00966790942945951,0.00434945657356358,0.0188072651556268,0.0013458155742473,0.0022849357823605,0.0292039461504092,0.0871894907291935,0.258300393822799,0.0381131041768152,0.000950037399203263,0.00887112687455328,0.00527377363441986,6.62147465770532e-05,9.33206280619547e-05,0.000839134395870667,0.0482070823449207,0.0150862843552909,0.00655892213839803,0.0425151181269046,0.0623765871675622,3.35194178580418e-05,0.00023360097381069,0.000606688271588096,0.35339819833443,0.000814622200399791,3.45916526662041e-05,0.000976816603660694,0.000649788730431566
0.00134698953522742,0.000576613372045693,0.00054620921614527,0.0704126740493235,0.0677415165869718,0.000674054965749591,0.157069891535294,0.108256156677557,0.00183502479403273,0.0206012388222313,0.0172853575894527,0.134894434453025,0.0133044364021924,0.000293658150450827,0.00336482002426794,0.0114029271484598,6.02001823950819e-05,5.38271568506414e-05,0.000329860337565454,0.0389827139998022,0.0279293376227017,0.00146588700783834,0.0455313466986217,0.080202816544623,0.00263574049599898,0.00998367539868809,0.0172862892749617,0.111511136429475,0.0446850444115369,0.000243494461591333,0.00200439621554987,0.00748823043937235
0.000137115903216357,4.94675322998008e-05,0.00030138930798358,0.045126957057027,0.061682397818243,0.000825407848054884,0.0483765284825589,0.0573873988925004,0.00100062102670276,0.0235988036636764,0.134725828811981,0.225529181694845,0.0724920955061874,0.000940428850615748,0.000790530628707847,0.00538471955939171,0.000675934680566077,0.000130538809411904,0.000572234708557771,0.0131105706870459,0.0157570041915798,0.00118241333809824,0.0232217033723656,0.0135023151623944,0.000963508381982294,0.0167930830395587,0.0117232676040395,0.190450339581475,0.00353745425728963,0.0262207304891981,0.000223012353464153,0.00358701675898143
3.82226766872153e-05,0.00173783589735783,0.000295523962986721,0.017615767757781,0.0669194917701352,0.0164633358308007,0.0614829932380679,0.034675976952739,0.00317655725962358,0.0119660004544329,0.0668802755353284,0.16403906825144,0.0467079396964316,0.00106628981003018,0.000242315901266703,0.0125167620471082,0.00134225098277421,0.00087956447882051,0.000477180686635309,0.0358959532495088,0.021074810684532,0.0108654313522639,0.0730542403031892,0.0407979280912921,0.00145831393387968,0.0271501004874487,0.0259312934146197,0.154419092457812,0.00780908703964837,3.50739433299356e-05,0.0865029871740008,0.00648233467802684
0.000147903953889929,0.000762162994247748,0.000679586690855457,0.00744413548985422,0.0278452366098821,0.0071500181292308,0.0245186985897291,0.0168945943724903,0.0245452006682224,0.092397315658721,0.187162299699499,0.132906596149695,0.0502338370202566,0.00127426110277864,0.0039642619869916,0.00446139195493768,0.00116661857521106,0.00406233124788684,0.00167128871490636,0.0196394442021004,0.0741128766897798,0.00603647660888286,0.0486398905284907,0.0547400253130896,0.0107098153470165,0.0106707510805503,0.0380893732906199,0.116590327025625,0.00587409550633744,0.00140970636551163,0.000143144020764178,0.0240563344119459
