0.619967994741459,0.00743505332281968,0.0238710016305263,0.0220070116392555,0.00418133222573295,0.000694676222464677,0.0121806990123621,0.0341458475138008,0.00567999770491276,0.00173409188106744,0.00444184520594363,0.00731370741736894,0.00310131024363255,0.00187966364106329,0.0115031119065643,0.0648008531339916,0.0120539379992388,0.00337988594314799,0.00272306141167226,0.0202604135859821,0.00490636405740382,0.0281647623032175,0.0248218409686531,0.0112438239110931,0.0354505831109329,0.00135462536401199,0.00507585946233824,0.00218708256571201,0.00305845019308972,0.00174742003601891,0.0124537449136135,0.00617994673090868
0.0167373884867585,0.579614982657365,0.0469337233015007,0.0810628476143113,0.00701664290274439,0.0193256463797911,0.0300574395216021,0.0711855364454444,0.00254429293962404,0.0216366901314136,0.00502137318691113,0.0104486661892409,0.00271011665120557,0.0019169666146005,0.000999318426657624,0.0321899445916261,0.00118282678700763,0.00285051144480803,0.00318759500780318,0.00669743736905223,0.00612926319387486,0.0138753695207756,0.000991505188622952,0.00329646180499011,0.000815462264551061,0.00350104942072213,0.010106309566011,0.00332149775651823,0.0092849930831687,0.000337951095826446,0.00123340403517234,0.0037867864202986
0.00795255816678783,0.0167421837928501,0.492087784343663,0.0275981578495038,0.00149773254042292,0.049921345762382,0.137709725996606,0.0142135706909141,0.00543201161249341,0.00511980850946428,0.00192606985139343,0.00691669634020319,0.00613137032233079,0.000791836572575348,0.00815411341584253,0.0293687692897476,0.000625155603500661,0.00277010634991292,0.00210617235677923,0.001012724042113,0.0325529703277165,0.0212881863287669,0.0369977255134085,0.0313705725256538,0.0111526811102337,0.0148580517089377,0.00670151580052523,0.00435713522987228,0.00442771221315177,0.00154852667090751,0.0138431770883683,0.00282385207297161
0.000185365591775013,0.00255924240889223,0.000573874670821202,0.550575759854933,0.0679277348271235,0.0627645688367579,0.0460657305355374,0.0102890286333815,0.000472539697393633,0.00102748934751455,0.00574976446560241,0.132876821967524,0.00640946204832979,0.00353665852355166,0.0101000405635232,0.00243797382800454,0.000396585168235876,0.000841189670430906,0.000340938151875362,0.000399102702057068,0.00770924692666889,0.00542082829088444,0.0123814355455725,0.00501433734426131,0.00107225224552288,0.00553731337803971,0.0115429131948058,0.00198012158667961,0.0398193869207454,0.00278663395832379,0.000623371652612231,0.000582287462619164
0.00348405702766707,0.00235946818808979,0.00260094276778611,0.0504208431549504,0.713305844948854,0.000718200410388963,0.015346570079103,0.00600645702791414,0.0245899643940875,0.0143801765968824,0.0138089391976579,0.0180446890682487,0.00714317003433916,0.000810660765258228,0.0084842303983994,0.0385630900607498,0.000591933263443322,0.00133298770240311,0.00238707090371818,0.00315082108032575,0.0175196464659374,0.00257317424598251,0.00164543149002147,0.013269023380063,0.0101884581502728,0.00562218225194459,0.00337938885300676,0.000230370238209776,0.000279377191027896,0.00159757207192615,0.0134274074619437,0.00273785112939776
0.00540788718231539,0.00454871731343421,0.00350596724310814,0.0684938177327881,0.0332199023914965,0.53130887749153,0.078400718568372,0.041143657560743,0.0432571042040656,0.0070091250324259,0.00317842330043682,0.00101384887143048,0.00297562518370681,0.00105763026548499,0.00221406771116477,0.0523073209391859,0.000124433058760186,0.00335394411446934,0.0033877930786277,0.00209113924721297,0.00709714127632653,0.00539298361209699,0.0258820807358811,0.00908038940483166,0.00823380592574633,0.0123720146313709,0.00726818698417212,0.000941565929504915,0.0112887879699192,0.000722247610183505,0.0214004919246249,0.00232030350458338
0.0110032088047768,0.00587589840630389,0.00240715438877616,0.121955228987499,0.0212868187687547,0.0160504983799813,0.616081876045131,0.0483496802083106,0.00247325423652926,0.0285975895876321,0.00579801256724904,0.0077619776491262,0.00920869544573681,0.000624160057028084,0.00358778833993937,0.0173463237329613,0.000390910694529926,0.00350303619090656,0.00158903784062269,0.000289914023188662,0.00572053482739809,0.00203221524808582,0.0138710692471893,0.00820244047311609,0.00859314830990646,0.004242456805554,0.00461438484219115,0.00134318264151532,0.00611389967704954,0.000571385880814974,0.016670113509105,0.00384410418309166
0.00212721585399686,0.00240041082238854,0.0025871189230351,0.0174167767310483,0.0641973165144918,0.0518683467249976,0.00128132732275179,0.557783198532607,0.00459758533794548,0.00239004016187546,0.00481125432545451,0.122536716006626,0.019036484515695,0.00340206991085828,0.0138803599718486,0.012247751997072,0.00117728718281833,0.00239365642581186,0.00030730607862521,0.000478096529507364,0.00856814158216219,0.00291838319063615,0.00842299642387957,0.0135084554868185,0.0128750557035068,0.00880556644249476,0.0143055689479082,0.000516465665800945,0.0323013856005534,0.00546566998033736,0.00137175632913866,0.00402023477730844
0.00643658626562482,0.00594411472151502,2.59787887338738e-05,0.107139969143382,0.00159005493222704,0.0897207203121798,0.151800128078346,0.0369086872184429,0.441862683723197,0.0303771403750812,0.022372803226319,0.0125454179391763,0.00892460748267962,0.000253659671900638,0.00118759787666569,0.0234339533300957,0.000847974573055632,0.00655732654746608,0.000467857056364631,0.000246716088993105,0.0018896466735939,0.00285635979354053,0.00135081972321553,0.00661548797581953,0.000321681438658668,0.00694170882586827,0.0087342731901428,0.00393223191229682,0.00527877899380469,2.44882348762955e-05,0.00417556351312677,0.00923498237360996
0.00302748402108281,0.00346596452574665,0.000761942299348758,0.0417589259125959,0.0124091567000865,0.00106624524948437,0.00532553849225498,0.00293896138745219,0.011453595781805,0.536112103763838,0.00412966312317701,0.193789142658174,0.0116804040486511,0.00307896319393293,0.0461694726117812,0.000935928247743192,0.000148154263131813,0.00203645287513266,0.000120108144543714,0.000227610147247307,0.0132447753621696,0.00129004598293031,0.00548127022481975,0.00260200405211935,0.00798120091770832,0.00591064069068909,0.00630351269248408,0.00823357588316956,0.0617901378819421,0.0012369728084754,0.00212512835561721,0.00316491770066517
0.0012868659045221,0.00265864489522757,0.0196498261984164,0.0548854264330846,0.0322026684193534,0.118283658006277,0.00657553844390676,0.0221666230369904,0.00144567469116741,0.0137155749976907,0.563484549903718,0.0136623450274327,0.00735470026614607,0.000546292110388783,0.0075807067558083,0.0263314104700708,0.00166021916448233,0.000948905218467918,0.00139167027505251,0.00225643369272141,0.0150509445586363,0.0102668967561905,0.012487766842688,0.00320437320380998,0.00500760762486469,0.00171456830665763,0.000550711795338113,0.0206556297273951,0.0271092474675047,0.000444622754533281,5.09920398467606e-05,0.00536890501160973
0.00436029467026357,0.000928473416572599,0.000312775055645648,0.0015086377994599,0.0230485649534147,0.00552871691019505,0.0112477522404793,0.0108706228462829,0.00868196147320411,0.00322620303205752,0.00567324170646623,0.721878530374195,0.00466967865007639,0.00200319600426586,0.00199159714098296,0.0284868725742569,0.00169507467045195,0.000146004616431986,0.00437684229241994,0.00181936362561605,0.0083255013057065,0.00862755810585567,0.0030679681381578,0.0168453111907934,0.00798887956344425,0.0277548326940772,0.0206517654669309,0.00891174869973498,0.0482346489881649,0.000598482232940193,0.00588155588421094,0.000657343677244823
0.00233613150049384,0.00630744688405807,9.32920026122776e-05,0.0146285857084158,0.031640171571614,0.0154304651618924,0.000631712069845518,0.0167106770661526,0.00463659819315177,0.0542424757613703,0.000100555473510126,0.0206034619882221,0.635058506834567,0.00686705284025614,0.0578445955153092,0.00130837605069251,0.000167723272380347,4.25816158187276e-06,0.00192143534735872,0.00470868831966748,0.00499711997220342,0.00832561037863465,0.00948519449925568,0.00120074942271439,0.000852206142719184,0.00344576589315081,0.00014959778286154,0.0739695857267183,0.00775526961286623,0.00664479537329924,0.00493301274889652,0.00299888272352833
0.000505679486346174,0.00170334260744994,0.0029285453333005,0.0422926470376626,0.000989548272972878,0.0125593904819519,0.00326119606079588,0.00166547893737157,0.0111643862197726,0.0027437740436795,0.01043553604887,0.0170462354451516,0.00418841106909477,0.707053030341775,0.0342661139893288,0.019726508952754,0.00098579939667807,0.00234068330587664,0.000345477393742984,0.0253537639097544,0.00109014132100444,0.0234364686949078,0.0466310433084258,0.00195686135373197,0.0131477264774211,0.00177388782572154,0.000442883436112407,0.00420979022837378,0.000228789457904089,4.64032634652618e-05,0.00533015359641478,0.000150302702187003
0.00307566600997278,0.00372728317552023,0.00264910670580467,0.00848074342530697,0.00277092097026524,0.0113103981133906,0.0179352485669485,0.00338162777788943,0.00665229953364884,0.0366102339932693,0.00302708429473142,0.0163099771646295,0.0574439954881885,0.00343140271337532,0.689554908727474,0.0236921944644016,0.00224668727966487,0.00185148691919648,0.00219708653117671,0.000391242916425376,0.0108804357137692,0.00633643949787643,0.00647412951184927,0.0116033428753012,0.00540598563718035,0.00726653461705829,0.00955681937027615,0.0268337549958876,0.00924244904950365,0.00210703797760731,0.00626843655258038,0.00128503942982997
0.0168619822713262,0.0179493986548223,0.000795720777543917,0.148425363092365,0.01173707571876,0.1184287095933,0.306733683091824,0.0308227497430191,0.0527837293461153,0.0437949005811834,0.025041726954281,0.0103043729506281,0.00659834845588115,7.08228898132528e-05,0.00420379749633897,0.120865230377733,0.00489751586488878,0.00540561620674625,3.95929250009926e-05,0.00268750929410023,0.000598368666421052,0.00398315289565284,0.00715604053417477,0.00968429681969286,0.0125689077175862,0.00578873709354727,0.00540180842656305,0.00187129667680405,0.0103521899063227,0.000988465355587751,0.0101783382161577,0.00298055140581861
0.00775059990187485,0.00541175124779272,0.00142638024002139,0.00303193299184022,0.000681568441003632,0.01188214033799,0.033890783249221,0.00206847274756548,0.0257004626547509,0.00209006091934016,0.00132257029724052,0.00845836940918385,0.00485861848532144,0.00361212039255931,0.0185339085025836,0.0567258851169837,0.644957039246809,0.0148824721473919,0.000122341720719261,0.0300749467836943,0.0102684079584218,0.00140843216786976,0.0229202218172352,0.0341593954504836,0.0235436243302057,0.00283225819632355,0.00251374967248921,0.00043121790220299,0.00407474801032881,0.00155713344571452,0.0141315066329707,0.00467687958186625
0.000587545587179113,0.00554775988114034,0.00233145838669616,0.021422101780162,2.33051491924353e-05,0.050794485434859,0.0666092245702902,0.0187421727629445,0.0578499853736354,0.00317123171722402,0.00642826588438225,0.0115319238323975,0.00261486578047091,0.00380025954158309,0.00188710669204866,0.0503846465204737,0.00351992086293523,0.593345613447278,0.00235944990372595,0.00353525007080763,0.00432917837340492,0.0248104282923029,0.0365307032179864,0.0047214802369518,0.0108667028961228,7.62819915645482e-05,0.0036314784695653,0.00654004206873413,0.00104441593256466,0.000474744503808448,0.000204944133396133,0.000283026704171878
0.000127655325336014,0.00115429071002957,0.00307149717811322,0.00998160692334167,0.0107918622248319,0.0126890158972464,0.0284348401167553,0.00851850330895555,0.00921586461221052,0.00204164514199274,0.0288845976110146,0.0504229961352115,0.00230107801279334,0.00128165061921242,0.0016573362825127,0.0236501867624713,0.000454492373738,0.000984814711972671,0.636792503447516,0.020720461557947,0.0041506429749959,0.0344968419927184,0.0253028379379637,0.0114491558048516,0.0320636119593448,0.000152427183197069,0.00789534588518759,0.00211879079894401,0.00722056840415493,0.00275799058916948,0.0118719584314636,0.00734292908480706
0.00139749133327205,0.00235278378360044,0.0018466618272733,0.0107420385330168,0.00598073002689099,0.0241684415789457,0.0264638751421374,0.00169116363741307,0.023965035944602,0.0033762678178786,0.0138501101977429,0.0538641918157243,0.000629545477027506,0.000391195908455294,0.00148763638353233,0.0168576646995144,4.26865174930336e-05,0.00550033280473579,0.0474898794549279,0.543992006527683,0.000990960850350292,0.0204238522697947,0.0100097926186232,0.0284447723183927,0.00273555847230698,0.0584288671108767,0.0403914142765811,0.00105978654087587,0.0315355785961214,0.00699538241850901,0.0041799809497901,0.00871431416591098
0.0014468459567002,0.00380240452754909,0.000323058316513483,0.00810665402294617,0.00759703214569239,0.0279773544416856,0.032089167137035,0.00106771574875406,0.0390401380997357,0.00707821376035168,0.0121880404904083,0.0576635840285452,0.00408282542243997,0.000728733894121542,0.000820222388392657,0.0330282953085229,0.000294693876674368,0.00561798692051513,0.0151261430612381,0.014378665908778,0.568008106293049,0.00419620532331859,2.28788168019653e-05,0.0187490293904877,0.00399199945227037,0.0350585088508015,0.0219645413409702,0.00158444555233819,0.0440727891842255,0.00171279617120577,0.000743401024515985,0.0274375231434153
0.00808671075939078,0.00326714082990674,0.00426633196111062,0.0143341395543211,0.00379655108432959,0.0153385165876783,0.0196961259123797,0.000117681034798332,0.0598326362567601,0.00236666995058456,0.00996819509622084,0.00790067595470059,0.00866811654385929,0.00302690804841611,0.000756310149386814,0.0653651780903568,0.00609927706533502,0.00161556926052693,0.00220274192691696,0.000291002428683116,0.0111907924541684,0.623250278420328,0.044412575244378,0.0286994825883242,0.00959201976783042,0.0161035597976974,0.00974136743156831,0.00109692648006591,0.00734764206195027,0.000623881572515371,0.00804728986070749,0.00289770582480407
0.00633725065150485,0.00248014173825772,0.00103837367326351,0.0201983589755472,0.00329981796440689,0.0235348558501566,0.0251347898127632,0.00054976202545402,0.0140284883018817,0.00210921872483302,0.0053830188147395,0.0160825740802543,0.00635237493960072,0.00273932560778637,6.41280590287308e-05,0.0316209562782298,0.00752298036941266,0.00217257229785546,0.00281429143925687,0.00461977516185462,0.00585355734748961,0.00755649619043749,0.723217287531875,0.00257492488881656,0.0171256117493429,0.0150930019899541,0.0202012796622534,0.0018980658357474,0.0163686406742582,0.00458170289576441,0.00498049663953123,0.00246587982844158
0.0017750740965389,0.00461752678627623,0.000428196335329127,0.0070162951389542,0.00644743904276203,0.035897742994023,0.0590912467606733,0.00242486051335331,0.046718710337055,0.00335893849899368,0.00947626352847441,0.0473991653516848,0.00362898189337046,0.000748496648081089,0.00192278226592401,0.0560445833381632,3.38157812811728e-05,0.00396332007846788,0.0237711147363203,0.00986288842426453,0.0058396340036355,0.00310762466652458,0.0504338861041728,0.505675235020726,0.0058543648491198,0.0404724760441508,0.0204860435134619,0.000824415566643105,0.0288811225201967,0.000396870153212334,0.00271441809367918,0.0106864669144871
0.00915808797834137,0.0126052959572874,0.000405207728655851,0.0102423529038379,0.00407583109153285,0.0107615909892507,0.0673801108932841,0.000734422104551981,0.00928654791199083,0.00149976733558378,0.00199186486101395,0.000957961958139643,0.000186205594340661,0.00310948829548366,0.00380773972953682,0.0108532157495831,0.0122047682740727,0.00433772610630205,0.0046985048950774,0.00786672777410263,0.00359217958476566,0.0195640825575363,0.00324810662575226,7.17105936005701e-05,0.759345662440787,0.00089075162324609,0.000750823841039715,0.0086949700507874,0.00306332667627258,0.000111297448492385,0.00685800246885538,0.0176456679568953
0.0014445372360544,0.000840017374604525,0.000105751084011785,0.00923125860330348,0.00558038045979419,0.0115764264211105,0.011939767681876,0.00223627797076166,0.0111108043510389,0.00143918280991026,0.0131512865418442,0.00797381313593365,9.62751323118609e-05,0.000961817013586461,0.00489731527142028,0.0189721526676965,0.000154052791162123,0.00281932905204759,0.0136605694112365,9.24580214761816e-05,0.00232180412127597,0.0149140554197545,0.0415616512656497,0.0010547874220877,0.0229618814906417,0.751008296590731,0.0151652807022491,0.00200181880659387,0.0101323313741453,0.00243814978312964,0.015273887897878,0.002882582094683
0.0053704009779737,0.000493729075047362,0.000860298503183236,0.0109250998444482,0.00727085449388984,0.0063629755990991,0.00702095091953626,0.000815668645323266,0.00431900315109564,0.000964936095908266,0.00988621111883861,0.0180325990460322,0.00282286068629136,0.000672040182564659,0.00886987966937447,0.0163163040514868,0.00018389044044762,0.00104219729485257,0.0164496362496005,0.0279864430349471,0.0133244730179996,0.011714244938269,0.0510533954936036,0.00242660227605772,0.0427170583608935,0.100325862489811,0.601856264007406,0.00379534776719464,0.00989051560021628,0.00373836151750431,0.00863843911777402,0.00385345633332911
0.000758450122916026,0.000437510058420311,0.00289641759379999,0.00272593641861128,0.0179072830376745,0.0299640244699231,0.0460493054702325,0.00998698930760334,0.00687219243484684,0.00953284588523767,0.000184636236805238,0.0882704726849369,0.024836309965489,0.00470338816455395,0.0234990286376878,0.0390198509392059,0.00311075207983091,2.83401878494803e-05,0.00579501733251282,0.0028048097844567,0.0145740256929374,0.00706733962971379,0.000818010401899014,0.0030555887856457,0.00836107532663042,0.0276942544198041,0.0220457598378293,0.53993684307068,0.0416048520289979,0.00547078113369921,0.00683418661574582,0.00315372224382298
0.00497479086845986,0.00177734663772611,0.000966962735163819,0.0210551625395677,0.0129628178623358,0.00896381825222106,0.0134172708815242,0.00602757236873684,0.0133123280339971,0.00677342076147953,0.017042613224572,0.122848309217644,0.00759111330932517,0.00213720863739092,0.000977279144066412,0.00442295749256739,0.00665667533312606,0.0038738479047194,0.00200392902547556,0.0228999700353523,0.0144147404676892,0.00309237358839227,0.0113653796236812,0.0777230726030509,0.00198761801267433,0.0320010117758192,0.0179958642706092,0.0835812559090762,0.44713291139651,0.00406846951353333,0.025622481544642,0.000329427028870548
0.0127963719185587,0.00669143537301467,3.68554756879649e-05,0.0443257981109594,0.00402581272159013,0.00965482995172137,0.0143582431224068,0.000927831739971282,0.00767620453563948,0.0304540143726074,0.0220774690714255,0.0093771482989299,0.0129050298657647,0.000568605866606264,0.000307560853044054,0.00100291255428626,0.00148195760685087,0.000265574836792139,0.000238706610231456,0.00131057818491139,0.007836038581717,0.00274154558177998,0.00118260813940745,0.0128983386200769,0.00187330903426874,0.0111366753814675,0.00423937790470957,0.00602003192870592,0.00854597528545953,0.71621429490541,0.0431905206030132,0.00363834296298406
0.00513583196689178,0.00150272664955744,0.00126169389107938,0.0107242022530113,0.0105105895944798,0.00540942311642599,0.00895656431343299,0.00155687063661216,0.0065934007571472,0.00539544817764663,0.00238411963260905,0.0664501531603846,0.00490272608794068,0.000634385594713827,0.00251638051527286,0.00184150927832471,0.00416599267530688,0.000772956889598173,0.00118721965516077,0.0115548198479959,0.0252651267916335,0.00264528445177495,0.0152621396827605,0.0532650841543028,0.00119776472566652,0.0376456299110949,0.00439696964865606,0.0632179276178397,0.00967149192988975,0.00568746086572457,0.627980909388338,0.00030719613872636
0.00586101989700413,0.0169405859741086,0.0100057834573937,0.00178187224988568,0.0168153382696529,0.0129742876374951,0.0275222160383941,0.00282772005225204,0.0206734589195296,0.00193829625945852,0.00635235719305254,0.0219774042165709,0.00387982435861241,0.000834771324031701,0.000611927075024104,0.0237838805747929,0.00927072519095954,0.000917076869227187,0.000822967849523129,0.034944997651668,0.0173512620418053,0.0172417106206334,0.0397584777650356,0.00519395609294065,0.0384643867759854,0.00176385513826594,0.00971498632654355,0.00176414269865152,0.0024114470856906,0.00065916127184504,0.00408841327080061,0.640851689853166
