0.394357229955527,0.0042453221017933,0.0021601657430983,0.0255719261369587,0.0143325552686877,0.000125942646480855,0.00413256561653267,0.0247668298013729,0.0443419565584193,0.0017858814798157,0.000820158253770636,0.0044012836402504,0.00732720630592455,0.000912614717643045,0.000510128702713814,0.0420475472127618,0.00039581895784861,0.00165754041621368,0.000477517117574251,0.170758713448861,0.00489119197116189,0.00329812387148564,0.0353442746506901,0.156665764028978,2.99869567389116e-05,0.0284884474690522,0.00582458073441105,0.0021944728568209,0.000547108165790646,0.00296479941782513,0.000970478081648535,0.0136518677131487
0.00825663570745177,0.37726643754192,0.0176200403300063,0.0403683010677278,0.073343926454792,0.00823388478082249,0.0632344731472248,0.0200154829517685,0.0614214286341255,0.0108490298786089,0.00151072086355063,0.0299689867307578,0.00567289246231818,0.000648689193337983,0.00105219146998213,0.0558011544892244,0.00521195276189391,0.0020675621409953,9.00463351211574e-05,0.0089740170820882,0.00804686656385733,0.0232860790621387,0.0115772510176397,0.0175839240551883,0.0224246854264064,0.0170506134076664,0.0025347166757919,0.0368222014504579,0.000923514575616664,0.00544047696231774,0.00397094432031175,0.0587308724588895
0.00975784633456873,0.00143968360767563,0.434916789318132,0.00651205045671015,0.00484969780788962,0.00632781346728619,0.00165716271351225,0.00151256826536067,0.183667065588318,0.00625551185208211,0.0152726897601299,0.0284520480424737,0.00490104056233565,0.000213478702943425,0.0100363941347797,0.0725870977441464,0.000250654960441804,0.00288516734465572,0.00385834326448938,0.058742196930757,0.00464754594880096,0.0120468980171482,0.0354002895029453,0.029430308102986,0.00152947944051909,0.0147282768026382,0.00229125134154996,0.028376653654803,0.00138762901454402,0.00231600784149845,0.0017654867885974,0.0119848726852814
0.0100824556704667,0.00383673816696008,0.00928662426469749,0.0883501465297149,0.00707623121334202,0.00108401589656154,0.00559460480290798,0.116011851083732,0.0182279417554977,0.0063089343755335,0.00391939665645814,0.275145851117412,0.0424642564797744,0.000326723615329906,0.0724571001696977,0.015104146482027,0.00611306989494498,0.000861441969700948,0.00070761771555054,0.0126171299635939,0.000272110574859147,0.00357188149995408,0.00483031792621574,0.0140377834232223,0.00015024170620121,0.0234709594937279,0.000616374357816092,0.250644915455203,0.000463069688490494,0.000173563971954759,0.00448486717217684,0.00170763690627497
0.00654812985200217,0.00762485621476306,0.000447970978112774,0.133348707275374,0.295535999619279,0.0457607914125478,0.0326883457772291,0.185835264476579,0.0706909413551124,0.0258947810339147,0.00114406872228754,0.0384720524951038,0.00310913419893891,0.00303530589878429,0.00733814634223569,0.0442527779347399,0.00196948259485637,0.00641911178097541,0.000478921936327579,0.0196024432719059,0.000628255237181712,0.00185313538226821,0.0038855341849394,0.0214271482994476,0.00283848262008759,0.00210479744600226,0.00507692237534018,0.0290109483918143,0.000724727299646236,0.000380659654066653,0.000991938610579924,0.000880217327556082
0.00768045794669582,0.00749721766510233,0.00719200045739475,0.0024286081250607,0.00517744809454825,0.474636243829939,0.00104424938908806,0.0721234501488375,0.0171385753638699,0.0461030094974275,0.00452714145523851,0.109928743111909,0.0164370639749216,0.00123260229784046,0.0221613260012982,0.017088876798589,0.00269806532222239,0.00305803989754188,0.000261214470134204,0.0218847781924651,0.0173595112808809,0.0302775314479369,0.0141604088467832,0.00839283569787334,0.0111922890911107,0.00472276261492017,5.93098376872271e-05,0.057025307611599,0.00112978323721048,0.00472400766579508,0.00244996447694431,0.00820717615113468
0.00212160439514054,0.00614701779944975,0.0027528285066512,0.0633528395882012,0.0524775183572833,0.0176538660735399,0.3895414481984,0.0813187380859641,0.0207834468384238,0.00975830994560419,0.00258021715537115,0.0700994803338123,0.00114318084870236,0.00342668138260123,0.00415550952372826,0.000968823901648096,0.00250296112784771,0.00152629987056491,0.00178551047907409,0.0967552348742295,0.000706516680410535,0.0110185220928262,0.0170313339303914,0.0717385471530913,0.00269502195524789,0.0115356651423473,0.00235151091067211,0.0428142719667829,0.00455497353468729,0.000555356067918527,0.00339429061100703,0.000752472668380409
0.0103832871809902,0.00493406276982989,0.00720070311971612,0.00730696444164619,0.00856265005282798,4.83890580880426e-05,0.00186098122309384,0.356583297360641,0.0113533014615764,0.00492060129904715,0.00293175905963475,0.231523289919961,0.0298717782495347,0.000252455077523755,0.0517263577037484,0.00525873312608629,0.00750681822983559,0.000186557361550267,0.0014573687745428,0.0294539844198198,0.000140227969543794,0.00519471304654693,0.0070585387812322,0.025282705103344,0.00118792758222811,0.00818501057074904,0.000217007433705292,0.175162904658157,0.00127710619222981,0.000430846802546035,0.00173197834277819,0.000807693627246664
0.0121468325110151,0.0117406352385792,0.00154294775649923,0.00919965073437894,0.0254226836552518,0.00619258827936358,0.0218772437880724,0.0189050791040503,0.323636927465305,0.00904192316126479,0.00251471524725526,0.0190463000115761,0.00184212263885367,0.000204249064016048,0.00486920722038473,0.0254235276848576,0.0087846050890389,0.00195544594119126,0.00185550562134709,0.203195188725845,0.0061012274979129,0.018332920583221,0.017544152104631,0.162404853344112,0.00474839612023154,0.0213136474559072,0.00935041224799353,0.0412538725063845,0.000528053884859157,0.00156480430365774,0.00315101765135117,0.00430926336159157
0.0081695758265134,0.00688725212299893,0.00402076975657975,0.052865945072568,0.0218062021004167,0.028270055047186,0.00191043227471838,0.145277849784334,0.0140051525345052,0.281634668597787,0.00247730804521181,0.144412336154103,0.0217012377510487,0.000853470917227689,0.0190924306434837,0.00425822923418926,0.00595785329101634,0.000222540796364619,0.0028409742651195,0.0281213581800264,0.00589084876070326,0.00198144409835703,0.00738648090450892,0.0329774569038988,2.89696306583064e-05,0.00783658850512395,0.000776362712089389,0.143589630397903,1.85866116054922e-05,0.000576790589196418,0.00375256053337432,0.00039863795718347
0.0124299366354489,0.00378792876602137,0.0200231648768858,0.025899837181242,0.0404373163646895,0.00448128240502286,0.00780825441907529,0.0192610043531188,0.000554204394143532,0.000320587343600299,0.244753355511011,0.289610151831767,0.0131617345988225,0.000248831707023027,0.0616572861424405,0.000121633220503406,0.00778703553660926,0.000302872355168243,0.00398372322618039,0.0147094153419915,0.00066375720732135,0.00208229063913127,0.000147607485928015,0.0155034836598797,0.000516385139566764,0.0107776364758463,0.00188022872686379,0.19480629470998,0.000168704762544763,0.000343334466251224,0.00143470651873229,0.000336013997189381
0.00360259844518,0.00348184543365765,0.00529313711979743,0.00120898828083606,0.0141900382874896,0.000487438934364647,0.0118454231353925,0.00082508026082819,0.000702893530340202,0.0107369192628042,0.0105855974072464,0.332549274306747,0.0110675684676933,0.00238916251812145,0.0101885826562342,0.000553461198695249,0.00421454068907994,0.00305052061404292,0.00566437698376059,0.214123840293477,0.00567402668760072,0.0112835406042801,0.0415574895567547,0.177152674564434,0.00216930890123514,0.0495331665637489,0.0138420724225367,0.01843845787642,0.022721473597431,0.00289047287009942,0.000311975402284146,0.00766405312738609
0.00313359516812158,0.000946166708929996,0.0054707257353406,0.151939812495603,0.0852102359189544,0.00248249299285816,0.0286094357709888,0.0660180716513261,0.0122881955301459,0.0360078795970655,0.00286286600702332,0.00330426046240041,0.314259453723392,0.00117276620030316,0.0739096952747924,0.0275018098700311,0.000476159619735936,0.00421808200173467,0.00210232623302418,0.0736787406778433,0.00266989338961913,0.000780458122281167,0.00488385920893407,0.0626914053565112,0.0152021020473173,0.00360374773186963,0.00260916858974658,0.00268157996283703,0.00573180437865808,0.00105581587299965,0.00124850989935268,0.00124888380025952
0.00416487256333671,0.00447325587355466,0.0040215103490518,0.0347785953048988,0.0296680235279413,0.003278617980148,0.0227761473880876,0.0171584552771379,0.0864776439078652,0.0266557611239702,0.00207684513453157,0.0613800712221331,0.0299981409491197,0.411817236650952,0.0568036651623907,0.058709087100238,0.00170310249129694,0.00036820181885779,0.000451330487676951,0.0156124440641127,0.00305122934943541,0.00380508557286023,0.021931284579795,0.00647567665504433,0.00117807406715371,0.0286014858122879,0.00248175909375653,0.0513549342446883,0.00173791638915076,0.000964944604803921,0.000777883120131792,0.00526671813358964
0.0102543660157438,0.00224462080714828,0.00330625369153365,0.0335500223950318,0.069365559041097,0.00623051039173052,0.0180079912643758,0.00110413811547193,0.0232486685509416,0.0124371284070003,0.00195299416098773,0.123256966487478,0.0343559109297104,0.00218912503105294,0.50145933399901,0.00661345623672154,0.00232194753131388,0.000632715381785956,0.00333098327129894,0.010697043575497,0.00334044906738301,0.000633869676452806,0.000619323496116432,0.00903580616226442,0.00995348157309757,0.0198400575802715,0.00401644947228067,0.0838319400013528,0.00125844813563629,0.000111763634773228,0.000568370259760179,0.000230305655679759
0.0163504178883551,0.0173616433563772,0.00053698984265575,0.00896997917517785,0.0287838726964415,0.0129937350214272,0.022098963583137,0.0211308909849088,0.148173452539349,0.00561841427226568,0.00399444631696409,0.0145025582215688,0.00323425198684055,0.000674530240752422,0.000362322112763784,0.134324022920991,0.00644921419865711,0.000742705949028836,0.00389819872332345,0.224434276654655,0.00664499124433163,0.00605371767717001,0.039389473422705,0.213897169308695,0.00196161485870301,0.0263632108733448,0.00644552381317847,0.0121815444863798,0.00293512845591429,0.00273738134364769,0.00648128422793562,0.000274073602355006
0.00662256167256473,0.00294090023250594,0.000317831399172866,0.00157387251428728,0.0448286956072996,0.00141153546732717,0.0310494310885201,0.0184050466600026,0.103811367912042,0.00491839777493183,0.0105393819208242,0.0114004556691347,0.00240134141823771,0.00016678880330027,0.00195249692922531,0.14936727593443,0.394109567060582,0.0031647605214718,0.00231912566180318,0.0615154056589857,0.000211349081780153,5.45931476835769e-05,0.0340829674191686,0.0519586995327756,0.0177592789697776,0.0101249467118872,0.00274479900998081,0.00923612690456293,0.00106970316909322,0.000968800893386538,0.000176491989145076,0.0187960032641103
0.00693730855263342,0.0065415732386119,0.00105185626602312,0.0112408393922943,0.0095573177839802,4.9031100958866e-05,0.00848494656441877,0.0152991212926891,0.0177794721768724,0.0026367680997768,0.000514821579156631,0.00582170571563703,0.00324279108512413,0.000440908052611209,0.0022794990159052,0.0463913891684364,0.0104904427605483,0.541325745605866,0.00811979619780764,0.155494637781068,0.0133572124484043,0.000253896527183451,0.00814769924639596,0.0708159954832508,0.016145262524397,0.0191446362203609,0.00325090478743973,0.000572318531389341,0.000755668100546075,0.00325587061664565,0.00520190370421051,0.00539866037935701
0.00367653343809237,0.0022893771649782,8.8278287541668e-05,0.00808296817762089,0.0767989105323684,0.0034911621595482,0.0657549071350389,0.00344806012213682,0.00763976528382862,0.00422216598859074,0.00916355766591897,0.0102340811687237,0.00655114285863458,0.000398369905273713,0.00283381322396712,0.0627081518259095,0.000150691403995859,0.00292511935982817,0.387483782318948,0.0679028350697785,0.0591241617553185,0.000902878444055709,0.0263404701660937,0.134861937527478,0.0254116242141709,0.00131659032748538,0.00832637765966571,0.00710289354127717,0.00174534506314321,0.00022737859503208,0.00586766133197727,0.00292900828357942
0.00162031983269098,0.00279437655093491,0.00105271325218782,0.0535995068451344,0.0582512735794888,0.0134020135557912,0.0170926198118318,0.0313017501875269,0.012177698823786,0.00652348818389974,0.0107770073596763,0.0194376766136661,0.0043178929678042,0.00233976321331857,0.00910205523798948,0.0497263739017806,0.000868612623163498,0.00106919317396747,0.000743604434310404,0.416134200966767,0.00599273443919323,0.00404923913854768,0.0266822376156516,0.120908289404389,0.030664386638015,0.0293548628171799,0.0101711385632704,0.0536098890733299,0.000197259251512477,0.00254767271213121,0.00287938971293405,0.000610759518129653
0.000906350134128148,0.00308122071586615,0.00287376156813927,0.0278107027387837,0.056857157158669,0.00410297193296079,0.0309370753713282,0.0217522497343084,0.0333019478089757,0.00305863267743472,0.00216795671140121,0.0246067433379801,0.0069304920017184,7.49602713445133e-05,0.00751137757048432,0.0387754701792493,0.00373345331310664,0.00254377004425643,0.00357822484416564,0.217337547882428,0.167404887147204,0.0114723695394279,0.0329183677966878,0.240858861042409,0.00385733710824101,0.00332066703179315,0.00181502699626551,0.0364917159880189,0.00270432065364129,0.000922907206607325,0.000331652045121416,0.00595982144785467
0.000316663576347417,0.00234690628435888,0.00173120765123434,0.0116440885304427,0.081568675942422,0.000164427163072585,0.0527806129654059,0.00614343088700742,0.0163563534729286,0.00111663161627321,0.000936891933305622,0.0124725997908448,0.00305582027048549,0.000438770794959673,0.00563551442059546,0.0884164418199774,6.24483905868821e-05,0.0115656317473491,5.03850898693987e-05,0.212781467442157,0.013624899548673,0.209966789432923,0.0285719020507858,0.11688357668246,0.0516381754966046,0.0156427824683986,0.00387026011421454,0.0334606667402489,0.00114564346979379,0.00123765265848956,0.00043895112966934,0.0139337304181153
0.000241205853702215,0.000754647713194631,0.000805564374740206,0.00905833698332046,0.00641305611533277,0.00114042753513443,0.00690511685521883,0.00984091069611747,0.0143306122216758,0.00202218698069227,0.00126146349156126,0.007641664602527,0.00546755612791561,0.000293507803011975,0.00798488001112911,0.0100051602615629,0.000279042095548938,0.000767537972460982,0.000342672269892113,0.336675845778326,0.00726915830130669,0.0469578649948852,0.275288145338602,0.165178925393605,0.00743876317377066,0.0280389113213138,0.00951193942809409,0.0207367873800178,0.00479742013838448,0.00141216051310689,0.000326725966578324,0.0108118023072697
0.000543133262031758,0.000924674215629884,0.000624178487927715,0.0197369409645693,0.0483838241395914,0.00828492866073919,0.0158042343142811,0.0133866926290411,0.0172521901995679,0.00147074003325637,0.00364061160561884,0.0281695905170081,0.00169761384512495,0.00175183451195481,0.0044653858726056,0.0422691196299871,0.00092900647289293,0.000786509813922132,0.00100582886595395,0.19989474186442,0.00309891884592174,0.00451616795523826,0.0227754507066428,0.462212387155909,0.0164691047490312,0.0113878633055207,0.00430888916423015,0.0580078717414898,3.5303443951715e-06,0.00210668791372034,0.00376988051674894,0.000321467695027544
0.00634621167703454,0.000882596590794607,0.000618935394439804,0.0664079986255449,0.0723064251682535,0.00108080456083994,0.168976826350207,0.0827953412175212,0.00504762311265616,0.0186531373682486,0.00287998206658298,0.0296101201258818,0.000385335136214823,0.000253412229230437,0.0043354238226524,0.0323670937086547,0.00814284021644121,0.00190326809757114,0.00889673951192365,0.00370220119269095,0.0305023928587892,0.00818571173163606,0.0341977212347192,0.0162042165774932,0.371276029678262,0.000519042940420641,0.000255570247459543,0.00990003947700386,0.0061090391550224,0.00174753655327439,0.00204576091663439,0.00346462245590042
0.00165417113282751,0.00444393948336763,0.000525487881332094,0.0847211760489301,0.0132417725468232,0.00390304066446577,0.00919662409741306,0.0342915480551254,0.00522106071001128,0.0173295118443323,0.0236266959200224,0.0771810590167765,0.00595653564982719,0.000864503807531859,0.0255140629735281,0.00499747762807964,2.77650587919765e-05,0.000579616614649176,0.000290797607073402,0.0241847083697777,0.0088198074023026,0.0112666790602927,0.00472181462646907,0.0289306495768772,0.0156144247694619,0.555356900423168,0.0153425410978232,0.00842807889665011,0.000784181479029691,0.00012571129777552,0.0125398115473743,0.000317844712089776
0.000596478790168347,0.00454767908858824,0.00157224349316027,0.0454791540329778,0.0497138371819266,0.014110444919617,0.0254080615558507,0.0524261423051164,0.00418349700931372,0.00948990398078342,0.000210593819610729,0.0145906016546346,0.00426555261416096,0.00217505766171481,0.0142877913200539,0.0106729651203963,0.00195034551670938,0.000168132150298993,0.00725447397343214,0.0582355779648814,0.021636414572462,0.0201975877619331,0.0356154620787848,0.0421544163151832,0.0189326837237896,3.04113847613182e-05,0.497322778083043,0.0284313458954438,0.00207804329034599,0.000782100499422511,0.00950057369468648,0.00197964854674834
0.00270136198517672,0.00133125129211883,0.00256285902576747,0.00489395325858595,0.0263548579635061,0.000377967533966184,0.02593066414366,0.005269330502701,0.00716691252587632,0.00085847908981175,0.00375396529434934,0.0152472954110156,0.00973737590472791,0.00320894328083795,0.00301470776563255,0.00641335103734757,0.00242718640463155,0.00162703073684125,0.00719198028435927,0.151666312056149,0.00877677355921909,0.0120711208166527,0.0468467968361932,0.125847578638082,0.00277785973159276,0.0254177299383905,0.0054263563815307,0.436417462968487,0.0371518104793824,0.00337537079323794,0.00457796177616646,0.00957739258400384
0.000537143106340417,0.00116577844771152,8.39877107002771e-05,0.0096114848287305,0.0335227313711789,0.0009285656970138,0.0156729296307916,0.00726707126158412,0.0414314446264834,0.00044871925746626,0.00010625327404287,0.0359246897489777,3.08472668688441e-05,0.000125206035008345,0.00686925056927374,0.019309136401063,1.71760085317485e-06,0.00157108932422002,0.00177270636123334,0.21448770289133,0.00761521928719255,0.00168946835809396,0.0363225067747999,0.245184342162269,0.0180400702984842,0.0316174883776024,0.0381085661947729,0.0465802607445828,0.16828769417167,0.00343076718300538,0.0120015456475631,0.000253615389091914
0.000606215619209552,0.000465844613814141,0.000201321919365118,0.0166237447087577,0.00594343882229168,0.00177982474305552,0.0059921845653389,0.00909997806577064,0.0119462956650854,0.00630363751996629,0.000857740637041067,0.0030458634888883,0.000212023595445006,5.06612668140685e-06,0.00372693894838901,0.012399970441531,0.000342104083260412,0.00129429837335562,0.00114500728610489,0.235145948371212,0.0194770386259162,0.00247102364202568,0.0454341956460488,0.210974377873113,0.0034644527800501,0.013073104152674,0.00191127784162565,0.00851489856580095,0.000744633085411114,0.365029842587955,0.00150875169669528,0.0102589559081207
0.00236667544550594,0.0033232794263025,0.000921290828603588,0.0454413928558267,0.00439529133461152,0.00151832284693761,0.00685889911729628,0.0195517376341267,0.0080185238880854,0.0185603939434908,0.0245638288209588,0.162254230334743,0.00139136042058221,0.00042648574696677,0.0294628670531597,0.00159300855592228,0.000703190883653161,0.00136602202938969,0.000635998741856098,0.0467797262134929,0.0054861602470073,0.00686109405764016,0.0160653557172744,0.123791945206351,0.00564304779280213,0.0900343786043258,0.00343012612174738,0.0669747635430758,0.000736391749098214,0.00312702070223025,0.296141016826944,0.00157617330999175
0.00148275775201435,0.00269812462599674,0.000105864401764735,0.00123258422017091,0.0743582359045071,0.00123240016571345,0.0602745800788773,0.00169002777797623,0.0370933367316461,0.0060008966909844,0.00635640694409539,0.0110013583121074,0.00084549638260331,0.00306137150879952,0.0085065822404329,0.033685253320441,0.0029849608906281,0.00449817597662381,0.00182356043166759,0.0889541661988684,0.033175331654901,0.041709471073849,0.0809198108210067,0.123414702211383,0.0716759881000454,0.0112127310928717,0.00473665037499305,0.0287623882929364,0.00366135805460482,0.00139162016084257,0.000325367782603773,0.251128439824044
