0.279276520044315,0.0264493462882427,0.00364572328355154,0.0453278388396854,0.0181151170544534,0.0449587667018542,0.0294937007979981,0.0979113144653565,0.100371758463159,0.00321879596649889,0.00650145844493443,0.00824348974780501,0.00385643494985794,0.00089863876533525,8.45184161462958e-05,0.0827312224081925,0.000451525889250141,0.00788811823655773,7.65191922084322e-05,0.0147857811726611,0.034397576137822,0.0401134376107444,0.081141328811718,0.0266907662950439,0.0146932167669456,0.00185867670101533,0.00469988670493744,0.0144337364677321,0.000225570092269026,0.00021175757445554,0.0014927711312666,0.00575468657798619
0.00137477678516178,0.307585440657844,0.00295349617090312,0.0273379659177495,0.000112715777431926,0.0915099063629486,0.0435324037521665,0.0744683671845811,0.020034364911564,0.0072901691060775,0.00552239338333134,0.00976733919848265,0.00194346498701055,0.00326010207270945,0.00192300931809568,0.0162078260664351,0.00901153774532019,0.00616915160304391,0.00317626479827255,0.0862234805401102,0.0352619846745155,0.014698150210409,0.0343420279692582,0.138994216999574,0.0118279742120914,0.00651706272316816,0.00705992732732765,0.00978519459888941,0.000512213185602187,0.00160943654508736,1.38252162307542e-06,0.0199862526932138
0.0118068368015413,0.0076914603447857,0.389743843334391,0.128240836445672,0.0207000283574069,0.0140477868468163,0.0206216460431793,0.160904231846821,0.0476222701163653,0.0330249365628618,0.0129919954711397,0.00192230551816792,0.00256946661553328,0.00256494318347982,0.000159092318130746,0.0242475387173414,0.00345946239033322,0.000599450717113341,0.00214602566982027,0.00413069689166094,0.00582297912726789,0.0124563564717529,0.0535522737571886,0.00820192730891973,0.000398408087635512,0.00565859524579619,0.00527608579976478,0.00491328622115946,0.00124365594526974,0.0040689223636343,0.00345581455166199,0.00575684092738773
0.000371215885177721,0.00136161067818238,0.000946468945292171,0.267187892605388,0.0142368279294666,0.0413094498470937,0.00684581629128846,0.335934954257461,0.00769522126704787,0.11974375092054,0.000339781182519483,0.0559222879420205,0.0295664500318782,0.00316201589044839,0.000122523676748307,0.0049001035232661,3.80280705561353e-05,0.000121545109230139,0.000957898191773229,0.0171171235351994,0.00722439722062689,0.000124339759731929,0.0056925141085584,0.0475302837808032,0.00073906322023387,0.00756298001464839,2.01539935285629e-05,0.0180501715997565,0.000824309560533878,0.00015103852075659,0.00342520967773663,0.000774572762508086
0.00313431295538216,0.0122527256664828,0.000334510839661823,0.0593776292967895,0.430042812511985,0.0289354607824767,0.0398008946789211,0.0815310686444646,0.0655767761381406,0.00581219154641889,0.000226415592290587,0.0351145410964598,0.012549366119678,0.000190531788653308,0.00298855143303674,0.125635205081393,0.00364162970464881,0.00557279649366425,0.000276311016735864,0.00324087704271839,0.0066132527869076,0.00628947830157445,0.0178262305831951,0.00633710758187481,0.00328371762128391,0.000820860623931616,0.000312372536919694,0.0220644698469989,0.00113490070733016,0.000577409704673913,0.00370373083212551,0.0148018604431831
0.000212930187008225,0.01212871925683,0.0026905356077355,0.116770578723686,0.102938302340689,0.22989153179483,0.0228657688185687,0.228743926664934,0.015125134810701,0.0458042634330243,0.00210405485467728,0.0126998978776146,0.0132282272662577,0.000507694200355922,0.00493905775904837,0.0517169486764977,0.00436182060834753,0.000471465792148999,0.00379510282070746,0.0333085923438745,0.00386510516411014,0.00639876218434654,0.0184434202425419,0.02563664180363,0.01081367456269,0.00701119537032627,0.00626221768805905,0.00586975702738481,0.00160602180443296,2.22270632810374e-06,0.0008894531328524,0.00889697447576055
0.00358639260201508,0.0297355318989797,0.000963386124644121,0.0967186212574276,0.111631260197192,0.0666484535105282,0.106163604561359,0.133706550350205,0.0434199875249996,0.0112460195244787,0.00373347646888629,0.0804600065460098,0.00613853054073921,0.00214547397807009,0.000623786143346761,0.0814959073775891,0.00553671994080279,0.00203454562361194,0.00107369780846891,0.0193155132510181,0.0126372235022571,0.0131820473278065,0.0378439161345358,0.0346863334454159,0.0252198800777034,0.000345348906691684,0.00342449927123183,0.0555846329975696,0.00109562264923937,0.00086101322999249,0.00435791006145363,0.00438410716573142
1.32606748259376e-05,0.000151765159229333,0.00292041458626117,0.179329666990075,0.0064994907525259,0.0203588431423294,0.00455545831514419,0.366686323486749,0.0026842845206982,0.103139326091144,0.00096035759173276,0.0982546085773165,0.0562361920003617,0.0031690783909475,0.000614836925028713,0.00245502556199556,2.08679018806524e-05,0.000200496567295862,0.00286114082485208,0.0232602493394751,0.0088870533190234,0.00096295865803382,0.0107952599728185,0.0560024537903124,0.00079034978965357,0.0103605731743183,0.000238654141978237,0.0299458175647537,0.00149881117126488,2.5077367931217e-05,0.00551153338089586,0.000609770269147677
0.00524840199480932,0.00235956524314594,0.000809931326760407,0.0759945192340954,0.0719450599669801,0.029792568363367,0.11408986343472,0.0625020510105693,0.315392841449701,0.00615122465930507,0.00323434443669726,0.0351612491741734,0.00107398134616858,0.000551404718002828,0.00109686056120106,0.105687141943686,0.00373328393219619,0.00263807651992729,0.0031139021912868,0.0278259990664602,0.00274420156557532,0.00138543242119496,0.000846074017448085,0.0391438494620813,0.0258136160848905,0.000852382199884506,0.000303151243414243,0.0265011392537033,0.00100023623005642,0.000208352212591233,0.00270769412750263,0.030091600608405
0.000575446902271037,0.00211999057870308,0.000342608210184964,0.241749201936496,0.022411048307217,0.0471126266908078,0.00452792711710777,0.303060400548422,0.0138036560132626,0.243336318879,8.62996009444829e-05,0.0165938703464884,0.0174602173105818,0.00255896762561752,0.00154280571879715,0.0130754133009646,8.47578602479793e-05,0.000484247099221071,0.000172792721977035,0.00983945363087175,0.00691391173743503,0.000363661043974158,0.00492842113029379,0.0320349600331251,0.000979136732782358,0.00627646541192231,0.00019359213282454,0.00322636807236266,0.000769016969176763,0.000161651326643757,0.00202857966085007,0.00118618534942469
0.00101648950916001,0.00395065064570132,0.000147905703639029,0.231929390383362,0.037462862585654,0.0368175254628519,0.00529772448446009,0.291013137696475,0.0108259460935844,0.124729593049663,0.118476564675894,0.0132251479708923,0.0219907995023435,0.00302432240372093,0.00180884211607241,0.0161341435298957,0.000292791874089337,0.00103923838655782,0.000314988897045174,0.0172836007577929,0.00492337580709362,0.0026242954164408,0.00839940743119782,0.0349200433824221,0.00224482852805046,0.00356661872271062,7.22897170717536e-05,0.00192344317433904,0.000936940442124976,0.000206178276069008,0.000996343473948717,0.00240456989967627
0.00282165365923764,0.00698368747158024,0.000747043278213682,0.041541023252585,0.0156030988455395,0.0500850423070123,0.0548593269817331,0.0784251134770824,0.0132238676976683,0.00706946829768715,0.0182545066418802,0.237150887025935,0.0101431739878137,2.89523711962683e-05,0.0462115069458938,0.0178309597557128,0.000394664545056505,0.00126514931331018,0.000237848756082861,0.0751410621291062,0.0611989804836702,0.0165980076197006,0.0727730779502851,0.0775783210942831,0.013767503967741,0.010069681419139,0.00821938611393979,0.0341407436040814,0.00972280778030817,0.00118700531015551,0.0166459572579694,8.04906583997326e-05
0.00294949709616003,0.0122672166230457,0.00117629328119532,0.121994995042023,0.0453334011358778,0.0138632781361778,0.0910302730908066,0.128387139917306,0.0254397798552689,0.0915383023770658,0.00102532891492034,0.0290781310749913,0.14172019030931,0.00469294823287185,0.0146058544750573,0.059375275837459,0.00065106180411461,0.00140443978651778,0.000668514217718675,0.0119056705834893,0.0441358436923238,0.0173092943613618,0.0505641203160531,0.057578742842129,0.00707401613135593,0.00355321577707476,0.00253047613193973,0.0077513141642247,0.00568324562981485,0.000748608536027141,0.00112329759565216,0.00284023303066571
0.000233234378020086,5.87250789735512e-05,0.00565937838350826,0.190335118068864,0.028604523429858,0.0694309051683211,0.125572632877868,0.249877577971177,0.0013603195969987,0.0453353605059088,0.00260674765404499,0.0150020122921128,0.0173691389153781,0.18186526302868,0.00688429339359907,0.0196919320753485,0.00105284766768018,0.000188690690916963,0.00180616488814684,0.00321253892544848,0.000184492098950388,0.00351822485126234,0.00338490679445309,0.000269441938403736,0.000853283673611048,0.010391993537497,0.00113880382630624,0.00497194586752757,0.000319931302270145,0.00227207253694978,0.00391177882562625,0.00263571975628747
0.000405026056398325,0.00447675731325599,0.000557236095573647,0.0693920003529031,0.0153593639036674,0.0432927287909588,0.0455730791981381,0.0690759755122396,0.0389275480954487,0.0355817645775692,0.014456034923952,0.00708896682370791,0.0307706630242721,0.000641974986014372,0.348936325876188,0.0276336293897302,0.000462501733269996,0.000415231011446785,0.00079375792601324,0.025243653755898,0.0449263300523527,0.00283503354501804,0.00981888957103666,0.0541711616878654,0.0313343977520639,0.000748469760873336,0.00947460060254081,0.0621028482232824,0.00254649347826544,0.00114466278248639,0.00138578277004607,0.000427110427523349
0.000753517784677793,0.010039583383673,0.00198883213761658,0.0659992695608834,0.0124344771740344,0.0269753382391426,0.128112553715173,0.054360406226815,0.00132982108441609,0.0288822497229101,0.0165892426072961,0.0767672210499185,0.0016937881856811,0.00283710598536049,0.00190109340364937,0.22912601310401,0.00645735322415085,0.00138648900626125,0.00149491272634016,0.051606755396503,0.00343911726108512,0.00844163911467399,0.0149101483058946,0.0715835407222186,0.084508147781041,0.00103210545475064,0.00478154115592255,0.0618085227292218,0.00123146405089394,0.000177203179354076,0.00399102728663852,0.0233595192397923
0.00617286689275054,0.00153960637674396,0.00195766190795241,0.144875082954039,0.0206460148783645,0.0754370010303084,0.00203031625019112,0.198510088789553,0.0249389809974561,0.0148967841367862,0.00240373550720439,0.00690387546335314,0.00034734911507423,0.000367173832989614,0.000668631344005426,0.0356286874187853,0.225073507612089,0.00786837085655606,0.000167086631457802,0.0422042397378059,0.0361210415214481,0.0390664351138666,0.0466294181918012,0.0377063055249104,0.00765311735294254,0.00308898107357774,0.00127582354682331,0.012208257073372,0.00124403707540387,0.000636232746210689,0.000684242196959994,0.00104904684921792
0.000708340558081723,0.00544251768532843,0.00113526032865502,0.0297988479503646,0.0726847992221935,0.0230194658527028,0.0142508425054364,0.0254947000351785,0.00182125803371354,0.00925318023560662,0.0117071960899572,0.00417047172120447,0.00830784362820975,0.000258726746816036,0.000384875420514363,0.0255453999712854,0.00823337211178373,0.418789325699435,0.0320553851560128,0.0807988938249188,0.0412290183083909,0.00474397260899464,0.0809089362761119,0.0617091696039653,0.00759055611976803,0.000757861311068648,0.00131675043744571,0.0114952404685485,0.00164502776025346,7.38257595813051e-05,0.000746504709862679,0.0139224338586104
0.000141023566458675,0.0015993409784732,0.000247378908351653,0.141640839541739,0.024490087049155,0.0518462155324601,0.00226233634027007,0.173050596701615,0.0112282570645503,0.0372684257484824,0.00338466897605381,0.00487552634960714,0.000623211250680766,0.000361030312640424,0.000391759682893415,0.00614763914961296,0.00190003991781537,0.000941908711755088,0.288619267324863,0.0744458589217099,0.0149426363233309,0.000688252854103062,0.00601210780423504,0.12846693737481,0.00210670761151954,0.00150822800722009,0.00321930011242654,0.00379268417310665,0.00175755130262897,0.00201153506261393,0.000686062507244305,0.00934258483757327
0.000144076201076275,7.85362879185747e-05,0.00107458628819505,0.0816068419054914,0.0113369887809622,0.0242022288282257,0.001906468937925,0.0771970603305334,0.0130623012311221,0.0157667667733045,0.00113854315655636,0.00110080224565089,0.000403552592834127,0.000128603650924774,0.000210077757346302,0.00845526877056445,0.000305021392271531,0.00269843730369691,0.00334606284905888,0.497649807423162,0.0470874483133504,0.00142965569809419,0.00420933919799115,0.173618624068263,0.00307004491050928,0.0121102357488507,0.00420814536315261,0.00350617714694223,0.000576007920513204,0.00238264407684921,0.00532079543102076,0.000668849417643125
0.000561515992948913,0.00106707915058908,0.00111005543934196,0.214107926436763,0.0370133525929965,0.0697914626541493,0.0217001044017389,0.222945970915688,0.0508843739089102,0.0354312607253549,0.00767192940239099,0.0171279949801405,0.00345370662520551,0.00104465983979048,0.0019304464243076,0.0323871785164946,0.000831358631628249,0.00627598667191054,0.000447286315530464,0.00121130587658065,0.101287025625246,0.00595085880648447,0.101186050812074,0.023908511043156,0.00910622852855971,0.00828046088925872,0.00461083662913713,0.0137306597103335,0.000208379676605517,0.00121499363392091,6.85140431548547e-05,0.00345252509960795
0.0074862849488684,0.00896694195601738,0.00248711084738789,0.170225590209964,0.0364955258032141,0.0582453099164679,0.00877927528524911,0.178621489677238,0.0384969402185101,0.0264425556094226,0.00279412240652515,0.0198225747322044,0.000568328349435949,0.00034502792753053,0.000329065333732793,0.0517825031338478,0.00458109706101858,0.00271359347703424,0.000756641176088291,0.0176511794316401,0.00244447790839185,0.235032875658893,0.0210391824174893,0.0593002988195865,0.00839453183323591,0.00229964768867504,0.00623465903645352,0.0224751077495632,0.000196855223109169,0.00112130275817752,0.00368425863806821,0.000185644766958981
0.00222379284542689,0.00297035928084662,0.00116293322313525,0.183607339737901,0.0300973522624,0.0662682899299526,0.0135790556472672,0.191306136660957,0.0343359880483459,0.0314350700101963,0.00618581140199202,0.0238700142307268,0.0012459401070927,0.000264870815730464,0.000565378062994149,0.033800682279975,0.00280303037209711,0.00165437283031853,0.00189190756912027,0.030178572016411,0.00747262155074293,2.47270104371597e-05,0.220760645121098,0.0827667865518811,0.0021828506985933,0.00137328866842604,0.00134946437495317,0.0233863783596366,6.51619664596437e-05,2.09663844088016e-05,0.00108177367384769,6.84383066288045e-05
4.57867651159561e-05,0.000468514878571002,0.00151201077189171,0.150165335377896,0.0179253201304349,0.0430473218636835,0.00606814939427074,0.157072963708369,0.0324198867525089,0.0224367254675062,0.00251751508119495,0.00353074319172158,0.000438071228614507,0.000272099255671499,0.000443504641626118,0.0164379690812646,0.000446276131209645,0.00561741727079492,0.00423859567744614,0.247995462116489,0.0505861245433396,0.00107080357561182,0.000276989962519894,0.187451500101725,0.00622846025376838,0.000284141622496014,0.0210488354804251,0.00641367776291375,0.000528151719312083,0.00443353697415487,0.0058016951667186,0.00277641405073478
0.00467841038745681,0.0170286662735108,4.78656433157497e-05,0.0420199667804468,0.108323805385842,0.00296645810050455,0.0898439678341366,0.0162280198783931,0.0459254817459718,0.0316192971829726,0.016553012320384,0.000254243355966994,0.00814145888466134,0.000943337144971381,3.51749802441003e-05,0.0963053530233315,0.00494087885428879,0.00243706670840804,0.00339527016557278,0.0730000374093687,0.00363374574880509,0.0374038887063947,0.0197717587928358,0.0765345911463295,0.230499825351423,0.0107426569901595,0.017565812937868,0.00611566381229718,0.00224048648723912,0.0012216502279622,0.00317304443796308,0.0264091033009744
0.00043407171949203,3.18421134645901e-05,6.00828592594239e-05,0.0455413787724457,0.00288336335799924,0.0195703107353598,0.00750899811395169,0.0375966047539246,0.00673425106079858,0.0202741681057602,0.000489121194385657,0.00397335553122258,0.001491422847197,0.00046392415802486,0.00305409419539849,0.000832987432941286,0.000327018644186673,0.000164221758399398,0.0025679498097703,0.177083730229302,0.0733418891578309,0.000571182543740748,0.0580566684843479,0.226952872229189,0.00257822558160589,0.294384247449381,0.000320529861427651,0.00523456459596493,0.00024780359410883,0.00215240539320241,2.04451738998459e-05,0.00505626854201628
0.000654769169132591,0.000191403450287169,0.000169046463196306,0.0339249044201013,0.00373598813186737,0.0180889885264204,0.00221127933919609,0.0338380553770524,0.00844097637388459,0.0146989840846344,0.000315835283008644,0.00329781158095729,0.000151678529582179,0.00010185605433005,0.00202069596859276,0.00313819142390829,0.000483007582389066,5.18049263529284e-05,0.00687928196159062,0.189457982349674,0.10873694932182,0.000360467065658826,0.0687346109402865,0.206393925484432,0.00442338385117358,0.037490952786289,0.237753362412889,0.00585872926131777,3.14696462244778e-05,0.00103594370074057,0.00160724779479565,0.00572041673821467
0.000863851573466543,0.00331152692168898,0.00180597363286731,0.0122775264143139,0.0142174610941333,0.0562041684057102,0.0286064358039798,0.0342622674720948,0.0388795223763763,0.00224502582661174,0.0669051561990211,0.0122585066694538,0.0141633461856103,0.000880771033565183,0.0408770660276054,0.0013340657986374,0.000629644580583255,0.000665335888440009,0.000877415121089387,0.0647153367012503,0.0173184138048496,0.00246069992870806,0.0378571961123331,0.0834170767695677,0.000613237023220913,0.0157239512441375,0.000970882201505614,0.40677615672276,0.016509610797682,0.00284149798528128,0.0122734913757379,0.00725738230771703
0.000637889139629015,0.000361521707524223,0.00207098878673878,0.0199904786587159,0.0651093606664251,0.0103008352633185,0.0477699473224586,0.0397232703483907,0.0720688918847904,0.0133050977173287,0.0171539743890957,0.0128723265258656,0.0511755155574479,0.00204721770753639,0.0144700020902389,0.00404274309437616,0.000326330246663469,0.00102561884713887,0.0114827230074509,0.000710278260666288,0.00203301535705488,0.0468776234346834,0.00586893084683207,0.0299212612483978,0.00911139258378811,0.0149644959084398,0.0033975890265075,0.0215358515911884,0.455967061215708,0.00375341519439419,0.000557691697668717,0.0193666606735368
0.0033741896235227,0.00858060896641779,0.00214626786183068,0.0495639494210888,0.0357290101523225,0.0494872477354343,0.0281594278831048,0.0917224233521706,0.00835085391382155,0.00085395696945942,0.00333597609437346,0.000429404081035566,0.0119973072589706,0.00111219689918464,0.00188629198143816,0.0329232819791762,4.02459045688957e-05,0.000743535960593883,0.00257772760455196,0.0840747698458726,0.00604561031481124,0.0327638281014633,0.0593194390632474,0.12091717660037,0.00173499393662862,0.00349425155819803,0.000208528734207745,0.00613228737846964,0.000233835488202571,0.335706414383648,0.0141874410836516,0.00216751986816383
0.00010814757268122,0.00122801901442953,0.00157941033317317,0.114653846119268,0.0258222255539093,0.0781335670468827,0.000973734493323074,0.152907595490387,0.0206730141601703,0.0183932292342585,0.00755522701244186,0.00506983793389511,0.0067281426074156,0.000339763875286502,0.0117978268069148,0.0220160533367894,0.000112149347499251,0.000455990756157134,0.00116491193373483,0.0411571942208323,0.0438406240220485,0.00442535510697991,0.0186140005392755,0.0444470720101358,0.0171404562590745,0.0218363951760956,0.0024724464840645,0.0200346397645891,0.00139691301520917,0.000868704194122011,0.303746697851195,0.0103068087277603
0.00308280590901891,0.0019085794896446,0.000599384735395225,0.0235260318697031,0.119963238381064,0.0085259093586362,0.126464327681447,0.00461422497432411,0.0350072544053061,0.0127699331333172,0.00440623032248853,0.00743830886285025,0.00770650125575788,0.000948144449577065,0.000604279244263886,0.0691928939483065,0.00114295935010272,0.0101206485200556,0.00761054172707161,0.0415121866083959,3.06124095577578e-05,0.0592804526566925,0.0893089136944078,0.0497383119488425,0.0175338738787434,0.0110486091048938,0.0148615710503607,0.0188928629470578,0.00101308523469051,0.00203209975214804,0.00562250194523538,0.243492721150643
