0.686548848186796,0.0119030273723602,0.0099725215354464,0.000495364270664973,0.0505100354446791,0.00284551366370589,0.0392453834903869,0.00162688020024662,0.012477543673153,9.02887296265132e-05,0.00557207363056201,0.0442752827490532,1.46231643586201e-05,0.000158428464970031,0.00442951250555323,0.0118188220388779,0.0038494694352676,0.00550382739551501,0.000389316059419982,0.00356145880266291,0.000617350931760881,0.00397015361004196,0.00299243247789839,0.00976764074763452,0.0145895225452863,0.00254632544038144,0.000756041101600656,0.0301360682031365,0.0077999518929254,0.00101700806361865,0.00259199280937906,0.0279272913630305
0.0301920593736077,0.56086466434782,0.00865475880339725,0.0136348237232688,0.0321629122475152,0.0365282446922738,0.0250264028409082,0.0379279258071627,0.0851996250608772,0.00518442958082184,0.000273211018887385,0.00141662037716753,0.00157803217840167,0.00346846924718125,0.00345941547967616,0.0123982070663415,0.000923146336912946,0.0070229050914899,0.00117046832005788,0.00958682228183767,0.00281547696349505,0.0144607928603709,0.012518607811054,0.00934790727328037,0.00902689579459509,0.00182937747697998,0.00105977938686638,0.000488612634769763,0.0100107420386587,0.00113981222289615,0.00692044008361047,0.0537084115778171
0.000604218135178006,0.00271412358622544,0.624174566555845,0.0739592863627734,0.0301975309289213,0.00826111108576052,0.00516733375664459,0.0575226459746996,0.0285428683487937,0.00708421293955183,0.00370738625058306,0.0108984383540718,0.000979204728349083,0.00332332568027052,0.00888043564026473,0.000394628763486181,0.00621387914900944,0.00295578570235602,0.00107290298829107,0.00304382346755969,0.000752586426383931,0.00234048135030261,0.000197543011443137,0.00621321492207244,0.00243887562668594,0.0222526405270372,0.00736767565868279,0.00824440624103397,0.0349333006727138,0.000361035051455356,0.0236669253612408,0.0115336067523136
0.000784205748273416,0.00143948128163689,0.0139150995910683,0.686823028486625,0.00775762293677862,0.000468012531409262,0.0115212378792314,0.055836222205701,0.0179778208404542,0.00691691353928905,0.0204972678525006,0.0127509067614369,0.0135064583610242,0.00311462923770008,0.00457221890303716,0.017242243135876,0.000909035055316756,0.00862991478864125,0.00459142615143109,0.00860680221122804,0.0134754982510512,0.00207632364625859,0.0059283035759412,0.00685693341230487,0.0115170773000495,0.0108003147097564,0.000952952372537091,0.0432581210615504,0.000171776757850038,0.00150102982504692,0.00510438780934722,0.000496733779647832
0.00137683035512101,0.00203439178747355,0.000632151984628842,0.0258485174463645,0.449801678696673,0.111105418962421,0.0599517524782555,0.0713560984653713,0.0145076974091563,0.00225950953929792,0.000114130351679062,0.021602462862891,0.00355491974081249,0.00187631144283946,0.00161115585687234,0.144518060469646,0.00482352384538473,0.0106106040941272,0.000450965771526587,0.0143005756045291,0.00173605833241155,0.00194473347943994,0.00580027615422295,0.0043000809714375,0.00320777206137408,0.0106407637008037,0.0036999811762446,0.0109766937917148,0.011388365236276,0.00178003626923114,0.000842509963793167,0.00134597169797902
0.00302168700584055,0.00462178909776501,0.000461507264929284,0.0433409614063676,0.00635536571012134,0.54322607878665,0.00841138803792822,0.140364108426094,0.045245753182753,0.00188526829057022,0.00103153228806887,0.00169639100751469,0.000524897144959279,0.000436449151444335,0.00167255077766998,0.145038868329874,0.00253694963926441,0.00202939773748716,0.000471015618357125,0.00621469312383009,0.000675661903254581,1.40000526083486e-05,0.00246740766503833,0.0221263968978696,4.27386729818347e-05,0.00894583386469695,0.00132780578451205,0.000383243049938489,0.00262388421951495,0.00154481027638737,0.00073337380881261,0.000528191776896685
0.0119623624083978,0.0042300675213404,0.00057060906878496,0.0643507539241782,0.00978030951385473,0.0612047762966551,0.504289266802395,0.0886903218036651,0.00414395830850108,0.00662297357315144,6.87176241577125e-06,0.00855782428915042,0.000511968826827419,0.000422122849869413,0.00469715618576781,0.0857396323154941,0.0037704245124272,0.0087846979959321,5.78695450995806e-05,0.0351028624454752,0.00860172835584313,0.000888005499677934,0.00421763383202861,0.0268895872409666,0.000275180648595169,0.0140970262073771,0.00804112842125606,0.0158136750344419,0.00824625230255745,0.000717603056633453,0.00104887047892195,0.00766647897231791
0.000372412009699561,0.000834384121982723,0.00186372860692442,0.00218142437012624,0.0150458080493173,0.0153062907143618,0.0134042124984377,0.789461209801724,0.00460311165291228,0.0101319936791158,0.0230315426237467,0.0106619318318392,0.00473390941681891,4.96569925189789e-05,0.00812760265146989,0.00136323666587513,0.00371000177523862,0.00936773796377436,0.00349500086399266,0.00381439236459274,0.0139527379198091,0.00157683892361729,0.00289096095675967,0.00630088770753283,0.00880263164355301,0.00441978278556678,0.000402322627255874,0.027334932628256,1.16702888612866e-05,0.000229821485632762,0.0115192825555292,0.000998541823156963
0.0243470499083166,0.00288651356988743,0.000903792540473266,0.010433552999955,0.0729426176266267,0.00871234994525097,0.307648798046267,0.014400171043617,0.43774539850084,0.00131012878348252,0.00114724575120026,0.00658516383914693,0.00162926806077697,0.00337185423203346,0.00704400159079006,0.0269000140096223,0.00125439112714722,0.00598260003833702,0.000969225517204835,0.0214195271166528,0.00188004569556234,0.00052772703527824,0.00685056563431118,0.0106701909474927,0.0074466345586626,0.00369569484326848,0.000962041396004632,0.00599446999753742,0.00217638436903426,0.000631482160681568,0.00139855547023947,0.000132543644298265
0.00069736584804548,0.00381530447202117,0.0021967762996747,0.00157377071556903,0.0256495669649852,0.00513238329334461,0.0110309606943751,0.00342746582428897,0.0306455866600318,0.68275840586885,0.0257345339932379,0.0393869462900417,0.0115447368225073,0.000369591047981385,0.0090107793104506,0.02667336951192,0.00286746916537915,0.000823177829486203,0.000383050918715814,0.0231157046593671,0.00216130519826433,0.000183084015180159,0.00214293475451151,0.00499532072926471,0.000829660806339885,0.00406698553181274,0.00148947206260765,0.0572607426549313,0.01018677791091,0.0020993617770231,0.00122637576761346,0.00652103260126786
0.00102496864071729,0.00188833855960962,0.00087272844021362,0.0627482055178069,0.0385555027592377,0.00615880616047751,0.0506481143517699,0.0298368587616941,0.0269794837082906,0.0295856104478572,0.406843099015824,0.0411292227432071,0.0543680544030752,8.43306879811851e-05,0.0390363236115626,0.0136260802019958,0.00449689637929093,0.00223937973536989,0.00172236667000344,0.0131541430359577,0.0203211550974798,0.000817160751038774,0.0126999594872197,0.0053607247182281,0.000283172003867649,0.000300429435960679,0.00316078205032375,0.0927097295984502,0.020394320739695,0.00215721345204836,0.00633268967709831,0.0104641491566471
0.000898494613304867,0.00125088929341245,0.00114296330153889,0.0414934550896617,0.0255931868035092,0.0100340104531534,0.00713128876710771,0.051786800084078,0.0381196418932758,0.00505138494421577,0.0145196381063488,0.444146187949637,0.0500006463179296,0.00321192529878641,0.00201066741397982,0.0291458623509004,0.00196638533049617,0.0016369978863636,0.00129757049510374,0.0274947352080759,0.0113784663409948,0.000608749374607578,0.015659391442962,0.0458811966575596,0.00463214949493418,0.0644785156982127,0.022964145376172,0.0177791206411896,0.0336914952020342,0.00282172770050844,0.0186011280098599,0.00357118246008555
6.13341225967752e-05,0.000350629777621216,0.00144051583770859,0.0200538391186574,0.0227282056278094,0.0026821295179267,0.0390190684554439,0.0402500222708184,0.00726726332468405,0.00466644871149311,0.0699405392987054,0.0579568954426362,0.393544237617779,0.00189955234507059,0.100102511134006,0.0045202878958149,0.00276284373995295,0.00254185717297284,0.000953821052144126,0.00593954267899019,0.0226307778104444,0.00198559363325111,0.0224565830848858,0.00651778317398804,0.00415416356609453,0.00190408736010393,0.0115704393037931,0.0629637675200549,0.0606208505106798,0.0019832922792777,0.0130292972706314,0.0115018193439635
0.00255493929860839,0.00146276728056061,0.000547662388618421,0.045368075265721,0.0308537607655759,0.0025515521993256,0.0486656355002193,0.0175804037305822,0.0171946448411842,0.00193399928018804,0.00493486493753484,0.0061112945948958,0.0161484182636812,0.720833173855117,0.00816210881852577,0.0231325598239513,0.000988694004007431,0.00216501831908643,0.000739341151230575,0.00314537453158309,0.00449496870108609,0.00219527919064781,0.0068815071283622,0.00235678285715543,0.00358426977395572,0.00611887777271108,0.0033292112421301,0.0100454065907578,0.00327896409065438,8.74152572764639e-05,0.00150206038503534,0.00105096816003112
0.00132265065940502,0.00020967160421399,0.000315334170989011,0.0274469329428357,0.0133569543477695,0.0028957417990813,0.00363002289229406,0.0273048724518559,0.00751325389629267,0.00601183228300751,0.0173576874759831,0.0373039201879707,0.00109527372133671,0.00199588814284327,0.70939306433446,0.000306805570820312,0.000564645430492179,0.00261777203900215,0.00250265436546448,0.00312357496913853,0.00821632848296554,0.00152861538033715,0.0220134300254543,0.00938601230129876,0.00477339918439195,0.00297308011743103,0.00390673559012998,0.0409805709851558,0.0325076482672854,0.003288648004687,0.00311016755235722,0.00104681082324972
0.013760317642104,0.00391711918842841,0.000374695745141303,0.000258562663453624,0.00586553885232363,0.0498634794514481,0.183958396735455,0.0321576009143805,0.0583516386777152,0.00255993283105811,0.000222439991504023,0.0178105127181242,0.0037412234884583,0.00175585836262828,0.0153499848946105,0.467716568098797,0.00349893250938217,0.00192104106503192,0.00172651082605912,0.0400624344521049,0.0058815802334105,0.00810865892111336,0.0057935629626663,0.0114333397814589,0.00405894722508667,0.00659237105568183,0.00838847848594651,0.0166100004972659,0.0152669780629687,0.00048874538403042,0.00442159703772625,0.00808295124443636
0.00114884138702936,0.00925326942078686,0.00167823784168518,0.00820897691336746,0.0259193866811984,0.0020845566783867,0.00311851562794533,0.000543120690632593,0.0723110082047387,0.00754820030993568,0.00202863592647713,0.0176747334122784,0.00455608014811258,0.00137661549800257,0.0103040968448359,0.000242406995213516,0.669744573056232,0.0547148824015254,0.00429001028746926,0.000425625102208568,0.0118090933595275,0.00226936408253666,0.0211507443795904,0.00652579846417096,0.0149279815639053,0.00379801302387547,0.00680725870460842,0.0124362411890426,0.00885744901775317,3.34425520513943e-05,0.00854517865127786,0.00566766158359833
0.0275018187236358,0.00745769875048045,0.00121036686349513,0.00468774822173213,0.00961485913797932,0.00580508595053919,0.0129023518276698,0.0134071630704556,0.0225396083818629,0.006591198940389,0.00474368653069937,0.0158784352501642,0.00295755187423895,0.00150955552894815,0.0178747554171334,0.014060159269691,0.000959218690859353,0.639718774680215,0.0082401158024067,0.0190169835333256,0.031440401416808,0.00798716544867373,0.0380734069343562,0.0182523748298747,0.0116173750065186,0.00281560524136421,0.00876940509590424,0.0243804284606542,0.00945536221520608,0.00307004763801959,0.00560885839922637,0.00185243286747306
0.00272959368867055,0.00222933285959654,0.000301550703288626,0.00667063609263821,0.0118944022336998,0.00194776863407982,0.0139866131284823,0.00318985759183865,0.00731015975201365,0.000106824015332222,0.000732590503339641,0.0115715426903881,0.000272275414051695,0.000486591651048485,0.0126065476392735,0.000657676200973228,0.00128953904446618,0.00451577885029048,0.691425488491012,0.0285766945264197,0.0316101299590473,0.016962093798053,0.0451268685874356,0.0318643604445544,0.00827561142568157,0.000664818366182086,0.0250426694566046,0.0246904407995984,0.00428779870243679,0.000382493928931976,0.00629795366916953,0.00229329715140161
0.00404439326962728,0.0170686915768561,2.47966969383408e-05,0.0114295362288712,0.00111804647452108,0.0056114861283253,0.00191510206362716,0.0185677370178697,0.00365346569802069,0.00279740816778702,0.0115614540124966,0.0852319166203305,0.00144013604737133,0.000870777588952867,0.00292791428158494,0.00175728668760236,0.0110626239796096,0.000876100507837736,0.0306143808747751,0.558456274505149,0.00795271316577491,0.0175185185777114,0.0138229413525358,0.00824340463279996,0.000316457017545503,0.0919579846207038,0.0140586869505163,0.038282260085311,0.0140742088450368,0.00339076643172935,0.0145411722060452,0.00481135768613603
0.00292378155123896,0.00493805673427972,0.000346970097972793,0.0043966119866106,0.0157893323975307,0.00434345068344866,0.0150385936224998,0.00656742938788494,0.0110588102580879,0.00683967436457523,0.000462106258853314,0.0599042829126179,0.000270901004875437,0.000788732354782615,0.0138022605855162,0.00464379364404438,0.00200634952988777,0.000958367607402682,0.00107198469688971,0.0642740490574785,0.446510863884834,0.00165896165626375,0.0157221708970024,0.139396363665003,0.00259462420686371,0.00285086162568909,0.00625609139345967,0.07595322024368,0.0141344283142882,0.00140320483316862,0.0104804462489209,0.0626132242943489
0.0035243600133441,0.000547762534254233,0.000233137063206619,0.00532166259788849,0.0500498901964203,0.0098787552674622,0.0159182291531897,0.000884569967253859,0.107663991573624,0.00270778150120087,0.000585474027041168,0.00791306853009426,0.0018770232432588,0.00209317375155757,0.00896624514168914,0.00857087142512385,0.00872863605550297,0.045665954622202,0.0280506431195007,0.0380244656334279,0.00452731741017068,0.403669528064849,0.000435891449291658,0.034132624813211,0.132760655725449,0.0166961987334283,0.00340196389920822,0.0418708269678102,0.00579170505102623,0.000251228862947148,0.000351921340937684,0.00890444226442861
0.0017649169315534,2.84439632459444e-05,9.87800319763766e-06,0.00545778827571936,0.00546037099553049,0.000636913739300863,0.0144872143666259,0.000993542907739503,0.0589534970640872,0.00177297355614192,0.00463110125764516,0.0585774275749888,0.00105057582955516,0.00196306049498951,0.0154729848886146,0.00993716964938338,0.00410105252552207,0.00238190578824744,0.0120606152607771,0.0262389218667799,0.0419720735808225,0.0109831889149673,0.540836493851558,0.0212100316446032,0.0149468056176638,0.00425454395614658,0.00247776560993351,0.0782356500752806,0.0161091562785776,5.62666430073788e-05,0.00180258402769837,0.0411350848600958
0.00016920019355222,0.00454172245021972,0.000707913293064213,0.00140787103188628,0.0352154270034944,0.017391990366208,0.00630925425803169,0.000133511063582128,0.0856957792276832,0.00316797373453617,0.00209514437733825,0.0272142271053454,0.00200260069620793,6.60115658227952e-05,0.00207219943384327,0.0244299572509339,0.0012806132893565,0.00244627585410618,0.00372156278636707,0.0332367408309472,0.0212374067782359,0.0145857486411064,0.0173824016855666,0.576619566539227,0.0389204723062262,0.0251942467354473,0.0198634714341236,0.0160075390758508,5.2562901960089e-05,0.000874838325734952,0.0116772991495345,0.00427847061445983
0.0392986317127786,0.0145521137520652,0.000677059544852771,0.0044253355867899,0.0792863540491385,0.0163244226694346,0.148892977919872,0.0224963200843179,0.0100142270466387,0.000860775939179156,0.00347746817032897,0.038273141348044,0.00682070370320735,0.000563420216297642,0.0020742842614078,0.0329947300049899,0.00553255693807537,0.00613286600722791,6.98251179565151e-05,0.0156652027150458,0.00601869971100236,0.00920399541476907,0.00673779335111981,0.0369913983355229,0.456500592179719,0.00160632961087759,0.00061938422330693,0.00584537758332137,0.01527095439875,0.000915973174160324,0.00537495216760454,0.00648213306219764
0.0025199759891485,0.00260502481572793,0.00464252425964197,0.00213139420974772,0.036735578472606,0.0114348174544191,0.0171716769784836,0.00111518168332094,0.0571069925045929,0.00636975474087134,0.00243583968806422,0.00219930263931497,0.00354571793607189,0.00113855362818462,0.00610744288490731,0.00501543334585127,0.0125377471727907,0.00460664119449235,0.0159506039857243,0.0117499399384601,0.0202372885600861,0.00080887932778249,0.0518719640356781,0.00248006750324335,0.0402326415716665,0.627066027193571,0.0374608332159655,0.00993668451267311,0.000527012566636729,0.00107398652844763,0.000811452225220741,0.000373019236607037
0.00126173313254251,0.000681993903273022,0.00123728145462701,0.00156886988153371,0.0556850609712442,0.0129928899748448,0.0264420031946829,0.000766369382163456,0.0860308264542764,0.00164315305234013,0.00122186809911289,0.0474747018647449,0.00683632230224538,0.000360447899013558,0.00977400446660108,0.00793749618297514,0.00524624212033777,0.00329339591763595,0.00075505993259138,9.98999833840255e-05,0.00217809322492141,0.00118191312044577,0.00797231888295289,0.000163775065925971,0.036782087023071,0.0098096024733125,0.624034127938413,0.0190927554532865,0.0180660751076319,0.0014067951688549,0.00577908228311365,0.00222375408790005
0.000553792018333103,0.000340808119106578,0.000488992857018088,0.0592952507073762,0.00484052968876119,0.00328643429737546,0.000331733592701259,0.0529691770271696,0.0126033040406798,0.00269941485854719,0.0332150508149009,0.0525395935711184,0.0607494410500018,0.00153876607908437,0.0269313951526108,0.0240439494587661,0.00148425019626875,0.00100011724146056,0.000792605800422675,0.0307410417557546,0.00240968904608855,0.000270802281854185,0.00505668724861566,0.034133832727497,0.0028866839710339,0.0713503747290165,0.023535852007751,0.424147269597081,0.0510137690343387,0.00180755952039522,0.008764900585382,0.00417693092348904
0.00051519533539216,0.00162730721876868,0.000424463448503921,0.0028418559876105,0.0923358511630266,0.00708173456344506,0.036249446996197,0.00470172357178076,0.0610955752321169,0.000765737449625836,0.0142828880883986,0.0152597069488503,0.00534622588827913,0.00244051047688216,0.0262573689481353,0.00117390880094625,0.00194974372653216,0.0035481134510531,0.00184769258670551,0.00398662245184493,0.0350570705539219,0.000210582405209453,0.00146975544485404,0.00169090599070573,0.0380556218393577,0.000784041296811734,0.021517965047564,0.0572318982586727,0.482893446585444,0.000118813267205834,0.0704964088723202,0.00674181810383834
0.00146532413629706,0.00191081747796852,0.000535226609515685,0.00243382868992084,0.00380307249478977,0.00780591169434059,0.00288946823023178,0.00251254241061937,0.00629281803342871,0.002581857888049,0.0144031216186006,0.0818407558491369,2.02140436880479e-06,0.00142772409302886,0.00319906132004272,0.00445593803075344,0.00057532256973383,0.00104349514175883,0.00745859419729331,0.0137274938134632,0.00186445769924001,0.00136752637030906,0.00859817682035049,0.0139355314368345,0.0125289038745585,0.00934727515004872,0.00783151307956381,0.0447703444843269,0.0133492849087701,0.712891452986859,0.0120441593754414,0.00110697811035593
0.000654536820396856,0.00386604673797025,0.00309246644804612,0.00590391122730383,0.0457948800424762,0.00581345305393456,0.011200064244751,0.00218586140269924,0.0318416038727948,0.0051502016589339,0.0125163096091719,0.0185527431583061,0.00327014521086126,0.00121909663520658,0.0263593539664946,0.0015184054601315,0.0014622074014601,0.000992280887153948,0.0121226063110335,0.00752683213882487,0.0319591400746971,2.84481880209702e-05,0.0042971984681961,0.00581067420205072,0.0187713435514686,0.0183635838570953,0.00402808649758403,0.0704493589919242,0.0126923640658656,0.00499450773697425,0.627297120622034,0.000265167456138213
0.0118827532477631,6.06710906597682e-05,0.000395163350339667,0.00335252552167526,0.0676566417157642,0.0158023103411731,0.127016752283421,0.0264498913805046,0.105702628794761,0.00053201163542833,0.00222443139894167,0.0125351040019865,0.00128545332551434,0.00041383407308344,0.00042859230980199,0.01838548713136,0.000137045660035872,0.00187984804585182,0.00301869433217294,0.0476471246443458,0.0119304725834654,0.00182524660573874,0.00959247082154891,0.102152279458257,0.0631594868384923,0.00646293227916472,0.00325980839714584,0.00129423138125869,0.0138657546956413,0.00111235090517345,0.000342041642210961,0.338195960107318
