0.555739850485302,0.00478132009105981,0.00179679692345401,0.00423970552040781,0.063754285047819,0.0036980368460744,0.0362329034040548,0.0185495780616484,0.0124720435405471,0.00319027809682363,0.00259142181184203,0.000931292048391538,0.000339140479682791,0.00199445242570727,0.0054245381512232,0.0106883324372075,0.0123977889203563,0.002003300951049,0.000757592857793088,0.0143525783411064,0.0166405679538306,0.0239129540941162,0.0116768408152871,0.0380892655580087,0.0298710755522857,0.000658546725679842,0.0018237999594507,0.00311515891514195,0.0170797014515729,0.00287902046752838,0.0193511478124202,0.0789666842531282
0.00876903272030644,0.654734727535737,0.0187488094860176,0.0130148863364467,0.00588305171573287,0.000715872375655123,0.00358696387097195,0.0178419586864326,0.00675268137810917,0.0272473892057064,0.0219117608159618,0.000935182817792455,0.000257133065537909,0.000169062045917998,0.0240977020631794,0.00531934077858218,0.00277507801354821,0.0178609940887143,0.00209550208838107,0.0193570019105877,0.0175413843051815,0.0295581913195921,0.00972291767854601,0.0116813883446185,0.00272126033504954,0.00121256888418992,0.00140835137448172,0.00988897376587439,0.0172960272983507,0.000670704959036934,0.0267644449756894,0.0194596557600695
0.0041942471296812,0.00331157679249367,0.556880802489849,0.0143760964249219,0.102964702464287,0.00820284856975422,0.0210523193395412,0.0166051826301025,0.0128504469269575,0.0320049612979391,0.0122097870429306,0.00141092297869213,0.011331784905877,0.00580034731925753,0.0373319393112257,0.00250429788173457,0.000504561150502881,0.00307310626019831,0.00584454057969899,0.0314031232990608,0.00170746875322015,0.00799083854108514,0.00174726423438185,0.0067404094553227,0.0402891670515206,0.00154756816501414,0.00528497724372463,0.00811306203896993,0.00273707807117003,0.00440325325736491,0.019315072761094,0.0162662456324267
0.000651253699344793,0.000246648158236654,0.00370234384017222,0.484220850042728,0.0181511907040513,0.00115790808824403,0.0445935319094095,0.00845584705702377,0.0145658384916213,0.00612233070821467,0.0112182025565609,0.0129582418995067,0.00570008058581772,0.000828854892375733,0.00100085331986593,0.000328345547209998,0.000988137176936412,0.00520742701209133,0.00198197517057284,0.14479002414877,0.000920823356645474,0.0429709516796871,0.0343261256043654,0.0774426029523267,0.0341288303249146,0.00427037759089662,0.00237737764542037,0.00145998651512807,0.0001304823395728,0.00363768730486099,0.00759670914185541,0.0238681605355721
0.00158232801724304,0.00679934031150476,0.00559992716994121,0.00377642073922503,0.514297783304956,0.031504073472669,0.119755960592208,0.0526005803761584,0.00851337379092206,0.0353700080391287,0.00806094222470374,0.0112154425258292,0.00451527666319104,0.0101720306232293,0.0198540055785141,0.022341315206022,0.0165424732069137,0.00138866104116007,0.00654031990291159,0.033217363054872,0.00672671582147591,0.000525236476654565,0.00590848987046464,0.0180990152755185,0.0280612767612163,0.00167455318483925,0.00256267163562542,0.0160303315754313,0.00161706678669965,0.00251032168869653,0.00192752329908756,0.000709171782987397
0.00549792109730532,0.0411256752482872,0.00103936954320392,0.0223265607175127,0.0522958876231469,0.66972471077033,0.0474161051141148,0.00803216593229174,0.00792697924277014,0.00127421726368597,0.00194862854906208,0.0101665228617557,0.00982598526875001,0.00236933781859651,0.0180573627987376,0.0136852450865162,0.0148675986488853,0.00202905589535578,0.00633680739403838,0.0144556902176391,0.00212553460937556,0.00347227035669083,0.022193188231807,0.00485646476298171,0.00493720183204336,0.00157347032544943,0.00325650292037082,0.00271513743261215,0.00136585018828512,0.000817376684676977,0.00223487756048116,5.0298003240229e-05
0.0103440799918438,0.00069609135509969,0.0048743641869992,0.00210808410242553,0.00270340148422941,2.52686566759753e-05,0.745334937441731,0.00222115498933512,0.0111577456355087,0.0302919579360928,0.0166316831708422,0.0038850432601228,0.00352764108317842,0.000876932064538759,0.00466411125776394,0.020095817075376,0.00662444286983075,0.00124890104845952,0.00259172742177109,0.0389270381735875,0.00408880997400021,0.000634692339342819,0.0141984680639706,0.0171946320486564,0.0250933570954886,0.00401037978892434,0.000945017813371088,0.0177365378324925,0.00230265565819703,0.00227179246278126,0.000598003509664594,0.00209523020769713
0.00591797741732865,0.00193066332389799,0.00143223967386356,0.00415007779923458,0.0689010604816608,0.0110693003765396,0.0607267651532959,0.627426956395065,0.00159237632335612,0.0355843763740912,0.0257113593383165,0.00581755963867732,0.0169964190446772,0.0181017441817914,0.00109825719378444,0.00905219937690775,0.000977113211556989,0.00143261400514634,0.00192681011110471,0.0326294275286515,0.000921581178714367,0.00125760465621855,0.0113692146615888,0.0412203100365172,0.000327947726250858,0.00503587369068565,0.00198010458953431,0.000504665247801888,0.000247582096466792,0.000340287176854542,0.00367874677852703,0.000640785211891992
0.0163081189415289,0.00533189315263993,0.0108554717080586,0.00789486152322795,0.00168397437273018,0.026802057756647,0.0689015264930943,0.00263396271406131,0.533552966338549,0.0139887547134677,0.0192715497224475,0.00355359245149235,0.00235531524219357,0.0012404257505525,0.0160402026958527,0.0324696413381583,0.00387914830338427,0.00275487181202201,0.000956683848930913,0.0295849451167556,0.0203479511966027,0.00954398552723409,0.0120616396852184,0.0215568773482827,0.080509602494112,0.00109343127582938,0.00913626008884659,0.0101331464691496,0.0115510372046748,0.00153809792266626,0.0181804296259966,0.00428757716559268
0.00144597862225616,0.000693630288881153,0.00315745857406753,0.00846211289852331,0.0235868185618666,0.00880647689476845,0.000803954728756901,0.00780798265870398,0.0130429944894483,0.669099988916733,0.00442894411474414,0.000245737586998432,0.00479953767073673,0.00770230533479783,0.000110752398449355,0.00108769720864188,0.000460260912072633,0.00186530425498068,0.00183743142252247,0.0694074532141944,0.0019030765711495,0.0393639755066865,0.0530107161953329,0.0258814067448609,0.025002678550412,0.00136905324994449,0.00128799729244434,0.000993100209458519,0.00245444006125291,0.00333873548299931,0.00989290357542469,0.00664909580788996
0.00192146981037878,0.000508459285478031,0.00441757150674522,0.00828348247630845,0.0365383471904761,0.0090637463256367,0.000355735139828175,0.00162061845945864,0.0146796165967647,0.0547964892993856,0.565245061163489,0.00136188592280947,0.00134090754818249,0.00321905873056369,0.0019117089464691,0.000203076110347819,0.00056443002323408,0.0018118892385619,0.00278611088837028,0.0975163613408733,0.00149259985889828,0.0345455557845471,0.0269400428930157,0.0316951562595548,0.0341772872535467,0.00742808293929579,0.00387402632975936,0.0144911889778911,0.00500014300102321,0.00628591856709211,0.0154146696339354,0.0105093024980787
0.000525015262952573,0.0192657177891504,0.0049062264837491,0.00162877376509177,0.023443941659797,0.0263207780209295,0.0218370138188912,0.0588214918384941,0.0250766101833432,0.0111253539136708,0.00174100944484101,0.354858641776456,0.000522320168212713,0.00462909835597207,0.00174855745830904,0.00542524916215624,0.00145943373062178,0.00214647158868754,8.68046193432192e-05,0.026542906043139,0.00212100193024074,0.00266255328659487,0.0545808178515864,0.135540512142885,0.0100816855353716,0.0211846201202671,0.0474860877754283,0.0582339605518791,0.000197427806085548,0.000611083809436117,0.0750077909405293,0.000181043165887534
0.00131246225816088,0.0104988636173045,0.000991709396415108,0.00303929777081612,0.0266329937072135,0.000662559379649978,0.000922509553259198,0.0435918455321789,0.00129757169270034,0.0987997916913088,0.0579078635752506,0.0330418291434346,0.439112357801573,0.00170907621154954,0.0595346022176804,0.00524205058803967,0.00394505164537864,0.00391397119529585,0.000286913046495484,0.00515111605666908,0.00108130142511282,0.00219757621702296,0.0245567308892324,0.0412509049471147,0.0148626476314168,0.0150270337772187,0.00662623231213647,0.0717678980194653,0.000562876725202408,0.00219176609546701,0.0174906391179748,0.00478995676226126
0.00102311983475264,0.0049651030353697,7.22702144643192e-05,0.00240945091729147,0.0367236292379465,0.000623835671184457,0.0242859572460918,0.0256878529744986,0.00506348903779446,0.00786077754202602,0.0134354011165775,0.022566503806503,0.0195823754840881,0.643249063806028,0.0362633101103426,0.00920496633356051,0.00299210365651954,0.000285763311974659,0.00224530981246079,0.0364507606516568,0.0158796700567331,0.00667373233409976,0.00232466641975183,0.0166926701097223,0.0111965035232556,0.00890413034268065,0.00387239452172659,0.007141648175103,0.00131014408342578,0.00279367103890127,0.0280621808340866,0.000157544759382194
0.00206254464555715,0.014750143599111,0.00115814721754464,0.000404067469803497,0.013412245318176,0.00270917569115362,0.00524636502468953,0.0395634149849189,0.000670119321161794,0.0025622184206767,0.00864279726123966,0.00256320180096692,0.0151590703798585,0.00735209432227157,0.635288322469028,0.00546979004581297,0.0032047539771772,0.0014675515138729,0.000558824571458337,0.05062995482381,0.00291006377695196,0.0248714383250389,0.00337934782614754,0.0095931005841774,0.0474374396419513,0.0102825995064017,0.00621914050648182,0.0179924827441803,0.00116746027906864,0.00308099709381008,0.0502410395765185,0.00995008728098298
0.0132570940733978,0.00213761012490956,0.00458432517765909,0.0150715025303498,0.0221177635638902,0.0728878422252075,0.111909982153304,0.0704783302870819,0.0132303738166099,0.016749018264326,0.0130952006536258,0.000436456367504283,0.000838265720166124,0.00416646407401539,0.0029675625845815,0.502867346520433,0.0056856525365759,9.47333825068483e-05,0.00124700984285381,0.0292612601464496,0.000227225884009814,0.0043873960802464,0.0104613483081193,0.00317317827540578,0.0375839381454774,0.000773471353314546,0.00364766991047237,0.0217567579543923,0.0011063856764736,0.00656174745465676,0.00563200034321516,0.00160508656876826
0.00328096426779424,0.0407108291642439,9.1620678409919e-05,6.01213074875309e-05,0.0328469876787136,0.0057371866120015,0.00180817679022217,0.0201315240616587,0.0131723956396637,0.0270529995375875,0.00743262860919383,0.0151259836547935,0.00473060598653392,0.000719530279666196,0.00967408868066346,0.00930672211123391,0.560337141112793,0.0683669830301104,0.000453066754045102,0.0118601825161322,0.0126376502007413,0.0237001170637762,0.0521121042830733,0.0114995392376283,0.0116819726452836,0.0106146154507072,0.00138070819010152,0.00392237103979022,0.00113603191398522,0.000557739983739938,0.0104297305851013,0.0274276809331238
0.00109811173119719,0.0132967730067582,9.6571766945665e-05,0.00215749349991165,0.0552701990614742,0.0123314601614322,0.0345170187392798,0.0486064933117102,0.00726487593459118,0.0232151753825393,0.00566962922938781,0.00214504125443688,0.00559793849390245,0.00241259978513699,0.00872698900630847,0.00948463052618326,0.0270766972345854,0.575774665189578,0.00563757193970017,0.0101630857383642,0.00706688244491356,0.0237949395008148,0.0292770199761552,0.00907394740445015,0.0204875156530569,0.00328074513198389,0.000918923883279655,0.000983001838467688,0.00373843658030716,0.00158692541685742,0.00440572981745231,0.0448429113588384
0.000493383137921574,0.00217108234512867,0.000696989307991152,0.00496507988983259,0.104953671936856,0.0400317316139391,0.133260178843638,0.0414281781885881,0.00237376551030967,0.00869221385481939,0.0176393249095353,0.0102039644180256,0.00190254626846322,0.00356569488163484,0.000566840753696788,0.00507854001224115,0.00220630834604733,0.000927261293667506,0.499921495750963,0.00271541269812039,0.00193876128174297,0.00520079435380852,0.0140736207867962,0.0111712882234215,0.038225495611753,0.0105178604323519,0.00233975417951991,0.00917223341266173,0.00152752027360563,0.00125438931330301,0.00567255280209574,0.0151120653675198
0.00074140462660692,0.00677154190790722,0.00207691418909584,0.000224953521952067,0.0974347999341655,0.0280929859198786,0.125992192194184,0.00590519852207582,0.0191552753054969,0.00335202654236888,0.00755925052959557,0.0112805788872,0.00039613842302762,0.00315749488901412,0.000478375558930262,0.00361219983632839,0.00430854912970961,0.00110657631447739,0.00148798080073353,0.264927843667154,0.0200669890440729,0.0494108386256526,0.101299830266695,0.0376139554402189,0.0939954356945683,0.0140009774303598,0.036335535912256,0.0050721754066094,0.00097050937533994,0.00110012457611238,0.0112536712659178,0.0408176762622945
0.00342992066517954,0.014954303195132,0.00125375647423835,0.00260392638122129,0.0470739468235152,0.011385433557232,0.123636193530444,0.00328345604670273,0.00169775612063035,0.0159180813817399,0.00750880791970438,0.0119572987098825,0.00337844766142889,0.000988218880253669,0.00659890071165763,0.00838905939138125,0.0110960078789598,0.00456832537804128,0.00249103798486297,0.00520902331013719,0.498637856374519,0.00184972002661125,0.0688210880855879,0.0371714751572759,0.0337114592070929,0.0358880457507029,0.0142957099754339,0.00137265347412463,0.00345871578085694,0.00147636692630465,0.0121642647012712,0.00373074253787463
0.000613375988584221,0.00508545109247003,0.0015164550668606,0.00268776683286579,0.012896208369785,0.00221097670575697,0.00559645462634837,0.0325237370105871,0.00674434922317446,0.00907990595123362,0.0124320424892461,0.0115970412533844,0.012438088873532,0.00216938840176168,0.0122987981263979,0.0183893516470977,0.00743586560634067,0.0018422911485441,0.000344927939135957,0.012182448573911,0.0841327066150583,0.605924220573839,0.0337418922405254,0.00341044415357808,0.00795460311643158,0.0171647779853864,0.0147985317236926,0.000504155087407503,0.00421917071210223,0.00336535186903962,0.0380483008369214,0.0166509201590003
0.00188551065213203,0.0109061413402443,0.00092438675201788,0.000583779701353034,0.0175937124996356,0.00233920280150381,0.0117220343814921,0.0125661525335764,0.00927764018836392,0.00649968220220992,0.0012875611515893,0.0119323351461533,0.00383741640642515,0.00150605270764868,0.00519806046157432,0.0141072129292959,0.0123634456728919,0.000685338536287354,0.00121301586499911,0.0128562782762688,0.0352059905121957,0.0104817749021581,0.710043888910143,0.0250188184244806,0.0173877672951197,0.00456555000679803,0.00344533662153287,0.000197553512988243,0.00261389697191372,0.000516301565488396,0.0248514102447507,0.0263867508267684
0.000157481861630828,0.00318769007042756,0.0016418270056439,0.000436055014538562,0.0676190132132936,0.0198882568950527,0.0960029248534037,0.00453201907765215,0.0139054843045085,0.00495615258733007,0.0070043349577047,0.00622870707445662,0.000548108015931776,0.00199437829941867,0.0018833059291311,0.00250341455335337,0.00284059267727175,0.00244295086276712,0.000401452962660223,0.00226184703185868,0.017180069808448,0.0609632302383751,0.11399496816345,0.372247128046944,0.0975021983659344,0.0162851480815577,0.0359831986693637,0.0036697235573809,0.00121336585783176,0.0010097914276451,0.00861970453884971,0.0308954759961844
0.00561357464714976,0.00285883924897752,0.003102008902382,0.00205378015784158,0.0711850656794869,0.00208803193287162,0.0485242602614521,0.0178169959333546,0.00164681143073361,0.0172820835143625,0.00211004395610129,0.00176694357536366,0.00279198243478992,3.24599482924224e-06,0.0142185765234548,0.00420591409518636,0.00374347481689166,0.0029877467732214,0.000467848401458051,0.034137912170834,0.028775481936698,0.0115618866342933,0.00611417949596303,0.0494256537006692,0.595297409732279,0.00157409377577111,0.000773036470242726,0.0175387499169377,0.000871437595203422,0.000421057462270488,0.00156268582055002,0.0474791870083799
0.000265992490649782,0.00792711847529544,0.00042819052687814,0.00865860317315297,0.021556162986539,0.00456808510603186,0.0722386062852738,0.0135677093580131,0.00990416392596768,0.00803298403655514,0.00852604225661388,0.0237949246098741,0.00225625735032106,0.00772202953373775,0.00468058624852396,0.0192105135258011,0.00461488309066658,0.0114744889139577,0.0349931725536822,0.0352357457387262,0.0392973088627412,0.00495517648135194,0.00234003793179216,0.00424705869760069,0.0470892197963136,0.541927809125201,0.0284004549788585,0.0226915416790811,0.00290001204162816,0.000908104787744679,0.00497750237503646,0.000609513056388735
6.48432233481491e-05,0.00411751593030568,0.00196264239350144,0.00109674133307331,0.00351474239786577,8.41319725538071e-05,0.00796233476182036,0.00210077294598872,0.0056396903152104,0.00642566906451967,0.000116254041010592,0.0240940777134627,0.00221162317815791,0.00706059578235308,0.0054480956175654,0.0142032938737199,0.000151542809592227,0.00478379059793246,0.00141144009559745,0.158407699390033,0.0167220977335398,0.0497269906109019,0.0470931323761031,0.0527067946528251,0.00962234503956926,0.00833942620723075,0.521139112210395,0.0333016125895272,0.00860436756763049,9.19316169272339e-06,0.00173868201118564,0.000138748401786995
6.92885071974605e-05,0.0076667519107906,0.00292930211231432,0.00135354940266392,0.032718248426224,0.0129302557306938,0.0491816676397244,0.0271008154353059,0.028984059741964,0.0274221809725926,0.00298253469895454,0.00787798073119449,0.00013802293565838,0.00288921153811543,0.00152352467618893,0.00169655387634085,0.000282579231824092,0.000705713317472138,3.87011651766546e-05,0.030087942108911,0.00330535634718092,0.00705306609191763,0.0668821214147558,0.0900883988213938,0.00608215048677587,0.00899880588591176,0.0449974782844686,0.514006647550289,0.000397211855214469,0.000356998480689184,0.0188138499335302,0.000439030688565723
0.000796446292688078,0.00498135517945137,0.000179312952614439,0.000420635604776194,0.0192926227420137,0.0022750718812302,0.0122759529995567,0.00168483381984035,0.00323538678641378,0.00471974029873656,0.000806449173770278,0.000332427734288906,0.00108451618974073,0.00357398855049049,0.013497417720137,0.00139004046260217,0.00164731640526593,0.000124209750058971,0.00121056911886459,0.0892782189357329,0.000785743686399583,0.0946491760178955,0.169789943895157,0.0991552499987218,0.00699559975899542,0.00576772558819244,0.0140014176484647,0.000487199707924115,0.33963319812884,0.000368039116279172,0.102182956306604,0.00337723754825205
0.000762249015225591,0.000616966979737404,0.00224835248215533,0.00328209043087441,0.00892319344120605,0.00327480658049019,0.00701276836760932,0.000808437966154307,0.0141803849465095,0.0167894832747676,0.0154542958444101,0.00201084075943187,0.011797651302824,0.00028867040257473,0.01421430238329,0.0176542799245353,0.000503449626974399,0.000931666685457338,0.0585389667159792,0.00810092336526626,0.0102712993408178,0.00297735314875292,0.00368394502442546,0.00485786831722624,0.00355930263740258,0.0316477905823459,0.00781469417377552,0.00292211031159583,0.00881391032333415,0.666190786732616,0.0697855598962372,8.15990159973507e-05
0.000127223970771714,0.000123828691727885,0.000291756280396237,0.00035074927005454,0.00960603059752028,0.00416934035836239,0.02331191114617,0.000221168368909205,0.000835011538776511,0.00795055915322114,0.00221175539019492,0.0193657356641753,0.00286865555542314,0.000611752774207381,0.0181004699461059,0.00503540923234498,0.00146699551105853,5.59435786148296e-05,0.000850412792965127,0.0301886900304206,0.000792789277682684,0.00778612865246285,0.00882688790867972,0.0143242050863264,0.0019876378888019,0.00752781124415135,0.00233519838479125,0.0318263972649112,0.00534365343921209,0.000366268117628077,0.791118457108145,2.11657757874783e-05
0.0246742524434879,0.00360244827012418,0.00256969669687346,0.00032725502650824,0.0580179085140386,0.00582329901564873,0.114439617828467,0.0466822762112965,0.00610169665118188,0.00863116148444338,0.0147117304652081,0.007791226258964,0.0026524414820661,0.0028569002960304,0.00740015010879016,0.0185576796305325,0.00554345246868501,0.000985109339980767,0.00113517619378717,0.00764409130692361,0.0128080956418284,0.00317732655190465,0.127017546463166,0.00534059528000341,0.000579048946094258,0.0101292017373549,0.00428285416745375,1.65120836457834e-05,0.00063544712819458,0.0069815262488095,0.0181375663339157,0.470746709724591
