0.378720131727589,0.0298579972755742,0.0166912097610206,0.0151965088868544,0.0163401332560618,0.0674762598667391,0.0160218400129427,0.0116967529144972,0.112784459151167,8.74981482383206e-05,0.00259463949205268,0.0210853695233718,0.001339797877835,0.00401728615595236,0.0058773369123724,0.105688096687288,0.0127269287655189,0.0261496243527249,0.00286190431783093,0.00466534885702546,0.00216271651137468,0.00386552488518652,0.0529162066236594,0.00344592223644963,0.0401865193075598,0.00746725816151755,0.00744660073196265,0.0066561102696911,0.00116966440641336,0.000725082542707856,0.00848198872035317,0.0135972816604671
0.0280421063268922,0.67504197602193,0.0119022759151992,0.0099381964211333,0.0010645342092642,0.0124799636915525,0.0483103522106227,0.00672661452495545,0.00742572323580182,0.0038744240400004,0.00526616822975714,0.0168197491978607,0.0015019650033075,0.00702501651018007,0.00118460364885198,0.0197951753978129,0.0115373771382172,0.00915515247544376,0.000310764955645018,0.00438374487850177,0.00873047228254608,0.00153582761025803,0.00669890767837473,0.0217613923854846,0.0395643095498238,0.021338179600303,0.00954913646425856,0.00163567718537223,0.00303352125924664,0.000386220432120685,0.000945401573754789,0.00303506994552674
0.000840007382800648,0.0166942357860541,0.777952494118151,0.00409615295961184,0.0100005365302707,0.0181198261563387,0.0128049669880866,0.00274197592960994,0.0129214309959237,0.00197614028812539,0.00672838187465393,0.015769877292245,0.00287296091914747,0.00312290844106643,0.0171683653964724,0.0130356362755714,0.000364871999411904,0.00533099487500319,0.00259654646789928,0.00955015759990393,0.00751863502729368,0.00345874240100508,0.0102881055393665,0.011411282833592,0.00857684048098435,0.0116507249532834,7.94338446902228e-05,0.00260209062306536,0.0046649916579058,0.00165167302130841,0.000161461713984423,0.00324754962717312
0.006135986243052,0.00806098910744818,0.00229446526404564,0.633525289721771,0.0195645107578411,5.17365817641252e-05,0.0493711173460002,0.0780588011176686,0.019109270516385,0.00404523415649948,0.00230205007660245,0.0507729359111529,0.00211366422414822,0.00485322271518627,0.00272897047292503,0.0158512631329475,0.00131542206310923,0.00386500241864943,0.00671094085915645,0.0124747428806984,0.000161417533508874,0.00610063532209072,0.00129115563325658,0.000887534267295243,0.000288151512787011,0.00930651966562351,0.00254784654755555,0.00923025088421085,0.0375013747454153,0.00235751964848125,0.0028439194697365,0.00427805920298698
0.00490853837298448,0.00301928194619602,0.000528341266474108,0.0285350150420899,0.671890849642915,0.031656447746936,0.0852834752755618,0.0119148744331751,0.0187349799493797,0.0031139235334257,0.000553874990456342,0.0196098674193066,0.000486413776817351,0.000267586892024658,0.00282581130310924,0.0525630888985772,0.000277639242529231,0.00160833613312895,0.00137897000028469,0.00373443959645825,0.00491317028775554,0.0012969083962606,0.00436327613401501,0.0119362564649635,9.3184491398397e-05,0.00708236427042775,0.000827252695221616,0.0141787380950763,0.00737896876895722,0.00211827987618323,0.000758866899666551,0.00216097815824379
0.00324312242883283,0.00133624091141168,0.0005724710411225,0.0130780254280693,0.0425152796771874,0.698198503126789,0.0778483599853636,0.0102011868607556,0.0285603111940429,0.000426022567035302,0.00235271856441881,0.0132072367749585,0.00143544648348843,0.000112130389259074,0.00709014063592944,0.0780332685593951,0.000867139968744569,0.000955414741676037,0.000394303992379233,0.00535993062256068,0.00130288296105293,0.000410528459407387,0.0013743288294311,0.00146292817993211,0.000371167971278998,0.00275446214386076,0.000217748028503422,0.000556614037863312,0.00138417811929507,0.00329502567906889,0.000473269926303095,0.000609611710582944
0.0183062595637135,0.00493599929799819,0.000506280971370646,0.0320390412663555,0.135341992575085,0.15704150942216,0.344361750706543,0.0118160308383311,0.00914495724945686,0.00240449975474388,0.0116614316637628,0.0398195377711376,0.0020592924664126,0.000615344405752887,0.0191736136031931,0.126808787613296,0.00356705020232677,0.00366536170366888,0.00300698036458356,0.00135925520005119,0.00635523589195624,0.00534879473675229,0.0084079598749165,0.0120708989099231,0.00545857905732879,0.00656167521536478,0.00254046695718339,0.00541182814290915,0.0103302250551397,0.00843547045637283,0.00104845924338828,0.000395429818820935
0.00957322607950393,0.00390568917462388,0.00168349909443872,0.00299631530428868,0.042097830534128,0.00471107391347493,0.0152051227762897,0.766755227799157,0.0200808209889805,0.000994838410539823,0.00370356819185145,0.0250169332246216,0.00025680946524505,0.00799865267067639,0.00407038589457434,0.00220910572008198,0.000660514022358817,1.00284911408083e-05,0.0026442799960199,0.00548698017760338,0.0235985077890081,0.000150515877791657,0.00975133986626871,0.0160319219288952,0.00651488483412905,0.00548393167625401,0.00347361850498961,0.00132173586371851,0.00899709468195007,0.00275794908298776,0.000729868596348305,0.00112772936806003
0.00764330165563991,0.0043190153791123,0.00647295227555475,0.00217358202403641,0.0241189128044502,0.0333889106004433,0.0669532497808055,0.00376583378384717,0.616877242443709,0.00107442373287323,0.00693514350578635,0.0124967894890236,0.00300276933960833,0.00102755538476798,0.00364667077857939,0.129852632847956,0.00325288231012413,0.00805547744960989,0.00335812159889238,0.00146594495866553,0.00101344709882629,0.00576653208227534,0.00183538094462562,0.0138702077788693,0.00439662205684698,0.00299783315115397,0.0064000471146166,0.00390004910710697,0.00723540311203127,0.000887173884375469,0.00348895845101916,0.00832693307476792
0.00208238157382872,0.00315060825111141,0.0025969300754275,0.0100601225633985,0.0141280230034734,0.00563792780864337,0.04662116622707,0.0116617266151391,0.0786636765949835,0.553551697754541,0.00131086297101951,0.0873303571830738,0.000646900933258461,0.0018142383815272,0.0145297243157285,0.0638969836885073,0.00250865642530548,0.00533131992768107,0.00150347051389501,0.00392891597086839,0.00929950016878448,0.000558348247647611,0.00549969645404269,0.00868402924433903,0.00338943904890885,0.00288757554963009,0.000649613405654427,0.000197274776742283,0.0534002272411732,0.00245595878117804,0.00178325190154238,0.000239394401875858
0.00321451866681181,0.00107422063594189,0.00903543234074117,0.0164290712826555,0.0508208637611989,0.0179332059259442,0.0669407107002186,0.0322675939709543,0.0462091801324883,0.0104648746403257,0.426447748211949,0.0686439115278399,0.00175591704938653,0.000705015194702252,0.0109776147825867,0.0345355223039853,5.597208884047e-05,0.00051373466146799,0.00452300857559092,0.00285013742424765,0.0446169615035862,0.000906391423240922,0.00646847196144264,0.0588199679378802,0.00388565993717979,0.0144550647863145,0.0058800713817013,0.00601558194152693,0.0521767716598224,0.000680907825731854,0.000196740749152612,0.000499155014543321
0.00668208713289047,0.00458494155559446,0.0035148384374112,0.022979192046562,0.0418846552746129,0.0388909787430499,0.0376499594336877,0.0150131793910187,0.00176937191755602,0.0187377477591356,0.00623846419016498,0.63243513826643,0.000531552461669424,0.000275251349150529,0.00386220525084177,0.0120747587412812,0.000568791795675295,0.00558721803477297,0.000830780664048898,0.00243813388324857,0.0135801609015535,0.00111832232478509,0.00213934354397245,0.0284908006651097,0.0159257403861865,0.0148733442946562,0.0041299255958067,0.00150971569882838,0.0360616149865967,0.00156356343574105,0.0230565588965661,0.00100166294139458
0.000174446607310751,0.000770243370929446,5.92129345071502e-06,0.0107862833603058,0.0324530168909332,0.0047460336038247,0.016890181856526,0.00249497859696617,0.132744257783418,0.0292128730468072,0.0034855994198974,0.00818194740157438,0.415509853334038,0.00268327924743139,0.0391705699162106,0.095384709726029,0.00312085509890282,0.00925181077238985,0.000981149723564266,0.00240720528689426,0.0172917823041399,0.00760941808080879,0.0279133859659329,0.0370542221205501,0.00207678338831054,0.0154617066751711,0.00198927197757067,0.0474040222777452,0.0295758844957442,0.00107678932990403,0.00174815468061822,0.000343362366100369
0.00940452997156441,0.000219293402982077,0.00262692120846974,0.0234261757587469,0.0052532317898128,0.0361219911122079,0.0697905035825619,0.00298442299989798,0.047318200163526,0.00190731360066131,0.00398019631736126,0.0749243696641107,0.00405705734322765,0.540515374834644,0.0415515887157928,0.0545635278285294,0.000591514539998826,0.000203412984149769,0.00141824877522242,0.000200205290241434,0.00123359444221452,0.00147690118877415,0.000202882389954587,0.0129569195557201,0.00671413002146028,0.00630883114941118,0.00212276033443976,0.0135936092018041,0.0227163467491599,0.00130723701487351,0.0039414498289993,0.00636725823947964
0.00136155269976086,0.000609672415498644,0.00353130481361112,0.000424708558058957,0.0047457727044663,0.00213985676175748,0.014875690001044,0.00223880840024759,0.0365162440080208,0.00831217137050957,0.00248585620170283,0.00179582687282354,0.0146387937897094,0.0015932703784285,0.821718980868166,0.00687550057243027,5.45604969433475e-05,0.00149691632669978,0.0012057990418124,0.00261492221713808,0.00355248267103429,0.0036317792846712,0.00891192441204138,0.0216583385368031,0.000899005980320544,0.0160511180881828,0.00108501569555641,0.00551183930684497,0.00369051946087188,0.00259028526916051,0.00205788880119147,0.0011235939944921
0.021441677138734,0.00753926694068152,0.00112360617817249,0.00421626347245235,0.0292506163527018,0.0396839202669484,0.102531415999225,0.016910699853254,0.11571838081425,0.00465781283307527,0.00408974535255398,0.0182839245348763,0.0011349256267823,0.00255388148218794,0.00938332643842714,0.426570640868678,0.00728845573029962,0.00271686583241092,0.00157585448498672,0.00807512791034661,0.00139061849932415,0.00606638336310569,0.0186279484311878,0.0427528434074738,0.0405023456641034,0.0168322287831848,0.0127864164514969,0.0123275642176571,0.0068269190191236,0.00218246062591031,0.00574104566533904,0.00921681776104948
0.00308737353379731,0.0114379175830374,0.00672464855728695,0.0206690504173613,0.0202211507247924,0.0444662095764535,0.0539634575312661,0.0121440958175566,0.00958295095517391,0.00294302841106239,0.00310781941939729,0.0110782836852449,0.000631677082338007,0.00186973347032304,0.00426881540638429,0.0241962624650211,0.645635960617198,0.0111334018332649,0.00257879535075353,0.000732954887524698,0.00640011923799425,0.00724860085285233,0.0440628601665833,0.00409075344643296,0.0159298278619707,0.00348591369362982,0.00277805720923546,0.00444359286342056,0.00245622367869995,0.00122411886678257,0.00362687083018088,0.0137794739669794
0.00204888124263626,0.00144910987470627,0.00184687303767563,0.000597655283307411,0.0127019781272999,0.00368502390659399,0.000931207061600271,0.00593711327434566,0.0892310787660875,0.000384031490550128,0.00280849601514653,0.0103524374613871,0.00376583950738746,5.69644622645501e-06,0.00177539790747878,0.0813772932445738,0.00287015768515869,0.714438880263991,0.00432615974137942,0.000871533701775424,0.00267417377687389,0.0189600575262531,0.00249586470326168,0.00371196929980541,0.00222935223757598,0.0111064733367996,0.00104856339451517,0.000388110369143753,0.00856050326596442,0.00178031634526517,0.000469056007143716,0.00517071569809077
0.00226984984282739,0.00943772772780952,0.00489499375829197,0.00288137198928479,0.0152128790677802,0.00158429510689691,0.0110971014029019,0.00250651340803411,0.0396730335887,0.00274212380086459,0.000438367089850807,0.0207819859998757,0.000624904018135053,0.00206184036280173,0.00303172900207452,0.0580826499514939,0.00709226350751264,0.00867559831457692,0.69614474387224,0.00119590883972915,0.00283513053605589,0.0182081449239898,0.021936831455862,0.0242001639213589,0.0134152447669195,0.00519547099355089,0.000641315673551594,0.00902939813048396,0.0051490101944916,0.00551345708938868,0.0022780988945326,0.00116785276813272
0.00865192661129431,0.00240904458505252,0.00048240071172843,0.000330548105899647,0.00675049006842329,0.0124555500605168,0.00189354329948843,0.000160254545871961,0.015588680715516,0.00188256947399752,0.010176622644953,0.019619825857731,0.00201471446967284,0.00144995014771375,9.59560585605191e-05,0.0103084772446464,0.00941172362952392,0.000748298806460997,0.012640856741164,0.697754224505937,0.0464685033990477,0.00021752301934957,0.00763333642467686,0.0946543788889367,0.00144930053483238,0.00915452781098679,0.00569185175231415,0.000464130803936061,0.0146019125416514,0.000657157134520165,0.00190447380561717,0.00227724559997838
0.00613570323238015,0.00152303768204721,0.000674781027368842,0.0123321773063761,0.000389732099259503,0.0217155694199557,0.00640584269486929,0.00738552904538314,0.0133863931655225,0.00265829997839121,0.0115499308486464,0.017308100525333,0.000226028607188642,0.00235780603253591,0.000140374508732326,0.00591860564320733,0.000665567073915634,0.00513960522632607,0.00393760388544306,0.0281857673737639,0.613668950868582,0.0163580536752887,0.0584575527161946,0.118259230941672,0.00888099016195392,0.00476030461874142,0.00510052133342316,0.000977540572958153,0.0119567031011951,8.01894328712585e-05,0.000946610206452838,0.012516896994021
0.0138329602135393,0.00164768970479428,4.29181194204494e-05,0.00635717007832895,0.003504223311337,0.0108756111734556,0.0328189522349938,0.00831313765647559,0.119888666121419,0.000133657345061401,0.00014698481760107,0.00225690018171566,0.000349661240567918,4.2609762382359e-05,0.000247395999183207,0.0758881422826378,0.00684634216795539,0.0241459021425479,0.0123907077060389,0.0130062382411599,0.00103132060667575,0.550659885728691,0.0218265205462209,0.0584949952502251,0.00484046085904176,0.0160291286552368,0.00724090923559377,0.000406253138021433,0.000540673396800839,0.00210385724827386,0.00089921918481906,0.00319090564978484
0.0133760143841382,0.00229547279637341,0.000135480625232083,0.00371444083105744,0.00202781976791515,0.0165472489104079,0.0215158569193057,0.00243902256405857,0.0541436487594728,0.0016550385797838,0.00102707722675316,0.00559133413378742,0.000240938105759498,0.000948150004998205,4.23112677238402e-05,0.0270368163098348,0.00735080017011615,0.0128729392821436,0.00618651578979859,0.00913332340749363,0.00202848881801428,0.0195178696791093,0.716112213395544,0.0443862684564137,0.00461896563605724,0.00896613813354822,0.000796501211013013,0.00088049928804498,0.00681613830646405,0.00417785979541994,2.85345176174462e-05,0.00339027292660018
0.00213048012658666,0.000876000936623402,0.000210791471949893,0.00869703454790182,0.0105676426717662,0.011966860318615,0.0140613296690633,0.00114434012770057,0.00453317532403377,0.00435615566990599,0.0221176280961087,0.0370947844664923,0.00208899562913659,0.00464614790587122,0.000381765665645326,0.00084001246994147,0.00304105469942322,0.00528813847321919,0.00984288427932005,0.0428909192382993,0.14616344578834,0.0213252136874841,0.160872313570517,0.413097924529512,0.0157274031537154,0.00880860665782931,0.0036942232117853,0.000936403389580196,0.0358223765310791,0.000871378544790466,0.00127543355995177,0.00462913558781207
0.00220496105714694,0.00189054440517818,0.0124134214961756,0.0142468503589021,0.0270751409621581,0.0283284150743999,0.000656249966361431,0.00439456327199266,0.0706187263558742,0.00228651901404635,0.0124470941053585,0.0446505354192118,0.00485125155087867,0.00077379539677308,0.00172124309442212,0.0798507373118311,0.00181025318053478,0.0181039617441509,0.0172590162612258,0.00547209328011219,0.0168681954973906,0.0130583125769882,0.00213051946543379,0.0266070969119811,0.540556239574741,0.0180704591568818,0.000818759138336023,0.00256656894504911,0.0117821671418477,0.000895086592582415,0.00399556927782863,0.0115956524142055
0.0029329650255377,0.000268850720768773,0.00152195760886736,0.0200347075136285,0.0153504820463557,0.00828618770179483,0.0220848748294886,0.0113589347087363,0.003910501600389,0.0128478459966792,0.00173588399130319,0.00137643410991148,0.00111971250881169,0.000271583211068436,0.00106486718012587,0.0256262905331733,0.000422138769020387,0.00462130863148674,0.0084012891183049,0.000753400757278552,0.0436720621718929,0.0100770689039776,0.0445460625401408,0.00463297337291082,0.00593828023792608,0.69724551427202,0.00283437900114667,0.00215115802035524,0.00765773876928849,0.00557587453558358,0.0215697054829061,0.0101089661291216
0.000875061612138561,0.00185418320568485,0.00140698299992867,0.00118705003112836,0.0385272343465902,0.00125587042771227,0.0198760156965732,0.00370091774114697,0.00495750580687618,0.00244063647529879,0.00794975500099997,0.0605090975393137,0.00152264099608697,0.00019969619977652,0.000668638283770671,0.0268592675982267,0.000799076106698695,0.00531576632507861,0.000862165623500021,0.0315348545727633,0.0808695671232325,0.0141297533769453,0.0505693030719018,0.0663370999558201,0.0242948634210098,0.0253123548670206,0.505486832789018,0.00237016248045828,0.00688212658167673,0.000819791133170751,0.00808353400894685,0.00254219460150592
0.00845939767893828,0.00319002076035874,0.00425220724856847,0.0109095937528615,0.0163326631789893,0.0324917431514562,0.0212487038706645,0.0124772581534235,0.00474492372660365,0.0151658355779686,0.00247468523873089,0.19367949071605,0.00171894589703064,0.000557872524150923,0.0156028583287588,0.0154526125112693,0.000326142240966824,0.00240962168068512,0.00139141598196381,0.000858822727490458,0.00919238565760746,0.00828105187837417,0.00433992098126905,0.00178613990134382,0.0178947028850291,0.00474499167979272,0.0101690863990157,0.451169845623099,0.112250528447956,0.00465451222322007,0.0113762187376657,0.000395800638697645
0.000310723335025193,0.010662854053203,0.0049590247377796,0.0101989314398604,0.00150372940551284,0.001094886990432,0.00476835703934688,0.0174108940565322,0.00275261174903176,0.00330079777254616,0.0111200362561588,0.0220279675085577,0.00189789444543518,0.000452829268944077,0.00390500842025048,0.0134042303675347,0.00314311818753978,0.00368358033831453,0.0185299652572348,0.0162748158028424,0.00318017431653401,0.0342607908431693,0.0407976867280702,0.115015477586863,0.00035899007853234,0.0524351647492759,0.00227717081051287,0.0173564546253949,0.531372240121861,0.00266380144563991,0.046917325591915,0.00196246667014926
0.00532843199175493,1.935803747773e-05,0.00191323270066759,0.00160230247260028,0.000332876485264461,0.0392172485818033,0.00895845946470816,0.00475965864886083,0.00706716090474724,0.00142200023845801,0.000286705617906059,0.00949473586917912,0.000308320939971731,0.000304191394297402,0.00212772745447479,0.000624105955402471,0.00364508461106018,0.000350262951234686,0.00263390664709627,0.015326033949298,0.0019522119098504,0.0011577795410408,0.00612734550512659,0.0289878291527532,0.000534680309595178,0.0165393147549861,0.00730777629857913,0.00158677589743215,0.0123918798636882,0.760941869722553,0.0537963267102268,0.00295440541790568
0.000791006478487137,0.00684044530722287,0.00518456512939409,0.0112634499015369,0.00616740773134869,0.00470301955320418,0.0280736305236952,0.0122570311103742,0.00474093382468118,0.00757513097012935,0.00392327090933212,0.00904917546176182,0.00415349585261972,0.000188244395999415,0.00318906761550607,0.0293125359506362,0.00201997271858506,0.00445231189576898,0.0159404277531439,0.00700684928313491,0.02148723039795,0.0136038262675039,0.00710874785176367,0.113853291533395,0.00386889771091934,0.0684362337006455,0.00456965460145551,0.00876210752565601,0.0179012918453239,0.00166308349802354,0.568116837121687,0.0037968255791144
0.00899540945655441,0.00650948931683008,0.00419955696898618,0.00085218061948408,0.00425706734037973,0.0106853847092766,0.01896305488488,0.00431363138937596,0.00726513290030871,0.00117317132077915,0.0015506685708205,0.000949702129846412,0.000855628879776657,0.00413350749557397,0.000124267125390193,0.0178672574667778,0.00915109890032235,0.0183265313967375,1.39168030350424e-06,0.0207968052724444,0.00995233412949053,0.00247286229785007,0.0494726345053218,0.00445102199223197,0.0360086056939699,0.00418859503117189,0.004434601973744,0.000623198896420688,0.00231032555089551,0.000542158852116157,0.000856055462605004,0.743716667789334
