0.345347902474737,0.000553513717947957,0.00450788031086008,0.00318899641545495,0.0135447188905061,0.0134035396025771,0.00802219801723124,0.00306814137189806,0.0797995005429862,0.00124839893358945,0.0055283084786802,0.0213567034998973,0.00164183731620088,0.00110497777096669,0.00183525651762755,0.100649504860605,0.0161490017781727,0.00863108224620466,0.00512969636576251,0.145191980966809,0.00061653193240579,0.0175878489541477,0.0466135105803295,0.0918181176329216,0.00367632547589681,0.0181405915363677,0.00109597567119666,0.0192209810100431,0.00241820432207896,0.000458935491190265,0.00513549848901641,0.0133143388256916
0.00415211528387175,0.525209992195584,0.0222228607086425,0.0232990611176616,0.0523352686321029,0.024549992429197,0.0231810373008114,0.0175462973372861,0.021263481832614,0.00445775605899156,0.0126931868546529,0.0331415677260609,0.00192575990720231,0.00482072445779144,0.0029930737158739,0.0352582852593476,0.0165392706142668,0.00308157686864617,0.00296949640274365,0.0306958035648616,0.0115031275701906,0.0361004111609687,0.012302766292927,0.000164911666409227,0.00201024674624189,0.0134609197204078,0.000339691495038033,0.00862386317365251,0.00314469949191123,0.00164905995376449,0.0130475500269462,0.0353161444333319
0.00392466800331019,0.00565484474819704,0.460198668862043,0.0129472686021624,0.0120098217394268,0.00329705562961979,0.00367453089351559,0.000711212430015682,0.0196657660845754,0.0119534512059678,0.00523417733125291,0.0178744523441277,0.0155233616276245,0.00106886158072544,0.00265188287661007,0.025446708564985,0.000115086987570519,0.00191981449246643,0.00158489452617172,0.149984979350471,0.00699076650381256,0.00426061374187581,0.00592820176124033,0.182404017698955,0.00298089356784499,0.00274815052414743,0.00240170247560279,0.0189206489216673,0.0114203600424112,0.000304137064576003,0.00398356764485769,0.00221543217216958
0.00424525086333043,0.00457577084868904,0.00125443899851059,0.162587960857494,0.0385466598977208,0.0024664791208613,0.0565390016691638,0.0166047276423342,0.0166683486615052,0.0532470769015373,0.0639755068258848,0.228397706712761,0.000430409593529544,0.000123745168175358,0.0263183419796175,0.0269034405168739,0.00136141528289354,0.00015126646750848,0.00016785175727802,0.039047144700518,0.00856194988949079,0.0103437689054779,0.0365749175748094,0.0441612846980263,0.00173949250307829,0.0055730362758016,0.00355890817675025,0.139297480163045,0.00353313114859832,0.00117724122645565,3.89900853160085e-05,0.00182725488696346
0.000758754638755297,0.00184270487971081,0.000888724761044924,0.000336920338817544,0.251600731492227,0.000861762523051298,0.0101759763879151,0.0304257772283622,0.015681550299963,0.0201050697409961,0.0127773830859026,0.00798775984860123,0.000566798175380801,7.27596168704264e-05,0.00443886622137732,0.0674909752348515,5.26665445475433e-06,0.000452680356228169,0.000472681951153272,0.267151300032978,0.00444381169535667,0.00485466010385925,0.0211107199543363,0.231258315492525,0.00364859411412727,0.0193770996434727,0.0127809680444443,0.00443787009329536,0.00125343247060845,0.000188364004253744,0.000984059674754818,0.00156766124032523
0.00236001097065972,0.00583372922914911,0.00306009790374308,0.0609238689687558,0.0533716239859143,0.243015548198587,0.050964845307832,0.0896458323581815,0.00353031686300964,0.0453107196096718,0.0222613528526442,0.0170050172579546,0.00212820147690851,0.00316336331407496,0.0105513214349868,0.0503737933744636,0.000232721197321539,0.000631638283029761,0.00201068215969758,0.166553257375244,0.000483966112989039,0.0126693553121947,0.0125827635551096,0.105007249606371,0.00156374659449153,0.00991397479904012,0.00746164508292154,0.0109691248444177,0.00206290555265162,0.000225018585643964,0.00146525932817908,0.00266704850416087
0.00135123298099605,0.0146093574935417,0.00105598224512166,0.0273972479169683,0.0368538338142733,0.00338682637933152,0.232504709051524,0.059071815796255,0.0017356325606906,0.000634234532327388,0.000980372904318313,0.0112345139563666,0.00624206058721709,0.000308151049263043,0.0115359148908437,0.0360219542032582,0.00223588366392068,0.00153655225854908,0.0025489773569543,0.2613246267233,0.000925812081627905,0.00225645117029581,0.0121895434493826,0.22643648408181,0.00485600941557806,0.0168028455375636,0.00791806364381751,0.0101978806991374,0.00157758012749741,0.00049760106833184,0.00215683121166093,0.00161501714827633
0.00519793836887603,0.00551204923144988,0.00116902599203337,0.00847284709535636,0.0940830751408666,0.0108921881097848,0.102432812521033,0.198276836999448,0.0123036917407178,0.0283795844226111,0.0351932895478144,0.166406702421096,0.00215518166898048,6.17484383678344e-05,0.0217996021070536,0.0585139213619889,0.00201251890087965,0.000245248439209309,3.84914924152472e-05,0.050069258168745,0.00483374798596453,0.00965600928491612,0.0291148409334098,0.0403611380676578,0.00175415175779551,0.0062000934330868,0.00532136701653614,0.0947612415556088,0.00260058285877945,0.00155461601139694,6.35333886408504e-05,0.000562665537480129
0.00185260828667575,0.00906065340412083,0.000123469240769489,0.073744592184148,0.0319266579453418,0.014683706711074,0.0403456140027516,0.0126738534911392,0.377622731616687,0.0438399300763107,0.00115836745742605,0.0476191466544751,0.0110288282053213,0.00223708621359075,0.00473982971539698,0.0363599889567683,0.00391883150276997,0.0108180581807471,0.00222559617426572,0.0702532050769336,0.0154873441692497,0.0203079484130498,0.0143657284125359,0.0473649712842191,0.00565080540057571,0.00530236560616625,0.00420549896282307,0.0900611815141679,0.000661542055028298,0.000133878245580505,0.000205950514998394,2.0030324892704e-05
0.00389939016231169,0.00466159750839525,0.00185139124336638,0.00630397988891353,0.000405636115350212,0.000401974874164228,0.00526152625523873,0.0179411430430277,0.0162277491602575,0.428927549330869,0.108815730188958,0.17782227475366,0.0268641622450195,0.000509675435504424,0.0123896918162271,0.0101738800452453,0.000164873473085401,0.000270053835236375,0.000843036161891599,0.0249856986495488,0.00435459616274186,0.00302967742427362,0.012240609959197,0.0392824873332128,0.000576030945075817,0.00106829309132061,0.00182684596885061,0.081776763357408,0.004990911465392,0.000183891625392575,0.00119199970721335,0.000756878773650473
0.00881459817414799,0.00891276399867424,0.007540556305256,0.00824347317058374,0.0742101487824966,0.000978791453856065,0.0503251139476493,0.0283557940621289,0.0143998262884446,0.128091488333695,0.130912581144792,0.244609634332154,0.0433825638618137,0.00100774073837558,0.0245623200681893,0.0484421163783466,0.00109868381801055,0.00429866482653252,0.000719833973046145,0.00575672345012503,0.00705784730161223,0.000984406304294594,0.00664839921569497,0.0186433295198379,0.012853203250022,0.0166879443652338,0.00856138538437252,0.0917287543707743,0.000292944812145652,0.00086358283213164,0.000852702891856811,0.000162082643706035
0.00486956670621443,0.00235210404127913,0.0015999408129364,0.0027791821971002,0.0623363695673173,0.00439588073134332,0.0677947146479488,0.00890390750193866,0.00219308503380227,0.00915336241179929,0.0105153372172887,0.562793278575381,0.0205670471918235,0.00260460146175182,0.0140509894714516,0.0127909920834662,0.00528309242821415,0.000414003892646136,0.000761842318212383,0.0378392448418114,0.00356236752933757,0.00732480382881078,0.0425433404912013,0.0510690321164705,0.00669756444916707,0.0100177967648517,0.0021171508777664,0.0137626223981955,0.00847865859903136,0.0106460891589921,0.00419439747565186,0.00558763317679707
0.000401331292100151,0.000320500401380439,0.00192896150783597,0.0245128945910636,0.0292778179195313,0.00320417578095861,0.00423646022917375,0.017209714228535,0.0209738235622259,0.0106213539020157,0.00902725788532931,0.191263334188014,0.373828334830145,0.00260786264252155,0.000436097610724913,0.00848390063507841,0.0109082245193095,0.00601747034986992,0.00185473415148705,0.0188252180475565,0.0016286751180384,0.0202349639718534,0.0555902426236127,0.0119049737835296,0.0247836249715471,0.00263258106927003,0.000417546980111133,0.125028115145976,0.0155902553003227,0.0012688567383743,0.00301724534495147,0.00196345067755656
0.00157294193371087,0.00217228288901374,0.000465195502724812,0.109830519566281,0.0458114850507572,0.0049681021853508,0.0216583984675054,0.0451044624022281,0.0153660711598052,0.0954872703873505,0.0558545787387898,0.0171791522183176,0.0122828452223519,0.329991012583982,0.0074726932256628,0.0368461160983196,0.00503701929875461,0.000925848263477955,0.000392355756907019,0.05218699066142,0.0041196571196797,0.0101755007555827,0.0236170229505709,0.0356419537501537,0.0110843162725785,0.0260516487470252,0.00115263618722558,0.00514346680600406,0.0101440533654879,0.000966373701970135,0.0072376892122143,0.00406033951879635
0.00471917726527711,0.00421479091274151,0.000931408544214154,0.00997394910405223,0.0164088169300297,0.00184124332369854,0.0259543911399521,0.013122282596446,0.0117696529365974,0.053959776741012,0.0511343566205398,0.0638260688047204,0.00502406486953108,0.00058218701027052,0.48559204910804,0.024207557622612,0.00234817410845325,0.00234277513498228,0.00248252887682683,0.0832841025666905,0.00792323819894015,0.00124121377808172,0.0198300544118047,0.061936274247277,0.00227750481266643,0.00687891389041542,0.0094230901794111,0.019457425225189,0.00209807272271203,0.00221195148905992,0.00207961470308538,0.000923292124669642
0.00343241508377846,0.0198944862282352,0.000997913020388087,0.0779360104634619,0.0418731482405196,0.0240836563618838,0.0970927634675841,0.0174064375192745,0.100107251703836,0.0539369438240362,0.0016682680410104,0.0536534073134108,0.0157630749247812,0.00412297702584052,0.0161116744521883,0.118267545223707,0.00262318165407394,0.00353484740341323,0.00605194625399868,0.106700104781257,0.0253972367674169,0.0126387329822655,0.0332884405882255,0.0626976303499956,0.00920467627371685,0.00961421315957944,0.00127414937130433,0.0752283802237381,0.000449955867342436,0.00029141532590563,9.82559179325127e-05,0.00455886018589813
0.00154839502686981,7.36595035750413e-05,0.000303253453952057,0.00111277213937283,0.0672153527217032,0.00418308155978519,0.0657791606485912,0.000562268768565019,0.0954666841810526,0.00034377208458348,0.00207298847608789,0.000593270244685805,0.0104995229015777,0.000756665132571575,0.000194615264478151,0.229341013746207,0.293537953428715,0.00432504497643765,0.00691760566696262,0.0694154510667807,0.00242309823513672,0.0073239045055567,0.0165652998302736,0.0592816755150695,0.0441397843307025,0.00406347831185774,0.000791503787494812,0.00381672453373482,0.000242025052192936,0.00038434687719684,0.000146878102538846,0.00657874992569084
0.00686923901009702,0.0156023968024471,0.00421782855220186,0.00400338180280403,0.0624922944220965,0.0136424304335306,0.0238894205793508,0.0129109787985715,0.00386217674453592,0.0153556045595452,0.0165464438501769,0.0109135691684065,0.0146259372975832,0.00088261272359938,0.00177687961210004,0.055672924506023,0.0103454562644373,0.359773397729257,0.00102206075743832,0.175348749229282,0.00592773822425118,0.0047397418604864,0.0172406514928572,0.0578894573239732,0.0232797008318551,0.0318856036837075,0.0156533795873691,0.0112689399326384,0.00307989015741386,0.000288760232873246,0.000315343278690847,0.018677010550401
0.000738110407757647,0.000243904783103773,0.000282442961949352,0.0379813455211063,0.0208786472012929,0.00317248014368886,0.0126337922932613,0.00489427359104618,0.00473517078156869,0.0647062502810536,0.0236496877440172,0.0108774774696328,0.0110844673660638,0.00495788317019448,0.00175160184618248,0.00585979539921411,0.000410277380202547,0.000914695792977953,0.359012048132542,0.145608135684477,0.0160507940637898,0.00220972347992987,0.042695735063421,0.190102110338473,0.00139750297394945,0.00560792372572076,0.000191424043548995,0.000391502209327146,0.00972751954483053,0.0022552193961512,0.0128935738254793,0.00208448338404605
0.00501895753039601,0.00546083668851765,0.000241083582058072,0.0191750365312142,0.00629758084892399,0.00367514980497373,0.0051885315980369,0.00371081921977575,0.0024979853182055,0.0189597502191974,0.00287167481988514,0.000993779657122288,0.000726525336636792,0.00339284738688304,0.00325200470092495,0.0098537414155984,0.000411847545929533,0.0004461530369284,0.00029013561827772,0.677479445157018,0.00262675750294866,0.00766380751485511,0.0222455265510421,0.124180895544554,0.00999425808406705,0.0231349018276778,0.00919905171156082,0.00496679173187079,0.00179355951722501,0.0137385242788129,0.00751389801360924,0.00299814170527252
0.00135280222703425,0.00799256713265712,3.27932652401577e-05,0.0054157455215011,0.026611020953106,0.0197325244024072,0.0366688787784889,0.00267751255000583,0.00710454423246412,0.00523068426105331,0.00875925395821206,0.00691477739708699,0.00247938088193399,0.0026948450389312,0.00441623867611128,0.0622799626116437,0.00162992218961795,0.00170590564447885,0.000293358496639665,0.28137365975313,0.229162461860895,0.0296376902967445,0.0335582527845839,0.165990437008367,0.0161944546216231,0.0058445011832517,0.0132206139977732,0.00451941412956932,0.000640898583230421,0.00903916494057202,0.00461766936256308,0.00220806325908313
0.000321260349071775,0.00181314060024643,0.00113346970264282,0.00359239622863034,0.0176974908276741,0.000709751136442614,0.00509083424611736,0.00348678295722519,0.0178649837586533,0.00226045004727655,0.00043650540955213,0.00292200116265835,0.00219402493286627,0.00169065454864599,3.40964470366997e-05,0.0143980156018769,0.000181652184010759,0.00566646736681171,0.00011047594607228,0.364852385536898,0.0103495057223127,0.266978451539926,0.00939368580375536,0.202694858772598,0.00719108811841848,0.0282180320520496,0.00545819718725041,0.0132438711665183,0.000449463684451781,8.07551713989049e-05,0.00190672751578606,0.00757852427512512
0.00133298745204659,0.000727466636206879,0.000797167017521883,0.0247359702284477,0.0117273218230556,0.00140987884216746,0.004248688183828,0.00914474295889596,0.0190273457349719,0.0158808167678414,0.00298369047610334,0.0154682575164699,0.00326076053301459,0.00417542054208069,0.000265911737711153,0.00369016426019842,5.04179153645199e-05,0.00133498100790488,0.000144408623540956,0.385755673843255,0.00967098175246894,0.0801830093230982,0.155053147336348,0.139531305563224,0.00510329334653526,0.029453352022638,0.00675331806927534,0.0427291892243315,8.96180916412955e-05,0.000656815938217625,0.00266964412477162,0.0219442531068229
0.00435376479769202,0.0105506982800204,0.000451793230885576,0.0142628798849581,0.010191074703252,0.00810836532906058,0.010593081222001,0.00176005044970343,0.00512002890566523,0.0184845828030459,0.00372678184084963,0.00469440297006015,0.00100881555802286,0.00411440684354988,0.00408367803219713,0.0306313963523719,0.000569027222069331,0.00149841634549943,8.21840182297536e-05,0.391675712854288,0.0074538996895482,0.0195331882138596,0.0289628375221705,0.281337501811326,0.0205340589224843,0.0385092235757972,0.0149484662495755,0.0183057988866673,0.00206913836795438,0.0233184489037681,0.0186590910528434,0.000407205160582591
0.00784075952782676,0.00255803533337849,0.00342032199867112,0.015172757232565,0.0199442113943194,0.0087246372842306,0.0164445884622984,0.0125638971093501,0.00890067875857382,0.0448057209434657,0.00717900119621385,0.00269454037576021,0.0061260962975541,0.000426867223753437,0.00400444106429763,0.00815788672537498,0.00628641370104081,0.00525252495889737,0.000644359961136432,0.330388088849149,0.00212186483230363,0.00142359614655955,0.00176339389836758,0.127948813572256,0.274234166695721,0.0244131776880496,0.019474260491065,0.0198681504710786,0.00367334009298418,0.00111231082604734,0.00284988337780829,0.00958121350990135
0.00344294894498542,0.00366020251917531,0.000232818512236054,0.0337986465372507,0.0172996787476296,0.00336918054244642,0.0217296278785132,0.00782652954266889,0.00253458887869312,0.00848360426786443,0.00526275278136211,0.00448700752308718,0.0126636903692861,0.00245232256670519,0.00453570022227841,0.0252967819879972,0.000818139104702103,0.00124546897931825,0.000817541684033516,0.0276555334611575,0.00218879779512877,0.0426475235513909,0.0642471228519955,0.0110137973420961,0.0110558590500959,0.647472055880974,0.00999129856927399,0.00130457497603549,0.00859973273430602,0.00489041086282762,0.0079882094214388,0.000987851913046579
0.00114929298577126,0.000392362008635222,0.000626922952570918,0.0235913646900725,0.0208737569343517,0.00118502667754221,0.024993940486867,0.00231444715274403,0.012905285492647,0.0317041268559194,0.00676175691774135,0.00468353756751432,0.00123111433685028,0.000756279601660403,0.000174313895689967,0.024238673478192,0.000684612255343034,0.000928903782027647,0.0015484323764624,0.226082366422364,0.00771293994517178,0.0451364760969094,0.101995350286597,0.22650842176927,0.00308596447156594,0.0321823917549904,0.187329628676584,0.00393841322491193,0.0011229203908681,0.00128382278162385,0.00275889726953207,0.000118256461008978
0.00359218956541892,0.00274696582390093,0.00212456693603793,0.00840811367059426,0.0421683619378608,0.00165897938939141,0.041877699597411,0.0120635762935665,0.00628785623879954,0.0134509269759521,0.0119772848302403,0.0165465934113867,0.00891389029331568,0.000363027338988714,0.0121870135800455,0.00868879121295866,0.00182014856837579,0.000171889268867823,0.00088763093336883,0.19397659920241,0.00359662831574069,0.0187058054627239,0.0824685205377167,0.0998746078627877,0.00342738017343966,0.00545222623238156,0.000402343272624158,0.352256477540944,0.0183710750184969,0.0151677351614793,0.00326911604429385,0.00709597930848013
0.000332205746486776,0.00462709556868376,0.00269067514227188,0.000390538220368996,0.0318514182241824,0.000259620293272965,0.0232935013510821,0.00436477893181168,0.000218237198611415,0.00567818416748441,0.00748535834942983,0.00338639163846524,0.00862212394882616,0.00013129895533714,0.00138756597502917,0.0134468781798392,0.000519711920065936,0.00356323849021296,0.000233340016126732,0.211421543266597,0.00530593084300242,0.0193658321454773,0.0353943758117339,0.166113329128902,0.00190100515343801,0.00646659195571187,0.0252166235641811,0.0587197841895799,0.32353227918653,0.0165649645855032,0.0154530307661218,0.00206254708563253
0.0023446231088305,0.000918455327279121,0.000515264923976964,0.000972706070961602,0.00784122525719759,0.000400054056786054,0.0055011589131866,0.00459288498911355,0.0539512150279034,0.0021010271423864,0.00727091732104718,0.0403411099318518,0.00389598039624985,0.000912016731596986,0.00162929548129747,0.0177244210340349,0.00349833963778062,0.0016249712544996,0.00473398908428495,0.0823203557145007,0.0117252006479045,0.00983346384379853,0.0694941989479601,0.0781701760538057,0.000889330755227907,0.00445379455514385,0.0154152134551743,0.0549121285707298,0.00837649598015006,0.477653332682364,0.0220254516561111,0.00396120144686394
0.00409735932265402,0.00175684569170474,0.000453440247364764,0.00230218174021873,0.0120337224037752,0.00652853698167511,0.0317361501728789,0.00962612553924814,0.00445640821289408,0.00237068717314481,0.0243149702752952,0.0307294968664543,0.0106349829276213,0.000593611958659762,0.00617020644292149,0.0109429854768222,0.00276419641653263,0.000205143998930824,0.000419449489035345,0.0103567593637539,0.00547759502884447,0.0243103411097558,0.0380515944075555,0.0233307653523215,0.000176073177189793,0.040838991699257,0.00627107604885619,0.039892946371748,0.00969222096873884,5.66568770038561e-06,0.635146263581016,0.00431320586543085
0.00469188319665532,0.00692356511134515,0.00341701557627262,0.0261541336009026,0.021512585504012,0.0090598645829144,0.00964360903237103,0.0158259563373639,0.00778185584553323,0.00192321065796593,0.0014361569480532,0.0182542970345267,0.00697214856298744,0.00142700009135172,0.000403402391747541,0.0253137424468107,0.00922794951291069,0.0164685341328604,0.00046383574727137,0.134398467374904,0.0106387492501845,0.130325516110401,0.0128875971221729,0.116248732424634,0.0287209946951753,0.0264817824668179,0.00737826547361365,0.0128470444433836,0.00363658733775287,0.000462877099058565,0.00896734275685931,0.320105297131187
