0.0801690587589047,0.00155101592098138,0.000151011302502704,0.0599130312534438,0.0520459467149295,0.00366870258801139,0.0787413594424344,0.0391335184779133,0.00270086608842182,0.0410286161051918,0.252703946849615,0.117215609824197,0.0811538320261618,5.29720405632721e-05,0.000493270677676656,0.0213021052016062,0.000280706886562802,0.000673654150909369,0.000756557539629636,0.0214041548404998,0.0015358127098045,1.80994890561127e-05,0.00102729319936022,0.0203179283884891,0.00615282453168711,0.00104459082912132,0.00131315651602595,0.105806039131102,0.00131428809531266,0.00109876030698279,0.00361330036376263,0.00161796974913856
0.00191602694084373,0.179271796141472,0.00309744646034248,0.0266257219822188,0.0399425272364951,0.0175181086589096,0.00930087267870645,0.0285120790702836,0.00198107500290431,0.00188469183992778,0.0660188396766236,0.167791653200011,0.06759956763661,0.000582753655490491,0.00325974095627444,0.00586595274666865,0.00149605398963498,0.000266987161711856,0.000407396077543299,0.0315304902343135,0.0455019027718173,0.00503112363368494,0.0432269946338171,0.0560205903699975,0.00024041971458606,0.0421104052473654,0.0305755240501252,0.10176384907681,0.00129195429025175,0.000157925634105124,0.00516726836641913,0.0140422608640344
0.000389095279148517,0.00275139406298488,0.100281972316342,0.0130554425788747,0.108384657589487,0.0192467863494762,0.0705298344554522,0.073520327944857,0.00796331693596158,0.0530902574056007,0.168228922228974,0.114154056398193,0.0382256257504135,0.000392287328973294,0.000740793380074731,0.00870705692191059,0.000439524168518562,0.000923658445264024,0.000217480265879563,0.00734182935076907,0.0108508224939383,0.00581942147767162,0.00174667709366519,0.00659921976077711,0.00606108232371413,0.00746502292780486,0.0199388357823091,0.136668926867787,0.00270069536610474,0.00299370558857189,0.010100149905305,0.000471121255196982
0.000258582923150603,0.000532385723008447,0.000435529076387605,0.172296694103127,0.0412390580597376,0.00322277323888572,0.0441121405043955,0.0696373572841709,0.00748903359030812,0.0339692785677156,0.178254865099775,0.060193419949889,0.0530432567794367,0.000201076857447586,0.000270918463273531,0.00597456464293133,0.000198428931697136,0.00049818593946497,0.000451680559358333,0.0752941596119483,0.0373846592190217,0.00250584233910862,0.0228718352283672,0.109887779601137,0.000564195254652842,0.00432375301728489,0.00247073151308953,0.068305489344199,0.00176802216709085,0.000216411626656574,0.00188213296689721,0.000245757816385137
0.000570472241972411,0.000345487881394668,0.000741270572325966,0.0737580967592059,0.204490524194458,0.00170041189372866,0.00707059541075854,0.0457005016674699,0.00154837376607056,0.0275206028017636,0.0533430262081116,0.181110851765199,0.064391339295988,0.00019509958235794,0.00292423899963037,5.14860864688549e-05,0.000571273307801404,0.00013387472201499,0.000479622870174146,0.0214855628935919,0.0439287679159676,0.00341651579692721,0.0392718924414405,0.0412848311591407,0.00208949636882626,0.00630995186413393,0.00712496191941487,0.148473729477007,0.000738229361789365,0.00219334016378612,0.00391096023940158,0.0131246103716782
0.00162134990053313,0.00184545531320493,0.00539008917244377,0.0389281962452245,0.0298393018224116,0.250020361126355,0.0727192291797669,0.00132764452671498,0.00665410184841984,0.0885298386490241,0.08091316289254,0.139762371264109,0.0149453345870675,0.00495815857828001,0.00206012841933856,0.00101779438248799,0.00153916292355718,0.00220016828963129,0.00246396691343927,0.00310353950072786,0.00507481331372164,0.0101653546389637,0.0192189425285444,0.00732168220316155,0.00376038316206312,0.00531772178236195,0.0155244389069825,0.159201537676911,0.000294314764031497,0.00785062859226731,0.0145437182175608,0.00188710867815235
0.00185267001857515,0.000761241560177812,0.00314286338945243,0.016595932245853,0.0263325596312526,0.0131011037533272,0.494593586256694,0.00174109355100458,0.00233718097451891,0.11364568248196,0.149264530864599,0.0365843973637262,0.0178384830363555,0.00330645841596504,0.00224021528466893,0.00568783711809788,0.00123596800372179,0.00402249621029925,0.00580435470479833,0.00913185256181851,0.00145462031748536,0.00363071506072489,0.0052231699238044,0.0110101746685305,0.000825694437599479,0.000120046750580928,0.00339248849062092,0.0468721461760457,0.00137781514907357,0.00647298841627857,0.0070859024703319,0.00331373071205801
0.000112174951499529,0.000563015515691214,0.000284896223131464,0.0622945956663442,0.0347584711424561,0.0026135138350846,0.0351410767031458,0.0445452841337695,0.00680538249081118,0.0337620114997681,0.191000545080819,0.103233958676623,0.0654299980499772,0.000164516781039012,0.000365824237273475,0.00348699336821237,0.000269085656969058,0.000413113462439739,0.000426277301804259,0.0891050420550748,0.0459727877840652,0.00403214948216373,0.0334346552237768,0.125832488130809,0.000314099812655171,0.00551764183521793,0.00311039430255782,0.102373676886287,0.0013940546500479,0.000350313841685245,0.00172609679113895,0.00116586442766082
0.00178494193750351,0.000401863392566403,0.00256053714908425,0.000430950174491974,0.0618959521735944,0.00943587140431885,0.0110223648347901,0.0400704407221909,0.119316645277539,0.0296262624634639,0.0947739420421343,0.141385333184553,0.00323581736702007,0.00382428142663384,0.00402377876470805,0.0026789697502704,0.000908367768100047,0.00463515376074437,0.0035183239942423,0.0355068066538122,0.0712514095849955,0.00785688379529495,0.0996993128248958,0.0464799408264221,0.00494487542502274,0.0176737946752993,0.0184088476140179,0.0830314405801355,0.00294536874960872,0.00325274680558414,0.00455476332214269,0.0688640115548181
0.000330730249356298,0.000940852367169182,0.00126931232719318,0.0650586327446794,0.109626528339151,0.00171717938286666,0.0978702568910144,0.130923902711086,0.00910217171427698,0.102227208703813,0.017365703811581,0.0130225823777729,9.15765902665723e-07,8.84686093140223e-05,0.00235379604285659,0.0201653787615521,0.000374871528417646,0.000682897699630076,0.000279041463957968,0.112025954484198,0.0585156375255593,0.00654086923218622,0.0559728830694579,0.161143340607112,0.00126406767661473,0.00928859089980928,0.00609234390269933,0.0138176892949704,0.000729327545338885,0.000135684191252852,0.000384179049983217,0.000689001029226743
0.000525717203058646,0.00107884212699793,0.00107415158536258,0.087059594944098,0.0725668119427805,0.00290099996466217,0.0674712011870182,0.109057979605926,0.00435948673883449,0.000999551732284169,0.0876479131145221,0.0493217162238307,0.0086311041087735,0.000162325277110617,0.00500293474905455,0.0128406910686237,0.000225704179762474,0.00033566365133471,0.0005926580254199,0.129888095542146,0.0488210572509769,0.0138341545711877,0.0643358421479398,0.173652496962798,0.00116724664126765,0.0104083781927025,0.00664968273417759,0.0377511728464273,0.000884390455072053,8.03423269495076e-05,0.000409252591541654,0.000262840307358507
6.99640489042367e-05,5.93998913102477e-05,0.000219954431414788,0.0037508183042923,0.00214851144488522,0.0018326731350153,0.0246806439396415,0.00209383250220175,0.00330352383850716,0.0493656159749587,0.16853426535907,0.325868419869655,0.0755923992531266,0.000536212319719361,0.00710893101683258,0.00683517061344605,5.68565037316623e-06,0.000117672771726309,0.000571117826002448,0.0431629149672984,0.0159105418417644,0.0123096146370997,0.0590155476669046,0.0471953872996518,0.000401988809851639,0.00141698382889337,0.00356207902779014,0.141360478600888,0.000349620771910405,3.07086304400782e-06,0.00202787892509367,0.000589080568727542
0.000465115971605534,0.000467501351903132,0.000679494369913476,0.0505441006477783,0.0213645256664402,0.00156008400439541,0.023340669493739,0.0503060402481714,0.00109103925283297,0.0204468856480801,0.134006510775159,0.204182551887136,0.0187371502799618,0.000318579943738979,0.00753819711012299,0.00678554042860424,8.07769535705139e-05,3.50891284806103e-05,0.000630994003295119,0.0815365409228421,0.0224413378221898,0.021724320535384,0.0687100342206202,0.0956604806080108,0.000832163454577855,0.00644960054527977,0.0063360982453192,0.153300578479745,2.82119289804764e-05,1.68896936195324e-05,0.000313186569336012,6.97098091659665e-05
0.000550643508652731,0.00389994039216994,0.00465379937166021,0.032565179883067,0.0563557328215667,0.000984336912904375,0.0170622923976872,0.0766952013357334,0.00200993199095817,0.143742959374473,0.392296164681643,0.0114721953190279,0.0663688413080606,0.0320567169493082,0.0285386235138793,0.00461858415842703,0.000907638321556087,0.00182084501654751,0.000489607692328425,0.00553777965536613,0.013822126999857,0.000496174942354702,0.0146240687665484,0.0133237915778818,0.00193643752904282,0.0191957745052269,0.028453569502694,0.0210227911669437,0.00416997041960107,5.44895679473112e-05,3.13436748353839e-05,0.00024244674204973
0.000304503858849766,4.71509855414912e-06,0.000147094500867724,0.0128011131452313,0.0164885500679188,0.00439764229986899,0.0399571625104375,0.0091228153759229,0.00261534306222674,0.0435734329141434,0.275660067777464,0.119784834622883,0.145926362785041,0.00373340409742246,0.0944387022078271,0.00754833680466628,0.000154867355494197,2.19793616979479e-05,0.000138635095234426,0.0236721741001883,0.010042324002581,0.00364224146736432,0.0288828791889198,0.0293088120052492,0.00134805512407338,0.00672529721749017,0.00769783658454545,0.107855675416646,0.000384962227390228,0.000129746064066551,0.00304646058659162,0.000443973073142085
0.00438904178809301,0.000779230687489878,0.00333585319413157,0.0208318761244267,0.179535952525833,0.0089004551158959,0.202680253176071,0.0721693121889769,0.008503876788739,0.0459190352848483,0.100104909581154,0.0306349199522775,0.0277070053226481,0.00429116984905839,0.00235634654067992,0.0646718900201167,0.000897737881897418,0.00458124431506155,0.00187576222388276,0.0164503444079139,0.0513198975395511,0.00463145662026994,0.0181497151183492,0.0331393039163169,0.00681617525649659,0.0128011467044213,0.0190440103203616,0.023931668772779,0.000418730376666078,0.00278781209356574,0.00163165961226836,0.0247122066997579
0.00166115576158474,0.00890054951490361,0.00536290862997397,0.0817848098439711,0.0380049165267203,0.00941266879948089,0.0100860734659564,0.0602675687174639,0.0167132811808176,0.0118615054269163,0.182948474987209,0.118113730290282,0.0870402327974162,0.00116156330485367,0.00244460388601375,0.00114626722616067,0.239159499680767,0.00217548503079718,0.00614903079180456,0.00285199701242336,0.00204451624354674,0.00522372471699433,0.00535765444566677,0.0014154615277354,0.0177749064176865,0.00502058491796768,0.00175231577697089,0.0668325357450071,0.0023506480572212,7.23758399983095e-05,0.00234231719008141,0.00256663624560665
0.00257927361641271,0.00540258971305598,0.00125925947509696,0.00922095935584638,0.0790495884798939,0.00249829319716363,0.113708008870048,0.0331882937619022,0.0270895325692418,0.0747199152046443,0.126238291486162,0.0410843859654315,0.0245061601355225,0.00047347507365835,0.00297129638324836,0.0183292870082579,0.00930906231525986,0.212870947205501,0.0011411816535346,0.00256252845133419,0.0441649611817768,0.0312609511235202,0.0465098043751284,0.0199265086319835,0.00922961806700586,0.00579078717336839,0.0163386274995947,0.0303443001333715,0.00709631600659215,0.000354442079022087,0.000381022760542894,0.000400331046878055
8.43408347327552e-06,0.00151986344237493,0.000227296214084924,0.0174048458784771,0.0501664063725787,0.00198662112819318,0.028096799303722,0.0172350114694485,0.00119464345491647,0.0118218624691314,0.0989013047546078,0.289027767812321,0.0856326629098532,0.000786067421633488,0.00336731159061821,0.00972047594824638,2.59545573416004e-05,0.000596270237327446,0.0517051267176516,0.0184338819370939,0.0168347778432037,0.000766034279017433,0.0115989304685972,0.0511430636597351,0.00242868848459466,0.0141963537439725,0.016369069091788,0.192278654246731,0.00204162943041922,1.34996544176245e-06,0.000857856714031883,0.00362498436937274
0.00025485902711246,0.00164808927243622,0.000782829300248729,0.00932589075747342,0.00574149120310429,9.65784015149081e-06,0.00660684905983102,0.0142173211408093,0.00710390286229616,0.0105858453089507,0.0919198370360586,0.296345011166658,0.0659076256941891,7.53063030944369e-05,0.000785571206054892,0.00530243804764493,3.00968507808021e-05,0.000599109198302577,0.000152342220430936,0.155832334108953,0.0196456310554258,0.00188326090842698,0.01874268032356,0.021149171477038,0.00120113439915047,0.00962158039483863,0.0229896232683386,0.221115841807804,0.00673501456599243,0.000228696240166752,0.00112783439996711,0.00233312355471089
0.000904441953261163,0.000294595271008895,0.000378336550855,0.0533852858480946,0.0646847691247272,0.00533697773421355,0.0746333357590376,0.0550975374892547,0.00319100982902789,0.011995922568708,0.146939705251912,0.042160640827917,0.0756559839436215,0.000123652230748792,0.000682261283431243,0.00395928453115277,0.00121012578223983,4.81789744012709e-05,0.00277931806993509,0.0522932241100015,0.189176721830772,0.000458984893483861,0.0331695575152047,0.108146838510095,0.00428411087536126,0.0103334257611077,0.0180321873488135,0.0215962059514244,0.0067355094640055,0.000453907962373623,0.000592944005078075,0.0112650187487298
0.000220087490083565,0.00141732006358383,0.00123683775707729,0.0133920104162637,0.014979811444691,0.00545820390103606,0.00828280252453023,0.0254554577385246,0.00353860111742681,0.0156534571845806,0.0648580165815359,0.160292021594606,0.0372442433518455,0.000740397943856725,0.000586082625950252,0.000695719052094519,0.000398188234677361,0.000780500990929055,0.00690813654892035,0.112838800599427,0.0434322096530726,0.0960817985211843,0.0402772110227952,0.182115256940457,0.00010342659376743,0.000462180522078446,0.00281748553926716,0.153898357852603,0.00246019096800007,0.000322384349028332,0.000529289239561391,0.00252351163654532
0.000320182682786505,0.00124535207057142,0.000311855287230626,0.000628036548487809,0.00262047664530873,0.00552671653230938,0.00194302526811847,0.00441636055345219,0.00305369951823543,0.00939132145535285,0.0224349729635463,0.0594066280167354,0.00883318634920287,0.0010466753828209,0.000138113887104788,0.00161572496880559,0.000182121259484079,0.00139117376905802,0.0137300066910578,0.204194744903204,0.0435055285732626,0.00218478232955633,0.253665508407048,0.285362631433412,2.9213601697135e-05,0.000409047649009117,0.00141336836405949,0.0647400905578602,0.00351417699159658,0.00113466249667041,0.000183916880762912,0.00142669796219144
0.000594035598595687,0.000951068259222379,0.00101012726188603,0.0284921288149125,0.0221211229233044,0.00118975329553878,0.0365281591628841,0.0441166105549335,0.00905296041039978,0.0139954580167187,0.113572491149275,0.277115181988003,0.0689322908180076,1.04647788370269e-05,0.000256347090640396,0.00281358077428208,0.000267906869481922,0.000660847391449779,4.63616686678693e-05,0.0239726391610634,0.03049645834322,0.000274075480510617,0.0191557489742293,0.0208947150375185,0.000664337477080517,0.0152519177724501,0.0380084570458303,0.216313466355189,0.00996053378939664,0.0002798215822423,0.00081578250331648,0.00218514965091263
0.000939443466253686,0.000900367858611796,0.00291436425969673,0.0609811957827856,0.0888679804007289,0.00360925800758263,0.0574438523630431,0.0616462803594694,0.0386572364791675,0.000687612765911323,0.081657453596964,0.0132812961989671,0.0570891004856592,0.00146217023607714,0.00453374453272601,0.00141107607301873,0.000433503959550282,0.000806662862824378,0.00214890291304924,0.0371388909842823,0.095424050320871,0.00193276478424703,0.0814011364678735,0.0749217416593035,0.146885249245152,0.0156987780505255,0.0338169750317627,0.0149947897378377,0.00638286649580885,0.00015456088773589,0.000338601287769057,0.011438092444744
0.000210393007175015,0.0016957880311747,0.00137292975152635,0.012434146848321,0.0202190079516129,0.000612828877222639,0.0182336905833413,0.0251802772695692,0.00954580974397124,0.0103840757007336,0.0788450357418001,0.31894037151789,0.0701675463402562,0.000156724533191278,0.00123800413107651,0.00754531163959657,0.00016812178509351,0.000796193263072804,6.01388498146483e-05,0.041003338150934,0.0209285173320924,0.00294338718151623,0.0408807222537468,0.032931376861427,0.000637469756519885,0.0297986122146531,0.0221385782041093,0.221246756993382,0.00431807946938482,0.000776261401674373,0.00178632570173764,0.00280417891238312
0.000223867050876878,0.00124934297621228,0.00140352778563463,0.0157133642977467,0.0236570746176523,0.000479801753182638,0.0294693090631438,0.0357492418460933,0.00717494511154721,0.010170229031466,0.068117202734681,0.296484351530792,0.0538500577919519,0.00015920525679683,0.000536417005244559,0.00353291887663637,8.87077556565653e-05,0.000602581725313325,0.000103040511358838,0.0319849776437169,0.0151921300156424,0.00426229364301786,0.0309941913875751,0.0211547129015484,0.000132872979186221,0.00612165980498027,0.105288382119985,0.228235709182573,0.00463433701518095,0.000569576048118733,0.00205200025299372,0.000611970283493267
1.69223103280333e-05,0.000192538369396423,0.0002472501404488,0.00304864634691838,0.00578566946617728,0.00261455291551471,0.0376795388063377,0.00189188487510283,0.00506056948683847,0.0592990022744076,0.196384166092296,0.212371242953851,0.0852672548643263,0.00063984270916007,0.00769193875563088,0.00966638003036531,4.92362066500401e-05,0.000275838336115845,0.000812697265481832,0.0599886053099342,0.023603865935359,0.0136730000230066,0.0799606741934083,0.0677497321472482,0.000407846445475038,0.000866849775021654,0.00382682709145321,0.115972488892699,0.000743269329915684,2.91828063816798e-06,0.00267069395477399,0.0015380564157196
0.000896023053241047,0.000501346734195394,0.000659024052119617,0.0230301346731928,0.0416250630139003,0.00149500651828367,0.103125398489962,0.0444569335873923,0.00348815883504411,0.00995215763467515,0.0432325881771816,0.263633155333002,0.0417741510417746,0.000234708750799333,0.000597562907456561,0.00971840763856653,0.000120080889997083,0.000343762515606707,0.000138372513442208,0.015109389890769,0.0256797617666002,0.00108646766849975,0.0403452486588741,0.0461099894184463,0.000375448114020777,0.00753082946270111,0.024972653800778,0.214806767504689,0.0271681895312167,0.000133546710256716,0.00235912736872609,0.0053005437445884
0.000125516090635952,0.000243211344912083,0.000313666537275444,0.0321996996722204,0.0493557540669632,0.00232465583428355,0.0392553863861602,0.0392839185743092,0.00191092072587702,0.016411639794746,0.145857915806074,0.202572333914873,0.0846789693848781,0.000717886464577219,0.000615706008780069,0.00413643909364069,0.0004273630789955,0.000368040334084262,0.00180525908449977,0.0234551425744855,0.0322544778825517,0.00290605762846661,0.0445630192597711,0.025653561220194,0.0022006998310894,0.0201495730428957,0.0097442437926502,0.159917905022448,0.00344536846702882,0.0429638453300067,0.000373867066963892,0.0097679566836623
8.98624846042032e-05,0.00111283434452061,8.01689155796758e-05,0.0191874740788842,0.0482839894180447,0.00485787321503334,0.0727704726691596,0.0303783313863242,0.00422331199012196,0.00765877995393729,0.0715740559576465,0.211387512753043,0.0702602102998016,0.00056250532887379,0.000526256199981413,0.0117624134560083,0.000757541180602283,0.000999296408552266,0.000710895727352173,0.0348618983790432,0.0126784225814806,0.0163289708878198,0.078752984360259,0.0326944345485688,0.000594193428466972,0.013439182832571,0.0119958789384591,0.152239276372638,0.00200882846134642,5.04068831246106e-06,0.0825213452338097,0.0046957575191544
0.000127745537560663,0.000422956055803124,0.00195006713353299,0.0291471114685563,0.0927075360096216,0.00882004020073792,0.0606673616712779,0.0629519103374013,0.032209516503829,0.0105927238312257,0.00660755312010528,0.0626440904696998,0.0293467153874867,0.00256806346249077,0.00496325648979349,0.00187321575361776,0.00174442012652086,0.00365532871099515,0.00386810372105093,0.049412967599285,0.137056952601389,0.00179643827942455,0.127022261563422,0.103338501499838,0.0185699460328136,0.0128283062676586,0.0312484557286943,0.0548348641737617,0.00478722897118517,0.0010227907850387,0.000595894368073184,0.0406176761381084
