0.653745446566315,0.0132606950403356,0.00147455999702003,0.0117035776001715,0.0181846611216816,0.00465159375904274,0.0684715950794988,0.0151827183129263,0.00474008076031393,0.0059370784772273,0.0051909469001953,0.00126465185285039,0.00224923701844781,0.000718642816784491,0.00200446523404086,0.0400463519291961,0.02679995477259,0.00796620648133971,0.000667062952965311,0.0204594870463361,0.00984834416329142,0.00813559790683303,0.0423060095522965,0.0147509087140072,0.00160368251953333,0.00714439663516084,0.00809161436740973,0.000121850018262558,0.00155753386773678,0.000568001127036338,0.000399544053104513,0.000753503356049391
0.00785727050477114,0.529593400791825,0.00609986496276578,0.0100128945549682,0.0266794699518511,0.0592381920202515,0.153653286959546,0.0160866493685146,0.0283414744998113,0.00256936825987847,0.00135128206451342,0.000401550500359949,0.00211323493290206,0.000916622651247403,0.00089475862755715,0.00668213817057097,0.0172711855154618,0.00433881565169166,6.75732341588657e-05,0.0268993101764399,0.00116830638223583,0.0103742150710507,0.0500727457077759,0.00805518422781609,0.00509595034950571,0.00610723086061038,0.0118254460467224,0.00363741989511242,0.000280234706642909,0.000692700094318988,0.000228162811859164,0.00139406044726324
0.00186445856534779,0.0201834644182031,0.710904369210415,0.00292014113097409,0.00428273263433721,0.00757750083577815,0.0157505718352935,0.00772730533698703,0.0439463268864738,0.00619500288886388,0.0102780161306359,0.0276428955438556,0.000933101515472784,0.00316545068945288,0.00921007042353223,0.03221833751998,0.00125490419410269,0.00816563609196599,0.00173961708120153,0.00482608326915991,0.000181785007515772,0.00468386122476883,0.0106512891428214,0.00119472156218567,0.016747489442679,0.00252382704722221,0.0072787274127619,0.00489940563100423,0.0194610001574688,0.00195267902012474,0.00671379537262697,0.00292543277678701
0.000834820504989615,0.00141099551015745,0.000685281795989786,0.564171865716386,0.0456118179118171,0.0202724033882126,0.149407280493625,0.0151442059466701,0.0219848231580142,0.0297087566712522,0.00245965412056379,0.0696861993437035,0.00485420974078809,0.00548765437101774,0.00644845943330497,0.00812524902103436,0.000537358068393281,0.000209852328307776,0.00114515567619837,0.00208456311174289,0.00318245354683106,0.00025354862545187,0.00534494165878787,0.00234246179304259,0.00113228665218277,0.00592248420383578,0.00183175801152149,0.00636623339491572,0.0184071946365289,0.00225416917602736,0.00261207496109413,7.97870276121279e-05
8.08292477166561e-05,0.000234935956724089,0.00163909155636776,0.00324964990012046,0.683535098980895,0.0389059098596552,0.0874249913791977,0.00875087967590393,0.00928479801911445,0.00238167812603547,0.00389531028159512,0.0260701942355837,0.00356794761084297,7.98953611215653e-05,0.0054774434384801,0.0377015533018276,0.00170909042221803,0.00127062602315372,0.000659354422161666,0.00975182761041038,0.00441105560497204,0.00100681904391807,0.00763349893433341,0.000660813156921391,0.00471496249971368,0.00322263218650323,0.00658976590501852,0.00382105437640575,0.0272186481198677,0.00720112651218498,0.00634495132953211,0.0015035669215031
0.00196262495391821,0.000883439992417365,0.00296684688616002,0.0182285292800799,0.0129186751367244,0.543643965368202,0.0413154280593894,0.0315073191061941,0.0549238825805017,0.00841654161834498,0.00980576550216429,0.0114491793243586,0.00260399016876077,0.00220593729275878,0.00658167078586824,0.129406620529672,0.00177111764372504,0.000889561479068541,0.000568513511247233,0.00428763055357678,0.00237565751019153,0.0012593224108767,0.0160578018455472,0.0103454091248876,0.0300402002112136,0.00877664687507,0.0134963837126969,0.000304544675511276,0.0140080676402287,0.00230260682826647,0.00840552008801577,0.00629059930436184
0.0134899887182125,0.017761989208029,0.0113382271855031,0.0583711123997867,0.0225944887512822,0.0241841829097679,0.415133848706427,0.0108746666553068,0.00942709093137824,0.0128900519240097,0.023942537364477,0.0278979928952383,0.00813159442501944,0.00501921174311467,0.011141331401585,0.0800012476386072,0.0063136388101662,0.00200366703894338,0.00117766439626409,0.0193469110866067,0.00652263387509391,0.00520733413709484,0.0672565524367444,0.010031434716321,0.0230789945576966,0.00382052419427155,0.0337826608522281,0.00262988266001984,0.0324904996797401,0.0123549759872933,0.0170454252673261,0.00473763744644527
0.000505213449808462,0.00376681180508365,0.00185784726647205,0.0256826621751903,0.0486132817753262,0.08204346499516,0.0722821717890623,0.490994958649476,0.00687136965937622,0.00622294614120251,0.00713206934744146,0.0644104160737516,0.00544437886949247,0.0147000881312724,0.0111105774292041,0.0159493934001225,0.00258338225786385,0.00373463707107286,0.0033869041643336,0.010055052296514,0.00371494052249596,0.000373327583172929,0.0278780588252971,0.0237103248527014,0.00499736386743343,0.00474850007432753,0.0172820513208691,0.00336921375357442,0.035452560398867,0.000367236511726622,0.000311785261265559,0.00044701028104297
0.00801985520397491,0.0175281317210984,0.00913454051020899,0.0223787570885809,0.0259613834975092,0.0736385487353401,0.147846108916027,0.00621778942759023,0.436040450023917,0.00848650266448099,0.0236888296389986,0.0275399585716044,0.00756410015403243,0.00415910421468863,0.00322160672441263,0.0450910688036863,0.00527378012606989,0.00960584302963617,0.000197297380904763,0.0079189489517319,0.00124425059898945,0.000126409647997617,0.0458668090630701,0.0065995049319469,0.00492280265089633,4.06827009735815e-05,0.0172933328282104,0.00518012664512361,0.0161195620726768,0.00511326315808177,0.00585571568751556,0.00212493463002512
0.000542645434299724,0.00041289261076548,0.000167196734068688,0.0633268779595209,0.0116582831734001,0.0279756835484427,0.0216889090491022,0.0146833354399773,0.0016958438616518,0.634011074812634,0.00777687570944858,0.075706776783298,0.00386776086813888,0.00136411537658961,0.0206574941868234,0.0197662665265798,0.00114490912045194,0.00091767997272621,0.00129473692783348,0.00252109317894029,0.0034912012463489,0.000713649133591161,0.010445740793401,0.0153136698804935,0.00617289757152639,0.0201139111425832,0.00339295850835978,0.00239218500684024,0.0141318149809535,0.00407304025827399,0.00794466459381297,0.000633815609122539
0.00502674251858828,0.00358860955558882,0.00233307562844161,0.0345451463327781,0.0470780658770097,0.0530605129983968,0.00658205152369399,0.0443543599202882,0.0196546087115338,0.0142834518575473,0.474612074635234,0.0476823866580092,0.00140288180304118,0.00520895125787961,0.00895462276857064,0.0288210139541515,0.000932099310996354,0.00137643789295117,0.00189999748709039,0.00605689928730433,0.00777703572040369,0.00465408933900205,0.0375441372056239,0.0269636822041147,0.0130480575535566,0.03279677362128,0.0098413681881482,0.0114338000261396,0.0308562853303449,0.00401612991224539,0.00869722627682875,0.00491742464321758
0.00311910647820825,0.00157068801680795,0.00264862046219965,0.000403936845517235,0.0256137623325033,0.00561143691347541,0.0131008205440284,0.00536065132482505,0.00349189332495118,0.0163120911265443,0.00207301663364801,0.617720485103736,0.00794244932564514,0.00297709077260259,0.00516201444270064,0.0192305522632133,0.00139321117563428,0.000935773558845354,0.00392097380814922,0.030679453407332,0.0106843301223696,0.0543538180141001,0.0560940837568984,0.0145582295386323,0.0287298718584607,0.00480973937667993,0.0158164122842367,0.00349429532838378,0.0261935320981243,0.00193014358883014,0.00970325062555906,0.00436426554715769
0.000157790242590135,0.00264146442874785,0.00212874680712561,0.00620165358560033,0.0895138937374482,0.00422661633920513,0.020459565727324,2.80512220352219e-05,0.00378506980037174,0.0291891860367904,0.00768554760523818,0.0113913845924627,0.608808111014455,0.00259451079760547,0.0375804831631422,0.0158017097983431,0.000831624028829758,0.0136902498622588,0.00652339098348047,0.00615779874975285,0.0137482734335339,0.00154993038481956,0.000951123817327626,0.00617796283289564,0.0100409047174179,0.0181886359702643,0.00985874243944364,0.05575672873853,0.00050759216558245,0.000560367039090417,0.0112542661843346,0.00200862375395322
0.000266679197981781,0.000986002754670865,0.00122753368108463,0.0174843419300652,0.0158849013213367,0.0236195962619352,0.0338273481079299,0.00534469853655141,0.00373869272651884,0.00877820144254466,0.0103732950678863,0.0396672223170238,0.0151018786021446,0.67189187721916,0.0489030506167379,0.0106923899534565,0.000773975007538543,0.00793665473406826,0.00206949704539181,0.00492557525770181,0.000633551706857283,0.00131055322582539,0.0154220837352992,0.0144155024241415,0.0032705073099303,0.00311290643069812,0.0113429054780419,0.00859260371913965,0.0142528052394041,0.000250955108344507,0.00278215876298767,0.00112005507760179
0.000501489259230265,0.00419829266571722,0.00348855093203466,0.00166398279998579,0.0265308931330146,0.0150137603402695,0.0410320739170632,0.00265529560452711,0.0225045383194184,0.00349941631997153,0.0108523668408112,0.0991331917233522,0.0148516290114088,0.00342128836643145,0.579484669238943,0.0381978930628803,0.000885321236381725,0.00717204905327876,0.00231766970165944,0.00295937064758301,0.00215957850371351,0.0029058439077029,0.00662009997444852,0.00146627700099234,0.00529402516408592,0.0235622478134083,0.00524994650649752,0.0230470959874969,0.0344745163098959,0.0106567329104709,0.00355963597376827,0.00064025777355632
0.0122172896900305,0.0312258905719843,0.00853854820692113,0.023287641949372,0.0614846986105981,0.0965384638622366,0.293077905666886,0.0060736413312599,0.0691621090588181,0.00876667042211795,0.0175185606310649,0.0127622534105595,0.00484926309449852,0.0042231436037086,0.00515722710987058,0.2124268034568,0.00501769924288878,0.00209177830190603,0.00126339680285769,0.00952957812940038,0.000658584945263578,0.00156043431113,0.0552446839952673,0.00297744549064163,0.00304848575391537,0.00327910573115587,0.017772756097539,0.00767726428386687,0.00969185124992698,0.0050240710569947,0.00771628431135048,0.000136469619167723
0.042126555638567,0.000767304332620276,0.0108375921421521,0.00781276372824853,0.0110133536733632,0.0161764426391852,0.113533536223695,0.00913792342230103,0.00994385808712919,0.00183639304602844,0.000622983358424586,0.00150636031960003,0.00122937728318735,0.00232170724454849,0.000389447765101475,0.0330674697712598,0.660309263053032,0.0132040341109779,0.000820111505142031,0.00688689015103635,0.0117830161264653,0.00319049167359635,0.00659251618611729,0.0174404132599174,0.00762783737814872,0.00102091778741441,0.000178806118620206,0.00342136950907804,0.000345400565909323,9.69006162484806e-06,0.00200025295885811,0.00284592087864981
0.000527989688164029,0.001193064261173,0.00660505607476091,0.00190994762995889,0.0185388854544281,0.0260016575550915,0.0698868584199861,0.00709349470809296,0.00652927294214396,0.000972594568775104,0.00277492281748776,0.0119642831080829,0.00370365595078665,0.00276574153426579,0.00326669424772459,0.0102204209303581,0.00138107610478224,0.760927725711721,0.00801664626955904,0.000693520674956893,0.00951942147327179,0.0131993405904756,0.0112149727569042,0.00314610132260471,0.000255453531822797,0.000340633464818635,0.00343147924165223,5.24050031998629e-05,0.00419455268762794,0.00204393408294868,0.00385256652326446,0.00377563066910905
0.00218530331391304,0.000140627259034738,0.000845939568904628,0.000393249885917622,0.0146925036975664,1.27175137446427e-05,0.00222590572427816,0.0111623675854148,0.0157977919083164,0.00125447033284629,0.0198487148627449,0.0733617524957147,0.000876155168236408,0.000303391003223487,0.000481946501594432,0.000672128661626318,0.000781019751621181,0.00236898724390966,0.635995637994526,0.0130419537342435,0.0218156343376718,0.0509442782150153,0.0154152100215289,0.0299031307013563,0.012368807786256,0.0198224218516549,0.0123562676233617,0.00464163029051532,0.0259042382594254,0.00287182937001659,0.00698952198323599,0.000524465352584194
0.00131669315570882,0.00170578039104765,0.000783366494850101,0.00118643478389089,0.00594497888632446,0.00401654130772089,0.00559772858696093,0.00926038252714045,0.0060620987296661,0.000116875635513119,0.00322854526805752,0.0122790305026974,0.000431484734852028,1.63644742774007e-05,0.00035347818063986,0.00282088168289236,0.00168995036618428,0.00696300903586564,0.012907791357528,0.633173931166486,0.00768095741883643,0.0503656999042352,0.0452905245590355,0.000226843645886173,0.0116722813731577,0.0723459388314996,0.0287147620593708,0.000105686970086094,0.0276477936048789,0.00563961839858318,0.0387750829279205,0.00167946303820605
0.000658170657433955,0.00296620744264257,0.00234252581359647,0.00336419818708758,0.0269538946716245,0.00833005539461998,0.0212750152291538,0.000590174512651593,0.00932303513683993,0.00319709540459762,0.00992883230627251,0.00846540520756057,0.000371516801182251,0.00031677191343173,0.00128671275728558,0.0111323827464143,0.00309968489710673,0.00207174978366094,0.00232520287448891,0.00979801515344971,0.569184136521053,0.0180895975027204,0.0436738857190097,0.027267512734125,0.0632968570870557,0.0428175282882266,0.013123096203676,0.0035922603397668,0.0338489102302493,0.00224414890476133,0.0222244435638163,0.0328409760144384
0.00258359045287937,0.000818091909824086,0.00147129663869613,2.66516766305286e-05,0.00169257245594093,0.00672098352426387,0.0206986123447373,0.000306115774159466,0.0825991921913668,0.00160994224161658,0.00173772559229246,0.0019577672312927,0.000589558120276517,0.00168264259683689,0.00402937081503747,0.0241036274598708,0.00625500547636244,0.0227054964745916,0.0142021487607862,0.00121118026959439,0.00199908118705484,0.756320068215017,0.032674486154273,0.000105448126207079,0.00262819958391003,0.000474278803157065,0.00156999934995589,0.00381877537584219,0.000241349163915093,0.00182708190423697,0.000809232935524728,0.00053042719384978
0.00402328913180938,0.00923470271312194,0.000500862956927988,0.000106077201672728,0.00893149786542631,0.00394510318812025,0.0013883906366613,0.00227455167206924,0.0141343616861757,0.00413856998185569,0.00452236913792665,0.00701877692733354,0.00459671946636616,0.0010402960833346,0.00580456335842532,0.0121165500344013,0.0106594225430899,0.00484253418819732,0.0098318493616097,0.0139763516022518,0.00493997059936578,0.0032923618443674,0.809729919806799,0.00161292445031933,0.00320310446153853,0.0053103323253648,0.0231934295976611,0.00472675011141278,0.0109384766384885,0.00528347083923002,0.00360756238610891,0.00107485720256647
0.000902274495886007,0.00967939420483279,0.00110776226715493,0.00941004091398424,0.00392800458795458,0.00248871842160242,0.000762632323968878,0.0114526956035568,0.00243212555662872,0.00173779149726081,0.00439421307765774,0.00274700724854115,0.000949481628243222,0.00045821311657834,0.000771240933499766,0.00230063779571832,0.000321816014223999,0.00310563704103045,0.0205642349453072,0.0102293980770134,0.0227107037121067,0.0176763599879263,0.00225208760044714,0.457741189377042,0.00527705918971424,0.243057671222653,0.0481362715104791,0.0119468171270236,0.0284021489737917,0.00289015731840577,0.0648679674178057,0.00529824681196029
0.0172558397676326,0.0495511216717533,0.00191534281799214,0.00698442168713024,0.011392909959384,0.0138402779420715,0.0617822030087733,0.0211223995613361,0.0862884226275938,0.00203730049342692,0.00591656756313737,0.00882150385918899,0.000828395228787256,0.00158395934767797,0.00150585181959099,0.0355417780378008,0.00947689810606268,0.0265297456464728,0.00463333571589694,0.00972012503411672,0.00066728620713869,0.00393496401715142,0.00697047243563567,0.000842265732035504,0.565560059719185,0.00190178581544623,0.00994325250140641,0.000674975979837918,0.00406531705604405,0.00438330713167977,0.000789307292125021,0.0235386062164884
0.000425933803060398,0.000299377577196636,0.000368972924601845,0.000288063158751351,0.00121396809566929,0.00292853179943498,0.00161570519060313,0.00355665895305636,0.00274352844390104,0.000481790732266289,0.00414565430076599,0.0085126095706404,0.000416914654312311,0.00046950462301474,3.99310960243641e-05,0.013472187350117,0.000563756449537992,0.00197990910423951,0.0089674925149771,0.00737510213828059,0.00515597670247579,0.0178427136756295,0.0206017001282173,0.0151213364898986,0.0208388814000611,0.768873247065941,0.0371645960779803,0.00745144604472169,0.0134662523992853,0.00229612240644771,0.0256626505950522,0.00565948453383877
0.00117893798923931,0.00203047330988039,0.000791523174116347,0.00111984848823783,0.00273111774946003,0.0106426054521094,0.0269313659995023,0.009325100172888,0.0103289756163454,6.55637342442539e-05,0.00215306194079417,0.0271271942573416,0.000455781743778289,0.00231106755700785,0.000832894645098542,0.0213250350237859,0.00185979355904986,0.00410442048692624,0.0220365690438313,0.010350373081226,0.024472081228119,0.0617269563041121,0.117308748881284,0.00524333281814681,0.0470098367793727,0.137690798511532,0.385111150037894,0.0012310384222149,0.0244760831325651,0.0011718983516756,0.0258688165794698,0.0109875559287504
0.001045197307612,0.000119967414724891,0.000874128606954566,7.97778917640742e-05,0.00525550800459861,0.00909364923376334,0.0300581897955843,0.00632534883497172,0.0159753749141753,0.027017609465365,0.00232164693145941,0.111630354296705,0.0183718065078137,0.0111914625510039,0.0246563135994843,0.0242317060058968,0.00196027304827687,0.000708351911377198,0.00547427623004402,0.0208686550654333,0.00285828819107846,0.0413279105715056,0.0447599752197885,0.00681064321217145,0.0207023216501905,0.0305040321828354,0.010045544189357,0.437989165807513,0.0570848214143984,0.00524286589828362,0.024159513309603,0.00125532073626646
0.00363637538608835,0.00485739383996436,2.8199353970532e-06,0.00218621829910086,9.71965681535779e-05,0.00759550750979574,0.0281073788531893,0.00395217395752897,0.0245050163415572,0.0012445427368459,0.00746662999770091,0.0155395508732382,0.00461267365865063,0.000847447113898415,0.000852579249641161,0.0223024072162855,0.000826974397173313,0.00134213187345671,0.0056627061694119,0.017370894047955,0.00474211239685992,0.0113578042983024,0.0103117824893429,0.030551962119434,0.00950919710183339,0.0370720946092554,0.113827570114391,0.0586794274643227,0.557813141327487,0.000183318940238031,0.0100567928066765,0.0028861783068236
0.000367791447102136,0.00188647303977058,0.00166393420121303,0.0013525006088673,0.00579404662965749,0.0088025516444002,0.00380461657299063,0.003596909154288,0.00136577591503356,0.00136675814249784,0.00142067835510882,0.00667872901607924,3.59849767999299e-05,0.000703312476145154,0.00373596103910632,0.0182222466847918,0.00184460443599744,0.000469236805149007,0.000301493707391062,0.0104632437921468,0.0127092679003524,0.016724382095451,0.0400487349984791,0.010536550451742,0.0132755841285951,0.000970661888885181,0.00129258571656241,0.0102354523611238,0.000349079680948577,0.807943621018109,0.0114385440577733,0.000598687057441254
0.00769206123408424,0.0147455946307348,0.000442885222195537,0.00260363968513136,0.00077526972523418,0.0173863480198518,0.055979246158825,0.00107737652588576,0.0240888273619841,0.00251629883111071,0.000802256700796493,0.0136650063065435,0.00725017853473009,0.000574870657197331,0.0020622373414987,0.0198200708910349,0.00495090263257457,0.00192565274750931,0.000198773500797244,0.00162347502905274,0.0146732065440714,0.0161082895410274,0.0119132499498569,0.0261375314999759,0.0172684193801683,0.0171636492901953,0.0265877030092108,0.046523076715237,0.0200633781704134,0.00271890526936979,0.607625144601162,0.0130364742925391
0.00803200083528248,0.0214480478470453,0.00432102974111633,0.00712469554887283,0.0207398869161113,0.0291892432139489,0.0625975721054729,0.00449602689056554,0.0122855165435023,0.000788365323857512,0.000750402269173369,0.00187821712471408,0.00103010313997503,0.00067913667149306,0.00309831220205218,0.0492310581599585,0.00294707392569363,0.036717333684139,0.0141065592336133,0.0187013048118446,0.00367197865511895,0.0362845443959084,0.0693856284085147,0.00382271850170727,0.099726549075298,0.0159161924593929,6.36241512674601e-05,0.00230852423192433,0.00111291986622937,0.000884470925053805,0.00166559507136499,0.464995368069788
