0.557993024353456,0.000222434193840733,0.00758939387584334,3.27010468969296e-05,0.0985824010011832,0.0105881639411734,0.0550164787667523,0.00169536134958492,0.0230084924071306,0.00844373641713287,0.00754777065087061,0.0344910429687121,0.00239035335986779,5.568161219303e-05,0.00410399882683798,0.00328596269508259,0.00149087332052697,0.0100872348997027,0.000134864920480812,0.0362927110148443,0.0259754775617648,0.000788522000723313,0.00624880835635367,0.0142918011049747,0.00710696094111131,0.0116542833589433,0.00234986697290961,0.001926153542731,0.0167888073811578,0.00067213417210892,0.00279970590362376,0.0463447970814848
0.00408204391440876,0.561906300444756,0.0259570724694094,0.000487793437038914,0.00662495188129681,0.0269583205260393,0.0163115256252721,0.0182772813819537,0.0167150567497858,0.00611525373623635,0.00613526736365643,0.0443347250529423,0.00666758822311886,0.00456150838640277,0.00160942414800435,0.005783836858752,0.00308740365270701,0.00129426613218988,0.00054866771195091,0.0679012046290164,0.0163483148841101,0.00147381378140772,0.0104916032962412,0.0201090898629282,0.00272536019809779,0.0458184640872823,0.00209486579639186,0.00277791868010965,0.00237074720824438,0.00488528251860523,0.00508828927575052,0.0604567580858927
0.00784466133927443,0.00307062553148489,0.631304530812601,0.0562392001178386,0.0309332058193222,0.0247560183438913,0.00694668232429279,0.0599607502643569,0.0372957460639092,0.0482971006126432,0.0116460995812042,0.0062933726939317,0.00864708665462377,0.00158624586861869,0.00781874009025673,0.0213883266784883,0.00368767606870699,0.00071228643939148,0.00188802351978437,0.000949788889610255,0.000639329296758229,0.00262799956979869,0.00153083386227918,0.00231869932624883,0.00700909000784051,0.00236528473874845,0.000465346710615262,0.00177018073813072,0.00514601043111537,0.000374052960067765,0.00358526308110578,0.000901741563060368
0.00024532947340003,0.00372489827724084,0.00187887273345153,0.652379573809197,0.0144445018784125,0.0210661782003957,0.0477510138171909,0.0322264548187255,0.011421072177146,0.000621471672491117,0.00246796145220829,0.0155912563683846,0.030757854127068,0.00233766808015886,0.00186885055775227,0.0174250704303725,0.00194468360816868,0.018069350135113,0.00744712147024265,0.00786496432021536,0.00396454873327444,0.00378911553307433,0.00655317695657596,0.00235130189936779,0.0323008650184132,0.00878227669820711,0.00182301371066103,0.043319890861816,0.000958218039600321,0.00134633770316483,0.00174461815578734,0.0015324892827222
0.00909505126019639,0.00173978189084437,0.00241409152751961,0.0129720236460151,0.58017244652853,0.0382410763540161,0.103793150507978,0.027679488264,0.00620228451972733,0.0117100933927513,0.00296849375606651,0.00539158274885617,0.00505342291358228,0.000911155101621396,0.00360694963396072,0.0985748697993996,0.0157779353397204,0.0116189040564357,0.000770793596216711,0.00311025916993799,0.00185510714814307,0.0024485466922183,0.00221002661612076,0.00172891246547809,0.0124326126644288,0.00808913539696488,0.00139890234252562,0.0169127619964193,0.00328840166872249,0.00119059739437641,0.00151505102182006,0.00512609058540719
0.000216116816590589,0.00102477355985724,0.000743012419852155,0.0148637688566398,0.00457028555503351,0.626814800924947,0.0236696182779217,0.0247396698666327,0.0159503231101701,0.0780803336743415,0.0192692191488618,0.00550268799402317,0.0150353197580207,0.00071325253468569,0.0141574871777408,0.0696717983502367,0.00744319042073785,0.0031324837332444,0.00158746736215561,0.00634782772077613,0.00792220046838371,0.00191715042279511,0.000533667192400225,0.00823089876600655,0.013854687038126,0.00986639750521069,0.00199301013323062,0.00458140747093173,0.0142359771942872,0.00167385960421855,0.00117345900940745,0.000483847932532269
0.00706932489839522,0.00309839927808315,0.0155464937162376,0.00700303496658413,0.235917391560346,0.00484451294235158,0.375604423436554,0.00635442671823962,0.15527460958343,0.00372359666070217,0.000203639782892486,0.00272307125714041,0.0115919713936674,0.00855916413748354,0.00291377215290991,0.034382239849175,0.00879923520848193,0.0324988262987983,0.00691779431960195,0.00691057279462244,1.03675343148966e-05,0.00803824133955278,0.00439137003058076,0.00187912336094441,0.00528056248833647,0.0139220388961723,0.00821771700494181,0.0029281171354648,0.00284088800947651,0.00404496138484927,0.00199809404040276,0.0165120178192661
0.00447093380938908,0.00113854717241924,0.000669366825353338,0.063425193995141,0.0549762770012926,0.0160452086838149,0.0976371927382597,0.489259621763206,0.0302111763040885,0.0268840260156122,0.00866817896320679,0.00184719319433933,0.0182275592041905,0.000359955536916104,0.004168494623199,0.00928504120958712,0.00851970197814485,0.0209368545447127,0.00993443862567545,0.00328794930301387,0.0184075395314718,0.00209964056975326,0.00649292817748699,0.00739414373099372,0.0457434149502528,0.0180654234643543,0.00244552238847887,0.0204173729186127,0.00022519380551723,6.0346507794954e-05,0.00488078270727957,0.00381477975644092
0.0224827855829463,0.00210210860870385,0.00129852416575321,0.0168720547630412,0.0026779476013127,0.0511362685651837,0.135858392445254,0.0137211831273257,0.590526980604624,0.00467180155295528,0.00125149231012123,0.00770389741638173,0.00045546591241179,0.0034154791783615,0.00679020476676996,0.0382112033118632,0.00103204986231161,0.0152361751269751,0.00235039923736618,0.00666088847176136,0.016124703900339,0.0027140230619925,0.0143402678584915,0.000285742670463263,0.0132985674018832,0.00290029621490257,0.00404898128878483,0.0131693656318367,0.000848894669712198,0.000205788680854299,0.00219781301822146,0.00541025299109481
0.000982704091116677,0.00165390505866396,0.0009811712537188,0.0554016636264495,0.0395620422639125,0.0279995286515135,0.0103970307019383,0.0236244845121466,0.0223628196071384,0.703170211676564,0.0148310790913891,0.0108385202515285,0.00982750628248009,0.000157438185459931,7.51038870576665e-06,0.0324520534988974,0.000405983600330423,0.00628997194511352,0.00064872027484438,0.00685891156732168,0.00156531511935749,0.00193184762998641,0.00525395533223917,0.000178942315687752,0.00354126525447179,0.00217018417795499,0.000857159555655276,0.00985136498883472,0.00180596584799939,0.00351161112251016,0.000304902975388476,0.000574229150681503
0.00048999961065356,0.00163533398474152,0.00259395393873796,0.0806592129351404,0.0355111675285892,0.0511275805222892,0.0124840996028745,0.0185841124630564,0.0180888761893239,0.157797784494506,0.440376013424498,0.00267251364965346,0.0284299620433539,0.000224958806273512,0.00315891314424959,0.0464605691055118,0.000264658126287656,0.019937756666701,0.00231327425413459,0.0097883310859296,0.00401867259356662,0.00752382114837049,0.0135535524251647,0.000177130923558184,0.016879588217133,0.000817178487730731,0.00014792806572594,0.00240461081704306,0.00792187818504168,0.00586490137947653,0.00747620371174733,0.000615462468935711
0.00459184999777362,0.000697254834577621,0.000316571162099775,0.0331937342913303,0.102089940412623,0.00267153770322929,0.0810654100690332,0.0306177072150431,0.0328810784496154,0.0188849868712277,0.00236000699231825,0.450209019273175,0.0553628985582185,0.000883409275165972,0.00789350649236623,0.0044138431592506,0.0167333191904383,0.00552091568382632,0.000374996372408715,0.00526034322550591,0.00239183837183356,0.000188450020822371,0.000705484569636532,0.00169417833572354,0.020998549445648,0.0184796376567452,0.00593275335545855,0.005277595548452,0.0608459027385189,0.0023448515752989,0.0215216814840024,0.0035967476686332
0.0026243873091094,0.00772279037117494,0.00352581847267649,0.0213628877717344,0.0582232716226998,0.00520849027285074,0.0539732079300237,0.0230197719085316,0.0127524212129137,0.014124269463069,0.122323690356297,0.0742364761144511,0.411699030540421,0.00428541113534063,0.0304224646310016,0.00202753125863674,0.00261776088376596,0.00382906044601129,0.00735332492476842,0.0194183395963572,0.0108913522613483,0.00757006659013833,0.004703444961401,0.0115313393739066,0.00516867245926664,0.00876210841433117,0.000326516285186944,0.0493424328945626,0.00100240519886511,0.009330166728477,0.00103510868797635,0.00958597992270581
0.00165471375175002,0.00166515921527552,0.00149727275644361,0.0926637886630214,0.0127267953201487,0.00150161778831678,0.00563606422383267,0.0111552890732307,0.00875210064026697,0.053890348428042,0.00794018056450175,0.00188348492889048,0.00250977311084317,0.645851353978555,0.00296386043702963,0.000588721444800765,0.0106494416156935,0.010790496774589,0.000272771380393229,0.0512901736304943,0.00638238338309682,0.0013707648259074,0.0120780572040476,0.0116211639283556,0.00183292189454581,0.012901617510498,0.00344951047027762,0.00348099908821283,0.0031991129573668,0.013105081995913,6.86956556270831e-05,0.00462628336003238
0.00440276453323594,0.00373622334893525,0.00308106533105412,0.0386350220789268,0.0671404412316481,0.00827168038674787,0.0259341037015641,0.010183310179425,0.0195824712288381,0.0503939916009457,0.0137911001635832,0.0133798913447529,0.00904544761000891,0.0022279137491321,0.632041357151658,0.000390021845468353,0.00473827024818687,0.00261663045085256,0.00700583176413246,0.0194448442192939,0.00977570727604922,0.00390641334287793,0.00516583105057489,0.00745641400585084,0.000289444581589402,0.00300688719444849,0.000124215470717958,0.00584909019444876,0.00356292284371789,0.0139909610998665,0.00348686422056,0.00734286655090769
0.00380455662581894,0.00442989655513135,0.0033825653053236,0.082149756455333,0.195745399166914,0.0454091102732245,0.0227633523692534,0.140369680446762,0.164962925080552,0.0179233580194853,0.00240110124382496,0.0234204700460589,0.00091656295093962,0.00425162740987195,0.00250848051842592,0.215876426992452,0.00294488618730412,0.0145694770029603,0.00198967224938668,0.00202514084627928,0.000509757477578053,0.00471334639227739,0.000891586179630559,0.00347475347327919,4.03682237079134e-05,0.00305521505421792,0.000655786829631884,0.0199422693425054,0.00189459556438092,0.000452408716304975,0.000534646968616313,0.011990820032568
0.0309929709070249,0.00272707321006159,0.00941571534512889,2.28434872924127e-05,0.0346158456515622,0.00170856608710547,0.0088601097895835,0.0036136394773828,0.00690471724709978,0.00685687971740015,0.0107061725115024,0.0318125791649682,0.00270461647191362,0.0014816126535943,0.0128047552436701,0.00527234461866361,0.563650852023839,0.00666922878739258,0.00138493566159305,0.0251300332998476,0.0766835342357341,0.00244640638534173,0.0202481228869111,0.0126241870540777,0.00278532778537003,0.00133324578907274,0.00277744638344293,0.000242403864977343,0.0183472452515805,0.000142679214141926,0.00525427742183437,0.0897796323708889
0.0370168414121599,0.0199227173759726,4.64848009800872e-05,0.033550789639679,0.0174994389119228,0.00709655353263073,0.0166876413994935,0.00140432981915876,0.0181194553620327,0.0262863878716739,0.00351806662591206,0.0276300292263484,0.00350136545492127,0.00225490856562362,0.00224757345196642,0.00488326542399849,0.0451607086125266,0.605270778985852,0.00122097825270298,0.00854941605449682,0.0306408971965114,0.00827773972419306,0.0206924310563491,0.0288816545037122,0.000758912957536872,0.0104750327899656,0.00167719197898856,0.0031703692917961,0.00876409905296804,0.000249665364172734,0.0012020173668918,0.00334225793686218
0.0113723903359174,0.00434939004090945,0.0019224693493782,0.0300737986910132,0.128665815115544,0.0169141502902299,0.0746125090154175,0.0258193209268141,0.0335748967312616,0.00951675446050217,0.00118387257210051,0.00960309544464405,0.00641318671155733,0.000884918451608759,0.00359231426215142,0.00160873925598151,0.00944335294223661,0.0242813698971395,0.497066143528076,0.0178984189248858,0.00222840500202907,0.000510186064491146,0.00265160404693256,0.0135854608549141,0.0201471524300409,0.0167809544299108,0.00639864392058064,0.00112089898344882,0.0109759934734138,0.00503873193086973,0.00386658845402614,0.00789847346197261
0.00129914648929245,0.000141102122099576,0.000886331363267679,0.0216271462133788,0.057209267729088,0.000804368053616856,0.0308654832539616,0.0284644108140564,0.0170894415357569,0.00382196630564001,0.0034976762086657,0.00856282656295405,0.00164521446970063,0.00184222302797963,0.00512580156741486,0.0037444401597707,0.000745635184984096,0.0187117754382538,0.00162973846601473,0.653284504040046,0.00799470121538919,0.0194166496355746,0.00449915362211872,0.0388426328131834,0.0206049711675877,0.0226246449228427,0.00958308956463044,0.00388116513069412,0.00132690032820954,0.00162314658275366,0.0067089992314489,0.00189544677962464
7.50997190369269e-05,0.00978107045525157,0.00150231899015363,0.0245629447760491,0.00633631718787936,0.00454770220116641,0.00597726289399634,0.00198556717217117,0.0161207866658102,0.0271403576525067,0.00844833966366899,0.000607184763650978,0.00167738618678146,0.000795089788770284,0.00511099350871889,0.0110752812995207,0.0034167760321516,0.0179313835309839,0.00123509774097765,0.031733766364895,0.677940715903175,0.00206190163096422,0.00204394144306824,0.0645565254993408,0.00611516849108086,0.00330482373580796,0.00301881669376575,0.00598590237834394,0.0207394393724714,0.00134329528227777,0.000466573832517042,0.0323621691430459
0.00422268310567881,0.00272655158243158,0.000243070123282929,0.0796147687712142,0.12238143637835,0.00656392643159357,0.0702588645807742,0.031023967398114,0.0693966976600887,0.0447857341214293,0.00533899182169393,0.00932126114937852,0.000113287866274295,0.000469971050288222,0.00358874502825386,0.00155791982557275,0.00896970208880924,0.0732770945192009,0.00070715559778902,0.0931754004491936,0.00620555280225132,0.210972656428952,0.00129434065386034,0.0298922765180612,0.0937033497587927,0.0107623092271805,0.0023147021028965,0.00729741984429904,0.00459066211109373,0.000160598924370931,0.00484151790811992,0.000227384170710471
6.61627650341864e-05,0.0163753002075415,0.00305685665648259,0.0428766280874642,0.0378255815090137,0.00354268652861578,0.0191220615079763,0.00850750900449924,0.0118663996485642,0.0282241044853406,0.00421410187348803,0.00752188964238682,0.000743581612673193,0.000362519887434962,0.00105208473903378,0.0462606580975772,0.00616670707169751,0.0718047846279165,0.00140783947924029,0.00444269246652557,0.00256459410669824,0.0151148763696001,0.60290934942438,0.00412221458427306,0.00707691107093124,0.00733258708600737,0.00128195717585935,0.0077504748881417,0.0298816160477446,0.000435489712851639,0.00581835150547686,0.000271428129529458
0.00460047920333602,0.00192724566733932,0.00208063720150924,0.0443068395750421,0.0208131510542756,0.00766047828918236,0.0123842512485497,0.0198070469235397,0.028072332928898,0.0595042762178065,0.0208705878258818,0.00256131124548984,0.00168344177845822,0.00224310585296154,0.00362910567515088,0.00718101520717496,0.0063297863538369,0.00362071127214958,0.00236160934414692,0.0179525092511375,0.00821485361377373,0.0105862064211931,0.00714062023062891,0.628811095507425,0.0341391914437552,0.010733022691106,0.00393775975019556,0.00209939318731801,0.00392284223816797,0.000586219275827155,0.0177370112184863,0.00250186230625667
0.0244279571645385,0.00047701369757825,8.06960503094126e-05,0.0105738231616679,0.179150432128982,0.00679063603763484,0.261706111353849,0.0423702490599652,0.0482843272981841,0.00979765712214137,0.0017611007739811,0.02194783657471,0.00473555392743193,0.00181758916105478,0.000744787268358293,0.00475699447604643,0.0101532951188174,0.0024721143122826,0.00152710525875302,0.0190348630870962,0.0069596469138678,0.000348677488125953,0.00109270471148575,0.0330290985707654,0.273024124051345,0.0085379236174719,0.00122790145421216,0.00329792461298539,0.0150930120803533,0.000146041868934557,0.00169664508163212,0.00293615651543762
0.00145876879791079,0.0038045100776424,0.000210867532848372,0.0225607504972649,0.0512597094336414,0.00208607444067099,0.0307597000225344,0.0136949891994676,0.0286437286326166,0.00634299022602875,0.00198072193980058,0.00364528081972799,0.0100275274905243,0.00170999330874044,0.00129288828536989,0.0020758734492307,0.00330291603394734,0.00284924848000535,0.000260197333123025,0.0493093032627449,0.0145868163400167,0.0117322116180408,0.00104476945576225,0.018397907342101,0.00703551202870477,0.666805381979745,0.00936618256252383,0.018315854399596,0.00334535729902942,0.00696633854710485,0.00413873365222976,0.000988895511304954
0.00222639136195682,0.00011467321404589,0.00176952903428058,0.0744183461069771,0.0908541536736199,0.0010628041762653,0.0375897626261622,0.0100897830193921,0.0475842570283798,0.0851334142505456,0.0205928530623646,0.069824354292674,0.00263634579112036,0.000722141514517209,0.00630223899575775,0.00081222828123345,0.0067364835105983,0.00317226852655196,0.00191427178750218,0.00333870000208865,0.0265945361868322,0.000494017836263289,0.000845094706309118,0.00416976563682035,0.057159671261455,0.00136968261415059,0.386435129498277,0.0255661185228095,0.0100102265855732,0.00313113244131649,0.0164520859206067,0.000877538533553297
0.00314389182458297,0.00128057827603737,0.000614891056088228,0.0456526275356701,0.123243143351822,0.00283028812418,0.0785124645581896,0.040757653606422,0.0569305353178105,0.0223429086518889,0.020591321947633,0.0911656466632789,0.0434728675776491,0.000529624124700918,0.0160169569269816,0.000962566934602165,0.0167881522258287,0.00429086823465199,4.74525781051775e-05,3.70072554785728e-05,0.00124533600491798,0.000818174510072933,0.00145703398701579,9.85172839542757e-05,0.0257202791313403,0.0117941835691756,0.00546398352670691,0.318105271346156,0.0560157713627858,0.00133375403966445,0.00589417108039338,0.00284207738621469
0.000860037544933484,0.00121903247168298,0.000100589251637377,0.0793395994408843,0.122922045906731,0.00539576316312358,0.0418222238600185,0.024927511016652,0.0769463979899749,0.098034601597272,0.0429955262435008,0.0105042759505057,0.00176151298649591,0.000564731221872351,0.00824237342730643,0.000748222111580776,0.00524095051598057,0.00235463296696046,0.000557710731903821,0.0382796365814525,0.00107846673455885,0.00368288480391113,0.00184941949971475,0.00462429377171388,0.0345756379776032,0.00287886914002275,0.0123473750755157,0.0133414028811406,0.316593650849659,0.0102183692663144,0.0342960906447965,0.00169616437457949
0.00282960586132613,0.00178608973083995,0.000797932366633387,0.0367800853391384,0.152817960911053,0.0113521968679279,0.0918069045783769,0.0404328260466593,0.0574826004282653,0.0328193793040114,0.0160488611429053,0.00424975831311144,0.000640944798261251,0.00153296225823762,0.000616606792037452,6.31048159740956e-05,0.00378968315695484,0.00139178535840731,0.00345336807899425,0.00373879866137005,0.000996281484428385,0.000293125494438451,0.00191615048918124,0.00147088473153777,0.00612125431466494,0.0104717284333481,0.00713156856965893,0.00740367572849035,0.00931927841912101,0.487909123364182,0.000285638416819666,0.00224983574364291
0.00180952487981511,0.00132876294709815,0.000351023557601901,0.0589818781914934,0.129485281955792,0.010660894542574,0.0573253036002469,0.0448163863321762,0.0765895008825315,0.0598074875400154,0.0195674882476855,0.00104803021326324,0.00186612894059743,0.000362408754978693,0.00394155253719459,0.00113441459482219,0.00544641334580498,6.00102252372834e-05,0.000102600395905487,0.0300412420405414,0.00348157784117329,0.00239983552198917,0.00341307491217217,0.00189436624259323,0.018626630683429,0.00515524484942888,0.000557611237289215,0.00284521919691142,0.000625149311921453,0.00166909642271077,0.45335647447092,0.00124938558408608
0.00885999504703846,0.000876692045624033,0.000101027660333006,0.00451440378243694,0.0834441968206182,0.00941168800305132,0.151326967004829,0.033138421433341,0.0843555738188454,0.00680765303797472,0.00173835393090888,0.0198067983075832,0.00465015707096585,0.00090122787846315,0.00404808452828329,0.00687032972745201,0.0254725420160958,0.00119748477083154,0.00125452055822196,0.0612009577971159,0.0551354688964508,0.00221964248502045,0.00659348069294052,0.0839041136033619,0.0699322424644269,0.0182508066095574,0.00150390873531234,0.00341857129252888,0.0111392294847374,0.00177324803346942,0.00545030248117342,0.230701909981007
