0.245234160922969,0.00132840835908141,0.00100800392426054,0.0498701782634421,0.0149976372706322,0.00938029343803607,0.035447416975552,0.0582366149871815,0.0261025363110502,0.0142218213883747,0.0128815177785778,0.0318507901722046,0.0119690790127191,0.000443004398247355,0.00624173918390701,0.00314033234098994,0.0027374278837144,0.00136613096333769,1.95290855092515e-05,0.0327407723800507,0.0567468210701651,0.03516658862107,0.125004156054177,0.0401344376058509,0.0222972059026162,0.0575221103756442,0.0547746933162527,0.0267027742132159,0.00899801098048282,0.000351208917325071,0.0103411092572727,0.00274348864609056
0.000342072572614831,0.131406033253278,0.000463746261948552,0.0287317801357782,0.00801615861036584,0.00810572850409425,0.0309094127604356,0.00309857012848316,0.0117691220498896,0.0269730596009754,0.304230792982294,0.0233535547359384,0.11634502027296,0.000724286539123391,4.15298316998679e-06,0.0025956999135834,8.76925149019503e-05,0.000395983574505262,0.000422784999462073,0.0150925003179027,0.00517742824076493,0.0520366791815878,0.0834797568077913,0.0165488106963279,0.0613639795769176,0.0125472769843085,0.0128079858309448,0.00883753178366216,0.00202558748983548,3.61055839680778e-05,0.00265917807346652,0.0294115270387201
0.000498817206386499,0.00324181296391937,0.0974769971142644,0.0328726286675144,0.0628805733478995,0.0146160101728773,0.164012654371273,0.033636782055234,0.00733297711805926,0.0468501227496368,0.202953671782174,0.107425252846325,0.0630914426600866,0.000527096958904435,0.00152004539909944,0.036487980517718,0.00105222404124043,0.000125547725018368,0.000796665065481345,0.00180894308316951,0.00146859790318557,0.00152123150254503,0.0130836790303048,0.00212164368424972,0.0116195174234999,0.000653488152775193,0.00117718082290888,0.0834518556290012,0.000429016688875506,5.81319469060177e-05,4.33990633086705e-05,0.00516401230615712
0.000300150915676306,0.000299076603287195,0.000914973054634987,0.334886645974717,0.0221519190971517,0.00145167154074349,0.0145083387354744,0.0506538318036077,0.0100146045812729,0.0149535840588512,0.159706130292385,0.0695652086798742,0.0744308562931529,0.00297750083498782,0.000660754224669707,0.0041560301824453,0.000522676039525205,0.000841284006842654,3.21516218701909e-05,0.000103438948517233,0.0329603156733242,0.0354365550938339,0.0894373548474237,0.00482032602454795,0.00986446936807568,0.00335720383085893,0.0012938958638154,0.0491579867401074,0.0028779964957841,4.39908812400227e-05,0.00224861362591634,0.00537046406538512
0.00163289667177858,0.000362981408050007,0.00105650215172035,0.0233946112568101,0.214582189308097,0.00166018539036042,0.0311923834455151,0.00406296919078152,0.00479449095895137,0.0295342853095735,0.20983332359671,0.145603843210554,0.0840893990679935,0.00141714790155684,0.00537704521874086,0.00760201452749486,0.000462281474376372,0.000744330973903007,0.000380508328459462,0.00178989571659381,0.018510473101727,0.0121542623912082,0.0531967308648969,0.000185030676272808,0.040159358156838,0.0011252492025318,0.00136827152544538,0.0789362402185434,0.00220258222098334,0.00112411685279581,0.000436244747621676,0.0210281549331147
0.000585471549689155,0.0028427823550939,0.00496235974913662,0.0330863455398342,0.0319484912127533,0.286870854470514,0.0311725283431155,0.0135164582324862,0.0446917484253571,0.0108750752399135,0.0810984724407345,0.112029170091377,0.0290291317076954,0.00105924756761647,0.0016011227077112,0.0208689655260985,0.000722284061913166,0.000223497877199872,7.75167747707079e-05,0.00438109077554212,0.0221804571582297,0.0319385669625407,0.118947148436954,0.00236424995537773,0.026097266423692,0.00290633824848807,0.00123628859413148,0.0773442109180993,0.00138873641227465,0.000559858195912008,1.8688319411236e-05,0.00337557572633624
0.000152769481618196,0.000304703121400463,0.00683424417259752,0.0338789475966497,0.103395507655393,0.0012566147007899,0.386957497257154,0.0651960793575625,0.062665734121398,0.00219559771365972,0.0353204262219197,0.0810799796936475,0.0241642921657782,0.000389510600152719,0.00312133128700016,0.0116858856706666,4.03814299871174e-05,0.00030437445855965,0.000410224507653575,0.00158765591717385,0.0219835160294068,0.0182056332407516,0.0720784090045248,0.00111470346641178,0.00998092249942437,0.00024593173875244,0.00188440955143849,0.0447431632843181,0.00259700371832144,0.000958972328558821,0.000329903859112116,0.00493567414821752
0.000815723885830944,0.000571228508598809,0.000747683682464057,0.105026865657733,0.0673144191799347,2.99131257743697e-05,0.0871489948062725,0.0211196700433663,0.0160182334070957,0.0263009305807915,0.290359078773703,0.0869736212054461,0.114325467469386,0.00185708298381455,0.000176473271939049,0.00781564502204002,0.000214816085851502,0.000995226327253104,0.000118808780865496,0.000386410078689005,0.0201202908878374,0.0220603418418339,0.0502115275591838,0.00498926912779244,0.00196035698480585,0.00206857439917879,0.00093952379641749,0.0602259480376155,0.00245183426006592,0.000108440933227809,0.00140868002129758,0.00513891927389327
0.000452340183126528,0.00192702123622908,0.0128496645030861,0.0592656738766828,0.188191480446535,0.00125776107986572,0.197130032703794,0.166103248996383,0.0570340337242081,0.0310982861612337,0.0499071310704544,0.04945995350228,0.0234225967548263,0.00022556738210914,0.00327366417803003,0.0131898231459022,0.00253879649222621,0.000722331272091029,0.000243669578476171,4.76512172968925e-06,0.0182380626092738,0.00753201564385045,0.0426404910186027,0.000460533851395646,0.0151409255709947,0.00441574624104298,0.00551742335947737,0.0247744519871944,0.00641857837690524,0.000482579124605406,0.00182514620424434,0.0142562046031447
0.000405416639119779,0.000113279278449432,0.000952895036188524,0.122128501387,0.0258334207797157,0.0112681925617501,0.00271732862327326,0.0921995915145889,0.00802470194479298,0.118763385961802,0.15524510270116,0.0636666964375742,0.103668767996915,0.000513142780528555,0.0010087429300586,0.00015048531297769,0.000106803428369323,0.00109938032085691,8.39331850572918e-05,0.000174091756834282,0.0356071765189134,0.0586926645389738,0.13014361873706,0.00515233310075771,0.00582647750900074,0.00627170107657388,0.00164499701012672,0.0420590394373718,0.0030922791867035,0.000106675462957224,0.00318372927539434,9.54475691529549e-05
5.18810113520738e-05,0.000176379880694215,0.00235172670188218,0.109423363474582,0.0315504787165904,0.0155727743232396,0.00762573754846384,0.0687950933567296,0.0163267899212163,0.0118732297838638,0.00792166269715817,0.126238824029867,0.16435069392953,0.000509965435447325,0.00175906948750179,0.00451914224998641,0.000431021281325717,0.000821870876747746,6.10956663733886e-05,0.00109262730423528,0.0562215251803909,0.0633892423402824,0.166199295580912,0.0128645362024683,0.0130340240245144,0.0102787153353688,0.00298891815927567,0.0896347488552569,0.00476461929308087,0.000509664542149873,0.00795663876148371,0.000704644048027769
0.00127785661197979,0.00415537916268342,0.00341692521112241,0.0239836488432273,0.0403692103952016,0.00367359601310959,0.0277516893158531,0.0350038921100253,0.0296245244557276,0.00848932507654431,0.00721781508792368,0.570341271101297,0.000130017415597108,0.0044637157518449,0.0143368106855893,0.0158937716162823,0.00248395947385704,0.00166722155787518,0.0015912412012813,0.00122517504280374,0.00681144723898784,0.0218472759875855,0.0707450942658179,0.00414235448712167,0.0134857518936362,0.00349380884412507,0.00361640554856276,0.0693882730012145,0.00259826547019058,0.000980372013452095,0.00275299725360196,0.00304090786587746
2.87454234733291e-08,5.1179559186948e-05,0.00110890016472068,0.0373263229032521,0.0325109538183741,0.0105773505440118,0.0243159338058549,0.0169524944745401,0.00658607612028962,0.00162829722224818,0.139774763252461,0.0417549615042256,0.495147819951984,0.00101928425988844,0.00232451081016004,0.00894443138447574,0.000264077407403274,0.000193276193140975,0.00010326020504839,0.00165461341981227,0.0259777609490842,0.0217231907304891,0.0671193062338715,0.0108160243658382,0.00759036710814651,0.00537833342346983,0.000600545936257119,0.0307531244603846,0.000885066553050258,0.000712595655508655,0.00553657563547408,0.000668573201923751
9.56647552470645e-05,0.000676124350932181,0.00134000411546881,0.0559109952065156,0.125662265007493,0.0139269845237712,0.217952359083427,0.0862502497907073,0.00538225426249279,0.0720594714391328,0.127943530913276,0.0260439118183691,0.00931137369731257,0.0852834555516191,0.00224215928625956,0.0399933822725423,0.00103447930958755,4.38188531089658e-06,3.6539671497162e-07,0.00611966458404107,0.0164968568007212,0.0108928333266513,0.0369643780879296,0.0102546164808907,0.0145348703137081,0.0019740055271011,0.00319932942712534,0.0220875063981882,0.00219621309505725,6.48737127847092e-05,0.000745472384914958,0.00335596719470609
2.97224067787701e-05,0.00265093329346127,0.00486867537545666,0.0696904677482063,0.106969662993115,0.0113490536601025,0.183028642134017,0.118647511067964,0.00141248242840059,0.052857090915085,0.040848400815749,0.0949372946462683,0.0413370608854346,0.0143331148927762,0.0896718441443999,0.0129110110785676,0.00117668254590281,0.0018886610954548,0.00091159462399434,4.49592268583816e-05,0.00664397519923108,0.0101060629323921,0.0232760935911577,0.00185586378027289,0.0104276785478703,0.00206212561984852,0.00564025059924224,0.0732745211738067,0.00915217651046003,0.000323068820819557,0.00287611382575179,0.00479720342115326
0.00324012753804177,0.00235770656837488,0.0103815306485189,0.0445968231411355,0.166190650684178,0.000865798200950967,0.102151737405071,0.160648130025021,0.0966171917898598,0.011785310359576,0.0033639728068056,0.0250300464131991,0.00168922736463385,2.98804108976875e-05,0.00428139237534605,0.295746374656529,0.00169356993451578,5.63016165055901e-05,0.000686139076950431,0.00174837750875107,0.0107373153909821,0.00513731775323708,0.0240845294555034,0.000213856126845986,0.00294533719860356,0.00314222398077222,0.0040434463094139,0.00937077998406528,0.00528215337935337,7.76611644024154e-05,0.00176852554140217,3.65651905565066e-05
0.00330415829712203,0.0168619007945449,0.00275933021162007,0.0140252972562484,0.000386157955186331,0.000712110616589273,0.0126390559784897,0.00775595769720995,0.117551512421333,0.0193946332106133,0.0249195334033742,0.0348102753496618,0.0138891317041055,0.000825453861025185,0.00396263549917377,0.0112808880390403,0.311542319783015,0.0041716273979653,0.00256333548748864,0.00120026074142705,0.0668218142013177,0.0343122968147132,0.165670876888889,0.0138299381056242,0.0364716916377553,0.0215786460255669,0.0143675696546865,0.0324532147679235,0.0022937679469998,0.000463453612781856,0.00370822697957538,0.00347292765893217
0.00342489213285505,0.0023421715141642,0.00163265218012896,0.00522187713750289,0.0153481635937975,0.0128197179907131,0.024255202841143,0.00122944296876558,0.0188756007651754,0.0232817475496493,0.0612929055087284,0.103477136815938,0.000398955707789776,0.000401880885703262,0.00528513951556671,0.00642060531826591,0.025688107816903,0.435916960404192,0.00878397786090273,0.0202646368999445,0.0256203830107312,0.00109764490669362,0.0186804918777423,0.0147119586396655,0.0113912810683393,0.0224838592994296,0.0132204803697524,0.0609073638016766,0.00356802879686529,0.00135920510413965,0.00240839013441312,0.0481891375827214
0.000732625725519573,9.53269864070277e-05,0.000154170835641394,0.0679873008821007,0.156836075165887,0.00464597128981844,0.210633919339688,0.0732937070262092,0.00396705678813486,0.0299891001139054,0.0972959128525774,0.00632658270847173,0.00827695987559249,0.000421576739562275,0.000889762364196976,0.0452172955094816,0.00189293977211793,0.00131376315267844,0.129598670493815,0.0350210293356716,0.00909092012247363,0.00116952205899964,0.0114882229086038,0.0459676707404181,0.0184756131255511,0.0256045318996903,0.00396505526890221,0.00352995941780116,0.000914845740530709,0.00167140478153013,0.000644547224336619,0.00288795975368529
0.00130662928548598,4.86441331256761e-05,3.19123488938053e-05,0.0240527800627066,0.0850842413295232,0.00865839260499121,0.159107578723438,0.0409269105702862,7.68480607186202e-05,0.039211508184684,0.0781940855929569,0.0616963908988069,0.00583774592315057,0.000449619442132058,0.00198680259288907,0.0137944108595309,0.0034359656206917,0.00173939376137527,0.0014319933873534,0.0653017341915991,0.0566381881226679,0.0332547058540479,0.103736678352317,0.0553813649355148,0.0469673385764373,0.00767772138454771,0.030157957167684,0.05178395490501,0.00396413496051909,0.00173169130670149,0.00217967520156321,0.0141530016586511
0.000591749621590332,0.00150265338199844,1.38025386788311e-05,0.0654033938421239,0.123627117861769,0.00693030852040012,0.207338798557775,0.0686135026491796,0.00106453810612763,0.0254327342811569,0.138303542817687,0.0119787738190224,0.0343773890186151,0.000354509108183154,0.000746681793017526,0.0359850365668345,0.00197111837292969,0.0010075806073878,1.15238640563303e-05,0.00195179584630748,0.0891588796611319,0.0285814027930819,0.0829519478389832,0.00601962387969748,0.0426113092535979,9.58057680769661e-06,0.00176422114039445,0.00487212522784383,5.39610277637547e-05,0.000647888544381851,0.00242495495202836,0.0136975539294469
0.000219157707466005,0.00112244406245573,0.000219227169980197,0.0420520675254819,0.145879287534589,0.00160550061022267,0.16435146492964,0.0420217326260508,0.0237527633947761,0.0279367904951176,0.109783011578041,0.0519690198645137,0.0369167317577524,0.000779157426792079,0.00109249983064444,0.0692498953267091,0.00456445594616319,0.000161558630619273,0.00229500184679357,0.0300816913949588,0.0113714095258843,0.0723362840800275,0.0348813483029835,0.0318219659639036,0.0230198179241231,0.00216692254796161,0.00642425360284413,0.0492976187764724,0.00224292025998972,0.000752659875295423,0.00109618892130015,0.00853515056044693
0.000241083405465323,0.00174360030019964,9.37456552415642e-06,0.0353295204607451,0.126642473869211,0.003018409131106,0.167404690226829,0.0394654761581289,0.0109253384661391,0.0167107608842731,0.0734772241769347,0.00698781363591797,0.0178918789450061,0.000149933694064128,0.000243188718541653,0.0503820002157727,0.00197889044689759,7.74303461704996e-06,0.000583843682004826,0.0163894706037238,0.0146661735532392,0.0236780839114585,0.314137005351849,0.022564689314184,0.0415960232361808,0.000729138954406346,0.0012702408175819,0.00427035452135667,0.000924090004916884,0.000526598688124358,7.90276471308677e-05,0.00597585937847008
0.00150210507279168,5.68208307514324e-05,6.47951172106912e-05,0.0291444476605089,0.0593988317972579,0.00246797630065619,0.0998151058575278,0.0365472629547719,0.00109641102377062,0.0223433243337597,0.0739273265812034,0.0233055367383967,0.0083884339805483,0.000234640540519509,0.00206245722505728,0.00687178141697658,0.00239940342357382,0.00242414432168149,0.000116781862853907,0.0326172678571662,0.0570035861158945,0.0337919106269862,0.0885529530526569,0.321744357687405,0.0251675906759855,0.00474419885029369,0.0294015121752331,0.0197940145623625,0.00199882822639572,0.00123627341002127,0.0028365083846127,0.00894341133516887
0.00115692797057269,0.00164961703943357,0.0101342565099441,0.041641611143753,0.149489387653482,0.00266593276174574,0.187025542837217,0.108822403500383,0.00865601755086041,0.0363037911301544,0.076292091636137,0.0905017733475374,0.0344199744064532,0.00017635895102048,4.51578516340196e-05,0.0127952817916203,0.000913029322156896,0.000423216087655566,0.00119406778686029,0.00220184618427111,0.00932680441918882,0.0236926647226147,0.0405170633371412,0.00760640101045283,0.0508942587193006,0.00290522587952848,0.000450839304543258,0.067114164788561,0.000432614956613163,7.16728103179119e-05,0.001311242235589,0.0291687623532571
0.000116695129825291,0.000387105880520523,0.000108861752861012,0.0210218530632726,0.0735372430129269,0.00397094959704716,0.12253675813223,0.0145920179142177,0.00192383923184524,0.0111337239941728,0.144031392752216,0.12975999326428,0.0952660294333691,0.000704228210114719,0.00131994292878923,0.0235663154966645,0.000165243511861821,0.000296698272427068,0.00529218601957439,0.0413398187974355,0.00879253552120901,0.00641962817745362,0.0105882211261687,0.0313841118163057,0.00334985489577505,0.150525487562835,0.0183459967681238,0.0739034554257383,0.00133689770511511,0.000443024918803658,0.000457332935729155,0.00338255675109055
0.000818640240006448,0.000224870792488363,5.70025252489162e-07,0.0195585282755848,0.0622105498058469,0.0058103146057722,0.127130708981475,0.00909679492336536,0.00753724375994622,0.0109766892865466,0.144096653804637,0.0798545985356982,0.0722946614777029,0.00107144987668179,0.000242666582255764,0.0307424698309825,0.00119735407323528,5.05271182740123e-05,0.00564270152976871,0.0493945418026197,0.0365113554794755,0.0305555328185211,0.0543068214059363,0.0460143104947334,0.0177121462181363,0.0163284068181909,0.114389169639874,0.0494367485064368,0.00088287891856195,0.000458707622228366,0.00187022650851735,0.0035811602412485
0.00320921056902344,0.0109562520666123,0.00790377333600142,0.0731377414219253,0.110585003233262,0.000519006837062579,0.0592908189950175,0.128779621872355,0.0443122240024845,0.0152286504150987,0.00046812959921305,0.104268118163347,0.00877664596161999,0.00777310284424195,0.0233507311594732,0.0145728534161701,0.00746438777772267,0.00390274289794691,0.00527900540780081,0.00501078840370947,0.0115629565997499,0.03457687574864,0.110259476788564,0.00990574293934918,0.0318813092511404,0.006844834935876,0.0112440278432793,0.125505469703162,0.00755379015731934,0.00173327243042158,0.00543775922776348,0.00870567599464577
0.0022111952996395,0.000712150686874427,1.11493134601774e-05,0.0513209500969849,0.0375162711692462,0.0123098495773682,0.0647977664942984,0.0406883332997098,0.0106988778157645,0.027579818105956,0.108272485413274,0.0146093484185296,0.0138040746439181,0.0022602009708487,0.00563183001953473,0.0229156289123643,0.00269138661738854,0.000696753385278995,0.00128819217757488,0.0173317022643029,0.0613363344339767,0.0600229045357891,0.139731774237022,0.0274037238202131,0.0710343843120717,0.00875125525473283,0.0151974572422388,0.0160637863080821,0.143691800727651,0.000522365957094798,0.00237579221442157,0.0165204562743894
0.00103281321029112,0.0011451049283119,0.00270947431483577,0.0726673814699906,0.12204672941398,0.00401703836674084,0.17454545551559,0.116110832902261,0.00583898182578154,0.0542645320089885,0.116667404878444,0.0851422992309819,0.0237781445030971,9.3591098195027e-05,0.000683806078298236,0.011308783263219,0.00172406137700646,0.000423026297697495,0.00516007313425132,0.0042865488021132,0.00889999093244067,0.00744730025701026,0.0143614476937557,0.00861452956205951,0.0157294925285952,0.00679960404871003,0.00275512590014888,0.0604913785034056,0.00283305903441602,0.0589086567972035,0.00182567531957543,0.00768765680260488
0.00508102659834104,0.00191129918259904,0.00138092303155185,0.0311016100622811,0.0583300120247128,0.00354720645400224,0.0822732671594241,0.0570089638460827,0.00107610459662643,0.0115903825161669,0.0667833076645619,0.136583728535118,0.0595082750746669,0.00137540684519663,0.000730031532789788,0.00631147912020316,0.00667654138056696,0.00336000460182325,0.011220497043478,0.00568215805213648,0.0443636604628918,0.00521976217609292,0.0483363701289346,0.0231308597051298,0.0481947881056815,0.0285444829158296,0.0234016873342521,0.0673279332677494,0.00337273390527238,0.00218930027425256,0.129186315028999,0.0251998813725853
1.02836496172837e-05,0.000185625422744376,0.00423482307705869,0.0263224688674326,0.0675459567506155,0.000928083299380144,0.0944607961524293,0.035789019129447,0.00244820381334958,0.0282106965203421,0.106626699048857,0.113161126333156,0.051679856030831,9.21860379352836e-05,0.000196200716165813,0.01549258628845,0.00020358320279455,0.000148680760672521,0.000220254486456558,0.00337088296350052,0.016174791397607,0.0177644278301256,0.0475063596181342,0.00704344157291486,0.0639936580324393,0.000844507093974165,0.000342272046691455,0.0788719825458067,0.000593626848838328,7.01994957386193e-06,0.000497917338959848,0.215031983173699
