0.670721119626516,0.00101499367983706,0.00197839026539752,0.0591533794823437,0.00805489080866718,0.014578228771999,0.00692590246692017,0.00923919328632872,0.0103945253522308,0.0442239253654613,0.00591194953984223,0.0221053344186203,0.0220051821883384,0.000497121663658357,0.00901089030444704,0.0111047059454814,0.0126031422833973,0.000337414589313591,7.52271307893986e-05,0.0142762765263167,0.0113917649975989,0.000852976065234164,0.00672617832071439,0.00249748579922386,0.00130514567875016,0.00350773572344579,0.00444227025766358,0.0204536018418167,0.00275628807746194,0.000577931099267774,0.000122043536736241,0.0211547849061801
0.0104942906055054,0.57566006724405,0.0232852506735639,0.10287868879321,0.0119588617676726,0.00883373245783108,0.0114499761567504,0.0220638881608167,0.0397988790865852,0.0600280488259819,0.00325368147497953,0.0119933880309426,0.00145836276663308,1.80008599251572e-06,0.00970784457691685,0.00576682942460848,0.000685330142712083,0.0129938022998845,0.000621448072753738,0.00713631939120228,0.000518273729280943,0.00711105039467919,0.00183475957797299,0.00532186452379606,0.00987354248215088,0.00394696865024224,0.00109400244230441,0.0173620955178338,0.00692293875626523,0.000339296075147063,0.00597807600591239,0.0196266418058215
0.00446525685039292,0.0184114882926241,0.780205211604984,0.0174783969070047,0.0102648794412144,0.0156404777881075,0.0162158721483627,0.00606195571581979,0.0115942220615749,0.0337611668015986,0.0116647977142878,0.0112978185948282,0.00158960327934078,0.00068606292084995,0.00564645452577476,0.000187259727407033,0.0031852143078675,7.55361552114419e-05,0.000588589018381273,0.00952312682165427,0.000237506478682342,0.00193258446695455,9.39319667743205e-05,0.000193131828962275,0.00406118577546195,2.06899827670478e-05,0.000970840060287821,0.0123836346100527,0.00868879178753781,0.00208570977886412,0.00781861414103055,0.00296998844533807
0.00445587507765966,0.00145791485783114,0.00940246838253472,0.795983881153555,0.000742401817122197,0.00250577135198546,0.000854203765316289,0.00778339694848803,0.00345364231400706,0.0800985468961544,0.0134590895146917,0.0181802805794461,0.00725429035839358,0.0032268754230725,0.00226778219900298,0.00056769980755184,0.00455439721543966,0.000525268341932687,0.00252700971017206,0.000874099348422773,0.00289235257215416,0.000510661073034947,0.00297143912123066,0.00943929632176845,0.00409849974594183,0.00582140028912402,0.000730407037500346,0.00624664520564789,0.00593261124143131,0.00047289849803668,0.000122621472387393,0.000586272358963157
0.00200555172771225,0.00321762952165173,6.97384658648392e-05,0.0747750503796325,0.226020977804951,0.0612337735868701,0.242871481830488,0.00166277841827577,0.0276477021870985,0.116406348456925,0.0345913775159431,0.0073786252481668,0.0408974184442459,0.00234164835723509,0.00947261828525847,0.0823479066453843,0.0143487289858688,0.00144089304837165,0.00559527316083197,0.000664678956439576,0.000198988178051576,0.00252332545617988,0.00175837895808843,0.00125346354197273,0.00763663274682984,0.00279024310252383,0.00742203518237689,0.004468130797601,0.0122632371995522,0.00355683665732145,0.000216647992892887,0.000921879159394593
0.0222743510566771,0.000991416049750459,0.00656601408601319,0.0530720585969806,0.0485478125939253,0.604959209371058,0.0281010903150297,0.00602909271150797,0.00638308632243172,0.116785443979931,0.0129819955486366,0.00771078692933688,0.0132733399897969,0.00255427603222764,0.00465485040278009,0.0198058997002947,0.00481069812902267,0.00175443901443562,0.000150864350144558,0.00593729217880203,0.00188421496798485,0.0021291086194344,0.000298304501382858,0.00148811543094004,0.00116808588385994,0.00333601706437502,0.00485968624342098,0.00455201282424046,0.00881159574363037,0.000130046454837568,0.00333906011886039,0.000659734788250019
0.00231574539279208,0.00116869346842411,0.000177256518878376,0.00466379836879847,0.0504928651953348,0.00599229498310021,0.841432648285269,0.00707290106233271,0.0256343247525934,0.00105410251610444,0.00448291284809347,0.00372472852161658,0.00936215455634791,0.00220468785101196,0.000379812271377637,0.0139238223901153,0.00223062248380386,0.000185086571705323,0.00153586645681093,0.00131952970953255,0.00040488337274577,0.00186859094879473,0.00199812706356039,0.000304134463497413,0.000671065680508383,0.00118663200758869,0.00286125926071993,0.00153176217547601,0.00106078682991167,0.00348149718131511,0.00475261520400059,0.000524791607837679
0.00291891589268605,0.00127063532030238,0.00841289448864407,0.00553748245870742,0.00118904890712407,0.0473506053286404,0.00270312890194846,0.75171305258505,0.00728263454356838,0.0318666205299319,0.0143224230115205,0.0253745074858312,0.00789946077673173,0.00591970091535007,0.00338634076725529,0.00562135206749299,0.0128431018643833,0.000764865919044117,0.0032026272564601,0.000713318809288948,0.00381878118234665,0.000206984649899289,0.00545001975303317,0.00860603122136643,0.00120652651296232,0.00136209768512337,0.00393931997744211,0.019600993638837,0.0109259837837808,1.11708103238108e-05,0.0032468974163072,0.00133247553861645
0.00910085482739714,0.000285868889737925,0.000508280749988607,0.0255383948266841,0.0428351012530087,0.00769201454333401,0.224151964410987,0.0084588693255039,0.518221396450378,0.0342352871450372,0.00963940348960927,0.00899704029168042,0.015858517042761,0.00057651871415956,0.01023157514876,0.0315751989091928,0.00491414276679614,0.00428481782353746,0.00165294134120431,0.000172222527288942,0.00313921548969101,0.00113381112005303,0.0090653038282179,0.00550486674544097,0.00178029160354796,4.83345020828871e-05,0.00569896310459812,0.00900060821712201,0.00284911459055507,0.000899730218429972,0.00157728628660187,0.000372063816612924
0.00429131012623942,0.00222613694092836,0.00984461241922743,0.0537921864897629,0.0104481036049229,0.0105649834156134,0.0180292283690628,0.0198970207974813,0.0102778453211597,0.738036707186924,0.00688232122356152,0.00866103796202145,0.0190954339397065,0.00595748217362645,0.00251852340353786,0.00290218867362935,0.000294455951251252,0.00284205283052552,0.0062599448158104,0.00105660833552496,0.000682153557510726,0.00425109592925152,0.0022369013575439,0.0119484848890894,0.0184948846958837,0.0110228308958052,0.00112807622660056,0.000908114393237657,0.00837882666796466,0.00471468054339797,0.00143964148133765,0.000916125381859376
0.00031705041420333,0.00100952484309031,0.00362615351029456,0.0102394743788866,0.00273673399340826,0.00814669652026365,0.0131922427712687,0.0026625487604285,0.000316794603447788,0.0712326538665506,0.793613324518806,0.0164884823579616,0.013568998177868,4.84791545704616e-05,0.00281312523201734,0.00448205199404927,0.000548068253324875,0.0018365204574606,0.000813020732368406,0.00172683949566829,0.000940932199395892,0.00279821543090066,0.00115333106337319,0.00512147293492451,0.00091251760275985,0.00436544343821666,0.00116184036822722,0.0295482278108895,0.000117974698438583,0.0042136714714605,0.000202600284223739,4.4988661253023e-05
0.000286824966601174,0.00012020455211293,0.000617031016837498,0.113320848543185,0.0255465508822768,0.000653288994741239,0.00728832438530774,0.0353922461897345,0.0166649783478093,0.042491692226314,0.00134923742760101,0.576896578089745,0.0111055211087427,0.00071483805140151,0.0227016006478904,0.00379968427499959,0.00212328903608548,0.000654879656984811,0.00299095878829394,0.00148598787811316,0.00300918032970786,0.0126998684616796,0.0127726045469453,0.00407132994160706,0.00235357286349287,0.00706050250573277,0.00134952434262915,0.0754311693768871,0.0105591132141617,0.000471423875264318,0.00319123183830391,0.000825913638810724
0.00457403867488436,0.000541975638290423,0.00253079681912634,0.00854837176214763,0.00251383733837827,0.00226074885345434,0.0140902826212048,0.000946261057455665,0.00276821165621455,0.000896279503979755,0.0492674113329374,0.0549123098626451,0.776879590016228,0.000345173347367456,0.00218195320277094,0.00275817370563581,0.000822045068824472,0.00530018409414733,7.62851646135538e-05,0.00407394300339612,0.0017721650847289,0.00582211353354711,0.00129899559476526,5.58620822546402e-05,0.000922854017928847,0.0117139261417864,5.58060453238507e-06,0.0236154485521893,0.00721180858739684,0.00104312687085582,0.00965372014610709,0.000596526060204934
0.000602234841013296,0.000977259951092757,0.000787088203870944,0.0551303924918965,0.00556411503683251,0.00844506981137977,0.0213470535620239,0.0153435184508981,0.00223317070345743,0.0184101740012224,0.00551869450756707,0.0432384591061144,0.0187037086851791,0.686248856327949,0.0139192322973929,0.00588708145082221,0.00318819440513612,0.000855686699229563,0.000914715091796747,0.00913010889252228,0.0097580825099068,0.00105776245946032,0.00172941352010441,0.00201014201331815,0.00191918042375595,0.00220635964853491,0.0114641349519653,0.0113565653386194,0.0341693448268255,0.00440389934846091,0.00173311118807893,0.00174718925357248
0.00136510981422003,0.000465872243787356,0.000519039188407273,0.0569122947596044,0.0242804621030237,0.000923026229437809,0.00754218284365267,0.0162462918817691,0.00491658703856988,0.0286724016525532,0.0135575564314476,0.0356454843969367,0.00455692560111088,0.00318451220103495,0.753279552476815,0.000502500840314993,0.00045351483871675,0.00211428239161697,0.00105632213314582,0.00156506610690682,0.00188153913270481,0.00479973668072386,0.00433942216490443,0.00413450764471754,0.00097666473527715,0.0101124814825998,0.000939772692569292,0.0040119039187726,0.00247435325561016,0.00109710563803776,0.00665681654323438,0.000816710937776881
0.00113131397221919,0.000596439970167596,0.00189002528313025,0.00744711014800285,0.00201504920987706,0.00797772360709557,0.0545387971477296,0.00663281922459715,0.011580092863553,0.0102144303886323,0.00548914647259033,0.0111108900005756,0.0232502017312731,0.00249307731977963,0.0123595417343181,0.762016103268379,0.00101808627534117,0.00733920720461932,0.00104313296601075,0.00154732490896585,0.00249105467027201,0.0007692058712928,0.00935258373602823,0.00906614857593478,0.00145948404207003,0.00504756376467073,0.00562112450170568,0.0207375443692004,0.0067106739967633,0.00116708880138333,0.00568647230632114,0.000200541667500049
0.0233276880533824,0.00022612846716749,0.000102909339199329,0.129936721901015,0.00842332672692923,0.000311232152248297,0.00160698614350362,0.0180388344114336,0.00781613901122146,0.112830217653698,0.0161904638635712,0.00520403790189259,0.000657958865335888,0.000905216104290138,1.53143457179936e-05,0.00229845698085392,0.621725090213453,0.000160310389951033,0.00158393662380838,0.000220880681130181,0.00276749044596349,0.00169401384315603,0.00403766258510742,0.00112968710122292,0.00156513682660761,0.00165017963384618,0.000934742912085735,0.00769837925484668,0.0002907995206546,0.00417553972898103,0.00319485202230509,0.0192796662954214
0.0218300584369564,0.00705677589346499,0.000753918548185188,0.0575795899864305,0.0754662384792427,0.00128224154572244,0.0290625935733656,0.00673910952940251,0.0745933867382525,0.0602262793852051,0.0104759885072805,0.00382361042774343,0.00622225704875042,0.000162860787568819,0.00582326882724163,0.00512823281157485,0.0181654984979656,0.517824967681065,0.00134804413077149,0.00879403883329881,0.0103058449058529,0.00259503066557463,0.0473687218424142,0.00469915802396929,0.00238760461661643,0.00541606791301858,0.000356970676204698,0.00379237337837016,0.00776059899946031,0.000817144869515249,0.000579967453621848,0.00156155698589264
0.00129755008553351,0.00115281104154389,0.000475998630699047,0.0555276148900688,0.00989900214405643,0.0046014486242991,0.00289798346573548,0.0230260951884909,0.00120832174917264,0.0607709793838937,0.0232915637976827,0.015890910460662,0.00162472362581724,0.00545976933199378,0.00422853114735236,0.0109946364834356,0.00332980745300198,0.000753061248548527,0.697498131997299,0.00349401122262292,0.0140393470059722,0.000301341665483775,0.020613088033657,0.00293312661114206,0.00131225268239027,0.00629745067954922,0.00896935828571166,0.00608055831224907,0.000885634905152915,0.00826125697653473,0.00152511141175088,0.001358521458497
0.00247932328506716,0.00311711927701177,0.00168776023151413,0.017526576210805,0.000109542151902567,0.00103865829332644,0.00415813058162122,0.000455024922628193,0.0131343953656752,0.0114171397237341,0.00144283691602915,0.010075302323668,0.00200221715296289,0.00396109842953031,0.00588857930714681,0.00149184679588947,0.0155003703722229,0.00647625296299236,0.0159410469720283,0.758614464858588,0.025028599631435,0.0118899427519265,0.0172712848813749,0.0124542628165486,0.00262907808430763,0.0255147093646724,0.000971664425887161,0.00491061113067452,0.00510160999229965,0.000276662849334336,0.00186790880549615,0.0155659791316994
0.00018646025052104,0.000149224899867244,0.000336887802045753,0.0594784120103453,0.0202946448281912,0.000364223501969048,0.0449991680158581,0.00644486798432733,0.0244174815745782,0.0465716787414568,0.00751179166553478,0.000930222724930431,0.000692913207390942,0.000587170700763904,0.00429161568733979,0.0301061832669435,0.00167830177542863,0.00504108819195403,0.00119764513062325,0.0160435186711351,0.618199187776238,0.00841894413705062,0.00141213104771127,0.0390633809989448,0.0197426331326212,0.00899227686469967,0.000428785639743308,0.00037155273907758,0.00476691896162941,0.00277555100087378,0.00403656756931449,0.0204685695008918
0.00477479908114719,0.0002220682477248,0.000223450108499401,0.00968338664253057,0.0283030611294257,0.00894113416480888,0.00218948474801412,8.2710033022812e-06,0.00965084541822261,0.00228706923560465,0.000124058879590699,0.0141985205731372,0.0155727163008122,0.000311678128346866,0.000385035863916305,0.000123963564259068,0.0127380769972489,0.00975444841964303,0.0139368597951372,0.0212397598536981,0.00673966502843054,0.791621735000239,0.00288495274673172,0.0013174944862761,0.0161485202632474,0.00379307314728346,0.00279635542236144,0.0148931640351559,0.000885516160709164,0.000600061393357245,0.00133156317966449,0.00231921098147366
1.84062152362428e-05,0.000226861970115538,0.00478948276426672,0.00586137697265973,0.00766139592005268,0.00370984444216492,0.0191221424563236,0.00184582909796882,0.0472962918484934,0.00775719815628927,0.00202163792079639,0.0125956738379817,0.00160914713546912,0.000568158279288847,0.00178984979756986,0.017848872231521,0.000143215426024971,0.00158948984277047,0.00239327446630249,0.0037602079585476,0.0216972972245381,0.0253733184013966,0.742024502410045,0.00047512151627805,0.0311171383900953,0.000420149475155661,9.24309607705044e-05,0.0117931199634218,0.0066464385005515,0.00296294267177196,0.00672986246891961,0.00805932127721253
0.000111111414402433,0.000832382934380543,2.57791997375114e-05,0.0995051951993313,0.0440422279464539,0.00114542034803925,0.0221137360131066,0.0153947003961537,0.0394805433279413,0.0377658778369706,0.0105251545780063,0.00351133119512719,0.00381088173785108,0.00024318909870481,0.00103442143219644,0.000480003886573879,0.000644609955183211,0.000117326118286741,0.00175324946054316,0.00132153421786791,0.0326754477008813,0.00657700570592359,0.0121094228014403,0.602594890109416,0.027168427408639,0.00292556012011848,0.00400914128698117,0.00446060622426388,0.00415176422935337,0.000264796282768221,0.0154475393841594,0.00375672244919717
0.0241574256443766,0.000842037276225815,0.000663710164864519,0.100509090705767,0.0302284265451494,0.00180419887905339,0.0857298947946576,0.0125278472028615,0.0129892367080341,0.0260997824119501,0.00371063450605736,0.00674468406303553,0.0048928630751255,0.000130175876591068,0.00276241921261113,0.029523577360289,0.0175027771372102,0.00530239518756122,0.00327164507865205,0.00432044689158826,0.000443781477466265,0.0151899467739526,0.00699322824019952,0.0102756199395468,0.576233043655544,0.00146545274840292,0.00162377589621422,0.00263920185668022,0.00556000106362266,0.00096642252535914,0.000949544022233474,0.00394671307911645
0.00121834814056921,0.00023183365419858,0.00176666944696163,0.00271546887671519,0.00807476503150169,0.00181063430557634,0.0494610001353381,0.00255575956745488,0.0470637624314354,0.00381686679832515,0.000430100850604421,0.0438859723881613,0.00158469535094691,0.000735370632617178,2.81586805196877e-05,0.00167135871145328,0.014592691119856,0.0016198222607847,0.0084221452109123,0.00554862073847487,0.0357844174436933,0.0114070726007542,0.0392035092684219,0.0211794849363532,0.000213950470873183,0.566336505883299,0.0215792185870551,0.0915095117898645,2.08689492270503e-05,0.00203964207496686,0.00137188763372785,0.0121198860293574
7.60222974536373e-05,0.000875485435046727,0.00132164769812175,0.0769219181116944,0.00899442342572649,0.00418965057765649,0.0175213208776468,0.0303754819291585,0.0062294461206944,0.0467014407769652,0.00882657029078824,0.0300755284367989,0.00118145396918425,0.00385326244149669,0.00496271991132033,0.0325362271282523,0.00476545445765882,0.000338344872313249,0.00705478932733506,0.00354643296436575,0.0105154559181362,0.013769111449889,0.00309794770537838,0.00180426339539159,0.0029629805729011,0.00819532201302956,0.592747568018264,0.0198574721563414,0.0267820904086468,0.000396704420583907,0.0289623653798211,0.000561097511939183
0.000745551037600727,0.000346973364075141,0.00121810338595257,0.0952960905001983,0.00562740176863737,0.00264258479565032,0.00518403887332421,0.0301972904985152,0.00227766421282928,0.032116637512406,0.0120429249580188,0.00404202658749059,0.02855390385771,0.00830821565709981,0.00883939895092589,0.00331795323725088,0.0088119464644841,0.00183082089143213,0.00132111631041704,0.00741260221544725,0.000612786148758858,0.0223267801166989,0.0222034795150978,0.00802565020255769,0.000379852255598273,0.0372172006216075,0.00304347286170656,0.619222089239683,0.0208009504300402,0.00238220537396597,0.00245699575272208,0.00119529240209714
0.000115231602618456,0.000148399646979095,0.00125561589477662,0.1085882320868,0.0717555589331859,0.00366842915687021,0.0406109166925568,0.0335874416317111,0.0347088058826286,0.0413520829520026,0.00281452204599056,0.0316989291551717,0.00149468242596032,0.00184357125812553,0.0147761217324639,0.000170940597284493,0.00289182370109386,0.000267301062273518,0.00025420911064071,0.00333174999187964,0.0140466753562344,0.00037284275675044,0.0023967532870118,0.000375834449662478,0.0105552202838011,0.00616951930866345,0.00865777262757072,0.0363171923927297,0.484250979034693,0.000765444441171441,0.0365383288608528,0.00421887163984537
0.00827561759429529,0.000231067971703785,0.00145321127403426,0.0174564847672098,0.0646063260928918,0.014063994772486,0.15866794331496,0.0214259763062428,0.0241431987735136,0.000593437238127892,0.0015605960791024,0.0017468269598846,0.00126014769032887,0.00349842163379884,0.00263877339259135,0.0159352977496467,0.0246120337051738,0.000358545534130695,0.00159850092382896,0.000519529746534213,0.000763691715057025,0.00135877859750336,0.000336196805255974,0.00113280665547754,0.00890536670372896,0.000848465291409604,0.00740644625232332,0.00396946912222924,0.00433489063288411,0.587748204805091,0.0178830047266334,0.000666747171920563
5.4339725355575e-05,5.92161873056725e-05,0.000337194279861914,0.052345738438207,0.0434483655603867,0.00163556851178024,0.00577708181226217,0.0324098320693612,0.0330653009542002,0.00281684695306879,0.00215686894786007,0.0318619734774456,0.000981423776827482,0.000572489015655745,0.0191910588466417,0.000733795828749238,0.00426719951701992,0.000392587870040692,0.000263944228859648,0.00757552451791673,0.00668709045146416,0.00126024639691148,0.000241796456322401,0.002612450754443,0.0189658060213212,0.00925197725568585,0.0145864893261936,0.0309094473597688,0.0054007817525724,0.00570658146304988,0.660392508291044,0.00403847395241691
0.00371935652318772,0.000427086772879049,0.000258880388704866,0.0291351022123034,0.000264422176223027,0.00255342014992794,0.0286125795897321,0.0121499010078618,0.00523817334740266,0.0136757897518896,0.00325073336650002,0.0123035068407826,0.000871554679585155,0.00621727778792835,0.000637044667387893,0.0105497204500493,0.00101021217267058,0.000374044412234387,0.000326032052290191,0.00884931671122106,0.0119524189596914,0.00113639511426885,0.0112394260822729,0.0108039683616038,0.0134412871982823,0.005204878107945,0.000814504385773324,0.0263550064674164,0.00439308498708261,0.000625015749011373,0.0013499935550242,0.772259865970866
