0.162629349717428,0.000922405348031525,0.00327414771706688,0.00582881805162385,0.202940911150198,0.0658184273467192,0.0366003247858029,0.00848807585096098,0.144310561431989,0.0089754106407473,0.000965547990464659,0.114953490197686,0.00306961337939584,0.000989720220087231,0.000485112326727353,0.0196014326507207,0.00714836320618704,0.00279409445176217,0.00202333707374063,0.00185342658788341,0.0729012824277489,0.00860663596600443,0.0109883157286893,0.00041536170565335,0.0591218520622336,0.00067258191491805,0.000142548225535433,0.0288606577515007,0.00684300493041778,0.00103457156251741,0.010076129103552,0.00666448849600633
0.000166082370078087,0.392061490910271,0.0257995058047075,0.0233268150749721,0.0361121143232462,0.019569945356537,0.0479587649394977,0.0892377362015038,0.0142115983895637,0.000389368633087586,0.00794198523939623,0.0632909340750684,0.0227198871739494,0.0108008734044626,0.00575418741956225,0.00122345514679943,0.0139241361561062,0.00112821128947904,0.00466763600964771,0.00319434996028952,0.0687684762629879,4.86585566453466e-05,0.0438431876989088,0.00816936689111399,0.00834040405694252,0.000104990486198439,0.0010619657442157,0.00826886364474709,0.0402646676627687,0.00050715355285289,0.0031685093715794,0.0339746781928139
0.00623663549036871,0.0125547259008715,0.493975398611786,0.056306791383429,0.0132643692909796,0.0219935507457737,0.0552713784090147,0.0600418995075214,0.0178138655254199,0.00656292174998266,0.00169776648754884,0.0428978766319033,0.00102055225807311,0.00207225925679996,0.00138513641548201,0.0316808128294731,0.000284517286128906,0.00122496999803484,0.00856699943163067,0.00695416979417627,0.00710834108128229,0.00304583713895659,0.00497967413442388,0.00227152094724383,0.0138978998637567,0.00528980883135588,0.00231652592385074,0.102596355325456,0.0062820197950949,0.000281042592642318,0.00879254408090174,0.00133183328063648
0.00255955480719443,0.000546601911355656,0.00588301828127119,0.640782764403039,0.0746569655806135,0.0132410202029142,0.0189807753279964,0.0768170217439674,0.0805504134858842,0.000207049355723698,0.00894465315883028,0.00702239410216122,0.00101424726301422,0.00301332737185598,0.00249351876562741,0.00528435353092199,0.000169130165357424,0.0008209426141281,0.00361024713702719,0.000566620532908638,0.0173873832373451,0.000145092881567877,0.00525517336646726,0.00285847015649934,0.0123005630075342,0.00147621681178291,9.23848346529535e-05,0.00156830566555041,0.00736878663257182,0.00150940263912153,0.00156591798132473,0.00130768304378952
0.0051258248273383,0.00335084538469558,0.00234660896639262,0.0100416669579611,0.564918477420986,0.0646780312884495,0.0266105120695898,0.0286714707781745,0.0256602033018241,0.000926067499637362,0.0126274213982703,0.0265557839500104,0.0119949651441988,0.00290960980875356,0.00560562970511438,0.114538046152323,0.00245525119058306,0.00415879726139278,0.000188620192119473,0.00745074062011016,0.00745742113470628,0.00855952910970723,0.00384542397743887,0.00422716567907595,0.00449708092540847,0.00704160000799635,0.000888873672858108,0.0157513107396363,0.0181989456515558,0.00106995847099233,0.000891432606225374,0.00675668410647486
0.0386239645704131,0.00317231894793053,0.0137445810604513,0.0346822772224156,0.0187901785386831,0.505336179473173,0.0515085192179997,0.0849101869337116,0.0236767444739877,6.21098335745324e-05,0.00635214764306091,0.0307555420677156,0.00193438702509978,0.00214924857875716,0.00159210099950706,0.0192599782416638,0.00375101430144563,0.00325911415086729,0.0141007626589272,0.00231848466873681,0.0155209844013809,0.00603683807135654,0.0163466228258543,0.00187299701750279,0.0180835475352171,0.0142663002832507,0.0015698301199655,0.0472745614946695,0.0034486965740349,0.000994091490383308,0.00637270600111747,0.00823298357714516
0.00740159823773935,0.000745445787733949,0.00227769263940644,0.0318411132641321,0.0201620888429506,0.0108378255187538,0.725711484873676,0.0114952208538237,0.00162515551989853,0.000475828582250396,0.00703925235042773,0.0190273032497205,0.00908486004484969,0.00193655589094592,0.000669927596468022,0.0292696851406395,0.00134244570169227,0.00507788151258766,0.00217333752768324,0.0213190070020196,0.00605543003662435,0.00239957580722024,0.0064297827346492,0.0117983322641207,0.00844328868752708,0.00611499104124278,0.00543058720851117,0.00965527534900317,0.00230884755594374,0.00317812939985346,0.0118865905452744,0.0167854592326301
0.00105941116400931,0.00245329296117433,0.00277123887619273,0.0252696611701395,0.144458342822654,0.0701528060533174,0.0463928455653976,0.384742226636456,0.11321981114343,0.000517787494450647,0.0157516382911288,0.00490902799994435,0.00376635665580504,0.00891689702972286,0.0030150882388608,0.00505020209501218,0.00227430835810845,0.000428433735840812,0.0116244863210228,0.00107399094232882,0.0503182607219244,0.00609501316762642,0.00909676997661753,0.00238593532796763,0.0145182013972633,0.0060468034739071,0.00035379109629267,0.0112263103338603,0.0242281147949536,0.00514821926309981,0.014137849255962,0.00859687763552811
0.00629477558027377,0.00533314837442648,0.00519556254080684,0.0761167469864236,0.107054618282669,0.0285682539346008,0.168335455471962,0.0414483425632438,0.380496797113991,0.00119107069574896,0.000785657262701767,0.00229156707798844,0.000210814134536444,0.000302174115601298,0.00778514622212944,0.0271732176872534,0.00280510734396198,0.000466218621292329,0.00275590124627855,0.0395394389010831,0.00401531443707168,0.00131815376952225,0.00179688074859964,0.0238117588430087,0.00606297700851854,0.0184139293485888,0.00273104770369098,0.0125437004918066,0.010383873398055,0.000245227238026037,0.00439017335185514,0.0101369495042835
0.000446895101668118,0.00120520623363239,0.00281763325991317,0.00566692774726841,0.143300976624973,0.0500581344457659,0.00884138584105521,0.00489957446934266,0.0782891701522712,0.455430188672831,0.00980774978846537,0.000552685174028938,0.0250976545639216,0.000313237837624451,0.00258047153729163,0.0708811264916775,0.00455690141140758,0.0140484650020707,0.00479471393715738,0.0317456246497564,0.00709481399623483,0.00170930476789668,0.00778387610421643,0.00702378217126607,0.00507179126139297,0.0390332113358442,0.00953226055644022,0.00488646901683216,0.00031884743310259,0.000966692030338547,3.8669207443007e-05,0.00120555917686969
0.00413063866624601,0.000168747680674883,1.47275712329514e-05,0.0158551422331678,0.00388466721139613,0.0388273982540991,0.0439714310543226,0.000385488146187458,0.0277190370804923,0.00225337033161981,0.581312439418467,0.0508941189673759,0.0356912056984211,0.000566270873560087,0.000122702024396247,0.0511069731396025,0.00284275349218716,0.000672710628934418,0.00103735019830811,0.000645718749553083,0.0133764019753435,0.00481151640567554,0.00395519501616875,0.00189387610828551,0.0154628832207931,0.000529784685904553,0.000677473176987471,0.0874707606312114,0.00308702360083489,0.000392904806652877,0.00619969595588026,3.9592996018099e-05
0.00266033639258056,0.00251729318057775,0.0116977568472108,0.0174605440038399,0.0579003409050087,0.0272341933237849,0.00258911282812531,0.0036882668139829,0.063373674488872,0.0201388910871954,0.030212691519794,0.497929104384346,0.0353892740796592,0.00175365984516355,0.00718504103313348,0.00392533584140199,0.00504156568112025,0.00873763527802911,0.0100866994013704,0.00828489963422526,0.0373329017342227,0.00603279683761391,0.00248663194562621,0.0045881207096298,0.0530546863044957,0.0242021069913464,0.0114911906099169,0.0190199738949793,0.0195163525678529,0.000142612164456676,0.00394217485363945,0.000384134816798672
0.000769527324998386,0.00651012420360695,0.0119311568826908,0.0423823791824194,0.102835548049382,0.0243611377799056,0.0127481134355154,0.0597934464616154,0.1091388198207,0.00741967168804969,0.0158687842378372,0.0917005649718951,0.354439489804811,0.00355506578738334,0.00195496075705331,0.0153841146798932,0.00950068753956667,0.00341638071722889,0.0139808027225503,0.0150526718604864,0.0001500088234075,0.00715974554563417,6.54213608345943e-05,0.00246196407155053,0.0147295530532785,0.0120922867847354,0.00074853023564297,0.053235998743168,0.0009780388204092,0.00159911764224064,0.00102553213471809,0.00301035487679057
0.00797352235199619,0.00490229141860792,0.0169234176446082,0.0758886310571056,0.0271223299064057,0.00314114452088234,0.00930595334929903,0.068694388503799,0.00626533324617397,0.000119448699165774,0.0281167570045172,0.0297602466378572,0.026783463493919,0.422492763582332,0.0237507709978718,9.76290398781994e-05,0.000981997985938367,0.000874430906820893,0.00888001026643991,0.0169912929350068,0.0129336998885164,0.00137294635389011,0.000171785063424058,0.00373027236222731,0.000121317001846411,0.00781796539287331,0.0195959855104001,0.109849117015313,0.0502180736925274,0.00624734589255976,0.00742565750111065,0.00145001077668622
0.00199366369624659,0.000957380586516942,0.000131036704820031,0.0651377413033261,0.0197183942745572,0.0140106574978312,0.0545303058262589,0.0513274942899371,0.0224053861609847,0.00967886855237639,0.00290690323426269,0.019236286772163,0.0167594446548343,0.0195061650873086,0.489718216762202,0.041423931263156,0.0045840701266742,0.00154335501168963,0.00748741610182766,0.0255340014517419,0.0068582212949969,0.000586714449585411,0.00563884033815435,0.0134471321282202,0.00514977677532041,0.0265883737158923,0.0245204798798684,0.0163806468357005,0.0184136844130115,0.00693985350896852,0.00355304206488906,0.00333251523667763
0.00391733434037646,0.00695413496712847,0.00353771090576993,0.0129321506390683,0.00575874759940024,0.0425359615866113,0.075235631036289,0.0016868957334475,0.00225132963251405,4.31006664056611e-05,0.00284065842485024,0.00465491041829807,0.000737261927166976,0.000185384937092438,0.00608657107382691,0.705052747283993,0.00220106276184453,0.000828664387209255,0.00189368057904819,0.0192893942831049,0.00191165167283142,0.000722291716100377,0.00899696790340616,0.0315159030099514,0.00145470104102963,0.0019743135060401,0.00383321920866202,0.000268398121724939,0.00619628044034195,0.00184932495867477,0.0252702409025847,0.0173833743352076
0.00764328453220717,0.00416712006334825,4.60012567885914e-05,0.000761339876492867,0.135698294351158,0.0465410665862433,0.00767359311965009,0.00332722204937503,0.148132968338506,0.00697051204800482,0.000697914764292992,0.0816484237245896,0.00295461097249809,0.000513986787896247,0.00088883519295703,0.0293548521603002,0.265882145346653,0.0115719865932999,0.000421197480365713,0.00190997224614811,0.0860789010038698,0.0142063841999629,0.0266528067017604,0.0181957361508841,0.0652640971041029,0.000539998691630031,0.00535113466399957,0.0119527140440761,0.013960028865313,1.56008247481776e-05,0.000383337939433697,0.000593932319443378
0.00452829134111422,0.00255126920714567,0.00649474351126384,0.0152444360130429,0.0712593622476342,0.0137101360113927,0.0428526563041425,0.0422074081221046,0.0681172611612811,0.0102296287557695,0.00586386887472172,0.0324463178140932,0.0140197645737519,0.00111799619665982,0.00157622013729053,0.018122752255968,0.00699241231559913,0.423284409316252,0.0114505929673145,0.0351256797798884,0.0281284332714859,0.0232955351406527,0.00810736754228456,0.0235849995530804,0.0355983994040141,0.00493366499098116,0.0174151880304235,0.0262987729726038,0.00372374527628507,0.000185263753856797,0.00133698005890628,0.000196443098995121
0.000482839804649907,0.00318893189578311,0.00533229733533552,0.111751237570773,0.0712114817509921,0.000275416414271166,0.0119047148846485,0.0345091993401294,0.0692821514960521,0.00101019168396425,0.0188398155459165,0.00195984976343045,0.0513583238287822,0.00143829442292863,4.73613596623066e-05,0.0126500290813656,0.000352067092502104,0.0140295729491602,0.428603630184365,0.00413934758943303,0.0598445385103695,0.000405814397505425,0.0122048613844747,0.024710655720058,0.0132159391230252,0.000175903724401021,0.00386472702165418,0.0023751178735108,0.0281690033748017,0.00194644634728997,0.00369009161671409,0.00703014691204921
0.00444235703958296,0.00048752054706625,0.000229730736809515,2.91614000419343e-05,0.0117013741010965,0.000284374520845326,0.021109075716461,9.00914864560971e-05,0.00238428969502769,0.000228640391149182,0.00510048608515705,0.000243376301964003,0.0055784027884803,0.00269249395290181,0.00316834306893074,0.00307335656814192,0.00641972382850111,0.0030967551260818,0.0185470450551375,0.819945581824635,0.000113157994910672,0.0136184719875068,0.0113480391211426,0.00677102296857154,0.00224228389789083,0.0153841264215169,0.0181442088974284,0.0055109008935639,0.000143764865000368,0.000894299417285312,0.00670467297648506,0.0102728703242305
0.00532040661629816,0.000538973967176481,0.00159203629443453,0.00579828342782638,0.00153445453877964,0.00499052468661438,0.00164312234558295,0.00182837881139037,0.0504213490386169,0.00399108734437677,0.00258615833340655,0.0119212786751521,8.9148880599327e-05,0.0016709772320952,0.00243070979194454,0.030431892378166,0.000607222181030944,0.000876798634997687,0.00381283403785569,0.0928220578537584,0.512981307887429,0.00557970795373838,0.00865197980274012,0.079141380079996,0.00167932933604506,0.0225389777767759,0.0228349847017085,0.00926109632634666,0.0167464269869596,0.0176167860305864,0.0196195629475623,0.0584407651000085
0.00177520338214467,0.00108806129721132,0.00281639624004708,0.00835485610457478,0.00973236288412198,0.00574009405836838,0.00244705551474063,0.0139465620278745,0.00677276150971152,0.00396540580397507,0.00909056541484704,0.0296878940246582,0.00858691188816366,0.00284919236363156,0.000199662462181397,0.00869746008780225,0.00155608411623637,0.0101301314149115,0.000346630585464457,0.0327214527637919,0.0112847507338072,0.717862491893006,0.0100394372980513,0.0116913529710462,0.010119468931544,0.00631555922709887,0.00415734077400169,0.0259139936712181,0.0102948664596147,0.00495912863931646,0.023047899774271,0.00380896568256653
0.000605978981629164,0.00170109626422376,0.001482154852406,0.0108897870720277,0.0297229024992068,0.028896738041732,0.0209213899864612,0.0125702640772315,0.0125245594330893,0.00221976529025316,0.00446318708705592,0.0211168221603914,0.00185156801485501,0.00253419104858664,0.00770260239166806,0.0398547145851584,0.00376753994873578,0.00765686689180616,0.00167142878497784,0.0234633276725507,0.000421920131825415,0.00396346517614093,0.704222934868642,0.0102017907100146,0.00107440904480154,0.00516747218648545,0.000513833538913793,0.00401793085552202,0.00370833142018207,0.0113736276309509,0.0116510333289899,0.00806636602348462
0.0172107084642989,0.00151322900894908,0.000915384998755278,0.0127221299668114,0.0160989607174471,0.0116725709160703,0.0124024088544591,0.00934634385679576,0.0327277179669684,0.00140598533012074,0.0024280306087696,0.00888558722469147,0.00478850386331475,1.47725496256905e-05,0.00310018581527204,0.0138324572543509,0.0128636169273398,0.00146261294628391,0.0241642728112298,0.00805913699353858,0.00847513442037189,0.00203484227802006,0.00497617388803266,0.725553664774424,0.0220472380200164,0.00168218224490465,0.00970769677385762,0.00737546979735804,0.00331805275922115,0.000665026272098097,0.0142375593359243,0.00431234236067918
0.00152327897290158,0.000581104665459625,0.00934190330261515,0.0268898246084258,0.0597904688205201,0.0100418174338382,0.154774374321783,0.0321894883704138,0.0126635317159406,0.0205863457858572,0.000839214070820282,0.0145727430935491,0.007798349122985,0.00116841125300597,0.000367150816854684,0.00921286542510441,0.00135568304012461,0.00386210789251098,7.9981781074988e-05,0.0425938236700517,0.00942351212612511,0.00012715905581318,0.00450644237107121,0.0295992283547163,0.483835887877006,0.0158285226154713,0.00491043403057502,0.0080712703089512,0.0189108866867451,0.00314315596444787,0.000693529003483741,0.0107175034417573
0.00181659924840457,0.00143818790248343,0.000335157324513041,0.0043612170063976,0.00167455239943199,9.61134647076814e-05,0.00286710603211432,0.00365900152078057,0.0241511991374955,0.000361592788303131,0.00132407272126687,0.0121317998720035,0.00973159443354766,0.000975114108400149,0.00125917859239657,0.0360722943051423,0.00338347121684523,0.0026129833593428,0.00284528869618863,0.0107810742067889,0.00179629605380868,0.0170352624693415,0.00950342617735271,0.00148424075551832,0.000242768529197753,0.737730679915176,0.00672422096865788,0.0420192829985123,0.000926304658541136,0.0180212487622137,0.0352411100749812,0.00739756030014405
0.000295329257392023,0.012327523224098,0.00170517880223746,0.0560335510541896,0.00695196338610514,0.00964505632343632,0.0260691766890111,0.027390706384357,0.0115739354338523,0.0111677129274481,0.0124492048724076,0.0043959405164635,0.00260339462696945,0.00226089040840943,0.00552647441819136,0.0301872497653128,0.00641826356347616,0.0110125169647672,0.00111354605018897,0.0627916935140535,0.00111443725047488,0.013229477524221,0.0052452366874381,0.0365097875676958,0.0465217667408037,0.0146776319245383,0.536883631003292,0.0226611853973589,0.00311599196942138,0.00326089641955686,0.0147356505690592,0.000124998763773047
0.000565914408932628,0.00465254840341282,0.0197754132420671,0.00861451446720053,0.0818607108216092,0.016664601221929,0.0103407269715126,0.00502882067338504,0.0544217875392545,0.02028923556574,0.0443188939551164,0.0407954351541929,0.00632005434114104,0.00158180152398825,0.0150573273218493,0.000118082241407951,0.00813124786309894,0.00782838284921786,0.0167672766658878,0.0184805721465754,0.0235070275920685,0.00587315699241714,0.000870318432887827,0.000940182360571074,0.0573200993782976,0.0456115060938921,0.00356093066665097,0.456529262189202,0.0131802429759762,0.00445512965189193,0.0052743688406275,0.001264427447998
0.00152815345642761,7.87748995922375e-05,0.00202789612723758,0.0227771322462985,0.0237552795567663,0.0113908415848244,0.0372503297145064,0.00886704155817055,0.0258690984953457,0.0059481974756098,0.00460390514792283,0.00211545201739052,0.0403659466293661,0.00133456057010145,0.00224126448948527,0.0287803859574652,0.00175996819267134,0.000141773644551992,0.0017761115297426,0.00294130315666958,0.0214884365463628,0.000748345203620726,0.00932064692091774,0.0170086038998366,0.00226280757112928,0.00714906746580713,0.0326585859945258,0.0103380446408059,0.627465483078191,0.010377368252508,0.0351924205146296,0.000436773461519828
0.00556541915035052,0.000444224790338938,0.000523348371515939,0.00633057993269518,0.0993373185633214,0.0148853135999986,0.0509667812824163,0.00190057295758016,0.045444820393319,0.000237111942316815,0.00115286610143082,0.00435839545203438,0.000413267843348965,0.00369512199848654,0.000785489855127537,0.0128886572077596,0.00851718884977845,0.00376143440297955,0.0184093526712395,0.0441043969391067,0.00881393572276003,0.00262197605364683,0.00523479740095152,0.0178941946691032,0.00297728511711889,0.029903232377052,0.0315742817228675,0.00101076414266613,0.0228729345938362,0.514419735607205,0.0323141857971882,0.00664101449045966
0.00103890465304719,0.00022725296948338,0.00160932354895668,0.0416172441343235,0.0546500736719185,0.00319087865486896,0.0184534776868909,0.00634903943769246,0.00345479780363144,0.0028678267422577,0.0224370452186993,0.00377042212943861,0.107463619440712,9.37113286968164e-05,0.00164733968130162,0.0134934304018332,0.000133269348870061,0.00171701189830322,0.0009161895981438,0.0202741428252733,0.000170734285242083,0.00336383165397347,0.00176861742137555,0.0679744617807977,0.00506941062885399,0.000779975749440599,0.0716020213622276,0.000491273838712208,0.0551880552922619,0.029808724514111,0.457742537747947,0.000635354550713833
0.000237459006245427,0.0106819709492216,0.00189292340038455,0.0164995599371774,0.0395598884797867,0.019787593005609,0.00887740816075829,0.00748160042647328,0.0102791361831347,0.0138900666201363,0.00221147831244009,0.00178099532208126,2.30465733930046e-05,0.00408429804230768,0.00651371245233848,0.0141640873165982,0.000787689155622253,0.00643507644114238,0.000232051791735732,0.0163249596026136,0.0420824471549044,0.00224308423831797,0.0407198992117757,0.0208986746355521,0.0121132538394233,0.00473918027042156,0.00266069326607064,0.0065813382192534,0.00920635739644595,0.00311601118502035,0.0128840796206523,0.661009979782963
