0.27998446364906926,0.006975379737813402,0.002250802911298611,0.055637002662234564,0.024217566368770056,0.003924191411194934,0.012455193746918015,0.037439097473247245,0.07974175075396867,0.017672794191954867,0.006952509594076057,0.010318661509487922,0.004653487113683344,0.0008265655279464333,0.0052687699420903115,0.08362081578010436,0.012274799763192346,0.004605589438246712,0.003767897158325356,0.07303347432052985,0.03384672105263061,0.01627889853010386,0.05750061281440845,0.06445267124733266,0.02174244028775673,0.012969946413429766,0.005865888922815978,0.010616986399900167,0.0017566080883302223,0.0015531983030840607,0.0037610614910640505,0.044034153394990255
0.007733070302497841,0.31079816087559425,0.009156312172328911,0.0926808748073557,0.03801460681270204,0.03055613028121179,0.05730359064324613,0.08689609442132656,0.03286476743436256,0.018787237858651874,0.008990307251725801,0.007894342090262844,0.004851341067143667,0.0017153351294659997,0.002928366249590611,0.04582608619685973,0.006873598291122487,0.0027365802927802477,0.0018953093917441557,0.043940854106412644,0.01959070563898482,0.01739481463927857,0.03570723460089583,0.03477029758299328,0.0077413640287135104,0.010438529165127,0.007948592101202901,0.01111805482904451,0.002382580425022856,0.0012340040913472001,0.0020243851669756664,0.037206472054027155
0.006773146765706589,0.006564175073199467,0.4152543109802096,0.07469667711000821,0.03379208780517554,0.018408998739122065,0.026947588975060912,0.06399314432360971,0.03471525282658098,0.028346638613605004,0.012542580462201176,0.013781723661786668,0.0059728551736662,0.001261229575593973,0.003494309281062452,0.03077037880687071,0.0010967072173867778,0.003688820614279436,0.002281994863188511,0.04842890419082556,0.008035288502628711,0.011668774716616988,0.02892516950860911,0.055026809700035345,0.008359816206627145,0.015488636196725768,0.007534718604476921,0.011628374986381123,0.0025089761167462784,0.0021348456517429333,0.006499810430616234,0.009377254319652854
0.0030110418085287777,0.005364650717785944,0.0029031311447727335,0.1660428861231612,0.03463623202653947,0.029060939516387933,0.028530016553180923,0.20973206784182674,0.011937340994340878,0.10612336291466103,0.06271359201705241,0.0832374682227635,0.017180973035778122,0.0016253371545404487,0.03066019695310311,0.015423430095298967,0.0020728376981406613,0.0011243228942253848,0.0006534497605445665,0.04108999874187105,0.003464861949370112,0.004086063245462653,0.024204770610946,0.04030943322529264,0.006552068342668086,0.008980568888756578,0.003471338551846945,0.04687372380238028,0.0014370091983219443,0.0012262701277710427,0.0038660683324765774,0.002404547510202256
0.003791760772221323,0.0061374026474525336,0.002348150984487504,0.07090933044298992,0.34804098974333264,0.019925575450564188,0.01696941033423643,0.08997858787109081,0.04378081935517972,0.01548737295730431,0.007863272811527143,0.019726953496436002,0.006160095745542044,0.0057700421416658565,0.009719118565348232,0.04839416347882228,0.004565037058722634,0.0020299726522005367,0.0016625530205586336,0.06335465677427823,0.008604502518265623,0.0073427807139594325,0.04236333279336632,0.08089020523217925,0.020918861283236837,0.004046617387039967,0.0033549020523213225,0.02151105198214372,0.0025992743287143556,0.0007651515101147005,0.0013601496761438262,0.019627904218552664
0.004112727946495677,0.009299348403351,0.0034601900120594113,0.08561769234453466,0.047732185086679674,0.2560958467555324,0.01666761827865631,0.12902993131217866,0.03134550186965582,0.04041977541828861,0.02075360893264274,0.01781281814515281,0.011906212114312167,0.0042710269370488775,0.015432599098316969,0.024167993880614677,0.004670419716625455,0.0043394785649157105,0.002429697262277767,0.06903161899043742,0.005521873960060945,0.0085581106291072,0.03556272157775257,0.06586419012224758,0.02868319984854997,0.0079762833324646,0.0038218504182409435,0.010675558255822745,0.0017967171053207222,0.0017987547362797883,0.005517994259570188,0.02562645468480534
0.008067672036778833,0.02343913983414285,0.004314023738871412,0.07551977298786167,0.05909410907864406,0.022766766729668257,0.27189060541908255,0.09217076923331786,0.04179245893875056,0.012319996651366454,0.003909270688081667,0.02842654584044841,0.004376682254196211,0.0062136988283821,0.007532074029708111,0.047826086050834084,0.0044985159551322665,0.0047063477355844445,0.0021010174954589666,0.06068473852220196,0.008536221576561677,0.006913445831205723,0.03871651126944658,0.06771475971299797,0.0392678280908789,0.005967451647341166,0.0040321633740254105,0.02035822886031928,0.0020627836816336093,0.0008249364012851444,0.002402020589692445,0.02155335691609854
0.0031381429563211447,0.0033311081828855775,0.0025275480105791683,0.10949783620699347,0.016595593280024454,0.01835625785079883,0.028626945638533255,0.4279430131450771,0.007970933234172766,0.06858630978470043,0.0365801324953296,0.06376810409098584,0.015194910186015154,0.000971733551977512,0.028805318323936416,0.013341966787915133,0.0012650692070302052,0.0018012655472645445,0.0008961790450536465,0.03838934390499746,0.002841290838693317,0.0026444914104184333,0.017341528248169077,0.041092377415992636,0.0049632156671379,0.005955882809367144,0.002160791538555456,0.02657117791746438,0.0014283891937131583,0.0008249359596494117,0.0034563191516393797,0.0031318884186065463
0.006290665388736734,0.009824269340089934,0.0023026399824370445,0.03192775190567983,0.020970953528137045,0.007877501061351024,0.04444689240240266,0.026327007870672374,0.48566582958703225,0.014156379415165676,0.004348366529045878,0.02623505777122173,0.002431230712156556,0.001282934899710466,0.0031441338822391666,0.05395605020144709,0.005080089557765355,0.0075293988464252715,0.0031551731786240555,0.0500812508832952,0.0143243719019659,0.01026802730703551,0.02728933451104891,0.05815933686118381,0.010410739817408733,0.012213928501319133,0.004768374074447767,0.03531685718625014,0.0018982470763983443,0.001713075636135411,0.008140186307698367,0.008463943875471823
0.0013550494193067667,0.0046623132429952216,0.0013544653818417488,0.16109712292855827,0.029763715859002962,0.022948326574273436,0.029942521804404758,0.1715260757495976,0.010387006094226355,0.33337408791855094,0.029912414662486324,0.04386197381812708,0.01667094536552792,0.004636315128285667,0.025434962969505523,0.014196730495254356,0.0022187555780163143,0.0009939090195325722,0.0013377802430201702,0.017095180090298177,0.0028888236515105586,0.003020661213890155,0.009707475164850633,0.019659210531209077,0.003150721109521278,0.007631216572075845,0.0032021059143055672,0.022850240135044667,0.0006237232051862104,0.0010813506829807221,0.001797328627758475,0.001617490848853513
0.0028196899509185663,0.004228884893241401,0.005017985224049889,0.17123479316068335,0.047299064386332426,0.01755042714318852,0.046287320332053836,0.16057361513352436,0.014727321035008376,0.11165858570395996,0.1510565597008609,0.06640187719049653,0.011044076121427323,0.0037060104673575112,0.03590640738014449,0.014325365125106737,0.0019141971377995431,0.0016016213214316666,0.0019708369168486227,0.015175765590352944,0.0054017209893985445,0.0060091062053001555,0.024337805435800965,0.0187667284118275,0.004411274933352422,0.012898053247997322,0.003753978668190178,0.027971637793949275,0.0033482132830294775,0.0018245861719738468,0.0027920623603974112,0.003984428583994587
0.0036774031972196778,0.0029958594336250114,0.0015161211649411736,0.08393863761355186,0.01731200921149511,0.03713131136321083,0.03192782955399171,0.06043415193502563,0.025267563578840076,0.062120662016154675,0.023190137613112834,0.34506722426136593,0.018202552845638,0.005041634777821245,0.02295381738555191,0.023660927866050382,0.003371168359208206,0.0047216104060007775,0.0015463367415127,0.03945361018722022,0.013638376634464343,0.008771089774384124,0.03192612142141557,0.03226614837956232,0.009646969323588177,0.014277164965483202,0.006757895836157567,0.02835100942578085,0.013074566249879467,0.0062477902330511665,0.01027463965425752,0.011237658590436576
0.0035159526320419107,0.00736662859448924,0.0025695132216533335,0.05101944094717658,0.08235970721532997,0.023257191230049132,0.0892728253419107,0.03333999126735475,0.017791757124201276,0.03548963825541564,0.023498243611529333,0.037800103653136866,0.27397391109235714,0.005952050688720423,0.02620672786394281,0.030699921950873683,0.002608509328177147,0.0035616942507018185,0.0016696720519905224,0.040370911301072,0.016034814189010812,0.009741295560531967,0.03705310552815553,0.047737205839724434,0.020832184579125796,0.0070403622005495116,0.006339518921018334,0.022997898079322312,0.023875744774352944,0.0018687093075965718,0.007536963390368578,0.006617806008118044
0.002699013596790056,0.0052051613507143445,0.005381855446958378,0.08228296459928724,0.027422977609311068,0.0533904601254998,0.0193075692518441,0.14352651757769802,0.01449895374327733,0.020631071106774788,0.0246914131283813,0.023727532030096865,0.0151896874398094,0.3112277446063272,0.030328422454954478,0.013428737343608943,0.0009425061454846848,0.0012849464687042238,0.0012446364865294412,0.052170864615294306,0.008681146877159566,0.009116755178455664,0.022999883455232364,0.04178086805071268,0.006131718844694311,0.01396885512611492,0.006179375868455956,0.026191375803971427,0.002691480792607905,0.0030599557656977553,0.006516901460540745,0.004098647649009964
0.0035076935256603704,0.0016189937680067285,0.0013171609188860236,0.09267849676667841,0.05391229646040341,0.04614293741056026,0.0380915121634378,0.12100931070352201,0.016178473433426613,0.032366932502409414,0.02408247130510062,0.014863169653329499,0.016029895103315303,0.0011927884031819557,0.41379525033820663,0.010546773469133899,0.00203234053621163,0.0011065535207080664,0.0013483661855989333,0.012039361644977554,0.009244536089565322,0.004256186935496955,0.014297460132706444,0.017638644947416644,0.0075389833925652,0.007413792391579834,0.007107392562764345,0.01592998726436127,0.0069578575883037785,0.0014412675979124,0.002127565250524245,0.0021855480340477445
0.017681808569644734,0.022540185752271267,0.0021446076752425335,0.048201261714172,0.028616685644893964,0.007684205298594133,0.07778070192380374,0.043240439123506405,0.121376217805801,0.02215276722846378,0.009710860744295998,0.0354567633255922,0.005899453954171744,0.0039496794941330775,0.005276450615357555,0.2430443738609724,0.006440112676092467,0.007320677106571023,0.002768611317245456,0.05513089693629315,0.01867606083482007,0.008485082011043367,0.037597241301861664,0.052071827073266776,0.03964345895482227,0.017498253820258613,0.006325830236098956,0.01894547970678127,0.004160504663949355,0.003353898460011767,0.010956208865014989,0.01586939330495136
0.008177507330009368,0.0012353731543864196,0.0005288852118778094,0.05111209030395255,0.04851393529242018,0.006367114821369344,0.03972810714471525,0.03732776399634283,0.07449099194339869,0.01625692024224971,0.018461865767446364,0.011656827513303734,0.013246450485246832,0.0003459093745303086,0.006284184790321678,0.13684327573438818,0.28027005414313344,0.006175776156167023,0.003568969791049601,0.04529147143162754,0.019753543037751498,0.012455862493972111,0.01768214524970284,0.04597771495165557,0.03266156778650902,0.0061171324386141085,0.004436584286251332,0.0119989696986002,0.0014080571460528446,0.0025292701236985,0.003469692088276455,0.035625986070977875
0.005144604382312134,0.0032601994829457,0.0011778184997979777,0.019929335269650253,0.033685361954128364,0.01241419912874411,0.02758424386049608,0.02205724896663067,0.014118389150813435,0.010325052849675423,0.005373038677562521,0.009248867375877979,0.003924195665224744,0.0022358718092844333,0.008356746260153456,0.023457108854745178,0.0071160330009808325,0.3524243177248769,0.005540107949247273,0.13562486654041775,0.02531776422292017,0.007781963623225133,0.06684553345443645,0.10735950778885586,0.014098942501930337,0.026764592860913643,0.008967249517559854,0.015097769353428044,0.0019857150497674778,0.0022300340591839,0.004354913858557932,0.016198406305654802
0.0030322799909586065,0.002017589453676467,0.0014320604862556121,0.06923703303412986,0.0070111291690091665,0.024222452119365263,0.017389111510513366,0.08397365203936002,0.038022059427510566,0.018307448653453857,0.0100456952503696,0.0067821551990429555,0.005609572474115556,0.0027204574067640217,0.008605798603941485,0.015478409165039524,0.003511258777454334,0.0038533109151331437,0.45774080851903076,0.04690833324381277,0.0215618987917452,0.004519319955890933,0.022517802476925367,0.061727036491799905,0.008591355858367166,0.007277948086192445,0.010671410093893142,0.007374197886742934,0.0023971758768818337,0.003302300514991271,0.011186060122518701,0.012972878405112933
0.0043358001508264216,0.002960115170523533,0.0014963587644868668,0.07805702719587962,0.030594583710238005,0.015719640665408745,0.011832228438474651,0.06619053379150862,0.010097430573945167,0.022991564499120876,0.006195164293442423,0.004860237834619944,0.005469237102426945,0.0033441215426329336,0.0078329766907658,0.0122922689197581,0.002502957721444311,0.002642792975422933,0.002568261728910934,0.5399963264019362,0.019289860720293046,0.007852494185515846,0.027193040033636623,0.06059423442610216,0.008055576908482666,0.012568131559548067,0.006018334380656455,0.005136365592600442,0.002119573462962211,0.008941032490038123,0.003394235688640078,0.006857492379750244
0.004562046089740133,0.0030590880651522774,0.002251320813528508,0.07019230859897226,0.030006317077000126,0.012113218602878976,0.024982297445864075,0.05648747287463402,0.05220879784881235,0.02156302346434491,0.0038046305927744548,0.010577114073870355,0.004076881650422756,0.0016686400522727231,0.004379365463956756,0.05253478273999752,0.004034164552238866,0.0023584999349635,0.002898973914599122,0.08777013400189425,0.19049462319148577,0.02293010555138196,0.12563110918479625,0.1310585886737211,0.016561462463601767,0.014081085429087755,0.009955961241183413,0.010522795154545945,0.0016649720627262441,0.005809928510231457,0.003073586307338733,0.016686704371980766
0.004208551296689001,0.006018440911639621,0.001943726615327122,0.03174093023964407,0.05042734558753694,0.009350900553530656,0.024698804734530733,0.0314562971488056,0.020526564971748155,0.012175641650323456,0.005362840202561133,0.017086976944937854,0.0034639052613699445,0.0009230245962399222,0.0028304730939365556,0.045857767375893456,0.002745403264798322,0.009761587203713123,0.004264415617967211,0.07121958798900455,0.019568666562883908,0.3308310251488143,0.07018528588410339,0.11616320936049673,0.03025487641998858,0.008912603331887866,0.011262165679287877,0.03600775770592134,0.0012078774079926525,0.0017083718403911078,0.0035578865804392046,0.014277088817594754
0.0034207365579664003,0.004456060616527633,0.0017243269226785334,0.024888425483724535,0.022362726291434137,0.005847947383173477,0.01959971193429087,0.029711171886336953,0.015369328180771219,0.005574808076650689,0.0033640153854391773,0.018064332270317732,0.0018840888937273778,0.0008669518910719667,0.004423581529121045,0.021797200671676845,0.0025121063729321774,0.004818368840787455,0.005724641278971556,0.08922497487189884,0.0224758203151466,0.0243942770564918,0.4592547798343048,0.12396641521744314,0.013059451240754168,0.0098717115083623,0.0064506969416322,0.033599191439695315,0.0013588289359785727,0.002298094484979565,0.0021961691313524497,0.015439058554359623
0.005402993383675667,0.004152851601177567,0.002081856477136462,0.0958222754393952,0.04797326017688544,0.021407809140434855,0.014871858192911556,0.07807243988495915,0.020909845554630355,0.029079853215550552,0.006357502825284667,0.005451474331904,0.006636340405405745,0.004295712558435166,0.008019519880797433,0.025815773120729035,0.0028076351752342552,0.0027682026065458196,0.00384354123845646,0.21439493336557386,0.02812896608294504,0.013715042964021436,0.03704178402714024,0.24413027044907157,0.010812250297923902,0.008668788156981123,0.018247578694272154,0.009843448904265148,0.00231279538753204,0.013951096589892402,0.006195897451218655,0.006786402419611966
0.011656584403460433,0.008070960893123421,0.0016273439668190778,0.04270902600080474,0.03509518269393208,0.011805790075490345,0.06676716195776423,0.030465169233069023,0.03188000728757633,0.013871381703375676,0.005582093093671267,0.014622038504530798,0.004119056916873346,0.0038569802650211767,0.0123013815374058,0.03657879856070076,0.004609478605958945,0.008687603937233878,0.0030940924838094223,0.11379742856354483,0.016276237105835503,0.0182813408457099,0.05613481498372451,0.07472570360908382,0.28985948106514603,0.021158835007458163,0.014091155767272276,0.0134143043744838,0.0029501439585598445,0.0028090061067278776,0.0032965287472097263,0.02580488774462176
0.002843204435732922,0.0022679103959106404,0.001170804440083811,0.07956230227071745,0.011031654315771432,0.01735726170996478,0.015199106947360331,0.07507304704470147,0.019576944057660278,0.024001277345833533,0.014093317712805123,0.017075517704379057,0.006913315419821367,0.0015131652303134555,0.01978218436179632,0.009210119360335167,0.002394809796654478,0.0031175489009985556,0.0012336739965881,0.0755535683096782,0.017125807150736874,0.009918784222110698,0.028604970604971088,0.04538056214683613,0.007776207573933644,0.4489365667980178,0.012041863779198633,0.006780970573568878,0.0042636797901271775,0.0038074287527094003,0.011079754870312798,0.005312669980369367
0.002182029989518574,0.002860851581899844,0.0007082479350126112,0.06986159236005104,0.013060483333232011,0.011598750555891534,0.022891675521296624,0.05843580808212903,0.028317242362562556,0.024884247469117802,0.006346084302394044,0.008098811312763311,0.003922129915050945,0.0015175157824331873,0.01425072804878442,0.027032766457416244,0.0019832475206225,0.0024074031442471795,0.0021217802586970887,0.10413149276481645,0.022647394555182523,0.025321134994076414,0.03373988475368617,0.09274200536040242,0.0065567887444866225,0.04743365722121837,0.33215913241191175,0.006924447095760411,0.003113721663642056,0.0024372723944936,0.014814782199204833,0.0054968899079966445
0.00536836701148148,0.0025951461021355114,0.0013998012087805092,0.056163651215652574,0.027455931592529403,0.03802886966011429,0.014927324414381953,0.06786891240535678,0.07212582881969809,0.02596217925626624,0.016274971688510456,0.02239339599691663,0.014288257582449976,0.001777385101764788,0.010630474377803945,0.02249270628094592,0.0041200157217150596,0.0041742953656581,0.0022489090543722757,0.08262278108750602,0.010804769626403855,0.013518622788878155,0.026121055175720224,0.05594729530823423,0.011366756609628468,0.011588724914973543,0.005693158605132678,0.3108915298867773,0.020109960626766125,0.009170992456755277,0.009125491823026846,0.022742438233662256
0.002179696072098433,0.0027403677947511005,0.0019144652174944228,0.06466423364272963,0.0588757934805308,0.016939541982298842,0.02587425669463471,0.049033623863832955,0.059480083928034645,0.03873475594042848,0.0038117044897191554,0.016172906724151406,0.009798157113739488,0.0011142904073108172,0.006569719005760512,0.015316763920908999,0.0030458605584218154,0.0036510733510735113,0.0033962520396314225,0.059794112997787224,0.017500621565256155,0.019311419731576053,0.02178090621330211,0.061667598996431816,0.013862197398561756,0.025837782988063364,0.011859539698250578,0.012514864689969978,0.33422727356153825,0.0123797063948179,0.012233681668376468,0.013716747868516526
0.001061338572407806,0.0027312939345990003,0.00046062884564585286,0.03737302831152138,0.020543158789842766,0.006638654737103858,0.01916300645558615,0.024767210187115182,0.01159773827557581,0.019960805822352913,0.01099693770209219,0.009430398193497166,0.011888418743885236,0.0013117130172138564,0.006533411060151334,0.022161911552892957,0.001921339791479011,0.0041835778847054556,0.003858396227479378,0.11894060050525972,0.012128945453721786,0.01883836422091531,0.04952349904037387,0.09305411707956535,0.011524236543826267,0.02508110548273436,0.015692481213824855,0.009217594292202987,0.003171188685947809,0.41389511174697735,0.007765874560879878,0.004583913068622301
0.002175943185849551,0.0012114454237907015,0.00024047719229843738,0.07422255189580793,0.007102052672153769,0.0164024900175331,0.011646727010042098,0.05870071884760692,0.01794135187669907,0.030561304599750278,0.02008193718983438,0.026444759142905935,0.014814488300946263,0.0005209274632649555,0.01817305241838788,0.010498070802548611,0.0032144430746778,0.002403933912431608,0.0033748217625087446,0.04057463235302681,0.009279971667087545,0.008979867726254755,0.022417735305118366,0.03515622196093594,0.006983166479954924,0.04290790307250846,0.009841726871329847,0.016761684973347974,0.004144943094560056,0.004994933736441433,0.4720172548192428,0.006208461151152034
0.006884416240620712,0.007327431832300101,0.0023217956930932223,0.03596496737893538,0.052474028868936456,0.012574477781215334,0.06504038471311,0.03444491800224751,0.03639471107415342,0.010169056923355223,0.003351128265954,0.018070676935679857,0.004138079081311126,0.0017602809026153335,0.0034819812530274778,0.05703613026812057,0.0078458213393037,0.007587544068337839,0.003625364812424322,0.11975797236602381,0.019742093652283077,0.026779932411958755,0.03864981565453759,0.06829787509847776,0.029182808914613605,0.014202912252511711,0.006707795927770922,0.022178689659843567,0.0023181677569528224,0.0017473668492859666,0.002090136520640929,0.27785123750035695
