0.698947926722565,0.0212124429006636,0.00309049570140375,0.003265277102907,0.0207562340981394,0.0451891283764344,0.0189131115584498,0.00253891860590456,0.0243833457873151,0.0108665739632911,0.00671827325387017,0.0032660826389975,0.00751896384076024,6.61796292641862e-06,7.39912377572843e-05,0.0247823079418316,0.021428887778477,0.0168209776600054,0.000458102076847661,0.00847244123107686,0.00757200658066588,0.00609798684607552,0.013188722932169,0.0145684325810661,0.00159388548758258,0.00114973484107924,0.00198346027835677,0.00123147161860214,0.000744792669842908,0.00195537316827868,0.00791062187777491,0.00329341067888272
0.00179700496928785,0.50821799781953,0.00770022723678444,0.0049773917493702,0.0053388535841885,0.050532316858482,0.104114426154327,0.00222323149361928,0.112935730338223,0.0036221172635012,0.0107582904894224,0.0150208094330319,0.00280219664926593,0.000590359195587017,0.000109786723091942,0.0793211114672073,0.0152838656382159,0.00531680658307314,0.00122530593074129,0.00586714950918616,0.00250582055461713,0.00127377181683361,0.00103192521045163,0.0130803132560511,0.0188001441339915,0.0104615081591624,0.00282355060608394,0.000345150408411143,0.00224521577072863,0.00430817634174518,0.00437159529211407,0.000997849363674392
0.00425087911923086,0.0398986471594061,0.638290066364088,0.0343913076181629,0.00457955454427929,0.00587421384517886,0.0173802003080916,0.00483900590922419,0.00973551237355227,0.000506950615207052,0.0305526945625872,0.072698173082623,0.000839031432753048,0.00281860056104163,0.00684643644760687,0.0373087323335177,0.00290171909158264,0.00207882616850965,0.000655168288701711,0.00311059930855159,0.00109985750955969,0.00639116965362805,0.00180260356166538,0.0026674256186133,0.0241195160179511,0.00970453717899695,0.00197503884862132,0.00572691368231125,0.015518842714319,0.000575877215598402,0.00947146105984063,0.00139043780499827
0.00839714463205287,0.00941399856108481,0.00314962838183113,0.708891140628609,0.0129535046167209,0.00273108771289497,0.0620468975410635,0.0411095181322713,0.0191014551947277,0.0134036364438684,0.00463560023471144,0.0206766866594768,0.0196218789395712,0.00508229129448149,0.0068632306917035,0.00247050517815796,0.00103699477263793,0.00152168276414094,0.000364810701683488,0.0048691203685952,0.00720524515378191,0.000873913660960501,0.00103811073836977,0.000816500075038601,0.00513289696514323,0.00140498450819634,0.00285184596468937,0.00660643235696159,0.0170653218863932,0.00146573590450129,0.00632679260688051,0.000871406728799312
0.00444932580738,0.00805258442956799,0.0032478205075464,0.0080388722142958,0.784991423617813,0.0246814944571993,0.0199079818892811,0.00238776437690183,0.0122626938960355,0.00165173860111782,0.00423775015816552,0.000534987230816087,0.00278123630770462,0.00119761367960448,0.00583558278938737,0.0527145760150006,0.00376517200878364,3.05356108672522e-05,0.000805049177648087,0.00367215351200658,0.000389564703564885,0.00133153343804668,0.00697721057315897,0.00128959930159671,0.00454739359184079,0.00272963260881053,0.000520759573243137,0.00405889148363528,0.0186112243021576,0.000608083303382824,0.0134836908162007,0.000206060017239029
0.00934523052690664,0.00123482558066392,0.00608450210645717,0.143318615596431,0.0547265632227937,0.397435098655864,0.020107515420182,0.104603156630225,0.0503923127485903,0.00700120264857767,0.00117208848153794,0.00362374933522354,0.00637658711104469,0.00141392190151197,0.0124580791640303,0.113188926294547,0.00672528429987734,0.00158496076594534,0.00182310534277267,0.00527344621115227,0.00172620068113541,0.00135247618614407,0.00408673701109028,0.000641855618359176,0.0110667477485352,0.00522419217431522,0.00107246407298971,0.0106358110171604,0.00976721794154411,0.000754411489461434,0.000870235107655907,0.00491247890727429
0.0195297400487517,0.0264227355080247,0.00106050229954752,0.102163382997295,0.0581848495498022,0.0179501598176043,0.606240097861863,0.0146923384548385,0.0161051301604534,0.0182193276906777,0.00481821713108784,0.00772900580770418,0.0114642669638964,0.00073467048692202,0.0131965260429061,0.000581559137872625,0.00479286162226164,0.000743145897542762,0.00213332618723239,0.00171935281582907,0.0064043934936803,0.00100137900022765,0.0121004158597966,0.00505010039701096,0.028070171103239,0.000656312368368102,0.000760672891815068,0.00351287219958116,0.00785217687006141,0.00292801228562022,0.00311625841018474,6.60386383018578e-05
0.000360563874077911,0.00111853259964956,0.00556208994029204,0.0253313462085017,0.00922294396767931,0.0145726309024369,0.000577225142489226,0.73796971047431,0.0185851151996773,0.0170324067889044,0.00713735597840923,0.0354711231877679,0.00373001351844091,0.015282494518586,0.00706312397206847,0.00596474846228476,0.00202842276746178,0.00200359048711778,0.00164722269374064,0.00988514664168967,0.000999808990005358,0.0035339250762274,0.00598669477171187,0.000262389259603093,0.0118905253695629,0.00471680205431803,0.0029583558444164,0.00878589264794365,0.0290834013593154,0.00097945189084417,0.0101948326501531,6.21127603121559e-05
0.00479099054893278,0.0212131086909735,0.00156088492514913,0.00491486699202686,0.0124216204353136,0.0393605084875872,0.0989826419103792,0.00723920795662107,0.566011253423271,0.00528490633490743,0.00655155782358533,0.0118851931004462,0.00605961692494065,0.000525797326841772,0.00229774157858657,0.168016632630641,0.000761056377005674,0.00269984775467913,0.000349455180658332,0.00449708345344892,0.000148971300231678,0.00504719948950552,0.00144263211178575,0.0131806371966869,0.00116356386926366,0.000756444424985719,0.00074439780230849,0.00300139495692107,0.00152486169595174,0.00317772690649745,0.00181296253515906,0.00257523585470769
0.00444040135049146,0.0106636044376357,0.00136392263396887,0.14245834123553,0.00888906066930845,0.0105939739741479,0.00391089551534067,0.0159216032486553,0.00970837810124732,0.621194053739296,0.00091549093843372,0.0345411608472117,0.00167001626262666,0.00256067192801384,0.0202620558689514,0.034469566594829,0.00131156874537129,0.000828999854965823,0.0053142109853633,0.00016219958017352,0.0028968895190305,0.0152861311777033,0.000848522139871779,0.00434255058378857,0.00326336552442193,0.00122424116547488,0.00376319887623428,0.00685716526671673,0.0167200953613401,0.00337450848107701,0.00756244534550153,0.00268071004727617
0.00150838248614215,0.0127042822491888,0.00688390625186998,0.027645735722302,0.0269773596949427,0.0149590545423151,0.0284521522440935,0.0449452920492587,0.0109414992442917,0.00382871967231827,0.58006797987715,0.00374818339052439,0.00421494041310945,0.0031566945909491,0.0178320008446884,0.00818638927942998,0.00160714592488438,0.000621166609759808,0.00179024992672964,0.00289830702182233,0.00191580321205212,0.00996252788742475,0.00360494975625609,0.000418252227160346,0.00504778476444438,0.0161768357785717,0.0116519148831529,0.0302736869798987,0.0799351417846829,0.00104080717875178,0.0252197486117671,0.0117831049000666
0.0129222638999655,0.0023554132708648,0.0132359400439058,0.00755493171617269,0.0336764157959298,0.0222309568427043,0.00454120716820763,0.0141367250910498,0.00499075123574266,0.0148626582148036,0.00538069517237849,0.666723320705342,0.00541875943032226,0.000668672833574731,0.000526854286310838,0.000205907824397864,0.000639416820085182,0.00100275384020587,0.00622832564413942,0.029172960804854,0.00361028423146352,0.00548045290485768,0.00118674786563687,0.0213766876920313,7.83697866938415e-05,0.0198023527542528,0.0136306824904463,0.000179377570928381,0.0345053426878745,0.00317102063355523,0.0464281278753421,0.00407562286596033
0.00164023314317338,0.000754210984652386,0.00138479054372479,0.0186507053691614,0.0976646379028047,0.0244294144469121,0.0148962140338479,0.0102802421304205,0.0131819954618364,0.0554067910474906,0.00973227135430016,0.00412436248304004,0.460545020910206,0.00218406162676523,0.0761226181639164,0.00691184799492887,0.000873750192418691,0.00182748985284306,0.0083997529316195,0.0221263213460784,0.00399809967474393,0.0177843838020441,0.00439429995891431,0.00907416153866212,0.00896570993743733,0.00717952716909461,0.006719121049325,0.0933679000373364,0.00665184231109169,0.000769738010674227,0.00597715214260735,0.00398133244792805
0.00293676102931496,0.00251299031324165,0.00202604315547865,0.00415050978743453,0.0053373730376294,0.00916790673250436,0.0585390481555655,0.00535443985663984,0.00463758326600618,0.0123667163301467,0.0227876037772686,0.0549215458481294,0.00501516954059847,0.685878526142943,0.0436299627796924,0.00685293454428375,0.000286292124454722,0.00274487694513868,0.00105656670913493,6.2264333252665e-05,0.00498344417127298,0.000467821477286486,0.0253600698421812,0.00531655218042091,0.00879846241959819,0.000877418466311426,0.00101007827226612,0.00192601454622762,0.0122347937607435,0.000253892763419282,0.00769532836395695,0.000811009327457465
0.000549631698682204,0.00210317685279028,0.00807691951752211,0.00407160958315135,0.0258042426737326,0.0108217206096758,0.0111352019396655,0.00426696531130232,0.00222957659710098,0.0341272491709364,0.00328462843561789,0.0199674916188016,0.0545612983543391,0.00116072653715425,0.738173718982139,0.0018294374035702,2.36014933308903e-05,0.000929586243501172,0.000350889310706896,0.0131703569337871,0.00210537333790676,0.0125737308469991,0.00820932861677952,0.00561414409324513,1.24302243436373e-05,0.000601950460135506,0.00173197116338257,0.022337089443721,0.00162843667753191,0.00195961748470151,0.00529176835550896,0.00129613002823614
0.0179127318705612,0.0439443370491658,0.00244666749198938,0.00668354438152282,0.0188333569280047,0.035967305686306,0.178689690293166,0.0249090351567775,0.243857447221666,0.00670980333888164,0.00875609884733061,0.0121676192314388,0.0068142062767321,0.00114093700472548,0.0063585619112708,0.312697606087022,0.000372525664359645,0.000608514310726517,0.000264485131647866,0.00872847147180806,0.00025840309248857,0.00408726485570893,0.00240266640294489,0.0135081593567412,0.0259959568771055,0.00172150828388951,0.00230840420309938,0.000888762792993504,0.00323542515929066,0.00342602679409184,0.00328446470700071,0.00102001211954194
0.0403659650712582,0.00665080830007597,0.0175711575735099,0.00934931073929364,0.00168999551341701,0.00324064879338564,0.000664679599080877,0.000406479436837213,0.0394035922064315,0.0111440986355358,0.000932489697205176,0.0184362521957199,0.00502683795902689,0.000991521610430255,0.00105129325948283,0.00822415292488268,0.694773458859581,0.0258842427243566,0.00299613521485012,0.00647292272676195,0.0075008101992519,0.0250489386702786,0.0287603761410054,0.00735571008236925,0.0056675366452952,0.00206353921213665,0.000933152363503148,0.010138483754545,0.00589669838733067,0.0053615681281378,0.00205304320265869,0.00394410017236476
0.00897332096594611,0.00935968356344669,0.000374063671138767,0.00573980157983099,0.0226157738397564,0.000694455831129347,0.0312574641900741,0.00524184843473662,0.0558912077933571,0.00118303822961069,0.0017776528572032,0.0152067106265781,0.0109205411101315,0.00210598117621294,0.00688916427175063,0.101365949511126,0.0062317562468871,0.614567478888995,0.00135321716569621,0.00117244994977655,0.00307395607211862,0.0185117006333082,0.00231526407035328,0.00394090573311762,0.0275832888397685,0.00655728505202562,0.00479044254541783,0.00302652657372713,0.0125470043693311,0.00353742460028405,0.00184302760372653,0.00935161400343702
0.000814689459981081,0.0039296919777271,6.31783033720593e-05,0.0221482036961458,0.00477294258659575,0.00252137676789912,0.0108375794396958,8.89288345294912e-05,0.00920006359455035,0.0160568886028012,0.00234872300331059,0.00688491683477344,0.0161580184396378,0.00347841598758198,0.00796845663007546,0.00920378857025397,0.00758667159488045,0.000108375743130238,0.786883659805248,0.0105517443790651,0.00884384249667985,0.00889010809553828,0.0127596695743982,0.0161472419903628,0.000549592340664361,0.00197973919098163,0.00699888156457019,0.00601596733664001,0.00224641542238557,0.00797947362666668,0.00230613531943121,0.00367661879042639
0.00883554244309675,0.00379411329110079,0.000301769360827145,0.0090146688000401,0.00416779923535772,0.00549563999250277,0.00515566782557937,0.00300712739608609,0.0115660435710148,0.0130275227240513,0.00161684069261822,0.0023808090961978,0.00810306133039413,0.00114466733241566,0.0138034269198874,0.00913058538381165,0.00123801491374055,0.00317629665203292,0.0117120915432101,0.771946330975519,0.00787811459854345,0.00137083199963116,0.0102186345564493,0.0117372650914677,0.000453586306578083,0.0214317528392576,0.00517140372110858,0.00274375198092752,0.0138284092925171,0.0147035656512834,0.0130504133362422,0.0087942511465099
0.00194782275254979,0.00355966996516074,0.000232479494607259,0.00688127319919567,0.00382653602723742,0.0129107405676863,0.00992928279316683,0.000889427042531908,0.00545629779671135,0.00883951557254778,0.00281107261098818,0.000833376264876805,0.00102724317055397,0.00209289447807414,0.00472489034494603,0.00902035124342549,0.00342431387019559,0.00292020861349579,0.00435805004915979,0.0308896862324375,0.604229625137342,0.0185911841703135,0.0277278112514929,0.145411595926344,0.00154264450250192,0.0111447820571142,0.000481286783638034,0.00676669868883719,0.0082836370649938,0.00597441564131507,0.0108567780922608,0.0424144085942986
0.00909618834733495,0.00446032752426554,0.00536797027052851,0.0129537978171605,0.00191849549450746,0.00562695123917016,0.00100570385229717,0.00352012430903589,0.15131168357816,0.00276676916853988,0.00338547476157247,0.000195048882215841,0.00128358014305438,0.000246431290087224,0.00108815571990263,0.103350778023438,0.00851922800293465,0.00514817877339361,0.00957166578815381,0.00954595439015888,0.000257551027472998,0.543336793273823,0.0451012522782085,0.0393015720569047,0.00346285278275487,0.00438009234760056,0.0128332550901834,0.00517590562988269,0.000758671252391011,0.00165868829124788,0.00295455642836685,0.000416302165252433
0.0129619600487003,0.0179972159039183,0.0013431811387722,0.00251740380736143,0.0010474082945988,0.00276271727044731,0.00134656135366126,0.00511951590453943,0.0280790954871501,0.00121832788797462,0.000634040269038344,0.0054020921197047,0.00458462009717114,0.00100848754921934,0.0117643239239599,0.0415624236198174,0.00891633915448283,0.00246222038717732,0.00897597661207899,0.0277995656503595,0.00111150737125324,0.00558725652162865,0.740591680951583,0.0145733646980515,0.0131588354203461,0.000379441433274259,0.0121794875257502,0.001694138548988,0.00765635859614251,0.00538772472896643,0.00860026694818226,0.00157646077570023
0.00128859431449628,0.00539597451162763,0.000400034752022355,0.00259367849700758,0.00383139839448565,0.0102236137356807,0.00885217000062929,9.52117624223356e-05,0.00786563149157163,0.00292889761691161,0.00296975278945488,0.00170043319801739,0.0012529476047146,0.00160756612052577,0.00102026599208387,0.00775436048330302,0.000205885857240778,0.00172473866031101,0.00301341006469894,0.0117242775860044,0.0234863042126475,0.0080224368421863,0.016195928746405,0.757138214156428,0.00139982048957595,0.0587370268187774,0.00226181348907849,0.00883022368821004,0.0164238150332237,0.00198179387710069,0.0173093069717808,0.0117644722413767
0.0191958030040919,0.0717153413463728,0.00376248600062293,0.00952752062321854,0.00634872360238779,0.016979310202312,0.0434441924703894,0.00516264733123742,0.0859814410525594,0.0058155469136053,0.00378067150346955,0.000158584174066795,0.00544443043244913,0.00262701684076926,0.0104253514953147,0.0075286521820701,0.00931292946690892,0.00734319184742288,0.0070329244513367,0.00341406327992809,0.00518948909018801,0.0234419856264027,0.0782866439693436,0.00265258645577934,0.534983943212273,0.00662606025875264,0.00398256727119007,0.00291024207148803,3.59283201879618e-05,0.00117510048332054,0.00300187863566161,0.0127127463848781
0.000239022177563797,0.00379002052099222,0.000671195488956783,0.00132442085946528,0.00525388033354147,0.00267012556932379,0.0090631817534971,0.00556933538843947,0.000424304848624521,0.000558584658657465,0.0124294993133406,0.0217063190331582,0.00331405039548216,0.00161458111939354,0.00232321198292839,0.00311000404382073,0.000292486416069263,0.00194641135969103,0.00287103324163153,0.00241301864958399,0.00123861696099495,0.0207988077721781,0.0153410630598538,0.0461006540191442,0.00285411449028679,0.776364689914953,0.00245249609270884,0.000825830812675297,0.00882882314719063,0.000509835739964575,0.0350331606800178,0.00806722015587048
0.000340904129675335,0.00188332726387534,0.00268173995543218,0.00558149875883568,0.00192427624337537,0.00365089755789596,0.00740426372617949,0.00772961782114236,0.00107423225832254,0.0143768320306739,0.0110560907025577,0.0383020927584179,0.019372776601259,0.00142107154303032,0.00216955702567029,0.00801760052526323,0.000154537335161956,0.00323958467704323,0.00361590543398311,0.101253526740468,0.0376167188679955,0.00706076642215874,0.0471641815033372,0.0429216871528975,0.0016532070991393,0.0404220395433181,0.520277530899817,0.0166840681086553,0.0261044001644837,0.000619114436080304,0.0209975000243191,0.00322845268953529
0.00657548107839186,0.00071887037129202,0.00152762941456347,0.00192662631158849,0.0184469102094134,0.00742743746004354,0.0131331080327642,0.0138168648134481,0.0292616199208642,0.0250392387716317,0.0139003599443731,0.0190825739453587,0.0236312864481566,0.00329985449199524,0.0405228267062098,0.0394437572391584,0.000623509370043188,0.000934252707014586,0.00329615933863703,0.00101743903384002,0.0021678161145241,0.00478543284154665,0.00386566097840431,0.00130153608413546,5.56688008161215e-05,0.0327323816978328,0.0188097467572745,0.591486155505818,0.0524090214984829,0.00341968797492627,0.0228499668612343,0.00249111927621746
0.0107641127144941,0.00974304838466888,0.000766630270392618,0.0012404087182974,0.027761764776002,0.000234248338888599,0.000781231012062747,0.000301586895347237,0.00034757373884713,0.00465287156267811,0.031047816364979,0.00813971567814853,0.00356549327951383,0.00051898104765048,0.0127554752189385,0.00026218193228032,0.00154740983479628,0.00106848387053625,0.0138713820719417,0.0532847621710176,0.000121254901496666,0.0125561425322062,0.0125978694643895,0.16125137942895,0.00194858206166864,0.00649237318457491,0.0115154171077314,0.0073813575471583,0.589390682859488,0.00262550736305913,0.0067666432778965,0.00469761238989896
0.00210758838762306,0.00193429047812734,0.00214629542093156,0.00493151771004733,0.0105426837851977,0.00670891616257271,0.0290910573595242,0.00277941796752133,0.0162321438734475,0.00544766814885497,0.00162458866909232,0.00612401908334379,0.00409255444076418,0.00012798505044301,0.0245532226702404,0.00110502025917398,0.00120010779365908,0.00134158324398025,0.00410697356384038,0.0118539318526927,0.00380721151114876,0.00798041147374843,0.0265019808993185,0.00458987499767146,0.0109384873274882,0.00176725384861113,0.000787264668206544,0.0066989975030806,0.000301497600052237,0.787858161938881,0.0103830362907603,0.000334256019954784
0.00678118607729779,0.000236958154019402,0.00212641615770519,0.00840346540787447,0.0186856832082664,0.00194725285975278,0.00492385309959295,0.0058339472626902,0.00358468052688777,0.000939003058952604,0.0225499445258255,0.0410396132675241,0.0142966767136723,0.001182483044551,0.0245287955494877,0.00486015005950123,0.00146941649112876,0.00374706947422748,0.0102941287109439,0.0412271564222449,0.00255656165153877,0.00500249880593091,0.00809219401887984,0.0681120512155367,0.000160703997648701,0.0422132244434165,0.0285980438900783,0.0208020873039792,0.0191374602940074,0.00159264956646693,0.577122809562585,0.00795183517778561
0.0243504904927649,0.0298011201832909,0.000224511123576299,9.15144050993471e-05,0.00211698096197933,0.00485544173732313,0.0391795423848144,0.00104898278529757,0.00940160978145077,0.00146340602659425,0.0172931605018953,0.0191045291775849,0.00428620783947608,0.000161811410567188,0.002961285360158,0.00567727685460938,0.000774264008176423,0.0016971594354376,0.00575992153976689,0.0762604802805447,0.0205014333974365,0.029144381776539,0.101911977947296,0.0377455833571948,0.0173792572429412,0.000533905281713772,0.00972456689049604,0.00872007065661338,0.00193643734154645,0.00116494078164272,0.000761012538451841,0.523966736497721
