0.796645825507097,0.00641676846922077,0.0112212061970176,0.00153505505089178,0.00288493704052286,0.00114014566573745,0.0140959073634555,0.00215464798050066,0.0480845770380805,0.00156595830058776,0.00061650863941762,0.00154524444834938,0.00392664210889676,0.000834446119441172,0.00105119171315337,0.0346923979081039,0.000119268266209605,0.00416187555217742,0.000617135241364892,0.0122534458419777,0.00472205490955358,0.00607192078104819,0.00438088522285051,0.0130816087319688,0.0017528034918133,0.00709496018383699,0.00124823290454701,3.74973741897562e-05,0.000229511302941987,0.00281961354203521,0.000987119307500496,0.0120106077955111
0.0085122068513883,0.665916060346064,0.000823126430394361,0.00405442418263423,0.00457951836698009,0.0307136860190974,0.0725371631710921,0.0055143880092971,0.0354822395954588,0.00492359162512207,0.00160708503057063,0.000265144798125674,0.000363596990901795,0.00130001462621029,0.00170705644455838,0.0515685566348343,0.0168190777000442,0.00277589764018225,0.000228942005700797,0.00458224551938713,0.00466136340551655,0.00661965353379626,0.00773311416263118,0.00919809625903538,0.0180020952051423,0.00959304565770299,0.0097422675864752,0.00157326386650091,0.000274913616861372,0.000382388945849995,0.00480145949600454,0.0131443162764386
0.0180977110735563,0.00159427268803061,0.628232629024702,0.00440600752685635,0.0040507424606824,0.0155475709156184,0.0231362902230207,0.0139169834597961,0.0515529090856473,0.00440321256782015,7.48080331665631e-05,0.000720603528417948,0.00360185503164645,0.00364175586246331,0.00202477601980594,0.0822629910920745,0.000126464955130741,0.00166235891416863,3.75256850110889e-06,0.00552406078326705,0.011039772213151,0.019684847957879,0.0406361867796703,0.0025819173713127,0.0264241069399074,0.0155836571131217,0.00372319007309194,0.000827303037049594,0.00157916557793187,0.00126375626271976,0.00473406270758638,0.00734027815220541
0.000800184903264081,0.00166367895142342,0.00228171982924472,0.251678218629652,0.032519816043291,0.0385119168801555,0.0040998075680537,0.28989459735808,0.0171410756336842,0.0535184591565239,0.0167081767447005,0.0409791686526572,0.00956780590720443,0.0206288423542564,0.0174588484285798,0.0114557284643657,0.00679111603934154,0.00229184266288035,0.00383087559122959,0.02475801010926,0.00883468510672572,0.00853257742758928,0.0321460124571902,0.0162263685841571,0.00348896531043239,0.0327800836070502,0.00456982402625224,0.0152583282946785,0.0279999778405841,0.00283072093362281,0.000117444527062459,0.000635121976806967
0.00562723999811929,0.00014580610619717,0.00209190344397787,0.0147826351251979,0.651636744578896,0.0238693867619065,0.0148412726832637,0.0124349870579825,0.00126771377943849,0.000574562211467428,0.0168277795727624,0.0217740145222845,0.00137077134542099,0.0053131860184479,0.00149126050113591,0.0200440208468057,0.0022739073453263,0.00317413297097617,0.00519282361250236,0.00668100082881688,5.6864194004105e-05,0.00128953805928867,0.0157413490125365,0.00819208621129074,0.00133564917504406,0.0973187179612787,0.0202044948238767,0.00118285607343083,0.036148582747062,0.000145195199047488,0.00210991459511801,0.00485960263709664
0.012633669485737,0.000391630203358506,0.00239001642681407,0.014512281851332,0.0131709363907822,0.623656343963667,0.00352134073639508,0.04584923522445,0.0197536463551218,0.00431273094880637,0.0124624277149396,0.00713593808432557,0.0121836336971175,0.00288701834161168,0.00873658218939728,0.124438772429331,0.00512825283746086,0.000587720440203127,3.88611779584505e-05,0.00389093131435154,0.00755620531674167,0.00574521791955607,0.0201497163838722,0.00934269920535272,0.00103142656197329,0.00866589431678277,0.00563246374858708,0.00524744384647986,0.00948603416487058,0.00188849479302854,0.00703008980618616,0.000542344123408719
0.0047541667137566,0.00100891494364807,0.000646572888930494,0.0879349991047371,0.00143964010389848,0.0178737350832773,0.638290924687843,0.039200220511489,0.0286535816290094,0.0173928682506339,0.0230921002201836,0.0211552336901939,0.00125089518294384,0.00229845809369612,0.00740208012240411,0.00408651217621852,0.00469294700702795,0.000582925203652308,0.00136051069814857,0.00369199355789007,0.0114414432841628,0.000551418779244675,0.0183935493360778,0.00537945937889448,0.00791689669061497,0.00989836486073527,0.0106838541600434,0.00495410399576668,0.0154337358863631,0.00200208027701478,0.00343366769917488,0.0031021457823242
0.00111260937982034,4.10860200026852e-05,0.00164335203027023,0.0173808531456167,0.0049756056118783,0.0380238157325601,0.0191949052191348,0.66174740273023,0.0111698086793368,0.0141997226698148,0.00793363826257456,0.0383758296876795,0.0100964217019154,0.00855747760054773,0.0195651900931661,0.0137146739581904,0.00409402333162229,0.00143918545737439,0.00134331421661235,0.0153009691876778,0.00132101691863996,0.00849423902422454,0.0260351112133893,0.00675628439739324,0.00141631816881365,0.023710171010733,0.00958665955827741,0.00834482280846804,0.0167495364061125,0.00438342772137878,0.00319354279279597,9.89852637478914e-05
0.00145318924528739,0.0014307646482093,0.000392205224998921,0.0309943278621915,0.0185056528813776,0.0915566913525011,0.233504585839462,0.00989636932245108,0.40522411137937,0.00738419869568934,0.00914924989702933,0.00270512521919566,0.000649161453664075,0.000350277517456995,0.00178313921361615,0.136749109863562,0.000773901945137475,0.000369906077712924,0.00130327717572919,0.00844359358892632,4.37810346510398e-05,0.0060797080894632,0.0011399086731562,0.00544501303331236,0.00368969681129308,0.0046636487496667,0.0116717573621054,0.000681759511233485,0.00179580697432357,0.000199436519418209,0.000943290001740726,0.00102735483606737
0.000143671745581376,0.00227137672559723,0.00145702126027271,0.0134936652763809,0.0183028272289246,0.0800695340718988,0.018476516377453,0.164746974739303,0.000877117794658684,0.539576998220853,0.00855464622939443,0.00953920416508133,0.00797317861456805,0.00843912048850473,0.00737163194086809,0.00572876103544601,0.000527880982948485,0.00197313394123345,0.00660772549307636,0.0195993475131186,0.00211557414355789,0.00648448020230843,0.0204764084371138,0.00533046031428422,0.00218628319627278,0.0193241867723981,0.00229507552326105,0.00793663945015241,0.0121762252222899,0.00135367770539206,0.00344820489652905,0.00114245029127818
0.000440836080069203,0.000271355757129598,6.45334557730549e-06,0.0125503579672072,0.0190564256247973,0.020871325866974,0.0518006672759637,0.0641045610227943,0.0614757552308956,0.00254168119427455,0.491759918285536,0.0102357308647589,0.0146119821447167,0.00266838213388988,0.0230682942211709,0.0488550164941133,0.000635154365386322,0.000349136823872127,0.00123876146266258,0.0202847879749075,0.0063349541580535,7.62321225073739e-05,0.00100957007080712,0.00345219422456456,0.00913153767678585,0.0674747516470414,0.0225047171736407,0.00727605740877322,0.0277971391528956,0.00299337624025774,0.000362041314682718,0.00476084467329323
0.000556291326084375,0.00153189405138147,0.000804478470054899,0.00626128654454643,0.0422761485261165,0.021245712764703,0.0221522947433267,0.00655345576938557,0.00101559053914762,0.0226107385243877,0.000883821586909598,0.645812776329437,0.00793337129961097,0.000691078833383281,0.00208786572941837,0.0357166167124861,0.0102804902090685,0.00203804971335628,0.000398562556002953,0.0317879730542552,0.00173236073620605,0.00158473677328855,0.00510341336965775,0.0307800830195409,0.0230395904659609,0.0300037678437438,0.00223070176666808,0.000776477487267394,0.0184572707652243,0.00334563149919707,0.0192634815674743,0.00104398742270793
0.000699831361243671,0.000383460628006998,0.000811729691432525,0.0192634444558848,0.0583611307169934,0.0697404168976438,0.0755664789088916,0.163864947480372,0.000564850382959502,0.0747556258147346,0.032960985858119,0.0151211349037531,0.326253401400167,0.00324044705848321,0.0105932655138117,0.0124347592003373,0.00011041207922692,0.000205841746233725,0.00387087996293852,0.0216981451148543,0.00119600507139049,0.00581388790635211,0.0203503041501593,0.00236900364041547,0.00155864213956217,0.0247690993059158,0.010321406241646,0.0271448775454555,0.00652595294310156,0.0018841760236618,0.00609569929912654,0.00146975655712585
0.000645240592425251,0.000271445145180806,0.00824440287772019,0.00169053616640894,0.0197832271401229,0.0209858713934592,0.0399827865969931,0.00856765420593208,0.0193548934785578,0.0108142567384186,0.0037900757954897,0.0413471568125043,0.00415612861057483,0.652267596249486,0.0099464270039305,0.0550515092484135,0.00138231392872494,0.00190267437067032,0.00272044670658747,0.00228764446005097,0.00236408829936794,0.0148419317761632,0.00660791247095173,0.0251191272971337,0.0039913565423745,0.00378837130615757,0.00379583259419374,0.00778023062794221,0.0178882429809916,0.0015629631748795,0.00141735273461927,0.00565030267357268
0.000450458314304933,0.00295455710194976,0.000256394935824626,0.00699336927574208,0.0117196699473244,0.0407399640506781,0.0608287743272206,0.0187664029667284,0.0175634875160259,0.00776729049924793,0.0389510301443117,0.0956521800272702,0.0142673529741295,0.00071128429494413,0.562009985703518,0.0670360717516389,0.00176135132214962,0.000940213669126558,0.000702359902724564,0.00383236166856553,0.00170868680397027,0.00135077086705833,0.00651996912106521,0.00177831022927406,0.00118964430667278,0.00429595539909291,0.000187701977751251,0.00953490353067694,0.0158747833974765,0.00090739126814829,0.00164880821883662,0.00109851448655132
0.000582629918006593,0.00314605172431238,0.00418769166389102,0.0328786931116549,0.052720106089061,0.154903550829327,0.415545573608013,0.0203120106051771,0.108026871965128,0.00751793220605011,0.00480177439153621,0.0054268711593851,0.000192843662331443,0.000162483821345689,0.00342316954149628,0.115708829025564,0.000768825233778763,0.000527197444031219,0.000308626325833929,0.00869216017062908,0.00106408498089675,0.00277073605405405,0.000568755873669566,0.000952065771512253,0.0271475160213502,0.0086562684776356,0.012137013177504,0.00187116537877695,0.00205470873151659,0.000507607405884386,0.000849535853938485,0.00158664977670905
0.00256552580739142,0.012721036715376,0.00398162966165597,0.00138959415150498,0.00597959146851064,0.0585470387603293,0.0759399308049795,0.0127542770496765,0.0466820922230432,0.000511254131469875,0.00388660464882126,0.000105179334296373,0.00144862045235096,0.000314250574097569,0.00126373088988726,0.106372849450135,0.529071700420907,0.00676229890153288,0.00171087089748739,0.0134081463073052,0.00126832786495165,0.00274532892746301,0.00489408247392466,0.00917339821194073,0.0570354269539559,0.00312745730250699,0.000339402423164353,0.004024359045126,0.000323750926863593,0.000666815961427192,0.000765612772381121,0.0302198144855369
0.00505904560873478,0.00132467575695427,0.00238506496007034,0.00549258739964738,0.00413384975270142,0.0303812156637757,0.0391057864555746,0.0104075280886673,0.0292130655508178,0.00405215152090575,0.00108344440228912,0.00510693975995378,0.00608859984764457,0.00039034613596397,0.00493773112859259,0.0804537282921903,0.011277514224869,0.651146155620311,0.00154572438464151,0.0047966171895292,0.013246669608591,0.0133252411603675,0.012521097525318,0.0221420609719756,0.00436249370866359,0.0105667215450445,0.00185867572920027,0.00261748043932608,0.000904604466878465,0.00034881153124965,0.00729750628106196,0.0124268652884886
0.014999090452463,0.00284087696532394,0.00261949019900393,0.00540191291176922,0.0297129470956849,0.000525325475881063,0.0202439895134336,0.00731188388025984,0.00936109788436885,0.00113094943188267,0.00332827257750239,0.00518979106873226,0.000267769922747781,0.0015266437946164,0.00400680748072692,0.0123025672860579,0.000129363596620208,5.18735516370884e-05,0.699623998259319,0.0216127748972726,0.0191379191623072,0.0112694385511025,0.00815561323340786,0.0318390801378564,0.0130140710190887,0.0127964093868666,0.017050183101791,0.0308909378052867,0.00022747478230142,0.00254258323091385,0.0103280651489693,0.00056079819480566
0.0050529430665754,0.0022252359964507,0.000157941830584769,0.000105474228764219,0.0134140712368299,0.0127467594492502,0.0247329452200335,0.00843374382673511,0.0169897724459105,0.00194047349164089,0.0535276858094645,0.0753221692050091,0.0063139771733752,0.00148441642234276,0.0178265368066158,0.0139595268542851,0.00131734701848522,0.00548230208175842,0.00104738859691595,0.585176963343009,0.0159103435751674,0.000614847594970953,0.0195997855162908,0.0276736812248972,0.018399992698957,0.0119311081318069,0.00733160431876924,0.00367365131877799,0.0216635787153664,0.00253584069618691,0.0176382016747822,0.00576969042999131
0.00117268330960591,0.0134912837046225,0.000124183532573142,0.0172200391532514,0.00291401422485872,0.0138278546164966,0.0349768336775709,0.0268014363155551,0.0163321382610126,0.00458994404177567,0.0136388938914488,0.0365579921363877,0.00278335479692732,0.000313718477975287,0.00450094531684794,0.00368068050638133,0.00063783180623786,0.00417159644483998,0.0048446011947795,0.0148855992159462,0.577788582251177,0.000886995655884605,0.00839040965283263,0.0377506296480487,0.0107048781540214,0.0796554387096327,0.0303378247134538,0.00153620541095872,0.0242347781492854,0.000402557593185326,0.00425154756556386,0.00659452787086097
0.00122242626817171,0.000324131702114822,0.000709785472748669,0.0104647707042989,0.00857121716533083,0.10029129986678,0.129709911424354,0.0242162684304538,0.0564734848324434,0.00346509992338873,0.0092506143806807,0.00240134961410758,0.00656928319047097,0.000774419773950413,0.00223279894192533,0.173915558121745,0.00512861105865327,0.000943066035183453,0.00911766648101803,0.00918639458229889,0.000814333541989296,0.40636482955282,0.0148011673836461,0.00232224628727519,0.00232974188487671,0.00231294231748186,0.00167791625322729,0.00364717320662745,0.000651921139232924,0.000347427784397332,0.00106636476508761,0.00869577791321907
0.00064544704414357,0.00148970996857424,0.000493101563203842,0.00364768837751868,0.0155847551521089,0.0718742272058588,0.0869404045689391,0.00728578598343483,0.0166086343691994,0.000114475108607457,0.00872021755804859,0.0496017676329488,0.00169352409722042,0.000708887692331334,0.000405973997097616,0.116496573694404,0.00575351108210797,0.0014021387758644,0.00575581206352423,0.00649183319129612,0.00198784873307105,0.0114629418508491,0.488914550934206,0.0131620494295237,0.0207608855179795,0.0168940229984814,0.0125791351165097,0.0110922071199435,0.0163428486167012,0.000934718374974792,0.00270229474387396,0.00145202743745345
0.000547299332751737,0.00444796428437294,0.00103643782417882,0.00161488038068761,0.0106474782667917,0.0247929350681427,0.0293871183956311,0.00902494043526328,0.0285910656838839,0.00206623761455224,0.0368850377952002,0.0742032239191405,0.00770904011574766,0.000836333584301982,0.0207831811401236,0.0213071744775121,0.00261844820473474,0.00442682363555977,0.00758137821878197,0.0201679854336437,0.0529846990452636,0.010431621564665,0.000718706763981921,0.465252089352224,0.0217262082551888,0.0756054212873341,0.00873902800444934,0.00268086785833921,0.0369052319036403,0.00234988738254513,0.00566678113531262,0.00826447363605422
0.00305186092407288,0.00747655116753271,0.00179373377296473,0.00242848722783053,0.0102741653764443,0.055671249319953,0.108115914087836,0.0106639807075323,0.0269979076868882,0.000630944681634654,7.18071156744523e-05,0.00949068667190275,0.000901600609955879,0.000536109408197326,0.00194134462726247,0.0777371235844322,0.00168010001298303,0.00616849277906231,0.00156661266969304,0.00903308789086612,0.0210396998291426,0.00282230885948074,0.00179714137133698,0.0217849263213926,0.560294989568341,0.0148814045441092,0.00323404585972808,0.0248067569749684,0.00415280433423767,1.59494629652408e-05,0.00289336607397725,0.00604484647760094
0.00238310435138335,0.006267486952588,0.00304703935336654,0.00352092239220089,0.00012831551803617,0.0246247566816895,0.0269764536750908,0.00691664905929416,0.00113341645459447,0.000415973758871925,0.00646788266241465,0.00141192160422375,0.00505680027557847,0.00101485432936372,0.0153109852828984,0.02476149126367,0.00542515619431391,0.0062882162141085,0.00280125697035155,0.00557679218316867,0.00702734096064639,0.0100431744746367,0.00808852163471517,0.0365193848702056,0.0208167775362797,0.706889364363322,0.0211528376128378,0.00601077321507096,0.0197111342018488,0.00109464699573487,0.00831362186349511,0.00480294709399907
0.000994923855207331,0.00629872582154048,0.00200566146817919,0.0138236893369138,0.00363845791700888,0.0216237716481642,0.0143028535137807,0.0117494704377712,0.0117571284012444,0.000949887159435971,0.00483156115614238,0.0199332883673206,0.000956843320855133,2.60980854287297e-05,0.00360307006839999,0.0203353807718678,0.010442281931672,0.00464118346676091,0.011571384835763,0.0448365933387604,0.0135768624544618,0.0486907525957399,0.0819578950397889,0.0722842748633222,0.0314649680344178,0.10330743300407,0.3234973431688,0.0102814673269712,0.0640337034227379,0.00038811033732087,0.00779857044047508,0.0343963644096772
0.00244985040133596,0.00241534773128943,2.4870914040975e-05,0.0114770272153082,0.0219458726869553,0.0226215363123523,0.00659119603518433,0.0100745936710435,0.00234145233133694,0.0109681737912659,0.00551272769984963,0.0564057903998392,0.00848733919419293,0.00134222034653212,0.0238057433978624,0.0280407057048945,0.0162814367425566,0.000869086051378935,0.00217082097773223,0.0210027509811342,0.00159208271631645,0.00548077801528661,0.00290589087343241,0.057495458842137,0.0335621796116385,0.00941750728797934,0.00296273729992884,0.582130361785654,0.0381672153420544,0.00560146552851906,0.00192622241693702,0.00392955769403047
0.0015948761730671,0.000627408844665655,0.00223869836393286,0.00722656946932636,0.00216214094274204,0.0207217852928118,0.0138468907168041,0.0161814546774489,0.0187446897101555,0.00300172429878477,0.00765931121081872,0.0357704309031732,0.00282306047510739,0.000413254643915166,0.00516443252064599,0.0239933656881375,0.00586364276508222,0.00331567227205181,0.000215041127793143,0.0230379327010545,0.000421656442032562,0.00233080886920262,0.00985779093493352,0.0392944855057739,0.00880397324093622,0.0116467542944945,0.0353320526529143,0.125275562782036,0.520417735076088,0.000332316120119008,0.0375912039620213,0.0140932773219296
0.00516928216331037,0.00180636642999373,0.000271631645587943,0.0179982597855901,0.0122227861036315,0.021456540393245,0.019416113268724,0.0306391210193185,0.00222162147046938,0.0133444399629316,0.00522200118629606,0.0700286928474421,0.000743015934397325,0.000426774711315964,0.00104864042999065,0.00344870495419582,0.00138848909035991,0.000458535637440619,0.00515128248131385,0.0267776999208472,0.0110718478345871,0.0159302119351495,0.0458450496414565,0.0042846725197742,0.000132261710915908,0.0513414528419015,0.0109813945394248,0.0222081281260235,0.0116678371403407,0.578374957915879,0.00804420874507734,0.000877977613068382
0.00352213927937185,0.00154013155951216,0.00205963271317446,0.0114824863526639,0.00106888484647165,0.0136792572333416,0.0191366640972478,0.00879683060694459,0.0056066307303687,0.0054506983154159,0.000579277934816215,0.0731557060045231,0.000621069752629444,0.00144249720876298,7.81433166550019e-05,0.00418705042552049,0.00414954082749809,0.00458567061325878,0.0032849243066676,0.00700995828548529,0.00196513090179445,0.00794385235341328,0.0220389482986852,0.0179870055029488,0.0106168169915523,0.00450961012610988,0.025385763128204,0.132607751403176,0.00345459659555703,0.00614334686089526,0.585230936564032,0.0106790468633023
0.00310254415723488,0.01381888303428,0.00327531923401264,0.00384532804411181,0.0139592925239004,0.0649152329707038,0.117972338718115,0.00431575127561545,0.0120114302471189,0.000478881728691717,0.00486335676351527,0.0374022683186835,0.00197006271076505,0.00106908404355953,0.00247329109088377,0.103247720253955,0.0203713205767656,0.000917521459360054,0.000879067202322544,0.0331812049284751,0.0220143084989146,0.0293747658553602,0.00272833905393924,0.0324035690362115,0.144631717315064,0.0330979393737265,0.0212453625512688,0.0129544714727594,0.0196331436347902,0.000275528213471885,0.000775146303808594,0.236795809408615
