0.579742053546534,0.0058575159059136,0.006376032082587325,0.036621589663681474,0.07566398699188176,0.01563860462110806,0.06500546118828537,0.028014421198206962,0.035892805948399435,0.009388517546259327,0.005518071236953788,0.01115264005955695,0.00413247715623175,0.0005546558845024,0.008088774684350687,0.010591683410658451,0.009619136595380396,0.007606138222900349,0.001834510139404619,0.005413723459829012,0.008360073886740012,0.004550011719410487,0.01084773848298595,0.0020115969383829127,0.01069586452281255,0.004626772982433663,0.0019503413941723002,0.009261687764624374,0.0046592865659113745,0.0012433595145979375,0.0022127010928657625,0.016867765592436038
0.021596409616924165,0.5420893298657407,0.013497196769244626,0.02914099234963045,0.03138324998320126,0.026678319170884073,0.03223957254002644,0.037530723068930336,0.039258498541501964,0.019081483484247392,0.008533944650618826,0.013023594560056407,0.004449760207161913,0.00285274090186115,0.0048963639626596125,0.023301095979998885,0.004308363432710988,0.005851414847397113,0.0024899647587110375,0.008232392879580604,0.018424061137739724,0.0050222403793152536,0.012353682176273726,0.00778040792329345,0.020239963770951334,0.005858142906910099,0.0025472474423271128,0.011126607561811212,0.0048436095056887,0.0014127361621433057,0.006545704077336575,0.03341018538512066
0.0018265711579129507,0.009084601911266399,0.549483378382403,0.04991725043754513,0.05669424986680957,0.013428974914714675,0.05351188063294695,0.03911348796307011,0.04817207138455812,0.017042000017683474,0.008232376015627287,0.017604664359166463,0.005235150248735806,0.0038845021298828625,0.007134631960107287,0.012520464354860386,0.0023207080965429376,0.0023139505494143503,0.001384180679058975,0.0056419974378355,0.010673297842851702,0.0026934725240386,0.007550130740407187,0.0064856204848344375,0.011325568478389952,0.009595799936810187,0.0021876557769964374,0.022797510195537014,0.007022834532162612,0.001383098004031576,0.0054308755467182,0.008307043437078736
0.0034771345415611247,0.0025463994858295497,0.00861583134462785,0.4860863319887776,0.04407482490045538,0.01942337398953215,0.03441325122979025,0.047341548899001766,0.045917670116197074,0.04469343083823242,0.02478671962307609,0.044471923170639305,0.024808752929355443,0.0023908462563640496,0.010832006472415938,0.03247460574216171,0.0049630067800128744,0.002737645153819,0.0028905300309677875,0.003954022580775762,0.011643045452832387,0.002002175937204875,0.009010083154521604,0.0025682461777898585,0.012749202215374213,0.007788285296917262,0.0026713754682464366,0.038805825766763134,0.0064949971279305505,0.002857091659069,0.008540633331392074,0.003969182338364184
0.00812612346860759,0.003915606908431446,0.006238944481619487,0.03053702451824994,0.3687455672158104,0.14695074456391757,0.030422191476801252,0.06085808613206312,0.03826108227469856,0.040046314239657134,0.02066367935280411,0.011282651518720637,0.01329488833553355,0.0018021353900388752,0.01039841224993575,0.10573943651962378,0.004068642365922974,0.003817276400561363,0.000985971044799775,0.004879911981206838,0.013172815409486562,0.00340866334957025,0.014445731031667186,0.004877022471358662,0.00921194575439154,0.004764733604417487,0.0022284531758393123,0.017119941726753247,0.00637320740069865,0.0018578387702895575,0.005880905681119375,0.005624051185403137
0.00885344839136666,0.0033610255788072375,0.002633254023720112,0.032112661856603573,0.028784495797488614,0.5398664236069156,0.025330551114050075,0.06989770849719974,0.05343170964051156,0.038549856357086715,0.019753241086868385,0.015474356402644674,0.013209908490117838,0.0010158585100193873,0.009043342180779651,0.055599148749372995,0.002661963330482775,0.0016812408485873062,0.001658625871577645,0.004216853330571125,0.0072629363487864375,0.0022718378595593374,0.007166060851973799,0.010499047576654813,0.004097158688549251,0.005521937832016575,0.0027218090182901497,0.016796624162696675,0.00444212050803455,0.0015886355617081393,0.0048408565263400915,0.005655301400617525
0.014352815527500763,0.0065915024312293395,0.005287125842203075,0.07054203922799006,0.058970226744075656,0.060797079969308374,0.37532064075436783,0.04868945202630251,0.027084300343631823,0.05328511649013463,0.025543087026574984,0.014469713107878911,0.013253268009110936,0.0025101539068105036,0.01033685540264505,0.04991731577746938,0.005506619115910125,0.003723729987594425,0.0036086449089861752,0.011488534882834552,0.02506625831003933,0.008285562665537042,0.013805156352444111,0.014725405723078523,0.009715486552417624,0.006484209269337963,0.00271880616386365,0.026083383086413475,0.008798418503443201,0.0038848677265499124,0.012055277701862413,0.0070989464624525885
0.004572616329205975,0.0024034628098569123,0.003881367893074825,0.03651370997306005,0.04691661040257465,0.021511390525866852,0.06009812701500024,0.5930117309843335,0.029970029392788925,0.02553168672784261,0.012481834138905402,0.03337244829580637,0.009314111482077825,0.0015910968549309626,0.006480606772448775,0.015834359859431348,0.0031865026220052875,0.0021826458459104497,0.0029653422281075,0.0028157011699666877,0.008298779312226952,0.0013466152549910751,0.006124917761281338,0.0020399007485458628,0.006560302559391238,0.0053242446860860245,0.0016225280249280876,0.033142886692184834,0.007855208514541887,0.002773177470611639,0.006097614132158637,0.0041784435198563875
0.021894601848643388,0.0028995838078826604,0.0029174371050975753,0.048706829148539604,0.0770921568693313,0.022341499009122627,0.1967935335708875,0.027149358393089226,0.39441550896340516,0.025594133894107664,0.011563746418605273,0.013585949556492626,0.004200700326122474,0.0016023422842530758,0.0078596548468076,0.023486628319539234,0.006214984216906912,0.0049717715278707,0.00394969422348355,0.00718866166682435,0.011093888258699287,0.006236470515587043,0.004925516236638587,0.011558056353490626,0.014929654190587477,0.003998619440691637,0.0022068776898526376,0.018094386106037898,0.006651588159552863,0.003212325003617163,0.006191196753846125,0.006472645294385525
0.0025682275292184505,0.0010881910494477016,0.0010527033714165706,0.03604476391873987,0.059127499851119744,0.015564068852153988,0.031373602778258985,0.029156617606095916,0.03962888893177401,0.5409996110035372,0.03411911786114257,0.056923328868133415,0.01726509674318366,0.0011715411776342874,0.008274135975265613,0.021964333930568236,0.0029071306404467373,0.0014751448225111376,0.0023106143098954013,0.0029626364280149124,0.008077340557741088,0.0008818511669691179,0.004555579549253076,0.004915685771303125,0.006499028156984814,0.007065290306150187,0.003988746646773275,0.04153229518932168,0.010830926715808663,0.0008675766434977249,0.0022585758004802195,0.0025498478471576553
0.003225510391333462,0.0022046866223479874,0.0031240865089507876,0.11935506169425039,0.036379379894922265,0.02058085419497601,0.05806585297114527,0.030889464037588892,0.043446864928485054,0.035775272020788826,0.3678147585079429,0.049266070367273665,0.043201170212962464,0.002778893923263975,0.009226202319937662,0.03661661011964031,0.0024605176578317246,0.0017995400451347571,0.0012724169265930874,0.003158194912958225,0.012052349828725724,0.0038064790684800374,0.007772333970335237,0.006112076611043149,0.012638920451520213,0.00625167217155915,0.0053139422735788006,0.05580405736764456,0.007058658593657074,0.0023673214225203,0.006533469525147613,0.003647310457459575
0.004657539368063075,0.0012975909346019878,0.0015564259639038627,0.025935007172474423,0.07658373904499476,0.008512022504622324,0.0406294985195804,0.02118356990750444,0.04806634067689044,0.014886628125967447,0.007183102565063618,0.49685904279716514,0.03140730989693366,0.0016424083562350377,0.006738091231958776,0.014075537261121575,0.008538793430131898,0.0029380489117234875,0.003134345408294087,0.009028061077910363,0.017567977591198426,0.004140705828416087,0.007714672449649454,0.006926963458813175,0.010164180164771762,0.027059000909054238,0.024691590244161926,0.022579099490934423,0.02888149422905205,0.004035222789502887,0.009149545929929788,0.012236443759374237
0.0029711434194301498,0.0022802095709965877,0.0032993947503431103,0.06595039139452168,0.04850628054346506,0.012689223104511963,0.04188498585320125,0.04568816435887028,0.03259809727085086,0.04190560379295833,0.04817137370708309,0.0917123678284017,0.35482497671976987,0.004147217709879162,0.017425520124235937,0.01742163749341257,0.0034441236205993066,0.00164747905230095,0.0006229872401985582,0.0038237740794220872,0.014326629469201876,0.005550541484787074,0.01294416761319456,0.00964622535555735,0.007064848156439662,0.0057462100959711,0.005085698398322887,0.06534698281575477,0.01484007416681561,0.003012304496440588,0.008980879728347725,0.006440486584713375
0.0014853794760923626,0.0025729879768106125,0.0022188494923725127,0.04398263963963518,0.02775176790150025,0.01145278503811265,0.02212734116454864,0.01472275393534445,0.029242065141758436,0.029475225401013376,0.024398276348752888,0.04068652094931653,0.010123503245758777,0.6030654400809653,0.012731277001588288,0.018572530934987026,0.0023475543637448875,0.0013425326074326873,0.00205745856629775,0.011580113334064439,0.008570644572821326,0.0017898171065578877,0.0063214810877123,0.008268215392613312,0.0035059318364587875,0.01200115560061226,0.005020914807659913,0.027565878723945197,0.00622016878874425,0.0038363780249288685,0.0026028049736912624,0.0023596064841563376
0.003307772409273978,0.0027367924895110875,0.0031491926301934247,0.03652256378517126,0.03499299861471376,0.013185186222926188,0.017069035049215187,0.029975233178108986,0.02477122238367891,0.013438753156251237,0.0114434545832555,0.02341805166875109,0.006806742127232513,0.0032209344194185628,0.6436150756607829,0.008393831874419274,0.006138426218144276,0.001399790619437211,0.0009369039780156,0.008062019095749587,0.009360346088914737,0.0037090518269482253,0.0077409498260656885,0.013770671413097811,0.004204386681834613,0.01012418859980125,0.006687586534740562,0.014810297164266038,0.013137803579530061,0.0041063837516028745,0.013758440560549104,0.0060059138083975745
0.0218050532192661,0.005811060049735157,0.003566613159556803,0.0534709327199806,0.07341070281667879,0.036312137954347214,0.10236095483830991,0.056664295288310955,0.08229768994994671,0.03632232408893048,0.016343738193382203,0.017449721266151574,0.008576979293362113,0.0027791259224596875,0.009355324105862074,0.30476407631243896,0.00428193240004955,0.007405564150886513,0.00404034938927045,0.019650852721293424,0.023266868196327648,0.0101649348326916,0.0110190605282469,0.011801601397829936,0.011553210065700701,0.012647615154696387,0.004158480800648412,0.019048980049924776,0.009054486068993487,0.006189791447766763,0.007139936560506825,0.00728560705644655
0.018516773579579038,0.01354746919705785,0.0058599505888938495,0.023395848652097612,0.08036526481493637,0.008462157422597063,0.038144368225223255,0.013880387059623626,0.07959126338478449,0.014780058075090525,0.012018501442717773,0.010168396198459714,0.006122532478240863,0.0023262656551418,0.006536062105833693,0.02212493224743681,0.505888492991312,0.02738801971463026,0.003237257750305489,0.0030366261274750624,0.017958803525817076,0.007555722882620638,0.009759413465444464,0.0035900562197648802,0.010777630011058074,0.0024481767844569255,0.0038264603846519625,0.012608937789663276,0.003908152924478463,0.0021702585347160254,0.006041615662932138,0.023964144102958114
0.017783072869855813,0.006161143320984075,0.0021051357178602584,0.023105587462089083,0.03982519469801307,0.0096797727505774,0.026643896888079353,0.028271467731928554,0.027421562230106226,0.016285246317432313,0.012666840482272361,0.015535276453225725,0.008774696190008436,0.0023615389612621127,0.007840859457205675,0.020580696723175213,0.0162860692430029,0.5143659959564185,0.006088872077455125,0.017662012733592625,0.04308952391801135,0.009850414454601825,0.04776156390767979,0.011887854428479975,0.014041236444094113,0.006903290914459501,0.001585513339089917,0.02232074902360078,0.006408693645740325,0.0028090212177665375,0.003750720871351287,0.010146479570579087
0.0045535833958632,0.0034909828335366873,0.004501715180684287,0.01699742439922177,0.02144159424414494,0.01426621144989583,0.015286821305717012,0.009456757454010922,0.029174580753963397,0.015476166092155587,0.008168609971707836,0.020911907852865213,0.0034068885862573372,0.0019584224959308502,0.0055873974840942526,0.020392283051668222,0.006377646524679637,0.006223085547091276,0.6597820636246392,0.006185505602904488,0.0268588182606631,0.005535482764854451,0.02767837567263614,0.0066997948758062125,0.009375766879233713,0.006137618402347325,0.004396750254113613,0.011705792216854813,0.0073491732381296875,0.0031534409807617626,0.006322860087165488,0.011146478516400975
0.003117688525300375,0.006559786599652499,0.002907866456579912,0.038259550932819616,0.025269318546515353,0.008650793440247351,0.0125599360046562,0.019826653190212498,0.02385722009866593,0.026400509108277796,0.014838360909129936,0.041580239674936376,0.007113879692414737,0.0013637423004630375,0.008202865422069534,0.014081361996338852,0.004465425147298738,0.0046148005595951875,0.012612566550315576,0.5470734867206186,0.013424760878833361,0.020738082358961914,0.009668467384643074,0.01385876422778765,0.016296472057294713,0.04078500657980272,0.012066933750044213,0.01626431347212946,0.013708084728365637,0.00310374836677675,0.013157139060438337,0.0035721752588134498
0.006514706195336912,0.0035644785107156376,0.0026842967641100748,0.014326807777992563,0.041149024964083826,0.015012640434702688,0.030737163493988626,0.005225882658355838,0.048414628842372166,0.011181175574221212,0.0059167431381585145,0.015910077189548136,0.009469914572673464,0.0012671130406068283,0.006151252392243662,0.0192283982524844,0.004652585900021375,0.0032479926200499254,0.0033837218398774876,0.029657895052085773,0.5466444143358263,0.0016592691851147626,0.011288066515291423,0.05195027011454284,0.015643950911496913,0.011313382490711975,0.003110785222781175,0.01022202735047898,0.0045842967911354756,0.002600694303531675,0.009063106433329426,0.054223237132129155
0.005198860471703712,0.0029049891206574963,0.002134295072725409,0.03521752227468185,0.07081857665620542,0.016206750531491138,0.03039818634436215,0.02242667395227398,0.05693185339403596,0.01988218655393352,0.006976869309667288,0.012066102668107474,0.006326976404471874,0.001782868222771979,0.0036928227259166633,0.020374460751806663,0.005911178957088663,0.024441391106637483,0.018313382413796212,0.03390745025323119,0.009188433795773988,0.43506418982128414,0.010813440177237487,0.0172336952627394,0.07748268390387567,0.009939676107423263,0.0045804767544236746,0.014403555975908377,0.006021669833432813,0.0019250795006963246,0.0036207093879752125,0.013812992293662838
0.005022564805165102,0.002501759074439537,0.002508008810534137,0.011726203352658723,0.05060368563966379,0.0205963882279164,0.032110234145369294,0.006265804946326663,0.11769041028821063,0.010702816290940075,0.0031558755095103877,0.018792634158535552,0.0033751529929098583,0.0013133221218324376,0.004300607608845113,0.037572843508748774,0.006121358210904157,0.0025846776500497376,0.007840717326651113,0.012970201482614598,0.03578883193292188,0.023054580820203497,0.4789073196656798,0.011472865868767713,0.018383519908016673,0.007341118367200575,0.001842649661452325,0.01924679106058695,0.007294101172942738,0.0030855074779335204,0.007368630087302099,0.028458817825165447
0.0049729984021743365,0.0044963329717655,0.0027857149481959748,0.035320090500142544,0.03375978196524193,0.007861707677252874,0.024024637914951626,0.01956549561528025,0.03973041024897387,0.0190926296038107,0.010010667412492388,0.024284639542529362,0.008929059556439838,0.0007101004758437181,0.007155655198301437,0.021286637137044057,0.005387842258653588,0.003744419326491088,0.004083338797891662,0.014884757815764663,0.0619353348880261,0.011454551995871962,0.04630018822083063,0.47321876420680675,0.03941302675731286,0.0087884708548881,0.0120685375888077,0.014112872044913152,0.004200778896085663,0.004369629842185362,0.017751093826036977,0.014299833508992513
0.024544340090003936,0.00580630200177284,0.0018482675468238876,0.009159611977636225,0.0918423312310762,0.011429215830447387,0.11750119881476426,0.02326429452602361,0.05098959565600858,0.00711388668503875,0.009880926311713976,0.015661233963380823,0.004979040697740587,0.0007920844532445933,0.0065260344230039,0.009444178471138712,0.012045406565215312,0.0022952622814531747,0.0022880692065241313,0.013027985680356763,0.011112556233803073,0.00805381536498825,0.018104879329528163,0.026415510033013623,0.4733645340259835,0.00686514806669355,0.002276086978368275,0.014337182806023125,0.00698845239270855,0.001730977576224125,0.003989822701747192,0.006321768077550163
0.0029746925238087344,0.0013155915904708017,0.0020827677544148137,0.03788802538298359,0.042282884354769575,0.0058696071732088125,0.014024395194316626,0.015377783467275712,0.0459379382822419,0.019344448070528333,0.008371470458356426,0.04001374965331969,0.010252927256119364,0.0006070829790739088,0.006990194621802913,0.0085941962613627,0.0038233375237749752,0.0015225246607137876,0.0040104189324253504,0.030982440115952727,0.038437418736058285,0.0038354499424782503,0.015581920109685137,0.009721718342883587,0.016496299052295424,0.5534075958672477,0.016245548877290114,0.022419315758196535,0.011064234462545348,0.0022699510783887127,0.004085750011156051,0.004168321504853138
0.0008025419375858375,0.0007274356333679,0.0014032519370731624,0.025656374781907878,0.045547912099662746,0.007956643815425888,0.0158964851252727,0.014253683382330748,0.040422755595709334,0.01232536122453071,0.006091485007885587,0.05196957682538081,0.00440302769739886,0.001108348821963825,0.003312137834906022,0.0084071748860364,0.0033063362845966253,0.0012257600753174626,0.0017783426764025328,0.025778240683731496,0.02481905602512094,0.00319622625055205,0.014372448941974439,0.014202248071221451,0.015856417526705323,0.08149095959205895,0.5163573023036702,0.026185270809997278,0.016231971526315076,0.004331800546823913,0.007018109647606701,0.0035653124314663377
0.005432970895829,0.0017705112558888372,0.0016452921690310002,0.04763380070254403,0.08293821088111664,0.005709326903596263,0.044708759861020166,0.026088970466809903,0.04914074361037258,0.026063720235905925,0.011775133248583213,0.0784853885103358,0.025375547744654378,0.0015650332016440124,0.013953751411819287,0.0092109454268557,0.0108622001435761,0.003241298300346243,0.004060867545671413,0.006060832869610925,0.022588186239841202,0.004801133971723575,0.0114047178442341,0.0066764539831938126,0.015168423851921499,0.02744137292996915,0.02701735478845883,0.3709168476871521,0.031093492976804537,0.0073303911888077744,0.008523620977564301,0.011314698175116988
0.0035132934135324503,0.004109061811626715,0.0029014915732991013,0.04149451441707749,0.0479665398979659,0.016716128829288388,0.02841217363323352,0.02081892682890798,0.039069141620763956,0.01589310316064594,0.006116639048048465,0.016016523508445776,0.016338351119125853,0.001662406640272,0.007396227577834825,0.023799524960713928,0.008740645175741963,0.0039261758561032496,0.0020153416101858627,0.011473342392860738,0.019091432186129888,0.0009399875632550875,0.004799457942948587,0.013801615809773786,0.015034415757884527,0.02399256453913861,0.037409231013898904,0.034809636578258536,0.4134167535927635,0.0062701798573211245,0.1063157017179274,0.005739470365025325
0.0018454845111884218,0.0015848506083505813,0.0021706393690537873,0.016294196423236214,0.03105918812494285,0.007286067218084551,0.014652404025685687,0.012368236703875223,0.03380612449244993,0.017112427681427424,0.012692589511130838,0.036112108596219564,0.007269567520584028,0.0024941829362100745,0.006416679785457825,0.0184534690769782,0.0030118724151984126,0.002665537781375075,0.0076868101416450625,0.014929447410555076,0.0105671706295376,0.0023324835965744996,0.005125806633519038,0.014030611551331435,0.004006314382120708,0.01974739324692824,0.011074158183093699,0.01965246799515331,0.015971832813482887,0.6314406085352076,0.01068725113820449,0.005452016961197025
0.002516276656018875,0.004043230358658962,0.0029761361439237,0.03212183030197749,0.046490382928853706,0.0074722096815616375,0.025131027002717625,0.021295649623313425,0.03803116087745945,0.014803428433366765,0.0048827668719257505,0.01931791369871569,0.007451854713519226,0.0016867365983505105,0.0033490941648608,0.015447071824803801,0.004089782023166901,0.0022784704164262376,0.001696053998451225,0.006581974709177725,0.01211324094632595,0.0012380067316222626,0.0029546426202149883,0.011440997058264277,0.009436547524187823,0.00720544354663535,0.0069016654109017375,0.03115267278717977,0.011097623592585162,0.004346425865669237,0.6356680790976833,0.004781603791479543
0.009772197880520212,0.005365778760860063,0.0023833095494855067,0.030633398058751104,0.06780023506212174,0.016271351836727253,0.09265249508892183,0.027088388541338763,0.0814779650858141,0.027174685216953022,0.020721800999243527,0.023582285181901287,0.00716016256837195,0.0011976452607758625,0.006166184814787824,0.021135363182359077,0.013189954807425188,0.0016123281280797641,0.0030026209265154,0.021469006481483047,0.016291963844388215,0.004937938196220425,0.017585000049917997,0.06435857386279975,0.043449930572403296,0.008453078443034738,0.00180040919646735,0.012901679975414502,0.00957676069909595,0.002381221107915275,0.006712020179568375,0.3316942664403368
