0.712762813958275,0.00179225967137572,0.00733511957349182,0.00139423923096342,0.0143701759066189,0.019215150020738,0.08142496913177,0.00398501870693889,0.0374722950672921,0.000664724439041219,0.00110021333693816,0.00214077447907269,0.000788845626333579,0.00127098070045633,0.000216999549871282,0.00720812794522386,0.00344814951136492,0.0094105111001858,0.000479067917933022,0.00988632955522493,0.00702362800705449,0.000865107380080114,0.00674021717014058,0.0420259118546346,0.0175030416514339,0.00346018030597101,0.00171819553119021,0.000196689942899135,0.000229607791168502,0.00039258813875991,0.000273711559917226,0.00320435523764007
0.00328286497863416,0.79507897125803,0.00876924733994891,0.00139739484261396,0.0211641219239272,0.00210618920249073,0.0216429181372126,0.0039537532532851,0.0292090153341262,0.00158732696900501,0.00756933398903007,0.0177651107924128,0.00104859316380476,0.00145508562892289,0.00644818576090713,0.0137609922926001,0.00310989503450132,0.00220369924627042,0.007734250801802,0.00419991057591924,0.00290124666405103,0.00271063548259455,0.00901747613719832,0.0109919226448587,0.0054359385869509,0.00772860474081842,0.000278406405800178,0.00167245455116608,0.00423846476209653,0.000333656700031679,0.000257191332636128,0.000947141466352604
0.000402749808866799,0.013814755172936,0.820776082795624,0.00121087315222763,0.00504560648656168,0.00163308492373358,0.0120338293315068,0.000379985824336065,0.0150806938447805,0.000134211318661135,0.0111681520721257,0.050914170944891,0.00685767312772775,0.000739530018565246,0.000154394681939222,0.00292300674537064,0.00343989172889211,0.00110874241833958,0.00272727515060428,0.00165514568102599,0.00498635104374106,0.000473244183994152,0.00141436015640484,0.0161563874696537,0.00165499909725279,0.00475591031199215,0.000758125609729793,0.00215761873631499,0.00955918273020249,0.00134803464394838,0.00181394769391396,0.00272198309413595
0.00461181350210433,0.00436772145533306,0.000166917883679775,0.71313108325587,0.0154476758541074,0.00497292400428727,0.040505843994937,0.0327645154150164,0.0159756273601782,0.00600164494365382,0.00682566423559342,0.0586495431241439,0.00988219822969946,0.00414061981018976,0.00671135167569486,0.0211086703850522,0.00450468685353199,0.000766651543058985,0.000370376508907831,9.6969692340888e-05,0.00558514918047918,0.000518087779901964,0.000238551431008575,0.00364280800777568,0.000884458600372425,0.000571638864736157,0.00614714707846077,0.0205734974692364,0.00651958502406213,0.00258323924184391,0.00114977761861229,0.000583559976129817
0.00132246920145166,0.0133155744670481,0.0015348592020026,0.0189668073926868,0.506963734706064,0.0143918388841224,0.119868702371056,0.00745236447602686,0.0500118735632808,0.0312692961099076,0.0010411275331349,0.00826536577822566,0.00231070644281666,0.00393040905728576,0.00413225863276941,0.144701200159295,0.0012282244365136,0.00106522855511306,0.00301560674146408,0.00797817991351963,0.00617678478617438,0.0013877294080706,0.00528305158830328,0.0025353583140054,0.000945964701524426,0.00872121766399639,0.00197724419596922,0.00543486489764007,0.0174227077263847,0.0014291069472678,0.00349005049111504,0.00243009165576396
0.00046395659326103,0.000287123672672977,0.00149395171327202,0.00950579913221792,0.00851346575325907,0.782154952897057,3.97430212719044e-05,0.0150399897735103,0.0496436920267341,0.00220282720980389,0.00980029500920721,0.0152496360277235,0.00453829120885039,0.00107245186961525,0.00621483301404297,0.05115276436592,0.003556398897398,5.45177885517546e-05,0.000259369796266023,0.000380043524494127,0.00130868811761924,0.00108292082054313,0.0087710600646578,0.00367889960382868,0.001169274649254,0.00470754817714264,0.000632533389308488,0.0080048608881295,0.00349003863374986,0.00380241508599749,0.00138961665290932,0.000338040621730945
0.0123307637854693,0.014766038675676,0.005150700608006,0.0312276650980147,0.012178660166167,0.00456997703917384,0.780193111376038,0.00557196142950999,0.0125627930993879,0.00987139442786569,0.0176861718574369,0.0207678213156514,0.00348068519995254,0.00220789919714306,0.00792305780985942,0.00774130198427794,0.00267213105445954,0.00168084130571103,0.00200603701016321,0.000698903392160247,0.00264417672069181,0.00058423185290126,0.0114688187394786,0.00146604021289956,0.000498401715920867,0.00630896395919415,0.00115279263150667,0.00757231030364463,0.00805384602482744,0.00435921839358219,0.000430021241225989,0.000173262372003776
0.014911031394565,0.00151782019335146,0.00336969891941668,0.0216387274444106,0.00886711372311835,0.0546607691489742,0.00458554551738804,0.642806137467429,0.0803157989017946,0.00629471726120026,0.001339967691202,0.00868650479024099,0.000244900141391196,0.00775154529714599,0.000381047474964044,0.0636618719390209,0.000252484748514439,0.00821998814118296,0.000433349786778239,0.00088846622589408,0.000882236156783982,0.00543947691014103,0.000133426144196625,0.00202688888708259,0.0369915401286985,0.0012060085216001,0.00224605794689945,0.00148141676268249,0.00183776061642309,0.00134385379309238,0.000930892715686969,0.01465295520873
0.00732985638186506,0.0190465953210257,0.0212089955066678,0.0236363381705882,0.0104832199765065,0.110843428153507,0.16294539187957,0.00166335259827265,0.407839351538295,0.00350031652657586,0.00841377429517982,0.0137405695285159,4.07212323579219e-06,0.000421877853775089,0.00772993454121397,0.1496602602608,0.000393156217723175,0.00217461251072031,0.00231230250570928,0.000460425569416759,0.00296757202234395,0.0154155971060231,0.00245805378837953,0.000887304323787878,0.00217835690208772,0.000767987310250846,0.000675991395627926,0.00178042597445671,0.00203963190146816,0.00705051752727964,0.00496542770290849,0.0050053025862218
0.00185306117760745,0.000138245331911276,9.30274372088884e-05,0.0309003784020909,0.00767609058617483,0.00191771733433101,0.0071496592950422,0.00139266388874608,0.00266220464150727,0.684589195984549,0.0044198591593952,0.0788992039343815,0.00269739428458893,0.00156344401690374,0.0316148591193415,0.0278200477486164,0.000333462590301735,0.000422044125309178,0.00224888987212178,0.00112064011447936,0.00389574301732895,0.00423060175833023,0.00177372265115257,0.0102483696287924,0.00216339728839365,0.0104689472175587,0.0141269106086683,0.0148116492103807,0.0463245356550397,0.000775910809294964,0.00159739138007002,7.07317303812636e-05
0.00289372760148208,0.000332315564783917,0.00118672747319445,0.00195815311378471,0.0178077976293981,0.011252490611598,0.0111579220355114,0.00654012878491848,0.00625392213802332,0.00732461732879977,0.67462174681861,0.0294469129563165,0.000725757781022819,0.000737386980997586,0.0117189218124285,0.0263997719444155,0.00481445730825781,0.000555842799785071,0.0119137847379518,0.000499832139802243,0.00573585927871516,0.0108236718958178,0.000381511642959133,0.00231949179892381,0.00320146053507446,0.0287328764035479,0.015685964611562,0.0142034606720765,0.079812908253778,0.000394145669817709,0.00825537573896629,0.00231105593767865
0.0127634564427356,0.00296351671810709,0.00358493897933532,0.00154938218986447,0.0152323623918946,0.00730269588636293,0.0305036378597084,0.00284850260965116,0.00855620104535295,0.0120500080888408,0.00577475295133878,0.655535307861604,0.000324972270600876,0.0101924815602941,0.000241711640226874,0.0243454780164325,0.00164738645102717,0.00120559684151853,0.00400011209910552,0.00543014080268342,0.0344446168299354,0.00150230250409566,0.00680286532473105,0.0311132569318736,0.00326529150380181,0.0158986150379169,0.00741745231300456,0.0334813447291646,0.0466646513668664,0.00332674138496648,0.00922064988923193,0.00080956947772645
0.0019406414246813,0.0103147374531661,0.00986323975836349,0.00561371729164196,0.00968541074312997,0.0150622255552026,0.00725565313260196,0.00294347020038267,0.00668218370465151,0.00931336550097963,0.00157926192466572,0.000791991040530228,0.803013930550959,0.00284011139212001,0.0146356801318309,0.00260728910490089,0.00266336060453511,0.000244189935446152,0.00370008474056052,0.00490032560000647,0.000643642348868424,0.00210854288566536,0.00378658145840702,0.00133477186964231,0.00311051813823284,0.0149118247802856,0.00126870291906372,0.00786883901899048,0.0295885228011043,0.00173696488762947,0.0171659997533733,0.000824219348381155
0.000173180205163767,0.00140607858179749,0.000888472616286518,0.00613277124444834,0.00544325702036642,0.0121211596560819,0.0297745277494395,0.00296807211630837,0.00225352374398502,0.00114997436276396,0.00867329944997015,0.0266914140236464,0.00124623249290789,0.814138945867547,0.0157532452706924,0.00274807442572089,0.00423429050493665,0.000266447570244868,0.00218030515806312,0.00133700299024847,0.0141088790049682,3.3818841299147e-05,0.00472885113174907,0.0130051234070886,0.00650958558905639,0.008788891651238,0.00116983502029263,4.52589694558006e-06,0.00439583923997324,0.00207053142812681,0.00242032953697774,0.0031835142016652
0.00591002714279906,0.00647706766531162,0.00102633428224857,0.00186395906169704,0.0207054976271928,0.00353804297360965,0.00955151784875756,0.00272038485488421,0.010948808188502,0.0171491052869452,0.0193590628669789,0.130496081626012,0.0250505837519063,0.00311804591580006,0.600513341657041,0.0132487125612143,0.00731763845376056,0.000446406196038735,0.0013320857504834,0.00393841600707263,0.000549127955128482,0.00324072489807893,0.00505473560445687,0.00375480067627903,0.00460581316518328,0.0146439963627414,0.0103187406835059,0.0371676375432301,0.0334756612673914,0.000162030510013758,0.00155130463026148,0.000764306985474639
0.00690474663924652,0.00715741946099952,0.00579608243172182,0.00424708863654687,0.0141255996329929,0.0283823474706437,0.0775154203302695,8.16925181980485e-05,0.0754583793044884,0.00147785672664747,0.00308349728705411,0.00293459395227495,9.06077461067177e-05,0.000202541880481476,0.00127162291396623,0.75727390577357,0.000328445640625991,0.000303670498872495,0.000319217733634566,0.000352974123847712,0.00180529552263934,0.00411072512180893,0.000327082900394976,0.000569160177178813,0.000791192515398076,0.000106772070628924,0.000317706301829753,0.000154489460305481,0.000372494125065398,0.00134005792652862,0.00170225701896923,0.00109505615706357
0.0158912921710861,0.000404908946610285,0.00145100005908151,0.020842376584986,0.00160796400399832,0.0144382861741252,0.0365295302291911,0.0031503475266422,0.00401514076798058,0.0150826199133954,0.00289252297188917,0.00452351415627673,0.00152074026925383,0.00113417853960497,0.000700059869451723,0.00260241539998275,0.795449408692672,0.0127492656165279,0.00160821034337979,0.00491335815057927,9.15097317152779e-05,0.00406758749137848,0.00315826506354713,0.00160703357162326,0.00487373092943664,0.024227461402346,0.00523897143611883,0.00460830823176196,0.00823509287461596,1.41676054258716e-05,0.000807019013352363,0.00156371226196368
0.00255694445593436,0.00525223302893161,0.000705342544726357,0.00770534339588399,0.000631467948994767,0.00977498084337365,0.00351126631809558,0.000547631602682694,0.0231604604306812,0.00847428130917781,0.00555900798308482,0.00446188822874272,0.00172099803229599,0.000854157909453561,0.00124267249597219,0.0150029681370863,0.00354927824945007,0.775801426818079,0.00103814788854794,0.00312276804104379,0.0286121700315599,0.0167682183328392,0.00654240994850267,0.0457668295393486,0.00495939925606163,3.04929051358492e-05,0.00103227390688633,0.00113126490803559,0.0151793764886317,0.00175575841359921,0.00160727507542439,0.00194126553173642
0.00545603054939421,0.00194954437099559,0.000107551156787313,0.00175375386829119,0.000563574503467686,0.0146441466476624,0.0317676296071404,0.00255610137465049,0.0098200108749968,0.00329765530551633,0.00774132244103744,0.0455184112940872,0.00717284394950009,7.46577025958433e-05,0.00251368592311048,0.0138465358286055,0.00229423148364781,0.000298039600867282,0.759047245861245,0.000614596578274628,0.00266814977581863,0.00402131649217047,0.00238332597308685,0.014346604489961,0.00834150639644139,0.0015940413330635,0.0137302226060992,0.0205061781258605,0.00122961239902253,0.000305990157640985,0.0197416742524732,9.38090764888496e-05
0.00773764023864513,0.00102901266733705,0.00511019450905988,0.000493894794139801,0.00782930081995357,0.00464301620613989,0.00155954887553542,0.00113078421965509,1.24304572276657e-05,0.000803277197146063,0.000899635544275322,0.00677446403080931,0.00360666479603625,0.00101852847879051,0.000821819843138496,0.017347782943351,0.00394009341938509,0.00170687875565269,0.00513814789660847,0.769326924496881,0.0298914068617417,0.0016297886204529,0.0157716421320764,0.00385009155901132,0.0102383830655305,0.0292738832383035,0.00204206970294989,0.00261319106349157,0.0195095570854884,0.00737818786543926,0.0363730230504842,0.000498735565262414
0.00257955668570401,0.00187853403099494,0.00036678328742255,0.000217409731710101,0.000655945778168289,0.00022688430569778,0.00476624975709661,0.000940531875282024,0.0140031892417198,0.00618551562142304,0.00559400910206696,0.0257844845061505,0.00712797618028193,0.00104425825561181,0.00245996564277678,0.00714256391111769,0.000175138981971713,0.00265071353922744,0.00495713287088684,0.00197700149027492,0.735766310931631,0.00133897519911941,0.0169709079184165,0.043709943618985,0.00789298055457511,0.032883636983735,0.0119702692041068,0.00038675713259747,0.040142159142242,0.00312169128879492,0.0128599836021032,0.00222253962810736
0.0106006461951425,0.00685340783147879,0.00140810990940727,0.00335266739470592,0.00174191507821598,0.00776325473290975,0.020976898425517,0.0024369626288189,0.0670961680630837,0.00218280226833771,0.00549113622847737,0.0309525948809391,0.00149847767151321,0.000480246473554237,0.000633833034536384,0.0524804437052709,0.00836182984943322,0.00414125987143631,0.0258509811166089,0.0218325147185808,0.00771867424695786,0.653800616240118,0.0133768050441124,0.0076497715214763,0.00772284704507913,0.00765749268681109,0.00169511038117904,0.0022473036278295,0.0158919124294984,0.000182687262050512,0.00101979263095491,0.00490083680596423
0.00624485285762587,0.012328441605289,0.000144980229886216,0.00813777170987681,0.0101063763978728,0.0120254210884083,0.0420851653720256,0.00384698747194889,0.0101531901224691,0.00846819473131858,0.00207756870333715,0.0173939224831516,0.010250202238972,2.01598483967926e-05,0.00504339625046365,0.0355966275266579,0.00511851152414697,0.00120969546504739,0.00411270925879338,0.0174084404577604,0.00497004127466791,0.00868989142616304,0.685702412378639,0.0150420216897016,0.0346828306922489,0.00412342609050213,0.007932362732757,0.0020518682765638,0.0142641343448425,0.000406628411279413,0.00624739986467167,0.00411436747451521
0.00828047023716159,0.000249000528372963,0.000195532694097821,0.000157799369179322,0.0017349002914105,0.0026266829088301,0.00260495690538658,0.000693178405449257,0.0209196023175529,0.00151721280313588,0.00203288333091949,0.0148800232495142,0.0021147215969157,0.000528455342092377,0.000904980101727122,0.0014186494127148,0.000521757548332091,0.00330392481677104,0.00599200542896185,0.00517176504501936,0.0310598779986472,0.00496812597194613,0.00758815957106198,0.74538487339553,0.016012231705114,0.0608404493784205,0.00454024515568174,0.00239436669003086,0.0293737538141092,0.00234262755650046,0.0192641820088854,0.000382604420528056
0.0187911838251299,0.023306111598821,0.000733538894584614,0.00915321144344625,0.000520217267657517,0.0166376041073651,0.0347053795163458,0.00392495148999599,0.0014060789899262,0.000674997050599668,0.000165129436709876,0.00148241090697034,0.00376610727115335,0.000612779293467034,0.00117020635381329,0.000700408098660844,0.00332698457498875,0.0209530265003948,0.00102900126778091,0.00205374460419748,0.0075408268146439,0.00176295072238095,0.0168860539687212,0.0219044618468717,0.779768336651174,0.0111718500327053,9.42121453305607e-05,0.0130602770168118,0.000320744019938607,0.000268640916251585,5.42786963774615e-05,0.00205429467678382
0.010426758535965,0.00521995102710756,0.00120846241925477,0.000929242774790267,0.0159845364998775,0.000544823709977958,0.00981411385816003,0.00173229368748819,0.00404221655613419,0.00153159631781496,0.000448394853932387,0.031303582026298,0.0056687521331225,0.00118598318166754,0.00203132827352161,0.0500848702161254,0.00249337040673796,0.00553781649138254,0.0107355792330817,0.000536624910670987,0.0189161459848633,0.00996343614606324,0.0182135608053896,0.000560022987912625,0.0424356849278841,0.568286976398605,0.0157768864089436,0.0124030203920366,0.109564017535279,0.00352760560353507,0.0370616343322397,0.00183071136413753
0.00655364248793505,0.00935756800429715,0.00116073436856779,0.000342483628617445,0.00423083571076641,0.0026236226714922,0.00300919610258751,0.00374019243215119,0.0285536577037703,0.00235754986503689,0.0120818366676157,0.0385928166726988,0.00124939481149844,0.000329305555085203,0.00219549821967435,0.015405244476983,0.00442141313136005,0.00108817503388169,0.0141156561637388,0.0200863933858828,0.0165480298493963,0.0160972510846877,0.0541105335291206,0.00931797348337013,0.0089971089817448,0.00193625371518525,0.684725218732112,0.0110207832237633,0.00498503349570751,0.00193700522407984,0.0172845349120337,0.00154505667515818
0.00960829618398622,0.000980316493105429,0.000334016958014961,0.0080391517665627,0.0145284169975076,0.00822180706594342,0.00274773984455765,0.00326022552594228,0.00439543079495767,0.00697294738137257,0.000381151835975581,0.0446328011748621,0.000163767808252712,0.000521515215378863,0.00831663932813087,0.000310023582114788,0.000554303511346136,0.00333498545125106,0.00651313207692422,0.0036432045136596,0.010416472305684,1.36101516348755e-05,0.0044245087365385,0.00365395644907872,0.0228740394589882,0.00249189107032813,0.00895968942378887,0.793364223425244,0.0225537484661903,0.000695998438834896,0.00248557732491033,0.000606411238933054
0.00273341373222094,0.00156526321849487,0.000632299073535019,0.00336585262747165,0.0244935172608783,0.000501267514297132,0.0346405920051335,0.00012987037224448,0.000350039531314151,0.000357956476216757,0.0138514210841665,0.0541769957295426,0.000304824541059911,0.00338603506002587,0.00554289426334175,0.0323365169304685,0.000503160358409569,0.00187985654435508,0.00304379364052121,0.000343953903113907,0.0109304359780919,0.00323720850432182,0.00100041033588423,0.0303978410110166,0.0158861825827305,0.00521136213271914,0.00304256247871685,0.0311842130992417,0.704096906562824,0.000317066335662609,0.00838458684867938,0.00217170026329921
0.00487887097862897,0.000671553888412681,0.000520976031533279,0.00657495976299015,0.0157176869229733,0.00412485488594526,0.0196118778262457,0.000519697400912781,0.023599102075005,0.000494485790990662,0.00126051139653647,0.0120979224735217,0.0012580034379838,0.00233567066727516,0.00349126030346974,0.0115832375246664,0.00135817339171808,0.010741315283212,0.00172647737977525,0.0158590010275714,0.00272109133515597,0.000279024444637218,0.00087498763234014,0.0074293619476284,0.0188186637728829,0.00400365563130814,0.00812816764265782,0.00425354789992119,0.00470180873093436,0.806319072526535,0.000397798239619926,0.00364718174701134
0.00672641021938611,0.0050897993405831,0.00200268167544584,0.00151204816331023,0.0169543999041296,0.0140021400471166,0.0613601639737132,0.000176472577658724,0.000884823256297542,0.000670498307202356,0.0159584261181826,0.0746852914598056,0.00203416401454759,0.00322255755729066,0.00110263030374557,0.0163431986102606,0.000900326464985303,4.45582784407319e-05,0.00308920035755855,0.00562208616498569,0.0193692098766245,0.000845124805634976,0.000205194577790892,0.0270402511088329,0.00103230280408731,0.0144462724349978,0.000652416760455538,0.0453356773004843,0.00673251747369894,0.000246091682452051,0.651215320114369,0.000497744265926098
0.00840808775922364,0.0164982978766722,0.00456772942577736,0.00257356176535679,0.0145987101241832,0.0040652617940492,0.0235463513394238,0.00254466696140998,0.0122422978576661,0.000339217211020493,0.0102046752691447,0.0025296152207401,0.00069530931345829,0.00269242441383692,0.000749222685749329,0.0439921671673082,7.8555389404629e-05,0.0110625775187033,0.000253329227228502,0.00937599031518728,0.00740860399340134,0.00159735339204684,0.0179385670154896,0.00819418857153073,0.0202417153501199,0.0152836637992599,0.00640064733251857,0.00310195692475352,0.000475783126423599,0.0003038558133159,0.000703955926730252,0.747331660118866
