0.71986151134292,0.00500336074426437,0.00448811103331751,0.0200919945731014,0.0350412696774071,0.00408187130161973,0.00443942180257447,0.0287908914210954,5.94066499760243e-05,0.00503894209174209,0.0013270124297381,0.0269949223965014,0.00477283873257023,0.00319884038489786,0.00425734392583836,0.0152661827093897,0.00940785697150362,0.000238125943008123,0.000780878358432784,0.0029500698346633,0.00351633702416771,4.7621640868118e-05,0.000246499320644257,0.00405924865764175,0.0182378960661111,0.00155571609509419,0.0132453371736903,0.0487873762988263,0.00656938032992954,0.00194945507624178,0.000708805839538753,0.00498547415268484
0.00529399778211394,0.310736394502363,0.00236785049502157,0.0384391355931829,0.00759632152233402,0.00189401916641212,0.00545684148262384,0.0243238409628866,0.0414291091345765,0.000189459813289844,0.00300570503155602,0.0609577824991956,0.00347884291975417,0.000432032461339887,0.00030213249117693,0.014616097703578,0.00100384186353881,0.00375761757697468,0.000950879634240543,0.183228546922237,0.000780720850555761,0.00909046697161532,0.0321113478706681,0.166649508780858,0.000644826875619503,0.00963381232566604,0.0102772680806246,0.0361690856542268,0.0155890160285444,0.000820505105688013,0.00138395129747037,0.00738904060006652
0.00322384546812312,0.00602322604360526,0.487632933273009,0.00982069995513907,0.00435810098098676,0.00547311486810171,0.0173179674627456,0.00786358554210702,0.0215968166857961,0.00300908983949937,0.00137406159926684,0.00798038713113803,0.00217219480925961,0.000628861861488342,0.0105875577578076,0.031532903110931,0.00151448380976877,8.51779006571951e-05,0.00187548523516941,0.16797551920904,0.00232835939244995,0.0182184580850643,0.0359144764359106,0.107116687017282,0.00679808397754984,0.0187642971118863,0.00337469326387659,0.00968028781029262,0.000327293106649669,0.00176338550607053,0.00133872446301247,0.00232924128631528
0.00171018119927744,0.00180490092985066,0.000450478661082734,0.4140840183776,0.00206576302871386,0.00493880510989122,0.000119535994813317,0.00415491455024651,0.00975567618209918,0.00129467033659677,0.00768622934700313,0.255610262410678,0.00758489851931613,0.000379787938914737,0.0229538967583464,0.0213303625831874,0.00211579958347603,0.000993593432473741,0.000487338908251905,0.00330665590151059,0.00126308526586999,0.00880630472512942,0.00869195840693429,0.00648650334844802,0.00171726125540229,0.00328878643185124,0.00325119994767686,0.191112130426603,0.00691639333699343,0.00021654664735718,0.0036254532467368,0.00179660720766814
0.000641573462068299,8.98790274453673e-05,0.000636913018759899,0.0620406140011457,0.521749314213336,0.0141732944721088,0.0827396042927189,0.0983771513528322,0.0177737427142401,0.0151900201505447,0.00309393806119796,0.0282286844883183,0.0116567367208061,0.000788999066937381,0.00801822469966378,0.0336797157320244,0.000527966837678573,0.000525847927616567,0.00148519871172374,0.0283429899655765,0.0017454501991525,0.00203965704807276,0.0139663494690699,0.0216505037046776,0.000394207240683719,0.000165753586766568,0.00141996219225999,0.018033785134734,0.000864988994603153,0.000934383914436873,0.000477952141916047,0.00854659745688293
0.00196186365808199,0.00339834590306391,0.00227812882123224,0.0206177817730009,0.0243211166262192,0.64281514177107,0.0455519264618446,0.00417548196971837,0.0477590783627725,0.00627861543297148,0.0253519308201553,0.0410229642485958,0.00362646534622173,0.000367628407606198,0.00428759099183907,0.0461695541531377,3.96127941989342e-05,0.00259903549204868,0.0025894948589726,0.000739259762657945,0.00101413414329575,0.00899404495870729,0.00299300720798139,0.00142212870157794,0.000965199239567952,0.0010690546999727,0.00047107930043567,0.0277210192718614,0.0101410226373857,0.00144512051231392,0.00058715740432238,0.0172260142671692
0.00757112866210429,0.00515639861163806,0.00145396980780637,0.0168701097574734,0.0321316248148135,0.00569872847479807,0.424771535105668,0.038688269911506,0.0275700738759705,0.00908979232258789,0.00138430922434774,0.0169993132858242,0.0360872807471415,0.00308849699742281,0.0280597157115371,0.0525343116147152,0.000998809943719771,0.00238886629963669,0.00102728554643063,0.1327347323682,0.00747411835436393,0.00588794048943276,0.0209156996146582,0.0979569520860525,0.00064556716256089,0.0110517004524089,0.0021874485201114,0.0063715293581722,0.000947926566049082,0.00126552872527061,0.000865205197305034,0.000125630390272889
0.00176217055629009,0.00112077974497601,0.000524802899493267,0.0116297978426672,0.010029633968793,0.00494279922331088,0.0164110443380997,0.477117970999579,0.00139040392370946,4.52533023739554e-05,0.00891071499630475,0.20900339518223,0.0103261132117604,0.00017265317515401,0.0279553599317498,0.0172622441402382,0.00309342621899504,5.14046706302251e-05,4.69079944111448e-05,0.0343129795355965,0.00185897468284735,0.00154336047573536,0.00172720907208936,0.022218244858002,0.000980301172444482,0.00050962781934701,0.000228218637399723,0.12604267981715,0.00682940487998352,0.000235782311007131,0.000927399350466196,0.000788941067165814
0.00551983853415372,0.00808123242705793,0.000171132399868676,0.00706498936554464,0.0713045879507403,0.00161534291888979,0.0389265288755739,0.0151957396790652,0.571455229724654,0.000944676846794882,0.00167218268370583,0.000714373665918089,0.000549727342481164,0.000513738900299576,0.00462091642839831,0.125235341690658,1.64771609806603e-05,0.0137712959521992,0.000504354597126322,0.0456409612202459,0.00876464741229202,0.00314521783298785,0.015658949281361,0.0338450680995504,0.00594483088307028,0.00218491899963826,4.03299296775825e-05,0.00442383076828783,0.000614513819904279,0.00300399945435874,0.00248483743390408,0.00637018772061235
0.00278349919775709,0.00201899995296585,0.000318824568970881,0.00989673706206195,0.0314569071095033,0.000601196396108695,0.0355937196128191,0.0110442413622658,0.000756551964802466,0.393295349155695,0.00051566461907936,0.210508005743293,0.0135073611731737,0.000713600733482522,0.0095033258634216,0.0118196941364895,0.00215354735860076,7.72446331471404e-05,3.7695103809062e-05,0.02652883523749,0.00531185903041566,0.00605075766502995,0.00931001092944877,0.019763085842764,0.000732071163096448,0.000734928958981456,0.00749875825316002,0.182537271538257,0.00164414608423592,4.96227532509715e-05,0.00186849578694599,0.00136799100947741
0.000571598024845679,0.0012368530460876,0.00296761719646674,0.0171694411635628,0.0444933973567723,8.12745993566842e-06,0.0203234947067087,0.000706282185232649,0.0390780997627043,0.000557285187779164,0.521596921493682,0.146037054007208,0.00916234338617616,0.000234096910921229,0.0129207094665858,0.00136137005973712,0.00405914787685004,4.34671172649258e-06,0.000331492057306536,0.0306182539594913,0.00668263783772326,0.00214488927970726,0.00967586205645096,0.0222730877544295,0.0223254461597892,0.00362999638092328,0.00112136031140615,0.0486372025961938,0.00794440283172763,0.00642225738043112,0.00912219684902917,0.006582728542409
0.000439645042421502,0.000601523319766948,0.00278470611895862,0.0019704059753495,0.0125596889279954,0.004285751933779,0.0110290103637666,0.00611756308069114,0.0109675289026739,0.0251390276897132,0.00811536374094932,0.739679773150981,0.005706398018512,0.0001750187733836,0.00298339958668271,0.00716404981418848,0.00141398976604522,0.000348676805357443,0.00116008973886763,0.0519895833896895,0.00256058569373647,0.00179425919744809,0.000834319200288214,0.0363801024850226,0.00487563004097457,0.00520267641903072,0.00204333318907505,0.0411083118935873,0.00408665094660874,0.000369076470569738,0.0043817307209858,0.00173212960289985
0.00023440567646453,0.000385654636212334,0.00217415192564656,0.00428571809628582,0.0304210993894456,0.00114780232740126,0.0515799519833126,0.0116570433153574,0.000982305721813359,0.00587973919514542,0.00155032894161902,0.00534316897274354,0.616707630913543,0.000285009348838321,0.0432521957036194,0.0173521218532343,9.14346148562973e-05,0.000824798955101547,0.000680599866389628,0.0976812200524281,0.00069253510552918,0.00394857531762761,0.00735662846692546,0.0636725792731983,0.00528816424824674,0.0055812228196031,0.00268624271854363,0.00678112462905257,0.0041906468883655,0.00224482425247221,0.00207710338249124,0.00296397140848663
0.00113159852109779,0.000159926772140566,0.00179559527520869,0.0188397558965892,0.00196434667061648,0.00708671683072884,0.00442438727454574,0.0247673028609225,0.0161473934538627,0.0139772640797446,0.0111834817712257,0.0297171958298681,0.00348808888981636,0.720562293507976,0.0304629728802846,0.00293894837150688,0.00232471760678076,0.00069985513331449,0.00482425248638598,0.0134934163261412,0.00383319635255352,0.00484232091302966,0.00208785967120573,0.0231343885758848,0.000384852026758182,0.00525217509123731,0.00337072101406437,0.033620083561065,0.00493141704463807,0.00285689132521143,0.00174362132789227,0.00395296265770247
0.00104051652541506,0.00104197257731336,0.00670208857427631,0.0145581710240089,0.0143964439185941,0.00190640657510579,0.0143314248043017,0.00442803717687115,0.00412831582623129,0.0089928520516369,0.0169499978242996,0.160073267331146,0.0125729972606669,0.00276029767649406,0.406682270197879,0.00512049401921879,0.000928517461315435,0.00217999017458017,0.000223195715011673,0.0665940475871171,0.00228115355955497,0.00686311278316765,0.0289880275330885,0.0408400659625192,0.00298462942274591,0.0198607445127406,0.00958607950049407,0.124818018497713,0.000609458231019721,0.00434005856909061,0.00899383476408978,0.00422351236229242
0.0116116263833705,0.00825436704536016,0.0010973390434095,0.0105018964728368,0.0703067241743303,0.00208559373017755,0.0475115919206709,0.0215883755409972,0.0662340678374971,0.00112105822401147,0.0027672837454958,0.0038916236252585,0.00584204791450695,0.00205008596209668,0.00942258638230217,0.297362101470697,0.000256866100970845,0.00725627301149518,0.000383099723092687,0.215599637703744,0.00548992189893124,0.000620168254855278,0.0489868955025292,0.136373090067621,0.00309442179961545,0.00179492348001947,0.00289210761622109,0.00660030896819661,0.000100577244955271,0.00376167040975141,0.00179799383548296,0.00334367490949935
0.00566466428771765,0.00121193207111397,0.000421809582184049,0.00225157045902369,0.102924284228047,0.00125165615476798,0.0641666822672076,0.00317187734167364,0.000985617485105393,0.0057666628831436,0.00688855159747398,0.00709735092964239,0.0137189438497773,0.000977448387038587,0.000852311261257764,0.0763457199675948,0.570718349377744,0.00583417438494681,0.0032770966774257,0.00799307877647409,0.00278821129875318,0.00497407332243178,0.000262205678386382,0.00582356995888063,0.0391138970077949,0.00328444071466877,0.0149392465558674,0.0333827506832155,0.0013857930305807,0.00178895784254711,0.00130236552069357,0.00943470641682062
0.00331132173813847,0.013063007042659,0.00533229297117923,0.00307891597484136,0.0750862537978763,0.00393951180633852,0.0206380624202722,0.000150817871464955,0.0115203346254683,0.00452575351165579,0.00996266039493636,0.0287193351691818,0.0189263077331435,0.000287006989448308,0.000179202569105169,0.024641871068933,0.00190700081661519,0.544051211610223,0.000156076130612262,0.0745143152615199,0.000917587550946467,0.00304615686557541,0.0281924658925236,0.0554148425357242,0.0118010314424222,0.00913793256038888,0.00496745269048905,0.0167593424405406,0.0205431198826287,0.000613680703623205,0.00204737518343532,0.00256775274808984
0.00113107332923241,0.000285913751750801,0.000858463663741318,0.0857876793796034,0.00480010891432839,0.00121472117409133,0.00730065485486826,0.0685800261645824,0.0182676284596768,0.00216996144763789,0.00728381693520928,0.00303109871274965,0.0295285462476658,0.0030349251537964,0.00631109539003171,0.0180384566764787,0.00493652298301546,0.000276734459064678,0.529931813126357,0.0121914898109478,0.00997511243943306,0.0167871550942731,0.0724138145685503,0.00159008728758387,0.00480161158230001,0.0378653670382775,0.0115657159428943,0.0242779664039814,0.000901651213157104,0.000713719865987713,0.00343784852920433,0.0107092193995276
0.00778664965460614,0.00233798811982911,0.000494945844979463,0.00264357432951329,0.0586080253730129,0.00116256751990723,0.0461408427201064,0.00834941591983166,0.022541911610918,0.00527887653660439,0.0105280150062281,0.0157754141773412,0.0109772863812557,1.33042964332321e-05,0.00728755719729735,0.0963918253652823,0.00400776312681811,0.00221050740937416,1.62691143494022e-06,0.210141294803675,0.00328241273313273,0.0013131569244187,0.0218018300705268,0.37221291337632,0.0174479860837534,0.0361337468775812,0.00250581219056281,0.0226710219293624,0.000108437033012657,0.00211502188485501,0.00747766770547397,0.000250600886552573
0.000141682826587628,0.000623747897955232,0.00121458125538155,0.0193963027528059,0.0172771649553518,0.00249385431036347,0.0142158155855394,0.020413387374417,0.0434495848174327,0.000126104519599278,0.00351451631425527,0.00168770703612678,0.0124128458876851,7.25172380613757e-06,0.000326570647786883,0.0251430188759801,6.75520271748117e-05,0.0038365189613225,0.000191115761824848,0.148211424851207,0.438806801681048,0.00672573732829464,0.0436326290650249,0.15218914415167,0.00248644251585189,0.0027897774972005,0.00309694866245511,0.00853307663141831,0.0061329142823004,0.00832153643175708,0.00704105288716288,0.00549319048321328
0.00287053211499826,0.00900528913972084,0.000865777640952271,0.00815978277706519,0.00969391600341517,0.0058839997620312,0.0160704078049,0.00159712970357366,0.0720654857152096,0.00603688678198853,0.00680696131181455,0.00665643300977921,0.00178598661890649,0.00041789524473348,0.000519658168054131,0.11974840619066,0.00240662837961373,0.00976330609463096,0.00305637459318269,0.0832940235212915,0.0114063333373072,0.470832351616519,0.000264635322919369,0.0488811389339692,0.0212128251826349,0.0162384229558742,0.00103899018976996,0.006029780501832,0.0016114633750661,0.00141389724403498,0.00107002360266891,0.0532952571608825
0.00227152387195902,0.00267590461948594,0.000821214189118656,0.000341569221330084,0.0133691174123302,0.00072933802713018,0.00529115767533256,0.00483149608303891,0.00710011457099434,0.00251577825529263,4.70083251452565e-06,0.00555676554094874,0.000650862321247247,0.000400848998366694,0.00934890610966367,0.040960241388171,0.000484452209839667,0.00393161673930093,0.0010686633172279,0.0533928216670554,0.0112561882028003,0.0559338184782502,0.702631862055739,0.0105690703398444,0.00139886580959611,0.0364337013044914,0.00595679777794073,0.00195678990627353,0.0052615756324578,0.00107216572138127,0.00119455447688791,0.0105875172439887
0.000822101393540506,0.000152372134336602,0.00028595249896598,0.000711008812071492,0.0139605955971376,5.92654263936266e-06,0.0122097875076558,0.00509284571628345,0.00978525832007987,0.00171406433882276,0.00114901810793535,0.00415405991345993,0.0024971936494673,0.000161305898878302,0.000382268389687254,0.0266780506370036,0.000783678019550464,0.000936502703210705,0.000164483235768103,0.174472082627196,0.00226583330105273,0.000750089351323888,0.00530769608543726,0.711025754455322,0.00466598360967477,0.00650733364532087,0.000459209316922707,0.007035633471492,2.69307528464001e-06,0.00155152221959996,0.00393422171793263,0.000375473706945576
0.00324909183976589,0.0107855047654232,0.0019972218153307,0.00406809247526226,0.0171935887241701,0.00241981618063054,0.0306551181044738,0.0112858114580791,0.0845536456139774,0.00608159718626156,0.00765579190527399,0.00526943580121987,0.000302404888532658,0.000709990554262261,0.00261459145582874,0.0774294084461057,0.000591507642494711,0.00821986488386754,0.000428357303117559,0.181974716639555,0.00241232018824396,0.00327261174060346,0.0175421562287844,0.154406451242459,0.325317393100422,0.00646809972981515,0.00336995240159034,0.0124688427586039,0.000259848714557075,0.0074906706957272,0.00921892099897904,0.000287174516581174
0.00185467786371882,0.000479031184231752,0.00288709081163717,0.0270276174525342,0.000330704431125064,0.000383103696743752,0.00354772661131337,0.0460747716770892,0.111918329036513,0.00064633878412548,0.00908650109081967,0.0506700880502407,0.00361881667560476,0.00057427866236896,0.00205337918694276,0.0587278182910674,0.0067825263474422,0.00334935892015058,5.84425051287254e-05,0.0475812426841573,0.00405691773729884,0.0202701942679198,0.0751039476702818,0.03023921799313,0.00151192811600836,0.427599164968494,0.00388231860289096,0.0388920552713623,0.00232561806896191,0.00268615092450964,0.0121706420953446,0.00361000032084314
0.00144997458494287,0.00032279610069978,0.000643930406148963,0.00390784852554813,0.00670602449907853,0.000513763690308958,0.0114583202456276,0.00700344292753441,0.0137193532978771,0.0234930672558586,0.00850992539265065,0.0895776628182021,0.00144737661468568,0.00381489701679226,0.00460165473282415,0.0156868573997069,0.000329047888233403,0.00333412644119119,0.00165333784307566,0.051452335703503,0.0016203400781174,0.0113434821870103,0.100012624515935,0.0577320692365017,0.00491288327392462,0.00646872593278411,0.486944823770627,0.0403436307758055,0.0253139842819372,0.00108075581045697,0.00416031291424206,0.0104406238381683
0.00102000377624958,0.000746297474925032,0.00157553490294778,0.0157749937470181,0.0533905250850017,0.00704181291727399,0.0229830149251661,0.0194675319803698,0.0208019227768141,0.0354265046505056,0.00453059966576347,0.00138251271629991,0.00604991135341548,0.000754727451772612,0.00637289293991333,0.00282898184478805,0.00017712303849213,0.00150338553360421,0.00264666571247619,0.0477303860324614,0.000210294845172319,0.0033240413642538,0.0150562368392789,0.0333016184562289,0.0280150174274098,0.0126165006879617,0.000772097248181337,0.631349297263659,0.00504652903450171,0.00256173694572834,0.00821507899058636,0.00732622237177884
0.000117609264881379,0.00102881674547646,0.00039879595974537,0.0282009076132969,0.0684978150489412,0.00162172627596964,0.0271412026594124,0.0219219158963386,0.0244822532409452,0.00212044192013601,0.00602129413073639,0.00176512047795339,0.00457975070909287,0.00124070052115037,0.0152702133940242,0.000540388096511248,0.000198835884339949,0.00123350059497083,0.000543668336309045,0.0362160206757588,0.00585698607902635,0.000994472977820253,0.00550742411782622,0.0374422139845386,0.0135626728157627,0.0196679095893529,0.0254019810064628,0.00571399832523739,0.623103894892887,0.0021954541364858,0.00762390481098302,0.00978810981762637
0.000337387486994086,0.0027231122678345,7.33940147552241e-05,0.0191001320825932,0.021924930466594,0.000326664013041692,0.0329650315507668,0.0183503137709961,0.0242217081363497,0.0126395722872879,0.00985847996829422,0.00783082912356374,0.00998970470596648,0.00161637670016968,0.00356850963730835,0.0319443808863959,0.00015073164623304,0.00136156686023415,0.000240710939394658,0.214185730770298,0.00956737905112316,0.00469494837954396,0.0368770129662747,0.22445873849954,0.000287216337031645,0.00100952557244901,0.000711778897145753,0.00117272975207012,0.000110590385693802,0.300396327258027,0.00703966606777092,0.000264819518258119
6.94273731617677e-05,0.00043199130421379,0.000418885341803891,0.00322214886821259,0.00325072902888715,0.0020630401149251,0.00111093166633671,0.00519927002127115,0.0901866429167383,0.00418372641257723,0.00714726149032057,0.054019392015593,0.00521044743146295,0.000253457195803992,0.00406225701058202,0.0243022741256859,0.00154689273900164,0.000443003180144761,0.000828171058904268,0.117871357018584,0.00176325193901524,0.00837999748581841,0.0496674158571251,0.0870552995839229,0.0109973395322821,0.0446306756952031,0.000218942189251066,0.0923478239813598,0.00133605747802529,0.00782370078855289,0.367530095217467,0.00242809393776668
0.00181234458812639,0.00496665745355915,0.000442648073646377,0.00447700857019394,0.00637869289450039,0.00092217596056722,0.00992238326791973,0.0130099778165503,0.116800997060608,9.71663066565175e-05,1.54657130005877e-05,0.000336358237401548,8.46335388035767e-05,0.000288846218757993,0.000540817242247606,0.104108034272009,0.000175785053495504,0.0129370758762205,0.00301275176370446,0.0603602655865751,0.00542785991073656,0.0130895586801602,0.0182715426222436,0.0607256972775549,0.00550603615869622,0.00283154466040228,0.00118197812274776,0.000597531910422955,0.000273743188866801,0.00376995292784492,0.00404309946705102,0.543591369578729
