0.450574531243755,0.00595190605329975,0.00120554702074924,0.0636459846275175,0.030398839456627,0.101287629800927,0.0482868954269444,0.0312324503558732,0.00889586086729301,0.0076690234070873,0.00541867519024205,0.0479135518964257,0.00448546131045464,0.000240014344072408,0.00331711314623778,0.0241054824912975,0.0179964267662834,0.0115181951803141,0.00083701418680103,0.000119882515079677,0.0192449689954899,0.0107462496077125,0.0179964783221793,0.00597585107523747,0.000156796732667359,0.0142314905071599,0.0240481120274572,0.00042081041648417,0.0315144356484583,0.00202937001108689,4.75016565162822e-05,0.00848744971226914
8.87878681677431e-05,0.568577076238842,0.00457292343987783,0.0478410940309495,0.00164627047200953,0.0759471841609879,0.0976319729833472,0.0167583724338547,0.0198145719314476,0.0101303173960648,0.00448086135834355,0.0125862907355567,4.93226362172804e-05,0.00331713356979097,0.00100376349689664,0.00345292423324021,0.0149448197267225,0.00842792023873989,0.00141356241837964,0.00122965520227751,0.00702207842090984,0.0143079517420501,0.00376489646215712,0.00125972464403742,0.0316086518848428,0.0195145274263809,0.0182863757559501,0.0037033581978797,0.000369460961223326,0.00193534100535725,0.00391550722896491,0.000397301698533059
0.0119449629132821,0.0159537421976308,0.540506337569538,0.000976826905692268,0.0287162877920227,0.0265741786419558,0.101517733255604,0.00247883735785405,0.025924281651189,0.00324539346329928,0.0065112347118949,0.0193543753046581,0.000985941384182421,0.000644917551381384,0.00472915958183657,0.0828200183005639,0.000143869695355649,0.00280754335527538,0.0012330356805816,0.0060436959433058,0.014176281766835,0.00310548345690655,0.00138786468249702,0.0510857843414444,6.5689894616475e-05,0.0161943618095826,0.00223916510268568,0.00166378161133091,0.00122169961281778,0.00020553833860903,0.00199635913497202,0.0235456169905985
0.000660421316904268,0.00325533567893173,0.000405679673025997,0.434394631392501,0.0200591606414858,0.053841929462979,0.10761087756271,0.013030146458616,0.0228394404533989,0.000635202707837775,0.0120289003864112,0.142150035447115,0.00285945894338445,0.00263756197867498,0.00634123198921697,0.00626365301193336,0.000139795815087034,0.00234638133257832,0.000113021186907021,0.00972759601916418,0.000849157254222919,4.8853430004787e-05,0.0120194046150794,0.00622793806155486,0.0033117546098448,0.00603699023039188,0.0451496139924416,0.000971764208452189,0.0778378221190725,0.000506642241573852,0.00494836124652244,0.000751236531976167
0.00542914594450771,0.000483842298242247,0.00149665658679812,0.0396482809649968,0.647073614256817,0.00557001137308581,0.00253310389118801,0.000580209517571094,0.00631082450226394,0.0138837446040238,0.00352327971062504,0.0626626171016241,0.00744919686861109,0.00152302856797681,0.00275398464876343,0.0320384269679102,0.00242075524546501,0.00609896593380796,0.00164011916973957,0.00960411589486796,0.0221267977208601,0.00309945637738151,0.00472165314242853,0.0362454895529029,0.020042267692103,0.0166253944505754,0.00139360357370239,0.016076706325536,0.00473281675003805,0.00290782279390055,0.0132951762534496,0.00600889131823674
0.0187964342016281,0.00178788890503486,0.000222501543031798,0.011113305162715,0.000609763066234583,0.485038804925911,0.103062543245019,0.00921723013569847,0.0123164749177888,0.0119725841908703,0.0170575774839617,0.0726427266272875,0.000600182763546379,0.00388120301705261,0.00690021458515142,0.0317839635431007,0.000601436219675014,0.00160131718576231,0.0073320235611786,0.0159285245453798,0.0232458649577734,0.00696245662031749,0.000801691073762056,0.0869747895512105,0.00403626200940197,0.0294734852232323,0.00282492576987369,0.010109690919603,0.00393736444991632,2.70579320456996e-05,0.00440119896767688,0.0147385126991594
0.013514100087915,0.00332289241279177,3.01597811615867e-05,0.033274660691896,0.00086209724346307,0.0222072910577027,0.65582761020113,0.0051088341213981,0.00677562120415433,0.00651935908967031,0.0154657057581542,0.0409716623177545,0.000476116182668172,0.00166235418900744,0.00259890427870247,0.0236214795026872,0.000747675372940381,0.00256178827975034,0.00325624054157675,0.0111709141254094,0.0230505998439127,0.00764183376235909,0.00172698007774792,0.0603809215422773,0.0170867752523137,0.00877971090579976,0.00075273121274094,0.00434960387197518,0.00465267132102906,9.45797308099811e-05,0.0155251953265721,0.00598293071252871
0.0013301101222273,0.000153081558225255,7.89775049214637e-05,0.0047895664448848,0.0459933762665388,0.0139188537534491,0.00355195237211256,0.455891521798373,0.0204458437336957,0.00429986577089287,0.0194238815418012,0.171198440723792,0.00393212189607062,0.00592472594732564,0.00667486236104535,0.00551315935114414,0.00144488156832685,0.00771049541335012,0.00110597653244515,0.0150021305692642,0.00466616342414958,0.000991812042347784,0.0195242867931931,0.0108568189276546,0.0143152219965264,0.00278347975712642,0.0628141075646446,0.00315454509410941,0.0865824478118574,0.000162487056070019,0.00248809211867243,0.00327671218376291
0.00235223889406767,0.00508459760489435,0.00407898766089991,0.0266229992811024,0.0265506186790941,0.11333752914825,0.183539122361452,0.00376627202769931,0.367668959535619,0.0015090637184823,0.0191899688733383,0.0517172642304465,0.0023759802908294,5.1292370064984e-05,9.57576616822683e-05,0.0830960078682763,0.00205370838538806,0.0081029234588042,0.000658716689122906,0.0109776429411589,0.013300665577855,0.0193396546717577,0.00436243479958034,0.0147806117158632,0.00437859181615597,0.000270026496362795,0.0104296161791813,0.000547924620426911,0.00409322407693764,0.00166364008329198,0.00371498463016076,0.0102889736517539
0.000223920485475855,0.00343026331428399,0.00140076366630157,0.0352014959458337,0.0345218565962842,0.027743236926363,0.112856176305337,0.000577937036004106,0.0675805024974978,0.429636136805066,0.00407704014119122,0.113960670985341,0.000322090067126364,0.000131509209143131,0.0134418517412905,0.0699796432385783,0.000553321824270442,0.00180656664964429,0.000684210562023161,0.0164521809315407,0.00149822363695097,0.00237349146327965,0.00090096034843744,0.00765376334406124,0.00122677835167803,0.00339552499186478,0.00770893372029724,0.000114118996894947,0.0377579735250449,0.00165040343602881,0.0011075019199948,3.09513368701583e-05
0.000414739765801544,4.26072131474653e-05,0.0163253687088626,0.0608173526867596,0.122010541891843,0.0445644496508276,0.0168869128760135,0.0330565284521472,0.0131975874651164,0.0268426235717696,0.556116558743492,0.00561909154172593,0.006627511774562,0.00622809981385507,2.64809401575543e-05,0.013716064390648,0.00221012718911849,0.00209853780989192,0.0022975021925931,0.00357246293266709,0.0163464984821576,0.00112490920437987,0.00660336939651433,0.00503770368811981,0.000846054343931663,0.00271019593745762,0.0134523597416953,0.00110514076304212,0.00263450628389417,0.00234056166090603,0.0112777263661016,0.00384982452080008
0.00049673817635416,0.000119383929620421,0.00909984049598,0.0140162667549788,0.0157056972673654,0.033125383836203,0.0312280015467256,0.0038706025021397,0.0153543209581709,0.00905256617015065,0.0151709862767526,0.593076562588353,0.00464395342275851,0.00410174267981646,0.000681932604455485,0.0561206738479172,0.00155204766467285,0.00247159677089001,0.000459492044336346,0.0181313260117775,0.000300740062268184,0.0203366025923064,0.0120231608275825,0.00443619409256231,0.00367365865636591,0.0241955395709058,0.0156124644544316,0.000766654037372395,0.0768531722340365,6.74429494064773e-05,0.00738908735494462,0.00586616761839851
0.00267518430208624,0.000420770727532753,0.00138262957867692,0.00613581105676486,0.00337796055484451,0.00425031647026291,0.00918692246468506,0.0063505536074064,0.100893039964399,0.0554037131186353,0.00433672111217282,0.000920663960884844,0.3735822427203,0.00215205147015629,0.0402725103674572,0.104855146134333,0.00113997044376424,0.00607700562532361,0.00301110660731536,0.0553178952871629,0.0173254269598707,0.00717301970391087,0.020797198864365,0.0414640210560299,0.00416221850701463,0.00173563849773344,0.00464591223697253,0.106718221427583,0.00492612399041842,0.00497400680363926,0.0039338480141231,0.000402148364174116
0.000354944039387845,0.000959427389917014,0.00157239978278634,0.0663879168339045,0.00488210016939718,0.0142430025541455,0.0351234515169593,0.0191590549598729,0.00650774456728824,0.00754866278099329,0.00254077200736635,0.0347489167016193,0.0291274542745656,0.627302896358366,0.0557329464112028,0.00718291922770802,0.00069384657884349,0.000239869760814155,0.0155638559282063,0.00781261880443836,0.00439872635617537,0.00460347970946988,0.0110086404317089,0.00707569366301576,0.00144341642117687,0.00407466023522942,0.00213776379757111,0.00808303638786069,0.0155794496462339,0.00079151694314832,0.00215552853026261,0.000963287230364721
0.000234017645836048,0.00512529427094344,0.00582146554881267,0.00292048090755591,0.00213857537747463,0.0067431841159502,0.0144998119530723,0.00123784055371403,0.000868130219123677,0.0131229209174316,0.0173100731880265,0.106500018306293,0.0477586640935044,0.00261431035388663,0.587457576119222,0.00784622708424277,0.00420557768697585,0.00330491086887667,0.00324419298558121,0.0131262024675286,9.06020802914015e-05,0.00811133773500714,0.00344091275237793,0.0234492846791869,0.00592226264728804,0.00322211286557573,0.00242985496672862,0.0668967487996145,0.0319000823304355,0.00535998743310093,0.0023462489142585,0.000751090132082775
0.00897538041192052,0.0225027313555793,0.00217425351903878,0.0331789027130822,0.0360857467146241,0.133008506176684,0.42691222226431,6.82160874570758e-05,0.0655107390482583,0.00184010933519922,0.0181581310277721,0.027304625014693,0.000879737257833221,0.000489101210134337,0.000237799200802623,0.0751365520190616,0.0026908203702536,0.00208944852830964,0.000790628643124824,0.00977327449039064,0.0120429939127398,0.0124216537555168,0.00320294213940767,0.0297321243994706,0.038216440369274,0.000405336638021429,0.00559187922405561,0.000954727449956676,0.0104959457758504,0.0020353013445054,0.0149346453956505,0.00215908420702231
0.0109326900786931,0.00244450905190156,0.00640037803375312,0.0494218183251688,0.0138300770608734,0.0406981499774972,0.0206638145211791,0.0414625689360385,0.00527466859540467,0.00243562621131323,0.00244022596784758,0.0213414453765797,0.00488620856789528,5.18339239621626e-05,0.00133458217532817,0.00345553807706646,0.599816325312365,0.0383434725813087,0.00207644742898633,0.00298946183062623,0.00805457737579204,0.00182780700149756,0.033801881343659,0.00224966499689953,0.0113350680281047,0.018545463704244,0.0117737330760997,0.00378898000826189,0.0328067665807919,0.000443264834386493,0.000649826488935241,0.00442312452753941
0.00262378795482322,0.004721932408865,0.00316989136993638,0.00148410497592613,0.0116877409421904,0.0154978925893277,0.00197730837236146,0.0108818412148449,0.0479473869479302,0.00100607285594021,0.00186141699108403,0.00252176116043514,0.000782276644557914,0.00104499105684662,0.000492099419361975,0.0571392432518604,0.0152702119585098,0.665545913918362,0.0149270089484925,0.00201632487218317,0.00721771679837003,0.0611362979815607,0.0126437840680263,0.0126227371128887,0.0114131059377497,0.00524945615009843,0.00543561481436775,0.00534249943454239,0.00137224070857419,0.00130704266569579,0.00371708320028715,0.00994321327399931
0.00166088415258292,0.00216080237826067,0.0259557079079028,0.0110230271062894,0.000487972007592881,0.0181170531882352,0.00500263849595,0.0448650909199896,0.00127172177262785,0.00842826313075224,0.016944540678791,0.0398628869456691,0.0220595227716842,0.00250765119281209,0.00350075200692555,0.0438627957957935,0.00406949110605237,0.00477601812962405,0.643244374871556,0.00159110368603405,0.00160363682093333,0.0232673222139274,0.00500777922627597,0.00896792295511827,0.0180114218051411,0.00309758255067032,0.00586905331883422,0.000536553092251143,0.0179266180634324,0.007758069820367,0.0014212055326749,0.00514053635524896
0.00122114629374671,0.000273935189725533,0.0126322316610466,0.022317431826395,0.0139363625742546,0.00308116409434929,0.0031312712883755,0.0121868277873486,0.00137879639394434,0.00107523366264194,0.000225403830495517,0.00553745056027358,0.0229364898736051,0.000732410129540401,0.00125496902903107,0.0198302465319307,0.00312928728519455,0.00159325537212262,0.0297454399961291,0.536833758520033,0.0103945067830803,0.0172194043441588,0.0139917868983398,0.00429067312902344,0.0098894944069028,0.075953623682394,0.0972755696605086,0.00566921418781211,0.0485979055908238,0.00239057192747493,0.0194692512953308,0.00180488619396684
0.00271930895372979,0.00173808902780075,0.00144806821949787,0.00580236912799539,0.00723587930749223,0.0324933158924491,0.0142946044840866,2.02182353886419e-05,0.00763326354750561,0.00766168770094204,0.0026227094067103,0.0115392660198688,0.0259367792603843,0.00139914329643463,0.00695961128111338,0.0058994900212408,0.000558027248249289,0.00559075375776656,0.00486217547567498,0.0167689998903981,0.645499569880049,0.000428469461328285,0.00581600142203328,0.0328467682963425,0.00337762625429015,0.00536467440040205,0.0177603094716283,0.00237768817868217,0.0610395582803741,0.00123889511024858,0.0345109126303106,0.0265557664595816
0.00366266921287857,0.00228615871973666,0.00310530471723524,0.0123676934583177,0.00413873651545228,0.0161649655422414,0.0295809676595605,0.00143269021292476,0.0173086938960829,0.024220713737067,0.00726921217302493,0.0293572532771487,0.0097162040869586,0.0063406967000183,0.00320410915269136,0.0535658037990696,0.012608841521293,0.0120959652940084,0.017401676455828,0.00428163455581847,0.00241664058744997,0.457575080055254,0.163017688976345,0.0127580603608936,0.00446855604924221,0.0183886065592174,0.0235469689508493,0.00227019888431174,0.0216528259081667,0.00893631528501398,0.00559354717418767,0.0092655205217128
0.00132109512054976,0.00355211859622952,6.30831526695179e-05,0.0040701345192917,0.00219119944733245,0.00657848947531741,0.0126680071051212,0.000387369083860714,0.000969204191575041,0.0156360281207316,0.00341256743112053,0.0138754709026935,0.0184277950214154,0.00390167844243566,0.00368835402711151,0.00404536608543475,0.0085812635903686,0.00292937611760806,0.00822813987735416,0.0227034675817141,0.00078310932072994,0.0126123618290108,0.777482699506344,0.00024051587773086,0.000805935584820413,8.90705447373513e-05,0.00148916882295633,0.00289059832950294,0.0453456184694981,0.00475558688232371,0.0146006937688997,0.00167443317351096
0.0138256081261017,0.00319598484471264,0.00214189458172698,0.00470481894540292,0.0101037011215023,0.010980867829425,0.000961537431949732,0.000204821574613853,0.00229061536735228,0.00241195675114949,0.000873745817369764,0.00412249720425175,0.0347015135832658,0.000395375695100422,0.0100501733601748,0.000181503709349231,0.00088966657754316,0.00970242002396423,0.0131842208191347,0.0286428461852412,0.0317238770109676,0.011350297750122,0.0774422878356266,0.562992372730912,0.00941632535663527,0.0317632526080762,0.040935755944559,0.0100721495365806,0.0356023622376521,0.000357149409239707,0.027296892469403,0.00748150756089335
0.00704753489391213,0.0263850922509012,0.00978480916527205,0.0103992685078302,0.050617405064277,0.0170227077276791,0.00215885850438696,0.0177244662732324,0.0552350681525162,0.00417244040899743,0.0082698586065969,0.0428005607096983,0.014984031503361,0.00353958274323242,5.2562907337138e-05,0.0230174331719381,0.00253141016472744,0.011313816099047,0.0069360289842252,0.0165153397584895,0.0167474697121812,0.00088567741994562,0.00160455453702825,0.0118509257134433,0.498258768810968,0.00208225091346913,0.00658397951026908,0.0114802369633983,0.0788646960673582,0.00151368418474028,0.00987310555976513,0.0297463750097764
0.00460726704253692,0.000664427000795399,0.000792715328131083,0.00828023292560449,0.0139428642774331,0.00567679957179956,0.0149919355963695,0.000623398032474639,0.000469960923061683,0.000382375682103575,0.00496612148706073,0.0140115717309499,0.00757263851628443,0.000432125942186639,0.00185200002283768,0.00175750713285868,0.00103801839369913,0.00958315031068166,0.00754976530941359,0.0112712709573189,0.017151241149262,0.00318436965202703,0.0209555382736302,0.000360415593685782,0.0142178925433052,0.728405297433071,0.0407047372992708,0.00664726321170724,0.00214751461453488,0.00460060162754703,0.04688868401923,0.00427029839912787
0.00598149607025096,0.00124695259341941,0.00320695514401639,0.00215073796159814,0.0165829495273695,0.00792743903864551,0.00902327882196984,0.00143464110313085,0.00373381665920179,0.00778532090939081,0.0027005566421448,0.0205923075888928,0.0184563597953542,0.00785903490791423,0.0034138784639173,0.00127422526925007,0.0029038624530565,0.00785951828082915,0.0079216593847647,0.0487792367377389,0.0747417872586619,0.00338279008806818,0.0478882592573353,0.0814840501000512,0.0189896287559629,0.102960841811333,0.417254710785648,0.00711449336153676,0.00546579373586166,0.0129158301372963,0.0402870155807851,0.00668057177460399
0.000147527319100897,0.00262275954982298,0.00822310723860638,0.0165699673293363,0.0169515355618642,0.0522002785679742,0.048731833978233,0.00631737571007694,0.0049792578814577,0.0151084543049683,0.00397150055104647,0.149711261634592,0.0224351296212271,0.00953146516747169,0.0109164917946039,0.0333766760302987,0.0014350781169258,0.00271633029839473,0.000772484570310619,0.0429332638832504,0.00855824654258112,0.0302789273343797,0.0357341100305602,0.0057418961142093,0.0063231759494385,0.0141759352095,0.015837021449212,0.338669956328737,0.0756601402797945,0.00262423910771756,0.00938559685106526,0.0073589756932428
0.00199048830169539,0.000190974085105724,0.00098972630612248,0.0109750000833874,0.0259198596874956,0.00413728338340435,0.0258620591335144,0.0181861792216421,0.0276835031615025,0.000293635833602524,0.0293082832956817,0.065060005678342,0.0108264338610538,0.000394236795877318,0.00662393525677109,0.102589303914259,0.000415870706222847,0.00220099177217067,0.00273845577536965,0.0264617122301025,0.00849306648266827,0.0077953666538775,0.00975029690072631,0.103784232107383,0.00573873100484843,0.0401401302022689,0.0157533578532543,0.029210767734623,0.399756082177424,0.00571293587026277,0.0109890000696194,2.80944597212238e-05
0.00176902156549805,0.000298998873503431,0.00577152301150212,0.00033794295192059,0.0125794603794146,0.00637421785768064,0.0149561574440248,0.00154324465939026,0.00891361551993186,0.00114807851192562,0.00608573869179698,0.00649152350868588,0.00342648555316062,0.00157197619735964,0.00692651226825086,0.0108693330277605,0.00133548606068043,0.00377641515489936,0.00482196979727343,0.00403115837755323,0.00038290749553322,0.00207369390480449,0.00947453382825635,0.00247069172476267,0.0175549649390778,0.00643534256157334,0.0131378048599524,0.00260702385921499,0.00177440621204801,0.822285556877428,0.0143296820351077,0.0044445322900278
0.000451101867575448,0.000146885062007305,2.45412194426593e-05,0.00723891221617283,0.0197156678446094,0.00162517807110688,0.000290366487679665,0.01115969066154,0.0103819258723649,0.000249451738873127,0.0183082329174162,0.096453872863336,0.00446550237031441,0.00201753070708172,0.00380232337149038,0.0295800516429756,0.000461279000264233,0.00187665799788975,0.000610145997610226,0.0142587791812259,0.047763108188133,0.00377568581991024,0.0172953424640077,0.093985886673937,0.00140655072809804,0.0386915281284029,0.00777896657437836,0.0326198081678795,0.0243147472464192,0.00765153864819566,0.499928791529782,0.00166994873987985
0.00907770565070719,0.0231765496586208,0.0158865303785104,0.00116049022390654,0.0142343984970818,0.00764690073240471,0.00564362805260315,0.00623209596667666,0.0209335221677009,0.00712726971987047,0.00286401060017697,0.0403548822399313,0.00404869951939777,2.48404681089014e-05,0.00111375708914389,0.006214150724533,0.00915765847504433,0.0015387530824404,0.00714664809405533,0.0124005072089654,0.00792867924733743,0.00745483986060315,0.0566954054358076,0.00838959040905058,0.028070462855141,0.00312758361788211,0.00299969573528743,0.0114037918987986,0.0108552599434495,0.00298111184768133,0.00174219520072991,0.662368385398352
