0.647160706937447,0.0146057007242906,0.000153856185647098,0.062564406496048,0.0149954904045275,0.0518811039686093,0.0307742591851849,0.0309252031052358,0.00927930743589925,0.0119181458878582,0.000816191932526021,0.00684423946102781,0.00223013264319198,8.90111216843037e-05,0.00216634158050156,0.0289500906776156,0.0111400815492371,0.0117232750437836,0.000234739885583136,0.00127772113815638,0.00548930517914731,0.0125559483399098,0.0216451755716952,0.000331281623049688,0.00379273311861388,0.000101222237054572,0.00203404094506579,0.00339995845579591,0.00613296614915765,0.0019007064084469,0.00218158915250992,0.000705067455498423
0.00182788792676389,0.50329454485243,0.00913139115388675,0.0856893588813877,0.00261210128073786,0.112479637667358,0.114252481055469,0.0327346337950382,0.0155631359350042,0.0187593010984973,0.00198436256464955,0.00693619964967971,0.00081398682878324,0.000829477034561548,0.00025907616990924,0.00745334979250449,0.0180957595778444,0.0077984273395681,0.00215929879656365,0.00254589891628121,0.000645911711172459,0.00426646667209546,0.00110485726598736,0.00571723842808936,0.0279933064286386,0.0036017028555612,0.00172305890383559,0.00373907163249812,0.000810207532279962,0.00202802537878784,0.00159547463500856,0.00155436823912788
0.00941690578863875,0.0294829539355645,0.419204108486258,0.00501749471216503,0.0286014044473955,0.0270205738337201,0.128003333416646,0.0067300135142339,0.0331370032479069,0.00268234343250207,0.0149873438893007,0.0393538195350949,0.00112347278187057,0.00139811877424761,0.000654007427261885,0.0633815850300908,0.00519226172790534,0.00402335683103341,0.00334745398012196,0.0209600299990072,0.039783134740406,0.00960590257263748,0.00452516914940582,0.0675986859280017,0.00596801780703004,0.00522711508326058,0.00618364077277562,0.000360534296969724,0.00212836110128622,0.000178324228777546,0.00400435683406736,0.0107191726944169
0.00132615963792204,0.00244024772383515,0.00150662490810048,0.456442051779821,0.0453097205772039,0.0317473608909948,0.178820287565826,0.00310525680606617,0.0118736893620815,0.00376094869848254,0.00936934005116343,0.117213542052145,0.00600556980624991,0.00161366821462781,0.00506924692188139,0.00686391726875315,6.43260522744384e-05,0.000852104423783683,0.000602130561469971,0.000419735663893365,0.0011892398417507,0.000497078859614247,0.0040656590642424,0.0056214929933815,0.00286145208080448,0.00825603349131617,0.0311055426229688,0.00175952225165726,0.0577707561159896,0.00076748405090709,0.000276381534212305,0.00142342812657875
0.00369396554774121,0.000444111202266275,0.0009603142557866,0.0437648016614365,0.680173537728878,0.0187710185672056,0.0108203088431881,0.00479867490217563,0.0159232077344307,0.0182313811838455,0.00772865861026372,0.0150334661138291,0.00342832159864651,0.000197834427300589,0.00268950113811549,0.00901480847234147,0.00504694467995556,0.000756603053025135,0.000917572229805427,0.0142473798219134,0.0248782364898999,0.00352353034489152,0.00430559859789768,0.0342122054169655,0.02417500374896,0.0136302931563701,0.00828341813864667,0.00965025030441488,0.0079857271656799,0.00115724253117984,0.0114641543245927,9.19280083506994e-05
0.0117593629322915,0.00246184546075484,0.00286577318530051,0.0279709833080286,0.00158202708133608,0.417097461842015,0.113934291318545,0.0242999941625755,0.0438487399852604,0.000992901158916104,0.0277951413597353,0.0425866304742621,0.000383489714620608,0.00135880451267057,0.000413874976623631,0.0450988073489849,0.00410111329455243,0.000336586833274374,0.000432045998797593,0.0414075915561159,0.0406108376649159,0.0157438081874278,0.00477507380150373,0.0883673556627093,0.0143041744526653,0.0116739106167263,0.00239340040023438,0.00229767555736993,0.000726288494987632,0.00026476925314,0.0051137163253588,0.00300152307830045
0.0143572809208468,0.00602177221200279,0.00132742110133202,0.0835875385637361,0.00349250704784999,0.0424237747496235,0.52028354651975,0.0125598626835777,0.0228821702143615,0.0114560144441913,0.0244409530553685,0.0292445406949492,0.00167070928239142,0.000464935015587725,0.000779107103655689,0.0336866344558595,0.00258390375369628,0.00269938198563067,0.000226355584315593,0.0336843354938525,0.0229703942784168,0.0102313406962955,0.00276409399017579,0.0600938350476864,0.0276466991527193,0.00699318936932146,0.00456384048007742,0.00265595123648397,0.0021272510312954,0.000102075590501287,0.0101834020975656,0.00179518214688286
0.00170617327010163,0.000497373517758553,0.000841223426991358,0.0167107798533189,0.0150921792999921,0.0263901462925469,0.0147090475334096,0.456255075880314,0.0294456307999176,0.0032751232757658,0.0230836695262885,0.166919423181443,0.00189045084276386,0.00747004056670712,0.00676355267200486,0.00711776941650662,0.00222305990834702,0.0023784196504014,0.00340747606874322,0.0279872119800924,0.00414358554212748,0.00413066178691192,0.00823067036924863,0.00224190820290337,0.021597292833635,0.00266743681136003,0.0573550573391753,0.000226515567755501,0.0795081541153823,0.000920499877639347,0.000337823611746162,0.00447656697869975
0.00741571608218864,0.00867000478427809,0.00375034511022226,0.0464966486158625,0.0118867181372573,0.131637974994813,0.207511339099518,0.00256932948746967,0.336482933619184,0.00676633476464584,0.0163780136595968,0.0322593248837165,0.00354620356559013,0.000191846122066825,7.63054802200223e-05,0.100058539410258,0.00153411521827488,0.0078410620358984,6.01157592131777e-05,0.0150899433340246,0.00663566400007229,0.0129749531091291,0.00253559405532743,0.0180592483249498,0.00357566155029174,0.000791306300332161,0.00374664586087258,0.000330615744010122,0.0013681328115052,0.000725343549485175,0.00164500609317681,0.00738901443654947
0.00151392202837871,0.00388762119866428,0.000823582551108759,0.0305268255904365,0.0413593471706772,0.0241758751147005,0.0724915669394752,0.0020885087540607,0.0430999108210899,0.564150167708852,0.00796819066623867,0.0831867092165746,0.000392978777249673,0.000286669008243412,0.00354544492165692,0.0387771306894581,0.000364668147932699,0.00145023457307952,1.89076397032589e-05,0.00611845281152905,0.00274324254375587,0.00518627135159099,0.00227795946046795,0.0115630868200905,0.00101775762196614,0.0031169489992356,0.00810771046100976,0.000737157378174282,0.0371576570759735,0.000107862032534567,0.00172739918247614,3.02327436145153e-05
0.000648514625502256,0.00140397807223244,0.00188920462724235,0.0893325610813191,0.151220989087347,0.103102598966275,0.0225054518558164,0.0345605099252978,0.0252741674349798,0.0418784708183771,0.409071284850401,0.0024700511702343,0.00701383905514053,0.00187846550122374,0.000507065681557092,0.0108080222506412,0.00193386785868659,0.00223036673034694,0.00690634697212162,0.00420246506574676,0.00994913799375259,0.00268109583848114,0.00675334658577601,0.000739408296412884,0.00092454312944096,0.015080343518454,0.00822881060932384,0.00698467833205999,0.0182000493500132,0.00224353185505136,0.00622084189904528,0.00315599096169998
0.000608715626541618,4.49653622788345e-05,0.00360889970343536,0.0239434650939975,0.00730501941733674,0.0677828410458089,0.0611313250869277,0.00399011536302556,0.0169293093013941,0.0313137179157557,0.0217348879859025,0.580921992412442,0.0055363774484096,0.0011717436625784,0.00111387640731705,0.0525566201515901,0.000523206744914299,0.00050633548157308,0.000918105004303005,0.00645541259822675,0.000347440855833795,0.00790937531388703,0.00441640042247553,0.00500626464178501,0.00109037768043945,0.0421791403567002,0.0114208849236848,0.00212224151890343,0.0300854042347954,3.3942422413676e-06,0.00496942206010323,0.00235272193539166
0.000596774616002798,0.00385412484598298,0.00114183749732163,0.00571051855945694,0.0222022241525967,0.0131546445001282,0.0206258519396454,0.00244833507203291,0.0788241709255095,0.104611062492225,0.00365548678033973,4.53112353629345e-05,0.410347338378898,0.00132340146592215,0.0630235888962297,0.0796428427584587,3.66315065374662e-05,0.00127519713598293,0.00546787465146792,0.0140928889914634,0.0128282723203648,0.0163532218125893,0.019712382105099,0.00298780643350701,0.000684185111596924,0.00645829063029212,0.00553139788055864,0.0820554329137854,0.0187212154576655,0.00151948428084037,0.0005948964476524,0.000473308204482938
0.000694215602129975,0.000250698405627646,0.0017857828907557,0.0615943547907336,0.000534670757398289,0.0430493930314061,0.0516680375325255,0.014722386699005,0.00320513877121013,0.0160506481451981,0.00213061671104347,0.0218449720619199,0.0242766174596822,0.614403922341281,0.0440728826988895,0.00831785366570121,0.000501626914452937,0.000817603154222744,0.0200564742934535,0.000791363681581819,0.013239761467358,4.01094139329117e-05,0.00324381863144036,0.00653410975024244,0.0015129286955886,0.0117985686747481,0.00271449815209636,0.000909159107299946,0.0181365411423426,0.00112432068301241,0.00974608275823861,0.00023084191548106
0.000467456441049059,0.00292691837697909,0.00465857467520983,0.00172010139506903,0.0090004635887438,0.0143791899210784,0.00679008897737906,0.00169362942311398,0.00332036715247121,0.0236279109511723,0.0160539647295291,0.0897298957370836,0.0478690273569113,0.000755971604580103,0.690227766886088,0.0100765562919407,0.000771384634853852,0.00172258622140997,0.00142950122696406,0.00307895951563478,0.000601301965300057,0.000107991590076081,0.00355552093101412,0.00771972639415111,0.0020753172942295,0.00150463754722205,0.000579185983019225,0.0388828508242457,0.00822605025924726,0.00429396562934854,0.00198632344088512,0.000166813034000038
0.0163575325870153,0.0242413992621921,0.00194290725374384,0.0428721537890225,0.032151373522904,0.130936440929282,0.316334799323385,0.00045357159191133,0.0941592420418791,0.00750896177537134,0.0189580875715107,0.0253402561837754,0.00147745009918908,0.000323681602490281,0.000137260861778188,0.19887290758031,0.00121327679976661,0.00636396600684251,7.01711786871971e-05,0.0102580594430294,0.00564779387094984,0.00679501022076714,0.000271091330824432,0.0218565250482491,0.0233157268568447,0.00169759753332749,0.00196369859942639,0.000643878502804665,0.00133469111500869,0.000435299704811176,0.00360612064771823,0.00245906716518142
0.0275212059987557,0.0020781479416903,0.0156566199516413,0.0140107298006176,0.00669041840226202,0.00482937178758066,0.040131119325704,0.0211297510961311,0.0278264832286924,0.00291241834740899,0.00816718790861222,0.00409226649699263,0.00342108685048695,0.000467447371597389,0.00123298887509017,0.0282495482691188,0.694991460720836,0.0262974918153017,0.00353306759113435,0.00736143795994346,0.000925219106235137,0.00566296559298667,0.0107316904769907,0.00196607747614828,0.00660553984672292,0.00919395429595504,0.00633075972844824,0.00443146299603433,0.00982670267495225,0.0013373555163394,0.000387624258116463,0.00200039829147332
0.000146295606865168,0.00989536291074283,0.000604907634414536,0.000224413540017026,0.0139121314779612,0.00331239176634295,0.00369079358136707,0.00745230537422173,0.028721844899253,0.000120519171899668,0.00018463685817135,5.36609144508875e-05,0.00237712283756225,5.60930087714551e-05,1.44738866333343e-05,0.0480364641393753,0.028299553978822,0.727590849722524,0.0037333580223545,0.00571299064538236,0.0161950534486148,0.0218578522198177,0.0131339041434072,0.0255261432718797,0.00812890248341661,0.000987869703262077,0.00521464466984532,0.00991227176623077,0.00304010189657182,0.000874153558874212,0.000341433984860141,0.0106474988760873
0.000936181227229071,0.00381276179353295,0.0029304246917415,0.0244942426389206,0.00702668147080278,0.00983383061589667,0.00349800139488638,0.0467325106239681,0.000231374100933945,0.00585804134758242,0.0145553759663922,0.0328920730664236,0.00744071297904352,0.00539239786784303,0.000624986270756423,0.0113709605747731,0.00012047058710813,0.00364536163645967,0.734989273409727,0.00360772237075757,0.00979641032591304,0.0116501226248349,0.00602641897577388,0.0176430101207114,0.00516034938603818,0.00197113035120125,0.00602327602544692,0.000258321066690763,0.00989617800768093,0.00419273203880412,0.00584454370344484,0.00154412273868159
0.00418472707942466,0.00117559282738619,0.00109932060950651,0.00720359270633596,0.0361332508766181,0.0022307562002384,0.00499450001467124,0.00353727120415067,0.00587281063042315,0.0019137850485612,0.00296113628774061,0.00638513667893649,0.0149895160384615,0.000513140749956759,0.00124108822365735,0.0150818934832437,0.00279064251345603,0.0014489494151722,0.0110682502090261,0.560564444594073,0.0205746361692486,0.0260919238692884,0.0237691332979173,0.000596606103996359,0.00588121438418034,0.0703377573022297,0.0803136673372477,0.00759591780179396,0.0359645857299445,0.00210958917693617,0.0410118930519289,0.000363270384248741
0.00551971493068763,0.00340980951766027,0.00137736861720204,0.0269886904346276,0.0499394002493553,0.0374379913990387,0.00186887784124035,0.00335279367966411,0.0181935402489587,0.00466247781911224,0.00132370747414427,0.000674668109144929,0.0180759772639798,0.000662781470948122,0.00788023694754265,0.0171964737674546,0.000328050481886901,0.00232311970414112,0.000177326406800504,0.0572635793088044,0.480537393504285,0.0152418071280912,0.0271147090081371,0.0666327005499895,0.00154756394702976,0.0266758999083162,0.0337530594272133,0.00241225598881966,0.03746246897506,0.00011381490326068,0.0311190398536849,0.0187327011337185
0.00430619401306959,0.000835688244029251,0.00395878805109593,0.00557856937818268,0.00055883363473472,0.0134940577468147,0.0152600080523515,0.0020476848950869,0.0434210727671049,0.00806235888626569,0.0084723679516739,0.0277871848248262,0.00300507676430537,0.00232406051298014,3.18836260461963e-05,0.0651886085204521,0.0183443761529667,0.00454484614931105,0.0236766055143373,0.0175816048373065,0.00147292565639234,0.56701663973799,0.0670884950949251,0.0293959838755934,0.0128164407677461,0.0138307124380628,0.0133904125841495,0.00392606292820582,0.00998355483705394,0.00238468208031272,0.0035943451270004,0.00661987434962637
0.00163049826868847,0.00368375201603446,0.00180109176556155,0.00669021157470811,0.0060880474511452,0.00907619317040188,0.00629752058200738,0.0013688043864838,0.00509367567056712,0.00224327039914198,0.00695475726763401,0.0152619657950455,0.00645451083094189,0.00177006389002506,0.000481654114054363,0.012463977511181,0.0147823236048126,0.000572281767962991,0.0189419544567684,0.0317022739116034,0.00110656162422534,0.00129087469597667,0.787085715222218,0.0109918315169954,0.0033777512673548,0.000343261949743897,0.00225367265420439,0.00469994991973181,0.0146812120161907,0.0037306288698212,0.0147463589596543,0.00233335286911462
0.00765523471411154,0.00267836502310338,0.000338055283742708,0.00854296005815204,0.033695386610241,0.0100854866739168,0.00389377399999889,0.00188156220491408,0.0027887160701463,0.000790051215678895,0.000213130593383685,0.00226787135600758,0.0211509413011507,0.000130758531952783,0.00560840908517805,0.00401222901277943,0.000465083344705943,0.00163487464560504,0.0103802384365251,0.0653933950803427,0.0219428288462626,0.00860542036476764,0.0163514772939874,0.558142540925137,0.00258022479921174,0.0912293541058345,0.0584054313269861,0.0101884520003816,0.0188884381445464,0.00103086258668391,0.0245905616239714,0.00443788474059257
0.0184777219262156,0.0709785208904273,0.00476015280370127,0.00298078474620025,0.0255614076427116,0.00587744647519928,0.0315775319245518,0.0101297153060277,0.0689750829820346,0.0013796856200376,0.00521163434575188,0.0222225671556521,0.00966289246335501,0.00152545981971845,0.00105391252665305,0.0133980109561126,0.00231544350695547,0.0180202978358613,0.00297149140311356,0.00989158256077653,0.020485548036008,0.00221236475105855,0.0218795988599245,0.016722956124417,0.534831171043303,0.00605044675221759,0.00305659219710353,0.00853348666135031,0.0253819118691931,0.000129071330906595,0.00447478277860621,0.0292707267048549
0.00154550950895662,0.000175125046695019,0.000108575665939301,0.000308583754831813,0.0422142599680337,0.00190333536488758,0.0301694144573637,0.00199607949090933,0.000622247438981019,0.000550017856225018,0.00497867162908411,0.0231300788990291,0.0106037471432888,0.000375106338865954,0.000831643254884852,0.00935301292009741,0.00120976357634885,0.000657693520519751,0.0145470507440274,0.012776689491018,0.0061518310842399,0.00142309692584863,0.0354589462233982,0.00429153726916973,0.00819729791151827,0.689914402299444,0.0543474164076133,0.0110535207008029,0.00366275177710777,0.00478817194212244,0.0202841542668852,0.00237026712186222
0.00440101591715866,0.00016368217819611,0.000252087511233297,0.000748725157187447,0.040350230756413,0.00543895142891888,0.023078495297341,0.00685671951037488,1.51430199752618e-05,0.00285402015687693,0.00716039431811622,0.0477771826878659,0.0125201087546286,0.00171481505958307,0.00123729986303443,0.00497756169668163,0.00479012412645528,0.000741650985745292,0.0320277816765194,0.123553231725858,0.0155829910344593,0.00571251914657527,0.0789126310787233,0.0163085871391203,0.0174949765364139,0.175684607136827,0.329516941798685,0.0105020761298672,0.00105341334409573,0.0120698503454082,0.0129321911624314,0.00356999331922976
1.60979171269574e-05,0.00163700363010247,0.00135647905585359,0.0339559413801383,0.00376521560350329,0.0686339159825957,0.0714938271329081,0.014937846130908,0.00769121131326503,0.0443901454417229,0.00791433991264487,0.101851437167396,0.0230038169579477,0.00166029108297394,0.00862273470997765,0.0201315390652617,0.000437426356490297,0.00025882327720981,0.00100685400896571,0.0136684575868602,0.00504340997663752,0.00909286014789901,0.0159775975680902,0.00329392133280858,0.00201815272906643,0.0411214364939888,0.018151919385279,0.410337517009257,0.0362922464681741,0.00120205843796151,0.0279741456020737,0.0030613311349119
0.00521889803919652,0.00213927807154274,0.000673996357198019,0.00599878798655454,0.0132627165930214,0.00118443156565384,0.00603638423126784,0.00787017641706263,0.0346944123825323,0.00200403934766516,0.0185279750787586,0.0465755331193047,0.0137392392585054,0.000220925279259492,0.00529376546701525,0.0705803199762554,0.000604616658051273,0.00232504351096263,0.00347184644692736,0.0345038853157051,0.00906212299825375,0.00880722114785613,0.011063439720208,0.149415988197015,0.00485663941360864,0.00809914352579205,0.044512496546709,0.0547917080386904,0.414024498791893,0.00126342801444409,0.0186714940718951,0.000505548431195441
0.0032540197485025,0.000201716794960012,0.00801741308125278,0.000927230508653199,0.00582951109011193,0.0075540812803922,0.0159265242482803,0.00485401086562815,0.0185784357465661,0.00175780960317079,0.00355189501743178,0.0106596410578341,0.00179755740439922,0.00121789595219638,0.00495899665688416,0.00701787055586382,0.00185546054183251,0.0029714758983638,0.0136069164038428,0.00292591124109303,0.00139481529932631,0.000558032792435041,0.00833949683766524,0.00105242838618986,0.00302958783763631,0.0273889518570078,0.00428981017034725,0.00149960737224083,0.00362324599663594,0.815588439204585,0.0151018875409915,0.000669323007679188
0.00190867075690556,0.000729598653534055,0.000154804859588123,0.00422360642587448,0.0144521728665198,0.00416210004655334,0.00498026426891186,0.00420582589280326,0.0282564939146129,0.00221131340592993,0.00848546203223941,0.0675432119781122,0.00780863306214748,0.000497940336709657,0.0030020847293595,0.0449550040650291,0.00161923816567468,0.0016212031223045,0.00888940831273865,0.023493344027555,0.0408213112997651,0.00336621780513448,0.0207211801270659,0.0546180665969692,0.00194064959480576,0.0354362569625877,0.0240571599623051,0.0637414488017402,0.00555844610102287,0.00286605896947398,0.511137073269425,0.00253574958660158
0.00751977823565703,0.019337568632431,0.0118759795150989,0.0027671315731972,0.0198105876262094,0.00430301667622827,0.0188449380409277,0.0067610062894442,0.00391657767348555,0.00154165757276103,0.00324165494096883,0.0291678881681423,0.00117646294381636,5.34480790527452e-05,0.000811257786377709,0.0051380550679537,0.0011489709265376,0.000143622283644693,0.011740731615495,0.0239188048296665,0.0183910800113096,0.0353436821443374,0.107274730878031,0.00986143843178738,0.0543045060318996,0.000816451364334718,0.00543056081164213,0.0109217363000603,0.00751561910981755,0.0015033887891267,0.00279136915575844,0.5726262984948
