0.82322152009086,0.0056436506269751,0.000143936404038326,0.0146673812337478,0.00470173598337891,0.00389548080356587,0.00173409725495083,0.00858826521993549,0.034898120497706,0.00639549414608258,0.00370176575220338,0.00383808191865944,0.00253653046809617,0.00132513491633317,0.00184339446581586,0.0123009250406791,0.00763704948218359,0.0212383662829441,5.28713739067856e-05,0.00259021738892203,0.000318113723321813,0.00025020513102029,0.00358709620381697,0.000569887483804397,0.0145488746752432,0.00691091721931862,0.00673621683526123,0.00215852730674276,0.0009287786928087,0.00217648001201234,3.97082135235536e-05,0.000821175152141488
0.00636679919016182,0.755209935269546,0.00881121081475881,0.00949310261827862,0.000350148890594885,0.00699180880682848,0.0168617060672773,0.014639640391751,0.0701111902845042,0.00290249790211504,0.00613470459421106,0.0220947189825049,0.000553775688365691,0.000915474604684916,0.00243609572812954,0.0232436076989376,0.0114600231528128,0.000835963391477017,0.00150451361721624,0.00286618759650161,0.000740561969569116,0.00240079084022718,1.32749219108268e-05,0.000856630169871495,0.0106538233070766,0.00485769088008655,0.0014570998622078,0.00159649828276333,0.00714398252075088,0.00137007945661409,0.00506340602372645,6.3056474538398e-05
0.00523859198691556,0.0114614416065072,0.64869821017188,3.10816803726111e-05,0.019092889595099,0.0074745342809149,0.0446882445218427,0.000334632464548904,0.00510706238003445,0.00164341807300182,0.0131434530631614,0.0484450720541825,0.00116135888863411,0.00188037058765861,0.0020920360228612,0.0343880941041624,0.00146522970790613,0.000374370720586352,0.000381927890591311,0.0147959827553032,0.0110064878652075,0.029198160842425,0.0186635950231037,0.0108760335735184,0.0262757678643141,0.00685275634368243,8.96092345511137e-05,0.00353822885617351,0.027955970056858,0.000734743968537456,0.00165905245683001,0.00125159135863511
0.00693811748302363,0.000642847754709164,0.00329313281968885,0.756382962285902,0.0157089873961554,0.00350499583232767,0.0343391800240285,0.0516369327156,0.000161797106468027,0.0117028748334306,0.00420952737451613,0.0139324846358551,0.00429107705895554,0.00869327344936992,0.00126535545963171,0.00631866989446569,0.00481458753971387,0.00180776135875727,0.000568747320408748,0.00534322828592251,0.0152338390109915,0.0134363936355817,0.0148829460351333,0.000963704567169907,0.000495018461308263,0.00127605016056848,0.0013645557078348,0.000964160781328337,0.0100342867320016,0.000389120975066063,0.00144847279680886,0.00395491050727678
8.84724168533634e-06,0.00168579577430863,0.00533762347677861,0.00175963779394258,0.671306269394066,0.0333160082597146,0.0683532265120465,0.000628176247157649,0.0123820773702947,0.00561126441929814,0.00421990164642277,0.0230607127103288,0.00298626336446189,0.00242329268027842,0.000603891180972677,0.0561027104899578,0.00332567459305619,0.00504506310091204,0.00162305735089271,0.0111675101732336,0.00976705215269042,0.0241610366312566,0.0100621663519939,0.00657298313244802,0.0111655720329777,0.00367476987283019,0.00174141633599296,0.0089533083440586,0.00805952956005909,0.000118240960266728,0.000791262950169966,0.00398565789544631
0.000500405685255202,0.000321984028044455,0.0013875004740728,0.00767689033081696,0.023946353065843,0.692553422840169,0.0102237661666666,0.0335462835884087,0.0603170293827995,0.000845545971782174,0.00115603772812732,0.00609808318266085,0.00131012666701722,0.000277458599002384,0.00376453351409739,0.103057861234618,0.000120556109284069,0.00353274018679929,0.00150136296042081,0.00354530158600169,0.00064758427078822,0.00198145335231284,0.00618329894072879,0.00703735913709437,0.0107311148488598,0.00263991137756509,0.00166687482816785,0.00428386790232043,0.00318901511685993,0.000527491889232954,0.00298049065681697,0.00244829437736535
0.00204454298101515,0.00304413535262283,0.000667122647528498,0.0115348228913069,0.0365339679392505,0.001883356465579,0.87875796397255,0.00302433986877123,0.00907363155780292,0.010035146115501,0.00414145474540363,0.00889842635004314,0.00141235418974688,0.000883153059270254,0.000579075431613605,0.0028695309049513,0.000284185859134145,0.00138942424821744,0.000365409423718051,0.00270632481105778,5.99297249113334e-05,0.000105412766541446,0.0025258659625656,0.00441345807992021,0.00239379636824872,0.00144225749532616,0.00201038054143626,0.00228505815446325,0.00300201961275167,0.000204414421235933,0.00126042335695147,0.000168614700563417
0.00969051821133255,0.00400839737693129,0.008935804741882,0.0324915594832034,0.0520508505143527,0.0769819954181055,0.00757397032008236,0.594108582890401,0.0495951433878429,0.00116635646846348,0.00608535022836989,0.0552934148968753,0.00299274434552348,0.00462350121241236,0.00135795701290866,0.0230265653790013,0.000135141850537021,0.00230009709119415,0.000394886208405826,0.00419895917796942,0.00288331880825489,0.00533406607700441,0.0135910997618019,0.00367745547380227,0.0131210272384147,0.00332123837358646,0.00288148615954456,0.000147169904203702,0.0118884166974147,0.000429387785612503,0.00353426445233991,0.00217927305222497
0.0078944262685113,0.0194602471094204,0.00250826709813216,0.0164455888080972,0.00104048828937353,0.0392272990830484,0.0475917191338684,0.00154535881754543,0.626212484262333,0.0123172266553322,0.0190462567770569,0.0419830794711375,0.000564900585274836,0.00231619442402142,0.00278008286025681,0.0761974036658742,3.24211602721142e-05,0.00892777123201693,0.0013029871992764,0.0066786000399125,0.00242985587269354,0.00342183983576111,0.00922426927888795,0.00603707873145427,0.0164130440241879,0.00323114803716222,0.000317053421721988,0.00108993693524378,0.00565226186268248,0.000592920814709054,0.00719339962149678,0.0103243886232376
0.00136790813240348,0.00191321340223295,0.00277313769788719,0.0032369674184506,0.00826868032773137,0.0169745159364515,0.0199955245275995,0.0242780755058929,0.0126388919385686,0.773567738779386,0.0157810272826812,0.0141538786239028,0.00382107099059563,0.00658333385998624,0.00316332928883177,0.00868467974638474,0.000903811327083691,0.00338192075192158,0.00179406478282664,0.0285959858678067,0.000695929846299755,0.00243738734963495,0.00504575639902962,0.0013174263129991,0.00421987907960615,0.0101591102270136,0.00057360585686983,0.000306823675360785,0.00772025001703679,0.000372856973873379,0.0151037222660232,0.000169495807627862
0.000744382007931339,0.000426255045424803,0.000227251046604271,0.00374624009746408,0.0467503273580392,0.010208113787579,0.0125687017893687,0.00128021550339379,0.0163293543254711,0.00528269344990431,0.743453474624779,0.0175982297189036,0.00596521896672166,0.00083622654962802,0.00458962676311545,0.0293759137589536,0.000686945353550094,0.000721915329628336,0.00251558215001361,0.0147471580576475,3.79951922155438e-05,1.6665966563469e-05,0.00305051474471281,0.000125477234835294,0.000405663176421112,0.0162824646185098,0.000917657387792674,0.00787908492116528,0.0288556174532671,0.000433768647952235,0.0232209383366268,0.000720326635816432
0.00246505473525452,0.00351945382504152,0.0037718672285337,0.0186356788108246,0.0186128764695108,0.00524181059682653,0.0122934724120544,0.00628390034703312,0.0193460810539449,0.0313853020417571,0.0019138970258799,0.78123279632315,0.0027309482348543,0.000279454808623975,4.6843709006305e-05,0.00850609395238033,0.00231723703132646,0.000351517801118925,0.00457981486221573,0.00260551520504776,0.00456550393373118,0.000162477591223899,0.00128652761808037,0.00814472330446003,0.000987920039834856,0.028447041143876,0.00243462409177389,0.00459296850628034,0.0175785728684705,0.00100446922657261,0.0027372583090791,0.00193829689223275
0.00105516668801637,0.00190721091490604,0.000801401583511352,0.0192311124081304,0.0140284709221278,0.00687184890428354,0.00139035442787226,0.00222669329429211,0.00203615062426522,0.00185911761322963,0.0446218185986122,0.0185239030238813,0.810821540646202,0.000886090275225883,0.0191486588250664,0.00195878775131567,0.0101925253094134,0.000681992861170124,0.000534642681852773,0.00758322422157318,0.00102869914228002,0.00630924347867287,0.000756761033722393,0.00308779916087705,0.00237541256407497,0.00224259028713572,0.0011435750364439,0.00608061303540608,0.00517760792996345,0.00465970094314858,0.000187283486926759,0.000590002326400669
0.0128829224027746,0.00152121266741074,0.00562040591634831,0.000115074721333885,0.0270519674246418,0.000419491783043671,0.0237324667630428,0.000536933467737469,0.0356062001709463,0.00477299495967617,0.0057665739635833,0.0147738504670478,0.00559596315853902,0.73572821136944,0.00695243023057492,0.0383775439804441,0.0047340632149166,0.00178667388043179,0.000270601633173463,0.0164355628413692,0.00516026710878513,0.00444256892863708,0.0166854090752431,0.0013364070245918,0.00307160406466284,0.00376063889516213,0.0015029465385828,0.00251334325245391,0.00951246326263293,0.00267837237225532,0.00397143157844771,0.00268340288206904
0.00236258810693159,0.00141883281468741,0.0020650991118592,0.00701286196250368,0.047931489681097,0.000677084143381561,0.0217931445974008,0.00448673764686635,0.0232378304001458,0.00433695144196715,0.0097238667390584,0.0175938708564688,0.0297280382148006,0.00142523247564134,0.752366371539045,0.0141098622402107,0.0171360774098311,0.000143019866095945,0.00429553746620534,0.00171133352976057,0.000605886832922936,0.00846886277830038,0.00367390022459318,0.000106906628625973,0.00204651435917401,0.00624595596639388,0.00303314902231228,0.00479766692747004,0.000743292543045182,0.00248951439026437,0.00287263059387128,0.00135988948906774
0.00668395194021569,0.00772868693572936,0.000100476290056119,0.00295511994740331,0.00524338188830032,0.00800123322335244,0.0376428745066092,0.000709660920014538,0.0643990282166952,0.0020068296985941,0.00235684314251004,0.00340044503413229,0.000455211534453355,0.000184175741173118,0.000374086255770612,0.835483609037057,0.00052356196631511,0.000775838019807769,0.000214232669997014,0.00657215894853728,0.000167600814465023,0.00421764402930461,0.00071173216011043,0.00389364927737726,0.000547892824455535,0.00107791805457829,0.000497285852967279,0.000140509713898379,0.000543161026020664,0.000289680656640854,0.000950176701644328,0.00115134297181386
0.0185967042448728,0.000413812218293122,0.00202440477278023,0.00713430396378945,0.00475275368742314,0.00113861951121779,0.0330662701767108,0.0112910845795301,0.00285934113281416,0.00042546918030126,0.0011894866554741,0.0136040936192748,0.00048593085084711,0.000943968813954223,0.000110504994300915,0.029080959790586,0.823038857499003,0.0135917537017566,0.00492480229937568,0.00163035415113473,0.00385198548953978,0.00197752576421899,0.000862073975059987,0.00338171544384867,0.00181953625282252,0.00628631314892166,0.00340578882677557,0.00207791868844561,0.000577812208066611,0.00112240459411806,0.00306713383315477,0.00126631593158768
0.0209460749063728,0.00398984908822328,0.00263209723104251,0.00800717190987351,0.00152498909493135,0.00646311143565894,0.00998568884872218,0.000124049971585967,0.00910802319259352,0.00569846923247204,0.00450373779941748,0.00810680298124503,0.000132911639481934,0.000460132229973799,0.00115579345265232,0.00642696313970567,0.00337810284792896,0.76092053811697,0.00420361110552623,0.000963366100010903,0.0492881966297194,0.00498084161656042,0.0105877039564108,0.0455383398713755,0.000175368935546551,0.0063458708675457,0.000108881611690185,0.000548921645692937,0.00163088303151039,0.00169287496866217,0.00385343312966086,0.0165171994112366
0.000888769264704593,0.00218411653193969,0.000154324717207033,0.00238031172427306,0.00351538940177938,0.0110187567679012,0.0268098106611465,0.00404219770417076,0.0355878156905945,0.000972467216926166,0.00456706597782654,0.0118883595305241,0.00265987284753053,0.00106340722060265,0.00859759082597353,0.0386993223963506,0.000367984008807266,0.00424226640045341,0.800762262188883,0.0025905522754425,0.00702941641275168,0.00226690540413264,0.00509429211782165,0.00595753274595962,0.00439138455754118,0.00314496228638825,0.000898250644389017,0.00322616533889152,0.00018340833211314,0.000566833561535966,0.00264604354100447,0.00160216170443343
0.00337561354960929,0.00200511543667978,0.000761935797595187,0.00354682370229567,0.00307941079813435,0.0167772108513519,0.00956523652025537,0.00928680446594286,0.014413875366894,0.000691215837351333,0.00175066645306503,0.00853169269636185,0.00134257578936271,0.000580946421126574,0.00147710679193665,0.0112060497719371,0.00119759974830332,0.00275199225472762,0.00619727084022602,0.821026293866707,0.000595557277549601,0.00707482304213674,0.01315395424563,0.00390611900082662,0.00190900265454336,0.0236297495401079,0.0043883571095956,7.5255332426711e-05,0.00327929675594156,0.000358343861738886,0.0219442275628944,0.000119876656744836
0.00362990123693898,0.00385961157300161,0.00446198362620552,0.00033283846621038,0.019515508723169,0.0052513067503593,0.00926596080558386,0.00167112895068851,0.0016417711311787,0.00126368854297426,0.000655458542867521,0.00191701990477223,0.00280470202452654,0.000201697261070162,0.00748243635635247,0.00251745741794046,0.000528102198852992,0.00271559171141245,0.000103300943467348,0.000776938177864163,0.79869926639749,0.00223704228260748,0.0272263725173277,0.00220865213461734,0.0129029192759055,0.0344194644099921,0.010988352555833,0.00213198134125054,0.00364103025895366,0.00213254302837727,0.00314128841600036,0.0296746830362081
0.0107170376719312,0.00287728619194933,0.00466236374208236,0.000729580500155265,0.0380096214376682,0.003716259973544,0.02750953316401,0.00419469797048917,0.054060455796256,1.4407420040578e-05,0.004187132325257,0.00932673525989137,0.00107685781612025,0.00142456096183796,0.00294451750464368,0.079251958769489,0.0126613543687482,0.0049103008079821,0.0223801709527638,0.00958122763256162,0.00039991817224958,0.635895847321674,0.0439798361375348,0.0125237383806748,0.00113136989304388,0.00172891613235475,0.00369973541074041,0.000910855927929592,0.00219348884220001,7.0874113525318e-05,0.00284280383722768,0.000386555563424199
0.0111831131951548,0.0127165575503994,0.00173523238813614,0.000687136927415148,0.023405883383875,0.034397452503123,0.117430278888261,0.00696342290874541,0.0100780625634361,0.000175375554078466,0.0018972966439382,0.0033515228766484,5.21549859437268e-05,0.000827701521800794,0.00462133959525438,0.0758159683164858,0.0126608591318177,0.00244313098284397,0.0105726758971659,0.0314496996972315,0.00106163594685836,0.0160982783067325,0.571561488599417,0.00501305532782777,0.00173043490908532,0.012496771459482,0.0106052394639261,0.00112205917920539,0.00963214042953091,0.000859421382186522,0.00720479063434534,0.000149818849647716
0.0080542936333042,0.00174381313079426,0.000123305061424389,0.00746690638930464,0.00781384544902818,0.00541167684528574,0.00716501324446044,0.00416137340688585,0.0118788705607119,0.00120100055037353,0.00187778837636929,0.00639859222322038,0.000627477292006482,0.000243949598096284,0.000588787729896746,0.00500240793535702,0.00244814241989902,0.00403335109296285,0.00403612020072491,0.00353616148949621,0.0272226303784743,0.00616239376406682,0.00525967269372422,0.756933166605114,0.00384464204747963,0.0906058682698231,0.00511403605820668,4.39115022289533e-05,0.00551470916983204,0.000284080067404427,0.0149099860884684,0.000292026725575456
0.0150811179064776,0.0361936886946199,0.00012035483058512,0.0139938179901374,0.00152525914486219,4.52554651692548e-05,0.0351865874278557,0.000771164939117291,0.0463117836990671,0.000989341373239416,0.00166851178519971,0.0023211538191143,0.00618207982440714,0.00198646395075431,6.1211297759442e-05,0.00351532293621646,0.00822436782353663,0.0129306157413098,0.000970418255151005,0.000543138428247517,0.0214920560134274,0.000634994960279388,0.0244653563724666,0.0287386800338786,0.710912501837893,0.00433826500917734,0.00210464506175776,0.00280849769812314,0.00050581104219614,0.00264428944145698,0.00122621970675626,0.0115070274897605
0.00515654475294022,0.000663200931370773,3.31411902757117e-05,0.00689646085809581,0.0328620467743423,0.00520471733223223,0.0111070248143819,0.0120771926439282,0.0165168262735583,0.00336720252380182,0.0042650034161831,0.0185853843510638,0.000354971131247859,0.000377190764786193,0.000736142345572741,0.0218158625111625,0.000393895681990748,0.00189489406834288,6.12292318525059e-05,0.00218879624294993,0.00495151686195387,0.00505229163642557,0.00110719646563544,0.00511483881895401,0.00370168972793273,0.705254852250572,0.0278180910813093,0.00177274226148392,0.0414176914866773,0.00333463704582724,0.0550147875938649,0.000901936929284742
0.00214852334049769,0.000177993108624911,0.000961808945605715,0.000886421850739514,0.00595632119360883,0.00510875446925782,0.0260202822333943,0.0169057465574951,0.00990738034199824,9.11379609825042e-05,0.0257463894659637,0.157058276199043,0.000804066407762659,0.000284079106653317,4.30492441227031e-05,0.0024682078192154,0.000788368923687533,0.000331243475675629,0.00102684315656499,0.0129149925086676,0.0350798400594722,0.0238950597798127,0.0309833085973543,0.00739895163849791,0.00724605903673037,0.00685321346763325,0.591765846157096,0.00117384510865262,0.00739044391588703,0.00114295918128554,0.0161105421857889,0.00133004456222735
0.00143789819556548,0.00552273693278128,0.00368102237153361,0.000390322804902086,0.00285770990349431,0.00475985121566016,0.00632485653974739,0.00117018482087083,0.00396980040695472,0.00805119040765463,0.0017271380832599,0.0633418682303031,0.00384614326428801,0.000431913812656624,0.00524420202990135,0.0040315918312612,0.000531316305625574,0.000188607589517704,0.00149130572197539,0.00198570917742528,0.00382368854911632,0.000229293719755196,0.00222333070561496,0.00238978757832654,0.00204619775782731,0.0100213569623209,0.00468705926250476,0.828894809552441,0.0185613131175062,0.0019029951460752,0.00397734953980126,0.000257448463331522
0.000926395607252443,0.00151252227141646,0.0091870211954691,0.0202113107468108,0.00439531118561536,0.0132895018220234,0.0214198448861982,0.00526474203053323,0.00154213687672956,0.00629286953584049,0.00766418361957183,0.0266818747672004,1.85507937003679e-05,0.000128803361738654,0.00101164078152857,0.00414876246991835,0.000516008255251829,0.000616860788436608,0.011529500496493,0.00918943195939912,0.00216033259714938,0.0010853219548106,0.00154282423430537,0.0053163057447988,0.00257301029600348,0.00672675451899927,0.001475885393029,0.0145883672878652,0.810766390814886,0.0003089956950737,0.00697732151743365,0.000931216494518191
0.00161927724962837,0.00333596088188803,0.000308725522785942,0.0110167109818361,0.000395257354553063,0.000721194539109164,0.0123353327394613,0.000332551713188548,0.00781332542719312,0.00819589126151787,0.0223376114859413,0.140996488915803,0.00344672144380584,0.00677099872427902,0.00121244052728403,0.0149641963757967,0.00260837577052315,0.000496255695319535,0.00177154211399038,0.00187404200833193,0.00526195231902053,0.00394673204487057,0.0149405449433002,0.00635800473438413,0.00408733672867204,0.0279157736241359,0.00336495443830355,0.0191487755525861,0.0249369886960938,0.645697047892482,0.00121169590977785,0.000577292384136797
0.000926183584096496,0.00453187568089064,0.00337643706743736,0.00446428829141949,0.0166236283483869,0.00127468966234358,0.0138548658638314,0.00170578890548732,0.00725606404251245,0.000959077521153371,0.00462695765829683,0.0746573502093316,0.0028890953359999,0.000172444476607834,0.00234484884637845,0.0077562360281664,0.000909519705265964,0.000475549704346251,0.00888102841392258,0.0208135347555478,0.00286632077673278,0.000111807075598166,0.0024467730812792,0.00698073113098507,0.000603225053214467,0.0265717388135334,0.00068999235826807,0.0362818389435577,0.00289460374390873,0.000470866415886698,0.740379158976213,0.00120347952940011
0.00982186042437783,0.0203998485315013,8.11583387038879e-05,0.020991173866499,0.00503336422403713,0.000148054857735639,0.00335004829602374,0.00173361816425884,0.00030390242456422,0.00202238905515504,0.00229405886508098,0.00194542301621613,0.0145538477716147,0.00683902336551742,0.000128311421274258,0.00228232299232494,0.0027892378723662,0.000298527716975163,0.000508777561803671,0.00991012177595005,0.00927324063775442,0.00138579121188873,0.0121888468252566,0.0143951441755958,0.00899966428041477,0.0136300532935422,0.00416449275572341,0.00503182993061001,0.0018464868194712,0.00142075539415875,0.00406803540222219,0.818160588731382
