0.620102329885636,0.00431253596079012,0.00527611691046376,0.0660753592876269,0.00266138511253845,0.0434311392406914,0.0166077149241637,0.00745511410584612,0.0517230115281024,0.0110953131553762,0.006162778022874,0.00124593372701261,0.00371099377367142,0.00408201562380436,0.00138528607244683,0.0537554212106392,0.0128621817601722,0.00317310281939194,0.000747845116861189,5.23715815074399e-05,0.000159292407500237,0.00705911800038942,0.000669577319139882,0.00549800379444081,0.00562714017502082,0.03133717613619,0.0176323664412132,0.00574242250768287,0.000562176549976364,0.000603746929425522,0.000225707670053838,0.00896532224935126
0.0409566548173869,0.469768938799133,0.0289255930191403,0.0242606858047432,0.000546670867006717,0.024806301677938,0.0916361545108505,0.0221100099062615,0.0628114851086318,0.00176166858605747,0.00351025532652641,0.00560591306571397,0.000905603859100796,0.00139691326388531,3.02295409008335e-05,0.0396048377020969,0.0080423852920953,0.0288036754647178,0.00593377890030365,0.00134268821925172,0.000216394677806632,0.0047109512824597,0.0084700707711193,0.00180092462384999,0.0985193152607356,0.0104278031192239,0.00521793608440078,0.00213237399106839,0.000210103373206714,1.10149909858397e-05,0.00114645462262049,0.00437621347078063
0.0174806312862615,0.00331733560768808,0.793474374226455,0.00499018251347088,0.0119266729157055,4.61718723136117e-05,0.00289759060835734,0.00507695794075409,0.00399053357259384,0.00050979875419736,0.00682449064268121,0.00397283404466257,0.00363332561596288,0.000605907617780512,0.00189492474297852,0.00268248717030984,0.0018788426259274,0.0144535461461491,0.000636626172530422,0.00212382404399559,0.00328769583952398,0.012188224730911,0.027779888852808,0.00483146599516693,0.032719250376073,0.00246845476720034,8.81386949853143e-05,0.00525406516976566,0.00603080982784473,0.00213088210447776,0.0153927460779779,0.00541131944249078
0.00939010115298302,0.00207569617065442,0.00575422899705895,0.559167946069326,0.0331371813179846,0.00104265384933292,0.064447811051236,0.062883152087933,0.0104039968869091,0.00126782803013314,0.00913564156084015,0.0464448644919021,0.00600771537220467,0.00554359312154503,0.000858294986003973,0.0408768787914165,0.00169589295325622,0.00861318563229811,0.006234049261344,0.00405189397690193,0.00279216511049728,0.0133833145107893,0.0120965308882381,0.00858738536411558,0.00377491991140127,0.0103043511193172,0.0257035252577255,0.0308961400339147,0.00798038416566382,0.000315573279355588,0.00303225545248665,0.00210084914523117
0.00195834288416896,0.000157867374040422,0.00617415058825867,0.0161950183432379,0.74334815636164,0.0211840978599004,0.0318487745010765,0.000262426867487138,0.0138979226235201,0.00331315893597496,0.0125580645141102,0.0203240635518237,0.00186542001220977,0.000366617770066466,0.00531502840343301,0.0455007837813647,0.00326162538188211,0.000258105861711045,0.00194936091351077,0.00734211131306035,0.000761043307189391,0.00818043485862922,0.00254426736206596,0.0264159702939305,0.00226162945334435,0.00653798678579655,0.00615599296257729,0.00250252935445072,0.00206565863968377,0.000409770575419426,0.00166186297416933,0.00342175559026669
0.00137056285164426,0.00225549574866284,0.00348836711741201,0.0525851781133474,0.0402157890574363,0.60302671568888,0.0365542535977769,0.0327957811329929,0.0502936099284765,0.0114558474174944,0.00157998532049523,0.00638921506841588,0.00860200435304827,0.00122516144090234,0.00488942521186821,0.0751331647924813,0.000308942154778217,0.000265594153753283,0.000354092324248797,0.008761437990273,0.000710555115881052,0.000920854877476711,0.00257313558394182,0.0170582965799902,0.000206032472502657,0.0063036782422317,0.00815050821098121,0.00522080889755687,0.00354396639696854,0.00157072921061527,0.0120964568474894,9.43540999765794e-05
0.0140148822650034,0.00360063877479609,0.00451612238743272,0.056582363824917,0.0886538164608497,0.0241880321427303,0.57885133115372,0.00856892269141542,0.021535114121919,0.0158699636247421,0.00194964158010148,0.0149013663577525,0.00811029828352265,0.000441843468669872,0.0085424590926038,0.0717871617324978,0.00443211340960406,0.00224380005367241,0.00162414001682905,0.00833945393586076,0.000655979690792045,0.00470274726511283,0.00530717773253113,0.0210183865687449,0.00424951316263945,0.00710522115987199,0.00371880855636257,0.00287253969031234,0.00610564634344278,0.00182569417147517,0.00276826014276564,0.0009165601373092
0.00231684848073239,0.00107003443281365,0.00782610487131862,0.00527278927861369,0.0243083572500475,0.0014728248812569,0.0170730593206811,0.737237045617341,0.0325429964434716,0.00885484348647454,0.00682505900322564,0.035167903243595,0.00236856034821074,0.014886149930735,0.00395570497272754,0.00267796185545935,0.000588003581306488,0.00104230087705394,0.00468462683047057,0.00383084605703158,0.0087174038062338,0.00150314845845928,0.0035610346654685,0.00470595352756367,0.00995911831087939,0.0118994541809718,0.0192567839176642,0.00342197215879241,0.0064134870773589,0.00196563220574076,0.00658647815493413,0.00800751277336645
0.00889025238524721,0.00579221607647755,0.00219701388538788,0.0119275195745904,0.0122441960215201,0.0205533794142242,0.0837607557778999,0.00145684715426021,0.618947840645289,0.00594179758841393,0.00298686902265215,0.000423728604313691,0.00355974037153153,0.00101122389388342,0.00092944624303867,0.157901557164765,0.00312114834009202,0.00749204909267366,0.000400435711328463,0.000124423766522375,0.00094241019520409,0.0138213396232725,0.00424026396294773,0.0053851028852806,0.0076514030084344,0.00676877797034094,0.00145570776101964,0.00142781566391825,0.00253684655348132,0.000102242419933824,0.00259003889005139,0.00341561033200395
0.000882199940589286,0.00185897342301785,0.00342309190697786,0.0232545509552327,0.0154589492586084,0.00604177388733613,0.0288266152194548,0.0040648985991303,0.0255546052128801,0.617567357702693,0.0024390245408535,0.0913013572686954,0.00244724762564955,0.000911996244469072,0.0121538627836031,0.031756882541127,0.000293062189308026,0.0134039822776967,0.000907543947032505,0.0206982806529247,0.00264769188838564,0.00774703217669525,0.0042184957699945,0.0234418315562053,0.00954407559143789,0.00890613197966929,0.00760233163761457,0.00135662942489616,0.028023602561045,0.00233053219587469,0.00027018864232248,0.000665200398578532
0.000717216664857031,0.00157243218901629,0.00575494612231147,0.0414991082909251,0.0284070584407768,0.016912388598442,0.00555997771000901,0.047529986994202,0.020287763348829,0.0124000253032326,0.591492421885954,0.00904481309113557,0.00377085709672659,0.00117185924261612,0.0238608095535605,0.0416809058434184,0.000175728204264152,0.000385239693914703,0.000671278746634647,0.0158804655511509,0.0189227148381877,0.00141795224411362,0.000756473750256981,0.03959647134958,0.00314117537111251,0.0114316138078142,0.0049417086738164,0.00724427153276557,0.031995588742212,0.00283915212910164,0.00574845226787917,0.00318914272118333
0.000119000649292846,0.00129855143007636,0.00425103568884693,0.00403012844044729,0.077813752760058,0.00206541653202539,0.0171438221221902,0.0205143380961973,0.00348478738582062,0.0374861836603399,0.00123943014820549,0.609514656868745,0.00225830004928963,0.00448306639552635,0.00436511693586356,0.0129894620383329,0.00718650580616294,0.00418242860663152,0.000350968752714782,0.00423015999546087,0.0227090728565397,0.00179566571459782,0.0112089454084384,0.0341309478850236,0.0354195639706791,0.0236127938778961,0.00493569446805283,0.00159740010516055,0.0313469136449103,0.00364794407152438,0.00947613080512042,0.00111181482982968
0.0012013328589387,0.000316522023351104,0.0051376625393357,0.00642674675274981,0.0553258565104448,0.0112237456897716,0.049273771439839,0.0098499353593208,0.0240484423834985,0.0386113365004615,0.00306856520098507,0.00197329807150905,0.471694303629999,0.0033563674858976,0.0356589817990085,0.0086256564078692,0.00918879412641919,0.00354469060011553,0.000465283466960477,0.0169222845335159,0.0330087874949284,0.0081244077223657,0.00251025839540695,0.0464355775547994,0.00587804097945295,0.0251168994531004,0.00292557914454387,0.0591894990050058,0.0380210589341725,0.0104688452092398,0.00935445930323177,0.00305300942376105
0.00674383873747016,0.0026490087221373,0.000105721175787779,0.0411992490330799,0.00876498524428557,0.00452908745490048,0.00293226393538602,0.0192120646674855,0.0230619521499723,0.00994345785720167,0.00548846821379418,0.0139428933041278,0.0208971410625099,0.690321982286034,0.0564738400007836,0.0240286272370674,0.00358528774690882,0.00126572213764265,0.000694309787701883,0.0103458263034137,0.00161354348243069,0.00678427863726538,0.00833016524229136,0.011292811525766,0.000165583275619563,0.0103074992864822,0.00296140688992996,0.00175527620839798,0.00358604132722624,0.0027931508749232,0.00101755223663829,0.00320696395533856
0.00657183111378017,0.00201125896378215,0.00175199726683766,0.00423391123689631,0.00667011841988995,0.00284872352486036,0.0317174270603212,0.0125977218812911,0.0147126409516956,0.00757505831912434,0.0096624900690466,0.0635447347642096,0.0178682109547946,0.0061836265478001,0.691107915744393,0.0254362195861423,0.0139482485438556,0.000259496164077389,0.00123797566142198,0.000631913731027161,0.00621940940002996,0.00498558818602507,0.000815599650816633,0.010659399438454,0.00120746147472164,0.00426055523932153,0.00124193815228313,0.0384405184467453,0.00331444677413029,0.00372001216776127,0.00334401604750207,0.00121953451696132
0.0211817780452339,0.0247102491796453,0.00857077461944967,0.0100138353987842,0.0464885752012607,0.0250646641146555,0.29345990378654,0.00115131894193142,0.151317821986256,0.00554743051254368,0.00673926377858646,0.00222352019431166,0.00344494534692576,0.00310804579793506,0.00106001891318882,0.255070271256994,0.00468014290204517,0.0060077727737102,0.000585401846567991,0.0016941325993855,0.00281443314088297,0.00202179195236434,0.0168916323711147,0.0133583028760913,0.0653333409229956,0.0139991443849413,0.00203147831855728,0.000650049811729795,0.00218142468258134,0.00054262816210551,0.00416901565253993,0.00388689052814389
0.0406870425010882,0.00365008255986666,0.00670390545189829,0.0396498921716049,0.00302900426137878,0.0182797802318152,0.0125293176805458,0.0123590159627247,0.0309671609880757,0.00684455842503186,0.00157761104453274,0.00534444916775266,0.0024506679136603,0.000414226019259879,0.00295607698687629,0.0606208887647895,0.644472595317364,0.0273531176201634,0.00341837290837804,0.00754217697134946,0.00209782763583234,0.0176904995543056,0.00224214188712674,0.00250799452590071,0.00638953617606517,0.0130972692787509,0.00443465750154084,0.00111777708406365,0.00479333951676429,0.000356575154553294,0.000431050190332465,0.0139913885466074
0.00880165262055893,0.0019661931040438,0.00058317421915648,0.00681161747873818,0.000609028747686323,0.0131571464898611,0.0327096227288222,0.00929998588383771,0.1162297596329,0.000704748025409273,0.00112656675789484,0.00153325838108934,0.000193806308674939,0.00012752258509647,0.000421399778889869,0.0933673079993432,0.000436171662985699,0.607757869425581,0.00114490997474097,0.0127844967899452,0.00521167057109832,0.0339107571703041,0.000571876017525035,0.0340734391737403,0.000675016662958559,0.00503194003252934,0.000308639689601858,0.00456627647544965,0.00144351979806663,0.000910851916987965,0.0033127805119811,0.000216993384501794
0.00608569120644714,0.00132193683889818,0.000557968610857787,0.00100674266096849,0.00896789457540995,0.000463027998181892,0.00474473376379828,0.00733852528726915,0.0194639316712741,0.00129034138706876,0.0162137187431258,0.0429001832028646,0.000605009369992508,0.00477185256214414,0.00333703169429646,0.0203539622900273,0.00133093805721412,0.00306527795825309,0.758544562077436,0.00173111337795511,0.00112458237283012,0.0148714519046027,0.00211471815867111,0.0265126604221856,0.00362869290639125,0.000576961184862451,0.00268209039966192,0.00238115338353852,0.0038076083679806,0.00810620929401275,0.0299909311901839,0.000108497081595674
0.00234393680290722,0.00261814452938738,0.000530203411248038,0.00097659765649042,0.0107940469478078,0.000122737141884246,0.0222327458793216,0.00140721034629149,0.0118763493970161,0.00365301829455812,0.0200634022133923,0.019952339204249,0.000632552821906551,0.00186075643496357,0.000578021263374579,0.0173439795329308,2.41404362000934e-05,0.00492304203308104,0.0040038833356413,0.696298048545967,0.0217446885090459,0.00470433132264167,0.000632991530924299,0.0975387278424047,0.000574021086124077,0.0109983269461149,0.0220423359505649,0.000712784875131867,0.00652302540075056,0.00153657810742381,0.0105056079691598,0.000251424231095123
0.00800181297240168,0.003551742400109,0.000977352531355433,0.00431730749099354,0.00625769391042336,0.00468476511893625,0.000981781980228556,0.00647888398211461,0.0137554388071081,0.0038348791819444,0.00627797065307356,0.0242350304795021,0.00126155282651161,0.00298164921303668,0.000525876730999758,0.0254332536802465,0.00222494963417607,0.0119851454468459,0.00184373937164979,0.0403540534545821,0.689298681796247,0.000645473389569476,0.00961559550403365,0.0882053988287378,0.00703456064115972,0.00291297511971453,0.0126625802661095,0.00126260387219606,0.0134501360749954,0.000153780132925224,0.000625985766616905,0.00416734874145564
0.00770459299363391,0.000122229050306747,0.00213814031580088,0.0106860679314396,0.00874453131237806,0.016539132155904,0.0421282034694391,0.00411769673242101,0.172887415989316,0.00302164421647243,0.00254541156955722,0.00639645257551002,0.00117039389524298,5.64765407249672e-05,0.00235112051988778,0.0948336180787924,0.00920640097973761,0.0166239643006267,0.0158247086561994,0.0163076823934813,0.00249028339645008,0.523454536486169,0.0145127338979179,0.00846607384234849,0.00263586680771584,0.0024498817887889,0.00116803233162843,0.00100011267183239,0.000715814196900909,0.000481953725756831,0.00163072168435442,0.00758810549326477
0.00744769265203715,0.00400796467471676,0.000626979803783739,0.0130128626543755,0.00150235896920972,0.0170253678860763,0.0326992595483874,0.00911629264926974,0.0336728817520203,0.0084763835300519,0.00186890755005667,0.0120529127176172,0.0014685734062386,0.000486538310829421,0.00244206893695646,0.0428484145616552,0.00506039781882811,0.018982384376917,0.00958368114614935,0.0205721903216827,0.00239411238047525,0.0152886496399085,0.688352311588963,0.0112484964407714,0.0098807681966443,0.00186267425269039,0.0113227378614204,0.00245156643780452,0.00800162674463019,0.00189989223310696,0.00220904927822021,0.00213400167850591
0.00923645549244752,0.00520951505968404,0.00133268055664856,0.00415803031211382,0.0453899077884066,0.0020620296312237,0.0477315443718729,0.00353900319232802,0.00342935957299352,0.00625175933394682,0.0163634696000665,0.0546570812648499,0.00154276367305434,0.00320724417184,0.000446336116529958,0.0304644305152945,0.000639248606756819,0.0081436754198354,0.00159116284259882,0.0380400795429217,0.120698883995307,0.00305885840887703,0.046656782158831,0.480766550088978,0.0112855511383946,0.00369192750173899,0.0100080038165513,0.00124117490922396,0.033463795037298,0.00110999579488455,0.00367736713290472,0.000905332951597257
0.00325073601746994,0.0132264084824182,0.00251138491295763,0.0126707484183453,0.000520386627341414,0.00686724453300242,0.0715858049345853,0.00599935087459561,0.164773617530415,0.00589456219569713,0.000993082047758286,0.00212803588970718,0.00408429322811364,0.000193393266357746,1.710056292164e-05,0.0616773063029165,0.00151313593445399,0.0143179981642723,0.00118139248942886,0.0199571779122945,0.00429396417978322,0.0142253933439065,0.0110370699880573,0.0125169471530782,0.547895163391395,0.000645895360144547,0.00016127788323673,0.00223480484607829,0.00213171750386813,0.00210961701916811,0.000246367443111351,0.00913862156312009
0.00234583061881042,0.000306866708378906,0.000133879839421832,0.00276002853109911,0.0264782643755684,0.00449547245788312,0.0420607513012207,0.00681625870629109,0.00689956055373281,0.00630665155295568,0.00369342512819451,0.0457598580498012,0.000268412971291627,7.70187337874117e-05,0.00154366378207744,0.0438733255482435,8.69533116584556e-05,0.00395808964850859,0.00294600005630668,0.0048451231914179,0.0297769412166923,0.00184138400865011,0.00972562042903431,0.00188555793108819,0.0111696427075375,0.697985489269773,0.00976669922758186,0.00349169467114318,0.0127480238550047,0.000220677917483046,0.0146175322959716,0.00111530140339095
0.00824333737382434,0.00350980075148784,0.00378753869037017,0.0053068443024994,0.0305130477226986,0.00246164588297998,0.00303859976904709,0.00301894325448814,0.00247569839129522,0.000476166818869108,0.011649383467345,0.0666567304674088,9.62676384733186e-05,0.00122199586668073,0.000488449239173506,0.0247032894266322,0.000106879594924264,0.00415735478300573,0.0168404726233479,0.0255837472109768,0.0263652404581474,0.0122901577860172,0.055032628208257,0.00454154127896759,0.00418953893950572,0.00548726752674269,0.631413982177671,0.00547357031643608,0.00601200543221466,0.00622638604180694,0.0259305728836858,0.00270091567501931
0.000168942129571639,0.000605749922751248,0.00562918872261077,0.0148562197064144,0.0577186959772178,0.016996546928731,0.00455557932009193,0.0195013734903636,0.00384262970418528,0.0466822961106275,0.0103582393788794,0.0296950270623371,0.00382975916661867,0.00680173330846017,0.0576441165360712,0.00154257248042072,0.000860701063971126,0.00236852506092969,0.00372596356682907,0.000733284408335983,0.0127955258252762,6.1146258850865e-05,0.0136295032769137,0.00837392543273402,0.0560504802818276,0.0135230533378162,0.00315851212112163,0.542229993045562,0.0406060740739255,0.0117221741313763,0.00280422988300351,0.00692823828617453
0.000717629814046986,0.00258435249743082,0.00696542010390298,0.0150398446924218,0.00905679231309707,0.0132215800588936,0.0345301681240511,0.00290077776370282,0.00388267669599278,0.000864402000899172,0.0105299648098261,0.0210473097157085,0.00152724413060497,0.000203737514700374,0.00997397677103736,0.00104548226677574,0.0045110342130754,0.00583547946405029,0.00150566880761807,0.0394440938395763,0.00604276702915238,0.0100071385911494,0.00170237657782682,0.0402697949245706,0.0131200711950555,0.0152488460979894,0.0114327402272717,0.0311016663232202,0.649540231074523,0.000686778629068404,0.0139161188459535,0.0215438348868073
0.00138104259221679,0.00527869584717731,0.00415716638610306,0.0202696086813833,0.0111260426311547,0.00140432443467366,0.00657633142109041,0.00423822038096887,0.00772792123379312,0.00892176747192418,0.00254041939903655,0.0427502380487462,0.0132056223938815,0.00338730370723146,0.0124335121215616,0.0134508695179703,0.003656745209008,0.00323900718883613,0.00145221419525163,0.0031058225105909,0.00571576553325565,0.00326358973761385,0.00239387681021182,0.00440906489225862,0.0112986612244607,0.03162852569422,0.00288197154459047,0.00914522072947366,0.0027997215586279,0.721938586088618,0.0296738793799478,0.00454826143412172
0.000728722851476175,0.00227005060237364,0.00228770320540466,0.00305954640706376,0.00203783800790608,0.00534514083862369,0.0521020177013745,0.0015914769092177,0.0172726222471061,0.000593111603600019,0.00139994877285279,0.0117727633080749,0.0096926060683797,0.000256371865302929,0.0158126738799217,0.026993098767374,0.00458482466330453,0.00348314449714261,0.000499785746137166,0.0162888621241922,0.0125830894529368,0.0029723589954464,0.00174525706497725,0.0517295138667432,0.00551802859827696,0.0411782678065315,0.0044569613438109,0.0229412067399905,0.00236731815300605,0.000191970868487332,0.666027526391393,0.0102161906515714
0.00691927789145061,0.0104228291265387,0.00244214132900607,0.0228687717076329,0.00446031259174832,0.0177584935865144,0.0125388523283717,0.0017166284066746,0.0287138599858188,0.00516766675996413,0.00942782641927738,0.0144882523533187,0.00934208729600762,0.000866165710161954,0.000392535875585526,0.0166902316983288,0.0024402997363092,0.0161823426691801,0.00272277932475312,0.0183641818180485,0.0101952538988593,0.00139492887015902,0.0255424201334251,0.0293938867790619,0.0125991548572762,0.0129006864427667,0.0127821242217621,0.00178994001671722,0.0149442065425904,0.000304343775915105,0.000493280443746837,0.673734237403029
