0.731033653129902,0.0299541929859675,0.000472870449824823,0.0054221301305425,0.0253539282264654,0.0331607483167166,0.0381813719736804,0.00119215147380401,0.00305095635193146,0.000874848641319794,0.00133855728669234,0.0162060260593272,0.000342880306562952,0.00332399039100768,0.00159343690101171,0.0171349757114201,0.033087650164948,0.0128129622413533,0.000185266190576353,0.0111090146419789,0.0013926821085583,0.00563359762766292,0.00999947305642023,0.00456541850198979,0.000778072398700757,0.00099465517220627,0.00172246244559483,0.00360834792370433,0.00155562047113965,1.24510417978953e-06,0.000177493634407674,0.00373931998040259
0.000546957650697479,0.618235576527712,0.00424712363261556,0.00782531592998321,0.00563733973440158,0.0525114725842282,0.129352812912653,0.00681664964885694,0.0491934002839998,0.001043235661772,0.0124003602628189,0.00976261921569672,0.000727340201634825,0.00284712031421351,0.000746029587182842,0.0367449498808991,0.00924393958664258,0.00710399803760272,0.000347771716419803,0.000910186450138167,0.00203700434793187,0.00082300222040812,7.14407067355559e-05,0.00386556395434259,0.0283544533542132,0.000193372207779626,0.003406213725409,0.000390197977818078,0.00324262965626007,0.000258613075549503,0.00092315245981576,0.000190156493567047
0.000315097056164647,0.0275558105490125,0.721614304001206,0.0311337832499881,0.0133975770230095,0.0012125322560742,0.019824446617845,0.0122665376974218,0.0151233892877951,2.16217953219742e-05,0.0165201082461163,0.029024279684153,0.00324807059814093,0.00181737882796729,0.0145061384460281,0.0224512890258068,0.0015266805309654,0.00769005528304298,0.00100185691470315,0.0131951466392754,0.000176310017885922,0.0172575894252242,0.00433019141289867,0.00163605616144112,0.00451876902786579,0.00316030679410356,0.00201262514368673,0.0019422248890333,0.00749141162074742,0.000998777036535882,0.000641413696474888,0.00238822104406465
0.000340648469986041,0.000319345350720049,0.00256662206942723,0.761188299416925,0.0289460708300385,0.0114562389949685,0.062309359025869,0.0196056489884947,0.003893801272738,0.00277202615335403,0.000461736491048498,0.0137144410680701,0.00295022905953349,0.00662946152532536,0.00738973021305043,0.00213928673022008,0.000670889838679866,0.000730270075516662,0.00221240751370066,0.00491699828207003,0.000956679292237309,0.00722181307585354,0.0154878553969918,0.00701213706823192,0.00570197860157801,0.000371302375935738,0.00472239228339526,0.00134387551344891,0.0081221413029318,0.0001066399867132,0.0137351627905118,4.51094243456793e-06
0.000613920271205998,3.5712278975743e-05,0.00636360761316145,0.0363561440614307,0.746545104022354,0.00529386740993993,0.0159844638837484,0.0128226107729054,0.0282930623819013,0.0189236704420869,0.00380680598445292,0.00309176940840532,0.0053933559192794,6.02150820621974e-05,0.00307525606545274,0.0614763227998277,0.000446486729886648,0.00456280094333082,0.00105138416850514,0.00245436697171873,5.74057139797862e-05,0.00596439416422093,0.0064574211272156,0.000260726174221307,0.00893101556566053,0.00437193400066882,0.00138078660282028,0.00351084845898996,0.00495217796231489,0.000970420883749296,0.00467163242147022,0.00182030971405733
0.00269718204300052,0.00254736568933501,0.0116221131203618,0.11816848351869,0.0247320352246844,0.468016554945758,0.00255686534673383,0.0945212639985959,0.0391870476164759,0.0196181855763464,0.00623575665337429,0.00914158658909715,0.00662946588625312,0.000769841080708372,0.00969876282409979,0.131644391663119,0.000762427538257834,0.003375907396604,0.00087515815921681,0.00336766611712494,0.00212221271226187,0.00482578255764265,0.0112114301288119,0.0144171725132348,0.00203678006481246,6.71140961797281e-05,0.000421777812716218,0.000516258025261054,0.000801039964769189,0.000853083894662197,0.00631751491561715,0.00024177232619442
0.0132755558735964,0.00826295473992587,0.0055952537054943,0.183424108320532,0.0572525120172682,0.000417955129868721,0.501568313885798,0.0567607440257439,0.00960146430855372,0.0402779210398885,0.00208251827379678,0.00347666254651287,0.00997436404940618,6.96221205689802e-06,0.00521166762416829,0.036308868663856,0.000971732301377647,0.000867096752527607,0.00112713045001843,0.00365355282251858,0.00894113262165888,0.00387577742815969,0.0127855495683375,0.00841258839889975,0.0137977329713377,0.00286241023957744,0.000231535897070034,0.0005990534910918,0.000839607755839609,0.000744933873904765,0.00567586107257896,0.00111647793863521
0.00080687324511365,0.000623110952945162,0.00887722410969929,0.00691641954365871,0.0371174569501039,0.0242330875291602,0.0086907982085814,0.693395883918771,0.0275655623855334,0.0182629255476447,0.000448649774349029,0.0375017598666907,0.0107457639791852,0.0211003903447889,0.0110076224678176,0.00212475249582739,0.000818060058965177,0.00245155330781798,0.00384216082409275,0.000433625730204417,0.000121090056891411,0.00680553415397656,0.000185106367928133,0.00335309599331983,0.024300952857721,0.0021145623321367,0.00517455252352514,0.00256017093413158,0.0292629054083392,0.000890960603518273,0.00557965118491873,0.00268773634264332
0.00600984464522327,0.0147336693734315,0.00195136078825293,0.0138482890731592,0.0131672359620391,0.0543584281073446,0.13582263101031,0.00545573472830444,0.597117843668822,0.00124963078781284,0.00200436333331577,0.000805397776129014,0.00731535246331291,0.000411846373474519,0.00186390324350024,0.107282201849517,0.000340624656433222,0.00600408515694098,9.80426050239511e-06,0.00259430392362892,6.1606786004093e-05,0.00175294798036148,0.00723055723270393,0.00109805915820173,0.0021236233234787,0.00369071694990233,0.00214808964001057,0.00251165012043157,0.0020437055484632,0.000167613693471032,0.00163733871468627,0.003187539670831
0.000364872393169859,0.00293558574150259,0.000455606092073869,0.126809507838412,0.0156446939638786,0.0393730540351906,0.00524632544472091,0.00668473846910972,0.00853896123954098,0.624448154359444,0.00068993992840488,0.0567797543742818,0.000214340852827553,0.00470743684159208,0.0492498102125659,0.00136806124591354,0.00232779708215325,0.000792389525077897,0.001561433191371,0.00315303679859449,0.0019782826572863,0.00701908994160932,0.00488260947183329,0.00209560854814223,0.00348295305879179,0.000365017619054018,0.00527906356303667,0.000564033677943146,0.0162792660077352,0.00145487850277331,0.00352221776421935,0.00173147955774995
0.0054611760688606,0.0194323346151587,0.00161690324641058,0.00995301735932067,0.0257924484504115,0.0328599256984847,0.00158392654692803,0.0202050680844153,0.0178650388887253,0.0397833507602072,0.580473295899423,0.0463548355066182,0.0106773580660509,0.0113062583930569,0.0343538288493055,0.00579796374459099,0.00123484590199782,0.00114646411527657,0.0002640753582404,0.00804309849689861,0.00455051187597494,0.00175463892780332,0.0196183860664583,0.0051576553772323,0.00249067263606531,0.0118987302097509,0.00876450003157233,0.00995781068544261,0.0556893317448892,0.00263496970425627,0.00307683813943383,0.000200740550738997
0.000116220931726419,0.000491324491774407,0.00544248948335673,0.0131488769160687,0.0381459952737728,0.0260417136491932,0.028278416540301,0.0133619569670567,0.00761859435633556,0.0438729812182864,0.00237323202672982,0.641631281306127,0.0090056957938147,0.00241880095895128,0.00366722671580576,0.00841713028112603,0.000562063438914689,0.00178994558008925,0.0044058433136182,0.00137074074657383,0.0117705543194127,0.00143297363009535,0.00776644800707989,0.00958764945806352,0.000541640425459559,0.0243036016229873,0.0154611844152301,0.00238903054494517,0.0408930330679989,0.00441061510959759,0.0237680006750034,0.00551473873450432
0.00133524222093087,0.00198415043363209,0.000835379012213722,0.0557667249202582,0.125695457533041,0.0342841187729502,0.0214872026468595,0.0240411718891192,0.00330030868785416,0.0545397283441277,0.0110781468765078,0.0137190595682315,0.461748765394698,0.00743125884104592,0.124655188619148,0.00123064306559565,0.000207698103970305,0.000243261362815533,0.00132483338806868,2.21290647291971e-05,0.00116933509110589,0.000142157533730019,0.00174739360805679,0.00364532147446661,8.54153990845037e-05,0.00284336098352357,0.00469995162210582,0.00967011433664352,0.0198168599087517,0.000655818044413531,0.00808490976820361,0.00250889348411809
0.000393469905850785,0.0013122915421393,0.00195175517619835,0.016529895199568,0.00612686314950777,0.00761289559573282,0.0038252950959716,0.0209096310867835,0.00700392136059254,0.00156226897516656,0.00742599289880431,0.0469946596379495,0.0187191929200122,0.644046213148716,0.0735493265283307,0.00554358677901221,0.000230103083372631,0.00255635169860818,0.000712852855148582,0.00859996637596087,0.00382728590000524,0.00377983185035802,0.037499999669018,0.0119399780753245,0.00593920538616172,0.00204671992290558,0.000616989001820485,0.00031217236376897,0.0498133407708814,0.000159979172374226,0.00834766784812715,0.000110297025828714
0.00241371988230611,0.00285725426478579,0.00429758540542923,0.00138970358036594,0.016702336677833,0.00309076636777775,0.00188645659683851,0.00850397024752766,0.00176142982932933,0.0192441935853512,0.00263207630580709,0.00693395961326884,0.0405385057030095,0.00049913142669738,0.840686611056052,0.000523897998784693,0.000300342046420388,0.00228311718891161,0.000270447506452807,0.00286155594919711,0.00365197413299919,0.00377906012304359,0.0121606494303355,0.000306645657281073,0.00693054133948359,0.000175451824541604,9.27056633218457e-05,0.00272040447517347,0.00703226436744241,0.00223457234342882,0.000510276557457534,0.000728392853345353
0.0209879778642306,0.0323584078317244,0.00315329282072266,0.014150675364933,0.0287089987216558,0.0421498724116782,0.206149541302613,0.0156215878378513,0.256704359822689,0.00118883707532655,0.00420219417110619,9.30718213411372e-05,0.0114589142880242,0.000415882144763207,0.000771264095432877,0.310115352074577,0.00198024062307862,0.00427066090443539,5.39104403835212e-05,0.000569908714064355,0.000896592629377232,0.000636372929893315,0.00409272016209174,0.00116132379347063,0.0152039552494432,0.00279153262326015,0.00322271694019607,0.00583041682799875,0.00431107419666285,9.37121671908548e-05,0.00202214824414007,0.00463248390564466
0.0223632345640838,0.00174083796943135,0.00749918356209002,0.000548178144488338,0.00331178238491858,0.0039941032748718,0.000637356488432238,0.00104313486921604,0.0222839743161505,0.00196779664816241,0.00277323346612929,0.000487211228670602,0.00019392457700063,1.28536555875041e-05,0.00168514966100482,0.0101525462085955,0.812275222632201,0.0227241462904092,0.000578590602843993,0.00151056711267642,0.0106073345103222,0.0166499658113578,0.0114735520075313,0.0108966767418665,0.0103086145139736,0.011445970575722,0.000134970116329996,0.00466014504974591,0.000831277082911426,0.000833987640111688,0.000818083902617928,0.00355639439054567
0.00415786946931102,0.00669853322268481,0.00256984505077973,0.0011039760502297,0.0106305390423812,0.00920768164028871,0.0263136245637179,0.00212477284898294,0.000591543188376561,0.00109227367044235,0.00266312803281608,0.00502636222245477,0.00175903559968839,0.000865065751748956,0.00105225671141585,0.0024214643523447,0.00159776652156612,0.764555764312715,0.00196402174165088,0.00996559237560753,0.0367866665556269,0.0109750080680097,0.0148220569250372,0.0522688826687513,0.00183552525463132,0.00717020209354234,0.00012221898543896,0.00618257310366054,0.00174328281757722,0.000332935643770348,0.00202988589660759,0.00936964561814317
0.00523372343627844,0.00148256905569585,0.00109769518031867,0.0112666208130785,0.00349198010074694,0.00697687353782137,0.0129852695420036,0.00658815175297897,0.000705470451726619,0.000718073750636889,0.000412243265019064,0.0106764819224288,0.00118533568654832,0.000192570954740391,0.000539807382878122,0.00368391867801215,0.00110987361114193,0.00794870665763302,0.797558373884108,0.0121156024493276,0.0147227505378913,0.0203337924307777,0.0240164208935632,0.0251382855531376,0.00716098624180559,0.00346307726053116,0.00300797916024777,0.00200027490483592,0.00741706547849289,0.00226649473235265,0.000918285492191967,0.00358524520104879
0.0031122881454373,0.00617052558347849,0.000233987411075106,0.0124932193590911,0.000845545277294817,0.0152625776996212,0.010189991694924,0.000931871426140056,0.0068624671026116,0.00289070861545821,0.00688310144958741,0.000822095321460657,0.00258901052582395,0.000372764842159144,0.00791761797353533,0.00529937314309338,0.000852908706048513,0.00177862827446645,0.0149602780893242,0.802061193351794,0.0210559053758879,0.000497068349722566,0.00524355067311565,0.000483555148083082,0.00070357947558297,0.0179476642814367,0.00228775560957655,0.00628033527347496,0.016905659913632,0.00247111739327555,0.019087609035009,0.00450604547877843
0.00319996112282067,0.000551485292603579,0.000824373031330261,0.0149699445719702,0.0113251889073233,0.0254043374784247,0.0421915857975779,0.00217482749640213,0.00497064751336873,0.00127305634753574,0.0210863100895153,0.031031802541464,0.00369489169983991,0.00114579216602115,0.00437254954757993,0.0163942014503538,0.00193811526765555,0.000554596371349963,0.00122641576170474,0.0284668102596464,0.62089343431223,0.0111474444070122,0.0295640984667607,0.0592575215562135,0.00326425239455809,0.0136019580411087,0.000333470632957669,0.00297931815608984,0.0014033980310582,0.000667250854893481,0.0216496597215074,0.0184413007111222
0.0125022699483995,0.000813241131479577,0.00150590642258594,0.000904923662964925,0.00826845232152839,0.00497908459561637,0.037204293350341,0.00342921977365737,0.0538330349358109,0.000606336266552602,0.00456268109431391,0.00054929406885453,0.00166334964205896,0.000621960261317855,0.00215874504932754,0.0571655327385421,0.0203216251433616,0.00841660254751604,0.0127527648292215,0.0102973208627945,0.0142982694608077,0.689752119365617,0.0138170634531295,0.00263909056883159,0.0103228676828064,0.00924221731299896,0.00466151861733022,0.00118969875972658,0.000761043165567772,0.00236469240719629,0.00534370522835633,0.00305107533138625
0.00717758488376482,0.00466586479369356,0.00283148526558569,0.0104670728025935,0.00109361467127764,0.0116010654713326,0.0267506409289758,0.00630896325514553,0.0077490293747855,0.000509896060978574,0.000195348060963202,0.000130468995728609,0.00155390111888989,0.000620810280019053,0.000571083761227349,0.00868002558407729,0.0116702312849124,0.0010359215569211,0.00155678768119936,0.0136811107024282,0.00573704862890323,0.017368696043174,0.81999524880561,0.00395751306506781,0.00854200298439586,0.00285379940071577,0.00412371694239565,0.00112272308911798,0.0052172389906857,0.00250035736143738,0.0092168125485989,0.000513935605398266
0.00264989956454345,0.00207219140300153,0.000136834497515697,0.0107092416019367,0.00172661842052497,0.0133317185299116,0.0154513443459625,0.000156535380133952,0.0107803213202707,0.000799428089177454,0.022908350124529,0.0250843686029156,0.00121158931764498,0.00051278578609786,0.00513544300890152,0.00716255254506339,0.000973034113905778,0.000926948431109246,0.00498667875398601,0.00806128225941199,0.0314786688797674,0.000318310907417853,0.011758090842078,0.711741005504139,0.00406285326515498,0.048750412532497,0.00619296802244325,0.00577361304291903,0.005969052270374,0.000211460612678479,0.0333488103992032,0.00561758762478394
0.00718491391788176,0.0375843985272414,0.00121613960022924,0.00216613832695439,0.0174477013010385,0.0220728399978089,0.0609578047282445,0.00074276929199618,0.0856279600116949,0.00193660906179434,0.0021939045866928,0.00153154587272573,0.00105822474552475,0.000129121819692774,0.00029007161403004,0.0516745788533563,0.00673039329893588,0.00955621758638365,0.000491282746336131,0.017603737947794,0.0336396283608511,0.00698658982214089,0.050904044703755,0.0377787848508232,0.518268837875508,0.00142385593402561,0.000455492673849637,0.0034955174714363,0.00527981619175687,0.00115271867684759,0.00177980132979417,0.0106385582728552
0.00444611320457881,0.00476024358562255,0.0003945625434251,0.00121709610495901,0.00298221295573281,0.00188117366853846,0.00741598747820346,0.00634868073415673,0.00429145028382743,0.00156314186170674,0.0147629251065785,0.0246765902850694,0.00129521218713217,0.00113903618814802,0.00162133906597314,0.00715395598444282,0.00032558456663818,0.00174732328289296,0.000805247304435122,0.0161654476965192,0.0184915926442599,0.0179019358205879,0.0329506461984676,0.000458014549045144,0.0156050263995183,0.761200844906478,0.00521164589644417,0.00266512386386164,0.00481549065390636,0.000566445595482868,0.0290893378487161,0.00605057153465143
0.00322261664772364,0.000747076153235826,0.000175761492681589,0.00331294906389764,0.00246489361506057,0.000228819391214537,0.00192235196037159,0.00655148778423399,0.0106472839521414,0.00225153617903932,0.0255733329301327,0.0906079403538579,0.00298623308311272,0.000305709005451299,0.000214976809991146,0.0049922112364431,0.000703669716335776,0.000780929217342888,0.0110304604849896,0.124529175604908,0.0403538408630513,0.00928151311204454,0.0451518395403815,0.0580908079378156,0.00769336126649516,0.0437315788557488,0.435639412504038,0.00732627403851926,0.0378594644831888,0.000669536198963382,0.0204649325430844,0.000488023974503911
0.00138327759777691,0.000474642651634517,0.00198519068607981,0.00466105222783642,0.0173267658950144,0.00569246534765958,0.0421742040077797,0.0154694713102573,0.00403140053708286,0.0782840424700253,0.00353041976804572,0.0644423814404025,0.0286695179757836,0.00846145872775072,0.0767263552728056,0.00955450048956549,0.000393035186930807,0.00174992648075631,0.00265258347812765,0.00738076477391947,0.00757681214596998,0.00703468362621807,0.00167794192416303,0.00374236934495275,0.000477595159788195,0.0276392361630286,0.0190567063003371,0.474610115539229,0.0557418536982997,0.00367783512715283,0.0227966088557891,0.000924785789836736
0.00228483111655749,0.00221382086869213,0.00577827942813842,0.00516284378554376,0.0127600642748508,0.0367082302786459,0.0333904915514258,0.000158685215936573,0.00201857863429345,0.00216070827604378,0.0147500808653349,0.00953882387157256,0.000787997981050546,0.000738416342414801,0.0218185933698375,0.022075686148119,0.000345258687369007,0.000697835221120114,0.00422170018421051,0.0262411947439895,0.00360988931009239,0.0349563382650038,0.00232978602139325,0.0626969523139349,0.00441506410360086,0.0127305499673129,0.00540415700767169,0.00259303465458219,0.658430485469233,0.00177816400540283,0.00169143419450573,0.00551202384212019
1.58536610679296e-05,5.8269630053737e-05,9.86953206236487e-05,0.00209862292750489,0.0160641716084201,0.0193489552355904,0.0474216620816917,0.00180129248160228,0.00115786418096173,0.00279820972914074,0.00336981335701502,0.0130222162837339,0.000130564425234959,5.15780933173546e-05,0.0071026193683053,0.0219784987485654,0.000503523875304738,0.000532187951409324,0.000121284717017196,0.00200571671447488,0.000488556095418068,0.0016575878662538,0.00704545312090321,0.00772458709581682,0.0087523430887265,0.00539711438838698,0.000114714591027277,0.00190931121803606,0.00125912120358309,0.82112296838014,0.00270615292163997,0.00214048963903291
0.00171486158603262,0.00463454120915441,0.00987685206169509,0.00340963032042734,0.00191807258774259,0.0465567667574852,0.0352479384650478,0.00457202786090655,0.00514720006959416,0.00107724408697307,0.00367042085090809,0.000567501552138485,0.000940181126878844,0.00452189111874331,0.0130262384597424,0.0280568367137245,0.000114134641292054,0.00157670428128133,0.0100077318768505,0.0609593792179577,0.0177993541519324,0.0191851936569889,0.00662083555107249,0.0390194995152458,0.000112135822903529,0.0771844374119268,0.0075377130660821,0.00947205042808021,0.0322664640719386,0.00252818051849606,0.542907435838814,0.00777054512194282
0.00491875253474772,0.0105753932851537,0.0022575446127074,0.00388536621214307,0.012236994311818,0.0164696858188923,0.0447447749976015,0.00879364541523064,0.00520211614293215,0.00207260916588373,0.00330697413309983,0.00406749688831283,0.00403654923451891,0.000223727749733574,0.00250670922629987,0.0401092987214868,0.00181582567301979,0.0011203403447465,0.000111673560438882,0.0357229095559203,0.00143050579358755,0.0430830064601154,0.0598793286841259,0.00710205747288434,0.0460788955271168,0.00100854119151122,0.000663752350438603,0.00534003969720705,0.00505471671539486,3.61968584855089e-05,0.00253856525690389,0.623606006407541
