0.0865282216428832,0.000507757445368367,0.00104290813616359,0.0168471994130474,0.161738881231395,0.00360344664753992,0.185612609813472,0.0870355652996496,0.0821625825946994,0.00952614777743823,0.104335674053283,0.0526263611267312,0.0535430408589787,0.00125000533985773,0.00055463053787935,0.0051779720417556,0.00401576350590679,0.00055223343955037,0.000213321109231337,0.0042120961763207,0.0224481707386002,0.00345783834391224,0.0545620454727354,0.0138992387451888,0.00355517840064651,0.00468958232772397,0.002384968037764,0.0303308486478965,0.000952395319378031,5.01555854392008e-05,0.000774006756307268,0.00180915343325693
0.000663415208784941,0.236896615254695,0.00142409677997985,0.0264099888941087,0.0707116405131072,0.0195023990866109,0.187359689994756,0.0310743764768642,0.0159773931208882,0.046258917920574,0.170108031731743,0.0123776097776533,0.0576783932474138,0.00210091845669968,0.000489947015598635,0.0108722354597966,0.00243601344308595,0.00025989689147783,0.000389659903766279,0.00729694437897687,0.00250092006037233,0.00820853610066499,0.0214789728165722,0.00496223798214074,0.0233706597555625,0.00106163514088095,0.0045908827672017,0.000730254573245564,0.00145366283381249,0.000703142968067997,1.62961909381575e-05,0.0306346152539591
0.00442329405071581,0.0026763041198102,0.0428893017150767,0.084094748224974,0.139695968989916,0.00710258390706572,0.127557666946868,0.22241492021876,0.018272034489652,0.00567828093922423,0.035589038725832,0.0263689276130852,0.0112779025869751,2.29454840069765e-05,0.000900939848977646,0.0152222824167379,0.00908766391139519,7.34910340779679e-05,0.000506173963147124,0.0274481741398861,0.0317031554976639,0.0034359870360206,0.0329481593243636,0.0470555686492838,0.0248107775816401,0.0280707015675642,0.0188346274027719,0.0155444261824565,0.000240895379007568,0.000999115253932166,0.00174138086765239,0.0133125619314586
0.000927970227092006,0.000818505487348959,7.90239569010932e-05,0.10536555352907,0.172375409613776,0.00132339701679648,0.112927408688254,0.241330523542147,0.03137461378643,0.00578778577718911,0.016443644789223,0.00470388342263152,0.00378926967288442,0.000578092463833351,0.000495134462005279,0.00116995757437457,0.00117575836624004,0.00169973757518885,0.000843921429128219,0.017448294165625,0.049191595210083,0.0466521231211054,0.134369463578028,0.0317963120809881,0.00416325268317667,0.00329811597053061,0.00236637023353047,0.00367724568576795,0.000527806027808598,0.00056683444071177,0.00140775376339731,0.00132524165873352
0.000118239304862338,0.000721585110501091,0.000188262026099983,0.0484018038976989,0.305267230041276,0.0149297780740494,0.136652475008482,0.0259280643124374,0.00219442054360023,0.00287095999348453,0.0420296923779921,0.0548181309569477,0.0248483077214613,0.000558448834003381,0.000816855363723687,0.0330775828438691,0.000988736647457309,0.00156730181388128,0.000170317119293779,0.0285159330554281,0.029145911100196,0.0564012860922965,0.109879537624229,0.0363898674241449,0.00479115786424753,0.00563655866483769,0.0003832430170123,0.0299028069645834,0.00168870378282451,0.000120888548075002,0.00023414743918237,0.000761766431820506
0.00337710609342785,0.00365232410691823,0.000221103121653931,0.0661246242961434,0.110567610158024,0.179771755039338,0.176118268643747,0.041357780236534,0.00480290944496107,0.0098812348751272,0.0726082207769629,0.0192251323008135,0.0188679596311793,0.000726688331417237,0.000320190983414966,0.0391608895810367,0.00562166861882289,0.000604378434935871,0.000184782614727735,0.022647057594954,0.0276338586862383,0.020159852666376,0.0558097460543625,0.039853731762714,0.0272011450435668,0.0181069794490084,0.00978709999311247,0.00749563419428831,0.000325070293868425,3.28344501759351e-05,8.38868460715905e-05,0.0176684756760779
0.00177396991750401,0.00146850292101597,0.000290517234740365,0.145881331478157,0.241035199595031,0.0309745708207447,0.0858414549929112,0.0878779459940808,0.0249518355710439,0.0137330110671357,0.112581715261542,0.0446763326674864,0.0395206946723373,0.000789325653658048,0.000910787061011816,0.0299178089440078,0.00564144062342952,0.000137042021148121,0.000294478549922163,0.0138193624159203,0.00648449469795809,0.00593183090702288,0.0169375143337892,0.017824181036713,0.0198844552723891,0.0152600914971754,0.00268721432062383,0.0216706018897799,0.00210776817067898,9.18094337710334e-05,0.000252708522325217,0.00875000245494462
0.000643223989515521,0.000531207360441239,0.000148923425693371,0.120981901364526,0.149151079784418,0.000829191895114988,0.101564669008065,0.301824552609273,0.0275186434390491,0.00314285251415526,0.0136044588770751,0.0159932760616546,0.00218633403185007,0.000378089439682787,0.000695647809323397,0.0013941552242012,0.000686847376352605,0.00145675896358459,0.000824853388533191,0.0178180991153838,0.0383426255863629,0.041995137015913,0.110543246827946,0.0287102745555649,0.00153620527709523,0.0028214483518592,0.00117945485322837,0.0109334347501592,0.000428095795465605,0.000341512486157441,0.00139086828206052,0.000402930540295769
0.00199864009538355,0.00157553276093333,0.00150154200421658,0.0993399812321505,0.056263718126468,0.0220773352280328,0.0454507978084612,0.0940021727825418,0.205873493702626,0.0286317426206366,0.118213898909129,0.0148157705425092,0.0211516817678523,0.000735472853484649,0.00101425350256184,0.00134544418017845,0.00797913262645742,0.00336085232751161,0.00122103211615583,0.000719214426648104,0.0168985634464291,0.0663586351397217,0.0873733562281231,0.00233599537449282,0.0350941783557272,0.0155372214311031,0.00360532677453591,0.0102214418888778,0.00129018823097216,0.000102030919597322,0.00139067722377569,0.0325206753727057
0.000915702569598845,0.000779133613110702,0.000110661132046967,0.172220746644025,0.187012160093626,0.000354290347771042,0.137443096979791,0.237483515543262,0.0164264481055378,0.0539907705707528,0.0201445078486654,0.0128456164667596,0.0044705374723579,0.000249914258828399,0.00129878191958558,0.00395532678937093,0.000938736360578463,0.00151611483837737,0.00091886280704217,0.00662544144458203,0.0208488512326497,0.0231875172735792,0.0658069974378825,0.0104136067292494,0.00140311994465561,0.000932293376492731,0.000617675105031278,0.012060558847444,0.000544270076374044,0.00045874784187577,0.00275489335866976,0.00127110297042542
0.00162813960784546,0.00117017551344188,0.0016327042760401,0.156257405763547,0.124680171259522,0.000523165021338474,0.0946890504926998,0.189429800043881,0.0305784450875049,0.0171231502241732,0.0780686826969231,0.00846665517108946,0.00831927282472987,0.000151069416443389,0.00307842224366223,0.00397295460521942,0.00147924272803515,0.00184041729962965,0.0011572839234143,0.00957855598853255,0.0479827741014524,0.0461676046397094,0.123218901212134,0.01960999304215,0.00897105766152684,0.00128822400512132,0.00161260339460932,0.0098222634482639,0.00115429812213061,0.000446444390127436,0.00211281840688751,0.00378825338821329
0.0016799121139779,5.79626464740313e-05,0.0150301778500498,0.0372584752590889,0.0576819867641285,0.0107365842699938,0.0342061625829563,0.00871373056214824,0.00953565675822632,0.00439870612561474,0.177758404071502,0.115343462673913,0.00380651862542255,0.0106886992183304,0.0353987538959973,0.000276546907925729,0.000673578680657471,0.0112553362010476,0.00274051374177536,0.00990576583344507,0.00796156212500703,0.0233916734892808,0.00598512573343141,0.0134412645210208,0.0102606411480488,0.016732630720891,0.0455846173053112,0.311810352031147,0.0150983126999413,2.541033376786e-05,0.00180149231471065,0.000759982794766759
0.00312617376098662,0.00214158631543586,0.0129743985955337,0.0885014687565627,0.114145030876096,0.000237197025765474,0.0954621814229288,0.077164457111318,0.0275009648874359,0.0549936854199425,0.0416556014126425,0.022645838562688,0.104877939401157,0.000455719479604256,0.0116654361242699,0.0228382156294673,0.00192302529321711,0.00210857025606311,0.00140276743851968,0.00523739197934565,0.057717474591595,0.048442833794687,0.10637639185944,0.015157852912232,0.0243774705309417,0.00141320129828376,0.00421993414730623,0.0331582603752466,0.00307916745708161,4.50406564660409e-05,0.00302542731419753,0.0119292953135428
0.00221630640198757,0.000783789389636719,0.00298176595589061,0.00660103759489689,0.0372680632018212,0.00357861317471457,0.0420736864401713,0.0162939648008347,0.0931256599260371,0.00879343471872572,0.0166326396404119,0.0723821503638843,0.000236435167301609,0.0502501920343534,0.00468475678444085,0.0255098137902991,0.00648671551136198,1.30635959547877e-05,0.000796285863575097,0.0215074793956221,0.113727248389661,0.03555738512664,0.170595638043046,0.0977843895357825,0.0296576014369709,0.0167523035988653,0.0390016064662712,0.0709759646146937,0.00591653720252964,0.00181216809791351,0.00289191193174215,0.00311139180396263
0.000408569225269732,0.000460045961502803,0.000671322249785469,0.157162936652406,0.162632213079016,0.00898219118513465,0.18323061690789,0.11615911917922,0.000339429927799427,0.00740802197220353,0.143888366133145,0.0113465276093555,0.0303552868579086,0.00250680282369366,0.0619449090816564,0.0234157825894492,0.00027685505203094,0.00116543645221821,0.00114726479309828,0.00334534476602906,0.00948245930327257,0.00138586981628464,0.00888749902880822,0.00944517536698602,0.0130608884519292,0.00559263563238334,0.0108186184517388,0.0192724773566838,0.00200453756286148,4.15783002433451e-05,0.00062245190035052,0.00253876632964518
0.00912306854581061,0.00117860120306294,0.000161646245348358,0.187189978536679,0.0793948888515939,0.00489907411689694,0.0426291776206836,0.16771802027627,0.0215038957135574,0.0185858083788001,0.0977427386500079,0.0167998410720765,0.0181653777353276,0.000728879949866259,0.000913912353020034,0.0823689413521763,0.0121889122971328,0.00185361120626808,0.0034648709804385,0.00375824907090668,0.00890824517675572,0.0660622910253152,0.0907605822895995,0.00273233042859161,0.00879862412054679,0.0169222447411333,0.00512562762257092,0.0222828002530993,0.000865529557896071,7.36883342109673e-05,0.000346038767832389,0.00675250352652406
0.0034053133901937,0.00992748730491925,0.000563432708529655,0.0157360779114814,0.0455350958930407,0.0393723274156371,0.166104063445132,0.0556767496359913,0.0205035662642331,0.0520864858987608,0.127635685653718,0.0441780793172091,0.0571346659564585,9.27714425111243e-05,0.000721898623990442,0.00845010774829242,0.195178034698781,0.00644919834313458,0.00445602575189549,0.0253326999407886,0.00143536006065029,0.0144061068113218,0.0589319305982635,0.0101524347015625,0.00795121260036017,0.000201508076735535,0.00251585324016227,0.0210282444330835,0.00396684541568011,8.09319724859597e-06,0.000612675076038072,0.000249968444195256
0.00138522225092576,0.00436110667319197,0.00249104632869738,0.0197155457274789,0.194440405326774,0.00172437803059997,0.216657137223205,0.112145025551638,0.0112540323164296,0.00622503778978755,0.038583351205105,0.0193923391192808,0.00319584350499191,0.00454257567431243,0.00632016264351679,0.00277767844113404,0.00597344865727074,0.117084560639308,0.00632891834074504,0.0134621301632424,0.00605081600923812,0.0582957226743833,0.0695546545898593,0.00526513247481012,0.0238362028556285,0.012759912864555,0.008321104227969,0.0189297030967287,0.00184401708219688,6.85223116707479e-05,0.000200897005503488,0.00681336919982184
0.0123479319322666,0.002437113602774,0.00224268799736489,0.0694294671146976,0.0689844968113749,0.00231125049174248,0.0737786102191634,0.0659730608785244,0.0112915370152529,0.0104444264728031,0.150367776716823,0.00353741527212607,0.0340559247625829,5.70874610636323e-05,0.0012853248746379,0.00111429888180557,0.00277528360033372,0.0041570798775279,0.123077147939093,0.0417901161107835,0.0485060265046571,0.012358581844813,0.0664494365475133,0.0808900063996424,0.00345709352057324,0.0609938457859391,0.0337458561930553,0.00192781146925044,0.000130425567853797,0.000155387590159833,0.00625094856804696,0.00367654197575452
0.0161493683766499,0.00459327541867352,0.00350575502788272,0.0446523839590684,0.0466890287761125,0.0251106047671712,0.0270650545696108,0.0455362846094966,0.0213547176307244,0.0075147537326573,0.136800193097864,0.0745961657771905,0.0352363220201561,0.000306082637066007,0.00292872047224579,0.00757595262564957,0.00328863332266706,0.00158670923984122,0.0101405567943383,0.12882702231152,0.0149213002603919,0.0241329587667388,0.0711110367801955,0.0229004627815631,0.022654119455258,0.0870105243836058,0.0243534474389626,0.0549669061218592,0.000217557259322135,0.00152879623152485,0.0050008609798473,0.0277444443741448
0.00670706163393531,0.000336571310129626,0.000445250996727283,0.0256805323642612,0.00316384894357971,0.00243120570854647,0.0114126110904711,0.0399554721021294,0.00310843282903788,0.024672632854694,0.123928867584512,0.0102335405354672,0.0270499333555793,0.00201732574717163,0.00205261934115447,0.0057183202351661,0.0009515912105241,0.0132596901762497,0.00918050459983858,0.0785637914889992,0.0595345888403696,0.0395417283704856,0.262150679364159,0.159142298652062,0.0199393691710805,0.0179607087784621,0.0072098302810882,0.0083292924845345,0.00393385155860811,0.00333130896472432,0.0110554454195639,0.0170010940066877
0.000222547798827442,0.00575177959244982,0.00116306382681385,0.00225388165795927,0.00270078700975682,0.0602788643014954,0.0581173180152747,0.0110705347937328,0.135415633722741,0.0546795668346492,0.0450561949547237,0.0199594897728683,0.0102475132313523,0.00187995884610344,0.00268416719969716,0.0576775254161491,0.00194650354782712,0.00173168437081958,0.000723252907300979,0.00952218466569157,0.0534466848426027,0.282602200453321,0.121366963157032,0.00660174707879128,0.000857851164583794,0.0116111644264684,0.00146577017712816,0.0143650557946353,0.00169355883491774,0.00145089376032165,0.00201914446657732,0.0194365133773882
0.00236813702000647,0.00976493814635989,0.00338165895257496,0.0275055141603133,0.0498715918243243,0.0667403612125917,0.00687607806300701,0.0176796781021053,0.0919334630526397,0.0935822059965914,0.153584358154734,0.0125318105150402,0.0203242958192019,0.00698298224090211,0.00805229853219346,0.0669543080965806,0.000372349498643651,0.00444743430302476,0.00277952364775475,0.0407308883404681,0.0211624722670434,0.0685599401800524,0.0360430459742453,0.0651359574278072,0.0481774264560461,0.0339385714855042,0.00535878862255405,0.0104261937200865,0.0044291474078337,0.0030731219336493,0.00665360059942414,0.0105778582466961
0.0159122514650433,0.00283725556944677,0.00109097942861671,0.021441869420962,0.0133165848128822,0.00971400932177079,0.0152904008031497,0.0408330971927281,0.00494693307881691,0.0110274748706101,0.151742597137254,0.0295611201945183,0.0516968556406865,0.000589383769778465,0.00213807977664134,0.00343891132902623,0.0027271320402139,0.00736356683919736,0.0109054821456099,0.0250449667825988,0.0180558742971825,0.0447229372764585,0.149961310198494,0.220126179500537,0.017926735879676,0.0500596818449194,0.0128331187740646,0.0311557887168607,0.00162390043078781,0.00310871308908292,0.0115174420752246,0.0172893662971606
0.00163316863631057,0.00135948938326206,0.000840559190783503,0.0714552108017011,0.254273287405412,0.00132024981762679,0.203674948793546,0.157746613793601,0.0187461179716354,0.00269775902488826,0.00684247066882665,0.0230002611616021,0.005680146569933,0.00170592274351145,0.00238634784166132,0.00315758287539059,0.0016010068750792,0.000493661819900601,0.00103542085306918,0.000489523751693741,0.00348473457155446,0.00336217817004975,0.00699190924219451,0.00369077056599808,0.175646443869383,0.0014715251369958,0.000200957560033462,0.0182865748609095,1.81339708778431e-05,7.05818980685616e-05,0.000396610087665131,0.026239830086836
0.0102000741592332,0.0036389326500282,0.0062415256975157,0.0324964636588807,0.0512404439488197,0.02036459888903,0.0407086403449659,0.0304922845893112,0.0196622304618482,0.0047374216771565,0.0976061139139366,0.107718555617834,0.0296540337889363,0.000141393233577215,0.0023073540570434,0.00808786346735697,0.00111672669694718,0.00176235520600713,0.0153697035118282,0.0202787562590053,0.0051952869053017,0.0160696901039403,0.029982467061784,0.0226330776579303,0.0333388105986917,0.26827975872358,0.025556398745882,0.0684742174661948,0.00160065842799289,0.00250722884344082,0.000952299654532953,0.0215846339814664
0.0110830928631137,0.00268809566998067,0.00561339341466101,0.00563483336067773,0.0128654596213086,0.0138900193922896,0.0318791947967765,0.0133177529881265,0.0131125822190925,0.0146965221954872,0.061223702201867,0.134706622163224,0.0428550607632062,0.000350494176153807,0.00220188988512636,0.0070215714844336,0.000315705523056177,0.00475650186338019,0.00586930116467898,0.0148824876251398,0.025152873554,0.0170445668682068,0.0352363817217128,0.00461371042878133,0.0764067956508941,0.0682557819254514,0.221707378394833,0.124505783269225,0.00343069739778504,0.00405172981828424,0.00454503841514795,0.0160849791838985
0.000842743602683309,0.000284387896287553,0.00798752478771484,0.016675960890208,0.0320669132868122,0.00728211309592996,0.0242183330872993,0.00241845394053437,0.0129683410889157,0.00816912248869918,0.0993081250008262,0.157188323743515,0.00107535925674146,0.00723106539319407,0.0192982316083446,0.000596108689800122,0.000599402351931146,0.00919314401734592,0.00299133276461188,0.00659257355277539,0.011854988424892,0.0167048905421162,0.00223316905018279,0.0118972328457936,0.0134128799180148,0.0102175300802719,0.0371574321057177,0.463376956218451,0.0130689153349467,0.000135722071963918,0.000816296905783412,0.00213642595769586
0.0102587049573285,0.00207929156356408,0.00022036884761106,0.0640124233785204,0.135907584332507,0.000246998807150935,0.0181084198676086,0.0977011903363978,0.00821393345821823,0.0196521624490298,0.0309756942739328,0.167152824237055,0.017258864286117,0.000341820361298151,0.00204612515782287,0.00548486025891402,0.00053487413819746,0.00584736670784324,0.00605979785801889,0.00225064726629159,0.0027726944634417,0.00716679153066471,0.0147845649657987,0.0190201842636438,0.0451572941839637,0.0096320185327847,0.0313095824237179,0.151001701494353,0.110454473888389,0.00401051167763218,0.00720437960222317,0.00313185042996118
0.000227552678978575,0.000233646001144584,0.000247850364730792,0.0372884330542807,0.107754496262319,0.0206951084064722,0.26281479762999,0.0598400968944553,0.018441419543415,0.0150362691138737,0.0712345222374039,0.0902473103979354,0.0348434258572182,0.00296874198860985,0.00142531660798705,0.00867994936019175,0.00020584024260837,0.00458720319054998,0.00272094320979843,0.0147550956236667,0.00359359923613089,0.0414317404880711,0.033843265060502,0.00725260775755115,0.00808511555382294,0.00281952631612733,0.00822853294897273,0.0839873588446483,0.00268847755302647,0.0452313549469752,0.0037367313823482,0.00485367124619347
0.000694818275183491,0.000522292535939621,0.00827172118903636,0.0768551721049589,0.152175974613386,0.00113547968439678,0.160353183711042,0.156776536781429,0.0235404256396748,0.00129542433929687,0.0234646452014298,0.00945155025542931,0.0158453920720101,0.00319191717128909,0.000849842313486193,0.0138656663817858,0.000840973261396032,0.00413099564121373,0.00176305022255542,0.00524453456965013,0.0457163348531649,0.00398187125961187,0.0481970338577493,0.0145827248328488,0.0269194409207512,0.00285897685555195,0.000952236373569676,0.000668748346526647,0.00223789189615941,0.000176921263966474,0.186511238946331,0.00692698462917991
0.00128059631505349,0.00351629427535921,0.000540614978343994,0.0756403702742492,0.254404902983799,0.00302309023159062,0.181360521967134,0.14445997245296,0.00848198524717715,0.00444693686944488,0.0241282952278306,0.0613169083989261,0.0170959511763536,0.00169550657821529,0.00241145047159728,0.0082956218037767,0.00128846262136909,0.00110438118839235,0.000902507351534602,0.0028977839906236,0.00790351902560107,0.0065149035344881,0.0214638207062873,0.00531521229577818,0.107687250069151,0.000450493609325723,0.000187163467168392,0.0469886555428704,7.14570009012258e-06,0.000206391357315706,0.00124869592111433,0.00373459436707792
