0.63828928709081,0.0182000567213323,0.0232698537780052,0.0227851989245798,0.0491395217786919,0.012307930479125,0.00875990125757084,0.00526492822985727,0.00261759083892304,0.0291334789730889,0.000898227005556812,0.00175160349793628,0.0010191633077181,0.000220480625539673,0.00532077965737712,0.0164397450581011,0.030019615619569,0.00656458224387101,0.000408227635362674,0.0104896498416247,0.0108382793887343,0.00287827145859569,0.00377414505055564,0.0220252141527617,0.0213249942339277,0.0012850542801217,0.00391144377721821,0.0159517602497399,0.00210117645475732,0.0173504519221596,0.00662451680030185,0.00903486966648533
0.0425935985284462,0.391597210513211,0.0241435515989309,0.0696183550203391,0.0733886201698044,0.00706653683060666,0.0548257479778314,0.0289922893512135,0.019902732595853,0.016623057797739,0.0143423377782772,0.0149082455322753,0.00526906362017827,0.000915289493412777,0.00325577716207211,0.0795095342013228,0.00440792111104156,0.00972188116585979,0.000157708913013223,0.014220466492359,0.00381078123677965,0.0201940609832295,0.0059335598167041,0.000320711137148221,0.0153183908309848,0.00502560624426736,0.00113413863080791,0.00358229412885239,0.00255419753927048,0.00975152452918107,0.0136143358528347,0.0433004732161524
0.0128393919313602,0.00591031217290733,0.508988990886633,0.121316059768847,0.0229962353181503,0.0287912520243614,0.0150890601775529,0.0202484208294522,0.0280746914023322,0.0432886934037347,0.00234920595561859,0.0429910128452093,0.00965989614440757,0.00660928699065966,0.0277547248635206,0.0389685555844918,0.00589337831283502,0.00464188847092385,0.00419322934012732,0.0102835918861262,0.000138755003127072,0.000671125067862304,0.000920257638537901,0.00759302271277835,0.0042730832085342,0.00247982926532848,0.0034292124408369,0.0113808526278407,0.00475442077091415,0.000834541610418349,0.000965159004653159,0.00167186233991666
0.00974071633496671,0.00255136871004155,0.000140580933527049,0.0157276483379678,0.0217677571025457,0.000499340280167951,0.0271816932478505,0.177785792553941,0.000372148456403454,0.16372644785749,0.140254185973189,0.150609179982223,0.00127405583392565,0.000881751349766328,0.0479966123954304,0.0177615390444068,0.00403123282207005,0.00124616968965233,0.000295204574333467,0.0373137207832592,0.000297361254749555,0.00788934196235174,0.0132182066076301,0.0307365281238266,0.00123755675617722,0.0107514752660741,0.0123232382150391,0.081091695473911,0.00490670308856505,0.00720852033342219,0.00853517297670119,0.000647053678393601
0.000287276179607312,0.000913076792925318,0.00332841663219541,0.00519972441124935,0.502924513589888,0.0154542792160101,0.0243572062945075,0.0526909281179762,0.0602391432349755,0.032830156544771,0.0411821463003334,0.0254742828290106,0.0061710123314541,0.00206655925608079,0.00684098899317443,0.0449900770023859,0.000262683088430752,0.00474038768355612,0.000721450839640362,0.03987423813829,0.000172205974127365,0.00924423596439932,0.00508213198944695,0.051275346887013,0.0140446332233442,0.00237375189292465,0.000340381526718847,0.0276092238442838,0.00367544165933237,0.000479752507887213,0.000821464811185454,0.0143328822428745
0.00601353404547328,0.00347595094801799,0.00558944378026072,0.298830938728416,0.0012778145101481,0.163754430221086,0.0105531319516885,0.263875571456015,0.0404178775855877,0.0936183096253844,0.0208060889675681,0.00173925980694786,0.00794153023968252,0.00105443002732203,0.00193772650678959,0.0355421905720795,0.0017321681781533,0.000696257267704672,0.000477916198143724,0.00406901507522859,0.00155691836014917,0.00596099089410903,0.00163049273422644,0.00378219562363233,0.00370415848851731,0.00239859359784372,0.00490973799502287,0.000331444642286706,0.00196850176034527,0.00330022860119365,0.00487728056675571,0.00217587104422004
0.00162816019386928,0.00388851093001003,0.00447941504381672,0.0781101108766775,0.0673034695493446,0.0410795682220037,0.485659904254949,0.125419770547026,0.0281382575877485,0.000903690426429905,0.00497459877340523,0.0209980830285919,0.00963297368144508,0.00315163810588602,0.00570300137808251,0.0053442667190515,0.00503971294421848,0.0161796562422198,0.000536966098392459,0.0138785329855475,0.00526165157367946,0.00210956529539119,0.00497012854691608,0.0157628193647942,0.0400239944549001,0.00182507300737287,0.000223256846363007,0.0059166630729168,0.000302944539779609,0.00100601949323415,0.000263311222526725,0.000284284993410028
0.00813539055541884,0.00203681392744546,0.000826247688377793,0.0895546189243412,0.0115011940528776,0.00316921213971578,0.00698663563914226,0.402784513737114,0.000521865696998834,0.0955697753978939,0.0754591921436322,0.0974946800431132,0.00240128661430351,0.00118401323226874,0.0378671915959744,0.0197757756570463,0.00214576628099176,0.00146562840112187,1.881152744445e-05,0.027004835155057,0.000399184652853022,0.00526244548251366,0.00525814751913697,0.0223548872594025,0.000496049027582808,0.00756541276350687,0.0111988202706807,0.0427071138132187,0.00494726813657454,0.00480516615260782,0.00871680313032286,0.000385253381320096
0.000792833845447447,0.000697496839875363,0.000385269771461769,0.0498505379939377,0.0382740514291928,0.00377771961531766,0.0347777881904543,0.0266074070064808,0.395320074991865,0.0281156204836282,0.00199617562598167,0.0148346857383916,0.00807637949412389,0.000347833067673525,0.0016434086915193,0.0361597533488439,0.00992792986914449,0.0306777447914458,0.000229487127437319,0.133960977472949,0.0014175715419525,0.0151371264815854,0.0118424986899427,0.0878010139056573,0.045508886469477,0.00730028861170471,0.0015464849197312,0.00395164479391486,0.00331274292644848,0.000760161203150019,0.00116481600094729,0.00380358906031748
0.00637335940371646,0.00191916271045362,0.000963680089635804,0.0626569457492864,0.013110717276494,0.00393622893485787,0.0342539247143131,0.115134936237658,0.000620607206552903,0.358349364878003,0.0955593715669325,0.0853694484032546,0.00547980121650558,0.000998458641099545,0.027755811694571,0.0125747822275721,0.00248790417873295,0.00111086733564778,0.000265094063486176,0.0399091156019671,0.00018893421711916,0.00614169919984238,0.00905236103910642,0.030977432991795,2.51960880398423e-05,0.00958170628234078,0.00955223055981129,0.0526609591386389,0.00132828666855138,0.00735135825727256,0.00408383146234641,0.000226421964394324
0.00541774009115486,0.00104692316382938,0.0130695122871325,0.00547380248437691,0.00303575453218249,0.0104361470109717,0.0319169063326947,0.0504774543608899,0.00962892627035182,0.0109105006309096,0.125919762348475,0.185353701022122,0.00200983399465602,0.000576633946021171,0.0927952891094372,0.00486075492580244,0.00234266729721152,0.00194387923765781,0.000221907905253825,0.155806932798248,0.00152332184451388,0.00650135927039772,0.00719557856167006,0.121425549764279,0.00171915700516307,0.0276476278475614,0.0213504069406842,0.0682812054276432,0.00360678414052738,0.0169587837976139,0.00829265921220501,0.00225253643836338
0.00422520724734909,0.0011841372816049,0.00228414551962966,0.124080858016897,0.01960990497798,0.0321682537974939,0.00175766051303711,0.0401273049075017,0.0354144516214178,0.112472433694011,0.0518833934673906,0.345105791616164,0.0107482334045957,0.00598879998615333,5.09933648183947e-05,0.0605766415359944,0.00414431450369009,0.000527809102272003,0.000237599085861541,0.0207689581091027,0.0035864905327786,0.00098837302116643,0.0129308033855756,0.0283870373226966,0.00960577291555216,0.0185538662528503,0.00516768103056794,0.0259746244132929,0.00528664952951948,0.00796302956373723,0.00750854686045524,0.000690233418843256
0.000657153669581677,0.000812406731987174,0.0131269419376012,0.0269569636630571,0.0759607051650547,0.0470942264873238,0.0156431173975839,0.0442021664565056,0.0175825018113145,0.00312257813371572,0.00416063051824087,0.078533225721898,0.302112736994258,0.0115420754586182,0.017349982504435,0.0128624946290247,0.000437196023530914,0.00757872921271941,7.66795914871465e-05,0.111270160623361,0.0284362720367116,0.0013294843037253,0.00692780281929614,0.0770188145267979,0.0294658900437548,0.00828394870765757,0.00184261293064653,0.00686080818497493,0.0293527633665725,0.00667223101101426,0.0112393684579094,0.00148733087964068
0.00257469864434724,0.0014573017621319,0.000564542819544923,0.220509136024567,0.00629001748182161,0.00391632441344419,0.00302938585760114,0.0958716672657381,0.0269434995760809,0.142260662661389,0.0637322314618389,0.00756441085464405,0.0129091990950078,0.227904111981576,0.0276926631882715,0.0152801401850049,0.000278699344780504,0.00282892559817533,0.000833799729530417,0.0348930795495743,0.00949374113794386,0.0116071160383207,0.0135334514418324,0.0208994976627187,0.0133526877457123,0.0124490730153063,0.00162152945839592,0.0160618216952566,0.000217463186896253,0.00142526123494502,0.00198177941193647,2.20804756656098e-05
0.0048523764423171,0.00291561461797853,0.00369274215155616,0.0101150461353328,0.0340516857487007,0.0256155406471623,0.0115620784796977,0.0580903739837319,0.0151245661005499,0.00334350108632452,0.0177277758120061,0.0202624017211658,0.0125859711968589,0.00520420022100926,0.499454745361243,0.0160322560262131,0.000809263183444829,0.00201845091711053,0.000230152643994015,0.104709456471003,0.0157410134634532,0.000825332831336362,0.00117869571412162,0.0593250026576589,0.0149997139815202,0.00313938032997327,0.00743171212770219,0.0328676329287878,0.0113060670871228,0.00276390851402875,0.00151953434604833,0.000503807070846881
0.00130225641168573,0.00112059129074808,1.04483427759312e-05,0.117287370986916,0.0376992044787519,0.012460119960778,0.103726079399916,0.0906358796871254,0.127225794526103,0.0400055239497068,0.00325050837463223,0.0133142120643419,0.0108824790904293,0.000844884503499687,0.00447773308654129,0.0672352218356747,0.0222540276741274,0.0254085227971464,0.000387986761851563,0.118727736038535,0.0053711650520346,0.00262724181066615,0.0181983436631602,0.100522498411801,0.054743720564166,0.00479556205227779,0.000142903146497931,0.000826134631790706,0.00952508552201473,0.00270225770646212,0.000565336380996272,0.00172316979684683
0.00906506287934127,0.000298284930116286,0.00245472069399246,0.0247294865637257,0.0834406622396273,0.00699832344061204,0.0540286084836844,0.022133862694237,0.0214346285885435,0.0290477149577317,0.00527532199678419,0.00106065755738595,0.00768624142002555,0.000538944360607882,0.000864520547811888,0.144274565946473,0.310925651938442,0.0108455924947051,0.00175551003915642,0.0646164782220432,0.0021758877775917,0.0063779817225427,0.0078240566608221,0.0305731153119801,0.0900685798647779,0.00456086961220977,0.0115139786429231,0.0258884755611717,0.000377492208176406,0.00506735417794401,0.000899725725026096,0.0131976427397872
0.00546630335601846,0.00259488550784492,0.000330539731244512,0.0128762616733088,0.0903230690527005,0.00153968618637517,0.0615225867674201,0.00716744928098295,0.00472492554579384,0.0253488701508908,0.00176739849322416,0.0012940638575132,0.00478997280215208,0.00419372754079844,0.00478843919156129,0.0536923488003651,0.00467007561606451,0.375937779487399,0.00142080909495088,0.108327066974223,0.0118506123862429,0.0115518081325446,0.0011162333901515,0.0470276737669801,0.0761044843364634,0.0168686098710354,0.0210544375238168,0.0151348302522423,7.07628891403247e-05,0.00308732191179526,0.00393105949729226,0.0194259069314637
0.00028655662917202,0.000813660206537116,0.00130838790949679,0.128453530404475,0.00306577773236595,0.00316641181309199,0.00780852783996689,0.0550517920758887,0.0176537915431817,0.0204606828104684,0.00153586300719971,0.0297543645594995,0.00746411553778558,0.00136420076050313,0.00955762955715807,0.0184057570820018,0.00469664122775062,0.000850337099106574,0.510603097192889,0.0729017845339356,0.00900727188962941,0.000212500793850887,0.00115733750332979,0.0513908906715869,0.0059528924231874,0.00227993791947468,0.0012943638697639,0.0116949858404219,0.00281383420034971,0.00206097331532628,0.00713772520762652,0.00979437684297903
0.0013604474144131,0.000384715317070211,0.000270508940172975,0.034959664875683,0.0120823554639764,0.00222360624448274,0.00283551106982039,0.0150951516694331,0.0215463083767388,0.0109707857325241,0.00264378150101578,0.00137882103013949,0.00312006537695169,0.00118983621432567,0.00380070308049818,0.00862112189973851,0.00304686112270626,0.00119251718730891,1.75041961024484e-06,0.620572700249951,0.0104922912811643,0.00346673832887182,0.00154549428158381,0.19267451954211,0.0196236855872089,0.00130723487300897,0.00207188945356209,0.00966468187370542,8.05903771452767e-05,0.00387877242356515,0.00260232312004093,0.00529456567147245
0.0046723318214415,0.00481061481012055,0.000259814501042325,0.00710624623554207,0.0639731562684857,0.00413501112879815,0.0582359074080232,0.00233800015746879,0.0432163947024192,0.0250344143218447,0.00802808513838473,0.0119446464664172,0.00503002467553918,0.00220793060647244,0.00245685042426762,0.101019336200369,0.00183794422970481,0.00129846032776292,0.000736727219541417,0.143950876373472,0.260710427381253,0.00554262504321361,0.0046860644916929,0.109121671629741,0.0197772981170159,0.00240051031966147,0.013485286650134,0.0288191051826271,0.00616695952473925,0.00937724038940445,0.0141027117113914,0.0335173265420088
0.00210362302670153,0.00084083340970566,0.0017721758211284,0.0340657456383692,0.0130353772250171,0.00150110508207009,0.0050680507737739,0.00482988955059594,0.000112269839216133,0.0250349553535993,0.0011100474145756,0.039396731012521,0.000590876824128043,0.00252071605002734,0.000337597240761471,0.000630584329649186,0.000550343681039163,0.00579452019292188,0.000869620206694287,0.199072636057528,0.0201314538076133,0.466206016566454,0.000582842312522781,0.075402822924443,0.0137194683574679,0.0256566646196339,0.00126032724711682,0.0432030216670004,0.00318627529058734,0.00177200819499961,0.0089664022992723,0.000674997982865573
0.000317963221379132,0.00112527028403794,0.00110216840761724,0.0606833836394893,0.0032800133355389,0.00383063472173474,0.0114105270306253,0.0156781895578218,0.0246351091786351,0.0412228230071047,0.00658544794752526,0.036451995004536,0.00267821766051616,0.0023302561340718,0.000842186233714347,0.00023322146366747,0.0020575593594988,0.00267581227325904,0.00169558139044189,0.3368173083327,0.00607459603857814,0.0696026437735083,0.127448749422485,0.143362195395561,0.00517028448219932,0.0422621485412832,0.0115765293349308,0.0272344566030399,0.00119246633512306,0.000462688033705983,0.0032521934940497,0.00670738036162071
0.00122154075538213,0.000300103263699282,0.000420481377123945,0.0355723688354208,0.0236813625798329,0.00350944838243596,0.00644940990201148,0.0131513512809363,0.0244836251524121,0.0168804757745384,0.00781911928432216,0.00842388274509904,0.00504268308980076,0.00177720828428845,0.00475872698752186,0.0080892146189481,0.00415575264017727,0.00282155190894897,0.000261965722898469,0.47831966965454,0.0183590812975702,0.00306138311842126,0.00158481018121383,0.230622271240438,0.0356763193950451,0.00136687676390932,0.00314169298267513,0.0326060290308204,8.7270278784422e-05,0.0101688277598292,0.0110252513409214,0.00516024437003265
0.0131941532832575,0.00335985144892959,0.000531836913277022,0.0558748133663517,0.0179823977054719,0.00237771691450212,0.0476919918269041,0.0292053116730209,0.0821582457359974,0.0310555001447682,0.00348501991599165,0.00842920311922031,0.00428974490002222,0.00150530318486411,0.00507811528210429,0.00597833421949087,0.00645017181569957,0.0147699473517276,0.000196600731696114,0.0886845896837603,0.0356974118821434,0.00596715123647769,0.004836449102204,0.0191795995192532,0.474888882301065,0.0136648509628492,0.00551625787382212,0.00603909793089454,9.68395485468795e-05,0.00210109002136867,0.000911287793551133,0.00880223261076736
0.00175621586753469,0.00265284200616427,0.00125431406487379,0.0360560688893872,0.0109351949825537,0.00035207708467927,0.0171534314799926,0.018079256093527,0.0185926582652612,0.0152784268981741,0.00860470246162893,0.0164194691793419,0.00469744693398841,0.0023823098270045,0.0184302399180095,0.0281640024013326,0.0014810778832333,0.00150730774442836,0.000180006527885846,0.173093231320549,0.000900933046276843,0.0110723187232302,0.0026812220585615,0.12325509936108,0.00355136149998071,0.451857916962693,0.00440903102217407,0.00241990251898022,0.00348292137574087,0.00343165129815197,0.00816208598794277,0.00770527631563785
0.0041145190868493,0.00753664206344675,0.00111303742462025,0.0280456643271028,0.00148075555221925,0.00154479248429467,0.00780765012929409,0.0244923414159116,0.02989826249795,0.0126621152778533,0.00319081773488218,0.00848874174302642,0.00450687661021893,0.000213227574889951,0.0119086838390169,0.030589932879426,0.000149147816829721,0.00254917639973801,7.97219969472726e-05,0.137604439750376,0.00151296381080311,0.00833002799527832,0.0308462266278344,0.0988069628763356,0.0100465782945561,0.0134612614772924,0.454475239673792,0.0103844788979957,0.000939658499404368,0.00355183040695507,0.00630701332543021,0.0433612115094302
0.00688841127857596,0.0024455452917335,0.000755178180000473,0.0661345897475414,0.0075428942297231,0.0117329440074699,0.00570384317852049,0.0206607312029626,0.1285962568196,0.108475563402912,0.051777153544422,0.00555840419623269,0.018193037274733,0.00118514812148597,0.00315624586882152,0.0615355526264361,0.00304152684818514,0.00265604351366788,0.00127816094663369,0.0720672066330809,0.0105921918351084,0.00464034168871667,0.0190893173951269,0.0665746328805429,0.0381799642979294,0.0161658482457414,0.000125335803931177,0.247540432551869,0.00274067231020703,0.00665111291098982,0.00583350789554513,0.00248220527155328
0.00290212120324934,0.00532247089977951,0.000104774369078789,0.0611164822286819,0.0273554767390227,0.00156151954928201,0.0105146622009282,0.0173647612976242,0.0490122112230251,0.0444533305632106,0.00438824073854448,0.00368175716732677,0.0189286965432225,0.000824618023538461,0.0026247479188918,0.0458494009770311,0.000119600492250157,0.000265919388990368,0.00135479597885122,0.134804689899173,0.00755816142953488,0.000750496596661124,0.00534234278667816,0.0889251860245443,0.00289462081012483,0.057708246808683,0.0395952051521262,0.0217589435200453,0.294788953503388,0.0146894910350978,0.0225798158663652,0.0108582590650481
0.00235547342013829,0.0107396403757228,0.000685633173269106,0.00313810132933573,0.00777022243193552,0.00319872329509464,0.00502121178410216,0.00273741291770126,0.00691460328415637,0.0132398576388726,0.0131314829387658,0.0310516511378405,0.00167014174351611,1.11990116327628e-05,0.00403318769526172,0.0140205195034386,0.00286533463859802,0.00229545602924027,0.00091844863486409,0.154208090177279,0.0101957353868508,0.000540406003368709,0.00952248893889357,0.158460499103142,0.0127477887726119,0.00687544954061118,0.00699177157299341,0.0273039596770998,0.000896043076692181,0.464950975823172,0.00938780416216622,0.0121206867816324
0.0034740734653823,0.0108700300840867,0.002243962218182,0.0109151638698083,0.0272867751471106,2.48273162837144e-05,0.0412418504975157,0.00409167905857661,0.00392059938401405,0.0101747972178236,0.00365373961812974,0.0180220847978909,0.00288924158269597,0.00203415575740811,0.0056048431105601,0.0550455243164297,0.00306794045543047,0.00386288287542623,6.31157141902648e-05,0.0172794084182107,0.00704727050105686,0.00858722076077407,0.00221299374202125,0.0018273224747605,0.013500037226934,0.053262342512557,0.0128698394383935,0.012212811798208,0.0099203973649614,0.0164176250016957,0.634702344221246,0.001673100052236
0.00193763490785936,0.00170758846371941,0.000687710068309208,0.0597294867893769,0.0653556192631968,0.0126241011190245,0.0550786347674854,0.0137163745782127,0.00847840268153662,0.0624277103357177,0.00344505340166842,0.0576051983979606,0.00647241548526549,0.000824050101053746,0.00367619046143695,0.0642295634180708,0.0162786452212999,0.0419081481224807,0.000656010895881526,0.00273561090488129,0.0106298350213176,0.0338290314421824,0.00072885347108876,0.0039817624748727,0.066385530731128,0.00551897618038546,0.00621277351391789,0.033626360867987,0.000798710789367209,0.00591551318390902,0.00906954811255512,0.343728954826851
