0.5553526913921,0.000412981075290621,0.00898109568641649,0.136724350276642,0.0157940626578084,0.0120592563555739,0.00347567273406122,0.0235252226144161,0.00619450647858703,0.0666331833921996,0.0272678669768864,0.00392922985824933,0.0325611599580335,0.000160315045161511,0.0237282847612955,0.00348317848425003,0.00241053623047232,0.00337922439767832,0.00135577479291263,0.0214173664731752,0.00390761032366319,0.00190977073674216,0.0052793955111276,0.00234950769029873,0.00158695740082252,0.00414251781323509,0.00131322645524023,0.00129956479185263,0.00427227109112051,0.00190041593556633,0.00223856391357738,0.0209542386955446
0.00784985611400338,0.274240937875065,0.0128972463671903,0.0650412115604778,0.125843227102526,0.0438250479715799,0.096661407209993,0.111485756534851,0.139598557424471,0.00887053926389332,0.00102062830605994,0.00933189669177189,0.00107447682791652,0.000868623142896337,0.00187971943288719,0.0328464187558774,0.00340757411127276,0.0088510691434174,0.000361938642129142,0.00476433375896919,0.00085262960580245,0.00192964090990637,3.8723208942944e-06,0.0041747962926576,0.00793669400313213,0.00369169611644896,0.000107335898823442,0.00459349116458797,0.00267020757887375,0.00098455644832549,0.00270260685414759,0.0196320065691516
0.00239999412859651,0.000679056379826475,0.614097315693433,0.0175594423355628,0.0902948694266037,0.0139587264288739,0.0379336063324578,0.0405150413638703,0.0502594987060318,0.0208080991164913,0.000750195457289285,0.0250673978184646,0.0009292390965963,0.000993085221537106,0.00604424341978338,0.000605137869461038,0.00302029360187151,0.010816633515881,0.00214702966752569,0.000799097248343254,0.00262420643227519,0.00247056213661335,0.0014948997953591,0.0018237157944972,0.00714351452794812,0.000395676868642345,2.66045211433326e-05,0.0284449709633802,0.00593831653807247,0.00336544392368246,0.00320519188805537,0.00338889378182967
0.00583009989959086,0.00111008847078753,0.00735331582544036,0.547535048412022,0.0362944186456278,0.0170171376889404,0.0717613993567041,0.0971889007189057,0.00350297736694836,0.0188171876122099,0.00240352905308063,0.00380200229427336,0.0703282086821,0.00027937905430725,0.038177375793122,0.0247325221673835,0.00287466242326142,0.00111523494424871,0.000935076023120075,0.000790434796415978,0.00640451590830832,0.000742447473358918,0.00845436058053555,0.00109059155491489,5.86681860522204e-05,0.00538210282809752,0.0071599837912448,0.00521959160057472,0.00487864513183135,0.000303855607058028,0.00754546036776458,0.000910777741769132
0.000581048350756916,0.00302699258278042,0.00628178588814342,0.0359559796485883,0.442307071852089,0.0848191602479954,0.100064643243443,0.0844525019014396,0.0313868608433308,0.0107590551066627,0.00500312727459916,0.00792168215087543,0.00190739781341645,0.000723304994083519,0.00662289814565875,0.102241309347497,0.00485396846176079,0.00168112488374541,0.000270282651936078,0.0107504612778073,0.0101882011563767,0.00273398937945824,0.00335070753397039,0.0100993913991369,0.00385428305335725,0.00835099642528955,0.00279178081769442,0.0105798293977607,0.00102910543298425,0.000373091528998558,0.00110193498337344,0.00393603222499116
0.0116558961006102,0.0018509699373993,0.00803432118045537,0.0263923263981856,0.0456740786423033,0.521231953808192,0.0538459518718626,0.108411761047166,0.0936022415042472,0.0164752416337395,0.00895901641588164,0.00367092135049555,0.00566274797526231,0.000125371677497518,0.00309223304426447,0.0344660191244208,0.00406435451534278,0.00148542625789624,0.000521341049930281,0.00691229365280453,0.00955223494245969,0.00256050914260523,0.00215884461390889,0.00513589914127578,0.00326834399992665,0.00362333211832201,0.00117769538648265,0.00661990597919325,4.59112629059289e-05,0.000609004429748551,0.00074026259492282,0.00837358920029123
0.00586729113161045,0.00528777202594698,0.0127739795411822,0.0774255742653993,0.162990773888882,0.0413172225674392,0.284070003119812,0.0926877378733528,0.0477023616396783,0.0410879442422432,0.00830785771160164,0.0439816778699551,0.00516269915558325,0.000405282859584792,0.000979932588769467,0.0319126685008617,0.00199816013764776,0.000946184677849026,0.0027811619500521,0.0164223430445371,0.0060105427358388,0.00456254661699402,0.000901153071595077,0.020287763555307,0.0108546723698833,0.0184581487757407,0.00547380468151764,0.0361984346633792,0.00612785993612196,0.000607218975378547,0.000497547952247584,0.00591167787400784
0.00393873027695678,1.98692004936284e-06,0.00225837181872373,0.00816247778960306,0.087387579523183,0.0357363173477104,0.100546717705951,0.633164710552749,0.0398409855532713,0.00270323454404103,0.000139486527160866,0.0116377172789028,0.0135980308615372,0.00179854472142107,0.0121433490587642,0.0123652331528446,0.00119920130607205,0.00106681211829562,0.00142233356072957,0.00228040374524211,0.0024898043656724,0.000211716126085772,0.0020741762497366,0.00184470251603396,0.000215217152496453,0.00117283666377428,0.00257805199045184,0.0087435914359142,0.00188387749615668,0.000601897120373211,0.00655406044037532,0.000237844079720525
0.00271024309946816,0.00271507931170126,0.00050212471125692,0.0439534446400935,0.0431835513848043,0.045667974794532,0.00617055806809892,0.0450128155173271,0.585386013976649,0.0257997174072288,0.00176813336823225,0.0247075597480423,0.00348658282729865,0.000142250735021405,0.00320490065171259,0.068658124916192,0.00308681425282264,0.00503182697130013,0.00333242477017614,0.0126405140607505,0.00799068827089603,0.00149177520092503,0.0122546709445587,0.00853951673375698,0.0143701515870595,0.00754749041203712,0.000134517719916803,0.00941456297270874,0.00637952570006632,0.000141338755704679,0.000799970374486589,0.00377513611517434
0.003925578421392,0.00149050402911611,0.00230067194905458,0.0511474646808406,0.00533125905055396,0.0137327501745936,0.0368387443106981,0.0120807599955618,0.0138773362142322,0.736297670334824,0.0194977356047303,0.00853567134431551,0.0312832092768527,6.94960696317547e-05,0.00744377754928545,0.0228355487116512,0.00212587452029676,0.0019120701575392,0.000496065239287262,0.000454150889093263,0.00501378917322865,0.000305822477600523,0.00366905705094504,0.00113837298544824,0.000773289909401495,0.00452719843540929,0.000656858703261542,0.00219386480952529,0.00471092837498781,0.000410402369549113,0.00438863485070855,0.000535442336384692
0.00698167500724026,0.00122145209403541,0.000230300114788528,0.172200954283795,0.00194060608301311,0.00814990518968476,0.059756298408086,0.00979071606377717,0.0242423737776693,0.0857266453388684,0.317294627963043,0.0499465230320737,0.111892093692601,0.00137281810843646,0.0155680347579314,0.0569069814160812,0.000745037031525795,0.00622263856729325,0.00456490008797667,0.0064001978447357,0.0140557077527425,0.00164158140279043,0.00279625999611922,0.000109486566574076,0.00144255282815612,0.000898657227387348,0.00287547994561092,0.0171053653175662,0.0107280626956619,0.000246023637541284,0.00530489357843038,0.00164115018876317
0.00321698789753809,0.00144632524881827,0.00328882435079332,0.00241749903894062,0.0342822621097018,0.00225789639980965,0.0151942766645823,0.0131373345461308,0.00875589716752775,3.62524626882229e-05,0.00345001050886765,0.635795763121963,0.0704391649426276,0.0022157634895737,0.00692620380929103,0.0180972159652899,0.0118302496607032,0.00117205714087316,0.000368056686602806,0.00265801755866844,0.013365294267945,0.00349110386638452,0.00294461614423755,0.000276866037449102,0.0117093681635021,0.00665795917955141,0.0380903282540732,0.00307234963221037,0.0700851493689912,0.000888022472696776,0.00549552749835629,0.0069373563436111
0.00449951837496973,0.00400647068315434,1.09902273959776e-06,0.129469484200168,0.0100584851973825,0.00420462428485153,0.0269427130474489,0.0255332903156773,0.00155640581037401,0.0504114000516304,0.0563954527324843,0.160404541235159,0.419533795384161,0.00190762383131697,0.00295807580622852,0.0123425124532466,0.000842944710916247,0.00153912391956751,0.00459477545190123,0.00267620648254063,0.0028632587959109,0.000120983472671635,0.00174367406357127,0.00183931399162741,0.00127887415501016,0.00347363642992692,0.000367296130330228,0.0545947128299924,0.00559695684173768,0.000208718387575843,0.000562470166194484,0.00747156173953218
0.00220887763675124,0.00193949561917668,8.2250448179809e-05,0.144473520931186,0.0800345990822764,0.0034280489941564,0.0401284672410208,0.105906879551594,0.0695297169549169,0.00987417651103645,0.000799575142009591,0.000206885020012663,0.00868716680516214,0.448194133362804,0.0190915508403645,0.00972855076761349,0.00411303577643766,0.00123011170495637,0.000600477971095196,3.1783409978557e-05,0.0125006326498749,0.000529375418032499,0.0108365793535063,0.00512421027789913,0.00480004964661705,0.0052558172749527,0.00109780482025194,0.000133982221427054,0.00264048637958082,0.0014934760830096,0.00297450039661035,0.00232378170750845
0.00255395705865367,0.00305391792813512,0.00179068718485009,0.115740915389145,0.0164228865796794,0.00526340108318344,0.0136979602892814,0.0472571579789826,0.0316455417639426,0.0831032023532068,0.0115824770447615,0.0339217587124801,0.00181510727093987,0.00509357559583643,0.558942375777081,0.0212378811534847,0.00242187018464778,0.00180832710254828,0.00357794946377768,0.00326828222287665,0.00194963007256757,0.000125377323445818,0.00301057777085424,0.00106460252274511,0.000482158043740663,0.00016396421735718,0.000243469552795069,0.00885225479735034,0.00616113299268978,0.000559341779699354,0.00621802650114494,0.00697023228811598
0.00137699109079638,0.00391911052596028,3.93551869788568e-05,0.11945273082439,0.176233865222639,0.0404952049719921,0.0482851853744667,0.127004025138912,0.191568412099462,0.0409016015521811,0.00120826028023559,0.0527074687855165,0.0115100813296438,9.83503318979042e-05,0.000615739549132736,0.0808322544527202,0.00272418510126577,0.00353031859067922,0.00148095619250662,0.00577162219711399,0.00143638366424529,0.00146430648688546,0.00697335689419551,0.00985001287991618,0.0140181643564327,0.00670048382989261,0.000471349566598863,0.036252358964431,0.00747386615657146,0.000213597072739266,0.000819118527548833,0.00457128280205198
0.0289873380514081,0.00459968912331269,0.00398828042005169,0.0589260416557646,0.0994679964166088,0.00895948172459728,0.0395561291063247,0.0197940968228052,0.0348170202448989,0.0311298110270948,0.0115491481934924,2.27883382144821e-05,0.0270065428514481,0.0010732391398096,0.0250185365857482,0.00806314584299997,0.446617270082609,0.0138056013999817,0.00244397282239106,0.0283476926051796,0.0192487181263649,0.00634701874476962,0.0183211331935583,0.000554439935034757,0.00601653630460426,0.00353249070356602,0.00203212042559961,0.00182364925153692,9.44137327279742e-05,0.00123466714575153,0.00373777965126287,0.0428832103304819
0.00404076533408316,0.00553468299205433,0.000550780912873988,0.112404770356883,0.0980272759049097,0.00204309873939741,0.0469029572161006,0.0595424963384146,0.0484230879849701,0.0589228431000018,0.0100857368820276,0.0090494600693863,0.010373629135645,0.00179072744784143,0.00124374855748859,0.0221860632815796,0.0138620667337447,0.443339893093246,0.000495173576045856,0.000401840080490136,0.0112157408746757,0.0004552002534679,0.0172331894034276,1.79172390257178e-05,0.00907008484234066,0.00227812628545966,6.1039175612942e-05,0.00557700600693542,0.00258163427147571,0.000201733655279064,7.89984421335914e-05,0.00200823181298206
0.00595670969685955,0.000870669767797752,0.00017895821024316,0.0740658982299096,0.116184489880153,0.00119884237341217,0.0943333466824886,0.0239902708631206,0.112290089785613,0.0537648569790888,0.0118812607070286,0.0260106202396499,0.00351582505994144,0.000305700222128312,0.00224817147932004,2.18014629090778e-05,0.0107117934733639,0.0022499786521097,0.370743245689951,0.000219910060164062,0.00698777941559524,0.0109287946640607,0.0124636977339104,0.00324315950375049,0.0226606899129966,0.00144247028474302,0.00246547361168388,0.00279709839861668,0.0118625845786949,0.00219834077422717,0.00315873335373373,0.00904873825273573
0.00040919894824567,0.00054892044848327,0.000587111391967061,0.00648997893670273,0.019760443115022,0.00155420643930654,0.0385031271951103,0.000998511326075851,0.039744981118894,0.0132852526741579,0.0094769261568756,0.0383581898930556,0.0058509042214658,0.00168495063954488,0.00681889658244327,0.0160783612940669,6.2895755916144e-05,0.00174042959148794,0.0143151809999043,0.469608864013367,0.0450526033391236,0.0331761218183413,0.043622634676212,0.0719323414170428,0.00149453922644853,0.0809194613142303,0.00936382071615807,0.00479476044299335,0.0162559784215594,0.00196973183653171,0.000943338738416735,0.00459733731084929
0.011200837087897,0.00208031899786533,0.00173023635737345,0.0300417491572222,0.0682959797269515,0.00697869960470861,0.0296431784229061,0.0206870708346734,0.119243416143135,0.0193362913538267,0.00478023712052871,0.0383823548138529,0.00218991173739938,0.00141760814799275,0.00169189836010646,0.0210265625815355,0.0152632717302356,0.0153463804435885,0.000452359433534173,0.025589550079165,0.39806408170359,0.00334564265914415,0.000322379967971239,0.0590084153867913,0.00646641795092892,0.0203278657919012,0.00207927858684827,0.020648028705582,0.00353203129078272,0.00137121815733024,0.00337364958533853,0.0460830780792929
0.000843002104473724,0.00238849683304755,0.00312138627220655,0.00843465953207051,0.0277090817263182,0.00766024829955913,0.0308372916433191,0.00855163435868755,0.0277434842134691,0.00848093324190207,7.12881654956705e-06,0.0376100986883895,0.00184829280694583,0.00212194255793815,0.00017144372182478,0.00501428170190488,0.00759137889368418,0.0146036448950577,0.0117412234652709,0.0535858790906724,0.00157134170958089,0.613299240225259,0.00344495434320678,0.0079219572590487,0.0424670562625598,0.00528994473723165,0.0105049381363138,0.0331237306630324,0.00354157456770289,0.00664227546153419,0.0103231589944574,0.0018042947767814
0.0096721246401566,0.00249365768246769,0.00181416168365902,0.0430485829694812,0.0984364456608588,0.0145925826342299,0.0623342436746103,0.0300450254378885,0.270065147821151,0.0327674814843741,0.0081133848302212,0.0344617179227757,0.000381535364664784,0.00013934103949406,0.000713552121510735,0.0553677231177757,0.011848035826821,0.00784760490477828,0.00358562106183951,0.00724913935953398,0.0470389918135976,0.0147255488531783,0.163217541990279,0.000414507212682292,0.0238123123016476,0.00066413227894952,0.00115996995157816,0.0179533090978124,0.00807427859048352,0.00141222733954828,0.000915712384089066,0.0256343589478622
0.000874195115951669,0.00239718306524769,0.000421272556149691,0.0166819040047932,0.0222326439866951,0.000328567125706136,0.0420880730633581,0.00559094846664523,0.0484462538169019,0.0161349419781146,0.0084431802376551,0.0220848322001389,0.00906113246161825,0.000582452498458204,0.0142844926472788,0.0135569558264549,0.00257893575014509,0.00581579682995085,0.0054840579646978,0.0332385344624217,0.0144031541273516,0.0230803436924129,0.00648593436776993,0.56846066657524,0.027634810656533,0.0366462654095912,0.0237969541041671,0.00561163490262426,0.0138621612775017,0.000887729885985256,0.00269179976957048,0.00611219117286989
0.0156577175879215,0.00274888368667501,0.00107809049225586,0.0806887048106634,0.0465956663598038,0.00686475834135342,0.0360106666434949,0.0250134168145853,0.0467141981854085,0.0460089215192008,0.00804418447361712,0.01274439669096,0.00707369746396632,0.000661303895423297,0.00414701952138203,0.0420085309647182,0.0108788251470825,0.00844573268288059,0.00387474680861702,0.000543057357955855,0.000342629913626483,0.00884531202306069,0.00516014428196427,0.00292134794353902,0.545229043876289,0.00131702845157002,0.000984242704509909,0.00090232518993184,0.00378427261424927,0.00302832466478323,0.0121671929918462,0.00951561589666444
0.000622382744213988,8.35683543291267e-05,0.00167062227623335,0.0306222945997898,0.0434252636399677,0.00306044823114862,0.0190141168416469,0.00718358576938711,0.0560230888062138,0.0356852647472378,0.00934653990110249,0.0232305623375768,0.00230731433556063,0.000516857472056353,5.5398800832244e-06,0.022784703821088,0.00128092699675639,0.00676310182859275,0.00228486810171468,0.00543022680821295,0.0670092103738494,0.00264272416444483,0.0612311441607598,0.0356587444656748,0.00760559779346132,0.525681899814875,0.0106874602047561,0.00888369133017077,0.00241125141953521,0.00483707260769311,0.000203191274555347,0.00180673489731142
0.000985918129130221,5.43635243181682e-05,0.000131030613757837,0.11697735427055,0.0672933648270747,0.00146009316971504,0.0436698456165003,0.0269212036270684,0.0856765416565016,0.0613725181022784,0.00908062980114715,0.0413590711478432,0.00509918787721701,0.000219650155200799,0.00109122818039559,0.00605617974602881,0.00181450916300498,0.000561193015202487,0.00116116910580428,0.0280706316658644,0.0220993744193867,0.00306698058134986,0.0132009749455381,0.0242489751141511,0.0171597389461638,0.0777644282684103,0.307580407558415,0.0140685038915,0.0163791139084165,0.000752690003210221,0.00293102334654114,0.00169210562231349
0.00516978529032301,0.000662704200846499,0.0049922209601534,0.0340019674825089,0.0741186327458394,0.00154628338189099,0.029708433551603,0.0310099466870312,0.0452633786457849,0.010623062565739,0.01310470740193,0.0505948400263334,0.0469789729162633,0.00242190841934335,0.00870811290303709,0.016821907057964,0.0218192214032242,0.000794476847867345,0.000773564383449738,0.00140125962104125,0.0339496042934202,0.000734331826040263,0.00144460455471029,0.000294067504084704,0.0340758836633748,0.00864738690003246,0.0337277455117451,0.408672995838776,0.0660097161565771,0.000915813052219206,0.0033356627517091,0.00767680145513663
0.00856084929572291,0.000649862472133523,0.000177108499575862,0.13704547008833,0.149431739147078,0.00243168780164741,0.0678885807721114,0.0431521675314096,0.154960380638739,0.067260463223803,0.0109138220293023,0.0199529014417154,0.0157878805520783,0.000404411409277328,0.00249343538817561,0.00550767165914021,0.0153750209109441,0.000244685699874026,0.000373748700487078,0.00952166818668872,0.0231690025217209,0.00267083324902612,0.00263544376007621,0.018294194539646,0.0231108731004136,0.0158350793963353,0.0292945342053467,0.00654579392369148,0.139542684648123,0.000142356144380607,0.0167838240081971,0.00984182505481029
0.0037955684645311,0.000614491546861636,0.00116113673833199,0.000793287885652333,0.0126251908957965,0.0140008285927643,0.00348736508463041,0.00383615722198015,0.0267664514655045,0.0163960716118237,0.0140138359630088,0.0126437971192689,0.00638800133177493,0.000961105917373221,0.00448356479968302,0.00802669212860192,0.00163755305901343,0.00408677020345719,0.000594298188058204,0.0188488763610517,0.0437409399521145,0.00146979285388817,0.030918655630577,0.0111566915450941,0.000207442615860198,0.0339575078112801,0.00321128581201413,0.0134858825348179,0.00816476546373225,0.656970636735904,0.0372859133401229,0.00426944112542737
0.00692897638126703,0.000730037743513289,0.00128344697846814,0.0302170590960953,0.0901190592859069,0.00793478840213759,0.0382306902096239,0.0181692081809958,0.116228367666311,0.0151987640500466,0.00209194651317118,0.0154590467405335,0.0209520851652708,0.000162790341532554,0.00255039461247144,0.00499414808721835,0.014192959929977,0.000372292291794929,0.00658742430622669,0.00532738576812898,0.0392262336874826,0.000859592356854013,0.00320468134626087,0.012783420296599,0.0381059206083975,0.00695664165710942,0.0143769680756098,0.00193227492705679,0.0113756124979741,0.00555830804947318,0.463836466475941,0.00405300827055082
0.0157648416654586,0.0050399741666865,0.000308013851560352,0.065527444539155,0.0745398067929669,0.0125272414648056,0.0609291234132908,0.0548863260567632,0.0793712035544855,0.0185082656910041,0.00250457222110299,0.015202727394042,0.0161978816042318,0.000180239385102565,0.000960592513931892,0.0110684195518482,0.00369246285752344,0.000555757364085871,0.00055557566619372,0.0116166514535875,0.0132170390216138,0.00319504934558001,0.00299258053609076,0.0537601795490832,0.0173521819286463,0.00559826613487613,0.00404391582983391,0.0261763037499876,0.00869132257332882,0.000501084659775713,0.000826464525996125,0.413708490937361
