0.672229227794548,0.0114448416941581,0.00822177643630245,0.0278463784373243,0.0440767468269693,0.00620280422611518,0.0260549275637817,0.0188026054652396,0.00818352886700719,0.0186665019215441,0.00556346333327218,0.00301043518579783,0.007078892615209,0.000365862476198977,0.0210623204459136,0.00280514102372081,0.000564968418050897,0.00752076785075538,0.000108602497902806,0.0061465329521423,0.0233796795768178,0.0019436432217112,0.00353455061705225,0.00459993855213629,0.0145388164526055,0.00102924490501895,0.00147910010422805,0.0220358715646741,0.00283831964328275,0.000497926586404191,0.001749829079295,0.02641675366482
0.015642927730756,0.431433790061475,0.00732150399258232,0.0941541657411916,0.0816669922443194,0.00117259073287224,0.0491849811079585,0.0655933417224949,0.0635340648903118,0.00842790866142623,0.000190064473929423,0.00325626216415987,0.00355153720415463,0.00113691291069629,0.00511424354540505,0.00803357049518099,0.00212064735420389,0.00496662200426006,0.000375384067026074,0.00322676721854364,0.0248615092997666,0.0067557080111745,0.0224799714246606,0.00138262943672602,0.005349451629708,0.00401345477347669,0.0020136926400581,0.0333894144643354,0.00436878979504744,0.000280885726378139,0.00280445851735522,0.0421957559583653
0.00345374958177321,0.00513676879957374,0.70992605035422,0.0133602228435474,0.0075250255363774,0.00280582360964691,0.00620090511608175,0.00252909111859506,0.00349364897744241,0.016526820024917,0.0178462217095926,0.0278121390373975,0.0114086350406613,0.000315812596862049,0.0243305552148545,0.00436364772656134,0.00109564347239806,0.000181421321901515,0.000249701776525512,0.000590602159285346,0.00459871277604124,0.000145222913565452,0.00330452566444202,0.00133722686228069,0.0122697196741723,0.00294733572266904,0.00622848221759495,0.0995162841025835,0.0048386148564355,0.000673543378188597,0.00327752245600908,0.00171032335780318
1.32481730667919e-05,0.00173406052545277,0.00611280134756757,0.601798855476972,0.00789593342159882,0.00710857590210295,0.00824000931541712,0.0828557003482281,0.0067325329305728,0.0520318082060704,0.0216224151279996,0.0481955717035869,0.032806699680371,0.00593020004972392,0.00606890742148262,0.00162415468899666,0.00114355869358493,0.000497293634961414,0.0013477271974994,0.00683285824794492,0.00170724455496153,0.000857330491093869,0.00213323164054124,0.00780166662786056,0.00426075792153964,0.0132283016261816,0.0119808621645175,0.0397477290755761,0.0019417446798069,0.00419074084335966,0.00665970167663004,0.0048977766047306
0.001847646471931,0.000778126331065153,0.00853294502353545,0.0354311293017077,0.51655539177352,0.0552362806139834,0.13744398584303,0.0076135064334905,0.024744986911338,0.0116506636218732,0.00513310244349389,0.0402736352154186,0.00523646264537121,0.000372280664146657,0.010445172670807,0.0485555481849099,0.00772466990992381,0.000118475407905219,6.43554167498912e-05,0.000118678620160861,0.00137852794292351,0.00162143450063504,0.00668113566933118,0.00413341311992071,0.00243058014208297,0.00123473968108947,0.00178447199690311,0.0537056371667133,0.0076392338660041,0.000708810043350188,0.000721218393898607,8.37539727868097e-05
0.0103742291100916,0.0067722591942495,0.00130004061623968,0.0627573199166384,0.0720458079933792,0.617347284746316,0.0233449960396817,0.000192311279478436,0.00341334778644307,0.0426910246376201,0.00825586009985758,0.014488908310915,0.00694545207306027,7.80392728055629e-05,0.0262272036275628,0.0201335480669933,0.000959086297083566,0.000318425761154305,0.00116159821435269,0.00175508155029485,0.00947214860289639,0.000642882200171314,0.0114527972080076,0.00102545271381713,0.0023746615076497,0.00140176055531564,0.00251731231070653,0.0352986566059457,0.00532159234263922,0.00335316354362861,0.00376645854037453,0.00281128927462993
0.00337293026304476,0.00205930502859137,0.0123306966537172,0.0367254332381814,0.255952858087807,0.0318652922945441,0.298579878886905,0.0201837815403773,0.124342508056022,0.0476963423431296,0.0297151278888002,0.0207426337073838,0.00582126942310387,0.000351857971204306,0.00696971057495364,0.0263098836622951,0.00374538737828961,0.00112297954896867,0.00254708020173663,0.00172981033360851,0.00229709870687044,0.00342675800572047,0.00629633240592923,0.00331753257225121,0.000489460859068219,0.00141469953599762,0.00678650803851182,0.0333188741357867,0.00608368973775361,0.00326917592618671,0.000389363069882775,0.000745739923377033
0.000218618221366108,0.0061548985230074,0.00412036781426765,0.00517920894494252,0.00554555360621079,0.0552444137599481,0.00578998008109312,0.717042279879995,0.00918796972529541,0.0328217272836872,0.015923035943376,0.0268418463449808,0.0075485000271797,0.00319997857139359,0.00199986851002166,0.00424995108298239,0.00343626378958781,0.000363681636447128,0.00149182892524155,0.0120238009764751,0.00220098589927805,0.000232803705037716,0.00407076420691775,0.00609601925060732,0.00483989167976682,0.0133967673739535,0.00694653792362457,0.0362492882576394,0.00114186285823382,0.00220380127800391,0.000633246841279989,0.00360425707815789
0.0387934914870761,0.00242168808957181,0.000365178941339761,0.0907930898199173,0.0538034466388752,0.0147679349057381,0.170294006699777,0.0477333300826284,0.335695856385594,0.0720416648769793,0.032094923426307,0.00679358136616038,0.00224927967412386,0.000434210183100753,0.00119476178280731,0.0285629300490979,0.00425465769178563,0.00610512433365026,0.00208118329901717,0.00156526136192567,0.0223882916407544,0.00166777046013526,0.0220157180364852,0.00702079052026574,0.0180182944838127,0.00225833011105066,0.00020026595257513,0.0109342521099299,0.000954772682669248,0.00021644091913768,0.00062419453720023,0.00165527745051022
0.000187601975626404,0.000225889236659975,0.000890155526914465,0.0824902213300575,0.0102106323697374,8.99828723566891e-05,0.00603303806786703,0.049958406567089,0.00108533820495494,0.710594017484134,0.0596989654221182,0.0129834410713824,0.0195235564349597,0.00137713196578548,9.92096688199196e-05,0.000366980429392611,0.00209227718161251,0.000901219363019658,0.000346362509459113,0.000561534349470288,0.00282612918207621,0.000176313952950808,0.00109295043048727,0.00234190913511452,0.00185379028406287,0.0078015549492878,0.00343280853728858,0.017020318701046,0.000739258360941814,0.00103437158955707,0.001141168464833,0.000823464380936898
0.000934045509971171,0.000584409411074566,0.000849822859309754,0.0426307583664173,0.00739348613383103,0.00613827771098225,0.0130545871502498,0.0107944970207235,0.00653733507449561,0.267214831275351,0.4482050124148,0.00702268200406655,0.0601308803761319,8.39646440455796e-06,0.00288501646095077,0.00430384500144276,0.0118571627388956,0.00148973475768633,0.000585906744814243,0.000953747896643493,0.00605995888453448,0.00436010175330774,0.00181905451565614,0.00526423715738189,0.0202989641664995,0.0192089454249051,0.0118971456424781,0.0244546835735739,0.0092006141036927,0.000974161426489786,0.00263782146533974,0.000249876513899247
0.00778842910483049,0.00125068098745823,0.00549697218512035,0.00152936324600446,0.0369864882935304,0.00188556117490472,0.0197064325124247,0.00136603230224829,0.0168811909829063,0.00294734650927197,0.0163973005252245,0.524648944975655,0.0626485791581246,0.00176043545357177,0.000775860545163751,0.00657568835402113,0.00738601813091389,0.00245292143338606,0.000145396134146154,0.00318075256414397,0.0203989558339957,0.000438406739558035,0.0167237005254532,0.010329604381728,0.00874670062797311,0.0433434342522763,0.0176867857550581,0.0294142211465174,0.0943013334689053,0.00157854732688611,0.0282003218343844,0.00702759353421329
0.00103509578014508,4.06676067255404e-05,0.00467147412639223,0.0728178390868565,0.0276695417354377,0.00159619617842376,0.0173180714574838,0.0186295569788604,0.00965270362084474,0.0482464999598445,0.0496138784782547,0.130364228126906,0.420007495918503,0.00123563636019473,0.00880950217058562,0.00303849474634675,0.00567136073027736,0.00171192864280323,0.000222982926052524,0.00138161177578764,0.000484591752558652,0.00560338118402661,0.00054286657644459,0.00833887122984702,0.00727479622819278,0.0153698750928144,0.0150207227045094,0.0958781233822565,0.0172201400793271,0.00221015161297818,0.0050100057527433,0.00331170799757563
0.00278453024340246,0.00211583773212691,0.00100930692091866,0.0449142192958664,0.0101065349964341,0.000882864074097963,0.000318426872675596,0.0129382719733401,0.00860722652392694,0.0766422005921754,0.036069095006802,0.00793489999241826,0.0138467421213235,0.695943167922898,0.00251464515002115,0.00893816909707426,0.00110880561608752,0.000836422299111469,0.000634848422826897,0.00297895038757714,0.0015803182103435,0.00279143468126315,0.00243280730771923,0.00306186585215362,0.00143864400691456,0.00231097777450031,0.00522193503291836,0.0233849073676962,0.00576377863567415,0.00749893712608405,0.00464237819824965,0.00874685056537871
0.00249502943282516,0.000119657166162205,0.00337300824654073,0.0881483475226318,0.00955347904770346,0.00730928302164519,0.00988479058144459,0.00652720124613153,0.00271427886550359,0.140343284236582,0.00476048684170136,0.0270912243205999,0.00163680164859132,0.000942238496870943,0.599289922468896,0.0142038388719082,0.00289163619980421,0.00458520021566051,0.000125214720335716,0.00159601537604177,0.00653059022953705,0.00607387062896319,0.00146744004432075,0.00848272891697383,0.00837858649308235,0.0176321747823931,0.00400526509984733,0.0150464030743711,0.0010592887656353,0.00156826526540122,0.001742152587537,0.000422295584357715
0.00337735168631745,0.000616450887652086,0.00264585581042466,0.0146519506910039,0.124336859294104,0.069086391777782,0.000809848331519601,0.0843391528598741,0.144140192601711,0.01545218716578,0.0319262354132006,0.0370043392613589,0.00031177090629616,0.000336396038889197,0.00134374978401295,0.384809500254761,0.0056870725798657,0.00494765117393215,0.00150441150845538,0.00495698305092508,0.00161441804691735,0.0015184780403876,0.0154568936394136,0.00599676238800894,0.00378308772462807,0.00253599383775905,0.00690961642173122,0.0119833823221977,0.0113883974328795,0.000845174488899034,0.000668588672862725,0.00501485590644889
0.0668893173037566,0.0033173176307715,0.00528824367345475,0.0333452359325188,0.000133205651816355,0.00243096663216011,0.000955979025025507,0.0136606565272897,0.00363087125421494,0.0147120393718423,0.00220267797672615,0.0155787266000754,0.010733566977073,0.000382322068955425,0.0234922399239237,0.00249310950045745,0.657682621314041,0.010566126976367,0.000439783681099907,0.00971462715307803,0.0305255604737833,0.00270188410152154,0.00560019888469184,0.00551793424854368,0.00960102646638259,0.00237784942535946,0.000638028196535319,0.0148515746416502,0.00776801064382143,0.000315688704929015,0.00120309190712481,0.0412495171310091
0.0250143291703135,0.0012021144569518,0.000366387229089914,0.0234229336467912,0.0110248357604433,0.00228568983990602,0.014707015926585,0.0248148591024131,0.0146830186318736,0.00818494166113759,0.00904890771696852,0.0189753616325748,0.00417542989185675,0.00104341918820956,0.000200571774327531,0.0117955140059865,0.0422727591987299,0.68982119596679,0.00892779616914577,0.000124339844905231,0.010660478973433,0.000251745516721146,0.035355891521104,0.0009408422901099,0.0137410844429909,0.00296460911936848,0.000966727206794538,0.00737582204671114,0.00939641747125425,0.00144191875386996,0.00473405112257618,7.89907200674182e-05
0.00164272810022345,0.00348917364690439,0.00363678541896217,0.0180911358927795,0.00206869322477667,0.0152217159081526,0.000945323542945783,0.0161436255894723,0.00543972213162148,0.0104405616872422,0.00411329492523499,0.033495766612736,0.00988824823205782,0.000233702693792232,0.00634970656407608,0.0283315022275886,0.00156611408911107,0.00187497933908819,0.707339420560487,0.0110721305488267,0.0091546830237526,0.00195513247289091,0.0154339542887418,0.00037699831191956,0.00526024881065735,0.00868683544055361,0.00872741061664803,0.0178407469811635,0.0267025141572887,0.0105249921647247,0.00215705451681704,0.011795098278763
0.00332382164417138,0.00831939953464035,0.000371407602726943,0.0252286976421718,0.0242336060649959,0.000120627546551422,0.0288416827924635,0.0180379610087604,0.0072482829900887,0.00821141099405207,0.00493458050059024,0.00486268125633811,0.000282950112937796,0.00301082941371263,0.00371487210405693,0.0311565195823941,0.0136831295257938,0.00010745985421347,0.0150277205180973,0.612145510976705,0.0190563322859237,0.0159880948405296,0.0139813262182277,0.0237031802042072,0.00253461739653908,0.0619149877911574,0.00285192472408866,0.0233403806840471,0.0031179565083999,0.0031066700742164,0.00479478933425263,0.0127465882729493
0.00015254655761262,0.00163710189801754,0.00160980715819189,0.0165664577576806,0.0040786434345341,0.00988989379841601,0.011506436394591,0.0289297860263535,0.00658032806481401,0.000979433566036416,0.000315680843597711,0.0289465423993361,0.00158915032437843,5.63969705244778e-05,0.00661770908830711,0.00389751384575711,0.0039122597677617,0.00107300639104397,0.00800897831613879,0.0334434567877727,0.633150038332203,0.00558711567879678,0.000175140578792178,0.0844192909819944,0.00411428515461777,0.0120459274504808,0.0165566541996312,0.0156898321840523,0.00444942311465154,0.000380525256300248,0.00215405596988918,0.0514865817077246
0.00457109753832281,8.59558979873456e-05,0.00234753478641706,0.00118443906667557,0.0279685445412788,0.0215755741312348,0.0269428851105219,0.00729054398881028,0.0222713344134915,0.0147659810303535,0.00914821531488699,0.0300755640094036,0.00325563870187883,0.0013910511476158,0.000346528801349181,0.00491818977316578,0.00321838071277312,0.0224361351660204,0.0144329725789411,0.0777770096351298,0.000721444016259823,0.531770315006689,0.000997404378476612,0.0144469037762357,0.0872358370066174,0.00710123236885008,0.0057111630283148,0.0151077848622526,0.0148571789522542,0.00287089909362706,0.00381835869058687,0.0193579024735775
0.00153969163549631,0.000800094107861926,0.00242040643314844,0.0276924454610822,0.027310714686173,0.00200684025958461,0.0341417458845103,0.026580215467588,0.0454429918008456,0.0109102740111618,0.00339122185441235,0.0242343206486761,0.00919222627089045,0.000256983100983612,0.00427727416674187,0.0038838027486569,0.00140832316489701,0.00187126132303333,0.0133019425295718,0.054673330664274,0.0726471533826189,0.00817284077630336,0.493096476707999,0.0209104652873655,0.0386512625607233,0.00404060279269379,0.00459864524051104,0.00840079759192182,0.0114157165528519,0.00149863842211618,0.000665772155464314,0.0405655223098412
1.86412875199643e-05,0.000570822272745253,0.000819043628311976,0.0473023629452113,0.031458108417352,0.0304040453698763,0.0467961185133737,0.0362455852930756,0.0399392666703488,0.015933824341984,0.00360036464506807,0.0136561878262289,0.00701690217752708,0.000232721726134551,0.00548760418218151,0.0134523790216461,0.00685586754807307,0.00503998275588345,0.00426972458571231,0.0175331665961677,0.00746123984393639,0.0212671016761981,0.00285205110841166,0.4925362058081,0.0655230382576063,0.0411483780823663,0.0126802461186435,0.0048998628125135,0.0143240635423672,0.000953315384020284,0.0072168630020461,0.00250491455936935
0.0480683108871827,0.00013301962237812,0.00132581741919488,0.0297140553928216,0.0263207828153969,0.00844562084667586,0.100606836349693,0.0146158195844385,0.00141716258251125,0.0200252821118247,0.0219636478736519,0.00565747021345843,0.0123500812834541,0.000172860751726722,0.0029965706757834,0.0180560754206271,0.0364626735993091,0.0271599059543828,0.00106464002770175,0.00122685154101947,0.000570882427292201,0.0193854288995382,0.0133573703560497,0.00622541902910382,0.569758794423167,0.00456525285668079,0.0013946671996725,0.00104270278650536,0.00142594971367561,0.00118558360203532,0.000336163651345205,0.00296830010170099
0.00148663850874927,0.00489159075945765,0.00040016144061329,0.0123835408528869,0.00876164787673645,0.00283278574667799,0.0114333217714241,0.00114154419526557,0.000682205681229443,0.00994853469073046,0.000460740582570571,0.0885843761036698,0.00168618375707518,0.00366346497796596,0.00229890869077973,0.0019279719287169,0.00575763021705474,0.00171698648798536,0.00311074821076938,0.00792620839106924,0.0218268859224594,0.000982272398454345,0.0328757980200231,0.015211538258606,0.00129663790107517,0.61001472743727,0.00650684141815796,0.128092998914286,0.000175551129962547,0.00400607561754475,0.00731428844097064,0.000601193669761978
0.00018712121700246,1.9793672206772e-05,0.00154652729110741,0.051033703030039,0.044415538679571,0.00836624168323019,0.0258871408623282,0.00536966553252626,0.0462740420627176,0.00595689810840484,0.00249711404600475,0.0500048451182897,0.0140546602823137,0.000720375609181758,0.000510317156147643,0.00035315543329676,0.000283787958592715,0.00208732783712254,0.00328237871538028,0.0120597067232188,0.0590681610768624,0.000498483758996912,0.00440736544616304,0.0118330813727063,0.038733966219232,0.033597882848446,0.515092140843957,0.0147463873565553,0.045160987637633,3.32792871130361e-05,0.000465759650285376,0.00145216348336736
0.00556518766999752,0.00055272777028516,0.00398985579292596,0.0136653627990721,0.0369084138988656,0.00626095329671716,0.0123198582372401,0.000973712676276559,0.0244153429743094,0.0221526459907796,0.0255905580778392,0.047373048335609,0.037719458301926,0.00152481688033031,0.00386046492225057,0.00279555353428149,0.00671952004793585,0.00120329803884127,0.000953743435439572,0.00173841769407239,0.00879579070068742,0.00140233959960809,0.0106432760028867,0.00492199983024984,0.0206301817383934,0.0361465128840356,0.00732970859297245,0.580920810936779,0.0644396990320237,0.00250457031186257,0.00181925846949475,0.00416291152601125
0.00088543298409884,0.000220006258107897,0.000461157257357039,0.0668762589504477,0.0600033399714886,0.00878679452934907,0.0389193901020231,0.0216743307522931,0.0632756680723888,0.0173313327554968,0.00319088227598227,0.00775192698620857,0.0299933303706026,8.28419056108138e-05,0.00639606606813297,0.000213044700452716,0.00252399880463013,0.00343542778373574,0.00153541498539067,0.0159657792532108,0.0492718983946609,0.00315194764342567,0.00698189134273599,0.00898066689881003,0.0513143011280962,0.0164038790865714,0.114406515857267,0.021177066209966,0.294965540250499,0.00139448625579207,0.0803418166632823,0.00208756550188511
0.00102047412619961,0.00125325985464349,0.000539159289496699,0.034266737568202,0.0297729931007814,0.00162008455859477,0.0250420202992714,0.0216568907144885,0.0142942926690496,0.0163801267614113,0.010145438655214,0.00345453140065571,0.0089509053540174,0.0054653095003029,0.0014384667837026,0.000910988541793228,0.00613275246269281,0.000103306597980181,0.00233024788478285,0.00393375395574749,0.0157511920947637,0.000325981706462401,0.0107053552009967,0.00290036584994608,0.00249741858417228,0.0192732507232563,0.0121899451562851,0.00931609118259985,0.0053704871198227,0.717405137549625,0.0141358525688578,0.00141718218418448
0.000335020837638233,0.000226804543921118,0.000398036976200623,0.0430164529111329,0.033091158477834,0.00804185312037493,0.0268776319825653,0.0248054684940636,0.0269833798908157,0.0148290846728694,0.00519892770146744,0.00165989043354629,0.0165676938877582,0.000746433786456295,0.00216720318087224,0.000366356537928686,0.00259891545942505,0.000460931092342927,0.00040296083399743,0.00237022498184458,0.0241983009297101,6.97983441826899e-05,0.00431206434389258,0.000716375246859888,0.0174390168871818,0.0184330488691213,0.0163386674564385,0.0198481320642544,0.0225216874046384,0.00877699034552727,0.656188377627987,1.31106771512318e-05
0.00823592013378572,0.00477506451279836,0.00273084460121687,0.00523039439266807,0.0378229228750578,0.0472665736105327,0.0416291807387838,0.00777265043174583,0.0323273536696339,0.00362476124673243,0.0151342179158036,0.0206746598762267,0.000327012025851406,0.00037293951039522,0.00179768861049222,0.000283768691726583,0.000177679519315537,0.0123632061840277,0.00128624916752647,0.00456487692662722,0.0504798158804644,0.00101837763922635,0.00843320101140317,0.0184315106489634,0.153382056639738,0.00526432587526944,0.00177366010413922,0.00171296179366007,0.0141771992959271,5.91334332264128e-06,0.00278937195753903,0.494133641169399
