0.566312651000871,3.69673155484519e-05,0.00267699453117145,0.122414916116396,0.0234101947679539,0.00337785697846977,0.0191700610699608,0.0658803839766914,0.0116646541635037,0.0746542556145786,0.0195920017350426,0.00513640384340406,0.0139681951163667,0.000321000176585886,0.016248394820602,0.00351863544925407,0.00301659217249382,0.0054885053201344,0.00320143776946964,0.00217214368857476,0.0110623500582082,0.00401080735474929,0.00346271199809813,0.00254819795351854,0.000541952981437841,0.000424595024803268,0.000175651295688977,0.00697323394431561,0.000583090762024151,0.00122075920587913,0.00127853782820529,0.00545586596599948
0.0150459991362644,0.604742004922692,0.0106576367830585,0.0453477722912156,0.0662968289157558,0.00460211413965174,0.0395824630906306,0.0180498032614108,0.0374650341247446,0.0195041199530445,0.000865503491393704,0.00109983334653226,0.000140258654881514,0.00169183633885761,0.000174608564844524,0.0262470472266734,7.35169193564428e-05,0.00241607437162547,0.00118319286482638,0.00200207929990886,0.0153785801627604,0.00298827150604126,0.0159381646690653,0.00207249850519333,0.00016175569366479,0.00482188672476832,0.000808040020916906,0.0131353019720547,0.0133241997218941,0.00291886574142588,0.0116044006768758,0.0196603069079711
0.00159241557699385,0.00681389880258835,0.813837481300754,0.0167150370325119,0.00270895902578286,0.0014730942050072,0.0117024849711143,0.00651306428833676,0.00409976639188406,0.0270690934423474,0.00029315871399095,0.0135646443684917,0.00317584274293095,0.000275785304848236,0.00838938363205054,0.00085514489570693,0.000402088538754871,0.00521975973784341,0.00320373564484596,0.00744505232076563,0.00207893158997794,0.00771842740420077,0.00735900843519571,0.000259246839189595,0.0294600218038006,0.00105475555464467,0.000510518893828766,0.00999659044756135,0.00509385815459441,0.000198849324447331,0.000427008372238042,0.000492892242771085
0.00114107116320579,0.000427906166582656,0.00527433472468464,0.860991511985998,0.00463459410226335,2.96738837579244e-05,0.00370740679777821,0.0480708895842966,0.0101843249179607,0.0223270407626865,0.00392821495169309,0.00336257460755961,0.0131168148562978,0.00195956282569978,0.0049438826959552,0.00132674980719825,0.00100746896355378,0.000202789389673278,0.00101894699064736,0.000354802339398215,0.00026519085811621,0.000815610538299712,0.000275817281461293,0.000686599895827845,0.00212504701646623,0.00226223637791708,0.00163250711806428,0.00241807751342004,0.00114250067884423,6.07711709152577e-05,5.06668736124708e-05,0.000254413160165003
0.00350722206624793,0.00630002070131849,0.0024156720429505,0.0196398972687546,0.485049069682693,0.0508500013576589,0.111694751209378,0.00757792577890682,0.0250094451919912,0.0431317774573534,0.0163025280480881,0.0278118329434393,0.0216390746211683,0.000916505633304559,0.00950994228870992,0.0559962799730777,0.00175881169900326,0.0051416367558805,0.00156939329452571,0.00675610342086034,0.000514114686255432,0.000589618914189956,0.00385629407620158,0.00120962047962503,0.00888621174035506,0.000587703418244041,0.00102355800914613,0.0670514220441003,0.00260208082643011,0.00246887221538234,0.00790492890082817,0.00072768325393135
0.000612803429808828,0.000190784825471673,0.000196207753718533,0.0262783946097805,0.0269613013700317,0.693631889014471,0.00700193645768841,0.00905973325764885,0.00773248992533364,0.106243177063729,0.00829267455247303,0.0128418027803678,0.0093606415178878,0.000263828726475893,0.00266957512503954,0.0174496887631594,0.00043447410775248,0.000486161721822819,0.00658559299065911,0.00195221828157783,0.0100923805317291,0.00011898351740633,0.0155701611398164,0.00285799991451911,0.00581686248078958,0.00172079489752686,0.000103179600315269,0.00712791603706273,0.00468734738549834,0.00193828710205792,0.00271519496452741,0.00900551615385357
0.000253208939599123,0.00132995084681057,0.00544213395128411,0.00182986594602753,0.0517064556336089,0.00278495669509019,0.827447728988198,0.00154663925067752,0.0347431356082865,0.013828869904504,0.00712234067770158,0.00431131323246319,0.00463173185752752,0.000531793324401627,8.42768689046646e-05,0.00647816964811343,0.00158726919609832,0.00171446843155173,0.00529747750226092,0.00391929093346668,0.000453437210207074,0.00125062735718753,0.00161327969924304,0.000668538365578284,0.000902768681692856,0.00400322894859872,0.00184576725496972,0.00902128913251046,0.000838381255566422,0.00219496144433692,6.88693729843873e-05,0.000547773840548273
4.12852572009529e-05,0.00219145544124854,0.00484741780911383,0.00725867894839339,0.00795857297155101,0.0395983615337369,0.00852755470749176,0.830579363396161,0.0250390274419399,0.00176744319638171,0.00130460073500934,0.00050324343773953,0.0117565352144711,0.00154534464304588,0.00326403355616256,0.00325148323791021,0.000161553846241633,0.000726069238675878,0.00376080008483838,0.00492987988429797,0.000785904962038111,0.00299133290245089,0.00501908137317897,0.00331961910377349,0.000575530097372167,0.0146808211625169,0.00687686387363489,0.00105342800457111,0.00380853458546555,0.000195297281372244,0.00123215384489893,0.00044872822711569
0.00538779680851077,0.0025708937886816,0.00376386521572588,0.0154744356293886,0.0136439891365869,0.0164507757838168,0.095346183820312,0.0131134348415749,0.737964263706163,0.0167641551182077,0.0119275803366543,0.00504807877631723,1.25385573929993e-05,0.000296789381311003,0.00201138710113368,0.0151192947892786,0.011817667162766,0.000601305875459584,0.00219493789279473,0.00127830441383173,0.00198826867953013,0.00130408382222787,0.00307997043824681,0.000189087412214965,0.00173401899756305,0.00357155637952874,0.000161857718593569,0.0134652069432494,0.000490629729678721,0.000549958471454107,0.00257149124164622,0.000106192030158152
0.000648458776463071,0.000398898728419682,0.0079803817292474,0.103326516582917,0.0105259861860434,0.0345044223778415,0.0393956790363348,0.124390048348099,0.00654694598867808,0.603981150914144,0.00141788061386952,0.00928693144188287,0.00637956011765774,0.00105954755379549,0.000554277147895197,0.000125884341506396,0.0074835285843872,0.00297392215472705,0.000648889472827811,0.00103196002204767,0.00162345174204388,0.000359001404454626,0.000397282941388265,0.00108861854251216,0.00790867345911984,0.002051361309191,0.00282187346688473,0.00361275598278714,0.014266632729263,0.000767926581550176,0.00212378954405538,0.000317762177964418
0.00164991670477434,0.000120284522060996,0.00439321104790489,0.0617066491631227,0.0126881440988734,0.00891126554704996,0.0369182024114882,0.0707976867085663,0.0110575423571368,0.0358270071643751,0.674881480629455,0.00678535677258102,0.00870555621582634,0.000205135881194218,0.000691341457605331,0.000259903807919529,0.00876998743542077,0.000392262990005712,0.00164384320254687,0.000624572663480965,0.00461507056681671,0.00363584116736792,0.00316645147071912,0.000827145432996321,0.0194865505040926,0.00269323575917778,0.00183958615687486,0.00425366596927725,0.00609405366761465,0.00332731639285828,0.00254459500532989,0.000487137125486144
0.000719841989378583,0.000583865116072214,0.000819698902332748,0.0200903882376592,0.0110217439971792,0.00344023720301196,0.00605068118180688,0.0266435484760222,0.000854021890566211,0.0202453716414911,0.0152185368043492,0.717767268619857,0.0129635429381882,0.00343895973430845,0.000633336687578352,0.0131975288640162,0.00152885074040677,0.00211740844066292,0.00031047762643836,0.00602452317416491,0.0192301084082421,0.00407353153657244,0.00397647678523592,0.00642967301515154,0.00104279799819448,0.0126483588047906,0.0143048221453255,0.0211549632512664,0.030293288177861,0.00259557218589266,0.00943445486664085,0.0111461205593363
0.00179387701565833,0.000213314742460568,0.00408386279768958,0.0296877596156485,0.00129478105044071,0.000306899150248035,0.00333715537049327,0.00584314784030467,0.0010411780220925,0.0351831351634185,0.0563022548403495,0.0334505147942302,0.773272628701945,3.83457726142432e-05,0.0039141998203066,9.82009729575859e-05,0.000201069322204488,0.000546783932000491,0.000877806325973355,0.000500918376556686,0.00203667552353758,0.00255158102766801,0.00314423826913957,0.00021565666424559,0.00392786606538178,0.00694608070161811,0.00148192582392204,0.0177055505903476,0.000831778060778047,0.0076610772071438,0.00132507606456783,0.000184660374056538
0.00136004637321971,0.0042300917813009,0.00363364747197048,0.152906191023496,0.010131912362938,0.00596662733607549,0.00445269009104097,0.0491944669909725,0.00248409663205554,0.0586960345375377,0.00917817884127236,0.0758950194390313,0.00459343365079239,0.478683567449651,0.017094698522415,3.29636785870607e-05,0.00281405011040268,0.00118497562371493,1.67582508174272e-05,0.00107784516842058,0.000688246626669098,0.00158240775944853,0.000700621483259087,0.000306652959153002,0.000408821864127521,0.000158197356050343,0.00310236029044411,0.0683294686691649,0.0267210077370832,0.00457038199564631,0.00915924031494418,0.000645297608297193
0.000188628374727928,0.000283637000520214,0.00343250326547663,0.00163554879552436,0.0102580412129251,0.0198147982624135,0.0115099155897936,0.00442173734447485,0.00229916057262687,0.00907973528267596,0.0253934469518784,0.0130190066913125,0.000451134902499887,1.19078157179721e-05,0.840580298768761,0.00974743617860087,0.000378048980326609,0.00290561023803528,0.000271761297976084,0.00472405212131832,0.00305678715856895,0.0033884351097439,0.000779049119399658,0.00102762568102214,0.00598036281488601,0.00992376504815445,0.000912222203634745,0.00554024891983753,0.000644426880578924,0.00520838172553663,0.0013085532788649,0.00182373241218602
0.00404793653548147,0.00270356337381942,0.00943101874279928,0.0145910306942751,0.0220754655403965,0.0180212306199664,0.00200579060457925,0.0253654910929997,0.0166043356361897,0.0114776442272892,0.00543325149008434,0.00695685024338934,0.000122021448073058,0.000370330047062067,0.000340215274720192,0.817829670410863,0.0120957751654046,0.000183539308226227,0.00184126755825189,0.000767852142223594,0.0014667058020052,0.00521693915341228,0.00273187728895469,0.00147230139025962,0.000465734618759962,0.000799627589127774,0.00326652160620029,0.00695911842638591,0.000835112724851856,0.00010663972523441,0.00134772439845424,0.00306741712025875
0.00734415983468134,0.000799225876975688,0.0033593234851453,0.109839671354761,0.0112092334417992,0.00355835698443045,0.0129675893673264,0.0493959393860529,0.0304783760797965,0.0513348302824387,0.00207197517269525,0.0162168179298623,0.007254241439405,0.000466037066044962,0.0130305387600128,0.000338369794873697,0.632937288322466,0.00299236503038239,0.00116266160880112,0.000907543265960723,0.0085641348467751,0.000929699575779993,0.00187404886574395,0.000999106466814568,0.000746925428135249,0.00433994784247069,3.63074322342669e-05,0.00548000549534075,0.00253103864375712,0.000734378094867532,0.00142788731658013,0.0146719755075894
0.0146022536413275,0.00766612277414707,0.00190667986402022,0.0460734423117672,0.0257255011417563,0.000701057237285436,0.00447387184695017,0.0309890139882889,0.0335811341315524,0.00490966758790514,0.000877761653543591,0.0149610804851966,0.00306604471916831,0.000150600637607465,0.000411945267610584,0.00236102616169431,0.0260395415511205,0.702388637695983,0.000864219183668309,0.00370019565151303,0.00835784973723718,0.00875384715272296,0.0209052577135559,0.0145700412393525,0.000843684512809917,0.00473725873358483,0.000351186826893313,0.010453446424741,0.00344336000671599,0.000309788917840653,0.000272108639600161,0.00155237256284029
0.00141038705740179,0.00187001025484535,8.14700927894553e-05,0.00947129822800539,0.0115626886907697,0.00553495158653375,0.00199651983414941,0.000520087285421262,0.0112983659751329,0.00320338523347811,0.00190939130193375,0.00561565093305888,0.00491733576375885,0.000256941628253889,0.0189632234120523,0.00472186798656789,0.00303306170686934,0.0015660029562126,0.811270973926851,0.00645516046906866,0.0371876825275333,0.00243614913793278,0.0189607587358453,0.00104803513572219,0.00146363337367145,0.0161915536369407,0.0020655230855142,0.0020470826899586,0.000717247492836125,0.00299738089599376,0.00416458530834288,0.00506159365655502
0.00205048254309026,0.00219111755570391,0.000407213671901089,0.00306336747535395,0.0083482220724654,0.00279960466918091,0.00220999296843857,0.00146140880298972,0.0106124589334911,0.00316813944163414,0.00845407796265749,0.0281862368777911,0.00450073270969033,0.000178651195495287,0.00222525002747813,0.0147143001370575,0.00410219712147573,0.00242156880610088,0.00221893002513089,0.773575957331655,0.00160541556774302,0.0205783276157905,0.00537568291033254,0.0065766271674986,0.0108098986822201,0.0302473798321036,0.000735398004285067,0.0157756948856489,0.0209166778016517,0.00091664313594421,0.00649549930465067,0.0030768447633499
0.000161774408508589,0.000639449693753861,0.00102321252222302,0.0035501170627879,0.015907967272698,0.0135560594796788,0.00702517037435139,0.00839455272006495,0.00707661513972007,0.000734000785449209,0.00934742836010948,0.0759458056049013,0.0130738615046285,8.75859959262202e-05,0.00993998346063812,0.000820035812952757,0.00040598167049646,0.00359229810427316,0.000639198821544115,0.00562799296260135,0.621913706914741,0.00295769601687756,0.00172760240639272,0.0366645206248849,0.021370897781252,0.00568737263011937,0.00277927777552182,0.0797041226656654,0.0201055773747602,0.000565542183138493,0.00058480304820295,0.0283897888211369
0.00039631427739737,6.79346776272357e-05,0.000271512949455341,0.0214968178044935,0.0370356667101806,0.0211172473724438,0.00410904257355346,0.027193346848911,0.0251067963295337,0.0294265296993751,0.00919758867597993,0.00898655885518119,0.00322817273633135,0.000295053163252545,0.00565219982290001,0.000292590659525225,0.000412811821022009,0.0107865998794429,0.0037885649819146,0.0141125229149316,0.00446682373262543,0.700965857391638,0.00492549719622078,0.00837656233956103,0.0422787698710916,0.00186327829081491,0.00141215313391496,0.00529732963330015,0.000766451307591527,0.000699167892253764,0.00120868480634466,0.00476555165119113
4.85798254801159e-05,0.00170119318188958,0.000642291653526053,0.00721473857182438,0.00237107620252045,0.0014741789718291,0.00614229364052593,0.00185541538521044,0.0624746164334404,0.00404308460177693,0.0030610256341055,0.0485260325056594,0.00587593940522839,0.000327265965775652,0.00673026747738346,0.00397529237713668,0.000352232684445354,0.000326963252333168,0.000314646643036731,0.000805023711365578,0.0153775480598261,0.0325490090934202,0.668125172009573,0.000398923133651853,0.0266107437991665,0.00420929062201836,0.000961069790877309,0.0321645547883266,0.0339456349073276,0.000813117756455735,0.00104339973001611,0.0255393781848476
0.00137203402670572,0.000554248110665236,1.24795097907899e-05,0.0360419850603243,0.0269870434508558,0.0136213619439701,0.024093836325995,0.0235235579336729,0.0378267748812664,0.0326413748942247,0.00982423718442991,0.00883996400084601,0.000231503931256836,9.12288740540605e-05,0.00312799200824292,0.00456054881877538,0.000316230165984079,0.00961575119237459,0.00046137467126294,0.0089706388548399,0.0267704377213793,0.0030432613111116,0.003844870865694,0.671330205049911,0.0149933095082576,0.00398091856472294,0.00938763359256034,0.00402524957648503,3.15252727953254e-05,0.00260840309515845,0.0124099606676942,0.00486005893469253
0.0177559805380953,0.00225371620213835,1.35040682642004e-05,0.0906073157047877,0.00220934838214434,0.0124422328896445,0.0250371344261203,0.0160588479332144,0.0069150860933205,0.0645203916012705,0.0363748463964513,0.00758979157598534,0.00447818071438301,7.16268282588341e-06,0.0103404025735862,0.00701592648333968,0.00415045645375372,0.00282304268051585,0.000433526652357292,0.00624298931280992,0.000880557993155542,0.00849783614576822,0.000448615971369135,0.00680342311890743,0.653071723278296,0.00155663393176351,8.72446132651811e-06,0.000829394718667305,0.0103515537958796,0.000114538796335861,5.74144003898639e-05,0.000109700023132745
0.00380917208984966,0.00324702263709696,0.000148964404013305,0.00806022313079034,0.0183278004234784,0.00549747418866424,0.000194296289257619,0.00472144294150327,0.00845674849080516,0.0104720344708125,0.0013887112566924,0.0226950020300283,0.00318595619263043,0.000958476483376023,0.00130988681105076,0.00860545839348489,0.018934204660365,0.00239671041157569,0.001033382022377,0.00198775853166686,0.0351577142922766,0.0199793454542828,0.0378661701711377,0.0146795879522193,0.0114024356191255,0.680372928538478,0.0235289348122493,0.0397517913357001,0.00185841810049442,0.000226442939871215,0.00243606068908677,0.00730944423555934
0.00310979535532978,0.00156163967093953,0.000592238421040533,0.0462303320878641,0.0361490292616806,0.00082204707133129,0.0168167192823298,0.0150580936491746,0.0118931439174895,0.0281413237895142,0.00732803536746259,0.0349324470356706,0.00415215691151906,0.000390859809339204,0.000601698745496383,0.0258830273709091,0.00957187176158361,0.000601082953805671,0.00067496310987728,0.0113962658232323,0.0119201083733244,0.00758335044050423,0.00192459587968763,0.00901514387671744,0.00818834001963092,0.0252844739248345,0.558777702796798,0.016743243942725,0.0550118623147761,0.000175879269173436,0.0438908424116595,0.00557768535457928
0.000837853222657613,0.000987236889632495,0.000313841487761705,0.000263559974825091,0.0428086384981582,0.000614166332320216,0.0158468985943517,0.00464517299009,0.0149723980598673,0.000541540221656404,0.0016763206482134,0.0175083046164248,0.00511678960904149,0.00150023043002042,0.000255097072815252,0.00358368070443861,0.00260726244489265,0.000616293356170406,0.000108133656086543,0.000416627655003046,0.0228390333116946,0.00205159644284595,0.00375050476629827,0.00194585969093635,0.00445063885853222,0.00203972913206847,0.00966004569082203,0.795683444916868,0.0239033830574017,0.0084268176553988,0.00147867460912171,0.00855022540358461
0.000124906784704754,0.000176568320023482,0.000616319524916445,0.00337777356212396,0.00759285262913695,0.000414032517208005,0.00326645829979877,0.00108447311807712,0.00493175839089525,0.00728747831990282,0.013880854024427,0.00142813053357615,0.00678118658359069,0.000228417775253898,0.00136028539058035,0.000953182562764651,0.00117365933988481,0.000660796856868399,0.00967012059348264,0.0166569672904656,0.00395500946405192,0.000709460817492578,0.00123216325550025,0.00153931295224506,0.00392605234973603,0.0148758799237193,0.0245185221082163,0.0167696220173273,0.787535927880022,0.00620457238202506,0.056655169437183,0.000412084994799686
0.000970171753448179,0.0017720096411676,5.36702954954094e-05,0.01780174960158,0.00337349980287993,0.00342175515268623,0.00797250457931993,0.00379730571683949,0.00654515278931815,0.00403239044196972,0.00202640253561412,0.0157536743726237,0.00743325144561613,0.00323896540047348,0.00454122519886045,0.00199591976540079,0.00174839493579046,4.54493799800169e-05,0.00184852568019152,0.000332184501601476,0.00407062670821132,0.00135951267905577,0.000741798568842661,0.0108463094146734,0.000824239375160725,0.00036719552986353,0.0110748203104336,0.0331878672413018,0.00527276500722121,0.830356175943127,0.012296877120109,0.000897609111143373
0.000778500622929145,0.000417120899989842,0.000308164914288445,0.0153293048950136,0.0282615953946867,0.00784283190655224,0.0179425876658922,0.00705043610360682,0.013762307706967,0.00468517801286951,0.0033675764705347,9.69703360211693e-05,0.0103833009358211,0.000397367471980556,0.00645312044172602,0.00751827225175465,0.000938741044323177,0.00215207199746866,0.0143731114883249,0.023232240891399,0.0234049122836239,6.46551600541229e-05,0.0086306097092993,0.00363765104261948,0.00445769640755462,0.02550737201732,0.0291893286216956,0.0501710318237851,0.00597285648638916,0.00288386717105324,0.677053780371642,0.00373543745281403
0.00216306617345282,0.00670971770427258,0.00725338535329764,0.0080772688944162,0.0210678444679799,0.00290217831099243,0.0725112713848092,0.0190490077260918,0.0158080735530802,0.0118009311002903,0.008645775314361,0.0234243500173448,0.00148166831478983,0.000270932143876928,0.000917305274948979,0.00403739335820479,0.0157400017066039,0.00666907532910616,0.000315119312790693,0.00625211163352963,0.00998119371776033,0.0062104041475019,0.00102509359698923,0.0210338696615724,0.0185548572323746,0.0059119075633987,0.000386914343924417,0.00737296204995039,0.00533085487782951,9.92034332511144e-05,0.000666621654433337,0.688329640646774
