0.785838675978441,0.00361873710884848,0.000487157133969306,0.0143916951633135,0.00024604346008619,0.0347276496356069,0.0114900546388384,0.00557771488352948,0.0101375159577047,0.00109538586417652,0.0028602988434183,0.00143970923613941,0.00127606196758841,0.000266486216240223,0.00408725988810912,0.0157372999943995,0.00524440855434918,0.00704709052918409,0.00082991665515814,0.00287839260813926,0.0064396072463717,0.00307778651201822,0.0398909075380386,0.00700301186307433,0.0197864933578958,0.00127996782573577,0.00372952466802497,0.00224702828265084,0.000878238865380012,0.00141854776608564,0.00282069443265497,0.00215063732482889
0.00156653373606318,0.705449444334002,0.00456296365480126,0.00251110527009502,0.0240700110314887,0.0299967250195795,0.0965718821645873,0.00991133866722618,0.00897784599507761,0.000112100104014112,0.00097869831791967,0.00144774276736852,0.000183569448354134,0.000134860809377391,0.00414197041238384,0.0284095596399579,0.00716514341612818,0.000346238669285846,0.00030107991381424,0.000330677139719176,0.00590513410904849,0.00163275028372085,0.00751493690142447,0.00543091549764521,0.0225534009226217,0.0123296135932659,0.00321243541603959,0.00436761324844647,0.00284306834289978,0.00090118767307442,0.00575385298107277,0.000385600519496514
0.0018834138531019,0.00580027533998653,0.807572005427762,0.00255865282482415,0.0102878751920253,0.0031702002984666,0.0128101733619725,0.0117107449185599,0.029345543240072,0.00238588352351927,0.00140460241890139,0.00219482624380471,0.00110358103747403,0.0098884032180761,0.001122825203518,0.031101320801145,0.00128477474117645,0.00648505081600259,0.0040092148607343,0.00395278842478213,0.00111090260468238,0.00516687187874013,0.00375412197428246,0.00771455696007611,0.0189392602030354,0.00143631544576248,0.00299661186787051,4.37571846120393e-05,0.00125620332166278,0.000506391869157849,0.0040657912589176,0.00293705968529556
0.00166765895125793,0.00107729170253446,0.00187773973804896,0.738017802297934,0.0140444088114037,0.00468685694944334,0.0422803843574722,0.0392222561985858,0.0222966224800425,0.0186604338247443,0.000424274844212627,0.0242545509795153,0.00417547520737036,0.00111958166832792,0.00816507684934001,0.0169778043362504,0.00154646275258095,0.000127937573918693,0.000496814716499631,0.00267748278184651,0.000888040334556031,0.00116546241995024,0.00595469923654351,0.00642613419229247,0.00167885070247464,0.00474259711003163,0.00744439414521211,0.0031214874317439,0.0201785138491595,0.000553526938864836,0.00239493140229573,0.00165444521554614
0.00220511195569872,0.00184239814330616,0.00572744960865388,0.0366686760697938,0.557129805439066,0.00433442300890944,0.0151208477596348,0.017161496601972,0.0376344127396853,0.0490993549495108,0.00120436429005943,0.0375535389024197,0.00675204342878138,0.0033157861743874,0.0104273257875086,0.0855477582674721,0.000181997266043271,0.000613609967320223,8.79690320365985e-05,0.0163239070500445,0.0153330792382673,0.00231297530224039,0.0240740911463432,0.0054921757502685,0.0147130619086369,0.00141763096220659,0.00123351778773983,0.0247018525400979,0.0158992414411327,0.000641228625737424,0.00243549991796854,0.00281336893705702
0.00301731056346534,0.00194908872389205,0.00257529258909214,0.0252732543685724,0.00975962585173486,0.819122765622075,0.0163712714325068,0.0452587711104351,0.0134903300084079,0.00101892070078725,0.000368405384735071,0.00106183067997006,0.000419139086048971,0.00235847713898587,0.00181425856740143,0.0192729858666337,0.00134447291417484,0.00353320859583244,0.00187856354606148,0.000235142916679652,0.00110026050326631,0.00130325616833063,0.00070809602581275,0.00388440774622642,0.000270218790751122,0.00913349805911664,0.00530283556717629,0.00646807166921756,0.000683172342606379,0.000826248625969928,0.00013269331914742,6.41255148860369e-05
0.0136379891694389,0.0062533896298282,0.00092531372418407,0.0498180773773096,0.0503465966810693,0.005255554301992,0.720374719293219,0.0276578337411823,0.018786123193988,0.0192219549947818,0.000967395302257066,0.00704369435708992,6.63095606968841e-05,0.00268955922739735,0.00552513278842455,0.00200577704785379,0.0015190650590247,0.000140355717622179,0.000858788874973437,0.0268958071301521,0.00241279282901908,0.0028712707964555,0.00928484597092681,0.00112433263049344,0.00467051414245413,0.00209217927060604,0.00514782590711594,0.00934577837556098,0.000403232715370925,0.000727940617064682,0.000777918426528307,0.00115193114591907
8.39182079987547e-05,0.00118784902107483,0.00164977991742346,0.00846145784742192,0.0535634026686643,0.0368639556372847,0.00253286277386642,0.549487156682322,0.0327274919659485,0.0221571151127105,0.0205521336586662,0.132116846899028,0.0128579021115217,0.00240299436588983,0.00298881715857914,0.00242655635519588,0.000124334010600259,0.000593741573182528,0.000505881085322369,0.00923077108757808,0.00400085224164268,0.00590042499825018,0.0043891693108637,0.00571783672169056,0.0120294625290965,0.000135569669602593,0.0229963495511111,0.00072250491712188,0.0494091676671911,0.000586395824784027,0.000281653835184741,0.00131564459318217
0.0378600225467546,0.0289355486534678,0.00186887637553824,0.0390315043353619,0.0156825764867678,0.0444364077213728,0.179420791510137,0.0117459948604579,0.344572525212973,0.0060990219252419,0.00605377558309401,0.0203526521250019,0.000192453496590423,0.00076923626318627,0.00309871453336387,0.147013276344814,0.00232597488962871,0.00823035444402578,0.00016309290560828,0.0237185676145294,0.00177197689790389,0.000339860544064281,0.00359134371339478,0.000625808297625812,0.0311336231473605,0.000410634114841522,0.00171942663536495,0.00314157061045436,0.01071340150972,0.00125110309880841,0.00165889408279269,0.0220709895197536
0.00033514246019247,0.000866390994659314,0.000214406728917779,0.0167638638469689,0.00102966805571951,0.00101266435988193,0.000866603329409325,0.00396043766973742,0.00519189317527266,0.836168318956699,0.00131662075123511,0.0171464310088031,0.00153199135354779,0.000536941767447886,0.00851715899719599,0.00390087760647218,0.000138923997427,0.0104986169159386,0.0034469361260452,0.00757746227423517,0.00591397042640143,0.00167245642802835,0.00119881626655508,0.000225696503526833,0.0106168285535364,0.0166346732717415,0.0203425780820329,0.00118355913236476,0.0186570344433745,0.000342753560527915,0.000642324602916424,0.00154795835318767
0.000282151546039957,0.00209430848305508,0.000328410179711753,0.0294253571227249,0.0190368074764139,0.00402914932209099,0.0335877653952882,0.0250363760140653,0.0152728408814329,0.00452701804754986,0.690271777444779,0.00858372242686996,0.0038055380905429,3.90479597975822e-05,0.00418060368512943,0.030799717197829,0.000939535380846346,0.00846726345116029,0.0107211181398718,0.0151072491139395,0.0101193353018253,0.0010936944898509,0.0069920324882975,0.00672567394157704,0.00677783523188426,0.00443995318687467,0.0115361312657734,0.0202153714684016,0.0168451367207899,0.000408561672993241,0.00815853770043355,0.000151979172160024
0.00275888105662459,0.001301892173242,0.000875593850227723,0.00531908159471385,0.028223600663167,0.000914147920251389,0.0130786192959312,0.00651225048305395,0.0241284209478087,0.00422885324968114,0.00238109191027886,0.83105109851564,0.00213505077012723,0.000307037796732921,0.00149458514517588,0.00314735543477235,3.654303116995e-05,0.00330044179554463,0.0065137209151851,0.00252858758289762,0.00210547521440763,0.00873950052548238,0.00164014976994698,0.00129886328861806,0.0159148349910134,0.0108553838365969,0.00118817112532679,0.00478396592307749,0.0042856294929111,5.51160334492891e-05,0.00292103585832211,0.0059750198086219
0.0010004411637327,0.00110902619411834,0.000953281801142683,0.00663566450408057,0.0136426504750915,0.00266577942502801,0.0025605034065624,0.00302613337686136,0.00122605172675067,0.0025942018572686,0.0225224166773505,0.0418468417265979,0.825157877777637,0.00292637133445449,0.0130205315662869,0.000677709424238016,0.000394869605707984,0.000630557773865525,0.00263754576638732,0.00639717329200019,0.00309805769941821,0.00413105370625723,0.00145020093490837,0.00401280710690082,0.00449074780398849,0.00323193847048551,0.00384163449859792,0.0103195865652036,0.011375957022839,0.00124723087100569,0.00089176676680897,0.000283389678423808
0.0035988975361831,0.00107458699404409,0.00175020871582241,0.00499791429194686,0.00110782928907736,0.0188183750514714,0.016396286087002,0.0032807799013855,0.00418198945423516,0.008127052129771,0.00854483391168041,0.0519600239527061,0.00494059450860393,0.772510948372072,0.0118908569254975,0.00145448401716694,2.50278279113373e-05,0.00221080930315493,0.000270108412685295,0.000260181040132865,0.0014249142582916,0.0154111693779011,0.0278229180262744,0.0033499893581496,0.00707765732954157,0.000368422980991343,7.9387098512056e-06,0.0023795720787492,0.0116189088918309,0.00118766596483499,0.0117001309676462,0.000248924333387749
0.00129432161153119,0.000462678656031296,0.00386064619262592,0.00360838602121447,0.0142569527024533,0.00660815257005491,0.0409023754173486,0.00470022909022689,0.0214396748070408,0.00824327255818973,0.0202604558518012,0.0222639708420417,0.0194825329893526,1.23929199300834e-05,0.671634161592452,0.0260608830093613,0.000916415366207494,0.00661783397799231,0.000519321890155032,0.00110982659317159,0.0505053526318862,0.00372939022329581,0.0153540204267503,0.0214313767659781,0.00871157874356361,0.000382915958165145,0.00344609225178381,0.0113184721785435,0.00140773354450225,0.00682430096354902,0.000472076953351753,0.00216220469944845
0.0225694000900403,0.0210367407291759,4.24043321952137e-05,0.00466162105068828,0.00213665955005679,0.00843071589341101,0.0559997795001078,0.00210203982043887,0.0477002397805918,9.97404029290646e-05,0.000706429838708589,0.0401499546569746,0.000649692628525319,0.000707806822505293,0.00145733894443615,0.737945919545763,0.00309284414386126,0.00041579306824721,3.89788894293058e-05,0.0184864462180886,0.00384532050022933,0.000992816427280133,0.000690143474508224,5.80531369889096e-05,0.000726800174130226,0.000750876713994339,0.00212215015583981,0.00129316937322966,0.0168900679417236,0.000322230468128354,0.000334098298183884,0.00354372742958975
0.0209816470998269,8.66788025788282e-05,0.000874214490941495,0.0017992544551998,0.000364065869307858,0.00236839245520454,0.0184911620122324,0.00120167819818441,0.000633449561989548,0.000201532704038046,0.00325451185976963,0.00892751616670639,0.00257733653725253,0.00131373596264286,0.00108440537563907,0.00978530513411016,0.851958060957542,0.00560973222391204,0.000427660842499293,0.00208738682357351,0.00834911119889152,0.00745684545733653,0.0169303833190149,0.00689756106391466,0.00191367496119202,0.00963856708710473,0.00402639188706134,0.00459853636846939,0.000731082756918586,0.00243246424418132,0.0022015407292667,0.000796113393496864
0.000911402510510838,0.00124942800183835,0.00226224728518338,0.0135477768706808,0.0123784054310761,0.0105630522952507,0.0459494827449444,0.00189691874284595,0.0217162212676665,0.0198910929538736,0.0210908878035171,0.0371661870574877,0.00135843296033921,0.000714747893123879,0.00234426349459456,0.0246324303232044,0.00325449345559773,0.664564088955137,0.00214348227512227,0.00304054104308736,0.0122095709072953,0.00555380976744503,0.0132151526223366,0.0143245566173471,0.0103894903393929,0.00358701459235706,0.0027357513041997,0.0191442401452293,0.00694312131589293,0.00161429330931619,0.00825534826380253,0.0113520674503033
0.00839103952927651,0.00821555693051701,0.00608327066724519,0.000341155172857882,0.00365748675258422,0.0109228795261686,0.0471488944388617,0.00202421244028911,0.0108701203382964,0.00485870045048078,0.0127368237547018,0.084261865867461,0.000825818494982313,0.00238425816964084,0.00232777712736886,0.0151325351242956,0.00400591162083562,0.00288386839822638,0.591272840341726,0.00141261171823762,0.0588278066746804,0.0226553385362295,0.0162856423250458,0.0337768415107676,0.016340279289233,0.0121895043470342,0.00229471761831105,0.000455842107168068,0.0116967691529206,0.00201912169442842,0.00360936506440313,9.11448157248651e-05
0.00152018351467992,0.00742242160940658,0.00158912333356183,0.00240823057356663,0.00747710313385657,0.00541107390599247,0.022834070441811,0.00769693721551553,0.00276309924921644,0.00335134825240303,0.0126926620723401,0.0271002735671171,0.000532683755587276,0.00214340152535864,0.00295220076940857,0.0276433387730463,6.03874836331753e-05,0.0040466534182089,0.00816217016710735,0.711663911893774,0.00132152355617506,0.00414506271469939,0.00566169435783307,0.0049830744449058,0.00354015356679599,0.0543777855226364,0.0285592434292272,0.0100981837067602,0.0142235873423703,0.000301767354476603,0.0128716026881549,0.000445046660373488
0.00552213201877584,0.00242123274927177,0.00149335935890174,0.0129396486393645,0.000706184167771793,0.0124229398142428,0.00338114179640573,0.00469064771025872,0.00229477894348773,0.00614437543965963,0.000427567818195738,0.00813506261711749,0.00166542361658114,0.00108181674007097,0.00333363561257082,0.00551032290749803,0.00131926610250552,0.0024793496300729,0.000802687763848429,0.0134967931634185,0.720272576241217,0.0106624222349228,0.0779628840361812,0.0309276039935119,0.0119102262289484,0.0229588291014529,0.0158754021571541,0.00781210298310132,0.00134725920209607,0.0018166135470317,0.0025435143450701,0.00564219931929252
0.012670530915184,0.00465522825171632,0.00509837932307403,0.00292348115817354,0.00142803575326646,0.000406964053553154,0.00178945895013915,0.000517390133576755,0.0649435709789558,0.00298876520723027,0.00179959074363156,0.00117960127945878,0.000451858156503657,0.00540759585762294,0.00165151359077204,0.0529832738984032,0.00361387837410184,0.00707671613024493,0.022061696603931,0.00367048460543654,0.00395862640284647,0.696428930567508,0.0571509771672995,0.0021849234945782,0.00210531599274207,0.0239510438020133,0.010203701863168,0.00286824302293336,0.00127575797260629,0.000817380274302773,0.00167796903731244,5.9116437713932e-05
0.0103849235154201,0.0272752512176987,0.00696870642190778,0.00201130529530708,0.0119462815186426,0.00346886200565485,0.0378277665094372,0.000117049390752803,0.0107466117015765,0.0116546615405541,0.00403400798854844,0.00176579782057693,0.00146018546311431,0.00154786626362178,0.00211692890004353,0.0597782975602646,0.00453465780120849,0.001626612430433,0.0104211126421225,0.00560919851515023,0.000557757824685392,0.00295676045248997,0.740327072716209,0.00324616093395264,0.00123126989117263,0.00142276814037256,0.0171666358279552,0.00859623226922091,0.0015634640675881,0.00368826245893895,0.000992153453381628,0.00295537746199727
1.34188587153979e-05,0.000555595861728189,9.30074442618652e-05,0.00316712036726362,0.00264937888337286,0.00391916881721211,0.00065601448544341,0.00714731561624239,0.000723967958808878,0.0045561148063762,0.00361380479131288,0.00144938832504787,0.00144530861895104,2.67623622273653e-06,0.00182673315427238,0.00427320501714927,0.00174967426300504,0.00115220872840113,0.0215336038225634,0.0589868775321965,0.0153693223586806,0.0106458631342684,0.0097752152959824,0.611090973169621,0.000506305148245916,0.147827691066112,0.0486713774807316,0.0180042421506308,0.000564445179178393,0.000148929789154678,0.0164265805835029,0.00145447105534475
0.0138702575898348,0.039061928049627,0.00021993680346844,0.000740646115473584,0.00178150349858423,0.00150051173513909,0.0419707036931799,0.00244862676308874,0.0247455990351955,0.00323724991658448,0.00750626776561621,0.0252781598574617,0.000796500233670475,0.000182140887437658,0.00134823744348344,0.00675026151527364,0.000464507303098863,0.0106430828852499,0.000449193845480203,0.0230619061080909,0.00129650354278122,0.0155153902978212,0.0300758263071157,0.017154102406704,0.696568011839274,0.00074620895301538,0.0133558113385772,0.00501574948302548,0.00480629914229157,0.000176711537400221,0.00479839243116279,0.00443377167579287
0.000706264332714775,0.00144916579548776,0.00114370834244847,0.00952344693722354,0.0244440151337178,0.00693115769739782,0.0285770503394319,0.0151555485310526,0.00030565163157067,0.00693316144634417,0.00846494233202105,0.0157861986359129,0.00172368084844481,0.00140502302747771,0.00502248124323679,0.00118858608770752,0.01105444271681,0.000979324158795917,0.011150160897322,0.0428123506812674,0.00593845601933212,0.00841425628652484,0.0148562767588376,0.00575459447505241,0.00110175559201088,0.554177387630169,0.0793442214079515,0.0172688193569405,0.0396841005166269,9.8229304123875e-05,0.0761449023205611,0.00246063951548425
0.000402374153706641,5.21643271955698e-05,0.0011290415858296,0.00301875437594578,0.0204352824579431,0.00379990749095795,0.00287951269137949,0.00318126068144671,0.00610750449035029,0.00135659202409055,0.0120558394503946,0.0439941381095629,0.000829403152098692,0.000267248522233135,0.00085992012522571,0.000439531521776769,0.00300662597234077,0.00131995907711726,0.00652378723054941,0.0202891178336025,0.000895419869126216,0.00668739336369521,0.0189874315364036,0.000989873111191423,0.00196387411044894,0.0532954611436334,0.756810107208035,0.00162758074551636,0.00535362514247854,0.000321698085460223,0.0209397560963843,0.000179814313879156
0.00500384464639308,0.00167548424789944,0.000176634656342096,0.00402802038177936,0.00532282562233052,0.000661867434870165,0.00222822338662394,0.00801566187694058,0.00658449221825738,0.00754920280418726,0.002739790397362,0.04829084271064,0.00273674020244653,0.00306451951998624,0.00656370098155841,0.000279923272561652,0.000628018053929093,0.00201065891214877,0.000137561576784955,0.00747760082329865,0.00851164466815143,0.00382283451487871,0.00031243690375495,0.00156132367561419,0.0164960397832985,0.00348478933037005,0.00132329094915724,0.829058122282669,0.01025187100398,0.000836459686229798,0.00501554882634505,0.00415002464921094
0.00165960991641903,0.00106399323460281,0.00631634022812847,0.00491704717123218,0.0250168272465279,0.00277182500306862,0.0487031245945455,0.000764039737999182,0.00364675916617124,0.00650564193352986,0.00580316346567947,0.0160993722050206,0.000760170278325908,0.000498181676954954,0.000786819002215937,0.00628587327655768,0.000266998491853346,0.000792994361887635,0.00702103121700066,0.00731877501339314,0.00639661459151378,0.00673588959578675,0.0049667197076381,0.0055120540252987,0.00742834146082214,0.000917322383815438,0.0318910795072146,0.0263065952724579,0.755090070642328,0.0013218359924736,0.00589740184433278,0.000537487755204565
3.0168084241765e-05,0.00565600127579032,0.00617407416930513,4.88656970918886e-05,3.27334921657753e-05,0.00384037283581769,0.00256524153467974,0.0060753768147791,0.00242429480969134,0.000240780458057335,0.00404334535816012,0.0119801834220623,0.00149147123749119,0.00016317832011299,0.00956027490268927,0.0122590492196821,0.00442545794968233,0.001207455862954,0.0145612336596728,0.00354722611412903,0.00448412864202595,0.0135016549064215,0.016428863813,0.000842370126439945,0.0179535092179047,0.00891122583624433,0.0184837207593515,0.00646437954033085,0.00851584671226702,0.79227959984499,0.0215134485822459,0.000294466800522377
0.00259398691215252,1.27600135041256e-05,0.00342948697079558,0.0014085038050245,0.00336643619754685,0.000841297247140193,0.00228221746168915,0.000360766523464035,4.1896500024253e-05,0.000949565549041219,0.00300860305431226,0.0419416138991903,0.00399534093406705,0.00319449436203942,0.00485188512245404,0.00312558295327897,7.11361666795021e-06,4.22134654830821e-05,0.0017689154605863,0.0158695397190602,0.00137935699464957,0.000500228141201196,0.0017788638935157,0.00667725817151898,0.000874508021840638,0.0097610047311735,0.0048143951011555,0.018306163561102,0.00785891471016686,0.00392463511118275,0.850848754809245,0.000183696985726394
0.00304895111125381,0.0155875496685907,0.00242155257602878,0.0562334851036295,0.00296099189705045,0.0135405484373636,0.00311039464728342,0.0059934721745458,0.00687925436412546,0.036676279979208,0.00573845911434766,0.000193547849276138,0.00453583047932646,0.000405647711696054,0.000545916192306386,0.00287835098189387,4.67885351839492e-05,0.00375178126655447,0.00153788783412783,0.0289503128891556,0.0310373395030345,0.0127205083754871,0.0155363187789895,0.000655987305718871,0.00875369032608357,3.23100341524572e-05,0.0132126533653471,0.00838247656890079,0.00156175176768795,0.0016968723015963,0.000675071292076187,0.710698017567978
