0.763687975138551,0.00253631554659437,0.0152953702089309,0.00868591033690902,0.00689617261307377,0.00784060676220645,0.0257573272202931,0.0108943738721105,0.0468689340026356,0.00172083564280582,0.00100523200055279,0.00700977806854554,0.00152703588899835,0.000134101337478036,0.000954043065642563,0.000862655252778597,0.00404931592954657,0.0182147860668529,0.000692445950149824,0.00882833918161193,0.00231202223288814,0.00304293784603802,0.00708789842336329,0.0206366444449142,0.0138530773500943,0.00559591807879949,0.00223393116229785,0.00111238563209672,0.00211450666709043,0.00422659906248914,0.000568339020526231,0.00375418599313397
0.00227199203170297,0.756516331463313,0.00844667654063142,0.0103919258679255,0.00473471577103026,0.00330262978157024,0.00687173205075081,0.00917728758060415,0.038081860104592,0.00352343125086583,0.00820848290979779,0.0217586670248202,0.00447281472962161,0.00177769791273563,0.00149135091151101,0.00378161075315661,0.0140467207802874,0.000284212509719306,0.000115031063754039,0.00491742618519517,0.00261435887401865,0.0102753977641601,0.00347338134360575,0.0109769310263362,0.0160871283695592,0.00973377804421079,0.00545649414123909,0.00450263960132579,0.00921242844500582,0.00779371904550963,0.0126199783140554,0.00308116780738842
0.0171572972819653,0.00284211153226138,0.832608119946847,0.000988072206636387,0.00284656766263318,8.89805458258391e-05,0.0195112677330826,0.00454856070367189,0.0245472624516983,0.000894099231677519,0.00771065277847742,0.0256953541927574,0.00455790429750169,0.00443001337513932,0.000184964317687169,0.00292648316227065,0.00333171480982175,0.00442380942026163,0.000697049330285698,0.00140406878702198,0.00672363026750677,0.00571382788733507,0.000447564058939254,0.00509363497099826,0.00345350205023109,0.0015855920829638,0.00090500224113691,0.0035607137190261,0.00567460001909589,0.000120334166622162,0.000511582755325054,0.0048156620132958
0.000459175584205449,0.000678505668155584,0.00273328647273665,0.739897049473332,0.0202713280941992,0.0085372361525268,0.0762408454371741,0.0426547214686994,0.000798170302904146,0.0109991276348911,0.000245895945236943,0.0224279875932545,0.00217096167141423,0.00338137021701481,0.00604863485485267,0.0157068522997294,0.00157387778248185,0.00111356880627844,6.88615435236983e-07,0.00209962025149924,0.000929437660712664,0.000518157526527077,0.00393862144246574,0.00599246330966545,0.00189435756788265,0.0100363295736049,0.0080796352010858,0.00460397553057595,0.00361051449707507,0.000874504845703778,0.000795792651727534,0.000687305866951067
0.00034346525963856,0.00934900720282295,0.000321014781923383,0.0050869428368059,0.660348065186563,0.0175418909650091,0.083912103901521,0.0014134909731402,0.0102220758511306,0.00911974298422735,0.00845845691731136,0.00726578948765932,0.00460095037676248,0.0031724796160606,0.00147972922571351,0.0859792499874463,0.00183431852966868,0.0130258154844657,0.0101976835434093,0.0102815348306616,0.00562647813444544,0.00670676449903188,0.000335912347864436,0.00544732345723575,0.0130337881098003,0.00407352920704296,0.00265609246237894,0.00603737375736276,0.00834255984172943,0.00197871354568802,0.00161414188822311,0.000193514807256773
0.00339397391867504,0.0035694010462212,0.00342438426539126,0.0062641504445849,0.00567354139596438,0.83446163571495,0.00423864577834375,0.0160684187249146,0.0314546232945536,2.66333284341163e-05,0.00297400298089473,0.0082622303209061,0.00190788185308622,0.00119779799813672,0.00246266400920868,0.0394544582078265,0.000335706004113838,0.00137245635326673,0.00411107225704744,0.00530798395177569,0.000381878156588781,0.00525001198967939,0.0030109046553693,0.000324171586648754,0.00201037851346003,0.00151748011740951,0.000843993613503095,0.0033748255188851,0.00134165881223861,0.00160534860656556,0.00389909987195296,0.000478586709403488
0.0174538673446866,0.010420654991125,0.000633940890146991,0.018685557873645,0.0138423559561457,5.21213183647039e-05,0.820796074424835,0.00294569930224416,0.0413193238751103,0.00516386781585623,0.004428054619349,0.018998889541784,0.00700313565124434,0.000606746686721707,0.000601578875147043,0.00408670989313324,3.05697911502261e-05,4.45004528481369e-05,0.00608795208853585,0.00589313945442194,0.000109776358818889,0.000915558791519125,0.0106084874099222,0.00382644357673969,0.000161809960709481,0.000210532413185071,0.00104581618456573,2.14759844961618e-05,0.00262733618005275,0.000788915323646425,0.000543435567498782,4.56714023501723e-05
0.0153115938999289,0.00247782351341539,0.00092586256436687,0.0198874999507941,0.0441240591388126,0.0737986743305103,0.0130549554582823,0.560796483963839,0.044277004495127,0.00160868965474358,0.000168972884358159,0.0733177001241653,0.00276292940363508,0.0134053596489775,0.000429614291044843,0.0236176212923246,0.000308611824685744,0.014610682736971,0.00362940625498657,0.00237829240212035,0.000738268355678113,0.00204681704004083,0.0102560230931136,0.000272368323737743,0.0407274644366721,0.00153747791533998,0.00174155259883037,0.00187179292373463,0.0154999185879883,0.000569053133891366,0.00240553983545733,0.0114418859224267
0.0081100271251741,0.01697535884391,0.012223012500417,0.023021835574428,0.00780997500275015,0.096930977807234,0.179737438244344,0.00137218291753909,0.394983675595577,0.00254277666211444,0.011407892079627,0.0349563049120078,0.00225829049036561,0.00112691555065795,0.00118941739158665,0.138145203729902,0.00165170866702043,0.00713303923919783,0.0063115129850866,0.00497635929202411,0.000301554976111031,0.0103617332091782,0.0112468890613472,0.00429675185849221,0.00808037001644803,0.000700566867444561,0.000280468309829029,0.000125105758322231,0.00504375514850717,0.000209500449413116,0.00337013837899317,0.00311926135494947
0.0239690580368029,0.0029191154284953,0.000477000030473265,0.00484829382019792,0.0046234856966616,0.015180279638574,0.00058340343830513,0.00773499066069339,0.00726840801449054,0.716366161916463,0.00170456656243151,0.0633139213272328,0.010831170539842,0.00060772911551563,0.0197490256792736,0.0162399168553707,0.000273251113444021,0.00149045023811083,0.00279525119958957,0.00349645063529835,0.0027367412341494,0.000584796496927706,0.0061770515808328,0.0112405117227196,0.000513947142687927,0.02785350701454,0.0135654916342985,0.0044524954954782,0.0214881749464408,0.000363365424068436,0.000923756286472353,0.00562823107411839
0.0173648784361234,0.0028639246862592,0.000540820222414561,0.000162351213885749,0.0106533170895299,0.0162446366197629,0.000108097460707036,0.00107513431609474,0.01094577053594,0.00508880583633383,0.720480650571258,0.00957501958868214,0.000953848684262685,0.000607542652349827,0.00787611321650225,0.00659730959496867,0.00476564406032417,0.0082293823786408,0.00696945672509189,0.00383121376083117,0.00202997656681906,0.00355419824681861,0.00164568257172303,0.00466176540207702,0.00232175530139385,0.0382876869683462,0.00572364133081461,0.00420335260316449,0.0621876032111794,0.00112314509098778,0.0357913233870169,0.00353595166969565
0.0259771641097526,0.00840008145870354,0.000790443662507208,0.00952029189605131,0.0176863948383306,0.0038194565596122,0.0120281515563297,0.0214756539615506,0.00786001907826932,0.0164719675602687,0.00406437229541505,0.697248974000712,0.00142153133573236,0.00115402622461425,0.000447036046710776,0.00426915704038457,0.00192424021243401,0.00329858501930765,0.000141806790778015,0.011391976912048,0.00118325867778105,0.0111920763735173,0.0101894605921471,0.0127806000943572,0.0376066368301299,0.0304415426261712,0.00159974136984524,0.0106046430875675,0.0141785975231558,2.81395863787406e-05,0.0150817812148745,0.00572219146456223
0.00202493516687989,0.000864082969090156,0.00671950284512752,0.00986649875125239,0.0265172865442001,0.02739482112731,0.00202386589018729,0.00167678161069469,0.00242454538273858,0.00387076064776255,0.00989629732269046,0.000781258827161739,0.831746900766219,0.00128201208347804,0.0264806089770572,0.000329060345796532,0.00773153676009482,0.000537237838702923,0.0026600846441885,0.000623490087016321,0.00156285483433546,1.55135204059201e-05,0.000841986647820441,0.00402695727390862,0.00392368427978074,0.000221777514973627,0.000935596421286214,0.0108312405616442,0.0068121925403609,0.00221623682628079,0.00190014958633583,0.00126024140521833
0.000212720165262937,0.0115551494509083,0.000149182529274638,0.00715321229854423,0.000446355942158683,0.0605296517306278,0.0902893422606966,0.00679766839772892,0.00051410639886049,0.00524428193321965,0.00763005966437111,0.0285890335268113,0.00589738505085319,0.650704734259204,0.0093883742196398,0.00495305681924198,0.00357610179538689,0.00136810959813375,0.00218766497282282,0.0143089718383887,0.0114237367858735,0.00730552460922346,7.61237413439402e-05,0.00994115540307171,0.014469012188029,0.0183052988262082,0.00473925026501905,0.00353871531594573,0.0151741786559661,0.000492774939558888,0.00275853867385974,0.000280527743764974
0.0101111481140986,0.00935426233576118,0.00176042912475093,0.00564483419581006,0.0228551830114089,0.00160429689648951,0.0329012938192602,0.0035837235075287,0.00478627686110382,0.00304532313513697,0.0251353770149055,0.0918640453702715,0.00682833093525542,0.00174354060703444,0.719740332060927,0.00376003209019089,0.000220745456327958,0.000443441913701197,0.00155520282845881,0.000419891851597895,3.15770272385792e-05,0.00190683940467285,0.0082067018719452,0.000233102039466952,0.00430736069134304,0.0130479841488479,0.005370452447016,0.00562663815733946,0.0120137910207026,0.000787736462750924,0.000500584982305288,0.000609520616352338
0.00943423073466049,0.00947537623684744,0.00220328604337825,0.0059615717843984,0.00834614880193866,0.0194095893503354,0.0653777612700387,0.000300123890336225,0.0786803884714299,0.000778900300402536,0.00619919469793757,0.00956559207853019,0.000459637716719011,0.000571815006405048,5.66394266404524e-05,0.760562924012094,0.000714656842984849,0.00329867045626776,0.000410450687435185,0.00115194673898694,0.000270581229836445,0.00252458358214691,0.00729721498867604,0.0032441769554106,0.00118457154222316,0.000202911520267466,0.000184890906186487,1.93875284208986e-05,0.00111833368557087,1.62688451318627e-05,0.00068383000942129,0.000294344658940984
0.0183185666313519,0.0040100110291385,0.00504582485662017,0.000111218275617446,0.000140648572072245,0.00102224804428546,0.0141542914422611,0.000719971195598271,0.0120211822557129,0.0033698681226334,0.00402414516288501,0.0121174885402543,0.00369684313449389,0.00360429530196581,0.00827838827763376,0.00230549868163802,0.847544593624862,0.00754519087037665,0.00713812966845903,0.00137347188010173,0.00369786574806429,0.00404061356559161,0.00779111180016278,0.000176868304638802,0.00725152044616654,0.00406973643215395,0.00431272899851671,0.00191445258732603,0.00249746384015986,0.00530057613095091,0.00219031775231665,0.000214868825989813
0.0269928993726229,0.00283959679593005,0.00360296151751621,0.00105074255985661,0.000407168548324298,0.0238213530814985,0.044121574618249,0.00128009500799679,0.00221403490499182,0.00302479991534336,0.00263883573359257,0.00384307722134943,0.00106537111228162,7.07263643995003e-05,0.00556294293808565,0.00551161275121819,0.00262144097927745,0.797912913233738,0.00625959913879291,0.00306052454777438,0.0108327319487517,0.0167114745603495,0.00462540304289878,0.0126353417764743,0.00344360705299089,0.00355717377653916,0.00204022414045732,0.000377249291452868,0.00144503564703286,0.000619910842869415,0.00481065997782962,0.000998917599514887
0.00342079262546883,0.00220586144948533,0.00183312032977334,0.00393011109707225,0.00751258073058111,0.0142309581238071,0.0197454628271104,0.0161706052194785,0.0179531119681455,0.000778667858756352,0.0180624995013267,0.0617447472471198,0.000914035957083719,8.36069077851556e-05,0.000473758039379565,0.00457903782938494,0.00106704724196686,0.00203658989180187,0.727194616293255,0.0145205551533528,0.0018500906562579,0.00211730854448867,0.0314773386098487,0.00717036111204284,0.00210346420208831,0.00558028944053985,0.00186081580028198,0.00026415771517449,0.0103410446996324,0.00474514943124494,0.0138347590440337,0.00019745445223061
0.000913898702224239,0.00642424991738099,0.000626022119604841,0.00551933664687265,0.00643350585451434,0.0226414724911537,0.0248096729492742,0.000839740115179378,0.00150947046158703,0.00172336871865284,0.000415119207988392,0.00070758523736334,0.000348279744824069,0.00269211569452022,4.5606505262631e-05,0.0119536394969531,0.000468009033460786,0.00412561650562161,0.00541368929808969,0.798747076766289,0.00435921187455009,0.00393046156684901,0.0144843000214789,0.00481178323956616,0.00175007776785407,0.0271301490874404,0.00616937337406027,0.000937225437303229,0.00913067100101547,0.00646122004029797,0.0231867052086543,0.00129134591411258
0.00204437459252368,0.0072974099796028,0.00131267657618005,0.00306640370077652,0.000709244441074664,0.00794945095659825,0.0159924930304653,0.00204914888202517,0.000683716686884266,0.000778792845032702,8.6642700040098e-05,0.00878713182326618,0.00319534492864912,0.000474928982308166,0.00282447394262645,0.0176083428724357,0.0036520041816423,0.00542666819697788,0.000750819094554113,0.0121884682849942,0.756041480691212,0.0203250087534394,0.046178946431219,0.0251209046306565,0.0048140838343855,0.0164368024413647,0.00995153843489746,0.000274268991482963,0.00892619083462036,0.00263665739165203,0.00928073942317202,0.00313484144324008
0.0120152935672788,0.00498892498160337,0.008533234268025,0.000315459659670248,0.00376512505943881,0.00691925585425676,0.0299079254045257,0.00298600912252961,0.126190675838307,0.000422152563305839,0.0155688219940731,0.0380500451631004,0.000466470587046698,0.00135544891051452,4.03185107091175e-05,0.0597504245830534,0.00734789195696505,0.00414568994829579,0.0216868839733814,0.0177165647917344,0.0144439848345068,0.58536145115126,0.0068775616985197,0.010469619919006,0.00228740187923522,0.00498771876209799,0.00116087637331175,0.00283447026312161,0.00494549643558081,6.48856530714419e-05,0.00420683182972185,0.000187084462751656
0.00562495626172464,0.00691264782345705,0.00660981997413274,0.0110811273618212,0.00698447919681324,0.0185883986392143,0.0634448297099771,0.0135658379913539,0.00965216005687815,0.00404142553380561,0.000150249845611013,0.00257208445815919,0.000847026585741678,2.24589467692743e-05,0.00183488030620421,0.0346169140440207,0.00104130209531527,0.00209091034173454,0.0141194424338372,0.0318985766588709,0.00218289188803179,0.0146635860800672,0.641263497620806,0.0305246699772016,0.0105041369428391,0.019244237696233,0.0148794606130683,0.00368010496448741,0.00994080282596316,0.000368487965097907,0.0169574275033654,9.11676573970559e-05
0.00245956534617575,0.00159407640947479,0.0020639597679665,0.0028682381685244,0.00942256924599731,0.0078679501645369,0.0337946076376894,0.0019967834427849,0.00836168982239328,0.00017391055593053,0.00447947121165674,0.02131155913072,0.00179804144300806,0.000903887496379663,0.000428996856911271,0.00712801119947073,0.00100700724401785,0.00536815464550855,0.0122821453231582,0.0196172803901323,0.0195860563111136,0.0133890516331778,0.0124748530675074,0.701741529626845,0.008589299980433,0.0624962749366921,0.00420453539867011,0.000300597687459993,0.0182753415206252,0.000831536089910064,0.0126194612544677,0.000563556990660601
0.00502737004811007,0.0106332550568138,0.000151275576963696,0.0202870749772089,0.0117275995011812,0.038429291410691,0.0969723058160901,0.00424681036896362,0.0139325728164615,0.00781110829162261,0.000737158247270936,0.00634618414121794,0.000147222614113772,0.00042783910901566,5.79149890714126e-05,0.00106266693247116,0.00104161956177211,0.0178471941709583,0.00622580826877607,0.0108004175451927,0.00659884883273615,0.00625732131700177,0.0105062087597035,0.0139097842341132,0.699251351807891,0.00285379074413085,0.00214622823613272,0.000698392365554937,0.000123523211139604,0.001193096877186,0.000928752277664896,0.00162001189277858
0.000534901355701945,3.93670538243718e-05,0.000684974561552811,0.00300069651652766,0.00234739291139317,9.39682788481203e-05,0.00348617848398031,0.0106652003402765,0.0308340855399628,0.0043340306262795,0.00382437354166492,0.0187345111338611,0.00256339479943318,0.000978061676701639,0.00063130575641351,0.0545219649275405,0.00160002379980074,0.00442533230780208,0.0314326341128206,0.0190322309760886,0.000649504735014191,0.00412089241577637,0.0145504285027094,0.0234340158841085,0.00403924234335721,0.666627867834484,0.00711496785260501,0.00317613699836564,0.0660458526766162,0.000400413480643788,0.014777350887917,0.00129869768792899
0.000368397672623483,0.000963893785250615,0.00298250218373339,0.00160991317697627,0.0262341880085582,0.00160710338606986,0.00531113367502961,0.00899446074316498,0.0366360788281614,0.00418273386758018,0.0248055955520921,0.100058232535778,0.00281937861781922,6.29149456073914e-05,0.00193974944611446,0.00339415218901947,0.00124290674321985,0.00519785256135589,0.00270910840778521,0.000362953598896893,0.0273283959298039,0.00156506889571801,0.030402004573528,0.00751051056154221,0.00401720433644958,0.00209176970434937,0.64321993757967,0.0048012737525421,0.0213508636517745,0.00357469462886324,0.0132425939498056,0.00941243251111677
0.010757925812961,0.00222538027697809,0.000785084152022736,0.00102442055033509,0.0136205359687385,0.00979910151412183,0.00387691140461053,0.00483056883070586,0.00197961866694825,0.0105329723989426,0.0131868710250608,0.0276296071641164,0.00217493638894575,0.000515458211355178,0.00706694839626308,0.0256215754018934,0.00521683527935556,0.00325050470473559,0.00135048702282239,0.00554067052890908,0.000389150783051204,0.00871094368617186,0.0026060572597713,0.000412677355013482,0.0153452945045822,0.0251327230480823,0.00196484112328676,0.782655541398086,0.00618739598931837,0.00134806698687081,0.00270963470918977,0.00155125945675446
0.00701180037466454,0.00353877889731464,0.0032665052650256,0.00456726041686181,0.00778083106280347,0.0228446951990416,0.096449060501968,0.00313451214647627,0.00255014426600987,0.00329341182595002,0.00627466236277993,0.0164110481147934,0.000316637831354002,0.000790528633360853,0.000266867411537146,0.00939547181176398,0.000284327508729556,4.09748678177702e-05,0.00131455517410328,0.0023200717554355,0.00374482786152108,0.00597146012286928,0.0184937240634072,0.022602392184349,0.00982831503830168,0.012806706095661,0.00640011974099993,0.00704824405977864,0.706311971782613,0.00160624941548758,0.0129254435772474,0.000408400629972606
0.000822219946482077,0.00641328026252824,0.00396623603310934,0.00524473375186421,0.000583146942027296,0.000311924354754007,0.0048088452695875,0.00101033196034578,0.00678176664120805,0.00333935432083678,0.00683368911814137,0.00672703349519189,0.000894662205606204,0.000113573918880325,0.00392636601995724,0.0106305426489081,0.00542248959441512,0.000987455718704802,0.000117469546360904,0.030227030233908,0.000153117871023942,0.00543834133896212,0.0233798517813301,0.00503845738587539,0.000986472703806113,0.000892199273790876,0.0142852801743695,0.00732485685448726,0.00171736764735445,0.816341550405022,0.0157801276614366,0.00950022491972429
0.00242464549460672,0.00258953116214409,0.000573060457750786,0.00346306817945107,7.12467093426814e-06,0.0372159408510891,0.0866736427047163,0.00715689798739197,0.00541415344668215,0.000131004842719968,0.0172603884213335,0.03351169767069,0.00262171839713764,0.000401103855442986,0.00258303516350918,0.00398350463043345,4.42019670765294e-05,0.00113539808321967,0.00542488539113548,0.00825368491861755,0.00341216194443566,0.0107408555710419,0.0090762283300046,0.0110946936669881,0.0162751895872249,0.0587279345111766,0.00530101282945845,0.0286520026539371,0.00276994319399035,0.000468125497543138,0.631012444155587,0.00160071976252949
0.0088697016742466,0.00650501338278982,0.00261633676413447,0.0197362137340797,0.0294125349847096,0.0158879100655021,0.00110060142540255,0.000486321824101715,0.00499812726024633,0.0225830696253252,0.0127143128610567,0.00192278553297616,0.000179585541523421,0.000258630471101736,0.000709624791842561,0.0126751452465454,0.00153252831825583,0.013605408080451,0.00342696332951253,0.0111270849221051,0.00634462741411332,0.00564702832408319,0.0119754936221669,0.00959427946447503,0.0287872879170682,0.00448345702022809,0.0120151203329146,0.00070162327740729,0.00368718050862984,0.0034091831570581,0.001832839609714,0.741173979516233
