0.523589401437913,0.00842820995791426,0.0080315829235196,0.0445496428853633,0.00170080513290187,0.041585195125244,0.0438876102770963,0.0321698464482203,0.0514041585757637,0.00491532577441765,0.00209035454622857,0.0016969474276426,0.000160968554845822,0.000459861378463377,0.00342314335413137,0.0527856083610879,0.0247992282978412,0.0156167261988452,0.00144702647122076,0.00195443325893137,0.0458636365883679,0.011652656891731,0.00278147943989107,0.00911839566432162,0.0028622447948581,0.0475874372023185,0.00549190059389902,0.000649756507408543,0.000567189754528722,0.000427284792273616,0.00302409432677901,0.0052778470560302
0.0172382128711956,0.443335911557058,0.00808748536372122,0.0143944514853372,0.00052092965020484,0.0232248056730229,0.124203483309854,0.0197860595089658,0.0982884978444014,0.00652289336305707,0.00707113050831244,0.0100504771038622,0.000402671581734692,0.000162953819344283,0.00147424625638081,0.044258860448913,0.0199391923313991,0.0253155269105565,0.00333764459697395,0.00104860346620832,0.0119553561743798,0.0114056593554838,0.0132912624725048,0.0094359207358284,0.0621466640946912,0.013977355466146,0.00319490578417794,0.000991848519462295,0.00339782482447291,1.18238712201863e-05,0.000502191497007064,0.00102514955412268
0.0225640606751732,0.0114583427130588,0.673057412476754,0.0173537266667507,0.00429714288311566,0.0483915227287858,0.0917488446039539,0.00952788728589255,0.000801103601904127,0.00522727623285485,0.00201441916145409,0.00170735526996545,0.0148075352032571,3.19752495088061e-05,0.00177296197152548,0.0174510255523651,0.0104788906224203,0.0107384400790652,0.000770630767918817,0.000146014245806806,0.00125483397327343,0.0061073474136208,0.00936511243389507,0.00622066127537543,0.00121859414859768,0.00842892547425153,0.00296070938451909,0.00382484964065078,0.0065089977815137,0.00175622081669319,0.00462883571314459,0.00337834395293361
0.00239230971914608,0.000937230175298108,0.00287909425993766,0.472915745045413,0.0324409923639306,0.00144753357566211,0.0380946047725296,0.0566828954940223,0.0136061460307151,0.0168868654594404,0.00229510953191471,0.122305579951096,0.00659736600465422,0.00942941461821456,0.00578747039832572,0.0699432194566165,0.00540727776160048,0.00143243717197585,0.00335752545777114,0.00155887078613221,0.00171258682429995,0.00502226403309223,0.00939800535528531,0.0028268565698487,0.0189501260382566,0.00528072041255574,0.0134346457041422,0.039384115320657,0.0124556667701141,0.000673802225079948,0.00704161392671952,0.0174219087855519
0.000234099708635715,0.00813633717756835,0.00496347297927889,5.38930646014486e-05,0.738358929799026,0.0166589744395972,0.015843880603669,0.00720040943226685,0.0411526946432995,0.00860260320878414,0.00054607912736698,0.0132187262309318,0.0159375465175702,7.76633854855035e-05,0.00307139511241698,0.0414326179523641,0.00563552417003516,0.00241035581153012,0.00128660990113379,0.000470627450970063,0.00245446098477757,0.00166779494635391,0.00569421287286198,0.0182272841514544,0.00549806560819531,0.0218168744164145,0.0044094918150194,0.00312511866334657,0.00677485539572964,2.17911525772032e-05,0.000564773330098928,0.00445283594663825
0.000553209535364385,0.00239901710846859,0.00411312791575375,0.0506630283950945,0.010647349562703,0.415572112936989,0.000628773937683293,0.0227496063698892,0.167796300730138,0.0345034026632798,0.0134062204618979,0.0117516779160095,0.0161283527322524,0.000311791989783865,0.000909519315960221,0.149302728287812,0.00488361818999351,0.0102255882110972,0.00597442318949882,0.000227684513465617,0.000338809571687257,0.00010644089959809,5.99552901415136e-05,0.0122759558603159,0.00588498260403103,0.0273509229859766,0.00604741407704716,0.00963971431100166,0.0067821253347695,0.0023925112840481,0.000604165896389069,0.00576946792186018
0.00726496357618765,0.0175691032473029,0.00041809780178486,0.0383324121613073,0.0246736071709338,0.0140772747979916,0.618332688904379,0.00935865303218712,0.0881915949919046,0.0390305683996526,0.0100458073994151,0.00652031552875493,0.0124080043964674,0.00134101908351925,0.00101799828093472,0.0467330466060759,0.0178342914321464,0.00135916276262802,0.00134060822965505,0.00196625355313367,0.00421239242380204,0.00184633200757196,0.0057063987962192,0.00555624237074475,0.00242961144917078,0.00551928716713631,0.00135582379232468,0.00987488907466087,0.00135908292027879,0.000594470055643605,0.000922698336402724,0.00280730024968235
0.0136706389928927,0.00844872609312476,0.0097153058807747,0.0402494993089753,0.0501434472842173,0.00805317636820712,0.0204923253513955,0.609222522832362,0.0140819896089314,0.0482784222044837,0.00153927565004164,0.0343672092245807,0.00367575481981615,0.00693451083887153,0.00361866464013016,0.00667502838926509,0.00293338756839289,0.00480406559164045,0.0099769933671646,0.00253584278777356,0.00503163840746951,0.00552919506281281,0.00765588426746115,0.00514723966520581,0.0110133812596265,0.0115795078725799,0.0210675496400401,0.010416826499198,0.0103393061646266,0.000926519509464524,0.00404250486828242,0.00783365998019213
0.0141580825563392,0.039166864014896,0.00692365260262491,0.02231249155484,0.0127216771073898,0.089385263219642,0.183567239981187,0.0120073456472651,0.44184563182811,0.0146625953243197,0.00191198408987895,8.94653481255067e-05,0.00156976591181831,0.000566482341152759,0.000250062716210941,0.0774128455590715,0.0140616748027993,0.0110406848170984,0.00341652107900705,0.00185084693001879,0.00683577887024813,0.00553178458690713,0.00521683672605817,0.00131719247515173,0.00514745408339476,0.0141158745748164,0.00688682041663978,0.00253800546927661,0.000594325900690335,0.00010923953132442,0.00158815204675988,0.0011973578869375
0.00139463661344106,0.000225943414077856,0.00114640614826,0.0101790154638049,0.0155933850960603,0.0183142418439442,0.0160323791040027,0.00261231706701073,0.0091009057767702,0.457680134914228,0.0314754385186813,0.22429977143312,0.000225176179203155,0.00610446211065894,0.0096581976679593,0.0463807579513572,0.00107441743519582,0.00248944848610921,0.00112412483482118,0.0122244962955041,0.00122182918423014,0.00283132220768154,0.0205809540547833,0.00537672374596825,0.0125482455199844,0.0074266050838168,0.00527520604895318,0.00164071112386684,0.0590513205795875,0.000332894151688677,0.0102328399920973,0.00614569195313186
0.000480440943935478,0.00211078732019114,0.0115005725182383,0.0202068980058049,0.00460450139115118,0.0425283878721757,0.0149191699199005,0.0372676476351557,0.0188233053876868,0.017595980962001,0.327370255231097,0.0904220874338762,0.00253291150591746,0.0028697674843634,0.00622567393148373,0.102078301913064,0.00148769635231552,0.000620894210599245,0.00468291403777813,0.0296401506377654,0.0185616113054235,0.00147682053061648,0.00138084007879492,0.0393638768427549,0.0363489615314378,0.0389840002870541,0.0114456185205931,0.00835648681533424,0.0984735673297103,0.0016552375671084,0.00411314673195767,0.0018714877647141
0.000789732150090361,0.00174746369014478,0.00651960988465182,0.00879355730201218,0.00723825355577697,0.0026117204070775,0.0082425412918015,0.00613092925598182,0.00330829940442898,0.0149241982974835,0.00661734889758523,0.796963554573099,0.00553527225292117,0.00307477100198315,3.36800190189166e-05,0.00382883838229761,0.00161067458760853,0.000375712247801764,0.000896481300832122,0.00094732885078333,0.00587502289295629,0.000734066458791674,0.000953504009086596,0.00244674959922186,0.00372494858381442,0.00096369004577473,0.0072800436126119,0.0015122705380236,0.0918920213256759,0.000324038098198018,0.00314407336477848,0.000959604117685829
0.00770996331345715,0.0091890817045773,0.00785432287007399,0.010264592370402,0.104806324536466,0.00301722649422491,0.0573561766433977,0.0228925492538717,0.0348159067348636,0.0191222470671946,0.00090862074470577,0.0420847673354384,0.415382279387237,0.00156469496293361,0.0296062151184306,0.0130011584518196,0.00098769491184427,0.00176963496503289,0.0059500459560793,0.0399141795332345,0.020474295946961,0.000934573924427273,0.00843735220895649,0.0305717008605964,0.00385310707479415,0.0100955604300455,0.00583452535203627,0.023103343146265,0.0645502346014743,0.000362249285343752,0.00299732873777709,0.000588046076037683
0.000548197138526264,0.00325117104332563,0.00280601634008185,0.0192238414237234,0.0244667523644051,0.00216229902437876,0.00614965709047652,0.00201690475166745,0.000289777934280245,0.00627845545970218,0.00350869476483021,0.0516504082823154,0.0122611366864815,0.750233228093235,0.0362462843358863,0.0123481076661008,0.00765186809181784,0.00087700192668283,0.00142701462497399,0.0202024475479937,0.000123537339725293,0.002390951256289,0.000321629472975903,0.00538110798012541,0.0029741029234603,0.00459546083876491,0.00137154772101493,0.00029468238576812,0.0153864109983084,0.00153608549469143,0.000998106144576667,0.00102711285341496
0.00360255516734941,0.0075632427566291,0.00899025767420482,0.00975842012398595,0.00607411548285551,0.00122061808802941,0.0105926702295381,0.0165031421340413,0.00967421435534114,0.0067607253352502,0.0140690615005682,0.0883764021661848,0.0255356134274358,0.00511705669674955,0.656738990482282,0.00883315382970478,0.00280028468293996,0.00449920781506043,0.00117390361470756,0.00093980725011882,0.00870264001151735,0.000779400714598611,0.0011088359994631,0.00547442858239248,0.023498118141522,0.0118545104167833,0.00266800109493294,0.0337810016139495,0.0128405050922918,0.00557436072594142,0.00072479756101169,0.00416995723261949
0.0219533193358953,0.0552020444262006,0.0119967146897467,0.00531332793469943,0.0207227162793809,0.0918072851696765,0.390809451548296,0.00405287486094981,0.114097987350537,0.00631583250072115,0.000860190362843731,0.00144096648298566,7.2598731901403e-05,0.00101464065076001,0.00062010200463313,0.147918176507463,0.0228370439176269,0.00936100456580656,0.00321598963277534,0.00678223104934338,0.00616335089965829,0.00107850934399293,0.00734286495089381,0.00159827600244771,0.0479510519063058,0.00828899470063433,0.00593562845538079,0.00102083804726142,0.00150295165648113,0.00029501381837613,0.00132718753041634,0.00110083468590815
0.0388190251190481,0.00356567822119836,0.00865872506420086,0.0660057566426055,0.0029208257135065,0.00762375289334103,0.0085279456260616,0.0210149420506199,0.0232632145765269,0.00989603875967169,0.00273736880208982,0.0147838108946768,0.000428259209144128,0.000216112861579417,0.00233881649778588,0.0549406715091992,0.609622366553964,0.0230566948867938,0.00134412821127746,0.00610043204355944,0.0258929919244192,0.0231752141210984,0.0040681717773835,0.00181269578252134,0.00275995636399269,0.0097832993619765,0.00151715213880393,0.00158527133148533,0.0185535833525155,0.000130769607008743,0.000429172340479892,0.00442715576146466
0.00685769092620103,0.0032088784495656,0.000236479701049228,0.0200387096353124,0.00890174802599514,0.000460858083068935,0.0212191661192053,0.0163857553050158,0.0790713468367068,0.00884461774921179,0.00323152651358323,0.00232966444383768,0.000753981807396702,0.000375572344683207,0.00110458893552135,0.116134742394436,0.00670923220580952,0.592020551747368,0.00292343111627543,0.011528120306024,0.0119187233326279,0.0342646261999669,0.00451685179146005,0.0265436829536706,0.0019319225181327,0.00632015082639659,0.000589590373951645,0.0098442002198726,0.000939859609872294,0.00014840649972417,0.000537603133687296,0.000107719894370031
0.0238370352607824,0.00943974098412662,0.0093828105812255,0.024433166485047,0.00521799695191398,0.00345546949916177,0.00404491564510591,0.0196668085703252,0.00402315696658277,0.0174335528725649,0.00143665589067148,0.00830588109540517,0.0042684565071901,0.00496293073529159,0.0041848300799455,0.0110468969340859,0.000150581404434833,0.000236920315734436,0.777019562906731,0.0102689799594252,0.00491893000954675,0.000936175277442206,4.74538549798211e-05,0.00983244001793317,0.00797813882368247,0.00412213119012522,0.00312146216761244,0.00045062362053982,0.000324707654557715,0.0135536608719815,0.00789786851783869,0.00400005834800921
0.00292516850352434,0.000449803912819956,0.00239377997811884,0.00821463732514464,0.00868693036703109,0.00227016382760077,0.00923008457226106,0.00623236690660617,0.00439279899200483,0.008693181165855,0.00182320058850109,0.0144526009407587,0.00123966390815984,0.00171376187817902,0.000176245737691672,0.0195641733204359,0.000961038806247366,0.00705887101717935,0.0062890977275369,0.708472665127472,0.0244731233017337,0.00586073037205932,0.0229814214536556,0.0602610898346595,0.00256104656501053,0.0209720266450031,0.0223187957528022,0.000412877606604751,0.00871559408135457,0.0045655802840793,0.00971536352242038,0.00192211597748875
0.0032505475280756,0.00866265305557951,0.000325804769102039,0.000505285639728097,0.0109165004540971,0.0189616586283603,0.0531788644484695,0.00152853176055808,0.0180745979766142,0.000635772180108572,0.00209007720442368,0.0144675259571265,0.00131087667467592,0.00258308597706803,0.00140506488392467,0.0612479875538058,0.00213756755945299,0.0330669165265534,0.00371193124318768,0.0252503428384116,0.653795571075208,0.000163347094260643,0.0251708482218211,0.0248073860961628,0.00146968258778317,0.00437744624650188,0.00316643819337439,0.00188617571679911,0.0198388837148351,9.10484102238828e-06,0.000431463163735278,0.00157206018917254
0.0123275802814478,0.0229002824791557,0.000831928794155908,0.0209171105393405,0.0107888380766339,0.0112675678932556,0.0115789807387394,0.0155955108246042,0.0680770356652947,0.00758552761930235,0.0136934148934557,0.072838876402118,0.00480842225669732,0.00391689742363069,0.00232109272166491,0.0158191465474153,0.034931826152902,0.0114090901393095,0.0280703473313533,0.00644371216208915,0.00531672927357065,0.531719886725735,0.0202797617526915,0.00654546251126359,0.0120293898299525,0.00785760723207139,0.000746261906533182,9.77014836070269e-06,0.0198935883217925,0.000950369061144088,0.0108335756678069,0.00769440862651219
0.00435491650371208,0.0151357736450891,0.000681993876843201,0.0156372883815815,0.000932366262430313,0.019152931973191,0.020912483223429,0.00870492732860242,0.00902004363742872,0.00580013270550715,0.00321749304376957,0.0225886620609902,0.00124906005000574,0.00139875344664754,0.000951252954651918,0.0186030194058874,0.0189006885789875,0.0125057920404297,0.00918993274748102,0.00769361490839712,0.00822197024828133,0.00245770685966001,0.730564002784929,0.0113209628749249,0.00329899088490147,0.00745741399906108,0.00566101457012015,0.000206360255646248,0.0201096164911281,0.00150767057711133,0.0121176735827097,0.000445490096464744
0.00441596184107972,0.00160815155409891,5.50924109902509e-05,0.00188889181372721,0.0532700714561823,0.0288334316551811,0.122082292409381,0.00444773672687266,0.00655661336580307,6.1033015283873e-05,0.00497156917274108,0.0297070139028045,0.00147285989170476,0.00103650778307494,0.00041961394682635,0.0878256093044913,0.00087866376736054,0.0419664065261448,0.00143750117340665,0.0137899074645207,0.0740614807345977,0.00055672234864968,0.0097740229250929,0.413738196450128,0.0328050472938029,0.0163149402000688,0.00528872788397729,0.00134886212492237,0.0305192413134446,0.000253141894332651,0.00729395919761432,0.00132072845169252
0.00183294438794295,0.0185183329790659,0.00259005879060451,0.00909609460113173,0.0175081814915081,0.02117506113029,0.198654138917335,0.0027866149395229,0.0724435128324672,0.00541025751354581,0.0137865695805084,0.00810001522703073,0.000271369133901618,8.98442575633063e-05,0.000896305375089386,0.0294340939385959,0.00784402828476551,0.00387456682088314,0.000379678987158086,0.0183276419574134,0.0206698592131358,0.0106455787571918,0.0138604434027246,0.0163449809322731,0.485862289668948,0.00358278659390339,0.000296616458881889,0.00403805334577438,0.00276864316480233,0.00246261030926618,0.00370818330338657,0.00274064370338812
0.00702318417497258,0.00466679557080318,0.000340148612732132,0.0129365042999995,0.0358170755632822,0.0271112724230003,0.15456306935199,0.00963989397881746,0.00459902676747171,0.0105366967460602,0.00696083519466606,0.00755678987470047,0.00133612339105831,0.000350310267750161,0.000785718114917083,0.0420494448619846,0.00151463422700756,0.0120809994659432,0.00286586570709553,0.00710641741011423,0.0241691800487714,0.00291080096493194,0.00187089729480557,0.000268523207667029,0.0189516238611215,0.550462339269159,0.00505908843148743,0.00252482157259929,0.0279604752222722,0.0005406893002077,0.00904626767841503,0.00639448714419528
0.000347893731473187,0.000458123997813052,0.0104297918983243,0.00121611779160347,0.00928198289427106,0.00417364567521997,0.0283885746637242,0.0131688191109092,0.000315165765688879,0.000821749561785898,0.0174872229272906,0.154310996389065,0.00161426053387486,0.00168948038985608,0.000207989262315974,0.00675712582227799,0.000655357816136675,0.0110164513518594,0.00800674900909204,0.0269885657901074,0.0180211970093868,0.00492667580079204,0.0173087509774616,0.00750456357296464,0.032949788986413,0.00223603867207132,0.569662591691241,0.00424547050375914,0.010026676267689,0.0124518206948942,0.0193062336883846,0.00402412775225359
0.00349660117093404,0.0029743994009405,0.0111475312643635,0.00403039581303758,0.000911374901056721,0.0080160947537949,0.0036422259465168,0.000545843917331594,0.000663220108310394,0.0171776141647328,0.0011933574582643,0.265854028300592,0.0129825174755265,0.00599829688052138,0.0188463942497979,0.016363295015828,0.00263417660854321,0.000212913209749328,0.0048972728195025,0.00815756026380732,0.00406381435260684,0.00183833386682785,0.00242644101071498,0.00643828387893512,0.00410730668762029,0.00526887512898939,0.00758985481575564,0.399524125245487,0.171043021741095,0.00411385266321031,0.00380964627803227,3.13306075744786e-05
0.00633430673111798,0.00111444365530376,0.00019371052590919,0.0145239489900231,7.98199959444576e-05,0.0264569541143175,0.067409861158724,0.00240859113821377,0.0377471322697343,0.0105021222746482,0.000761686311920195,0.00332061754874344,0.00526677863279372,0.00173673081572553,0.0029349833038923,0.00163279767014168,0.00244773899713145,0.00195490527819318,0.00513767448766948,0.00447836960928773,0.00481308074788167,0.00121797687872021,0.00119188631790628,0.0293409105646072,0.00288679032661901,0.00489974850575893,0.0233497035873826,0.0325660687825528,0.643728172488247,0.000277779210886079,0.0467515189755445,0.0125331901044593
0.000701906851124536,0.00141626790886957,0.0121149680065325,0.00716564094777668,0.00161113455502592,0.00245790718275558,0.00582267481887236,0.0035880085543861,0.0138445928702439,0.0140865695391621,0.010414456189981,0.00224831708687488,0.00395319006632447,0.00169093519655943,0.00137699781360711,0.0439272564586963,0.00455696307768052,0.00565410551227397,0.0063667510876725,0.000799019119256304,0.0137152752732555,0.00116808954762631,0.0043270531915191,0.0164614544161373,0.0425264131924398,0.0143873324390454,0.0133224163359062,0.000793135017998257,0.00965492388698512,0.688792944159764,0.04781450871699,0.00323879097865754
0.00243946469959761,0.0015274746603451,0.0011173177826674,0.00033147506303922,0.00906205125394012,0.0238823443148315,0.115877803789286,0.000769790284286327,0.0218854645137771,0.00258939834422946,0.000420352034540856,0.00385724485673583,0.00343852437017773,0.000691541962432216,0.00424996279103446,0.00564553322950716,0.0047833879388395,0.00110907640940894,0.00139225065862316,0.000537988752103871,0.0108856270281992,0.00475952515842054,0.000871110745556937,0.0359599620329322,0.00839377549481418,0.00650642687488981,0.00643464646688128,0.0193862202714397,0.00405307549857157,0.000353321411536677,0.691614162327791,0.00517369897956325
0.00446171959160502,0.0230184481891197,0.00576045942842438,0.00356817921179435,0.00427262665352454,0.030479960293253,0.0860205734647259,0.00045451901689301,0.00654949415776306,0.00103972083969815,0.00366008004125004,0.0117641861430881,0.00267988788229882,0.00012771830960922,0.00311253435979655,0.043060198841049,0.00714902376433714,0.0111147126159173,0.00286098839679406,0.0084724145792386,0.00598190053049047,0.0207241232464431,0.00763837374929935,0.0127764679897115,0.0071640561843632,0.00102123913373362,0.00490921408701416,0.000365943888569087,0.0145279133925843,0.0014641974275622,0.0121278312665011,0.651671293323548
