0.611333961413223,0.0322219627373673,0.0188460125090638,0.0113435251163536,0.0103911931366149,0.012583871599966,0.0272152905037017,0.00690811747804377,0.0189516434429329,9.14197030154422e-05,0.00230817907140157,0.0180988018882948,0.00372844462541452,0.000483277054048156,0.00500946351367,0.0325908964146318,0.00671842355488705,0.00896570558718175,0.0253624113725869,0.00279258112609906,0.0345907465501831,0.00415941300640543,0.0215560964852492,0.0153343388335583,0.014014839985255,0.00129678074609696,0.00272157811558544,0.0045831648387252,0.00267199594682184,0.0110802472551667,0.00617112806646998,0.0258744883219845
0.0105274027643281,0.636203185975078,0.00375716678296386,0.00927139325769105,0.00601068437089433,0.0156577619371235,0.0119829217182759,0.0162851955931312,0.0305835794770011,0.0106487316007305,0.0141140246291078,0.0434523742341209,0.0131495985193297,0.00298048635926539,0.0051655409972764,0.00737079739487367,0.000557803698637811,0.00735483334603971,0.00910623543608529,0.00373562516381363,0.0308877859830828,0.00690753753826083,0.0169973219633303,0.0142790542870677,0.000124252804132855,0.00130347841426531,0.00703533562975007,0.0177765154081467,0.0084753031605647,0.00427039182902501,0.00321015703697389,0.0308175226896325
0.00602180877442045,0.00154108499197259,0.602160900918378,0.0858146203297638,0.0559149201751216,0.0136936278322144,0.0367879578569946,0.0762181231689345,0.0044293885328588,0.00080201384893732,0.00044056838104956,0.000707561180031111,0.000758269074486909,0.00128096448954417,0.000124881605785075,0.00531357107558777,0.00265214155391776,0.00290276443250304,0.00117888688802666,0.00582818476546428,0.0120101168918228,0.00609112994562631,0.0282253228356344,0.024096747924378,0.00310652724168456,0.00894851681533867,0.00194736707744591,0.00444619919602586,0.000608577786337811,0.00225868292646528,0.00122854272104966,0.00246002876219887
0.00298914838937146,0.0104599468794441,0.0045864080935267,0.463022993407573,0.0155039877034446,0.0213137548070557,0.076467268759608,0.0205126952685396,0.00171441431873962,0.226452540649485,0.0751342915475488,0.00761398555017559,0.0106785832953498,0.00197905395872167,0.00976147175475165,0.0062151925953427,0.00306237381340972,0.007948253011748,0.00119582114380599,0.0013381850715326,0.00161005327003539,0.00347250649310634,0.00015580115494903,0.000368405351210385,0.00951664422346884,0.00586242062789752,0.00302304372007956,0.000433504507778614,0.000110293460075869,0.00383062536656887,0.00190570250338479,0.0017606293022707
0.002857100928646,0.00509246992482546,0.011032182666126,0.05646131785976,0.548639572582989,0.0162966407647117,0.00168504324541851,0.0358080452520818,0.0017073576527138,0.0898738418141173,0.0559924807803751,0.00197009590965898,0.0132583097796385,0.00228191510516387,0.0277804929901076,0.0295748670640258,0.000800329059616733,0.000391364407652942,0.00339143083923993,0.00692026428261964,0.00822801360790492,0.00572670741000508,0.0118981167543413,0.00546837369619998,0.000742393425192182,0.00677490241441672,0.000536139575778972,0.00777422611871222,0.000763001957662558,0.00272637013009353,0.0118101062618024,0.0257365257384017
0.00141411496749673,0.00531358658393559,0.00661151855648445,0.0363431641825081,0.00356789289106813,0.674844973041613,0.0182484950342191,0.0336575742316913,0.0111426688758523,0.0271104063046738,0.027074131353121,0.0116175096796255,0.00459135154338481,0.00296243548768382,0.00716982550519262,0.0191048360051989,0.00358063618227072,0.00358783817768703,0.00135381858139484,0.00385212609791285,0.0116505267431304,0.0145574728900008,0.0340283182124567,0.00377271163217416,0.0141602558408749,0.00301222879360068,0.00110185555870824,0.0058188365360779,0.00370991598558883,0.000327837216811878,0.0011232908589442,0.00358784644861708
0.00282936755698839,0.00221834487242344,0.00355476379962445,0.0273912875662776,0.0126498043529362,0.00138483868843454,0.648530326355027,0.0369128410038264,0.0176183139092025,0.0713216763442605,0.0569730311142948,0.00835886293237203,0.0103895839339993,0.00372332933464387,0.00759844320452382,0.00388476494491675,0.00208659733589096,0.0057476327804845,0.00543513163444834,0.0049639075406767,0.00479925308599389,0.00721591969410754,0.00802634711195747,0.0029558676868125,5.94425861806975e-05,0.00407560317273408,0.000244737509566976,0.00313085343272542,0.0031128006932525,0.00402880700649875,0.0262603507201347,0.00251716809478308
0.00199395490528388,0.0106707706428634,0.00726234303162346,0.029430547851727,0.149831475718035,0.00971971709630437,0.0932003800577603,0.5221653488122,0.00134598530547269,0.0297294538500003,0.00941451174112549,0.0113120177304759,0.0187628218224985,0.00306204549608357,0.00466285843024825,0.0093937924635521,0.00547098858168158,0.00512007558055412,0.000496566192241051,0.0120693771702118,0.00693329543031336,0.000101667140932416,0.00364895807136042,0.00622901937613715,0.0193218553101954,0.00707487394867604,0.000571279040340493,0.00459303785998452,0.000117361761546713,0.00346577990806323,0.00329010763783357,0.00953773203467389
0.00857104858298447,0.00081309170035911,0.000889025321231192,0.0196900442540407,0.0251967868061398,0.000933951892221855,0.0169012594492603,0.00886522375541079,0.725696785500479,0.014252735500024,0.0203291321643217,0.00745115554915859,0.0091251563895867,0.00134607583023022,0.00150218421058528,0.0143578555590389,0.0153237490700331,0.0107611665832242,0.00223235288467003,0.00743612320145336,0.012934830496314,0.00460179846383428,0.00408897285590145,0.00242666808180317,0.0125023485468715,0.0037443865740503,0.000541337183145104,0.00127108945588054,0.0106145189068641,0.00146345257778138,0.0156904930133301,0.0184451996397703
0.0042141018120821,0.00599254308599066,0.000657808498827797,0.00935684316921041,0.00557931761753218,0.00792317024755485,0.0285112398837221,0.0402498075392421,0.00260378830765459,0.718730266060197,0.126807739562203,0.00381213055408634,0.00496358062213942,0.00104513352480706,0.0131286768342719,0.00210885683534748,0.00202893820534376,0.00322028788803936,7.60576652615347e-05,0.00118313974630159,0.00112082862790591,0.00220003256143754,0.000445545283985877,0.000104205221892303,0.000885122581796982,0.00289377675758191,0.0045281743622703,0.000305371007179428,0.00096201259605423,0.00211469134345008,0.00193781862982708,0.000308993366803273
0.00644083730484589,0.0070372620066276,0.00026556501934138,0.0203669667471651,0.0256717849165135,0.00904815692105645,0.0187563074144807,0.070736048553751,0.00311474206610245,0.399765787912494,0.353569708950774,0.0116700458629688,0.00870667631836316,0.0029053887473246,0.0202379280275085,0.00239814675090569,0.00428523184032616,0.00585101769267758,8.84810188632709e-05,0.00220677244974573,0.000308368137337816,0.0050713087425952,0.00267539914225349,0.000894005451661001,0.00113815466100739,0.002744902568701,0.00508954126794844,8.15986516717426e-05,0.0019816975372697,0.00287868427674251,0.00240357067373229,0.00160991236724382
0.00320366183532709,0.00354343910693824,0.00196028766332089,0.00737797275052107,0.0304963174389298,0.0261042008339963,0.0697439113952182,0.0218767118092718,0.00234732367148311,0.0126501082584887,0.00393571955065654,0.558323815356378,0.0664360287977088,0.0153825631850229,0.000976984878248208,0.00711598415866052,0.00656081868590634,0.00683875376559046,0.00380984243867731,0.0233197526858125,0.00493641524195289,0.00150352721607213,0.00139699280304999,0.000106807703030361,0.00111741972522423,0.0135908124904723,0.00130093959162886,0.0777420383043853,0.00679049903388975,0.00141262381385968,0.0177286860455933,0.000369039764684513
0.00239793749780413,0.00385608556949037,0.000774872101013845,0.0669140903799519,0.000315652126242875,0.00943663180227457,0.018217611695343,0.0429587705027741,0.00231309125459365,0.0773413563776674,0.0142623972150596,0.0290896527595875,0.557736702171077,0.00786887335908842,0.0287301265887918,0.00456992491331733,0.00247425536007201,0.00233383543255968,0.000236927267069318,0.0169539412181845,0.0576379660579475,0.00564348777858469,0.0244196422363021,0.00927584769111258,0.00187641305474827,0.002422034958219,0.00462990551929106,0.00377410716164763,4.73167139309726e-05,0.000505630596960445,0.000432753276007063,0.000552159363285617
0.00657682499006845,0.00354410594692556,0.0034539532667294,0.0410504853349789,0.0151047677942329,0.00779431011231502,0.0059463850887568,0.0596549690747484,0.00843956805155695,0.0430709344000051,0.0155898459916042,0.038178519621252,0.00268894847775786,0.576288871912828,0.00454546157418794,0.00717819706261953,0.00319822216022774,0.00113229026774838,0.00112359816506903,0.00765557697896108,0.0244745255222571,0.00122852983015875,0.0361453500953485,0.036195084501878,8.54088864090627e-05,0.00988627164975736,0.00368848408122709,0.0289693022405461,0.000804211315425383,0.00122769899065874,0.00071453275367775,0.00436476386008288
0.00187479650201914,0.00268323855265464,0.00040367545562843,0.106650709311528,0.0137832235122875,0.00407185704063936,0.00501564042321409,0.0757501119020562,0.00187600664708303,0.0256083401900567,0.00192510359565952,0.0324141185924817,0.0119389351730919,0.0034938485333713,0.566936701153125,0.00277512647311983,0.00351917807279516,0.00314475360927875,0.000475127283419159,0.012652089753487,0.037636938363818,0.00941436036742454,0.0268095502236744,0.015336618366583,0.00249730733597034,0.0109537852463942,0.0018699241251781,0.00288861601562899,0.00528568587585923,0.00225867391296011,0.00706202043907622,0.000993937950436843
0.00790250167727728,0.000832086263448974,0.00253631454082187,0.065461103336703,0.16046334331675,0.0181280076490787,0.156555783412719,0.0381032825231173,0.141413949633098,0.00434642531504748,0.0014646638738695,0.00355415294215845,0.00425995290970443,0.00204349906402353,0.000495738349543066,0.236236120234846,0.0149103997345774,0.0166999862863024,0.00062848608647261,0.00368791574162253,0.0171332893000778,0.0165308442126444,0.0461304730871246,0.00125971600931775,0.00738822412717723,0.000391712830050654,0.00175624753458301,0.00561042434364202,0.0038945581487315,0.00189936479020631,0.0117600340691021,0.00652139865616136
0.0258112745900267,0.00953510366701981,0.0145119004392349,0.0380449170885047,0.00209438628549039,0.00982173844994011,0.0159475748806453,0.0244257332456391,0.00455134908852673,0.00991186494917414,0.00925952640871294,0.0147458195164803,0.0142132544718834,0.000119170143403465,0.000415128358008158,0.0125098497796921,0.594795477815275,0.0618617060599201,0.0198153892525191,0.000834196761811996,0.0167915708330508,0.014914344022052,0.0393556140977625,0.0122747190938107,0.00253568273169678,0.000944693642667265,0.00107606263891647,0.00813866372602028,0.00133273677545211,0.00399233455472461,0.00393083195474379,0.0114873846771939
0.0030898856485615,0.013143823538587,0.00870049824000379,0.0261290690385739,0.00192415053967401,0.0119331251020407,0.0106042973948942,0.0240640270227522,0.000967862678402004,0.0130656477808354,0.00265664723455334,0.00368515824933266,0.00348045874594021,0.000769208145710763,0.00294114734529647,0.00758318972751989,0.0176448941333156,0.600246382350498,0.00501325379757944,0.0195757193212269,0.0463276039956082,0.0344138356574864,0.0461099154028513,0.0314152912124013,0.00889754055186693,0.00628052029761562,0.00140402191012741,0.000250851405129039,0.00743410289043971,0.000388800168008725,0.00355504269206703,0.0363040277811007
0.0103336272098483,0.0006590033325871,0.00373100523585176,0.0238113960587719,0.0292273649365035,0.0015276146595591,0.00886419742501372,0.0459408142324149,0.0124304571938521,0.0152789050681506,0.0030558613398037,0.00678010308729758,0.00255024724308491,0.00251358375002819,0.00205390268778616,0.00212721418395591,0.00158893339937238,0.00197635422992063,0.745774480415378,0.0171887633435384,0.00305968751801527,0.000652687610439592,0.00240038693585788,0.0235830833567464,0.00572438389773122,0.0102494098948258,0.00071874908043902,0.00659840170046704,0.000510527825762989,0.000455407588733407,0.00746490242201898,0.00116854313624327
0.00429893366122278,0.00109990761153466,0.000977189047231531,0.00927577354879262,0.0194485172149661,0.000920632346808699,0.0123947676746966,0.0141379932935943,0.00488495893388983,0.0409846668722116,0.0390019631090956,0.0139746589037032,0.0350704433253027,0.000912081456254905,0.0027023081394615,0.00941338851075608,0.0181422459043787,0.025106014214086,0.0107359599842462,0.617472039961195,0.00585237723113131,0.00160957357304933,0.00354387472143164,0.0154303335146644,0.00250491833701003,0.00918380744723899,0.031756961663583,0.0147080802243654,0.00361822005531812,0.000779132725968176,0.00779694260778676,0.0222613341850236
0.00057401709477282,0.000238920247260866,0.000689506452122511,0.0341175715258159,0.0376749551098422,0.00162331090173548,0.0154612654849961,0.0589488364321599,0.0238958433082759,0.00384274979608393,0.0237386311394376,0.00338986596900652,0.0230081350128125,0.00342033199514835,0.0194124920961148,0.0012719803852641,0.000592295488754566,0.0102690328111329,0.00399144602358553,0.0150821401402842,0.593779601242667,0.0103063420853663,0.0288441351619196,0.0152334670316885,0.00271402381283345,0.032745472556411,0.00807129650144001,0.0123549562683752,0.00420771654669503,0.00156853807078181,0.00196555933687853,0.00696556397033694
4.48662167206531e-05,0.00248312643481442,0.000967412992603806,0.00564938548028845,0.0141709816818766,0.0055097239451554,0.00262842240911115,0.0100621141613272,0.0337093757713988,0.00450956008303285,0.0051478143470822,0.00251268302983727,0.00138588508689181,0.000434289250972503,0.00833263669503406,0.0118367415288476,0.00302296133737977,0.0012612090359878,0.00164548326929161,0.0158703818634753,0.0386767576553173,0.669832389563128,0.0605902139379465,0.0418359238565648,0.00251773921870398,0.00909815458707936,0.000309351592985705,0.000282857549134807,0.0049040780035968,0.000577017198983528,0.00219918840607337,0.0379912738093569
0.00131566002881173,0.00274903070865459,0.000218812356949219,0.0615099974060925,0.0803926190226593,0.00643785925516257,0.0185600654132818,0.083205248740525,0.0451230381557462,0.00504262439424213,0.00946841121721402,0.00486961111949593,0.0129812599975885,0.00228402071507268,0.0271492951765234,0.0339737509150648,0.0101697961148723,0.00079336381543576,0.00244232429750353,0.029686551058789,0.130614142271385,0.105780405981546,0.141088987094416,0.0668847776532217,0.0027187831988764,0.0215777022223729,0.00119982042155969,0.00655383328670237,0.00640651271856167,0.00109058922849484,1.56923075871208e-05,0.0776954137055917
0.0018618627806756,0.000136931052462854,0.00136025162893955,0.0094101051936547,0.0353464923945464,0.00179669912915696,0.0136768289576291,0.0380227217759374,0.00470882443235643,0.0045208177347036,0.0359668294016609,0.0406645359971979,0.0444816173614261,0.00443167702005679,0.00566259423975718,0.00585046890863986,0.0181256293836846,0.0307046945004539,0.000755217429483463,0.0149590834727215,0.0274237711569372,0.0283844587601472,0.0150399866745111,0.495044498316346,0.000713169544022324,0.015209691117803,0.0227033336789291,0.0244462110003599,0.0105387570613999,0.00379881645778527,0.00524846549180126,0.0390049579448129
0.00799425263435452,0.00293452214014629,0.000135047457003049,0.0251051875994326,0.0316617674295331,0.0319975524841382,0.0771374483101221,0.0426796614783205,0.0101656765051901,0.0121871541278288,0.0139769644732336,0.0022976889298163,0.0126446193710724,0.000365944723832677,0.00667889531004173,0.0755668609770236,0.000431936842028353,0.00440281039565928,0.000777375792158475,0.0128787171927127,0.0308451831890373,0.043766736299239,0.0732654606456647,0.010726758912739,0.397603048971168,0.00364072721762398,0.00615508431373226,0.00225807288165419,0.00335354633365759,0.00166925556750543,0.0064920242985433,0.0482040171957873
0.00416143081638716,0.00150341458530554,0.00176155430556413,0.0680222464399113,0.0049665007395153,0.000551931240597697,0.00248400457980435,0.0567564693470875,0.0221829017268132,0.0253494565501923,0.000560626532721574,0.00644552696721122,0.00453144517260427,0.00249062777025635,0.0117269204341926,0.00231612341014709,0.00120415586526808,0.000526604042708341,0.00549372120863632,0.0597354209231397,0.0350614006774405,0.0145872699830689,0.0356642945757617,0.00755100519319606,0.00814306619976174,0.582657159337001,0.00114006026940427,0.0114841577222835,0.00119409240362551,0.00692218063615064,0.00932388462362227,0.00350034572061998
0.00224083721794843,0.00135502537447444,0.00236089139692151,0.0299061678576005,0.0253913049535497,0.00262160783589281,0.00696502251673209,0.0290328169772181,0.0254205680665527,0.0148757210060819,0.0020316660410179,0.0142375076215741,0.0104941952645131,0.00247560871933839,0.00731079555768269,0.000535379444673258,0.0017119933743867,0.00196297488504918,0.0199037874798665,0.0402321887201727,0.0147538983761758,0.00484646390417653,0.0404497779525769,0.0104662363820243,0.0106071927412757,0.0132320296159507,0.629851932375593,0.000693121972746776,0.0100165165464838,0.00345611538093982,0.0205182171863083,4.24372545016253e-05
0.00363359986709497,0.00290563668449021,0.00355388641075533,0.016481446104266,0.0399145138212394,0.0189625463258561,0.0484406461595324,0.000816403396758243,0.015934805089421,0.0593552432171726,0.0230998863677828,0.00996413217851566,0.0360743506839134,0.00616647585286998,0.0171583133673272,0.00629958869787098,0.00380249315487874,0.00551673918213001,0.00761885873160553,0.0088746446925345,0.0378446907503125,0.00260572177823465,0.0378326354414055,0.0201682810801649,0.000229319292888846,0.00487370717063406,0.0063848915257422,0.544685895727193,0.00434076194027876,0.0031771266560934,0.00299991761696654,0.000282841034070657
0.00470107159144917,0.00206684800024839,0.0010926244828778,0.0303933618756506,0.0117712943846212,0.0118922429507388,0.0314790466317238,0.0828261621431409,0.0110184037836969,0.00725334590462325,0.0292706802222964,0.0308485528627949,0.0742354849903798,0.00258047005654317,0.0284148436251757,0.00361929243810342,0.00582800890700429,0.00515003115619307,0.00226689017060309,0.0236638029305042,0.129513905262729,0.0116000047302444,0.0515427283969765,0.0492000605307799,0.00395224536354743,0.00324954953856881,0.00174733121623149,0.0327195411723263,0.190549120955589,0.00171224750381903,0.121123066884201,0.00271773933661877
0.00117055466768277,0.000179755480870513,0.00163090905963615,0.0187711235159886,0.0153236247530283,0.000936052496347885,0.0110582430365689,0.0579099503647406,0.00836839104921226,0.00335795177496771,0.00639659140532181,0.00369099994491566,0.00676146754443293,0.00132945030278402,0.0181475949334716,0.00182870315884311,0.00122407528216449,0.0004919332238746,0.000153927832449651,0.0151331409522735,0.0152967297205158,0.00959718050937387,0.0195502193001703,0.00162457572463605,0.000148852460259094,0.0111064284311912,0.0193676523550884,0.0372464852729988,0.00719278206986761,0.666119983189202,0.0279501362179526,0.0109345339691694
0.000995258824705678,3.55489631685389e-05,0.000976371788684727,0.0212756920195447,0.00683104657602088,0.0179636658520812,0.0540337041377261,0.0619603115994846,0.0117806632123669,0.00602180390437253,0.00223643387014596,0.0077999792184293,0.0262184983616943,0.00169810031452506,0.0229641873256966,0.00265263959896009,0.000446992398600927,0.00100050904995102,0.00700187723460941,0.00547617769211659,0.01126145969922,0.00418680644621238,0.014446075288273,0.0204894184902034,0.00174885137428529,0.000978462388850353,0.000911744497924858,0.0326234707331946,0.0222932952995875,0.00195825877227438,0.629531514950736,0.000201180116353224
0.00100052557915111,0.00582956849115425,0.0012419860314473,0.0455256630423326,0.0688286970378798,0.0108549116915424,0.090070834144651,0.0369208683363634,0.00728604424815699,0.061924009762864,0.027852956156707,8.01221667478877e-05,0.00617658620705237,0.00145197603484016,0.00492877255770113,0.0591036640649844,0.00756604203402937,0.000127366631935316,0.0019328851783016,0.00290204573115702,0.0337611526286819,0.00679621094395929,0.0696088240584393,0.00740205976070245,0.0150638590337348,0.00354249902376544,0.00340834648814075,0.00143071889509103,0.000504163087264529,0.00196506914328019,0.000331239888532925,0.414580331919409
