0.698454523298238,0.00259151335896616,0.028004742359474,0.0144307522478994,0.0126139356070024,0.0367698821185569,0.0219493574648451,0.0167673611612413,0.00083687665944608,0.00210131625748667,0.00381165484418299,0.00690536951403353,0.00336876890032499,0.000723000254318427,0.00224113527256999,0.0102016135882443,0.0546340127841771,0.0160637898777137,0.00204094134499366,3.57382406544848e-05,0.0101823450166202,0.00800262737856038,0.00170577788342759,0.0173043682346551,0.00934623857037624,0.009873107568655,0.000336949080783615,0.000947031173774716,0.00272109891343445,0.00117769149457027,0.0014836477551144,0.002372831775659
0.00104582628432008,0.588538237099016,0.0400449017829727,0.00911353464368322,0.0003909773635899,0.0512546610496779,0.107743333482799,0.0140932019579079,0.0236003028853933,0.00093878428029055,0.00255348203990999,0.00453699542470999,0.00121733064202378,0.00189316170700906,0.00192306208474679,0.0467464964797836,0.0279086438725385,0.00529543864688439,0.00313261844853666,0.000472633776382028,0.00680024783566281,0.000662272093383773,0.00306284308597824,0.0113957568462853,0.0244929911996179,0.00425972219941616,0.00192842064022501,0.0011233233715822,0.00802791029007253,6.72442845751535e-05,0.00486789757541763,0.000867746625607578
0.00461372215746499,0.0214508324623,0.807549495635356,0.000852302673722387,0.022611952085013,0.000159512531243902,0.00648615454194634,0.00298854495360537,0.0199595913837901,0.00074469636079972,0.00214622820688334,0.00475575344071323,0.00234570831220485,0.00084550764933908,0.002123459722307,0.0130380957978048,0.00398878404178817,0.00750401998660978,0.00489280337773585,0.00195092146245741,0.00379158359126178,0.00407256752675142,0.0112170227811632,0.0100690669803995,0.00551235855303737,0.00445391295447174,0.00283338232974404,0.00474821295582717,0.0121117635032911,9.13038451690115e-05,0.00454149976213554,0.00554923843366241
0.00319613079556418,0.00538829191428299,0.0082958357324951,0.472081133615587,0.0472485212105039,0.0120689796632039,0.066372336651157,0.0853514427274647,0.00860683158271389,0.0233695130812856,0.0134430355055701,0.0875969695180324,0.00219047002941989,0.0101194907014098,0.00736105888702781,0.0267294929707112,0.000300132002488148,0.000636701577119818,0.00488049711895872,6.30608951170802e-05,0.00170863751247568,0.00635059301397442,0.0069908459313769,0.00530104132224932,0.00223889403101709,0.00705927293294285,0.00658149269554525,0.00218893918696612,0.0644800554894443,0.00317474828988382,0.00688091704951335,0.00174463636449719
0.00119017410942522,0.00323650198758518,0.0183237413131294,0.0165090198694913,0.765409517004088,0.0404405851208971,0.043780372701511,0.00161591939541408,0.00076526366759893,0.00041722906437938,0.000104272299703531,0.0336515700672369,0.0042777554139131,0.000304516243084297,0.00555857814013166,0.0211575605260917,0.00120756022736956,0.00145530911480794,0.000422659993388577,0.000551038525288722,0.008685679581152,0.000189791082867483,0.00108655393289425,0.00723702621395018,0.00160831859470496,0.00262126893729456,8.20444820230441e-05,0.00676480484067337,0.00712040135773671,0.00061485083746055,0.00131971815236946,0.00229039720233746
0.00121413552208342,0.007911530438858,0.00713007175871012,0.0295342580091798,0.0111646420315096,0.723617417186952,0.0182097797373419,0.0319170517918605,0.0202730952741205,0.00540645996184501,0.00197439600771894,0.0121265496124425,0.00570045856749256,0.00110633170771332,0.00155788452685622,0.0647080324774942,0.000365965748178571,0.00085390788856073,0.000158405294190604,0.00173826017316637,0.0118026480983817,0.00887414293524528,0.00256284482985592,0.00711181607338713,0.00172653250226139,0.00115069833273658,0.00428067569207831,0.00466366399999448,0.00049467961241479,0.000711140771567626,0.00656911787148018,0.00338340556432158
0.0258442697101524,0.00956565576227934,0.0071987604301729,0.0359171032265454,0.0260644222261502,0.0271369506328115,0.577565856787652,0.00599931961460888,0.0630049554830133,0.0155627640382374,0.00551616391573194,0.0297503124915053,0.00920611528677501,0.00108814247263257,0.00904477818777812,0.0603619212795768,0.00617464590307507,0.00191612745962841,0.000288731049929038,0.00390830727025954,0.0177525910154805,0.000402736783638134,0.0180193829334625,0.0181431701762578,0.00190898135291466,0.00298191599151803,0.000717982198604234,0.00298462183436168,0.00557048193593237,0.00038225624432862,0.00757603453514343,0.00244454176984307
0.000720376528794412,0.006593988708762,0.00618971642189207,0.00527615864180776,0.0747524137157995,0.0168981952200831,0.00282401726299349,0.647497936778439,0.0231967570744402,0.0188775717327765,0.00247663278526302,0.0419376270916898,0.0051660705413035,0.0124319564902925,0.00421206357888493,0.00272657417988295,0.000344525486796275,0.00331583206369661,0.00387578315790591,0.00478146200307297,0.00239519578928489,0.0267201016383658,0.00633185556949906,0.00384101500636154,0.016676377265544,0.00512315101885321,0.010236024301183,0.00427652134349122,0.0355258725171339,0.000407641926173399,0.00396422668909954,0.000406357470434596
0.0158850960016918,0.0148193919119133,0.0016795046641462,0.00444738505258134,0.0119754070175697,0.0274940322547227,0.0688948499461575,0.00130489079074153,0.660967224304716,0.00561017916531356,0.00380359773094668,0.00984764200170678,0.00298297234858282,0.000167007739562282,0.00938659258851134,0.100356892071828,0.0106499429386645,0.00381136710174242,0.000429067210230196,0.00687983288399221,0.0115104447715301,0.0039184029913139,0.0046049695230342,0.0058143836425663,0.00430115762758525,2.24386328737112e-06,0.000816972686976784,5.30757277939462e-05,0.00448702411255589,2.09579797603585e-05,0.000964768861966541,0.0021127224863087
0.00157506610208727,0.00157453550797366,0.00166741510017727,0.00697571589982733,0.0136892137720489,0.00779759045935871,0.0214001163285326,0.00774027588316842,0.0324087456241656,0.59881184381106,0.0228539209192061,0.130375572155903,0.00288013529152431,0.000903748470424185,0.0107562879191639,0.0248435484247895,0.0020738722191829,0.00335866444172216,0.00980195566432639,0.00246092864797054,0.00105972894617804,0.000495573927838193,0.020457522426697,3.72657664467828e-06,0.00112144834187224,0.0159368300433083,0.00216334770655771,0.000190784695677541,0.0500372356465756,0.00241433590206571,0.000118169511119024,0.00205214363285271
0.00412278286111108,0.00651280003350787,0.0400731547133772,0.0532538629025358,0.0216905701419205,0.0188944247911712,0.00579456985216046,0.0802173456224921,0.0115591430983572,0.0259089089434284,0.50764159329159,0.0575362058691848,0.0085471706752273,0.000858086320728469,0.00615581604171549,0.0443969355406602,0.00294949689508164,0.000524018357559889,0.00322562301214661,0.00490392135405213,0.0144813951406358,0.000368962750763508,0.000425304827415227,0.0132169195485242,0.011936190223583,0.0132951413299535,0.00081485147757813,0.00185693640898522,0.0319235481840935,0.00120222106523832,0.005218685958737,0.000493412766484686
0.00625500184364539,0.0157404531350958,0.00708840460657303,0.00853977218139025,0.0014459898940022,0.0101169826464921,0.0175392384948534,0.00185944728747324,0.0210546270918828,0.0255368223152751,0.00630674081548519,0.707196317929666,0.00995662750660173,0.00136582464519995,0.00550798793333269,0.0500691755518666,0.00687409208872061,5.04893745871372e-05,0.00762639978353045,0.000878842621543016,0.0116529879543883,0.00254076971202244,0.000607068076092077,0.00820385890809593,0.00303567022117883,0.012003000562787,0.00582969907306728,0.000139795675177924,0.0229511484062407,0.0071465698413972,0.0114565820274881,0.00342361179484726
0.000447357058115818,0.000170797068892496,0.00435920350014278,0.00718989258488409,0.117796796442059,0.00901174030595691,0.0311537988999984,0.00654106722601488,0.0200649855143608,0.0297410817007104,0.00377669301510499,0.0603984173249483,0.399274054692986,0.00288847944958954,0.0477111236672592,0.0061999676705228,0.000155489340788775,3.66995655154019e-06,0.00904440586496144,0.0105070640674223,0.0316200203212858,0.00304087167275277,0.00232164435167435,0.0403442096919123,0.0148559838428202,0.0235720781361058,0.017669213786506,0.0401528263014092,0.0555175935964419,0.000377282857877459,0.00349540375806643,0.000596786331876822
0.00113136014345731,0.000857272411805844,0.00381179822660025,0.00921778205111532,0.025659335832847,0.047371699147572,0.12741279079512,0.0145710746918704,0.026258356841913,0.000561732232664504,0.00434449855119323,0.0136739168633428,0.00353928426134395,0.531275377877602,0.0369854706395146,0.0983090795902574,0.00524029666528604,0.00434229164116754,0.000515747627951446,0.00673957425798912,0.00361083220859015,0.0103988473098167,0.0116586489247936,0.00163186379357766,0.000121898615511324,0.000134815907563146,0.00142210257737174,0.00354172966486334,0.00207103694031819,0.000337711593167625,0.00093121539362915,0.00232055672018423
0.0025924698241539,0.000665018014174271,0.0018570318386696,0.00476011451156169,0.00793672370880625,0.0201065282465364,0.0414167208399996,0.00364789236636588,0.00139312255260738,0.00564017854471577,0.00606156425227168,0.0132291682370495,0.0438678901352268,0.00620591629089684,0.766815056277993,0.00505580690812737,0.000493065960994455,0.000670730011714849,0.0014740422925414,0.00438168749280194,0.0170708562594682,0.000779005534712934,0.00220604665012684,0.00441264486730825,0.00118825872355275,0.00135058102306731,0.00197493805542469,0.0253896683062108,0.00234736897447133,0.000982147828334581,0.0021018118355749,0.00192594363453871
0.0433803188243582,0.0266519950860443,0.00139660171512934,0.00285936970226909,0.0188862083012228,0.0205669795055175,0.0982104466233498,0.00913893622467952,0.181861789297259,0.00666781461610744,0.00501767240866977,0.0119482297244635,0.000386960001941437,0.00117626676951371,0.0109847872711611,0.452532095673026,0.0315469614311623,0.000737988840919519,0.000225581467601289,0.0180430014164031,0.0127710509671093,0.00110690539434825,0.0146377592087942,0.00772138282335346,0.0112448692657064,0.00014810911493677,0.00255723150993236,0.00440302503012236,0.00270212678746332,5.55800346834523e-06,0.000260497634325654,0.000221479359640457
0.0135670288021701,0.00941305468128338,0.0248096968141748,0.0188521500573494,0.0496163149530564,0.0012072446792691,0.0219576100091682,0.0112807839462061,0.0109393600344746,0.00635858357028564,0.000385608186446151,0.000733199439986705,0.00128290721070461,3.72768861653452e-05,0.000303396070020506,0.113661935454962,0.612035190058677,0.00665989195233728,0.000185339378151066,0.00328957194601575,0.00558025743970362,0.0315715189399943,0.0102198071853203,0.00417178414017805,0.0144538270179551,0.0124039148118758,0.0018981886745955,0.00492417717294063,0.000334378921748568,0.00171364229232562,0.00310113454356752,0.00305122472889129
0.00956523670877182,0.00292161486514409,0.0190899842826969,0.0221608588361646,0.0353634307237728,0.00584668656109611,0.0266594790572899,0.0177994112880979,0.0806315488847517,0.00454492477949134,0.00329008736699046,0.0105784671118668,0.00269208304265708,0.000113773885924057,0.000642130394910917,0.132974051802692,0.000740138666090394,0.521818661144315,0.00320209568660761,0.000589984353992886,0.00286895415757886,0.0541133132474278,0.00607129312479575,0.012432284533452,0.00705257624246581,0.00179403415562291,0.000808636565804092,0.00405021135514087,0.00343195426475859,0.000615743704051705,0.00356222196256526,0.00197412724301253
0.0124988243619,0.0116032167272379,0.00132326351348311,0.00573272564262969,0.0277921297584697,0.00715462366494669,0.000778303134402086,0.00851504801414475,0.0283746257604891,0.00177955891049707,0.00884647961453839,0.0112118663352409,0.00170626961216728,0.00359043113677348,0.00136641988550177,0.0758355899446184,0.00183974190634932,0.0108890747559651,0.604672540660779,0.0237907034133703,0.00194086435822748,0.0294355109816822,0.0161525231866678,0.0334937227305886,0.0281254968879537,0.000389966040632395,0.00138352681517411,0.0170216675712566,0.00518557010443754,0.00319043138224486,0.0132408994709501,0.00113838371668059
0.00612750626086915,0.00926606252197127,0.00604782756511527,0.00870181635787272,0.00330024039942102,0.0166455476145594,0.00653286732947395,0.00160117698339277,0.035268783707579,0.000241324145610621,0.00389142419408677,0.0129764325161063,0.00426881363433483,0.000753567583466153,0.00237891559155495,0.0184599758786967,0.00440313605510417,0.00926754265220884,0.0316104343783876,0.633932074376553,0.0324353951228847,0.00469258490340159,0.0156708806011927,0.0506262359323985,0.0128839900807498,0.0330163446061528,0.00223316205574986,1.99759202366991e-06,0.0193458226772591,0.0046155292375125,0.00469817708181914,0.00410441036249076
0.00125650143110231,0.00259290421174709,0.00727566598260585,0.0241561275180189,0.00701594462375798,0.0308270898865479,0.000941575701351849,0.00238806179759054,0.0207181894775517,0.00404449629228457,0.00690372957638267,0.0126261482841642,0.00491331125023888,0.000456222359789128,0.00465720570772716,0.0178472493650595,0.00347328906666127,0.000740962135812426,0.00189641006372742,0.0178696366652465,0.691415809594202,0.000186728999799948,0.0268242768772878,0.0559636731276794,0.016936855408076,0.000875753416530487,0.000345718681418247,0.00385840989601643,0.00466639167292858,0.00056150601359132,0.00217291931191859,0.023591235603183
0.0178046528673181,0.000313559791659566,0.000944993001176392,0.000788914014325716,0.0308648821642454,0.00411572215546878,0.0270573000584545,0.000998736097144368,0.109422671703135,0.00293020844394435,0.0038947233225297,0.00372262892117221,0.00305202064749136,0.00163931375021633,0.0031156446347334,0.0949773684427176,0.00849204388860986,0.0106876753689808,0.0018612021992443,0.00086941157380904,0.00340044833295291,0.643881653734115,0.00612807789561423,0.000817677077158217,0.00135358321074927,0.000569581966679039,0.0006953966812182,0.00921236919739433,0.000561233853553314,0.00108566499991197,0.000104320135759057,0.00463631986851775
0.0151042111774612,0.00117352225538646,0.000550723098382721,0.000127783304740655,0.014419759523251,0.00443250953741601,0.0257591706526456,0.000953702342571247,0.0566066285965025,0.0039116331013031,0.00333074797386428,0.00676712187833801,0.00172369461983447,0.00180938036191059,0.00278034758973303,0.0516533814541435,0.0083801506276285,0.00295897416811522,0.00503251288505415,0.0104642572734238,0.00626444771034486,0.0165332413956656,0.708360431788146,0.0242329546872862,4.3611360703969e-06,0.000526102885310867,0.00248999093819426,0.0134414209822204,0.00741857392309343,0.00124447351249471,0.000820787792486594,0.000723000826980164
0.00226798065181346,0.00747815519561545,0.00466459964755845,0.00943125966397998,0.00437102635943906,0.0102752935347832,0.00954530858574778,0.00115615668542897,0.00555743979969169,0.00241612746122414,0.0150462132271066,0.02405755099616,0.0117881337023471,0.00141500125205065,0.00269289845301813,0.000525474633124274,0.00398454374808433,0.000562972514241461,0.0115427109534153,0.0208263782511273,0.0814765355526543,0.00704769361683896,0.0575045708472721,0.633195496300523,0.0108168634253845,0.0128016703752198,0.00218333387904724,0.0114557623908383,0.0198468729689885,0.00156965416103191,0.00307307101968503,0.00942325014655896
0.0113289140228748,0.0101443172921024,0.00293455521469616,0.0326466695352242,0.0121801705341861,0.0488940671291213,0.00201148113457557,0.0151573551121251,0.063733870662335,0.00974935970786573,0.00281668305312868,0.00252694895821119,0.00194510260734453,0.00116433229468426,0.000859234292125882,0.0439219500385454,0.0132552004438655,0.00608316995032144,0.00486075754295977,0.00318533291023638,0.00666461087984827,0.0369823185521587,0.00472549554537371,0.0116067317298902,0.619242444726233,0.00317049020778135,2.98050376380008e-05,0.0142933982206791,0.00527094405972331,7.35722362785037e-05,0.00401343208749061,0.00452728428037556
0.0022223646724173,0.0063367143965855,0.00339896271898576,0.00477390214702753,0.0179301924652044,0.00595522000354579,0.00999725302748517,0.000808640809218935,0.00126727818163849,0.00194687306232891,0.0262407801387295,0.0505651573923098,0.00819279147472481,0.00272721051267022,0.00231673827192674,0.0196998654745185,0.0029358785648177,0.000902807622436443,0.00823763724846803,0.00504927995477779,0.0214928800367028,0.0216674195900465,0.01163318399558,0.0211532268029311,0.0338917753946952,0.624737237477583,0.00247682493134856,0.0188111847806832,0.0286373126428274,0.000431090644058201,0.0213583213071859,0.0122039942565413
0.00115506013278213,0.00097231360130422,0.00287110946453588,0.00157763204905757,0.0113243498285501,0.000528845667002667,0.0219062975404172,0.0033144786837811,0.00677332150164575,0.00339203589419336,0.0347760027311058,0.029575049837087,0.00332976746672925,0.00263561278725644,0.000786400874223206,0.023374865813242,2.47035654533814e-05,0.00873555489975737,0.0023377133248137,0.0211660220733181,0.0833773934153743,0.0211562186690807,0.0260711303204966,0.0438506785042199,0.0194850782234492,0.0159049695820364,0.495434349055254,0.0520351685178956,0.0133332732835858,0.00194070389122128,0.0448422833034761,0.00201161549765348
0.00290525996877839,0.0159309240340657,0.0122460556172487,0.00720625998176984,0.0111691286916196,0.0159004331963354,0.0511327475117493,0.0063116390028675,0.0171978405758347,0.035045131538019,0.00506013161556846,0.0983693609926777,0.0264231383062038,0.00602360432212416,0.0451675314233205,0.0717274193164576,0.005193510004144,0.00267456046636468,0.00386971621441113,0.00212350585296681,0.00217064700170936,0.001332671415258,0.00398434388406255,0.00342225060714727,0.000913089857415112,0.00497777253409722,0.016603534212906,0.450735303139087,0.0536503590404026,0.00373812479684072,0.0160627647264992,0.000731240152048081
0.0243211782441485,0.0131856408393179,0.00226239916089789,0.000458359947581208,0.00908939473644311,0.0136100427335485,0.00490339119953517,0.00294439989785615,0.00121716604260771,0.00254966280317911,0.00600367514380227,0.0247189091762256,0.0145885429737613,0.00126888309738611,0.00484758146534332,0.0112529089204815,0.00253990472116278,0.00530044043714592,0.0136720388557724,0.00447601851787601,0.0135543035542318,0.00401605177698554,0.0102879344476318,0.0708765909593699,0.00386076400460661,0.0288050927060958,0.00344089104008181,0.030894522273828,0.650921309862095,0.00535706730422843,0.00948190141249595,0.00529303174427728
0.00538409939691152,0.00363119639790916,0.000839744879524989,0.0123528169632331,0.00348158037022184,0.0206915008133518,0.013168061832246,0.000809378178069961,0.00367279773615162,0.00978814293141263,0.0116635910901193,0.0258768075536885,0.00665201035426754,0.000281822463563089,0.00199094667846567,0.0197979661511167,0.00321048064147492,0.0016722216210413,0.0048431162933101,0.00483421981273516,0.000431456036323474,0.00196085198295679,0.00455614659150094,0.0121695794981807,0.00405504364581613,0.00309578172855353,0.00330344605064741,0.00765465338414684,0.0159063586257676,0.774866067484127,0.0168761328721862,0.000481979940978181
0.0105401096901635,0.010875446670525,0.00384081524726442,0.000748196198034445,0.0113562237118283,0.0104983725978624,0.0284394736328854,0.00131334292874994,0.00523508677181943,0.00236021823412081,0.00387600270949445,0.00766382581696432,0.00726997612069346,0.00139391292746311,0.00818950351508621,0.0460836473122827,0.00087491986526242,0.00698839047435823,0.00260743541102466,0.000204899663423142,0.0322879981510762,0.000274668614518577,0.00238502339913934,0.0369764366696062,0.00973071345449434,0.0335301300024339,0.00331820217749435,0.0450904151151315,0.00733859029805065,0.00199594343224774,0.652112218777684,0.0045998604088168
0.0121316452475312,0.00748582354687642,0.00219205767010149,0.00775265427205552,0.0117847629721333,0.00298345847151752,0.00157716297457042,0.00145664423591689,0.0104883464763445,0.00106124307862198,0.00230957465228764,0.00305423973944134,0.00429669660078081,0.000384259703530787,0.00846562991053199,0.0377765601469808,0.00741414723084173,0.0148916542082726,0.00315879448406314,0.0506253119702406,0.0497694403346448,0.0156549205901831,0.0292016044489203,0.0109400992741014,0.0226343324291446,0.00542294996207426,0.00164606597606141,0.00182338151074791,0.00620264075716159,4.72118630747257e-05,0.00151094434848326,0.663855740912762
