0.658861998031821,0.015546258938009,0.00731375527360653,0.0273444936515077,0.0196140594929308,0.0119896123263826,0.0019315801347042,0.026481107643517,0.0160512364645168,0.0170577999190879,0.000424624171220456,0.0127495547045553,0.018536654392288,0.00216002270391653,0.00115382233084948,0.008813714653559,0.0420569346450246,0.00379471792690222,0.00107440381914955,0.0298603554362067,0.00667059975268433,0.0014849261426103,0.0313799293932024,0.0123151118639245,0.0062485167306603,0.00112956239640976,0.00544308084663407,0.000418598121447458,0.00664290878443411,0.00221791127824952,0.00136462866529148,0.00186751936469642
0.00325196070576285,0.574023364180888,0.0313593103848178,0.0155519665128578,0.00060806333788678,0.0632684653835236,0.0653652115003587,0.0202745742375729,0.0317509987940062,0.00771280186733889,0.0135417052325026,0.0266443943428695,0.0010008189648087,0.00252211350859298,0.00111463808773021,0.0382999677305806,0.021333802132184,0.0055666283802616,0.000679795546696043,0.0173877006627839,0.00229077625095747,0.00428350297854512,0.00646670412572505,0.00287853113912968,0.0215292488959763,0.00516716379073319,0.00183334822975577,0.000261092374425622,0.00865821941900967,6.62919687728644e-05,0.000120727576965559,0.00518611175598033
0.00173097919114684,0.0108830080484105,0.654543683407748,0.00209242194933016,0.0155852044055582,0.0139319867567334,0.031878593826169,0.000362835319467964,0.00255829740268788,0.00162152150531511,0.0229772273249906,0.109037190546243,0.00023305086021314,0.00081299088750086,0.00799335223900662,0.026977602178044,0.0027510522281325,0.00270104144929627,0.000915188220286439,0.00831592634200445,0.00441860773784635,0.000171230628515046,0.0154523637481067,0.00227512435085586,0.0066377098244631,0.00165488602597949,0.00619383096928767,0.00597001967806875,0.0359581091974959,0.000604379072840318,0.00100183182704968,0.00175875285120607
0.00196015133616311,0.000918646091406279,0.00414316586424536,0.684586909220607,0.0426942828666693,0.0513025234875605,0.00432987961053785,0.0442150897972118,0.00108801776190906,0.00709812558787595,0.0108398109120173,0.0206855053505818,0.00174715979999278,0.00169415195456538,0.00778911458074289,0.00701761471949106,0.00307902514814871,0.00169792449263397,0.00355230773778728,0.0064187378939492,0.0147339379538094,0.000385408041784206,0.00523521372573234,0.0215166570812441,0.00521037601928027,0.0176660391702117,0.00432637267648598,0.0169690122034297,0.00656135697800056,3.75785739896303e-05,2.83194618728359e-05,0.000471583900063088
0.00589320482627287,0.00097914763180251,0.00163330374413809,0.035088825644495,0.702662800432732,0.00134991102931442,0.0194318452649515,0.0073707534933304,0.0115185036169067,0.00412290083746648,0.0186491936824918,0.0147785585502222,0.000772563646718251,0.00126951181350305,0.00285999964241429,0.0422284710446212,0.00885225486090308,0.00399147757360234,0.00306093403820544,0.00598767291715409,0.0156580880408744,0.000979809940563911,0.0146446186352736,0.0122979325209744,0.020480328053274,0.0173778030342506,0.00933102843000976,0.00504694419524192,0.0093123627023897,3.78631667220184e-05,0.00100884880594991,0.00132253818323013
0.0054588997630988,0.00710876128610097,0.000144020444753745,0.0518130251171631,0.00499474406059259,0.567647742810908,0.0296032076233918,0.0554199860093393,0.0396227277387714,0.00504973415650144,0.0132203332349015,0.0153768401905229,0.00243505617441168,0.00156096584444079,0.00166616440334581,0.0896488679630659,0.00759603495731558,0.0025356483427238,0.000975210023890209,0.000655868043698525,0.0136886861828053,0.00264048484078803,0.0192056896421875,0.0239323509551708,0.0123142466370733,0.00618557677763173,0.0098869355655489,0.000228541949565965,0.00278605570957122,0.00065697747200277,0.0044936613339734,0.00144695474474362
0.0140486803813766,0.0078180271068765,0.00288266547303759,0.0503833360010253,0.0318709527809975,0.0181151241274957,0.617811637382696,0.00380282906094745,0.0141781556338737,0.0116800448027324,0.00614497558563694,0.00458490512925818,0.0048774533216549,0.00156766256018755,0.00566370042640431,0.0422743753290275,0.0267243148813612,0.00612986968163604,0.00309568697132873,0.0029542419806878,0.015532692678794,0.00262271295243886,0.0409078727218958,0.014063915516268,0.0285354929816782,0.00739810121531979,0.00495925336980541,0.000279077445549992,8.47992678830751e-05,0.00025815239549126,0.00597148069297063,0.00277781014366253
0.00287894342755028,0.000625284355296746,0.00987933030868554,0.00308617213749635,0.0695635155010382,0.0578619333960998,0.00168764331308362,0.724208189235113,0.00132452169341085,0.0112360720759248,0.00261234708200714,0.0228354612066554,0.00152437381928274,0.00276109630521299,0.00491278295497228,0.00940375319024765,0.00293368805642678,8.7390458742614e-05,0.000961466627574455,0.000739187753613215,0.00463701715579239,0.000972810282281547,0.0104263722659631,0.0136432534576244,0.0192495451021681,0.00460839545834136,0.00485548007013233,0.00413464772153395,0.00500908169655205,0.000210963404713168,0.000385906519225957,0.000743373967237403
0.00459269326392641,0.0103336004314859,0.0105303674774851,0.0248075739380192,0.0200227698866083,0.113229768186006,0.173361748652694,0.000814970919325302,0.377508876682949,0.00943823741398538,0.0118030285231327,0.0455306279557614,0.00959607120943737,0.00474100834566034,0.00325892322013659,0.0363046570621976,0.0139147219970687,0.0157114253783368,0.00173302508580408,4.74562553681896e-05,0.00617717168022644,0.00237357561190771,0.037006822261588,0.00900245621448183,0.013881994844708,0.00912829438988966,0.00468807209649329,0.00034309483794026,0.0211490294959612,0.000135906494768148,0.00337866102215424,0.00545336916449352
0.00123227906607815,0.000454566818568975,0.00397286185387219,0.0800123901801729,0.0113325079914787,0.0245687191975479,0.00973693443569821,0.00422667721009272,0.0204362852618068,0.651672382364289,0.00700431571329797,0.0348916276463304,0.0048117231603749,0.000834991091898438,0.0275085827206598,0.00504681720940218,0.000621470350453196,0.00767365947435788,0.00839747803557684,0.00350598200233356,0.00641852801461205,0.000173879175320335,0.00146940767161294,0.0123275052534341,0.0009661824195774,0.0325315382847578,0.0139489632094209,0.00188663601701755,0.0167194667037317,0.00117985715493085,0.00411017297973856,0.000325611331555151
0.000690501637013742,0.00211893667490314,0.00660523580522332,0.0849627085140559,0.0737903679808053,0.00507033125634195,0.0111512685110344,0.104527280675216,0.00230069844139714,0.0185376395883922,0.479138011590616,0.00305024130188578,0.000909366131886421,0.00447838842028952,0.000601345981826674,0.00661483495510684,0.000676950850233861,0.00230814845158039,0.00393824541309097,0.00549383404781847,0.0106047974397999,8.80881500835852e-06,0.00101817101750041,0.0307810339189185,0.00207448933438277,0.0800737670306889,0.0412866665812699,0.00268761625650841,0.00498372448314907,0.00104289568968685,0.00760602158921169,0.000867671615156596
0.00167456347665953,0.00367367430587941,0.00334050294571077,0.0140055525005523,0.0182997239689055,0.00729878429615596,0.0160941135131516,0.00564542980694347,0.0162121654751981,0.00407277788042036,0.00128924614549551,0.755443685473519,0.0143848477471384,0.00115911119646894,0.0031736762162283,0.0309319686971358,8.92235040648932e-05,0.000490759295944693,0.000744740717252274,0.00893725300758005,0.000650765794812329,0.00382270765833819,0.00247118512053585,0.00774116174726642,0.00494551624728196,0.000244164957828654,0.00115237283354619,0.000306445006466843,0.0600825400246565,0.00567559998162947,0.00483891654052023,0.00110682391671228
0.000896008930279014,0.00193850559073317,0.00104535850132212,0.0039258223438093,0.0367154894614514,0.0165159250080662,0.00488200977121026,0.00862979602036144,0.00883087390154916,0.0264565683094274,0.0210220098472992,0.105204537054077,0.543999435950856,0.0057516570243937,0.0365547634569647,0.0139486867154222,0.00389949053646797,0.000722528879871075,0.00133589481663871,0.000431505841547732,0.00611075418313914,0.00208405409260513,0.0114214391364356,0.00833900208923813,0.0050720572141132,0.00702810061570569,0.0093900460173438,0.095055734068285,0.00350316801919597,0.00272606181739524,0.00476248922455821,0.00180022556023722
0.000435700679973022,0.000982205067996966,0.000971782483605138,0.00531950094181069,0.00104018243187764,0.00654156027884969,0.00384811277183403,0.000742218002183632,0.00271727489998361,0.014877680123599,7.57571272312303e-05,0.0266449071834422,0.023659011558207,0.710877384114964,0.0522319669286167,0.00767545433125542,0.000705344903045524,0.00505927680457938,0.0160138116405522,0.000194905177741741,0.00932303848238133,0.00264981575900795,0.0112645670657938,0.0207090152279977,0.000409686577647918,0.0292795021260575,0.0264920839329122,0.0055533453094031,0.00301256514683619,0.00719121316407325,0.00295903461250274,0.000542095144037469
0.00232037323051323,0.0160078289089212,0.0024916992800907,0.00496353893403728,0.00170902319301556,0.0196740745491423,0.0208745383371244,0.000218482101619946,0.0134186069933297,0.0154191867526537,0.00895183398367777,0.102021259336416,0.0162474348341574,0.00652148210975076,0.620039399883789,0.000827203156058764,0.00811178753403132,0.00266064596351414,2.09706851076908e-05,0.00935226702812391,0.00194992783975852,0.00320377704746708,0.00923456393307611,0.0155383212469897,0.0040135146111358,0.00997729780444919,0.006143744580484,0.0455728653387284,0.0239183554041836,0.00406854265824223,0.00249082340830381,0.00203662933210718
0.0107340216485309,0.0307709898796685,0.0171983481498361,0.00450813374737507,0.00828391397244616,0.0914919288981547,0.225352597164355,0.00389233811013925,0.0491125822368301,0.00498702635101937,0.00199372758782543,0.00601115585908204,0.00150115025501691,0.00722382044736415,0.00387973574779009,0.334254413283554,0.0327693440497694,0.00941444818248547,0.00397294257161595,0.00488549408897625,0.0045625909662639,0.0153352363990594,0.0584252064571074,0.00801200808590406,0.0295774397441687,0.00865320167890623,0.0069178711250566,0.00076318606653905,0.005586759926035,3.3467158846434e-05,0.00456244335110223,0.00533247680917642
0.00517957487006451,0.00380420115327477,0.00805545488685187,0.037016461440677,0.00859905403302618,0.00970742801477492,0.00525675777694254,0.00531332159736761,0.0117281908743225,0.0147551748273122,0.0117784506263197,0.0592869101508856,0.00805910400750774,0.000720224974406471,0.00263775623129177,0.0265152899873596,0.642214310172674,0.0174615253967687,0.00143721051873611,0.00665414296699802,0.00227743494428325,0.0044073800318353,0.052780443050528,0.00563748406684997,0.00560177255677847,0.00180230416085561,0.00441936107029819,0.0016036277655475,0.0128277710582304,0.00414084231989933,0.00790730673466821,0.010413727732664
2.01724412153048e-05,0.000884668241309581,0.00419125423334655,0.000510823686255076,0.0224689827647433,0.0340279227592094,0.038824306759008,0.000376985821752668,0.0413056573153925,0.00102172467269077,0.00496608991476095,0.0278345641264637,0.00326858087978647,0.00162872798440912,0.0132546910124334,0.0912004038654087,0.000618008913052271,0.617640999277962,0.00135006955427654,0.0244183506000346,0.00449042430808443,0.017469073784594,0.0001394664974073,0.0163217381792189,0.00573971443896441,0.000571717342912741,0.00284158791267431,0.00112886008950878,0.00708690445837485,0.000552032249217948,0.00777689985284551,0.00606859606268655
0.000423937073935486,0.00177288679149039,0.00703170132348071,0.019264749509388,0.00822901181339093,0.017839671166066,0.0267076767268633,0.019375279316889,0.00390482952367985,0.0077760217458465,0.0217638647582289,0.078003297230914,0.00418846736571142,0.00372945230243686,0.00092322014513572,0.0231563061876732,0.000257571616249303,0.004624313151658,0.613304676244819,0.00159020804724401,0.00156803997870312,0.0164371638853948,0.000304060923572582,0.0314704558715503,0.0115223747130389,0.0130523092499213,0.0294074379278615,0.00031852204062221,0.0221569427668944,0.0063485748541993,0.000261331395190782,0.00328564435194948
0.0025937352212554,0.000980743871840006,0.00126031838480011,0.0373314829225075,0.0183418785950442,0.0147533594102314,0.00379789144002002,0.00160727977509918,0.0199604790721621,0.0113290472960165,0.0120233038667486,0.0768224546354855,0.000686064199688296,0.000351829530760135,0.000567534069680958,0.0226003531955508,0.00463268651793682,0.00366440489467504,0.0133775303585671,0.470303127058265,0.00715392298183841,0.0159326016886101,0.0228740839632903,0.0126141228281617,0.0102377981503638,0.0639279415677139,0.0756904979706957,0.00170458984004726,0.0560097977732987,0.0117681615905386,0.00220434123437425,0.00289663609473267
0.00193357161002255,0.00192639488452125,0.0028332099952814,0.0149510832725762,0.00198055554195069,0.0469764713308237,0.0637964471789833,0.00650666977930255,0.0102636252452508,0.00539247424881252,0.0258894603400749,0.0943740198353524,0.00143596581233818,0.000800448164778969,0.0025054796590901,0.0168282703782347,0.00421587965884763,0.0141296586703596,0.00585711415116044,0.00697498514389675,0.475349862607949,0.00025880486951672,0.0193948353638539,0.0285829219672529,0.00709341883680106,0.00710998237853006,0.0205684243421599,0.00531305062089371,0.0701491491483927,0.00132579058871695,0.0227752129629085,0.0125067614113656
0.00322801170809378,0.000793349807950777,2.62770108181324e-05,0.00908730832085516,0.0111389728212196,0.0320463770460662,0.0416344201945267,0.000553678930195456,0.0809296826461223,0.00639298757064916,0.0176343468823979,0.040214517093629,0.00658870940108517,0.00085914030991792,0.00302573285273808,0.114925797418934,0.00954689239629899,0.0147960061731947,0.0037047468293736,0.00649108277587997,0.0107544421735989,0.515744443513362,0.00608814209679839,0.0156244109559516,0.00473333396709085,0.00249889615388483,0.00462310685390341,0.00329373195005095,0.0194931205426158,0.00198297557066257,0.0092647634241963,0.00228059460793698
0.00284462764501048,0.00165974407646948,0.00209150242023986,0.0110037977974652,0.0189575841668483,0.0394077053005504,0.0376161806611195,4.42710255170407e-05,0.0206445749443459,0.00392264779549137,0.0200923007422045,0.0744680817238276,0.00522004709268001,0.0014657628047967,0.000643187898287096,0.0367420512857933,0.0217029780919199,0.00206240656806779,0.00571347639522236,0.00113211931190412,0.00421752605839568,0.00987611483120371,0.535231784194511,0.0108505791946309,0.00347813446732243,0.0123780889589271,0.0514162184964001,0.00565990190843139,0.0444703528651821,0.00714729293190389,0.00753641814808803,0.000302540197242797
0.000169873838668923,0.00112888154336383,0.000700976709588339,0.00974486113733249,0.0150750395648023,0.0111185275871614,0.0498580393000915,0.007533400429296,0.00661912505597327,0.00524665451078217,0.0103255435534875,0.051573912525782,0.000425797611116176,0.00150876219087485,0.00171004157110935,0.0122611332885639,0.00238333172283073,0.00622428482689519,0.0103137448707122,0.0148769735577758,0.0529847883888928,0.00745952030407617,0.0203731505990472,0.512576779087495,0.0118593622877681,0.0459842552104753,0.0262582625426715,0.013234958040275,0.0610422331969474,0.000875210960978742,0.0217152056025729,0.00683736838259181
0.0015873154382429,0.0242700084560125,0.000455973004499047,0.0487660269857021,0.054901943482066,0.0191591771097821,0.00445747253658572,0.0141077372911394,0.117173842451686,0.0120198898853012,0.0311501356813604,0.0528072516938092,0.0158180712140135,0.000192769110970057,0.00295736764594381,0.104117117507355,0.00997633179275815,0.0217774473804865,0.0037964550347698,0.0194120312979318,0.0105414778199657,0.00476170394060595,0.00342464264536433,0.00840181270940303,0.349280291182853,0.00157005309443914,0.0107093478124858,0.00782986073573132,0.0184467065943101,0.00129895170153184,0.00568892457361772,0.0191418621892766
0.000145486916514763,0.00187591797409161,0.000314037577837731,0.000614933013282015,0.0202952727409478,0.017802843823868,0.0397029256173988,0.0190317338371593,0.00679963204300756,0.00181949745383362,0.00858528627543387,0.0334003105195045,0.00184375154979693,0.00265340837596599,0.000846403382901252,0.0132048736967424,0.00297971772736818,0.00880778555524464,0.00342170668593601,0.0175834023486422,0.0264696821166602,0.00290895982435543,0.0029368547087713,0.0228555320492696,0.0096683719444656,0.647434935419472,0.0387254060329045,0.00274949654282071,0.0130261467344997,0.00136807817850091,0.0281289819748687,0.00199862735793437
0.000637570896268327,0.00119600538535738,0.00310402759634165,0.00307014859823189,0.022994076177417,0.0377833405388774,0.0584057584387133,0.00194553278179848,0.00140064055777062,0.00314300949773399,0.00235222331715008,0.000428374460091033,0.000645141305623101,0.00448108526860783,9.67488796238162e-05,0.0212474314290083,0.00266828819384345,0.00880311664569827,0.00297605913400813,0.0250295354208824,0.0759500690706378,0.00635443142647447,0.0247344168021503,0.0322017425846741,0.0205919882618115,0.0524576380622738,0.535989207148084,0.00387040099112495,0.0256798649294835,0.00057406293799396,0.0176771093796822,0.001510953882563
0.00345128280059928,0.00151703267486233,0.0019561318473133,0.0245331005706584,0.00661436098266017,0.00404260111334551,0.0434135137691061,0.0150433617847216,0.0320297898526128,0.00723068273767156,0.0129779201963849,0.0597790041328425,0.0164280051144168,0.00468970183012004,0.0378667764659168,0.0494607166656097,0.00207779453997196,0.00171309008561904,0.000737965994085753,0.00871728838852042,0.00853077557945737,0.012525180452156,0.00618340438582478,0.00442407405843988,0.00587154980124825,0.0115792240691763,0.00201717016693846,0.528828623721815,0.0653358577192781,0.0142671397701833,0.00571540352116892,0.000441475207274676
0.00485125489414384,0.00250835847897845,0.000823186297429388,0.0030939892285723,0.0359748443971924,0.00480758668372554,0.00508877741598685,0.0157518810057125,0.00690841630875948,0.00225879217631113,0.00675623563002835,0.00980080926901949,0.000287795414953004,0.000988697430067829,0.00277364940767556,0.00282209969700176,6.09639112879116e-05,0.00971469406031067,0.00428749965073192,0.028469661059042,0.01245789497375,0.00753717741506096,0.000766365671061481,0.0664386614914489,0.00243259113391945,0.0451869920299652,0.0407203317175199,0.0105592640072507,0.662300753579694,0.000270793136297009,0.0030915425709539,0.000208439856148521
0.00460369210917548,0.00431288869090388,0.00285001032238224,0.00715807680399293,0.0222476622421317,0.00631376329811915,0.00957442266346021,0.000196606871102027,0.00166121716556837,0.00912282782510822,0.00749815107835087,0.00377885991882103,0.00161654769100742,0.000651874114603482,0.000744660066916125,0.00100036806822877,0.00323258130989028,0.000177007762034773,0.000962121797277032,0.0128521444537542,0.00235239798114607,0.0124136328314238,0.0353716648057228,0.0148631403684911,0.0152239874880691,0.0408455868143806,0.0112223454426649,0.000703965794966051,0.00458581628273196,0.709518136152293,0.0523191179445883,2.47238406937667e-05
0.00195920965609294,0.00255132643900639,0.00200572859216566,0.00105025782663965,0.00884934440864916,0.024932640055313,0.0455184134010746,0.00272803965329248,0.0056123352771774,0.00552255111644674,0.00407331070834236,0.0281092466094654,0.00494372237968508,0.00257580315843464,0.00185129248807749,0.00732120620185464,0.00103263408268615,0.0178715201343453,0.00126368259778147,0.00722572587476209,0.0488379440863159,0.00027160226072496,0.00414138630898448,0.0830277142173667,0.00902565642549726,0.0527419859414626,0.00240153827932433,0.0176579145385677,0.00494063491320331,0.00232613661143664,0.597289541433918,0.000339954321905158
0.0111940922929024,0.0107327683201628,0.00304856523882719,0.00372555991306375,0.0182330590989935,0.00891159391962804,0.020458925408835,0.00151910442870845,0.00212902106041626,0.00336383302388251,0.00617398916312209,0.0330011394386337,0.000261792482536134,0.00217324903871518,0.00817025692439304,0.0107663276254598,0.0207504661036401,0.0322115570812917,0.000114681362681903,0.0357146060617402,0.00931755837374254,0.00779861170218515,0.0411546532418831,0.0204286296676457,0.0408462591629987,0.0133752359536793,0.00225049281666954,0.0111273334438397,0.0233960204075224,0.00171108824122428,0.00555786892991525,0.590381660071061
