0.46779690268206,0.00652650560465841,0.00603618036254385,0.0281574445719975,0.110462084318307,0.00278536490085635,0.1005428103132,0.0152372638610805,0.0395946134191982,0.033122104062309,0.0132256586440992,0.00431403928205232,0.00196728291849525,0.00114230851467727,0.0206585950472692,0.000165857970712483,0.00186752253940755,0.00315731843658498,0.00315217738292292,0.00583763263274652,0.0332525404709277,0.0046807442331628,0.000859065766198016,0.0170486712299146,0.0123645886758822,0.00800984657135932,0.00123649259608282,0.0031891918700921,0.00316165374081546,0.000320783530792567,0.000402711872219279,0.0497240419773749
0.00788388882993708,0.247568851762939,0.00217349504721543,0.142993368378334,0.114936384803659,0.0119887402989746,0.0764282497877278,0.128464597149662,0.126439347183166,0.0582559935117302,0.00342235254385967,0.000732785743243241,0.000890323296183677,0.00343754617028917,0.00233115325664483,0.0202732511282171,0.00118045928728277,0.00573373271386775,0.000204206239397113,0.00163600386711946,0.00889727821670061,0.00337320632604929,0.0041464028900043,0.00172033597291518,0.00025580259506636,0.000371453037399574,0.000238852925923272,0.000383319465271481,0.000188372500138346,9.07469742670142e-05,0.000720850460763229,0.0226386476360517
0.0309368253689668,0.00663646554520756,0.597412898169993,0.0199221212498261,0.0601859902706297,0.000667182341748992,0.0698785058014028,0.00240882553675193,0.0245348827872793,0.0279800484999347,0.00129308827253588,0.0275634372787961,0.00219786141517885,0.002775407206815,0.00952083689635635,0.00414134739917137,0.0114004237144025,0.00269287989725187,0.00409079623817073,0.00523981610807421,0.0152462961275577,0.00911389406865884,0.00884884620433083,0.00140217157346943,0.00737606733730497,0.00421051262598805,9.77186146844239e-05,0.0142085223089789,0.00320930494385488,0.000406609532719271,0.002227632175247,0.0221727844887114
0.00472651671957095,0.00209326152818724,0.00567766700361187,0.0440301590859912,0.164093073204277,0.000956070274306811,0.17258158145425,0.289870664148281,0.0790106295304047,0.114594644574026,0.0194202692529962,0.0193953544974897,0.00949022602369888,0.000128538542375533,0.0137479800241202,0.00309705105165781,0.00215358119629375,0.000991658300060643,4.43365515332812e-05,0.00384288096426437,0.000860279574298135,0.00104804696597019,0.00117132419225406,0.00245788728540456,0.00158230214692847,0.0029435876126397,6.67524421360189e-05,0.0153924714218321,0.00805701088902953,0.00338633978616617,0.00938783165760538,0.00370002209833949
0.00364748997340398,0.00110476768744588,0.0045102107255067,0.126011331661195,0.451560461960411,0.0588612511854189,0.0830261724320098,0.0318526072517888,0.0101324345223726,0.101723882913196,0.022576771728192,0.0117984082195689,0.000532027429817293,0.000399382227077931,0.00343179911545206,0.0392367942893779,0.012023217029196,0.000223229681094205,0.000657248664969206,0.00432741593107941,0.00390477554539031,0.0010232044896049,0.00464439146940253,0.00066293682175849,0.00482104920205826,3.0317029645139e-05,0.000580387753273668,0.0133322251895997,0.00204286508128042,0.00054509617026298,2.27651056995722e-05,0.000753081513449962
0.00831366961567718,0.000968643861709003,0.00182104858390006,0.0522327461665124,0.0189868327466915,0.559463509855591,0.00970580820788544,0.0215237134189978,0.0459533556028799,0.125858425778743,0.0255592522004165,0.0097569507323408,0.00931779686579437,0.00132073458970645,0.00339125256653121,0.036334514724282,0.000298079609174888,0.00138790915386323,0.00104398448602602,0.0102850407633371,0.0153512406816026,0.00313660220636484,0.0111929523328607,0.000111486868627072,0.00515438095905595,0.00378356543435491,0.000403573317837823,0.00660972015605364,0.000428079331259364,0.000843278627891868,0.0012811678818274,0.00818068267220475
0.00187299930423455,0.00292616431697041,0.00496565227860216,0.22417656493044,0.152924468193448,0.0185251259902531,0.0783226432022721,0.10270070002212,0.0741008986234178,0.179170701486344,0.0397580410942151,0.0102709390288715,0.000740205592658705,0.00131679643703474,0.00231039499795055,0.00437781049529793,0.0109026337271701,6.42028756636604e-06,0.00223179441729825,0.0119218416173996,0.0427669815803509,0.00872375150854884,0.00652083532369098,0.000780107141299159,0.00173609419457023,0.000298607243919656,0.000752124079611248,0.00431638192294421,0.00361780907241462,0.000120117012322384,0.00353846879874028,0.00330592607802328
0.00308402298168846,0.0010763514595516,0.00128595817393271,0.0401132785813608,0.132440654932893,0.0103710876102354,0.121913521782982,0.563881470305631,0.0614429955077773,0.0193216147380914,0.00398476442635009,0.00464205618886532,0.00254498469052896,0.000371185172234636,0.00861934413523001,0.00324337275277802,0.000670543152348934,0.000778998409073101,0.000382731441973669,1.97665955760219e-05,0.000148386474674267,0.000510689795429878,0.00151632492346712,0.000870057994135033,0.000917835322712743,1.86638536739078e-05,0.000119287336620705,0.00596963107744501,0.00176853257103601,0.00143359118481419,0.00358765283739514,0.00295064358949378
0.0279375499547175,0.00295761519196586,2.89806669627613e-05,0.0542541689775781,0.00267472738528883,0.0439063087182389,0.0885419046945425,0.0531663959201319,0.391911262269397,0.067022668038127,0.00889535442576292,0.00114241892875365,0.000401897990363024,0.00140382359089694,0.0216359659405435,0.0722857619332628,0.0001242838011587,0.00152042138999913,0.00151495005423705,0.0143301657782552,0.0801256359793286,0.0069866204193366,0.0106941485018211,0.000266904154037965,0.00157931224911559,0.0040779125653377,0.000147848070229615,0.00660695394023444,0.00593919545051775,0.00091888532689834,0.00484580898940842,0.0221541487035508
0.00319026673407954,0.00411755127988443,0.00395840823084217,0.0452462456851889,0.0613704749332712,0.00152311785802619,0.104119532093085,0.0818340678910454,0.0297493203304758,0.553950797812333,0.0132163082845634,0.0116784918361191,0.0124266193086411,0.00110809890387701,0.0129682098624988,0.00274553340760756,0.00246296175281664,0.00055187086160586,5.28418935370053e-05,0.00614795975378493,0.00293906633157397,0.000504550112803184,0.00208456527220353,0.00497121517510439,0.00104252725271446,0.00768161867590156,0.00017889619962062,0.00707627231615727,0.00818767525894589,0.00268980748979061,0.00890539950657174,0.00131972769532998
0.00670998474640149,0.0115533797945142,0.00106235174715745,0.0903552694865751,0.0451493837743729,0.00927337275077486,0.0747373198259446,0.00969962136294958,0.00721666510715204,0.0459546630882312,0.472767489654333,0.00898141460950959,0.0495386942413571,0.00502016307274484,0.0423044741350441,0.00916235566265517,0.00673081305473648,0.000861474600008434,0.000340538317863388,0.0124457389752694,0.011162940754431,0.000258955465914407,0.00489817044222256,0.012385903925408,0.00536234341910736,0.0199019674726087,0.000799222990081094,0.00481657302307696,0.00414539377774206,0.00148857541913227,0.0248748202325985,3.99650700822171e-05
0.0130908078872503,0.000187931180182786,0.00568514345573167,0.0400048101630001,0.126729288993457,0.000780361463902774,0.126244619111144,0.0247570139539837,0.0351485822871899,0.0211185661908637,0.0193096223455233,0.372098248702078,0.0494900585365858,0.00134117044779352,0.00396851473803552,0.011816412906486,0.0204327868640859,0.00158874702220769,0.000513673043203566,0.000553643072671122,0.00551755402918459,0.00135688589749313,0.00477961952673031,0.00645957066038298,0.0124775115404382,0.00795192973616884,0.00631553677786384,0.0330240637329068,0.0250245073657148,0.0108355891006046,0.0041499209115099,0.00724730835562481
0.0133672433392532,0.00271765737970285,0.000891646587869747,0.00175263595791455,0.0710381663374907,0.0222730319220365,0.0243585620975961,0.000965663700794754,0.0740003726535229,0.0669786488714502,0.0637748945062439,0.0638330187342156,0.49030000378225,0.00302231593648951,0.0135680925848993,0.00673540062837787,0.007033794757169,0.000547050223798153,6.56778381680986e-06,0.000827319177029254,0.0161759703085457,0.000389153773962915,0.00907418883007005,0.000319474600936885,0.00378949609907126,0.00249842506079918,0.000885026418329433,0.0279813048120987,0.000494839022342689,0.00155908229827481,0.000383488712235031,0.00845746310141267
5.22875414342539e-06,0.00109255497777462,0.00706813970665874,0.200316106113685,0.0303919869947989,0.0152591276518817,0.0134176141765343,0.0285399101059626,0.01323814255157,0.128860459290884,0.021599536329293,0.00112229203386143,0.0090252156154828,0.439191623658902,0.0246008379295453,0.000911685768488569,0.000961323540820488,0.000240171921021384,0.000273795818340199,0.00170480232571902,0.0147408152310405,0.00371618671748786,0.0203031654508687,0.00950665342897498,0.00129524680850684,0.00422341414300753,0.000604343661587231,0.00104949629531819,0.00112860998227219,0.00292835231801872,0.00252743048412191,0.000155730213428064
0.00710587549644217,0.00114911351068018,0.00133273068103104,0.0523182914991255,0.0427678735620468,0.020278641332227,0.0259679199716218,0.0137946086196261,0.0326482149539028,0.0132066915276841,0.012605133931177,0.00166485473377572,0.00219897694353744,0.00545095957940234,0.691678082373129,0.00452523315904603,0.00485525374602384,0.00110960693390481,0.00151437173169217,0.00249853660835685,0.0186787611340374,0.000985629417695007,0.0112276201195224,0.0027061348079351,0.000860172637526745,0.00924333283744458,0.000998886567339335,0.00472800619085098,0.0045875727671622,0.000351332308773556,0.000223556450400964,0.00673802386687923
0.0188411731802868,0.00234010500259737,0.00182449806277972,0.222595410004995,0.0528789338835676,0.0161665451928348,0.0150239992618591,0.229724029276357,0.108797762399808,0.0914268234201296,0.00971825486793724,0.011159588659459,0.00678191966493675,0.00101126326242161,0.0129405704139297,0.0979217179580918,0.00133532181456101,0.00214581428903976,0.00250476267319785,0.00333222210468786,0.0422094724557334,0.0148646793054477,0.000539184045760031,0.000278543362477119,0.00375779360749856,0.00219734114015811,0.000136535529098877,0.00185142321075278,0.00617546703524013,0.000779823820203316,0.00442729723955136,0.0143117238546006
0.0358026663383934,0.0129469921918216,0.00272391443896287,0.0341432611265007,0.0386441929755115,0.0285397804169745,0.0485362704515231,0.0534082905670443,0.0281448919415541,0.0152880757688114,0.000971618669228699,0.0093171238204964,0.00780934536588374,0.00604284880135209,0.0256491686800454,0.00787632516864316,0.473081712097596,0.00527155624358908,0.00249835633813669,0.0152626957120108,0.0325365963061568,0.00367751237322995,0.000562020103952602,0.0143366716468049,0.000248181471531955,0.0131133571030625,0.000329543152686908,0.000653520442344128,0.00295495967993879,0.000600641188063159,0.00188049854946153,0.0771474108686873
0.0325855105477307,0.00167497208090689,0.00635844314775571,0.017702311703987,0.0496620160285048,0.00123694354025377,0.0626981116253587,0.00600560989535583,0.0409795019784188,0.0137647398580651,0.00119656797240567,0.014906433731795,0.00132762485608209,0.00104276463646444,0.00650940376542651,0.00646551359600801,0.0274988101231374,0.471981102280112,6.58286997865067e-05,0.00645422953709084,0.0224474550786645,0.0303576841897378,0.0827599127808237,0.000656507269070861,0.0451444526180873,0.000842434260718295,0.00482287875597458,0.0254407207762389,0.0082405106206452,0.00026152403759447,0.00393116874555014,0.00497831126224806
0.0403618907971125,0.00435334224968762,0.00354413460725285,0.0534149066728806,0.173167061074933,0.00287875076351978,0.133604508222331,0.0544747205578887,0.0739175808212901,0.0045926447589402,0.00215842373945861,0.000717783448956745,0.00262648317763771,5.90677341547289e-05,0.0102530152007415,0.00099988263455755,0.0179079633601442,0.000822659648921503,0.315314101395782,6.56623294279298e-05,0.0356637965799042,0.00130000692336561,0.0165108032271075,0.00548072129256184,0.00233112563085263,0.00480070570156127,0.00259620117251193,0.00213062714594519,0.00308744339053837,2.25759325533787e-05,6.06636369992508e-05,0.0307807461704805
0.00864084272314021,0.00150486950811545,0.000698723076094249,0.102387760701593,0.136816150190272,0.00107745934583767,0.0661127455963463,0.0399915925327321,0.0669939032849265,0.0731803865287148,0.0225708414019897,0.00690889690622319,0.000444096552641053,0.00330239693095575,0.00180166157285125,0.00416047657014184,0.00457886179663085,0.000594268567102368,0.00934872574579548,0.288462602837837,0.00956754901825126,0.0179101161563644,0.0109847525099701,0.0193099699576148,0.0199107116623506,0.0647985218086721,0.00119278780646345,0.00146861228239852,0.00696845600654374,0.00139057249848443,0.00609571085382918,0.000824977069115825
0.0119842217500287,0.00382126163636929,0.00350107860741874,0.00253626148357121,0.0565849675599526,0.00376427298038026,0.0430335527838216,0.00471690984030888,0.0256288055722927,0.003521083359572,0.00173289820758169,0.0321110072052584,0.00515727193476277,0.000617226875350732,0.0138487249199272,5.13395685793536e-05,0.00503746890113635,0.000831425946559476,7.15665921865972e-05,0.0423517704863815,0.578463671677674,0.00250697733551456,0.00437791955185079,0.0435901666155665,0.000276776405500468,0.0136635161399835,0.00150078400864294,0.0140567237033925,0.00819613120405164,0.00114553030663851,0.00197776410269612,0.0693409227370489
0.00267672025109651,0.00149992373225033,0.00219808433813751,0.12345333516257,0.0836051281314501,0.00303263574177036,0.0269713814410532,0.0776298245959837,0.0795324997598133,0.0546589600153949,0.00208741889286017,0.00302459139408374,0.00614216968182684,0.0032920451943197,0.00124486878395428,0.00611393185741145,0.0024658173758071,0.0138766769266355,0.00569238586337875,0.0403385889106746,0.00724486031193525,0.360578164115908,0.00458686190640607,0.000614107750081759,0.0758650506893096,0.00157464913170667,0.00260869322459804,0.000462574848689474,0.00115722943243025,0.000594366053091189,0.00118589241785318,0.00399056206751769
0.00155046135198365,0.00232211439305491,0.0027180821938132,0.0143584118843748,0.0221650248639813,0.005576801661261,0.0507069702858359,0.00547612129059037,0.0706339811281961,0.0140201683544528,0.00630533954255835,0.0244323389688925,0.00506299284513928,0.00153299672332693,0.0133111218679552,0.00796749367631938,0.00721243901127047,0.00166822648023415,0.00395763343331173,0.0327060293525446,0.0998172497397388,0.0454363441655335,0.447862797988287,0.00389344967868081,0.00782654282631263,0.00211670215094886,0.000813874027400911,0.0179609454635914,0.0115190732526647,0.0031859213991375,0.00152726377147651,0.0643550862271316
0.0334970265531842,0.00748443941480869,0.001921906155496,0.0213437603603978,0.0900984056961513,0.00210207671064738,0.0643002022208924,0.0183020675452185,0.0199533757454299,0.00520813016768799,0.000656605645514038,0.00344201442809901,0.00601162689997401,0.000275809794480401,0.00838231894616973,0.000437983131630489,0.00941495305232679,0.0005004206895015,0.00272634810038145,0.0263457057646629,0.139287715866023,0.00506290731263366,0.0315429730165181,0.436051237549155,0.00522133081886827,0.00746962487737687,0.0137427583417779,0.00128736471929279,0.00298396663410558,0.000929927244322909,0.00151134623132487,0.0325036703659467
0.0426340218586926,0.00215544636698654,0.00264433590263936,0.0121901620891104,0.166525453357137,0.000410402915389951,0.196812636819785,0.0246612775545739,0.0520018389800696,0.00309640266846556,0.00156973491786843,0.00250615761272379,9.63360058945642e-05,0.000374242105916212,0.000383432829823671,0.0146374876418465,0.0122645088739683,0.0069888776933393,6.21171917294869e-06,0.00886791557705519,0.00240495721972937,0.00401625353975386,0.0144421853578865,0.000586480871833818,0.414211246662241,0.00111652830338718,0.00462930853110863,0.000856601634190593,0.00133738775107428,0.000187902989033061,0.000808837363399306,0.00457542628590325
0.00602958962173277,0.00086220262206936,0.00205965283406328,0.00777150789544428,0.016016313959444,0.00299076401733615,0.0199890822989838,0.00585290187466722,0.0184182542452918,0.00949748865069117,0.0224783698673256,0.0378704134151042,0.0107424743862196,0.00156859691183922,0.000379291263381813,0.00206877027315187,0.00785801610486908,0.000544711100512104,0.000131327933485185,0.0194502169590848,0.0294987466034248,0.00545769707715692,0.0050854539099478,0.00175833164579792,0.00145816991903421,0.715708351639642,0.00685076379366477,0.032413282932855,0.00084197641000156,0.00123590590600936,0.00265919369030933,0.00445218023745913
0.00756758780530392,0.00157198772690395,0.00172752772567006,0.110167796482462,0.072903782327982,0.00265121480153873,0.0421264076288625,0.0594988509613899,0.0238179542829335,0.0422059772257447,0.0095197714727888,0.0193669147280223,0.00780162948589743,0.000292702681687393,0.000206799418269141,0.00209593712331478,0.00707839748483276,0.000345539254519532,0.000815415975849994,0.00972981076826814,0.0312641578090934,0.00219135017319124,0.0175630992168893,0.00147957348930179,0.0157839909502842,0.0735348829876214,0.413249852302544,0.0105678848912076,0.00455891981633822,0.00306846075048058,0.00110652152424454,0.00413930072656222
0.0126944603652248,0.000220783221892175,0.00682393675115739,0.0489605113079372,0.157796483131702,0.00170247563551385,0.146414957813152,0.0386279054667354,0.05317226232253,0.0217757397165662,0.0211114085917915,0.0444446654300728,0.0217909737208191,0.00170453097153163,0.00405188780665254,0.0110208580586854,0.0285247921111571,0.00219484447635832,0.000847589923005909,0.000639625675153053,0.00509944709469592,0.00091167537174103,0.0124359991524617,0.00756778263591748,0.0180079178461981,0.00552568006209302,0.00702986883492125,0.273231916188047,0.02939537015047,0.0108544528036964,0.000684288871132034,0.00473490849098723
0.00488907996628464,0.000558856108134844,0.000983965892494511,0.111184797239314,0.151347793856639,0.00014174903258254,0.0711358375073745,0.0773864691910701,0.0766288331793782,0.0257387122765777,0.00674290013692894,0.0195735184758545,0.0276071308787775,0.000448596878334018,0.000266666249109718,0.00134176774768525,0.0160930231835634,0.000326324323502269,0.00092154988964383,0.0129421788751057,0.0182603122511173,0.00078814634267407,0.0276400892677068,0.00788858529087131,0.0187109772411873,0.00864931972137523,0.00525965078789876,0.01304041744497,0.255379504558537,0.000244313164813653,0.0370802347409263,0.000798698299567006
0.00105858830391566,0.00124211982656139,0.00118593433254422,0.00553740533800494,0.0111037046435069,0.000596054528856724,0.00254599832290854,0.00755332137594214,0.00974925072938948,0.0108001575251368,0.00990423716437525,0.0143822111065713,0.0114727532786316,0.00187762393238673,0.016768800785486,0.0114713009730907,0.012639445115228,0.00259146132596423,0.00236780419648287,0.00847008815434845,0.00230634743710372,0.000913083475734787,0.0237460683923386,0.00502166271835448,0.000776122192370007,0.0305881957912982,0.000443263610154338,0.0153441048419367,0.00174736116540918,0.764143586456437,0.0111355798546802,0.000516363104850777
0.00458723077455826,0.00106067003874725,0.000699949717987188,0.0215579751442581,0.0928516016573161,0.00107241338934886,0.045163805172421,0.0420590176759112,0.061463195355791,0.00243804973555445,0.0164162813363513,0.0426824932450722,0.0198082662092071,3.54988465932998e-06,0.00220055536960534,0.00573985331274397,0.0205274598135872,0.000714383014730638,0.00208995446354097,0.017160010019285,0.0188970310267681,0.000478152667077078,0.0203980495045406,0.0102213775103044,0.0127762225497035,0.00771239866594578,0.00161646135429499,0.0190076777946894,0.00719611788829116,0.00594635476303873,0.494461608981314,0.000991831963355303
0.0184071690973882,0.00462739920880866,0.0019814952740124,0.0102780488874512,0.0847457162520065,0.0062298440144639,0.140871870615898,0.0294763924670186,0.106939145050744,0.00918458470421775,0.0016640647854128,0.00296662855016013,0.000247184102429074,5.49290008403408e-05,0.00116151737006265,0.0059976308268895,0.00387964434637506,0.00143354079536501,0.000810475126012643,0.0218696559603928,0.0155161448949395,0.00936453753172483,0.00550205962802633,0.0198387754114306,0.0265064604298044,0.00436888200449764,0.00136043744884148,0.000932363430756271,0.000994453400377273,0.000180173067146888,0.00298157027772172,0.459627206038784
