-0.0011942892566868535,0.0030462747090847994,-0.0005855435908701002,0.0067609044562006,-0.006912379032697699,0.001227691693071499,-0.025744481019335,-0.0033994366252871003,0.018841840419944897,0.007393753255110599,-0.0035936412796944996,0.0034928642950864,-0.00039919442975460025,-0.0005589608577339,0.0046719606445633005,-0.0035379060052544015,-0.0014627531804124,-0.004423104179570899,0.00037885704596229996,0.013195885065465802,-0.012648868851523299,0.005086540163044001,-0.0022416495796336033,0.0050054908684714,-0.0025205295161240017,-0.0003524428468325005,0.00045545279427959984,-0.0014740285700717004,-0.00017111594853530011,0.0002460899719327,-0.006025939879610199,0.007442659267410199
-0.0041222031117695,0.011405899450531998,0.0040498266613124,-0.013700263097737302,-0.0238692903545931,0.0124005618401992,-0.007228495091146099,-0.0138437899974585,0.012622828046224,-0.0020466870290023996,-0.0034713601016371,0.0023968438303285998,0.0022150400517311,-0.000167402798482,0.0033057044985389007,0.0022912422309323,-0.0008334045811267008,-0.004893475429515799,-0.0001363215081042,0.024241720754697396,0.00013480385148889953,0.0055567100861819,0.008797277766443297,0.0054951604513363995,-0.011508122747663697,0.0025583513156351,-0.0016569502047097005,-0.00025909687104599954,-0.0005685683320247,0.0005696420012966999,-0.0029578467992318995,-0.006778334781629397
-0.0012276714554126998,0.0069980788843717005,-0.0639764299689366,0.0291458908476919,0.0022011616971741,-0.006007807505196201,-0.006003223045450501,-0.0037341083429749,0.007972643515047902,0.0157942138111007,0.0037257677565984,0.0048542285352024,0.0025692966141609005,0.0027223724866804,-0.0010102654167590992,-0.0015410905873486,-0.0018402987730143996,-0.0011216565480932999,-0.00022722244789720003,0.012307045471820198,-0.006900284949275801,-0.0013580696213894,-0.002626177489416001,0.006266695046458399,0.0022971416549241,-0.0030158749806935,-0.0034869834069643,0.0026277171136857,0.0017104699511200994,0.0002567124793067001,0.0028459012164958,-0.00021817254301670017
0.001350413104347,0.0025964814117592997,-0.0011530453501895997,0.09910343604121363,-0.0020324045415230016,0.0204141671438915,0.01944445766822031,-0.06051478803181351,-0.0009508963024055985,-0.05098634750011581,-0.0017471909099254007,-0.0029212391405617003,-0.0019506877403106006,0.0018128296618547,-0.004944352703571301,-0.0015439325280956003,0.0012847211680813999,-0.0012122588024365997,-0.0018428068855488,-0.0028675493314103996,0.001327862874091399,0.00012090764925079978,-0.0007902649094648998,0.004682526512142099,-0.005307832395275502,-5.0158665943900085e-05,0.0009980139043945999,-0.0029085160185317004,-0.0015986150519292,0.0008948146580295001,-0.0046675721423079,-0.004040172845915501
-0.000968698552503,0.0051469119443204,-0.0012089873620093,0.012851897654060897,-0.043487327848918345,0.0199390802558206,0.0022705749439945883,0.013601855807658103,0.009831078287496199,-0.021403001926076103,-0.025727044469882603,-0.0085314946043316,-0.0013192643068446995,0.0008920537057915999,0.0022081299931971995,0.0028133738373961998,0.0003137930760527996,-0.0017881147831866999,-0.0017795693396573,0.026450082904111903,-0.003830522016544699,-0.0011916054572159007,0.00022624926009609525,0.0171838589970845,0.0073778852296988995,-0.007546208427939899,0.0004636652338719997,-0.0012200332966398999,-7.244570035299996e-05,-0.0007884883031397999,-0.007312827024411501,0.0066051422890021
-0.00011414099828459994,0.0014061651775689999,0.0003311113869510999,0.04382044843781639,-0.009381012479149,-0.06480091452470282,-0.0049548324135782005,0.012439240248467799,0.0048072994459163,0.017461051439082602,-0.0055767256753176,-0.0004312805263477996,0.0006975612449483994,-0.0009904450254353,0.0020904672379389,0.0086693419927099,-0.0004987165054152996,-0.0019188858515349003,0.00043863091142630007,0.0035695929297758985,-0.0015292833296352004,8.317290441360072e-05,0.0125759232060818,-0.004869720192171101,-0.003942623171188101,-0.004698755632951,-0.0007686025675488995,0.001966033659377,0.0028200494945144995,-0.0003055232907257998,-0.0045122711940068,-0.0038823563389967994
0.0016854002174675,0.0027708171102751,0.0019198338681962,0.0238100385200143,0.0038233684037665997,0.0054977027576642995,-0.10152710318805303,0.0089112322836112,0.0038035949430044996,0.022568424928799,-0.0032658606731874006,-0.0049506145722027,0.0059668847152219,-0.0019044000643238003,0.0061304156292976,0.008971312087280399,-0.00020754355582150007,-0.0019604504181996,-0.0005233807599918001,0.020653105607622,0.008031619822115598,0.0027974225444226,-0.00012082660385569904,0.006264239894379298,-0.013769018118223201,-0.0028803721936041995,0.0039274398379196,0.0040763269342204995,0.0006730246108701005,2.6799742694599924e-05,-0.009821297770483,-0.0013781365408964998
0.00041230401932750016,0.0025031701465907004,-0.0011303719480135,0.0065465391015675015,-0.0110053098915538,-0.00036274389104319626,-0.004499840844273399,0.013669681824509117,0.00022388120027500014,0.0059328200989823,0.0003620678533478999,-0.0029033733150797,0.0007644444269435001,0.00012029341146000002,-0.0031516700083494,0.00018754293552209964,0.0010493939676074998,-0.00032565986824300034,-0.0007772680753171,0.0019777636719646996,0.0007513991362304989,-0.0007095107006860999,0.004184120712951399,0.005594935910334399,-0.0096869535090068,0.0019162767917717,0.0008961361062814,-0.0006313054420496,-0.00041574066117659996,0.0003314819618128,-0.0014567522935441998,-0.0103677528291434
0.0011153945989043996,0.0041514503391358,0.00020645421346729984,-0.0025492011326711007,-0.0282805066244304,-0.015251839374913603,-0.0319429147415551,-0.0260245354378439,0.0029334031476788147,0.009200572367006402,-0.0006429030730536003,0.0025792455578731994,0.0085727347661984,0.0009461469513296001,0.010096236773237,0.012568897603440498,-0.0003650449796754997,0.0011398213809600023,0.0010490575776575,0.011637728426919399,0.004469987785103095,0.0067292779313328,0.0106507579407766,0.0044454946181487,-0.0006886144758700002,-0.0009072102920683,4.1318643864100314e-05,-0.0017801949823338,0.0012509184476518003,0.00017386744404920005,-0.0009774682948237006,0.015451666894504602
-0.0005310166643983001,0.0019117185933654002,-0.0051144458897007,-0.005639762388711202,0.0102717996809101,0.013750794037201901,0.035437332656766296,0.018185545582265997,0.0021216971280999006,-0.07989618057000214,-0.00012689781095070064,0.0025306062279055997,-0.0048994526488005,0.0013546851909004998,0.0022052540986472,-0.00044079938961090036,0.0009973363381978997,-0.0006692828775299998,-0.0009882603671876,0.010983856924989701,-0.0011988797106548994,-0.0002462744333906002,-0.0042594233214005,0.0093723702376012,-0.0007489336596272003,-0.0011690514198830003,-0.0010058831783043998,-0.0013291206615672,-0.0023411374460233,0.0006903556677155001,-0.0003609875001180001,0.0011524375732941006
-5.446003117079998e-05,0.0011254920823894998,-0.00037625126118279997,0.0043144353747855,0.0039720708486527,0.014077717638684598,0.0278370769117343,0.008460428136797093,-0.0024604760863014994,-0.015175671591555098,-0.013079417305265684,-0.0030059104292246,-0.0084945663851448,0.0018141546427900002,-0.0063539097086612,-0.0024683740459586,-0.0001237584462682002,-0.00010045272500660012,-0.0013345977096425,0.0011947049925194013,-0.004025401121705801,0.0005649577322905,-0.0058306078235641,0.0083307692415406,-0.0034985179442832,0.0007887734764498999,0.0026323888355163985,-0.006353896919918599,-0.0022026318161255994,-0.0007683718962119999,0.0001065280862398996,0.0004877752468006001
-0.0012584524031374002,-0.0011207561498855,-0.0005660894301082,0.0012777482666335022,-0.0208641156144155,-0.007146962374504201,-0.0169308353532084,0.0158304540681508,0.011913843633047202,0.007528229740881,-0.003763488534402301,-0.016865961280448927,-0.0033434423511983996,-0.00034202535201119984,0.0031301903461872,-8.241693866940097e-05,-0.0019796264425360997,0.0001414611672470997,0.0005599278737455997,0.0219575573687719,-0.005880934587163798,0.005047456198237401,-0.003564980479595199,0.026849645476528995,-0.0057824017561459995,-0.0009683086782026002,0.0023859927172206006,-0.005739832763692202,-0.0002456506405017003,0.0002353180039173998,0.005730375594640201,-0.006141919325382099
-0.0014257442883725002,0.0011599953950627998,0.0013146442378613999,-0.009311936173394895,0.005765063518287299,-0.0024801486826517005,-0.007249348708013796,0.0019402981920808998,0.0092877494302248,-0.014498997944835904,0.0048423804625982,-0.0030082044152045014,-0.0013191989067792842,0.00013593432413400034,-0.010760778137698504,0.0010854102111460002,-0.0010064568851977,0.0011485353344199995,0.00013718896831570009,0.0153282803443194,-0.0034820266197441996,-0.00034992260775220003,0.007584240421734998,0.0163761302007249,-0.0052976760285986,0.0003426009102635002,-0.0019423410538365006,0.003239400085393196,0.0016794934482484,-0.0016497133996324998,-0.0055147494660777,-0.002070102167025101
-0.00028255752785059994,-0.0007101154800841,-0.0065763770430462,-0.0013316301768692002,-0.0039668660432879,0.0006863350829390998,-0.003343518887040299,-0.0150256142050815,-0.0005579285752162003,0.005205560491034,-0.0067106294846238,0.0028203977186581006,0.006146091501492699,0.011615265899856508,0.009348774308921996,-0.00035461927152179986,-0.0017930401910903001,-0.0022003691762844998,-0.0031282901201196,0.0194411781581917,-6.699783363680028e-05,-0.00010011873961140007,0.0024868905128482,0.0068522961766324005,0.00014080604842349985,-0.0008094144321316001,-0.0089420274957524,-0.0015768622752994005,-0.0032637403580008002,0.0002894894130519997,-0.004721775147216701,0.0004294071517147993
-0.001346254623462,8.968251778389996e-05,-0.0013495614607307999,0.014026267425087701,-0.004787989079861299,-0.005060671873456799,-0.0074455452271475,0.016712645648521,0.0025119414961598,0.007838793015736499,-0.004183898647610201,-0.0032621699163772,-0.0032897804150855,-0.0020395515855966,-0.0037623263066154378,-0.0014790523877787998,-0.0011143366817808996,-0.0007867775169577004,-0.0002541548709503001,0.003542510584256201,-0.007170704614587199,0.0015180028019089998,-0.014675174587646599,0.0107344879257417,0.0034595723021504984,0.0008187365248783999,0.0019969409245271996,-0.0052676106464409,0.0028923219114895997,-0.0019323369115207,0.003094650082335903,-2.865580697119976e-05
0.0005171699951196,-0.0002864142457347,0.0013295320327778998,-0.019710184668356702,-0.0230520069182166,-0.004720285079254798,-0.02991246196634359,-0.0186796089055832,0.0036772243983941993,-0.0024994334559852,-0.0040035886618806,-0.0020951321895918,0.0034815352218638,0.0007457178106650001,0.0067181575508549,0.0562909190112893,0.0026145308896389,0.0032040524727841996,3.94090246048002e-05,0.008499786890867998,0.002676233793461401,0.0044584581623200005,0.013255263668165703,0.002087598303151701,-0.0021666106522761977,-0.0034136515003985006,0.0017832783721451004,0.0051321234096316,0.0040663713205164,0.00016901097094630007,-0.005267632124648899,-0.004939362930927699
0.0013559584025680995,0.0014246516194356001,0.00010527233769820014,-0.0012250069635598992,0.0081980943559378,0.0008822254407001,-1.7976321942300352e-05,-0.0058757829873422995,0.00016326036781750056,-0.0020658559088456013,-0.0007043609481533,-0.0005987393285188003,-0.0016609206987092998,0.0006948088730478,-0.0009213201198122007,-0.0022689348336342,0.08005242512349381,-0.006462487942016501,-0.0018503282076102,-0.0023688198839079966,-0.0173265567402563,-0.00045553551698590024,-0.012961207817056494,-0.013462793902631796,-0.01493502362476079,-0.004415230392651901,0.0008287908956896,0.0005769447042225997,0.0036474087687977997,-0.00041120776673529995,-0.00042799815497699973,-0.0075137528293007
-6.158804460810021e-05,0.0013312471821352,0.0033945605684130003,0.007787118761238501,0.0099775505437192,0.0009135770587130002,0.0008699977390140001,0.0018492491159906995,0.0164862665485324,0.012177970452214202,-0.0014143901722477002,0.00012816616801350012,-0.0008622759358517,0.00024472800889160007,0.0016164997783258,0.006213723969101401,0.006816140432955999,0.05394802824564526,-0.006041215950171298,-0.0179196112578585,-0.027421386952897496,0.004128606213622101,-0.009267803811477196,-0.023162789018383697,-0.02306847490444841,-0.0057452663274207005,0.0019524001654880009,0.00017367505869500012,0.0071852172163565,0.0006163485684504,-0.0024803917722606003,-0.020365877647889996
0.0002725904436947,-0.0006972311251355998,0.0004710233125314999,-0.006917032808724499,-0.0053863545482077,-0.009191298524022198,-0.007662986363691102,-0.0037698016276366004,0.0047719176186422005,0.0003765552110850997,-0.0018321590335122996,-0.0023528803411747,-0.0018550624861484993,0.0013418752011810997,0.004275441681275201,0.0018007822204678002,-0.00022231277799129997,0.0035998416598349015,0.03354635610452472,0.0309881971614187,-0.024138652868835597,-0.001464409695238299,-0.0166369637107553,0.0244619270972553,-0.0080887816271141,0.002982361548885,-0.0021138268270369,-0.011329912605182301,0.0006461498772886006,-0.0006739065873067,-0.0017824591907648,-0.0034189863896066
9.88895929476001e-05,-0.0003061808698258,-0.000703986025275,0.008140828714807901,-0.0062087536932722,-0.0039233164088039,-0.0049892589956651995,0.0007625520130411997,0.0034065795309601993,0.0059892694145855,-0.0006224118655411004,-0.0017745501428766998,0.002790045483741699,0.0008806643397590997,0.0066444377698413,0.0022384228142349996,-0.0017872248462466002,-0.0009189373719213998,0.002607445224029399,0.023399453919200175,-0.00935643788019791,-0.0021906568346505995,-0.021990753982014694,-0.0033970689066378026,-0.008364065144493199,0.00035487152468439975,0.013998351270446997,-0.0035210797315689997,0.003797695362430599,0.0010460474727195996,-0.006746111657950101,0.0006452399095107008
-0.0007639333502888999,-0.00023117996350710025,-0.0001399579829736001,0.0049436679976724,-0.0121525519536325,-0.005645425939093998,-0.019210368256283698,-0.0039922869558761,0.0026011359433054,-0.0019886012642521995,-0.0056988570935464005,0.00048489684868139975,-0.0022578985779864,-6.174293082349992e-05,0.0032810878638086997,-0.00038360554391459996,0.0008893151171938999,-0.0023468233897083997,0.0020470090944407,0.007280652615921099,0.04012091264917972,0.0105435504450217,-0.007651560021604199,0.00022990706681130096,-0.010266442426901702,0.008004015260508701,0.003392885615871,-0.0052984384906692005,-0.0019768711658881997,-0.00016936549736960003,-0.0023502356336744003,-0.001232890080421295
0.0015373559757864003,-0.0007572360441382999,-0.0029151520184747997,0.0103728158530331,-0.0045574054414282,-0.008145732236339801,-0.0009328269075603007,-0.0021567982857366996,6.0236936710700295e-05,0.005964676411740198,-0.006180440083175099,-0.0021588311679290005,0.0027883529829159,0.0006746437477647999,0.0037644867722826,-0.0005120762164482003,0.0012744102742275002,0.00036253982738600025,-0.0015733377200072007,0.0271591491408245,0.0007133615937087983,-0.04038455941475011,0.002110204893994494,-0.0035919999039214917,0.014270554614268391,0.005780853245568301,-3.155825146969934e-05,0.0021619732601041003,-0.0005715282427471002,-9.700601344199986e-06,-0.0101025761169935,0.005586143122147599
0.00016069656174960006,-0.0003281700220242,0.000771491957012,0.0068956965933705,0.0006108471181838979,0.002533717219722202,-0.0071893187414971,-0.0019993072378804997,-0.0008611892223290007,0.006351457696397,-0.0043280874106286,-0.0032514179681771,0.0004137476103463996,-0.00017303926131949994,0.0031121935923072996,-0.0013828600733774002,1.443804429400019e-05,-0.002763874981796,-0.0015411062691359002,-0.008678149510813696,-0.006147435180100504,0.0145753592853866,0.04096529926917336,-0.013276897801482803,-0.005559752206202702,-0.0005951104427336998,-0.0028983176214281,-0.0035819632683109,0.0064635452900821,0.0005213927137266,-0.004697545705643999,-0.014136340026869906
-5.581019766649981e-05,0.0012419872313732998,-0.0009186497075794999,0.008026418438356699,-0.0112227908891546,-0.0022630376936895007,-0.012528326692258,0.0015519407602658996,0.007526783054657099,0.003235519650623601,-0.0016168239785833002,0.0034840117080492004,0.0019225039029534003,-0.0005326798463266003,0.005586700775538701,0.0024564698501861,0.0017223556902525,0.0009352236984412998,0.0030229199325411994,-0.009933138166433902,-0.01949145400171759,-0.0049548748635508,-0.02117483569897831,0.03641841421654812,-0.0143086060542112,0.0041927366935098995,0.0187376661071203,-0.0027230645818530994,0.0077826226878695,0.0005066712598048003,-0.0017408091300581009,-0.0048860441560303995
0.0012405547497555,-0.00011914279752949994,0.00027469682556389985,0.006828484638392401,-0.0082575504676283,-0.0046298517958235,-0.0029212670475107,0.0008916061593046004,0.0024129610683710995,0.0014213492380475996,-0.0064554089575325,0.00039483911416480014,0.0006445632212464,0.0005989517261598001,0.0032842980698013003,0.0017315156102884,0.003961349398176399,-0.0014533127089496004,-0.002347419987319301,0.011346551575306105,-0.0009047076290153999,0.0057671034839748,-0.00037613317306660343,0.0007470058736346007,-0.014058677108965412,-0.0007152880388864007,0.0021960001786599003,0.0041622444296102006,0.0005031170564310998,-0.00013784228897939998,-0.0045263502564324,-0.0015042401592502003
0.0005521730492884999,-0.0009532326282895999,3.7748981566000997e-06,-0.0030429842933819996,-0.0035602907977854,-0.0030502966672259005,-0.0027098567769419987,0.0012059523637474997,-0.0013431147258160994,-0.005959622455215501,0.00029855914781849995,-0.0007895716231333004,-0.0013040264068379,0.0006087323849721001,0.00018191669428390018,-0.0010638042896184002,0.0019321078072373002,0.0015608298603456998,0.003818127302523601,0.0218099074738538,0.005483567274714406,0.0025302977032024988,0.008351248923233797,0.0012699295991181955,-0.009065950594183799,-0.02207598477414552,0.007831245688135098,-0.0075791537821393,0.0027039016293185997,-0.0007778471030753997,-0.0008439677537507989,0.0039774328715905995
0.0003465283940794,-0.0015723292612821,0.000257243627144,-0.0059000093644473,-0.0061082825019482,-0.002268206640569,-0.0011565785997719007,0.0016254061500663997,-0.007926685282732299,-0.015063371821305998,-0.0018333278549651998,0.0024239952526120007,-0.0044155307533586,0.0003753530106869998,0.0013713627463043995,-0.0022431492274374992,0.0032770143575447997,0.0026460849948376,-0.0005232465929618998,0.0377011976599811,-0.004684570611135003,0.0016745783499469008,0.002944971756976302,-0.017478701880717304,-0.0064927177580165005,-0.013493537375061001,0.04360214330208867,-0.003655070637398299,-0.0043843834082077,-0.0020392646813128003,-0.0018989039694629999,0.004891988619823
-0.0019948501259722,0.00040745261821220017,-0.0016790598846403004,0.011500583365787298,-0.0168187316926849,-0.004774791136512599,-0.0097187563491847,0.0132017264243714,0.0086043936554824,0.0205619312585166,0.00013355120649509965,-0.0013569955878474007,0.0017893241626062003,-0.0002771344485978998,0.0139206485956469,0.0015485528106532996,-0.00044880643685020006,0.0005026005336539003,-0.00038503560418180066,0.0193204870531275,-0.003789854289312,0.0033994231834258,-0.007899667471314195,0.011956453008361997,-0.007629551257681501,-0.0007997752701639008,0.0022083589985540993,-0.041284522784765576,-0.003348490971967601,-0.00033664546983610015,-0.0013688128601632987,-0.0051440052332188
0.000955034528923,-0.0005882863974650001,-0.0022482492356096003,-0.0127826013723909,-0.007642702288609301,0.00018069903713239903,-0.0038314818476803993,0.0027767446661328002,-0.00040030314712329734,-0.0124388739733901,-0.0005446749596128998,-0.0009088514994542995,-0.0019717232757963995,0.0008903371086931,-0.0052757788968978,0.0021571719938681,0.0006648346111269,-0.0005967626562664004,0.0005393215394223,0.0008519888597390002,-0.0039674118282879995,0.0012318389767931003,0.007616378634131098,-0.011579642447400899,-0.007954680842278,-0.006140466957516999,0.007768520053958908,0.0012192034220847997,0.036408863326107266,-0.0013025649773166,0.018422524553295294,-0.0015084047083111004
-0.0002544081857999,0.0010583799817577,0.0022494336784410996,0.001460095253070599,-0.0040643567802673,-0.0005843821870377009,-0.0067921494095307,-9.579240714060024e-05,0.0051351864657066,0.0002820724362558001,-0.0032201655330384,-0.0076453314747363995,-0.0007333757994744999,-0.0016698498899282007,-0.0011140067390892003,0.0015993577875661005,-0.0021823190329671,-0.0005867443408583001,-0.004025487679982995,0.0488132053947151,0.002751167747432599,0.0032021252022421,-0.0027338754471540015,0.024833013040556295,-0.0027242935107196996,-0.0011869873326353,0.004809542939031099,-0.0015648489768789013,0.0032553576157487,-0.055959458410593355,0.0034333868366394,-0.005744491241330901
-0.00013327534006819992,-0.001029293289943,-0.0012380356574968,-0.007895826044119501,0.0028347699160472,-0.0016007944501437998,-0.0025326519660363008,-8.70819042473e-05,0.0018929294836003002,-0.0135864874164517,-0.0014740131966390997,-0.001420766349607399,0.0007180994221753999,-0.0004999359088076,-0.0084687372947134,0.0002229207129821999,-0.0013615654125273,-0.00010367322418189991,0.0011794648628985997,0.0409927880628594,0.0026318567657921997,0.0034854661901368997,-0.005630793212895498,0.022376165888788803,-0.0023207249542953005,0.0011159911707970998,-0.000228094688259,0.0020021127757732012,-0.0008283049015197011,0.0006467917440987003,-0.021720278519087977,-0.0079390232649092
0.001817514963003,0.0031664228602155,-0.0023303185457438993,0.0296450343049404,-0.0108808867105054,-0.0112261957827504,0.00018064849859899743,0.002890444060379001,0.0198181086053879,0.013523376001332299,-0.0084628446214564,0.0015837835509295997,0.0078803766857435,0.0014493173568636002,0.012687414730451901,0.005305683579266,0.004181022369601398,-0.010705623503924996,-0.0003414839430312998,-0.0012068978408293005,0.0010425806552431041,-0.021808996830148905,0.001748103629425301,0.0012755352513622031,0.010372487036076003,-5.250451419500004e-05,-0.0020635362106945013,-0.0005861184419021989,-0.0007129186579795006,-0.00041521049899219983,-0.0048045910178789,-0.042969727018786874
