-0.0173024190830421,-0.0091493495445765,0.00012205353636249999,0.00039667778945970053,0.005513735974066902,-0.029281474689144098,-0.0410212443368677,-0.004337454935650097,-0.008420996046520204,-0.014724104657734601,-0.002011687565135402,0.01798153775500251,0.016966834724119504,0.0016339872721443998,0.0009817884667879,-0.0018342116416996002,0.009068785422,0.0002821265630046999,0.0006456053939674001,0.0028304848952396024,0.011582329150900503,0.00013708890113340016,0.0307673001173112,0.0014451766161637028,0.004175648352655298,0.004871116307017399,0.0024171923173158995,0.0220726908121798,-7.122544340310011e-05,0.0002037412490259,8.907724012099981e-05,-0.0060308109122062005
1.1684109414600297e-05,-0.03642719884517759,-8.342730980949974e-05,0.0021942745946606987,0.0127902293796099,-0.015865514979582898,-0.0616137650583401,-0.0242570678582137,0.0103374502523534,0.0010227420195254994,0.056283852181169595,0.046019300789203285,0.0407192654229578,0.0014076810076387,-0.00035776458833210005,-0.0087724632510629,0.0010650421989216,-0.0013697046414985997,0.00025284252102760005,0.0017060932489775995,-0.012790204986806098,-0.009695738652130501,-0.03319694360966179,-0.0019339507536210998,-0.008072484519678003,0.0024403829185804995,-0.001957330844877099,0.044481920996084896,2.43073009365e-05,-0.00018476342669720004,-0.0014925295516269,-0.0026862160639452987
-0.0008960224919641003,-0.0028042904276544,-0.00443403484312721,0.0174503663087118,-0.0027121199790687,-0.0017184304894636987,-0.041685592874365296,0.0675034138702328,-0.010674130170954999,0.014166526941550298,-0.0014331454864550952,-0.0195367500380548,-0.011230669602229702,-0.0008374743360806,0.0003426368182104997,-0.0090381709561126,0.00014133066300650002,-0.0005793657156002999,-0.0001808677087214998,0.0056907336182665,0.002466169868022299,-0.0027331473998882996,-0.007938955243011796,0.003104758114464699,-0.00021830159497339928,0.0021076384641842,0.002610213901231901,-0.005350395460977098,0.0052357872088409,-3.121527605699998e-05,0.0027372961627857,0.0004762081552519993
0.0021156606826588,0.0004078089929915999,0.00030140688328310003,0.02649837453057169,-0.039222396128881995,-0.004238024081738002,-0.0717557450075958,0.027063092924008103,0.006697414249718499,-0.029838000782079613,-0.0111088368446524,0.039246455029777395,0.005127772692402499,-0.0005225993035359,0.0021120334172521,-0.0075240977518666995,0.00250571887484,-7.915482514520011e-05,6.0440960185999975e-05,-0.0006303936704501988,0.0079080364402788,-0.0052717833498156005,-0.009491697526253298,0.005861751609942898,0.016275492944228198,0.0007176978951773001,0.0039045566135426004,0.02479647582882861,7.226224307879973e-05,0.0002514239226408,9.446340209140003e-05,0.007664389134516
0.0023729907202818005,-0.0039946953705919,-0.0040828016604509,0.006428895532045599,-0.044792930059795205,-0.006358848815817501,-0.0780741918105316,0.0324338061760981,-0.003951845796049298,-0.0089231986407734,0.0379536890178769,0.025311287414667497,0.009079154107850804,-0.0027793666531688,-0.0024593196650218004,-0.007983338746969302,-3.848244403579972e-05,-0.0009776206536705,0.0004221656091785999,0.0060584654977771,0.0031006725300700977,-0.005895480267318599,0.00024776430501741165,0.0053568721315705,-0.0015289336735835983,0.0018948505029868007,0.005950742053441099,0.030632332191620995,0.0015439739094945002,0.0002998108523399,0.0031242374022054996,-0.00037065569674490234
-0.0007189424119984997,-0.0046055312108974,-0.0025082402132685,-0.007936527127523497,-0.030755460054951403,-0.008852682062555406,-0.0787110873646949,0.012662884369546795,-0.004081923148437302,0.007912697390824001,0.0316960625487978,0.040003635482989006,0.005479494294959399,-0.0021894163528225997,0.00025448040673779976,-0.009593071334937999,-0.001825048627984,-0.0003964378488303999,0.00024158849983709992,0.008718348019717501,-0.004181179288881801,-0.005123992937632401,-0.002598754660136801,-0.005339199192467201,0.0045451104777997995,0.0022568325386630997,0.0013738197473532002,0.0420299906216795,0.0043215687305040995,3.2277229531000044e-05,0.0027980652678452995,0.005090638211234099
0.0002590082961634998,-0.0028215449487078003,-0.0058318008093704,-0.002092152839132798,-0.06824500869867539,-0.009577659970420002,-0.014873499316517602,0.0012629051172595995,-0.0015488354529607992,0.0026448263820529998,0.013590133894084297,0.031657224422735206,-0.0013791639868030031,-0.0012737462173086,-0.00018075709022470025,-0.0091116119081055,-0.0017681967929292003,0.0004439836315990001,0.0011186713232382,0.0097666034809983,0.006243088991852202,-0.012338278499593899,-0.007679964105638405,0.006727241091996201,0.009698804300673101,0.0002843421150843994,0.002650414973174699,0.028974070426117104,0.0039267625805398,0.0003692132263753001,0.0028977206895671997,0.0162072056928773
0.0023024257060898,0.00016214434556139972,0.0016349786681357,0.017806679279027793,-0.029517833834801194,0.0007781193641700004,-0.060484569055708995,0.01537724902985349,0.0021770019855262,-0.019987330427694593,0.008699663531613694,0.027049181325176898,0.0026017367173915007,-0.0007265843391511999,0.0018742807219451,-0.0046262482218808,0.0020120568388679,-2.882639305500003e-05,0.00022257928121759997,0.0010133779763024002,0.0033993257076875977,-0.004548043696461199,-0.007941502139104703,0.0013570192642146008,0.0126246463527523,0.0015374551498832,0.0041350090578351,0.0157247027198777,0.0009400244683728,0.00011808469357219999,0.00014270375263840005,0.0041704921701446
-0.0019557958758671997,-0.0024546597487717,-0.002221183773497,0.006046439309131499,-0.040638190742016106,-0.0045252183177931,-0.013601526335850295,-0.006514494775269192,0.029436053229624087,-0.00022710958609670033,-0.04094994066246609,0.004922907560586803,-0.016846594144523,0.00030993794046920006,0.0004926372775019999,0.0021566326599968006,-0.0023665831753124996,0.0032236836773255,0.0014603827326132,0.010253231857550501,0.0075373485429353,-0.005010749054871099,-0.007541353545341606,0.011481122325497303,0.008399043578413302,0.0074765630783482,0.0037840037106952997,0.006477868076389406,0.0013810333062238,0.0002968283801058,0.0013409143423583,0.0383767681519091
0.0009949039067307002,0.0004234793922171,0.0005216327483936001,0.015083966910636196,-0.02318618459693969,0.0021099243674378,-0.062446653735877496,0.02623410937068668,-0.0012043500482728994,-0.0479370876758394,0.013897134623528998,0.05233799076654119,0.0165575103120818,0.0001359849319491,0.0028715845127668,-0.009059408918381601,0.0012472692462385001,-0.00031297884748700006,-0.0001230022803053,-0.0018067529837370996,-0.0024983798838930996,-0.006689781915308399,-0.024601644762455497,-0.0009920382803513001,0.009173057610892299,-0.0004146134519794004,0.0016064635847826995,0.0363390715958686,0.0004534966938384,0.00014052221957719998,4.019049216390008e-05,0.001104584094497001
0.0013700990767963998,0.0010725306752537998,0.00028441331459709996,0.02168701163762521,-0.034914782100752995,0.010430724200365001,-0.0812297055889025,0.0407864866571194,-0.0032142004701123,-0.040947064106549004,0.005883663401887604,0.057476704223757696,0.0179972178510761,0.00030850353133809994,0.0065498847901715,-0.0110825636032089,0.0018586326249351998,0.00017733063843189986,5.80404073674001e-05,-0.0012662508166337,-0.009301556858772299,-0.008580524556406099,-0.0365081958912387,-0.004122470197975701,0.014033886109344801,0.0004804570197472994,0.0035126471359871996,0.0452507456292485,-0.0005106428440751001,0.0002782151752398,-0.0006199419014227001,0.0028007048357599987
0.0009293570696048,0.0016375773692376,-0.0013831674098327001,0.0314780386144622,-0.0011948010507312062,0.007669837102691399,0.011699113903626698,0.0429962953122693,-0.005748613680781301,-0.0200594108298046,-0.015119451947639403,-0.030532300817871907,0.0064099574272461005,0.0019353579889189003,0.0032799741078334,0.0001862662530054994,0.00047710233307169997,0.0007595100644476999,0.0008984165341987,-0.003977436910002,-0.023796617724527798,-0.0060729241878848,-0.04453059240703901,-0.017359958570253,0.005337875053820201,-0.0025604308654977002,-0.0024748664379633002,0.06522919476516992,-0.0010988129854987002,0.0005837301821801999,-0.0024339439196464,-0.0031642743368107996
0.0007505548067342997,0.0004721796768334999,-0.0018478363540224002,0.0358892397639746,-0.0152437352780731,0.0101824418512005,-0.0429013449985111,0.050367806540034206,-0.0022890028925173986,-0.0425286327162133,-0.006699790146130397,0.025721941880603796,0.0747939746554732,0.0015999233067445,0.006072577543243897,-0.009215185577960801,0.001009243610005,-4.485482060149993e-05,4.8362471672899884e-05,-0.004663440843864199,-0.015224006319524102,-0.0086851031922048,-0.050329030087666794,-0.0123858085571074,0.0117850102397825,-0.0173703740418789,-0.0068773188311778005,0.0221651617530082,-0.0011970156914715997,0.00021080843917500001,-0.0042731197204288005,0.0007063735308677991
-0.0008223385967540001,4.99515695862999e-05,0.0041200733418958,0.011262774219903397,-0.0374979381317444,-0.003213125012763801,-0.056586068061170794,-0.0133661371614303,0.0014969848135771013,0.0024702926999160026,0.000526728524672497,-0.018085603372246087,0.0190285572416877,0.0177733031515993,-1.4046932242398058e-05,-0.002302617200681001,0.0001964184350393,1.7243548803900068e-05,-7.829556597090006e-05,0.0056497895542596994,0.0245832378773402,0.004799930569578501,0.0413328307828532,0.0094873922838625,0.0016385720580125995,0.0002990098156428001,0.0006467988208454997,-0.016092846068357203,0.0023261750861818,0.0003344472192602999,-0.00044497713936030004,0.00046348162820279964
-0.0025478733899791,-0.0030870241955162,0.0004846754232682999,-0.0053027025483968065,-0.006302035557140706,-0.0062161429860602,0.006140401587923804,0.02270923010784079,-0.0072769102457978995,-0.017679353112548195,0.009875344019964198,0.0399086628312216,0.006426358489248499,0.0026323266541281995,-0.0027179541898552095,-0.0021798449628428005,0.0005850398174594001,-0.0010547946507588998,-0.0004405190189959,0.0026612306683621006,-0.011376066529980002,-0.0071296000801121,-0.025159729674824497,-0.0005723750358513999,0.0030942371285859003,-0.008692298792348601,-0.0057922157789735,0.0262341368892674,-0.0017818313021294,-0.00046208130287330004,-0.0036973807669496003,-0.0012829094953363991
-0.0020603704532067,-0.0034808949054121003,0.0011957942374447995,0.008493160500389698,-0.07502755883172012,0.012646155603453401,-0.07232837055183321,0.015987304151756906,0.00027489955039580044,0.0143118952840035,-0.0097790804561156,0.025902446254288704,-0.0036514828880275,-0.00016487642841460002,0.0030935396570756996,-0.032125429984869086,-0.0011666758971294001,0.0013224893344793002,0.0008646940168993,0.0210077726065,0.0211605986388682,-0.013758934287072002,-0.0020563692620735943,0.025773953113451,0.0047843556360099015,0.0025508150095717,0.0017333623608763002,0.026202277732287303,0.0037561996052231,0.00018526994702099998,0.0019422934607494,0.022410767245129
9.863475505000104e-06,-0.0045263569426611,-0.0006516782889947996,-0.0072039230418553014,0.0391447579917537,-0.0014970064801149985,0.0558653613034127,-0.007604657776205802,-0.006234950965517898,0.0008805274929923022,0.004138296777593198,-0.05846451855394891,-0.0007742225546099012,0.0012460977789586001,-0.0009460129571821998,0.005771235295082999,0.0027739019776472917,-0.0015066252850159997,9.176022421559984e-05,-0.004912790393368602,0.015008157517859,-0.0068114426353317985,0.0371378373183237,-0.007012576746179798,-0.004684409200954602,-0.0018768796319856996,-0.004829976750769301,-0.034533357287032204,-0.0005773531363116998,0.00014319965779580003,-0.0005596217116348999,-0.007002636471464898
0.0026540503612173,0.007142613107062599,0.0013603008625381,0.0016899418285752019,0.017933887625681405,0.003965288938756202,0.04950589484560851,0.018940968418656,0.0036157023538627986,0.0094385825790503,0.003125877108108001,-0.07686266743477202,-0.000736552143379799,-0.0004926145067204,0.0004359402097702,0.0050530657123463996,-0.0004076649872801997,-0.02139021967994481,-0.0021049119097101,0.0033980291513901004,-0.0035324840903219017,0.0036900945471752024,0.010087868767771513,0.005074205412047197,0.007962278553644798,0.005795069354167501,0.0010594110931249996,-0.056831146635159695,0.0006445235842939003,0.00013316134289390004,0.0012326120781636998,-0.0015811064486171006
0.0014277593603071,0.0017416726822999998,-0.001628769576495,0.0205832855922863,0.019862056126897495,-0.001487775508627203,-0.018236793232109097,0.019912530864900198,-0.015001445326278801,-0.006348167219648799,0.011100022921634901,-0.007509269582164295,0.001606107471245198,-0.00045114080422670004,0.0016794047915067998,-0.0019714259283864013,-0.00046249156873829993,-0.0031038296594155,0.0006085842308782008,0.011595554333602605,-0.0064826686276642995,0.0025610741192523007,0.0010720415262355024,-0.0162153359123033,0.0036194228069780007,-0.0027008911013189016,-0.0097596244110064,-0.0053389009016526,-0.0010691436480452995,-0.0005237576131812999,-0.0018595293066133,0.0027814430998504003
-0.0003450237375889997,-0.0001878306425650996,0.0006078810016063,0.011718763143991,0.051228950820076495,0.00041800412825910085,0.019419286418678294,0.024497405977120502,-0.0110197747569099,-0.0012735178523389998,0.012757077210320794,-0.0203000158025569,-0.004886836400108599,-4.011200274509996e-05,0.00033619196636239983,-1.5275579189099817e-05,-0.0011520038507763,-0.0017443299652478,-0.0015206215049658996,-0.06284359119852073,0.007277970323288599,-0.005085219200447801,0.005051313836571203,0.0035756708113350993,-0.00012515308003860012,-0.010422224378329101,-0.0010221849276451991,-0.011294801157698802,-0.000771737814853,-0.00030387233555480004,-1.1519471012700396e-05,-0.0025228699785164004
0.0005610270514378995,-0.0004879515842325,-0.0007187491833992,0.0165419871859357,-0.008506190035491704,0.005884087608067101,-0.0400659464454,0.015529722421684499,-0.0023136319437093,0.016618750951406903,0.058716777187799996,-0.09557276254845029,0.004201551535347899,0.0005345681855655001,0.0018905216866589004,-0.0027197713975834013,0.004558222888802499,-0.0020117973207085,0.0015425857704395999,0.027138515080630598,0.02762571248398571,-0.006734751429883699,-0.008629568260492396,0.0435616984233274,0.013345928956254001,0.010251294645278599,0.0031000388745376995,-0.0807637431062462,0.001113662917556,0.0005386894088821,0.0018911230538046003,-0.006621603061805502
0.0003466171874593999,-0.00032801701796170016,-0.0009939930024362,0.0016398239434951,-0.002942458670782605,0.007231395714003699,-0.009431033530544697,0.009919565798949703,-0.005265522823169201,0.0023639195460913994,-0.003951294538502199,0.0255176708581189,-0.007594907807764499,7.681441423300003e-05,0.0006323206484463001,-0.0075424963731713,0.00028372303711669995,-0.0001571417089717001,-0.0006082306493474,0.003515330512393694,0.003930424389625899,0.010755506920702818,-0.0442541508538709,0.007725068280160202,-0.027982742631197204,0.0153055141216815,0.0062736171555852,0.026074699106100996,-0.0006058252578617999,0.00031055732523759997,-0.0013134313676644,-0.008931322726156501
-0.0014080854003228,-0.0003192267374700006,-0.0022239523766577,0.007350943242875101,-0.022472338447441398,0.0050905094396454,-0.0380491950303424,0.008938313577029802,0.008472411990467598,0.0021783918370763006,0.010985178911462997,-0.019752736596317003,-0.007020335818492002,-8.033744796649993e-05,0.0009451082730261998,-0.004174011272777502,0.0005225581792228,-0.0007635247787042001,-7.275773947000401e-07,0.027389312084061104,0.0057663371239303,0.0047151858018865,-0.040799213111266,0.041379309275606416,-0.003905271162068801,0.0229431396618697,0.0061614381932368996,-0.007336524063136299,-0.0006036585344936,0.0006409666392896999,-0.00012697546714449982,-0.0044429904086907
2.2709728613800034e-05,-0.0018236414647421002,-0.0004993895699738,0.0239073699546717,0.0415711267435339,0.000985471502322699,-0.005073742370463694,0.028098551194888,-0.005256050993548599,0.0128023839425516,0.045580365690186,-0.0445053115252565,0.0005718202353980004,0.0003425647076352,-0.0007649798566817002,-0.0019457870267677,-0.0007363561837450999,-0.0027203443522236994,-0.0031165515247962997,-0.018643421863939295,0.0111387062984745,-0.009960797141821602,-0.005973125623901204,-0.0349265031313999,0.0011775316692845018,-0.004523679187900101,0.008537966184556201,-0.0304450958571839,-7.233086297800222e-06,-0.00034876021639650015,-0.0006511745442675,-0.002814622330808897
-0.0004029819564430998,-0.001150248375742,-0.0005135395613843998,-0.0042721325419338985,0.025733013858170103,-0.0127367503899701,0.021703374769148895,-0.004188308663471002,0.0151869836311448,-0.0017184079926036,0.011120193536418702,-0.078940747487107,-0.0033925390859958007,-2.603943825999996e-06,-0.0008788104046032002,0.0029701150331734993,0.0009144076791595,0.0012513023315206997,0.0003949536652646003,-0.0144115478554287,0.0022271778414500003,0.0015270248155776992,0.024776447148085703,-0.016952880962638295,0.055548900427811077,0.0027011570035374993,0.0038984039935568,-0.045863591150672,0.0012921419954019,0.0003843371341398001,0.0009679975987607,0.012827157909496803
-2.808723448319999e-05,0.0015783928843056002,0.0012182250272342,0.0080910200078964,0.0507495865694131,0.0022946615118756997,0.0343814390844476,0.020234764447497,-0.0124468964800945,-0.0026515234397749,0.0003947839095435994,-0.023776476943684496,-0.004982925556950299,0.00016822730683380008,0.0010716678495972,0.0003431437394080996,-0.0007452341698631999,0.00020497278115049985,0.0008611937641647997,-0.0017809302900827079,0.0033318744630815994,0.0021555736076034997,0.009659339783658613,-0.0032468670292039037,0.000596629915413701,-0.0680448460633081,-0.005191062534857301,-0.013434003036053799,-3.085335168070014e-05,-0.0006296422860145,-0.0004347672044624001,8.861896738890027e-05
-0.0007076235903809001,-0.0014701639079692996,0.0007349757385245001,0.010636871070169602,0.03278163821619259,0.0022501252925809997,0.004263211936253203,0.0264822418324945,-0.0049098427693594,0.0014869815973387011,-0.0090709203043626,-0.0478659740740085,-0.016813259213307,0.0004696618163532,0.001308747948693,0.0038382444190214002,-0.0010837444673049,0.0012451068021221,9.716259589609985e-05,0.007327535119180099,0.008054335835717501,0.0008209919849770011,0.023458640302468303,-0.0009006721498956982,-0.0011321373837914015,-0.007403534827642699,0.0007397045131979085,-0.03292835953383699,-0.0016732820079944002,-0.0002551524060348,0.0006689207217864001,-0.0004504311070780004
0.0007099358951930001,0.0011307393549416,-0.0006215759519234002,0.0121159869889267,0.003041576069056501,0.0039009792697288007,0.011035694236033601,0.0204339714652524,-0.004907644913381,-0.0141334263035777,-0.012650262989703499,0.020442889953480398,-0.0037111029592688007,0.0007006035963063998,8.324477872995173e-07,0.0010657919110408998,0.0005578275176397001,-8.345371716569992e-05,0.00043676143144859986,-0.0055989741635519,-0.019354743159414198,-0.0043190652552378,-0.030623625263601496,-0.016817421333036,0.0006946017290367992,-0.0007768588274712001,-0.0009826932969390998,0.048500010203405886,-0.0008691026387791,0.00022464870812560008,-0.0025746807782652003,-0.006968219226088302
-0.0005233347269347998,-0.0032281615918554,-0.0013588609419258998,-0.020946390859405698,0.014154769661065297,0.007550244474029401,0.0264128628612378,-0.015216333037035897,-0.0033283040861272,-0.0061233282803248995,-0.0242583438879167,-0.02189822758112389,-0.002299238276588192,0.0004465325882960999,0.0019217811777642,0.0020659543196293005,-0.0007602783964319,0.0017662910945630997,-0.0005267945575359999,0.0093792491466045,0.0008246839309969008,-0.0068121799266469,-0.0023384171542066984,0.012608852017946301,-0.0055155960776138,0.001287146059183399,-0.003523383197488201,-0.00975075787070219,0.050117061284420394,0.00025928679369779993,0.0002999261878945006,-0.0006867111474651993
-0.0005343611419528999,-0.00029510719307419993,-0.00023726187551099997,0.0053300712928133,0.0339439956199343,-0.00039965383101839974,0.0155641683827293,0.0207341878056521,-0.006588675554214499,-0.007061171813114699,0.005133717828659096,-0.009773264688387295,0.0015140520877955019,0.00027910590708890006,-0.0002180745919227998,-0.0010745263753573998,-0.0002958547819548001,-0.00037958993472139995,0.0007637932030140999,-0.0049794620094586045,-0.009202417693725297,-0.0008973905831703016,-0.014909084428027804,-0.006140246595167306,-0.0021185505674766996,0.0058777121656069,-0.0008846208639069989,-0.005339505667207395,0.0018461288960584,-0.007574643701758199,1.2445862842899377e-05,-0.012095915161066399
-5.493710839280007e-05,0.0013352712377784001,0.0007174205849445,-0.0026593538527231973,0.013823431033245605,-0.0010292810552809993,0.015026284570723497,-0.013731845377230299,-0.0182113015230895,-0.0023482777435678004,0.0005791009627754001,-0.0762160470909371,-0.0153958317286727,0.0009565963259891999,0.00018596425975119998,-0.0003979861137180015,0.0010776850952915,0.0011132416059971002,0.0028501492477774996,-0.004457496225738301,0.012529842134753298,0.015408447327829698,0.0329191624813696,-0.008878276584139602,0.0030730011935635997,-0.0043780266442623,0.00038343537337709975,-0.0376568131930069,0.0022499281557032,0.0003561635468337,0.08507125634544141,-0.0042409072423867
-0.0005034913857922003,-0.0010195666059578,0.0014212095474484,0.005931839675011999,0.0212958448854787,-0.017638292922587298,-0.001816188860712012,0.00016797769036060173,0.009652855659280098,-0.005885681545929699,0.033315350746445906,-0.0926792966549834,-1.0798838622802509e-05,-0.00023322603800929992,-0.0007846390569020002,0.003437632847762599,0.0021507703452345994,0.0024900579827703,0.0005375505207072997,-0.002807573148131501,0.012964333913237001,0.002150509993101001,0.0414444058552949,-0.002725401833879905,0.015529346835851499,0.0073622368312016,0.004822203183426199,-0.041621598975633396,0.0014718319281916002,0.0014963202600289,0.0015472012664338,-0.001463724100125699
