-0.0312016635274448,-0.0005813338986291995,0.0100716995450301,0.0253330116514924,0.0034646802449859043,-0.019391620029162997,0.0126071798693629,0.009522141567123301,-0.0077405844837393,0.0096423179363045,-0.00025025400872680063,-0.0149604064502761,0.0027522451738466996,0.0007400786408858999,0.0084437297684644,-0.010695638459560102,-0.006851004522482499,-0.0042626214405019,0.0006656157086919001,0.0028282200532809,0.0033005055144805003,-0.0013592164178025,8.799190279479979e-05,0.0064566516115522,0.0019316676582503004,-0.0030628377268638,-0.0011151937630313998,-0.0073019482642227,-0.0020423346287294,0.0003758813136458001,-0.0003699804411949007,0.012963019902176298
-0.0029093263674550007,-0.06180257527073496,0.003038553391552401,0.008914791175333399,0.0057147236562873,0.0111013256547354,0.011142085404513002,0.005101630110401996,0.004659116383547199,-0.003228928194742,-0.0047227666932161,0.0015925140721447986,0.0014723359927181997,0.0005368876897142,-6.10492294839983e-06,0.0003140187260403972,0.0015966007616074005,0.0026442862031365,0.0006821513987703,0.0039122020991538995,-0.0006652517617001998,0.0005032222820444002,-0.0031760423666038,0.0029808909178216,0.0012236294717845007,0.0026939524627038,0.0004952341063124,0.0009747746621804002,-0.00027292276518979964,0.0019986188470583997,-0.001565394749454,0.005055767622482405
0.0005455511778404,-0.0006047759315197998,-0.0018067631246877491,-0.013346803784296198,0.015849058702010005,-0.0050481372626177,-0.008406451838974899,-0.0014039135108762004,0.0145969197797707,0.0112285327640701,0.0012143871192206003,-0.0081377736941434,-0.0005563898236877994,0.0005786396974826,-0.0005945611727419999,-0.0054053358500729,0.0003225585383032003,0.0041829370983959,0.0006876276622415,0.0009307531300425994,-0.0009390117350221994,0.0005590255727909998,0.0024456847364985003,0.00016929247717560082,-0.006030697157879,-0.0002764990877709003,-0.0007931247075616999,-0.0021463939096984,-0.001882853454137,0.00031766920476020014,0.0063906243404514,-0.002639775955366499
0.0006878644398909,-0.0017134538915610001,-0.0014994164217224997,0.01988279307671892,-0.023256351605634502,-0.0095205231660434,0.016180934148466296,0.0410297115034675,-0.046947024166332105,-0.015048325627776197,-0.006653373155894499,0.004740445493436399,0.023151426993363002,0.001092296861401,0.011170130008599498,-0.021232557736777,0.0008937872049725004,-0.00047028562492379975,0.0025400143654772,-0.0017870907327793995,-0.0012477056749345006,-0.0014010286594625001,-0.0006045834070966989,0.0006996215023949998,-0.005870697006716499,0.0025404817484975008,0.0042826519654087,0.0071289180820404,0.0010897204908393004,0.0007623024183006,0.002155345989716499,-0.0027760294153375002
-0.0016471447855382002,0.0013435635627521997,0.0027641082711949002,0.003284124777360599,0.08917331789068711,-0.011804577987162793,0.023843185518615896,0.0005586590108512951,-0.051443258614487605,-0.0133754450561993,-0.007323301307890299,0.0014542928983843004,0.0017570905860003001,0.00027034474238570006,0.006075949322218699,-0.04280030754655831,0.0028642537062309,0.0007020322956067001,-6.0921399940300084e-05,0.0006559934550484006,-0.0061175341992891,0.00017105485140329977,-0.0047216342862256,0.0017700787550793996,0.0001713454894886994,-0.0013264833494038,-9.273630690890015e-05,0.005060489220809199,8.408186310510015e-05,0.00021205849928819997,-0.0006652305446853001,-0.0008374493322210004
0.0016068034351185995,0.0011554978467088,0.0019584411277232,0.007701315978797701,0.0009197721164375047,0.03804579629419336,-0.0035912950011153036,0.003920909364651698,-0.040664535543825195,-0.0010648759339440001,0.0009134047878450995,0.0019756585267957996,0.0019620763599392,7.391273366760007e-05,0.0095878775118891,-0.019511969276067805,0.0024990113328776,0.00046676040060520015,0.0002876618123201001,-0.0003176586005950001,-0.0020996692555046003,0.0014950223303066001,-0.0050187379394433,-0.0022000222683783996,-0.0025447407750680993,0.00018384597545449992,-0.0009374750066504002,3.999734713139996e-05,-0.0014788147443884,0.00031165984196609986,0.0007179603003721995,0.0036064089201794
-0.0031388453764686994,0.002390584673095,0.0058479405444259005,-0.0007793128286444004,0.1026555994320006,0.013479545856165509,-0.17201326695785385,-0.0034746059178134003,0.029035287890806595,-0.004486020461358899,9.996145303119847e-05,0.008369911409637696,0.00018182824570940007,-0.00019981078826620006,0.004974619084298201,-0.012399030199339203,0.006570875883652599,0.0010836050198950002,-0.0003469421342133,0.004382848619099,-0.0066202157682322006,0.0025896411475694004,0.0006037638691052012,-0.0014210725280873991,0.0070447660490307006,0.0014908499483131995,0.0003739562349174999,0.005375324034358999,0.003531070552075799,0.0011004925190302001,-0.0025742018868690005,0.0062708523809290005
-0.00021353357156069994,-0.0014497231906920002,-0.0009071509017809,0.0156831776031712,-0.0052948591041519985,0.0014980233008054997,0.0112445469201371,0.05068771194890487,-0.032924337089841195,-0.008285513008185901,-0.0023770118791528,0.00039519204765189886,0.0025579085546736,0.0007049692504949,0.0022977432713242995,-0.013488146490987504,-0.000451140319311,-0.0011889038224463999,0.0016247722975501998,-0.0004785384828096999,-0.0049624293269981004,-0.0007425983375785998,-0.005346230015717401,0.00023128717578009984,-0.006177263400158799,0.00038692469640720043,0.0020125201015724,0.0022788593158146013,-0.0019923850509294,0.0003129334942065,-0.0019107065340000003,-0.0037260994521919003
0.00025593498318389994,0.0009025445071410001,0.00025520206216889997,-0.0178108236460601,-0.0105388961661078,8.362311583130083e-05,-0.052712960453485294,-0.0043066684195616,0.10220520919710574,0.003938588297309101,0.0053034165317902,-0.017113167013962302,-0.0024598550533299,-0.0006220874091531999,-0.0032687170882960003,-0.0017126243959406998,0.0032705238939511995,0.0022763536843316,0.0010164635100106002,0.008168288585445101,-0.0155340784839845,0.0022973751765199,0.0008014606273184007,0.0074184526750992,-0.006672721188587102,-0.0030157867057006996,-0.00020902343547830014,0.001258691338339099,-0.0028608280657871,-0.0004754669329895,0.0010422948380731,-0.0011807185651937996
0.0034561281902712,0.0003370359017687999,-0.00012807678668190015,0.024890023926361,0.007517662938985703,0.0007954932083956007,0.002933294058091101,0.0035809755630114015,-0.0057772255043578025,0.039108758442608416,-0.005995530083385499,-0.0386086541130828,0.005565088333859198,0.0002540658518115002,-0.0037918445649466,0.0010884024208474008,0.0013200659249408,0.00042454922755490025,-0.00013891775771620002,-0.0023572286364365,-0.0008515247668491998,0.0012725188568246002,0.0017325886780921,0.0024054978129938002,-0.0029751831392349996,-0.0020315429917368002,-0.0027909094491619,-0.0201683690964885,-0.012507588876879,-0.00044841193130000013,-0.0005947118433756999,0.0024835702052162
0.00022800330511159967,-0.0007910868281796999,0.0010363852273002,0.003193965870978005,0.0006167635551892967,0.0019462992819786994,0.012779153361556807,-0.0088745728546221,-0.007178264904703101,0.014556360560852404,-0.10319862475607344,0.008048492830369302,0.0354563725714526,-0.00029673013041410013,0.0023297138614992007,-0.0033183087717420026,0.003936926321132,0.0025577218577284002,0.0018024192322141001,0.0003302643453567001,0.0037929273169175007,0.0007663819767762003,0.0030520038434227997,0.00013472003070400017,0.0025186365253108012,0.0036851816007354003,0.0023621464285947004,0.0030838699034272977,0.008965175696770099,0.00042607776077560004,0.0050744998471376,0.0009771251324434999
0.00034595504782850006,0.0010209557658921002,-0.0005999273874187001,-0.005453148925346301,-0.004295752543169301,0.004884753999090401,-0.007657205847011003,0.0033024736540468985,0.002435406582727999,8.436191637269976e-05,0.0012261955696931002,-0.016564574577512814,0.014058824298697897,4.2814741673699846e-05,-0.0008206884934187,-0.00032438854823689956,0.0029656706337564008,-0.00044583052588890006,0.00016890788660589985,-0.0014523148696122994,0.0041314661114689,-0.0020452068283693,0.0021479753042930975,-0.0012365389348916993,-0.002906584176263701,-0.0027152180605671,-0.0015386907374390982,0.004041450120633502,-0.0013388385777845027,-0.0009932588473027001,0.004605207402938901,0.0049257488445128
-0.0010703727612291999,0.0008310364880551001,0.0011598541081150999,-0.004538950297582001,0.0036551737114508057,0.004267251822571201,0.014347128611973202,-0.006301189461950699,-0.009521096637075899,0.0005921903753010951,-0.021531093101221796,0.03315898895997041,-0.03175491115654422,-0.0008481800181973,-0.011379685381233299,0.003397639732308999,-0.00014837440370319994,0.0020543088218972004,0.0016908828920406,0.0039016687007857,-0.0028678813604438996,0.0004786450407180999,-0.003708402740869399,0.0015292808600779,-0.0007588895315687998,0.0008586320555622,0.00048773927617459974,0.016417749228123293,0.0047689370954997,0.0013582118655511,-0.0015461981073815996,0.0010199053128250998
0.0015681052765881,0.0008201404346660998,5.6563039103900165e-05,0.025338015698658095,0.006026418391954003,-0.005727769913556901,-0.0016986489701413011,0.0126165362749373,0.010565417032404302,-0.007615263864633199,-0.008954961655433701,0.017999748166786903,-0.0050630730816711,-0.07481421800321864,6.120633547179732e-05,-0.00018473272650160015,-0.0012207101296034997,0.0005708565118208,0.0006007103867610997,0.0014848813992829994,0.00041678823526019974,0.00021120896491360003,0.0001433642762930995,0.0049575409468905,-0.0036569634054893,-0.0044994033270395,-0.0003107748648816999,0.020965985010801602,0.0020753134674857,-0.0003127319939317001,0.0024334217826161996,0.005147030303406399
-0.0007517369979083001,4.67782336206e-05,0.0009853758870424,0.0194053897357785,-0.007089580371736997,-0.005771587785952499,0.004107075862114999,0.0094071026442322,-0.003503266143354701,0.014993488074130102,0.0011326281039370986,0.0351439028974353,-0.00010420386540700016,0.0009766819338732002,-0.08808977797603834,0.0032879430815761,-0.0029750274549153,0.0024002963297635005,0.0010154154472899002,0.007402960271079,-0.0094117736878584,0.0015500562547321002,-0.0096442356187709,0.003729901501554801,0.0019289783403468996,0.0018026345774982003,0.0011900044224504001,0.013683951481495298,0.0018893902482763998,0.0009245944314906999,-0.0005195336778076,0.0008561738200319
-0.009103005359509201,-0.0003003497155675003,0.0026202346227989994,0.024498206285333998,0.0480252585207008,0.017750191025907396,-0.1051998383782385,0.0381428824671523,0.07295486592210161,0.006248805100610799,-0.0020141953724035003,-0.0167759657418019,-0.0068936113009974,-0.0007167032007345999,-0.0026201031384826,-0.0698850231181048,0.0026986874449373,-0.0036022797547609993,0.0009948814458760002,0.009048449928652199,-0.0053069684172812,-0.0030855280848094005,-0.0006116864097814,0.0053947935311588,0.005283992642736901,0.0013477470941504997,0.0034895764107861,-0.0124606187741087,0.0069998682495358,-0.0006778029299671,-0.0014832063555112003,-0.004761554640379801
0.005841325444602899,-0.0013076538688964008,0.0031149497764643994,0.0189452686045307,0.0008833036912919978,0.007246435874410099,0.008936595980268101,0.0073930999991842,-0.036335352467984,0.005992844114108,-0.0019681497546193,-0.0094334669197998,0.000549574918104501,-0.0007324084838042999,0.0079378306346555,0.015679323190357402,-0.0620108937473568,0.0034449080865747994,-0.0008749547616616997,0.0148330007493905,0.0017973548799459019,0.0022680632731721002,0.0003917808352215998,0.0036456389556188996,-0.002995228177484901,-0.0006657633352528001,-1.7609652308999812e-05,0.006282031812020399,-0.0023310048299518002,0.0006474906309006001,-0.0020636563318298996,0.0049053208801281
-0.009830550803121401,-0.003891883096927999,0.0006095420211557,0.0188145678048142,0.030198594340988903,0.0042621802733093,0.037004712814957805,0.0155063101444586,0.015590987032181997,0.0163464267409226,0.0062856363585177,0.002350864575112098,0.0012456579999802,0.0007933260914828001,-0.0009864859572355999,0.0037461152826712,-0.0023245903478737,-0.09452268474096981,-0.00027234302325970013,0.003609666769715499,-0.0105662878230934,-0.0029021980157581994,-0.026018573868988298,0.0010552795768988005,-0.007711066523449701,-0.0008616915897796005,0.0005978921666202001,0.005776058442556999,-0.0017529168088707987,-0.00033463423095809997,-0.0014050487097287002,-0.00041286289632939954
-0.0015681102254415996,-0.0005609993514941001,0.0005245007776679001,0.0013814421745230003,-0.010786418268172303,-0.0071127101748032,0.0003098571143597996,-0.0045078630282359995,-0.0237299239004695,-0.0013389657816033004,0.0009518194742624995,0.0096046745940699,0.0019095196724979997,0.0010643574583859999,-0.00029821801373499995,-0.0149796135145696,-0.0038092536291516998,-0.0013621730642297,0.01638294977840493,-0.0068187278166818,0.0185751749611156,0.0031514847776039,0.0157495400737377,-0.0006920762971095997,-0.0064999123688612,-0.0008662445191391002,0.0024211029568417,0.0064207500042671,0.0059490458116482,0.0013186822517213,0.00010577503015540054,-0.0008894669575649997
2.7086124464400542e-05,0.00048364966145769987,-0.0024558756362841002,-0.0045907446570447995,0.013900650608684402,-0.0053348948631223,0.029424527253217196,-0.0006633551208836009,0.006433091451018901,-0.0103247056430949,-0.003925250729864301,-0.011269360323395997,-0.003737696769459801,-0.000696555211535,-0.004712663857602599,0.008711842260511702,0.00017853348085910062,-0.0023780426693594996,-0.013222330741685301,-0.012092845782348205,0.0017299032212707982,-0.0072305916160256,4.202013930940107e-05,0.039198426696610396,0.004161905627362801,-0.0024469636016646035,0.003156698533270299,-0.006823915179292201,-0.0025459334415806993,0.0005426716069415003,-0.0142012904318567,0.0006620096111213999
-0.0011416224781944,0.0006107026712433004,0.0013244350916365001,0.003927431742866701,0.00013452861058950438,0.004087487175909,0.0027449332256932017,0.0063165220467549,0.014454744495997103,-0.0003574151841601999,-0.0017532601179984,0.006222182257876904,-0.0023380402220031004,-0.00029121318496970006,-0.0033200459182107997,0.0023324715792442993,0.0039024497081647995,0.0063010498265859,0.0018820642548102002,0.007158377392289299,-0.05284776870595376,-0.0005302644834156,-0.002253575769756301,0.008542750031764607,0.0032827575761585,-0.0067132429204352,-0.0020736860878339,0.0066573781605387995,-0.004608401087476,-0.0012457291692112998,-0.0015330200967188998,0.001125019578214502
-0.00044629744283159953,0.0017158631298671,0.0011928450841800998,-0.0014773141637566996,-0.0060891597307990986,-0.016864743781094798,0.0123159540099573,-0.00025315381081499923,-0.030559445943634404,-0.004426735754292501,-0.0028621553472166,0.007650902612590198,0.0013037485246605003,-0.0009761615058710999,0.00034745643545169933,-0.0086659589041573,0.0028688025145911997,0.00027045045613119725,-0.005633035547147801,0.0044855980978145,-0.0019603044361995014,0.08996731515790407,-0.011200122260182802,-0.0027013132178175005,-0.0444612895772834,-0.0027099499543012,-0.0012276611213177992,0.0127261585796081,0.005003366688142099,0.0023952985190393,0.0066187158221692,-0.006347673133388101
-0.0034834308428123,-0.0017509248185621,0.0013452073329177,-0.00044774036625930096,0.0147515082934822,0.007328955729926201,0.021443067346287203,0.004370535221390701,0.0643179568228417,0.002357194489449101,-0.0015722600245371,-0.0077174250379742,-0.0022397734232463004,-0.0008861724850195,-0.004734473193864001,-0.002271376835328902,0.004551391585858,0.0055523649003635,-0.0021750502611276,-0.0063570284411067005,0.011677392346532103,-0.019559188143920003,-0.0678636372224678,-0.0015234333176279008,0.0109347939947688,-0.0025501543000259995,-0.00012935476221949968,-0.0048333370122653,-0.0038417433793296006,0.001261840806923,-0.0039925936150644,-0.011963111387981805
-0.0011889819013927,0.0008896135739346,-0.00037661204477410003,0.0038339679363481004,-0.008431984880269201,-0.005560135081945399,-0.002390717864075402,-0.002711567791730001,0.014164890730791697,0.00016895660280499998,0.0027939456880781005,-0.006826041989465098,0.0035182735135415,0.00019448345930259993,0.0017625698027493,-0.003537533774177499,0.0002105342398719002,0.0009280760920943,-0.0005412162697280001,0.0043005227453498,-0.026346471882237203,0.0058100164301649,-0.019037524613031397,0.04560132729669636,0.009626658563841498,0.004572147198038799,0.003045295090291899,-0.011284242993928101,0.0037206553910689995,-0.0019317433166425,-0.0142487466539939,-0.0007284132975784001
0.001417115116537599,0.0007361110026904002,0.0014352343040369,0.0103025062771043,0.005961050252414099,-0.010796790817318899,0.009407510210347803,-0.0031925878238253,-0.011261167274762802,0.0052262687339232,0.0032244829642099995,0.0014080365982436019,0.0016327145431133004,-0.0004691524496808,-0.00018553050181329984,-0.0005137475576626992,0.0020949532432018,0.0008324084835189998,0.0011334751645243994,0.0008510917036587008,0.0007214665509617003,-0.0084189283025051,-0.011177336061963302,-0.011400887671535197,0.014840451586862757,-0.0028237732655453,-0.0012599206419767997,0.0099119185245292,-0.0071057327141464,0.0007987160765203999,0.0026692099315266996,-0.005999166185190599
0.0004195714450102002,-0.00032198975305730007,-0.0006249614435107,-0.007308606733637401,0.0109444703926522,0.0008658698936528002,0.0108884042237848,-0.0025170833576795993,0.0181405884064783,0.001764692697907199,-0.0017294321200801007,-0.0017973288977102958,-0.0043873525375185,-0.0007096520839607,-0.0068829606282820996,0.0083570295657207,0.0007142631275828008,0.00025718150833829983,-0.00033310842988210033,-0.00030659877658850004,0.017107786567077,-0.0025118843282498993,0.0134584191473427,0.013420533663474298,0.0068066025145797,-0.05962028209072734,-0.0006912978680704007,-0.0045465474821406,-0.0058063223225161,0.0008782046071535003,-0.005557029140964499,0.0016288202338218998
0.00033996732493979994,5.369494506139998e-05,0.0008406517004634,0.014185278033617299,0.004625237376124802,0.0017954654906725005,0.009800689807746201,0.003780002501496701,0.021224345809161792,0.0065622702809402,-0.0052359241907952,-0.014556521715184102,0.0013228509913015005,-5.3114271502299965e-05,1.9386688354999446e-06,0.003479755733502299,0.0019620611840082004,0.0021649312233948,-0.0002147842673731002,-0.006011837998642702,0.0046704059316758015,-0.0031261884939576,0.004104533196021798,1.080986238550033e-05,0.011836937436015299,-0.02553372521682991,-0.020122543127252868,-0.017784531680928202,8.93044520560056e-06,-0.0006674092819072999,-0.0021368130225237003,0.0026726353243268996
0.00011427466056999989,0.0013487059391301,-0.0012504245612412002,-0.002143065954001995,-0.014738202252728497,0.005746449016579801,-0.0167987667166666,0.003892355254817001,0.0035755338557661026,0.002895839316380499,0.002963427534608999,-0.061184830167230406,0.005621585625918302,-0.0004375664985809,-0.0025904382786262996,0.002820451501969,0.0033131110342822997,-0.0001264323856232999,-0.0005364881503257999,-0.003986075247878201,-0.0004646323467706985,-0.0021139448566044,-0.0017760096067531012,-0.0014686702021720999,0.0001664499668029007,-0.005727760097540901,-0.003965640940029901,0.10526136903480576,-0.005100527679996698,-0.004901906346294901,-0.0088123239237579,0.00040415347119310014
-0.0012338165449287002,-0.0011017704473191997,0.0003493792687364,0.022502088817347096,0.017158104167419697,-0.0001636541512159001,0.022482026907829702,0.0033760308945602995,0.030227372492747193,0.0010570755182463983,-0.006727495264304901,0.0229220453525415,0.00026688817375560003,0.0003587929022916001,-0.0016939782340791004,0.00021938360630099907,-0.0016225700452469991,-6.137522782929993e-05,0.00011356897033369998,-0.003946346930404899,-0.006760381912835001,0.0020605199897209,-0.0089522127149525,0.00045918177130480076,0.0242927805269999,-0.007281340572798899,-0.005319754601673901,0.0171893973074863,-0.09154506062363393,-0.0039624318101306,-0.023345540802539005,-0.0013169067837297994
0.00093420786578,0.0005231266149414002,-0.000639289015307,-0.0088899039059438,0.005298843412320696,0.0039937789552309,-0.005316498608685501,-0.0018985393996942997,0.010006279083368498,-0.005806124230979401,0.0009850222156649003,0.003022979728607999,-0.004346631704228901,-0.0018406967777495,0.0078894176870961,0.0010016054169637999,0.0014245741834529,0.0032122637094355,-0.004900236804317901,0.0028160970212957985,0.0026937362198681987,0.001010849519198,0.0023262264951161,0.0012654294309948997,0.0033288684225394995,-0.005839934049755302,-0.0010563535707715996,0.0075051065808261,-0.006716965678912799,-0.010815478113942678,-0.0025072177368368996,0.0013354570344243002
-0.0009198961509685999,-0.0005024143752290001,4.667401486840015e-05,-0.0038764444560558005,0.0055854592903943,0.0005356722383720001,0.004893949940944799,-0.003848849835211901,0.021201698964336303,-0.007009947879936001,-0.0009884350623725006,0.0008878037928277023,0.002086855265734499,0.001705585747374,0.0020099024770258,-0.0021049747628808,0.0033989951392744,0.0011969637475118,0.0009984626574950002,-0.002158923190854799,-0.0048727467410277,0.00017660720513949964,-0.010040378455035902,-0.003848812957379299,0.0237807179968298,0.00043238661237830073,0.005048072089541699,0.012507094522612998,0.0004917061921202986,-0.0010608251460217997,-0.043611593991928266,-0.0021403648898795998
-0.0012043012654902995,0.0001593008757955006,0.0026698842515129,0.0161731006409325,-0.025667799892066197,-0.004954297560612102,-0.0328461419409838,-0.006550575220847798,-0.021994115569680103,0.007175471849933899,0.0016828155188962001,0.003919998592256398,0.0028997510521797006,-0.00039007961395809995,-0.0007726842989937005,-0.0141009313382864,0.0009716479217301999,8.295921501239988e-05,3.5199692726899795e-05,0.013103263240870702,0.0055351647691341994,-0.0045240616994489,-0.0029851160114848004,-0.0009578098109928879,-0.0036695520618163988,-0.001432112711149,-2.6711749730600094e-05,0.0076335192732415996,-0.0031661897910156,0.0007288715595272,0.0005091773357652997,0.06196235474704159
