0.117534309110906,0.0157253321751997,0.0024368803986324,0.0439942086336056,0.163313514402344,0.140179221493104,0.0274396978454095,0.169326800640342,0.045377557908744,0.00199421921040357,3.96509408574784e-05,0.00365192016772304,0.00199423787619254,0.000341544190342355,0.000541968668560661,0.0728309550285813,0.00611565702912751,0.00741299301371995,0.000550150028708201,0.0416588444929808,0.01546031824825,0.000962339226397285,0.0173793618840819,0.0642965671732371,0.0118929614322953,0.00238603990472744,0.00414596183997224,0.0127847394270203,0.00111132438941126,0.00102387510383461,0.00544299085635286,0.000653857258934751
0.00180475412758616,0.0613567011218714,0.0125893998360691,0.0334216440432638,0.00252052986907757,0.205220454140455,0.0719796550141429,0.111906583542074,0.0607860422482927,0.000915384836077021,0.00463944572152346,4.22036313934002e-05,0.00145284162970491,0.00108803528596851,0.00328389094192432,0.00433137125584814,0.00359560956773186,0.00132522375650049,0.00100947637806682,0.0726049270645911,0.0454617349301912,0.0512721883093617,0.103224474462575,0.0972535403397069,0.0131246572101382,0.00667850351760461,0.0059042440152999,0.00798217050538213,0.000111504446588896,0.000308586338438161,0.000227470987489993,0.0125767509250601
0.00335120456979602,0.0311049375344998,0.223117328192584,0.00853632369018029,0.0552311992351206,0.0729147933875279,0.0535121461901277,0.0401128648275833,0.0485480371893943,0.00792476655321669,0.0350807341015608,0.00150630325795617,0.00966980900056432,0.00622448924171842,0.000711542951572427,0.0175457332511794,0.0049630227631473,0.0010594761357382,9.83854346666154e-05,0.101167358373234,0.0181231871100963,0.0132151176753163,0.0595848577371252,0.126564374114708,0.0262469689711945,0.00919084169028695,0.00244126205093549,0.00764014196844932,0.00155635514036875,0.000629200491992901,0.00136335133646759,0.0110638858316902
0.000871268154609057,0.000296900154934684,0.000265454808412425,0.0536198504084368,0.0392136564330889,0.130072167545179,0.0242067856230917,0.482480615226789,0.0243838050278258,0.0647844796693812,0.0115960795405353,0.0231223756978975,0.0203974919104825,0.00166852448901773,4.04596493689744e-05,0.00332568704612147,0.00232633275413678,0.00309605745307777,0.000178762630124484,0.0190847686966598,0.00550208846120693,0.00428954681646576,0.00378615576114947,0.016350351208262,0.0154335907297916,0.0169040186848662,0.0114004218576453,0.0106388989065406,0.00240724180277828,0.000592403294832163,0.00240168022202093,0.00526207933526936
0.00398384219330727,0.0123464219490818,0.0045909310379432,0.000672372138446623,0.420299913311541,0.0362173535168951,0.0215166590624562,0.0103275212480587,0.0206612756209372,0.0132110870701748,0.0235058960535767,0.00189761204667995,0.00161798232073242,0.00365336173212278,0.00167923308474489,0.0404936523742153,0.0010807945918288,9.5135606961112e-05,0.00363783562060463,0.090543966585525,0.03014611370596,0.0257291445676532,0.0489618008804908,0.126309881240547,0.0265143619319075,0.0102419136629872,0.0137385154103965,0.000471938398544167,0.00347434942002222,9.94649164227241e-05,0.000474998808139806,0.0018046698910955
0.00627758900444554,0.0191440737075389,0.00800710495416985,0.0104113706071017,0.105571091240328,0.135080118835091,0.00964132808870869,0.0672975292998652,0.0141264906275858,0.00928604354538806,0.023773700542294,0.0045277273476442,0.00776219711488006,0.0042296607101737,0.000824119815984688,0.0280789753503726,0.000332595552584259,0.000694411711875187,0.00508224150308519,0.156136641674965,0.0273376417280814,0.0216596389429454,0.0599771877118989,0.182289082396828,0.0495666369454734,0.00897336582998959,0.00212211872512236,0.0133900044631697,0.00341752015402677,0.000894163411712259,0.00257300738764737,0.0115146210690234
0.00568714314592383,0.0098150560572133,0.0113539031359305,0.044388785580544,0.0237174960858395,0.10254915483647,0.0620406793736705,0.172241724257792,0.00174595838773763,0.0170899984822934,0.0139507935706792,0.00167464098046061,0.00169801468486992,0.00710038536578346,0.000354453794659506,0.0144150845548019,0.00159030207720356,5.102127410841e-05,0.00231217138025725,0.131395420338823,0.0447504899361239,0.0254011754806538,0.0788390258980502,0.173010345643983,0.0185710049001315,0.0166148137155187,0.0105653516229153,0.00297657275637879,0.00147577781153021,0.000435635380501671,0.000587758340047581,0.00159986114910338
0.000278158060915578,0.000456047575235539,0.00101622812180337,0.0859657107362826,0.00425784287590722,0.0187848134051193,0.0040410297198336,0.640884873937133,0.00976401019769854,0.0375095612408048,0.0047497957354275,0.020916455883385,0.0154616097792647,0.000407954050855116,0.000200728063416658,0.00252949719629933,0.00240153250453215,0.00257017286729103,9.62334679649007e-05,0.0274367409212601,0.00730581882867709,0.00628379488122093,0.00591702975107157,0.030721355535728,0.00553023659664281,0.0195796004245474,0.0176553543238656,0.0172093326747074,0.00220153268923842,0.000720932073564733,0.00214086963500744,0.00500514624529839
0.00248811657005643,0.0112406995312843,0.000611457956508877,0.0163476650991804,0.0359010832311338,0.151159841146166,0.0053313412264163,0.109523289785081,0.198254947687406,0.00687500270590091,0.00732433118162442,0.00317971700805382,0.000936969928377851,0.000671498199207419,0.00403480117383378,0.0220140414974717,0.000121966752404917,0.000524999251775495,0.000456084248961167,0.0736602655774537,0.0350907490323326,0.0601690755170204,0.104179575788315,0.1144926077313,0.0149664940771797,0.00245807343050602,0.00286223965033942,0.00505061583930861,0.000794810353698175,0.000673524614126779,0.00154547564327891,0.00705863856429502
0.000383537037567992,0.000116382745465048,0.000388919363805784,0.131237881556447,0.0783308554596715,0.0997408122707298,0.00753644417658315,0.297493397200827,0.00675545295117347,0.265173053358664,0.0153431447773522,0.0115646569293971,0.0148438093479414,0.00737109928744949,0.00664517235779856,0.00603427061522729,0.000371330697781418,0.00100117351636789,0.000552571924184557,0.000484470005303046,0.00167952720333502,0.00190291113276326,0.000148665379424171,0.000610427284454653,0.0102910599170519,0.0095645224475648,0.00671045493166397,0.00553355946976181,0.00141075816126587,0.00167766596113064,0.00176460122088367,0.00733741131096293
0.000150326093857245,0.00130768044012834,0.000432327195298287,0.119574719948909,0.0860296005788357,0.0833327722089751,0.00546091859394541,0.297108816741853,0.0100387172995103,0.0452345023648847,0.235761482303953,0.0161097286853189,0.0172322703186736,0.00882420791243796,0.00592981843439717,0.000667745410904716,0.000511383006499301,0.00135104275732337,0.000619557368142744,0.00215848118517073,0.00134076012785411,0.000658973987770402,0.00162212169705649,0.00182461725855886,0.0149026380168345,0.00954198300987138,0.00632487129924838,0.00914078393643033,0.000311998784367847,0.00303343689436065,0.00145295584855593,0.0120087602900707
8.04248444549702e-05,0.00510814295255167,0.000213383423817587,0.102455373296128,0.0711675942901023,0.208189903962308,0.0664124049285878,0.231474012369368,0.00651447989678568,0.0267303687786355,0.0323025219972755,0.0559288412643481,0.00907900817513433,0.00021325092875285,0.030500039303371,0.0102504455549272,0.000332718913597713,0.000521497307212547,0.000411233336251849,0.0400900440995736,0.00496558636415177,0.0034007134621457,0.0178565911487111,0.0289582953456627,0.00211751456350979,0.00533977988387853,0.0137570485446425,0.0135372674263717,0.00200933156525296,0.00144286552835359,0.00712245463787365,0.00151686190626134
4.82241025678577e-05,0.00300386698980712,0.000818621048073146,0.0648856279731888,0.0613636370803402,0.190631185041086,0.10142201929011,0.171679873660245,0.00488787761341791,0.0030412970319735,0.0294170458563716,0.00599149197211206,0.151338531794389,0.0070958012199578,0.0261714581577924,0.00472288791643988,0.000150649751114587,0.000406876573757345,0.000511213710219148,0.0393257256180558,0.016634075837695,4.81415857484046e-05,0.0101829822589114,0.0375386569856514,0.00133146764074472,0.0124406116153819,0.026979962609762,0.01612754964335,0.00117423772427045,0.00345680435324957,0.000577362941818996,0.00659423440239724
0.000152406326507382,0.00115442911617607,0.00186272665536245,0.150720638713905,0.0739051693897423,0.222997937996874,0.0140605892281401,0.343016186116033,0.00139603481160204,0.017159893577658,0.00159624544978914,0.00434007046489112,0.00893437107638255,0.0705289516101238,0.00244022352038405,0.0184544809766208,0.000402882878952245,0.000772176979681423,0.00027815676549885,0.0157941623952581,0.00508732745499705,0.00111922128213564,0.00361238877509718,0.0200150028501963,0.000979100005932601,0.00560095333882826,0.00771398568405834,0.00144112673179536,0.000587475963908807,0.00169314088108896,0.00160598478001985,0.000576558202359518
0.000219297668818275,0.000423888708480658,0.000367246374859026,0.108540390016075,0.0925186208244476,0.200141067064809,0.0421736312191132,0.249896198818321,5.71341641133746e-06,0.0229516445540998,0.00677787703327479,0.0043239017389849,0.00490515705672171,0.000350971883329449,0.127973356312324,0.00659563556734877,0.000319837612314546,0.000122413300987407,0.000373244376351929,0.0253847437577725,0.0127512416041715,0.00138389592944595,0.0044277380156959,0.0279145598404767,0.0119024284275828,0.00759931359399078,0.0179156777627466,0.0203952359027993,0.000106365982997309,0.000223219807738755,1.00067580062152e-05,0.00100547906950336
0.000523132533288632,0.000552892017407274,0.00382455548458418,0.0654951726210286,0.0480707676845454,0.0892084028691383,0.0177466615193569,0.200369020491148,0.033549131815762,0.00565399781372634,0.0126288347161855,0.0150219527146005,0.00168736444844577,0.00540224398812183,3.7430531280763e-06,0.171664451405457,0.00175887099611939,0.0020580788089512,0.00183586782577731,0.0723906962100552,0.0216635368318874,0.00433714903267467,0.0471886969558978,0.0819339990740593,0.0306511352106285,0.0166487726540763,0.00577300922072193,0.0369128210597082,0.00204302931437441,0.0012804259329715,0.00110875470606121,0.00101283099011106
0.00265272667273616,0.0201394976147372,0.00971395273194347,0.0320030922877675,0.0410561893119596,0.0524477259289793,0.0070940220080785,0.0908861468684286,0.0239306480962906,0.000430956547556334,0.00366054171576112,0.00295439727090388,0.000204099791496423,8.04029349914664e-06,0.0010892843013032,0.0161182990312014,0.140593028249917,0.000715452864451523,0.00331996684258603,0.168640294410382,0.0296770535805729,0.0305016941468152,0.0708769479492082,0.184602584839632,0.0247770751593404,0.0171317136112972,0.00805212489738836,0.00202695984100463,0.000116787449247743,0.00016298061070713,5.13425901551822e-05,0.0143643724846516
0.0028067959098749,0.0301500197364819,0.00563960561392215,0.0685314875803744,0.105763786210469,0.0718419388074196,0.00912129595955828,0.182958508049588,0.0336617721833223,0.00910516925750275,0.00189339713466688,0.0081302497635105,0.000769752333587852,0.000752670271470666,0.00041470562407937,0.0483571332734352,0.000849926220105767,0.0789599014567343,0.00142838510575828,0.0721799017499879,0.0218535182285407,0.0270130489258877,0.0604610988674262,0.0887824841752259,0.0244134251536632,0.0229913271409059,0.00695046859895052,0.00365838775420249,0.000440744191358749,0.000162044471979235,0.00179820259608537,0.00815884765392436
0.00276868304609168,0.00732203895843006,0.000769593621093391,0.0250806089957185,0.0113240024053433,0.059848917407903,0.00902434290738286,0.0737043567149286,0.0134771598677513,0.00520527911306707,0.01045029240034,8.93626979195352e-05,0.0058419463942478,0.00101363669487339,0.00552431058291612,0.0104113687603472,1.50328016703935e-05,0.0040566908219654,0.267087506687255,0.11152560656341,0.0635072092914285,0.0280925165779941,0.0635079584828,0.151163605786718,0.00290663043332085,0.00511973676276491,0.0131432492057805,0.0156767452706619,0.00136508720020247,0.00522361075805485,0.0116277154563127,0.0141251973313076
0.00398926625229669,0.00814609193330456,0.000235038144331017,0.0432691146272223,0.036535543644731,0.052789090150717,0.000556396279216246,0.10400857518553,0.00508940187305151,0.00883464005366553,0.0366438469955542,0.00671914050148959,0.0143904943332632,0.00353087068795459,0.00288793029477003,0.015955079539146,0.000170094094252849,0.00217746862477129,0.00103814669734591,0.267809171056609,0.0235467880897872,0.0699908815792872,0.145100531616189,0.0613288126557645,0.00106174845940021,0.0361521189364293,0.00849679894808013,0.000395623659311075,0.00180899523925429,0.0155404833861454,0.0122907249122353,0.00951109154889345
0.00386131550238423,0.0140834116034264,0.00581389834618912,0.0110698953349843,0.0391821314086295,0.0382318900880889,0.0061678358312891,0.045760149174669,0.022123451812356,0.0320183693978271,0.03208710551074,0.00516435258814034,0.00641190812999281,0.00406843277554488,0.0031137943920267,0.0309668816321585,7.28572264438972e-05,0.000283185403582584,0.000799988916192561,0.0698746480761613,0.164640318478036,0.0728225627593521,0.264923917698186,0.0394035215008431,0.0200589622861538,0.0224395979294538,0.0119940669653497,0.00899400391943714,0.00384941795067392,0.0100111731506714,0.00542879183421889,0.00427816237679681
0.00298252591151617,0.0316385624109539,0.00841652332121232,0.040998953851258,0.0975114353749946,0.0939179499181544,0.00909783316822109,0.199594333824294,0.0299603701901736,0.00609677685113264,0.00713446116437096,0.00692370846974328,0.000864875210623133,0.0012375782384458,0.000658851583656202,0.030635896659181,0.00182373528831265,0.00837886022561791,8.78251396473934e-06,0.0654878423721709,0.00645073611754693,0.234083651586298,0.00497523208147094,0.0345748658331847,0.0152245560086631,0.0244910745421033,0.00302502575083392,0.00469979539800625,0.00184807396077923,5.31000545012486e-05,0.00276259347378877,0.0244414386448264
4.09061853551312e-05,0.0291183715511166,0.00892340020110138,0.0310644922195148,0.0923713910458713,0.0936822631233812,0.0112740253362282,0.177677159994011,0.029809614586124,0.010169416024028,0.0119583205031826,0.00838859523255188,0.00148572481143545,0.00231011500063589,0.00114590925997923,0.0284764190714035,0.000944979874176886,0.00445706157915248,0.000999268581589488,0.0154294678280125,0.0100676905516808,0.0102794537164241,0.342704006323659,0.0218164148323446,0.0151185847338887,0.0116219665464785,0.00322641973315477,0.00865654951848692,0.00223337618933465,0.0017768576221571,0.0012397179334687,0.0115320602900706
0.00463995455420796,0.011509779940095,0.00063722917386244,0.0474298478709541,0.0406708669018022,0.0562244698303134,0.00312650566728565,0.119533570063042,0.00462656175199983,0.015213309378589,0.0531057350754098,0.00664123522907267,0.0179736326891696,0.00422040631029961,0.00338712189181554,0.0155649748594888,0.000417668350800996,0.0029001873975321,0.00168989075899401,0.0636038603688994,0.0157621110354429,0.0873421761421165,0.164526668027744,0.184699056704421,0.00216599555950543,0.0209914782619987,0.00183684065630421,0.000213624133505928,0.0030209376048701,0.0196255003009572,0.0139702713338819,0.0127285321756189
0.00320479996873483,0.0218850873682463,0.00305777129567674,0.0333353789225698,0.138204660102668,0.0581505947070592,0.0607518779902598,0.10360194885191,0.0277547732350723,0.00340509455788962,0.00350570807321883,0.0286226644251174,0.00202764150768491,0.00159922953683131,0.00170764850108352,0.0903773330662371,0.00100752945254111,0.000214725956773441,0.000459605453482373,0.0122860479405051,0.0114440380429919,0.022373162245594,0.0639953620010913,0.0232046345213638,0.243201868893521,0.0145791895592586,0.00559267103326358,0.0118401920779374,0.000307296362175158,0.00100770097079923,0.00704832829798418,0.000245435080458455
0.000866951683102386,0.00636192006622105,0.00154252480923876,0.0372531447351881,0.0488087235935118,0.0507158957848254,0.0108383166103142,0.0861561409122814,0.0153151185755241,0.00113924497748151,0.0181508598415014,0.00677463105571151,0.00986048135569614,0.00135836574065085,0.00135109447558827,0.0198378420842752,0.000181387151413277,0.00129253472824846,0.000906746168507438,0.0456384757630057,0.0272373624776806,0.0394856575934759,0.0581808846047863,0.084851074144891,0.00290083665469036,0.365514111927428,0.0355416493527298,0.00576324156247289,0.000977160505999224,0.00528091726755005,0.00330826610833327,0.00660843768767498
0.00130757327714489,0.0109520702999426,0.00244481721452211,0.0350471543421643,0.049408971559476,0.0478562025263442,0.0332315895152365,0.0798638772097744,0.0208918059638662,0.00085186697064985,0.0396876672343938,0.00684718195592933,0.0182264007323332,0.00115722903040889,0.00111789174302356,0.0232318610889768,0.000181357524658868,0.00200512865675915,0.000526610120568577,0.0764384695933544,0.0146917726922851,0.0948399676172986,0.101089828331768,0.10873349832497,0.00613161679593574,0.130158248785873,0.0708055872649898,0.0040946819153603,0.000726598762476302,0.00759511072970489,0.00405178532690057,0.00580557689291054
0.00128729250167243,0.00893923501231878,0.00025266952857658,0.0729052676018887,0.0540414527306976,0.208794274061977,0.0178796458558559,0.215756165560016,0.0127075597567896,0.0248730473583637,0.0559923283649822,0.0113472978298144,0.00710608572102638,0.000735612590186888,0.0253794977640037,0.0169421867219415,0.000795377767654116,0.000755448475168687,0.00144851769815926,0.0404640827225882,0.00342906672711527,0.00499963116201052,0.0146029155779711,0.0407796779626433,0.0103836612028436,0.00218548930747867,0.00354117068176747,0.12259849349356,0.0064184088287727,0.00516290664069774,0.00533216837116995,0.00216336442028808
0.000705851191702602,0.00596153244884353,0.000447767417534189,0.107795792754109,0.0338558312291048,0.184773321539347,0.0032592474010621,0.336161131530114,0.0190373050885581,0.0169674381293291,0.00309508612539748,0.00310060986442789,0.00581846695484289,0.00057336007023492,0.000196439132578643,0.0145550370695553,0.000318284711771692,0.000853629008707498,0.00284115030007155,0.0344292210092011,0.00602671201000552,0.00913835744054029,0.000989236660668487,0.0242501639046171,0.00815146556649331,0.011595633371022,0.00808408451479495,0.00198928461068335,0.137147463444569,0.0119451276092646,0.00293534959004734,0.0030006183008009
3.7143616176671e-05,0.00441378165987859,0.000817609493158188,0.124941405544933,0.0700534447962314,0.202327404766711,0.0103614727922935,0.330606013016254,0.000913491242849761,0.00877407844870389,0.00164930827409376,0.00334743235147128,0.000138954839248377,0.0026909095358188,0.00613080807264476,0.0161438132323791,0.000151585472874061,0.000769582074841463,0.00258226061442173,0.00395270892181566,0.000525945257991425,0.00437460133530925,0.00835561415020474,0.0043859412600471,0.00542350719347955,0.0134599804168106,0.0116269092031263,0.0015400354811829,0.00321230262331319,0.137728967380263,0.0132670328430989,0.00529595408837416
1.11631424871814e-06,0.00264240296527872,0.000590682759677122,0.10465749741739,0.0352001319252537,0.187299587977881,0.0274860387608464,0.234111741453758,0.012141499203977,0.0208136269532202,0.0109802501560662,0.00138285031019892,0.00272174175964569,0.000367596653917194,0.00907404535704497,0.00740503243300998,0.000200640485363595,0.000814042533448418,0.00243005809347145,0.0352627079593677,0.0107838639866779,0.014791291787504,0.0248607287013729,0.0385343756931086,0.00200284240128632,0.0112630825474729,0.00165098954581388,0.000703293805690183,0.000608755786703993,7.33377189180776e-05,0.196476100006176,0.00266804654621091
0.00287397534557942,0.0212550365910428,0.00302461458536395,0.0333741610725308,0.176791891364477,0.0495875560518167,0.063399277210371,0.111959669102627,0.0403637080463202,0.000760604518220854,0.00135393287403934,0.0364093070319614,0.00255447787682015,0.000549291327712423,0.00145917958928344,0.0965698943485916,0.000142204940262512,0.000416690756619376,0.000903302473254151,0.00712628178315151,0.0180681469927806,0.0428420954698741,0.114021811455552,0.0288763001988213,0.0538709716625638,0.000867944843866699,0.000976259345126695,0.0209442939720565,3.57231982478563e-05,0.00161705564982475,0.00429573186788099,0.0627086084533586
