0.586095223140982,0.00935376879565958,0.00111785010919644,0.0393564709754552,0.00714255110098423,0.00160168811970998,0.0060610652787185,0.0071797050618074,0.0079310711752503,0.11522328429865,0.00956272596216491,0.014177290790349,0.0338367352663618,5.3458764774928e-05,0.019355882055993,0.000356010904015925,0.00492178903446458,0.0258039861422833,0.00273258069439638,0.000406840818672166,0.00140600744706369,0.00750921627379768,0.0134088849169089,0.00561378149905212,0.0188025294264145,0.00596770718726572,0.00537485611848535,0.000893908770666597,0.00189599095335869,0.00135123529065104,0.00837525405183989,0.0371306495746062
0.000671019033972792,0.648069997216683,0.00241152275316868,0.000825280045590859,0.00811451202908635,0.00607280962075439,0.00728377214822893,0.00900024138069439,0.0354952709625651,0.0052689872534645,0.00125124511334756,0.0044857068852201,1.92470936077743e-05,1.23755131172427e-05,0.00576480752778677,0.00625037791676968,0.00129464209863713,0.00469844999651463,0.00700330645880895,0.0247476234440699,0.00420583107109548,0.0229706781023043,0.00703957449374692,0.0787904553832501,0.0416275188408511,0.0168364323052752,0.0188342767643278,0.00913399743660021,0.00255830007380537,0.00031648815048333,0.00705133913207692,0.0118939137540952
0.000380370751540739,0.00208134360827172,0.637388401105639,0.0562309766282131,0.0089620885236137,0.090282177192906,0.0411787438802531,0.0102297069258365,0.00782514140579028,0.0555422939709378,0.00259107458063012,0.0112624281236291,0.00318987055683475,0.0014597339202479,0.0067065626945299,0.00213462815229753,0.00123376709748335,0.000334737985724177,0.00059149433706196,0.00291537807646124,0.000968914937448993,0.00820467710247,0.0067710240757057,0.00167429249505214,0.00297316070607637,0.00272587693764682,0.005549018337224,0.0076649425464347,0.00211598430992841,0.00287759028446463,0.0137108718170692,0.00224272693257651
0.000490204527658011,0.00330644677671039,0.000648330854049239,0.644828177281064,0.0469651056773878,0.0542679513133951,0.100870353025432,0.0115650228068516,0.00568315045031988,0.0700755500625594,0.00100124002941164,0.0162779777177827,0.00689205430940331,0.000368802775224117,0.00621353166851832,0.00802386996362545,0.000595586320212692,7.12987126438161e-05,2.61753836874261e-05,0.000766914020343957,0.00270208082901761,0.001165208503796,0.00105218879486663,0.000130279292870108,0.00331315158928102,0.00191992981692416,0.00112318906076728,0.0059203568138011,0.000632542582763061,0.00124509267429856,0.000878485759108068,0.000979750606225134
0.00573179688757657,0.0048377760551923,0.00157651302560793,0.0084824695714418,0.665681711928917,0.0513779138052804,0.103394054186913,0.00784368818546293,0.0186039421407182,0.0174911639162047,0.0227633582382438,0.00140850254550925,0.00548130057498215,0.000432613084055346,0.000716413255067537,0.00125639726699832,0.00380434151733304,0.000551082709685293,0.00284263633235684,0.0082354415847626,0.00387933669440356,0.00232202704682588,0.0149589555409646,0.00584023699212446,0.000592888858295501,0.0107412064502237,0.00517631604184141,0.000992890228079454,0.00434461398580782,0.000451007060333492,0.000690338198025426,0.0174970660907655
0.00123433210294414,0.00184619296454463,0.00072547213364061,0.0752013675827864,0.0204119672902696,0.617724429130487,0.0227202657013129,0.014158665404298,0.00522019812095907,0.154245170489372,0.0108764935712177,0.00068405900091049,0.00853223051116429,0.000529598906676774,0.0062806363503032,0.0107689286185321,0.00359883419180627,0.00382972707781173,0.000732666349470788,0.00479493476400437,0.00163740374462872,0.00105777004985924,0.000326704362380184,0.00448332980848707,0.00248635094961931,0.0070036763250963,0.0064485395402623,0.000387723627862834,0.00018712416489758,0.00246847127124565,0.00414923495306902,0.0052475009400799
0.000200743857892448,0.000883312907818906,0.00491203004395736,0.0405025930127206,0.014683105733119,0.0102645114843078,0.78055331540127,0.0115411438036318,0.01077228721357,0.0258483389715545,0.00914068796510443,0.00316998739946491,0.00450699305252957,0.00224709115347266,0.00380086080903417,0.0113763386686758,0.00119329807331887,0.0106992031494532,0.00134642060303432,0.00192452730990825,0.00963036270767877,0.00222524261605891,0.0155708629297229,0.0067895249180076,0.00159794840499224,0.00196565412689612,0.00231976197090661,0.00104214851378657,0.00292945520654479,0.00109959396252604,0.00182825276469404,0.00343440126434697
0.000835896093826742,0.00528251152401156,0.000883768007418207,0.0948403328914875,0.0284968145147334,0.0891534517559509,0.0662101322117503,0.459512539102068,0.00248169594093335,0.111995012945407,0.00323655769892525,0.020131866816266,0.000959047722466099,0.000801830884279566,0.0125802346550135,0.00231085467440941,0.000849224188735395,0.0023374807694811,0.0129929733789776,0.00459192710139521,0.00457409906887466,0.00629081173810777,0.000258129379967569,0.00200462983347925,0.00529644031623504,0.00829978979122147,0.0140527032735204,0.0176463908428852,0.00488792697708087,0.000682578040920038,0.0118646656175652,0.00365768224260597
0.000937994747938776,0.0177320125284179,0.00527400761425457,0.0122123129461091,0.0297262642051131,0.0130497010128985,0.00815971454957535,0.00361518690030932,0.779357678603924,0.001476347687834,0.00138871925854384,0.00598146285638177,0.00921558907286223,0.000114372779009035,0.00295796099398933,0.00196320130009502,0.001434693823253,0.0108164155184916,0.00395869038269948,0.000984112511623832,0.0275339113182489,0.00529389464232714,0.00256284792518322,0.011938057077932,0.00154428623035427,0.0062816838754588,0.00214400580629623,0.00155423881275566,0.00319271210039586,0.000668185891002473,0.0109164074510598,0.0160133295756615
0.000732647778083225,0.00408457045276661,0.00188953958633458,0.0875778766678441,0.0819954900792703,0.0513267935998975,0.205296177900419,0.0208158961915456,0.00465320419884326,0.359369640542594,0.000134981674981967,0.0284923607903569,0.0259554678598103,0.00102570112823741,0.036689820792038,0.00321545643012068,0.00242645349928565,7.19331098363269e-05,0.00036198557857086,0.000194265711883695,0.0118626433809616,0.00050782038309874,0.0110788004084568,0.00298738144972737,0.00889329977287889,0.0190635380111685,0.00970953113174132,0.0135932827800961,0.000931233594524051,0.0032422931470079,0.00115876334769525,0.000661149019924319
8.58663203870445e-06,0.00274065533089626,0.00110122444563222,0.0199647415690078,0.0104397786681871,0.0160266147574183,0.0631064926561729,0.00185574645846542,0.00193889125587711,0.0408491879596437,0.66572852624746,0.0162039400872103,0.00149556361511821,0.000589756446162625,0.0293685742578033,0.000254265809370047,0.00378216661185787,0.00373006174089926,0.00954743013014905,0.00350044431708555,0.020581664249704,0.00373774769934628,0.018332806628523,0.00606593475411682,0.00706995065796463,0.0118507482673811,0.015558796943316,0.00285940717540615,0.0104556796832002,0.00143816374778182,0.0087046007930664,0.00111185040373774
0.000832914330007166,0.000829406745754907,0.0023220907149782,0.0225561401048966,0.0012924546947606,0.00922427170726367,0.00254477680659253,0.022131652725644,0.00679834145921947,0.0128769086763805,0.00319332147563455,0.708847901596362,0.000582892842074916,0.000910198782386574,0.00935383186116877,0.00381036108462948,0.000888822787513542,0.000390065934671115,0.00442761481211637,0.0127711911893657,0.0107434132238794,0.00906369166167526,0.0108669613743036,0.0390100034294595,0.00136271735133098,0.00471623918204796,0.0142930950066244,0.00481256987018357,0.00631884253507691,0.000626680579776811,0.0697673950748512,0.00183323037937037
6.78420424084326e-05,1.72753080595766e-05,0.000890988875352674,0.0715305229592017,0.0219138847513029,0.00721904497576555,0.0501588736060364,0.00105741905550102,0.000175447863665201,0.176939724317256,0.017858072356879,0.00201564223808233,0.518539628932645,0.000523163663891721,0.0113607920195955,0.000725823478676608,0.00174595896480787,0.000558576974191486,0.00161588158474801,0.000583204649879569,0.00341616219416295,0.00357576770834489,0.0159151964341469,0.0186250104451778,0.00270888145441907,0.0141627244713843,0.0111377419778833,0.0343206259170715,0.00207989204020572,0.00023106475247463,0.00793088180080129,0.000398282185980881
0.000211842607714335,0.000889008424907506,0.0176238552810919,0.148566138731903,0.00106987105990873,0.00210264244835151,0.00404509826450297,0.00722846112022953,0.000456727921258633,0.229483055023935,0.00867789556576675,0.00139819584049864,0.0092082711984103,0.454936833500725,0.0456565877905681,0.0048403626415355,0.0014275631252752,0.00222815482465795,0.000332428973127931,0.00295329568511141,0.000937544536724491,0.00839599515046245,0.011828280964054,0.00300978357592102,0.00380519196210238,0.00106850547268652,0.00169973214107933,0.0120056866812047,0.00684136357363249,0.00566753195357133,0.000663564610226814,0.000740529348855319
0.000392909344438178,0.00255088697498735,0.00719839706755362,0.00374962513245589,0.0145744531155243,0.0103291893480054,0.00422539057862274,0.00447005330477014,0.00150978354450294,0.00807264402923868,0.0126084065218227,2.3793496817054e-05,0.0213529610732947,0.00113480004341866,0.681605611332299,0.0113713719561316,0.00229010245439547,0.00534447632583029,0.00332371290577573,0.000418817193466089,0.00570992231770741,0.0178717555674528,0.0146745092574008,0.0158151831958522,0.00405041876721014,0.00355357726266661,0.00954429771559117,0.0461847911215024,0.0122943989848963,0.00155208834304966,0.0714274937043919,0.000774178018928188
0.000649098192856906,0.00977324921186356,0.00139122733838932,0.10709827362749,0.000168321915927359,0.00866236479243707,0.00724260459224674,0.00173829107634312,0.00396998070112153,0.128715150528833,0.00411951087506603,0.00114276320640607,0.0174363509751464,0.000810216179802658,0.00982367501906467,0.655656168682294,0.00397183228351085,0.000386018560376719,0.00167125049672505,0.00163910391506282,0.00630297254381343,0.00159615504508873,0.0133127479770132,0.00300713866185172,0.00154060773990988,0.000121033521686539,0.00197192127539565,0.000938690983733618,0.000332832916132041,0.000409125814796997,0.0014688327116623,0.00293248863795106
0.000329882935570324,0.00980431583746339,0.00113728292569446,0.0012473464607835,0.00827700355104995,0.0250018652248148,0.0229856913863478,0.000656313169243118,0.00618336439402671,0.0131143697005716,0.0120455822752932,0.00140899250125204,0.00606150396748003,0.000658084979713303,0.000559200160170694,0.00324405164302776,0.720143461040483,0.0247409235586471,4.20520562098183e-05,0.0324630079372982,0.0103023186953538,0.000401008585895119,0.0248767261621675,0.0290564230177088,0.00566954217952409,0.00454414296597911,0.00659312552886912,0.0142148537583971,0.00172488054107305,0.0021416888410995,0.00403723690314574,0.00633375711564647
0.000897883980492279,0.00377173176240218,0.000444415034079363,0.0205375518040625,0.000285117560807834,0.00487766549227932,0.00436918003077266,0.000375028286518121,0.0133140680511789,0.0731243326779597,0.0170411112282126,0.00827605959803594,0.00424789405508384,0.000529885834560225,0.00719470550675275,0.0040616965311768,0.0188590380849452,0.709258844150372,0.018068741201963,0.00596969588467063,0.0044257518360332,0.00762015721429575,0.0171362376909785,0.0303188388938659,0.00626865598164226,0.000459465654766043,0.0014321034911048,0.00254411023142146,0.00156174974941863,0.00369658865317688,0.00823575613721855,0.000795937709752165
0.00087750423559589,3.78184920545826e-06,0.00789083554201748,0.00880144873725088,0.00824974093975618,0.00405346241903986,0.0131205473017166,0.00450792847546522,0.00577662225408049,0.0717117509505778,0.0313302072485295,0.00937464112211998,0.000761400576056304,0.00163982343231443,0.00419002369789335,0.00192157651485328,8.63823235203746e-05,0.00445748583476249,0.593766209727938,0.0767038703333573,0.018566274579733,0.0140759022093604,0.0272029336644968,0.0473673716000715,0.00273693581153248,0.004437316214074,0.000938928469355503,0.00327957857358064,0.00048269913336307,0.00763996885337586,0.01927469024101,0.00477215713399533
0.00148117770236834,4.84203451361197e-05,0.00445982648132078,0.0349108859122189,0.00565788734205253,0.00494005937225559,0.00855170347419415,0.00259494165050015,0.0165877372363744,0.0436094571767026,0.00115599651389974,0.00864245524059844,0.00135113054543273,0.00238480900110784,0.00974705378735508,0.00089135773552142,0.00666769429508984,0.000876642877892251,0.00273664827886187,0.613348593855815,0.0353456721516164,0.00832762890049123,0.014794151984683,0.0130290978161899,0.00410293503109564,0.0307193062392727,0.0704287972576048,0.0158232675028373,0.0175926911415913,0.00306636554138782,0.00759853398447174,0.00852707362406007
0.000189338728912549,0.00141947300509856,0.0032463606099748,0.0153322470721811,0.000214954723295894,0.0390327253828619,0.0443528529408355,0.00594631458305924,0.00298905069232205,0.011952130211661,0.00359282087701903,0.000909848625200556,1.75814593104464e-06,0.00120108242951624,0.00086105568822248,0.00256705940550414,0.000591352860242627,0.000254189336064333,0.00148758439800692,0.00167867264166516,0.748914486415544,0.00209079822423798,0.0340140345126228,0.0336695966774342,0.00330557658373979,0.00845197791322893,0.00918270201051955,0.000402349898494358,0.00520543701183171,0.000209526189648269,0.00598940770159896,0.0107432345035239
0.000799726289474418,0.00110582076583658,5.37579010220267e-05,0.0439880122484943,0.0013823990700891,0.00448108908929005,0.0024528444760773,0.00109385474059511,0.00130535240337503,0.0500097435791429,0.000130998089436756,0.00552658179338184,0.00469176147677316,0.00140893899345674,0.00498251083442592,0.0017407314280544,0.0157365728970543,0.0026844926522304,0.0104611857114267,0.0767250235930467,0.00935262070911438,0.590806416486411,0.0104858408472675,0.0873777739945948,0.0226781328160713,0.015265526134461,0.00163813269292415,0.00416049617417894,0.00371991302180173,0.00151150215286735,0.0215505954499287,0.000691651487695168
0.000187885169538068,0.00139357708651123,0.00882652593447528,0.0321953753691001,0.00882053695862358,0.0175050307073739,0.0152229291225444,0.0143603746546522,0.00204552972549194,0.0268931475660464,0.0022850837066189,0.00828929547512483,0.000383179488632548,0.00395242203925036,0.00359496268324972,0.000374905085953521,0.00526636606621469,0.0151028528359783,0.000800055967980999,0.00211411395193432,0.00755477490968388,0.00837676707195282,0.710134770371319,0.0116665590591993,0.00225491966677745,0.0109978993035551,0.0132006012839007,0.00791750727869063,0.0178377777348532,0.000759260698433443,0.0342351326081268,0.00544988041821229
0.000746815028815947,0.000374167855944839,0.0022322464919808,0.0427587536016062,0.00564105477586815,0.00929332174802292,0.0125704441966877,0.00193098911438864,0.0179798931213756,0.0337416808038957,0.000625454241500594,0.00539582062844793,0.00304556864969882,0.000159633149195456,0.00599787099993207,0.00112994540071531,0.00227684801015173,0.000408462166149041,0.00673712226040648,0.000648339881254461,0.0495460109465881,0.000431219128598831,0.0154893892801149,0.584764218477126,0.000556722129580806,0.0178286757539289,0.0944001541756431,0.0258440703256876,0.0290014079141515,0.00113021326030869,0.0233854837612922,0.0039280027209407
0.000671360561184739,0.00566984174823763,0.00658428610404606,0.0192971951008906,0.015466745510619,0.00273031711369068,0.00165963602446498,0.00841791167196102,0.0155795228771918,0.0310147989521525,0.0122764155551841,0.00117192175332614,0.000834183085333034,0.000918619453684202,0.00287899004696048,0.00594302594115906,0.01943175452092,0.0208798451349561,0.0139261269603514,0.0752756985874311,0.0227766818169488,0.0227216801768926,0.00126974810154511,0.0657724253251952,0.503275896870368,0.0100300143165881,0.00669672278079913,0.00950832224434604,0.00061391107716836,0.00141854896660551,0.0151335055348514,0.0801543460849474
0.000218931610720689,0.000706362708795543,0.0112387385421104,0.01616207149216,0.00209757188519873,0.000616489179711411,0.00263977188823486,0.0035216591576217,0.00354949998812069,0.0825627701841691,0.000797068216734579,0.00251635630177475,0.00544855608105391,0.00511626886490303,0.0037863543073222,0.00155042495690732,0.00268640492334932,0.00126189427660319,0.00818754495059682,0.139836235210722,0.00437091614498691,0.0169204819109844,0.00928810766104826,0.101823968175428,2.99694022224603e-05,0.524929743670435,0.0322476374553939,0.00517791614062931,0.00257869240075263,0.00379246724109553,0.00153893266372627,0.00280019240648788
0.000278553739930516,0.00196633019622497,0.00610707067837206,0.0095954661223774,0.00578291548882996,0.0109955431975367,0.00302156875726603,0.00142320959363439,0.00137192901157735,0.0274908061787784,0.0013902492335193,0.00779550709340627,0.00235589746427675,0.00261066854416359,0.00313654629642736,0.00116045656518315,0.00299351974556748,0.00300217114498984,0.00282992897439454,0.113357014516934,0.00313572648541858,0.0262876347052902,0.00754783787747135,0.108256977639577,0.00273690714404557,0.032768007961549,0.592302155588624,0.00242181542409379,0.00276282515386821,0.000465371878190564,0.00788161052631582,0.00476777707216594
0.00016661727630743,0.00123882035476282,0.00665433986476584,0.0341477901808379,0.00222911147118231,0.00744407290217137,0.00253777407838372,0.010216617288919,0.00727315003002276,0.0501421736771275,0.00432143871865922,0.00500675259593799,0.00016201104917045,0.000573323145925999,0.0319892141276081,0.00477022372838468,0.000844993974487229,0.000757507295180736,0.000503439503672275,0.00648397998255616,0.00526947360337195,0.00639557612409546,0.00175249600878641,0.0259674882017095,0.00314160510565671,0.00151895930665022,0.0195375943046251,0.731891684703748,0.00502153680972884,7.29796427934501e-05,0.0217148894932894,0.000252365449481366
0.000108470096208551,0.000777712181750347,0.000357259796299591,0.0110091291885661,0.00950523939119217,0.0103363708026155,0.00449420120209919,0.00275754288894972,0.0109273564298307,0.0155678022283778,0.00629977087210023,0.00540754457505644,0.000440464564764871,0.00134486281770865,0.00356770946062533,0.00441139424532916,0.00384739875377433,0.00791885947741683,0.00404503952554031,0.00495781792156862,0.000549858880448398,0.00595485969633758,0.0164425575830771,0.00672392703060956,0.00499433224000792,0.0282559183401999,0.0666323816360754,0.0118750005587165,0.704205995527041,0.000431697915649793,0.0336600253806109,0.0121914987914514
0.00608948723638846,0.00476875675916879,0.0124811716102404,0.0614090534870983,0.0058499608374968,0.00243492413012797,0.00368324463041322,0.00278842513776537,0.000859859285410996,0.0542451163792124,0.00485640620818074,0.00809765955305167,0.00621372664403901,0.00642219884866815,0.0014095452122702,0.00028570176069514,0.00227012027205995,0.00303580112636535,0.0119570067348422,0.0487052007942163,3.84383393372683e-06,0.00652970764809429,0.0111189019251447,0.0218492675340117,0.0149444783349277,0.0364928979527778,0.0239186020934227,0.00169018605528019,0.00512129173822299,0.594277795231945,0.0354720265870017,0.000717634417526096
0.000435488035919102,0.0019049128695279,0.00312955182461434,0.0119110476514827,0.000866745914622356,0.00127145543562338,0.00464611964495053,0.0112923664456943,2.07444973902478e-06,0.0198897796044914,0.00429922517379468,0.0127082049367965,0.00187874788775992,0.00122115442897251,0.0125492239653557,0.000123910795345794,0.000782623581149319,0.000108427904801365,0.0162454768648218,1.58636740951729e-05,0.0225688774886399,0.000825955272973295,0.0457043208553289,0.00258291490221549,0.0238490193520291,0.0085964326491311,0.00955442673503246,0.00342134589928601,0.0174855951431106,0.00112890565069646,0.751169447298784,0.00783035766321437
0.000751738217521779,0.00110193006404643,0.00408197954460704,0.00176288718471222,0.0127841307809931,0.0161402273105422,0.00645367196209059,0.00779155916167536,0.00544712829037271,0.00251034162401108,2.2391864437478e-05,0.000172107914918349,0.000212174343590836,0.000877447155320127,0.00252834927876928,0.000268474601269157,0.0072042292987137,0.0148391233627571,0.00319991319293133,0.00365748303302163,0.0106473986325652,0.0352396056546073,0.0145017051080948,0.0109664262911519,0.00603129069708936,0.00121817180908434,0.00218247156750087,0.000467070867305113,0.00116160656821111,0.000726111722780503,0.00323634622370055,0.821814506671608
