0.789422383335437,0.00964296446202147,0.00103956574876952,0.00633020678015304,0.000221071599895667,0.0021822180949023,0.00923730376030674,0.000741378318486896,0.00047497772835134,0.0030478352906364,0.0168306530945226,0.0126947217882667,0.00360353845447043,0.000825312926490076,0.00645157369590533,0.00280536416534393,0.0015053004628453,0.0183956669304399,5.76500765967835e-05,0.0152011414939797,0.0310874287282289,0.0195917422105421,0.0117226631281545,0.000913395723802378,0.000954142491571067,0.00358535983624065,0.0040340168689432,0.00773080205962095,0.0049406405171101,0.00158334613746093,0.00884865760542099,0.00429697648508327
0.00103915906458844,0.719787030239906,0.00196008897940946,0.0027934236197715,0.00244470003080981,0.0107832272945975,0.0187840109276886,0.000160570988477729,0.0644595799125762,0.00495766454582287,4.53178911619709e-05,0.00321970117888641,0.0166404296232819,0.000971018038644611,0.0108892263818648,0.0268224479097504,0.000453130453395934,0.0129034616069826,0.00039991211520368,0.00681490392699826,0.0128057815493137,0.00822488093567371,0.032772421274529,0.00064387445993992,0.0143965038858232,0.00064672991058851,0.00584155368614109,0.00116438252414351,0.00630571227898214,0.000374834757299799,0.00341760841967176,0.00707671158807469
0.00506517096863396,0.00405799056278303,0.716658536173541,0.0476793345854952,0.00303466499191609,0.0207457672711985,0.00137455288849273,0.0236770350404261,0.00109962067405159,0.00959707952680616,0.0123759669850848,0.00207618875647515,0.0192915912232217,0.00476777620449156,0.0176470238634275,0.00101055077638303,0.00416229146617525,0.000420044594534565,0.00238566547251745,0.00306710376607019,0.00658200658353101,0.00255787811842655,0.0306033755015706,0.0118846440698231,0.0049069019460766,0.022450786182237,0.0140993067952556,0.000550666131992,0.000298536929446495,0.000281858450868612,0.00532558631320861,0.000264497185838591
5.21217438176111e-05,0.000852992411798572,0.00198034553306417,0.763078270711352,0.00604460633922429,0.0108146980470917,0.0219494793155648,0.0512131050030456,0.00109771351708219,0.0716165975378451,0.00175675964942127,0.00130608725979933,0.016467250931953,0.000179084338770959,0.015725115292449,0.000366377071183858,0.00294035916605191,0.00124250198609597,0.00043580344031408,0.000132712202557024,0.00833977045787191,0.00044040368486473,0.00127721281916814,0.00112844570730702,0.00187141288351179,0.00748832492960557,0.0055584324350915,5.3603205712994e-05,0.0019805534032531,8.96699662030919e-05,0.00203820828793833,0.000481980720989756
0.000413889802094369,0.00290226954035664,0.00802104939390613,0.0469022869198293,0.611301078989402,0.0227769105918211,0.111072561437402,0.0124010404957014,0.0257047903656714,0.0148626313775168,0.0278952954191106,0.00819719262945539,0.0271885979581137,0.000906197124375517,0.0212740277541197,0.00224200188797123,0.000466902196214843,0.0013775691373839,0.000326352831587048,0.000133893892760825,0.00383508089644164,0.0011658514833653,0.00997625879835369,0.00860825357457543,8.00143029332678e-05,0.00703805431109661,0.00290791706003146,0.00169991405644874,0.00298627738736589,0.00151867677283339,0.00907206360697601,0.00474509800478464
0.00287238894112826,0.00226518532557944,0.00748906849028578,0.031534872957545,0.0030142988898212,0.720825934949104,0.0351621948971535,0.0522981157063548,0.0109027165716317,0.00937934616016943,0.0115067946039585,0.00104712556985423,0.00853028282679134,0.00256708111358298,0.00564283356055315,0.017590611186428,0.000662386008490583,0.0045941162217401,0.00235173393560364,0.00428494203051559,0.00489146228572328,0.0177514144951958,0.0181578411843066,0.0044756736423096,0.00514066924853193,0.00250894105719488,0.0025894327438984,0.00159188052232026,0.000557607151254733,0.00112354129830612,0.00163547505042593,0.00505403137424109
0.000513514525754901,0.000615991897457833,0.00127603249844171,0.012392215142798,1.78959647088337e-05,0.00916701569391915,0.718227793370618,0.00720221734690242,0.000335369926807034,0.00270224069924369,0.0416853195157634,0.0101326645603547,0.0114310875318504,0.000390988150825859,0.0145147950491933,0.0140794290070177,0.00310232374209101,0.00752370173708127,0.00479707543266245,0.00260586679278677,0.0141000121860026,0.00837187489878611,0.0313643999842281,0.0117240207960969,0.00254685805614634,0.00612108485262709,0.0171440427555321,0.00869479100445679,0.0116815876457811,0.000670369452397334,0.0201580173955091,0.00470940238615855
0.0003467386007483,0.000579583431514176,0.0121730305445886,0.000877034706249031,0.000421995795148797,0.00930402850418478,0.0023665288912603,0.753862483885041,0.0169054830291339,0.00225145531371428,0.00466959059917582,0.0147776651251978,0.00949293194754537,0.00156677840749472,0.0198368530908774,9.47770700544909e-05,0.0025506999971242,0.00194255383841008,0.00128254029106573,0.00153125904969205,0.0567285189442624,0.00458271425781188,0.0493513070019529,0.0103474569824031,0.00258006269273658,0.00023131590825507,0.00038388543078061,0.00523585451519262,0.00162082852190356,0.000451318652959312,0.00603605236941825,0.00561667260410284
0.000280184838814265,0.00589944186362292,0.000428312913198871,0.0140139046254635,0.014513939848641,0.00425040276581788,0.0307177349504686,0.0185572008739405,0.552078932687863,0.0102642062902712,0.00329482739259892,0.0057756835528209,0.00926178588520705,0.000268952034487702,0.0147144810079837,0.0146071019919402,0.000559430771412999,0.0121110618009096,0.00824929090716773,0.00488704724014799,0.121574454583642,0.0175718390951859,0.0907362590226871,0.0170287641249189,0.00390887459431827,0.0010281348262746,0.0100558482316459,0.000709041236899413,0.00126425581922075,0.000128046542070261,0.00684796321096348,0.00441259446939435
0.000435950521552204,0.00125488188146894,0.00186291206040077,0.109264504635285,0.0225078118137181,0.0289170023775355,0.0978545452406524,0.0766558214938253,0.00278089654993408,0.489930299579943,0.00274794321335703,0.0152456454916764,0.027149224263718,0.00129353716165492,0.0541113804445791,0.00219483535456218,0.00529765863850257,7.5954891283607e-05,0.00181773116081362,0.00266220739113028,0.0158012097793558,0.00251472442361977,0.00562194978545248,0.00223205771836235,0.00693190619285096,0.00423876844722001,0.00299739828443175,0.00315132429450567,0.00413572562389886,2.94969547720655e-05,0.00799948451546155,0.000285209814475556
0.00183380575379512,0.00134750088763698,0.000336113531322917,0.0470641801765204,0.00459672090849143,0.0174317690430839,0.0598622062443973,0.0134559986312056,0.00393451846958953,0.123044771494163,0.627123321690477,0.0030719335149139,0.00159628395863114,0.00128107991792128,0.00661716407284118,0.00198876693841708,0.00151354012698373,7.62751183311994e-05,0.00106614098171367,7.01699778430077e-05,0.021637814459215,0.000987238226127657,0.0234366418327817,0.0033156243191067,0.000918541972409802,0.00389275382984923,0.0084783253990439,0.00509856772687587,0.00552156403498783,0.000109402999422408,0.00795157704544469,0.00133968671645537
0.000438757845986717,0.00240037551904448,0.000201514245285442,0.000651840969827322,0.00201961897156085,0.000378117854613994,0.000313253976083931,0.0087120964588175,0.00912396127496473,0.00761741052783508,0.0127264501803586,0.744044970978666,0.000678614038774228,0.00329403808281506,0.00159536762129775,0.00070896982742978,0.00382207567692279,0.00264188532962748,0.00292802043643658,0.002113154607803,0.0188922395568551,0.00623020814130467,0.0110310277972237,0.000283695609781539,0.00250898775335725,0.00882183551503936,0.0554889542532059,0.00655756596896255,0.0358945723052558,0.0011503722272917,0.0452006374786288,0.00152940896894172
0.000727164866010999,0.000785556556812469,0.000734287439502402,0.0405624268629507,0.0241205231658906,0.0130519398084418,0.0516033987928502,0.000621542076981192,0.0027579627274261,0.104566974258623,0.00134601570754992,0.000538911869911131,0.627652193267353,0.00939530538144556,0.0216820803536029,0.00129889887094735,4.90807248302024e-05,0.0011662218492816,0.00108848678001658,0.000230404248946277,0.000527789879489998,0.00940535797784873,0.0157801229210842,0.00660617733232437,0.00202156735836171,0.0136485859624299,0.00129739081999559,0.015048098214535,0.000457207081246246,0.000247284793598616,0.0299687220812308,0.00101231996848074
8.56299304670384e-05,0.000261226746035553,0.00594459227888582,0.0545832453529422,8.42617550550618e-05,0.0085808541044833,0.00254947444187397,0.00929970232872396,0.00631041923509809,0.0847007681024853,8.91738131332635e-06,0.0250113206312737,0.00595332947395282,0.661290115708631,0.0243604295396335,0.00418506896171497,0.00289338827114801,0.00405356698390472,0.00956650496521935,0.000314213633634843,0.0025454450731536,0.00462476466881714,0.00191597567002078,0.00780038806391517,0.00429387262778766,0.00191554193690347,0.0149094438477303,0.0124569155587249,0.0103971464693269,0.00162018540371256,0.023985176662155,0.00349811419127593
0.00128681620986114,0.000122311281303748,0.00250520010473888,0.00614014348375056,0.00210808133493199,0.00176648542475942,0.00191348109879378,0.0109880640876652,0.0220265571482947,0.0092420911024469,0.00363946132134885,0.00353994036142959,0.0101543304972238,0.00840339155337882,0.740261063905578,0.000282890581957961,0.00186319286561496,0.00364275587231997,0.00216195034751646,0.00188284872929095,0.0029199694477367,0.0051888658122668,0.0065943683102435,0.00289717415923986,0.00237555268732717,0.00363320657784481,0.0223793630049826,0.0106388086281819,0.00997590056045756,0.000619460746602771,0.0984424657691124,0.000403806983797826
3.72570976003101e-05,0.00182010177598203,0.00107220827596115,0.00791517843115009,0.00385127081849862,0.00189205461816558,0.0224892140774266,0.00301044252481018,0.0215981537602953,0.0096701527100467,0.00141726608712287,0.00127615433001591,0.000643785119386965,0.000180145110952555,0.00396672424355984,0.79795085003946,0.000465154932840744,0.00408347442980225,0.00466467705533472,0.00347887245958606,0.0114848418478029,0.00345117124183992,0.0311109459361243,0.0027337856854134,0.00580501409891818,0.00695384355303865,0.00450005441995601,0.00370300744171831,0.00287453245045765,9.43709047926462e-05,0.0275881202874066,0.00821717423453261
0.0013172417507445,0.00733203216353568,0.000149567292729559,0.0193286805885168,0.00335869010250024,0.00433367391145717,0.00983366993679149,0.00853406060232521,0.00664087529018387,0.00893589591555454,0.00630310864144569,0.0177604675047748,0.00371820770943289,0.00194839482114834,0.00534882585118705,0.00859684339894689,0.77083907888616,0.0450191401466693,0.00659257561316747,0.000717472072413498,0.000966809273094516,0.00471116975261745,0.003484644273816,0.000344758190312263,0.00147560728578126,0.0057000710148649,0.015522333287142,0.00969671551990238,0.00699209276675324,0.00230691912185367,0.0112674978175203,0.000922879496657004
0.00254550236012874,0.000506810838183772,0.00113890046472137,0.0100156369997052,0.0212905126221382,0.00177206993646344,0.00779033110256032,0.0104209215087363,0.00154456759901129,0.00724757889622602,0.000236581680345876,0.00233210025745842,0.00306705210536683,0.00105074880705013,0.00259453011477867,0.00121834090988765,0.0208932101603514,0.794414197181344,0.00551015477320362,0.0018199767401788,0.0104945665133212,0.0143456774952684,0.0227260223979325,0.000500470376609934,0.0264281166611741,0.000514271022895339,5.45286002912364e-05,0.000935302973260473,0.000429750335237576,0.00169290042866862,0.00810117476604323,0.0163674933714571
0.00384641339867652,0.000415234198096909,0.000458275179457533,0.00113490918462283,0.000821831784517583,0.00869341239981681,0.0142896494287493,0.00907733343865189,0.00148973247052982,0.00030890688988327,0.00977302202833359,0.0100235184715412,0.0156574496420935,0.00063271215964523,0.00213631701775856,0.00235918827390985,0.00573530360368785,0.00134384055728232,0.741470432671605,0.0080510197952918,0.0350754873394575,0.00929251221863355,0.0614608080430833,0.00350724138097478,0.000994476122852864,0.00471053117064217,0.00340537234254461,0.0068445904224079,0.00702802051980767,0.00546018584707169,0.0234045105237679,0.0010977614746045
0.0104407944094933,0.000704225309684478,0.00102433411178223,0.0331056250923124,0.00147243794041592,0.000955227309502282,0.000429913759374023,0.00880314407664893,0.0112632687341478,0.0485056400601878,0.000258434106106834,0.00121675660895308,0.00420916040116923,8.35243656898768e-05,0.0118483365998411,0.00193221827686005,0.000406440295959234,0.0136646512458317,0.00661112217520747,0.58267553663797,0.0409945250745013,0.066222375504928,0.0556415658831662,0.00777777123797643,0.00211676472904463,0.0254231710377057,0.0201521470654516,0.00736889334161187,0.0206072954327643,0.000263850618157705,0.0119511285702732,0.00186971998728101
9.58602278710029e-05,0.00939179570316613,0.00103747090207563,0.0314002351461279,0.0082741284799947,0.0120211552150744,0.0467608922614162,0.00565452829247203,0.00599977766248873,0.0157589926820995,0.00876909807739298,0.0087214436707684,0.00633110212465453,0.000185851300757286,0.0123245305964223,0.000105043514247209,0.00179167601667232,0.00329858485022026,8.51132148802134e-05,4.65169841854598e-05,0.642131088141457,0.00290275071047405,0.01009031460934,0.0448296223109066,0.0291920981255162,0.0113723790136838,0.00999109725722013,0.00414469372182304,0.0150533144779685,0.00021706432752289,0.015610013463679,0.0364117669174215
0.00496270621903641,0.000163801395092895,0.00251420735209314,0.0413153049179391,0.00210757688449996,0.00274849786157059,0.00482045534589504,0.00102695715006979,0.00210595223181237,0.0346865978837362,0.00191197372520938,0.0138286091270765,0.0127568352561672,0.000791232229481224,0.0048327978157282,0.00296303636758723,0.003713534329096,0.000116298804377239,0.00106265529832027,0.00735222566351141,0.0139057723802596,0.688544027147001,0.00306725681650873,0.00214497516012929,0.0117656213555095,0.00543250160585302,0.0435953787929521,0.000489399424826046,0.0327701973748348,0.000260793515714827,0.0517510404215033,0.000491780146607188
0.000259459673456573,0.012644766695258,0.000239799603660811,0.00153868822853204,0.00679818762736892,0.000390729638154979,0.00234395850971997,0.00143624566276749,0.00132535107545518,0.0083461422417694,0.0107955441226606,0.0217991676928962,0.0238792340884421,0.000429475892460801,0.0227847714798025,0.000359586986531289,0.000573750016281706,0.00317491667214181,0.00218019812853684,5.95981310852302e-05,0.0179007392735986,0.00683850928538597,0.652762800004152,0.0123786189142678,0.00263362527144911,0.000478085757629997,0.0456660925038697,0.00496669527289968,0.0602166167719822,0.00013473625446922,0.0596088472098554,0.0150550613134581
0.000105042408101823,0.00211029179253972,0.00135787641620576,0.00369250721653895,0.00648577000606612,0.0150093181219404,0.0223593742060482,0.0105839045183209,0.0025407641384847,6.90109573412776e-05,0.000131238637494645,0.00139080810970706,0.00237252332287812,0.000492708743451155,0.0023222161453186,0.00017116368653193,0.000447653535000892,0.00663449599079594,0.000193714466452313,0.000263865116467474,0.125502975567404,0.010108993393559,0.0715046604701226,0.597542822981421,0.0155188644136827,0.0111824749456123,0.05980078844989,0.020192350033735,0.00676407927814395,0.000123632497500181,0.00198532192390643,0.00103878850933687
0.00322790241504992,0.000421591137090732,0.00285485458013674,0.0166139537924921,0.0196581771032828,0.0312320494414618,0.0151370263369189,0.025994189419112,0.00264534012493689,0.00892555292299097,0.00543422083624509,0.00359922506506355,0.00250201376485349,0.0021177246687914,0.029985957868799,0.000634046712822183,0.00478096796481195,0.0289054904652827,0.0062063052676747,0.000652963407318323,0.0407388865938625,0.0725653057241445,0.00705028313766342,0.00542394905393475,0.538477545906369,0.00852474317709524,0.00427636070936599,0.0312718925915726,0.00482349196061738,0.00256920123988882,0.00555524555103893,0.0671935410593116
0.00192580707488929,0.00016252090604311,0.00155557842848513,0.0437443709996739,0.00217311602832501,0.0148691510226884,0.0156859254831932,0.0223573625005535,0.00421931890606159,0.0202370292865958,0.00327045211543264,0.0022931993470041,0.0103936429897353,0.00095488097310195,0.00211932445195657,0.00110853079512351,0.000751830059030392,0.00128268641945102,0.000298366233545395,0.0162819168294646,0.00862799812317702,0.00633419740183596,0.00289962371063821,0.00113289661140149,0.00509762410650534,0.786005804572134,0.00173282198778175,0.00325629366382532,0.00465299110927356,0.0066681688524194,0.00771724041317939,0.000189328597473778
0.00130552600960248,0.000346907979862667,0.000931837235163869,1.91830291006091e-05,0.00213160283677326,0.000789359763739951,0.00523280019261923,0.00183002348200699,0.0160881611243295,0.00100106160258178,0.000679397667680637,0.000677162190068679,0.00107221825330333,0.00166047844188303,0.00825188340000155,0.00481531215630774,0.00101036846845147,0.000660416193166412,0.0033581171179715,0.00183798973320693,0.00258940996588102,0.00120538826957987,0.00276679374499025,0.0150624249396436,0.00111314355078476,0.0299633576008232,0.864807413225637,0.000992871447337629,0.0161209857848517,0.000882397626079671,0.00874067696942249,0.00205532999714689
0.000182759292391884,0.00592834560261851,0.000625993651631118,0.0270713458300681,3.4417001882138e-05,0.00173146485124821,0.00605369061492429,0.0103094110104642,0.00467577951023389,0.0580809438525245,0.00115038918310189,0.00928178655993528,0.0120024203494311,0.00742410982872912,0.0282739322856852,0.00057030004094159,0.00067548535592098,0.000217348311557053,0.00195924268087962,0.00159672124717614,0.00625148106694258,0.00017818692969181,0.00335906234044095,0.000628308576939433,0.00154931716647398,0.019047126830316,0.0303473341469228,0.727085930078222,0.0141216651172012,0.00139127064439628,0.0126931499837672,0.00550128005734127
0.00236290099940317,0.0010245401088868,0.00150014877133793,0.0137964237937847,0.00190810768445909,0.0033629897945529,0.0015816868102768,0.00133610876984234,0.00301725048209124,0.0126621156245483,0.005081173769908,0.000602888783082385,0.00860115290658995,0.00197258121131462,0.0131887840881133,0.00482709918700905,0.000417347491543807,0.00263577788004778,0.00354712091755499,0.000740690203028561,0.00619225557343599,0.00802846439239507,0.0138815681639655,0.000814231007518123,0.00151236622551961,0.00132109619656062,0.0574731213019818,0.00619740340990443,0.787940601658725,0.000729894887165921,0.0292797428308823,0.0024623650745698
0.00946001671611673,0.0019765714491642,0.000297154468554062,0.0464335347968362,0.000380075303114789,0.00765354275232794,0.00572845408973606,0.0185115649079252,0.00613776200687195,0.0226464556720457,0.00011917288465264,0.0143441590721825,0.00222151618980937,0.000229495694008131,0.00657825586186453,0.0215097058914878,0.00736510899074315,0.00373803514228167,0.014744926756869,0.00250322030576731,0.0222508781830699,0.0162283060288443,0.0267545360594818,0.00472976013254243,0.00123283128276068,0.0246903760818685,0.0183149052422861,0.0194816772746529,0.00574663397784218,0.651085412207603,0.0139635272703567,0.00294242730633321
0.000213713230891406,0.00112122057932371,0.00108400295756209,0.00564353474322037,0.00123360291166852,0.00142462900594597,0.0022368313038708,0.00117479733512452,0.00419914021784396,0.00429459636309634,0.00410850602865069,0.000568718603024982,0.00464709572650869,3.77587856730503e-05,0.0251095851308563,0.0222045934778156,0.00124225217180878,0.00549839877743734,0.0030974746638059,0.000808936146731967,0.00226104750665508,0.0173198826103195,0.00477860928206368,0.00290141793740983,0.0104274257981965,0.0147083118387985,0.0561867008849179,0.0135897231000731,0.116218955780692,0.00288465616943326,0.664134251817963,0.00463962911261658
0.00217066530005609,0.00180894696600561,0.0034235718650329,0.0181750397791948,0.0139218575503541,0.0109383910578228,0.000906475865435814,0.0043012478044503,0.0013816413344853,0.0244298801298913,0.00896273210025698,0.0019069628387179,0.00184106260584353,0.000825438041448541,0.00374438967645472,0.000369490415036171,0.000335390648809172,0.0123082778683043,0.000777238772131933,0.000196162424805231,0.0203757556597486,0.0617843981998847,0.0549128593166463,0.0226748686195791,3.89089087884845e-05,0.00139890581758731,0.00133091434476091,0.011232355674768,0.00332857921508912,0.00172381282216608,0.000620658198109864,0.707853120178334
