0.745460374255226,0.00650899403755169,0.000351669084059122,0.000647129053792347,0.00655691808405864,0.017948104206558,0.00340033355908362,0.00848185322470352,0.0343622058241193,0.00222271233735276,0.0159068943564199,0.0423914446083718,0.000210396911784608,3.98991175277733e-05,0.000460589409788619,0.0238834971887386,0.00805387798471962,0.00933800024017774,8.56085068979032e-05,3.57111413172666e-05,0.00170552690946302,0.0146091435082431,0.0146060413417781,0.000610945622552231,0.00413293718426161,0.00062116889345426,0.00156439938970537,0.00735431238767108,0.0221390814750012,8.18970765478543e-05,0.00157777941368859,0.00465055366538414
0.00233095408239402,0.635000007814059,0.00047421729743753,0.00719814302330088,0.0109851839259744,0.0480912703012823,0.102785714999649,0.00839876789717355,0.0366228517248427,0.00145549540730137,0.00528941265234039,0.0050648600391884,0.000191874562391665,0.000597401420662868,0.000306156383937652,0.0560678420561338,0.00640345554059954,0.00299712789155026,0.000339253948236323,0.00644937758464787,0.00153828334605194,0.00469440875674563,0.00257579578558057,0.00465308126021228,0.0275983983772971,0.00119201743974405,0.00291260005586591,0.00433113806682658,0.00743240885045742,0.000586587624863138,0.00148084316848752,0.00395506871476443
0.00176431666578162,0.00635245487091917,0.824354016649755,0.00488917711322061,0.03214618843915,0.00501029025442872,0.00585512028882342,0.000516647644822758,0.00614375500072841,0.00234981990275633,0.0010820717262433,0.00709226149589586,0.00103016682755016,0.00270699328444544,0.00376405644122654,0.00127047072416858,8.69279719935657e-05,0.0110909068694238,0.00426535890018212,0.00219667170094509,0.00425334891358507,0.00731203167490479,0.01172900036723,0.00445774109696332,0.0134144213348814,0.00442230329729377,0.000258809241195321,0.00444640192851151,0.0168125903346776,0.00076214269112143,0.00816172990817929,1.80643899600054e-06
0.00487732170559106,0.000363990114020587,0.00404407370630587,0.483468804053709,0.0806285856728861,0.0146869073093702,0.233562427565264,0.00494409932916755,0.00942976214029016,0.00490338608902894,0.00189662156093782,0.00825535522903686,0.00376313194184402,0.00353127978595734,0.00647517755468757,0.0636008475527738,0.00911050966369797,0.000411090694467904,0.00129738717217243,0.00321911576325274,0.0195786319718929,0.000330646559666386,0.00292278272029366,0.00735676324455466,0.0050443666024819,0.00396654881795222,0.00237768901356875,0.0018492148331015,0.00813847540428259,0.000608271685429112,0.00226697930251672,0.00308975523979765
0.00361598510676827,0.00400522433529643,0.00592465538399013,0.0245612476286818,0.761660394972624,4.32125054022687e-05,0.0324507622789257,0.00437739193509726,0.0143975012735982,0.00318154184997913,0.0045794074304764,0.00323572045454082,0.000105632092097773,0.00360160534557083,0.00736472448773123,0.0286652315828644,0.00245132219022635,0.00780258003332943,4.88324823005175e-05,0.0115898529386528,0.000515459049571162,0.00633613578627607,0.0233753355386602,0.00461339126175918,0.00884482204992058,0.00790837865698659,0.000741554609369109,0.0041288724257208,0.00637859891235769,0.000116900144129156,0.0116523122376052,0.00172541301949002
0.0274107561664692,0.00266349462394001,0.00295033805437809,0.088496472790404,0.00271064014678041,0.490661292904898,0.0911748418035728,0.0754986973379275,0.0160614841701435,0.00872437270039485,0.0152128471417815,0.0535222735362017,0.00549664917854814,0.00251540760786874,0.0134449061604553,0.0119049197912495,0.0118339227093217,0.0079395846397294,0.00162337735124512,0.00303343665743558,5.05306202956946e-05,0.000972290263064538,0.0101349610807255,0.0260154008315278,0.0097045077271084,0.000620625797293493,0.000449089195246699,0.000721641947739899,0.000342017728487,0.00078029829062977,0.0148637747399692,0.00246514630516663
0.0365862271558456,0.00568515351089001,0.000715907933857414,0.134110576357059,0.0154864934655483,0.0128443885401527,0.50588867855225,0.0366771599264475,0.0305781960664051,0.0205968125232776,0.0236698413802378,0.0503966773882035,0.00352918132388497,0.00231930070227381,0.0114792265863091,0.00949110302360848,0.00398438644027721,0.0076930731403573,0.000579207129889136,0.00272749799340962,0.00119668548962745,0.00240862357453376,0.0310910047579756,0.0211276759615762,0.00633310585116273,0.000612905387696718,0.00245011162703574,0.00282934533080238,0.000131205529509527,0.00150894667967596,0.012312541514586,0.00295875915563387
0.00748791493960104,0.00142235684874278,0.0127222520669624,0.0364883178925626,0.0286893981522508,0.0356875960075185,0.0113011678405908,0.658690800381941,0.0462300001470188,0.00767497711027618,0.000977983547418932,0.0257845311175824,0.000404865141064861,0.00757957768918217,0.0105611380905498,0.0119605218109083,0.000717327949260271,0.0021291751712004,0.00120266033003068,0.00170710515737495,0.0213077723435618,0.000972294313124733,0.00676403476065642,0.00201303585555375,0.0318661414855952,0.000285011694724621,0.00706558931243217,2.0175614575609e-05,0.0163888084175224,0.000680564278172671,0.00201221782622482,0.00120468670581748
0.0218219783866115,0.00937782165961177,0.000975704920743378,0.0384588998737486,0.0418988991091013,0.0467081567951946,0.169336659641173,0.00613251793965099,0.441571881118923,0.00869948037130741,0.00491100602585628,0.0281773395023205,0.00340011510754671,0.00138095075238237,0.002919520184692,0.114859524251029,0.000393669476364368,0.0122421917518632,0.000430579844281624,0.00283646956146287,0.00106398346967247,0.00246739417116871,0.018664508271827,0.00702197085955035,0.00445917860523436,0.000765095539688442,0.000436608518555303,0.000764889082549748,0.00189968947525254,0.00105302962432505,0.00139144021415493,0.00347884589415596
0.000404150535960786,0.000235821837736875,0.000443250431074119,0.0273650831787248,0.0217054084528788,0.00681999626240805,0.131409165775689,0.00516324719781072,0.00662059665178697,0.609433233026559,0.013176647212623,0.052460363315556,0.000930612688909963,0.00121556632494111,0.00101117092277011,0.0348857271425318,0.000669535104326177,0.00192464329435386,0.00184691074664939,0.00388355443860084,0.00678039198673188,0.0036828928933975,0.0310491851951521,0.000596596656922575,0.00373453567686936,0.00380702484071642,0.000258696110595899,3.07334165845734e-05,0.0273030114378346,2.93560768671193e-05,0.000516910784803982,0.000605980381633065
0.000854827360560207,0.001557770401717,0.000109218371654529,0.00566826555565739,0.0861567475160117,0.0104900063877407,0.0937481139239107,0.02692543599353,0.0292895649534178,0.0186081019770635,0.356001111916104,0.0366376005731761,0.00759152463058105,0.000202844128152736,0.00311197060931873,0.0410164238993691,0.000760501841701478,0.00137096385517995,0.00204668641812139,0.00623310724215263,0.00569149880982716,0.0220325112280613,0.12644968234884,0.000289013003204949,0.00512078294802353,0.0199018811713601,0.000308074617749378,0.026026298671672,0.0561078392195133,0.00531806390557361,1.32386803847417e-05,0.0043603278406694
0.00788714785886802,0.0040174777679323,0.00109142293857297,0.0246769467367419,0.0425804743079675,0.00272711223550278,0.0230946754388547,0.00440174039564983,0.00266829523033489,0.027272923086024,0.00992662062934544,0.590352857480782,0.00650740486835656,0.00015917092624411,0.0024563206621056,0.0151243632036387,2.41872499379005e-05,0.0179044579602265,0.00576838906607017,0.0142854847572806,0.000438197936375144,0.0207623183841636,0.0387295056735252,0.0212966264596439,0.0188174319360565,0.0219462598932279,0.0169809314673069,0.00297130465852981,0.0390579051860901,0.005202492034729,0.00817041809635155,0.00269913547356433
0.000355888960670659,0.00147731486917484,0.000612347660923542,0.0655763939782738,0.154631391850306,0.0252335713748672,0.027342384095935,0.014984699536619,0.00645398089204436,0.0186599639908018,0.00132987919002927,0.00462545148525381,0.483931402559343,0.00183930022951163,0.0507866086851922,0.0491848204219096,0.00124749657882282,0.000397170848476196,0.000365656961559969,0.00910876576866844,0.00321234494976214,0.00295136381562128,0.00201419188287199,0.00400636589180924,0.0020287177459492,0.00766794488606723,0.0103834121563895,0.0275704030282625,0.0172882544503608,0.00233414795030087,0.00134496437218803,0.00105339893203358
0.000608613746082419,0.00155933196141151,0.00763444073387021,0.0378564574957523,0.00305041072720595,0.0293505364482211,0.013677393205648,0.00790306973572933,0.0193729551184834,0.00356767414922096,0.00569833429496023,0.00366914128926394,0.000696716933519172,0.78404419728662,0.0151585114456529,0.013430300591911,4.44239658236253e-05,0.000160578028202079,0.000925918299078733,0.00624722485221803,0.00841617187953183,0.00278132423429395,0.0014588187447017,0.00798628518278339,0.000916893106739441,0.0110205051077287,0.00576324780321282,0.00338829312643651,6.92128311190778e-05,0.000353839375038716,0.00259120381301936,0.000597974486519323
0.000142106917504802,0.00177479490165675,0.000604378397890141,0.0133395650301474,0.0826219561289791,0.00161144625694338,0.106955855803678,0.00467876738099783,0.0368123367676803,0.00221506967750878,0.0105909868196087,0.0308539329340009,0.0079130018054385,0.000230390215102107,0.514550216643937,0.126228079383478,0.000650149860226764,0.000422146457926397,0.00207862443681336,0.00433178316818325,0.00131463437404805,0.00252637572143651,0.0129358894027914,0.0103402983485274,0.00183585920075461,0.00167839094980425,0.000457135435603858,0.00838455007989293,0.00744163290192049,0.00229393682588076,0.000464168665540719,0.00172153910609735
0.0421380864154423,0.0148312084835271,0.00402453967566729,0.0360570860586475,0.0442684111303492,0.0412627508111182,0.235371026077329,0.00194011399234565,0.17543305903035,0.0106012550493696,0.00666641567813351,0.0235173901403327,0.00164521757777103,0.000638108562844588,0.00419821668654708,0.311705648380163,0.000933945690463517,0.00781176078571446,0.000703671169735485,0.000711562019110031,0.000636133478457535,0.00133005182960352,0.0146660401233315,0.00668578160626306,5.49311595218086e-05,0.000543484652601659,0.00215970867247333,0.00322309583271549,0.0013922558271879,0.0015402387537221,0.00145499357546551,0.00185381107369525
0.000994761010255371,0.00632853643185263,0.000130569250541821,0.0324845837502082,0.00053287414558411,0.00087569426395717,0.00972212459566839,0.00342387450350947,0.0255129423185874,0.0132053505678068,0.000450976181753301,0.00248563093426775,0.0150743677846287,0.00211090094681307,0.00796947760570081,0.0107912045514782,0.786838862896215,0.0206597799125443,0.00168837278306953,0.00267436690117047,0.00427622845293866,0.00553141934390289,0.00981267008628688,0.00263052106046738,0.0169275892893362,0.0023767356932142,0.00171964495973984,0.00860971618862355,0.00135551454364897,0.000926393804643131,0.00172290198685524,0.000155413254730169
0.00249777198685536,0.00176855411497126,0.000438791781389129,0.00543745274705553,0.0379146429071177,0.0093351924408541,0.0326611223284679,0.00203917081140701,0.0685516781284881,0.00781825033641306,0.000106484309287844,0.000276113438201672,0.00672674488522198,0.000235672637821757,0.000399381653442234,0.00497782455358591,0.0163176007885155,0.662737069916382,0.00072248225287146,0.0283369289366983,0.0140928834468696,0.0071023212802153,0.0288374074603742,0.00694038204085278,0.00954026493818258,0.00105424855874735,0.0112941501874886,0.0155731813940658,0.00181375630828162,0.00107949632639354,0.00130669860488706,0.0120662784985929
0.000432851683877666,0.000824272671149143,0.00178307501306291,0.00574675966392243,0.000631511894774296,0.0143700522423802,0.0441433937421343,0.018683157924255,0.00324036859382639,0.000125279706966931,0.0239267547091809,0.0136413870889444,0.000768862270882499,0.000455463034707572,0.0063627915923245,0.00123992470903546,0.00249377524482589,0.000590586377506239,0.709072605732779,0.0103947654839276,0.00889744332966336,0.0231755885538602,0.024728010167809,0.00273699617617231,0.0074003595211846,0.00759722233473871,0.0314665165240258,0.0170246755144423,0.0058923641140387,0.00535644386528792,0.00627287280124485,0.000523867717068874
0.00316394201350397,0.000569048448344848,9.13757883108797e-05,0.00296156979169101,0.010597843708746,0.0112197348206189,0.0525869024687526,0.00658073172765164,0.0217942511923281,0.00591276407469337,0.00389867835319944,0.0112561844628405,0.00118587520213444,0.000346763061244351,0.00649811397146664,0.0243147940194245,0.00662804723433352,0.00724799120845855,0.0315067269525411,0.56395291636124,0.0216768249721153,0.00428687614167688,0.0237861075163558,0.00157061103103334,0.00121006356830374,0.0725511492085226,0.05093523243376,0.00280156129983116,0.0330799629314104,0.000860646900016589,0.0110634123037753,0.00386329683167461
0.000553736270006434,0.000973552962460731,0.00081452869168771,0.00594749149301204,0.0177484078543447,0.00797357729761445,0.0232186865524845,0.000801431442366129,0.0145815705489003,0.00259160108089967,0.00393687618571714,0.00110394241722076,0.00564796533738318,0.00201643396049997,0.00723888777784271,0.0340425924037461,0.0101736192416332,0.000745170690078394,0.0165985377278189,0.044390540936088,0.607369563816012,0.00460863489496708,0.0176169381800031,0.0185521608779629,0.00519547967029266,0.0574019028619783,0.0408850361722204,0.00357647901909896,0.0124568473100223,0.000873813762816456,0.00890656080361613,0.0214574317592047
0.00814815728284624,0.000685980522442598,0.000270057490883581,0.00795872608549631,0.00616632411077987,0.0172959745758141,0.0176120878747799,0.00588772150793871,0.0890553346499839,0.00450955138496301,0.00715362222303421,0.00738784584283873,0.00822337311094877,0.00764915070435827,0.0122035368434114,0.0534557183535493,0.0045432412104952,0.0200881837412208,0.0131340526435957,0.00890572626073945,0.00241215864700954,0.620337414179214,0.0337281918536388,0.00826147137654508,0.00260184673570038,0.00363525881768858,0.000773903972421612,0.00479259015922754,0.00219531588473045,0.000751122903709391,0.0156260910883601,0.00455026796163428
0.00246277763074109,0.0019633475306409,0.000348374388515368,0.0110372933399375,0.00602455490093471,0.00800396448019939,0.0248047547050272,0.00225897907838658,0.026059668528463,0.00661414592290816,0.00198685143166566,0.00586390692256572,0.00143912999733439,0.00312795520130431,0.00912774715264998,0.0280374428490193,0.00496850058315641,0.0043954115293794,0.00587043527236763,0.0280153214947489,0.0014970511990506,0.00920297605609844,0.7479819582008,0.0100379637991308,0.00561579411334106,0.00325526354254538,0.00972632796493384,0.00369129237997116,0.0126914510605662,0.000629880815848718,0.0117717900900641,0.00148768783770454
0.000159237668949711,0.000385113620905105,0.000153329944969947,0.00869450326061278,0.0147266839134129,0.0079071602949001,0.00732352210767457,0.00169288700450963,0.0195923589581717,0.00104256559738156,0.00229796173750036,0.00635919713165893,0.00256132147636082,1.18178778834166e-05,0.00302890083556688,0.0300293694851071,0.00541178714439877,0.00362586307476027,0.0356205952227618,0.0762656366153676,0.0359383763773725,0.00210763168089721,0.0307994118516491,0.464245552808959,0.00312818368924635,0.135049604403986,0.06621907048524,0.00146200538027239,0.0121630261102421,0.00187567427475858,0.00902402017284857,0.0110976297916742
0.00943436385084583,0.0266856479956704,0.000346267044798219,0.0286542253772017,0.0134241627648221,0.0308795443478191,0.108124067607436,0.0129948000087241,0.0358160240495748,0.016167726332374,0.00287510300961272,0.011748117366837,0.000283239367966233,0.000205958735066359,0.00186216971733858,0.0335839044371105,0.00431453327391654,0.0142482829967918,0.000339161146422946,0.0434599222204208,0.0254185616222597,0.0182708261637579,0.0863773336403706,0.0169298217944732,0.404091756084666,0.000534072874483259,0.00635118487224946,0.0218537537021246,0.00494166740339369,0.000252641223898221,0.00288784301521942,0.0166433159523545
0.000585449105160642,0.000235334516945624,0.000363922042042734,0.001579105843785,0.0285342498937969,0.00252908144277812,0.00684767800956826,0.00261970608686247,0.014750052972877,0.000290593788506573,0.00452467845994148,0.0160535748988119,0.00109906603068868,0.000387053205508345,0.00229824645518809,0.0210459730453971,0.00093945066277219,0.00448982191965494,0.0107001626331967,0.0102778771712877,0.0010528797300166,0.00637139760017378,0.0295485416782254,0.00253197204920905,0.0120635607846402,0.733370931870379,0.0459070740263209,0.00148139327924374,0.0152626144526417,0.00109978636460694,0.0193050009337833,0.00185376904598952
0.00245395066405166,0.00080008207099676,0.0004949451359981,0.00440593274054593,0.0726751356845974,0.009681561692989,0.00454450537712801,0.00304516550073619,0.00976627344953094,0.000539799181570634,0.00226011319534673,0.0625871496535839,0.00100854826355365,0.000855353424784866,0.000670368363448374,0.0140183230322586,0.000333282678053369,0.00872718309011337,0.0192272848840344,0.0523847193319243,0.000209833517584138,0.0147432651850848,0.0685505761905787,0.0159492894237046,0.0213161795379133,0.16244229916958,0.39525239137784,0.00463509973595231,0.017859398443747,0.00408702881371795,0.0227604610572632,0.00171450013178767
0.0091120948393595,0.00393307686431665,0.00150419261851971,0.00691720572776071,0.0047297132579701,0.00370868331268689,0.0237973759886518,0.00619691649743419,0.00671750673750522,0.0146770920392612,0.000104897025503222,0.114964380647287,0.0127264671208848,0.00178173194584462,0.0382431290178411,0.00813044644031226,0.00043908933494581,0.019425899843062,0.00810699626556648,0.00967456537985956,0.000329618293605733,0.0409280852746937,0.0566076707139474,0.0191245690033937,0.0154637855822363,0.0477989516277265,0.022461292451775,0.424862284659254,0.0375532446140412,0.0150006502191899,0.0207820187157417,0.00419636793982177
1.81999924580324e-05,0.000133072362874704,0.0024936682763052,0.00991199128312526,0.00277025820725286,0.000330994299469474,0.00832360384195857,0.000834769838192963,0.011349399176982,0.0085863269840396,0.0187865791079374,0.0192953096448501,0.00442745441584729,0.000751869846793067,0.00451960884489102,0.000884239306085632,0.00244039683447853,0.00140386377709142,0.00329701804392341,0.0266776944197801,0.00716118781351117,0.0253207755137859,0.0115271076386736,0.0212962228399452,0.00776266658364146,0.0194354272690925,0.070179137118152,0.0266320726401932,0.670729867255912,0.000745432463100784,0.0110998649291437,0.000873919430512115
0.000324719890842889,0.00488411950932731,0.000712788557655512,0.0131292914154849,0.00114683619579651,0.00518882439162952,0.0337372518715397,0.00420814392134175,0.00384373406807431,0.000885399355860071,8.051734250182e-05,0.0112426784483266,0.000174727948713874,0.000372250064755852,0.000354697950922936,0.0340779522540611,0.000422239648952188,0.00130429844788921,0.00272432882539268,0.00108955399441403,0.00369078617144844,0.0171981677275567,0.0804136769400328,0.00375942922444653,0.0377371040242162,0.00828922606033587,0.0209230750177524,0.00404570294694994,0.0170168771823171,0.668987828559084,0.0162858545114879,0.00174791753088946
0.000718885388367877,0.00121180482795496,0.00135353541923894,0.000926115264659486,0.0147331783877508,0.00143107859822209,0.00200156964102058,0.000118301897144721,0.00993745710668252,0.00166805931940805,0.00577435917657478,0.0654042024027683,0.00531466818304294,0.000551949407346462,0.00283617308063276,0.000154430952964461,0.00640868160580777,0.00172938383151038,0.010961000772967,0.0271399766463436,0.00457460620890707,0.0175900888984427,0.00775253272822217,0.0198758945788839,0.0188924082247499,0.0273958741661619,0.0294635455803425,0.0697547685782061,0.0362271116371995,0.00097847050556018,0.60468414571087,0.00243574127204525
0.0134747740628179,0.0144538369196198,0.00108555692756571,0.0123874753791394,0.00440134775821751,0.0154168785544836,0.0216634896806467,0.00380375006198191,0.00553758588736386,0.00902716025661357,0.00378492903239942,0.0464003057403295,0.00218883152321214,0.000736152721637661,0.00132786511146959,0.0018987841946673,0.000280238387700529,0.00302427593322806,0.0051182447858853,0.0344134392292719,0.00711379784647589,0.0173339623096919,0.0193934620760021,0.00438262467471995,0.0416299772765254,0.00411967300267556,9.83648443203083e-05,0.00366883161495206,0.00700352531295733,0.000254779045679414,0.0134418847763393,0.681134195071409
