0.419421176258284,0.0138841388259543,0.00569073176145261,0.0119128987298974,0.0249942372706668,0.000965626189842021,0.0175951456675234,0.0104968601301767,0.071524780575427,0.00954853502669198,0.000885933580615643,0.000231011480960709,0.000892681772357118,0.000577349484579572,0.0114759897945693,0.104688547960904,0.0269331553033362,0.00691871048843133,0.00615954610161222,0.00785192974645739,0.0103518069933035,0.0187807441382844,0.056075752320185,0.00470283842479237,0.0291886450026682,0.00732245365076932,0.019546099051942,0.0198979361632644,0.00224718836015019,0.00401890425595732,0.00621869912989367,0.0689999463590494
0.0182532169878484,0.311944720680652,0.00954195985134758,0.0686842495683994,0.0346943142902715,0.0195486463837714,0.080785586949929,0.0842110760998072,0.0417509870067826,0.00597410256472702,0.00117816703325834,0.0211457824325792,0.0136327137038858,0.00029388548237825,0.00547833445612614,0.0171861746177197,0.000529167445408485,0.003928550030239,0.00715793320775034,0.0855093748925881,0.0211438198245296,0.00571038320880294,0.00106084873222934,0.0638412776491836,0.00417144277638591,0.00226101685529179,0.00302824675650194,0.00908196305196449,0.00182877479739957,0.00165198113909781,0.00156211047353678,0.0532291910496063
0.00110731238832352,0.0161280255628816,0.543304225307304,0.00604042434578943,0.0520084852614518,0.0285299861037826,0.0117820305367995,0.0203332950176191,0.0570123526386837,0.0537560879316073,0.0539513010753297,0.0330486915744984,0.0273133753126686,0.0010909708190082,0.000460905321836257,0.00618810552014374,0.0073999672583367,0.00648775172237894,0.00406151831233191,0.00827429803675274,0.0121510001969664,0.0126380917042548,0.00944168310002516,8.95393156278711e-05,0.00652587911848734,0.000809492538584511,0.00145974598818755,0.00795970523277645,0.00184780717059796,0.00355236809172528,0.000863562936648712,0.00438201455859027
0.000850564769231601,0.00121056302513503,0.0147205625605463,0.390232529152058,0.00728746640893287,0.0225604207337551,0.0426160525274433,0.0139885884651945,0.00470879411539721,0.0113210450739187,0.0253136233125998,0.105879811787612,0.00798104821692163,5.97824817060506e-05,0.0251005475485265,0.0023033281522392,0.000627132121549495,0.000811282675543391,0.000468103877733479,0.115995370979111,0.00214748197368477,5.49891428733531e-05,0.000738737688419533,0.12591034688163,0.00103156409607007,0.00186318958120342,0.00194462499365746,0.0658217494341331,0.00428491515065415,0.0011607886148546,0.000684781602173752,0.000320212855492073
0.000726364727343137,0.00382026188695902,0.00110302805095743,0.0670743158465015,0.329528067085625,0.0485282748380144,0.0596796690784163,0.146575590989302,0.0767090067549089,0.0193219678623004,0.00165227833808697,0.0512159084000574,0.00188591481855826,0.00254696626520465,0.00451092742480928,0.0586532225160948,1.35683262770212e-05,0.00107668302529466,0.000950129318128128,0.00882675879182435,0.00815666052592124,0.00431923273772449,0.000719011810375195,0.0108421537428255,0.00230363631725312,0.0071200172210867,0.00683900260291531,0.0562295466760407,0.00286617529258076,0.000941732472451352,0.00508565964228496,0.0101782666138771
0.00934187702572084,0.00761067935227638,0.00698661515143645,0.00256723521717179,0.0244578209200865,0.43849146311908,0.0205915516188741,0.055055728074335,0.0300566193397211,0.018175109831945,0.00864145253705904,0.0047829311345737,0.0060485782877931,0.00408623198349825,0.0128778825201982,0.0756953426244765,0.00555622528971621,0.000532307526120092,0.00186723649430586,0.0771765761060998,0.00291004465058677,0.00324997100989076,0.00239056985823959,0.137110521837176,0.00900470733509896,0.00227461014705105,0.00338491394311758,0.0171688651941094,0.00257406158837242,0.000791088326210396,0.00126070162899419,0.00728048032666462
0.00878506385155456,0.00423115516622976,0.00026100535002017,0.0588669814932095,0.0111619265007186,0.0409535129771456,0.555998986888944,0.0945603703932001,0.0199174745291139,0.0187813222324097,0.0051008990568805,0.049763986922765,0.00222330864813335,0.00409691394082168,0.0101847594318002,0.0190461330499364,0.00262905598775106,0.00374765386260964,0.000151184022453998,0.010086049414416,0.00589460496438837,0.0096937491829079,0.00215810980501923,0.00880720146956919,0.00163599708738437,0.00282984727953483,0.0023297122166922,0.0292099823266856,0.00696325397562477,0.0006598900626015,0.00644704784922338,0.00282286006025471
0.00837942836277012,0.00261874405759328,0.00786960226513192,0.00533559353117391,0.0128574759721646,0.0222958947101369,0.0786767466061611,0.330051307078681,0.000992764295230555,0.0155788508947682,0.0347693315374216,0.114081065630342,0.00163984067241278,0.000605993237310301,0.0436064328469298,0.00751721037642003,0.0045428611885402,0.000488877932022337,0.0014583286505387,0.109788550519434,0.00139477030216057,0.000543447356937556,0.0014436889236103,0.136288873796492,0.0033461810858287,0.00160029886328851,4.80122000920815e-05,0.0447045252126948,0.00388597475953177,0.000873300711125131,0.00235104335858307,0.0003649830644718
0.0120544375714623,0.00671542497129392,0.000742719003755221,0.0189788175466317,0.00529346695923435,0.0170342468205764,0.00670824069023961,0.05264355387128,0.580583856777612,0.0039405073841165,0.00828544133849253,0.0242693544934486,0.00293487718847017,0.00107949987898772,0.00650368063206144,0.0152836629564235,0.00170455886047917,0.0354823232558055,0.00191897967505028,0.0107762014946631,0.00251286165438084,0.0633603046868965,0.0315407720307463,0.0137437725246257,0.00787178922637323,0.00360622314252946,0.00767462162990188,0.0423230852538752,0.00157583841713713,0.00376550494508051,0.00406904781070497,0.0050223273076643
0.00259666590145967,0.000439436326158083,0.00262839564995106,0.0431124321115532,0.0358534543751225,0.0139557630624006,0.00976984504118297,0.178478266644719,0.00449834441888493,0.306046223117734,0.0397416175342866,0.120252736867666,0.00484409357084939,0.000385824199948766,0.0380056329372065,0.00797655775068728,0.00219958621077402,0.00116119588697688,0.00356777159605285,0.0330643824789151,0.0062676456514923,0.00120887443289509,0.0011097341275321,0.0421319142473541,0.00160475819915834,0.00406795459095429,0.000429650179370629,0.0903077562844594,0.000249707783849688,0.000124677856768835,0.00302962934611119,0.000889471617525616
0.0052981943375344,0.00103509079717735,0.00861376152953592,0.00204116704433716,0.0452608772774095,0.0109967491956028,0.0231693160960118,0.0832109262497906,0.000912989044198914,0.0431842867783913,0.313271969714558,0.0490713422799467,0.0116582891330972,0.000273073605887811,0.019748861739821,0.0121472104632169,0.00180092494634238,0.00430200935680969,0.00750272348458736,0.139759039109423,0.00252011262858737,0.00632676447034878,0.0285789331859875,0.128029821028466,0.0145147321090521,0.00717913116097679,0.00551122492479023,0.00521297177039827,0.00384449342453011,0.00138661445135196,0.00844460137330626,0.00519179728852376
0.0110847874255283,0.00395968899895929,0.000256750169468058,0.0345248971014404,0.00247189602923023,0.0158395972748053,0.0126749955735617,0.130277594808109,0.0092060501169004,0.00212544445916896,0.00920102958487778,0.461599462872026,0.00590378918169086,0.00606262227645627,0.0112753895300644,0.00422006390261142,0.00287904585701651,9.66525187897228e-05,0.00104635552193666,0.0207315084958027,0.0409875222296513,0.0168499146280777,0.0823922007860332,0.0342922342446373,0.00568733435664526,0.00161021226631738,0.00693891381582094,0.0214259836923972,0.00862019315647964,0.00185102585258139,0.0296459772097047,0.00426086606321023
0.00139765995633571,0.00207557902489559,0.000928175937071502,0.0107916877720116,0.0797579504497465,0.020359449205776,0.00671580512546299,0.00809878964609499,0.054115459127091,0.00351257527338935,0.0585972581365479,0.110521359133583,0.371795791689752,0.0134750319643798,0.00333676208894702,0.00133519710755223,0.000860953349436186,0.00159701418492717,0.00105076767931766,0.010317435795241,0.00626029993513076,0.00401767973648333,0.0775704616953062,0.0366816652663199,0.0210190406179396,0.000459963019776966,0.000946369510231943,0.0501380950386895,0.0361448188373284,0.000893555496912039,0.00364529002015482,0.00158205817816706
0.00182746462228379,0.00145937363670041,0.00329417694448684,0.0314049223245411,0.0280993449896977,0.0283355078914844,0.00524328580941833,0.0889918355552041,0.022620306061119,0.00218972912077279,0.00155817557900961,0.00933910664469725,0.00605831088862484,0.654155729636034,0.0441737742870707,0.00143991907986322,0.00261539600680097,6.16641220844269e-05,0.00171463614583232,0.000146253173074171,0.00687387484941185,0.00278772932287391,0.000317850903853789,0.00191177276298226,0.00305724663841114,0.00529234983507914,0.000825107058752206,0.0404119153866189,0.000720858226583597,0.0012845674993811,0.000538529464029818,0.00124928553322267
0.00646711713949985,0.00085298200088737,0.000934698313186983,0.022921551233451,0.100679226651103,0.0475472112806129,0.0160972173871301,0.162572055515602,0.0299754796621232,0.00424901787917475,0.0129848019104093,0.0320930710515214,0.00312426982696967,0.00478567417001321,0.421103033851127,0.00809905727937531,0.00293022806263164,0.00198445731683422,0.00399585759581789,0.00673062564534947,0.000387576464912732,0.00277670025894959,0.0330529625060438,0.00363776094706787,0.0137373857351185,0.00387400380396833,0.000200500410423767,0.0405416822191445,0.00893541051854704,0.000559271549022921,0.000139924827739378,0.00202918698624142
0.0280984140190504,0.00640882388695249,0.00104386613366062,0.0240717313552749,0.0187981447317286,0.0240018861632977,0.0658377139849385,0.0688184992232961,0.0496412616224722,0.00245163133656744,0.0144631227095036,0.0172180775296837,0.00309129889079177,0.00199495929769504,0.00634186518171517,0.540543971885999,0.0016758930292023,0.00880840833926709,0.000507958575777552,0.00729929410777661,0.00227691458885182,0.0254130355479049,0.0345266321859773,0.00607682422477729,0.00587410863231444,0.000241674452132947,0.0033077232915021,0.0235388869172228,0.000423643503419569,0.00169762131117385,0.00265149305330325,0.00285462028676931
0.00724619759664101,0.00324441882939726,0.00146133067795536,0.00529729554169678,0.0604862425060654,0.000314096414489304,0.0300804272912046,0.0124435844504815,0.037777178208728,0.00540371237310634,0.00231242808543876,0.00114451217338494,0.0027428729315132,0.000198250306037958,0.00792658651631611,0.159559974769633,0.376288518273255,0.0108476249632915,0.00321128455609644,0.0234118182207051,0.0041516372284493,0.0284522271458403,0.0538147898927735,0.0096763733197178,0.0494008922603696,0.0044809124855051,0.00505552989305609,0.02079814911321,0.00201137085935409,0.00156726793096474,0.00621047006453868,0.0629820251207837
0.00589198423055936,0.00121574025910622,3.17484644860217e-05,0.00316516216936231,0.00639778561786184,0.00298562285965743,0.000173288309273212,0.00112645294091916,0.144397803652566,0.0132716756589482,0.00288327324188408,0.0245998172943909,0.00046975510782722,0.00103850662156502,0.00229515973744118,0.0165985879906924,0.0123132626334097,0.346144801194522,0.00611709217119198,0.0508406240646869,0.0138658016520383,0.0157631010615812,0.159784760546777,0.0241374973006359,0.0129850146812569,0.0166300312377138,0.0238698784470155,0.0627228079624871,0.00128912560529705,0.0028469226909512,0.0029645271072234,0.0211823874866718
0.00310002953735549,0.00308032050537526,0.00206899198793381,0.0105989502079474,0.00208500560930817,0.00216868600880264,0.0030514103369126,0.0190463324148814,0.0506422320688031,0.00111725351753543,0.000404958256562502,0.0204528591223131,0.000848453352339204,0.00173891937019199,0.00307344431830602,0.0214041250436616,0.0194098412247999,0.00233571297402382,0.477791246949604,0.120878960046217,0.0174477212349447,0.0053866775308061,0.0728910281990205,0.0611322079221429,0.00314803846306634,0.0123973748673649,0.0263295622385705,0.0176100313859752,0.00533349775973306,0.00179652436511184,0.00740877825471839,0.00382082492567125
0.00119841942259139,0.00719470441530983,0.00162615540151739,0.00488833492350562,0.0494660826899427,0.00572874252791953,0.0527847806858276,0.0152246524967368,0.000866988945208137,0.00720078782049733,0.0100666111042577,0.0108787317583123,0.00670882904466281,0.000829234165034473,0.000383131839268812,0.0294857793350003,0.00552204111951158,0.000784688868652131,0.000191687253461084,0.576273874254571,0.0105620021459425,0.00750527428327266,0.0167791433008744,0.0440213507092084,0.0183578072523772,0.0697411254505559,0.021344570418353,0.0121984325816918,0.00317503840347325,0.00611532473258836,0.00274536000175377,0.000150312648120848
0.000414822149947514,0.000668304070286872,0.000152516923020325,0.0187605195470834,0.0507165698655186,0.00262729226119745,0.0500462702867088,0.0028998318903763,0.087728110551701,0.00807755777985967,0.00181356641637541,0.00223080314344685,0.00260298689121433,0.00136505161242977,0.00885042458629053,0.0729777629846118,0.000914880202381507,0.00249368835413981,0.000678168220490465,0.0294206491506669,0.330767317085784,0.00564209506006463,0.0729655322696752,0.20739132856158,8.73109015186638e-05,0.0104555443057911,0.000579476588835383,0.0109601773716989,0.00479689491097563,0.00219571629077076,0.00273736093271684,0.00598146883284196
0.000319065640158335,0.000694792202701776,0.000262045317189227,0.0235087895515593,0.0200404185766443,0.0111646250216742,0.01622528799143,0.0637344831747094,0.00414125717391454,0.000226093059181228,0.00523238338027697,0.0042207063689524,0.0020310929579831,0.00319434209213234,0.00641711633698761,0.0179764977989365,0.00100893099970219,0.000862208489846876,0.00310312282759865,0.0225025168415404,0.0165265126353281,0.520449463357651,0.0488942203758727,0.0928846732954463,0.0488363249346834,0.0105319823601005,0.00628648170542216,0.00993676718675915,0.00422948935263054,0.00211251711194829,0.00879755350224451,0.0236482383787942
0.00099629526624634,0.000207305940170728,0.000150628738341892,0.00573355921963471,0.00229817315254714,0.00562530158100829,0.00105401163060791,0.013431473256688,0.0336236036644126,0.00227976529627487,0.00301714495637524,0.00522547395138387,0.00285978876195431,0.00127014611361145,0.00678876948090605,0.0185346981527059,0.000179373608217322,0.00343649671371427,0.00649508163703226,0.038333549423072,0.0595188350199421,0.0467537489921528,0.506353220514345,0.168159111115495,0.0149013155878566,0.00963271078537185,0.00319796275752058,0.00908521828201784,0.00333428881154595,0.00449268599448801,0.0019573384003228,0.0210729231940362
0.000681599429746445,0.00416582580435172,0.000538176349278677,0.00636042587671031,0.0260675234557309,0.00253737424761508,0.0324477014262893,0.000266822010402418,0.019271222861126,0.00759866320398397,0.00291804570431091,0.0119892521229862,0.00280875357315461,0.000583871951995126,0.00294190502452214,0.0262033289209765,0.00141683048799068,0.000220827354648228,0.00101663939608825,0.1105279292121,0.00649665087742903,0.00838570919622915,0.0309004229517404,0.655791134643282,0.0053007017608217,0.0123643301498425,0.00292202002414809,0.00417056021371887,0.00376404124468581,0.00388915744525738,0.00499784509324869,0.000454707985588769
0.0255720296656508,0.000128322304733556,7.35311344274216e-05,0.0139559925366242,0.00845108632429724,0.00958880912252611,0.0364170224417686,0.000935131281071675,0.0194736248319307,0.0179220767965661,1.73825313842081e-05,0.0120739617367508,1.18642485062537e-05,0.000590268548040269,0.00408882554590164,0.00460858058195491,0.0105829380755564,0.014386105712023,0.00321839898297063,0.162276925915311,0.01043083461374,0.0669826834501018,0.111595627333905,0.074910885885143,0.307396034275386,0.00551742467756426,0.00559824828663914,0.0325482964379091,0.00201815535687774,0.00942161674480475,0.00228283914993217,0.0269244754700019
0.000225545419207725,0.00360222906537429,0.000648975755815937,0.0305380402501121,0.0210906874906252,0.00274183214116695,0.0249209749676842,0.0425931817140095,0.0287595989410032,0.00582517251963671,0.00306813384207113,0.00200027932041995,0.00545777342403544,9.20107344706468e-05,0.00218901748024914,0.0106430977251114,0.00258772373779303,0.000838202112035257,0.00441393126418572,0.200295941322361,0.00315233895945407,0.000867393099861489,0.0345453835279292,0.0841848004713742,0.0133967550205263,0.436131797304903,0.00881429401807788,0.015694222024511,0.00244759781147208,0.00168341010179747,0.00373865615235707,0.00281100228036717
0.00185095189611987,0.00991577279080696,0.000729279222355492,0.0262451014289025,0.0595883673341415,0.00263996741756634,0.0663036158674336,0.0436169544164117,0.0194471114061934,0.00748478896715627,0.00114192785854329,0.000829698545669877,0.00834128482939153,0.000271997512055557,4.24799593473615e-05,0.0258132315216199,0.00283653378811142,0.00453624022280549,0.0103922027635317,0.114888155513444,0.00094832815480688,0.0265184865622562,0.00160021361561132,0.0578286973533913,0.0102152267325921,0.0415779769181967,0.434948258685513,0.00137971886948238,0.00397002187559621,0.00458996216761341,0.00482679309583527,0.00468065270749707
0.00945069461733538,0.00271894806995331,0.00145197734839636,0.0334045062478373,0.0111609112566197,0.0122023665286208,0.00679687715681379,0.107178582984027,0.0661923423204603,0.00464943672907562,0.00263723842839099,0.00378933701560972,0.00310935794870919,0.00239367778977316,0.00597052486112593,0.00613686986016079,0.00214498049576,0.00142930053512645,0.00354973021518154,0.0173128512723912,0.0464265372115335,0.00553978820132831,0.108191251577465,0.0394010938637699,0.00376690081153391,0.00433383656968238,0.00654698250153992,0.45444808357918,0.0126418113855971,0.00310485079182933,0.0118243351554741,9.40166696981113e-05
0.00491101842585294,0.00416787724134691,0.00024678823939895,0.0148532010547622,0.00314971977951391,0.000155472920511411,0.0021527768441832,0.0188752617238306,0.0506559944824045,0.00436602508359545,0.00954833373328363,0.0100933023331184,0.00691650452740306,0.00231201755560895,0.00666495809419606,0.0157324943611477,0.00210123567585746,0.000233629614869539,0.0047462441870663,0.112380005346256,0.00415972133429329,0.00746362725249487,0.00509344634489199,0.179147724671926,0.010594595036552,0.0177704545639498,0.0275942213161476,0.0136070917699176,0.440972217970623,0.00640089257172343,0.00872913839470125,0.00420400754857133
0.00406862591654243,0.0034566167544172,0.00372807551584937,0.00830386475873482,0.0173180460860803,5.18356849845772e-05,0.013710560188563,0.0157610823207989,0.0294012386226809,0.017600515203044,0.00935933584906801,0.000915936303175148,0.000865602143777526,0.000133836557374008,0.00796109250581022,0.00782421282337386,0.00353080426037764,0.000611539800795829,0.00415265392521947,0.0593035986132236,0.00259430355615761,0.0101066185635853,0.0552559769991459,0.107894537128454,0.0321714843041536,0.00532215321336544,0.0108887101320292,0.0149068223227268,0.00591320684009325,0.543627201864378,0.000593807489111466,0.00266610375290789
0.00220256818223217,0.000666081671606999,0.000759897504524226,0.0445477616423159,0.0193379358222045,0.0147343541512752,0.0112397257769567,0.0837223537764541,0.00337349482229536,0.00135828020432587,0.000638276469537674,0.00948341531332409,0.0110142067624964,0.000592017237759779,0.000754054688269185,0.0255826100679518,0.00578635485985244,0.00209050122170751,0.0069421910899509,0.075143069283682,0.0139407640105624,0.0369985076727378,0.0874401479091691,0.102493629355333,0.00430580886310124,0.00446331585417192,0.00580247099376855,0.017937091349505,0.00212975223779114,0.00863135748273802,0.394188555156686,0.00169944856571329
0.0100878503785364,0.00718284278021595,0.00067580988614519,0.00657514674986489,0.00461555220462151,0.00176614594153735,0.00304867813238463,0.00222162239020516,0.00455117667389949,0.005058840648982,0.00059205547595347,0.00198475844698666,0.00775102361394213,0.000377179732844916,0.00637331071732633,0.00260966316079801,0.00136690597599556,0.0208559595138053,0.00329159270421389,0.110453964350703,0.00536407470593804,0.191067407830501,0.0114228755923009,0.0461056094043562,0.0352900619374565,0.00776124573377051,0.00261793682869219,0.00732891973565548,0.00283816629268339,0.00572533020536867,0.00378610893301966,0.479252183321296
