0.63190497443641,0.0152711039804902,0.0139000041359253,0.0267630516484382,0.00115368319523475,0.0714064790299163,0.0801030899128178,0.0186127044107074,0.0298990403302861,0.00260942469336365,0.000579011975381441,0.00411236866162382,0.000799096677263526,0.000831927782261075,0.00135600483355993,0.034399125849584,0.0018806320559046,0.0031854330524726,0.000222297376837467,0.00728879804828131,0.000599552278329409,0.0038517651167509,0.0107260690222483,0.00690226613630516,0.0171189000324994,0.000637817682548999,0.00055497653048694,0.00421821030019289,0.00460898967314671,0.000390518669309456,0.000575618711455059,0.00353706375996758
0.0053503611461174,0.588810576492697,0.0190893319543426,0.017830605197914,0.00600475083738913,0.0307847312438398,0.143099894542434,0.0269750764373688,0.0321499008063536,0.00216189367850267,0.00957735194118791,0.00890994008451478,0.00145825212362785,0.00103536955152935,0.00571292897316017,0.0407191899961232,0.00548339703483628,0.00673411787128855,0.00114817344726582,0.00610161084832969,0.00101527852919509,0.00221299034508621,0.000601082552116604,0.00183866516326239,0.0216810351354114,0.0008517565868741,0.000208933856218421,0.00495504426037837,0.000426276219065485,0.00031290790934895,0.00625472987509762,0.000503845359122133
0.00317971489774727,0.00894592498371833,0.713826613253273,0.00469065459892004,0.0032125887145927,0.00486224186533144,0.12422583732021,0.00567135704638676,0.0386519357565073,0.0108759077702456,0.00315765078159669,0.0150741812143714,0.00990561118535585,0.00300763711494095,0.0018523645423829,0.00211826013264858,0.0108707198151824,0.00364821716888382,0.000509430501337911,0.000660724977822512,0.00133249041239708,0.00175275002277232,0.000251442459725755,0.000109466490655853,0.000992478782677301,0.00555584963549599,0.000732902427038236,0.0139893992990319,0.00210762064543592,0.000484285676608871,0.00168870858588159,0.00205503192082387
9.72927262468107e-05,0.0029278057861528,0.00493456926574166,0.62520028635996,0.0510820457895434,0.00323457410974855,0.127569385306055,0.00508464802334119,0.00313876924135024,0.0145890837999511,0.0199906196551594,0.00174528240033137,0.00330882488035592,0.00152295079075705,0.00352719161958154,0.0386088988843093,0.000870461768681514,0.00159775688219263,0.000764805159318325,0.00210606615544198,0.00299640585919671,0.000522299135404213,0.00122721665118256,0.0118719028097211,0.00190872575085268,0.013436468932489,0.0104700373500285,0.00302257894410301,0.0195006372345257,0.00132544515524786,0.0213253407366281,0.000491622836400592
0.00262012475131571,0.000485392844209019,0.00228623208545955,0.000189864468316159,0.737862288736099,0.0031101772920064,0.00859538634711484,0.00103800738569696,0.0524051312503627,0.00183919172596152,0.00150666149935138,0.00827650262946773,8.49211725766771e-05,0.00204149615693357,0.00455394171186491,0.0702914949114719,0.00525112414475064,0.00305251700414832,0.00115472719769247,0.00228275389175468,0.000556332688557918,0.00143464469873174,0.00285696379765536,0.0084236718750265,0.00265063470890986,0.0200713619367301,0.00512453377401486,0.014133487379834,0.0202750121496633,0.00336235761006159,0.0117648949105091,0.000418167263752282
0.00104980311259819,0.00158714907000578,0.00148444513856117,0.0333449009004927,0.0153617860757994,0.49224690535864,0.0879778361578082,0.0603890157319337,0.0911019342364406,0.0103817659552875,0.000952032133950716,0.0138775880192773,0.00482034286801534,0.00348849261735269,0.00821782421533465,0.0715675681561461,0.0083964384643744,0.00108677144514876,0.000306323843402951,0.00012941114051984,0.00200081203381202,0.00076373112977273,0.00142296352452104,0.00387379076120569,0.00489426876970232,0.00973842850160392,0.00685894760076012,0.0446630045511456,0.00910075692404902,0.00452500132056033,0.00421192230712329,0.000178037934654263
0.0058217865762014,0.00403487340146328,0.000789611870078461,0.0523625802026284,0.0646327011366101,0.00754509541926998,0.677346981900544,0.0231854619346466,0.00335721689356619,0.00915150238943706,0.000592334221006276,0.00429348530918206,0.00355999552512685,0.00321888602337452,0.00845607522622678,0.0322851227217889,0.00451583820131173,0.00169226762750324,0.0016195790558123,0.00229561594046592,0.0159578323505274,0.00548501065271048,0.00613841882509131,0.00732540835563471,0.00058850631461124,0.00246539741098121,0.00025104556660264,0.0357646961146287,0.00410158745531619,0.00772786290674511,0.00198848163011748,0.00144874084078947
0.00143444527155952,0.001431608778669,0.00100890962968501,0.0655158098929868,0.0187069070064099,0.015184420098111,0.00648939797361021,0.502829309859377,0.00642052971988663,0.0195854502899659,0.0197212864517635,0.0423042846353071,2.64092531097285e-05,0.00591496156253942,0.012260466635511,0.0197278779999177,9.02453823487385e-05,0.00789317162011685,0.000581537524459266,0.0054218988399966,0.00771900468101336,0.00196619970745818,0.000578064828913816,0.0350329910798295,0.0492595936798127,0.0342774748083221,0.0265713890347595,0.0140748895693906,0.0526600031844196,0.000315458989863754,0.0229181697437187,0.0020778322671677
0.00231748006955892,0.0100290385193626,0.00200233615369248,0.0233440399516199,0.0193331290648879,0.0842078725380722,0.268523163079077,0.00805707709113248,0.401143802176412,0.00559490149228993,0.000626673234605209,0.0037462155508895,0.00149983518306493,0.000978652067335525,0.00151380366981787,0.101771834710439,0.000169951594976406,0.00617815455062703,0.000162942589513981,0.000613092683919015,0.0140850876757864,0.00488700620477495,0.00586184449454217,0.00961875759805801,0.00488587209157636,0.000344475729984516,0.00131223509863226,0.00391551058159219,0.00133470891923191,0.00388606366523377,0.000818966065097575,0.00723547590419642
0.00142310491710812,0.00101299114531812,0.00250503792057323,0.0208617793432355,0.00962860172254851,0.0096939295828647,0.0450631025608218,0.00984217679934751,0.0426861146177311,0.6576632899888,0.00820323200186805,0.0194754290845827,0.00284983028766631,0.000672325020880685,0.0100304284770394,0.0733897038620326,0.000150832618587067,0.00336617559798685,0.0018781762104097,0.000159654851351502,0.00280242660103533,0.00158376635314191,0.00238947105815328,0.00659139823828645,0.00356181874303569,0.00863921283279252,0.00313532918762444,0.014163359671138,0.0219516507435146,0.000944977477461987,0.0132172461292094,0.000463426353853086
0.00412777801039289,0.00181677264034522,0.00749285569682249,0.0052595393949118,0.0683370089281477,0.0166963395692772,0.0816172514824313,0.0182599260049072,0.0757940599522768,0.0338777156360771,0.481739293469926,0.00154556875248059,0.00534370881978551,0.000449919295544139,0.0030828312019979,0.0534098126045178,0.0021374356546499,0.00581489877482573,0.000492199876213217,9.12970094332803e-05,0.0109454444508671,0.00317562288887561,0.0036581117413815,0.0134175550264763,0.0065016587624293,0.0180945643384172,0.000232873880277667,0.0494143319490591,0.0135286272324403,0.00310148882418561,0.00743261257699259,0.00311089555363486
0.0129104079453049,0.00712382627979396,0.000976798377823603,0.0105575607386818,0.0747277469767567,0.0102534493010552,0.0301228179367386,0.00915488038079064,7.80070874075171e-05,0.0224901965044391,0.000847324382655531,0.560883378880314,0.0063290252953022,0.00126657915884559,0.0101635047044464,0.0276817383774648,0.002311034448288,0.00220894351772533,0.00641292506396338,0.0151628858858666,0.0141963880724467,0.00646572535129993,0.0117546596293633,0.00483121062190285,0.00322852246545039,0.0617120058621116,0.0097683165909312,0.00322869514987625,0.034700130613957,0.0136621344717051,0.022987592651551,0.00180158727574118
0.000432345725524665,0.0127717383364143,0.00516119949904541,0.00809669568007623,0.120138105250585,0.00076106205282298,0.00976522018045735,0.00194117229145149,0.0155571455851175,0.0471223621712954,0.00816352236554572,0.0152256672022063,0.575399852205437,0.0127619437041624,0.0364248033057281,0.00268945531553891,0.00136280775289965,0.00625188893270831,0.000899992860663653,0.0038888229935363,0.0227709052344082,0.000624341329079228,0.00315871468237667,0.0275111684314921,0.00737318918869061,0.00974658571303528,0.00442138159334564,0.0237040444421092,0.0108825811402441,0.00250200558994051,0.0020267098000997,0.000462569443962218
0.000487122280346879,0.00615678310330691,0.0139650501309784,0.00370135909155622,7.12018747631103e-05,0.0369970203228989,0.045718646844582,0.00027329406150047,0.0124383264860055,0.0084666022601583,0.00144353661027057,0.0596684594519902,0.0220620720060081,0.634214033478652,0.0422954781005025,0.0328550538113127,0.0010011368096863,0.00050397162941332,0.000471999967052634,0.000404629359218637,0.00499226232471978,0.000835024674689543,0.0010929283822085,0.00358123330184422,0.000749428514248078,0.0062692228829193,0.00509720359261335,0.00556601301291736,0.0315145303192245,0.00294258092336936,0.0140360885647384,0.000127705826304365
0.0031050103574004,0.00732631474654346,0.00580879746853957,0.00158643580817749,0.0735899159961999,0.00805969815414799,0.0260013876300002,0.000177923170171191,0.00647679600081642,0.00650318725011156,0.000836999326442443,0.00591021120342913,0.0201645787838507,0.00183360349885529,0.753136490935761,0.0177653201171559,0.00284213235274837,0.00152893106527336,0.000426392898664013,0.000838598003132706,0.0105296179313386,0.00697724243892348,0.0048921332213747,0.00456618176920856,0.00466936753066812,0.000391630415762955,0.00022589240322502,0.00294936187978838,0.010930320324515,0.0076465264158613,0.000865125453385612,0.00143787544852718
0.00699048983493789,0.0213093901782036,0.00416568708101275,0.0228341571093867,0.0285989430705113,0.0741669210913263,0.324116368245842,0.00549142306943432,0.0827282641958215,0.00611399829724639,0.000438424298424492,0.00278869667871398,0.00246165423894466,0.000702846257919561,0.000949540220243809,0.340181319024664,0.000139442399287193,0.00648841897594698,0.000618640798368415,0.00250315757719444,0.0111239587524515,0.0073431912388512,0.00570414277665771,0.017249831313403,0.000216004563675253,0.00260953929680881,0.003403251381327,0.00564138775834241,0.00278650644613443,0.00336965073325665,0.0015271434009735,0.00523760969468835
0.00444237108721722,0.00250323580663558,0.0047578070559492,0.00995567084940184,0.000456479193095901,0.0206703753707427,0.0214545605931246,0.00264885837108235,0.0165784182900521,0.00873520920187189,0.00685000780908563,0.00239440391870143,0.000166485065070025,0.00111577396705236,0.00128704829064922,0.00396664868689482,0.775534085139648,0.0262358274884412,0.00690930324381239,0.00768628084026101,0.00809403310287063,0.00392591877791356,0.0117681142300788,0.0116860633860896,0.00436349120587628,0.0117442576039202,0.00690853574737223,0.00761015544203097,0.00544751921489122,1.42265296703948e-05,0.000830926497418185,0.00325790799307825
0.00969503897574793,0.00335356437812656,3.29407574433562e-05,0.00289290542398623,0.0138732261466039,0.010416857922669,0.0477073234011032,0.00291727639876842,0.0244195043013609,0.00264080362702526,0.00583048898290067,0.00766653624244367,0.0056938373960294,0.00096395696562826,0.00238890798345348,0.0408693337084635,0.0200112043729498,0.660302182456272,0.00276538289940531,0.0161309673421791,0.0142080039580199,0.00475892757786635,0.0143062370688296,0.0432905757274748,0.00939604351714442,0.0115327636523181,0.00230786037434262,0.00543040158145176,0.00914560135764862,0.00118926026546598,0.00122002497017391,0.00264206026670378
0.0184507994965679,0.0101805361153265,0.00131887169487217,0.0011133454553183,0.00889237883213203,0.00142685338878508,0.00201998097271766,0.00271527387721859,0.0128010006571879,0.00510809729334581,0.00930004179226471,0.0110993663945002,0.00841625983767728,4.71433192613443e-05,0.00149525695180271,0.000954258256896797,0.00467109241200324,0.000520996683919367,0.757192746814416,0.000877761974243797,0.0228696346706706,0.01573527699201,0.0111811979030303,0.0215708841435219,0.0257727458396702,0.0159212967036711,0.00368039733727352,0.0131716266402056,0.00521430039772614,0.00186475881013221,0.0013679224770951,0.00304789586453551
0.00648729558989287,0.00279571250147323,0.000499841329707981,0.0078996875651901,0.00440317422074506,0.00955264651515733,0.0101225235991016,0.00111930389470276,0.00963924956315491,0.00485887262381561,0.00381902970181171,0.0266786094554499,0.000604473957208942,0.00240642182227102,0.00378288801248113,0.00797667426680267,2.24675638753588e-05,0.00215477330641087,0.0186385895383785,0.748914327520309,0.0105862935656435,0.00522737075556963,0.0167310083517984,0.00711025643013608,0.00704034061559689,0.0245643556035274,0.002046991033962,0.0038906075202407,0.0171892962865984,0.000251586806675366,0.0224578757316032,0.0105274547507083
0.00592071103272062,0.00518295620841441,0.00851159829456625,0.00873900608719317,0.00729886786688702,0.0198697619279272,0.027544707841905,0.00454665190526404,0.0157270515275863,0.0016106039211588,0.000894710627190846,5.31157016721825e-05,0.00312748748055245,0.00477493164007676,0.00176773254976464,0.00995370507960905,0.00375602384958107,0.00162424311983104,0.00233863983146161,0.00909690701375474,0.685493267904399,0.00417690771570651,0.0236080542911421,0.0109342121246705,0.00927110240198016,0.0549437680813668,0.0201746265946703,0.00254652409355573,0.00298636434161881,0.000709680277518907,0.0060331909058646,0.0367828877603892
0.000343879020654736,0.0044889451878304,0.000183400484460122,0.00220532775969313,0.00123224953481366,0.00221788486011869,0.0100974541532665,0.00193971471402015,0.102041375050645,0.00151335848428568,0.00342880276013512,0.0110116666104032,0.00154945030074988,0.00113782198981744,0.00164799127719705,0.0944057571787427,0.0070307781706801,0.00486783965419493,0.014096929503207,0.0118782989831395,0.00125828718573709,0.602784891255213,0.0456643979316191,0.0206680825227631,0.000451726692315092,0.0065561072702445,0.00467581614462811,0.00890782290252441,0.0121498583335247,0.0017864196787591,0.0142000593931049,0.00357760501151174
0.000231315953678331,0.000246143621160064,0.00306120518441311,0.00947720472631483,0.00113580737398904,0.0172049770286597,0.028612382476492,0.00437594498489957,0.00830537480556054,0.00406921948255565,0.00178536243860446,0.0028415013628584,0.00155446867190426,0.0013011696692888,0.00125163906242515,0.0216742732615371,0.00386138028604092,0.00610568808420346,0.00736661484086299,0.0249605449484692,0.0113347136982311,0.00506016239851672,0.71319834404626,0.0529643262377993,6.80509861122862e-05,0.0151152112398402,0.00657527382612232,0.000560421136650667,0.010335090471165,0.00485182367110831,0.0221078969576138,0.00840646706666225
0.00757921094901528,0.00632192390067017,0.00433410469462753,0.00639859743072485,0.00171242220899778,0.00396799872570184,0.0153526110763504,3.25561731654803e-05,0.0401031928340985,0.000917963230524736,0.0182550485120086,0.0125503097496181,0.0150132946813637,0.00288708780172454,0.00130313745687476,0.016542583924736,0.00631273946472229,0.00503860084655495,0.0102579888523244,0.0269547698530377,0.00490434148981491,0.002948937905056,0.0236089181363902,0.536184346893048,0.00707802654914931,0.153893881263786,0.0194119253315624,0.0118551278478956,0.00859061343601136,0.000625353840690418,0.0195212036821469,0.00954118125760742
0.00145217873030022,0.0233466395531089,0.00201750831544492,0.00334598260236378,0.00346788230585631,0.00843436903446154,0.0328302680532135,0.00259461606017899,0.0431714647097563,0.000373685821642806,0.000525934166135025,0.00450663296291821,0.000492979590920726,0.001787410797817,0.000552256123107495,0.0142281363121647,0.000421665392610911,0.00586998168576003,0.00385789570032185,0.0227290074754275,0.0144036665653834,0.0171904416580509,0.110774912467091,0.0400174849652232,0.601201419690171,0.00134130406171267,0.00171110185958572,0.00270617142908125,0.0130096186114663,0.0012688249195545,0.00857386753044621,0.0117946908487234
0.000874657176473235,0.00348519064652223,0.00190158182476489,0.00165476994293946,0.00467226486911501,0.00140187126236524,0.00449172322715979,0.0058695615972229,0.0271015890171422,0.000198075079589219,0.0145329190541581,0.029018270071815,0.00935852271171719,0.00160869662389703,0.00031665042500402,0.0120534235244675,0.00678373255029122,0.00885360945110861,0.00343707224318986,0.0197253815307034,0.0126200586275657,0.0094998575154092,0.00739231348486142,0.000371178604953168,0.0157981920593903,0.737528795828627,0.0100491241040356,0.00311788539147514,0.0147713988227217,0.000139487772089733,0.0290204973807325,0.00235164757849215
0.00116990520981655,0.00088871819992945,0.00399052508885757,0.000405413187806521,0.028060100716795,0.00420894236300005,0.00862741012987229,0.00306087383768387,0.00840691989004595,3.65921532925029e-05,0.0310499224962684,0.181642905981557,0.00866701455837397,0.000253552178508426,0.00336895546610559,0.0135312105029636,0.00215019691811243,0.0006349335987092,0.00583597636712278,0.00840194619053608,0.0490250880720024,0.00127409778156881,0.0167154260715471,0.0215741885663983,0.0163659896899792,0.0390650523727498,0.482410905855348,0.00670727388333391,0.0361059136677293,0.000256425503929746,0.0135932269275473,0.00251439657250916
0.0218752436844364,0.00346609793290915,0.00116149101296525,0.00331679768711921,0.00465895297434815,0.00595751963124483,0.0382850996311361,0.00682648322328139,0.0259133363626165,0.0118728530184174,0.00851387579268995,0.107150818593579,0.00564385212359489,0.00611640069192426,0.0564237347854653,0.0235700474532043,0.00118701833050036,0.00119680839064172,0.00467837850060653,0.0132548971871099,0.00759657424440605,0.0044984897724624,0.0153651954203631,0.00468427945462887,0.0198362944002754,0.0316875636414295,0.0119978512473042,0.472516549628764,0.0429165176049051,0.021092340621242,0.0160418143152266,0.000696822641202258
0.00027117016318634,0.00222974513743507,0.00102850114417646,0.0125223013887609,0.00112458968803176,0.000258051171986293,0.0448063855278524,0.00151999941725247,0.0246659933224491,0.00385666958839368,0.0168259851028446,0.00204905302911588,0.00248841853884377,0.00368008977838914,0.00710835271789964,0.00212481279641681,0.0015690984341462,0.00680339180365574,0.0163360577086831,0.0144762483762661,0.0293053352970656,0.00784870073049401,0.00136278107242499,0.0262158896296237,0.016564737673126,0.0227543482305638,0.00407360556716584,0.00198769544507829,0.683396525628223,0.000439389065702442,0.0382070946224025,0.00209898220234456
0.00098523581005953,0.0113670357053313,0.0029948322786437,0.00544072407872669,0.00272253508505545,0.0196496086145674,0.066460099114312,0.00120838851564577,0.0150146826852143,0.0016371812868133,0.00581442104574086,0.0116353679688594,0.00274241804627952,0.00422719371077002,0.00535567011857166,0.00366609025186906,0.000285976705215733,0.00717149723962324,0.000536638812998887,0.0130415252694203,0.000923619515807169,0.00551742301250447,0.0137408187225786,0.000101911534642082,0.00149010071074287,0.00732836186681805,0.000747160289372475,0.000346309437416478,0.00254121849650663,0.774285809372093,0.0101433712371059,0.000876773460693788
0.00200339739290408,0.0128509469545373,0.00128687599784525,0.00935853426288726,0.00475600432608485,0.00171294170267507,0.0324685823214636,0.0024105868964079,0.0250109469413406,0.000763946151268613,7.31425553687078e-05,0.00324571121687197,0.00596419204086587,0.00135166152692631,0.00612614313616563,0.00148021460434911,0.004394327399822,0.00229139877806317,0.0299654062626247,0.0205169210225218,0.0179073183891783,0.00131138125076754,0.000276148521926611,0.0196319730977034,0.0019338799860965,0.0714588661568233,0.00681773866416695,0.00567339874842132,0.0299081770689836,0.00211267651206144,0.672460595386374,0.00247596472650369
0.0137006189801113,0.0188084789664659,0.00930323191773126,0.0067142193972964,0.0022818686015695,0.0404550828151157,0.0375588544192552,0.00386589326431891,0.00374698840836188,0.000301525947539286,0.00125007773198868,0.00200823016590093,0.00187048823844711,0.000792176560564241,0.000229649597405111,0.00239068716654122,0.000317642793192261,0.00197845872873063,0.00302273248438317,0.0380536200373886,0.0298965805319808,0.0100416725712377,0.0764696765493098,0.00659933194663136,0.0507181567989789,0.000280100928755396,0.000982932705353579,0.00136392607723966,0.00228765536608345,0.000681441145162209,0.0123079682633036,0.619720030893656
