0.609627192758455,0.025149806606384,0.00751862039284476,0.00338140773525561,0.017582615406955,0.000365326566937835,0.00429075024987714,0.00550517160391982,0.0053424202147345,0.0021313474294053,0.0140599802858033,0.0212303361106177,0.0027999374746357,0.00252814241781426,0.00895461490579989,0.0115862297823281,0.00480883033712725,0.000190365459662128,0.00827853834851167,0.0911121342527389,0.00348502308409498,0.0147294988312296,0.0150448110033959,0.0733778617367906,0.00131167021599621,0.0024874202598857,0.00368027180858676,0.00274122237489984,0.00694597332649252,0.0076693884256386,0.000675536946841448,0.0214075536463394
0.00675909568931021,0.28052777707743,0.00885167884128239,0.0214428198272569,0.0877400162425698,0.00543776104628352,0.0798806608948224,0.0123074256804616,0.0573332527626398,0.00939249212662044,0.0055076209521914,0.00412593380275902,0.00297067740444877,0.000751402141873776,0.00116953117015205,0.0409025613630738,0.00506937856379521,0.000738348461201868,0.00114253985117532,0.137375819008341,0.00371616528597671,0.0144773012518045,0.0198731932793117,0.148017279577877,0.00643421251532704,0.00132467791282825,0.00386403392681272,0.00355138370143392,0.00798903686918512,0.00259242195533831,0.000849499874395856,0.0178840009420192
0.0114263792444384,0.00218313557914172,0.504558354555276,0.00476477773142375,0.00701718535905851,0.00253139155442473,0.00728600519875082,0.00672136135431571,0.0772399723662842,0.00237189789169813,0.0154730809492899,0.0682673394564867,0.00368713808723558,0.00092597835435278,0.00690599144120082,0.0329135792449659,0.000479360288901361,0.00146207220584984,0.00197554032584901,0.0683594957236941,0.00179246103338407,0.00920938885313125,0.0215871332892117,0.0559365667019466,0.00375098057383701,0.00382825179382866,0.000150797847347272,0.0608789363986694,0.00331145276564777,0.00446257478676973,0.00432578601764654,0.00421563302594185
0.00421200180776554,0.00167762567400807,0.00164756680057805,0.15898618588575,0.00131337960295668,0.00458939089246013,0.00145026252233821,0.0844914818934307,0.0451941140892115,0.00357655002841071,0.0103290118319297,0.216143652450065,0.0110088921476524,0.000640623698962676,0.0541099527770958,0.0163362152537221,8.09507687142574e-05,0.00416550087199548,0.00046858706642156,0.0902494394388014,0.000134497099453349,0.00353451061490695,0.0203024274534831,0.0854448570123062,0.00545236505428486,0.000871706833928131,0.00162801316241889,0.157844375096113,0.0071422012219829,0.0011891001621301,0.00325539196328571,0.00252916882343643
0.00149834030234695,0.00278286524242847,0.0010620391090749,0.0340528988167175,0.461887281209534,0.0232452150142201,0.0132240956778626,0.0719293766355583,0.0597606482902819,0.00871291723949959,0.00148734085545844,0.0136501435382559,0.000465323786736535,0.00218110694531209,0.008145297886509,0.103277189167113,0.000328363507064274,0.00161935677076474,0.00177324295649129,0.0613225680966697,0.0127650492699387,0.000706002842560684,0.0145891955958729,0.0783434307019301,0.00524586404361785,4.98059646512276e-05,0.00287302925742533,0.00724414475440917,0.000380977300099626,0.000188139031242549,0.000376044821244077,0.00483270536910795
0.00353898262188354,0.00145032424097988,0.00702827268845309,0.0592169952973607,0.0575342309119319,0.295923706153505,0.106449195192277,0.00238696222350138,0.051843763742513,0.0605611128239145,0.00106206830623745,0.0578201316569389,0.000146352590373696,0.00488391548069239,0.00995862428313102,0.107761740052621,0.00298605017480879,0.000331703681164369,0.000676566152764301,0.0433144222046472,0.00523191189059443,0.00789731162126261,0.0219316393676154,0.029730136863553,0.00799554971817316,0.00377023926750542,0.000920703707812097,0.0201278752189584,0.00830484803317678,0.00492510258344412,0.00750232050874586,0.00678724073945902
0.00342790175115313,0.000909450635151334,0.00353966227112192,0.0831256065063841,0.112029866564247,0.0386276996290375,0.404869719873134,0.0975587780983259,0.00866407676621239,0.0255647655257119,0.00345590736192055,0.0600039336079171,0.00677867492620261,0.00327293973913192,0.0240025414993873,0.012125701374091,0.000969981472931042,0.00518569270484757,0.00181737834019588,0.0161030251457377,0.0177284260502957,0.0125111553378098,0.0125457469512525,0.00190834397108697,0.00896342889933156,0.00637763130586472,0.00129848210559621,0.00652122957284713,0.0126533905227083,0.000631080283361338,0.000929562823322336,0.00589821838368169
0.00329000384481335,0.00118784279127169,0.000404878326334076,0.0169322265829672,0.0108406721888744,0.0101307930585839,0.0148852613004185,0.273018550076947,0.0625923429106989,0.00444604528145264,0.00599676844792386,0.164093420154813,0.00511959049703149,0.0012498402464646,0.0377066442580226,0.040545504697137,0.000182200074958271,0.00277065598632906,0.000494415243146436,0.106017769147874,0.000836885676208908,0.00298824364917115,0.0236413890151657,0.0962613168508856,0.00593567961427172,0.000809427808000283,0.00173300831026415,0.0899253192242033,0.00940642118992447,0.0015424261830953,0.00288455454504725,0.00212990281770029
0.002346524763294,5.01791013248163e-05,0.000932609761623741,0.000388859087232982,0.0472889625354862,0.00173936715690499,0.0814524283861441,0.0137224306419774,0.481309698837413,0.0019838520836881,0.00660226072395176,0.0438780959633597,0.00125724735222196,0.000340010503517714,0.00194253162790974,0.130549344139423,0.000480516940790749,0.00407118571515158,0.000613190163893641,0.0448315621316092,0.0026510443588905,0.0147405475465752,0.00447921585041031,0.0365991501600918,0.0105715534177448,0.00126816375934058,0.00192975651207551,0.0537619220891177,0.00126424227911152,0.00244695086669695,0.00185398372122544,0.00265261182180158
0.00354138578086191,0.00387711287201341,0.000463634872975797,0.0461300481581077,0.00137972854772007,0.010957980152551,0.0175874244027631,0.123557808597695,0.0137885711768708,0.312286244907612,0.00891371475619993,0.152839463420208,0.0157455988301448,0.00158781687222079,0.0266804932386055,0.00277997821241483,0.000559407412501758,0.00081092739838053,0.000663883294417485,0.0506561603169785,0.000857897197724706,0.000488104253699348,0.00823260656726868,0.0514303982817191,0.00214941854263951,0.000512535829385215,0.001317491221948,0.133371933771319,0.0043304763156932,5.61454701738043e-05,0.000920787513415677,0.00152482181377027
0.0027683614662736,0.000579955604697444,0.00963940680649972,0.0111585792411035,0.0581451093378263,0.000394622882255737,0.0155606946588325,0.0281973147172093,0.0170150682582289,6.95472709121143e-05,0.362257796913667,0.0627684905272038,0.0113667901788587,0.00180828091887024,0.0442970406238976,0.0145427273067691,0.000363415800859123,0.00231482109989103,0.00105996723069937,0.143866199968653,0.0054891926294051,0.000507738147740971,0.00246387091661061,0.13948066253011,0.0123761740940776,0.000201395788944105,0.0030006908148091,0.0252956793442107,0.00343527988006228,0.00392872059818408,0.0125537160091088,0.00309268843352884
0.00397493479033897,0.00202793569390872,0.00122945889688835,0.0131872897563321,0.002109623296817,0.00745637772727315,0.00875932837977275,0.00867110682468084,0.0814101924106469,0.00290951577722137,0.0205251958406397,0.433088729749886,0.00493614313937504,0.00600018463864321,0.000238961614600859,0.0895787273594648,0.00080377734343316,0.00368255374317074,0.00134263844276757,0.0586363964887275,0.00739920546014348,0.00102021414093021,0.015209059406687,0.0283910321575216,0.00527083617340313,0.0319650074531543,0.0100963482753438,0.13412431205576,0.0104410344639341,0.00118802520990869,0.00390418994694038,0.000421663341684091
0.0049325327931418,0.000169222935041559,0.00204116425685694,0.0294650671110168,0.17723377846305,0.00753306198521792,0.0720556600166622,0.00724180160549081,0.00750894997680269,0.0447407897441377,0.0118600104883786,0.0233015471086888,0.188474744722032,0.000634099312233721,0.0625533689509008,0.0532603758091694,0.000840138332773385,0.00581482575886019,0.000962844539332924,0.113332095325106,0.0247830368046604,0.00113165981377424,0.00683408628845409,0.0645573529062845,0.0204446620199596,0.0160992347338452,0.0165691903103079,0.0224263643011047,0.00965027130895742,0.000253075103808552,0.00048374057767256,0.00281124659627682
0.00111200548998944,0.00351019698853401,0.00346254197195924,0.00460752250696121,0.00079329802206269,0.00509889627897236,0.0191941738624255,0.000509985730534059,0.00960445781057779,0.0190925480330291,0.00482643922383451,0.0549602582229285,0.0177420728932737,0.595890193392063,0.0673811864806168,0.0172327946863946,0.00212957657229501,0.00223647180116986,0.00328631345184201,0.0344510489226665,0.0102601612086922,0.00296126817148675,0.0254868677429691,0.0352193535224653,0.00422972068759695,0.00635681610369818,0.00186504309211189,0.0333644793543803,0.00431530054556897,0.00582756947910407,0.00203822043226996,0.000953217317526192
0.00597577995967336,0.000151556521653884,0.00117872423819167,0.0125937484915568,0.0552843819716279,0.00534220328300862,0.0205608760749454,0.00846213548801488,0.00436234932707971,0.0180447537869978,0.00121572665027974,0.0384621800363138,0.0298550485922361,0.00100253783831227,0.468571329026989,0.0231227538669114,0.000340280671869889,0.00165299013545137,0.000207814629353279,0.117330054163669,0.0146959597220311,0.000835719516038431,0.0293691799170186,0.0793084604489548,0.00359502386491128,0.0166938402034979,0.0121180148101262,0.0212302612128741,0.000197675977602698,0.00122153225220808,0.0048339068526129,0.00218320046798797
0.00347666148513177,0.000427436645840012,0.000646352896567629,0.00310825704099671,0.0373120047490306,0.0023967216157539,0.100590456622041,0.0114715653311737,0.194003059083531,0.00391807860562548,0.0105853925741621,0.0598884994049882,0.00601170852825948,0.00055884513241742,0.00581600089137421,0.0919168596108856,0.000362370838555719,0.00806770824224534,0.000300870689275786,0.186902444987498,0.00287444155145495,0.00502446491657504,0.0414144230027572,0.161457090686658,0.0046489959956048,0.00441249931268516,0.00238779324868424,0.0335936735824701,0.00870920198746051,0.00421886678053252,0.00266071225442623,0.000836541705337039
0.0143680856691777,0.00670404141781191,2.55381049122998e-05,0.00207153653644664,0.073084394737373,0.00226494691271736,0.0546263781788752,0.00467896369214761,0.018059288385815,0.000350332021050341,0.00892340048002777,0.0103810554450313,0.000744697247883668,0.00150762677222409,0.00325138087620969,0.0901014092683726,0.393929668632797,0.000653989640294304,0.00791506305825436,0.0953606546733868,0.00303695899100401,0.0152236457906003,0.0281849831747631,0.0885880473552132,0.022451019493733,0.00691931086023289,0.00535976797955176,1.4686643788217e-05,0.00339248276267159,0.0026997988369506,0.000424705366384984,0.0347021409942981
0.0105588299406387,0.00191660216961322,0.00189271631525449,0.00119816332244499,0.0263071996011636,0.00660598070626373,0.00475387959659288,0.00309484919340834,0.0419148110967168,0.00406732937114001,0.00485921853082369,0.0117265634605777,0.000606080161434002,0.00148975088462082,0.0134647322372103,0.000100114381412383,0.00618212042200406,0.43283799020811,0.000697197470726772,0.2193367138641,0.00166405772815876,0.00254892486282977,0.0304604487312067,0.105828152120109,0.0014001661646041,0.021343141291946,0.00743858653372982,0.0212558357062987,0.0043051518875429,0.000161583736674174,0.000103911889802317,0.00987919641284179
0.00352340618129485,0.00162505382761632,0.000960868287463014,0.00442925731561217,0.0752085333536136,0.000609542988052961,0.0518479441186743,0.0120173758998494,0.0282933363405813,0.00426756704785822,0.00847546581224732,3.82462777839743e-05,0.00057141675916279,0.00241531884517795,0.00520986344065467,0.0870414910562669,0.0010308347724261,0.000187409703898562,0.483985611353819,0.0506216317321264,0.0356833305368692,0.000459226434810621,0.0233988263487895,0.0855377231887711,0.0144584617224002,0.0011090588913296,0.00230740134352086,0.00175836747017491,0.00131056306600316,0.00214184952292772,0.00135517520180736,0.00811984115841633
0.000583755314686422,0.000828162813654926,0.00169765466282269,0.0110011246053995,0.0723565890576114,0.00742857090971366,0.0301863290308143,0.0117654274279857,0.0335717074886689,0.00217225007445393,0.000116382897461421,0.0779066729035717,0.0109226419576174,0.000533155320448806,0.00229985335158076,0.105651570267826,0.00144392912621621,0.00313477748771358,0.000185336146214734,0.358999822552499,0.00791060110220302,0.00231947816844652,0.0263000595568298,0.0467295886120598,0.0239896782440045,0.00209536104425895,0.0121958592604681,0.134099323058812,0.00024344178573732,0.00774097471556547,0.00344580421264208,0.000144116842011839
0.000283433912744796,0.00157578363132104,0.00179815748430653,0.00198491329147831,0.0744536065705537,0.000489170405742235,0.0467601962912742,0.00324348246444447,0.0611450200066212,0.000234545706083296,0.000692838688298611,0.0450712590988404,0.00160817316584772,0.000465734410119354,0.000197348722929724,0.0954344438110617,0.000586677625660104,0.00437298033964969,0.000949404951823235,0.193141141453338,0.0619338773456166,0.00467615896636199,0.0215226679476846,0.283231189925948,0.00818115476387911,0.00099223711277552,0.014438508489068,0.0592350221344731,0.00143533562191668,0.00297538017793055,0.00258099068581866,0.00430916479638964
0.000772734229506276,0.00699157826754761,0.000444356569247887,0.009746775273329,0.091716771274933,0.000232979690455251,0.0901353772323552,0.00725925140331839,0.0458227782925254,0.00111924845220075,0.00106752937247121,0.0138408524989546,0.00254395390118057,0.00051400996991227,0.00184479487426648,0.223599867251195,0.00101631873742913,0.0297577667938543,0.000695814458528858,0.0786918504469783,0.0230130429845838,0.222602894079798,0.00153899652751911,0.0351119171667214,0.0560937175828796,0.00394932322369466,0.000794836784598412,0.0415515021707867,0.000953052898651145,0.00018279570873641,5.93490872900968e-05,0.00633396279455053
0.000391563327572381,0.00550090431763127,0.000116277750419241,0.00328766204511363,0.0231838999815582,0.00193136568376276,0.0358034837803936,0.006499327980999,0.0223057441416315,0.0013076373802954,0.00108536699900067,0.000934933820047882,1.30590349532747e-05,0.00046533499567001,0.0100646718723503,0.0712173582453324,0.0011546363005555,0.00885951051591087,0.00162649879371619,0.192432457070172,0.00413121657972921,0.0698920336461093,0.394635302663605,0.0718859942708458,0.0234457574842125,0.0116594434314122,0.00185140607308537,0.0120366626484647,0.000748713636526302,0.00168898185257344,0.00305273690542181,0.0167900567709292
3.67328324570068e-05,4.67061248518961e-05,0.0013736635016115,0.00171219558772479,0.0647538826505332,0.00335800643028564,0.0319824695410118,0.00501318267169584,0.0370799439619348,0.00119688602727235,0.00036364237873453,0.0829296447165448,0.00537082664943789,0.000429223427679981,0.000858522472453973,0.0951644684532889,0.000696891761495872,0.00359472168087642,0.000379678119272429,0.105981077401934,0.00464130614111613,0.00374847954748459,0.0197259707179661,0.367525824078068,0.0185687841563917,0.00231635815165577,0.00964385411363561,0.121015412151084,0.00062020081320966,0.00546665557878102,0.00409207559944446,0.000312712560065306
0.0129569286174243,0.00301663685141594,9.15832872009918e-05,0.0410397317158765,0.0316618782131244,0.000139429186920485,0.121245547900205,0.0257522885619213,0.0379972217476729,0.0204649960909441,0.00086677123217784,0.0265463576902036,0.00166418636865191,0.000573827993604905,0.016328368805319,0.107976026566222,0.00481783679848047,0.00390663787187705,7.93496290392359e-05,0.0754591219525644,0.0200100532886712,0.0109979491198519,0.0511676646592173,0.093745727785772,0.270080533482162,0.00177887623199539,0.00063100691760832,0.00182394893997648,0.00628524448266462,0.00175662553242888,0.00212583592116427,0.0070118065576404
0.000821964164231983,0.00398039280732406,0.00264771412675835,0.0373430438931822,0.00671536524091353,0.00294786182064529,0.00385867298206149,0.013974250093825,0.0728043241928749,0.0130762315044013,0.00938880065830907,0.030504782397066,0.0088837977819895,0.000315976222508438,0.00622027386829203,0.0377927235736187,0.000185568946205222,0.00169907176532058,0.00264715496616396,0.244514305945576,0.00365335691479929,0.00382642440730804,0.0442695796654567,0.188105649430533,0.0135536557539944,0.206316542298699,0.00228702068641973,0.000771997990266169,0.0058046058836315,0.00295066373730949,0.0223187880288977,0.00581943825141703
7.89258919323139e-05,0.0022242576784424,0.00136764648674229,0.0118253184479869,0.0243756660883164,0.00454881594055613,0.00856738485623717,1.03604093108838e-05,0.0302408048440043,0.013953710092875,0.00332843575626615,0.0255752892500137,0.00826343175742744,0.000993111100691169,0.00178478112127032,0.0191439614142784,0.000276758935275631,0.00186083990197301,0.00677392634507762,0.0810254512287793,0.0113655514302136,0.0436460000479191,0.0658852779834472,0.0766862719810674,0.015033809564702,0.0198463993420108,0.462411687433748,0.0107717903789063,0.0151355296251387,0.000872772938716084,0.0252831516818073,0.0068428800448668
0.00764246112597225,0.00257315712520327,0.000416541952231895,0.0215120423474451,0.0224351905798375,0.00663379139086058,0.026394631741222,0.0135275679881554,0.0604143297139791,0.00509273481993574,0.00990310341486416,0.00561555583570132,0.00799507741022487,0.00586154468696182,0.00123906159948353,0.0908213752080674,0.000127361255825819,0.00702283881918496,0.000909756313691718,0.0723533070846074,0.00315451076588189,0.000660543180306252,2.85274724360568e-05,0.020198385214856,0.0189524164214143,0.0311192997138554,0.00952082566691872,0.509585113176757,0.027372004315954,0.0035948516530913,0.00304357423344492,0.00427851777162831
0.00152282165543944,0.00158451798435624,0.000597598305151172,0.000251966336561428,0.0280463722631594,9.80864243501618e-05,0.0264785768069527,0.00258665985672645,0.0343566730580402,0.0038547791801742,0.00258909253048315,0.0340938360349047,0.00469566313107966,0.000626353318037979,0.0139228358304299,0.0297082032647437,0.000141959329126956,0.00292503474975779,0.00214619386768309,0.174226230514524,0.00537970989882076,0.00628341561219827,0.0434634478116031,0.152875962269047,0.0101079383775347,0.0471592150233686,0.0524740733115889,0.0665111438632233,0.22515378725243,0.0037875312463207,0.0220486736853286,0.000301647206853304
0.000767720708097187,0.00133944940979296,0.000216163479493952,0.00453885298443194,0.0019717923474029,0.00110156968030089,0.00583045400228021,0.0144712658429045,0.0137192543551291,0.00434160183522409,0.0037914957134053,0.00140883812900228,0.00449162753854253,0.00106393671487505,0.00358737543657406,0.0083018464183962,0.00108327136315261,0.000210040789019556,9.41549291089371e-05,0.184145809394744,0.00228784288907651,0.00358919195386604,0.024349713643867,0.141684625264175,0.000736467255150387,0.0166539390883876,0.00378906649690587,0.00741204421938437,0.000783790936179782,0.531086070315337,0.00960372538333695,0.00154700148245578
0.000991851437190771,0.00175062441540958,0.000475684499107778,0.0166245768464475,0.00030308262200355,0.000833743771655994,0.00432473036997357,0.00535885478768757,0.0470711950440999,0.0115857413585486,0.0113203819019996,0.109938545140219,0.00121563230201965,0.000681492356307016,0.0105621322159717,0.0246518785374002,0.00014101436969995,0.00016507073299889,0.0032619179922146,0.160098329018561,0.0069700688904141,0.00305844616649372,0.0627762422850446,0.18161497937135,0.00320819533879582,0.00112667423195031,0.00951346796004417,0.0630539611517744,0.00548338919188709,0.00157557870274955,0.241151123605257,0.00911139338472314
0.0019621423899209,0.0179654160304486,0.000786071874926912,0.00765864550716714,0.0468405767456856,0.00098985368711258,0.0725953974505904,0.000714350205105175,0.108142898012799,0.00266748678787867,0.00144318804489808,0.0384630889237284,0.000870145682805897,0.000119712137239469,0.000145561246301915,0.22673351318551,8.54779878858158e-05,0.00416024937689015,0.000874359216191969,0.0172228354135666,0.0237575525181002,0.0627230997423104,0.000252985331886837,0.0494249865562669,0.0605989687181572,0.00224280125611794,0.000518220247215536,0.0442609986918394,0.00257394332001078,0.00126289673344141,0.00174329407289105,0.200199282905109
