0.647948539576427,0.0524340563900705,5.20829372841575e-05,0.00204901173884635,0.0344773536877349,0.000750202105553836,0.0395042969267953,0.00113760825172296,0.0311189053953005,0.00756123879868374,0.0124416224614147,0.0204932709176555,0.00111148878271325,0.00220986279946302,0.00034051376693797,0.0142983061414352,0.0171214003575807,0.0157229699857349,0.000906506651516782,0.00226531371496141,0.0143777251749735,0.00271802288422056,0.000854542005175965,0.026846334945154,0.0189204228060656,0.00403471363716595,0.00670138924305291,0.00159898652613443,0.00482842703552997,0.00438750785486547,0.00398749799588285,0.00679987850394574
0.025261212162214,0.700277573554532,4.25688029723952e-05,0.000377228216401893,0.0207689665117159,0.00452687719395402,0.00990086734389802,0.00133325182704646,0.010007589156331,0.0174849863463183,0.0238999577260987,0.0337574456034535,0.00152200904982367,0.00374677359015484,0.000264542169831549,0.00177223297105762,0.0254902183778972,0.00257156243207037,0.000723251393397582,0.00384148806485683,0.0162596380870295,9.99310770747954e-05,0.00485575795415485,0.0249913288596467,0.0146934082997013,0.00963550907623993,0.0105301823136105,0.00587581489564044,0.00951719818825746,0.00411538016474787,0.00243157846911286,0.00942367012075825
0.00824264374618218,0.00632746025605729,0.757441407157749,0.00425785254750195,0.0457777217663273,0.00230102911687409,0.00108912866041799,0.00464735317109268,0.00655019499979578,0.0118974544607716,0.00279443421938737,0.0212351406312783,0.00396161732732873,0.00157816570786711,0.00589547306754693,0.0298881335983295,0.00063967968775692,0.000659127806527514,0.000434087523276777,0.00900944274944329,0.00539874972159961,0.00452995840982343,0.00427164349908963,0.0103740284727378,0.0140537680119035,0.00702968453750289,0.00964073492313213,0.00202313581570426,0.0138536224868743,0.000821196684501527,0.000169809052836992,0.00320612018278192
0.000236602548528176,0.000377458363125314,0.0018570799054279,0.543586133805944,0.0196313969540405,0.0393702725928525,0.159034864208276,0.0192333502051942,0.00464616386874798,0.00236369942461913,0.0106512202878751,0.0384530306966194,0.00270401530823465,0.00182976278444001,0.00268248604618174,0.0444964191911229,0.00302467074969868,0.00281159942140735,0.00453949988948443,0.00142811673849716,0.0156754719436951,0.00409964888212688,0.000324133227818507,0.00489057670592758,0.0180839529607681,0.000237036448398791,0.0203685991418447,0.00669909540857714,0.0193269366866512,8.53019738882326e-05,5.10992795267103e-05,0.00720030435046046
0.00480912089754836,0.00088590682324578,0.0137732632168646,0.0111777981957503,0.676414829698676,0.0256342248729361,0.07120364968363,0.000941418698082797,0.0168301693975909,3.8384254585596e-05,0.00122228340068613,0.00425681552966653,0.000913770023391117,0.00140862487035828,0.0106694041669827,0.121056824874787,0.000270795682811902,0.00168492336496559,0.000728697330190441,0.00133288458241692,0.00166239629893812,0.00257508121485532,0.00223108939415061,0.00655517604131326,0.00862650877332343,0.00541317929526029,9.37593130778468e-07,0.00185702831127577,0.00200658383649439,0.000169839033057477,0.00177729538602732,0.00187109525700672
0.0221638667314815,0.0171408448021398,0.0103467899551798,0.0162142501176942,0.0504162737002754,0.470355156909491,0.00636292929680761,0.00807764280657688,0.0737695780746161,0.000669544568819008,0.00684926447115151,0.0187523010613537,0.00504036222763945,0.0024782659432179,0.02728122861354,0.223247475533587,0.000115973562519002,0.00508704985037382,0.000505482251051938,0.00684995716228772,0.000411827747298835,0.00179428049218932,0.00154753087120333,0.000114258632451122,0.00615993882020756,0.00333932214508616,0.00463679551218696,0.00317550266695217,0.00160236305669044,0.000577412888800049,0.00259562174048605,0.00232090778664544
0.030904473499167,0.0220072824570041,0.00951993210452737,0.0587591201839043,0.0610625153930549,0.02999227310758,0.310662575616012,0.00778509398513957,0.0850511332905938,0.0131091844433058,0.0186918852131909,0.0127844905584915,0.0142569550585516,0.00258321337582372,0.0436842850882341,0.205298335267413,0.00183646833144814,0.00583270831570712,0.000145392666002655,0.0109232172758422,0.00280891245220618,0.00411136805177549,0.00576542769668307,0.00174161571025719,0.00313789415215305,0.010863040463155,0.00314311258317067,0.00579720513609474,0.00384518653636481,0.000796082505386799,0.00289698834014531,0.0102026311416132
0.0106903102863565,0.00382686155864634,0.00972796158592496,0.0561682158643971,0.0268001175564979,0.0208121247382702,0.00309010337943449,0.673292067839593,0.0180802036920526,0.00933979743746858,0.0143783834021195,0.0163578594543016,0.00543158644594311,0.00172929218750666,0.0176286758269085,0.0179693883007576,5.35168976486624e-05,0.00551691977268526,0.00450988718897293,0.0139383819723529,0.00979465636769405,0.00299280102013067,0.00299958245317689,0.00416732198018473,0.00310573456792807,0.00637466646633823,0.0146367802371103,0.0163096066230253,0.00721654576845503,0.00128713016865077,0.000615254460321621,0.00115826449914489
0.0161565902639515,0.0226476720889537,0.000699250380758595,0.0362179587077952,0.0319520921108081,0.0267508360958582,0.166705257919092,0.00605940899741284,0.475362717761866,0.021889926347586,0.00946949460105903,0.0017866735455199,0.0130929072414725,0.000192146735497977,0.0173641502415238,0.0795337651631059,0.00417781411243575,0.00178961004235337,0.00116465769208106,0.00918299872230188,0.0018219078718014,0.00992652425248108,0.0144205457950012,8.37889339795241e-05,0.00121590925658374,0.00935605064407016,0.000485745509490278,0.00144652641027585,0.000219991247510075,0.000626188888478787,0.000392682988647648,0.0178082094302466
0.00134821412142026,0.001450743501501,0.000678890334875035,0.0340907449813932,0.00344531887734336,0.00925671376966897,0.0322009854870133,0.00154322603831249,0.0244273905453066,0.614069718258125,0.00805465857308624,0.103484980540173,0.00328371488515806,0.00211117956605966,0.00812034058067369,0.0257464424115117,0.00112528020044921,0.00112550619158744,0.0068494513186791,0.000673825424124856,0.0121871171200519,0.00579419665873055,0.00341768331880089,0.000466539906287858,0.00399468306597489,0.00290131289432188,0.0160673558033878,0.00669233465926653,0.0616315447022668,0.000131430859751128,0.000109853560963155,0.00351862184373493
0.00505706694604584,0.00558809156563801,0.000495030063944298,0.000986220334260261,0.0478231433450419,0.0080645001492857,0.059306493953923,0.011597995938143,0.024758873484703,0.0173353972425374,0.573350712142849,0.071324679035722,0.00881013312331804,0.0008059947043453,0.00382192042092015,0.0129046102504025,0.000551613631032433,0.00272077026483298,0.000202408911303684,0.000513031008840594,0.00589436568376457,0.00285026000381412,0.0220318022942776,0.0032318683275024,0.000346690690179267,0.00690433939093613,0.00833358543990779,0.00975040836496357,0.0768038036127116,9.3564667224373e-05,0.00313098089933834,0.00460964410829075
0.00420945184311721,6.38782740931185e-05,0.00188926365406217,0.00616809467630951,0.0867195233409611,0.00290039531454097,0.0249559885385142,0.0108591281702461,0.0226378101843391,0.0149770718747482,0.00208143200332417,0.652490718641632,0.00293917459349116,4.65145564698128e-05,0.0164855179619841,0.031086768642175,0.00026074596343763,3.25106708043971e-05,0.00109632763426414,0.00756433340127365,1.46914311997037e-05,0.0047317850387714,0.021640664683465,0.00389618485235973,0.00543933258260079,0.0368180921503621,0.0029529467463595,0.000952998830569015,0.00650543062357443,0.000358368345264941,0.0271827861367727,4.20686389133369e-05
0.00429218853835661,0.00575145316797239,0.00137653970897516,0.0119954329764314,0.131584190020477,0.00156404103948463,0.00305177753575876,0.000552830079459196,0.00709652472986664,0.0600287747142958,0.00138043093713574,0.0248190052392778,0.564788386135628,0.00157989876778584,0.0545480676194499,0.00318869298430496,0.000754702103254375,0.00504104039819698,0.00468079857957564,0.00331993257864335,0.00802999964830823,0.00638737329926262,0.00381919680387006,0.00430798160704558,0.0132195426164674,0.00198625127251628,0.00121474227188299,0.0212917790363443,0.0417796754092683,0.000312684469408412,0.000600945949032624,0.00565511976226299
0.00778493466619517,0.0134889130963089,0.00825515731964282,0.00491619461234489,0.0015873847872582,0.019316799105855,0.0176012600600249,0.00125384909548944,0.0117960347767449,0.00966987610581175,0.00500804773256237,0.0277478414752769,0.0167004136015413,0.746601363414623,0.0319062797806835,0.0113805306308935,0.000688009430024517,0.000120696055538237,0.0034060250211876,0.00619254023585249,0.00994181413357712,0.00301547154192481,0.00235976458394616,0.0084718758342729,0.00305673027595051,0.00236985181057387,0.00823298075032332,0.00122991441702093,0.0137397577651077,5.11873305282769e-05,0.00210220642737442,6.29412554012547e-06
0.00230547492588928,0.00400601515792309,0.000250129956359802,3.53689803753766e-05,0.0675808309234599,0.00295755914353699,0.0364803272505327,0.000444269218087995,0.0353189360340526,0.0312341783807441,0.00477437897412657,0.00389327716953807,0.0380417484917271,0.000386242172588081,0.667822033303022,0.0542074906480371,0.000190959844342741,0.00351276653595482,0.00522313018597428,0.00280775888674813,0.00328271498364771,0.00264599845047918,0.0034560488662453,0.00243328721169721,0.0120393033763049,0.00139696226402226,0.000750745938511955,0.00306119239129535,0.000567460399444938,0.00168158823804377,0.000318718967817877,0.00689310272946894
0.0189922868964082,0.0200012412051693,0.00264622301828088,0.0194925933882938,0.0600471978841914,0.0180139764146337,0.26724719782757,0.00186533365479169,0.0894722871945849,0.0148520461271434,0.0102873466095097,0.000207864043655571,0.0109725561609659,0.000205952636768731,0.012707042228576,0.397679446489832,0.00488273684009527,0.000351495581232686,0.000162345736048405,0.00419571103817944,0.00268512565757922,0.00411558841674109,0.00868866729131097,0.00135720930939921,0.0115686605740262,0.00332787180180912,0.00179220023385067,0.00145289768224774,0.00184414365589744,0.00156527350277616,6.38312596256223e-05,0.00725564963880559
0.00706133730695682,0.0011635869174319,0.00010207699993416,0.000310298796310763,0.0674772876444373,0.0175449850813503,0.146800984730337,0.000123725003336131,0.00558556738215028,0.00609600260286041,0.00725386665702688,0.00399050560656623,0.000720083237622606,0.00120231649180432,0.00168984363026766,0.064608474275018,0.611507203234574,0.0163877771773768,0.00482286070724211,0.000329626278596884,0.0131455134113895,0.000131031162093478,0.00596459243675468,0.00080459183629803,0.00437170166560426,0.000223365222021807,0.00144724997277719,0.00237851019813677,0.0025034953986321,0.000776443198941521,0.00332301267862951,0.000152083057520282
0.000682727730527079,0.000726967286051653,0.00156088526340431,0.00382610536298549,0.00273474708387412,0.00685706684860444,0.0137523942874859,0.000258411425253997,0.0151216720008655,0.00768298306403177,0.00911483325800272,0.0132339722622121,0.00130412575669143,0.000242772105508902,0.00786026471509684,0.00161138375618513,0.0170937042179884,0.743407711987338,0.00195537431161507,0.0150499274595892,0.0149607506498403,0.0278895420937987,0.00918406352134831,0.0427798787104726,0.000973980939161697,0.0237070879599187,0.00104713717249462,0.00116404708352089,0.00777471140520359,0.000443921634574055,0.00023032956163275,0.00576651908472129
0.00186536556361004,9.31531321653767e-05,0.00142898241500161,0.00979958307926581,0.00422988061426204,0.00644439830314582,0.0119935786075978,0.0082578003096509,0.00788650514684147,0.0058601657371207,0.00181395847746421,0.01721783769465,0.00263973973764449,0.00123319067333511,0.000875108206922356,0.00640390348808491,0.00248653168583755,0.00380912487172639,0.810053462548732,0.0325598635523639,0.00260309794469284,0.00654400686797397,0.00622641369024261,0.00264167268802822,0.008172766446362,0.00841569827909278,0.00740190404906296,0.00117921910493546,0.00971677769980172,0.00409725303777076,0.00163587418740426,0.0044131821592102
0.000701997091983129,0.00140009288007069,0.000808366966784514,0.00811098793875922,0.0076300573302888,0.00978390189184544,0.0225887262647385,0.00590769778040789,0.00144782899293532,0.000731480334106752,0.00944460783076909,0.0133071580254796,0.00309316521848733,0.00042489533040836,0.000492255391082395,0.00989100375398708,0.00182210000817659,0.00222657020773271,0.006796917966304,0.816265358706171,0.00720487456648979,0.0041433755410851,0.0187583462678134,0.0128709957919427,0.00157204148308358,0.00381405490171467,0.00427247537420891,0.00094030175201097,0.0221501584547271,0.000293035117058338,0.000520705354557,0.000584465484789986
0.00539720387203356,0.000677798786043293,0.000568586385694129,0.00472575856698194,0.0134618564030722,0.0396417895028018,0.110527576512894,0.00051476641006323,0.0051425880467795,0.00140524574698791,0.00215517238068599,0.00213601548403743,0.00230722304583192,0.000211768103782966,0.00176507049633138,0.0625515748620993,0.00753997621254171,0.0011742247818049,0.00440885058993389,0.0248157860420603,0.640173853751653,0.00526709465294933,0.00276717045922652,0.00705290973445132,0.0219204252080576,0.00356534734313122,0.012180519531311,0.000200184918035532,0.000862474585868749,0.000488502494955368,0.00208845930949035,0.0123042257784086
0.00788085054519176,0.00045935374144963,0.00166034257900223,0.00416878216196856,0.00162378222517103,0.00221815389003197,0.0134144014017045,0.0023196117427595,0.0612415004022586,0.00376926549822501,0.0126116036870578,0.0280717670560626,0.000220702871235855,0.000185778781541582,0.000242824058780089,0.014587082929936,0.00518587967983701,0.0255567809812218,0.0219295924872662,0.00543515600315454,0.000462855498528852,0.684250122128133,0.0310266941972043,0.0134671272061083,0.010305871363755,0.00726542741052715,0.0181578749597473,0.000656051522086271,0.0134164784036085,0.000637624819023947,0.000758068940486879,0.00681259082693445
0.00418129141196891,0.00300315744505374,0.000412377870473642,0.00160146850577009,0.0108594835048041,0.000367362976071905,0.00301604780047265,0.00166193033197952,0.00711589572919852,0.00795507458166421,0.0108283087349752,0.0102119114355826,0.00199410261182739,0.00119518386308013,0.00243163126858766,0.00744211859185945,0.000634553838324024,0.0084748173459454,0.002828400090009,0.0225352877724158,0.0014537738903065,0.0221998185537745,0.816108132367968,0.0113362668466918,0.00203079766899014,0.012410979171499,0.0030028709823344,0.00366240241120624,0.00036807453428479,0.000812754620092323,0.00540440883124277,0.0124593144115456
0.00384362471794985,0.00187349334824731,0.000690383900860315,0.00538599712030799,0.000555507980872958,0.0208827921475501,0.0599176191127903,0.000631735531937066,0.000903017872132823,0.000911659419397314,0.00245646695230579,0.001296298527677,0.0030797821236951,0.000971828370248489,0.00437626320883069,0.0129556788209865,0.00671552489722765,0.00362779627580053,0.0253983777140282,0.0974631078525102,0.0368646174921226,0.0167873184671932,0.00426774831640424,0.642850010949292,0.00217620540434854,0.00149583049823749,0.0210148763087765,0.0038891216787707,0.00507726880475271,0.000423662615384476,0.0066246466291775,0.00459173694018359
0.00899014709584846,0.0180562260815991,7.41074945494993e-06,0.000696532667500275,0.0669178910997053,0.0405726382811687,0.249161207370941,0.00152968738250528,0.00883613285481005,0.000883681871472862,0.000428929127894426,3.0314248288602e-05,0.00127873588093635,3.55226687056425e-05,0.00213269818574908,0.0155004041026027,0.00155514001952632,0.0164517829405291,0.000759281236596317,0.0240954846651873,0.010373781291404,0.00810335135978709,0.0112014122092161,0.016150007591394,0.468219624817145,0.0152182278765409,0.000401219772899974,0.000220386357773713,0.00273476700500734,0.000643957734733962,0.00243935421706558,0.00637406123601122
0.00163512611953763,0.00413009152901282,0.000383796068678127,0.00298272053315972,0.00661539423117448,0.0126389057299607,0.0348549158128476,0.00345542075369061,0.0164408696118436,0.000265615986606442,0.00101132409004631,0.00476467367857193,0.00379999892132563,0.000834049285003617,0.000991811857725233,0.00504444898527668,0.00210526812503598,0.00110136741960695,0.00570252603279579,0.0288049516308584,0.0139795215065138,0.00481444241959467,0.00982677287068455,0.00292310597309426,0.00273885210631319,0.795905809895777,0.00644692797433092,0.0102286939187568,0.00539973772804867,0.000528404405085106,0.00633693277666665,0.0033075220223762
0.00124600585507681,0.000798372590926783,2.26483019042125e-05,0.00191193124169325,0.00249593425053332,0.00864105463601881,0.011352809990061,0.00734433932180906,0.00896568743891391,0.00262487593603529,0.0103225005096679,0.00586028889781934,0.00148195867477015,3.02168874189852e-05,0.000909195334841425,0.00724802028202936,0.00139495560998365,0.000668656058172205,0.00462301065986985,0.00598603989016183,0.010814518180148,0.0346876449379943,0.0422949789493103,0.00713574649756473,0.00139633877122507,0.0790860789367626,0.63893887512365,0.00693848769872016,0.0854251959642539,0.000527055091995179,0.00543056716672632,0.00339601031394266
0.00087569749510864,0.00378239575671259,0.00283589592372447,0.00491322196901208,0.0395405375283783,0.00698802433271903,0.0255714088105842,0.0101646355208007,0.0117103351775524,0.0401213472342792,0.00421837000236408,0.0195183518778737,0.0114828609945775,0.000920354047916702,0.028206509580918,0.05757542356213,0.000331763137229669,0.000931356745150581,0.0011155207540054,0.0121976520974096,0.00191161731406223,0.00101288567365693,0.0131261902362697,0.0176180212548396,0.00335646577675986,0.0257911828417213,0.00542456782877556,0.619295409529983,0.0154051695225681,0.00159571596305241,0.00622624492145478,0.00623486658840975
0.00891179923870228,0.00552637584886109,0.00188708233974982,0.000499477937198869,0.00679887072425975,0.00183203074716894,0.00657633464571725,0.00362416911596402,0.0677080035893902,8.61047487568645e-05,0.00421909241462349,0.00438448080963261,0.000205310462851646,2.72948915907614e-05,0.0046691306862345,0.0485257578625114,0.000277237068814242,0.000491188314161898,0.000384035098805848,0.00855957108706618,0.00310417997780435,0.00772819610409611,0.00310948709644443,0.0201970636570588,0.003870023849183,0.00903094894782828,0.0312208356082258,0.0302350576660801,0.693536884263004,0.0017110780071891,0.0150575056876556,0.00600539150336855
0.00743923878095406,0.00311840601705074,0.000327515452192199,0.00119105818434812,0.0174615678236905,0.00140931520519531,0.0309044030872244,8.22157221442323e-05,0.0038965695599714,0.0124596882144459,0.00522951396716742,0.00439126499238477,0.0128999486843623,0.000462357989151939,0.00898145820694666,0.00241180250458182,0.000406638031692346,0.00038643576415041,0.0437718212578014,0.00420445873258952,0.00231829809106065,0.0113305501783295,0.0512055077939997,0.00643981195429804,0.0269326685781275,0.00153192460464381,0.0115020259899635,0.00277118511370284,0.0145744097236788,0.70618765926238,0.00310897315135739,0.000661307380412738
0.00342276616139752,0.00628363226404269,0.00146908931419822,0.00162960418962167,0.0104571883582483,0.00179722515896688,0.0100741094635466,0.00385196588380055,0.0422309589624468,0.0112638255219503,0.00958301442296571,0.00230365827267744,0.00679901264739092,4.40214452047239e-05,0.00256153404509911,0.032198779551943,0.000314249024309801,0.000538883233803929,0.0098324267937164,0.00314361245919134,0.00610043814168753,0.00361928455513615,0.00435410281808458,0.0425334721996677,0.00277584127521812,0.00017810182578662,0.0361428695307216,0.0426652506278799,0.0311555520122777,0.00852539438902672,0.660896438696855,0.00125369675313609
0.0182617329908765,0.000304237299124623,0.000129805658277862,0.00209635445669827,0.0244051736863386,0.00865476860152978,0.0635257246037998,0.000770818889319519,0.0577558430330391,0.00075881567159296,0.00339096197276499,0.00908021633744863,0.00119602874047393,0.000219413796060842,0.00218917537279239,0.0212428695990998,0.00557116337890118,0.00463239005046631,0.00304572924262277,0.0504317282326073,0.00754803669595367,0.00585076184633438,0.026312799608266,0.0132250913659995,0.000848047948165567,0.0147534947107516,0.000272052567187029,0.00264771335729124,0.0059002196911479,0.00083725857266147,0.000689255430027064,0.643452316592379
