0.712795593161084,0.000839596765147458,0.00444366588354876,0.0155736471187195,0.0445817981728248,0.0106984046082831,0.0127214256404359,0.0175183448535555,0.0235419250357997,0.00249646379456063,0.0081517788893642,0.0304840100229544,0.00280040603544286,0.000525956560696232,0.00298641882954367,0.0144843354560695,0.00159074749169561,0.000613380808392194,0.00221966376736461,0.00140233236858608,0.00421374960657847,0.000871616883091258,0.0031009379724317,0.0125894255679394,0.0193603997964411,0.000174463777591969,0.00203563756144988,0.0165628659846319,0.00329345979022444,0.00139308595544516,0.00265589499590504,0.0232785668442005
0.0209080071771354,0.542219307108517,0.00323530933961585,0.0123205821993063,0.0245973805903694,0.0374347334762194,0.0069443290054504,0.0315740206038231,0.105470312635986,0.00283137998101587,0.00190582025751915,0.0509519227777681,0.00285016549312988,0.00142171477834914,0.00228528630049886,0.0354376850391374,0.00340626056107769,0.00579915853470088,0.000871350242080927,0.00412814165682521,0.0140003087771269,0.000855790724117656,0.0101227673884721,0.00222354347256153,0.000350940740470887,0.00332013996432831,0.000251004594767946,0.0260068324818629,0.00590622596101562,0.00123723578150333,0.00205333985115933,0.0370790025040879
0.00143169553632328,0.0118274647380672,0.686413947575113,0.00517519878243698,0.0455193737148123,0.0129265870109216,0.0142111084466793,0.00905384595429212,0.0505260502457492,0.000583876016957391,0.00191921533815523,0.02329990549815,0.000501522581335096,0.0018545831479976,0.0277264364271734,0.00294705235335973,0.00533105968709343,0.00221372051783065,0.000839359045599028,0.00113424770597976,0.012047147386218,0.000114965460338452,0.000826517525263324,0.000814024814988541,0.0128908213570698,0.00979064145527361,0.00456532574103933,0.0354041165629259,0.00659295460065613,0.00418723602685939,0.00121948395646606,0.00611051478887514
0.00361386312771034,0.0011989844137671,0.00530014060912418,0.572853992535838,0.0746735674244748,0.0204961860105886,0.0023233267506087,0.0665670309646087,0.0841592076416055,0.00825295634654141,0.0089874282255781,0.00412127792708539,0.0336106734957398,0.00815915237027675,0.00115311278169619,0.0302414040780317,5.31186711209536e-05,0.00348759880563167,5.81430296023915e-05,0.0028275952227046,0.00254533609510389,0.00113476120697652,0.00264016850054645,0.0132120132215811,0.0193035772526636,0.0022818643060243,0.00295727001574792,0.00968769208820595,0.0102084089611683,0.00259251791143398,0.000883167265058227,0.00041446274315529
1.52713933624163e-05,0.00399190856419126,0.000519670404509438,0.00285190809090116,0.624673053729222,0.0671912701966752,0.0685135344258519,0.0262854818347987,0.0211621642702318,0.00134412069860784,0.0037529388387349,0.0135850592559739,0.00174934109998301,0.000325128566833649,0.00034485195295029,0.0942479212216465,0.0020800714243625,0.00186720079868783,0.00270465809790666,0.000680633071661906,0.00836626519960131,0.00366735856882099,0.00962854161080132,0.00268698698884735,0.0147758146627617,0.000139293731968302,0.00187138495622792,0.00783369244554027,0.00250004936595365,0.00297168230199461,0.00619581213746369,0.00147693009292611
3.47437467624136e-05,0.0123545985500664,6.6191333938416e-05,0.00822310704599215,0.0128209289814502,0.659314395847517,0.0182601066304138,0.0520844824059231,0.0336670208243451,0.000471571492976306,0.00394195800524779,0.00954439741169908,0.000843832866966528,0.000302338340909168,0.00402507799434085,0.126482183205529,0.0014984066403222,0.000460044880585551,0.00624921104692573,0.00134634122614908,0.00285969266775479,0.00750395979739961,0.000169046977746031,0.00354088101191218,0.00156908164978361,0.000305076338499544,0.000691795777849708,0.0143369294125342,0.00249746678628692,0.0033034688544512,0.0111127370872116,0.000118925160510874
0.00698001461307058,0.00323293975931072,0.00208412535770777,0.000267763148779276,0.208748118053602,0.0510213781728051,0.311951282128775,0.00534280485257088,0.12840036452436,0.00751682657310632,0.0127392780377678,0.0587297752463092,0.00306768783233208,0.000366022100439235,0.00160666948637861,0.0604541926383076,0.00374693749995052,0.00710698079897803,0.0139732533083666,0.000665665164429811,0.0136251686520959,0.00288728793627161,0.0102626907715747,0.00423321675865171,0.00622082300586029,0.00171754769465413,0.00389981810936612,0.0428088869441765,0.00763062569617698,0.00244215401419302,0.009566171525438,0.00670352959419445
0.00213666444011531,0.00674060286412252,0.00129054520684477,0.00899273757481591,0.080621656949021,0.00696235545949358,0.00408806474748288,0.673460429027665,0.0523386528399469,0.00864429792571389,0.00401828696648452,0.00204459162673154,0.0285388193472862,0.00386218632758066,0.000184472827226488,0.015747443034277,9.38673249621031e-05,0.00203501596835084,0.000509603013068252,0.00311780946246978,0.00108796227542161,0.00457799147128259,0.00606906151008193,0.0167046236632033,0.0237932161378687,0.00360662010216275,0.0045407520500053,0.0224303550726301,0.00691405271557193,0.00372399876416412,0.00046877039000205,0.000654492913946955
0.0239214826002053,0.00330470121422704,0.00264488684005216,0.0089320670512022,0.0183445382651031,0.00971232665646189,0.124921383625311,0.0160925798461822,0.589978090661946,0.000730903933793427,0.00698049844450158,0.0377096485579314,0.00213753071463989,0.00174099362903469,0.000449602152077506,0.0505588903625366,0.00273231963041427,0.00220572001917024,0.00518170559025793,0.00261466363526831,0.0169510090498289,0.00350843390666209,0.0187741508456061,0.000333509584590861,0.0156803696499768,0.0013718502591391,0.00535220386976176,0.0196477716028525,0.00362028259919972,0.000438669349582681,0.000159521096037784,0.00326769475644501
0.000595431173933704,0.00604325982439142,0.00255310940520857,0.00938243154999368,0.00945109460658006,0.0045433228038088,0.00140560142963246,0.00476366149384846,0.0065437259374746,0.72909823359176,0.0456785191472989,0.0308464025801694,0.00276385306024425,0.000678278884324035,0.0214273503301701,0.019718096152963,0.0052603553257155,0.00278910991855721,4.78001058968985e-05,0.00206340529499935,0.00705649973675254,0.000723836314297289,0.00239935731392781,0.00713830865540162,0.00245513299354259,0.000995097447298342,0.00415107188991893,0.0271227457863855,0.0206306947511054,0.000783757645088475,0.0182411484529119,0.0026493063963986
0.000225474921108195,0.00145249292085789,0.00857004404756141,0.103650991072596,0.0410117507496042,0.0107987779599064,0.00935256498864446,0.000276530255777663,0.00615928632079093,0.0134581510431409,0.612993085006651,0.0306691523107954,0.0225225561285382,0.000327962370421499,0.0295034931598701,0.00683418208371541,0.0012874450970877,0.00354387450259391,0.000615671779061802,0.00015583124220291,0.0261722831831141,0.00111837567632161,0.00242880465684553,0.00352223298301517,0.00351666217119363,0.00602806701363925,0.00307255084913292,0.0193032375439573,0.0125901229994683,0.00264895336281943,0.0152834534097031,0.000905938189863546
0.000165597421533557,0.00128610531510313,0.000613402665499029,0.0114036434045501,0.0374422862653802,0.00617779209651466,0.00484193736879989,0.00752908317596595,0.0282392054545162,0.00307682792367332,0.00689986471690122,0.501576170986127,0.086961962015138,0.00870749987328529,0.00442328380391683,0.0206261793413687,0.00102397180902566,0.000555098699640383,0.00190547388318644,0.00930919508563716,0.0167751948143672,0.00808719255692438,0.0412626572446425,0.0468566951091015,0.00287767914818362,0.0300751078015188,0.0108459153575603,0.0204576928587609,0.0561614041664003,0.00413071069495166,0.0189130673340913,0.000792101607734911
0.000850053669181086,0.000389243374104237,0.00561188565374918,0.0172345730785627,0.059752857470849,0.0102853357363315,0.0184331729954113,0.0230362001126246,0.0448141180476328,0.00402596900430067,0.0749591585661329,0.156519565499992,0.351493621132449,0.0012489087686757,0.0503667705470526,0.0308442638327987,0.00264711555468227,0.00103879893269931,0.00367996831654375,0.000644309281132926,0.00494393479067801,0.00115182287441047,0.00252148325847693,0.00288626216666324,0.000177097233190427,0.0109397342950543,0.00170399571967821,0.0950168432736674,0.00919950931720224,0.00302981199028447,0.0100116384087508,0.000541977097037226
0.00156481396848469,0.000141026937587051,0.000577383957375176,0.128347896839573,0.0279739198971368,0.000695999603837045,0.00200037790031585,0.0303318960483641,0.085501750802806,0.00679636365239653,0.0079234688292663,0.0164865934428624,0.0249169478248984,0.544326222160875,0.0055167067160397,0.0183250008177679,0.000147937497821635,0.00269030575076852,0.00706604714536043,0.0160673899923788,0.00115668673916593,0.00922485124519818,0.00674647743501236,0.00435505672215843,0.019681440468734,0.00113681046070031,0.00071383478338027,0.0234526130044852,5.71745694832685e-06,0.00311699979895352,0.00296989302899517,4.15690703529781e-05
9.47143600411141e-05,0.00125822676282631,0.00537422532977532,0.012782699934183,0.0209733777048071,0.00465265465876049,0.00124396880241578,0.0121320695866314,0.0185578198273757,0.00375328243896565,0.0182415098722053,0.0332511722628816,0.0102905501853585,0.0015667402308352,0.780693531437485,0.0112091814293996,0.000163065009749536,4.59977911132993e-05,0.00518390086736365,0.000447664091070377,0.00359635747665875,0.000323630826092146,0.00208156965472145,0.00118630367494734,0.000936959095831488,0.00459873022708702,0.00358513587951127,0.0230664466779225,0.00735573083452429,0.00393418307759899,0.00216398858997768,0.00525461140188362
0.0163335855241249,0.000268261468425969,0.00107807791437665,0.0192427250139645,0.0579406167108462,0.0301101376578345,0.0194356886586452,0.111517784547941,0.150347212152109,0.00160571900176785,0.00346985598647449,0.0280976118169808,0.000172015039450775,0.000193791194752929,0.000609184989090302,0.508512753965928,0.00204168825038224,0.00499519317400541,0.00533383120830257,0.000534743975504126,0.00123506113251465,0.000190431417302197,0.00293196227818553,0.00658711242398868,0.000849926839096311,0.00210602896729214,0.00493900301718863,0.00752247568197437,0.00547166142527412,0.00119088506768122,0.00136258197319427,0.00377239152540143
0.00144482642219412,0.00936840417486824,6.24493267310347e-05,0.0348325849575099,0.00102601905646327,0.00184100647883991,0.00926553120962183,0.0366561980603846,0.0806657335096143,0.00686367156278007,0.000367901220502844,0.00570788472025346,0.00107921703482126,7.69632544486584e-05,0.000660739676099107,0.0321709115026464,0.656084133787742,0.037839535811408,0.0030491204452555,0.0034608337685656,0.00446130282743653,0.00284971834033929,0.00145624622831879,0.00732367338295935,0.0263520888052462,0.0107362413718121,0.00709761129145025,0.00750080285385236,0.00590245013849953,0.000371882543545157,0.000512416460156143,0.00291189977563408
0.0105233633859332,0.0108783798145751,0.000301611386327142,0.0357943393913469,0.00580637416376699,0.0158020330542862,0.00529759700264982,0.0118820533703448,0.0766143885436617,0.00201567140013008,0.000221132824946164,0.0112509283580681,0.00957037049655906,0.000950548852737513,0.00536068143617576,0.0141748369439461,0.00440863694529169,0.655484422667055,0.00898208514682888,0.00795365683672937,0.020129904704763,0.00380294788284781,0.0232749877286532,0.0138380327508618,0.00853476009839413,0.00571083717379855,0.00497159968874543,0.000173799349156717,0.0230461433469798,0.00171576411407258,0.000933695990290462,0.000594415150076553
0.00443174484869833,0.000103549765831495,0.00821560960272096,0.00422180145843602,0.0440820612001817,0.00101821348426214,0.0503950651417964,0.00223551903497584,0.0136988023289694,0.00344810786351704,0.0072801656098575,0.0369504203250838,0.00257460016437344,0.000905223091856188,0.00216178027190446,0.0145256307043512,0.0032637248900315,0.00896778894563423,0.672079264419406,0.00548979301647541,0.00726332638198069,0.00730637974106,0.010551767284896,0.0057573649218375,0.00255485001452382,0.00237489226998704,0.00357325928825318,0.0573734788157165,0.0117950804511112,0.00311949068281722,0.000795551112393549,0.00148569286706001
0.00327250904923585,0.00594366786628248,0.000893085286208733,0.00963558180887329,0.0345307751456385,0.000615262787397008,0.0216486100897191,0.0047008425701628,0.0479512868323727,0.00494536590845017,0.000363762362416861,0.0513968267852725,0.0095047549489331,0.000670562626215609,0.00164288391140962,0.00162033031145238,0.00119476315718324,0.00244502905243511,0.0165083330906868,0.543068800303444,0.0014573702347176,0.0570544678113191,0.00444568755313347,0.0338511925835333,0.00279145940875225,0.0832805675745394,0.00699674482837001,0.0185417434364449,0.0195429487653923,0.00427051845096065,0.000422324733253259,0.00479194072579363
0.000415684857928318,0.00486134825278384,0.000711632582907731,0.00321180688916098,0.0704061979685824,0.0146866202410109,0.0300421967195203,0.00112800234982519,0.0273485825973062,0.00419993959521446,0.00172813582741348,0.0121520087726102,0.00180323860609436,0.00361152347873802,0.0130007847477557,0.0122890039487009,0.00226744736323593,0.00164171418759031,8.33540662609416e-06,0.0423556790756558,0.461700372162738,0.0028033077804819,0.0208808451238426,0.119896944393803,0.0010030729779069,0.0258493247080697,0.00192488171454793,0.0203356943375501,0.00697204475549517,0.000354167087110312,0.00596574331488376,0.0844437181749097
0.000634649002044311,0.00128650905301469,1.79588214135426e-05,0.00592673787915983,0.0260049069186508,0.00847433542018525,0.0280568174123072,0.00158812751355567,0.0428504674528691,0.00387943971089007,0.00449191562813579,0.0145366264842741,0.00223626645932389,0.00308091960014889,0.00351520917196318,0.00343502945449386,0.00380570484327795,0.0544573273905324,0.0110917355959346,0.0312228503592469,0.00574074824768196,0.59103156353488,0.00402609797299511,0.00644182767789896,0.0957158189798438,0.00173573177656615,0.00579521404942104,0.00917569319788959,0.0116962866115303,0.000270032323836807,0.00369447425348311,0.0140829772025505
3.35403112861193e-05,0.000351253323003368,0.000585660441686068,0.00383705062470761,0.0490664520467656,0.00609564003607338,0.0320430985643288,0.00654569334550202,0.0485728337221205,0.000896728824953752,0.000569573206548102,0.0124297076953847,0.00457771742471469,0.00789921556503007,0.0128099770675195,0.0178799358223171,0.00657962281031534,0.00115421675357735,0.00164846206326901,0.0224983374922939,0.00795152087601627,0.029406115984823,0.616313993104197,0.0155836103577565,0.00581409678842559,0.00649726862617229,0.00767127867086372,0.0161941561899975,0.0102551279192635,0.00144311796618106,0.00522145677242511,0.0415735396024814
0.000410259935841166,0.00249429573294023,0.000885977393909122,0.0100322269352749,0.0901831047773734,0.00697465962209332,0.0343400417564984,0.0135249959243214,0.106607991669379,0.00507057520035773,0.000175658014384367,0.0114563277059194,0.00184869356091474,0.000215431405161324,0.000531491278652959,0.0192368494740021,0.000309574901545972,0.00189312947526479,0.00317780677146759,0.0158936189769827,0.0140949470728632,0.00943246886136723,0.00804745483657045,0.57431377168762,0.0277991672445222,0.0213987687469359,0.00982405084591746,0.00268518291242134,0.00414025193616008,8.01777594873492e-05,0.000993185556325805,0.00192786202752451
0.0363604113972206,0.014504696991492,0.000335151157592239,0.0199845024756473,0.0958769753049821,0.00676702666390624,0.140873545728533,0.00984790943552094,0.000280420842140619,0.00101272501121038,0.00419455722234714,0.00298828376856937,0.0104638347388737,0.000458568220408693,0.00514173875897253,0.0401628128770479,0.00519078217676691,0.00251506031846666,0.000153575659368396,0.00121372418101185,0.00397747717636377,0.0181079836702293,0.00451686338437679,0.00510528018548221,0.533472818833102,0.000122187997054502,0.0112249877080117,0.0144488465970939,0.00420412645176746,0.00144654945663221,0.00160646282182809,0.00344011278797927
0.00489709245364328,0.00104675377308479,0.00226452013858501,0.000979192991610548,0.0344473794931614,0.00109002542174843,0.00630935775783173,0.00135116334894871,0.01949809581474,0.00463016506444955,0.00354713439565996,0.0131221630718494,0.00710262338058084,0.00045170769206193,0.00118223783919892,0.00399152177921233,0.00379241260454002,0.00216894178585694,0.0014108425540236,0.00470456061100501,0.0241250986356902,0.0110601518199739,0.0495439341897808,0.0114584981238519,0.0302749833896604,0.734185677849674,0.00552522613922957,2.36792508853886e-05,0.00889384021984388,4.74966134067479e-05,0.00270694352234631,0.0041665782738646
0.000581624482641007,0.00112405342081962,3.80520251335846e-05,0.00143341290523155,0.0678221475425161,0.00671294021220703,0.0121256268024679,0.00112788059773001,0.0376815348645307,0.00124193789205831,0.00564095774143165,0.024586103491063,0.00428796313547849,0.000522434416606626,0.00668360050418346,0.00111100564945376,0.00280284573377441,0.000844791879372143,0.000906037064275816,0.00771394822960913,0.0209264612732413,0.0061172965273079,0.0213105391447554,0.00243677506941036,0.0350739412873963,0.00088438644328911,0.705135118110756,0.00602692594602941,0.00427221596268854,7.40696236440863e-05,0.00319590365033298,0.00955746837056417
0.000321638074094912,0.00110259090873383,0.000578039676831497,0.0114404540213771,0.0132280574633119,0.00747001596917546,0.000112285377898361,0.0115228504242637,0.0160419306198717,0.00212263761592557,0.0200340211183636,0.0690960322599606,0.0907775997302051,0.00432472339723535,0.0247777521326841,0.0337415298399421,0.000240522089055432,0.000936772696959455,0.00650120306659351,0.0115101734812076,0.0113355793330045,0.0138359564176505,0.0342685573187078,0.0508389358142501,0.00159285989098888,0.0322210363448871,0.00350526196195619,0.453286165653422,0.0568470141955734,0.0137431481717086,0.00174064588984947,0.000904009044310586
0.000355100311789452,0.000823687965831029,0.000506182128761479,0.00281954272281219,0.119690501068166,3.15178831901982e-05,0.043793383206315,0.00758170191599501,0.0591549958829902,0.00196151252400139,0.0147586889026787,0.0230454862220671,0.00946063673901108,0.000836210915059551,0.0134458893078152,0.00356057217184639,0.00513471780056841,0.00125474268300632,0.00109889588097248,0.0118316749111236,0.0348712308278229,0.00178804482028049,0.00446405490943909,0.00265436677420281,0.0332547594565866,0.003645846742213,0.0501313075849354,0.0358330316453961,0.407684540053897,0.0306823877135335,0.0682465626388492,0.00559822568884269
0.00186812839063814,0.000689088386026094,0.00485743443378783,0.00669304483843033,0.000536628620541446,0.00224702529725612,0.000735295118790116,0.00333125357950913,0.00563426401706974,0.000242638307891603,0.000712686468183984,0.0408716484961135,0.0191421076182084,0.00201062881078784,0.0173216955708927,0.0178796298794122,0.000478258625970789,0.00217612802478232,0.0013435072604415,0.00465905671736816,0.0097788986615241,0.00375783494049077,0.0204853677717668,0.0114044075373471,0.0020447470888503,0.00197242688935414,0.0160539134481959,0.0383367393248124,0.0500183870488977,0.67928826187117,0.0323979931312776,0.00103087382421153
0.00175987695953663,0.00144572307695478,0.00165711208391063,0.00219300921127131,0.0484747570145068,0.00192083494138999,0.0222993835952969,0.00116202191532738,0.0236405012540649,0.00414939672325317,0.00663597492951092,0.00800558488736498,0.00367654591778903,0.00106052657207966,0.0101434212441994,0.0032427354698468,9.80787120436398e-05,0.000559361574891291,0.00366813823338023,0.00697726069321472,0.0158932814596217,0.0026568165034081,0.00233313456095876,0.00259148649039608,0.00567500963919882,0.0164411644580788,0.00909007111275891,0.0275359872147242,0.00479538152330444,0.00984009267956277,0.749716105311367,0.000661224036787566
0.012514827153092,0.000791031519654999,0.00119752703022235,0.00319931558199129,0.0426825182868674,0.0115323315574393,0.084333455136629,0.00124875176522959,0.0490880390156853,2.36911267395739e-05,0.00108613718865042,0.000333194310097605,0.0108273483226654,0.000223855489564126,0.000649619682781299,0.00384349014047193,0.000107296954251892,0.000233001720106887,0.000979186065186993,0.00446897112883381,0.0689651936444798,0.000179490649290338,0.0169227832013121,0.0319297929289784,0.0644187446053786,0.00312497047532632,0.000830221309088835,0.00284985074902826,0.00453862301722631,0.00306263646378273,0.00258373109544482,0.571230372684502
