0.680442843211954,0.0110814362893998,0.00238788552131453,0.0192692790075676,0.00486667900566821,0.0526631246703039,0.0354371968869045,0.0158792582986542,0.0435771968883625,0.00506483231860417,0.000558468378163399,0.00245820643431743,0.00265738579714028,0.000982925893194058,0.000943615458733516,0.0267630713082682,0.00639986674391917,0.0262887097144859,0.000277241573684249,0.00397919831251047,0.000594271266680693,0.00300130839960144,0.0090668280491191,0.0067282769136548,0.0231119758186247,0.00214531426893584,0.00234787419793313,0.000955626017983762,0.000657048293837997,0.00198827288193144,0.00243124567619821,0.00499353650234888
0.00392058498099751,0.575836251113669,0.0161572838955611,0.00441227590589544,0.00075292940536006,0.0316471526543401,0.0983591816576817,0.027257249309284,0.0554619725722583,0.000175282715573878,0.016429751186125,0.0421198877299621,0.00222811384937487,0.000623836042999391,0.000366877813096854,0.0449468717619628,0.00696707430095523,0.00292994170484523,0.000121217953172337,0.00796502111574908,0.00317415998572917,0.0050973753268031,0.000720394690951998,0.00669015087241826,0.0154878022094013,0.00373237133016857,0.000590339159281162,0.00344719268801443,0.00436510964255064,0.0021946720393625,0.00695636883501367,0.00886530555144161
0.00249792051979262,0.0217498522056678,0.73693991182296,0.0074758532823982,0.017040925647878,0.00240130141145215,0.0616637030349942,0.00348510086648059,0.0388915933564322,0.00350936133935588,0.00479285296454948,0.0266198070377754,0.00210379780037633,0.00479539757707753,0.00294801115219745,0.00257616011103212,0.0066757641901833,0.00289087882436415,8.51198356369936e-06,0.00805966524374768,0.0013652090013732,0.00966551908668646,0.00212112878564845,0.00284224541410882,0.00444762259388968,0.00368392891916601,0.00418942092694961,0.00286792586984341,0.00474821717327074,0.000455129681676518,0.00402776196761412,0.00245952020749412
0.000984052458263151,0.00830770407653361,0.0154521175256954,0.642464922123322,0.0795875736748138,0.0159168089781916,0.0970807627637004,0.00810673676491511,0.00786063939467823,0.00206366311577795,0.00109976130119367,0.0250052440737127,0.0169297179934043,0.00503768469500706,0.0105806936151344,0.00695225201359586,5.31988070443865e-06,0.00477488915525077,0.0016693000849356,0.000825937907942558,0.00235091326601977,0.00226873076119631,0.00146699746470781,0.00167388519794141,0.00280426631149297,0.00638513605954337,0.0060251656885342,0.00392453298933715,0.018539071762109,0.000518027332603615,0.00289247412231007,0.000445017447431798
0.000316415964805913,0.000800529130890569,0.00887915426398096,0.00918816736746792,0.843446182756233,0.0110799729314375,0.00962089726448588,0.0038365716060758,0.0285745116163173,0.0045912319814829,0.00199543825551056,6.54861495474766e-05,4.14067109667016e-05,0.000392993079027494,0.00208979787543586,0.0142403463315184,0.000320139433468946,0.000500619297184443,0.000167645169784945,0.00111876668370944,0.00129416614872452,0.000846130501107423,0.00702471947754398,2.41051595868716e-05,0.00210987246131685,0.0198723060746867,0.00956070689835641,0.00559690346030257,0.00948116160648138,0.00107381525161842,0.000744844122808372,0.00110499496813511
0.000577725020744621,0.00198208785029358,0.00478839448549401,0.0507212785024136,0.0229217193771834,0.635013325199961,0.0290405107071505,0.057854470522289,0.0677007654826297,0.00851596053348104,0.00286537337786311,0.00267112232994883,0.00224999344651487,0.0027442666796723,0.00537114361036149,0.0561929212427581,0.00132838063376516,8.2455212539018e-05,0.000125783648711331,0.00308265122653247,0.00207059361396674,0.00564089880789747,0.00398468808750769,0.00532938735221829,0.00129379374808294,0.00667534499719145,0.00696144330478729,0.00622503990557659,0.0018423220712975,0.000339693075184761,0.00304564801450782,0.000760817931474547
0.00975117884643376,0.0024825239268352,0.0037160446901411,0.0577641047703852,0.0605054345383549,0.00363001088057039,0.733279516681547,0.0150282658602798,0.0231382381377796,0.00898373583931933,0.000578766124777696,0.0170537809538786,0.00474897293889496,0.000553549452340157,0.00814436698822769,0.0176610147152041,0.000302609401085913,0.00231598077866896,0.000198142154568815,0.000941102494346078,0.00112735723509899,0.000526701925828568,0.00515115186017343,0.0024421139223903,0.00214850127857566,0.0103119398730549,0.00230765174510925,0.00090246838355088,0.00101041717924363,0.00105523652644569,0.00210292950242565,0.000136190394463433
0.00295222084838286,0.00291730864811132,0.00334655646589865,0.0153902218387159,0.0518473653202829,0.00184747045003394,0.03762466165339,0.640921180954734,0.0262565945134795,0.0101843766771058,0.00211690494727202,0.0294621297139721,0.00259377445256882,0.0200154123172355,0.00815127076722851,0.0211984355287142,0.00019885253617012,0.00455331262533854,0.00113452013422235,0.0106953969242519,0.00228928701701664,0.00754018874831333,0.00749953558767608,0.00716913462559432,0.028408970892599,0.0116043358280308,0.0141996552223435,0.00261541766110012,0.0146107379620527,0.00171553732456555,0.00396800241182193,0.0049712294017771
0.00954285565661062,0.00889343823618816,0.00194077634421935,0.00602418035138297,0.0242279659316317,0.0602877663571948,0.171946352193989,0.000544586758441115,0.488189652882821,0.000775769128260414,0.00298575269148354,0.0106827613585472,0.00366873306921795,0.000285835521935869,0.0005629129507508,0.172948052455854,0.000104375739488234,0.00492016720237153,0.000173816816087013,0.00096546798505776,0.000569007306782415,0.0065794535699639,0.0035029134398378,0.00213570343296668,0.00273979613114818,0.00237634081043495,0.000633400574940687,0.00150157748897071,0.0040522749458816,0.000222293314843285,0.000886718213727646,0.00512930113896894
0.00580944112490159,0.00212733960244285,0.0122450356957363,0.0223874846816623,0.0178279398387016,0.0695182649986618,0.00186364839515167,0.00315050082837739,0.0937135404199791,0.60875247615617,0.00293175976750534,0.0407338409277018,0.00644821363691011,0.00234522276001662,0.000977478416757044,0.0354226026195795,0.000507108610108298,0.000109587908571856,0.0023294705404239,0.00643478211879157,0.00430924500830882,0.00320977551597599,0.00338744071889167,0.00667589573610481,0.00184422951643875,0.00358484647683538,0.00110951772974173,0.00333546534931931,0.0303295539062238,0.00211229045885208,0.000359825846653165,0.00410617468850416
0.00701258726913072,0.00201726357365092,0.0186481800339132,0.0196726840050638,0.0198222251654334,0.0786287278024191,0.00079404278021367,0.0315615327624975,0.111252095303383,0.0346438454840996,0.480602312256176,0.0110158941251187,0.00479135857135967,0.00281365846729779,0.00483744514849522,0.018718388242029,0.00182196659497464,0.00449377299498872,0.00309973105221413,0.00508124501431431,0.0103929857536876,0.000271598963395557,0.0254567943105016,0.00494472288251157,0.00266766888249327,0.00639851970925935,0.000833224449221189,0.035066895670511,0.0380433188845325,0.00178429597277192,0.00119726350443407,0.0116137543699071
0.0317006518093584,0.00679163334556212,0.00463698624354651,0.00629194834225948,0.0368451938159867,0.0246928395905409,0.0144742494216734,0.00616804964690598,0.0106455906497457,0.0290293582162958,0.0131333067716574,0.670888356491843,0.000786268183770347,0.000294524865441394,0.00559456022386971,0.00405406184986138,0.00216764496862455,0.000291165395662689,0.00134734691931579,0.000281411489641474,0.00986397527618795,0.00151657260183721,0.0422162144890955,0.000706299788443797,0.013636772572621,0.0151170990400379,0.00713114569013062,0.00407682948280742,0.0151223011102203,0.00114741574805197,0.0158591842561088,0.00349104170289412
0.00266538705348264,0.00198978452802761,0.000669035366577917,0.0024681043646283,0.0945189600559222,0.010931650480753,0.0832672147885001,0.00103166916046896,0.0466284020294201,0.0671381297205477,0.00378439184835074,0.00588548909127096,0.493471556045902,0.00206394796125785,0.0499901982466146,0.00505262451405875,0.00225392759053859,0.00301988158779704,0.00134628930803949,0.000309365951394359,0.0125711849961817,0.00259461693963763,0.00236327081905671,0.00391767166707849,0.00203271045391799,0.012152848562101,0.000176528102346825,0.042523871384111,0.0351628072547843,0.0053422024319592,0.00160942355550852,0.00106685413976356
0.00182580925429281,0.00371606397170487,0.0110157481893605,0.00165235189934043,0.00765862996776329,0.0019308730477162,0.00515174587972265,0.00546244761967947,0.000251457925451359,0.00381931222225226,0.00268890868131578,0.0262649720737662,0.00858029654262356,0.80217942648995,0.0458860799471125,0.00186944203397628,0.00151008638899931,0.00241277366203164,0.000644077732354432,0.0102223895946439,0.00626438237565384,0.00100158631420551,0.0112770714245396,0.00292687950412166,0.00878634871832878,0.001387588900903,0.000552630923625599,0.00902329680681716,0.0075013426266395,0.00110179319484392,0.00508016652342497,0.000354019562839622
0.00751074145821385,0.00632312319360226,0.00346996965790695,0.00268716335989615,0.0287689974583599,0.000735350277951561,0.0163743904353915,0.00048725506370401,0.0114228035864644,0.0118215447874508,0.00506254991105724,0.000859262583740436,0.0393577240355877,0.00121313438945222,0.805690287593351,0.0105889239056126,0.000881101640338726,0.00118734000758934,0.000901381959682565,0.00462189627561975,0.00330435379453422,0.0003071854450336,0.0176264287530486,0.00311379170619214,0.00498704637091798,0.000155397245887633,0.000832030962268153,0.00282982771182162,0.00308854436047815,0.00287860971851061,0.000523531953983576,0.000388310396351271
0.0237938286391174,0.020688288817911,0.0017496983407597,0.00661519360654057,0.0555697184484404,0.045739803847652,0.274645121431391,0.000934508893684511,0.151621828082439,0.00401128517803008,0.00621494929326273,0.0197899105017879,0.00551796834688789,0.000944982257605594,0.00269962194912925,0.337168797358038,0.000173777254779511,0.00314725180972044,0.000326248518279824,0.00416745674598598,0.00283904175145906,0.00583777697866523,0.00126029803897441,0.00409409410278775,0.00140895893079907,0.00342063364283347,0.00128057397774531,0.000737057666362448,0.00550559249731008,0.000290053012932199,0.000165020136172345,0.00764065994251624
0.0206147403160937,0.00429465264334978,0.00283314875117292,0.000430059161982779,0.00300933363680621,0.0150665334403836,0.0182437284846936,0.00116261359106917,0.00412986729223983,0.000892184349575727,0.000320733186224067,0.00223112385516509,8.59969295053495e-05,0.00267797340752172,0.0100418641110349,0.000761876923071836,0.837531355982557,0.0295431134431358,0.000291700116040647,0.000677351831834736,0.00155589806677654,0.00164139629582631,0.00489937468935227,7.72347443301525e-05,0.00562344267339241,0.002748120435401,0.00158811619158229,0.00749028396007047,0.0036618767643865,0.00279177071260966,0.00407335556337965,0.00900917844943462
0.0068700947064007,0.00647707658521471,0.00037025034501364,4.14221273750267e-05,0.00353042997347933,0.00771728341849625,0.0125099362991948,0.00227182876518705,0.00502297598249785,0.00159750114155642,0.000508852705840318,0.00337694700944522,0.00170281320936314,0.000321848078939446,0.00508121674454136,0.00513881477443048,0.00668483023242554,0.749250481317325,9.4819464811061e-05,0.0140993663952999,0.0495359732369801,0.00278887421182018,0.0276382147785836,0.0533576003643249,0.0133119471511113,0.00105682481036546,0.000855312236018635,0.00236906681301858,0.000739988182438143,0.000261049170937899,0.00921722350993119,0.00619913625763263
0.00142673099989202,0.00213276320490033,0.000442748984635226,0.00491183216878707,0.000822303625605772,0.0105550742684541,0.00859561056807651,0.0019762604541273,0.00962608258274577,0.000174452589011,0.00274486038635448,0.00764906768312584,0.000374614847303444,0.000553956439517916,0.00220242419467209,0.000351902733791282,0.00022053893726093,0.000295963760503724,0.612698187243366,0.0308794448039852,0.0469544024716424,0.0191217463421872,0.0368466473428505,0.132091279464713,0.00718593634774109,0.0350962626904238,0.00577860828125118,0.00468793930706906,0.00363293797877399,0.00282538597695687,0.00638009773345802,0.00076393558681611
0.000236308760812054,0.00110016500934736,0.00189436799467762,0.000613875344286115,0.00331924798740389,0.0189877944423861,0.0301924985915008,0.000699919982888006,0.00586770327359957,0.000862043071949687,0.00235925911460709,0.00013919993872254,0.00084045995346636,0.00297437036117319,0.000324091255705098,0.00560565981908208,0.000220780890412128,0.00118904144892871,0.0219255768919729,0.769237547200306,0.0213148862601615,0.00626612082634328,0.00139217583804901,0.00552591718728089,0.008057415067615,0.0165866612939037,0.0119747717940544,0.000121766884601644,0.0193843342167937,0.00115302837158952,0.0357628032484927,0.00387020767788802
0.00909416123493035,0.00350551248142286,0.00576443930571729,0.00216729161164922,0.0290595384332753,0.0115375679826936,0.108121397042527,0.00449945474897416,0.013568366119031,0.00166362948906069,0.00747848627537498,0.0253541404942457,0.00106779267778015,0.00299897282374866,0.000265022275677079,0.0265584927586145,0.000260813999064782,0.00330050615940866,0.0093692015751091,0.00318874811545084,0.565501567527538,0.0059029402185724,0.00430112198111638,0.00916056684132768,0.00597294202344573,0.0508949048310317,0.0219511732650068,0.000414191768575495,0.0105524732609363,0.0021868283757878,0.0274829572018431,0.0268547971010624
0.0124836082796842,2.60734664284488e-05,0.00077573349903299,0.00125569838924804,0.0140539811713503,0.00167225980954059,0.0230396838433004,0.00343474864289255,0.141410116647472,0.000477524283424917,0.000489572319550294,0.00630057826648513,0.00015231448310373,0.000856801988302428,0.000204411696974966,0.16710437820152,0.00974074867152052,0.0164323086541619,0.0226238299306463,0.00196103062364641,0.002681641401953,0.46980032847207,0.0581119187256597,0.0239939469651513,0.00131353094511297,0.00706122096322415,0.00393007771874132,1.00210176033096e-05,0.00507712493559971,0.00154537883948944,0.000464043294989253,0.00151536385212021
0.0115075492289655,0.00500576710666894,0.00616503125163627,0.00277489228169322,0.0119940142513461,0.000427331047681676,0.00412369181723487,0.00248580614324799,0.0289049715988529,0.00182836017686741,6.21512778796752e-05,0.0196597290817717,0.0013320524469018,0.00219089489618026,0.000125220637782408,0.0755500232516788,0.009395629534142,0.00553674683324404,0.00344049612146094,0.0185282407430073,0.000338785570652667,0.00752127452249998,0.719307920057053,0.0214349022398957,0.000698521093761572,0.00494292205558492,0.00292671663349674,0.000250987676587698,0.0213733218971186,0.00501252618160372,0.0047041594847895,0.000449362858711769
0.00273755983421469,0.000613826643073665,0.00131634481252422,0.00172223050491685,0.0215304773634226,0.0117470436179218,0.107925908401783,0.000631867850841195,0.0261318709452984,0.00424824915657605,0.0142965732083319,0.0338392619243947,0.00318898716242309,0.00301974195181155,0.000209594784187942,0.028956928633757,0.000379399733528173,0.00306569549587628,0.0224325610462127,0.00193602168903151,0.0488035492344313,0.00506779110551757,0.00472332985921862,0.456589923914007,0.00286688574085265,0.100170370398786,0.0144715427148003,0.00185925725302567,0.0225262942704749,0.000189595792385918,0.0468260993373065,0.00597521561906599
0.0232192808823927,0.0432302295374399,0.00306533694290435,0.00431761710037966,0.0289111504934617,0.011853692889094,0.0848710091787158,0.00028494139227815,0.0909089953447636,0.00492243501891448,0.00569820418232401,0.0160335188835882,0.000825133770578191,0.000162665328464014,0.000426796573991085,0.0429136625355157,0.000301425357037328,0.0260816433675811,0.000397980901595486,0.0292110659643871,0.0438010828914267,0.0180090757332717,0.113021906937977,0.0662419033627623,0.310020774000447,0.00159695718652215,9.17275212490577e-07,0.00196291143478238,0.00908950828731099,0.000949017934739418,0.00343779421121527,0.014231365098927
0.000134989966914608,1.77904766054679e-05,0.000434104785255254,0.0045382550170316,0.013593093759436,0.00323648744564835,0.0324758483752226,0.00294330884546507,0.0350655930212119,0.00484222206602133,0.011441593570337,0.0422656658557055,0.000686662248708936,0.000534839352131828,0.000357085969541312,0.033538137796019,0.000299243784169324,0.00119277555033181,0.0038057764107522,0.0103804329125058,0.0116317934925526,0.0201746503012483,0.0240756609824827,0.00362820315459592,0.00799722736383251,0.64582827591608,0.0140789990072076,0.00046448759102894,0.0209869811995233,0.00233085277924812,0.0440532268258609,0.00296573417732416
0.000338365024758562,0.000925883760874598,0.00646084340872185,0.00693554759214662,0.0137321567440435,0.000404790284944573,0.00718931026800447,0.014106920828919,0.00451111544037262,0.00417036527373923,0.0235818954399329,0.190276938731292,0.0022158276028034,0.00200164720881912,0.0011308448072164,0.0184092532872716,6.65001364804757e-05,0.00234242484305558,0.00208434782778314,0.0149569074254012,0.0688697007974866,0.00436488079753561,0.0316337968177515,0.0208163584772282,0.0201769067755069,0.04699611551,0.45218091492716,0.00400549180570468,0.01505595104941,0.0018770265582971,0.0163028133085295,0.00187815723880846
0.026778031023528,0.00209527401746777,0.002070030547043,0.00270727479433405,0.00923859738095637,0.0653045052303262,0.0762066656244106,0.00729422479064296,0.0258095917922486,0.0237603513169365,0.00185263722499307,0.0926184238726899,0.00296910643822262,0.00196225762795015,0.0186132027433435,0.000577955194573566,0.00476954828844621,0.00490417362975521,0.00080794145143809,0.00275876932883867,0.00172029411984294,0.00156256656531988,0.00909726118934645,0.00106528000707283,0.010652787867778,0.0060155825365796,0.0122924100293997,0.516795767635051,0.0291368299196159,0.0053494135343432,0.0311181351341526,0.00209510914335307
0.00550851143305323,0.0109567321740505,0.00112329149612356,0.00132568430565748,0.00352161557861655,0.0473458792388041,0.145275005756381,0.00353190809705634,0.00641211887442941,0.000959588007293748,0.0453145441057923,0.0781250731607602,0.000572488185004711,0.000223605514756965,0.00327068180354095,0.000357231880228145,0.0010351573232099,0.00196179114171517,0.00336818115932939,0.0346788972673394,0.0142778895149312,0.0394439345782978,0.0305703736479245,0.0103247958224633,0.0298541786932998,0.00134453270576081,0.0146814767442465,0.0231416732051531,0.414609520127594,0.00323772193793074,0.0183501169869785,0.00529579953227717
4.63029038804964e-05,0.0122933834620524,0.00255848734394845,0.00805798633536976,0.0123007109184334,0.0297797103819963,0.0134151923957358,0.0129352255041227,0.0153549607500387,0.00269373509193645,0.0297879966818524,0.0460707197111781,0.00153871382013797,0.00119157248569642,0.0102790690377557,0.0143191748249402,0.00115166159879197,0.00245313510057949,0.000680687325159442,0.0331507825262496,0.00289287679350269,0.00171584510185526,0.00199468369511102,0.0128623075249791,0.00153018410371952,0.00796753957658037,0.00971866327628394,0.000536114364531646,0.00721272385206787,0.684777070159297,0.0142675588133212,0.00446522453889428
0.00593618676588143,0.0159911212078964,0.000509131085766609,0.000522632326930203,0.0060787558133944,0.0436811488638446,0.077468357110939,0.00641727874367623,0.0121030243020027,0.000182709579800683,0.034147588847912,0.0604793521794491,0.0018860478171171,5.52894778916753e-05,0.00937979436087733,0.00301901271946195,0.00148585597594185,0.0030799439278156,0.00707254048196605,0.0893817297063222,0.0170704327203025,0.0215651241592295,0.0191357695171431,0.0277884866914667,0.0226215509490983,0.0250282204638986,0.00306850038866617,0.0245999282493472,0.00293735065254989,0.00319680144359028,0.449490760669878,0.00461957279994268
0.0291823838449193,0.0317553736657244,0.00299023850413811,0.0082410751290625,0.00393237896973601,0.024321287988353,0.0398357125916647,0.00175415767311146,0.0121865291775204,0.00597515478867567,0.00249013866021329,0.00152809565713964,0.0016172353766942,0.000802279346407175,0.000949172783165686,0.0165789426566522,0.00319636821496745,0.0160438825251645,0.000848980768801472,0.0500330314681418,0.00425972797107659,0.0275035859014137,0.0563282389262386,0.0150792432455792,0.0641853222796893,0.0002999540688358,0.0001820437969218,0.00616967860798405,0.00889769439338063,0.000276017103460863,0.00877049731885676,0.55378557659631
