0.469500907772571,0.00167209130330184,0.00371526964868616,0.0241317683992648,0.0258030928760623,0.00316467716317476,0.00693451937924674,0.0214225856951797,0.0456564126993123,0.00931232988241617,0.00673855238413956,0.0177923626773089,0.000874513287383733,3.61575835306182e-05,0.00720542536488436,0.036151114686408,0.00168294061703647,0.00313022300854507,0.000993703453616066,0.123450167402644,0.000852779390987426,0.000682874217563443,0.00211478441112512,0.128615578346295,0.000526182324818135,0.0174826718268587,0.00856555537978019,0.0109067480158233,0.00144907277484331,0.000801626694499293,0.00412411018403918,0.0145092011486541
0.0182223536346504,0.147422893364712,0.00800791982032706,0.186156611215417,0.0476033209729919,0.0388810654693887,0.112228297937976,0.229790132356544,0.0374326945849127,0.0179654370233941,0.017499642921728,0.00158190520997061,0.00110778606769379,0.000387642576419319,0.00305827061923414,0.0344348682783568,0.000420681219634187,0.000224812032066081,0.0024931193115893,0.0221640376786125,0.00330377594159118,0.00820263215136295,0.00457004795947021,0.0279498665479357,8.35962416004985e-05,0.0079547943986012,0.000302376971347468,0.000208164726742185,0.00025130366372014,0.000180844556294837,0.000668472061087339,0.0192406324846284
0.0119575792810733,0.000331749816550929,0.294227632862871,0.0914843629754991,0.0170955819901374,0.0157159584846927,0.0236601801149882,0.0872914070494708,0.0495081321420255,0.0346335935649977,0.00818618831738755,0.00126086239839846,0.00205949059262666,9.7032396101116e-05,0.006613595396786,0.0513395878654719,0.0020001438168902,0.000216391482810748,0.000227571384506972,0.131655579967079,0.0101410924922694,0.0126307385692762,0.0259511699730842,0.0947025589265544,0.00456660016131683,0.00193764762771906,0.00286419759278844,0.00566553105954459,0.0031047993241347,0.000697006563084435,0.00283333305801237,0.00534270275184986
0.00198536947121861,0.00304735797327154,0.00256067850121508,0.232996478104335,0.0183147276211623,0.000238247771637783,0.0447366170894887,0.263716739096303,0.000454581369195027,0.183863789536656,0.115995915569307,0.0581133236605126,0.00151400656779162,0.000366914482725661,0.000859440223946977,0.0228724751460914,0.000357385699854362,0.000383580803917896,0.000198521087146693,0.00149745826838455,0.000703158808812262,0.000249978689962342,0.000856928210330259,0.00184376154162807,0.000311264671541264,0.00283043875634933,0.000146745360585716,0.0353551346244365,0.000708240411902947,0.000863292645688837,0.00169269165087587,0.000364756583723759
0.000813253676519615,0.00103687616767138,8.79254542370193e-05,0.237221106983595,0.196083307087995,0.0341438665770133,0.0550645539648616,0.278259242431228,0.00112377933873322,0.0326670829626348,0.0016361163712792,0.056272660811639,0.00228619462155021,0.00133986492004452,0.0239528904964141,0.00272353126227723,0.000793097313323275,5.32042869176958e-07,7.50747580852446e-05,0.0129355216529022,0.00346555937196687,0.000266188225373392,0.00799740822111964,0.0169274694515521,0.00353258894081268,0.00232364425524118,0.0022867166480684,0.0136023647574617,0.000251725251836254,0.000270464449040718,0.000172618443404685,0.0103867730892486
0.00141660383432383,0.00251331129149723,0.00441223161958311,0.020882688124606,0.038531506039486,0.405008890543649,0.000611875679525052,0.0969194065663829,0.00826455741477051,0.0606986540837058,0.0175529682327296,0.0123044620575638,0.0301219593259825,0.000266648096568261,0.0387618540673873,0.010506903264665,0.00247645580605106,0.00248749874464049,0.00212869809301941,0.0773899116178058,0.00511520899025178,0.00720687283159381,0.0330103504998902,0.053919889560153,0.00613036079438706,0.00785198022451176,0.00794576419956536,0.0167520485696069,0.00154901337191832,0.000513449185368265,0.0033399077837362,0.0234080694850746
0.00386489833560545,0.00308989968716494,0.000950970247944601,0.158525849990531,0.0273692458316668,0.0449173139371384,0.37222315154504,0.208964165760981,0.0268198693581763,0.0181018464542851,0.00321752400279549,0.0443499406856703,0.00156725751310321,0.00192361913800991,0.0127412988453039,0.0180960714212294,0.000593131075861797,0.00128400651603442,4.5920959549318e-05,0.00939377463960643,0.00375773071258836,0.00206896850020209,0.00396713445613806,0.00606994395831389,0.000347280866546269,0.00472284172573315,0.00578567082772709,0.010722070877807,0.00060472848624844,9.96759566204949e-05,0.00298879758377828,0.000825400102598659
0.00130869036049356,0.00269134111117294,0.00110088537589657,0.18863669308772,0.00665428487324168,0.000671308032706543,0.0219411238690484,0.384040865751128,4.35004759027194e-05,0.190677522737198,0.0980935068432551,0.0431691930457434,0.00288550012704425,0.00022362806186392,0.00146198977008315,0.0146967888123358,2.44221500287793e-05,0.00100525601038834,0.000446084220685108,0.00376396142802803,0.00139807587073208,0.000684591606091391,0.0043437926311942,0.00238630466053352,0.000623331286759686,0.0024797707655447,0.00115404414494321,0.0188013217272601,0.000807826489631595,0.000757303873886729,0.00189093078581065,0.00113616001364787
0.0129138272640019,0.00992782645475284,0.00207024033726145,0.0355234945615415,0.0193653813978695,0.000108514205959717,0.0827421863791917,0.0208410910483145,0.476476211308516,0.0560807060925871,0.0114084783307576,0.00904733659886993,0.0152000046665391,0.000176503490647031,0.0117038235449579,0.0720471659611171,0.00178324918060247,0.00454938083559594,0.00047514729621491,0.00451897775538022,0.0101980336609362,0.0137839082632081,0.0111682321073464,0.009690028697271,0.0190662991557802,0.0160244637141583,0.00930824559803811,0.0370865443872463,0.00158146962027805,0.00189871791664681,0.0155782354400699,0.00765627472834189
0.000384717491151062,0.00293087877889794,0.00133726437781511,0.283479819923378,0.00766412810319023,0.00986997907462175,0.0478888974069625,0.268720764055911,0.000815493446810742,0.253208688637611,0.0656755343460489,0.0178442626662772,0.000247893482853484,0.000495232337921158,0.000557787510744887,0.0196969026575832,3.49657818386078e-05,0.000137987709697986,5.65713378414763e-05,0.00205852347007278,0.000271976032246131,3.09795223793581e-05,0.00151180108576331,0.00147464170809303,3.82354118074394e-05,0.00141816280595909,0.000115878993391001,0.0105050660907626,0.000199956910472432,0.000520395605610788,0.000409925192093842,0.000396688044193021
0.000231968604975704,0.00230330491409429,0.00313775075431899,0.313144740288258,0.00642114424416756,0.0111565451652744,0.0376495356238292,0.258817347877742,0.00243850535461769,0.20909203209615,0.102475376773014,0.0107438213983108,0.000298667540409377,0.00170551907787101,8.42360009605706e-07,0.0199472553518338,9.94257417968936e-05,0.000990960601338181,0.000522862993189728,0.00282619665256805,0.00135094774732695,0.000935103026603315,0.00677840381824947,0.000860069428112661,3.59788710142551e-05,0.00124401240155506,0.000538162045625496,0.0012783320603342,0.000589968853694306,0.000909338398846296,0.00105055268906757,0.000425327245802045
0.00308030260149152,0.000957644914685545,0.0021312087047567,0.204554841197102,0.00766466391492344,0.000680656153174415,0.0280478512565166,0.079243671682418,0.0158269692312188,0.205106485260821,0.01563479838988,0.139911193684873,0.0274332086771752,0.000401875652712176,0.0271938321741838,0.0503767191265485,0.00367391724406479,0.000608879938181224,0.0019003987813516,0.0216417806235946,0.0171423170037256,0.000383662228173391,0.0340143035127949,0.0438057838412275,0.00129086908314209,0.0144692644313812,0.00133237029077921,0.0265984544945574,0.00985471524136002,0.00355978913144586,0.00409960180707687,0.00737796972466342
0.000516746335443123,0.00281836369568982,0.000320208201112642,0.262471613804614,0.026677110605935,0.00154136986046632,0.0314345421085607,0.103580912806531,0.0180298771446165,0.121964131493768,0.0250710636718333,0.0284245226245674,0.184814765457373,0.00116553676960586,0.0282966112217545,0.043447704669632,6.60056603050426e-05,0.00186597497922141,0.000764984622177346,0.0221088882231316,3.97032106815066e-06,0.000232549161565751,0.00125265910877791,0.0433757514367658,0.00357425229911864,0.000429730878510613,0.000163694213921268,0.0321600974393487,0.00901709332551901,0.000384504466913504,0.00394470201973472,8.00613724170059e-05
0.00107487135439244,0.000934712274114324,0.000457074300844128,0.0483928907104846,0.0240985207882818,0.00439336706787101,0.035114712432631,0.0286194361908343,0.00775031649923742,0.0257888948359867,0.0290500955490179,0.0579267041165507,0.00259429977864673,0.388242259856208,0.0228002702256972,0.0280191790103706,1.36797052079438e-05,0.00146117596587315,0.000438612367082802,0.0993059852940276,0.000505149559847903,0.0180610142265173,0.0301468756226166,0.0602808913649934,0.000376092216737314,0.00900697043932897,0.00481907727582068,0.048868439167469,0.00660745104274696,0.00359137056304593,0.0073008903752129,0.00395871982230277
0.00118532108310501,0.00088539150571793,0.0016742605588989,0.0839667561221929,0.00350401007702268,0.0393934266014218,0.0413328133518303,0.148800864395743,0.00869445429340068,0.0512056486265722,0.0428963561499955,0.00585404072716098,0.0146095536529152,0.00113571468051243,0.486660913349883,0.0182735333677801,0.000770241276866791,0.00107136933642903,0.000292723872448673,0.00576651871649183,0.000371947144441379,1.67799365994149e-05,0.000635168327353156,0.0259025183866836,0.00501221055131978,0.00100173376621862,0.000803675268190398,0.000280324498953602,0.00286482300048864,0.000750326029657379,0.00184169931125199,0.00254488203245322
0.0154835402114466,0.00992263609329313,0.0013798649942535,0.106471293969699,0.000499282983250511,0.00542067212306584,0.0364035000305634,0.0922090396901783,0.18597076913322,0.0855266125266891,0.0289057385344117,0.0118756805876969,0.0165813148117894,0.00045715363258378,0.0116749549663742,0.226648367093279,0.000616663248620532,0.00536546646303778,0.000946289071539636,0.00784126793253821,0.00818973148079326,0.011611320917086,0.00249715261720952,0.0565251740164779,0.00275095293856978,0.013945599349884,0.00897252969351773,0.0279116709122721,0.000133057355079589,0.002582022620811,0.0140934131999418,0.000587266800826331
0.00938645466475134,0.000946105256963619,0.000587421708536973,0.0294054394886683,0.0929266423610795,0.00118293929236446,0.0521297416919901,0.00739551134081608,0.0317360948524029,0.0265942164061041,0.00121482009608478,0.0318671767659183,0.00251739955404528,0.000102274989248586,0.0106705095567115,0.133937978050836,0.36086545553212,0.0048292686004933,0.00110014480914683,0.041505165769937,0.00238790894638359,0.011778799847605,0.00276289938226717,0.0520539662152633,0.0421086345265311,0.00501806954262313,0.00666677451520862,0.00277827609254112,0.00585641030589852,9.20634041874487e-05,0.00276477271343639,0.0248306637198358
0.0152154458611512,0.00141269584016838,0.000351497099123719,0.00324490249277055,0.000447959496353232,0.00184624065354048,0.00959975535567351,0.0104793353668434,0.0141084334368267,0.00101526412027321,0.0068174527747282,0.000881327226481916,0.0025318200523419,0.00135491308847663,0.00692545704490455,0.02883013468755,0.0152388232383904,0.382038011475742,0.0059529994948841,0.244520901763171,0.00705529891345623,0.00268945273197703,0.0117090695872744,0.142004116878016,0.0268354631748352,0.0368912704463253,0.00206207668531624,0.00283248708191288,0.000183339946300794,0.000640735015175142,0.00449649279763661,0.00978682617237979
0.000435530715332353,0.00347370714483645,0.0019451604218446,0.0122849932406448,0.0503479189573539,0.000675738591434452,0.0570907871106293,0.00629487412706514,0.0226435958198973,0.002062185017659,0.00349137331235467,0.0111606482977736,0.00198071304375242,0.000692669563388154,0.000250767530259101,0.0637778824015067,0.00281802183814009,0.00509565777636871,0.418477851527561,0.128359549930959,0.0235934358817814,0.00100650653433541,0.0245101661395118,0.11593367496607,0.00779648736778989,2.64502625626158e-07,0.00383625974873444,0.0147845203451824,0.00178619713604035,0.00338922730175155,0.00926128569371419,0.000742348013701544
0.00709850113195226,0.00655174870776337,0.00573598197494741,0.113651557639834,0.0321774001875495,0.00490803939404806,0.0107312167493263,0.0449433025753238,0.0025327048445394,0.0273392457108627,0.000425488587778743,0.00323100770483865,0.00867859600539192,6.93367659540732e-05,0.00376448438181268,0.0136464579925765,0.00581027715263443,0.00249965011317371,0.000390326384716464,0.504709157841816,0.00268063301710208,0.00291453412486502,0.00128075070176798,0.0824299999380212,0.0534708065595621,0.0142428387506632,0.0168538593796651,0.0152283609021243,0.00100563689563924,0.00856594900091263,0.00179472317457519,0.000637425708261665
0.00342509834059691,0.0028415061586754,0.0007993052991145,0.202186082432014,0.0456918240468864,0.00949653786212361,0.00807068218545504,0.137878715025017,0.00139285154033573,0.0766126022700703,0.00900442000984645,0.0192141594171518,0.00377182154158791,0.00123042369362538,0.0125224915045139,0.0193204855741144,0.00479280019947747,0.00503230995272205,0.00266991293897869,0.055283216670296,0.0954774405019686,0.0157202541011322,0.0138789973146129,0.143099420258067,0.0316208488806613,0.0196668575374721,0.0116322117073883,0.00376738704979777,0.00914342738719717,0.00765386830216285,0.0128852145362229,0.0142168257607143
0.00140611006008836,0.000433041960640212,0.0020543981216784,0.0498395655823527,0.122145044598705,0.0018056311067736,0.108439961406714,0.0374005995706025,0.00340039417751324,0.00969469187159051,0.00315314027986098,0.0126603109262206,0.00373447578111972,0.000540982700262102,0.00155281800075495,0.104632881344789,0.00118733711602112,0.0175581895537599,0.000667590798344198,0.0472314114244152,0.0139945361780766,0.290022963809581,0.00322961893421711,0.0122901061672134,0.0647431894143502,0.0155570496954363,0.00360466970280374,0.0425584917328224,0.00112571251242169,0.000548072883492428,0.00309316289549708,0.0196938496918824
0.00018439745140452,0.00119703053403403,0.003328544236332,0.0215524500113357,0.03078460696617,0.0119347798883164,0.0323538991116868,0.0425533563442524,0.00410139843004968,0.000781580031931715,0.00302012873547341,0.0017768117320498,0.00314159638923201,0.000554757055684479,0.00638600191468293,0.0221970372754276,0.000112833971905436,0.00161356391816565,0.00281534926310343,0.174653795078783,0.0084741572295561,0.064133066752562,0.387301987927404,0.0864334114084537,0.00999160480469304,0.0138002911588403,0.00427546528319056,0.0220569188252407,0.00322503770820627,0.00184531005804019,0.00103530318506844,0.0323835273187241
0.0052998121293135,0.00384259226025684,0.00301875965411121,0.108669288911466,0.0434812647794646,0.00556098453681592,0.0142086675648103,0.0559658860021759,0.00107682970222118,0.0306378909780341,0.00094285407050551,0.000316424098269011,0.00936264253819604,0.000291249600413856,0.00399202277739791,0.0161866919912833,0.00530502426147879,0.00405927026608091,0.000835864665590559,0.171505372861652,0.00257397065442212,0.00107475424316208,0.00160732037340164,0.407784216604262,0.0515258355290213,0.0055570798072808,0.0107227985305199,0.0211153140060425,0.000548323406930121,0.00757264171864378,0.00248947174872822,0.00286887972804843
0.0240873922428666,0.000760854705648166,0.000389806892381603,0.0730156168478416,0.0305625898485955,0.00278999938149958,0.145844767989733,0.0468565930235931,0.00250615100367584,0.0312100187135445,0.0143096794187204,0.032698612621384,0.00268802360299331,0.00057105882762242,0.0141067270242827,0.0724916796265229,0.0128059363506903,0.00151135207798671,0.00318724504500279,0.0737362026201801,0.00732424350764177,0.00922775704167856,0.0239811492386477,0.0315468004007461,0.300026037842635,0.00871484877185928,0.00157608393373466,0.020873058724678,0.00109473740416659,0.00342397666695258,0.00325235697901991,0.00282864162347539
0.000409028793580558,0.00701723241993569,0.00612545493095908,0.00333923600304319,0.00924142885358948,0.00576436600441837,0.0042692073127414,0.0349291730977282,0.000273985126569115,0.00133341954881937,0.0228256480724876,0.0293610331983677,0.00188090685153454,1.61596368161405e-05,0.00483565885723245,0.0102769113239279,0.00134396666451649,0.000152213115323767,0.000877351719480114,0.11073994934833,0.0208588004469253,0.010656554569574,0.000770364084499792,0.104365117049568,0.00718646513169479,0.555977427405371,0.00428368179928294,0.0225676917032324,0.00876038776351592,0.00136225790961836,0.00592259647707225,0.00227632478024283
0.00112958432567092,0.000588150872961735,0.000219216587739817,0.0206313239902198,0.0212800153074784,0.000616454789090783,0.0364497460155549,0.00750772752962557,0.0015825904004722,0.0243512581780859,0.00108393274695571,0.00959745041146314,0.00537374631057123,0.000339108662064108,0.00459706183676068,0.010162682752944,0.00196725774320309,0.000120674712593263,0.00311084640115859,0.154339513267643,0.00411180114927322,0.0386367759975979,0.0731061966577815,0.139370455795926,0.00896347278960024,0.0497016317356865,0.354564661349705,0.0123872794921216,0.00555770973176175,0.00197035303131517,0.00508441724735686,0.0014969021796186
0.00211353539282966,0.00105554540087415,0.00124696500873546,0.113035869507419,0.000746746078146731,0.0011202291960556,0.0259498907606961,0.0622096889919131,0.055541175930301,0.104900277479213,0.0175752796849525,0.0281228343848416,0.0236635100146972,0.000576237994998549,0.011083965380178,0.0641333146976703,0.00204865002938676,0.00148573665235448,0.00274193291543572,0.0452275045612284,0.0144940379643918,0.00171634189772855,0.0344549605802813,0.0968755887360325,0.0066636274972779,0.015268666412105,0.00389367340170386,0.1897523491122,0.0259486856236347,0.0112793662818217,0.0318082471818115,0.00326556524908389
0.000440373565718663,0.00591616513382802,9.51844010361484e-05,0.0310243646149621,0.0231733540756985,0.00693389956022469,0.0194953117314643,0.0458581341510056,0.163256134561113,0.012965898194721,0.00302106907433878,0.0206250209971004,0.00197317810834253,0.000726935879225112,0.00129402543285899,0.101760530937901,0.000507850924248653,0.00322231362317981,0.001295039845933,0.0403969239295009,0.00101841690084097,0.00577939595495284,0.0294474607296651,0.0563668475351653,0.00546166216779463,0.00199136445920738,0.0137745768483936,0.00855328884073744,0.380377459962249,0.00344576932470662,0.00937818598256705,0.000423862551318194
0.00354794166542562,0.0017712374402358,0.00119585464345556,0.028029072823911,0.00455797570339336,0.00152006475712323,0.0262626562498428,0.0180071643110724,0.0170460015280497,0.00391013478918859,0.000832784185719428,0.0134040631254399,0.01202156024792,1.65687926294932e-05,0.00299245566822871,0.026388422896096,0.00146997182428323,0.00147774780027174,4.59403192002755e-05,0.223055325176064,0.000767017102502732,0.00706084983502134,0.0430272853060026,0.1606603208987,0.00637494962863292,0.0136814474483638,0.0074550531355645,0.00723567568658995,0.00221932285778598,0.359105083513656,0.0041503692112928,0.000709681428336695
0.0040205884026213,0.00268987664422507,0.00055500718765249,0.00352153171807643,0.0203972681100756,0.0104870509162881,0.00685083624713792,0.0274188680849181,0.00896911720007084,0.0032101750941891,0.0175688688671086,0.0725014520475009,0.0414703081237201,9.77124500679925e-05,0.0308416403147306,0.0204933285598684,0.00439089306995128,0.00335959288830795,0.000845828748982262,0.0462644880851087,0.0311658639681946,0.00384468904407274,0.00664128632898511,0.0941602841155621,0.00310941716286768,0.0562401479672835,0.0015106726482062,0.084346996556468,0.00332780721221114,0.00459161580859547,0.377161835326084,0.00794495110086748
0.00570347069381736,0.00914841324040271,0.00048835618757543,0.055903772565777,0.0363924992513835,0.00405173325470943,0.0845347877097824,0.0631627870706264,0.0137056793334243,0.018566703029624,0.00761758277287174,0.0246569751052554,0.00241205472776693,0.000238192925569245,0.00148259936296432,0.0895357333774821,9.80240605442127e-05,0.00454958651723696,0.00323513913170678,0.0413633270273274,0.028244311648372,0.0447772258638967,0.0396147278895519,0.00646557461573203,0.06852212257477,0.0155737770712548,0.00346118046115441,0.0356482682570062,0.000888988886381965,0.00146736143567471,0.00298597992065304,0.285503064029704
