0.5395232306831641,0.003328209017574611,0.001964959884881,0.031236720676269036,0.01573275951002657,0.014182031458658546,0.015495990788116714,0.023754709002364035,0.023087648215955398,0.011680860456084722,0.004440604805686978,0.016588518047732422,0.0036005559837825893,0.0012958958653767,0.003855722462314411,0.020888045281113713,0.0069616167202238444,0.002644651392436967,0.0010584848257066553,0.06139416872387612,0.015823349758312424,0.007955107357298456,0.03603077299467136,0.07760006118717214,0.0064611216422587004,0.007774540869944966,0.007621109684050855,0.015052861786759722,0.0015972705717058778,0.0024506406774437,0.004364649392373066,0.014553130276662623
0.0039573139806023125,0.5300548290516315,0.004033138250829067,0.0505109978700466,0.016941995058535168,0.0359653302940742,0.027013115332001042,0.06063386886876443,0.015457294809384067,0.014775914439666324,0.004716028216584978,0.008675035942620023,0.004063008221020535,0.0016048668640553443,0.005012800992565844,0.009491035247539923,0.002173926363494233,0.002917864378281244,0.0009453049604648493,0.04166003482633485,0.01994005001892938,0.012324255381683335,0.02830633814915527,0.040412651123329056,0.006204289046471977,0.006890674506978601,0.008056536306412333,0.010293423162728,0.0010085242733531554,0.001013285064716585,0.004216676231890858,0.020729592765853653
0.0058572951396964005,0.002742050310832,0.5099328128494178,0.04633803202815242,0.022401316158073423,0.02361765358056585,0.012942532395101078,0.056495441091713006,0.020691509062389524,0.014655132612528056,0.011982351874450878,0.011226443768832488,0.002355896493530401,0.002379899140201267,0.004150371477140744,0.017174619915726868,0.002253881739858378,0.0008017844658711813,0.001240369645663611,0.08578297639984891,0.013080733809387278,0.006973609988473707,0.016605806213031312,0.06966275966001151,0.003346768107135727,0.008132044467679,0.0033821304031841,0.012575842248731657,0.002075446598029667,0.0014976681331928666,0.004267094388400489,0.0033777258331471553
0.0011930931314402774,0.002890146613345434,0.0019859885646849227,0.6200006693617467,0.007323403744983633,0.010335155910528155,0.011897032924621633,0.05113828533637066,0.008919151575965331,0.027769846302660356,0.022781660432756243,0.03850557452934253,0.008802236466882966,0.0018815234759124112,0.006906448681169646,0.013475440788300272,0.0007441199716110323,0.0008249901383430513,0.0007945427654730009,0.04012045554336422,0.007491266553807145,0.00681879425946141,0.02266450462108508,0.0388667142557597,0.004771136017725966,0.006857844724142445,0.005207148252586078,0.019171081578795587,0.0027475401630096302,0.0013751206440876839,0.0026555648657649224,0.0030835178042707676
0.002509584345200411,0.0031901187706245672,0.000697935014151836,0.02014065067055512,0.5124028380667146,0.014990524552956222,0.014464938923673558,0.03130248655115948,0.042240673941403566,0.018795575242187744,0.01508485143061681,0.010622334358322978,0.0038296497231470558,0.0021533215747353445,0.005857997077605266,0.08055802781408383,0.002080218823279168,0.0033865144644941773,0.0009303944477142777,0.03665700340773552,0.0192555517349089,0.012505950379997133,0.04359010127588333,0.0411443758527801,0.012714839262984143,0.004616471530745412,0.0053148320692647,0.014316102479336778,0.004226591037531289,0.0015066778275979332,0.003794302235860767,0.015118565112746932
0.0031498093277833447,0.003666734499814733,0.0036551362906723337,0.02696840070800527,0.02093416026256192,0.5906619493739315,0.01729694904501098,0.02447795074710802,0.024444893640797844,0.016523106054837235,0.013968715505861722,0.011725423802685344,0.005526340923399345,0.002951500405627366,0.005299906299361907,0.027872517054150423,0.0020760421351930774,0.00394226502366,0.0007399805881393673,0.04285344733831393,0.020649952052592555,0.008453086527694022,0.023670195202192823,0.03405808127609803,0.02232870328128302,0.0035948803687816558,0.004836698440471345,0.017045886297180027,0.0026268100817222004,0.0014714659384803533,0.002681319931932167,0.009847691574655256
0.004784870127926801,0.006916014268975555,0.0016560463385233556,0.043122504165737124,0.0296845319929046,0.010200918005200779,0.5240983011180669,0.03991457905149725,0.030444966061266104,0.014685798700467823,0.0075234131545518544,0.012869806636429133,0.0037663602947664446,0.0018978749497111553,0.0031820499664375335,0.03699630004530802,0.0026690580233376887,0.0024409107578873667,0.0012379727818283555,0.035547891117883756,0.022917201140178846,0.010818565861897222,0.0541609488047463,0.03727716352205668,0.013955686884423009,0.0077177435053979,0.005497537821430833,0.01978143150273298,0.0020913359950862557,0.0017331942255803003,0.0011483595925338777,0.009260663585227124
0.0023085592169195582,0.004835317494120944,0.0014411564621750238,0.04897572336588004,0.008696288848094178,0.015481498087677332,0.017966666646003035,0.5006511946370509,0.013716989414215622,0.059830288039955076,0.03495273664301648,0.04685867515640432,0.012131058310641946,0.002598322772497956,0.013774425012054411,0.020789241797948468,0.0008111696687171222,0.0010959206543804778,0.0023824854904678314,0.042078720896286455,0.016387644534093557,0.008986756293209454,0.03448610179826428,0.04243829713275233,0.008396150184271357,0.0037790610826271684,0.004750097017623355,0.014880766936805533,0.003340414758194,0.0018186806973996203,0.003612190224492406,0.005747400725758644
0.003408165918267567,0.005651319886293699,0.001058572610023568,0.030978061830323325,0.013242449316088712,0.0102425294605382,0.014542523190786614,0.02231644655960496,0.5478579303358818,0.0176215195144848,0.008110775581552257,0.01593997053459541,0.002107961910903706,0.0005618520204054167,0.0018597487157615774,0.017754590105529666,0.0034800962827862664,0.007224579322638112,0.001637962655885118,0.0711998518099912,0.01992511455934682,0.015474992507933598,0.038510771209510464,0.07094440920550846,0.0095172405978114,0.012131449170682077,0.004319521548575222,0.015054657865948467,0.0013737153998123772,0.0018720416648009266,0.006752068865507566,0.007327109842219612
0.002156250824858871,0.0015869082081139444,0.0022878177827295666,0.10837483263029365,0.03756869213390704,0.031168867585459534,0.013008146228663411,0.11873454524594809,0.007245944757312533,0.3971379587546952,0.03181089394616016,0.04749044108236328,0.008741487451498177,0.003247171561226411,0.014612090227945759,0.011001464217673321,0.001079499071655683,0.0012568883251863445,0.0005476629541347495,0.030744865950519864,0.009562003372268422,0.0047838726893317555,0.0170798666796074,0.03150486441030143,0.005402769670205044,0.009936327034387467,0.006389886576315545,0.03251891307610358,0.0023959680336462777,0.0023579774972258775,0.004166452686604056,0.004098669333656611
0.0027287873013355276,0.0013775573924635716,0.0033697340193326666,0.05179821773989193,0.03271426420586461,0.023974681154816876,0.0139426662601828,0.04546310884281678,0.007151194441339556,0.03399718745157688,0.5675102349412491,0.028923695673660304,0.005986572052383405,0.0014471316973685667,0.013454774378013467,0.0109450058447502,0.002845829144602578,0.0016436914962153779,0.0005317607987399149,0.04280401925048571,0.0062439766352583555,0.007515132811521611,0.022216004215645634,0.023433496752516568,0.004505912238258322,0.012087228083988934,0.004290405645636422,0.016121199565051262,0.0031773507885203113,0.0019584030820241002,0.0022468245036948225,0.0035939515907929005
0.003032770699633678,0.0021082022767387777,0.002271717880593237,0.07596769091286792,0.014763921612158578,0.021260777670540507,0.010499140815758678,0.07103106807284333,0.008062574137279333,0.04108875510914361,0.010904639831362244,0.5366765190008049,0.0065195786484483235,0.0020831147639528555,0.01508344047576828,0.003988475009625581,0.002235565285397022,0.0012094718337273221,0.0005234389449745687,0.03707971828420931,0.01263675396273531,0.008077719701343865,0.033147429067901836,0.029126310920001522,0.005372702128102278,0.008538043698457735,0.006653090367299544,0.0138541270441108,0.0050465364888813554,0.0011962280901088777,0.005283240091232221,0.0046772371739953284
0.0017477756901544221,0.0014330381195855222,0.003071568955421556,0.04012965375871314,0.018125284854977244,0.012907832578033678,0.013389035421908078,0.024850761645077896,0.02203212795986968,0.023215341858516977,0.012551263663783625,0.024522968794982995,0.5709721445524728,0.0009559543652865483,0.011424993134956422,0.010010104759668579,0.0017365902034480343,0.0012285332696100333,0.0008201577466565443,0.06592745555884615,0.010360420440714155,0.01357847971044368,0.0163732654163985,0.048773633048847395,0.0104875602346278,0.007858567555740546,0.004535981391507334,0.012517454219270368,0.006980158835403077,0.0015178623590557218,0.003402864564474103,0.0025611653315464507
0.004650767078563957,0.005402904925845867,0.0009272397290640126,0.042729854726200105,0.019515095255013968,0.024291786381278963,0.01899821945127552,0.06341792990397468,0.022081911941662508,0.015007174984993358,0.010810109940741712,0.017159383164916154,0.005405061015527417,0.5033383521721695,0.0065024191242053445,0.02697155732109998,0.004146414527319511,0.001595761128053703,0.001447373421264789,0.049485245731613905,0.017665714984631417,0.009233983841421111,0.03130260289691698,0.05185662130376321,0.003478844375105612,0.011324492327742979,0.009422009009829944,0.007165897760883077,0.0017480571150051412,0.001175177747881521,0.002170071667056573,0.009571965044976467
0.003146992531567277,0.003367199490901911,0.0018537449547655666,0.03736923113494793,0.02291210269350326,0.026496550635424686,0.019779183371764843,0.07636896769530796,0.032090084500216894,0.01590336822420858,0.014131048679641954,0.014219860021678,0.013023860160260256,0.0036747591910979774,0.44179347577148265,0.0284616357629757,0.0009103906248849573,0.0023163401087360333,0.001027794938668916,0.06527269967010109,0.012031380138919218,0.013870320461372166,0.021002564548545165,0.06431757606204376,0.009321034790234068,0.012229307342161634,0.00700374540775661,0.01581652078721517,0.005263994650566078,0.0027498764893886442,0.0058103854316354665,0.0064640037280244665
0.0045898755499182,0.005365104301045332,0.0010225933603666554,0.027801666112776822,0.016835273320558775,0.007857391655530888,0.026462311366383454,0.02034462278659261,0.015610856296608347,0.01336363700492211,0.009612302228095077,0.006862979786859667,0.0034277252561648193,0.0007554706113774732,0.002107582806925178,0.6672500496790561,0.0031675943070179334,0.0016244781392437222,0.002389953971921133,0.04146744147449038,0.009278654442666132,0.010475900439952954,0.025856178261308677,0.03678307745196298,0.0064665801549783335,0.007693667386115354,0.0037832736223445108,0.011168425301581011,0.0014044913734473224,0.002193437810652943,0.0035202093915304346,0.003457194347603567
0.0037159758251146227,0.004491693311969789,0.0010936277553355,0.022101902229064704,0.03854575251827591,0.024776193524741065,0.023212298176938644,0.042365271618951546,0.025761033791736235,0.007189176689291879,0.003179513489454522,0.013438760063557278,0.005511953231512089,0.0004989659624285693,0.0043502324621721555,0.04721346812875334,0.4481517278239162,0.0017545364480434289,0.0012879538002178472,0.0657580798203908,0.0162103455968625,0.01863845413510172,0.04028530210977353,0.0645653657496124,0.016354206500293157,0.009157073094270461,0.007945181648481944,0.016190423506297656,0.0007854112302076147,0.0019093572302009113,0.0041142005791908005,0.0194465619478404
0.0034005686699477775,0.002785964584846411,0.0010496262077462999,0.01722717176457088,0.02608583676151923,0.016162948453921622,0.012364780921197157,0.029832093727600633,0.013170977155944988,0.009103571058710442,0.005599388319494702,0.013411402511757977,0.0116584567749175,0.0008730061990615778,0.002993929520709611,0.017469879376976524,0.0060447249181220224,0.53764051646001,0.003587898964622856,0.09823022048695715,0.012119774287885333,0.009028150954035178,0.023094454373364732,0.0786063112277818,0.009627102725571577,0.013939789856269221,0.004414004985698789,0.009379969920259478,0.0018489142045061448,0.0002996367891442696,0.00129147094893745,0.007657456887909455
0.00269006628778385,0.0026334215259123713,0.0010927507277895627,0.0324540953436035,0.021151352491881045,0.010303566817087433,0.010441003807467555,0.03313441787178147,0.015363474983128443,0.008958861814300034,0.010649663674893577,0.012273352370132279,0.010602527683420444,0.0006867861496423264,0.0028153426439486446,0.018234450107342513,0.003401916146057133,0.003536287199809573,0.5163122905941138,0.06788734521898522,0.020480588401811113,0.014159691746519067,0.053434170952890055,0.07501323348988614,0.007050412030261178,0.016810244649049278,0.0041386114565487775,0.012993232043864033,0.0013860516567032353,0.0019387032059098666,0.0030024676527097044,0.004969619254765732
0.0035957355541890446,0.004473137721970977,0.0005192538963500288,0.025657298234824356,0.03418338418458586,0.017265990144509344,0.023387886555718877,0.0321257862041122,0.018780348905848534,0.007099176251854044,0.009103142786533633,0.017851358981158576,0.0052139859053249,0.0015062016141521885,0.002691022290743678,0.030381624131436104,0.0038059176000295783,0.0035533488334439666,0.0016366351770885443,0.39042266676068804,0.023749513988287455,0.027917396993090243,0.06353927868858061,0.1471661364927611,0.014391874525213923,0.02579575061986606,0.0072344762099611215,0.03656598514055438,0.0008952883954102617,0.0046044607102600004,0.005877848704368,0.009008087797083512
0.0015200560547999778,0.0010042371016897112,0.00046420305709225264,0.01610242328984511,0.027552606376213214,0.0051053407278769565,0.014669841801139021,0.013107901552078399,0.007854295801015966,0.015036148004321102,0.011104593322641123,0.004864783799602288,0.007769132938637331,0.0007915910709075428,0.0024710382532729144,0.017541676376703497,0.0016140371861229443,0.002911496518665578,0.0013710273474569444,0.06049265487976743,0.6107143888610304,0.016555217806497678,0.05918766947241431,0.05580476481357466,0.009458863046710678,0.009655431240716678,0.004728552678484656,0.007138188439526968,0.0012441762006065275,0.0016214851671611085,0.0020634828203361113,0.008478693993089877
0.002255829154281459,0.003725296737776112,0.0020996837984685515,0.03190823232028425,0.018412908327290402,0.019669940507262344,0.017586757830523627,0.045110008302151575,0.017010459635474512,0.010818525582784134,0.008018816144055411,0.016612147982460756,0.003914805304276111,0.0009767764094578111,0.0016436313896709348,0.02359695967071675,0.0026974848280846555,0.005263977322054334,0.0005912700443063444,0.05465590077808285,0.026824052353593857,0.5091386014575698,0.05107012179999146,0.056960584531541084,0.021884568890083722,0.0063846063500571665,0.008926781079488544,0.010815031126808577,0.0016542494271531444,0.002285351936748411,0.002376203227813187,0.015110435749687068
0.003926015902306301,0.004926378295630034,0.002255053036405222,0.038414037432473194,0.0189280443296996,0.017090112092573422,0.009686289784116377,0.04226945930033816,0.01443823834734252,0.020266164842199844,0.009639124491853267,0.01700927277491477,0.004283876198726578,0.001391251938400182,0.0051062290887564695,0.0172767485267539,0.004459903107027055,0.00287168140289,0.0021405949820151667,0.0510380812385329,0.06191210811973883,0.017007721942261023,0.4788212359871504,0.07360050392722754,0.016254009751028534,0.013431678223237455,0.005739344789343445,0.013611421421648645,0.0034525230705022437,0.003527793586043678,0.003179556012994456,0.022045546055867647
0.0012386145031802781,0.0019169919912674612,0.00025439061871055074,0.010133854072130855,0.023637409544889836,0.008167153980375853,0.015934105041917033,0.015953644885858632,0.008871210551365812,0.0038853803063677007,0.004725592809973534,0.010924799384978309,0.002454157603778016,0.0008713356641111622,0.0015298914635054033,0.017034193242820468,0.0012632518707676446,0.0018654167885529007,0.001219698044789929,0.10262650946984542,0.010136858126507433,0.010592801793311731,0.024429177094287588,0.671158551986348,0.008919664469528611,0.006334415197070211,0.00436499029773348,0.018479794669555422,0.0005594623284075179,0.0017794346060168002,0.0036778486955564116,0.005059398896488844
0.006010912640020514,0.0035387551855976785,0.0013238692539190777,0.03427485037026388,0.011251400432241512,0.003890482852534256,0.013344937971593222,0.024555824981005444,0.033614661363962045,0.01582293366649916,0.0026119006860101557,0.005014950053188523,0.003942921390824633,0.0007396572169895738,0.005538249174304734,0.011726425670733532,0.0056544565352321,0.0028633610435947004,0.001917820732139479,0.11320316165935264,0.013486542954877034,0.012008244446766911,0.0222856912786098,0.08768512724437512,0.5124217130850507,0.014670080553246478,0.007671121679363678,0.009555830663267024,0.0025631534999431115,0.0015859452606980223,0.004545560813501787,0.010679455640292322
0.0014329850449492582,0.004242403929754588,0.0004957296625105121,0.07049270489704326,0.026245416398117057,0.011862548088806373,0.004742386812141478,0.05063228271489952,0.010688944254513756,0.0131082684274502,0.003781890766579856,0.008209988287938189,0.010306379573935577,0.0009266458609895884,0.004915968441550123,0.011464072744558844,0.0018097874027665109,0.0013622037505218777,0.0015388078055321335,0.13961203515752874,0.021083145437227044,0.022243362588631545,0.06095200246219666,0.12767837958443348,0.010009195885760746,0.3350209605093453,0.018512210467375223,0.010522794737497301,0.0019595864859561552,0.001746815981849311,0.007013891066178232,0.005386204771460678
0.002049145421354268,0.0022867973431442336,0.0004577240874828119,0.03420662160331098,0.029997807993218654,0.013505543537251268,0.008170879699044334,0.03446220605714071,0.006067364250144746,0.012085488356375965,0.006408686257096834,0.009126185786197685,0.005491411256638156,0.0012178721950751098,0.0031906854692949774,0.006833571495238912,0.0025636257555073875,0.0010095844844503555,0.0017791753968624997,0.06884089975212976,0.01725158833720393,0.014799154061132476,0.03211981898656288,0.07326129020032038,0.006806601135243122,0.014984945175666965,0.5590265247455621,0.010125829871477443,0.0014545667565370112,0.0024437080427493225,0.008387431596966134,0.009587264893617333
0.00446593400336413,0.003048445062166529,0.0019419599984333445,0.07017996386402141,0.013515419436069768,0.024616949633957275,0.007195277696307535,0.07309427234645621,0.028663657873618582,0.03574339726089473,0.0181835713910315,0.0054673007760370415,0.008753655805942678,0.0016787882232109717,0.010646942111635012,0.008946135367073723,0.0038753139222156446,0.000904255691250916,0.0010218472117422524,0.03263450770082955,0.008906943141358613,0.007920663200417545,0.032009708634598434,0.02903145665846147,0.007091497308008633,0.0055428996944963446,0.0051449587365284,0.527284792204267,0.010694544330711722,0.002105914021161718,0.0026238904134474566,0.007065136280282543
0.0007361063705469122,0.0017169135718691113,0.0016910589665102113,0.024003625852990245,0.030474733063174615,0.011548896497793877,0.01410554095897821,0.0287045461072582,0.013670988209465912,0.005353898417349578,0.007835150095981055,0.011231693817304024,0.00844832884115531,0.0012424991528362777,0.0066275498695097445,0.014004526486604222,0.0017778763563399665,0.002915899727819978,0.001512991457269589,0.034615385152912875,0.005743378325573701,0.007150920182967412,0.01009593652490582,0.01964296010590582,0.017563836478093568,0.02276193996782022,0.016488883213201043,0.011215402218588877,0.6488282952096314,0.003936531828088811,0.006167229456520399,0.008186477515032065
0.0022673413661677567,0.004367262678630245,0.0009245937234140666,0.02651311456620721,0.02566244468606128,0.016891408423425333,0.011197777684515466,0.024137625592923116,0.021897511209554146,0.013359950160844033,0.006944307835102448,0.018165475551702722,0.003634552801014845,0.0009448621005620221,0.002736802221503222,0.014253893871097434,0.0019117963118304557,0.0017571254169354111,0.0034170079029881995,0.08444852816598142,0.019570868010647845,0.01715612232355653,0.046644259031292226,0.07103076438935607,0.005111949905529655,0.007396888434511223,0.007195721836856011,0.023041249956889567,0.001894380565663832,0.503228415379589,0.005194538071058134,0.007101459824588156
0.0035359069150457706,0.0020467767053191444,0.001451986569765319,0.0475021139952982,0.013604755088213879,0.015245122458854697,0.013153563670395477,0.0405071293027299,0.020724862228289835,0.017656250883791302,0.010241585210547001,0.03542337227247683,0.007478932203889056,0.0016491389310750997,0.005793319321274534,0.01218015082509981,0.0026596975570147,0.0016783756843876019,0.0031550494143560673,0.05328982045649544,0.021805441805425898,0.007894761174335322,0.033426970050111,0.051925486493790855,0.006002830055462656,0.02493138611642841,0.010980268886497932,0.030430548646040414,0.0028994196086213333,0.0018026390908822331,0.48810041181513825,0.010821926562944824
0.0014761653866030339,0.002535439068864911,0.0010585274973003,0.022463016411326954,0.02153845657997493,0.007054770583623878,0.013365320225787378,0.025338156471832806,0.010631039116041623,0.008435282639811935,0.005686270133988635,0.010323636983710988,0.0023463459865233783,0.0008855999806524346,0.002174375181283906,0.014041551989362598,0.0021627886903745007,0.003675400788434785,0.000620057189645811,0.07436546074028473,0.004466456795271073,0.016741743883480056,0.021033724707540877,0.04826865395516557,0.01724723533141451,0.016100167558408734,0.004201520364154574,0.008722324227995057,0.002622410045980886,0.0019916730292748996,0.0067947746568382105,0.621631653799045
