0.725364393296328,0.00295585546952499,0.00918859723218307,0.00896216755966191,0.00173479311081401,0.00495111824969603,0.0114714757764284,0.013307830862723,0.0102631080600338,0.00724122695640271,0.000688298009164121,0.00255610954049457,0.0015856117875262,0.0128203630959929,0.00866926768619278,0.000221208033575162,0.0899087746354579,0.00808795387730041,1.99423264411688e-05,0.00727096653352844,0.000292613916356911,0.0186294880962462,0.0261329277078946,0.0025604773488897,0.00213307534988511,0.00141636347750927,0.00233041871541684,0.00606594956312187,0.00117630917437623,0.000560992707243085,0.000510560681704263,0.0109217611618856
0.00109527711665774,0.63610582754116,0.0238520604703586,0.00524532233316621,0.0049260422941525,0.00449334949331066,0.0476543398325505,0.0107050645979721,0.0340109059531565,0.00256184506811435,0.000906651770946937,0.0298071865265625,0.00114975420940316,0.014655132401342,0.0116759195737872,0.0310606972118031,0.0294800764227152,0.0160219396116288,5.77001990159167e-05,0.00701981056344828,0.00143123256702869,0.00230953927559377,0.00295268609037013,0.0138245594240644,0.0371382759854904,0.00119681275131972,0.0176359141996658,0.00289588950507805,0.00234224061231655,0.00170841286899222,0.00154336657751997,0.00253616695130736
0.00827989567353602,0.0142116909345561,0.813268698492704,0.00989859005256427,0.00967272503625472,0.0265354596190041,0.0107053953443611,0.00209086397109736,0.0108861630154268,9.43923039203938e-05,0.00547811337212613,0.00967697983388995,0.00223280419900148,0.0114669708551731,0.0154152955404291,0.00761710384331536,0.00107372639167546,0.00465707031117311,0.00488900187989105,0.00153850802114796,0.00150652983576364,0.000461603513087875,0.00403394401788099,0.00160892085910132,0.00343384126233582,0.00383946286865094,0.000233483932811313,0.00119985241665349,0.00601124574934773,0.000413778834336717,0.00632179182550139,0.00124609619328075
0.00496240299608883,0.000158085678244802,0.00560592839353513,0.490642592924854,0.0306257036846106,0.00851960530931382,0.0467598615713458,0.134290226386295,0.026662876371816,0.0375133359884722,0.000336995797832123,0.00622174903172027,0.00465782744051827,0.00795616710608752,0.0155509433836586,0.0256382549984804,0.00358180110149461,0.00025838359698453,0.00460145687928016,0.0217815713226545,0.00627494113367312,0.00610962972388396,0.0146675219273497,0.00737273679142001,0.00759533693117793,0.0205469743840349,0.00604064057145165,0.00139627894007982,0.0251821062755777,0.00917769811380715,0.0178119586937089,0.00149840655054743
0.00709963750007093,0.00413061031894034,0.0139939135187135,0.0134891349849192,0.875679679147893,0.000201885211436536,0.000665720630212515,0.0022900314230228,0.0104755638136331,0.00153697191789384,0.00235018476028902,0.00139386312280592,0.00847687775716783,0.00279789227986959,0.00411602676020512,0.018125506277628,0.00337337452228347,7.50876660101563e-05,0.00761941028753206,0.00324852989664389,0.00378364352716004,5.92891704234957e-05,0.00121770109564134,0.000885896060685961,0.00472574028268833,0.00179856755554145,3.36932943979184e-05,0.00088609381700103,0.000249605601398036,0.00186963314126057,0.00229958221111033,0.00105065244552075
0.0013171542358931,0.00433129301790768,0.0181532079623007,0.112945427849408,0.0384105630416561,0.457178223183309,0.00419541656354354,0.0547480420666221,0.0697590429881194,0.0154013184208313,0.00565664774374004,0.00594274897559794,0.00413376648059277,0.00236384351431676,0.00770685327958666,0.111076044912884,0.00460695209513127,0.0009708682979025,0.00283101608229982,0.00740846256306452,0.00102438389508049,0.00982536766104108,0.0106174304472767,0.00177388663075039,0.00868222009085752,0.00147786522599123,0.00201066635031792,0.001815386245718,0.0047597345960548,0.000581454901241525,0.0276387644902682,0.000655946190694211
0.0158018858369475,0.0145979850055331,0.0247821762967485,0.089492986530518,0.0420595882049295,0.00659276116153555,0.578088362919315,0.00597800993827312,0.0140255603267517,0.0244811004019589,0.0123804479792428,0.00716105979695385,0.012480108691617,0.00281110646132906,0.00874945137073476,0.0223323916541838,0.00728578171469605,0.00293345276653461,0.00824868416124496,0.00332228547784719,0.00533597149627988,0.00196112107936994,0.00502292690090993,0.00927118523980331,0.0235983804422755,0.00106096447599335,0.0058039208568011,0.00149584247830026,0.00565037791710347,0.000718797704025852,0.0336734104867693,0.00280191422547372
0.00211330890348393,0.00566354238172054,0.00196456675208717,0.0496801978480834,0.00539245733539296,0.00690419246906528,0.0178263201044442,0.722109583641991,0.0546034223951131,0.0210539030046103,0.0010799630496988,0.00124739274835378,0.00270033133662497,0.00584705398363252,0.000264737314046376,0.033765329799649,0.0027870912845006,4.26728788201167e-07,0.00149730290261313,0.000622234821999283,0.00126295728324048,0.00985094281157815,0.00836015391096607,0.00572682117442562,0.00727736095347205,0.00745840861005402,0.00416528471582829,0.00177860018901523,0.00943752891508878,0.00179303178387251,0.00539372324022757,0.000371827606332997
0.00966417256200292,0.0293389429530481,0.0160395413375307,0.0155364991584858,0.00400687718795421,0.0213537559297963,0.0484917116226969,0.00535777305041552,0.593017664132995,0.0154883853788699,0.0137142593296019,0.018845716512945,0.00573292104672858,6.1037763214669e-05,0.0135462168429361,0.0521152738322926,0.00584698751271479,0.0280100298657231,0.00142347569465535,0.00954806111704831,0.0171401694220272,0.00877583876224436,0.00241728162592172,0.0208821462784109,0.0075055000512704,0.0039736619253832,0.00477877830825207,0.000113629766348775,0.000898209883288477,9.53206502228961e-05,0.024020884437319,0.00225927605765501
0.0030377685204528,0.00454225266527165,2.76501534046541e-05,0.0521047217858176,0.0116749172065408,0.0150967660920971,0.0379681706054517,0.00261933882338391,0.00976610398454525,0.595350154870575,0.00151842882138701,0.0501847008001785,0.00515295369054666,0.000653541927721075,0.0527385879793908,0.00262379098124844,0.00328972834104016,3.44514419429657e-05,0.00394653652597669,0.0406171366147837,0.00747976568159794,0.00350905870487235,0.0179044263976256,0.00466182422583576,0.00491820352273287,0.0184263294442356,0.00180434172916231,0.0051254582500849,0.0315836886495455,0.00738861512081389,0.000196423786578623,0.00405416265515843
0.000357208492565602,0.0103124468187227,0.0135662494345868,0.101728016009527,0.0207765376052452,0.0153670272437438,0.0412048944999637,0.085820258803501,0.0109898614302983,0.0305111418104311,0.508635024769689,0.0248547688724979,0.00294730241081219,0.000827883440344631,0.0246293099061212,0.0165293123824687,0.000810144666361158,0.00358586108152185,0.00501280402932708,9.18113501296186e-05,0.00939208909345828,0.0085505214090071,0.00342433290938279,0.00067906047251121,0.00476832122394272,0.00542011456519933,0.000247558564912292,0.0136527044706421,0.0293662076229841,0.000792087350594165,0.00119744985002283,0.00395168740948429
0.00508564427503521,0.00738109356447961,0.0320628314609483,0.0120469411375813,0.000159351726889583,0.00637205405392737,0.00518515089911908,0.00403747632532208,0.00818515771983142,0.0110822148294979,0.00932319398832735,0.737659509321014,0.00513204135287809,0.00125086522923044,0.000932004593754491,0.00162321070841582,0.000390664816735154,0.000107983935920246,0.0017961526814972,0.0178759322679611,0.0190110795953213,0.00586118163549754,0.0100130123325468,0.00386223273832808,0.00611509186317718,0.00186490372347617,0.0107631786741116,0.0101303499690451,0.0410042372670559,0.000613586342918961,0.0201541818782066,0.00291748909194865
0.00447498003533888,0.000472756622296727,0.00225488250633821,0.0355925850961115,0.0535535601584725,0.0438027018927356,0.0235466702863033,0.0375171061853293,0.000455437334933384,0.0193800889423361,0.00800561172063791,0.0417957579372562,0.472800035643827,0.00172430427684891,0.0791256169269745,0.00596801702623154,0.000909481041856448,0.00977130331103612,0.00272412595759746,0.0197470153689084,0.0145743727848066,0.00238889934735702,0.00907429993536798,0.00932912124605061,0.00874612994002731,0.00387964157334919,0.0110992831774391,0.032181749225755,0.0398662634854034,0.000927532786645492,0.00295141950491583,0.00135924872151237
0.000551418493525248,0.0007876922693984,0.00268638155616941,0.017970269787367,0.00752917174549388,0.00166711500602385,0.000468431148759427,0.00412090612254312,0.00671446164718535,0.00275743894396287,0.00484648223454156,0.0101134878420151,0.0181924913700605,0.796631442731916,0.0677921769020387,0.00434471381975071,0.00455124575530498,0.00030345287404116,0.00223949160249446,0.00503643340031289,0.00414715976713381,0.00195347197956058,0.00462367850852934,0.00825435781200212,0.0010105351392201,0.00169365083090994,0.000224523832292758,0.00393419929532151,0.00091853600007819,0.0049280191126067,0.00890152577653651,0.000105636692903661
0.00411548931694721,0.00420145847262541,0.0128323063933452,0.00404991038288184,0.00366766843767523,0.0100190237255045,0.0120531564870077,0.0066423583170997,0.0199507583677886,0.00126566650589413,0.0119444879890259,0.00898748512408864,0.0230666064321476,0.00497486334534381,0.773223443605408,0.0174134417618427,0.000697459746621731,0.0125329865494987,0.00263877152386955,0.00900822808345974,0.00951451177020558,0.00142589002965424,0.00465854249778024,0.0141793606279747,0.00758383793677671,0.00298315478706525,1.29053725899668e-05,0.0122605811674099,0.00042216774584247,0.00104547749264826,0.00113407569992947,0.00149392430404784
0.0126845679031722,0.059854012674013,0.0187453639909131,0.00478304792697285,0.0182567607893134,0.00357541804776332,0.0858998532186693,0.0355858093528883,0.0996008572997156,0.0181775951906647,0.020278624473238,0.0180980633662318,0.00318323756171388,0.000132042861926943,0.0173907028679618,0.276733777227473,0.00662195191429155,0.0380908433156125,0.00235727378107417,0.0148781059964612,0.0181038848175563,0.0151435145772933,0.0212137126117433,0.0209912159321946,0.10004619272222,0.00831326915654022,0.019736920918257,0.00299956257188588,0.00575747716973709,0.00235208763134752,0.0300138697364226,0.000400382394732041
0.00502233301297579,0.000384881292170525,0.00739266894155654,0.00947156650304487,0.0112252752719156,0.000454878330587536,0.00196703225218178,0.00515839422612495,0.0144818938192735,0.00378724020211305,0.000368684015132557,0.0168913411944126,0.000220481240358531,0.00122683098570117,0.0064896467549558,0.0325935060030909,0.769728827324328,0.0204356961541127,0.000592998756519621,0.00110577490038481,0.00214787205250815,0.0343051343195737,0.0288085876751304,7.75149322601308e-05,0.000205755587732925,0.00333407437044821,0.00176379903975001,0.00454958609725072,0.00555063930657257,0.000898672798052891,0.00150754193544952,0.0078508707043303
0.0111303460395424,0.00427732393766401,0.00205421818109958,0.00180438222722184,0.0210882414489044,0.00570209970961185,0.0200813092394407,0.00036754760126759,0.0925315851250618,0.00186149022882896,0.00103605967478789,0.00897667944594901,0.000133832772389731,0.000566880209794942,0.00130658032218274,0.101962880908893,0.00255795642910951,0.504820058225318,0.00568459003062395,0.0372971954706154,0.0175437532240288,0.0285310000787265,0.0018828742241335,0.0877982020464443,0.00301345635243292,0.00302418971778187,0.00445586959686136,0.0017203449477168,0.00533255609172689,0.00797437415339365,0.00793600576551532,0.00554611657293067
0.00363238860913454,0.00190676847484616,0.000450617051488843,0.0365142599199331,0.05210913950535,0.0596013216082519,0.029640473186487,0.0144601302229656,0.027356600145031,0.000902264300356419,0.0120896199324962,0.03158838725278,0.00204780684177187,0.00225742571485417,0.00277430553661072,0.0318996403379927,0.0018552506067912,0.00494254800898669,0.519734297834366,0.0231228467338737,0.000897729704238552,0.0333141611568106,0.00530478816706197,0.0260812228127232,0.00790650913088654,0.0133739193684477,0.00259580284424026,0.0182577459442285,0.0135182214474332,0.00689796271653453,0.00881635317659163,0.00414949170643594
0.00111836625118191,0.00248926006764506,0.00170923463528678,0.0478637692310827,0.0365729198363854,0.00836759453713725,0.000331851706562273,0.00512043719921419,0.0711514369238813,0.010523655749475,0.00831049134039296,0.0107563630597355,0.0258609759585908,0.00490787315425063,0.0155988924213533,0.0303393089724569,0.0088489019964134,0.00565310468539415,0.0191469816494585,0.479514812655029,0.0165368238352243,0.0081325400277625,0.0357873156876433,0.0745352823240518,0.00676433649457341,0.00534987997473841,0.000848352985953108,0.00782759664470934,0.0300630209180806,0.00415154918575908,0.0111494524041109,0.0046676174864659
0.00211595244239971,0.00136703953009718,1.32914396767074e-05,0.0319750462576599,0.0166458181403668,0.00904221561189521,0.00167133109365156,0.0021934924227671,0.0549603078280364,0.0113101772777203,0.00557436876813937,0.000979759865842601,0.00979857818511941,0.000842805701150522,0.0100189773103115,0.0244912865546912,0.00749810188935266,0.00703201708422687,0.00331616979720575,0.031344093764739,0.555210822180231,0.000111439086462033,0.024756870449777,0.0978213029428202,0.0144552510515418,0.0159311305585808,0.00106049609769302,0.00414325462385592,0.0123424702653761,0.00030094430742391,0.0267125037036116,0.0149626837675766
0.0215898156499151,0.00109267041759089,0.00462558115846014,0.00104448463513311,0.00775513915058004,0.00158125394952158,0.0171507559224601,0.00221453328451801,0.0388794095570994,0.00067602864412198,0.000546552570877684,0.00225890270506727,0.00282320737606312,0.0004406559940224,0.00169151782456015,0.0414809321317272,0.00951012155106466,0.0163816641479496,0.0108664597940323,0.00956893996377578,0.00816972918083697,0.757248346679542,0.00675402055449493,0.0147053193797703,0.00281305678727359,0.000995591405210175,0.00308977691048355,0.005862088768916,0.000450089576547879,0.00431370046537042,0.00109982266128839,0.00231983120172548
0.0279946115796165,0.00621809234973307,0.000566969900676723,0.000194682368119905,0.00724671433287949,0.00167016152293907,0.0187790889976534,0.00235475599341793,0.035120749745195,0.00107170871468896,0.00159878039024542,0.00507056529136568,0.00412870866073447,0.000846319164592565,0.0021736996913522,0.0341288100218475,0.00503599203124115,0.00394657627765402,0.00396616833877506,0.0420544213089301,0.00267501061887336,7.56232208591147e-05,0.654294314848778,0.082288820122637,0.00157892158702811,0.0198335427178742,0.00241336818977537,0.00825337070936058,0.0183010438870693,0.00019774832069903,0.00468618749729241,0.00123447159809485
0.000259775430077192,0.00109085163277342,0.000230340460238612,0.025321558030419,0.00954974111975313,0.00181423555384631,0.000798628919910398,0.00453829769225653,0.0502551182787412,0.00793717971541234,0.00523196275472854,0.00168842214387159,0.0121666623350351,0.00123562292170438,0.00765016380947935,0.0210091169134349,0.005871795843956,0.00122745809197065,0.00547003609038329,0.0283760875671439,0.0452937832428899,0.000385828999998085,0.0215516397244894,0.663643355480155,0.00522361313500937,0.0105535426692727,0.00374485619884028,0.00682076377961166,0.0202697984843824,4.21650359986012e-05,0.0259203233616569,0.00482727458255996
0.0139467017209509,0.019832876802194,0.00318950269147899,0.0267220125335147,0.00733766196944358,0.0314212390954004,0.00594875385586188,0.0145241295933506,0.010185330289481,0.00138012445662018,0.0001566603112252,0.00346066077192236,0.00313716564817263,0.000245461396480728,0.000876012451852115,0.00962155973790768,0.0122980918240045,0.00653257071243699,0.00275151792491564,0.023129496801807,0.011621569239055,0.0252772743333399,0.00983390294089093,0.0551084572823595,0.678386144289813,0.00142449909952729,0.00110247341153066,0.00383525124529495,0.00380187384592473,0.00172254831117118,0.000877522921194332,0.0103109524908775
0.00710476420118806,0.0033974318472327,0.000592824510963954,0.00739929460160561,1.02727215020464e-05,0.0211789960377712,0.0207550477720186,0.0264356515740835,0.0138268041187362,0.00389304843774034,0.0152109171662,0.0215371350448129,0.00420431883516993,0.000733199350504908,0.00521399731677778,0.00823081488417175,0.00108575797671838,0.00704108841334221,0.00213428298310143,0.0212144903538504,0.0327238079940593,0.0138598801574483,0.00177501896628313,0.0497177930349915,0.00652765622864468,0.631267984129379,0.00414907595329854,0.0053683275037534,0.00280586394431395,0.00247368491572583,0.0546359008080139,0.00349486821659662
0.0115035817009867,0.015378156564714,0.0004397384929693,0.0212120075668305,0.0143737667207012,0.0165582470505888,0.000801510881424997,0.0371803961917323,0.00118604992456197,0.00246751601521072,0.0204449654021185,0.0390410989785638,0.000135672707808735,0.00117731848176948,0.00172831645356244,0.00563964176900265,0.00394582668682371,0.00588792670976676,0.00362644025322645,0.0644375428817912,0.069138992419103,0.000822902943301523,0.0194730438278038,0.0287996824428497,0.00378243071534371,0.0079357644713732,0.551357412140994,0.0115489563875889,0.00782807315604391,0.00297816926771016,0.0286759547150406,0.000492896078692908
0.0150224559175205,0.00189191240005337,0.020240930163484,0.0146448731571927,0.0074962012665805,0.00487305080291961,0.00156197012615617,0.0102905818289709,0.00883319093389043,0.00845035191535717,0.00196835881071762,0.153237645791117,0.0192315055553345,0.00253022662460608,0.0419885909233304,0.00407620506522261,0.000223313346752132,0.0112380405152507,0.00110667222930175,0.0299047728456923,0.00430487475008924,0.00185693189593852,0.00887811326027943,0.00798597173195335,0.00675794383840165,0.000144567682083066,0.0108456468696868,0.505311156169302,0.0850654000153701,0.00025170217385841,0.00705726660087454,0.00272957479271243
0.000944173942601305,0.00265272297365416,0.00546203448456075,9.87272426713235e-05,0.0130835993498173,0.00429095311041139,0.00679559457176282,0.00429415161854056,0.0173279614083995,0.000690843385220137,0.014672284806802,0.0153648049174799,0.0104912227515282,0.00429240570840772,0.0110082926860929,0.0305095961190623,0.00189539092236384,0.0145071600519679,0.00342176072467039,0.00175618841569982,0.0367878171429482,0.00190179858642182,0.0203501311607324,0.149377826668838,0.0119422694015904,0.0206807782287189,0.0119215616982545,0.021259166110491,0.523830843378656,0.00029199922261626,0.0373021763105762,0.000793762898441784
0.00494736878158354,6.39927833207942e-05,0.00101885754493542,0.0245956963263507,0.00131535053990228,0.0222811344278668,0.0129270934809445,0.000226581096681339,0.0220655118296819,0.00864361774919529,0.003812171650011,0.012855968948041,0.00524570547438569,7.76351538450631e-05,0.00342596065261017,0.0192577327124915,0.000434748911341537,0.00751931202872362,0.0158516176542292,0.0109611636314777,0.00016972691025774,0.000542260276926274,0.00541520282626979,0.0254036259268221,0.00276901981477519,0.00304003187991726,0.00390733739284109,0.00036085719143646,0.0031241970569874,0.735905308849443,0.0416894616025039,0.000145748894200567
0.00809746293420175,0.00107964756177033,0.00517116021834429,0.00457726594550899,0.00845218271741968,0.00538264579812206,0.0156963110569969,0.00118819093786419,0.00874571928517125,0.00156547773620245,0.00403136784981374,0.0109066788539074,0.00807437576280754,0.00368584849525355,0.0124971491351325,0.0316346743071457,0.00959281017582396,0.0088462955154964,0.00166588850458746,0.00826193748656251,0.0684708843017676,0.00279422760066355,0.00757267830809601,0.0555601863118555,0.00786082078979593,0.0287449532785438,0.00445118201710603,0.0259113972787162,0.000931471036835995,0.000666655489719972,0.63666640080006,0.00121605250870631
0.0572686267981786,0.0408033424239185,0.000473604211668431,0.00118604803742519,0.00200042012263451,0.00186421615772454,0.00518977337697652,0.0022859982331979,0.00352284987114468,0.000220909191987456,4.49530846048286e-05,0.0116068493754859,0.000489472033149698,0.000673411575538003,0.00500199814019547,0.000112141763702854,0.0141985545052532,0.0190497086220272,0.00299218057403472,0.0411925908392545,0.0118834222713678,0.0320599768366387,0.0186555530325937,0.0796391035809278,0.0254150656998772,0.0139529497812167,0.00626370217221723,0.0159265756809068,0.000608238928151204,0.000350518593015403,0.0100088106600453,0.57505843382494
