0.42285032404463,0.00395571740587922,0.00628835152831257,0.0551518961876932,0.00980596353959084,0.0111091547908863,0.00693196761410636,0.0371937623591422,0.112219411587807,0.0561838425746193,0.00754144393655728,0.00184149209972158,0.00481571139132437,0.000624728406975015,0.00554945311723782,0.101353090204971,0.00143012354730568,0.00404055951624581,0.00232300484508085,0.0155997784032671,0.0109093903303752,0.0136193368608658,0.0373587740438857,0.00915987602681627,0.0103492992330177,0.0161778247576354,0.00134917188134928,0.00817151973389947,0.000192748799490391,0.000806628498812754,0.000760210329975886,0.0243354424025223
0.0216231640752372,0.536923674502412,0.0120917079033599,0.00143780354595079,0.00544384174014377,0.029058425709109,0.0417276121049398,0.0226678729190685,0.0330824158127053,0.0218480089477502,0.00174477817997554,0.00477854442535685,0.00940090396805233,0.004501480199323,0.0122564229670477,0.0189373956219788,0.00092102459811303,0.00107506038002662,0.00181849458911313,0.0631960892701873,0.0173061611010201,0.0299180477806346,0.0186425491770089,0.0267937227017384,0.00445595994200154,0.0197706947233539,0.00501540665593683,0.00744878152571263,0.000524560958873055,0.000552728832206498,0.0024746216894467,0.0225620434522157
0.00248823786271811,0.00461384156301233,0.498549084942508,0.0202969507632378,0.0185613128578839,0.0318209838485716,0.00912655850322458,0.0400335106104537,0.00493741752036374,0.000409306370065945,0.00257487955851759,0.022230839720317,0.00942234668790649,0.00817560033517706,0.0136592296410191,0.021467974032765,0.00359016116622468,0.00519382729884246,0.00535275370550585,0.116200512405026,0.00880637608948233,0.00186926161236343,0.000626440857052405,0.0989051405100474,0.009451289821789,0.00769376078289055,0.00347438247965704,0.0102475182199626,0.00196272111002662,0.00620859339410073,0.0113777601495464,0.000671425579740407
0.00199172639695805,0.000681085105602923,0.000159222633590253,0.133961439048956,0.00331830181898687,0.011246302481771,0.00795481554343373,0.35264752736691,0.00257873888337594,0.146303323839475,0.0661667046099702,0.0428784753272255,0.00542802096614018,0.00140376854854589,0.0185243185470519,0.00460173026027996,0.0010360926431523,0.0016640724225647,0.000947682407118041,0.0734138435661538,0.00356095186536802,0.0078566438947355,0.0128034792297336,0.0523807704293438,0.000436948580636798,0.000684762541386798,0.00264671427730841,0.0330565400497944,0.00184517610976067,0.00428755937085306,0.00290440695531639,0.000628854278500399
0.000677530381676968,0.000439660323097062,0.000468105101771313,0.0155811995741125,0.369367859951012,0.0218137724518866,0.00734013533785891,0.0807755238751036,0.149740386489822,0.00992308906739616,0.00167724321201924,0.0103751848342278,0.00280093349059627,0.000715201551789585,0.00303108753603354,0.143998938347174,1.81544781668772e-05,0.00186701570196851,0.0020047629005955,0.0357375966869125,0.00809433492023661,0.00205040557697526,0.0110633227765595,0.0470684198555059,0.0160274801552343,0.00623019694015679,0.00154582498391775,0.0425447567713931,0.00404176217235038,0.000152284068451109,0.00121319574549691,0.0016146347405014
0.0024771661195689,0.000671954988302424,0.00747085563863359,0.191000078385093,0.0130087032894231,0.181398820200758,0.00658238617193122,0.240191169894425,0.0101958553441783,0.0772503273583241,0.0542522832088731,0.0159510390265925,0.00204226219676307,0.00272197101307146,0.00412554117061295,0.004449286097527,0.000271872912611634,0.00319715995064571,0.00106469834658956,0.0413710212212502,0.0182024044782526,0.0277516943999084,0.0221020100075852,0.00979640751390032,0.0356867494801979,0.00599305966864788,0.000122436948037773,0.00602795872664367,0.00115709789703361,0.00397527948483839,0.00920014028829693,0.000290308571482489
0.00254836335964644,0.00226943504771013,0.000132445497204632,0.19973155635598,0.0388015046922181,0.0487692355241977,0.301404001926358,0.281122376771637,0.0119581889579491,0.0139418536739452,0.005845501059363,0.0123169588930711,0.000961335961905227,0.00198579311530413,0.00328708530695338,0.0241279818160423,0.000519767110849181,0.00352797500133156,0.00134588359923386,0.00758577011957613,0.00174763628851992,0.00105722013257391,0.00330486276661771,0.012737858926615,0.000931872358506539,0.00293417054895361,0.00132109447930571,0.0112149200622021,0.00181166003749195,0.000159003375329364,0.000581125109899809,1.55621235086835e-05
0.00160882567563514,0.0010692443250782,0.000286276556577059,0.193197252663356,0.00216067577138016,0.00119634760915684,0.000795140658858124,0.449281372774546,0.000583911478001708,0.0928496615857104,0.0447469181193028,0.0404006849719538,0.00257403496352824,0.0013148990952863,0.0153438641361181,6.0972760053773e-05,0.000481455198582436,0.00204710537276225,0.000839961525436663,0.0588177129471385,0.000188955701350046,0.0099641440429823,0.0151794606201577,0.0352078661305531,0.00480302793880471,0.00119585453346637,0.00115899947843098,0.0155240335986922,0.000422728113152044,0.00334923021092682,0.00278672087870856,0.000562660564313031
0.000639061901404486,0.00605888317727068,0.000460134740080704,0.205207580631893,0.000902027218597071,0.0116797066104079,0.0727383635488245,0.153250785144676,0.316022260333912,0.0641159267031391,0.0324131311807364,0.00666091555195707,0.00620921381278932,0.00016422384078006,0.00167844868434557,0.0020739719646399,0.00105285068215785,0.0172223145362698,0.00186734344772769,0.0262131726349172,0.00922581266166482,0.00201399109210637,0.0185636768503319,0.0161238605286463,0.00636657585258444,0.00739827693339274,0.0031953930554063,0.00732274202715837,0.00118810249079541,0.00046801513828924,0.000435461199873431,0.00106777582322369
0.00103261455894059,0.00127223105573819,0.000733539717632007,0.19118076837668,0.00206979806381027,0.0150509049200066,0.0101808918896792,0.227060772100549,0.0144004599409324,0.266884164122561,0.0459796431696301,0.0308414639057621,0.00143444882631887,0.00154818591629155,0.0158402253612818,0.0155102234256434,0.000520134401041157,0.00126024387598829,0.00109229836176298,0.0566459551281945,0.00385085204980991,0.00329505108990712,0.00391296493167937,0.0477763891352165,0.000624845676160862,0.000643974531501958,0.00271118776856982,0.0277605849616152,0.00249897341107435,0.00427226552794783,0.00178205514487386,0.000331888653199678
0.00197706060068742,0.00553368392261048,0.0019623844734716,0.061896680534565,0.0199175575509461,0.0130667428010707,0.00805648932823587,0.134579600262693,0.0053228347087168,0.0397967526932988,0.0801191232510647,0.117118244694021,0.00432286036087132,0.00216420469625725,0.0337072220336541,0.0147761689677945,0.000237835642507248,0.00394535676462181,0.00558092784501204,0.174840184089915,0.00746848283150482,0.00726384695651585,0.016892907333102,0.164740379632168,0.000264105814470374,0.00538029297439303,0.00528284170496706,0.0413040018951117,0.00593184937377889,0.0110665946329158,0.00469453886610474,0.000788242762953356
0.00899049988990182,0.0094565383480847,0.000108467881447043,0.0739013685449842,0.0161787172206013,0.0277423444944898,0.016544696582226,0.111746945450035,0.0924367921233132,0.0181762050376996,0.035146107422313,0.204705683363798,0.00973993902809222,0.000306904646024795,0.0174467872889756,0.0491413822037037,0.000309034784323334,0.00333847579374004,0.000287957046781714,0.0676695303839836,0.00587520940325142,0.00180059638303978,0.00801460270172303,0.0664167942136387,0.0369460008054243,0.006205846796707,0.00293343325528143,0.0839634413624501,0.0123636303716801,0.00418564263880074,0.00626132335219074,0.00165910118129353
0.00450917710010831,0.00275581748875841,0.000834940868242006,0.0107627603262787,0.0399942347894325,0.0193003282502563,0.00191604590371688,0.00650748529287913,0.182238773555746,0.00474610980326469,0.00359515772045233,0.00440413457913976,0.422130462505523,0.00708021889573311,0.0385970196660442,0.0423016599019969,0.000691714452149656,0.00349672440569059,0.00373744671432212,0.0305262978879692,0.00676637668732075,0.00394993306650769,0.00939758069597679,0.0336699195372875,0.0414164094086707,0.0133335465985903,0.0101826544658693,0.005199057219865,0.0258292059510944,0.00850277678356163,0.00941594754709578,0.00221008193045588
0.00298838587851977,0.00228364164376291,0.000328974365684468,0.215923920356223,0.00747053940884181,0.0114572980320934,0.023581469519255,0.167544472105609,0.0717788212044328,0.0603896404500416,0.0359273846428923,0.00222699865398215,0.00989352686885161,0.211468249110136,0.0162614166384564,0.0846234923583682,0.000366795235619614,0.00053297486821377,0.00187026532292982,0.0296266102921732,0.00158278570585743,0.00169343862346866,0.00126673496179666,0.0200334333295946,0.00175104070777217,0.000457595615180763,0.00108412398500814,0.0103682240360006,0.000736615055387557,0.000371335437501958,0.00191236304824205,0.00219743253810329
0.00313742516683786,0.00100189414506265,0.000452464600208165,0.0479032933564914,0.0500836389302557,0.034309506266926,0.00391074190264383,0.0928794612570012,0.0818116582281702,0.0165593653640779,0.0172040091098753,0.00810531043787118,0.0179149002326007,0.0048083314296589,0.425840323347873,0.0115436153222366,0.00074327018471777,0.00105825333755402,0.00214248483241121,0.0418919006696105,0.0179607539195116,8.11362996996167e-05,0.00113948557125888,0.0329588696036983,0.0248870252683316,0.00548714891884177,0.00734170667948639,0.0228400762989612,0.0141236496225126,0.00178329499463627,0.00261384746087122,0.00548115724010683
0.000293392098013923,0.00491708415670034,0.0001856247079645,0.274612843271923,0.00376614438441629,0.0161114364794026,0.0887395524786812,0.236801043637045,0.0343063058935455,0.05275261731048,0.0152025714694765,0.00788461073910617,0.00134059797174694,0.000370361710915259,0.00624808187242197,0.15649998917411,0.00250258488811644,0.00856170551791277,0.000656672127294271,0.0254222920266917,0.001032648286001,0.00556559089505981,0.00203763452645765,0.0214940313689154,0.012537449712417,0.00664753737436397,0.00291716464710629,0.000370721496727548,0.00831059120825143,0.000507427065116899,9.13959107533861e-05,0.00131229559286565
0.0255278772145627,0.0107279925087843,0.000851564316545011,0.0105945709543086,0.0704641840924563,0.0010925761390312,0.0987113975323244,0.0121120790193872,0.0835512175041037,0.00431446437798311,6.17783689401925e-05,0.00134413601779032,0.00490409687194192,0.000342847788365675,0.00528469187748739,0.284498774901874,0.234582661776891,0.00583204025471221,0.0098768773948785,0.0232151963195988,0.00610351894352009,0.00104606496716327,0.00652805307990907,0.0291075222165556,0.0327601471379311,0.000482377981314347,0.000170456600881819,0.00239980486357745,0.000405659828843801,0.000705915299971116,0.000189629655994755,0.0322098241923713
0.00285242200834123,0.0272003561565275,0.00684856954204088,0.0183796386504658,0.0941037720919972,0.000919935682555979,0.0630724959711237,0.0250747148886732,0.0115198252430104,0.00314010459511168,0.00220727161039898,0.00768597005794225,0.00210507511888143,0.000112307492197053,0.00605748828735922,0.18848862730292,0.0018227135057169,0.385228266391289,0.0132732262265633,0.0132728377762643,0.0146836291103863,0.00676330004041995,0.0104604164664708,0.00850614233102665,0.00905716037539548,0.00554453179909231,0.00394677314018398,0.0185863090770678,0.00196846605713625,0.000148158167774224,0.000584187864019426,0.0463853069716471
0.00106658646688959,0.00330755965721437,0.00672742106058865,0.00330917012644844,0.0137131915979868,0.00155066473528203,0.00820294960642578,0.0150080081181265,0.0481927993045182,0.00101385641216519,0.00293891913252899,0.000988649880514428,0.0103579267924345,0.000669553237536063,0.00343582488106839,0.0585969290004439,0.00405546947446839,0.00076507798558884,0.696426506480352,0.0034162166738534,0.0204152721359632,0.00143448520855742,0.0341228779879618,0.0184170114023554,0.0126119992584257,0.00325420167383126,0.00321239541440977,0.00802124717165891,0.00202731338800656,0.000964405862080125,0.0115988823112917,0.000176627561023426
0.00502135069948409,0.0082813561202078,0.00107553234522782,0.000424786417695386,0.0307978423061585,0.00619583003377138,0.0343149351839066,0.0112778401216582,0.033127769668847,0.00521627624457857,0.00555589978890587,0.00334244812761821,0.000444272701517127,0.000993565780905544,0.000308802053484612,0.100813175154014,0.000965531575113269,0.00358650532906954,0.00188905658204376,0.601908489694479,0.00411640256063497,0.000517886256653872,0.0166427280811023,0.105794142532691,0.00479903117424265,0.00396369537004586,0.00122860253946901,0.0020698507174267,0.000282845739821203,0.00248013319412796,0.00173850079745025,0.000824915107647827
0.00634203873621514,0.00900932145114643,0.00214978365618793,0.0286538888906875,0.0469880205379792,0.0126008358259101,0.0739106787505979,0.027009490907922,0.00878667889220577,0.00958173691306798,0.000568879637427547,0.00797935568284427,0.00328669769902677,0.00142149855424729,0.00166846569854224,0.10331141964433,0.000775111145909646,0.00258748387876757,0.00325766511742755,0.240970101360623,0.250117909474036,0.00604582112684131,0.00290852216752183,0.116039575553767,0.001079861965609,0.00969817831834946,0.000987890959945856,0.00929865022517039,5.42229092145928e-06,0.00101250526650339,0.00101648140014134,0.0109300282701277
0.00395626555234763,0.00422961029206568,0.00160812105149754,0.00754098269867113,0.164905851011758,0.000686782518363622,0.0891066338716792,0.000203943185948288,0.00656573764275892,0.00455860427082735,0.00761199450107032,0.000499061638288145,0.0133008619378012,0.00106796560566943,0.00355202518141547,0.0821799816401614,0.00276738185375002,0.0228783353088026,0.0105025119685576,0.0446836385239666,0.0255796546217411,0.295343764291901,0.0340145516716121,0.02274021254755,0.0957873071691674,0.0092497305084855,0.00800445107109747,0.0214684858599712,0.00559709752930251,0.00246394127176031,0.00255620771850013,0.00478830548351072
0.000247694482179646,0.00419260383586417,0.00240531182082981,0.0619571859978462,0.0570555194327958,0.00658635591606611,0.0335165722771244,0.0272746271456013,0.018723198617308,0.0339600789032117,0.0420026810457583,0.000570522772815015,0.0143255871804939,0.00294976941227724,0.00267355772398431,0.00361670930747042,0.00168116145057163,0.00171258517233826,0.0146987662506405,0.108965637624407,0.00869314613586297,0.0118365675814136,0.417428746237693,0.0467171441362501,0.0147558250259644,0.0170437741411528,0.0207591785225859,0.0173139147541369,0.000638541600028069,0.000827947255180932,0.000266780726849782,0.00460230751329838
0.00741616391619657,0.0130385911264198,0.00150020895779059,0.00584167446022022,0.0719196322463635,0.0104494895439975,0.0721171545837958,0.0191558581616766,0.0357142443367279,0.00740439405108164,0.00875607391330263,0.0126145335892092,0.000824629272608182,0.00154509346371137,0.000675033503090551,0.158371349195789,0.00196317505100739,0.0082727283882455,0.00257534212722454,0.365754221653674,0.00914120222235404,0.00105546476720331,0.0155474927264722,0.130884077588279,0.0128279715475535,0.00598952511486854,0.00562820547257252,0.00441319176912104,0.000703868752606609,0.00472729968480378,0.00254221189335174,0.0006298969186814
0.012000143854196,0.0144334677638122,0.00458311273354363,0.0145154798234746,0.000792889789787465,0.000129708711241587,0.0263512222815183,0.0446630409673039,0.0915354826796875,0.000730192855902927,0.00137925110524657,0.00433599936174392,0.00628305606883988,1.17246402099301e-05,0.00892610420978271,0.0316156916017741,0.0050879996147507,0.00680109504727286,0.00329356610883366,0.0698055622640067,0.0385686538508963,0.00425940003566344,0.00495451057473734,0.0203344156590316,0.508035621554409,0.0353133732833748,0.0112800384520385,0.00128742353538915,0.000971439421802293,0.00018007712641789,0.00192043040633865,0.0256198246169722
0.0110701504990875,0.0124647294220986,0.000576829965882795,0.0218595997829016,0.0086637586294523,0.00241809281096696,0.00447828659258344,0.0127246508181143,0.0891182727925614,0.0136030780369942,0.00159057351932012,0.0238114684591616,0.0017729091776809,0.000327883432312147,0.00221849094202485,0.062858776478544,0.000173869155588431,0.00110998223219945,0.00274406665235897,0.0583042735562399,0.00151767522170829,0.0243646687290716,0.0225989423257625,0.0220209381502129,0.00347547784859559,0.504346263405844,0.010856139759519,0.0371331158558445,0.000154389595055023,0.00239929729211901,0.0327925337233668,0.00645081513682743
0.000275391329302409,0.000570175010001636,0.000760442082892036,0.132508236996463,0.00582872417508929,0.0014285289463752,0.0292551646574127,0.0669148274017737,0.0421702193192416,0.0620458616837126,0.0306866810924722,0.00523672652165057,0.00342829793926083,0.000173705838292158,0.00497325034544838,0.00810156370476322,0.00149389155482142,0.00182135611456162,0.00306792617843474,0.000646284629719765,0.00227212578453632,0.033537611081223,0.0337248794842881,0.0125106151674527,0.00541623489836489,0.00364781175068264,0.465361140303227,0.00785293745812596,0.000326242817008761,0.00751351244987193,0.0264075820570048,4.20512265239008e-05
0.000232877702928912,0.00119097141446492,0.000496728444762062,0.0434011774504484,0.00993293992844101,0.0125967299438188,0.00564647104815146,0.0550936454151732,0.00977236055337096,0.0159344464635539,0.0144369912688029,0.000248434045154803,0.00831729683848971,2.23827184485617e-05,0.0026627502184853,0.010524770189065,0.00017757886124361,0.00164774321389989,0.00140946909179967,0.179151379245715,0.000909757614241547,0.000751256800841224,0.0162696180318243,0.129119177203194,0.0168255717288024,0.0116361952026996,0.00308001509021723,0.413929783488822,0.0126371097489811,0.00511806476091603,0.00150097892128842,0.0153253273519538
0.00235256221200996,0.00488722929565104,0.0025334661635154,0.118599830217877,0.0193334713651234,0.00110874052438549,0.03427971759209,0.0272482311385003,0.0105431326939139,0.026717862716301,0.00487154354737317,0.0183744299832084,0.0151713316393322,1.4729354092571e-05,0.00800190328286719,0.0243611920381577,0.000171071774076756,0.000120255075456636,0.00293452394734247,0.0355901488113053,0.00148710677086089,0.00172054144980841,0.00298836733865483,0.026568212593048,0.0103763376968326,0.0371027693781369,0.0638889464337804,0.100816806631505,0.363681684249456,0.0102299543218658,0.0215211839755821,0.00240271578788974
0.00357976500251242,0.00735479229352172,0.00165553608033589,0.0596833669224286,0.00495809607345887,0.0100553983067584,0.025216405366375,0.0740405516669082,0.0302402559503583,0.0285380290238592,0.00885604208115774,0.00504166820495392,0.00220061571142164,0.000154836614358144,0.0035209388665712,0.0083607650116702,0.00121796156328181,0.00382482360908737,0.00448080094897569,0.112751487279241,0.0031665928039194,0.00213843171420614,0.0101503022679123,0.0932910281598509,0.00384693752174665,3.60089383635597e-05,0.00124656735302856,0.00887671852337946,0.00324226766768576,0.456690570634416,0.0213700670910104,0.000212370747244917
0.000399558231083879,0.000516055922696867,0.000905889806351468,0.0918050759458931,0.0170695993986034,0.00322061687637835,0.0225472056215411,0.0478843662673055,0.110249666567195,0.0394432442231676,0.00117452399815764,0.0312350731165929,0.000638123020004463,0.000268858477396084,0.00315064846102905,0.0117959924651966,0.000260809964165091,0.00251625611532786,0.00201213768101467,0.008459864034042,0.00534282433630389,0.0113463871643095,0.00658686571232369,0.00773018146417657,0.0154103327917213,0.00906210857965967,0.00595339079730322,0.0610156002400201,5.14017843641511e-05,0.00769995286102529,0.466494238551468,0.007753149524182
0.00558364651480216,0.00212354363691924,0.00282167027238215,0.0135835108216436,0.040944408165508,0.000483511546237012,0.0173279046487346,0.00282899143954252,0.0484144709577559,0.0118834478276145,0.0131210236828241,0.00856026162248774,0.0328154081027023,0.00187200512482508,0.00379159153827949,0.00434425868759358,0.00737347761304681,0.00827116078254376,0.00774541423137245,0.0109665862537994,0.087332728416726,0.00272995667376498,0.0662705252410594,0.0435815971275094,0.099662306598776,0.0131266568253488,0.00637450702019435,0.00947530066543863,0.00107607744374849,0.00171520099866517,0.000488122775979179,0.423310726742175
