0.675026994000756,0.00075106395838474,0.00131164783856893,0.0117769435820005,0.00350982105073427,0.0071993343924256,0.0188209163347605,0.0187438801969212,0.00285464629140953,0.0101828770045753,0.0141893029737032,0.0545242559591139,0.000276536982410123,0.000174720168870071,0.00261636759396924,0.00555425247258185,0.0046658761848276,0.0119588355118547,0.00278406508313993,0.0183465148229713,0.00865490982169408,0.0048276051889095,0.0144274825849574,0.0020528062980596,0.0103715486504628,0.00389167038793051,0.00187217517204247,0.0366856440234423,0.0484435381954508,0.000931886406284039,0.000358065049751084,0.00221381581703655
0.00077875931216938,0.767471556288704,0.0141459309990751,0.0174599843849509,0.00844040632079803,0.0118490094383032,0.0131031161763484,0.0188253791186355,0.0213856355697208,0.000425659076623123,0.00575144149560741,0.00124419562419343,0.00113592126328033,0.000915038902079459,0.00210353819089896,0.00549109644979274,0.00285725819688681,0.000144960895175403,0.0021187176717974,0.0236766841384113,0.00235820338797744,7.05912720707028e-05,0.00319166524710924,0.00880263070740134,0.0101368084905123,0.0139607240013152,0.000260066712821436,0.00527782143919474,0.00206555341517009,0.00233687955944004,0.00267997865491994,0.0295347875986158
0.00184777619812735,0.00631465888215707,0.805634065463804,0.00459692860417797,0.00360176847345289,0.000495781543730129,0.0408266004590764,0.0267460957304746,0.000523059883265102,0.00227568396903726,0.00655127479497052,0.0160108647260076,0.0136734605084265,0.00143542470215254,0.00199237373629084,0.00242350235043553,0.0153906406228537,0.00130801362697153,0.00224918571510446,0.00263651065615505,0.00108804634304791,4.82991611450073e-05,0.00177079842477177,0.0169031085743691,0.00105947359326251,0.0012275726813216,0.00140621303554389,0.0132548375562509,0.000143975659557611,0.000155393818546132,0.00624690459998502,0.000161705905527679
0.00504930072149604,4.06614479874548e-05,0.00161637424857427,0.76557901355152,0.0110556882394394,0.00528596111959383,0.0188439830734655,0.0337223521266106,0.016747151160309,0.0176660633613898,0.0139078801778834,0.00806520357552478,0.00629834898909506,0.0063593043446728,0.00260782341108632,0.049350464184512,0.000748778566621544,5.99258671436618e-05,0.000311063511586722,0.0128126251547797,0.00100581605597434,0.000130292682343642,0.0069548159426356,0.000994709899510196,0.00250716112266913,0.00046803489345295,6.64447196656756e-05,0.00673691452109375,0.00202854149651895,0.0016034163421753,0.000345268646005305,0.00103061684466325
0.00170418222610745,0.00117985029083322,0.0153742730008774,0.000155393694556049,0.682338122207293,0.0333783810975215,0.050999058099185,0.0166592231250531,0.0137468386010074,0.0021797166284774,0.00992909161515373,0.0151355954098391,0.00316997067073688,1.66815562002631e-05,0.000408115415167093,0.0417416978166747,0.00439225532514489,0.000273239145413177,0.000246445274954233,0.00910095538839221,0.00566909532145763,0.00162233855641702,0.0208335744268375,0.00241585956877751,0.00144392504547203,0.0017343574461742,0.000498282465813881,0.010374101545351,0.0372783506308259,0.00167588925165465,0.0137163815733411,0.000608757579289638
0.00306277033850776,0.00526374490746612,0.012890651041799,0.0109084402897042,0.0309030998308067,0.682130679017092,0.0455766867867684,0.0476021551210542,0.0152586777820767,0.00151717361171272,0.00917405048901752,0.00703517391860165,0.00398891523023272,0.000401751613103192,0.00139911468265908,0.0656082687185896,0.000169915080472953,0.00131493882085235,0.000592611910594538,0.00172647812732652,0.00331241439028285,0.00729048964366363,0.0069806333560378,0.00529294005605943,0.00129403361568345,0.00316885866657108,0.000204176105885433,0.00159761817969668,0.0167572126838656,0.00111277294176179,0.00549231949929573,0.000971233542758019
0.0045957458643739,0.00122068542113574,0.00506953458876315,0.000257711489997205,0.068129102910859,1.87000694500084e-05,0.74643318894431,0.00242471242355237,0.0666784281380439,0.000805844217962252,0.00154773159152466,0.018464346116409,0.00148474067402356,9.46828270311456e-05,0.0029444170411094,0.00358923197532348,0.000903440558783903,0.000161560921994636,0.000275689164465239,0.00877240713882674,0.00712621885560587,0.00108687763005959,0.0124062101883422,0.00185678675696388,0.000665722928541778,0.00144759288682334,0.000700393345040567,0.0107718612522629,0.0253820128059444,3.93479051279607e-05,0.00417724874654032,0.000467824620807428
0.00374952820224354,0.00160952502135877,8.41122080802432e-05,0.0148691293215822,0.0638285963425003,0.00297902069551115,0.000193736018698229,0.749206381790617,0.0495708144289698,0.012419500328148,0.0165796518776061,0.00704500889399051,0.000127499581525215,0.00309569760598333,0.00155481343195735,0.0300758306372821,0.000552126807206009,0.00130812988904684,0.00156800987398904,0.00555638860175869,0.000389033490415777,3.70898647167521e-05,0.00524583557873302,0.000573781113259124,0.00770818933844342,0.00128555924435515,0.0014322346637702,0.00511784932712486,0.00827709780219307,0.000998584843612243,0.00276878876277708,0.000192454412544503
0.00243493405679732,7.23851813962429e-05,0.00327407486740807,0.00102317610712253,0.0324179942519227,0.0443721028518892,0.127599017751804,0.00265290113460765,0.497213389960326,0.0190990601823327,0.0204231623699329,0.0411309378397159,0.00714070714978527,0.000283294096068039,0.0115155019396103,0.107782612200422,0.00169139081697506,0.00527098141630411,0.00105967376871967,0.00282712325426579,0.00397655692884154,0.0010891820879383,0.00947687760161253,0.00229912413732841,0.000112437029964701,0.00162996538625644,0.00459728662508207,0.0387646215100705,0.00507567766776348,0.000969204874557719,0.00138138376574331,0.00134326118743574
0.000910422344099383,0.0010103612847717,0.00102053239220069,0.0614645879594002,0.18253011506209,0.00201224005886517,0.0863417404146302,0.10932658366227,0.0844730066833061,0.290415326621234,0.0155323716442356,0.0618445165723663,0.00598143023162656,0.000236763964297718,0.000324432123703993,0.00500110002904276,0.00140126187904942,0.000127289283498283,0.000728136155787321,0.000814534918832043,0.00112528236072055,0.000524225462203724,9.84052420728385e-06,0.000406918449977722,0.00651952831416403,0.00673552457157473,0.00166942186613109,0.0188665601820876,0.0426016754153645,0.000632373176685077,0.00168268172534807,0.00772921466622779
0.000993970508175718,0.00230488573385174,0.000878309199829938,0.00720585565347897,0.0608645555894951,0.000830000206033591,0.0534375850456584,0.0131298044777811,0.0170679231367654,0.00749060922801563,0.737263319252275,0.00102888128773071,0.0581257659515446,0.000677097174642093,0.00832852570239155,0.00050696139956573,0.000754106060419468,0.00175818078335595,0.000397160090697308,0.000371732356247409,0.00138208527151961,0.00035943378625393,0.00620219305504842,0.00160865881731142,3.50434242454833e-05,0.00780625655327959,0.00171418222795941,0.0013752661715228,0.000926119949200597,1.56365425213098e-05,0.0010399756188973,0.00411991974428456
0.00299272851975114,0.000647618056579047,0.00431861629635542,0.0142234609545439,0.0135177953959307,0.000843387563918177,0.000517927658462387,0.00747242347160365,0.0252428221402642,0.00522072596563468,0.00659580316325673,0.679130662527059,0.0328344257923508,0.00756927842464665,0.0116860125601327,0.00223645402651704,0.00305387602439883,0.000622266998778268,0.0015440571962064,0.027302213183937,0.0131238388479297,0.00102833315046507,0.000895159907302679,0.00268127568855777,0.0069314409302592,0.0221794197929808,0.00527824450504941,0.00715872247373771,0.0481795690150508,0.0026850163391221,0.0341061761171277,0.00818024731209057
0.000705603710808007,9.07037672963911e-05,0.000788440503080401,0.00384101979233305,0.00289111361542985,0.00124865788323319,0.00355494430249971,0.0285685466842397,0.00220742309232892,0.000991096611333848,0.0502456574293014,0.0675505410848687,0.7254803887913,0.000408473652048442,0.00653488564620266,0.00257093348245398,0.00150390371843671,0.00473928666901953,7.60967977595816e-05,0.00295688920248224,0.000159102288359365,0.00215404401189467,0.00124155698022605,0.00272062476364293,0.00210169655781109,0.0100868456230712,0.000981288811972021,0.0613469550323069,0.00623155213881064,0.00292153982981182,0.00301628997921035,8.38975464265637e-05
0.00468562452799934,0.00201087431953135,0.00650594243984036,0.0360563147463439,0.0111595287756061,0.000804825810719734,0.0135489679585863,0.0173966960938874,0.0209893713829214,0.00404056085845309,0.0139041091207148,0.129384179064137,0.00988378648189478,0.595685446805722,0.0148588519688126,0.0017001018024139,0.00806527640218046,0.00104099527250248,9.86235848735713e-05,0.00680886273144632,0.00579637466548901,0.00392998734482431,0.000654352887881219,0.00340536275382874,0.0103794544150304,0.00056329228262696,0.000276895780096246,0.0218477966829108,0.0429937388744365,0.00161569014312201,0.00048485160035678,0.00942326242081006
0.00092431844624091,0.00164312156734428,0.00106646937855194,0.00766104009366123,0.0161610001909891,0.0171620978507447,0.00361673246074379,0.000237374555928415,0.0131711787258629,0.0161335495816205,0.0244409279561448,0.0277062262887755,0.0040889298289481,0.000467482478710668,0.729725504139757,0.0292342048932453,8.94469209395036e-05,0.000783306027946249,8.8736026041374e-05,0.00235845428040281,0.00615453121250932,0.000374271173533725,0.0180099527695002,0.0104887726648893,0.00136685223423503,0.000570945324380857,0.00678339885233174,0.0198307827946648,0.0143074262539543,0.00348654656764188,0.0218345501922529,3.18682675077698e-05
0.00480539740343391,0.000255565605940501,0.0028538704102305,0.0111395533742694,0.0249454930822178,0.00925426788178107,0.0317662250399215,0.031730427111636,0.044712290932508,0.0126597141373652,0.00375743111156167,0.0122488091312267,0.000694709393961551,0.00020513057753203,0.00384218763328019,0.752424113257348,4.60761012598132e-05,0.000469703063779221,0.0012470219792593,0.0101662075895883,0.00297439186767594,0.00569770505353024,0.00171174957679158,0.00102019202785875,0.000368270893275664,0.0026041566290125,0.00165517870311633,0.0227816833944765,0.00165182929810467,7.05444482408211e-05,0.000143022611603802,9.70806782122561e-05
0.00849396886644022,0.000503487921839746,7.68767747526652e-05,0.00972869255434737,0.0911586440972538,0.00320933000577357,0.0632858644139973,0.0145978245665378,0.0794832465348417,0.00197184123736687,0.00672943529538758,0.0750641648654141,0.00141358053721939,0.000307398274120157,0.00494447897341005,0.00235442307162336,0.499154614093724,0.00050511246445003,0.00188005418245405,0.0158956025826111,0.00430448376050522,0.00469958435351136,0.00324040058996084,0.000608975722103973,0.00582017719410754,0.0108911251060568,0.00111227216592946,0.0434464404662537,0.0394620022886964,0.00187050484009211,0.00251368750650329,0.00127170469271406
0.000911960888270461,0.00385328313949702,0.00206103847585576,0.0637297529717019,0.0975034688806218,0.0030747113235743,0.0422244173645228,0.0357781880805851,0.0895195327351822,0.00023012141266054,0.00180315729355796,0.0347448946063729,0.0380866045246315,0.000190889603677508,0.00333549073103061,0.00725165115871993,0.00106299736874136,0.506171326943579,0.00224135862925372,0.00571340605204196,0.00426910791916023,0.00214893873738611,0.00505395307128512,0.00193750219015145,0.00233304825463617,0.00084231850901806,0.000587191861833348,0.00109218101424797,0.0319617270661444,0.000163560339723975,7.32486398799113e-05,0.0100489702124552
0.00754006103953254,0.000378402364166527,0.00254201155283054,0.00279946744388727,0.0949169106184021,0.0100065751959975,0.0354782889801002,0.00384283110735101,0.0914141523835399,0.00602078845357776,0.00480004240356836,0.0356953941038942,0.00239309410328248,8.21083601520091e-05,0.00299859537285435,0.00163905271716057,0.0106864170499954,0.00297432849909807,0.553449610308518,0.0129077493199052,0.00597847269735839,0.00174378774558093,0.0178358336971283,0.00057746738784544,0.00396415769931357,0.00380763303640072,0.00574277975206518,0.0136319195601898,0.0364631689541058,0.00915536509370476,0.0145150581989471,0.00401847479954541
0.00529610321972505,0.00143198593306799,0.00099552504734988,0.00532841710762228,0.0362718580322364,0.00344933288397667,0.0165361498254548,0.0100176676260335,0.0336583478677862,0.00182471157606388,0.00416501219341284,0.0110183112069166,0.00104408638733651,0.000266626270796041,0.0057980193804416,0.00184230238293183,0.00489344103520439,0.00366341473067411,0.00138166624957108,0.730757000443597,0.00354889643966385,0.0111040135485272,0.00325816328185702,0.0166182817311377,0.00136480074771901,0.0440142464207651,0.0104837741018418,0.0208132248510637,0.000958501638989897,0.000174180276903987,0.00407190144646475,0.00395003611486694
0.00545565522122527,0.00948434287690817,0.00159185527122792,0.00731701856140263,0.00376319811883641,0.00326140787133971,0.00972546828351887,0.00446221121400376,0.0498125546834742,0.00174331326563131,0.00355392959509605,0.126368855535327,0.00452780249023403,3.58648746883377e-05,0.00102686906401867,0.00723252189002816,0.00614079025886345,0.00106353164092553,0.00877649381973729,0.0339577665992916,0.40862091718451,0.00201448681150129,0.0024787416524341,0.0914797643877585,0.0052721938764308,0.00541786255774274,0.00257047130745667,0.0476571619842541,0.0404964003401325,0.00153491779641242,0.00651391201854062,0.0966417189470471
0.000191006707314396,0.00151330302888353,0.000885265214521655,0.000438235477519256,0.0277963446821198,0.0115505137117796,0.0290124811562621,0.000296493979261751,0.0149600572062602,6.09504926991043e-05,0.000139290200720865,0.0484625398641992,0.000298750152331258,0.00208767961148079,0.000565987466452135,0.0019964744402576,0.000801218570080974,0.0146536171006902,0.00606326727217465,0.0535018411607677,0.000352896480459802,0.648108218334167,0.000777330591031929,0.014387651187621,0.0366188337933019,0.00958639864446099,0.00558366440275058,0.0276320474003568,0.00463423021210339,0.016856943697298,0.0104065948848659,0.00977987287580608
0.00823058774694687,0.00341604476631087,0.000558329137557748,0.0111070678642405,0.0204965036240101,0.00877933520147209,0.00927379366777665,0.0103736876149563,0.10927232051076,0.0103228999133558,0.0113187893037037,0.0260651848371671,0.00101505579754785,0.000680736813413264,0.00542582670475776,0.0318488555318645,0.011562979016088,0.00253548554753086,0.00961407721237132,0.00812954544839333,0.0236659483965112,0.00557882126415883,0.566003554530971,0.00542408170189273,0.0116361934185138,0.0209221734362399,0.0121586431509713,0.00479758554013702,0.0159946743326705,0.000778527962169385,0.0036654078435198,0.0293472821620201
0.0053642943423837,0.0030309095334433,0.000466973738727524,0.0130251190459411,0.0837921439773762,0.0117976228679919,0.0183496525488797,0.0195426695770319,0.146656836847344,0.0175221603362178,0.00988493387246614,0.0177215073693223,0.00542282396742507,0.000395825618608193,0.00106454424263797,0.0319440087020533,0.0117133885397105,0.000810304126648344,4.7103963505697e-05,0.00643405431259974,0.00380894337655447,0.0111136849021344,0.000722232010270763,0.529710719033669,0.0179153807099655,0.00601648104649248,0.00132754439996126,0.0139204910276823,0.00456550050375265,0.00112505804119756,0.00355807565756599,0.00122901176043932
0.0161155021399969,0.00875413152249235,0.00035464631526852,0.0341727559576176,0.0524059486341269,2.60383574090696e-05,0.00423875178200415,0.00625051483812433,0.101150254122224,0.0118856562624088,0.0141309948855725,0.0983964938694758,0.0134721213279728,0.000115279725796176,0.000533236057851928,0.014508249358186,0.0172339964262443,0.00301811201545047,0.00068799327857306,0.000681221788967598,0.0019808943948073,0.00618837274601491,0.000556756118446345,0.0211292480608968,0.473853882692102,0.00109547475637966,0.000217676741969041,0.0084521204969915,0.0598400329655763,0.000936905715603726,0.00351350290883797,0.0241032337366113
0.000594112165653543,0.00228520628570446,0.00544312848416457,0.00328971340948914,0.043948895332166,0.00627582664867076,0.0215155350516023,0.00941619543662093,0.0408788518045457,0.000995105655573138,0.00628732401197786,0.0389565476479154,0.00088877740250458,0.000227909326524233,0.00871105283655441,0.0105242533632078,0.00632360435145499,0.00392539342328771,1.22374630008233e-05,0.00519887163704824,0.022330647662798,0.00189611071471027,0.00524225131076806,0.00484086495697924,0.00149566137023884,0.656979815258835,0.00152452256162437,0.0698004465332926,0.0147931825141111,0.00434684567416006,0.000354717993066079,0.000696391711749945
0.00353635621446916,0.000497828670700123,6.80591157972233e-05,0.0111293659622965,0.0870374160429457,0.00337330705433256,0.009336430931101,0.00615278076903092,0.0810303647429175,0.0194357183162388,0.0223695507741165,0.151902067918026,0.00480925818924004,0.000200971485021753,0.000765358294553311,0.00653400530047104,0.0121572435984769,0.00054331902805707,0.000264137484368645,0.00588567111620142,0.00145749250752969,0.00931138418968577,0.00594088466166313,0.0209315700305697,0.0140090542218314,0.021484285174294,0.373333162250218,0.0660221416301244,0.0433188365433499,0.00736058393485508,0.0012682993711675,0.00853309447635
2.19095344003678e-05,0.00132800019092483,0.0028454098415243,0.0248709847993127,0.0469676186960769,0.000100694827752762,0.00963215030175353,0.0150461815372194,0.0651469099115845,0.00445001289538623,0.00993550892613815,0.0214460501213827,0.00867495128143452,0.00650770558060054,0.0132813176184089,0.00609404807821807,0.00511740179650115,0.000701980082183187,0.000696581184507833,0.00647109375548662,0.0148759145920178,0.000379612870352134,0.000868461023153653,0.0004418416073408,0.0146898849453231,0.0140781025415917,0.00212363826324883,0.674975049294723,0.0181098664721609,0.000370734375318015,0.00206207668377282,0.00768830637020001
0.0040587418827333,0.00302627233644894,0.00135469549964492,0.00385926080072764,0.0559270360284038,1.3414904474378e-05,0.012079486470291,0.00201141696841386,0.0578336071152742,0.000559851492968437,0.0022965087313045,0.0329491045010546,0.0121904338992469,0.000595433594516101,0.00747752877029466,0.00402266403216759,0.00155889068132136,0.00177922147676042,0.00099942785481359,0.0275637887929955,0.00245262065330727,6.04426923908195e-05,0.00692687332859033,0.00227073961582341,0.0110273711392295,0.00656811347514104,0.00370085946908529,0.0195360533562391,0.676686713046714,0.00260970716473603,0.0337647252278394,0.00223899499704839
0.000791438652542987,0.00156316598651805,0.000188381764503255,0.0311450845945058,0.0178404325855198,0.00408922194822963,0.0202472269406063,0.0111955798667427,0.0103475497463982,0.00267657413372726,0.00112484491896726,0.00688935726763299,0.00497408060148078,0.00443434429979881,0.00781328594164089,0.00106126880311788,0.00110464699768278,0.00182100871439768,0.00834451845953084,0.00413861733088269,0.00759286767963593,0.00508559407292936,0.00435750842212204,0.00299778092520606,0.00149205534348788,0.019029442614382,0.0216503643397927,0.0200919680551324,0.00428971394916692,0.767105690814974,0.00426292702846849,0.00025345720027529
0.000253712059902811,0.00107707404076399,0.000148334399362981,0.00502663529358387,0.0167688371012252,0.00115308352193604,0.0170650610379573,0.00164315122399086,0.0192973533236737,0.00478011512757833,0.00205658939546205,0.00886770007263403,0.0065700741791232,0.0023291777318153,0.00744342924708379,0.00183604649999839,0.00111633730432487,0.00313299752191852,0.00208740534015369,0.0502561005355633,0.0016616499914524,0.000241458401815551,0.0151324158337979,0.00350660986891464,0.0224083828175278,0.0281645785542484,0.0080563917818978,0.00719441274565556,0.0114297776089455,0.00174894144354629,0.746177747003323,0.00136841899082302
0.000217742768596717,0.00015560127087587,0.000633560059874557,0.0046786985777676,0.00703773100233748,0.00827224851133209,0.0152195467784434,0.00182348648749743,0.0127004447494308,0.00627595883427895,0.0117098230891535,0.0847769177642135,0.00235556638923368,0.00181620993598558,0.00172089514898006,0.0073728111708978,0.00564553266768857,0.000890808038490663,0.000973135296433777,0.00512463556351824,0.00593856871874777,0.00323672264778364,0.00331728759706474,0.0369459146413859,0.00511753866464453,0.00350903237224074,0.000668786188192369,0.030674375989747,0.0258877793730557,0.000102495745578568,0.00358015974401163,0.701619984212517
