0.53422565970661,0.000777165063251988,0.000771615438065052,0.0476146001436295,0.0659620121113097,0.0161641295187246,0.00978276028648145,0.0267961158968554,0.0492707889653949,0.0257979022911592,0.0116732121476967,0.00990498575789264,0.000733652368839491,0.000246532033180432,0.00241434215602992,0.00842086343913605,0.00477450456942677,0.000297037248923673,0.00672819591072114,0.00426795897980826,0.0528282410357257,0.00459504323546399,0.0521153416955277,0.00114865291682297,0.00386200252797129,0.00214866725613047,3.29063865588338e-05,0.000429602698244531,0.0295543645112836,0.000260506793699723,0.00688125918403973,0.0195193777253945
0.00648979409985562,0.566970862372858,0.00271833026814987,0.131706014258417,0.0159962691714987,0.00513056617703598,0.00122418540250713,0.0743397388799905,0.0168018271350127,0.0239873535840122,0.00832235517205674,0.0347137393675995,0.00525739743517828,0.00222122517103902,0.000450618436414716,0.0103316297885705,0.00570759709083367,0.000179013003407992,0.00228177385379332,0.00263966407750998,0.0100361779255271,0.00425789500157615,0.00344471826647746,0.00116492440045378,0.0114901743035069,0.000678809972646121,0.00132020944696357,0.0343296993209776,0.00163755424908726,0.000299325933788484,0.00128144934554074,0.0125891070877133
0.0261560951370772,0.00201451759292896,0.694770696242547,0.0123247305655012,0.0171696391030273,0.0124404191913216,0.0321299321542559,0.0207867208460234,0.00995984214722851,0.0036285932621007,0.0112557378838117,0.00181182738594908,0.000461875690933818,0.000125121797919686,5.06140647573442e-05,0.00176602880678309,0.00172019659327714,0.000939823308471893,0.000352217014435706,0.0100560640290903,0.0313905509906746,0.00456205521541759,0.0570220393594092,0.00138680132297579,0.00747331210090519,3.52358091079756e-05,0.000208954887007945,0.0011052458547725,0.00536709110056774,0.00121479414109751,0.00613203938531699,0.0241811870153053
2.98769983334347e-05,0.00174957011665284,0.0100224826260409,0.813919345331259,0.00693662868440093,0.00996347322775105,0.000557824000612344,0.0548563267983591,0.00136715052459168,0.0345639447234918,0.00206868994823714,0.00288666827595689,0.00411563942614675,0.00128368289298837,0.00411584135863851,0.00103478030946909,0.000120618628330237,0.00124466151013015,0.000466035345688685,0.00516166058618191,0.00285866025111936,0.000128187017669741,0.0037349281786084,0.0146631208700415,0.000132548111374647,0.00592886474892444,0.000622989291719662,0.00689767011393399,0.000311216017445923,0.0037919830560441,0.00404236866963634,0.000422562360220788
0.00389191342928351,0.00451468948403397,6.50785003336644e-05,0.0196965374654591,0.662054529454249,0.0345895599571641,0.029894059204705,0.00913069311691767,0.0160781320723355,0.0285369414727937,0.0185699568313647,0.0211088180314576,0.00651776307490045,0.000296725084380637,0.0140729906369134,0.0580029049523136,0.006918905702502,0.000700781090254081,0.00190961806855386,0.00268483340817231,0.0156162277943881,0.000673313581225444,0.00559554593489909,0.000389308528121837,0.00436344965697897,0.000629252581034696,0.000547107145444273,0.00913663667416749,0.0192337133034165,0.000550819142429261,0.00356553129701047,0.000463663322796248
0.00191914691384486,0.00864200022707753,0.00725948885835301,0.00915156021565493,0.00156213387846577,0.720826612250539,0.00474908953683804,0.0238428715813521,0.0176001221421706,0.0334593195746261,0.00289180480959146,0.0170751137075413,0.00299829675724358,0.000982945843789732,0.000875698858075635,0.0323328622215915,0.00512178628200212,3.18466983947884e-05,0.000402417647243283,0.00476898634807428,0.0296466220836584,8.80746491966437e-05,0.0297090146877826,0.00188651532093685,0.000544231726056918,0.00497760373167499,0.00105945210983502,0.0121327299587388,0.00626821851391892,0.000555045389288468,0.00467724994611784,0.0119611375303248
0.00489836211462483,0.000170771588465174,1.0841592027587e-05,0.0121553948629904,0.0243942684460475,0.0142859636126774,0.795374529479815,0.00229218124989766,0.009684129410301,0.0180562004535422,0.0101055346083636,0.0267450365481276,0.00219994722542458,7.6044531970775e-05,6.74195501657045e-08,0.0164253098654169,0.00094171247709268,0.000908106549049272,0.000253207905876691,0.00238311366818145,0.00520763540422661,0.000830614833511873,0.0026952425470787,2.13874591826384e-05,0.00178753907513397,0.000545443738466334,0.00289529894247247,0.0176019818695966,0.0230897108414969,0.00107114841310118,0.00272205770238272,0.000171215563908251
0.000186205003188647,0.000747225195736916,0.0172969472393002,0.00892535634921922,0.0406321741554888,0.0775682006368239,0.00489108461091154,0.625642002535276,0.010278945828633,0.0113663209450543,0.000227463354757547,0.00677081999272774,0.00710007691907968,0.00524240496646471,0.0202589341150513,0.00976194552945805,4.07262402211994e-05,0.00334622799649408,0.00360636282282954,0.0184081184446427,0.0133578168541985,0.00241985502926559,0.0104839628760399,0.0443287796763342,0.000217802500715413,0.0185793301278716,0.00296092461859238,0.00299818566838593,0.00074355304890556,0.0138507018254904,0.0171257081555234,0.000635836737317643
0.0155455366159593,0.00268886433593027,0.000859286910248245,0.0200990205549282,0.0127395672890201,0.000827840396048855,0.0566021479720063,0.0130537649865348,0.65441544822201,0.0133456513297656,0.0109825680328264,0.0479627187628991,0.0060080255708731,0.000682312940451775,0.00975220953953231,0.0246919840094597,0.000892687904154004,0.00293949773806306,0.00154247029796949,0.00111993569518673,0.0100121427515348,0.000767030337400603,0.00495561178696795,0.00648523042719547,0.00659443420782999,4.19577107040241e-05,0.00139304204830898,0.0344091341736395,0.0136242991371329,0.00821191925128987,0.0139640280330142,0.00278963103111419
0.000179917296025511,0.00155116294170447,0.0134085308668417,0.220408785798883,0.0306816628215091,0.00528978681632069,0.0192614502821419,0.088677152613578,0.00207154339415785,0.410181951948543,0.0214344999651208,0.021053063814174,0.0251514278046009,0.00141459204537498,0.00745762531210869,0.00201671651182845,0.000294529289913491,0.000997385564071459,0.000143540684256624,0.0123857892610552,0.00461649656986354,0.00106299514852866,0.000613804666799933,0.0217246676397115,0.00121943960024897,0.0125220414019572,0.000127274076062346,0.0667067505265157,0.00131106602345405,0.00297368618544981,0.00134210412009602,0.00171855900910217
0.000228541862997756,0.000203500441914312,0.00424671640795434,0.0057689068876083,0.00138450433471713,0.00750285343910155,0.00317454185840314,0.00544634609236702,0.0375636835643962,0.0508686638464601,0.685084292868463,0.0456447542162389,0.0221745316353937,0.00042383148005365,0.00127542737064107,0.0144391147083978,0.00132763844361715,0.00178588861478672,0.00248607761783592,0.00462688787712696,0.0127272995000891,7.91290027324856e-05,0.0152592015751038,0.000706776436576209,0.00862122707399924,0.00237985664780037,0.00363964286529456,0.051541998030152,0.0056533372199291,0.00044332199860824,0.00242606783489594,0.000865438246344478
0.000947777760128025,0.000675754614991811,0.000487723749057782,0.0521378921795831,0.00181322898090103,0.00166700962891068,0.00570125577038445,0.00977583020293761,0.00237493215978931,0.0643546320146864,0.00446007478732242,0.683938959976936,0.0314136596695764,0.0034385206594685,0.00114645932485365,0.000789045161927327,0.00229229117940278,0.00212112024410613,0.000884312414616777,0.0025692173811313,0.00237200374999681,0.0025511470507118,0.0135752198166549,0.00585202161120826,0.00192565277296044,0.00945548210551248,0.0126996294708493,0.0288761976464472,0.0325473322424746,0.00233384187410817,0.0131124261055084,0.00170934769285604
0.000514580939702862,1.53389782314332e-05,7.58110146759506e-05,0.0739917466875392,0.0196481823443216,0.000329318355899874,0.00275797056319652,0.0474689198033458,0.0218388447247351,0.0162763585524546,0.0626137113790861,0.114556130930165,0.525877321332118,0.000222053247278732,0.00356797104138218,0.0130786248404308,0.00280586495781827,0.000202053927981441,0.000306149615499666,0.000664653865104959,0.00238801600458068,0.0004589100160265,0.00549717452893627,0.0128442301960312,0.00343234295648448,0.00282971520853257,0.0080166125637683,0.0455268851109202,0.0105756829028323,0.000592916174321752,0.000585862769399002,0.000440044467197973
0.000153197050522233,0.00305553562385088,0.00580064906588162,0.0718627067925797,0.00766238971808904,0.00574491606487251,0.00389485043364522,0.0860530169733649,0.0322643164276877,0.0157017958999594,0.00534504156953547,0.00658634392739664,0.00077677741202235,0.644990225548273,0.000993511268228817,0.0273983048893499,0.00123885844039758,0.00501782839096777,0.000771137789638118,0.0140886260501206,0.0109007552713788,0.000984795531335582,0.0100202155844828,0.00171157398052528,0.00300846958460977,0.010905358806799,0.000612721968962778,0.00784176864639182,0.00811515301669653,0.00372451851298587,0.0018899374665757,0.000884702292872895
0.00294630635835415,0.00125876611398231,5.22791169757976e-05,0.101173259358268,0.00187288799014666,0.00804537174454257,0.000506274799872223,0.0920992920859295,0.00980808120069335,0.00225503952307853,0.0328499319257374,0.0544857617880974,0.00589011406431183,0.000250873290891816,0.59704067664707,0.00628639704129335,0.00229488904776644,0.000777215734081519,0.0011816971974584,0.00171836889048804,0.00123865998300768,0.00103534200470033,0.00959303737104813,0.0158263604350502,0.00267118910043722,0.00905032955466275,0.00441400074762041,0.0229313058727939,0.00207470147186236,0.00555988276245271,0.00218652179332589,0.000625184983998244
0.0130731526425046,0.0073623982710908,0.00138923309761137,0.0115323880537625,0.0292363547638244,0.00132305440505255,0.00530106899604785,0.0431069318935761,0.0248403532581206,0.00365528878709453,0.00121891293490508,0.0429657412427727,0.00530192218783772,8.08490263877924e-05,0.00556628986717177,0.732809716337152,0.00239220017547822,0.00369662430310667,0.00184923918737237,0.000528557768983029,0.000660411677651087,0.00149818939857214,0.00179434479830837,0.000214433751867807,0.00650288945462967,0.00493323724571027,0.00172218033057382,0.0182791926131085,0.0241512939292105,0.000694638725025326,0.0019154848004783,0.000403426075011836
0.0103354780135568,0.00375851378455227,6.012648055538e-05,0.0242489996696228,0.0136984727995361,0.00831257834091815,0.00301975488835608,0.0176725212030592,0.0152399903404318,0.0162962227751321,0.00852410501298181,0.0351219709586942,0.001131271007626,0.00111750922372382,0.00105606398326976,0.0252079421001905,0.693078143269092,0.00340353630068926,0.00519575751116668,0.00105604770543191,0.00637080331903581,0.00631659613536425,0.0237185160210748,0.00365133112947126,0.0232041768634442,0.000437840200227982,0.00102604911704133,0.0125806017486457,0.0254496834243407,0.00256198066616346,0.0017658950486702,0.00538152095793322
0.00951914976647817,2.54391498950999e-05,0.004189928868563,0.0681548448194352,0.0189043463829437,0.000581018207112209,0.0340464634788926,0.0217035175944307,0.00562834543776916,0.0494591129199983,0.00979358251907005,0.028168843265952,0.0105471096542348,0.00237573972328202,0.00560042585814365,0.00387213454591585,0.0175565526333036,0.586188841592824,0.000198204669348192,0.0127626882357705,0.0337956314148112,0.00682095911701359,0.0263483110611469,0.00089703649541209,0.00196652591063012,0.0114883378038978,0.000332220357982824,0.00501206821574357,0.0218855860503821,0.00123377124085607,9.97819655370485e-05,0.000843481043223532
0.00462638220115878,0.00269641982282389,0.000759910300119522,0.0104517096927124,0.00725829843992908,0.0072072099761459,0.00463405560441321,0.00127471386760471,0.00179664050784553,0.0279054587201445,0.0220872183839957,0.00477899864756961,0.0103712354795844,0.005476355993632,0.00110188869984412,0.00340977979284261,0.000349808502763083,0.000630826549119038,0.734651839492327,0.0159564980180605,0.0234994552316736,0.0264764224504124,0.0096915273712212,0.0252952401209722,0.00452464488120211,0.00707598292761946,0.0101289298785831,0.00175281750535801,0.0137067560128608,0.00675875081768892,0.00277852648214365,0.000885697627628508
0.0246858483394826,0.000560930230754807,0.00231674985094116,0.0040878823567124,0.0302347181125697,0.0172851449851566,0.00774061111348611,0.00223302686091165,0.0157204858212938,0.0250579640200756,0.0101875743878777,0.011196532070708,0.00401008026075274,0.000914028019943948,0.0037178531065919,0.00497879428504408,0.0236154620050871,0.00188896118526205,0.00298318860274004,0.615381348464056,0.0607195932001882,0.00291276141703531,0.0439748714339742,0.00966080021165159,0.00639154990008203,0.0350408636975789,0.00319556324658109,0.00178881600611604,0.00605446882009098,0.00383414838463414,0.00149107716945187,0.0161383024331675
0.0122137757046891,0.00114529283927431,0.00473921648198051,0.0429942817047708,0.00575251220962081,0.00435961236038921,0.00695775330994311,0.0573209617494119,0.0294919563090752,0.0239631008383458,0.0108300272778852,0.0135243531905292,0.00259773856265498,0.00324000045254419,0.0021214033081185,0.0151063117422738,0.00391704009391178,0.00173322449697199,0.000550966018151821,0.0525660516489993,0.426009057957206,0.00148356374337784,0.0135734990587336,0.112033774603836,0.00674486043962096,0.0184787883417325,0.000609221369462743,0.0113286997271668,0.0298837900358333,0.0026140101133534,0.0120652097230047,0.0700499445871307
0.00111748309339335,0.000518927904537489,0.00198330577633456,0.0402970169651183,0.02482858256806,0.016600851289499,0.00449216733014342,0.0126089274852541,0.0536151307387234,0.082939425429871,0.0569769927586569,0.00884002954318515,0.00761203388906786,0.00231262919284562,0.00380859368771644,0.0166420228016646,0.001141438098132,0.0118430126902392,0.0120098702346932,0.0259440558773916,0.00257447452405691,0.523376627162189,0.000130058864399323,0.0148707985426462,0.0359505170482368,0.00399090418903879,0.0101965148688736,0.00720504264612777,0.00464120726539565,0.00281933899094234,0.000461944483454399,0.00765007406011182
0.00550790766681107,0.000497534002496213,0.00241044118326001,0.00444011677672013,0.000590349490522725,0.00261312421386854,0.000706240923826047,0.0117455629790047,0.0214550666383742,0.00782399606828029,0.00210803950304336,0.0236485123148663,0.00919313054717998,0.00116505742891697,0.000604596846072003,0.00230580587971706,0.000577225156537619,0.0011669703501384,0.000525638596796924,0.0397373411735148,0.0935117560792174,0.00168744159688503,0.653869537330275,0.0147137476382543,0.0130707531955087,0.00130419849389809,0.00409733337227797,0.00278997038998894,0.0501051786519101,0.000245311435652373,0.00480981052508196,0.0209723035511029
0.00430875085663196,0.00025156642703174,0.000480010681074111,0.0476256079482799,0.0103637217801188,0.00721288315427531,0.00306576318514432,0.0190991008168163,0.0330646346153518,0.0159424614144139,0.00388811316912664,0.013970749596895,0.00156762710412982,0.00120272932917124,0.000213015799115844,0.0136282546208684,0.00502059067545217,0.000440232546208436,0.00126179579106055,0.0081580676765175,0.0439837750792481,0.00268423745640366,0.029485831880269,0.652543886967581,0.022360629610351,0.00213445662394987,0.0155985711311508,0.00137084129277283,0.00406594628311509,0.00302935142217245,0.0202839602019178,0.0116928348633851
0.00522885191665241,0.000436688326778993,0.000180804666898051,0.00496137631007337,0.0238909674466388,0.00603603442910392,0.0811861560918947,0.0229718880961177,0.00249247556612896,0.000286361702188697,0.00136103852265347,0.020403985725215,0.00483953560757547,0.00087307739370099,0.00265311859559884,0.00488742422110898,0.00196531502088038,0.000677506742975843,0.00184419976942865,0.0270717658743024,0.0768739330575049,0.00571002061364181,0.0598833620046694,0.00501763050222853,0.563863894313752,0.00910083363880538,0.0017288295300895,0.00430013270580429,0.0478395350218595,2.01265208142592e-05,0.00714877839807807,0.00426435166683716
0.00366014841549179,0.000294057739853035,0.000447056915832933,0.0676785065541198,0.0682296111661677,0.00110207844370601,0.0435174521591408,0.023410418366021,0.0288148328644314,0.0589151071899546,0.00323015095899506,0.00160732909546493,1.53614994268895e-05,0.00626424570788892,0.00401205835377307,0.00228443639996938,0.00661648733469856,0.00794151230999013,0.00292659062511668,0.00986856926755171,0.0254234965440687,0.000340884677785943,0.0183872507809289,0.0159282236128444,0.0250632011147792,0.551290662058817,0.0171047433750608,0.00018168781620757,0.0016906048514449,0.00109842162701215,0.00187998300336418,0.000774829170092354
0.000594086572312998,0.00066726242546592,0.000852708574894364,0.0241660677509836,0.0047898578873908,0.0301930489145541,0.00594625017672093,0.00185283714204394,0.00821348556775421,0.0352350326037819,0.000685427465766938,0.016710937305674,0.035118940702773,0.00584736181031639,0.000100955038002456,0.0220605645790971,0.00587816445900206,0.000347600738065761,0.00110202808904229,0.00224703903753346,0.0156059573314819,0.00595730501589709,0.00264794039695476,0.00314905846607697,0.0183671500234052,0.0356171277092716,0.633792193542524,0.00325737846353536,0.0506445297643223,0.00933750251934904,0.0160975056177633,0.00291669430824169
0.000691223494868111,0.000544321743073298,0.000278743614738496,0.00349973882118753,0.0361440212659639,0.00499654515960472,0.0320874037667906,0.00099101673272993,0.0203763111549988,0.030442521520057,0.00658970646419939,0.012517313276038,0.0118702817193828,0.000624290125175525,0.00785913265026179,0.00174682442887313,0.00387153862685851,0.00110605513681065,0.000770054536206267,0.000513001950371881,0.00622311224791714,0.00316259721922441,0.00832970903785298,0.0204367863193002,0.0011982652124244,0.0108093604168483,0.0197648941551786,0.718214641274504,0.0308964918748033,0.000403325851098858,0.00173647930907909,0.00130429089357802
0.00201049932227295,0.00033469109319252,7.71996377617391e-05,0.00241695582646632,0.0240169763767641,0.0112283220344844,0.0151371355795069,0.00455526035999241,0.00959061344436089,0.0010650191198882,0.000614868678731695,0.023280021614465,0.0175513915873065,0.000313460722619757,0.000450284910170668,0.0142518602800132,0.0035695739263884,0.00139653945911095,0.000183701080686981,0.0090226723014632,0.0341109516990554,0.00158907422601331,0.00871543238338953,0.0136184028185729,0.0100323359026263,0.0051230445234971,0.0149395328293229,0.00290399586823781,0.729811103040219,0.00184260355927999,0.0337132597179337,0.00253321607620491
0.000185621052358775,0.00204929651420881,4.43037295061262e-05,0.0313944532047935,0.00485503347359779,0.000200113945417226,0.00615205698035415,0.00251319339623939,0.0039648005165727,0.0096381523400999,0.000475761115482043,0.0144667773899856,0.00773589543255712,0.0012478703647688,0.00310973195129653,0.000769220796880035,0.00228158284405104,0.000639883553628095,0.00334516912688722,0.00987636330010921,0.00425966311819503,0.000803551929009892,0.00580071400265967,0.0107636418018746,0.000758005344442122,0.0303731790975469,0.0335873719006866,0.0422264211099919,0.00212062144308924,0.754995563448961,0.00806570423632511,0.00130028153842432
0.00116412136718094,0.000207738966305694,4.0867010350593e-06,0.00726045729164977,0.0362112671285357,0.0125481338028864,0.0417379671522734,0.00051634027010566,0.0245636653759687,3.55029680305042e-05,0.000678599273983629,0.0107079246082957,0.0163088081129451,0.00124815012574838,0.00308563530277455,0.00982422234617815,0.00408814595136469,0.000811792674371729,0.00586276466678575,0.0104846105271094,0.0401872636650968,0.00489683186686642,0.000280861682345179,0.0231755074575856,0.0196962988433412,0.00524396158376375,0.0256676877459583,0.00402233754436913,0.0170121358864018,0.00663288399047507,0.665636069917656,0.000198225202611732
0.0122181602553304,0.000167244685216966,0.000239653970489461,0.015774023473226,0.0702870341985947,0.00704204570364579,0.0297376955155554,0.00185649841583365,0.104645429174293,0.0135921268882688,0.00853190933884047,0.00509679189084992,0.000118021743041174,0.0010557790035348,0.00471470018399774,0.00218981964785326,0.00804542660617791,0.00111409592047831,0.0055538442510046,0.00288697874475415,0.0368764949667959,0.0014312102568453,0.000759655342799013,0.0120836256319616,0.021043809603645,0.00558642896063971,0.00119902921712814,0.0289102373342234,0.00488910424011633,0.0054930203640713,0.0192426696719164,0.567617434798871
