0.6279633036679377,0.0015776740758284586,0.005407967342378587,0.013302222833923925,0.07364167321548794,0.0105857209829011,0.04982371059981071,0.012384647629910888,0.03846661198893723,0.009793631395490903,0.005020170735884901,0.014223348679161824,0.00785905172815585,0.0003439651044990019,0.0027701834092015254,0.01598778553121184,0.004310594933057013,0.00294475562603715,0.003103053127211025,0.006384399633087788,0.014250445903564574,0.0045437045691235495,0.012270078972429975,0.003691043534274175,0.0089061659528775,0.003941400887408943,0.0017541703144255919,0.0135112064681154,0.014863488484905726,0.00212363861783955,0.003639695857802518,0.010610488197116262
0.006745020658722188,0.599346379645299,0.009458619355327411,0.03456602572841226,0.05798152331075626,0.013037222834770299,0.04572134784535934,0.025034972116262596,0.037238320036031294,0.012256256122096,0.005546108439025863,0.022566944325163613,0.0022896701037795654,0.0008159665833518561,0.00381452775953065,0.011271640210813713,0.006948758220176175,0.005064610626313251,0.0013402741548209042,0.009557904138143962,0.010503980394324987,0.004406347705945258,0.007315217119817567,0.004574358289690564,0.013818645497133126,0.0035945371921690503,0.002562994755789525,0.012752324382933347,0.008213173576935538,0.001040524122827325,0.00210318448174775,0.018512620266528824
0.006049568215409638,0.008544060170956987,0.698867027190873,0.0160025724337402,0.03373164262391902,0.008275393850865663,0.025799889924271836,0.009627502218174369,0.022715122723454363,0.02429555633598071,0.007342786212587738,0.0223794939536878,0.005550499696514613,0.0009675657507807788,0.004450219868684618,0.011254351713317637,0.006201919320900238,0.0018024109417504872,0.003930115241331162,0.005388439584297575,0.011625377612535072,0.0013814031092364506,0.014537856063367776,0.004891078263211462,0.003180254267939725,0.004373127460818592,0.001310120522462043,0.018012369008495725,0.004445002387194238,0.001228964429955266,0.0035570988802419126,0.008281210023042124
0.0011088752434076851,0.0018899435492158445,0.007255633645162262,0.7728054967867038,0.027274147759410457,0.008912921618814513,0.01701903289979729,0.040070341526106654,0.0102119434406683,0.012649041686918282,0.009605722992823713,0.013996574464507989,0.007118282709869243,0.003258079278259725,0.003031430353889759,0.0100135597195448,0.000569933745573621,0.00078998710228377,0.0016396894181446,0.006183395075532287,0.005099384295968837,0.001748380304813575,0.0020619522428756624,0.004848718064571225,0.003615353208407913,0.004057272399057138,0.001945128403286967,0.010767045850033062,0.0019796433071994,0.0024552716204318497,0.005230269736496762,0.0007875475502217875
0.0036513532510734996,0.0039369691656365126,0.003550102160668371,0.012508545921009025,0.6291289796859187,0.04828310383679114,0.05133676046845001,0.01913799973415404,0.01715415742513375,0.008509923419214221,0.0065746508345704505,0.0214166999188879,0.006675612355427359,0.0015603622093192206,0.006701537036363849,0.07348159645033411,0.005149016680610626,0.001006661008832,0.0016125600548852373,0.005782295510211298,0.011130853728294265,0.0012447557068521753,0.0070678199737444,0.002320807654243985,0.004579770627610175,0.00059623804254425,0.0014450561616770998,0.010329257702623263,0.013078409330307862,0.00284658891615005,0.006731174671868864,0.011470380356591087
0.003545614748203175,0.003829392121352398,0.004169829244774612,0.04064575357421684,0.02758109930247726,0.6430391888405895,0.01926155337747594,0.029614032074695283,0.017801293105458173,0.03945696930347466,0.010073142102253893,0.017543322586210698,0.00378627047353203,0.0024379479083595,0.004494821114769213,0.05513968864243285,0.0026218044697173446,0.0004905892843057261,0.0022172068952050874,0.00370483144147595,0.012598423792686112,0.0020322744214989223,0.0095871705407167,0.00219133158218205,0.005392470896766575,0.0019469870796666128,0.001167162858858975,0.014213187713979936,0.008286056724317687,0.0017944154342004498,0.004835074082679836,0.004501094261464975
0.003998873958893625,0.000924773190299367,0.002200099931019955,0.008629378769669313,0.060842112278575965,0.006508561057307002,0.7747877682126514,0.007977886095883813,0.03148521151891018,0.006662706827891949,0.0030158205115925563,0.013191655221934813,0.0024228025491938375,0.0010351273114059649,0.0036951941005117957,0.011995617093408927,0.001714178221844625,0.0008925799736799616,0.0008597274463240327,0.004928514627494612,0.011788386871111988,0.0007028769590345533,0.005920913485372262,0.0030504440325415925,0.002153012922347325,0.0015973485162281624,0.00099226233485335,0.009570649104556288,0.009563886764964826,0.0010063295352944397,0.002126140954135965,0.0037591596210646786
0.001954147094778763,0.0030885505602037,0.006231398975326043,0.027767643055817384,0.07781575018532952,0.04458863429904623,0.03245415077892427,0.5619845794566031,0.04259523184020808,0.015773620309252064,0.016457415671031726,0.02484660357244181,0.01000784100257205,0.0025787518263938125,0.0076343236733967,0.015093690922042564,0.00247596998252345,0.0015829737862536847,0.0019168962489726248,0.0064423709426929005,0.008297344026903462,0.002424799694401232,0.005891193008781225,0.011486295711782937,0.008459364129934562,0.006776415350236662,0.0016289776042681002,0.021307907861050246,0.00930392476517505,0.004744118198710825,0.012282201277417875,0.004106914187526067
0.0082107867737063,0.0024443369471651177,0.0024293024026475125,0.01473299283054459,0.03505089454400307,0.021173968803312453,0.10103821213505854,0.016540209549394152,0.5944596637676531,0.0061221233124567,0.006369748991849049,0.021268400073328714,0.007524552242916023,0.000651063869218575,0.005315639193985825,0.04797232947689985,0.005116928635087588,0.0025550843606709753,0.0019343565892561752,0.005672715603143687,0.01759536416925335,0.0015409860341334001,0.010236936229582525,0.004222144589545412,0.006693589525236201,0.00421381509197159,0.006536688197791212,0.018132667625596288,0.008628997957453824,0.0030457654128596837,0.007242301056572025,0.0053274340077055626
0.0008591984674444477,0.0022348465105601124,0.010275767864876923,0.06701272168352193,0.08481909212140616,0.0054003750503942745,0.04264655419103049,0.05836565629954346,0.03266585659847977,0.5200534468460171,0.006929431136275662,0.03680111679408413,0.013539446180807338,0.001715179116640525,0.006752479932908163,0.010199653708739988,0.0011964463632264653,0.0009856373859992375,0.0008279917549442999,0.007661573840971976,0.005947655942315912,0.0028025936168085,0.00349095640336176,0.0063769858650731745,0.005137521965498837,0.008473029910239651,0.0025947486564184873,0.030569150409241398,0.01063193628646776,0.0015885396977641855,0.0089072574868034,0.0025371519121334747
0.0011373034561496125,0.0013482465003371716,0.0024702932965037123,0.01624310953831699,0.020465429247417174,0.0033715387971451,0.015979782110157152,0.0037033697926811627,0.0134752025929794,0.021384305822735903,0.7595697736506812,0.0115846791793533,0.04468071969344917,0.0014778119902268125,0.005645320266389037,0.009054117370639424,0.0009572201463818245,0.0011002792097655001,0.0013932825122576877,0.005696750480099963,0.007330303486464011,0.001780498832236985,0.006407666095119275,0.0024109654166966123,0.0031199890148008607,0.0076590424286493,0.0030015364782516873,0.013022116520340101,0.00466019785323195,0.0015104197821212053,0.0063695174396501625,0.0019892109987693974
0.003373039221696975,0.002106124561893275,0.0014395464264205715,0.016366231628863023,0.04889219746995301,0.0083073614822351,0.02987081889989582,0.005461578241059738,0.026047852280384406,0.013300411854536813,0.003562473449506323,0.640683957688116,0.02886190002972596,0.005916265678413688,0.007210434719370537,0.0143514825135593,0.002426951611863975,0.0022894310868053374,0.0030785379756464375,0.0132077422178095,0.007366042818232513,0.0024455101850444127,0.004933845623987425,0.009651209007971923,0.005072778211444928,0.017422894424861102,0.011544526681500113,0.013682463643275248,0.030712993395587238,0.00346985078350805,0.012598823205629911,0.0043447229812003
0.0017227352714223123,0.0006150315718599656,0.001120806023241542,0.025933799445612034,0.024070017239397314,0.004996157340822799,0.011947892335527502,0.023449733917306384,0.012820622855173726,0.013018427654332138,0.046751090081003616,0.05707096556730032,0.667964061157567,0.0012260129348443277,0.014646729437377697,0.010960111274626974,0.001471114819439625,0.0015381753792740875,0.0011824549985228125,0.0050884348619261,0.003493550924374275,0.0008934790987196376,0.004410545443778828,0.004791792343310461,0.00235212461960615,0.005932183500931363,0.0021277819852710002,0.03638774546735445,0.00517006805036275,0.002759152872238125,0.0029855298259563873,0.0011016717015171328
0.0012825172520058306,0.0016594633978144503,0.002526724160623713,0.047278018811107214,0.016491812641022424,0.0064598821920997885,0.013605580944885926,0.031089661941202874,0.015845346453252435,0.017319022076915165,0.01114664062108776,0.04780304256156635,0.006217661597055512,0.6444805889451611,0.016025584745716828,0.012427653745711958,0.00477832410726715,0.0024821424507939613,0.0024609367712716337,0.0077226860738611874,0.008235925348013625,0.0044297893430355634,0.011932143378746863,0.006836726106234275,0.0070747905547599126,0.0033941465078053627,0.0012413499894217625,0.024289621193679917,0.014694595699113426,0.00262816438272405,0.003224982892382767,0.0029144731136582125
0.0028172206692333125,0.0011853964336131914,0.0012874653506288497,0.03271468908980395,0.01518561274472476,0.012358313248949017,0.012670674596631213,0.03512191978225267,0.010382696588073025,0.006723563821821412,0.02835451403960379,0.03949318079893243,0.00625284981941435,0.0026399799935716626,0.6811048339219583,0.015624877671946895,0.003469824467164151,0.001993571177223238,0.001519585877185254,0.00666308421541275,0.009509938735433175,0.0014226195855060876,0.010613002848581875,0.006985008607343187,0.0027806248919474376,0.006357145384625328,0.00253813491945245,0.024276910467746972,0.005728854250638163,0.0024864653524665375,0.0061917248158323375,0.0035457158322811204
0.004356278211401413,0.0012781191503729696,0.0024826845729100312,0.009906440284508251,0.042946583946704385,0.015103510746975938,0.0183600847657464,0.02383815507242101,0.046956571153496274,0.003020406615242589,0.003077051130805275,0.019180371697851865,0.004395881149011725,0.0007074777010327117,0.002254234311371249,0.7318492155051877,0.000972289371410508,0.0010466942572188499,0.0015466925982972125,0.004113709386959312,0.006368955376943775,0.0013909232483052534,0.008546501435278013,0.001634343725626975,0.005788934612305513,0.005435749415618288,0.003029749750629,0.012883869575226796,0.011365297549553966,0.001261810902809652,0.0026719933682767126,0.0022294194104993813
0.010125919042317475,0.00486149081429065,0.0034598849699455057,0.012538077770598774,0.03405082586183532,0.009397173713234739,0.01780835092939238,0.012309939578742614,0.02892241904944839,0.008438593724709937,0.005003978686081337,0.027899338639028267,0.007739114557415025,0.0011640425868730377,0.0031987472688577378,0.017953690422978237,0.6645807386964264,0.010322760700693535,0.002652383036890987,0.00702414070009965,0.010743863701181036,0.004858626508954548,0.015524739115989438,0.0048190132990888245,0.012484488095094327,0.004092131153122676,0.0033991483883551877,0.024495408865254975,0.017305385669402863,0.0020535734586746876,0.0027524715166300875,0.008019539478390413
0.005338802873378837,0.0023444726129502754,0.005192554024371463,0.023026528658602552,0.0611253440693381,0.0031409312425408377,0.04735126317872251,0.014682956105174363,0.04088826020294774,0.008110096759345287,0.0033111358425142504,0.02168462673783394,0.0134280626719161,0.0009757360128447473,0.005697939555945113,0.011184157746468037,0.008798106392111399,0.622769716125294,0.002044017014594447,0.010051557043280675,0.013186023702190339,0.006973603468161463,0.012535301545064513,0.011675536291669425,0.0038350191276069878,0.006359222841027938,0.004046474870147437,0.005142648637103013,0.017264947951927713,0.0016618195292767875,0.0008293680287207847,0.0053437691369277755
0.0034291900739463503,0.0016778194259818129,0.0028111834416569997,0.011737979567517202,0.04947867472051608,0.006945723269887775,0.050683893954659116,0.0097292319729833,0.027689573785997748,0.010136399685200788,0.006390993366807689,0.028129419638748418,0.0039585384315704,0.0026618530240267013,0.002484079442901337,0.008029686012752892,0.003952496679534775,0.005087838428277763,0.611401901254288,0.007439104319094174,0.02218044767453675,0.0063054909308062,0.020356047821443794,0.005887346692621476,0.008700687683554876,0.005093315015809425,0.005378621106987438,0.03446451900414314,0.01512279211872755,0.008989855893348137,0.0098791080940164,0.0037861874676544125
0.0056266869890834,0.000825488290237275,0.00282600906215095,0.02174764936280825,0.039347040727506076,0.007957942804787526,0.02566693011806195,0.013770657742259362,0.025472905266000177,0.012846622981605493,0.007757786793385875,0.024435139813074352,0.0022036694310108747,0.000861864581110048,0.0035181574610065004,0.005746451630450951,0.004642458054316588,0.0018526145436020608,0.006836851577298537,0.66330153506317,0.014417287100012825,0.01070068706614985,0.0077383992883336495,0.008133385773588887,0.0037335948192457626,0.030452312688100888,0.0050023389828662,0.012629195204810737,0.010054896200581951,0.004982943494044383,0.006645057297434251,0.008265439791903376
0.004691330353440238,0.0024987743233592145,0.005267586405854925,0.02123908184739666,0.017314069392046716,0.006157146329903826,0.014287259335624086,0.018147290252041825,0.044761835667872764,0.007455815819758212,0.005343599561492074,0.0503191081352592,0.005744547868475438,0.0013048741513798623,0.007925899124253188,0.014249940379571937,0.004688038282471775,0.00343071312574545,0.001878286658365364,0.03538190135335359,0.48655681746148594,0.0021880921730415247,0.011879442225030162,0.0854980500487913,0.010238390302841762,0.009811039720432626,0.005383006227313699,0.03241775202185732,0.015279461105756426,0.003647894513377112,0.005916703143814891,0.059096252688590166
0.00112220699052684,0.0008173538515901688,0.0024159520119447376,0.015420933486262686,0.03139219427419846,0.007947524560268275,0.02814988746417986,0.007594981861858775,0.027268141647772262,0.01702362252359801,0.01215973838601065,0.017339494985855613,0.002693480005423375,0.0014201674806688473,0.0021090752196679724,0.010313121939034314,0.001632041373776425,0.010879519873598862,0.008598809320689524,0.03290414458245704,0.005035743132587787,0.6559682366666857,0.007683260940433013,0.019260879531801237,0.03470376220922424,0.00353430365153455,0.003362676416096155,0.011980921766345236,0.0050296697107710744,0.0033101332476844973,0.00497864574096865,0.005949375146484513
0.0038696631568865877,0.00188927880215065,0.003755609409014438,0.011135436938159675,0.013324817120665675,0.003703735347385887,0.013533045096075011,0.010909051262201737,0.0678863931628191,0.003720473953636613,0.005593978478026337,0.030667391786140176,0.0061109655228741375,0.0015678851940971626,0.00444768062056175,0.026629587820508928,0.00572180550268175,0.0014517173508148626,0.004369032091310525,0.0165012382058582,0.036037988270888874,0.014923392392900425,0.6112217763724883,0.008824948184731875,0.013389281593037813,0.00901930994932306,0.003118789198846675,0.01618761326909581,0.019288921204967314,0.002780402912627875,0.0030100585352136376,0.025408731294008148
0.005262223504802062,0.0022696893495689503,0.002289945218574087,0.019175542283277936,0.044062997939564884,0.0081976053551161,0.025845018593312088,0.012630948128895786,0.04809535222464099,0.011273033386887689,0.0086303011541819,0.01973574323767236,0.005870999656936525,0.0019057326941068502,0.0038153006522953126,0.011136500640278591,0.005270634483474351,0.004898731541926534,0.002382657997385873,0.013523323141002713,0.039674587848738674,0.005563267622312962,0.019978865243266537,0.6057104233844828,0.013554273652027748,0.012207814555989037,0.009282206258764776,0.006307848181465725,0.0047647336458988875,0.0037735480716188,0.014096092122889788,0.008814058228641898
0.00768475785687505,0.004965649011918537,0.004453940133042925,0.0117958784449985,0.03429631092627414,0.004893305209472384,0.06353382614761718,0.010437068475371838,0.027308695765572124,0.006534390458941762,0.003453817695298925,0.03230073213334714,0.010908190880581937,0.0010477876041546234,0.0050389545328621225,0.01152874731933886,0.011241922859970638,0.0036861260216490125,0.0018082544503724594,0.013390038242646063,0.012764516103128573,0.005414564897978213,0.010577121085314112,0.02739786258726895,0.6146756006798979,0.006122145777082687,0.0031008164697055624,0.012329874663672823,0.019655517444381314,0.0010665435550893199,0.004030712294313238,0.012556330271860188
0.004525521151607587,0.001329170287917864,0.0036664730065221625,0.0231863998149859,0.03970675560145078,0.0090690290234718,0.021386725706606588,0.015121253511896086,0.03598118207428586,0.01924696632432435,0.009654746882621613,0.03523474282094201,0.004839905771072699,0.002973273465399087,0.007879633377457751,0.01576994496244875,0.00366261318413045,0.0026116577740728252,0.004580144070766165,0.0064983663740390005,0.030004775517657532,0.0077666515119534756,0.028243810639275477,0.016074160080302314,0.015453858533496862,0.5493398227654064,0.009787550565296288,0.045833632206375076,0.00656790607673189,0.0098223870654627,0.0090190587070391,0.005161881144982788
0.0025182520329075373,0.0011168492551018377,0.0016178385568965652,0.013370849854924986,0.03877143221755446,0.00781133439230465,0.012609330848586075,0.009180531794918314,0.055281211457539725,0.01492953713814995,0.007182139979884462,0.07414059827909676,0.010356080719637051,0.001601288747277625,0.010696162126889876,0.018729090084074584,0.0071561589587221495,0.0040257371526507746,0.0025697871020246496,0.010563219536869364,0.007668845904819636,0.008634930592380699,0.016675963479460036,0.019868904864176286,0.019244538741265887,0.024238991905634562,0.5041138292611171,0.04161296847770853,0.032495371366130274,0.004337591859216688,0.009238839944332276,0.0076417933677459995
0.0018650677367156212,0.0007310912117523507,0.001531892490220375,0.011466600639857114,0.04623805634543804,0.004803628424516084,0.020315226494952224,0.004964280993658425,0.02612171916422735,0.007255281024635484,0.007136739637873013,0.029109621218909174,0.015689593271888076,0.0031543156650078747,0.013333450113084813,0.007433314723097387,0.0021333761374537122,0.0014701632324725252,0.001942549660804475,0.004342875822228975,0.0068931763995236876,0.0013907760811978003,0.005238101667599163,0.007461145794086302,0.003242158398330713,0.008948859003400575,0.009185356343160762,0.7113212660882273,0.02310631104457505,0.005955581701014875,0.0032126701273499877,0.0030057533427395875
0.0032025888510868244,0.0013251564711642527,0.00047780983493081556,0.007269105174090563,0.029412172124363378,0.0071564502498625854,0.011846258729577,0.006384304396551888,0.025910074606724107,0.008470611447535586,0.009846143830559713,0.01707989732378625,0.01099533107803485,0.0016155650349429802,0.004550924217756225,0.009913094575696937,0.004233642684623262,0.00200669046829345,0.003293347927104225,0.015484473881802126,0.009562567143208014,0.0011077532809379677,0.004431786660780913,0.003217414749914612,0.008207124874036579,0.005161454284995537,0.0106954888445354,0.015631833603791973,0.7135318987178253,0.006496419376776899,0.03991731900533723,0.0015652965493719
0.0042162933167000155,0.0008549430609564685,0.004428624192228616,0.0199442426444727,0.017767630937845162,0.00818257837416267,0.0103542993526408,0.01351433453739235,0.018717549357494936,0.0197252939201334,0.02026180789260925,0.020160519102263828,0.00861333761096865,0.003919731020401886,0.010244798203286774,0.011734237006645224,0.003682575388727312,0.001130110601530625,0.005443058278840637,0.00430597807635215,0.0065981866443257245,0.001546877497283893,0.009083732423348713,0.009856800617410863,0.0018047552043350124,0.010447603918677863,0.010951199316687263,0.02794712500124996,0.0104929367270453,0.6846692542761379,0.014380312497595448,0.005019273000247724
0.0032934583554287125,0.0010514587687041874,0.0021433586926161196,0.01899992896579915,0.03762235919582415,0.008969133109349325,0.02124566242266179,0.011536564846558387,0.023810505437179524,0.01202109502239135,0.013373849356554324,0.012801129510657013,0.010181873887171388,0.003586703306709237,0.0084766103304344,0.008788905927209678,0.003408377143922765,0.001785125091304725,0.006259196462322176,0.016372129947270348,0.016727556674371674,0.0015060401117892998,0.007573556015720562,0.009711221517794199,0.010258348763290837,0.012865598371221636,0.012099099905641161,0.01789677577377911,0.010191036619335802,0.008459499036844587,0.6651736845375218,0.0018101568926196874
0.0034861702696005253,0.0017091258683672125,0.002731845321451,0.008584365274139161,0.025062755010248825,0.0037576258640424002,0.03500906996217413,0.0038189630624229504,0.028807844167663653,0.0064764140795421,0.004335149215032938,0.015063134846370672,0.0040590291666688,0.00089682961459185,0.0047245902874435,0.008243368883510387,0.00609405094274999,0.0019986910638749374,0.003300107209175893,0.016117225434706825,0.013508360798071264,0.0030236033698197626,0.009469951462909689,0.0236038192809904,0.020067754795597352,0.0049827146917049495,0.001398069850668178,0.013472396936543824,0.006775982523444737,0.002462055419757659,0.008695510458753183,0.7082634248679601
