0.437455308233812,0.00178830898197835,0.000845350584486264,0.00760416516582863,0.194682420379465,0.00866777459076034,0.140270764020308,0.0149654372476706,0.0569345795343499,0.000194762172441572,0.00132136056246826,0.00426625779844219,0.0226372484954926,0.00033015721921565,0.00941923311350183,0.000968282239361363,0.00334725045713978,0.00115840167074623,0.00464784241441228,0.000365172933279852,0.0139870728935282,0.013800506616203,0.00479011843069675,0.000475066385829241,0.0269008584467105,4.99287488476446e-05,0.000432416601019171,0.00803062703752661,0.00307934631931347,0.000124688961511553,7.78997309587394e-05,0.0163813920126946
0.00969634733921809,0.385127397029861,0.0052532646864563,0.00317397018512076,0.154077979429311,0.00399455265641571,0.117197237980689,0.00289230382302272,0.0727779848353631,0.00061452893775319,0.00402232165503006,0.0430466429069146,4.61243383579468e-05,0.000103331662698505,0.00176560246879625,0.00767768766671688,0.0286866856131857,0.0127444752061667,0.00337601942520002,0.000459059861458512,0.0376191094135146,0.00167450170907604,0.0258425975164953,0.000183562839830602,0.043281262533044,0.00113026882000696,0.00148757053858831,0.00746186205005228,0.0142225953963277,0.00153822466033551,0.00246461618121287,0.00636031063377923
0.000820146884359181,0.0132370813989086,0.586883650608448,0.00061892768076839,0.13441054968831,0.0142696473901501,0.0367796102361181,0.00559036509161053,0.0858403718139395,0.00162407997850343,0.00508375682282903,0.0421279689968255,0.00131632505510249,0.00384100717560501,0.0034533109782645,0.00665526130231091,0.00326549149533197,0.000342534948666433,0.000484825324326615,0.00189671349092462,0.000422341354071396,0.00141171087758725,0.00257655654911987,0.000132646647137086,0.00460309648226457,7.84040547917593e-05,0.000272087177753863,0.0225953728045246,0.0125394435207964,0.000704244219775698,0.00429325789020121,0.00182921206067259
6.58864021290855e-05,0.00137142744086079,0.00624539445873303,0.789161172338522,0.0341533687245605,0.0254172381534862,0.00568337669453868,0.0396752710109953,0.0122801294256509,0.00253055663459748,0.00025336848286437,0.00424447986183541,0.01502842152557,0.00229747917877106,0.0117529963006654,0.00243735303149521,8.91842951180685e-05,0.000842201021648481,0.00285458662290338,0.00336586201947758,0.0079452074568147,0.00190547914790519,0.00115657765203572,0.000466785659101549,0.0170016068089168,0.00413764807461055,8.12335414373623e-05,0.000581458623986382,0.000144692765532373,0.00412701202606153,0.00211520046528732,0.000587344153887321
0.0002596916279062,0.00653315471153123,0.000997520524218015,0.00100624981214331,0.658126915036927,0.0737363152884944,0.0456199812831803,0.0141083272616716,0.0196584044017495,0.00324220360639934,0.00489979654300156,0.00708220600205499,0.00101222783820674,0.00049288954274746,0.00176842108846465,0.100645195701943,0.00261927148998449,0.000442976920360826,0.00107141791463573,0.00297048868846241,0.00170217423698483,0.000135973893006987,0.0125395279528565,0.00142677798665297,0.00540357045118994,0.000740432327222851,0.00454911616455795,0.00417610029260581,0.00195825362895643,0.00262884005718131,0.000748083974453779,0.0176974937502481
0.00344683808955985,0.000746060522376945,0.000154296102139485,0.000528748471739698,0.0670986690096264,0.712816797608451,0.0115252430066279,0.0270619423546982,0.00208799334940501,0.00189244156375008,0.00903039030518501,0.0449526072401016,0.00359340109766942,0.00116620037593672,0.00768858980408713,0.0384233593989763,0.00695335200689737,0.00034372711087776,0.000131268107019489,0.00401792120746044,0.00171706072939565,0.0010381365932959,5.71284668349613e-06,0.001512936436044,0.0032769341371528,0.00206262739631819,0.00262894959170234,0.0303642039425251,0.00628661997759254,0.00215470426866516,0.00415188424807638,0.00114038309996249
0.00465250182866684,3.57828842722423e-05,0.00061762918993666,0.00544725198300592,0.126301842344433,0.00584544290523752,0.734430495074974,0.00802285243807525,0.0317029319888727,0.000499918192932078,0.000819037544187044,0.00451846795568688,0.000286461141014821,0.000619391328776782,0.000339231237396165,0.00940658835468207,0.000441443520991493,0.00014814407602169,0.000955581664208887,0.00394730934530937,0.0118517137818458,0.00182221045329288,0.0162186374574021,0.00223671929139394,0.0121857161556255,0.00251574697216413,0.000100330577566643,0.00720612591190578,0.00111401295474328,0.000587360742032879,0.000638709607139565,0.00448441109620658
0.00118230375923132,0.00086936213151352,0.00379178570615274,0.00222833513716776,0.100504212171312,0.107655796898674,0.00609545612550388,0.429640795789614,0.129715752603792,0.0103024932967691,0.000195312189327804,0.0228938953381744,0.0237903167759901,0.00117629862486027,0.0241432672214504,0.0391814454225336,0.000721407196614379,0.00236242838412646,0.00721120306860019,0.00210436957698568,0.013729490804378,0.0019527988542729,0.00195870719696538,0.000412069143169916,0.0393900170619435,0.00418626752830973,0.000831725418836808,0.005914449979296,0.0071832250770062,0.00431195347298713,0.00396174813128213,0.000401309913158191
0.0237824329429865,0.00580884730995958,0.00187702755963686,0.024679150100265,0.0639588458374282,0.00904733128625902,0.0711491876770551,0.0330750209447075,0.507145562284101,0.00331266214934623,0.000540532438066021,0.00127215701110662,5.70145876837765e-05,0.000690371627039936,0.00465827336515501,0.0610454521551533,0.000945694195216105,0.000728594032417796,0.00351465604203348,0.0264535104954483,0.0469829159432611,0.000482721438709275,0.0328490658215798,0.0019443923877541,0.0083907886035445,0.00343810978876885,0.0233686555310677,0.0141166401334059,0.00791205406631104,0.00608204615105646,0.00745723822748,0.00323304786599582
0.000781610172964133,0.00267418249711052,0.000916958081830023,0.0214879688980793,0.238585214519776,0.0106616563171474,0.0895429495301007,0.0280931235736417,0.0838018510174749,0.440578838641211,0.00310657320915377,0.00723879728595459,0.00983550928277573,0.00161291580344855,0.00226839983692743,0.00849549838220654,0.00227751273232517,0.000606816749360764,0.00272571079696242,0.00382923112877021,0.0091694565438643,0.00132103887627004,0.00896282316251213,0.000124667342251192,0.00412491842780951,0.00429568575864998,0.00195761094182251,0.0023951903710931,0.00208592321741231,0.000252619886236186,0.00530609726654858,0.00088264974830978
0.00268483824871845,0.0002857381635003,0.0012063738556173,0.00984550688724802,0.0352733731734618,0.00401934290422067,0.0308067149435817,0.00319676338953464,0.0103401592330877,0.00856101184482995,0.761751813479631,0.000681561174948469,0.02284625670865,0.00037812933651755,0.00549805107786936,0.0382883507565737,0.000525792527970615,0.000465238426993471,0.00049782053565893,0.0170039614160381,0.00290233943215356,0.0076555752985256,0.00020998715667583,0.000509300469232346,0.00369615546297938,0.0185126166260388,0.00559202019245182,0.00354522641296298,0.000626734927242116,0.000930075744761761,0.000528430408508443,0.00113473978381566
0.00839892213043076,0.00130138793483121,5.94941730808701e-05,0.00130777753845596,0.124517150255684,0.00988143363682263,0.0528476785103674,0.00110087112082964,0.0259088761149864,0.00245400377110874,0.000282971268087604,0.599594293987055,0.0444617425917739,0.00255904869063667,0.0191099985898357,0.00575733095406632,0.00449393999486081,0.000869651054359116,0.00617821784063297,0.00426228989205832,0.00151497390740516,0.00256637389828257,0.00305706057832969,7.35051079422821e-05,0.000654897108660036,0.00753196920813679,0.0179349153504825,0.00355767867748592,0.0359707594046107,0.00684220821275112,0.0032348251328175,0.00171375336313113
0.0020515626830377,0.000808056911011226,0.00132652306127237,0.00412478543555327,0.00911067470792032,0.00577514638988951,0.00372465989480586,1.4970662023694e-05,0.00313539036815565,0.0141790322081137,0.0288203465637665,0.036284365382597,0.809886652563927,0.00179949053831436,0.0223816110316143,0.00135875757882099,0.00263027474855138,0.000415330868744211,0.00318829458582148,0.00233868466362928,0.00138896471439839,0.000164150080212845,0.0070740323729936,0.00182466700851067,0.000984192729611247,0.00126880838348787,0.00185866134440442,0.0205311003833678,0.00226058532637409,0.00585606296807756,0.00125718593555241,0.00217697790543894
0.00294834625671574,0.000516285395904872,0.000980886259248645,0.0677925306152142,0.0406622593246298,0.00657968927380954,0.0279045446884622,0.0366703885028205,0.0353622171452114,0.00373412337717131,0.00933380296763959,0.0424550146466828,0.000464422122746864,0.498463820536925,0.0235634864005557,0.0401634537306736,0.0148147783267295,0.00865320811804819,0.00475298226667546,0.00534979848697195,0.0227290195529329,0.0021533296686507,0.0403049307428375,0.00533739350629293,0.0057493019278628,0.00459477943622504,0.000621611643793658,0.0335735849703169,0.00253222671455185,0.00258808318705999,0.00744109102905686,0.00120860917758205
0.00158951057607267,0.000149709249704909,0.00357531199437544,0.00641781383210532,0.014899049048339,0.0211099233412606,0.0446449086101512,0.0147008857016689,0.00847235615947439,0.000357894257585431,0.0188501234947408,0.0138728259785311,0.00173080769868755,0.0104511676713362,0.786184950259081,0.0110626513953169,0.00720713167403378,0.00192892787473811,0.00281700957000588,0.000276512254732796,0.00148256008375769,0.00230464557080286,0.00311446876819954,0.000388048566434942,0.00572948254518281,0.00101284731901435,0.0026380932391832,0.00841447817374146,0.00245746339745819,0.000375836728783702,0.00030450723642334,0.00147809772907546
0.00684057587992462,0.00060705994206328,0.000489779554955477,0.018035355688221,0.131980893356901,0.00681799742747958,0.0260066172710063,0.0387357125767563,0.105788257601299,0.00304324442953482,0.000231410064757807,0.00364622348185912,0.000136956540899403,8.73985696736011e-05,0.00227290910334389,0.52093318955866,4.84866049697516e-05,0.000100170045021133,0.00172311932418473,0.0156826251233623,0.0329101537969577,0.00142971373115292,0.0292959429904054,0.0035450176219026,0.0162972036945655,0.0145840676545636,0.0120693583840986,9.75089455214559e-05,0.00278073188393417,0.00132482618630729,0.00216408293278242,0.000293410032934747
0.0089558966322891,0.0165898173928555,0.000275636988122666,0.0265343807081719,0.0318679183773084,0.00317545639574909,0.00327087528490718,0.0243208127146282,0.0208379461859018,0.00517794340709669,0.00606481025097295,0.0167932001202787,0.0277998786457687,0.000434032752632998,0.00716373269071288,0.007162947876923,0.588240412428675,0.00970076302655518,0.00747717065017605,0.0282059660813705,0.0361417215041291,0.000658554536186907,0.0633959029304605,0.00285289492622946,0.00684190174179926,0.00138171688560014,0.0043194489270776,0.0308132466362208,0.00350442736682336,0.000235957790622652,0.0057012141632786,0.00410341398047522
0.00417113205400852,0.00416397421868285,0.00015172141015346,0.00804307618297923,0.0753363502230912,0.00598846706743431,0.0690622090977983,0.00983042172074929,0.04871842927657,0.000471018847965716,0.000176240360299715,0.0027270130843859,0.00751229492004883,0.000732309053048217,0.00551905978884005,0.00933605008153849,0.015205701800611,0.6344238127596,0.00430892754583434,0.00268587842546358,0.0105883464248983,0.0213348206467119,0.00341836101793129,0.00725123151547829,0.0115937464778051,0.00152552133146349,0.0246377691971878,0.0048220650305415,0.00155990888681861,0.00121856436089722,0.000809701354068484,0.00267587583709542
0.00103825987064002,0.000700355671217261,0.000374537570381577,0.0106000982895123,0.0524665205585095,0.00598301426770686,0.0476051388090708,0.00163541799464407,0.0333810039067936,0.00297971818489771,0.00220750491473092,0.0159399587461406,0.00606067564035255,0.00620541827297502,0.00374152934260981,0.00535849198625508,0.00278055559161759,0.00644021477061653,0.594511439857039,0.00551023671568689,0.0193904938385556,0.00666311094043356,0.00939995013692555,0.00131510616295155,0.0464347553819333,0.00509355918004688,0.00115508945420008,0.0367480356918828,0.0300017736731816,0.00762635022072864,0.02755496364796,0.00309672070980199
0.000551880207668261,0.000599083930048487,0.0020707556992435,0.00783605199708214,0.00947567534939925,0.00249479788479346,0.00628167359299001,0.014851184798921,0.0248253418318382,2.69737823339328e-05,0.000739916615979341,0.0269966500928628,0.000666261173248942,0.000945828190136832,0.00901301333392031,0.018430934927097,0.00458426664304327,7.3265312095386e-05,0.0146288965340809,0.736224414897797,0.002721490410924,0.018641237718739,0.000551458392442505,0.00274450426914826,0.00129013925792521,0.0238203572020972,0.00628629151509176,0.0283445809053373,0.0209609411987602,0.00624728103240702,0.00591526777333534,0.00115958352921188
0.00907755076157909,3.46863345695164e-05,0.000553673086829403,0.00412442743427062,0.00403123523534228,0.0160255432924537,0.0118258595595173,0.00172606478749132,0.0648053064151048,0.00800152997212407,0.00381937696088599,0.00223118834939414,0.01631229981404,9.7891301547562e-05,0.0259825594476984,0.0396322276180213,0.00468736556791987,0.00731251078054921,0.00142404591959593,0.00664893970922574,0.582039742360147,0.00373264376064985,0.0295023738533043,0.0513086871796718,0.0217247774504393,0.00234157226819127,0.0160762022075042,0.000793136543738222,0.00767662460136187,0.0111803700051256,0.00965329239912232,0.0356162950225843
0.00188886617762676,9.71487649655733e-05,0.00408683563341037,0.00185239666399345,0.0673586819785579,0.00602759356831151,0.0716612902704034,0.00225108291802419,0.025825159947051,0.00208228378248334,0.000323427067650984,0.0336389230199701,0.00027345395633043,0.0010197070681364,0.00593965482776729,0.0161135059520946,0.00143987695354026,0.0127314351772399,0.00219486732501181,0.0191007593493025,0.00274569536220905,0.621110401146603,0.0270843417929519,0.0078515791682671,0.0216878710463452,0.0024796914226995,7.5512402706127e-05,0.0266152140937073,0.00594024270033577,0.00265415318849773,0.000853832411296229,0.00499451486250968
0.00175059229614213,0.00229970223294922,0.00121480933536352,0.00427869737228405,0.0172401403377484,0.00123725931045686,0.0238398898150897,0.00745284260798808,0.0781006849187858,0.00128197696057255,0.00130075653989642,0.000305106782540055,0.00220157121284429,0.00157356269405126,0.00467526124064195,0.0836794371450637,0.00350384627420721,0.000543698574138398,0.0109669553334042,0.0324584946565492,0.000337798608796718,0.0521266046742541,0.599045082236979,0.00258409932878775,0.00814402584864559,0.0263581735384399,0.00155924464940507,0.000133835599350521,0.00792237549001592,0.000396880523050515,0.00140616526805907,0.0200804285934988
0.0043322858526556,0.000865633929118573,0.002253673415728,0.00409159110018001,0.143587894201377,0.021286309292907,0.0699386557514532,0.0144872890521331,0.072460445335867,0.00559826207081639,0.00298991045064385,0.000995459837368079,0.000915701558017258,0.00316179049724228,0.00462627035881265,0.000971199679083154,0.000481681817118301,0.00584668062349405,0.00364213005007605,0.0422534423716796,0.0575623264138371,0.0174217253414946,0.0242551521786459,0.448345650144992,0.0145483373178774,0.00758749884346291,0.00779132652396182,0.00315225773429996,0.00343466094214936,0.00312567097779229,0.00732567400441829,0.000663412331297598
0.00147465340675888,0.00137642999119329,0.000445881563103552,0.00564042121033022,0.0560047870073922,0.00576790546864487,0.0836462328500435,0.00179183303000783,0.0440608089309732,0.0118387735315685,0.000182032819698974,0.0176572591306988,0.00791772293313789,0.000796054862480318,0.031030045026334,0.0181950689608188,0.0060259774410818,0.0110002410113148,0.000536587135043234,0.0109745296347498,0.00593968792629208,0.000394442109966325,0.00714757191871542,0.0422397502137028,0.543793817163837,0.00439889043516743,0.00267740385858499,0.0414288506242664,0.00635074233191109,0.000123387553055585,0.0055574880782373,0.0235847218408889
0.000934909635224635,0.00108071698051631,0.00133698421613042,0.00622944256961855,0.0298518873905814,0.00522029895816021,0.000916650985295074,0.0182497921872082,0.0778441234577933,0.00508467044987776,0.00610322955133875,0.0932792761464692,0.00172626356605784,0.000876297336535771,0.00996792942262774,0.0448132607475945,0.00098413721398618,0.000924497285070954,0.00911489801730232,0.00496921947245782,0.0290561810269448,0.0154683955867893,0.00295199124879503,0.00437967829863286,0.0263603752684246,0.494942720180739,0.00438503746310798,0.075460894114251,0.0188209489326725,0.00528097180315274,0.00222281679385521,0.00116150369278822
0.000551203221728473,0.000210657652368701,0.000853335553939031,0.0125614190758695,0.0201103073612395,0.00734980990118643,0.0156463149567371,0.0147972969346039,0.00887558443615545,0.00842585862759843,0.00598466331199394,0.140513758178049,0.00853291098046937,0.0033739394654209,0.0372442366657351,0.0140189472926878,0.000475287464531234,0.0175666100192062,0.00268992427629167,0.00906334499974618,0.0161317700095583,0.00260855459507619,0.0172759665071224,0.00310898628709193,0.0136371992778075,0.00440355347391992,0.460853837761382,0.106624803319687,0.0224295786531102,0.0126647136611142,0.00378781934422811,0.00762780673434519
0.00202439921242551,3.74087894113057e-05,0.000238658020635699,0.00313195231014408,0.0706798268170839,0.00263513074453474,0.0320024901915766,0.00227702730100247,0.0118154237321984,0.00256378948839534,0.00332065710448896,0.0343780281436127,0.0174630149929133,0.000632999878531214,0.0102103883769472,0.00399590831458373,0.00212946019606184,0.000369124295118021,0.00678012268351461,0.000185521290750137,0.0016584706765497,0.000202629851581715,0.00150725862935009,2.99627289777173e-05,0.00398546478248087,0.00173947776237487,0.00845699559264306,0.736254369941747,0.0253141211972098,0.0111241379909576,0.00214453968478553,0.000711239277412802
0.0110737386680476,0.000123917453358916,1.74205939991251e-05,0.00671067535176075,0.0617348657391984,0.0200749265609453,0.0214201468679115,0.0239819019606422,0.0387797672766978,0.00021646343559681,0.0037955086307805,0.0162787838631245,0.00564693272431109,0.00179421282047142,0.017667879167805,0.0183705618462066,0.00499583692111043,0.00166217075812951,0.00213324277654222,0.0125332273018513,0.00305947316197281,0.00153948179290631,0.000117703170046241,0.00237146552409953,0.00238689310864778,0.00402202601976912,0.0230547967732896,0.0361134311726985,0.616392015124263,0.00982206579629935,0.0319013532716997,0.000207114365817401
6.01628322138272e-05,2.07086552082484e-05,0.000423989788077264,0.0213797015131224,0.00658290850400495,3.41581566448661e-05,0.00155533786350538,0.0313654330031659,0.00212323774488096,0.000993240044477573,0.00640128730608793,0.0431463800700621,0.0142814567091848,0.00662997630737144,0.0108495006244597,0.00816025917648923,0.000917617929383667,0.00242427267144085,0.00415516228685078,0.00275387181647628,0.0161520478625617,0.00179588649349202,0.0153607897751411,0.00324505194310941,0.00127124370433897,0.00701907490332427,0.00444957559072615,0.0534559747186179,0.0151646955492011,0.684560700797201,0.0315374873423447,0.00172880831683348
0.00706463837653781,0.00131082785464491,0.000316065350232145,0.00526638672204562,0.0261071974787199,0.00334220245568499,0.0123913755833322,0.0248724678371318,0.00490019242016696,0.00135779681409708,0.00429934959391617,0.033666495173572,0.0051963856774028,0.00899913777769165,0.0332255467339486,0.0108563027137115,0.000560058224444843,0.00291735015812475,0.00750435437179485,0.0106745006775623,0.000103506159729885,0.000973992185428708,0.00410134881018787,0.00692735876666923,0.00434634693999313,0.0203646318576164,0.0321778143533645,0.0738608524454838,0.0195671291937029,0.0199102907048941,0.611966964851808,0.000871131736358329
0.00174382100620877,0.000410640784797678,0.00131799100575702,0.00429878480898807,0.00558882923233268,0.00735327942007003,0.0572472460688013,0.00245888028508919,0.011536487097924,0.00853390188495673,0.00108750464160643,0.00609266042144703,0.00669412459866865,0.0015693784290842,0.0155985637997172,0.0314661063880968,0.00230813079747429,0.00629481047416398,0.00168973653273304,0.0108442355430664,0.0299977267110898,0.00388431007352784,0.0334639250003547,0.0213410094613503,0.0117158724414635,0.00568683536197145,0.00161811203147171,0.0183827337220576,0.00314300184210593,6.70857981769691e-05,0.00615792959568554,0.680406344739761
