0.774751387182628,0.00385943138131271,0.00590092921005996,0.0219232741283712,0.00570507340450612,0.00862620375975415,0.0131746704929001,0.0116480774473686,0.00451250353026138,0.0447159779259225,0.00511564025990309,0.00444866620187908,0.000189870421224979,0.00261653072653418,0.00905790249477849,0.0155315561891276,0.00186340988320015,0.00715991408440155,0.000133491375460581,0.00786256590762939,0.0164649274546917,0.0069629850219522,0.00496976570624486,0.00248363186545278,0.00284740851440086,0.00721320566751665,0.00164106854982783,0.0018780976940084,0.00213207245192609,0.00102919515032134,0.00101086770413353,0.00256969821229935
0.00113483655499406,0.673913866915016,0.0187155678539503,0.0314459239990719,0.0170643963217108,0.0259768901509398,0.00690505180361149,0.0210651331975491,0.0168088783764329,0.0394642543134132,0.00265034709180126,0.00461236871092511,0.000794057555254824,0.00339057036385274,0.00572389737573574,0.0154718283466341,0.00807352502880402,0.000392196289162024,0.000751025200279564,0.033436804857452,0.00143097672534554,0.001911370910151,0.00409739208716529,0.0149219177575517,0.0137019373661046,0.00401058959002797,0.00634905911377296,0.00354578704261687,0.000350380825744327,0.00132917901488701,0.00455220292903998,0.0160077863310017
0.00467493592348378,0.018168989847625,0.558639716189374,0.0871120001250656,0.0224460159558237,0.000195346306042879,0.0411821624762026,0.0708861833427691,0.0312676070446114,0.0018165941832684,0.000682766740363228,0.00822034197989686,0.000700535067777089,0.00179240444898233,0.00384339932015013,0.0167336646310648,0.00368372691732337,0.00138408389470288,0.00172200954955796,0.00303119957504926,0.0150768153575965,0.00264406367924675,0.0189131412717744,0.0110164856507876,0.0160507666607439,0.00133148525315237,0.000744528829698788,0.0163429599507211,0.00290779199752331,0.00206972719379399,0.0208090428866323,0.0139095077491945
0.000514336563781274,0.000251869991100175,0.00937465061046066,0.667635620058218,0.032306224745457,0.00112899855931131,0.0621789960388533,0.0223328033911277,0.000288379345747347,0.0199240742683583,0.0039002909124097,0.0596789628267235,0.00746501554944836,0.00374772764810631,0.00257867395137451,0.0273584494671288,0.000210129965347948,0.000126471853200548,0.000968039319917002,0.012291270898472,0.00116524071261953,0.00560576570943206,0.00117406090578251,0.00711701078156675,0.00412692351240514,0.00467457087213523,0.00333494764941959,0.0301088494455335,0.00456821838794553,0.000488448757975349,0.00204266057892123,0.00133231672172079
0.00067305439920847,0.00851549121578839,0.00670701771154068,0.0269435357261669,0.682666633478991,0.0195539408309102,0.00789102140498428,0.0160390500480436,0.00194333844387472,0.0660093526974796,0.00945987276785619,0.0455115620462119,0.00578066338904249,0.00307071002404638,0.00824882080404687,0.0324526244363439,0.00328033707011952,0.00501017882715401,0.00153905183709219,0.000424705009018625,0.000546774218367215,9.0197994850628e-05,0.00194948522380924,1.5587799671604e-05,0.0045135340327726,0.000489660104958091,0.000908363140069418,0.0321784686757978,0.00170741050828467,0.000737633216032496,0.00169450134419993,0.00344742157326727
0.00561157177833508,0.000197683780112255,0.0136136309440384,0.0690826364596376,0.0281863609893541,0.535144166974352,0.0141273124083257,0.0237754053745903,0.0247250259982472,0.130871130147131,0.00863685565167446,0.00471797521821008,0.00320404752083385,0.00387227806374708,0.0104733286547634,0.0661849772441489,0.000260368346561879,0.00109800629964298,0.00314921593100622,0.0116116614077353,0.00200148935641206,0.00366535932795878,0.00379916286832658,0.00150685871851599,0.00329722931413354,0.00709334640558756,0.00104855048142932,0.0112222872560625,0.00120698320467971,0.00095476393108746,0.00513180521768396,0.000528524725674805
0.0169867652762387,0.00046872294878348,0.00491394100649244,0.00241911886861229,0.0366197880073515,0.00553674969503148,0.833772878341318,0.0299352076902383,0.0192262993108183,0.0163966158097174,0.00987974425240836,0.00060417759119749,0.00239974433831685,0.000228702030721424,0.00119087356145873,0.00322490301331121,0.000307909498625283,0.00204098464253265,0.000587043290555168,0.000463718925284013,4.15585696797976e-05,0.000401552556240066,0.000355914791335802,2.07230211499183e-05,0.00081465956335885,0.000197478296601555,0.00213723391846703,0.00551825111038376,0.000280948423577219,0.000401690400087655,0.000648974281793617,0.00197712696831146
0.00989882004457773,0.00294611895440371,0.00366155496528981,0.0608688549715181,0.00914504979406051,0.000299671305474151,0.00452435716019259,0.705727428482925,0.0262684016916865,0.0119093387253676,0.00556118028308469,0.0644872429568922,0.0027502800619679,0.00510101378497472,0.000737291686376631,0.0183374539914372,0.00232703823562239,3.44573098290973e-05,0.00150748262857743,0.00280815915494821,0.00493465076320119,0.00727505610402309,0.00165145042275606,0.000353817207453888,0.000111931643435748,0.00016097725540067,0.000685435153439382,0.0332218709006481,0.00855428345938737,0.00114405822725339,0.00148630936259354,0.00151896331120111
0.0121649215155528,0.00855798176873952,0.000959887034699622,0.015518442799083,0.0177332286850681,0.00713411644115882,0.142788280279652,0.0196580226159562,0.570063410334205,0.00696983700705204,0.00584113180049366,0.0463711173476479,0.0058893241539912,0.000299830497401346,0.015439902946432,0.00950689313168121,0.000475939528585632,0.00609274036684727,0.000524489362391787,0.00367248047756516,0.0202694628849352,0.00074216102219902,0.0241348141595906,0.00673703057760586,0.00591778677222724,0.00233425727759866,0.00134020617250355,0.0371816388998872,0.00197246915996255,0.000513503500078967,0.00242996557927063,0.000764725899936972
0.00202615863748222,0.000654444639256468,0.00220267967811866,0.0125808153639034,0.0468917144425728,0.0197549259581367,0.120219091873507,0.0343352877583884,0.000191610442645273,0.608056864231856,0.00320802403937723,0.0476462491947959,0.0106967113477782,0.000485340739419812,0.000194422375718613,0.0302916178259618,0.00122996098775824,0.00150045081463877,0.000459822717163299,0.0035687611813832,0.000178119311416228,0.00457364699674406,0.00550809788163562,0.00460384824024908,0.00345141887304218,0.00243732412501628,0.0021004596618468,0.0215836928676912,0.00636041452893908,0.00185452240843258,4.03906951817426e-05,0.00111311015994292
0.00308323719831296,0.000171158043841479,0.00109398096498532,0.0114956883051523,0.00368326691186076,0.0185762807656621,0.0140871182589412,0.0044268347047369,0.0271327972450784,0.0299005375062881,0.75171192614,0.00238711466762249,0.0462159891615369,0.00155408823962858,0.00148877198308841,0.0393388597062442,0.00179731754925209,0.000538404180847189,0.000472143640263324,0.01065617491387,0.000655928183032204,0.00255708840659066,0.00293439352285762,0.000456991671636482,0.00535699619340926,0.0102524023831068,0.00132448308047513,0.002147627906701,0.00053574314984425,0.00163392982404343,0.00211026712289986,0.00022245846819069
0.00132007788133637,0.00786734001191461,0.00257077985221974,0.0155842395581032,0.0478531229459304,7.44433587362825e-05,0.0288118884141874,0.0102947595643294,0.0234905071598559,0.00931980503460708,0.00526397465398021,0.723007944884188,0.0188489782987934,0.00767404700664014,0.00616163949723132,0.00144658281596018,0.00362147347300604,0.00485616119649998,0.00145518685556882,0.0011721834163259,0.00876511279580787,0.0058073050787972,0.000804412952508457,0.00174516381533337,0.00346618116671231,0.00251313040131687,0.000435143646873751,0.0272937576207431,0.0045507926167936,0.0106720674321665,0.0129596300689707,0.000292166524562224
0.00470457273250226,0.000704296963297838,0.00110976669296233,0.00836757675901488,0.00974921422813872,0.00408795242730796,0.00183290862453177,0.0226492819768604,0.00407341848112197,0.00607102008300953,0.040978092588739,0.0819135380513894,0.666566371158744,0.00047511708081306,0.0051384305757226,0.00599911361797873,0.0130577344068318,0.000421253646344761,0.000434905479755291,0.000523237874902711,4.68566584342823e-05,0.00293135157807409,0.00151869319460529,0.0111874443928534,0.000399546310870028,0.00100576997470169,0.00425267372734359,0.0762586181789683,0.000338984355277888,0.00360296867173021,0.0035060498559012,0.0160932396512706
0.00509968379303288,0.00105062644246942,0.00159037231654439,0.11317754634078,0.0765191284924715,0.00554863651670953,0.0718170627160156,0.0229927560139271,0.0115221372239564,0.108162723425825,0.0143559032022686,0.0351325598552079,0.0158748669688898,0.402443298926068,0.011091670138644,0.0172817553105642,0.00451847900623218,0.00824200357196657,0.00010560947143451,0.00544309883361352,0.00188844469010621,1.45458094686303e-05,9.55328657502254e-05,0.00786417973026256,0.00564733001114868,0.000751663412145678,0.0094907724708161,0.0103358816087724,0.0177845561940861,0.00024672640710837,0.00221697166140681,0.0116934765723076
0.000141726289446822,0.000162601811067412,0.00986739930975829,0.0110331064894601,0.0129500603720784,0.00904187867641871,0.00304983115593846,0.00434221485494386,0.0323598771493472,0.0217608218821528,0.0257623654869786,0.0764057123022619,0.00340727584316137,0.000693324522260517,0.665802623181161,0.00701436903661907,0.0145811219876495,0.00054401873219146,0.000147361283929284,0.00124011229759864,0.00122733123050152,0.00236660714874982,0.00388799188130595,0.00659793699907483,0.0118867891910149,0.000143438437109574,0.00134630654863089,0.0666637554447734,0.000791095449619062,0.00304867386242389,0.000805762138722394,0.000926509003650703
0.0082648110812826,0.000274023295104679,6.65294512554699e-05,0.0165746008937676,0.0525392344852096,0.00666766064600121,0.116636983566914,0.0210215718858129,0.0280533786892486,0.00881881810549129,0.000195714974985785,0.0324722106744769,0.00161421255931204,0.00054001021997369,0.00428839107355472,0.632510703648382,0.00246658470248786,0.00258558726235516,0.000545686096791697,0.00599297787237588,0.00201586070472972,6.93856846675792e-05,0.00107410340218958,0.00322920798604672,0.00495318657018707,0.00972760514420426,0.00264050727014787,0.014842509927525,0.00868491005740595,0.000107158308746768,0.00502804367639617,0.00549783008296947
0.00111234818937134,0.003358242319243,0.00663354875579609,0.0217186489153838,0.0132424178993012,0.00120824757218127,0.0913282424528127,0.0090630127943124,0.0234964355630248,0.0189250489233351,0.00620724069310261,0.0529085613572486,0.00494033625989981,0.00276633272604253,0.00167006510803842,0.00993619208522468,0.515303188951639,0.00383747116531785,0.000427717124745853,0.0797414726221765,0.00615653378929035,0.00932454392373181,0.00160697043766992,0.0328426173841669,0.00176765420302197,0.0439808575808957,0.00659604668910802,0.014647524557257,0.00944265755278586,0.000150999579757827,0.00194094177919499,0.00371788104492124
0.00980671275499931,0.00189755904225805,0.00032533760399233,0.0629717578419485,0.0267039740033221,0.000600243034367049,0.0305521271604695,0.016947908235766,0.069794551102887,0.0574904042002801,0.00842840307479881,0.00604037876104204,0.000393796191563162,0.0176701295947635,0.00255552435575162,0.00108489634536024,0.0120064690151349,0.614336137711518,0.0198266588834815,0.00233389026754991,5.24547640105039e-05,0.0117030727173013,0.00243613140103229,0.0030316993371783,0.00286812482446898,0.00161046002153558,0.000516378564077149,0.00386580572670219,0.00851045045875361,0.00112321257606706,0.000828852151653149,0.00168649827596662
0.00269307025665038,0.000571001045855815,0.00289106425025784,0.0518072437245785,0.0960616085015024,0.00540253335112239,0.058558977041041,0.0226845414122975,0.0653347798039283,0.0402405294076534,0.00425161387937639,0.00844781098674466,0.000797560148306857,0.000770837182891431,0.0162598436799218,0.00548439664209066,0.00278224306163027,0.00530459769758858,0.4964829587866,0.0229298748043006,0.00651022812149816,0.00297211914536794,0.00437997724835705,0.0135046691367539,0.00672111506716001,0.00425823826686328,0.00382199556404763,0.0390946221436398,0.00175351755752353,0.00180789205514978,0.000464044145054528,0.00495449588424508
0.000226666597270722,0.000752873317750064,0.000400521170704507,0.0141105730232102,0.00118810356930665,0.000393872295170777,0.00107007938988081,0.000224056325268076,0.000234972946042622,0.0495428538082089,0.0154305594960391,0.00965487814550474,0.00143672130683999,0.000779323098850213,0.00789854013514482,0.00307326918774431,0.000266628500891228,0.00129177397326796,0.000402235975625442,0.786270779728669,0.0105479029786395,0.0215192691323685,0.00407043979977031,0.00218723407948098,0.00318974137130121,0.0292974063760191,0.00159532369761941,0.0202008851058135,0.000531498663365848,0.00589213109715637,0.00622853870921689,9.03469978581828e-05
0.00180961410763903,0.0109068873079998,0.000974227891025778,0.0627515989266392,0.034983587958859,0.00900697031708779,0.00995296890811338,0.0517622698666306,0.0085109239552648,0.0161667293286742,0.00387655684141312,0.0589913423624888,0.00490383117761131,0.00271915238578131,0.00272365679660256,0.00300653880483423,0.00407825552815347,0.00814116031722683,0.000698436936936635,0.0182402475436899,0.476641860301907,0.00392576800673027,0.00372500853537191,0.0429365151660433,0.0164079328293297,0.00555810944886609,0.00441291341226285,0.0503497259256508,0.0259479419362609,0.000270947920158197,0.00694750504419716,0.0486708142105498
0.00227068122701348,0.00366704150994245,0.000184317824030073,0.0460744165331837,0.0319289984472305,0.00297824574312838,0.0186785659469589,0.0334409143921363,0.0249654176318158,0.0326214165770424,0.0036202693225261,0.0366313291918281,0.00578160140805211,0.00152772294053974,0.00115924367379991,0.00421365979444941,0.00100746675106654,0.00385586449311457,0.00490505288391215,0.0622685008513842,0.000305473729728834,0.567479686458198,0.00147053555591211,0.0205168115762795,0.0286601607608718,0.00463080564817231,0.000863095399008356,0.0444433720627318,0.000473181264542316,0.000248413463931513,0.00238380234823789,0.00674393458923089
0.00153153326518988,0.000521209424600305,0.00873452518354672,0.00914443106108282,0.0184972774102269,0.00534470779208861,0.0342124435425426,0.00931246163695752,0.0327244641810569,0.0730564899957552,0.0131715923988495,0.00130941354801639,0.0180648517653941,0.00226728238294431,0.0186367834794949,0.0329637254520983,0.00788279452875164,0.000148718390936898,0.000665019439438773,0.0105267703649172,0.0102306725231876,0.0205788199849711,0.605578948670288,0.0017984984478502,0.0239868409177676,6.40833192043501e-05,6.09961333274108e-05,0.00351245244544847,0.0151764529435085,0.000725258571093528,0.0145963826617105,0.00497409813775299
0.000358897072395858,0.00664781168378159,0.00215433529399601,0.0981613093415108,0.0182973345903408,0.0013277718841903,0.00332843439175267,0.0262522606817208,0.0641328616684678,0.17658088924515,0.0384794348141358,0.018077984739474,0.00623507186617394,0.00214767625531642,0.0314954677413032,0.0154219724478547,0.00434973903976075,4.68884937968338e-05,0.0044528899120003,0.00350458766332426,0.00377417491421948,0.0280115861848664,0.000375881106630856,0.367878319756981,0.038148331616137,0.00213602325605715,0.00014548094312063,0.0344763409931686,0.000273004384221153,0.00121890411426888,0.000460466473742534,0.0016478674301393
0.0297381097878436,0.00321087179999018,0.00113377703986657,0.000353678072927453,0.123914970441079,0.00280742404907054,0.182337601387964,0.00771292081418831,0.00379900882388464,0.00215718619942725,0.000707611446945949,0.0156439387873326,0.00122534513352466,0.0150488611153103,0.00177186549620723,0.0248400901847743,0.00644590573275937,0.00436104908879994,0.00170423437014441,0.0018275818245982,0.0123391429038971,0.00845499105034524,0.000560670314761211,0.00627247493285983,0.510213960197854,0.000406914434692623,0.0001129691386723,0.0197986776849632,0.00337075474090966,0.00235319708178792,0.00226954827660184,0.00310466764601569
0.0020749817140408,0.000183068980274027,0.000358434827686651,0.021838297139464,0.0771005453571013,0.00896582789506307,0.066658195053025,0.0350563967478103,0.0400099128097345,0.00905676778896435,0.0138998645571408,0.00663820887840664,0.00385646920069182,0.00057701233462758,0.00246936527772652,0.00118097245290757,0.00195282623897948,0.00668173826549853,0.000636051713159813,0.0377111548920992,0.00236893068614911,0.000801184722546601,0.000339285993202032,0.000866613557295796,0.000366592973257466,0.592786536803573,0.00413263017699613,0.0316382587383104,0.00895273710346971,0.00320167005385547,0.00679649475475978,0.0108429723121827
0.0011743625542939,0.00365763799464259,0.00127597432616683,0.0233111656032967,0.0871406928781201,0.00167999780115857,0.0589493861423242,0.016251614554407,0.049453381055652,0.0118447611385038,0.0117780128110954,0.174195586420464,0.00399373588381078,0.00651523079020547,5.85865000618753e-05,0.00679617390821215,0.00227207497894985,0.000993500275138177,0.000464894683898308,0.00297001990145424,0.000643093101171805,0.00110837540780403,0.00678653733233294,0.00381180329176597,0.0287269216838308,0.00495902902666115,0.308331959798122,0.141646359748924,0.0305306990601925,0.00478810395052945,0.00295796671122635,0.000932360685583253
0.00100623546647821,0.00540742331718306,0.00105323404316373,0.0105786481963267,0.045869034593292,0.00142016381417067,0.034178345799224,0.00683214531557327,0.0219161966063046,0.00272021953762507,0.00997791751930371,0.0326709945004671,0.00826804534833373,0.00604085533024303,0.00176823807113551,0.000846563690686991,1.91042630729382e-05,0.00188699779488082,0.00503382546254113,0.000805370598952943,0.00926984912165266,0.000370395478410418,0.000563660288784438,0.00237912493220646,0.000533196980698796,0.00352423442700732,0.000442960528029602,0.725272837474129,0.00456739914831891,0.0139003774142372,0.0407851935579091,9.12113796571047e-05
0.00325961664715863,0.000246924193933642,0.00116432499516658,0.0398542770787669,0.0525014083839581,0.00265286313922245,0.0324109036178974,0.0289772221702468,0.0245142865302505,0.0190889398942312,0.00565937837610531,0.00166460224366896,0.00378201930553346,0.000744134416676419,0.00532620114827981,0.00196633945153371,0.00634842756067379,0.00361173261286357,0.00104027155948026,0.00733378329793667,0.000976954461148096,0.00539320501475916,0.00080048500259873,4.23846664407098e-05,0.0138906713222416,0.00624986609305452,0.00309155511152128,0.00451309696469827,0.688097173687765,0.000401896620837348,0.030677090337192,0.00371796409415934
5.21275849857362e-06,0.000568898196162194,0.00185853041091539,0.00772867083709039,0.0390499527966183,0.00949699792369741,0.0161585153290593,0.00312434426171847,0.0215461230338014,0.0111449847199065,0.0111482198075571,0.00316744404210605,0.00988092289507458,0.00257332292319353,0.00113608736741954,7.24430287283119e-05,0.000286704220637576,0.00188045048863641,0.0102590060916244,0.0120749480246536,0.00155007645530928,0.000943843886801053,0.00170347317766044,0.00324338720374725,0.00332348478654144,0.00020800371277078,0.0103349368069035,0.00115492950474726,0.00241818397401366,0.793703685777857,0.00983686243432404,0.00841735312222515
0.000909978123826721,0.00129758288231716,0.00408682029018369,0.0635265143910246,0.0568256402077062,0.00817334956916819,0.0152199882043502,0.0459846819128342,0.0511051194841387,0.0279539621850058,0.0139478382110033,0.005950615289631,0.00380742440012537,0.000336971170036529,0.00455301132502923,0.0198454768754931,0.00197291282205052,0.00182933106187384,0.00032868526829501,0.0136984236087215,0.00659929616097738,0.000641349083187942,0.0224555556453504,0.00456787020960197,0.00926157303039674,0.00117348481047872,0.00170035803377685,0.0316287590617367,0.000672864436099675,0.00227472555094995,0.576660439783785,0.00100939691084358
0.00518684794581516,0.000700598310106446,0.00429957165719681,0.020918650729999,0.0416491347634162,0.00203804134795659,0.0560766158112148,0.0251901652682965,0.0755421236588387,0.00345742359793797,0.000234634565935952,0.045309117841818,0.00380457866177449,0.000216613661795223,0.0124722496985626,0.0155834578529869,0.000846167423381931,0.00551891166302866,0.000850822166977029,0.00534605062344231,0.037577565532063,0.00127195911378597,0.00872250453987094,0.0471266440184895,0.0232931813184321,4.48244571661814e-05,0.00288536802499284,0.0492392339999706,0.00278450002921804,0.00301549023438048,0.00975123070641785,0.489045720774731
