0.507237360700191,0.00102813803199163,0.00197192409132044,0.00665660785455888,0.00766097542491668,0.000749279819137512,0.00209921096818771,0.001875975770658,0.0596812277200553,0.000128180130476519,0.00388792112594992,0.0483646052717544,0.00232101492063275,0.000464952464839124,0.00216733633381567,0.0367175588957481,0.00489818009372742,0.00800775907329131,0.000541417327477833,0.084320288843455,0.00945037644660953,0.000163467556123632,0.0111141143639525,0.141853429454822,0.000726623326847229,0.00193072734347011,0.00646937632035731,0.0308469198339277,0.00200512480740914,0.00139414847375229,0.0117597079588934,0.00150606925164988
0.0100590925274025,0.508200765993909,0.00379429932765518,0.0449677075531188,0.023967918882931,0.00512447905547775,0.018675880095666,0.032238130616261,0.0393782397286408,0.00655048188847226,0.00140706589767141,0.00241654212600622,1.94147078471166e-05,0.00036351153390336,0.00151175543793046,0.016027313621544,0.000623832370013701,0.00199375213783601,2.3728887974043e-05,0.0988079637212046,0.00169290941373522,0.0120263463008379,0.0160793159650506,0.0732308252840795,0.00694360411548153,0.0213332404621617,0.02223384259043,0.013417929161988,0.0023720983655255,0.000670992266057132,0.000386109555801515,0.0134609104073857
0.01806935950239,0.00133664688065772,0.616007518147534,0.0157209260712541,0.0132820219029035,0.00651768787929872,0.0166347691106351,0.00410766054595472,0.00198526537833746,0.0061083046079563,0.0126202193236164,0.0172040166246139,0.00201445335762882,0.0117117784105571,0.000252092360950949,0.00426784481423647,0.00702567019939852,0.000627524745776953,0.00185253408510944,0.109227664586419,0.00484098950507239,0.0162386953296175,0.00918910053404249,0.0352827796915345,0.00776314738328226,0.0214435128411161,0.00120149358909958,0.0297591706498774,0.00144537621756231,0.00279496742892521,0.00320346054185297,0.000263347752787932
0.000585991180913998,0.000258590396728576,0.000357508829124815,0.309325490264005,0.00309889650292483,0.00141619651515091,0.0054603633356823,0.0143985039639805,0.0354629391757383,0.0157860669208031,0.0201921599478134,0.152037018369118,0.00399037502919299,0.00287491887929234,0.00466138414497586,0.0115897796058981,0.000472149861984131,0.000164705509794453,0.000142200270761844,0.124358539566621,0.00077836921688291,0.0120092373578879,0.0475959546447232,0.0908300613463167,0.0157746652060592,0.00904783761931085,0.00459081194174725,0.0898828033981046,0.0073009826823786,0.00255780785867107,0.00945653806612179,0.00354115239129164
0.00497405459070889,0.00269909898526528,0.000197819226507849,0.00781268649068705,0.614922631904905,0.0154947643362551,0.0198773400127416,0.0640932067181978,0.015704408793835,0.0492403936391804,0.00565274061660637,0.0111443991567575,0.000297639916721407,0.000138544577509203,0.00163714127406768,0.0495431611274767,0.00303725409395255,0.0112922090242629,0.000129527167071525,0.0387052686379567,0.00365862727374973,0.0147823205094943,0.0111823130319509,0.0292122461232133,0.00516554637747314,0.00324480491031923,0.00204903650400276,0.00443064729021609,0.000840158142140998,0.000137961084180205,0.00182899032868101,0.00687305813391149
0.00621880430950079,0.00600428652450553,0.00468930885163009,0.000937211368573857,0.0145996422594555,0.544470170086068,0.0112582331612233,0.0136419781141676,0.064836670681255,0.0159171438156309,0.0168668082749092,0.0561737893776256,0.000986167902481458,0.000896030595348823,0.00898745103865097,0.0312983370182868,0.00258032684789723,0.0101099360589225,0.000363271846661685,0.0249518195605809,0.00407439543286314,0.0300848211529576,0.0352318423470976,0.0192605235090158,0.0315732248182373,0.00595814408392515,0.000621738286392739,0.0207500187287061,0.00564577394891157,0.00355030245003408,0.00644232185596311,0.00101950569252027
0.00413895690182196,0.00756486513073551,0.000483548540424324,0.0592128920091755,0.0465112575383015,0.0159135238507674,0.586465101562881,0.0669271752146142,0.0122505927994839,0.0158710992183408,0.0025878698585668,0.0194902431824672,0.000419962794773713,0.00281411776131225,0.000762937352835734,0.03659393747505,0.00987004703257676,0.008261448900468,0.00122847739645752,0.00146137412277965,0.021703356634149,0.0155562857246565,0.00868739787950211,0.00920720854123617,0.00441408869039494,0.0231825872931375,0.0062000928685376,0.000586331480508176,0.00252479430626083,0.00381019594665011,0.00183506771581483,0.00346316427531866
0.000661944377956537,0.00116919116099505,6.33849554780146e-05,0.0156769703382037,0.00146890410088245,0.00292440159296163,0.00768615263635128,0.378891762539635,0.0578432517837706,0.0119252687246101,0.0136458749793799,0.130384698726982,0.000972338033290399,0.00149979585907438,0.0100688390527821,0.018825746904027,0.000177188996143031,0.000559878629329187,0.000127727500862,0.102970187791937,0.00039568169174886,0.0116632350462104,0.0393753669599934,0.0895203833367886,0.0237242744592529,0.00554316146121568,0.00170290651993859,0.054993084164091,0.00739552405571209,0.00137780910299745,0.00515022140048127,0.00161484311691845
0.00431221929175935,0.0131190908571693,0.000505119665095071,0.051510278792491,0.00109668128834786,0.000389269004382254,0.0102266372022349,0.0136115553001157,0.776529409045863,0.0230851870915511,0.000804739727137516,0.00474395251567885,1.43017934703504e-05,5.1047322263285e-05,0.000630693769301732,0.021006427261245,0.00583056381330543,0.00782996457700251,0.003505221683835,0.00161892649694517,0.00793632169528666,0.0143664891756014,0.0188608051621101,0.000538599634060783,0.00197975479698338,0.00598723586817311,0.00245205530868406,0.000563435572661139,0.00112828564589131,0.00153542075479875,0.00103994617514079,0.00319036371141414
0.0086203454357187,0.00103593451562083,0.0027818967366384,0.0123534940883939,0.00363150982320801,0.00198824224756644,0.00331263266924175,0.00557564689883585,0.00749604702247061,0.383417870447893,0.0302866847100599,0.161187065706507,0.0124987671611034,0.00584341521860931,0.00677092030555517,0.00460210111532734,0.0033642919124477,0.00379865824668225,1.95128035432336e-05,0.0665316360877422,0.00572177188899961,0.00027220466468953,0.0276381188597029,0.0587431872249193,0.00138603647478758,0.00849129009823281,0.0105760484051487,0.120975533279846,0.0090060075935881,0.00772526111014232,0.0191743884213858,0.00517347882539279
0.00771926976305752,0.000525095856557175,0.00393083837177954,0.0117524725186009,0.0096619624246537,0.000265797544999266,0.0137444980100086,0.000271241527470782,0.00105393656590936,0.00366933384095411,0.60618600075276,0.12332354525926,0.000327423401908677,0.000445083499956992,0.0207478225107307,0.000139384390411584,0.00356276444548151,0.00274813206377634,0.000329211708263354,0.02245430892327,0.00669802216140802,0.00122442003693767,0.00900914012801454,0.0325785353620929,0.000392952407910318,0.0036682310035433,0.00841477149169323,0.0826830624036387,0.00472084777062819,0.00705642076459875,0.00700666584480053,0.00368880724492363
0.00114073038769864,0.00134122577698251,0.000126431120063687,0.00741791754597497,0.0100451353306189,0.00168085124694795,0.00423413470353794,0.0124536752047549,0.0149958041710476,0.00205899216452327,0.00516909826608319,0.776888813543234,0.00152044201418833,0.00149745381012249,0.00904023809615719,8.0760449843729e-05,0.00250913650284168,0.000697538616279923,3.51911398087525e-05,0.0284736786511793,0.000897630900711547,0.00310345105634577,0.0118071543105805,0.0282748686135299,0.00142012353184162,0.00995449843675424,0.00223429255913866,0.0433882900580028,0.0122076531318406,0.000743884320829923,0.00350432479987367,0.00105657953866153
0.000729458219497835,0.00228740405232256,0.00430060425226053,0.00126145313744686,0.00577433584308205,0.00165692315437037,0.000810454159818958,0.0013291129035481,0.0388761378764789,0.000510511412927728,0.00550415917737149,0.0235955747792008,0.427536966745413,0.000738382856903881,0.00218747322183201,0.0179473196530675,0.00042708586023667,0.000878643100912782,0.000824734846442408,0.201884227321592,0.00110162990676832,0.0199589368720654,0.0293811178160463,0.166750587146403,0.00846563061739165,0.00823460839380098,0.00302290131659373,0.018240432836613,0.00379118848295843,0.000499968637019484,0.000331419611689061,0.00116061578792492
0.010479819782736,0.0115443161440332,0.00120309580087461,0.0492898660702605,0.00674906421222835,0.00179554971018321,0.00387513314370023,0.0455332129263442,0.0928368686092378,0.0333726592051942,0.00727031448868121,0.0261599098710226,0.000396221762560172,0.496541375625547,0.00393484726687094,0.0686782218294983,0.00357165813175355,4.88947554764245e-05,0.00331624362230323,0.0472528021582444,9.63096866437614e-05,0.00134634557470717,0.00374133579480018,0.0329287822882094,0.00229394049110255,0.00827560188208805,0.00236917417116312,0.0208489156288364,0.000816197349426565,0.00287535123574866,0.00396163201214151,0.00659633876838242
0.00443538776161696,0.00795758306660695,0.00374404076999639,0.0160044063956588,0.0078969259672397,0.00486999241554576,0.00103796219763022,0.0304920900712316,0.104240046505376,0.00364957998497394,0.00981245888775191,0.074369027508211,0.00990569974413615,0.000709043557108171,0.287287893408935,0.0600250125846029,0.00167745607505076,0.00138987181564072,0.00189437945379289,0.115515746574662,0.00403895808675863,0.0172786014944649,0.00819959221471275,0.116962397110006,0.0076523611011596,0.00568047018835875,0.0047038878179243,0.0560291516321401,0.00144452866761764,0.00351516177283557,0.00956417516979606,0.0180161099984581
0.00862373338235705,0.0117231783201554,0.00211882127508618,0.111395003641691,0.00110772676423726,0.000399317791141559,0.00973541762134727,0.058645049766383,0.00323271586359162,0.0347306985990647,0.00623594474573658,0.00180722574872875,0.000183240885307609,0.000597949331457186,0.00169209837681411,0.629256348237347,0.0133447614333269,0.00227498829145781,0.00547931071671697,0.00466963005575258,0.00775511476342106,0.00747223822947707,0.0174268652089025,0.00347356654555889,0.00476641052308486,0.0178835112617157,0.0103097107010364,0.0102373370236586,0.00127081064161877,0.00289451005126526,8.8891890678766e-05,0.00916787231188177
0.00464010640919034,0.000823159224063125,0.000963493669404937,0.00416432035693324,0.044719439443559,0.000195566632719561,0.0227407483869246,0.00433211934021684,0.0421697516468964,0.000659088877287706,0.000105467341410772,0.00429298833674581,0.00473972193298211,0.000289150160083515,0.00420505174089125,0.0703156367130261,0.330167688726879,0.00348821629500582,0.000849916351190376,0.166057212930311,0.0127954602068244,0.00112358864523095,0.0165125245694528,0.225530976139983,0.0104054451920906,0.000492783948115558,0.00701904542604514,0.00770998685441948,0.000139354575271465,0.000380634572980758,0.00292928162632885,0.00504207372753592
0.00641145179933039,0.00140309393374639,0.000206031028061127,0.00254593342453305,0.0158358882339027,0.000229490754418735,0.00121258234207887,0.00178080588757249,0.0176995052744191,9.90549274319774e-05,0.00537644794276441,7.07259800561097e-05,0.0153752140043275,0.00130074096192645,0.000259726328704461,0.0232389732429622,0.00468321494207122,0.539093377919782,0.00110609491854522,0.165624435318889,0.00325115753542066,0.0117986623857545,0.00157672966623435,0.143852168734019,0.000723432427569514,0.00744366525869362,0.00978243780356693,0.005366336022314,0.00514397279061595,2.54482563839204e-05,0.00437237414331458,0.00311082581058906
0.00645969076044916,0.00213241170514804,0.00086568664794697,0.0303166031243886,0.00447986169712002,0.00209955575367732,0.00427103950402736,0.0263201167583619,0.0732664099276993,0.00822456202369977,0.0107679131443326,0.021071499514185,0.0051054063219427,0.000135905186647769,0.00108738935708807,0.0133772974592084,0.00276549744050454,0.000509778728267217,0.570135666274839,0.0491184753598209,0.00584065993548044,0.0135240259144664,0.0593385242597936,0.0457325873179285,0.000706984879881071,0.0136016214533699,0.00369603970740435,0.0141746756069974,0.00250852160662564,0.00190936213144617,0.00643992572216915,1.63047750822844e-05
0.00556270428858905,0.00678058576825781,0.000891222146251813,0.018833608473488,0.0551776389836048,0.00361853370653391,0.0191468150446453,0.0231878740200302,0.0231964741937493,0.00145798648973976,0.00132744949095603,0.067559652294705,0.00363676603721927,7.93618717156935e-05,0.000403141170973872,0.0127881427183787,0.00614723461456436,0.00535021461730939,0.00236916456535211,0.42287997320975,0.00309915806410151,0.00315412983761853,0.0173665762796903,0.0830114548802642,0.0117164054572274,0.0280257281342193,0.000729199588770595,0.143684837996705,0.000347607152669682,0.0053210760138402,0.0157488876404398,0.00740039524863935
0.00187680546495969,0.00186214042068637,0.000159202889828602,0.0187513235263529,0.0222282469614539,0.000150024384596907,0.0109637620700185,0.00190225453656399,0.0135768143023093,0.0298160488969525,0.00662997107171329,0.00134885419557849,3.85798558000791e-05,0.000225737600956478,0.00256391060421972,0.0281079015863871,0.0012025601467791,0.00699257581321134,0.000307184959384519,0.0886440088454978,0.569233225419275,0.0378410968029223,0.0639622918685887,0.0548177300178269,0.00752833772242946,0.00320405153037154,0.00550181335181899,0.000685133720324407,0.000531610648326518,4.51106594604769e-05,0.000416919824416168,0.0188847703009884
0.00126279708207101,0.00809174036739566,0.00203965889076366,0.0255283207131326,0.00626017970476266,0.00233340168163944,0.0100324886438274,0.00326656386419728,0.0913186883258272,0.0152801729507462,0.00013055835142514,0.02716741270416,0.000306271921572752,0.000387251033842764,0.00215694428609879,0.0482755107043107,0.0017443800201106,0.00765020451961686,0.000338738346126268,0.0818504671762914,0.00158254280539553,0.503716264755214,0.0122090392771843,0.0388871123241851,0.0347315245643051,0.0137068198463932,0.00211926816379514,0.0336185655844054,0.00582921048870215,0.00148050397629647,0.00421147808478425,0.0124859188414216
0.000523817226098622,0.0089849639917347,0.000928457094407791,0.00163845871708641,0.00136160546576827,0.0017875101907963,0.00404845661214218,0.00925467834266371,0.0511240016828917,0.00899433274660328,0.000186774230366943,0.0197956516750202,0.000292302049564646,0.000391626257140836,0.000212551355098017,0.0268652766393945,0.00125675343277448,0.00437061535003836,0.000277156444102628,0.0668277773897981,0.00835124492813324,0.0450821050051373,0.601207719678382,0.0227775316796234,0.0231747502062191,0.0216375140768338,0.00398927177131327,0.0359159318102798,0.011419718610355,0.00205785026421977,0.00527291586207651,0.00999067921393551
0.0013678562409986,0.00166253429802407,0.000289474507033642,0.00389246519197385,0.0273190656155032,0.000951732181701227,0.0095451072415231,0.00649630445031266,0.0175116527289111,0.00259354541360986,0.000882082939537936,0.0402462653850832,0.0018941036388493,6.21384368802848e-05,0.000187228451751798,0.0106794904358955,0.00235150163903124,0.00241158089766584,0.000774518436392833,0.065141678018449,0.00127648287176212,0.00206150431912449,0.0106418869892346,0.684215768392018,0.00819922748613438,0.00474570882424176,0.000297004467108149,0.079041389072267,6.20717808300354e-05,0.00272103594373269,0.00965275038023527,0.000824843324183341
0.0053606866842282,0.002204503711495,0.00205946306228144,0.0335536838414446,0.00790005533118605,0.00104323738529052,0.0146325066205168,0.0281366533344896,0.0184769044840388,0.0188305749163718,0.00535301381541289,0.00901040528795782,0.00997974506818143,0.00101424184506079,0.00076041819583328,0.0127708596613487,0.00204771021342384,0.00214652886349866,0.00256472840452626,0.0663362613981052,0.00626067510034554,0.0243100419556989,0.0295928763109157,0.0753462704553099,0.549636023949137,0.00261722948928565,0.0115240921266924,0.0461300526119452,0.00502368635113341,0.00211010530934568,0.00262011265230727,0.000646651563191864
0.00115173108139755,0.00267998474191938,0.00106196626426201,0.166490954931307,0.0167878993693979,0.00495350339920602,0.000229179711273457,0.106023329713178,0.000190042588791134,0.0153771053994739,0.0018846275132681,0.0115428164465432,0.0189770857105374,0.000222437440059409,0.000342402354349551,0.0079427851465253,0.00219609543308491,0.00277424329779499,0.00158775327116017,0.0149998932711985,0.00573570246453436,0.0154733341152172,0.0258708989552214,0.00648083856402628,0.0125583808889065,0.508461601404016,0.0270858745674414,0.0107927172621717,0.00254960602969281,0.000276564043265157,0.00527773432000757,0.00202091030077206
0.00371859093462869,0.00100740028320881,0.000835229495117034,0.0253975846819366,0.0368402890719846,0.000789306160332562,0.0157924444450122,0.0137518349642378,0.0222704682980495,0.00615551963438622,0.0085620467463623,0.0234707345553775,0.0135956420295105,3.14008603724821e-05,0.00311462794613718,0.00226724876479597,0.000701793784260539,0.000883971182831813,0.00124865746718214,0.0189379410161407,0.00597734651545183,0.0096777601732046,0.0154352927418053,0.0437520006875742,0.00888086235360837,0.00183549285661534,0.651866535151613,0.0528697973564398,0.00144593555825544,0.00190059362325072,0.00180830809834464,0.00517734256197178
0.000757140763135962,0.00377559782657419,0.00238913353839292,0.00738757010755772,0.00635107063654794,0.00315144027563534,0.00323555216398093,0.0149622857489051,0.0134165168579894,0.00430002158039063,0.00194539385828932,0.0124079177357081,0.00102598691124637,0.00180149939960914,0.00903913383616533,0.000183924160293295,0.000333157788160085,0.000774387665078999,0.000131163801905727,0.086438677234062,0.00186654895449457,0.0118905640895351,0.0289306948141039,0.0429444134281896,0.00201516923839625,0.00713282944033257,0.00117296709955852,0.697605569031037,0.0302073997939956,0.0020160195835567,6.20057742353072e-05,0.000348246862935884
0.000895276304811524,0.00110640958686598,0.000418391510821207,0.0131264701603466,0.0634710088857237,0.00126904452160651,0.0302023475202189,0.00122518856051525,0.00841114050389741,0.00155910978599057,0.00826980453817763,0.0360370690478873,0.000164474677898783,0.00040417616127285,0.00150790259276036,0.0250240309221005,0.00117186440394481,0.001697582255718,0.000618629920519136,0.112701268785318,0.00218273800713003,0.00253216329761778,6.17278298177625e-06,0.0623223244951035,0.0123488511310872,0.00695897496511868,0.0155944603545085,0.0229872973124328,0.558273998674765,0.00274272827694354,0.00469837446481899,7.07255910974751e-05
0.000133671996033069,0.00617182547271514,0.000851125997912175,0.000500694660449206,0.0106842053966543,0.00401595603306102,0.00356110748280712,0.00226976854126785,0.0909321327645831,0.00257141062584676,0.00581094921466644,0.0253742999392618,0.000245020797078689,0.00156515351225692,0.0013182487256084,0.0499974851098079,0.000953824744843512,0.00166036708430056,0.000994382068152971,0.0597768240348588,0.00798323268917964,0.00103131849733387,0.0163258123047026,0.0862672472342518,0.0053781398473004,0.00115184087036215,0.00166501952806864,0.0360328240044451,0.00188562931917438,0.561852925823991,0.00779649877739709,0.00324105690162748
0.000817581809096737,0.000805404091759142,1.09614837655701e-05,0.0132701605502873,0.0038177086583549,0.00113141051658497,0.00231180144641584,0.00558771125690903,0.0970880512328042,0.0049220140312429,0.0160014355751557,0.100222107766799,0.00137192593593816,0.00295387763373277,0.00205174040836425,0.0563938028851891,0.0029888582554059,0.00625514202741943,0.00338154238186292,0.00512149704459782,0.00282218431832128,0.00468037378259055,0.00381338678024579,0.000124615738126083,2.55609035638965e-05,0.0121030782868514,0.00254063427549799,0.102699457919109,0.00189798141575497,0.000242874085906964,0.532105243586579,0.0104398739157671
0.000261226533142101,0.00258376125917354,0.000592417169002851,0.00930916775244262,0.00250512454985258,0.000825378039438645,0.00847009622466832,0.00357456499551654,0.0144427805238011,0.0143483929266789,0.000466488346682415,0.00514453818387048,0.00445137095633557,0.000253828450245518,0.000188889399533023,0.0054663503704434,0.00144685358862378,0.00426340410955185,0.000949244910301836,0.0115724518416258,1.28067466208517e-05,0.0228874389174808,0.0139626408454957,0.0059930500396587,0.0204655608804253,0.00425916254674254,0.00392771356908121,0.00501123116503328,0.0087100714993426,0.00242208165591148,0.00525640882161401,0.815975503181663
