0.03939149402378739,-0.0013248687169489012,0.0002501540363235,0.0031735799506971,-0.03669084344864099,0.0043827933602185,-0.0114790186045776,-0.0064374023618849995,0.0158538661700764,-0.0010867804457949,-0.0042861892753614,-0.0033861135005096993,-0.005910462495138699,-0.000261030358674,-0.0024949272351181004,0.012079452110086694,0.0035799336317302,0.0012601182490616998,-0.0013131615036990998,-0.0009019851126362002,0.00020789478744850064,-0.002262499807595,0.0003022373633880999,-0.0031322230606002,0.0012430286664389008,-0.0037281115821777002,-0.0008435861516346999,0.0027407684802388983,-0.0024045286051762,-0.0009201471175741,0.002757136062763,0.0016414224914830002
0.0016726174615625004,0.006283483763570796,-0.0024438829961717003,-0.013863066425372106,-0.012667745122165397,0.003591688677323103,-0.008651873981724297,-0.03358135928122061,0.0268212826843078,0.0084864040871804,-0.0150757586043177,0.004481377015466298,-0.0015392595300509002,0.0013172390155752002,0.0009679210914792001,0.002695667093664103,-0.0016210539835743,-0.0007313920131548001,-0.0007700211688878001,0.0024425495810076,0.0023216733915403997,-0.0051316677460437,0.0055881240432473,0.0034993932073353,0.004972864850939701,-0.0006737228935686,-1.559813268999996e-05,0.0230685286294721,-0.0010873086508121996,-0.00013620239915159994,-0.0019801805647916004,0.0017592789000256993
0.0014445102509102001,0.0013512299076463997,0.007665811225613717,-0.0049095381269931,-0.020770878974154396,0.007919290999565098,-0.0079870948355973,-0.002778102849933399,0.0231709590012443,0.003032025558792599,0.0032781864623282995,-0.007220429397247898,0.0037534659119399004,-0.00011221940096800011,-0.0095324325865821,0.0130069801738445,0.0009130641708399003,0.0006233337657599002,-0.0008043783977721001,-0.0029374888120161,0.0009249823551509004,-0.0022184276908967003,0.0008498909871118001,0.0052320207990339,-0.0035004324526500003,0.001393988996707,-0.0021719265125095004,-0.0071935849255081,0.0009522323971347998,-0.0003108118582676999,0.0006141002379992,-0.0036783263805260993
-0.0007174416510168002,-0.0016234638775856998,-0.0034007891297626,0.03636308000189259,-0.0292622041790327,0.0004717220257067986,-0.015093856803865699,0.009032565440873802,0.006775208163233499,0.004644591617959895,-0.012787793486565899,-0.006394752225075701,-0.0082267409445776,-0.0001899173784124001,-0.0012412964031297997,-0.0057478114411979005,0.0008223717642420999,-0.0011186904945352,0.0002631086202814,0.0016030979007332002,0.0078391164848682,0.0043386533758905995,0.0063167354388437005,0.007012496221931899,0.0053832177174421,-0.0029863622585587003,-0.0009817555262244,-0.0017260374053424989,-0.0038022099744622006,0.00033189494474070006,0.00022331875147179985,0.0038799447092335
-0.0032409867005405,0.0014812406959543003,-0.0005983472604165997,0.005316861173902898,-0.005127536591912896,0.0009697933330737006,0.012258505577411899,0.013601645306722907,0.00041191097861790343,0.010549319219282802,-0.008348469025821599,-0.014407334256460699,-0.0050229544963458,-0.0012786196714152,0.0005736428077935001,0.0060506859608873975,0.0014596185813975995,0.0005406465456781998,0.0015430521737197001,-0.00019097309256399997,-0.003576314904357201,0.0005351774157779004,-0.0005034733981850994,-0.003380058135581501,-0.004238779952616701,0.0008891866444436002,0.0005194756274794991,-0.016305233108873697,-0.0026346207528303005,0.0019440436895241,0.0005421117319000003,0.009666783884353998
0.0008470216732291004,0.0012411859512171,-0.0030548642869692,0.007217163939038304,0.028061655356445905,-0.0721174234007857,0.007230652346933299,0.0052579888789811915,0.021356275631388,0.0023879635828673983,-0.010206334074965998,-0.010170305520457501,-0.001377368876237,-0.0007347641415311002,0.0009291366360733,0.0122800134531394,0.0008031459649758001,0.0006840130605799003,0.0008718493742516,0.00039312723051759986,0.0028354703996923006,0.0058177303587298,0.005483828121945799,0.0040250670758211,-0.0024743774336148,-0.0008319270273599,-0.0010010573397940003,-0.017214486458019998,-0.0019355711539552002,0.0010392115190058,0.00033989304156719995,0.012016086117290298
0.0012583294881797998,0.0012788471649712,-0.00011971300666420003,-0.0019497484727182997,0.019120937012879105,0.005236370471552701,-0.017136329150846397,-0.007684972413112397,-0.004924544563656201,3.0345495574301412e-05,-0.00022450221538370015,0.0011250817538833,-0.0014933096531165998,0.0003021524853206001,-0.0021772068505511,0.0034383258482144005,0.0011101874277534998,0.0001243862073758001,0.0009635602506847001,0.0001894024420725001,-0.00033335698164109993,0.0019908199153259006,0.0014147606982056011,0.0013499751455685995,-0.0022631351949124,0.0010046030679621,-0.00025596169341930014,-0.0012878612649545994,0.0004462887603305999,0.0004050822668371,-6.890541535470003e-05,-0.0008699090263607993
-0.0016292062828677,-0.0041730292826787,-0.0005092681502049,-0.020194328275507198,-0.013683702383579105,-0.0044390900802205,0.0023034916775263,0.008926046135816157,0.0036090342226634993,0.0092990517437765,-0.009358616673232803,0.005029989022865802,-0.0105764822170633,-0.0011350975635282,0.0013343983081147,0.0021726088353249996,-0.004324536504905299,-0.0010769310107915002,-0.0012693632703646002,0.0009790681947005999,0.0061249426612828,-0.0027860796736972,0.0035376092932190998,0.009892474529844502,0.0034117015904748995,0.0036615072425116003,0.0013112663987618995,0.002710082632651,0.0058466060724051,0.0019107483851141,0.0009527182568546998,0.0021423861647326004
0.0008180669862848993,-0.0006167208237632003,-0.0008901389635278,-0.0019178864246411007,-0.0288210203433736,-0.006833791050972099,-0.0157569773860614,0.0066127588535877,0.11430024818325457,-0.0035663485461404007,-0.0198416667131618,-0.0213468525783366,-0.0065700296750679,-0.0002722527345953,-0.0018585275151929,0.002732785201790499,-0.0022622085121511,-0.001088096746824599,0.0012874577810222001,0.0012465836612436,0.0030428515988950022,-0.0165523530623279,-0.0021741154403324,0.0058730699289939,0.005575637493716298,0.0027910871538682,-0.0006287573150972003,-0.012187805494387699,-0.0037377792456595995,2.2893949096800025e-05,0.0007245029447375999,0.001895384835122603
-0.0008240207150853,0.0044900702609586,-6.200442703310034e-05,0.0096288299173522,0.00040148905495131226,0.011862495386503101,-0.012331421453984803,0.022260568665274,-0.026879989983258794,-0.0091422861389574,-0.012295873096577398,-0.0015608443983326,0.00014897556951139895,-0.0009832570784854998,-0.0014476614451849005,-0.012416179766160797,0.0031253784427041,0.0005684773853803999,0.00019666840505469995,0.0047050022587208,2.2403063584000744e-05,-0.00021209482109129946,0.0065847807315592005,0.0118059811977404,-0.0034966926194401997,-0.0017156027876226998,-0.0029649256831467,0.004813755233579001,0.0036636447797769,0.0004011261726629999,-6.564729647250004e-05,0.0017188551855208001
-0.0006317620371784,0.0008351410556185,-0.00047899909236040006,0.0038421703406455003,-0.0165208910437298,0.0038110933565677005,-0.008251346838224198,0.0007779526964421003,-0.005568247316703998,0.019481968067101507,0.005071183971717574,-0.0030911502773220984,0.0023677640641595003,5.545750880039989e-05,0.0001454751877090002,-0.004673373418310001,0.00033388950199689975,-0.00046841392135630005,-0.0009284126867182,0.0003033915819753998,0.0003167142814026998,-0.0004982446370072999,0.0036966393367017,0.0032021063732619003,-0.0006877116044343998,-0.0014821562127818,-0.0009356382734499002,-0.0028045621469839008,0.0028664671855576007,-5.45683435664e-05,-0.00015440780604610016,0.00012247114651530062
0.0006938913426219999,0.0009484066055944001,0.0006613650504376999,-0.0050264867167774,0.005631904873739799,0.009185844540881699,-6.125201324210135e-05,-0.0007325580793738993,0.0088201142157769,-0.0001047887180609993,-0.0080096443175013,0.009355540607532298,-0.006053894279000001,0.0009681245268657998,-0.0022154352714086997,0.003400685863953099,0.0058232131986007,0.0004402809551071001,0.0002977212165126,0.0006109289947308001,0.0005340128811998001,0.0025461634651671,-0.0022324837546658,-0.0016327185188115996,0.0029351146151317987,0.0003927866078251999,-0.00018941977550529987,-0.0282205138297683,0.0022219336453457,0.00020415667227350015,0.0015478288343085001,-0.0027408234394912002
-0.0008869186691216999,-0.0030290143311046,0.0008275303744257998,0.0116450229850241,0.005534929711490697,0.004189134166460001,0.016647055504443998,0.006206174859173198,0.002902422065623699,0.004883474536875,-0.011407853879678699,-0.0062326245862295016,-0.016783968598676036,0.0013490565726315,0.0077732751857015996,-0.0088642192804129,-0.00017618151684079984,-0.0017994213354317,-0.0004905940376944999,0.00010916883715009987,-5.8048545513800145e-05,0.0016185646715866,0.0013677542256641008,0.0016387187627212997,0.0033991417306795998,-0.0014773281941366,-0.0030587363083656996,-0.016485489787443602,0.002198627142423,0.00016238259448360013,-0.00015879419570710013,-0.0015432406602011008
-0.00022983394519699926,-0.0007286540280011002,-0.0019150547037348003,-0.009913002846280196,0.0078107283689181,0.008859365396226601,-0.016925957083829497,-0.0061704122977799016,-0.0121826182972223,-0.008222897633874602,-0.013670205430446,-0.0043955788895828005,-0.009687237274094299,0.06628041979522836,0.0027961723385488005,0.0004761106784988995,0.0003831056731061003,-0.0012194599252624001,0.0022093275159565003,-0.0007721385471364996,5.736776151200017e-05,-0.0010744808929772,-0.0010304379320637998,0.0024760374987280002,0.0063840327233366,-0.00016166680410830032,-0.00026351296793910043,-0.011134983518373701,-0.0042602681794472,-0.0020508734591277,-0.0004973326102883997,0.0087739395167073
0.0006160511447319999,-0.0009372471207689001,0.000869270266845,-0.0341954187543763,0.021870546089404294,0.0008293547573321042,-0.0018580953429838017,-0.0007382338152630008,0.0098759397149282,0.007902266556502101,-0.02370086846847949,-0.010429222539129306,-0.0149063093364512,0.0016676403908316999,0.051589413830744,-0.0031060096481897986,0.0006508438558986999,-0.00019330030978299958,0.0001997489273841,-3.9718183660799895e-05,-0.0030545903278038004,0.0031795317136017994,0.0003167979615122003,-0.0027881025708891005,0.0041354815333153995,-0.0015245697598268,0.00037773150135559947,-0.0193768315177335,0.0034968434118362,0.0013869095014911001,0.001979115149193699,0.0059050313884300995
-0.0020338105173364,0.0013081798620339,-1.5042598302699968e-05,0.0035771142952592,0.0111806360079185,-0.004475166305845199,0.021316064333079802,0.003429160498634001,0.0010083123580944993,-0.007466794913150499,-0.015752601870522402,-0.007457145873590499,-0.0051802698224535995,-0.00048701041030790014,0.0007894130595166998,0.058082877052991866,-0.0046272762808939,0.00017417450220999975,-0.0010379974247876002,0.00189527775648,-0.0012442436764431002,-0.0096175913975982,-0.006154396571925199,-0.0037219168084102004,-0.006003153427815098,0.0019326006614281003,-0.002285600942488,-0.016853430655850397,-0.0021966008709256002,-0.00045268301302649986,-0.0022237780912445996,-0.0054072989147286
-0.0010665930345531995,0.0017797953531348987,-0.0031339192667367,0.018478402841287805,-0.030556111925673098,0.0001133454442840999,-0.0331481617059664,0.007337468753125395,-0.0099690541700053,0.008717571314691,0.0013814552927905004,0.015365832402485199,-0.0007031480342377999,0.0007010162180063,0.001667928961164,-0.029890679681239006,0.013002769685735216,0.012825507370049699,-0.0021567095613251,-0.0005889046859686997,-0.007508330371543,0.0082351053457662,0.0011290729841573997,-0.0048292685630784,-0.0029911232597414996,0.0014838088819996002,0.0021821040750302995,0.026933721253761797,0.0012697257066782998,-0.0006052850516232001,0.0008758005993155999,0.0036668568282284004
-6.935453686370083e-05,0.0016940534599369002,-0.0038778457870419,-0.006920954685935902,0.016457584579561903,-0.009760675024969499,0.010713551998895801,-0.0129497976074433,0.0005358405089655998,0.0017075315888508001,-0.0018984794300424997,-0.0013458247317738002,-0.0008136530326986,-5.8801200627999926e-05,-0.0022113629816018997,0.004752833227112702,-0.0010415665664735996,-0.003587319760808838,0.0011842737406159995,0.001747726020728999,0.0018723243965465004,0.0091734577486396,0.005206259033124801,0.0023837840737318,-0.007835956156962299,-0.0016408119642327,-0.0012213828475120996,0.0010808688323466,-0.0021482083225242998,-0.00033295802861529997,0.0002922903306027001,-0.0010874268735325005
-2.4338229759999705e-05,0.0018780031723171003,-0.0002982000061371999,-0.0035733228952617,-0.0095152812423283,0.0010308069447837985,-0.0039656371546734,-0.003942760124134801,-0.0036105105473313998,0.0062849999102517,0.0046091628851081,-0.003386837145617499,-0.0024606426509075994,0.0029521185981905996,0.0026228089055718,-0.008046829706816902,-0.0004973583295721992,0.0057092113976574,0.03290707846245655,-0.0018543567302092999,-0.007130430767229101,-0.0021690705357182,0.0003944758711145,-0.004696593838546198,-0.003737250978466101,0.003793274710687599,0.0036594115315494993,-0.005990574219423599,-0.0016170822446411998,0.0039025771174378,0.0003130777540844001,-0.0035399299144363
0.002195129003595,-0.00014747453147889982,-0.0008170469368571,0.0066889935797048005,-0.012832537003704098,-0.003969306669375101,-0.009912396852906902,-0.001423003796772803,-0.0135862475084729,0.0021587578614431996,0.014066073916555498,-0.010934546652506,0.0085626706450651,-0.0007103324731081,0.0006851501211104999,-0.0059446493436149,0.004643650520700999,0.0033219498449182,-0.0007859716972395004,0.011521481289125668,0.0048609959069182,0.0018237902196323007,-0.007983959000145001,0.011393534121965001,0.004123317681499601,0.0011109875788723987,-0.0016075149294088008,-0.0024076656272582,-0.003982756116395,-0.0020098273234679994,0.0010542835072882995,0.0008444706643162998
-2.3888208656100115e-05,0.00024007201497949944,-6.53950811294996e-05,-0.0094134926845666,0.007163251132875397,-0.0038032211550506987,-0.0013057964157586997,-0.004376352927499397,-0.017900240010143495,-0.0022154209418582,0.00013901835029189995,-0.0029519913922248005,0.00023202053865339998,-0.00012316938604009986,-0.0004628040872205999,-0.0094246333379084,-0.0003694718208530996,-0.0037714278767257,0.0011495594855264,-0.0015080603103614,0.016577039028464524,-0.0112622127816576,-0.0009189873584590988,0.006412885958072399,0.011609194039977202,0.0064569521272304,0.003289662881585999,-0.0084527084667004,-0.0003712170312491995,0.00030206080845369965,0.0024422282567189,0.022706546651233096
-0.0011532012048025,0.0011511046708434,-0.0013821794150136002,-0.0006059925568660997,-0.0647442615781886,-0.007180633769513599,-0.010053306437299599,-0.007082939244299698,0.005006268715355901,0.0024983050363065,9.57997322401094e-07,-0.004774929262916501,0.0039987110671612005,-0.00020890961929430005,0.00215656060438,0.002459157583932399,-0.0005698650199271,0.0011369218629644004,0.0005307812196458999,-0.0016357849729237003,0.0022973916988476995,0.06184766172797329,0.006724760994604099,6.075756793110041e-05,0.019076745430558102,-0.0050405855373554,0.0033936322578439993,0.0042999438947369,-0.0019741885696354998,-0.00026163628571399997,0.0007958381544180999,-0.010767087011075697
0.00019844319987020022,-0.001415694997233,0.0008969548046364,-0.0103739583738344,-0.025012090506621502,-0.020554760461444603,0.0011657174943737,-0.007059320594527699,0.011246681413137399,-0.0016685033704618999,-0.0029694052889921996,-0.0169927463623157,-0.0012614730657248985,-0.0005661895036338999,-0.0004945055451796999,-0.008640435542710002,0.0041119121977817,0.0060288636520371,0.0012097658845842002,0.0028234522430636002,0.0005121823543565995,-0.0012021323416325,0.034571496921950606,0.0038723908852377007,0.0357965594332093,0.0021973524308347005,0.0011146608154112003,-0.0018787020505611,-0.0026915906938417,-0.0006805866598933,0.00018277680124229988,-0.0024671151731184005
0.0015840946188584,0.0005513585941809998,-0.00010146189527050005,-0.0104996774498325,-0.0255454337363494,-0.012147394378838598,0.0070509464947095014,-0.0074074706578246,-0.0048236620007246,-0.0007101523937599,-0.0036498903713208,-0.0018556574096479997,-0.0010454649792648995,-0.0009933026608413,-0.0023167977908417,-0.0029826966628571996,0.0022920913999421,0.0012644654909952997,0.0010681199593071,0.008167342164585301,0.0017129555352245994,0.0012551223814581992,0.006626431572640999,0.05090870162263039,0.005925404411185801,0.0013395323818036998,0.0018754023884542002,-0.0062650140205657,-0.0037033836731231997,-0.00013983984131070003,-0.0005417038975022003,-0.006892965196100999
-0.0009045766461909998,0.0005668151575943005,-0.0005722182838101,-0.0064636794498176995,0.05142116839590159,0.0015214941585105987,0.0190503405399588,0.011724681412487399,0.004577808659400898,0.0037263466045858,0.002019850141913899,-0.004954010424725002,0.0018594309864032998,0.0008094970723050999,-5.0536120665100204e-05,0.0209022098186871,-0.006505168850491699,-0.003141192589949799,0.0007410939141626002,-0.00013195066244170005,-0.0001464108672169992,-0.022064368070335003,-0.0042530416829624,0.0036032980349832997,-0.06123159857046895,0.0048880135853609005,0.0026252858208029002,0.0005101382948489996,4.463815058649949e-05,-0.00010172331330919994,1.4234291140299924e-05,-0.020085869507249596
0.0009716152429111,-0.0010314199361669,-0.0007235244738392,-0.0172742750599348,0.030985157895736797,-0.004375289417566503,0.0055667083669131995,-0.009333681617291,-0.0039106894666559,0.0013193093658062996,0.0011517026990653031,-0.0142859815088573,0.0008772968069497011,-0.0005656764304237001,0.00025293377115310003,0.009814586287263602,-0.002980651463658701,-0.0020706652114906004,0.0011262082242728998,0.005790287755430201,-0.0008831460490321,0.00048048045591689986,0.0020719941291738007,0.015025283856877597,0.012488199497646601,-0.030605470117082922,0.011780163773140402,-0.028021029701478697,-0.0018480592574019001,0.0007958466037196999,0.0004894552303326997,0.01692232974857
0.00019180568892030012,0.0006060272881301004,0.0007341285406900001,-0.0082620984358837,-0.0125886382402055,0.0003490076399985994,0.0058047357905432004,-0.0079936317916708,0.002190980029721599,-0.0008555831471812997,-0.0028622516385135993,0.0035670190243945014,-0.0034327913286315,-0.000305301276282,0.0009178035172392003,-0.0013573629028150996,0.00048114622204850025,0.0022240468634385,-5.074222711299995e-05,-0.005467516159227201,0.0008108004595933985,-0.0019107552344945003,-0.0007840578405398993,-0.004929629689296999,0.0030682383279582006,0.011190377558625106,0.015083623875559171,-0.0079498912524043,-0.0005851614066571999,0.0010376493080769002,0.0020229156793493,0.0090551067566304
0.0009025036997272,3.1830951702999447e-06,0.0005521403165476,-0.0133621089760284,0.012042761649336702,0.0048971161461277,0.006837207663870002,-0.002684043743381003,0.0129667685060759,-0.0035721684210648,-0.029861165727758203,0.0008273912460276013,-0.0148927703724007,0.0007587242631906001,0.0014174721745424,0.002139637923706302,0.006051923824056799,0.0015061103688859,0.0005255980833103,0.00284150361976,0.0015799708861321004,0.0015132415966076992,-0.004920718191932901,-0.0021780753562828,0.0083530288667025,-0.0024218789737158993,-0.0035357999191152,0.009168386592229738,-1.2624216450003029e-06,-0.0004480050007838001,0.0010182704848048004,0.0019750560972964003
0.0013078177734755,-0.0013851375036276,-7.328265634320009e-05,-0.0061748068659327,0.0018006012454643977,0.001043729686319099,-0.0123071710908609,-0.002327697345535,0.0104954446456968,-0.0138557604193096,0.001208619957059301,-0.0285740456615154,0.0043854016262732,-0.0008793020033911001,-0.0012653273518359008,0.0021039394570787004,0.0001348026643539996,-0.0028188536269269002,-0.00048222556038959993,0.004506707833403199,0.00029176556889069956,0.0039482987625968,0.0018528484005456,0.0069556917819339,0.0037541546867380995,0.0018954884055924002,-0.0009188088476986007,-0.0217139294803088,0.04103951950176388,-2.7316792740500083e-05,0.004401364721323301,0.0016774684879071987
6.493648355749984e-05,0.0014966152678274002,0.0009550962501044999,-0.0087077391607855,0.014512911769472503,0.024758280311621497,-0.0013595958010283998,-0.0054789323942927,-0.007832127086426402,0.0031719067795805004,0.004068833250105101,-0.004374040556613102,0.00018486079850830008,-0.0007335122974149,0.0007999526925626999,-0.0017834891400968014,-0.0005523340589481999,0.0006918093323611001,-0.00010893050064510017,-0.001987920351187101,-0.0007013496694894998,0.0009442706750634999,-0.003285530197754,0.0008166184441911004,0.00023238673107109972,0.011063521644728801,-0.00024587587279000043,-0.0040820290912860005,-0.0008802941051307004,-0.012340143231892031,-0.002338803809445799,-0.0069693531055290995
-0.00045664618709829997,-0.0021435566879510998,0.00016015972446129997,0.0081626369725527,-0.031704975246674504,0.0010861488113801995,-0.014367136812105101,0.004435347466368899,-0.0019016995813262993,0.0028103580047281994,2.3379544568699617e-05,-0.0054916023716423,0.0008336842383487994,0.0007749397713777998,-0.0006210055103674002,-0.0111101902570603,-0.0039874606320339,-0.00030632002910209975,-0.0023755994106552996,0.0029823778865340003,0.0012059978300627003,0.0005889544845038,0.0050983322589618,0.005002417461844301,-0.0002497073550542994,0.0042031127966128,-0.005891880620789101,-0.0012731665538855998,0.0041265254430396005,-0.0011041306887592,0.04491181000980071,-0.0034211047606416004
0.00025017833836660014,0.0022196677186893006,-0.0006329188507880998,-0.0048643975534401,-0.0010098153835946012,-0.002282258592444901,0.017788599282392896,-0.008939251272381502,-0.0014206296285005984,-0.0011030312504168999,-0.0016025385771039,-0.0011301015380501007,0.0045335912610926996,-0.0002453658943238,0.0016248502163391998,0.007142842502852699,-0.0020277947757526005,-0.0021642237207852005,0.0008860490072344002,0.0003327273725748001,0.0002516716384527995,-0.0147489732264388,-0.0006127432032866,0.0079729381523332,0.0128105147271268,0.0033165034924384,0.0031222208059392,-0.000793070451333899,-0.0015637958172645995,-0.00031444073505490006,-0.00024320362666710004,-0.016553800418204645
