0.678604654185332,0.0131709565974969,0.0282334487654132,0.0113188813657811,0.0127345662343817,0.00769514035962883,0.0252218704748148,0.000134242479969988,0.0119531805581676,0.0118501197625873,0.0056618085479208,0.0329807523659379,0.00209112190349727,0.00258917687513487,0.00335730114371991,0.0225738711303751,0.0098905682522467,0.000876106309168445,0.0080347102048924,0.0100105476465196,0.00181783887173981,0.00442806828326026,0.00957152069494492,0.0285071357399711,0.00187863766031738,0.00556767637188124,0.000779475997078777,0.00694799175637915,0.0125866753768764,0.0016111004430011,0.000137744672636441,0.0271831089689266
0.0143289914965223,0.50432210597334,0.0383787093213581,0.00165268730847504,0.0179896165826013,0.0712892049823862,0.0305189823751199,0.0150121067009001,0.00899481330637377,0.00170553023616516,0.0113919409113143,0.0900896413210307,0.000554945422063464,0.000173977474675682,0.00559891497418847,0.0284349880319556,0.0122476704713248,0.000509665239665839,0.00111434058904816,0.00754491919606804,0.02601411765877,0.000607182902586181,0.00415986366337942,0.00589992036661604,0.0249181746422401,0.0129430896148844,0.000298108615834397,0.0252129593906686,0.0186415458055134,0.00736946584581715,0.00553435625010218,0.00654746332901084
0.0155203581552034,0.0206016019525185,0.7140516437437,0.0280368829621433,0.0219693069513915,0.00920286184522531,0.00860470564782935,0.00736803121301868,0.0139629220556852,0.00709447646676817,0.0162541278450646,0.0260787403252735,0.0115353010987618,0.00247103697666096,0.00801359822636842,0.00641289057897325,0.0017440572687049,0.000549865409486256,0.00102125918427812,0.00616288306076461,0.00459398533885773,0.00214417310296782,0.0014053762076248,0.0123417899509565,0.00700267040116699,0.00439866927261243,0.00649659575680299,0.0254946898215205,0.00109185784644458,0.00307401375010757,0.00161204734523837,0.00368758023787991
0.00050623129077028,0.00535225255537469,0.00205932954200807,0.621005713068929,0.0517652482791188,0.026931727268554,0.0186821714769708,0.00372013992909904,0.0964750663061612,0.0300975887775434,0.00968897109040964,0.00365699477174459,0.0247631887057797,0.00334857662221554,0.00690451607714994,0.0563628418056373,0.00158602923923228,0.000324354799982595,0.00253041648457094,0.000473068128732288,0.000685930164705738,0.00219133848806079,0.0022667291469938,0.0022443684111394,0.00769605971825204,0.00160535852642615,0.00041554126977209,0.00526914795319225,0.0025288985460166,0.0011866927359487,0.000443855572119973,0.00723165324738857
0.0284368949272365,0.0152534185208704,0.0104052539766348,0.0226308333684012,0.327396388327725,0.123211987876393,0.0311641965260797,0.0559473312807175,0.0276539448808573,0.0399948222889539,0.00725527363920875,0.0160029868716381,0.00229965490464651,0.00590217927655946,0.00863435894322289,0.112863415871472,0.00823838424656268,0.00253839500221949,0.000211498140605293,0.0244881586449902,0.0301851187871318,0.00478558026127109,0.0216562800243589,0.0171813542487101,0.00428356400777498,0.00692596821645148,0.00239979431502877,0.00360387823838187,0.0102542855837141,0.00286901473432324,0.00323121010589581,0.0220945739619626
0.0122819399160789,0.00363698952393491,0.0106678863287638,0.0062219469648311,0.0119584691719726,0.616877279046113,0.0010408199605491,0.0550221876638603,0.0428229547460132,0.00730879347866515,0.00123109662633465,0.0333901768932052,0.00143037872195687,0.00167088003976084,0.0108183074151325,0.066341232528383,0.00250583902930339,0.000314354645333184,0.001173647251099,0.0183538195932631,0.0265028336552989,0.000732890871893874,0.00816765940562096,0.0109784233124471,0.00203845307328264,0.00230530962372104,0.00519459247148362,0.00562042677878944,0.0157999301356711,0.000218073627908628,0.00100798820194992,0.0163644192973786
0.0409563703906843,0.0079822941469039,0.0175138966495149,0.0354080297550068,0.0901411606743583,0.045593972869201,0.37488673583775,0.030086465958726,0.0323466507196062,0.0128982381973193,0.00136234213128832,0.00402407386494297,0.012144550552843,0.024734131088447,0.036088140660863,0.0201567392198599,0.0180159634226375,0.000159478993771164,0.0010482813329267,0.0408071322606129,0.0381869437926975,0.00415099097870629,0.0327234010770644,0.0141838394198612,0.0011946437218619,0.0149397560486496,0.00576241981461005,0.000368899279207943,0.00340757873441826,0.00401547690944581,0.0165855573345836,0.0181258441616302
0.00218840053972545,0.00806284441935104,0.00158423791045861,0.049931594836286,0.05967715319085,0.0503336811747747,0.00526947227290587,0.42618247504511,0.12299484956999,0.0660999361079906,0.0159733545460835,0.00551276496979766,0.0212008295691816,0.00229174791197867,0.00378143636461587,0.076372166726583,0.000391939580877616,6.26612576245686e-05,0.00426364908366224,0.00381568652093441,0.0108441137935906,0.0019719986685753,0.00116851350721322,0.0066217202932052,0.0109562405442086,0.00408565154487611,0.000887380086528663,0.00842377417181299,0.00695694895122676,0.00204355671682791,0.000576652670428727,0.0194725674527241
0.00699817279862218,0.00899529933254538,0.000202060049944051,0.00221875068386848,0.0326126891025046,0.0398139800106233,0.0255630153130722,0.0211868504081698,0.646513074023756,0.00982417751313135,0.00380176840084815,0.03077874851304,0.00740174551296507,0.00772357942564329,0.0140620190975036,0.0561914401438522,0.0137371196964383,0.000667168764623509,0.000206654159390107,0.00344692233197726,0.00054705374582309,0.00460395383282032,0.000672252216278504,0.000414810298302073,0.000540866395629464,0.00868670728393493,0.00058964286945328,0.0252024005747594,0.0161807805278338,0.00127075206441993,0.00655776885185298,0.00278777605637374
0.00168589060679642,0.000273527166213937,0.000937008755592882,0.0314223859878962,0.00929012066798984,0.0109716313409174,0.00682523541412748,0.00823850368212942,0.0309440520963898,0.763628394933601,0.0299908132940165,0.0156271775461122,0.00191311584655402,0.00354868957258106,0.00462438490126929,0.0137694678045208,0.000728484177453643,0.000416906213618575,0.00063326272438934,0.000706463972352116,0.00360773329809116,0.00061441630182817,0.000901287314043819,0.000193339461570816,0.00506112295984433,0.0112774210379788,0.000508841715156203,0.00346737459103989,0.0222876426676849,0.00137028080767445,0.0122233237824446,0.00231169935812216
0.000189895892354683,0.00256148189586723,9.21390155658715e-05,0.167255599716893,0.0119456296589715,0.0109604312533081,0.00216306520609475,0.050797074759627,0.0510999353574458,0.0176230756304083,0.398304289206517,0.0711966712537019,0.0313913594936113,0.000630390361269174,0.00401029815176999,0.05477036627608,0.000150746714041597,0.000828155841926438,0.00262837514429125,0.00156099646099588,0.0188092455538319,0.000769447751196762,0.00628780045561153,0.00112052145924645,0.011540250853952,0.0050100880631886,0.000915507700686134,0.0535277446238639,0.00117415785374762,0.00228042398771233,0.0176360719558291,0.000768762450392382
0.0086502252724915,0.00361548625538341,0.00245502520899286,0.00645208861586586,0.137383177542917,0.00890992024575127,0.0694144429275548,0.0111018261971642,0.121910952179214,0.00414212158859704,0.00231808626501617,0.417029740633031,0.0198168464154875,0.000861057674500693,0.00091925737203241,0.0155673447290781,0.0051283378208729,0.00408784286645265,0.00417489299235,0.00251509241588788,0.0109184697537197,0.00788516260651129,0.00514419490513304,0.00232765507543661,0.0261021163020568,0.00897404396752691,0.00650367195280154,0.0231640448429991,0.0289849247470352,0.00360499380110706,0.0227001997758529,0.00723675705117872
0.00259479130401661,0.00356058391907127,0.000622532357410686,0.112618718265124,0.00156549684387878,0.00610731820027177,0.0328328236276238,0.077196888954648,0.00152148101576349,0.0608762002214816,0.101704259174855,0.143648292193847,0.227028681144298,0.00203768743989531,0.00147427070335892,0.0375747668087761,0.00496447812034456,0.00104797789256678,0.00129115453700763,0.00540469748722164,0.016796966328726,0.000189991592329406,0.0227145190107082,0.00557752233880914,0.000565074668457815,0.0106299450167098,0.0012893265078241,0.104920415601531,0.00157207410149911,0.00252464356127321,0.0063618929714743,0.00118452808919641
0.000193937794569411,0.00186173254408504,0.00273648003698778,0.112836646643808,0.033922337401945,0.000328272651451788,0.0174013925991482,0.0238614233110971,0.0579307592933331,0.0354773186984584,9.42291674297731e-05,0.0082726210274513,0.0048176886724919,0.596944717468156,0.0229883432855776,0.0125907770497065,0.0112654573024066,0.00555667207585194,0.000490472652525517,0.00577293241217916,0.00252827886071734,0.00527823244731276,0.000546560523637374,0.00154975197951743,0.00382458849971103,0.00294141760151159,5.55835885342716e-06,0.0111026192246915,0.00295065347358471,3.23425711415764e-05,0.000624421397993969,0.0132713629726674
0.00542561040830283,0.00290931337556046,0.000291873374049442,0.0287041285769421,0.0203560350771915,0.00313209063854571,0.0219596105929236,0.0501391472240923,0.0150485089314234,0.0033729395264535,0.0277008474991181,0.101528160725113,0.00465661140899334,0.00421549522084997,0.477935793693747,0.0184969273340532,0.0108911742493824,0.000643855885180725,0.00335732335071351,0.00499239345223975,0.0148126862948548,0.000791506452094097,0.022001958338503,0.00348710463943343,0.00165514666855283,0.0220638292255184,0.00314253836575344,0.0892435668173594,0.000360176528154914,0.00984156241367899,0.0187253256557389,0.00811675805548214
0.0168716172998935,0.00249577212053404,0.0129717807427972,0.0320230015037853,0.149912157208739,0.0200214538984567,0.0422356212278884,0.0958526491677736,0.202147715614065,0.0399198568398825,0.021276863044196,0.0157128282094364,0.0139052807864831,0.00737305688571912,0.0343681807591919,0.166756675898705,0.0150495920675561,0.000501446782183086,0.000591460057008553,0.0182557634792516,0.00705656190949,0.00501798330694679,0.0151339566255574,0.00422102718142697,0.0012509678897065,0.00729027447524368,0.000872074454315336,0.0107654315405596,0.0123757943659999,0.00691405883133598,0.0191352671628027,0.00172382866306905
0.0251029461292172,0.000993945794619781,0.00595190015625231,0.0110475380993146,0.0114631926051381,0.0194987613666534,0.0122238408652089,0.00399551046622812,0.03130652887778,0.00160080022617581,0.00755189074730009,0.0227097738449372,0.00468540915157552,0.00922643933124689,0.000701499844891875,0.0239208879538021,0.623719817933991,0.00894473594285197,0.00575642706582318,0.013209255396572,0.00411654310783318,0.00159750345644146,0.00182052213704285,0.0230397800937928,0.0375916879358769,0.00711997549610972,0.000423060268673233,0.0164649194122831,0.00624930374391742,0.00349110585414071,0.000359632258452856,0.0541148644358562
0.0114383629163319,0.00771777972267499,0.00272378481812121,0.0028425240631319,0.0224921638767621,0.0147296330307323,0.00641984941244631,0.00341952231245199,0.00358963439412729,0.0137949741826878,0.00783304273371338,0.0471235613704643,0.000605108629358572,0.000341478653359957,0.0111800404869422,0.036901362842401,0.00200196741363275,0.650076475452994,0.000875628161594575,0.00340084231603221,0.0484419604319079,0.00585052757379737,0.0291181905178832,0.00631003894380124,0.0126998519955708,0.0016868834441674,0.000777665099709008,0.00941228256394097,0.018127866076053,0.0033123498682933,0.00901287254778749,0.00574177414712703
0.0179803269840965,0.00354991993512828,0.000288089990855396,0.00205816598407458,0.0554494235696958,0.0159033196819339,0.018259966657172,0.00207636207770591,0.0915609132809383,0.0111494349425819,0.00863923816100624,0.00969397414175443,0.0032364377688336,0.0012943147646439,0.00239276503424601,0.0128390937532423,0.00367684576136214,0.0176458899285818,0.621422454592874,0.00187726396490615,0.0168972802670183,0.00394348356683323,0.0154499425766222,0.000867694175991063,0.0292028221238979,0.00995864616011964,3.11341840075022e-05,0.00183981311166061,0.0063994757524019,0.00237650916109876,1.38165442528475e-05,0.0120251814004629
0.00318077627045708,0.00295772689305822,0.00842985094446681,0.0269398415200013,0.015576047803546,0.00509153593598626,0.00836414001157247,0.0113129860501433,0.010648536841599,0.0153480645952388,0.00259377444357818,0.0709897383884526,0.0204378222411853,0.0120890309524686,0.00534497670259637,0.00667838341501939,0.0048434900952644,0.00770105336393549,0.00605281412799137,0.490060272724244,0.0065807077583206,0.0115498926846619,0.0170962540349148,0.0314272598292116,0.00754817373195244,0.0986209634885713,0.0067605138259134,0.0307280031735661,0.0310932813003518,0.00169116452870558,0.0165291081020231,0.00573381422100255
4.71540269222148e-06,0.00298315411656357,0.00751957124610426,0.00569197861305562,0.0620219006970415,0.0155203234587108,0.0355411539810178,0.00513874002793085,0.118020763629628,0.00271174614417968,0.000973495760204469,0.00860883584299093,0.000480854258164979,0.000182607138273405,0.00510183781349161,0.0212191397717595,0.00289336307911478,0.00743302522580912,0.010645503397484,0.0575202172230471,0.455828118283063,0.00312023292920126,0.00991170338485837,0.0541773011320139,0.00607920585915366,0.0308198682049373,0.00661087586723231,0.0168434897519082,0.00195468147625103,0.00308877004018457,0.00403391910296379,0.0373189071409687
0.00942843424848088,0.00508518694920639,0.00513981180816271,0.0155298575178486,0.0320309319216704,0.00377483341940859,0.0480631714885084,0.00194010168621917,0.076479059201517,0.0478477834357583,0.0312044410764127,0.118769554423231,0.00265802250743553,0.00370977273516063,0.00216038853889045,0.00160949714969688,0.00482688109406914,0.0292704711646327,0.00519136008853909,0.0569657689861915,0.0181452066739706,0.270558841182045,0.00595904414373725,0.013086429553398,0.0739759905790305,0.00776540071080885,0.000437056243171253,0.0756771811872975,0.0217237688172252,8.03355616529484e-05,0.00687961776041521,0.00402579814620797
0.000990094481979199,0.002492602614373,0.0147720193291206,0.0147914877855032,0.0664702135519508,0.0280604068763001,0.0608145059872634,0.0115564111150383,0.154385549786422,0.00692517007906216,0.0038426196968053,0.0462856605694482,6.95402621807875e-05,0.00270639937074986,0.00131723154792466,0.0511558322480267,0.0071769640030185,0.00507407119682691,0.00348211900438717,0.016249539240422,0.00889321580180164,0.0211976725656491,0.383543599000435,0.000674172210797675,0.0132085528894745,0.0054145026137535,0.00351956600028382,0.0482413302952733,0.00341498954871633,0.00220989676472655,0.00480660146053191,0.00625746210175459
0.00347331109896077,0.0078642373765334,0.00341508036779928,0.0185044000617476,0.0188897390040462,0.00338284672256006,0.0351550308689768,0.011596280573391,0.0434047232144579,0.0131279615025821,0.00565686429345497,0.0219573247961123,0.00498549096026617,0.00118947533890309,0.00219116686944716,0.00657457231545978,0.00194273422058507,0.00400554076459986,0.00508841656585714,0.0327899730734229,0.00311927469320332,0.0115351580487482,0.00171444521201969,0.625292604026347,0.0336859050568737,0.0317260665255303,0.00676622550367032,0.0175704630461318,0.000303110086873702,0.0024950797512341,0.0163520473256791,0.00424445073452566
0.0301325482027253,0.0159873073861897,0.00163445109120848,0.00642370664191516,0.0443372762323103,0.0057056280883232,0.105650892705622,0.0015051041162308,0.00837277465240089,0.00210395756957604,0.0024837014291985,0.0217923558436864,0.00474734268505415,0.001908908918368,0.0134375390750605,0.00944404620947569,0.00238744828402648,0.0091991462772295,0.000885939058815782,0.0532739831012041,0.00354518974092895,0.00211033550404836,0.0103018824487523,0.0356819621639175,0.507541827230981,0.0164338724555061,0.00047776101751747,0.0707515382553221,0.000960028728448507,0.000975289014986669,0.00430396385334145,0.00550229201762928
0.00205516249200965,0.000781685219742551,0.00571599665067973,0.0105295657292091,0.0195816822289505,0.0178996532734282,0.000748404117508345,0.00388772886646405,0.028308378280806,0.0179516623573286,0.00562888479365492,0.00645124049058849,0.0121767236546522,0.0107433044764336,0.0111831120257741,0.0242267219670953,0.0030443667542408,0.00362810053035558,0.00140052719066571,0.0399427827151025,0.0391010251202925,0.00145559096413472,0.025401140156832,0.0165031500765163,0.00380120731550751,0.616479743596896,0.0215078646479139,0.0071181058707782,0.0143128890426362,0.00308383685969972,0.0239581750899515,0.00139158744415199
0.00119511135200994,0.000477746530626943,0.000329792133162994,0.0223200337187447,0.0249048290672119,0.000501507575613728,0.000402859874983883,0.00566091218112101,0.0611670476996103,0.0295944349486622,0.0183095936642993,0.0638658796884383,0.00555610679335513,0.00109708836579837,0.0105702503534657,0.0123117722695852,4.50955155692791e-05,0.00224940817423129,0.000570465203422627,0.0658908028124473,0.0345981450800694,0.00541468803601463,0.00477217896157184,0.0149958006538406,0.0228031384733697,0.0871656773422379,0.457595525070636,0.0261375867737158,0.00120158739741108,0.00380737508097182,0.0091699465957683,0.00531761261203264
0.00690728583243148,0.00644235100924568,0.00465937696865979,0.0206585346076914,0.125755355956564,0.0184404109459948,0.0319887517012136,0.0275750185398894,0.122174402061216,0.0111185432907855,0.0147322438201742,0.0165051153327468,0.0140921188776703,1.97905105478031e-05,0.0021779707474206,0.0420230923345334,0.00138959661311363,0.0019139307472421,0.00146659596049331,0.000191002691013917,0.0212928246974574,0.00657183951143255,0.00680441417066061,0.0081904602176081,0.0247436078859,0.00160669294764173,0.00509275177309703,0.409637876819511,0.0262333472051053,0.0036889751406752,0.0115981146218914,0.00430760646037221
0.000384788926155447,0.00350975467185303,0.000988009638602782,0.0408334175782691,0.0945943830740728,0.0358311163345943,0.00184065863634603,0.0205001238225777,0.117789147611838,0.0234591281459813,0.0207551675980398,0.00542387553254452,0.0167100584064004,0.00467069255474919,0.00124959368489734,0.0588194614212098,0.00067139980211173,0.00138055646504754,4.68571641395313e-05,0.00719474734384131,0.0325252534530691,0.000978390393234289,0.0127656049398827,0.0137490671690111,0.0254714347430893,0.0158965449352162,0.028174480435276,0.000692308004762053,0.377191260113288,0.000602246022674976,0.0319615160662138,0.00333895531101089
0.0019551075573065,0.000711401440105151,0.00190130369168356,0.00445263218382192,0.0205405815642811,0.00405280252574197,0.00815539179694337,0.0126844056623518,0.0131875821341061,0.00183125573602154,0.00410591367008871,0.0035388605971019,0.00580809410144693,0.00288241783569966,0.0151266132830197,0.00560954823100042,0.00244936768883848,0.00336997137564629,0.00289019985653658,0.0223165077095164,0.00317957920009938,0.001204487336413,0.00490052633083051,0.00446399877938231,0.00995426054484996,0.0404612919875901,0.00555953131979572,0.0120787199010747,0.00670992972429015,0.745514624256492,0.0282288483850323,0.000174243592891721
0.00152315456932947,0.00508334722483345,0.00275363156893794,0.0237909698199524,0.0907913150125258,0.0321617452674395,0.00578855219365528,0.0183705366725632,0.10775484337701,0.016820828362133,0.0135157854458124,0.000675826124040249,0.0091493298317831,0.00362957452886703,0.00167992308128429,0.0594460655039998,0.00180912994948908,0.000715592084908006,4.32466801380554e-05,0.00794876934688991,0.0083224305644435,0.00137184411226328,0.000131568105943943,0.0155921793296187,0.0256971824893789,0.0131607085992413,0.0123894467527494,0.000965039566898644,0.00622653429400382,0.000356782344030636,0.510414787860093,0.00191932933574296
0.0114401117229341,0.00130840532436611,0.00151042286607555,0.00285313242667391,0.0122454499587446,0.0218377076427329,0.10409939579576,0.0109277380669167,0.0412424151491486,0.00269591923102317,0.00407731442394657,0.0758919499037998,0.00145937725427354,0.00452694314679022,0.0162412519832858,0.0247504041366299,0.0125855764301934,0.00345428816602339,0.00118650764268746,0.0476019444424007,0.018897390169774,0.00224991223358799,0.00390782178106703,0.0715494687835117,0.0306837802038569,0.0181065535430505,0.00043604256443358,0.061055018404265,0.0195373466373539,0.00224786672674466,0.000527073499477671,0.368865469738471
