0.613126376425607,0.0296141041495529,0.00810156161387785,0.0152482633143994,0.000144693573612929,0.0450849261780826,0.0146709507110944,0.00794115498416215,0.0614753056657517,0.00347762659258608,0.00716260320804663,0.00338442981070496,0.000944147828915258,0.00141484708802575,0.000872358049831949,0.032303956691225,0.0119072364765314,0.0123521380016729,0.00181426845365665,0.00532063093812542,0.00105070627612893,0.000400093767285939,0.0192456237395507,0.00665839370334078,0.0639117322695901,0.000562003068147407,0.000653980804476566,0.0031477377991274,0.00639459668857807,0.000272856145813402,0.01320739888566,0.00813329709683854
0.00867872435327062,0.693973892607851,0.00262409114127467,0.00740722465314737,0.00956431573872793,0.0119272586183288,0.0884683628868179,0.00157629644781677,0.0304991531572247,0.00137688935983075,0.00450311638409984,0.00103127273475893,0.000531604455730084,0.00048654612374373,0.000767833124405182,0.0348376086072001,0.0253486091872332,0.00801785846385914,0.00134672838614456,0.012058919876697,0.000696078752560566,0.00107674839504567,0.0119422069378491,0.00657747349410288,0.0160940202930572,0.000228478779985751,0.000229521334211604,0.00237801833915781,0.000203938253944312,0.000323838789061137,0.00563242493132938,0.00959094539153208
9.2314701961964e-05,0.0199681190695531,0.710575034807436,0.000165212905006818,0.0102973814344185,0.0398313307081741,0.0554834341419929,0.0123052737067835,0.0128187607650179,0.00900461928051597,0.00261499763312914,0.0081587277587849,0.0104987345767303,0.00329493323132636,0.0168452753744107,0.0225702310464635,0.00364044660042919,0.0039845808754952,0.00038231847994951,0.00995063200742174,0.0178104477829147,0.00501301610068351,0.0032502004319231,0.00420585092690985,0.00299493060018701,0.00149025111602473,0.00212891252557704,0.000291435823278753,0.00108955120742674,0.0010930894064406,0.00404550660314443,0.00410444837048773
0.000326621193015959,0.00105813592067837,0.00378603067020613,0.60911676362594,0.100876993963585,0.051563084079906,0.0301594871935131,0.016980336639906,0.00018549530769388,0.0156284020626408,0.00212690578072262,0.0439947232635041,0.00181488049476141,0.00907075547273108,0.0135976413184288,0.00796901079241604,0.00092101898543336,0.00031425160172897,0.00230834232180556,0.00991747673620197,0.0138875023183361,0.000122513667893558,0.00400381002373024,0.00100172942137411,0.001397296453484,0.00185307082050836,0.00418486550889307,0.00256351772959682,0.0433932596939859,0.000208249714803157,0.0054990840565561,0.000168743166019496
0.00259043555522201,0.00175514150116257,0.00648536164202636,0.0348841113197571,0.796764113001695,0.0109358086821285,0.00723106740957006,0.00934949596298908,0.00658868286253392,0.0040814820585555,0.00247884792915692,0.0121864958717601,0.00516422311042661,0.00203010104562908,0.00433468059967981,0.0201526710408508,0.0063588929520535,0.00144178255321451,0.00137463529680507,0.017296710535201,0.00491155807020035,0.013545851967214,0.00566982248216779,0.00521085127579742,0.0049281288029107,0.000127954011058328,0.00185866166357065,0.00168653316219182,0.00311339347328973,0.000368887330899304,0.00433003594225139,0.000763580888030867
0.0025563124681441,0.011213511500404,0.00639372834551791,0.0417206114867713,0.00755938184981889,0.474323416147878,0.127248032482239,0.0502757367750438,0.0415922146712945,0.0028469116237844,0.00242959050827256,0.00618535318768559,0.00904438558338377,0.00294934469208773,0.00958200127532275,0.0375888048879585,0.0102077897731898,0.0084405924595419,0.00355035346142571,0.0436027256612008,0.0088122374931217,0.0248200119555018,0.0226542735071806,0.00956042705659446,0.00817263079925233,0.00637227392904684,0.00540299150747342,0.000641382998397038,0.0035515624623013,0.00224148415140942,0.00792719600091596,0.000532729297839856
0.00838988603116906,0.00381363895739997,0.0046556802045425,0.0545839835415214,0.00682463204536783,0.0322417973815764,0.72236163330697,0.0126252587231911,0.0184612487848298,0.0122514029405278,0.0011140656350012,0.00695286307409226,0.0099782071056093,0.00165777516365836,0.00872333638785822,0.00239431906439356,0.000876573099527214,0.00175851113152181,0.00206490443081699,0.0174843486888512,0.00775446897656533,0.00989199119282428,0.0207007473516513,0.0100024405299679,0.0108705225472999,0.00099626159522996,0.00162227173222425,0.000135469170109346,0.00210951635655001,0.00168733716464679,0.00209427302021339,0.00292063466429246
0.00129206549685925,0.000154734697252886,0.00300253316453301,0.0825770174157678,0.20761380217306,0.0374790627747087,0.0513063897089519,0.401981860808467,0.00774031207756969,0.0269621719417871,0.000676839657341109,0.0551144096657165,0.00805163775354603,0.00577591874311991,0.0112903336930894,0.0363468594239864,0.000836928530436265,4.14837649979725e-06,0.000447124595976746,0.000339451106230604,0.00614684908197028,0.000224819649493737,0.00298706923261825,0.00223519979100017,0.0182850545020354,0.00340375891894859,0.00209666571238088,0.00292237750888083,0.0171734178846535,2.50974017003886e-05,0.00119443517358821,0.00431165333782921
0.00906713028541671,0.011380673832179,0.00629556306177338,0.0203310230302523,0.0164770346313887,0.0413407381547912,0.125724475237193,0.000991831928243656,0.525965425482631,0.0167975132841421,0.00630328799704775,0.00215086796300365,0.00805184729179178,0.000520024585173024,0.00403179984586929,0.0652237700690237,0.00552418090215116,0.00495358595167403,0.00200623286368658,0.0145315092172833,0.0133676162088706,0.00106921115029567,0.0204792474531233,0.0084245329151563,0.0338469817463635,0.00130524287560628,0.000531023437147228,0.00349241597239269,0.00317552296493721,0.000868015123296417,0.00439323784520256,0.0213784366928928
0.00300872465687169,0.00228026694709399,0.00337866652809749,0.0290076523731576,0.00355408789687399,0.00676387339085558,0.00367740654124371,0.000641309579735138,0.00327196865899612,0.705221805476521,0.00103662423305337,0.0738392577945878,0.00130922573249708,0.00592475166008286,0.0432315207255073,0.00121047874478951,0.000737232477436362,0.000359380661761361,0.00469368376950607,0.0303650870571525,0.00910729427501457,0.00112419814657316,0.00907571617932657,0.00268988298980306,0.00213302038724827,0.00345402793303863,0.000500429479830645,0.00474538166893443,0.0363586534486098,0.000798616839475203,0.000569091750238151,0.00593068199608702
0.0049456123003202,0.00126609326462573,2.6823091858642e-05,0.000222325750441911,0.0631588389188703,0.00906098196622498,0.0172092812702309,0.0382243228594269,0.021859625012546,0.00755618894997836,0.700689683324791,0.0124303288464896,0.00246307855025936,0.00124259776428819,0.0117767417949197,0.00990406522148464,0.00697919585467405,0.00161946301850635,0.000212616620604692,0.002698549409857,0.0175542254249613,0.00142582441935777,0.00335630475545415,0.00201271455767822,0.0102974754374872,0.00353673661779838,0.000898097493200825,0.0123916999635533,0.0266577110941262,0.00102538145104405,0.0018709799143076,0.00542643508063206
0.00403837495248871,0.00249355410442704,6.6224050317868e-05,0.0311289514244667,0.0179835651854389,0.0240538473253263,0.000966453102948892,0.0230847397837751,0.00207023337513802,0.0159111237556001,0.00383765440118681,0.749835337350015,0.000795931553067979,9.45734348471408e-05,2.72139383262151e-05,0.00533942161270928,0.00811844718041445,0.000504290269685451,0.00205257482338342,0.0053163828049972,0.000409032276928241,0.000200433236981279,0.00899501454472978,0.00161165739296603,0.0106817173085629,0.0112218691465927,0.0107914269749644,0.000684325311865738,0.018760412879411,0.00640506020985574,0.0237963620744229,0.00872379421415898
0.00377045745719115,0.00370745967971089,0.00159326612453451,0.0484701556017821,0.0707344704769294,0.00552684504919085,0.00813336054896037,0.005289430713972,0.00282314600176177,0.125645131656937,0.00159360373951531,0.0179479819093709,0.451334312321413,0.00647148448535403,0.0798030137862075,0.00596736825240212,0.00576725991788802,0.00328228981290293,0.000781259707429747,0.0124580906803601,0.0292191446569202,0.00364435128414711,0.00241745497935366,0.00805863352043884,0.0141812389320864,0.00574291526847,0.00529196821874439,0.0395318130705196,0.0245392311504457,0.000181627879473132,0.00116648523613339,0.0049247478794537
0.00180806374263298,0.000479820174548097,0.00746399257422745,0.00571282787710429,0.00236330737662986,0.00841981980305348,0.00316122517624077,0.00111244141058367,0.00779518289415736,0.00773628839751478,0.0013482958451663,0.00448362632592127,0.0198003064810199,0.824399173644053,0.046996300469239,0.00193617144090638,0.00294489134747869,3.48531178464354e-05,0.00329982657731219,0.00521716615363994,0.00223424274863623,0.000822455737954286,0.00142843943887893,0.0208969946060948,0.00273102612086688,0.000456059556453904,0.00881730230369155,0.00149472483985567,0.000866669827335054,0.00220435207838252,0.000443489114632771,0.00109066279794138
0.0006976198671037,0.00543867129007839,0.00276644917985629,0.0113352029098518,0.00394383067385463,0.0134630993705473,0.00597639231235898,0.00457222186994249,0.00408816749557689,0.0390058287648148,0.000146976475037892,0.00446141814632499,0.0469689739986448,0.00148320844227106,0.778277383970969,0.00765207200579673,0.00186027914182705,0.00156063108864696,0.00170958117380311,0.00282213461542837,0.00547068952047375,0.0012106311619629,3.13794667754789e-05,0.0107850028061618,0.0053394239688656,0.00282384412712591,0.00498163290389571,0.0294240099937356,0.000327074068433534,0.000333070227246597,0.000407083950769895,0.000636015011818418
0.0527397836340584,0.0506942634250739,0.0091525623115746,0.00124656687398205,0.0423281774361488,0.00594458997836563,0.223700882324876,0.0117937525187937,0.157325741315941,0.00755076941487976,5.45498852217521e-05,0.00670163245133088,0.00484115084116783,0.000626346765779719,0.0109122050543085,0.232440087412915,0.00585472465369348,0.00567866565447956,0.00523357148589936,0.0281146714646416,0.0175043686292495,0.0024627919772116,0.0188459551170009,0.0108244680251841,0.0358613355935047,0.00298723447315101,0.000322365567938682,0.00136805794128098,0.00160188595786246,0.00141850760537135,0.0176535791471499,0.0262147550619634
0.0185749176003666,0.00646291829115747,0.00620989913832771,0.0108979731548785,0.0135377569814357,0.0059290959674371,0.0216635088689122,0.000559449549094558,0.00843187366238179,0.000219186017037485,0.00380037066229572,0.015071059069621,0.00107443565779789,0.00143686598724594,0.00193101389130302,0.023322001826082,0.789368649758404,0.0175088337572341,0.00128777576284675,0.00113152066080364,0.000439692464336142,0.00757903587138123,0.00526233918851666,0.00586542183394092,0.0188005968447774,0.000841912946005878,0.00223587708168791,0.00285158037158494,0.00417778905524412,0.000243617207339347,0.00219330854314896,0.00108972232737369
0.00337715026590275,0.00236192865152823,0.000317372111015008,6.71810766490454e-05,0.00687031648078081,0.0117060566261997,0.0365728720396228,0.00218569687778525,0.020551350321846,0.0048811114453028,0.00404707195028265,0.000320400504775368,0.00105505724229937,0.00057463060764294,0.000433964224534008,0.0372924286921158,0.00416094693699916,0.734196224511568,0.000121363516060792,0.0320134712398143,0.00513365501831636,0.0356249759068963,0.0172927130198336,0.00383708489616112,0.0130100791652274,0.001141050085714,0.000956635570464009,0.00278352191805101,0.00445495103270255,0.00129435288538848,0.0021616752358806,0.0092027099426401
0.000210906082371711,0.00145867298011101,0.00363558498666151,0.000769080408289727,0.00680424728400161,0.00166497173092792,0.00511420718974386,0.000160766459267377,0.0324300990358229,0.000801832235083454,0.00019346299042685,0.00540691027735499,0.00416770913336399,0.00319767880485429,0.000342951264046481,0.0214665393593898,0.000310845939577911,0.00228812535185575,0.808225328568212,0.0259717148030956,0.000407435447747378,0.0125169447742319,0.00951935193747277,0.0168317912071856,0.00294561277423402,0.00587449028349558,0.00651681828858795,0.00294958973753786,0.00289566270474752,0.0131368101920248,0.00177183718946892,1.20205788075406e-05
0.00332407319710439,0.00234648486062293,0.00222671711302097,0.00615032094460239,0.0215112264429364,0.0057201308520564,0.0323436825119957,0.00380469174732795,0.0158812191813582,0.0113609161197768,0.0115001388913603,0.0237257763693411,0.00240034835406025,0.000216577887491616,0.000322852949077447,0.0517717501228757,0.00119598728406779,0.0045753590357308,0.00509539822970897,0.674054985124104,0.0063612148559605,0.00249916304011379,1.77881177963348e-06,0.0563390868782856,0.0115653801510277,0.0087530018874129,0.00640706667207394,0.00211071692224377,0.0217481295028417,0.00210337585724578,0.00216776020560248,0.000414687996791888
0.000490607075139098,0.000667332444418358,0.000734070526486073,0.00374504480893079,0.00702540127389481,0.00390686149280012,0.00999317250810678,0.00307132758401103,0.0218810317388708,0.00581479273662023,0.00875455095028788,0.0134255945538979,0.000635892836686534,0.000574662219587253,0.000345427691217228,0.0236700090937133,0.00590968662294242,0.00391174212737181,0.00183379349350504,0.0371379184266498,0.714506009161889,0.00201347915617309,0.00690162851524191,0.0198793636415733,0.0140510828127052,0.0282462497086782,0.0237257100320877,0.00107193678628954,0.0149183134236313,0.000460288070226866,0.00153030187304701,0.0191667166133201
0.0158877522652063,0.00302573632487457,0.00503494914238674,0.000946684312775381,0.00435705977165943,0.0097418469207005,0.0276726608271676,0.0100683378472546,0.0860904849101801,0.000166676987394876,0.000709924977140271,0.00349255557521692,0.00123982770461572,0.00118326782911124,0.000492135076064304,0.0805246673973484,0.0186797653479997,0.000909310173011176,0.00465009132519684,0.00971228592849881,0.00558204262421809,0.607125931186476,0.0211399756830314,0.0316855875915496,0.00971663996776715,0.00952710145744049,0.0155725774802416,0.00192437915543241,0.00224235137915961,0.00119571014025623,0.000318774362429019,0.00938290832819487
0.0170670482839591,0.00925958292823787,0.00914101546375995,0.000162566831784384,0.00128973965400263,0.0119009182407832,0.0215022148164356,0.00542964246857137,0.0500690348314698,0.00228462810205532,0.00315629659884407,0.0140439722673866,0.000387670486371274,0.00148786125989442,0.000331039576898155,0.0538595172929625,0.0195616234739917,0.000222566396144793,0.00454126603076997,0.0164501893690302,0.00875438773349985,0.0338927109638019,0.659240047330481,0.00680882005247294,0.00168772184663655,0.0144857653231161,0.0135520004509918,0.000769712154975367,0.00984132917463569,0.00552555056100614,0.00148226610278301,0.00181129393224628
0.00308704470163794,0.00354071732484835,0.00139027763308442,0.00438574386856886,0.0135173180566967,0.000434099104474729,0.0411843214474219,0.0044486031113578,0.00873111518683536,0.00933835881281135,0.00584480963987212,0.0175021357328101,0.000352356954938013,0.00134688061668188,0.000367337030827339,0.0429770195708341,0.00394705433368105,0.00460327463298191,0.0047123313765714,0.0171510109171252,0.0660652409004034,0.00325031923032541,0.00776696915818039,0.648777645259851,0.00516539203350511,0.0252744265897247,0.0197692277324496,0.00710708127163162,0.0171194162971827,0.000284163879691897,0.00103988908371303,0.00951841850928047
0.0324569346612112,0.0340461672655181,0.000685370172078646,0.0197597054835686,0.00129771938796767,0.00232222644411689,0.0271650036533985,0.00618220627150325,0.0314607044127793,0.000874156664685258,0.00156147836850457,0.00131714023535721,0.00109972261933008,0.000743791070373095,0.00286054493504657,0.000749447026278097,0.0200360497549318,0.0206566653813161,0.00112857401302668,0.034907872915428,0.0116547264470169,0.0300015680892642,0.00407113012346319,0.0106427231550035,0.639048968163536,0.0225616205216721,0.003814996958611,0.0105298832853069,0.00225244152499933,0.000202092356672544,0.00359238002932431,0.0203159886087103
0.00343648283357128,0.00489234413237147,0.000902679592133444,0.000675210363710312,0.00652573105327596,5.76334160465181e-05,0.0309828114647742,0.00504712097132273,0.0085791796669416,0.00389286322001351,0.000931017010939505,0.011302598559722,0.00238412415411798,0.000226881394082673,0.004417664383613,0.0312412093331682,5.28876705344562e-05,0.00293855022477279,0.00200457006122532,0.0150013467158327,0.043676351698947,0.00751167232701922,0.00488837007976936,0.0119033571625437,0.0128669872679614,0.740288532967567,0.0108189469616282,0.00778464770098894,0.0119907348644027,0.00129690791400525,0.010784735572457,0.000695849260540742
0.000880287413765609,0.006145302662092,0.00169273644185799,0.00285148012840913,0.0047294126230133,0.00215962503604874,0.0132684350751198,0.0145868708413915,0.0262423217178237,0.000890660882373781,0.000412516246937442,0.0209221834206221,0.00214224075735483,0.000141841472706687,0.00531377144200969,0.0599342367249379,0.00188174883862943,0.0059836182723757,0.000756648615612626,0.00126775900059554,0.0274186389773097,0.0294001854267847,0.0351849196150085,0.00767752102908221,0.0404723823582089,0.0279977039374826,0.571104838000795,0.00565493217123152,0.0724753620500118,0.000172162728596479,0.00897752079402817,0.00126013529778294
0.00697555639426,0.00325111916426016,5.42314824249394e-05,0.0125423205875256,0.00744588949148999,0.00921920629011205,0.0168775049900959,0.0110128103375961,6.06501151937788e-06,0.0179330220484087,0.0089560432600053,0.0242874103965218,0.0276625701608933,0.00286992471872491,0.0312402092406112,0.0066774653826733,0.00377044380208754,0.00130169314126709,0.00108660134014377,0.00230445244688525,0.00921249129746883,0.00116988296509104,0.003692772763988,0.00838800662586103,0.00911766590458979,0.00867297118910043,0.00939287403603556,0.701974893564007,0.0274838692304214,0.00641745144032664,0.00954567178272364,0.00945690951287998
0.00127820853740482,0.000241465435012247,0.00159261825482337,0.00201545044447574,0.00117946815520974,0.0059947589276022,0.00338602476862732,0.00126334558169211,0.0191799051511149,0.00593783748020828,0.017846257228232,0.0243655673167903,0.0247470240443113,0.000937774180872867,0.00675036163346307,0.0159971140830382,0.00196885757924936,0.00411593860807243,0.00197920590317749,0.0183756671125857,0.00403248384956916,0.0122239384451275,0.00285121280204453,0.0084814975687505,0.00500313630696007,0.00437836541248152,0.0309043847105515,0.0615643097212929,0.687278799916679,5.63262207017378e-06,0.00845987310933883,0.0156635151091706
0.0028855977786097,0.00188595950991837,0.00495396000378943,0.00297974791087254,0.00658306435496198,0.0187178379651905,0.0295533515351047,0.000919875798987049,0.0048979666375771,0.00310670397401268,0.00486138689089515,0.00804905991080541,0.00290355754508135,0.000929986189970277,0.00486551261973552,0.00800380543796561,0.00483478888012113,0.000284021313430358,0.0153820068207668,0.0299033863634602,0.00287014548285377,0.0106818413431038,0.0184083360169784,0.00401298838265037,0.00251790019477834,0.0190922533343562,0.00953078231078383,0.00972101373308781,0.015884342017097,0.718837277109876,0.0293331375645568,0.00260840506862152
0.000244335349166043,0.00541034829458103,5.5191951920349e-05,0.00502362859675185,0.0076211519783174,0.000759230092122368,0.0270527285533374,0.000285714412109969,0.0207700554744823,0.00298616317022017,0.0113232715080027,0.0193181562689976,0.0412090071688538,0.00121364019560335,0.01198168407681,0.034558497571141,0.00318422701048106,0.00247882329901338,0.00139037225612155,0.000250937558342847,0.00318864769925245,0.0009101570150109,7.72177059290807e-05,0.0099116836576723,0.000114662059337446,0.020948643099367,0.00872302874762216,0.0627918338497901,0.00741895110500061,0.00190763574580523,0.680308768972809,0.00658160555602784
0.0426181753594661,0.0410441198128655,0.00145684403108935,0.009735432576576,0.00398488770635659,0.000795602373147939,0.00692673190159911,0.00870229847501316,0.00404055703605005,0.00844988013182095,0.0124101218863962,0.0154591376366826,0.000580509104570391,0.000528412640817637,0.000824432310340528,6.42017203851597e-06,0.0198373995594916,0.0161580120943116,0.0121428024718497,0.000643833755375603,0.00844841199225909,4.38219993376784e-06,0.054234140476029,0.0418655585021299,0.0207492770085464,0.0138911437043608,0.00027781435535023,0.00210338100930256,0.0146358886066931,0.00152868407841105,0.00940518020009144,0.626510526831033
