0.281399889022975,0.000497683612640826,0.000756124276151483,0.0501931706153485,0.192069706869456,0.0710777840479451,0.108218675413451,0.0805793372815597,0.0992039506253256,0.000226011015266266,0.0131250911190569,0.00196297661675208,0.0125310559702441,0.00352251782181387,0.000986994916213257,0.0111014689539386,0.00861063289769838,4.6442337000266e-05,0.000464375154450804,0.000771106413558813,0.0105779748984923,0.00151555521021925,0.00323591231071129,0.00285855015487263,0.017425019136724,0.0055318979823194,0.00463009635525997,0.00848517922805716,0.000738567468934893,0.00114102134767624,0.000798723755845883,0.0057165071700406
0.00526423556206361,0.458366356949112,0.00868356340890964,0.0108380985418554,0.0157462408033527,0.0613226869295852,0.0254158843632781,0.0124369643585278,0.00306867153846836,0.00188755952758601,0.000206617635614675,0.0102402544708132,0.0264598833691212,0.000102193981804953,0.00725701285783761,0.0340147464477444,0.00465878553809111,0.00385604355778039,5.893734989987e-05,0.00650784740217049,0.0778185760360932,0.000183995323085943,0.0493458598565754,0.0561784422540711,0.0372667117883381,0.00103379278790043,0.00506598769160925,0.0103349908735531,0.0355752908326124,0.00195439610410609,0.00833715384191689,0.0205122180165211
0.000485837723689529,0.00476997526343233,0.481484453571687,0.0535997707219097,0.0673102302781058,0.0259002522601085,0.0183633644331432,0.086939116230143,0.0952692824221386,0.00327579733194455,0.0236143431151412,0.0136871626845693,0.00449099868431963,0.00315677784955099,0.00595887565913306,0.0282447720286133,0.00769663792923853,0.000800440782679033,0.00164778896961215,0.0024802641893009,0.00395162078373252,0.00281628836756821,0.00725149376161575,0.00134058007048159,0.0221436448638792,0.00237208389393804,0.00689306476505109,0.0111436263061099,0.00986783510299845,0.000352209297311368,0.00184270063964903,0.000848710019204241
0.00100713704577969,0.000823677481166555,0.0045370157068898,0.763763331064065,0.0121554174378548,0.00582757756060815,0.00095777640118524,0.0590674413261397,0.0183852679210533,0.000298428019236818,0.00406801246848795,0.0242669144670538,0.000773947274840931,0.000974008507681896,0.00124403499170819,0.00322045829526832,0.00211720299809686,0.00254802555566088,0.000546060269069774,0.0018455054778704,0.0348269762336654,0.00134237367065158,0.00901985612000305,0.0106745140698727,0.000255881136420021,0.000864366001984155,0.00752965044012197,0.0141933341980744,0.00205636541211651,0.000209297721578616,0.00996065501645114,0.000639489709342319
0.00791227149183249,0.00238402349595318,0.00325436299618413,0.0159550476372204,0.362074613963247,0.0466871747387563,0.105899110757413,0.0173626974919129,0.0154545565969601,0.000533970228894353,0.00353718534347388,0.125271970792794,0.00387715337647747,0.0035214096645055,0.00305513675678336,0.104868861645983,0.00297438442119595,0.00392413341501696,0.00226651443214763,0.00186480026557811,0.0184864056905568,0.00159078391454924,0.00486528091642297,0.00546255773797733,0.0135093051830085,0.00723479960273975,0.00392455132224734,0.0827223403267111,0.0128005975234992,0.00340954909408192,0.00532364494230559,0.00799080423356971
0.0231997110841109,0.00337957167187523,0.00285449419983236,0.0312672529972676,0.00148440466778032,0.677981268640904,0.00300770511265873,0.0356921011154507,0.0117364011802173,5.50896761453034e-05,0.0202300039105475,0.0309884640327459,0.0135983189331952,0.00151111780377618,0.00685606431406349,0.0191665456855368,0.000493283900242086,0.00185457179616256,0.00171120847967696,0.000232065624721118,0.00657090442056059,0.000886942592066619,0.00351813042378299,0.0128241108170619,0.0287982930378729,0.00282005822209092,0.0106654603156881,0.0267041914122202,0.00273253497846716,0.0018120612802303,0.00197723655845713,0.0133904311145906
0.00517563638296658,0.000455862922356681,0.00102614406215297,0.0055077600843204,0.0510718334275301,0.011486248117558,0.73475391990633,0.0124927268311548,0.024141568637878,0.000104732498616553,0.00213683285261061,0.035562452620968,0.000488411623589994,0.000874034519536625,0.00114749225411081,0.0223677001361201,3.92687893007503e-05,0.00265921325743933,0.000143661302469861,0.00458930204597373,0.00555526670448611,9.82850295459737e-05,0.00158246960624574,0.0107346038561125,0.00700161955888768,0.0100642960362289,0.0107252378998023,0.0266199819883914,0.000830405530762177,0.00076570748904367,0.00397868657423628,0.00581863745327369
0.000268284464129498,0.00876758668800833,0.00426006101544505,0.000884692894182441,0.0297277953270605,0.0362059770934341,0.0141655612795117,0.588291255894339,0.0446690649437104,0.000420836021245101,0.0151737590320351,0.0169196810438415,0.00124319538332502,0.00182910386398794,0.00204438830340372,0.00755092435842649,0.00111070335381344,0.002763671660228,0.000201934886260282,0.00913387539808657,0.115878294028483,0.00285794022344933,0.0553435643578309,0.0115531561729042,0.00247936391781792,0.00142688301433374,0.0035811714562089,0.00929405482954653,0.0086158405251612,0.00063897808631007,0.00105680709305809,0.00164159339042243
0.00465388460025603,0.00180318697143459,0.00225668629522854,0.00379801501638051,0.0906657590494196,0.00448762141435577,0.227724704648391,0.00904563663302893,0.541032783872704,0.000623743071674761,0.00306701077383835,0.00463080465526544,8.71414703878914e-05,0.00341436176938083,0.000210502853050015,0.0390845193783412,0.00151997266136345,0.000642288115404247,0.000490247410336769,0.00819279467567723,0.00956122081687971,0.000210400893905793,0.000934885200373552,0.0113937068882923,0.0111529144994857,0.00241156521615436,0.0080974540339509,0.00265244606613582,0.00211352343626039,0.00351349774712367,0.000506396686035253,2.0323179483392e-05
0.00124219743982635,0.00259286057560118,0.000331616613663029,0.00780336717816589,0.208541686443879,0.0235887966644368,0.0608674056053294,0.0312266322078312,0.139162241917637,0.299028214619066,0.00282886477364835,0.0216519410618769,0.000603737784516182,0.000109989565040949,0.00372228427871966,0.0332703404362101,0.000978722988309606,0.000469655986568411,9.1187159503123e-05,0.00127153202200827,0.00808306695619028,0.018114244113679,0.0216489482367163,0.00598524156850361,0.0606645159213905,0.00503554222539105,0.00461928491744648,0.0180139812801432,0.000394011333533528,0.00256678655703674,0.000250970057096421,0.0152401315110356
0.000125071057563639,0.000870214912234272,0.00505322376983913,0.157911513280204,0.00731851770712928,0.00025222346140144,0.0025281618027313,0.0385586373763588,0.0205829097735002,0.0114871000814273,0.473929265125723,0.0906300458582779,0.036255950948769,1.42762149960126e-05,0.00566433351706347,0.0156290689481715,0.00207012634941555,0.00133637536942319,0.00011677725810138,0.00385594453785552,0.00681660961764483,0.00532428358233186,0.0183734231964251,0.00124102211682606,0.00108125709056379,0.00960024098949129,0.000178691930678301,0.0491303583359515,0.0086598798484406,0.0141270696080355,0.0110989024939826,0.000178523839443172
0.000327437345883277,6.21692598468998e-05,0.000157783129394351,0.00161806155522215,0.0847716851773826,0.0306060482595317,0.00776881149120769,0.0126340235345878,0.104340288245783,0.00929247363829276,0.00734610015660227,0.464007048229547,0.0278516689233089,0.00741716177259269,0.00028034646942341,0.0396522862547376,0.00181492205755183,0.00526086460276765,0.00249135793823818,0.0118897863837124,0.0183633753014689,0.0137302393363306,0.0137377294660585,0.0164799652830796,0.0352135356233626,0.0130717195381258,0.0179257570882664,0.00361963933470199,0.027970990703721,0.00284917356639198,0.0167674565148294,0.000680093818048548
0.00253596713680986,0.00133498862138623,0.000283629852666638,0.0494039772770508,0.110739594911959,0.00282081714091992,0.0241711149324854,0.0753318838123631,0.121245040899872,0.00210105863709822,0.0117305761804386,0.102376673944695,0.324044966785799,0.00498713925995556,1.97807005777329e-05,0.0391935667524332,0.000536463322943874,0.0016103664574491,0.00348224487473347,0.00255587356027729,0.0172351514948362,0.0114608217050779,0.0130279327316761,0.00149771230269166,0.010046386917081,0.00120420848336304,0.000115391451149011,0.0566024926024111,0.00372696660072306,0.00207543117836376,0.00121291835445684,0.00128886111625728
0.0104717645062155,0.000326109388903918,0.00569097300150652,0.0966789585929839,0.0080118355636716,0.00521977751912103,0.00113299380151795,0.0279121340915629,0.00589801324973561,0.00955760086687681,0.035051190105959,0.122421039378647,0.0258207394364521,0.442938148041914,0.00189691185041172,0.00441402293452837,0.00147304797955326,0.00281344489169777,0.00148030236488546,0.00361852980614867,0.0432402959533471,0.000714776727934752,0.00160487465817119,0.000570467713386437,0.0230366981046693,0.00484606681435607,0.000694808712334338,0.0432606632518695,0.00111114413821279,0.00440140270406729,0.0568374494624587,0.00685381438689941
0.00354537894669001,0.00180484329108831,0.000518459539697089,0.050513085013308,0.018206285592744,0.00653603824175338,0.0878585150605942,0.0366716404252178,0.019313528379162,0.00637053818407428,0.0216872846617536,0.00523575653241777,0.00740024251206397,0.00681261904874253,0.556326616365117,0.0571861801944714,0.00869478164122773,0.00306421631487009,5.42409039845817e-05,0.00367885111746507,0.00426351605177939,0.00748177338575742,0.00839977862538636,0.00423154694004449,0.000796024437337717,0.00810410929348174,0.00414264616594699,0.0112800564952565,0.0113489984315452,0.0178308270145517,0.011060208402374,0.00958141279009565
0.00104610897200145,0.000827107642713835,0.000142176106363116,0.00197571568224331,0.0214210635037443,0.0221029640947969,0.0128123689133848,0.0278954226699285,0.0391918834487493,0.00164889863057007,0.00439230555700039,0.00472868741699364,0.00312486525982078,0.0137695450461269,0.00125593573414444,0.777411428966549,0.0010599260148919,0.0025386826511895,0.00158321390616332,0.00538312862264852,0.00465342224559214,0.00162432345900153,0.0140436037353862,0.0111546544414916,0.00107538497830217,0.00232323192799584,0.0143382653398497,0.00135586920690097,0.000275591251606402,0.00189973921663188,0.00263059379887446,0.000313891558342615
0.00237487694933394,0.00522689815699462,0.000440344526719549,0.0244996235997093,0.0979429982184989,0.0617418893721239,0.0180152340039109,0.0373272993977304,0.102813719729098,0.000886269763991727,0.0271499251241499,0.00535481661761459,0.0210092031514616,0.00413953263135363,0.00336715144504287,0.0426303255974025,0.423961022098323,0.00663171502399214,3.17100822990646e-05,0.00169844041570208,0.0273327937166728,0.00818539897128681,0.0131116278696065,0.00267227364728499,0.010415863310302,0.00141619466554662,0.0054594374232808,0.0318893586899297,0.00498933368491495,0.00143406088551475,0.00222891895554919,0.00362174227465809
0.0123792331193761,0.00169023027205136,0.000899872232863245,0.0377771756699653,0.0176370432913467,0.0371508574037265,0.0021935977263967,0.0107615363874186,0.0693116978247169,0.0118266110772104,0.018037524056469,0.00658601867742443,0.014070916327251,0.0159795739205521,0.00152730832275942,0.0506831443299475,0.00512690540448891,0.561402134162324,0.00372779962813317,0.0092080809784141,0.021725646216376,0.00437217901575407,0.00815728591801177,0.0118836201780372,0.0128082544694125,0.00475778392967269,0.00501315057039989,0.0136284562234947,0.00977833703616444,0.000135508560487155,0.0163229850410872,0.00343953202826737
0.00511280431329705,2.07223381031707e-05,0.00420440775814919,0.0124951251605804,0.0140415390190036,0.00841047359067335,0.0156115869286312,0.0325429420095292,0.0123545558662774,0.00162228840294083,0.00255720108579901,0.011528791663683,0.000805557782837759,0.00652435613932072,0.00282712061121629,0.00776489810439858,0.000478139295563696,0.00976276352123837,0.658515886291532,0.0267380711799264,0.0128935628747541,0.000568411505635995,0.0028782970748568,0.0236275930555601,0.00608019050645772,0.0263693550969582,0.0132052084743082,0.0200421073958356,0.0116181364860881,0.0191943199886324,0.023270476171105,0.00633311030710642
0.000262633159518845,1.52453711808475e-05,0.00060888421424792,0.0637460448945759,0.118892569939707,0.0030061230468336,0.0623025074898056,0.09669676230611,0.0809612220892097,0.000236900580245374,0.00208169632411846,0.0014973895901376,0.00480142141303713,1.68333057952993e-05,0.00176340182900299,0.00974729690504699,0.00140004411533199,0.000813108799632172,0.000512210583071949,0.481186109859017,0.000923950742810409,0.0104940050475845,0.0012700898519938,0.0109752187622763,0.00768418954750178,0.00734794504734399,0.00199542393074719,0.0119719547389571,0.00211579492650007,0.00432097447782547,0.0101962184223898,0.000155828688442439
0.00113011868739561,0.000916031861118011,0.00105789703643629,0.0262545058710364,0.0821704757369241,0.00886904837026711,0.0489887302110289,0.0133699342894321,0.0902720697354585,0.00072121418248714,0.00575803474243312,0.0246499310298276,0.000367966380190247,0.00846526396340631,0.000871870012114178,0.0389115621990249,0.0034231506322505,0.000292891754305023,0.00160371695705249,0.0527287584560408,0.417022265641181,0.00636196243810056,0.00142404487772823,0.0679032454668193,0.00280088918864958,0.00586277189365109,0.00507485795049223,0.0301481941473745,0.0092630213196523,0.00240917298934071,0.00410909510382097,0.0367973068749603
0.00566255818316433,0.0149051063555189,0.00128529184481527,0.0063071770498785,0.0187928855880571,1.49840132139733e-05,0.0499113757244557,0.0199702102206752,0.0107960097178886,0.00488733689589319,0.00149341451696952,0.0192883095107951,0.00111272512661879,0.000114564018981296,0.0037686271015503,0.0025981019166934,0.00780630213573275,0.00273861411865079,0.00140032877959743,0.0239519820628704,0.00977832307521868,0.680805805313873,0.00303045330893709,0.0121543969563755,0.00964829093454681,0.00651016802181687,0.0177956230269795,0.0112846465528214,0.0199758038418838,0.000689982909639596,0.0193755476246822,0.0121450535512052
0.00908154404923056,0.00163200424279731,0.00537421349435131,0.0050009620149452,0.0200930859983298,0.000149907403244428,0.0142233332739731,0.000769584841918096,0.0302150378514593,0.00886246928781127,0.00849153279624769,0.0175943774999172,0.0021321406085843,0.00741552704976934,0.0016440559914699,0.0463729531325881,0.00424593908980709,0.00131443010915755,0.000428042757875054,0.0136238898912189,0.0138415304100516,0.00707783178420346,0.701292265915386,0.00911397604916879,0.00777365198819575,0.0211966522994019,0.000163899774921525,0.0163798301493183,0.00901708852691989,0.00722087581869265,0.000553103333734942,0.00770426256530951
0.00620614701063192,0.00597104128324881,4.43415350099603e-05,0.0509050988773438,0.131686082485248,0.00662938176250104,0.125006135494513,0.129913050477919,0.0703938989310902,5.26245423132525e-05,0.00616847000405512,0.00647433917610726,0.00135678249994091,4.81213290805011e-05,6.1265213782556e-05,0.00481958462049568,0.00270152433756132,0.000855962860167232,0.00121635383951031,0.0266149710342921,0.0321874765053372,0.00387652961879088,0.00653239179376117,0.328559124974383,0.0162733243670472,0.0142590384799511,0.00493248914456814,0.00256908620480258,0.00249337786610854,0.00223879836195163,0.00583846189390686,0.00311472347458051
0.0221710226492112,0.00313042916054985,0.00574445419408911,0.000982203201178712,0.108719252108781,0.0296972335130945,0.093163988095814,0.00224311870481418,0.0925304649511867,0.00341178331990667,0.000584748938839875,0.0197323948352647,0.0141894070573596,0.00364256994381399,0.00165791299182778,0.0512510610239106,0.00148090078969088,0.0015400458594087,0.00108454238422962,0.0366002820558349,0.00382343278364701,0.00377654831227675,6.44776201955221e-05,0.030855132492801,0.422842509244894,0.0070218055175504,0.0030391703690013,0.0164910533753269,0.00969807919511751,3.51367921663928e-05,0.00154546851683958,0.00724937000137706
0.00191517725496467,0.000345762392518543,0.000664105237515018,0.0446949322636489,0.0317749707105036,0.00375544688021418,0.00932039873705962,0.0482921602413986,0.0366375584981072,9.571960037559e-05,0.000722544636704616,0.0104875582201653,0.00907038150062086,0.00415077834556088,0.000781525543175598,0.0156534868392715,0.00129769269504817,0.00980833032649968,0.00154678967897975,0.000300886822301221,0.00396994263338206,0.00987939592285438,0.00606972782569034,0.0118453572849863,0.0209336127298525,0.609275007450767,0.00597123556372074,0.0274467373667946,0.000266060478154325,0.0220748891059233,0.048750877297935,0.00220094991530604
0.00468100818746489,7.84417810705703e-05,0.00260774618306415,0.0322645869505538,0.0927347734081475,0.0162985129075482,0.0842493327566533,0.0607409805265554,0.0345473645461518,0.00707722671280858,0.00034122965707005,0.00217798284635522,0.00554768499327482,0.0015994766473691,0.000138049842990672,0.0137950655743035,0.00168869204952832,0.00161768419576026,0.000186465272175793,0.0177787660108538,0.00211868535219683,0.00359709953697018,0.00125850110532328,0.0348648481214495,0.0262122720939208,0.00598030177919094,0.519828697430104,0.0121569531295379,0.00317119788204791,0.00488933343605592,0.00569012740996843,8.09116735345604e-05
4.78824429043258e-05,0.000142254432048719,0.000139777627704998,7.73691571778685e-05,0.0760242490222184,0.0264775147165014,0.00469719436279002,0.0111709119623021,0.105495478320534,0.0155867381568089,0.00856793188069945,0.00988080655853567,0.00439944474430885,0.00563470657401736,0.000477151730928939,0.0360175015884809,0.0031026049808416,0.00449001848682924,0.00489303745581634,0.0134031115876939,0.00872050020979167,0.00982048479339149,0.00582346317380128,0.00874031269404777,0.0366423606759577,0.0114158658809037,0.0101290111630917,0.537503522557588,0.0186962800351457,0.00797486185078176,0.0125456596971266,0.00126199147922918
0.000311525736692545,0.000381639168864181,0.000189117513692867,0.0111889520068065,0.013303653464813,0.00349106148403202,0.0159449501542418,0.00901172430458922,0.000915364308170569,0.000306000809984305,0.00301684846678591,0.0160287847799737,0.0148099394353403,0.000534929346701826,7.00045775381916e-05,0.00673984506171097,0.00341422153703802,0.000196082688853165,0.00074682062469451,0.00891554274377193,4.17832379005847e-05,0.000366092398209095,0.000206649996473634,0.00290106078980684,0.00119581375686942,0.00703057461252025,0.0106161888456029,0.00792091883931317,0.766648817882372,0.0172471353453554,0.0750543875354398,0.0012535685458415
0.00202891854245136,0.000123147395758303,0.000945067889362685,0.048610099573346,0.00377390773724152,0.0031629709033953,0.00196641681443699,0.0215483373317031,0.00159100270766695,0.00866183274215186,0.0194078283558893,0.00840896356346686,0.00256528366925359,0.00134620530773053,0.00353221011834739,0.00403868341524879,0.00109154037750088,0.00124099611113044,0.000139183861845325,0.00101644315827957,0.00297438294955384,0.000554893336296519,0.000150079083998216,0.000742767378881538,0.00115483079876918,0.000116657405636356,0.00871913954402689,0.00676582436154225,0.00263780535497384,0.810305424640807,0.029414329241747,0.00126482632756084
0.00207791945010626,0.00142111724379108,0.000577407406668261,0.0591976657659207,0.00600429173947753,0.0104763266675817,0.0205147053790069,0.00908486637262163,0.00374450707944637,0.0039072411026393,0.0151630373267704,0.0214474712482911,0.036932037164946,0.00239820584546516,0.00501953234594019,0.00846309996009308,0.00149462770699233,0.00233589665122978,0.00200073160366199,0.000479153635548067,6.47917260641224e-05,0.000836484353147704,0.00325636742049363,0.0116633286007728,6.93181630321089e-05,0.0137927813902424,0.0155817771695758,0.0212454763215913,0.011917027836835,0.0287776854008703,0.677876326566705,0.00217879335447154
0.000120418949676342,4.64044775607544e-05,0.00072009765210586,0.000750829846222987,0.0596671182466748,0.00197966484988857,0.0638704911481401,0.00405338480332336,0.0637617617448992,0.000531931081724991,0.0054713609629283,0.000755363797248947,0.00760414439249367,0.00532033847152451,0.00156469632318801,0.00671078799468087,0.00933168449062079,0.00059603142208809,0.00134995073648867,0.00995422421177404,0.0261437758406871,0.00473693102809313,0.0184909467677502,0.0339665587533705,0.0353310311248879,0.00350759292001052,0.000552567342530125,0.00168957160662382,0.0120611148472691,0.000378441707913133,0.0126316868101874,0.606349095647424
