0.796650201750924,0.0237282015224853,0.000246486641709176,0.0126377664448948,0.0117876459286717,0.0061558436091609,0.00993532310344961,0.00340228495937449,0.00898137595319802,0.0183953363611381,0.00270076447676609,0.000681105250316843,0.00108816698874655,0.000101171213884083,0.00118187308665376,0.0165923831743631,0.0205161706339116,0.0185606364571238,3.90350129189434e-05,0.00183304058875792,0.00475495688142656,0.00375100430167452,0.00831928347905515,0.0063879621806856,0.00429011571873091,0.00281534209669029,0.000109820863751156,0.00490318569101867,0.00291830748668335,0.000685881061254157,0.00439232806896692,0.0014569990116143
0.00650256407368455,0.76407210112607,0.0019413966899129,0.00354831981200075,0.00656251616857783,0.0208878612062966,0.0532812171408454,0.00548445454249959,0.0126009368633856,0.00334457150644396,0.00280710944259544,0.00328910564908505,0.000347924773968676,0.000188682587189771,0.000731920780536372,0.0298207312522051,0.00198909745244569,0.00122606089518884,0.00650225920997537,0.0215747505963201,0.000168387931493549,0.0102801566661712,0.00929799766997468,0.00729764013022514,0.0090043158593483,0.00113791313373799,0.000203273678135667,0.0029744320467153,0.00669855125414638,0.00298679737590694,0.00258469183347932,0.000662260651438373
0.00319663506992219,0.0119272559602024,0.734355764388597,0.00165948069654499,0.00487508598176611,0.0247811138702192,0.0285340882261638,0.00831498984550756,0.0460444239706906,0.000612995738073386,0.0022129381137905,0.0116053116256339,0.000318438556905223,0.00149725843987919,0.000576646391527356,0.0624645050858179,0.000379591739837049,0.00105664780408116,0.00200826033770579,0.00112922403146095,0.018856016049112,0.000591906644336893,0.000443378377726612,0.00742618318135342,0.00181170858535492,0.00694277463615011,0.00712553755833634,0.000174518545009805,0.00422918856224287,0.00101389455613443,0.00335582428347975,0.000478413146436583
0.000376139256037765,0.00152457469049637,0.00220514837612888,0.777492162972867,0.00429422738223884,0.0151902769756311,0.0516313289129662,0.0161722147807371,0.0016968320804063,0.00079053573362161,0.0123725636127668,0.0345245771030626,0.00174674942641279,0.00947596407373441,0.00110432062403761,0.0051888489119856,0.00576211937445237,0.00100715127787305,0.00456366426360721,0.00611236518771983,0.000758254048763906,0.0126906285429925,0.00221486802523107,0.00118484720093417,0.00221480914429564,0.0035943070962924,0.00455991739242092,0.00584200149255157,0.0101451499568409,0.00218026108885634,0.00112548923879279,0.000257701755244842
0.00628917487660374,0.00200057271009548,0.000293343824890481,0.00559561883288786,0.753015691231498,0.0126972385076645,0.0224869317987116,0.00920426578487125,0.00585801710638989,0.0130460833857909,0.0021160087662945,0.0123791905398007,0.00262414718927653,0.0092615305807359,0.0037358366496282,0.0215516671445216,0.00603512481903474,8.87228293717754e-05,0.00247516479276611,0.00327600091193169,0.00449838515435659,0.00505617785752542,9.20540987349686e-05,0.0354789588148469,0.0100179824411406,0.0120877286385722,0.00435011301268776,0.000790649249219469,0.0203824241145948,0.00537689867515511,0.00564441473297406,0.00219388092742607
0.00151038225333159,0.00299440396227815,6.12025464648004e-05,0.00936334660467502,0.0184322280182428,0.810696047802353,0.00848595202858656,0.0264200785167944,0.0199227721321043,0.00378555245676652,0.000635000556651626,0.000554992526473999,0.000931979470172208,0.00164182287336348,0.00193129488225581,0.019723249104177,0.00845832206690586,0.000253557912136246,0.000346785220251314,0.00143209977653011,0.00437952812894742,0.00189341224996049,0.00403059142606288,0.0145673833429005,0.00284502390105852,0.0171535825147786,0.0040837060805671,0.00443231068546875,0.00409057114416546,0.000846584271717135,0.00358069243065743,0.0005155431132007
0.00275385388561003,0.00988256166417796,0.000313332527227968,0.0303566791977458,0.0248667967855392,0.00610431150463211,0.810655931058442,0.0150497655928116,0.00126163851117914,0.0130359690368593,0.00777202272919796,0.00717559216452753,0.00378891842793851,0.000900838611561383,0.000524242036229966,0.00351419441649317,0.00386282688248271,0.000296973428578863,0.00197147100732662,0.00112764077956564,0.000734958001767876,0.000811307067474026,0.00455847080677631,0.00987649362239864,0.0115345917290478,0.0138402718298662,6.44224143398002e-05,0.000123527601406135,0.00795986018265257,0.00030862503338671,0.00315211482194221,0.00181979664081348
0.00274876763956977,0.00120930039427404,0.00105538859392892,0.0079090982541242,0.0250146736323076,0.054229499214098,0.00696148095286957,0.587562443212167,0.0159620676852262,0.00549609021384224,0.009710269960681,0.11946333920958,0.0018509784420522,0.0171871115686262,0.00216982777733904,0.00402692731363284,0.00104221694687199,0.00271811591333613,0.00208926240055148,0.0211495959316663,0.00106681075076447,0.0177681383979313,0.00203522791575949,0.00769207914418523,0.0267683996399428,0.00160848068863839,0.0159007924376445,0.000154844049840238,0.0319590487264551,0.00291635115181338,0.000263696103000394,0.00230967573727924
0.000303933562010355,0.012618111794496,0.0111258644242769,0.0147682512113115,0.00803673280766221,0.0642345427063899,0.101185742229284,0.00189502108445354,0.555438563388619,0.000984719739816814,0.0106544521296586,0.022304598842429,0.000601064916485192,0.000954281326070878,0.0021825278407639,0.0968568056338315,0.000389141246607796,0.00244699305641306,0.0140536422950694,0.00299338559979643,0.000417465260798763,0.0167603939549168,0.0158800227414328,0.000163606843686795,0.0141578185729734,0.00676096847588445,0.00106003335921515,0.000429703443553642,0.00182410236862193,0.000660780389561436,0.0162065675244697,0.00165016122943846
0.00781233173712103,0.000271915091426671,0.0008235973924339,0.00905028519354538,0.0104371319790283,0.00343673909607373,0.0126656691597802,0.00203441452188994,0.00535826173419102,0.825743769396551,0.00938582282123281,0.0148002437227087,0.00246825115895163,0.00499452065992943,0.0235400000183742,0.00176432612819332,1.28202075710246e-05,0.000401593631501592,0.000346768507833586,0.0222595461062973,0.00476399906053422,0.00532721882801641,0.00624693212872518,0.000494715083369673,0.00246082342552505,0.00136942408320278,0.000875766881047663,0.0109267715165986,0.00353113464921505,0.000524055567481335,0.00578554107860322,8.56094330461454e-05
0.000705631532528081,0.000767764708101814,0.00928151712340408,0.00454442663602106,0.0165280117409597,0.0524495452679376,0.0149688590108005,0.00141691360573392,0.0398983982210359,0.000243450238533521,0.679648904514902,0.0124293885630918,6.07805900493022e-05,0.000617612984404977,0.00187971979853394,0.068500751987928,0.000905633145791377,0.00237415988446551,0.000575888715966967,0.0294257948882392,0.0130201061418679,0.0023745348171506,0.0065937377021379,0.000595118689657656,0.000655319758993946,0.00704290115373208,0.00282290122902517,0.0102211079455555,0.0118983731332171,0.00289580328801919,0.00450264125555317,0.000154301726660071
0.00125016791107125,0.000147855140191829,0.00227422012008458,0.0278520980630165,0.0154075582595715,0.0584098485012947,0.0238448456508801,0.0257521110591868,0.020711728448325,0.0180256174516591,0.00215893225962801,0.722897560597255,0.000773532362945176,0.000206237055880087,0.00590023566773389,0.028324543476309,0.00105766429041926,0.00223819886007707,0.000229664200028542,0.00209677243602691,2.47779403967769e-05,0.003589391454901,0.00948945211432852,0.00735759157949637,0.00342883037225053,0.00671901265958091,0.00229893872621882,0.00371617878406167,0.00202887609916096,0.000630642848145646,0.00106973103972067,8.7184570153407e-05
0.000200166487537729,0.000630451538766136,0.00132444915066621,0.00853732977524745,0.0166949355816302,0.00106065255448819,0.0107214158392614,0.00879293903695569,0.00204926671357552,0.0273388134575099,0.00194198711696978,0.00126675235195917,0.796372276856341,0.00115763207081345,0.0203305485852389,0.0157155657674984,0.00143418473840139,0.00204832456224591,0.000957046536190913,0.00978393772651791,0.00528839846848886,0.011612429304075,0.0358835173904683,0.000340038210819337,0.00128315652486826,0.00101200617404511,0.0029279483347961,0.00520062875487713,0.000654540727462812,0.000262520761783418,0.000845217910034704,0.00633092099046561
0.000178397560619208,0.00603501871296028,0.00500681152018471,0.00279669881344112,0.00458796450633056,0.00102897053915307,0.00368434923663778,0.00138360938296456,0.0103454379099193,0.00100136278480801,0.00345783143218033,0.0181893803350433,0.000407084047489544,0.826689680257752,0.0401411552014437,0.000787720446753902,0.00170851475013628,0.000391190789897777,2.59887018337161e-05,0.00894180513874697,0.00383439431078958,0.000222289876407945,0.00747543555470833,0.00186319332726831,0.000233986326332538,0.0166935537000931,0.00232252942004355,0.00351510255167027,0.0154709497999574,0.00466494254706389,0.00593950779100312,0.000975142726365864
0.0028602750790287,0.000506967356120916,0.00921259865258271,0.00740511972700738,0.0350447072189077,0.00953602545428237,0.0449020200542183,0.0099746662335303,0.00185756267285854,0.0375901741032086,0.00220824051984823,0.0180596515527474,0.0281839206217715,0.00211819003296638,0.733489043588632,0.00641500456495687,8.36101682018783e-05,0.00202485942089274,0.000389073951379774,0.00299689504324782,0.0117466018509815,0.00290819735619125,0.00611099241332998,0.00149392394482084,0.00142831664151208,0.00572604680004997,0.00217931069750867,0.00896524325432004,0.0011541533542036,3.40700665485304e-05,0.0010605000493796,0.00233403755476349
0.000516638640803595,0.00537385429837299,0.00226429674518896,0.00352545637197615,0.0181687592508631,0.0192979426367602,0.0668392250654105,3.69370707778332e-05,0.0402996377674906,0.000348122346805251,0.00707612539747122,0.00376858959800228,9.65731720307828e-05,0.000412109282564967,0.000588419428475371,0.782922396780777,0.000196231375369127,0.00170113758755509,0.00221551895817139,0.00139317814249005,0.000824664243158003,0.00671004398617926,0.00790248614026063,0.000230421585675579,0.0221702883790076,0.000854725590141814,0.000234641789793531,0.000875859920187217,2.54843148998695e-05,0.000203841478560064,0.00271613440524037,0.000210258249539448
0.0207163853053867,0.00376487604377767,0.00129040434131668,0.0172586958340883,0.00879730810834623,9.22300361209055e-05,0.0164793586265433,0.000349764960629419,0.00501146393660994,0.0032665906698156,0.0112487075875271,0.00232679331211069,0.000286259211203994,0.00352389889485386,0.00396428653444463,0.0108517754580964,0.822325236328386,0.0150180367848088,0.00250495740423749,0.00257414847687264,0.00185173587264455,0.00825366321774598,0.00145949070868707,0.00448352828864009,0.00045645124559712,0.00369864606065602,0.00251358307348375,0.0114361618788887,0.000874781199823388,0.000845073724305462,0.00631377059413608,0.00616193628021502
0.0278544975184352,0.00183396992620246,0.000745173765094957,0.00216155822969601,0.00216013317274964,0.00497837929792808,0.0057987734916769,0.00345645006862294,0.0211105013647598,0.000439446087807822,0.00553717215122307,0.0150724860587549,0.00303527933873425,0.00104429590880076,0.000253588764762211,0.014308485407915,0.00581788413010613,0.779891012871686,0.00154546031310763,0.00315988165156859,0.0297946624640844,0.0046252358063509,0.0179106409802307,0.0108272015100018,2.95936493462167e-06,0.000400476909195403,0.00768626918370681,0.00154854943126409,0.00426331187180262,0.00319128250988214,0.00159179342973652,0.0179531870191775
0.00462715022011455,0.00394048722794411,0.00271225702609129,0.00374372379796329,0.0171341877264025,0.00398962347543271,0.00135420717272766,0.00279837325175441,0.0605765493700645,0.00212673595916879,0.00764380793927975,0.0163269938702359,0.00328122023045535,1.59573409631914e-05,0.00618136889922002,0.0205625305221596,3.33547429238275e-05,0.00131537648888571,0.691362570567694,0.0139422566278899,0.012035874900922,0.0188890983882435,0.0289481736838717,0.0248231009851962,0.00971057325228439,0.00196575610297764,0.00409953907008084,1.56343829154069e-05,0.00747240578732027,0.00367078052691995,0.0239818646820004,0.000718465779896416
0.000471382720775495,0.000904372485752599,0.000266739752742485,0.00137243440343791,0.00784798423423273,0.0169748397304374,0.0243017206105735,0.00631155404054513,0.0240263542783662,0.00152882403807668,0.00574964097719183,0.0164734154091429,0.000528012619940702,0.00118806090926785,0.000224718360556383,0.0196669966612552,0.000918926767808428,0.000868777285062371,0.00742509914012744,0.54672388773077,0.00014570519304791,0.0218395044037812,0.0562446837675057,0.0178133637288521,0.00421275485486555,0.112925050344799,0.0745958031859324,0.0021133974047853,0.00210524599300699,0.00420692067472439,0.0198960421516009,0.000127786141035833
0.00118674065327583,0.0032709161808149,0.00173968463937113,0.0134635203061887,0.00520430067942238,0.0157083001468878,0.00896514153934266,0.00356003416756436,0.00373593032159181,0.00262361670832433,0.000342809467662045,0.00193225083371137,0.0038047400643588,0.000508123377010827,0.00212941742994194,0.00547375860804388,0.0019509244883398,0.00305462655086494,0.00321108120162197,0.0506270721293704,0.641020215811566,0.0168928398490253,0.0683299898193196,0.0335890556477455,0.00596220058008386,0.0488754121671228,0.0330756339718199,0.000585389763723365,0.00241382878679289,0.00269383737138239,0.00746921723538161,0.00659938950232625
0.0118116682617705,0.0034070267621273,0.00160027233760776,0.00807170757170047,0.00463342625984003,0.00707364644498454,0.0141081160259485,0.00152754240783474,0.0517880550122429,0.00169510715101463,0.000269003455621583,0.0129172037745154,5.55219351229029e-05,0.000344073665492625,0.00182660265174252,0.0629717475904252,0.021125306700257,0.000896784180534201,0.0168109637922429,0.00304928104392709,0.00139042832353836,0.661722193773866,0.0320721531876143,0.0197456463720827,0.018893970218514,0.0141874255856528,0.0113175595809396,0.000656047627576883,0.0100464565116731,0.000681971695594411,0.00314012759902492,0.000162962498969601
0.00267552340954776,0.00998526393513179,0.000295160335434401,0.00111832057656261,0.0311449168344485,0.00654341801197758,0.0523438113029538,0.000639085024447932,0.00127967884299456,0.00380275350357591,0.00060621709091177,0.00408937922389434,0.00179560142237897,0.00128675676703727,0.000229652612663551,0.0301360663507388,0.0094545676367259,0.00102763651509419,0.00455631422772347,0.000127924745152663,0.00182162552252075,0.0103754869493528,0.720189673845095,0.0267957943358035,0.0103918839898809,0.0125914869145129,0.0270190690028357,0.00251852874143205,0.00853321301366512,0.000833957561358643,0.0150100339948253,0.000781197759321599
0.000180038353446221,0.00299389647100027,0.00162777290785535,0.0042458085327272,0.00313851453428394,0.0175190840577163,0.00407902257331581,0.000311905161904222,0.0192863585615234,0.000411490855476857,9.30024621116581e-05,0.000744319122183962,0.00149787668384135,0.000788376498534682,0.000172342027395586,0.0127348708155758,0.00165731166070952,0.000902138753618423,0.0106910663770987,0.0422215266368889,0.0102730427619136,0.0173742683244989,0.0680136331479826,0.53823979833102,0.00575836038203332,0.162033187166009,0.0560543424572658,0.00266797098858575,0.00124857638965307,0.00409148901466839,0.00750347647579151,0.00144513151336967
0.00327066084556911,0.0184980821319763,0.00149415031992552,0.00395268450376415,0.0119107839170938,0.0243097948573361,0.0151510638936224,0.00107043633563401,0.060097235054122,0.00162101329570341,0.00165117812339754,0.00480069600718216,0.00282766341571,0.00210018089026113,0.00044298279403371,0.0155038433289317,0.00022585709943535,0.00693541157618983,0.00160922496217966,0.00635752704298832,0.000769939408441191,0.0068967273456337,0.0104681757727722,0.00473355151824221,0.729345847288969,0.00354240868102438,0.0116125182803936,0.0131759568346906,0.00127597921581629,0.00608661900891914,0.00440732694612465,0.0238544793039164
0.010736018159891,0.0019341448258148,0.00106664837269343,0.0185442909917036,0.00397473038651374,0.0424753834464803,0.051927996142049,0.0115606397272194,0.00960096520040065,0.0019471549695161,0.00141304728601966,0.0094320051084175,0.0011478261863436,0.00129186637272971,0.00301100856402383,0.0196534501550681,0.000264662901709791,0.0113610459012591,0.0104218432011988,0.0938865208042534,0.0027646117439652,0.000821142459047822,0.00699341062779149,0.015083720094792,0.00242347727404232,0.474233125572235,0.128824024523969,0.0119763574256758,0.0275140222940039,0.00797875386568354,0.0133599485934662,0.0023761568220224
0.00455896559412085,0.00391184362887802,0.00137484965099434,0.00363731259433259,0.000751516882583591,0.0140899774567309,0.035877814932406,0.00557590215662022,0.00794125124341509,0.000529558921033813,0.00240051139317328,0.0128630746986686,4.5551473464117e-06,0.000614659171727101,0.00125779645349408,0.0134247820088162,0.000329164053985882,0.00261500864722905,0.00170510395745112,0.093383055569674,0.000345502905628421,0.000259158578220083,0.000724304913524865,0.0377701931464087,0.000379976044926848,0.0372865326514104,0.687289855668479,0.000784310713986765,0.00882244123168054,0.000928767900965052,0.0130973531447506,0.00546489893733804
0.00180579364320981,0.000381815554706544,0.00280651740857548,0.0171176458911802,0.00978956659246926,0.0388904854334981,0.00900933313303418,0.00655195569368869,0.000954999186854413,0.0383001237861272,0.000568253588810119,0.0401567035072144,0.00976904713350504,1.70568502637571e-05,0.00449009577740137,0.00204451952132386,0.00256547966198461,0.000711569033730944,0.00048842294274276,0.00190394887773231,0.000470325207698264,0.00237989166242529,0.00567312571351859,0.0159288758944704,0.00414719125034178,0.00815868158561516,0.000145237426386548,0.753184306800115,0.00727442594438868,0.000675353112610504,0.0112948452216817,0.00234440696269516
1.14607553162694e-05,0.000621835543500268,5.68214536110993e-07,0.00696668622307856,0.00527139225754735,0.014983753751681,0.0105717226309816,0.00502625436948017,0.00998955694968056,0.000771875094093811,0.00393973793315466,0.00153873471048937,0.00288113622046724,0.0019274688194515,0.00309049628013541,0.0152571752763087,0.000242082288217489,0.000628777788749709,0.00357265769025441,0.00293760995073806,0.000514253800169635,0.00458141853758664,0.000257656664490443,0.013005688522914,0.00123544011542146,0.00273150041912225,0.0400007751052025,0.0246824237176401,0.806273347110022,0.000157961521496223,0.0151070663893598,0.00122148534871273
0.000366329693000943,0.000594055485006772,0.00125364758373848,0.000223858840479744,0.0135886335196804,0.00377050866941059,0.0332049793582131,0.000633313297680258,0.00213413790916212,0.000332902639628952,0.00907432177419748,0.00256140758639337,0.00735705892372104,9.65905760299076e-05,0.0132975087173209,0.0113087022919868,0.000740835689433675,0.00318709138216265,0.00275316937221016,0.0616343225527558,0.000243142144141085,0.00567800372560193,0.00831605149892581,0.00461287111094174,0.00128305738057789,0.0243038840657811,0.0295799581974801,0.00316925004675662,0.000231530182950058,0.745441704964793,0.008794933436429,0.000232237383408302
0.000881171418013117,0.0013794331644779,5.225570561338e-05,0.0070809523960222,0.00961169858880084,0.00701407790131541,0.0225910581765744,0.00145592570355314,0.0188294638919714,0.00345469793883714,0.00322352414358898,0.0217840987344715,0.00123511363113027,0.00030627779373646,0.00486204851080556,0.0240854685284078,0.0010899835986613,0.00119715425155885,0.00115217658546679,0.0611186810734193,0.00106573806270065,0.0112451876222479,0.00304040525953172,0.00423533027089499,0.0039505902843573,0.00710830740542835,0.00931995376134538,0.0317879424222267,0.000726134793079021,8.43607738790475e-05,0.734711333825672,0.000319453782210751
0.00189688572875977,0.00820357747227017,0.000466449439486672,0.00713885954586593,0.00918876195150056,0.0127054693313739,0.00386271960190728,0.000400076295905695,0.00144753092083618,0.00345137887527832,0.00100748186003797,0.00136933017514479,0.00363604866572457,7.7747435647777e-05,0.000913130764193158,0.00114926667373507,0.000908637233602012,0.00243007177643863,0.00350830270048875,0.0469935319370669,0.0136301681688091,0.0092185191131031,0.0366250858122234,0.00448815910638793,0.0138101180226827,0.00112782000771173,0.00268993526124396,0.00238162897206938,0.00220726446753891,0.000609106562251422,0.00672927216514499,0.795727663955569
