0.479873984257557,0.000186427588323146,0.00403024861928781,0.138433745967291,0.0312085480986123,0.0192062246101373,0.0246844310513267,0.035389153831871,0.0345983358577855,0.11118224247235,0.0262674524597743,0.017268863103521,0.00247643524495982,0.00159752914901227,0.000867794497031906,0.000919191325932738,0.00314539584532783,0.00117571100776529,0.000620183994631876,0.00574464066171018,0.00554559534290862,0.00438980414204323,0.0063319085455789,0.00315827650374452,0.00169441693791806,0.00555584845754493,0.0014627339177663,0.0119744801112455,0.009613761620269,0.00211917959231131,0.000549239081399183,0.00872821610306139
0.0115205492805807,0.623176740281588,0.0114458011530486,0.0503557622508252,0.02200750346968,0.00404397890027926,0.0320914364194266,0.0135113247249548,0.0473777242620266,0.0189310090938977,0.00726500051211907,0.0163951469057524,0.00681310778707345,0.000917448081412839,0.00159697872488987,0.00462068778261104,0.000840301966214183,0.0213660155878263,0.00061741034162769,0.00286365926999411,0.000718554529977164,0.00758894742625802,0.0034087731334154,0.00363883765379796,0.00832097583886628,0.00462899156888475,0.00275554090292543,0.0148560731009803,0.00549533467537497,0.000503020749805703,0.00233420565670646,0.0479931579671784
0.00136601526830855,0.00860344052011916,0.621640224496257,0.040022345792995,0.00122285338966382,0.00369594428541319,0.0258657362322301,0.00837590138076378,0.00105871097261127,0.0312413574039632,0.00661673449985148,0.033333669128519,0.00194004384482494,0.00113715077524746,0.0101297307524416,0.00214156777690082,0.00186829093891624,0.000569502152912654,0.000372019555753591,0.0390316454100591,0.0128736072660113,0.00810112673962937,0.0036196337316044,0.00259128697536917,0.00800590608258302,0.00947272145633992,0.00492505648159577,0.0629962256904955,0.0271214459179256,0.000150290699856728,0.00782954602656678,0.0120802683542707
0.00111029133918556,0.00053663724020761,0.00956250060222621,0.820756898713248,0.00479128797064474,0.00492487492718733,0.00643431039186603,0.0215326945805777,0.00173279497399476,0.0130369210210383,0.0069225177612755,0.0407783299804696,0.0135640327676215,0.0043404481285423,0.0037953993972173,0.000651167789089703,1.84884672916715e-05,0.000916471574809771,7.6783995052256e-05,0.000370749619518023,0.000293914500028614,0.000156313088796081,3.35389237485437e-05,0.00508367911202066,0.0015296576993578,0.00281567191925044,0.000502169181919349,0.0197070878665521,0.00822449574836619,0.00246261214729138,0.00134659256682656,0.00199066600477844
0.00162112620843233,0.00308977817194852,0.000605291909312675,0.0964498780967967,0.386804355318934,0.0878661564590536,0.103713862233097,0.000544642185779743,0.00842205492787937,0.069941737438674,0.00971490264219931,0.0230871967766753,0.0018208721449918,0.00126959133465473,0.0208815030970388,0.0686271214125116,0.00284210741622278,0.0152459143848099,0.00078362707359662,0.000443444461245057,0.0039064902802772,0.00266797287059605,0.00352047909607498,0.00170253806282237,0.02308980006142,0.00556609727879889,0.0044413842535487,0.0369915305987125,0.00902954130062539,0.00188910338512416,0.00289585007888923,0.000524049039256435
0.0105566498397537,0.00173011656352943,0.0020222939933585,0.0792746364786323,0.0243537455073558,0.654230562141793,0.0168648366690016,0.0154883348754719,0.0133975212486503,0.0981848590573976,0.00832224561736897,0.00826262450412581,0.00291116400671465,0.000391658359890048,0.00878688871487619,0.0167018622238324,0.000957437226285451,0.00298115772507017,0.00107875597558315,0.000398599715613947,2.74303338546699e-05,0.000471622425272949,0.000395847473067935,0.00378223772401373,0.001147729831748,0.00364129621845578,0.00180975815390021,0.0133985040493477,0.00112077971838632,0.000160492387678876,0.0013615082806168,0.00578684295935273
0.00470103239011197,0.00144223760888189,0.000787048572804114,0.000635074644040803,0.0312029916250585,0.00816897559624495,0.771228765114323,0.00113423874670094,0.0129003647854745,0.0030515261904018,0.00938729314989709,0.0503950494700206,0.00109327247658725,1.27087725353298e-06,0.0082396532421727,0.0133953642137241,0.00207800493977475,0.00972361605817801,0.000118736147132619,6.61221664007877e-05,0.000262796312927371,0.000162812620000291,0.0011996329115048,0.000883051195427562,0.00214048528989767,0.000337705747592743,0.00726513387844847,0.0432693188427902,0.0141528287031971,2.18089609250187e-05,0.000196084717290985,0.000357702804813672
0.00079676508095371,0.000577811167096282,0.00872284347091599,0.0117509239045374,0.00374578737478434,0.0503220476878945,0.00713700609970935,0.773060895183785,0.00695834967256805,0.00159806405901229,0.00186256489977972,0.0578997250153298,0.00489447578900878,0.00386172896603596,0.00209866610556962,0.00347050763399439,0.0009345060956519,0.000143084736084979,1.66282042253853e-05,0.000662501398186659,0.00128941396099019,0.00101542479874163,0.00136843251160759,0.00542665521516221,5.41264533818148e-05,0.000905653129750213,0.000230563140874947,0.0386842555527479,0.00495766642021473,0.00285524133091542,0.00186115069021239,0.000836534250276781
0.0135077309609135,8.44470188025806e-05,0.000418646063843338,0.0862358332592428,0.0469265979182427,0.0127440142409607,0.100101838946878,0.0232897672661249,0.552555039600388,0.0618639019240834,0.0224547108919601,0.0241222729928619,0.000173565082845173,0.00156453604972351,0.000599126014562946,0.0063262063139447,0.00062991809565014,0.000503174146726706,0.000755580161095725,0.00104275779242206,0.00457174568606522,0.000611604415811183,0.00371623794699944,0.00294043336875072,0.00835423431782451,0.00393736841537256,0.000431521741633052,0.0127739854672328,0.000478081029248538,0.00232436861450914,0.00374204474708291,0.000218709508197362
0.00602531371964875,0.000710536169317194,0.0053959598072011,0.0197294485625717,0.00474337456364799,0.0108861930227169,0.0158091414522595,0.0428024372693622,0.00155528671393631,0.770759519924082,0.00942631806713366,0.0144909857663611,0.0490407216280702,0.00738309151241776,0.00189824245233881,0.00310879660764793,0.000490787010713557,0.00147213428946888,0.000663016518617803,0.00384039246889893,0.000807251518450781,0.000713952093264743,0.000174525296433565,0.000189826025571431,0.0041634714725987,0.000413398356357632,0.000509877513812516,0.00950563257249773,0.0066053928739508,0.00230311670533477,0.00307964954628145,0.00130220849903369
0.00379304908024569,0.000743085115835145,0.000801514543686187,0.0165635091023806,0.00654471741281686,0.0174124420702051,0.00237599614233641,0.0130285469775992,0.00506489072452878,0.0323087680322687,0.812992723764542,0.0185438511652012,0.0345159605785752,0.000114629136326856,0.00112095659830189,0.00344894293923684,6.98140157371972e-05,0.00331424394109428,0.000169918254776041,0.00356086025489069,0.00416873551318083,0.000582161207197689,0.000193084416817454,0.000574877818078136,0.00222837763194636,0.00130376913907696,1.17722710708838e-05,0.00878996964825866,0.000518852129984859,0.00197088018244291,0.000708021009252037,0.0024610791821078
0.000857377286812034,6.64067482767471e-05,0.00374529661092899,0.0683330503717543,0.0032827132099339,0.00106716079360777,0.00572396333477094,0.0405065891230682,0.000419152465502613,0.0439956181830077,0.00330915077503261,0.66153491615572,0.0170603598265523,0.000405036410095152,0.0025971884229882,0.00419867557306413,0.00378740884485227,9.48607923463213e-05,0.000593029995017622,0.00816806775886266,0.00426875734738497,0.0105434741009673,0.00158713641792637,0.0040141854879192,0.00131833750963044,0.00943993291825664,0.0062217336618525,0.0258522444821965,0.0405078675003255,0.000106474193175299,0.0208004039356046,0.00559342976256592
0.000238803270221545,0.000111575830096206,0.00269825612289063,0.0252961775642038,0.00347617254844097,0.00384336727404422,0.00968981415870292,0.00968172410195933,0.00586804366221498,0.00246632787412491,0.0615360267129778,0.0396116952036193,0.769039367225939,0.000723832626795513,0.00445505448628306,0.000134398966030331,2.53179138331061e-05,0.000254521180358147,0.00021756027487103,0.00727186976822269,0.00208442450227676,0.00167549403537564,0.000173620389154313,0.00297192109643064,0.00955874378910868,0.0136024555029759,5.10600610154474e-05,0.0172925983765231,0.00177652905388214,0.0011014188611627,0.00286252713669799,0.00020930042956692
0.000246857079335617,0.00176829454102068,0.000253221830240074,0.039064198266107,0.00238419357577258,0.0158084006253445,0.00773472723319596,0.0133249119245206,0.00456000476476144,0.0199983444525134,0.0137662101266659,0.0459630315967626,3.27112584347109e-05,0.738170920943742,0.0257738366641504,0.00768718906553307,0.00059164688571747,0.00596514029568619,0.000286514174086873,0.00336669313634758,0.00129914406202333,0.00139418537396333,0.000710444085500152,0.000321015950053374,0.000832929926649838,0.00277020044673508,0.000207759198079009,0.0368898282764115,0.00206180677339274,0.00212596992592104,0.00197880925516345,0.00266085828616813
0.0019193171453436,0.000670975195530904,0.000511299711292668,0.125116498123082,0.009152270822895,0.0191917592787455,0.0231425899763863,0.0361057459172496,0.00620534863000156,0.0427618520657777,0.00933213073761733,0.0119690934735486,0.00285642703464804,0.000104176009045587,0.631211044497333,0.000617954068921659,0.000339480633314527,0.00161982785453757,8.53798973856953e-05,0.0174063101517942,0.00302973277900981,0.00129842405529643,3.7919902837019e-05,0.00706442818266681,0.0140997505158976,0.012029461374789,0.000359154174772761,0.00598113405414799,0.000502892324543137,0.00253000912851682,0.0127065532557059,4.10590273660802e-05
0.00766130221845783,0.000222005551352677,0.000170647201018298,0.0398954280504888,0.00470967034342793,0.0298775659692087,0.00588122019361445,0.000495073740207945,0.00865725716763335,0.037380027854686,0.023836123566105,0.068243751748254,0.00066809548057659,0.00103553056904038,0.00162315371438094,0.688810187524538,0.000953480095334907,7.78534137048209e-05,0.000246444915199783,0.00365689078279831,0.00477212568142029,0.00582243245114242,0.000699981505674642,0.00189060572307414,0.00259281461049731,0.000795078464519892,0.000322185233797434,0.0457080526583335,0.00921875916196593,0.00125000617405569,0.00183555953671225,0.000990688698777902
0.00604722287420504,7.12652470918094e-05,0.00173545923043374,0.083733743093886,0.0208894185247884,0.00469765275348483,0.0240005126352474,0.021371018645404,0.02359887310182,0.0975361414770155,0.0268737126076121,0.0151145230160255,0.00692244087617924,0.00379266469455637,0.0022379509802139,0.000197962408370002,0.58544623606515,0.00116103896186761,0.00181470045949089,0.00836433150047246,0.00146497818506192,0.00619463826102802,0.00369279421938685,0.00172570180661558,3.91265228436641e-05,0.00273405630754891,1.70654036021141e-05,0.0328402442962981,0.000269276858122663,0.0034871292345532,0.00231485722305612,0.0096132625285679
0.00618179026527261,0.00474559477267804,0.000224671977357848,0.0505996506986194,0.0534275534329916,0.00244289757567095,0.0108272767819266,0.0104844871215399,0.0513920840901141,0.0414679387527553,0.0235741487494691,0.0487688424407062,0.00274756893992909,0.00165104046927295,0.0093478388864857,0.0035275793135567,0.00798507769052218,0.580069181317659,0.00743803315371509,0.00315100970607525,0.00150866680143129,0.00136938864782113,0.0050066118063811,0.0114287564797442,0.00172112584206068,0.00718654833844076,0.000228094842892128,0.0355596385352696,0.00606040410065507,0.00111551314637192,0.0063582391094335,0.00240274621318173
9.85690199414804e-05,0.000433228675927312,0.000462907352647215,0.00209724041234169,0.00415301716489268,0.00218133831294034,0.0146677022882936,0.000311441635360036,0.00186336487190197,0.000301290043090438,0.00147823772478376,0.0266727813842615,0.000840470683478619,0.00135307952778874,0.00330626687447042,0.00830874838510239,0.00140452035409461,0.00652290069136319,0.82906394865336,0.00648778417357609,0.00645325745126854,0.00131200855271063,0.00903797816456167,0.00324160174233239,0.00143096175998293,0.0122141534583447,0.00575621072749691,0.00829160114171553,0.00246355166954186,0.0143419614635444,0.0202432195018648,0.00320465613702008
0.00160953542008826,7.8530808614444e-05,0.000385208764749249,0.0278010609631959,0.020618014789501,0.00478868259676805,0.0248511922640096,0.0046005706965152,0.0507988100132098,0.0191141781892381,0.00418305149570561,0.0124893914162927,0.00244402328133017,0.000169719203256356,0.00274493406136404,0.000219410644443904,4.55040261588123e-05,0.00212109142734395,0.00428778834124781,0.69884423840251,0.00624827639306723,0.0274858161340178,0.00344969190428302,0.0163586100050545,0.00554087918331672,0.0383038625222938,0.000391983043926849,0.00612543401655015,0.0062505317609101,0.000610482129288573,0.00442531703340006,0.0026141790683479
0.00238309992917925,0.0010981641728987,0.00183804065993277,0.00909060531307603,0.0407751983177938,0.00831256063870942,0.0591879830927992,0.0154978763099806,0.00425426334497143,0.0109072068527149,0.00466047159837605,0.00653529637862968,0.00373154673300196,0.000408819393294841,0.00653554622909543,0.0118518935819664,0.00038544599407268,0.00428508791303607,0.000496255134730504,0.0214054578202379,0.644737044188137,0.0017619579738653,0.00225885592786937,0.0714471950714284,0.00559241330618611,0.00701823181163187,0.00262107067584723,0.00642964387211585,0.00261286517648158,0.000249589517601984,0.00808000235014259,0.0335503107201946
0.000403250186470557,0.00046254301013524,0.000194681779304767,0.0106930176814488,0.0148921403161494,0.00563142448888259,0.0150093022991396,0.00726238514816963,0.00123876077984986,0.00275597105480368,0.00205196007067396,0.00758348762129162,0.00411728754435713,0.000565165436019298,0.00238647054442537,0.0107312279894423,0.00807154353259125,0.0100836754006511,0.00240958244393396,0.0453111830781994,0.000547355763786875,0.765826027662491,0.00327028130952545,0.00116172326147816,0.0268154652767138,0.00172205967497874,0.00665854626959174,0.0136523222185559,0.0174499854032257,0.00067868598395063,0.00247592627720219,0.00788656049256031
0.000111558139887817,0.00182461209628901,0.00192924021487743,0.0384516797631355,0.0508808737157423,0.00578770499397498,0.0373231242676457,0.0379519133762244,0.00938603266277941,0.0147897336008653,0.000219018704431841,0.0274086175366748,0.000968611275732695,0.000498098978985129,0.000330054840834299,0.0125374191349878,0.000185138586804033,7.46073511053214e-06,0.00447119266163944,0.00266249867256256,0.00099040574107575,0.0200914482702649,0.658904161901505,0.00379660389233434,0.0163019380709027,0.00282087784593795,0.000166107825821158,0.0290373312788169,0.00632453098590628,0.000638155077397046,0.00472693842684989,0.00847691672400286
0.000578074358205651,6.78344603284001e-06,4.23119724331172e-05,0.0488744268029336,0.00808379387198597,0.0102037777840613,0.0125589526342332,0.00604675227107745,0.00885680546809034,0.0401201818313884,0.0155759269438596,0.00338737102215049,0.00121612526843111,0.00340729690742609,0.0115944042666902,0.00403422598409979,0.000688502342331152,0.000461355974260149,0.00112047120524014,0.00145120715813652,0.0150206533380259,0.0165431838181241,0.00217174283604845,0.737352774673231,0.0163748511820092,0.00259270629581257,0.00979470973912484,0.000976602327124662,0.000366422203674628,0.00154676222213157,0.0189433065077856,7.5373438396943e-06
0.0311427980902426,0.000892093592949156,0.00124020472536285,0.0286068075394337,0.129117475611357,0.000771020829938161,0.123626792782306,0.0224271489262496,0.0461694980917029,0.0305120050157274,0.0117264842239417,0.00767477104740846,0.00111127655601311,6.79979091086307e-05,0.00803384839241588,0.0064358390908937,0.00804449027103601,0.00230566054565825,0.0030658100441762,0.00966553926923249,0.00451837318123966,0.00506046135614685,0.00445619615938831,0.0169327261893724,0.480858528384143,0.000635136281090884,0.0025173161619419,0.00267957386336335,0.00672438754634456,0.000752389481517858,0.0011690450598577,0.00105830378043976
4.50076554198647e-05,4.94117332318516e-05,0.000474706645128853,0.00215069525216566,0.00646421317279104,0.000719740556879826,0.012854153319661,0.000336984055285577,0.0462044253073018,0.00669622624440135,0.00143931380345999,0.0151616131077539,0.0115408499921945,0.00260581675899391,0.000846618914516565,0.00324518805701223,1.85543688264591e-06,0.00109707303542337,0.000224646826059865,0.000333735407293829,0.0428975125638832,0.0156594484691935,0.0361036613093184,0.0318655983194661,0.00507619695935494,0.672118521535298,0.00910918441309026,0.0665343629793148,0.00388589139011825,0.00201675651143931,0.00122823846274786,0.00101235180491801
9.35250186858218e-05,0.00138522461168094,0.000616356796483948,0.0539356631113007,0.0148505119394837,0.00136475884257044,0.0128028632619772,0.0143517481239785,0.00433433911183021,0.0242344009693105,0.00702147913278222,0.0135458971617433,0.00725812555882058,0.00303785473670388,0.00900717309748381,0.00805941858812524,0.00196413761405073,0.00246165490055839,0.00330257355979302,0.00144303061657165,0.0151003348042196,0.0071295997289419,0.00988873651238909,0.0145495222525079,0.00411893684297736,0.00561226825939112,0.709054980399693,0.00561310111895248,0.022394283936136,0.00130207508421911,0.0195842567930151,0.000581167513622921
0.00123537419090451,0.000118095536834585,0.00404159039135702,0.0843127377252294,0.0113757839420449,0.00219885042827287,0.0236451716610419,0.046421571147335,0.00476595983587666,0.0378409389205582,0.00021826913970337,0.0212349377873985,0.0205256388924523,0.000367805516592554,0.00020419386015001,0.0036247210652339,0.0109367719313874,5.00399982025679e-05,6.33499038931469e-05,7.02667619053076e-05,0.00190965794144295,0.00649896112783253,0.00532824638004763,0.00121089955135562,0.00352014405894937,0.00339934957660592,0.00329045327107922,0.668471581310716,0.025093985969772,0.00175558178585012,5.81469416118125e-05,0.00621092344836304
0.000535293606654263,0.00103209388693368,0.000842652159883915,0.0190182164831442,0.000992292134545865,0.00172477550960288,0.00647772188980098,0.00267463922355544,0.00244459523053781,0.0278155602773625,0.016458411015853,0.0248546197697413,0.00451939092454365,0.00121152354849813,0.00861379046010155,0.000321148400480751,0.00361309903471884,9.07633981935297e-05,0.00116790865935359,0.0320681312197282,0.00273754758586217,0.00178588935312472,0.000774277074006193,0.00034251772609266,0.00146159655095724,0.012584360948386,0.0198810890538926,0.0157170489603286,0.725378468521745,0.00312704304980243,0.0592929606303727,0.000440573712195204
0.00016052916351943,0.00293598012298659,0.00161887527436305,0.00251382050410338,0.0168960121125101,0.000802528050885009,0.0112821415820793,0.00131337594588159,0.000783066816225221,0.00106836481277712,0.00209137933765244,0.00641065411553727,0.000277982711936286,0.00746128039293564,0.00252185783791286,0.00169652601792209,0.00971155223607256,0.000173681877341255,0.00118153952247811,0.00192951941220886,0.00138057507268009,0.00207048558590474,2.64335726833869e-05,0.00272100980672246,0.000669567671834886,0.0104569866341431,0.0132917579025018,0.00168358146125564,0.0166924293569424,0.847724675031124,0.0284157384938496,0.00203609156302996
9.35440090622517e-06,0.00273288791617541,8.51975738896914e-05,0.00438289186063845,4.6878534201387e-05,0.00273490028552062,0.00598387427945276,0.00406039882805448,0.00159352292824115,0.00894821640057546,0.0244179909060042,0.00343707434321541,0.00553998268874442,0.00425548181416267,0.00842672710717937,0.000518686416414045,0.00437158946449873,0.00104562510091288,0.0116872926603654,0.0510736838602145,0.00764635596747555,0.00305711956085031,0.0031756439547459,0.00714042091739624,0.00489647405059679,0.0245018894283078,0.0278390487591842,0.00670699611687603,0.0297770633864606,0.000196746575674658,0.739530005388945,0.000179978524119899
0.00589046959560216,0.00309708709338456,0.000214002342939225,0.0159238711411269,0.00159336179781217,0.0218848137549933,0.0081024268072084,0.00670146471619685,0.00145749788971542,0.0219492619719584,0.0191685835734487,0.0478214963332857,0.00111998765021847,0.00103929457334371,0.00263813492526049,0.00145583173209938,0.00336734333265395,9.63260675847797e-05,0.00173058823592154,0.00961278339761768,0.0267983745399111,0.00278215460098606,0.00279559718049058,0.0282498659506863,0.0207554299615575,0.00656037818373031,0.00157874705634731,0.0662732425025516,0.00788400367488076,0.00186493328432797,0.00053012768461251,0.659062518447546
