0.743026451562255,0.00166027821266755,0.00082128499423556,0.00111169417534134,0.00119065365331079,0.0243531145609704,0.0285335649367246,0.000964783897642862,0.0284149635954832,0.000832891434505557,0.000161005381357567,0.000186285048956157,0.00149300642387167,0.000612277440671487,0.0048969008113521,0.0954045264043473,0.00366848565348903,0.0145346833922757,0.0020399761129104,0.00509276014644154,0.00349817390870506,0.00034255630306515,0.00353553300998232,0.00838288309897154,0.00441321379330722,0.00285553375054215,0.00274426490756954,0.000429741025105958,0.00208451069867198,9.43555121896041e-05,0.00767601068893694,0.00494363546414257
0.00354403653861683,0.607559759861097,0.000783737300866188,0.00115929037814763,0.0127621684487518,0.029581627882274,0.0975688659226803,0.000603720280175605,0.0742869297198611,0.000333192834732759,0.00225040140315063,0.00895888319153283,0.000743886442224226,0.000181134136698909,0.000216309654236153,0.127049373390316,0.00387941830503322,0.00106679935055842,0.00328248315801732,0.000210200806190999,0.00240614920869623,0.00058503636395467,0.00317197657335167,0.00216640825906433,0.000365813073307133,0.00389574960170495,0.000274845917989172,0.000417713904327254,0.00164824990247709,0.00176567054100395,0.00101439561463974,0.00626577203432227
0.0136373665721871,0.0157745633939162,0.76259629856344,0.023828559724597,0.028211114878097,0.00221147997760388,0.0341240803523551,0.00208649941346851,0.00759456263120374,0.0173366396197445,0.0029505066669152,0.00729537834186378,0.00155694157168002,0.00308095436525799,0.00500925836311285,0.0128077414054295,0.00864971904892797,0.00415279003676688,0.00170275899497702,0.00719005237836549,0.0011722751225588,0.00340624387003288,0.000308717300635503,0.00718944436120784,0.000981024610607142,0.000492689961729638,0.00183268003431286,0.0113336817445536,0.00196067640685958,0.00526572676226325,0.00242684525957555,0.0018327282657545
0.000740495461427862,0.002065605740074,0.00202863784173509,0.631891958908828,0.0112591895732076,0.0179555891170405,0.13378272558984,0.037271182557934,0.0169508125959058,0.000950998821973878,0.00106414629597924,0.0178892186571345,0.00573231316278846,0.00754800738050982,0.00119941433103559,0.0761565440603081,0.000515479258663879,0.000399807029975287,0.00256405578085161,0.00090007354280875,0.00252359478261408,0.000179183339029689,0.000223724397048889,0.000531388216373924,0.00578528463043246,0.00132307568444327,0.0021657412669163,0.00908831375801356,0.00684785494813975,0.000445318097095759,0.00169641163797236,0.000323853533898419
0.00489629077438562,9.6995985921024e-05,0.00475428404194287,0.0198847039649241,0.599541527971563,0.0256192351019619,0.0671571685085087,0.00793976965918536,0.0220667423397199,0.00430525805870203,0.0042549833352775,0.0446829280703539,0.0111372663377553,0.00107428461520444,0.00246477378515174,0.112493549267584,0.000293299064844159,0.00275537364831853,0.00215034689680446,0.00516560146969705,0.00625216259598748,0.00149380705614392,0.00201162668212428,0.00232493226720509,0.00185935272974453,0.00446854481625622,0.000875856187848834,0.00450893929896521,0.0255531429786875,0.00287772197928693,0.00346613524050906,0.00157339526943532
0.00371122143148568,0.00481280296923507,0.000665792586011891,0.0148331967367541,0.0128238208106559,0.852467461899346,0.0104905574069173,0.0190280284003036,0.0118307162846081,0.00270229272460802,0.00651299049774798,0.0081373077048963,6.86233278758848e-05,0.000688520939634678,0.00377233235833288,0.023907553234069,0.000931174990426196,0.00275804098309639,0.000372234773215849,0.000742185076725551,0.000373801524311987,0.00121279822462773,0.00281227268893631,0.000151013400252185,0.00142891741623744,0.0018958778941129,0.00701254306651608,0.00124577515715856,0.00012577794002746,0.000551925020777577,0.00181148567310498,0.000120956857990528
0.00844716871467931,0.00539250684454333,0.00202760469889593,0.0385277152398809,0.0313632326913465,0.0135730766605708,0.801644996560998,0.00689890759060477,0.0349982467549978,0.00822423365905883,0.00627832721359527,0.00897637027430136,0.00178494572282298,0.000137428945719831,0.00064686722232953,0.00315053166473135,0.000519877062053999,0.00492050027516763,0.000216795491822882,0.00418832968472609,0.000160718836372162,0.000564579324104937,0.00172693813529044,0.000667935231468188,0.000833035275910734,0.000236899319506012,0.000981595666113108,0.000462178263893095,0.00414957236684533,0.000581143394495269,0.0059614141884212,0.00175632702473266
0.00269180095136907,0.00664656139416831,0.00075580674142068,0.0922546782208551,0.0777428975356713,0.0547036530133088,0.0137538860160653,0.575387271023437,0.0486634563246254,0.0093611135381908,0.00721949560293845,0.024874136840833,0.00136735619744389,0.00468523195422195,0.00142072988294706,0.00085254520358536,0.00618580631828419,0.0107868811180274,0.00224181618868848,0.00280860821980812,0.0013931646753322,1.9728046552544e-05,0.00230093121133569,0.00268850117997426,0.0207904234248323,0.00605013459330499,0.00656954194210164,0.00172193185158017,0.00750233125849932,0.000612228291590028,0.00253646866194933,0.00341088257705802
0.0448468536921734,0.0166661522273162,0.00147020544577172,0.0272941045043968,0.0109098845820008,0.0486785123307505,0.0846645895235291,0.00233473823509789,0.461211945654152,0.00582030033422868,0.0057945088576273,0.0220722263721514,0.000628363149968044,6.07546547300879e-06,0.00175499724775111,0.0629136347549336,0.00363405690520526,0.0419894549984579,0.000119154196346764,0.00469567744515343,0.00382259549203309,0.00806728667113138,0.0105109111647704,0.000370603158030403,0.0614413126022449,0.00597016026953222,0.000658622950807705,0.00217791836117047,0.027764976192667,0.000183100915587639,0.0117114037282524,0.0198156725712869
0.000395921832168917,0.0016943511109176,0.00119774486483907,0.00879595674950645,0.00161096472850871,0.00120500889258642,0.0440141066177015,0.00467445441459318,0.00491048312584295,0.802139239317117,0.00703426582040009,0.0324660161182116,0.00199737086130056,0.00421336707983943,0.00184488594798711,0.0155606356888489,0.000351731160378251,0.000648125570974471,0.00345591072049185,0.00105557033298631,0.00244582780736895,0.000671635848010302,0.00293382878232122,1.2070694396375e-05,0.00211412898343663,0.00298311069549404,0.00381236419466556,0.00231125177811456,0.0405719367686599,0.00117461287412335,0.000934626472148604,0.000768494146059866
0.00272037343385372,0.00294057653059072,0.00666765240143773,0.00191857532681078,0.0265218957346463,0.0155137365888119,0.0123147230143344,0.00304464430047382,0.0313153506237023,0.0054477920907998,0.770638157614782,0.00976400866390604,0.000448183730858161,0.00278488522564139,0.0111091880411861,0.011983888479997,0.00130928210167507,5.25801449771571e-05,0.00134709966090699,0.00183682387968093,0.00178069701560749,0.00350904149337867,0.00188168884305596,0.000127119094107657,0.0019464718193506,0.00465590250054456,0.0129089391706219,0.00541222555428672,0.0352576656202216,0.00400307129298134,0.00808344205291128,0.000754317953859817
0.00367479421217294,0.00317817657392831,0.00688166134877378,0.00449778245568136,0.0135358122448742,0.00413691194969034,0.00360636253896376,0.00277824403234867,0.0130161828663339,0.00676844589082265,0.00104321410376926,0.730983252439055,0.00385406354996447,0.00240547958084081,0.00286613217137764,0.0138483889035384,0.00708435943790691,2.13164035851059e-05,0.00321029621044079,0.0206404599682935,0.0012969229496161,0.00278923895419705,0.00485129162079765,0.00167260020109695,0.00082107093495685,0.116954960797682,0.0125002407717484,0.000139546736324104,0.000321894210988657,0.00174292553447627,0.00830322242371714,0.000574747982037199
0.000694017577926823,0.000372958067999212,0.00439643541776752,0.00618843320709419,0.0584079670867145,0.0040532379928702,0.0203193777630341,0.00402449138161024,0.000995145586865865,0.00481393994983134,0.00823368586101487,0.00885520211389325,0.771777721829875,0.000557653461606553,0.0113724528912027,0.0028065794021639,0.00022425457030401,0.00209396140083848,0.000316134098660332,0.008519919089764,0.0151276720094817,0.00119185537545918,0.00741078931560994,0.0136640736036819,0.00134920030279017,0.00268531207400321,0.00624499386507436,0.0107007798256822,0.00671274493368763,9.66235197178641e-05,0.0157143960260786,7.79903976961858e-05
0.00398689477321914,0.0107893964516299,0.00407588347445845,0.0231970434368942,0.0593305535759489,0.0185992817519702,0.00257123899529805,0.00359715609494793,0.00414590281635908,0.0134172161474721,0.000105628006694833,0.00535623232996512,0.00337799623915603,0.739302760048063,0.00816116798577192,0.00551651363218486,0.00199483821133798,0.000105661181726612,0.00108162064891581,0.00435213222918274,0.00403273307477923,0.00660604945272284,0.00133583669275238,0.00247751594203014,0.0148294843715905,0.00293604576486541,0.000340645015367372,0.0122731310400889,0.0082033701747935,0.00141226212377838,0.0282606090649091,0.00422719925112507
0.00122641998019387,7.47981710202575e-05,0.000508713443363762,0.00350395475618687,0.0409860996794531,0.0231865342062961,0.0758633466654948,0.00101499494116526,0.0186935443913172,0.00738885052963215,0.0485565792029868,0.0260895221193419,0.0378876456345778,0.000499346641882888,0.632623794549817,0.00366129322864165,0.00370906983242402,0.00158749704266844,0.00560945842073088,0.00100915256430934,0.0127867850343881,0.000875937849799501,0.003645361879912,0.00877422335566545,0.000638536634347986,5.33900665390889e-05,0.000235565493380947,0.0133806545150262,0.000858824760324417,0.00158208493408593,0.023343148781638,0.000144870693388323
0.0359864086015965,0.0101378591630153,0.00232858227397475,0.00213169131214328,0.00589657460892465,0.00400749683306895,0.0147078899805421,0.00588152232846214,0.0691499352489545,0.00108512539331687,0.000993689026337017,0.00785026857831185,0.000337093865519812,6.98223750561206e-07,0.000174000314869456,0.785170437580259,0.000299815654325953,0.0141531529194669,0.000126556614121442,0.00210544663661073,0.00036736824589192,0.00158373097494074,0.00247357142709034,2.99681278187717e-05,0.0046078300137925,0.00449020042053443,0.000328380647316786,0.000269605099709173,0.0148605847089389,0.000719716346190994,0.00499131388054529,0.00275348494965835
0.00761265567667127,0.00631903085287692,0.00213153096399548,0.00328060977026171,0.00475855660050356,0.00144640411513956,0.00726640610141301,3.81323121307193e-05,0.00512828423038816,0.00277146894957868,2.96887425568361e-05,0.00374433551063766,0.000974941223416678,0.000586509050325178,0.00240395062591532,0.0139184868258693,0.865697228469104,0.00554464919594138,0.000284867378276956,0.00684129136069628,0.00306619756326125,0.0128346638622024,0.0111690592100147,0.00402870239001252,0.00569640872554996,0.0113145222231283,0.00186736839132519,0.00341930195116106,0.000262196705480098,0.00332115830774015,0.000181647583976328,0.0020597451304499
0.00837540002960398,0.00395047212879659,0.000579838609049989,0.00160990186376942,0.010299121068836,0.00174259918943651,0.0428442353645827,0.00197022520458493,0.00675007646637019,0.00159948378352573,0.00204405009855061,0.0080171402324547,7.65937388050122e-05,0.00180183191294782,0.00463308619951812,0.00326914538236208,0.00495513100948286,0.773105600948567,0.00190810291152764,0.0237708674857549,0.0379558024205641,0.00453575882470282,0.00801420757069136,0.00607905473227548,0.000766154463736778,0.0286301841651891,0.000551129738169593,2.25494423488909e-05,0.00741311566169538,0.000726674234163849,0.00166243882666728,0.000340026291268338
0.00177078994970247,0.000776364167433568,0.000951794461181383,0.0252953627361979,0.0205666770502001,0.0202628665156549,0.0190186896146529,0.00683005519614879,0.00627016101682574,0.00592766319578944,0.0072297513930004,0.0177810321650399,0.00372707146869717,0.00280256562775655,0.000600993065876165,0.0292806959044712,0.00162021488670748,0.00100824832570581,0.753681061675156,0.0101119134319314,0.00670909796736936,0.00109448327020628,0.00208650588189219,0.0165354467104918,0.00582066451234133,0.000564889902710942,0.000333760379552942,0.0084993881541275,0.00561166735063764,0.0106509130127066,0.00409091716227006,0.0024882938475646
0.00305736403769546,0.000787376737964591,0.000581370810086529,0.00126785518662126,0.0086936260680005,0.00370996807425576,0.0128155905637074,0.0110053468448097,0.0122660922275209,2.1786526969946e-05,0.0156742034953981,0.061520015282862,2.58865146148977e-05,0.000182449246586994,0.00194845330607361,0.00701401731928422,0.000106609510574956,0.00162155335828988,0.0113345876563857,0.717171902167032,0.0190959939290901,0.00665981195994888,0.0111800788059282,0.00346007764602793,0.015330073884214,0.0169261509305361,0.00775070966815902,0.000671403355718623,0.0335909074817972,0.00870948391025162,0.00349827368034749,0.00232097981324702
0.00210089253498305,0.00472531143254114,0.000748016327064641,0.00357002848006152,0.00452395923676116,0.00152900302962047,0.00468151530423302,0.00839879594114741,0.0072089117410385,0.000901277826870346,0.00439219335191053,0.00878413761576769,0.000141127380176421,0.000558916779077399,0.000540299034683177,0.00488874529307955,0.00840545661890559,0.0056354755213363,0.00306289670975941,0.0259195698311464,0.705676258856689,0.000959593214749118,0.013791405374168,0.0420459938728085,0.0146691878866201,0.0528837827345596,0.0187389736043376,0.00325142940142489,0.00530184355675907,0.00168640977627392,0.00673194873206526,0.0335466429993814
0.00418280320044749,0.00592647409676471,0.00010545754454139,0.000176882136427535,0.00693551751097879,0.000345901647123886,0.00620035885920547,0.00102411389183372,0.0259196834187132,0.00501614189084345,0.00248118803545051,0.00444981607120206,0.000468971173486097,0.00572307364915528,0.000429333661656663,0.0311899480192658,0.0140344610511348,0.000363583121295693,0.0128581454753921,0.0206360063892066,0.0127891809271585,0.754554091950576,0.0212926725041044,0.00865451333409932,0.00976470354474659,0.00770174595921259,0.00776145487302977,0.00284023009293872,0.00782664460977704,0.00292470380902033,0.0153864245748557,3.57729763557317e-05
0.00761281086587608,0.0369687404080728,0.00119657325614452,0.00718154091919909,0.0207800350377014,0.008036688074111,0.0250802619088146,0.003439495881943,0.0104189220681936,0.0045194289323843,0.00467604782583106,0.0109044359803103,0.00320518538708674,0.000130556491936212,0.00448569905813274,0.00332926584968616,0.00417732623470526,0.00809735651452634,0.0193862535469441,0.0030455141171649,0.030463566792806,0.000588978854013267,0.715780927290874,0.0317654672368863,0.00421062053553165,0.010507666150217,0.00255214555908087,0.00246577360027861,0.00305400346030291,0.00142224007172157,0.00209956952997834,0.00841690255954492
0.00224229241766067,0.00331296137959693,0.00107976056485299,0.00062205466384738,0.00436566147703538,0.00181519661004308,0.00594574031610058,0.00429717657063138,0.000888491021254657,0.00086093320973487,0.0029080335793051,0.0115980268557162,0.00106482876807225,0.000339563447213821,0.000382938391105879,0.00788263562319397,0.004242340951817,0.000598865589312323,0.00278768776737875,0.0104089877752912,0.0458887238528961,0.000754010770973706,0.000372735547281005,0.835711548537333,0.00265190677788656,0.027786769235382,0.00257627914867423,0.00236958343333609,0.00947952813892605,0.00276634637210794,0.000160913950861774,0.001837477255177
0.00847372591328448,0.0247386404552577,0.000170082069487247,0.000608802374715192,0.00338711522613668,0.000220497926563165,0.0235399495719039,0.000541561082692554,0.0447006724117259,0.00741948632241559,0.00858287681350769,0.0120469333882427,0.000293617431983159,0.000615057707180993,0.000389019164811666,0.0255954058698228,0.000285645385822302,0.0230292672181684,0.00256660214198801,0.0590832477554302,0.00452670548489902,0.000474186154552697,0.0190362621056127,0.00585231519017642,0.647891387279183,0.0326262803599023,0.00243467871764746,0.00241355617627674,0.0105670693665871,0.000842881659091441,0.00103890796661483,0.0260075633083155
0.00302115146530826,0.000242870034019179,0.000267345628037761,0.00279639343967137,0.000726273171933507,0.00428889361366358,0.00222396056581306,0.0063394299349979,0.00780119400293067,0.000839108320721562,0.00157048508843129,0.00669885925864007,0.000558140202209435,0.000958137303827978,0.00106850364313344,0.0145343010023686,0.00124928830145619,0.000244697266344094,0.00870188608479527,0.00905683655272731,0.0236575300540592,0.000157303447644357,0.00059990899122782,0.00123882513882768,0.00215927941174905,0.869189348262013,0.00268370399290396,0.0112376077361019,0.00717487940957649,0.00688927079996222,0.000834654189387716,0.000989933685516101
0.00201667840265168,0.0032679836652952,0.000687422251511877,0.000586180691229734,0.000511260597538747,0.0012051254597791,0.00809575836382825,0.00234892049567051,0.000632474442293918,0.000830700835230698,0.00242924149242295,0.000863080248196913,0.000213674349673291,0.000272374556549569,5.72446687430824e-06,0.00327318990831105,0.000513253895856592,6.84931695273821e-05,0.0010108007443829,0.00138232546894066,0.00735085106146035,0.0074431487558622,0.005171232089977,0.0216506429351405,0.00115498531868257,0.0656581981777594,0.825582832815275,0.00241586616187647,0.0199722904061408,0.000115955106306977,0.00564942330990655,0.00761991035584674
0.00382091462604176,0.00117000182983054,0.00822033152746129,0.0100805152994889,0.00312962050026327,0.0320130290185029,0.0270632814952894,0.0155102153397009,0.00107796601034346,0.0079579155600741,0.0047938804479403,0.00820676688236328,0.00565005976851699,0.00192727512935863,0.0166535437775685,0.000978247265653193,0.00179529051019524,0.0025538868996143,0.000602592057075701,0.0151738808384361,0.00149280674252813,0.000116921812577844,0.0132549618909146,0.0013330498654296,0.00823476308746659,0.0734389243741439,0.00447713507833631,0.713462196464546,0.00435228102786429,0.00134553254421984,0.00893873809819185,0.00117347423006256
0.000419373722275812,0.000621584198637721,0.00133310434403454,0.00299417650982362,0.0423666981787451,0.000651186719442536,0.0305605828151841,0.00343281103281648,0.000917072059372661,0.00538741300324837,0.00571447364863041,0.0131677085866211,0.00259199023213633,0.000975989873417069,0.00216034943239281,0.00167310561155829,0.00847777903073278,0.00196439513373161,0.00315989070172061,0.0096359095735184,0.0237422614919426,0.00308125081718977,0.00476546183672622,0.0112995008410072,0.00811827711408401,0.0206046416537597,0.0125874717890135,0.00870605530357444,0.738565099021939,0.000602546227050535,0.0273687456144377,0.00235309388123545
0.00326032679335039,0.0111993891362665,0.00605635376825984,0.00300021251603752,0.00562422587861328,0.00372347661969797,0.00264749225528578,0.000613501409035546,0.0217431765055984,0.000960241851087019,0.00296434566632387,0.00541014591177474,0.00177745846533151,0.000258850174790353,0.00292641370625479,0.0164348361103461,0.0131895511158315,0.00057947747743735,0.00783550069363337,0.00905602364396781,0.0165776993792676,0.00870012469977933,0.00479774000066564,0.0111337803171407,0.00305678444617162,0.00322695517533367,0.0016692801595078,0.000112318575725578,0.000547619759972361,0.819780102250541,0.0110160165034555,0.000120579033516124
0.000865449576399083,0.00213032839223733,0.0003428662698287,0.00526880261000332,0.0228638865571888,0.00712072303988604,0.00107873094703051,0.00353828665365549,0.0031430147350023,0.0020076896376529,0.0015271572884852,0.009937251158624,0.00073090011066042,0.000721426869745348,0.00307161081079475,0.0100391539230514,0.0069722723664339,0.00286580774898974,0.00276935682260195,0.00076162718555016,0.00113590797717277,6.50592464087397e-05,0.00433378087488407,0.0116013379925037,0.00873351367433614,0.0652965655050657,0.00423360464666408,0.0085974239934752,0.0330115942280508,0.000376896333306243,0.773953481602726,0.000904491221585286
0.00660538080249053,0.0154409909866562,0.00187904827091702,0.00460694640650416,0.00116938829849798,0.00336843622128657,0.00834048727026913,4.94446268863391e-05,0.0065348450471225,0.0158974897581162,0.00359423989766156,0.00158437993659039,0.000204842964878424,0.00401350614762844,0.000744707088742047,0.000164777006850344,8.53659841009807e-05,0.0208775492168975,0.00500285688466536,0.0289530485368104,0.013918019191446,4.08631949821567e-05,0.0120844879013658,0.0210215246337241,0.00120645612525729,0.012230713096073,0.017308745732449,0.000870436077337931,0.000311792176495494,0.000101284978642642,0.00900187405157425,0.78278607148708
