0.466267428697307,0.00232479884802119,0.00231481319654144,0.0918149240994462,0.0428204455875924,0.00846362372482367,0.0145362260731911,0.0521948817755153,0.0243448684624426,0.0223431233829631,0.00388541889249414,0.00140913342079794,0.0259044233475076,0.00163980077586739,0.00317158508763464,0.00475390578563031,0.0087982718872265,0.0103177680216267,0.000240476131540866,0.0127188686980027,0.0574731457779755,0.00616440853107838,0.00541826081750798,0.017928889954328,0.0308068684877486,0.00065739312602389,0.0179766715216587,0.0270431440275127,0.00316438446140499,0.00310009980907944,0.00123719215377186,0.0287647554357374
0.00546369455504753,0.385184028407948,0.00260005526871982,0.180393084954755,0.00985593007446753,0.015527995795596,0.0387081992686541,0.13408988475412,0.0217903141481806,0.03244989608532,0.00363903959658058,0.0176890436397414,0.00870274293850046,0.00138244459320809,9.99822334496207e-05,0.026690965363468,0.000786334370627354,0.00912689948492631,0.00096854231168577,0.00508310140967856,0.0171334052349203,0.0236284589735826,0.00264433147066958,0.0162837838446872,0.0110334112232455,0.00140954493734479,0.00413714712874573,0.000524469085424034,0.00270485632681129,0.00055175733465107,0.00656169486941652,0.0131549603158274
0.0154741637011102,0.000782799001062081,0.378031571451494,0.0205893730050299,0.00921710791281472,0.00492411066550109,0.0199332061021113,0.0146268501863344,0.0957437120307485,0.0064018244527815,0.000264103953463207,0.000801727545457777,5.14476314847229e-06,0.000467301593421118,0.00232624649120277,0.0538608687133497,0.00328865492810179,1.43739798645006e-05,0.0012112603008718,0.164264635723889,0.0034474984086733,0.00601178325549364,0.0222576784317398,0.126750810020354,0.0027867329753372,0.0273803467145756,0.00520179842194301,0.00320847940052648,0.000375967293336094,0.000225558133029783,0.00195350767030885,0.00817080277292438
0.00225878134367862,0.000837389744221537,0.000337144314123715,0.580276941301285,0.0224376419236672,0.000684025814674121,0.00646400576189437,0.0555499594536684,0.000817230454518844,0.0308945326156459,0.0207629620021128,0.0162684982432044,0.0125144048548592,0.000936518344514302,0.00357162046566893,0.00524690609459936,0.00259536141900507,0.000972337427179609,0.000120999942286206,0.095037810718298,0.0123766606729523,0.00283869378340978,0.00123949501309219,0.107207547124594,0.00520580475667869,0.00275530851842299,0.00551252605333171,0.00210013575734426,0.000990913471729041,0.000404534207774561,0.000450298778894739,0.000333009622670503
0.000468626490679708,0.00126087009504809,0.000325413644910111,0.0170619378725126,0.217583322475223,0.0166613251411791,0.0137511986372179,0.04713319505627,0.024023072086135,0.0138989242956225,0.00393097645556687,0.000225822168871846,0.0146056095708097,0.00331374105837723,0.00547237382648927,0.108683720391245,0.000970562843422128,0.0137821291351994,0.00062085973192886,0.21988446094057,0.031037634871965,0.00184008884788012,0.00291965525555942,0.204710338868781,0.0143426104109697,0.00247186910203616,0.00705628679063729,0.00657623829010486,0.000176450796374264,1.90690604012421e-05,0.00272510884131506,0.00246650694669733
0.00464713815908047,3.09021426431129e-05,0.00256770171552592,0.0126717898799898,0.0266623074361248,0.668045654141804,0.0324147393642981,0.0339031339233458,0.0022628611803605,0.0248048216993405,0.0214303081905386,0.0239312244821124,0.00916066891353636,0.00369391017062742,0.000521361417963366,0.0148052448824456,0.00600449314883234,0.00115024985459085,9.82591952123986e-05,0.0375571985929986,0.00767220265824887,0.00539543920570524,0.00563630646109925,0.0332004953339082,0.00214175012042889,0.00230494708462835,0.00387405974505888,0.00554099174225611,0.00355304294019816,0.00113583400874118,0.00239609516043788,0.000784867047918306
0.00474745074989777,0.0115623070934979,0.000587269941967873,0.07410831696371,0.0707091012786089,0.0265541717250421,0.553601087376637,0.107694030626778,0.00671150815732454,0.00103902478036876,0.000213910662311008,0.00318072619291647,0.00375135100925087,0.00227109837644738,0.00252963050237596,0.0685907709191241,0.000507247574280372,0.00304805440479859,0.00010739582945731,0.000343307171755546,0.00803749121565635,0.0117522458970209,0.00856163499940106,0.000848295331351746,0.00351302679648609,0.00348912963250835,0.00153295731946788,0.00229915336882022,0.00561891367554887,0.00158938134009826,0.0037933991605348,0.00710660992655477
0.00607171006493402,0.00302919781396001,0.000171663711621554,0.0598313004195666,0.00901017395997378,0.00593181558160312,0.00331570022701256,0.363793746803549,0.00943164484061641,0.0668172682892143,0.0450811363503132,0.0465006128882963,0.0194718918729252,0.00408477203754861,0.00728995746053882,0.011254478201307,0.00916907188878753,0.00121724859044303,0.000290656965720021,0.115207418992581,0.027141873672993,0.00184001192045059,0.00313683800513228,0.149674513639704,0.00954059853991393,0.00340637811338908,0.0143373524983487,0.00140535827636821,0.000879919708300964,0.00131555790177818,2.23444670264024e-05,0.000327786296082289
0.00111105372894742,0.00137371791167739,0.000677389574289892,0.039884552524105,0.0513819596620394,0.00261978061471701,0.0750152637536041,0.0151274892274833,0.525630502184986,0.0119442664294661,0.00212055320982099,0.0187886888912012,0.0110274038395843,0.000348239564264501,0.00396780108543482,0.0201135278166639,0.00133417736991874,0.0029158127609796,0.000289683396481961,0.0537065101948862,0.0131876709329735,0.00639040981651899,0.0106830015851015,0.0394807666800159,0.00952444588577744,0.00908557227175495,0.0134639126077508,0.0405093377434537,0.00276041049977986,0.00485904657693505,0.00516717069743219,0.00550988096195434
0.00316905494341014,0.00177320448151436,0.00228241170953655,0.0168533804867088,0.0486268491257945,0.0072303368296684,0.0133673776841018,0.017265357142999,0.00122994719122053,0.368044915343425,0.025546788430928,0.0333413805209866,0.0290552246301349,0.000420540779171346,0.00417579101634593,0.0211256834788863,0.0029587232458229,0.00110566798877317,0.000298536677059183,0.142020826313621,0.0305269321721217,0.00769036727771295,0.000541117035188572,0.187350175298931,0.00752728298106716,0.00173082295622699,0.0099467183560656,0.00336355431536548,0.00375928090896506,0.00280348186099654,0.00447769793998677,0.000390570877263078
0.000404226835900542,0.00134820088929474,0.0035691193922827,0.0275760485277509,0.00271200264422635,0.00087585503793193,0.0038969676354832,0.0104429623151246,0.0180240903728883,0.000628454177926094,0.653196727614721,0.0176930873052035,0.00842258036423494,0.00226834270488315,0.0121976409566047,0.004070329673002,0.00120242876636275,0.000959435849261361,6.01947814919033e-05,0.081839099274192,0.0160107042832805,0.000322360115609921,0.00640394918467607,0.107230788419043,0.00530871396247551,0.00166718999102169,0.00469742404724606,0.00145932558626688,0.000444671281519197,0.00426653202403813,0.000356034571103108,0.000444511414953022
0.00119332291379538,0.00112167011919859,0.00054425923942908,0.0234183176371683,0.00124674565516136,0.0105024250048728,0.0074282308594494,0.0389331293894274,0.0169919973165772,0.00296110996317997,0.0145170196505138,0.759379811521082,0.00206183327390552,0.000507102762924827,0.0171619474449175,0.000409378418611239,0.000728625041709504,5.26073155596712e-05,0.00208607096861158,0.00513683400360111,0.00729302612502258,0.00199136542247021,0.0111766827265648,0.00215337475349983,0.000628980953452619,0.00405122050140828,0.000435371434263327,0.0524486408845541,0.00100992843062442,0.000103548454068203,0.0077389376543679,0.00458648416000767
0.000880775175201646,0.00228517569348384,0.000676133880813568,0.0889164730036638,0.00669850653045008,0.0136621497950761,0.0251384618244333,0.11910883156108,0.00398751374213496,0.00497235499634484,0.00598110928226904,0.00788655081861302,0.631986175515516,0.000113778164534033,0.0217016800191002,0.0064931113035883,0.00158370303254146,0.000361110199488106,0.000820714214034554,0.0214544629724439,0.00183671434642386,7.68664939224939e-05,3.4202473302821e-05,0.0124341725918171,0.00397757048633246,0.00168098765434552,0.00388965716387839,0.00819885409049737,0.00143903425035182,0.000324027534073758,0.00121947903191753,0.000179662158326441
0.00390587585891053,0.00703966279212259,0.000197572406885788,0.0367148760975367,0.0103891178742023,0.00328411011177448,0.019188859036833,0.0480813241694398,0.025191915499253,0.011701275574093,0.0327032904174918,0.0145850679311813,0.00418941738765521,0.660511767829498,0.00160314812062965,0.0226635546822872,0.0027250560853192,0.000752464361722672,0.00414995061401434,0.0134387778320596,2.90030837449217e-05,0.00957291695169706,0.00307540779345325,0.0161352726376025,0.000293357494950149,0.00447093638209039,0.00328181297828451,0.0247708443714861,0.00318583037202755,0.000107359688020961,0.000830423311475189,0.0112297502522572
0.00219918278334358,0.00444155014389742,0.0013891965020578,0.0138810776223113,0.0728440415092209,0.00232472119208314,0.0965383857574075,0.0347793862377779,0.00887721751143587,0.00744934896631599,0.00675715784567936,0.0262079080789212,0.00617488621771963,0.00125642823164903,0.5279351650316,0.0573655620015265,0.000282478475694489,0.00205579341226021,0.000884513882111216,0.0546266194185377,0.00373583425690008,0.000270773118875171,0.00711522321573335,0.0280901209471531,0.0105058488984585,0.00311391294743234,0.00274895318307861,0.00796962181063885,0.00167550888594264,0.000888862538484346,0.0037916505197536,0.00182306885599868
0.00217658020270436,0.0024732376084658,0.000199039231485668,0.0173748050390758,0.0370350388278235,0.00051606508260247,0.0480683870043404,0.00672069101921222,0.00662619761535338,0.00632600124910203,0.000326152376446512,0.0033002239991862,0.0171787301236767,0.000463101791910462,0.00535716182261164,0.610921856752644,0.000205888707108389,0.00106586292955393,9.99805095746367e-05,0.0791187310914363,0.0157049278283254,0.0117033256704763,0.00157098448984248,0.0768578038120648,0.00756081313249607,0.00504982360198883,0.0111776256954806,0.0129780579721555,0.00398377140343693,0.00208852557257816,0.00104881671524342,0.00472179112159679
0.00505714041008175,0.000885056735467055,6.30079061969698e-06,0.00535345257481254,0.0610789787639623,0.00195044222079043,0.0410687853598128,0.00904658578750526,0.0562028131252254,0.00420333698277435,0.00268308346322519,0.0127907362152672,0.00606755176471898,0.000196604063546909,0.00192140834249287,0.0489319841928428,0.564646574876689,0.00132626785771254,0.000768395580412772,0.00631948604498036,0.0285783100775753,0.000347907211330185,0.0131276926915264,0.0047032620499817,0.0138570602384071,0.00491907311424316,0.0121314916176665,0.0512581129200222,0.00130705934838723,0.00654713151168676,0.00239495668672752,0.0303229573795053
0.00307418086701499,0.00324059615624351,0.000225378138943076,0.0629121126606187,0.037697434133175,0.00970637880047407,0.0127177194476191,0.0746284940280459,0.00316493888227242,0.0166278341182873,0.0474335950940918,0.0472789229090715,0.0127028040225073,0.00286937191917804,0.00567306430318974,0.0179505714650533,0.0019754860610622,0.439967542467586,0.000705906985388044,0.0444820251134346,0.0190311261272757,0.00485482495627497,0.00548113317327935,0.049453125056253,0.00470881932193536,0.00507199768310483,0.00926325900663064,0.0467223307069428,0.00324630552223106,0.000892702568492461,0.00125920038226331,0.00498081792205974
0.000496606307329988,0.0024306795620748,0.000427581844903633,0.00559837809775393,0.00566502918803908,0.00240180305356199,0.00806191203796295,0.0018987164526082,0.068863909609005,0.00139940232562155,0.00123516584446589,0.00355430898970387,0.0107669530143118,0.00530263446683474,0.00384163828730699,0.0654854681369812,0.0020001923126583,0.00198473476773508,0.725543590092713,0.00497257941229544,0.00671713537142092,0.0118071959519864,0.0153678634131442,0.00139366047279574,0.0135087284657606,0.00790783766032797,0.00239936301792774,0.00198160558301228,0.00779142388895409,0.000696107440976108,0.00787287253290479,0.000624922396922037
0.00267184954055729,0.00836207207353566,0.00255386093831857,0.0469333769547705,0.0234141342242314,0.0128976192034885,0.0556600467836301,0.053487197947109,0.00554233785836757,0.0145369033607253,0.016425032197433,0.0283052991920551,0.00677248557468004,0.00259322874510469,0.0024745843553064,0.0749538554052953,0.00823810857334892,0.00800805734993745,0.000327774478865528,0.255841153564422,0.000723847859296548,0.00197712711080451,0.014218502827107,0.28932088213819,0.0227221853517641,0.0151971227237473,0.000815721741934684,0.01293280171242,0.00424439946031478,0.000813840218371805,0.00506090342323783,0.00197368711163006
0.00119069437470314,0.00531633459195691,0.00129353083088262,0.0131932910791941,0.0407351942074984,0.000180289282002161,0.0272500011611651,0.0125384656971171,0.00937653575959396,0.000640312991269152,0.00177206975128361,0.00682640863571898,0.0180638334827275,8.75832160168934e-05,0.00500061328457557,0.0467664239732621,0.00147990133360851,0.0117736781466071,0.000104842766373658,0.0400839182259331,0.621535206914979,0.030011825908613,0.0277279696601977,0.00491767680532896,0.0254769677666739,0.011687346941628,0.0013981758276026,0.0164397360254941,0.00177685380225441,0.00114748360755985,0.00334974191654753,0.0108570920316317
0.00459711490574135,0.000439576730227068,0.000100824135542061,0.0326390683111977,0.0358796087644853,0.00338874013191765,0.038518852330351,0.00686235896259278,0.00825740567173766,0.0288246446135662,0.00487070725653955,0.000625904683938577,0.00109791002984884,0.000277881128272028,0.00221486976804022,0.0610904094700815,0.00315828077937956,0.0165908597583636,0.000108181874139375,0.058823492997864,0.00845435037744253,0.50250621910378,0.041208136735823,0.0353936476614352,0.0449915232083055,0.0330285987613293,0.00738193035818575,0.00331897824005462,0.00057239767787762,0.00249423340664694,0.00450145342800297,0.00778183873729046
0.00167311811916284,8.15293563925858e-05,6.07131752633708e-05,0.079586969074993,0.0193675408504739,0.00983833972646252,0.00886746502646268,0.0320745909030429,0.00680269926171358,0.0322257280889223,0.00876182868813738,0.000334635734415933,0.00120811713120111,6.2724907028712e-05,0.00199809260863279,0.0309024245082811,0.00805224255349164,0.00182443439042544,0.00162495980684858,0.0355290132093456,0.0154644373793841,0.0206852499298316,0.58135264303064,0.0324591769827038,0.00868871701103714,0.0297979646029121,0.00731642025930496,0.00368104807264476,0.00167416577094906,0.00185006748827567,0.00206441152039326,0.0140885308312252
0.000548491006088976,0.00293806251673404,0.00069956578867884,0.00844781469914212,0.00995027389703882,0.00185411910485258,0.0170559252136007,0.00669889226840074,0.00307759132617312,0.00394109504359096,0.00151463199526851,0.00691635135224319,0.0021483219474906,0.000539654976796823,0.000272702197525614,0.0248691440286742,0.0014643471353668,0.00166303668124833,0.000185269996823344,0.148527850073423,0.000696017500640455,0.000283942821262373,0.000828087710378369,0.737273415429575,0.00759658584155431,0.00073491629408258,0.000394309315104895,0.00460418787731263,0.00113156813195656,0.000128314536056307,0.00189060589229585,0.00112490740061989
0.00845066446443221,0.00717374954248534,0.00110662657919137,0.0786638916824664,0.0175070161993969,0.000508340310043393,0.0224406516893957,0.0286308071320958,0.0226074721492759,0.0543175831721854,0.0229616723544494,0.00541482319937617,0.0100807541289879,0.00236419189605387,0.00693087533450473,0.0418726185171797,0.00328399217343297,0.00421077967416272,0.000705812906619325,0.0768471621228358,0.00426515094027059,0.00313846427753479,0.00917489233582956,0.033093039491551,0.506552847820686,0.00938492275984817,0.0078041239896123,0.00595558421082769,0.00269822962953642,0.000211747402272862,0.000112777379551344,0.00152873453390847
0.00204485723987017,0.00325922221352169,0.000954048702328699,0.138056022734024,0.0186468051237968,0.00016776596250309,0.0213220002921601,0.0649641044554003,0.0181663882019149,0.024436503297125,0.00321246371452797,0.0601635255186635,0.00428851528626742,0.000508213792326454,0.0143422346476019,0.0221958273948533,0.00323140201897012,0.00171271741571753,0.00228692877820366,0.0188285620130843,0.0117053788605468,0.0169969524067615,0.0138235579506658,0.0134152452405875,0.00153186565648762,0.45893616368443,0.00673272707548558,0.0229066300271855,0.00161765451329891,0.000844646622673481,0.0272023133189017,0.00149875584011498
0.000199981367986787,0.000532178402603084,0.00021672853949458,0.107870025315934,0.00121795209938877,7.99034912429216e-05,0.0031421521541098,0.0690371564787233,0.0261837060889059,0.0463682909346166,0.0229849024558711,0.00211007261751191,0.000300432099039146,6.5101649735408e-06,0.000236049450164365,0.0185553021664538,0.000101531381391467,0.000160096863372785,1.11654461479695e-05,0.0699873053749734,0.00474641257605462,0.011342874837545,0.0394943103397658,0.0974388652762838,0.00392491770939775,0.00291646666132609,0.450013602289686,0.000859480469962614,0.000169478712173766,0.000268006613733556,0.0184357062666239,0.00108843535454142
0.0009442313664244,0.000246462194875759,0.00148874474762547,0.0801496912000674,0.0420047532624242,0.0248416098713683,0.00295407923257692,0.102689446566054,0.0106037519921432,0.0123333191106223,0.00965174612029045,0.00971145708358542,0.0127558070511871,0.0033099146699451,0.0207593317497658,0.0105192001535263,0.000995982367906322,0.00530414324234598,0.0027279241379767,0.0530286612498616,0.00356083335465283,0.000648322190700543,0.00545851132211023,0.0373638292436861,0.0162254430126539,0.00377609664822486,0.00273984272079946,0.508873993393355,0.00635952107118512,0.000720808796950513,0.000905131558896696,0.00634740931621274
0.00352573968483864,0.00299108615477077,2.95768134527434e-05,0.0262913039413152,0.0162469675290127,0.00579167326655094,0.00781196079453644,0.0200093101347448,0.0219376647651933,0.0150371287212392,0.0257435584753842,0.0138360362890937,0.00383727262239349,0.000138919693180708,0.00165568957579125,0.0207908801318655,0.00183467839500596,0.00078983472077193,0.00203502648283049,0.0608762480117578,0.000956988890085673,0.000201651003284807,0.00182354959637026,0.0684050442840464,0.00281385445803216,0.0203995384745524,0.0312078511435445,0.00157728386113695,0.61613215182392,0.000241672332184562,0.00352995488740805,0.00149990304170459
0.00377596757703775,0.00413525745953903,0.000251948374113189,0.0577502467048859,0.0651068990592698,0.000936381375453249,0.0714840307797202,0.0252655311086489,0.00437833386419208,0.0229162318549661,0.00138419690070971,0.00167134769742926,0.000181964097364737,0.000428270029096531,0.000139946640203203,0.053707732359865,0.00215556737221759,0.00662518865742298,0.00255733411387329,0.0835382489712723,0.0137782317824963,0.00567931158212589,0.0130861865513504,0.0551639595037073,0.0315659821523323,0.00668891055281314,0.00318902317869621,0.0113386694475308,0.000631531420923023,0.447078206469536,0.00104111245613475,0.00236824990507267
9.19529927819636e-05,0.00180489842441628,0.000705512328189633,0.00763306322915294,0.0188047496272792,0.000280586646517835,0.0282276962242679,0.00185692465850812,0.00171970452169281,0.00256981375980993,0.0276891622898719,0.0558824979430251,0.000605538056185431,0.00114818403420083,0.00769891073425612,0.0362314259049605,0.00102483975683337,0.0109160324439191,0.00790982716319006,0.00546705016142541,0.0258982848017405,0.00311484476369516,0.000819297428244594,0.000586083956059851,0.0174203805075239,0.0155061984242766,0.0158560550065636,0.0774181850652737,4.75662770204881e-05,0.00215677148010748,0.617147936476627,0.00576002491238333
0.00381488660899135,7.93708561196267e-05,0.00138921509898872,0.0682043522250909,0.00234401729275703,0.00686708122721589,0.00928173389580549,0.0151233498829323,0.00824875140510466,0.0337619036844943,0.00566070729936521,0.00180058472509695,0.00280428848800579,0.000869457663892995,1.73153828813924e-05,0.0143096911519512,0.00208462082567163,0.00365661941679209,6.97232390692147e-06,0.0435765509909302,0.000373513112855501,0.00493203324940858,0.0279774244050321,0.0231511615158986,0.0114812846400501,0.00398772208503236,0.00218165108853087,0.000257537764024412,0.000746917626535346,0.000859264791948779,0.0017468321758177,0.698403187098871
