0.772454556679792,0.00655983076101251,0.00196786945330904,0.00257072291696628,0.00384097868050567,0.0132006638357872,0.0459138665441219,0.00345151320774313,0.0223326995636499,0.00362863264584141,0.00835156134168192,0.0256315119800598,0.0028903821931576,0.000707747815362635,0.000373841883127578,0.0253345080851747,0.0164596444278138,0.00442406912097724,0.00264851953706872,0.00827798875880701,0.00458242420370277,0.00116363105577795,0.0050354452003606,0.00241819508177588,0.00117885215764801,5.22450293529491e-05,0.00426353862226885,0.000563803748888489,0.00594365511087362,0.000202020328821602,0.000426591716881818,0.00314848831168767
0.00306897703165606,0.598169063051534,0.00753798423550667,0.00551193987405248,0.0177110850216352,0.0160911067044027,0.151096349631351,0.00554050654364632,0.0158932983376745,0.00216223377138345,0.0130959294236224,0.0346990053491594,0.00160637234299815,0.000664509069635633,0.00193866508381229,0.0499725104061244,0.00485540618412895,0.000490892803204023,0.00201102438462765,0.00365597181409255,0.00280224190934978,0.00215797264096876,0.0121556671509354,0.011088637533141,0.0108266520923717,0.000180541164622985,0.00475930822601922,0.000133703412973241,0.0137822155911174,0.00153956453267049,2.98579063236874e-05,0.00477080677525873
0.00186375020111446,0.00171314746479777,0.846782372609271,0.00332394145687853,0.00294371145464271,0.00640236204858157,0.0263041550593589,0.0111310504106433,0.00024394790587968,0.000378130473049228,0.00159215854117461,0.0237942138865397,3.6215745238213e-05,0.00422498058424443,0.00378332319685073,0.00101019795759448,4.78033879887033e-05,0.000141862275181625,0.00144407882529626,0.00224027478646145,0.00420798607274105,0.00310953269180651,0.00115077350141202,0.0207616338248513,0.00276950107053253,0.00756230693286334,0.00246262596412897,0.0103627879048293,0.00182945220079205,0.00312514246828632,0.00318491203400008,7.16670629686893e-05
0.000461081745064204,0.0070462225928502,0.00304565575260443,0.636641710459705,0.00396248279700659,0.0543979011984553,0.140404302420768,0.0469054711679853,0.0114787982328192,0.00223814656304492,0.00149404064744427,0.0171154333149076,0.000370729428410282,0.00306038208628885,2.07026336139657e-05,0.0374725631338355,0.00140063660146404,2.11321475528159e-05,0.00295451588126305,0.00109467180057545,0.00178015388085945,3.65777508590695e-05,0.00123469986902219,0.00115035020907251,0.000743529958651842,0.00340651990985925,0.00494436573582355,0.000450886772394633,0.0108285526491212,0.00189369841058594,0.00187909224702734,6.49920010638697e-05
0.00202977475071148,0.00553848238474331,0.0179004326149546,0.0239022644152964,0.493916486848417,0.00917759918088192,0.121497895925325,0.00355367007015499,0.0475176497876146,0.031163687490793,0.00855531714894125,0.0393822004655167,0.00037551965463517,0.00270154516449384,0.00261927124782585,0.122054093498506,0.000222237827849689,2.74569352737039e-05,0.000334716495839002,0.00116722616022689,0.0115758622963214,0.000637219861127403,0.00405102720354109,0.00340120912117927,0.00452447840455002,0.00394602596512498,0.00725453604302155,0.00024315163525841,0.028566117124562,0.00160271915732076,9.57216644897572e-05,0.000464403455503243
0.00281623451181461,0.000624808732162929,0.00937437061625328,0.0135323156935318,0.00713340006843652,0.791625336556603,0.00268690610789802,0.00601574635650884,0.00903983150693445,0.0190299246146877,0.0214141347667443,0.019263261724821,0.00241347349002055,0.00151830461797763,0.00204586273823186,0.0126180535255227,0.000217153620391737,0.000212182929947125,0.00182800673127072,0.0114386372555317,0.0121686303066797,0.000158583251608227,0.00220187241291959,0.00758177499252888,0.00316093257193848,0.0258601358968871,0.00103036192834228,0.00142418070061663,0.00744280672704167,0.000611039867254215,8.1409124735121e-05,0.0034303260541579
0.00573580625650878,0.00691202598795299,0.00848243037372115,0.0280378455513207,0.0126621789645703,0.000347068880625984,0.787465037900778,0.00381817897853046,0.0141436471423546,0.0300907299494427,0.0224493245872511,0.0117281735177377,0.0049078036716856,0.00078014614220976,0.00165671345092751,0.00168497774820095,7.27510220564257e-05,0.00100473702834163,0.000376549418124165,0.0111862832481156,0.0116226116302875,0.000863896203030954,0.000210672391725555,0.00313455742582188,0.000968237110775209,0.0153756093679333,0.00282340730387698,0.000854022500869819,0.00573811592972514,0.0011420179338183,0.000648694127175106,0.00307574825450336
0.00188876150514751,0.000322166371916636,0.0041959488720333,0.0400547488519949,0.0304900459855828,0.0368896751809238,0.00263140692974298,0.710412833963533,0.0517364482749825,0.00308053174533391,0.004400325400959,0.013268513865641,0.0024908045186765,0.00959565732894279,0.000831315111551246,0.0164423674331829,0.000833630154449479,0.0106510140771604,0.00275907425591634,0.000719069720352761,0.00203980912600804,0.00142332504062952,0.00753366389465017,0.00199925247614827,0.012262496474701,0.00533656833257582,0.00677741753981923,0.00728478748246116,0.00755176048763635,0.0015795284383337,0.000253855894420799,0.0022631952645916
0.00565365935323558,0.00404123335488647,0.00513803060914211,0.00440069553822336,0.0163748588867344,0.0337718611161058,0.127124554421965,0.00360688823151707,0.538003311275481,0.00593491207394538,0.0153229762762348,0.0138023977362387,0.00333027375427166,0.000295527250374786,0.00514467252648948,0.107400876693211,0.000357965248731915,0.006725281816857,0.00252473417024981,0.00403612978916552,0.0054610759676629,0.00653231533254787,0.00103426903057785,0.0085511681264277,0.0258349720788764,0.0137709747171929,0.000138014832560163,0.000803956811132234,0.00387663267546255,0.000647411640610677,0.00945603046360548,0.0209023382002825
0.00181085583387232,3.18674365830073e-05,8.61989547946369e-05,0.00498545754099746,0.0315254422034885,0.0176557400901006,0.0818562574636627,0.00297619055402484,0.0383129739988851,0.672900417314415,0.000585097185059549,0.0277986585862858,4.04186465518018e-05,0.00668956170581344,0.00283230581218404,0.0623667997411472,0.000275635250105937,0.000431123114831834,0.00629395350305536,0.000486152244076262,0.00149898240725158,0.00146244185985572,0.00173228841068688,0.00231037870869668,0.00133982391119459,0.00295122414107017,0.00487216422854025,0.00449300276682778,0.0167945008329611,0.00166313469789658,0.000903059695543567,3.78911595399005e-05
0.000591444633087153,0.000889524891735511,0.0034475494735876,0.000512302942939465,0.0402973253984561,0.00392305860198439,0.0677753440756086,0.0123246084474482,0.0107083816097778,0.0120541651803522,0.713759066799938,0.0151152456011864,0.00047354663532776,0.00471518565989297,0.000740294507219719,0.0110333629770241,0.00021590820807337,0.00112862986962177,0.00725985808139652,0.0153797735743448,0.00165262130772895,0.00119932436728801,0.00470175722835403,0.0062543431106173,0.0143659810666551,0.0044955973272864,0.00341721872182956,0.0102520097412933,0.0221571318013353,0.000660380409458856,0.0048059812239751,0.00369307652517572
0.000276420864070597,0.00420852370965336,0.0040143300291359,0.00744320312551039,0.0314988819831434,0.00642686138450143,0.0231164121269536,0.00162848361606472,0.00940210596132605,0.0210045688951692,0.00303049844510203,0.757730259539604,0.00211785981354776,0.0022333521271967,0.00575833397818677,0.00347059483816674,0.000178360394281114,0.00193178839522408,0.00639718367234421,0.00347850344934139,0.00296420614522429,0.00285793958599901,0.0239472135262914,0.00559278240340335,0.00272167970520989,0.0375067435494658,0.007811266991877,0.00120229773933454,0.00477739633343908,9.46429200214715e-05,0.011244123345559,0.00393318140565171
0.00129856749416425,0.000567731243968323,0.000781042389621066,0.00355106073265097,0.010562753639607,0.00398969496554293,0.00233092026226924,0.00886182474119025,0.0018883299268627,0.0146988443026472,0.000177319486889989,0.0028886697276787,0.885480020507764,8.37882735234958e-05,0.00990629413515879,0.00226019473436365,0.00259928633385826,0.00010924666368617,0.00107675862681599,0.00158732245696499,0.00027212253180206,0.000531614540978379,0.00351404736994606,0.0035952752761547,0.000683384035405274,0.0115310574399535,0.0104635016091165,0.00528363172910242,0.00816768673863173,0.000517376998504933,0.000283988477606502,0.000456642607569736
0.000348776079421497,0.00191236635518921,0.000682226424146543,0.00303785954776103,0.0686203573158707,0.000124311933428315,0.00926097703819949,0.00201097167966795,0.00857164778505518,0.0094063633855835,0.00164280519025629,0.0129439323691849,0.00355818645214262,0.731014449542556,0.0140675186864321,0.0459178516023985,0.000670829053810589,8.30027242314026e-06,0.0230943690363291,0.00656132928052061,0.00492961259137331,0.00985020707453113,0.0102138564846493,0.00148651951572423,0.00789640968605713,0.00120417425859085,0.000768354353710132,0.00508463679119193,0.0126989247523182,0.000416727287314893,0.00180107793830397,0.000194070235857453
0.00115000401865147,0.0003059218178289,0.00081287434267635,0.00973832205856269,0.0363515194569497,0.0376774174349781,0.0776821561408224,0.0105658375061246,0.00266425702695331,0.0135324372696589,0.018030439362407,0.013834072486755,0.0176772395233871,0.00100339415507234,0.685323689204718,0.00642827621145849,0.00108139803599428,0.00101570253865127,0.000128798469937656,0.00318772555048361,0.00219460242000572,0.00292680084266458,0.00342229644141645,0.0213321192947319,0.000144458110429513,0.0172685400776112,0.000453414208845727,0.00697945401198623,0.00461996711966752,0.000144956696574302,0.00128505559252938,0.00103685257146593
0.00550957288280689,0.00442951506017661,0.000966955873612375,0.000449143387169812,0.0135357260480719,0.00741242637250113,0.0599977588338208,0.000769247153368599,0.071970861900817,0.00162835998696886,0.00219134571998573,0.00280193740754926,0.00222269708399245,3.65867367439421e-06,0.00152248209697863,0.807718483846131,5.02995093257726e-05,0.00190522592803368,5.73891421409529e-05,0.00180853530936259,0.000860547551523577,0.000995431857097803,0.000456298725180096,0.000556014594119614,0.000380814160927635,0.0016736304941066,0.000197918331645719,0.000271041602697201,0.00132409841234001,2.28941109304255e-05,0.00396596901288057,0.00234371893006267
0.0183026330392385,0.00401867916384491,0.00157622285567076,0.00483196263276244,0.00177061256688759,0.00314382710019231,0.0280816663555201,0.00759304558504243,0.00229554102127773,0.000428145920845808,2.01783688312356e-05,0.00540651693528144,0.000272097346947711,0.000820667508087098,0.0013089440861278,0.000164444032597722,0.846306181915463,0.0292098262237057,0.00502559469948107,0.000165559551832712,0.0011881912931433,0.00700077995803047,0.00815582484882923,0.002857347963094,0.00141281284558368,0.00418230395375329,0.000592385682764884,0.00257738809410949,0.00643817814242634,0.00139987229523745,0.000197537433845787,0.00325503057954368
0.00237133744875367,0.00157416804623901,0.00466121042935879,1.4322001864194e-05,0.00162627443920522,0.0162444771485568,0.0567195321162648,0.00103792991233556,0.0054833867635478,0.000688810883894257,0.00414780354267359,0.0138583037670756,0.000401143673429662,0.000697826070706542,0.00403471596552589,0.00218674022387048,0.00815639606541516,0.713546577186639,0.0095772263524504,0.0231792036133481,0.0300064734357733,0.00999452237897288,0.00691363924985996,0.0244807087210131,3.61334673261354e-05,0.0351603911030728,0.00477076795092764,0.0055946626080239,0.00531366142278946,0.00169868111554663,0.00231975031781396,0.00350322257772588
0.000278133760072155,0.00158124160543636,0.00081164985948811,0.00352894507331945,0.000691914941285956,0.0264198895269056,0.0462567406757216,0.00114817461565268,0.0265947731124623,0.00830885519515849,0.00163068629270155,0.0268752928136681,0.000710481505036667,0.00588388133373613,0.00287562489737824,0.0165354483733898,0.000435068415589591,0.00367794902015559,0.676110700502739,0.0344057561765638,0.0144959345570126,0.0104427602217381,0.0052409145976487,0.0290191878556256,0.00951335818474472,0.00442864577561814,0.00337662605431126,0.000959656645531509,0.00744095706586226,0.0176575807130351,0.00816176685166161,0.00450140378074867
0.00222216004859907,0.00138595747658478,0.000549081797629621,0.00920723586396715,0.00593278153809319,0.0164838412749165,0.027604967679803,0.0132591047570693,0.00902883972553099,0.000368011582965016,0.0327082679575,0.0978031265951072,0.00265135031610756,0.00150397091448859,0.00216269095332145,0.0049667752935861,0.00142638698908106,0.000584553089294692,0.0191097752799853,0.573177486681679,0.0369554162149749,0.00208336162623809,0.0119713806506128,0.0103916869511999,0.0268938750377356,0.0254507898542203,0.00755898235727578,0.0032050932831232,0.0350545975550621,0.00774970662190727,0.00492375254008923,0.00562499149225102
0.00320234592258868,0.0030905070099238,0.00563379450685626,0.000100783122252578,0.00635281456732526,0.00226753254529788,0.00239667132286924,0.011499820428176,0.00285453829120268,0.00067278415249612,0.0080963775603185,0.00313353755011227,0.000271168436228395,0.0042024445723757,0.00165477631911803,0.00090840201633936,0.00516091176728291,0.00154972223444496,0.00802517121188905,0.00485630833858145,0.770758088614039,0.0237429831787926,0.0395265922120091,0.0122087012595652,0.0153342941200185,0.0351738078217387,0.0104104794129558,0.00238258137183138,0.00173196046823007,0.001574724511254,0.000987488915732739,0.0102378862381532
0.00970445151378763,0.00719718433741472,0.00577050032611745,0.000135397267479868,0.00442873595374535,0.000426935472490083,0.012110291533447,0.00261946008919206,0.0621053888729603,0.00121360275365117,0.00512447299938635,0.00646250380058773,0.000485619317636742,0.000253166853872584,0.000931964064329456,0.0770163530546653,0.0115830183891959,0.0110070381603694,0.0322774244388977,0.00863895142737635,0.0101514604635597,0.662428591371946,0.037404570246011,0.0015432734175333,0.0124470905985687,0.00122191607923441,0.000594782733442035,0.00220365216671386,0.00514580760190264,0.00156866955112066,6.34704533321843e-05,0.00573425469003293
0.0327977104107049,0.0437608297787268,0.00640203968979532,0.000610786378514907,0.0186128491746619,0.00290260004731969,0.0350624397390146,0.00166141865801048,0.0213923518733759,0.0020492752919282,0.00066320890039425,0.011616055491207,0.0035272172335348,0.000836796996063059,0.00413091109756777,0.0790883119491348,0.008826802274503,0.00560987491309568,0.0362472944901603,0.00381105907639592,0.00377774020139768,0.00105192815567689,0.638918337130904,0.0111887837655292,4.15825009479563e-05,0.00195533595147677,0.00306481779852742,0.00795303945818737,0.000126068349781253,0.00285731599512254,0.00703982746434455,0.00241538976399472
0.0011370342995169,0.00100266453131218,0.000299010290790482,0.000474391807419482,0.00100971056429566,0.000374099360302377,0.0026230003954406,0.000977827423376564,0.00753892195957509,0.000599429198756921,0.00723800022362732,0.00833858044251758,0.000272163181703578,0.0028838845463684,0.00284140185893831,0.00125906317960144,0.00318165125207494,0.000817290713531949,0.00758085700977822,0.0111299890671774,0.0652218362017895,0.00651448283891291,0.00455335343189758,0.81361702429004,0.00651109072028097,0.0278720051281604,0.00330424086904369,0.000874112289091265,0.0063357412133487,0.000372956932226106,0.00173274490931193,0.00151143986979157
0.0146744221696792,0.0255167196750232,0.0028354469353091,0.00106842561598713,0.00916573882150526,0.00362908037389118,0.0827001142039881,0.00093473383033115,0.0258431176538977,0.000991942391753576,0.00226396027704576,0.000885365551379467,0.000154706550759421,0.000681641096306597,0.000967975448269296,0.00712595482227394,0.000546431593656198,0.0212638225930616,0.00567372059354191,0.0261049590875981,0.0193586821980857,7.33810829994779e-05,0.0349054281857045,0.00713873106764582,0.653640994560468,0.027907668574519,0.00485928576360877,0.00332260722977535,0.00128408109394408,0.00042565347598957,0.00317953433193275,0.0108756731500696
0.000883136644226333,0.000287029060638095,0.000414609077289407,0.0201654932376395,0.00432975819500286,0.0116443726356191,0.00314094395160758,0.00629806402906476,0.00371196943151539,0.0112044677023416,0.0115636113348818,0.00141427046741712,0.000164711724265505,0.000581832504778826,6.25476540361887e-05,0.00790905204610085,0.000518493706442335,0.000972116563941936,0.00618560967913719,0.0563502494407923,0.0221153544173447,0.00219585155725427,0.00730326357021785,0.00167906186223896,0.00985719918524311,0.786353606193409,0.000579164275350204,0.00622757207906762,0.012346935757251,0.0016471509687652,0.00139497933218944,0.000497521714929346
0.000135984771966064,0.0101408015965685,0.0139508468728036,0.00904932675606309,0.0019346720950466,0.00372149264242815,0.0135513570866184,0.0025628974985274,0.00293670391435971,0.0106443090177365,0.00638769526671093,0.00390669662968925,0.00472647563269162,5.16547352682235e-06,0.00158742338038123,0.0205630549009478,0.000415112445761843,0.00029409617849142,0.00587429092443263,0.010282579446912,0.00846451379452102,0.00456714526259577,0.00418892540786291,0.000196009414114925,0.00561274631790496,0.0126823005171558,0.799720715359938,0.0121574689305031,0.0199809493779717,0.00394451175829277,0.00364123380491035,0.00217249752256549
0.00143431330672737,0.00418980662154817,0.00116818255932818,0.00621784075039709,0.00477130713179075,0.00174224967107415,0.0163759073580755,0.0100824141719125,0.00158761314799458,0.0194695221703357,0.00492960347863395,0.0483105765364013,0.00161831800508047,0.00430788218171755,0.00961129554501879,0.00417362826918975,0.000414474500392848,0.00141597276627336,0.00623227934551493,0.0045286075877378,0.00114337145944386,0.000621777118567081,0.00984317082136555,0.0211058763609149,0.00430110441912236,0.0233105502178366,0.00400716534271204,0.758279464103007,0.0239221038584996,2.37754606522273e-05,0.000813599203710958,4.6246529022935e-05
0.000127411929103639,0.00017940369850669,0.000465319725843842,0.000221158260483705,0.00726518979339865,0.00177230466206472,0.00693029505511884,0.000109731968121067,0.00398419157182315,0.00339432338194625,0.00277642683532584,0.0323445745957429,0.00225109145837209,0.000617009615236447,0.00972923981708907,0.00162578915358472,0.000810132056500529,0.000674434923794298,0.000965201930998242,0.00458109612556643,0.00165609568848734,2.88541664023559e-06,0.00371596876858069,0.0359561003125297,0.00352032920870152,0.0219124512151118,0.0053347809422581,0.0159974403446113,0.820420253293467,0.00225719774555789,0.00521259523866068,0.0031895752667726
0.00633397047918383,0.00572834804681002,0.00120069608263761,0.0043653372074023,0.00335016667970293,0.00436539359177781,0.00285968997389359,0.00397730790634924,0.00026800892100742,0.00822704900362304,0.00757938289563262,0.0184188102471605,0.000316359208120559,0.0084284278299324,0.00120999686800688,0.0102026790933328,0.00723832804864326,0.000611098303250528,0.0222356091903852,0.00399626380488133,0.00423666116996076,0.00368292465924696,0.0104724263053347,0.000491324488868728,0.0079088161064545,0.00703682468526574,0.00772422962272767,0.00361140994106445,0.00337522624284394,0.822948991971734,0.0075142170044436,8.40244203205215e-05
0.000473487759518393,0.00113553251024385,0.00161744839134966,0.00511199913153805,0.00939418397281844,0.0125168438966445,0.0181929107098779,0.000983380179201991,0.0184905496515642,0.00308355123617146,0.000508305659380559,0.035982767310502,0.00265871567614816,8.33711448403248e-05,0.00693630224601052,0.00466350804262706,0.000258773140137216,0.0024945166279414,0.00667344053322318,0.0037589393980114,0.0021452933174946,0.00132381496826164,0.0113767750954727,0.0149680339236579,0.0145402777611652,0.000430834613715914,0.00850269955362972,0.0265608012418713,0.00708293791051534,0.000154712768106652,0.771944671218815,0.00595062040954395
0.00656011869877408,0.0132899206906226,0.00151219492664414,0.00453216998840079,0.00565615894862371,0.000507644203180585,0.00522015411930122,0.00637032974586741,0.00767949466029312,0.000130563935974174,0.0057354894296258,0.0356172732454387,0.0019161708296671,0.000519771573958076,0.000906091894068412,0.00415533138200633,0.00446195453701005,0.00884761424604406,0.00205709460750415,0.0027562110109909,0.00115468922240567,0.0058237125160533,0.0708489855920177,0.00249361479075197,0.0189458549519805,0.00444790032420226,0.00865310571392394,0.00089416309221229,0.0152728683736321,0.000108295953890361,0.000342532623668624,0.752582524171266
