0.75780326231289,0.0173994896554161,0.000266919838889164,0.0121636758141591,0.00136330576862062,0.02192008399985,0.00904132941845056,0.0030713034742227,0.0102082649607428,0.00193203407273899,0.0011068856448617,0.00145844931850977,0.00449363871655794,0.00436742234161851,0.00471797423559022,0.0126573974047077,0.0267147592527544,0.00769304342517989,0.000184839709590178,0.0100124850478534,0.00285781979172587,0.00105484925021473,0.0225025827745821,0.0149921031054521,0.0212890528944044,0.0108640836466413,7.76193013005472e-05,0.00810804102372414,0.0013657563251879,0.0027464844154961,0.000953465358423396,0.00461157769964356
0.0033371882711356,0.670215055626722,0.0134123000202164,0.00907844190218966,0.00509534721629325,0.00851916132912365,0.0640557817926277,0.00266141479623576,0.00663003429223044,0.00345826095615802,0.00250165886012957,0.051081947007504,0.00175525158309301,0.00656987683815731,0.00895979007136519,0.0380131617559939,0.00440771561622967,0.00331873289891027,0.00173151945471626,0.00264804756510095,0.00274847016957273,0.00735779120061826,0.0278722881845239,0.00313913015295722,0.00560713522249703,0.00916545726934618,0.000929838791253204,0.0149375334878432,0.0141051147417065,0.00259633337742423,0.00251297331965477,0.00157724622847066
0.00139529895004607,0.00960036248631251,0.796254521362335,0.00186924382891966,0.00200560317507501,0.00664087406525928,0.0123263680863754,0.0122713129299803,0.00176405737389664,0.0100667710715176,0.00109729123692473,0.0414367888059752,0.00458818379462989,0.0140319002750364,0.0185215715134947,0.000691546623456582,0.00248405787996731,0.00235531492137689,0.000150876739855084,0.00487853719719313,0.0103323915372261,0.0119297171732374,0.00282301873407411,0.00263722043946661,0.000231683808501059,0.000536978015763549,0.000673404717003465,0.00283173350684094,0.0183737086517927,0.000671825620225425,0.00152962991964537,0.0029982055585959
0.000838767268993247,0.000813628041328146,0.00377576398551894,0.722512339624317,0.0209637007710664,0.00155880640586603,0.0793115485333738,0.0269145349580827,0.019535071108521,0.0104509253900517,0.00396488632933975,0.0093573564674366,0.0342148664187661,0.00187637364331501,0.00876055560475345,0.0189901702241962,0.00020492058997821,0.00178539108082769,0.000457094661725131,0.000907744944758842,0.000340667564484254,0.0103507799932157,0.00226613803634037,0.000789785282990211,0.000741100844326341,0.00534291722769758,0.000663279062234213,0.00646451870032537,0.000176363852391251,0.00264560782834478,0.0013502009197774,0.00167419463565619
0.000516027330680216,0.0120416863350637,0.00423353764470996,0.0254886593138444,0.435066697882548,0.0373855544590967,0.0952408663104097,0.0181331311894989,0.0355950746896806,0.00229906665110971,0.00138261129623782,0.120618389125689,0.0160836465224067,0.00561335629246793,0.00142194142653067,0.0652278098428296,0.00123666320578434,6.54355859075471e-06,0.00507712506754796,0.00849102649039785,0.0033758240733644,0.00121977059932118,0.00757588572721051,0.0141755926776446,7.0555595457014e-06,0.00048786607725982,0.0095012703895881,0.0248032398273387,0.046809256865033,6.63047835407497e-05,0.00011120355194288,0.000707315233086864
0.00369816000643481,0.0038414701935893,0.000121432492609629,0.0247953208181557,0.0302703404356267,0.664846566248621,0.0114799751943389,0.0364040121784603,0.0554846230550185,0.00242166700102953,0.00158835036401462,0.016335555314809,0.00306014313528645,0.00304235701358489,0.000687538243556522,0.0949546973171491,0.0017333299087546,0.000737052098568232,6.42066484872807e-05,0.00277342476364658,0.000512631595439008,0.00200885004802992,0.000762387595387423,0.00311991062974916,0.00638843014174822,0.000634742925924729,0.00212036423910658,0.00827348422787749,0.016505496864849,6.68775334859544e-05,0.00100826648918409,0.000258335277476569
0.0113626559404037,0.00673669005197291,2.11489539186461e-05,0.0198546035748936,0.0209652951455557,0.00847094776011347,0.781030106640802,0.0120988587123934,0.000654720905173361,0.00612034673620171,0.00221422518589139,0.0379236354491784,0.0040335573292962,0.00417331144835325,0.00126609617404997,0.0145104864644886,0.00183585689252574,0.00210293135671007,0.00420827474295353,0.00602945962648232,0.00231524171170998,0.00196323534008153,0.00815991372573667,0.00430490725591287,0.006770246293184,0.000265379455804611,0.000319265454291414,0.00582231489495551,0.020451861154285,0.00205832566445448,0.00138550785240854,0.000570592105817566
0.00103072120794224,0.00642885081028061,0.00160007568596681,0.0819575515301239,0.044864033970308,0.133875497137501,0.0527782317860467,0.465281177321469,0.0164013205947764,0.00265286822841493,0.00321671452272398,0.101383161635281,0.00213775400499885,0.00645142888644426,0.00623769510486006,0.0142301990864789,0.000221611225755872,0.00415885503213419,7.66053607205995e-05,0.000498740629758268,0.00029256142455994,0.00347689074794973,0.0143697804840253,0.00175965963790421,0.0109733050647387,0.000103102817964998,0.00406051490878329,0.00123890516467459,0.00927565019597242,0.00061663555624926,0.00816160504707563,0.000188295188117403
0.0182430306271571,0.0145136649843656,0.0101008101732093,0.00272207390214891,0.00755053436422825,0.0303263781410136,0.0657613046400975,0.00381510704145012,0.540272245736079,0.000921326014509787,0.00888111585554833,0.0141654039019996,0.00206364409063186,0.000830577022774842,0.00918669486249108,0.0832927018830661,0.00135229114191533,0.0155065275196217,0.000537756722838391,0.0134498311181083,0.0046503706725773,0.0126812077472346,0.0813736589085923,0.00180298083034276,0.041226769378089,0.00129553722360383,0.000500426988499736,0.0027480688229162,0.00143543327991051,0.00128168629069128,0.00502239914326965,0.00248844097101816
0.000945743421485818,0.00226954435454826,0.00289850166805262,0.0221616552719269,0.00111027962264736,0.014735500023499,0.0107727540771192,0.00207694731260997,0.0158625785510865,0.846597871505442,0.000370636432468833,0.0181212437646842,0.00183703798745592,0.00215271291651799,0.00333064814176469,0.0134719873924447,0.000836864474667116,0.000341697973568675,0.000991076373487967,0.00982395982844675,2.45072339652879e-05,0.00265551532902666,0.000603775535065456,0.00225605325973563,0.00226872979812907,0.00153685475797353,0.00123169528253862,0.00646235209039648,0.00809293290783282,0.0027773769643529,0.000221688857871623,0.00115927688918684
0.000222441962335457,0.00505540029493234,0.00326460868246072,0.00682610646126575,0.0154370164374637,0.012445596055346,0.0229485692930302,0.0130587830343772,0.0221357722841991,0.00413969862273891,0.75147046410686,0.0248935092206996,0.00504152135082774,0.00127777818825293,0.00194324423014774,0.00599501914208186,0.000634101436951519,0.000398356157672505,0.00053505937372147,0.00430833697432254,0.00129726450122342,0.00430408601991906,0.0163434784205586,0.00371997822877088,0.00686468968755347,0.00546806807369827,0.000591763120607896,0.0141522270494476,0.0351506825990239,0.00117449175461528,0.00143571011808814,0.00746617711680563
0.0138885512760321,0.00763293981342984,0.0173046158154425,0.0154246203482715,0.0242046115107101,0.0137410714468345,0.0265075547970936,0.0201981555353351,0.0107635716668921,0.0232005993646876,0.0171097898370008,0.673179612793301,0.000934226031657865,0.00126023353893791,0.000346008356242371,0.00191306210854914,0.00326734693058992,0.00320429848082199,0.0118318447322609,0.00848199628098981,0.00212406305556516,0.00500931317917656,0.0090084393333973,0.0122411394784784,0.0151314294333288,0.0442268525981963,0.00129564746998862,0.00183737329125422,0.0104190802421543,0.00293225178057842,0.00121056184120118,0.000169137631600259
0.00331507634684973,0.000611576976512626,0.00246571801785773,0.00356591285133887,0.0319662975048918,0.00462063361986816,0.0454288972031209,0.000800205599864627,0.000580093362057737,0.0082424669330239,0.00224773791289218,0.00573907101626114,0.702773874105756,0.000904653008272608,0.0319603698084789,0.0101062952672052,0.000163327884014498,0.00142887353738443,0.000130462659653283,0.0309925612796473,0.00560756291726028,0.0201217786559735,0.020383132197603,0.00623552998196091,0.00459630839076435,8.25537408485678e-05,0.00583725863520827,0.046354258365557,0.00117866473193302,0.000122755486438569,0.000424835317911072,0.00101125668359031
0.00294801153805961,0.00240531407982053,0.0162733105409297,0.0231861208727332,0.00311160716441291,0.0682212233378995,0.0450677627125229,0.00673133820002024,0.00340047544392277,0.00733985724384331,1.8181112190243e-05,0.0420516016611337,0.00229794400690936,0.698743445374126,0.0278162689814825,0.0043304714531539,0.00284060977752574,0.000454792402826313,0.00141957047616072,0.00179868035884948,0.000930778172347595,0.000949951796063064,0.00393396849846109,0.0055357303313116,0.00115067451582596,0.000410653834185259,0.00450744419806468,3.63176842575446e-05,0.0146111651590258,0.00146111215958613,0.00596823566912739,4.7381243221761e-05
0.00728597889501058,0.00992320511402357,0.00359221229878422,0.0128455509905754,0.02872517129602,0.0167408506375017,0.0631922035133198,0.00343559424015734,0.00398811632569485,0.0160730284721227,0.00577177214792057,0.052289534618985,0.0424926476133788,0.000894023459086124,0.603867250229313,0.00905875432713341,0.00527541485473061,0.00994904799375661,0.00165793267684364,0.00614405691422692,0.000939652807761977,0.0120698584425539,0.016900191364418,0.00515350670327476,0.00895715187865327,0.00136936689264438,0.000334013208332996,0.0329704607832067,0.0133688168467272,0.000601201553620617,0.00199264732760379,0.00214078557261813
0.0140052617262803,0.00450828669806812,0.00159515448089874,0.00174907579221181,0.0105835509119541,0.00828993960862068,0.0407146848195042,0.00532612407862894,0.0292158397461644,9.20379535017672e-05,0.00323150194258166,0.0118714783825245,0.000666447428217314,0.000266389560777193,0.00527283358085418,0.777442720102229,0.000330014375204333,0.006583452968064,0.000896337853178423,0.0129663311445965,0.00183508457964049,0.00638697647940286,0.0252282839195747,0.00935893493658305,0.0124719893859704,0.00101633137994162,0.00380071248790054,0.00140668889585157,0.000167004510001881,0.000701924130460167,0.00176983535936826,0.000248770781244848
0.0236292954145947,0.00289376906617569,0.00327848365918063,0.00241034366936718,0.0112491661523274,0.0117563502334461,0.0015449168518985,0.0026212590351206,0.013964129996482,0.000646058463317711,0.00152377356137156,0.000231595700216618,0.00182093782987343,0.00101135497876275,0.00445573711168027,0.0236328303793728,0.852343215321152,0.0138958584316982,0.00325373968487819,0.00263404490993743,0.000278344693574915,0.00556523059161548,0.000168605704911249,3.99096245776793e-05,0.00156229071791674,0.000383303235420026,0.00188830191387717,0.000419463896631316,0.00137855851347649,0.00155081473333828,0.00340763728615585,0.00456067863765087
0.0157670392458672,0.000664862550430419,0.00353598357965885,0.000669167068529854,0.00164784433922732,0.0131447858338801,0.00284684175679489,0.000323289809469567,0.016990583968162,0.00130808336041483,0.00261592634627976,0.0127628070591075,0.00458241199243867,0.00102030396807303,0.000813484484455976,0.00827432626731558,0.0104432925610445,0.770867730883055,0.00735330751208085,0.0136780840255545,0.00755524605044282,0.00282109632235832,0.0179692264096452,0.0217560226654938,0.0139666882889957,0.0116361683738962,0.00105943625239843,0.00458299937461155,0.0226323300016215,0.00274835899476411,0.00243863288245386,0.00152363777147852
0.00302054688979322,0.000397067786311891,8.94104990977029e-05,0.00493809702961579,0.0216224245620231,0.00551562899875575,0.00453197518252178,0.00420830731822875,0.00381641584228469,0.00159883127461264,0.000318342530121741,0.00514394163329054,0.0020704883687916,0.000700683939949873,0.00246733335566853,0.00240453320672485,0.00204098942947753,0.00287633498861377,0.846992177323205,0.0103562594301776,0.00490018919146031,0.0161662868311622,0.0114518930126782,0.014832541677621,0.00784875153679642,0.000258757479075007,0.00153816186187483,0.00594717950679062,0.000783091996842341,0.000619120684753821,0.00406020354558299,0.00648403308609599
0.00178428101663552,0.000348466880873501,0.00349912732014313,0.0123609920608509,0.00746215541624877,0.00202723502414101,0.00129173684255076,0.000181323455398702,0.0249408002999021,0.0111791216885367,0.00192950372699353,0.00828523042093351,0.0128835842077266,0.00164414848493046,0.0110604577128778,0.0117857125744145,0.000439597846807813,0.00133940406131668,0.00508976815540643,0.753622157613533,0.00160244227626823,0.0169007098781473,0.0470126203338246,0.00740995575548791,0.00413489215670155,0.0234966133164875,0.00561795406710197,0.00575362751204269,0.00107628025801943,0.00123699717703086,0.0112437462384312,0.00135935622023496
0.000353777717724986,0.000926913478471304,0.00630741526269198,0.00149061359381272,0.000428383538331867,0.00181378672982385,0.0417264256493548,0.00400779674180141,0.0299507502238189,0.00184481152950049,0.00563899300171237,0.0175770637280342,0.00407026015831186,0.00279212417919307,0.00264083888688492,0.0313467151857269,0.00275265652887053,0.000110350981351455,0.000351563682842719,0.00327444965983017,0.708769674405465,0.00345826540908619,0.041421951966911,0.0289563454219382,0.0178878370436935,0.0113727742534043,0.000301178733772036,0.00150348219865612,0.0141065576577793,0.00125313490920767,0.00108198010195889,0.0104811274400379
0.00857455279361099,0.00388735925959161,0.00311306817934732,0.00270256816146221,0.00344655090069236,0.00433332374226298,0.0180771691465212,0.00187542338059822,0.0545765618455989,0.000157598381726818,0.00530250885370778,0.0190451923127306,0.000373541442696247,7.31604625639453e-05,0.00100421690523699,0.0742617632490213,0.0155902451251214,0.0071183229333127,0.00457984329194019,0.00766055322838367,0.00436777808816096,0.671027173294677,0.0484535697428675,0.011996556185467,0.00714646015467604,0.00405553177285875,0.00189467950479217,0.00239188817654315,0.0030739484509309,0.00118228720467297,0.000702174336449069,0.00795442949177728
0.00643703113461668,0.0136028329432596,0.00245384743002197,0.00839488288424477,0.0174270627830565,0.00880842256644017,0.0255963880540059,0.00311427006387861,0.017144797218118,0.000484961800456844,0.003270822627696,0.0732569178042399,0.00891286578951117,0.00317831813578536,0.000728311707987496,0.0319274556320892,0.0106311554919128,0.00124018279553289,0.00689059137602395,0.0479125491181181,0.00644389871359921,0.0342143131065826,0.600167984934623,0.017488700408687,0.0138309692244758,0.0108917291091817,0.000687815026451988,8.6772283146812e-06,0.0206580447679095,0.00121215186031735,0.00233005825007334,0.000651990012787896
0.00307884257122544,0.000351424722206748,0.0018582184638673,0.000463370561691243,0.00639070767121053,0.0055192614233082,0.00239043855276464,0.0014829841040963,0.0262588997565943,0.00194693995984043,0.00277711659328079,0.00379039984461392,0.00337616168219037,0.00189779333047761,0.00406138317357236,0.00389605246732046,0.00148691394165225,0.00248603379132885,0.00735439083026671,0.00721198081073844,0.0143999654517843,0.00279447846259044,0.00507828874463558,0.796504484900343,0.00116957404965091,0.0572886364929453,0.00430476855475381,0.00648319215480928,0.0127634448489745,0.00137883480066268,0.00884815515521488,0.00090686213138875
0.00854781398813249,0.0284748618056197,0.00329636761839363,0.00608051641337695,0.00570963606998185,0.0198970396043433,0.0160738840739629,0.00200127799060221,0.045881491701563,0.000743118683660032,0.000547566854925891,0.00329593278132758,0.00074752560241988,0.000222734796674456,0.00295632058200437,0.00814085926443961,0.000582117947748044,0.0294256706417507,0.00512917150945067,0.00904947912761779,0.00787561014179882,0.00774818246574877,0.0339353751490459,0.00924170012339492,0.732583275152417,0.00201540161134646,9.93909809028824e-05,0.00120721490758696,0.000411647022528639,0.000425523685662609,0.00289848927156192,0.0047548024300099
0.00319020322810225,0.00546035338724286,0.0013008069987626,0.00088060157173145,0.00174398328480098,0.000944721126872296,0.00730623402879792,0.00437500109977358,0.0158698086506127,0.000171622580694534,0.00390359929900551,0.00763857954067203,0.0109434857972482,0.000563224284011399,0.000419253215948566,0.00410986498203964,0.00449133430317521,0.000761470494659443,0.00120942965177294,0.0124647371149777,0.0062910134952329,0.00814347665113445,0.0270383766608693,0.00757211464436654,0.00423724091379762,0.772239252301139,0.00331053807475405,0.0155602492096129,0.0618934039487336,0.000287493660693524,0.00486642185249403,0.000812103946270325
0.00239474874929926,0.00320238809006617,0.00329208420789782,0.018986148201363,0.0025939705495832,0.00105821961797271,0.0267325220139839,0.00694429054235309,0.0107503112098809,0.00208274223392186,0.0159227013909235,0.0312196881252943,0.0182987435429912,0.000444711971226827,0.000492211536471893,0.00299946275227058,0.00224538438541316,0.000220755073147893,0.000614443527879861,0.00805788768946546,0.0210148376529986,0.00387734735733941,0.00425412465055133,0.00182897138432726,0.0116011464950506,0.03480875707796,0.718944669961853,0.0140253023146853,0.0170887917596864,0.000507513906293907,0.0111877561234404,0.00230736590440701
0.021837429363397,0.00157401459060834,0.00384259646061194,0.00203514540087996,0.00492527448906736,0.00143092915311643,0.00395317866593136,0.00556419960910577,0.0025673299517002,0.0129473510401089,0.000953741579483546,0.0526710647887974,0.00320021581665306,0.000632089877733161,0.0113088355489343,0.00351163389568846,0.00438568634140496,0.00156841049806399,0.00939260598198313,0.00473087082091832,0.00207501692608326,0.00056259913253815,0.00239122997370553,0.00282710208210418,0.00597788806247934,0.0241909099091795,0.00263315987362588,0.786609948340578,0.00844134910991477,0.00143086271124728,0.00935495698613558,0.000472373018220556
0.00463081902768768,0.0032456376110479,0.0100638577634023,0.0152270294515555,0.00181260935550599,0.0125737852676111,0.0324822240898157,0.0141642215177589,0.00536374007820743,0.0053184735353202,0.0200850470602728,0.0552876609706749,0.00099969460758539,0.000503648505802518,0.000532753286751265,0.0038698674484247,0.000658987835996566,0.000131270115484177,0.00364219365409829,0.012917304762366,0.00397179426489751,0.00483132460846327,0.00348203297410221,0.0103438461154454,0.000220278449327939,0.0125146087932189,0.00237993635335288,0.0055148320257063,0.749552034326943,0.0010945420513626,0.00252493235319261,5.90117386178377e-05
0.00544537515441241,0.000531832753036952,0.00113157811590335,0.0264646436464058,0.00109817590532737,0.0164529998983693,0.0180695280619351,0.00576878953686451,0.00713363345710684,0.00479927649180464,0.00550413897044489,0.0144448268642691,0.00521356218019318,0.000921539619846003,0.000694033438088484,0.00468224302741847,0.00370708624203214,0.0190483913179533,0.0126114067487075,0.0198501386217533,0.00250996139231492,0.00123527801168069,0.00481295738695884,0.0305406408686546,0.00859002380704999,0.000573152025620233,0.000657479424120347,0.000369284106320159,0.00132104757071176,0.774501192837466,0.000154166770390913,0.00116161574683884
0.0217950523839194,0.00583113334229049,0.00513748964030932,0.00452327525305519,0.00174926522847089,0.00542848238675764,0.00487085701718985,0.00222027514708638,0.00234780994794667,0.00187590998986594,0.00228606115149159,0.0223086960688048,0.00496685316450812,0.000835128223888405,0.00612051235571096,3.35393714727586e-05,0.00772857141290324,0.00020314451764222,0.00523522996253744,0.00387474335539905,0.00708384429344022,0.0034626093002387,0.00889718259668686,0.0120366149383584,0.00258988802719321,0.032260734961178,0.00263074496754391,0.0200779075218392,0.00498896934807388,0.000354281609364555,0.795089590453261,0.00115560206157209
0.00645323008560294,0.0100117036029352,0.0117304742504727,0.00138820916487953,0.0272729230648978,0.0354202123064449,0.00418917085003563,0.00110869666353499,0.00920251920858742,0.000446603266113599,0.00589379554488237,0.00184631545302718,0.001049134885332,0.00022770917381612,0.00895373880314451,0.00467073524775116,0.00101047714942858,0.00654381489478963,0.00164287924215782,0.0388869236355691,0.00220121414294259,0.0820315986157969,0.112573720487983,0.0090589024786987,0.00671753540269337,0.00223125577480688,0.00393702587683704,0.00124489381775507,0.000413635582797826,1.47803338076585e-05,0.00183429503036179,0.599791875962116
