0.838187183592514,0.0146569522051746,0.0022781804494222,0.00571841388958366,0.00361239438546356,0.0137674205804536,0.00159134522874491,0.00196439630654204,0.00448875091509705,0.00963304522670177,0.00449855877905754,0.0107781514878027,0.00231629123530076,0.000422092679271652,0.000538690592799642,0.00320746101706132,0.015244346326538,0.00656935638925231,0.000727468433046666,0.00108456408272451,0.00302443570013875,0.00139478951442737,0.0060289330312654,0.0107239046169345,0.0103648440491432,0.00209686292203246,0.00527406233997468,0.00149546649879913,0.00487261475980515,0.00326317823496199,0.0079337195915062,0.00224212493845938
0.0044780222642534,0.707560200492444,0.000496907261553333,0.00210495187586813,0.0134369619225298,0.0301068345799825,0.109267878528836,0.00186401236380842,0.0058876511811541,0.0042205827335472,0.00246570282823277,0.0139642445191605,0.00693160109531277,0.000141401852586009,0.000134312530791972,0.0270380048841664,0.0149228186289351,0.00187800606543179,0.00151770254635232,0.00269678650834091,0.00106146004749121,0.0037587733699578,0.000577671458896551,0.0016235612478932,0.0213671014520638,0.000555021562969624,0.00958608319051119,0.00436405651134392,0.00103742394472888,0.00191027540461059,0.00158350791889565,0.0014604792273511
0.0123472068687156,0.000794652801646854,0.796671265743859,0.00211326971038083,0.000941846889434587,0.0070394083303497,0.0096680460386354,0.00903550716282467,0.0149253843204371,0.00183608698525281,0.0159267624752693,0.00514526154155342,0.000697613881686746,0.00264776558892275,0.000194603325117213,0.00854191587190964,0.000156738623132905,0.00137816180864733,0.00383180603068589,0.00910689430995142,0.00357903688337626,0.0044881541319376,0.00995439270612187,0.0177285858264269,0.0148519094777889,0.0296708169551498,0.00122126036425282,0.00205011906211097,0.00155522901024904,0.00295310994434352,0.00250214545728991,0.00644504187253965
0.000148102966936592,0.00867218244804194,0.00134228352149303,0.633461678727472,0.00317999874080469,0.0553889565765059,0.152905111882824,0.0153225723959699,0.000919003890652566,0.00227296080530663,0.00199084247310065,0.0165770816567004,0.00719028468572389,0.0094583925720832,0.000382185428042872,0.0073436292661092,0.000538739196973417,9.86508845376722e-05,0.00271841908898713,0.000359570111488666,0.00829824044728633,0.00702999567951177,0.00166295398620322,0.0199913974857304,0.00321071179171293,0.00818530533436329,0.000517582650799101,0.00266264151494715,0.015542786097349,0.000599184718174208,0.011426779822991,0.000601773151176939
0.00148870167390492,0.010207747168046,0.021492572636418,0.0222781288172282,0.492218121108346,0.00647777660217887,0.148028826587518,0.00324692948472125,0.0281654715081057,0.00890234665313955,0.000993066027443901,0.0127404542509118,0.00154424982967703,0.00439471780298977,0.00592385257791534,0.114743690096212,0.00120529682741316,0.00102140119413179,0.0037310320098526,0.00415981925268777,0.0228376689844052,0.00415700334535959,0.00177703161301956,0.0269215820217158,0.00733228888752516,0.0178483218320566,0.000584197289872942,0.000618463271152483,0.0138194152334137,0.00414483209361706,0.00434460895983878,0.002650384359182
0.00554205838547564,0.000678846249484338,0.0124002452339107,0.00767412707380614,0.0161495166100264,0.706301491894191,0.00112005925232303,0.00682622651129634,0.0431204506806558,0.000948825205460534,0.00691224862830637,0.0019795404505729,0.000519135580700409,0.000562123886168604,0.00345482877278213,0.0788619139459905,0.00121310325983834,0.000634590202901411,0.00623267438470108,0.00402269299965571,0.0057012169798358,0.0144951844872602,0.0194110734751329,0.00807404978260937,0.00661937523885588,0.0103290927342442,0.000461481157990551,0.0018436143786741,0.00394313921589144,0.00228021819163942,0.0108174837959245,0.0108693713536942
0.00939026757001411,0.0178125360391908,0.00888386395325368,0.022794905258682,0.0317208123964187,0.000701307608090908,0.798389356091047,0.000920171194698274,0.00634423591956661,0.0121839507726544,0.00802096093370025,0.00520049482592636,0.000332155895650216,5.7354333549977e-05,0.00289859105588862,0.0193196858614864,0.000933245312461451,0.00267940723821776,0.00743871346397296,0.000744164724581131,0.00573135303023853,0.00601825950133031,0.0108375198017715,0.00566955787326004,0.00109557025413346,0.00877938706125177,0.000305400839758693,0.000339883943383272,0.00101949904804483,0.000492858749587048,0.000126999470037945,0.0028175299781515
0.00163403802879764,0.00117299882120548,0.00237349975694834,0.0287757242242561,0.0430370394558925,0.0387555529596345,0.00117460405007286,0.694711561457732,0.0148696880513302,0.00315361017816786,0.00336569598916263,0.0250504309937366,4.48774111472359e-05,0.00563473864816594,0.00300643854785139,0.00450222145170515,0.0011125423444509,0.00994397815834363,0.0016301333054858,0.00483299830439111,0.00579297748271763,0.0132211664596524,0.0093948013089363,0.00756365691043434,0.0271254017914272,0.013279359209595,0.00569212106927671,0.00255068535619469,0.0171522077386051,0.00296117045493146,0.0030789628944782,0.00340511718527318
0.0147612316632879,0.0405726102956356,0.000314690303292416,0.0151985370860783,0.00436950857150611,0.00645648622367398,0.0206064592934249,0.00359722068363088,0.660547950136148,0.026956294569461,0.0362382861428606,0.0242331022883135,0.00293962794485138,0.00122819424840339,0.00133606990516486,0.0278807152658235,4.84469242229964e-05,0.0086852996593359,0.00744408024862533,0.00237003755367008,0.00565852747689145,0.0127649947858739,0.00366613700706108,0.0190546195292601,0.0059455407762253,0.0288859846719945,0.000890728258384083,0.000270252154078865,0.00459507266028829,0.000805388267469335,0.00127671467654853,0.010401190728513
0.0105141186779257,0.000727617816061821,0.00234499008258402,0.0143672327478533,0.00670437484722983,0.00156227770447929,0.025905412612405,6.2238627150712e-05,0.000816309557306889,0.802563638386925,0.00326208276315171,0.0559507949501422,0.00499315972559815,0.0100836658771102,0.00646253142767824,0.00550268754198745,0.00332984027200593,0.000880880322261121,0.00577381051885083,0.0016753605366253,0.000343167364887758,8.26686789963071e-05,0.00127012273999252,0.0013688090460291,0.00241830980770469,0.0103252927739736,8.68494978744374e-05,0.000346651310908071,0.0111349680417141,0.00109050611138658,0.00480744569152993,0.00324218393967075
0.0103957470577995,0.00030296059724036,0.0112691985583038,0.004476701142984,0.030175738094086,0.00186425365681445,0.0193262537924944,0.0089711756794284,0.00303598445277129,0.00854520911816802,0.778442286058386,0.0222981676721579,0.000279004936319643,0.00365367334553885,0.00738743235612915,0.00585730851578886,0.00168910519188711,0.00357465051973131,0.00411691360594999,0.00162266391087803,0.00111678906521108,0.00288158605509789,8.24839332657375e-05,0.00474143820958711,0.00479086288750544,0.0136586357469387,0.0013698222748761,0.0119691798318036,0.0199895319065577,6.97278859773951e-05,0.00328531060942271,0.00876020333089966
0.0015861477533533,0.000324598473182967,0.00201379359672329,0.0176693947920765,0.0468440057567031,0.00134551748531055,0.011098575452114,0.00187060800782553,0.00452338922869749,0.0191681709822583,0.0126899010584849,0.777019300276496,8.51747755424304e-05,0.00147783546865095,0.00638285571663941,0.00230970178542487,0.000257658664629855,0.000227614485694126,0.000463628282257602,0.00734414495184797,0.000121702376176878,0.000117913941090746,0.0157044790501014,0.00276632100335211,0.00109740489307199,0.0368885790607465,0.00234404909437522,0.00102262389350538,0.00554020463055006,0.000130441873670072,0.0188049527648567,0.000759310424590339
0.00336394679963104,0.00050992291505843,0.00229757049651715,0.000172264484021468,0.0155809807667911,0.0132588602044819,0.00831188489214109,0.00123735344893473,5.08626818852988e-05,0.016838805145748,0.00331178839863168,0.00132459499669541,0.842784377047284,0.00459947263823362,0.00525351752114734,0.00370958631028915,0.000652505300483288,0.000145691910525276,0.000337351447286672,0.00235583659066811,0.00410742938754767,0.0013115202732094,0.000999418394816405,0.010515280687826,0.00226845251140433,0.0142077955942659,0.00721582855114031,0.0148196703154179,0.00574282506313614,0.000695245913243541,0.00503915936637316,0.00698019994516491
0.00661536429769816,0.00209297104218076,0.010883256284049,0.00584773474729895,0.0104352272717465,0.0102012153716896,0.0056030674629539,0.0127741506776257,0.0248204293523612,0.0170739508024063,0.00393110859069584,0.0177780189027797,0.0143100930664439,0.74130585641594,0.0121355859829135,0.00661489326671397,0.0129024738972025,0.00114289723872289,0.0133765934945696,0.00561511438262968,0.00135040713101136,0.00282492812105717,0.000415282186504158,0.00259348027889461,0.00414827745889828,0.0128165465405335,0.00142625139250987,0.0158255989960332,0.0113410757741972,0.00776835822332913,0.00244890431703467,0.00158088703137553
0.00123538981609126,0.000737526396884966,0.0031389062887141,0.00477646766398081,0.0487303625494995,0.0148513730350188,0.0790171398812984,0.00950184189792038,0.00149419228025161,0.00866545254573706,0.0152953442514065,0.00922254557579755,0.0104395929555313,0.00436403191278168,0.633862046309128,0.0067177994819032,0.00672058343584398,0.000541569735839767,0.0108251134356361,0.00211411804343748,0.00457335237499795,0.0102080122733425,0.0152621134359107,0.00636952015448401,0.000871040326475245,0.0575121328448624,0.00462198581088968,0.0105114028218178,0.00203531334529081,0.00174364458406356,0.00416670255894016,0.00987338197622255
0.0145009473803108,0.0317467163686723,0.000286077063248372,0.00440722091664865,0.0010711738232205,0.00101061274725687,0.0204837763099541,0.00302347084012714,0.0323898043037,0.0115288068907775,0.0104420421206785,0.00414767698426564,0.00179029056798458,0.000437234843917148,0.000626729247045647,0.831959618170774,0.000887106792998984,0.00303597325262377,0.00189774143079313,0.000369084978746723,0.000415837870537697,0.00647623153286103,0.00378384143959259,0.000623743736850015,0.00262462145287157,0.0043714794833395,0.000647482866376012,7.50108179251491e-05,0.00321232675000457,0.000145060707830779,0.000801353843592909,0.000780904464473598
0.00619020280938589,0.0119772090740296,0.00159065716782544,0.00431244611489268,0.00935615944776397,0.0118410527243837,0.0564512141237204,0.00347941016895378,0.0068906597502439,0.000334501518748755,0.0003763706007395,0.00385557219312499,0.0044959540428345,0.0029900099107696,0.00315748390281327,0.0120447533292852,0.776903076253449,0.0174508824440466,0.00196373689673088,0.0184394788576863,0.000473597559998659,0.00579960940542531,0.00404156169148238,0.00896868884810738,0.00238598281549077,0.00117582248415482,0.000318855203234775,0.0108762067969828,0.00244689797688871,0.00231457617927805,0.00112338905684409,0.00597398065068437
0.00696323830849929,0.0233992158174318,0.00442685758372972,0.00197434004399919,0.00893520003677357,0.0119803686447104,0.0583072123479206,0.000993033101340417,0.0221797636167173,0.00668888918648922,0.0052795822324963,0.00193804315693053,0.000247959051845884,0.00164795126064164,0.00161122118845531,0.0265942964790141,0.00290336212119843,0.597238795352247,0.00177709686659632,0.0311448101805992,0.0275618059440877,0.0201644460330097,0.00217551946678545,0.0417378235627772,0.00842666073067298,0.0543945148315208,0.0105061967224504,0.00791392770242135,0.00775251698999418,0.000923154461307639,0.00201903300330589,0.000193163974031163
0.000280190962731074,0.00767347867330679,0.00407417856951111,0.00118681333724448,0.00314700635301427,0.000310912874895542,0.00346067375293443,0.00366875415013155,0.0643122345372421,0.0021842991554788,0.00257929485789622,0.00660037425378497,0.000248601698116658,0.0025714612593708,0.00327757003655615,0.0365958551204473,0.00633498983420735,0.00240898098033154,0.736693340575363,0.0134020657843998,0.0161489681679018,0.00564291196790484,0.0164366061228423,0.0291584742941444,0.00199598384275455,0.000496741166071516,0.0014862703509556,0.000687243925580902,0.00235762801638619,0.0218379465804827,0.000156575956000384,0.00258357284201061
0.012112607497742,0.0247623860339725,0.00135556253738694,0.00727930342128589,0.00268631348352446,0.038143109162778,0.0404999399219494,0.0105726129069815,0.0495000015623466,0.000865287232862591,0.0185821197035467,0.0440271751090805,0.000381489314787555,0.0048462482367249,0.00103054059878531,0.0183493583978622,0.00408654660577883,0.00306135141334105,0.00805070637560245,0.595342714028644,0.0247176584422307,0.0057006666233372,0.0080352738535314,0.0105115337599789,0.0230135101021418,0.00934456603459528,0.00523528566654053,0.000236305745792831,0.0133236625278665,0.00602640830175418,0.00720988279852826,0.00110987259871886
0.00815223000228715,0.00990173661465058,0.00411578710392035,0.000409761755705554,0.0028348644479573,0.00421394916037854,0.000549847766197851,0.00314850679080777,0.00481873714556687,0.000911135509106436,0.0104238400970693,0.0112305933527991,0.000353466917823331,0.00126312485313451,0.00790499390529201,0.0111720682102067,0.000503676194600825,0.000448522048341341,0.000770821850268409,0.00355464463260081,0.800187469638536,0.00124239259376877,0.0258535287778385,0.0427565716299864,0.00360548710922029,0.023743934771268,0.0016498219023517,0.000686360183611159,0.00301425416245194,0.00238871153885261,0.00167289788931734,0.00651626144408212
0.0113694508269183,0.0013451916864846,0.00100103745846472,0.00177126166511966,0.0105592390324815,0.000587517177221584,0.0219095065479872,0.000180719562982033,0.0962927543659784,0.00143296995272505,0.0119561463617366,0.0285647190243537,0.000367058434408312,0.00059402048738099,0.00261867736124423,0.0744238940690668,0.00761262384697727,0.00484443463480375,0.0262692636534644,0.0143088688275304,0.00246710524022927,0.639384991797876,0.0237148838704572,0.00232906856483852,0.00180883320267314,0.000195568210699897,0.000846643881487383,9.62508692175459e-05,0.00771383007086155,0.000528194203413926,0.000218831330543618,0.00268644378037212
0.0295146991292298,0.0322497860745648,0.00385266111229412,4.85485928217889e-05,0.0260444104792343,0.00243507596853219,0.0337381740582589,0.00656301904803918,0.0387059981694892,0.00042135634521964,0.000858319871742862,0.00141777819561545,0.000592886180694938,0.00305510837670875,0.00266969131213295,0.109241091674958,0.00184133394867333,0.00639606192649855,0.0275034269493062,0.00113612652403107,0.00163690935506089,0.00153881505070786,0.651994949272474,0.000852605578698909,0.000798734372244984,0.00385504274963692,0.00241941933634707,0.00125278521610342,0.00110199725374407,0.00355329608669382,0.000628111776218612,0.00208178001402311
0.0082180650046378,0.0145308196186956,0.00130251078805516,0.000364953109983197,0.000609044733958354,0.000340399305948925,0.00425135189071649,0.00219715483340049,0.0191272840287453,0.000338732498444815,0.0040471220413151,0.0060962701705704,0.000927716860644024,0.00130471970054797,0.00603937165201716,0.000491035136910867,0.000339285522790539,0.000935405758026376,0.00364071325885865,0.0122721453150273,0.0281055079099976,0.0120309398744944,0.00783402397841742,0.82524730953752,0.00801293285608428,0.0145236275899317,0.0018985702524063,0.000309412999253544,0.00731753075546247,0.000616469536682593,0.0058116798579615,0.000917893622493556
0.0348761579474354,0.0460915687570927,0.0169899771138794,0.00512256025007537,0.00684428391602249,0.00765029451818594,0.0486419744708303,0.00292941116161226,0.00648656941422652,0.00153820507046404,0.00373070328801696,0.001198653420459,0.000283808399106219,0.000142697160608481,9.40434268033454e-05,0.018584739207445,0.00400057376464931,0.024774487253904,0.00340913228732755,0.00406146332359213,0.00414612177380515,0.00279859780734161,0.00639340995047537,0.00445156971722762,0.71320416369568,0.0131856183002013,0.00327027718791758,0.00308926425819292,0.00163713218576851,2.70303353276667e-05,0.00290917883909761,0.00743633179722871
0.00466946827215781,0.0240422694797529,0.00213525322332447,0.00764585061697328,0.0107079936516269,0.00859827343284574,0.0129246572964206,0.00240850118719607,0.00777334035056824,0.00612137526507538,0.0124274060638228,0.00782861662084703,0.00257256252878094,0.00105762654292081,0.00679366542348229,0.00231867260595679,0.00390577495607023,0.00376372813067656,0.000815958996119918,0.0312518683577835,0.0159899396175456,0.000214451306512568,0.000839199675942624,0.00240282796262604,0.00654193152928432,0.801150325008563,0.00212913894305239,0.00243280670920889,0.00107859554320836,0.00579227661276758,0.000938803216558897,0.000726840872327266
0.00125725469722363,0.0307462309714226,0.00180427142140978,0.00318181456866443,0.00113573744772031,9.32340756928566e-05,0.00347957100899666,0.00201267376269047,0.0141163232334547,0.00682430844793021,0.000302386423382052,0.00819957664552342,0.00109496050029271,0.00343409326972131,0.00400918692411189,0.00441232001268928,0.000428495554821209,0.00037943402799921,0.00287794177498376,0.00534228515392814,0.00306872528896299,0.011101283152685,0.0053335792475137,0.007487411149745,0.00355513302039405,0.00803494132844759,0.838351621349691,0.00105495155813525,0.0159805100594414,0.000595669270029404,0.00878379493753341,0.00152027971476274
0.00264902113592104,0.00533150961732621,0.000329029548524691,0.0163798225412039,0.0328837357310875,0.00636921428260125,0.0195204957132661,0.00177648460239824,0.00130051674760483,0.0175734279903972,0.00280843693487324,0.0218675838558009,0.000650102120755748,0.00313433141445988,0.0101292265878152,0.00728701872868919,0.00292773518967874,0.000711020508757496,0.00161207549015487,0.00160843996391976,0.000739536293115942,0.000143304577106653,0.00472944295645222,0.00471690628743215,0.0038656497737957,0.0279162607363531,0.00275290957281583,0.781661579259679,0.00968064134508286,0.000822285346403792,0.00267995209724866,0.00344230304927772
0.00275588853278538,0.000153400519803503,0.000170702719296135,0.00247206686574126,0.00225943855148757,0.000178499766834908,0.0045371129071572,0.000433320211399347,0.00821683665502071,0.000717260253904184,0.0165351042143445,0.0102412612845485,0.000446271921756362,0.000210422722108104,0.00281810309745908,0.0186561500404678,5.24900633708825e-05,0.00135004513625179,0.00367455874394507,0.00309699567871668,0.0038996436145144,0.001860506467253,0.00262843455254141,0.0503046049998256,0.010935412927757,0.0321071508053867,0.0119455368569136,0.00613334074530383,0.773583552386868,0.00308132834303944,0.0212320726598949,0.00331248575430281
0.00330042449546407,0.00509238524735522,0.00250589565123623,0.000187774729279464,0.0109099458047795,0.00818830057956331,0.0192969277508137,0.00269946723232091,0.0015164505379284,0.00351367363146566,0.0133363309186985,0.00533223226108792,0.00330434268415196,0.000992052836211581,0.003110178157864,0.0150416725276051,0.000302912399406341,0.00114718006555916,0.0422507945422683,0.0228571970088373,0.00697848226273374,0.00420122933688967,0.0274631435469805,0.0159044086720798,0.00392554384996737,0.0102586139473789,0.0017919169918842,0.0143259626876927,0.00480968203958717,0.741452624073133,0.00354599189515725,0.000456261634618903
0.00629392721890883,0.00333368967988264,0.00365123913150595,0.0092167193800389,0.00275861847492714,0.0226369147234898,0.0190958579521516,0.000175676035273608,0.00464877836618816,0.00864913704419221,0.0158700116441255,0.00577862747553817,0.0030265551077682,0.000488384411816734,0.00551097904586478,0.0056031368663763,0.000889762050538139,0.000783074494059229,0.00817040778039102,0.000433144883216063,0.00793288013022876,0.00134052032912479,0.00315544060795668,0.0087252616449178,0.0102353396632139,0.00715659281637101,0.0083289809033238,0.0128098141060447,0.0048142302544968,0.000298243983375741,0.806234934533647,0.00195311926104656
0.015021561208017,0.0236249309743268,0.0072585711537443,0.00885612279472403,0.00166301638739493,0.0133022132038592,0.000205944671447173,0.00399373087248241,0.0153322108097737,0.000592078377419982,0.00170304183077164,0.0121667559083527,0.00188242271278541,0.00396249404713534,0.000140294244104654,0.00845246703737775,0.000446951419401271,0.0167415046047446,0.00708904874684287,0.00161596257777135,0.00832522727748691,0.000583609378756189,0.00828582838033585,0.00346265498470387,0.0170095841639633,0.00422396677759973,0.0036572291316842,0.000354396750605223,0.0058817991400987,0.00240493831791109,0.00215439083087027,0.799605051283508
