0.755482959528219,0.0139281514160446,0.000432896758950601,0.0116490108214481,0.0115769873168366,0.0278830757104183,0.0155639910092377,0.0041202186037493,0.0286394929040631,0.00364998285397647,0.000849331047512755,0.00261852982627164,0.00065152935758118,0.000369045470036854,0.00304822982401137,0.0432795356316664,0.00949842326407558,0.0114583745070073,0.00290496506124658,0.00655958078745506,0.00413679173373154,0.00260856070982061,0.00141312605246625,0.0172794999013847,0.00674205058363062,0.00445729494974016,0.000104783524023751,0.00400835002238304,0.00153823776543101,0.000159653425425787,0.00227747757766923,0.00110986205448504
4.16695540419555e-05,0.479339909738647,0.00255880813780691,0.0093158838921058,0.0194367955414558,0.0691466257450077,0.140892491197531,0.00822474594612667,0.0476696786592436,0.00331831262762373,0.00336585601675832,0.00198941322204772,0.000361376894343668,0.00221542955365258,0.0003766784163332,0.134697804515367,0.00344868835852782,0.00479413746683348,6.16569134016168e-05,0.00361268766785886,0.00274079421763872,0.00667408088355395,0.0122268547372967,0.00543106819423598,0.0258981081811392,0.00270009300112299,8.82771008391083e-05,0.00201667093085229,0.00136833559055009,0.00035181454685536,0.00115441520371128,0.00448083734749
0.00933637161505379,0.00259610290681145,0.697874650122355,0.0373457564148704,0.0491827008423582,0.000319139921247395,0.0341360671313206,0.00348662577342426,0.0100910804966275,0.0240333768211623,0.0210261996213897,0.0223855749055687,0.00593615073799855,0.000374669268765207,0.00068626431700277,0.0164502317002667,0.00111023600887675,0.00926323097664211,0.000966240022658137,0.00121120011084963,0.00204756970961482,0.00036459055587331,0.0080256428704067,0.00237855640924001,0.0140637473435641,0.00663344790972723,0.00134385578886606,0.000696167231870282,0.0142004254273566,9.51879603004776e-05,0.000308957114107061,0.00202998196382427
0.00026239790680907,0.001085935657496,0.00200581679770415,0.593393397591788,0.0632438718225597,0.0362368848959063,0.143671807200769,0.0134709506135717,0.00357342032855692,0.00422496415241584,0.00226035139389993,0.0335043972874526,0.0154545774026779,0.00218009163776491,0.000943970194945792,0.00874490346127677,0.000141512756673457,0.00379946487959218,0.000515492269016716,0.00158125547907123,0.00273268916791571,0.00316472411444826,0.00675937827967728,0.00355368823576427,0.00365084494691284,0.000345807641505072,0.000136707383732539,0.0340043940022097,0.00769314581591967,0.00039341560688924,0.00708415875932949,0.000185582315748196
0.00287206001904355,0.00264029936464798,0.00238535944966047,0.00220216338528335,0.744645074069578,0.0225279780541596,0.083542298011163,2.84980564472192e-05,0.000825865681448659,0.00378737410838262,0.00692475610944343,9.05298235337505e-05,0.0011408193516296,7.24497740045743e-05,0.000781235654807583,0.0202000250138539,0.00056523261757623,0.000662585747606601,2.88280367336274e-07,0.0160761117974301,0.0218112546175176,0.00187127242759897,0.013357798853507,0.017126163378287,0.00253633735355938,0.00265610982750121,0.00601154504232201,0.0118282212614442,0.00295623997685109,0.00167241204374993,0.00313501219240888,0.00306662865518578
0.00783038743933448,0.00151382221436889,0.00155985107145389,0.088343762219733,0.0094378809272962,0.585831524855122,0.0459746127666743,0.0792864989132461,0.0145363173609131,0.00747906197839999,0.00767287214218263,0.00267790527026069,0.00545909523327569,0.00035512584810689,0.00263819842505706,0.0398054976740858,0.00110839325049567,0.00069268179732431,0.000440223476998237,0.00165289305816881,0.0102309890241625,0.000737200826053766,0.0439871682906859,0.0141354350871458,0.0138842429684936,0.00167316829272401,0.00200332604721522,0.00256292154661865,0.00138155648131492,8.81519175814449e-05,0.00297096218635058,0.00204827140915549
0.0207803097736583,0.0052595019099072,0.0035147288316502,0.134212313712149,0.0348131774502045,0.0223811302614114,0.381842643810055,0.0294779550582601,0.122165168858978,0.0149009122924706,0.00270462874647755,0.0030737095348019,0.013449271131949,6.46251543777579e-05,0.00252397116161195,0.0214435540843853,2.12987789787241e-05,0.000535388248619624,0.000562391457332247,0.0135412876244424,0.0369101247350382,0.00328982521926738,0.0725587707786745,0.0349209667977468,0.00904810448787313,0.00147093654338667,0.00223404333372977,0.000539840900499469,0.000869750648095477,0.00208911549685477,0.00402358275445767,0.00477697042265537
0.000759712823854905,0.00449882800045832,0.00249120632167623,0.107749871582831,0.044637840313784,0.103486114871131,0.0321621868723803,0.413177807339332,0.0761948979463746,0.00284808477364739,0.000587437203061363,0.092063239071172,0.00215976796702569,0.00904449500745354,0.000399019735817412,0.0237496652019287,0.00201643625538471,0.000512001219176089,0.00087605588965295,0.00340572496597952,0.00136442319311959,0.00776466097003395,0.00290166027538627,0.000334161157952136,0.00207726851423243,0.00116550451476489,0.0102951785205998,0.0132641504467083,0.035084316113597,0.00102679187588881,0.00189764843018904,3.84262540598717e-06
0.00428685645156287,0.00517024756031542,0.00257915010084871,0.0213256836999459,0.0290655916870959,0.0283424482027681,0.138343933898644,0.00176193934583558,0.524520874534613,0.00204773639458879,0.00149828207456316,0.00453115190287271,0.00340384798260841,0.000272001970266415,7.10509930457968e-05,0.185453400766904,0.000298461192495884,0.00221409598793707,0.000923839217208044,0.00142230078578898,0.00630873678879543,0.000815491037489155,0.0148112164857491,0.00407462791681823,0.00561895612362078,0.000407501709784498,0.00072941320829662,0.00105346267624538,4.97036854959928e-06,0.00050197053047503,0.0055436586332496,0.00259709977101723
0.000437983436513823,0.000216732627948824,0.000732372764385977,0.139839365846403,0.0478252236559655,0.00412863476490402,0.0302046815287637,0.0197485014949475,0.0282236866652734,0.509110249122296,0.00434973916236833,0.0808416379270635,0.00617282036239409,0.000979863932606775,0.00992530056057331,0.0152877744469103,0.00130624656601133,0.00195691894082621,0.00282847850571223,0.00323133186635806,0.0129949775428603,0.00182933441663045,0.00880398858372471,0.00385807503414457,0.000656094225820257,0.0145075983669355,0.000119401074998825,0.00923872706088798,0.0300102835657128,0.00100864462725801,0.00877845016323116,0.000846881159569733
0.00730565728746201,0.00190207373630021,0.000462014711214546,0.0343007469612563,0.0695128164585015,0.0351619261155762,0.00335219409812044,0.0174700073316644,0.0277430399647371,0.00608978506629281,0.585605006071716,0.0165892073428554,0.00376709903875281,0.00226273628564418,0.00517039320907704,0.00238527229658262,0.00055108960634734,0.000600895994090476,0.000595621420603861,0.00505901417667947,0.0122099028496449,0.00491759352105116,0.0138561035999611,0.00487347249758434,0.00704047107868855,0.0245724705425812,0.0107547997598585,0.00210433538310629,0.0579054911687396,0.00285405559777348,0.0320756614252942,0.000949045402242563
0.000502681907268587,0.000845975309218067,0.00160576961756255,0.00175777897232846,0.104509855629212,0.0112822988484708,0.0667339570154074,0.00630350145561175,0.0102508053603733,0.00676522727279949,0.00592644477666064,0.586734335725576,0.00282708908023931,0.00207493419068292,0.00123837969006703,0.0166985501703691,0.00236518914251279,0.000177605857690699,0.00443204208848663,0.017531723208247,0.017692481291981,0.0040409718847643,0.0145451997953825,0.0142136847748518,0.00305989110004819,0.0185878766542364,0.0010561513528441,0.000222330413404734,0.0318664471802506,0.00495932157579653,0.031830529108994,0.00736096954866206
0.000770906046937583,0.00328717210053001,2.24984598520772e-05,0.00738787156887408,0.154348211058639,0.012065110737894,0.0379182333747648,0.000295783277170422,0.0305842122922131,0.0197085662625935,0.00758923294891063,0.00355152633616732,0.557103881446317,0.000992956224170978,0.0167006947497014,0.00635396582240691,0.00529029721474006,0.000740970449966044,0.00343949408941516,0.0113212941312313,0.0203388442643223,0.00396541574617947,0.00145770592907361,0.0137542867648803,0.00097927042426585,0.0201801272056013,0.00191548293729059,0.040119843305001,0.0154037680949771,0.0014634568475515,0.000362969973469213,0.000585949914892153
0.000371675101027136,0.00106657024030788,0.00896514373195117,0.00280995630336991,0.0148292151590397,0.00261282501399499,0.00679302496811268,0.00946948724527279,0.0189612154953782,0.0216012100770932,0.00935657695823813,0.00964775380011052,0.0196667603811882,0.71382050948151,0.0565324938262318,0.0130885771931798,0.000633546442072859,0.00218452459613745,0.000905784221940086,4.98041689890103e-05,0.00840495858132006,0.000180446462975485,0.0126886296090445,0.00895915818296752,0.00818476914853864,0.0105369389688178,2.00365431088272e-05,0.00035932149569117,0.0221278080317096,0.00180348075813673,0.00868647642240608,0.00468132139013757
0.00679574080486079,0.00388719056028814,0.000665918461343891,0.0122929507834875,0.0182919285567099,0.0284641633133558,0.0850220782664121,0.00178979630468996,0.01173779648328,0.0154613565260573,0.00390258503379959,0.0758646801791632,0.0116252047766352,0.00169906914909081,0.639663268395872,0.000930357873330939,0.0100107518924776,0.00352681505529356,0.000248267049804367,4.57313921299092e-05,0.00301307212662994,0.00485230253416887,0.0100134439393812,0.00490655797285696,0.00171613569266291,0.000770343547419501,0.0017805085109593,0.0176160475328926,0.0194933741679574,0.00303482752512643,0.000196014284636405,0.000681721307225795
0.0161025672087244,0.0148410641176086,0.00782031978188743,0.0230193317389303,0.0573159222258988,0.0266451457766271,0.213778295982006,0.000365832414498052,0.315654119292812,0.00464758944685815,0.000906179376704792,0.00732447315685273,0.00341292765602344,0.000209414077359479,0.00120544047831382,0.254755901710586,4.38677908545618e-05,0.00049492887968514,0.000603960466509842,0.00452164908567943,0.00319750917703157,0.00475405837036352,0.0188997576201594,0.00711325195885754,0.000212068066966219,0.000134637681255771,0.00160243278287975,0.000996953508191273,0.0012705473603464,0.000498145973822848,0.00713484627564845,0.000516860560057217
0.0211781682297199,0.00113784795829307,0.00204918457150227,0.00185776408559972,0.00727462197637607,0.0157451906316346,0.0378142659323665,0.000405839058291002,0.0433677950860194,0.000755013676482685,0.000690687537407974,0.00322652451850863,0.000448827479241145,0.0013079564267281,0.00305963079299001,0.0331492052493899,0.731165339933841,0.0151824567769711,0.00188533886937314,0.00312873231096587,0.0243068612506913,0.0180691303984808,0.00110936850746775,0.0104370128639349,0.0093207963003809,0.00101485033788672,0.00210084252691433,0.00118978402077554,0.00631078172676479,0.000401054521622419,0.000299031212208422,0.000610095231169743
0.00880997543733026,0.00287508090405232,0.00315061928633839,0.000366328031937275,0.00967668540820424,0.0200865983953051,0.0377830603267804,0.00177181842362427,0.023534384294988,0.000280260415609974,0.00462731691495452,0.0102405724759505,0.00293792219145002,0.000511324242297328,0.00109816042734457,0.0300796277252228,0.00404981309601182,0.666733900034172,0.000812084781341433,0.0272135609620753,0.00839589938665199,0.0224851863699813,0.0156228615505696,0.0211608957023966,0.00154941501226568,0.00055651818488972,0.0171044587988721,0.0222825871122249,0.0193307507715653,0.00541984127927023,0.00129579630907985,0.00815669574724232
0.00024075116296701,0.00177533393367155,0.00158720943585294,0.0018829978146534,0.0275127951389837,0.0173978616005633,0.0956298028408253,0.00401987674329052,0.00138735115276215,0.000358112204894642,0.00233843693084075,0.00643693461676379,0.00287976095043983,0.00172345380374169,0.000561651600145397,0.0324269047664815,0.00398152998345247,0.000226815995414357,0.667562692461802,0.00273259907512674,0.0176004012686165,0.00679352086355706,0.00824086309353898,0.0587467545207102,0.00435638302294363,0.0105290568525188,0.00380151732051699,0.00319816046260803,0.00559895726745207,0.0011245059820197,0.00484526765836454,0.00250173947448092
0.000805543931177442,0.00146148327396084,0.00412838204184047,0.00135797865056574,0.0194206327641462,0.00638104052861655,0.0325689134452211,0.00676707690228962,0.02224451355502,0.00662158808945597,0.00675871795958551,0.00513895946265199,0.000995237655750054,0.000390184509517817,0.00199323395698527,0.045671570576119,0.00274756875672735,0.00170105781674847,0.018112876269319,0.642404183355079,0.0490835840918832,0.0114657567277846,0.0178589261264,0.0132819824601192,0.00375140703914244,0.0275917151797127,0.0159740133650375,0.00438993864923477,0.00348528666442736,0.00872505793714598,0.00897968041569476,0.0077419078426403
0.0044707551807697,0.00207143684628391,0.000314309852206579,0.00236710557838775,0.00461049618818753,0.000426265646227323,0.0012702740842952,0.00257758176499796,0.054211131825889,0.0016934171715805,0.000683129107053233,0.00398985930768586,0.000471138139150983,0.000130152419958572,0.000178741702900834,0.0610151878486503,0.00103826863776614,0.00503138162372932,0.00128770864521929,0.0292732068365612,0.515830535019404,0.01800118764643,0.126974692081037,0.0337006705738722,0.0126909173910787,0.0447988142095423,0.0186993770621286,0.0036274080992093,0.00539339238285864,0.00588569679534595,0.0203817701764089,0.0169039901551838
0.00948231802675315,0.00340324587021326,0.001026540988915,0.00681636941183421,0.0094013352912346,0.00536665212711636,0.0081693596683471,0.00445553565135872,0.07067913194466,0.00334398862488829,0.000585623511493095,0.0139436058557237,0.004933915299977,0.00141303827041699,0.000811078345226937,0.0251574644858556,0.00796176371665146,0.00635599104026044,0.0416920157957602,0.00306032537080433,0.0093127377415112,0.584477100017748,0.132697486849557,0.000791908454641881,0.000556369704012808,0.000536137783907777,0.00598324006013929,0.0121454436556717,0.0122884798757581,0.000415167507803557,0.0090032687122489,0.00373336033950956
0.00455893350453459,0.0145138906263486,0.000380781253259547,0.00460810933483544,0.00193782024601462,0.00351679045498081,0.000469664197347289,0.00136121752839579,0.0244804775106229,0.00462694404181154,0.00180835427637578,0.0264762308743546,0.00149653229602396,0.000451466740808742,0.000516913469154601,0.0200561958395902,0.00369299162374672,0.00115036347664945,0.0121996864262759,0.0129511407788826,0.00451118540776092,0.00994480271627348,0.798275737507946,0.00265764409266572,0.00216869052909131,0.00299418340060457,0.0136136931847742,0.00463959699518601,0.0113719583644773,0.00171862748034746,0.00631554033056072,0.000533835490298757
0.00052528847321442,0.000491237174917393,0.000332626110723513,0.000924567769757825,0.00786358895942529,0.00267586192583077,0.00215798230902666,0.00282629386384171,0.00956497215456999,0.00176432334859372,0.00496113066325781,0.00758291012047665,0.00248767486576378,0.00016313506525034,0.000321177487629317,0.023011196149116,0.00314827440404044,0.00218164301488525,0.0466528708353231,0.0392801530865035,0.0556933008513849,0.00506673265158425,0.000240928481273198,0.592647054205129,0.00405658803935169,0.114654573242944,0.0361516697707657,0.00351735033731729,0.00181718478676514,0.00328992636621977,0.0142320891354389,0.00971569434967808
0.00831163313480414,0.0721427812777525,0.00584205133729889,0.0027566612646038,0.0118417994663471,0.00656252787144976,0.0342112235584521,0.00266735416036754,0.0864769927679055,0.000676742025983034,0.00202367921498808,1.30833602999203e-05,0.000794257906855527,0.00010964021281261,0.000450284839849548,0.037297359297439,0.000939694260727807,0.0263470468443147,0.000521478937354506,0.0709171384693783,0.016046335706787,0.0651649455718724,0.137849579033582,0.0367852991575862,0.309931185344185,0.00253967078042738,0.0200487624423553,0.0240052239897044,0.00367676590816115,0.00068386110081045,0.00385707925275435,0.00850786150278996
0.00229786851456731,0.000823735763230646,0.000544732182645038,0.00198654756449947,0.000584090150306694,0.00696315871947487,0.00166156312828414,0.00352889163342928,0.00480131990566897,0.00260196140435779,0.00307731856081494,0.00576500591837085,0.00249360644679329,0.000295447663345025,0.000138514312245243,0.00744507270048225,0.00152132054550736,0.00127430872653983,0.013409330801951,0.0369039071257054,0.0198102521316896,0.0364977350812321,0.0169392363209276,0.0357114754341097,0.00467955217493446,0.735753648766285,0.0140697490195824,0.00262809410355342,0.0123419574788736,0.000480148603714158,0.0178513876980009,0.00511906141887758
0.00432546762969146,0.00101412617319896,0.00250667020704509,0.00216843808708109,0.0067629960234085,0.00560941856777006,0.0124946892668395,0.00325937353819231,0.00658143017536615,0.00804551985192763,0.00635603920486117,0.000624057378747259,0.00755363429963555,0.000744075008315141,0.000284976197437526,0.00551888191166296,0.00064429474387367,0.00117799124243396,0.0293858719000352,0.101227523776741,0.0345283435534384,0.0262877056280473,0.012060400841272,0.0471448832757078,0.000389513697144063,0.106171881780896,0.486221473102192,0.00330304441259361,0.0523319181917214,0.00162939105779935,0.0220375571560472,0.00160841211887725
4.04485544429427e-05,0.000140733802123567,0.00271657570097123,0.00347353338261887,0.0232277788459982,0.0175168031465207,0.0288875120348998,0.02583695309266,0.0201253849705862,0.00609674643059501,0.0281717969324367,0.0351967548878663,0.00290551695182688,0.00280433252424067,0.02138357161742,0.0102432826254301,0.00216954210150503,3.18238474611987e-05,0.00812237268408556,0.00208095945128877,0.00663633728702451,0.00292859618491017,0.0012015530907183,0.00647435791334729,0.00413689557857642,0.0146351001366524,0.00231316013941017,0.664735820530233,0.0270346323233804,0.0142131979504649,0.00842755688354359,0.00609036839676158
0.000346974876330957,0.000809086471105986,0.00106869536609447,0.00237760495291152,0.0363401678860306,0.0122889196158405,0.0719667821040237,0.00553501780016629,0.00585019996858633,0.00612272257769143,0.00859046566714853,0.0212655582723075,0.00249190787531763,0.00122667954620116,0.0010085229315801,0.0328412171860561,0.000806459024871595,0.0013829034183853,0.00248575423380553,0.0188349285265347,0.00117472726182402,0.0125508609849949,0.0236337385001906,0.0274730960603283,0.00122486076014218,0.00514748067681737,0.0260040585924801,0.0167101024243257,0.640680687909039,0.00091987595319807,0.00352647868356027,0.00731346389210898
0.00703704075866258,0.00487263057267922,0.00125797427048513,0.0102863118980887,0.00868160739931582,0.00599426820439934,0.0360060848974781,0.00271374372839367,0.000752556800158784,0.00259775614727308,0.00750423120992357,0.000811168838959419,0.00149506571991778,0.000672874955775941,0.00291577080454608,0.0122151098643535,0.000678187687463997,0.001211889869993,7.42138766766842e-05,0.00132638413825317,0.021627491100972,0.0159857069612317,0.0100124121626697,0.0233262574563861,0.00821544426210004,0.00553384164910961,0.025959035834095,0.00541787017575814,0.00400204366625432,0.754339059980184,0.0141624537486577,0.00231351135978463
0.00192217033785583,0.0017170157896907,0.00247803722741292,0.0018486071142078,0.0292534130976219,0.0058022453447846,0.0724818918425908,0.00444237982807298,0.00881663769469631,0.00251858776039839,0.00718133706746336,0.0277257466969561,0.00127849260881237,0.000777722862610498,0.00155393294217452,0.0167954309953504,0.0014750831878144,1.96295508960108e-05,0.00390595929161613,0.0242547587405327,0.010286797994892,0.0084045200072709,0.0249079990053487,0.0181621103045042,0.00446173823657064,0.0549495859426734,0.00458360090625312,0.00780471134788929,0.0123659098257525,0.0014868645314601,0.626731894256985,0.00960518765884122
0.00515264614865011,0.0273783616507205,0.000780850332535003,0.0100480347240293,0.00124069205061569,0.0042752904123945,0.00130002343661621,0.00119998256809634,0.0202256506999484,0.0131781735339733,0.00825708533379858,0.0056651807538132,0.0125659777233815,0.00128813314636456,0.000614337786692477,0.01091353991199,0.00343192216169925,0.00391325785712845,0.00152811507669201,0.0337235992006703,0.0106655372044039,0.0820908492993903,0.0912661594009879,0.0308038734722599,0.019202471323575,0.00336628806134964,0.00885097193172765,0.0276820438063654,0.00747573545755355,0.0011245452189135,0.00265215591256385,0.5481385144011
