0.663524301195756,0.0089532436525524,0.0171508391098659,0.0206901198688013,0.00605975734179165,0.0284297133037636,0.0260739358281823,0.0445098451640556,0.019643583294436,0.000417548991876071,0.00329383044480039,0.00146111501275331,5.63214410875875e-05,0.000500599338290195,0.00203235305051055,0.0165731057410435,0.023717831093718,0.0300808619831012,0.00180871693789485,0.0026448624619929,0.0085521232100734,0.00510519328000993,0.00320910286004551,0.00903377770040308,0.00208899844381068,0.0343626593167317,0.00773754354025561,0.00352328679450264,0.00101620392557083,0.00037829832352585,0.00201735741072091,0.0053529699380766
0.000996627984998203,0.523993101631301,0.00802393313594125,0.00827586610017597,0.00039730904608456,0.0466133182969665,0.114280358147792,0.0257013294879812,0.0406022343279852,0.00297444358113413,0.0125575968206835,0.00618495279557173,2.2642907557989e-05,6.58473046486294e-05,0.000647406593686576,0.0560515525540836,0.0181715575682908,0.0131118391868096,0.00147656216242505,0.00583556787240274,0.0116266989266631,0.01577554592598,0.0080640023676723,0.00969723267950859,0.0309954288375491,0.0207410186345096,0.00597858574190119,0.0026371361356201,0.00192167956376714,3.6670576723894e-05,0.00189156104745848,0.00465039205612613
0.00723194370429016,0.00146982690990006,0.591900522255542,0.0153369267479712,0.0323009874081544,0.0326589899065805,0.132922179667482,0.00569841996821522,0.00297299864767681,0.00490900216498106,0.0130449686437267,0.031901686358196,0.00935639114676685,0.000275388327546868,0.00303999094207173,0.0203367245417726,0.00304371973771204,0.00632431131974054,0.000245944342461925,0.00251759716920006,0.00191497610881472,0.00201983375422638,0.00743882802760385,0.0175308104876351,0.00228024962535551,0.0209760925977929,0.00830492458162343,0.00615377668900711,0.0123666674934222,0.00122972238927821,0.00155588529353912,0.000739713041713317
0.00357247857328304,0.00323939425307922,0.000721968739137659,0.497361388123713,0.0218716813829445,0.00240384694560392,0.102032847319548,0.0279698693329155,0.0030856945639012,0.0097798629692764,0.0190552088176435,0.13493447570285,0.00459523707856035,0.0111663949687998,0.0079035994732947,0.0266819907829322,0.00278395469557173,0.000952616744476943,0.0037567834973289,0.00119634879185492,0.000247311867802568,0.000463188631698529,0.00360398746963445,0.00684189337186677,0.00684878416781564,0.0170709068146252,0.0174922433158641,0.0293161369659253,0.0217180269426855,0.00127929851937319,0.00690285597894346,0.00314972319705002
0.006454329478626,0.0124304923733522,0.000442233504570653,0.00128097489005919,0.691229537562729,0.0177801990936431,0.0229207058065725,0.00457833966157126,0.0203272210232007,0.00430422183853442,0.00131775458494526,0.0236384286444303,0.00697783911975039,0.000309133898272262,0.00389174761578924,0.0190802609282545,0.0146964826818987,0.000764340340424225,0.000308228226928426,0.00121571558154971,0.00783896342192244,1.93957819647464e-05,0.019902209357927,0.0304373957172781,0.00139201381472715,0.0378972604865262,0.0153900367017293,8.63823146186131e-05,0.0266995208644701,0.000163062495937855,0.00208598953189292,0.00413958265590422
0.000839678983702523,0.00213578196533628,0.00310679778946788,0.0344004847078146,0.00146049298498841,0.560048006161867,0.0119671635090627,0.0423243120814814,0.0975645060268009,0.0106486303482146,0.00195909321676017,0.00173903537264931,0.00621016626429304,0.00124665946697216,0.0046840978977145,0.135857293217713,0.0103413086027127,0.00233775989812861,0.000861732289988411,0.00048864352012016,0.00404430843862759,0.000954982958674906,0.00140255238665177,0.011104326553586,0.0132700525370311,0.0199399351209776,0.0083111816367779,0.00221106417820372,0.00327846403152988,0.00517566440709716,5.30293815410961e-05,3.27940635128667e-05
0.0257887591892421,0.0387307380275141,0.00144198354515604,0.0590950301361366,0.0183388723069867,0.0190343942846088,0.629161938792181,0.0101650812110516,0.00708243887338446,0.0227168442229679,0.00522873308817388,0.00415756926442917,0.0109947472701408,0.00211725515075369,0.00657355422993336,0.0164514889041646,0.0260435566079381,0.00612596334760527,0.000556582896940867,0.000947654396246999,0.0127755912710421,0.000725187895855914,0.0227135143435074,0.0160524221179958,0.00152611635090466,0.0143348986241537,0.00555213905215957,0.00487654691179167,0.00361407504386364,0.00196672931201287,0.00149665529436063,0.00361293803679653
0.00319758614434096,0.00117958681846239,0.0119943607712332,0.0141333459439598,0.066792146563751,0.0311570233322145,0.0460832754205227,0.526550757990912,0.0174803427700836,0.0237455130507546,0.00213854379289836,0.0751699479117515,0.000902169537854153,0.0136980942279252,0.00730387368257934,0.0084556539324992,0.000296969783131614,0.00046462947815573,0.0129820622317843,0.00130913406493739,0.00161237119118436,0.00124651694562166,0.00699002341487688,0.00538767074262225,0.0194723514916751,0.0270744571819458,0.019031451779936,0.0145468025438141,0.0299603865880832,0.00158270676408516,0.000639991600088584,0.00742025230631557
0.0101877504629324,0.0302213928696968,0.00696760178513626,0.0206813849128117,0.0297867120267932,0.0937469860163633,0.238770384883237,0.00621884577066811,0.383319306591546,0.00789169641620966,0.00333798990484405,0.003836337091666,0.00332978816996387,0.000311847124309097,0.000391940026740471,0.103684533875809,0.00443518722562093,0.0128067893217424,0.00107274452127831,0.00152254480862396,0.00268794250271928,0.00324507331938025,0.00634110930776524,0.00092802318814295,0.00673412817152707,0.00205778079153285,0.00095353559867409,0.00238806676920816,0.000229386086405227,0.000116574730168528,0.00406783049943159,0.00772878522905253
0.00166480519943942,0.00205415674652844,0.00159253379502095,0.0220389806623651,0.000838703064937331,0.0289578648338653,0.0165172134222778,0.0089977004813587,0.0174230641512653,0.523694507109632,0.0389314868920121,0.154827870986276,0.000791807512474415,0.00634077798570099,0.0104136678852327,0.0299336262261263,0.0003417717433709,0.000734808076125495,0.00246339410620404,0.00828711780744113,0.00126331510664803,0.00116450881713165,0.00370061599679431,0.00721335820656229,0.0120322572207322,0.0175829116142398,0.00705245719244136,0.00430492789710282,0.0600797688811572,0.00211649844930864,0.00289756196668442,0.0037459599635442
6.34811720799652e-05,0.00180180322557149,0.00739820172308074,0.0157759773028582,0.00591769526023897,0.064230609342009,0.00394086299709406,0.0390704226824836,0.0331630129057874,0.0179136035808601,0.33868624160005,0.0664878336352609,0.00457310227205997,0.00552210202532995,0.00928410587799318,0.0318231785164642,0.000682054062150029,0.00197930192762285,0.000271228517206229,0.016583742978776,0.00693116476415733,0.00293446347951655,0.00325742161766347,0.0342204067534642,0.0433412490951203,0.0814278621236714,0.015318682719185,0.00637187469595139,0.122475386159063,0.00456713057740726,0.00784322942504728,0.00614256698477547
0.00105082034291491,0.0022816963681476,0.00126488128386234,0.00872478559775466,0.0193344675979005,0.00821304058593092,0.0188808706403045,0.0053710677035693,0.00421263670532864,0.0210955134483147,0.00953723612778233,0.766641184490697,0.00524563424082146,0.00287209895248584,0.00211630327389399,0.00421381578047873,0.000250417856350497,0.000916571643564599,0.000928980837248302,0.00333213490526806,0.00654489290200229,0.000639951200140824,0.00397446832545485,0.00400834938114599,0.00221309336043311,0.00634202199235638,0.00323386316494389,0.0013475824692525,0.0782801407947776,0.00146808740014522,0.00535417662154538,0.000109214005183244
0.00532114611025109,0.00210642835319417,0.0137999791396551,0.00372897688965975,0.113930635835101,0.00489537579508669,0.0544306941896444,0.000519160463209891,0.0553862178971789,0.0415356475845158,0.010289216140238,0.00447911878130366,0.513067984162337,0.00374216865138946,0.048507845567912,0.0135580645345494,3.23584397304663e-05,0.00104784226439738,0.00432525122142011,0.00250480754432454,0.00736930611617582,0.00355715670139147,4.52125645079575e-05,0.01043588408993,0.0086032825562167,0.00604649877888321,0.00558183857475424,0.0172112922405394,0.037507251563637,0.0027745463455471,0.00299269377027311,0.000666117133044586
0.000147147380336218,0.00149917985960093,0.00160143976485036,0.017716850024425,1.6073298785572e-05,0.00849499989205989,0.00691229916378117,0.019875138071992,0.0004472587841286,0.023690208008655,0.00243831842281606,0.0199321590602004,0.0120381859076847,0.784267045239459,0.0436289075036567,0.00340172867096726,0.00160130958859078,0.00164099885452471,0.000250542577237792,0.0096413144871279,0.00129132500163972,0.00752748210710396,0.00438570119936786,0.00344662840302625,0.00149721166714927,0.00293643738192342,0.00235468547826915,0.00103467511661341,0.0091858592489516,0.00356385239911255,0.00332138558524367,0.000213651850718932
0.00289675711136804,0.00518826645265567,0.00705290696048354,0.00662896445881201,0.0111495326635163,0.00269746055650544,0.0433211972438534,0.00579178572502872,0.00184462102804258,0.0128851582056317,0.0261094485567895,0.153532957643569,0.0206033671597604,0.00321621860272113,0.596577784212656,0.00172518297581637,0.00017262657408972,0.00111691492219535,0.00224579488262268,0.00291211289572664,0.00540766128223647,0.00226668711324388,0.00365459036347194,0.00633116057125055,0.00794027853169056,0.0231754414857024,0.0022340381780408,0.0154375050395744,0.0184149595187116,0.00535658275010946,0.00074489123989529,0.00136714509422852
0.0226684662766392,0.0558854854944454,0.0161269866389865,0.0149847898387858,0.0809270520778995,0.10776612461115,0.424396606893219,0.00261166546706347,0.0759383181219631,0.00717866727466193,0.00285626144003894,0.00133566369887271,0.00194371962674474,0.000705773773355825,0.000842313892659346,0.13318744430545,0.00703737958842624,0.00766893536666884,0.0020636917244344,0.00335984964073914,0.00494457951723907,0.00237445497592703,0.0073005897243971,0.000200399961937786,0.00131217406583332,0.00251747722851656,0.00132301456459892,0.00143075273168273,0.00100729803044878,8.48831460852116e-05,0.00424652762975283,0.00377265267137735
0.0421506325351775,0.00249151475384637,0.00293390033040544,0.0253014552830955,0.000489267831842505,0.00688561854226833,0.00505136341713475,0.0141699492863433,0.00521093975729646,0.00357406288782726,0.00818351434116065,0.0158793690740676,0.000673427024868036,0.00160312114947546,0.00139379134955129,0.00367437692777885,0.723742873341599,0.0187221164082104,0.00018819930637387,0.0025816739722163,0.00643244124481742,0.0296677491180378,0.0109448434502801,0.00925663865630613,0.0204828143453476,0.00904657621396208,0.0015883991208074,0.000407195673325918,0.0167993111950861,3.87906153578695e-05,7.03754202500741e-05,0.0103636974258822
0.00243440186379289,0.00205590956197029,4.07352540246869e-05,0.00845361620358554,0.000437202218177621,0.000973201081273261,0.0194413537096902,0.0053455211071593,0.00797684878812213,0.00386338794915531,0.00485040324435715,0.00146217852591174,0.000413972111626378,0.000368927986922008,0.003215451662952,0.0130260471729274,0.0021898681198969,0.763996022193056,0.00242930504416701,0.0267019022464107,0.0257305050688965,0.00913762405273608,0.00127017098381936,0.041480789741653,0.0121005777590068,0.00959527792130217,0.000564016312374306,0.0244909922153217,0.000136087816466957,0.000289245416428088,0.000893370639651866,0.00463508602716501
0.0130488527730298,0.00976830565278432,0.0114504693960736,0.0102457415204378,0.00218238360192923,0.00742965882315358,0.0197787792420385,0.0240497806168925,0.0066495079623926,0.0131449430515856,0.0013074878865584,0.00762828388751576,0.00441575750498429,0.0022621660402886,0.00410563866768604,0.0163342179655735,0.000174542762653116,0.000958703690517745,0.800786180509661,0.00657827349188467,0.00222354966464049,0.00223334057017548,0.000640449609775728,0.00758758921299442,0.00241597321457844,0.000380314836499963,0.00325486913860796,0.00135227206577255,0.000501920280419354,0.00300685454932661,0.0112681714125805,0.0028350203969873
0.0018977418783626,0.00264274361851599,0.00257709118996562,0.00642944685389838,0.0165919282948019,0.00711749896584541,0.0212726743737691,0.00805849153407451,0.008036940945316,0.0052599007032408,0.00485560049131804,0.00931968095961163,7.89198885860454e-05,0.000514244483155388,0.00165470246647357,0.0174932091600706,0.00282953575803661,0.00271149467435063,0.00956256660719892,0.641073014946767,0.0167170154234168,0.00741348306757073,0.0144807149523584,0.0358536404052201,0.0025059479431918,0.0724298431666349,0.0319243846392903,0.00154086114738779,0.0134970371922932,0.00177014574067744,0.026881134551212,0.00500836397738757
0.00102382109811393,0.00477080043257907,0.00151471827216826,0.00326372444294906,0.0321057132593915,0.0229897890639413,0.0746536527447241,0.000665764658478643,0.0181846355914442,0.0021090736597299,0.00351874928028572,0.0244876112570913,0.00155833108964977,0.000304241430834896,0.0028123781140051,0.0635647380862705,0.00173047539652743,0.00708711156438452,0.00651119919437463,0.0281536476557687,0.558318443963465,0.000726356603433079,0.0483319593816625,0.00979423326758478,0.00388285419648293,0.0384426674611081,0.0180066198327415,0.00167158258801878,0.0105486699351915,4.93596532945668e-05,0.00537837064720218,0.00383870617710259
0.0152336251238114,0.0213475699699067,3.42387609889636e-05,0.00330307568889143,0.00919340354948526,0.00349455798902561,0.00465803333208001,0.0090413900587689,0.0734094460503105,0.00208212646754497,0.0216258787666125,0.0737312925455716,0.00269795282455377,0.00263563189257677,0.0023298235718946,0.0342255135743294,0.0501245495754378,0.0156837854513629,0.0243545263372704,0.00146108802766162,0.00335260448608862,0.56215506275833,0.0166054631654995,0.00782468231638842,0.00727326363834235,0.00909823118637119,0.00427527038785264,0.000322387233135029,0.00536073038058532,0.000219320909671449,0.012073101359693,0.000772372619957529
0.00549981523331913,0.0170857630188643,0.00035304753087865,0.00829863056773268,0.00275389796200049,0.0238888808496774,0.0487249998567947,0.0100920388305806,0.0106867648086125,0.00302948018262471,0.00357844956862748,0.0012501729145644,0.000117823238574992,0.000305269673092846,0.000159775162931701,0.0259007596283643,0.0240081551054411,0.00066421695676957,0.00675873838399843,0.00995833007431358,0.00797661863692605,0.00792465278495854,0.655393749675913,0.0403369057891711,0.000950333120061127,0.0304099797219032,0.0234133183796886,0.00170820355964629,0.0115037567677969,0.00139866396921949,0.0128776821574567,0.00299112588949543
0.00227918820001149,0.00306116979134629,0.00152868598072192,0.0113855517000688,0.0515131216229604,0.0308779559864397,0.0691015619108674,0.00663632734472466,0.00843593741528859,0.00415245491140848,0.00392535669060046,0.036420075233839,0.00124792146599822,0.000674858336470331,0.0016142060284518,0.0508272696844153,0.000842001490263619,0.0116724509923723,0.00711139207043109,0.0284957380885471,0.0289902409384512,0.00625738359002769,0.00778388400405635,0.453736620333785,0.0296297794450461,0.0847903769864972,0.0103177089706573,0.000579131347013384,0.0202934045057612,0.000110844591389368,0.0178512907264752,0.00785610961561255
0.0147007025471718,0.0698374370660678,0.016129416022517,0.00298936625550833,0.00301413419521181,0.0694308535942171,0.199670001069651,0.00227784214903296,0.0441354257172864,0.00082208519062692,0.00760815660810588,0.0135435536420234,0.000864832579240094,0.000236732080597587,0.00377238262468551,0.0193093176935659,0.0128302333547553,0.0240845890340276,0.000541840713988062,0.0313686870122579,0.010487747780167,0.0181001639811102,0.0766394604783668,0.0171805272851582,0.30816691710707,0.000628071125782046,0.00129716937047434,0.00939758005698541,0.00619782705584214,0.00478366837381963,0.00261413440725983,0.0073391438274262
0.00744842891022138,0.00721805595165252,0.00021216180835513,0.0120766029550523,0.0135959512777949,0.0139934132764638,0.0416597911878546,0.00681564941353967,0.0042975270182221,0.00940375057574418,0.00234814280016766,0.00095676210016013,0.00246318394121638,0.00117800302799351,0.00140045470316808,0.00953941735539573,0.0026624144340466,0.0057229064557114,0.00356719830168566,0.0315001128166156,0.00588210034925959,0.00160329296682208,0.000464833735646294,0.00562955371297241,0.0237109962397539,0.725192127031117,0.0143287274844281,0.00150439889773282,0.00752333231134979,0.000814305838883278,0.0205189559336068,0.0147674471873662
0.00134084757723479,0.00334050710486149,0.00376375197398985,0.00029863930198969,0.0223270551733715,0.005841993799169,0.0135207247760015,0.00678324925517034,0.00486141703207904,0.000671006704206928,0.0300594673905593,0.204913048722262,0.00217386592215997,0.00302988618861736,0.00113190053805143,0.0050108227959585,0.00012702630702434,0.00198777305089122,0.0222280180662047,0.0168318920314595,0.0415168972304814,0.00866860504185493,0.0511271882915722,0.0220426570279042,0.00804981443713782,0.00609977498477699,0.448040845252587,0.00298566485258481,0.0185013331133451,0.00994908338060867,0.031258603159176,0.00151663951670829
0.00564536969926573,0.00667913523578576,0.0026543799833498,0.00191400383748583,0.00167241627514437,0.00689650707687799,0.00169459469619365,0.00459569126070803,0.00366492433808131,0.0274974710638807,0.000811169546645613,0.242227752251812,0.0110547084722336,0.0100082003944967,0.0247292279360371,0.00519404148227443,1.59411237982711e-05,0.000865400537345488,0.00174641659262097,0.00479883821531411,0.00284988538735478,0.00233415102882654,0.00571331738472264,0.00425207766633992,0.00494673880543561,0.011130439940146,0.00721320829145698,0.447502489074408,0.136617619611792,0.00510911424933007,0.00752272087932062,0.000442047661515447
0.00800488800115362,0.00160926733736666,0.000112651696515572,0.0306059606487804,0.000632561099949197,0.0273476273780693,0.0208197266753082,0.0134031744020023,0.0224486020396123,0.0143629579788187,0.00614761563211238,0.0113198016730973,0.00242776559141056,0.00128789454724491,0.0042134111561776,0.00195741819655844,0.00123058612423379,0.000793174662853668,0.011210681555776,0.00294107950092607,0.00717509848808273,0.00277151069099009,0.00284412326151371,0.0564847416465977,0.00429727488705591,0.00611949895554755,0.00302344293010988,0.0367862696255402,0.611170696146968,0.00063294962310566,0.0836347811248185,0.00218276672170344
5.21599335070623e-05,0.000465606820045174,0.00396442361114957,0.00979519220262797,0.00525968249580879,0.00239514898831993,0.00416127655070895,0.00444358694864888,0.0179581399095201,0.00635949506829588,0.000261837425854085,0.0043066874933026,0.00216122084121017,0.00181436951740505,0.0036846102097488,0.0381488968080323,0.00188575904947085,1.0535328584878e-05,0.0050855456674636,0.000215732308617533,0.0282349458100523,0.00123667070408473,0.0058867060591474,0.0101838419603382,0.000528979005969013,0.00501632989255944,0.000761492673433719,0.000330031046532541,0.00293907115758776,0.809261695936103,0.0156361729778806,0.00755415559798878
0.00417787107470487,0.00396926882716251,0.00347447273453771,0.00578638027918082,0.00664843451473007,0.004574018119756,0.0339793058221684,0.00425681658523275,0.0234263211742666,0.00621904872955423,0.00323575923582224,0.0126151052759316,0.00114657470512766,0.000787702851527108,0.00477057742521055,0.00459676794280164,0.002841155033574,0.00141956897253745,0.0109809036596981,0.00378543200562185,0.0101032310933821,0.00145973179045749,0.00111837607397252,0.0405869589170842,0.0036649382451707,0.0185165698883161,0.0014478403212714,0.0299881987803995,0.00418848802854714,0.000449838631675542,0.744494594923233,0.00128974833734467
0.00245343893923227,0.0240612905210339,0.00581147967533769,0.00415401375696096,1.13773899672405e-05,0.0200902732308234,0.0656279022134204,0.000224658662102985,0.0259331093997773,0.00181335835828609,0.00901205413536174,0.0295861022772156,0.00340641092410461,0.000649394002580066,0.00566752330563134,0.0119133149993103,0.00934164672227149,0.0112738458228072,0.000281934522956001,0.0184063558304671,0.00804599495511125,0.0342109849905525,0.0321120671558377,0.015092993861288,0.0140122119200072,0.00334025857379741,0.00403523496340662,0.00112507696275583,0.0151887972653849,0.00165891512093392,0.00662875691150414,0.614829222629773
