0.666957457582351,0.00954436641226276,0.000700149249938526,0.0109452576266599,0.00638057486805106,0.00759345803380584,0.0018622775771551,0.0535201187730925,0.00913081607175301,0.0289886896696475,0.00285650716697178,0.0798631491789439,0.0165374886460884,0.00146245759416276,0.0045464178993361,0.00277143641787956,0.00758544115396493,0.000330730658196766,0.00116998526372652,0.00129750803628158,0.0158450448267966,0.000451596873237695,0.00507495395039701,0.000610099473596344,0.00965412996465785,0.00578976955229271,0.00279695851949928,0.0426033565942355,5.70317128551548e-05,0.00159624901978384,0.000945099375881934,0.000531422256496948
0.00731901877871438,0.343021478297221,0.00423043987826126,0.0103036872303483,0.0170679276188475,0.0372748231665441,0.00370370906161685,0.0179549953130471,0.000199776762656238,0.0399605120408567,0.112000971395393,0.130637252827628,0.0789073097094969,0.00294274503855422,0.00230182675129091,0.000356191374553619,0.000932262082107367,0.00571460287706758,0.00107011774581644,0.00675077980004951,0.00347988429182792,0.000278502132574464,0.00268726650983578,0.00150118560373909,0.00923191834394043,0.00316532712974663,0.019466014109215,0.107906396406487,0.0115543034559149,0.00081526986914654,0.00780783915579293,0.00945566524170791
0.000630427047071342,0.00218976411118756,0.108740592458303,0.026349186188732,0.00820122637551207,0.00312978439205538,0.0279406255694985,0.0255659525574266,0.00147935621425708,0.00867123143704613,0.148838320183393,0.267823836435072,0.114616893638551,0.00119919051152757,0.00113110133662039,0.00121467931950701,0.000391053815418188,5.82036488140533e-05,0.000192917919121268,0.00546355707911379,0.00219331292524427,0.000205486348222217,0.000691140029987037,0.00964221545797377,8.43375435358283e-05,0.00752480867855423,0.00902293764846241,0.212934774815415,0.000554907586125015,1.50303139621289e-05,0.00320639957399754,9.67488402932442e-05
0.00249956705125171,0.00226377425166442,0.000276537657158078,0.363850946468058,0.000256220082935431,0.0117865059277248,0.00690752912495067,0.00544384751303662,0.0203100135180954,0.152396703545615,0.208980495697515,0.0396314063032871,0.0515759217033783,0.00606352904675453,0.00371707455329957,0.00304477487796623,0.00635620381626218,7.01907135933253e-05,0.000605005473222787,0.034400088503554,0.000401386700262577,1.90173370450999e-05,0.00715715597853911,0.0291662960913423,0.00686712681843354,0.00613527299057243,0.00119718535879638,0.0226350511630399,0.000904529662170716,0.00117464628381274,1.65208104938426e-05,0.0038894749761685
0.00855930899725584,0.00676643578458592,0.00150353188292019,0.00505210818673608,0.369736794449498,0.0222526727350982,0.0525624055803849,0.00869055060611026,0.00726361440384952,0.0333727107607103,0.0507315130176695,0.159532133935595,0.0243409879283714,0.00624298845325297,0.00421824721018004,0.0136283478308352,0.000411676414737243,0.00173913787868489,0.003145231793318,0.00402373661704483,0.0101683065285243,0.0049380415488017,0.0166877148473301,0.00195006159959228,0.022344182442064,0.00322401831797126,0.0131735322814928,0.111687435532905,0.00892273376326251,0.000190875819954191,0.00363366829070377,0.01930529456056
0.00330945574712468,0.00740848591866576,0.000440816132329519,0.00230770851076703,0.0174298173804915,0.254662940862317,0.0659092653287445,0.0153868762442652,0.00629272212247471,0.0302269075167544,0.0935112101098214,0.208689853117111,0.0592733051076894,0.00169586292627861,0.00269290531832935,0.00545242196716579,0.00175517450430516,0.00136287195181622,0.00107839471446148,0.0150247939518537,0.00895167770261105,0.00212383948547179,0.0136786734555747,0.0170507303143249,0.000652077031117949,0.00498335046503817,0.00858721052459917,0.146820954416681,0.000439694583484385,0.000285027704143141,0.000535380722626067,0.00197959416156116
0.00442031024941188,0.00314412071713975,7.91154025204372e-05,0.0102661280717215,0.0206111045274711,0.00570483425058791,0.114870627571925,0.0391109460977204,0.0102435026287265,0.0578021622605154,0.187707138531914,0.144877251965811,0.0925398816645764,0.00590776171273518,0.00760731268187804,0.0133306757310064,0.00758209144216784,0.00300515096841355,0.00471583733161263,0.0168825702498671,0.0320100849166608,0.0138266068639109,0.0663055635298226,0.0135923980511533,0.00429826838401799,0.0013699393304661,0.0115680559547585,0.0912126754242196,0.00554981313925627,0.00113342610312243,0.00215811390697768,0.0065665303379123
0.00112295369263667,0.000561290372034173,0.00229077475767953,0.00273033188593809,0.00904740095471554,0.000829088833587228,0.001774491531671,0.444319768291443,0.00499273476270489,0.150510265479173,0.186114741666147,0.0075145121819716,0.0297912537534586,0.00760522640748178,0.0027611451071431,0.00507089315387111,0.00838196721268113,0.000205184064263315,0.00062026812481076,0.031160476794219,0.00146630263939569,0.000415269757063543,0.00361724493352915,0.0283980533415967,0.0388611110250694,0.00546450232530377,0.00264437627647557,0.00309665845392814,0.0025502247360386,0.00148181875890164,0.000153234546331119,0.0144464341787353
0.00298595901119998,0.00564457109217468,0.000496631005799513,0.0138261272533324,0.107722511819194,0.0105131451006831,0.0595283105696028,0.0811726535649324,0.302973140272009,0.0077895670701519,0.0427536937100213,0.0680039141392599,0.0225252506788357,4.16234601318291e-05,0.00012884714317163,0.0355790581522164,0.00298915089939565,0.00080868715919059,0.00210161367733915,0.00381643745442184,0.0410994565719501,0.0127715967508256,0.0524239481387703,0.0160505998167253,0.0281389030639712,0.00159133701315865,0.000580711789184107,0.0515473800988842,0.00605448220177086,0.00188277768403857,6.32686493390066e-05,0.0163946449883188
0.0154773802671256,0.00283890303055207,0.00321998187065606,0.0184745135668063,0.0593772922529284,0.0614921442216376,0.00133546152584879,0.10670929970699,0.0261917650314571,0.159310692219373,0.170697977151399,0.0826464407288119,0.00376355258229394,0.00721341378696478,0.00647612876980582,0.0350531278207505,0.0126646424504432,0.000369785207079366,0.00112263233892798,0.0539561788864726,0.00551886228326072,0.00411516080167048,0.0060943798997101,0.0796016499145512,0.000381721930680573,0.00212910948570008,0.00489835644616744,0.0482881656995426,0.0083918077583298,0.00429512270549945,0.0038504852467271,0.00404386441183599
0.0105830236523227,0.00102253671416502,0.000996370424429923,0.0183016850699083,0.00205012525585297,0.0288716469862158,0.00046469001572949,0.00063451006481846,0.00524353171193295,0.09287009207693,0.687865734279213,0.0293311743708208,5.48974494722232e-05,0.00187122191124635,0.00481552301863515,0.00424920667618142,0.0054138631919824,0.00207731124260803,0.000505518012315133,0.0150250559828804,0.0142667620730941,0.00454117502585986,0.00450992297826135,0.0310849412805033,0.00149440644505199,0.000550915822951045,0.000801139990239963,0.0176583356741658,0.00697474172087646,0.0030788973855191,0.00265833857347351,0.000132704922342556
0.00026765307521637,0.000510623287307618,0.000179482379800017,0.0368243508431222,0.0063609457677324,6.99351404183764e-05,0.00115654117996802,0.0149248641462459,0.00865871890939778,0.00141078380645563,0.0242223844011492,0.611730188300146,0.0316268209237448,0.00216787564693593,0.0115605623489836,0.00386523509145806,0.000265972266709294,0.00025386015740841,0.00028180172488132,0.00223016999555363,0.0150874396119154,9.81771495709388e-05,0.00705098987648627,0.00955017035606726,0.00065596412533925,0.000901737143543504,0.00381122005596396,0.200440199822764,0.00129661485331055,0.00100825636701332,0.00122628436653933,0.000304176878851978
0.0119716992761978,0.000478212461067028,0.00155444682163195,0.132470815066019,0.00848556959894297,0.0259014867390379,0.00418226368115778,0.0619251804528725,0.0522304174224863,0.0347786986366379,0.0245168323980518,0.0521855025415373,0.367729865404307,0.000905142201382175,0.011071255281291,0.00262733519984508,0.0019225573886252,0.00621824636527762,0.000604018299656614,0.00303368296986998,0.0535859786008942,0.00881460118851751,0.0372932647604512,0.021690242884299,0.00634378825333232,0.00259065876864503,0.00251100800500755,0.046183876668515,0.00765101740463839,0.00457197325593443,0.00320836623283103,0.000761995771039468
0.00174568683556654,0.000170973470374543,0.000604438665618678,0.0611685544879343,0.0114855783337424,0.000994300510750336,0.00207086462496278,0.0361374796444374,0.00712715245168092,0.0121662549131365,0.0115778802389634,0.338589969304146,0.0748152035171831,0.150844592994339,0.0178610463330405,0.000121489504242928,0.000193822809345667,0.00122020941399873,0.000179354905316181,0.000850662555991384,0.00621777273437269,0.0021096824361825,0.0102522711308026,0.00105052581344084,0.000663471554661237,0.00126710714632649,0.00193466337112804,0.231237366591665,0.00629339326753514,0.000675307647319044,0.00372709869863268,0.00464582409316205
0.000788392924355454,0.00215505974749947,0.000531138412232636,0.0025284653923873,0.000470482463946116,0.000148837457678232,0.00163771540478789,0.00232219084393003,0.0136823526279279,0.00335625808186156,0.0553554784656577,0.37011864455086,0.0948764127959643,0.0259660808897208,0.0848429930541307,0.00185087661163979,0.000600225300951462,0.000295627376003326,0.000572961705231624,0.00107541141581531,0.030548492493421,0.00102454475912919,0.0235389423274465,0.00704884161151526,0.00556982449169601,0.00265188656759186,0.00974656879465429,0.245222589558617,0.00512045063925526,0.0018053185079803,0.000134973814201631,0.00441196091191068
0.00235355019874279,0.00506795999659696,0.000897510925788066,0.00112281900932351,0.0544636338099812,0.0232864051916878,0.00561262274427732,0.0265542654135853,0.0333968806707974,0.0110273708076989,0.103180308996858,0.013964261720223,0.0177764428604955,0.000631889332631771,0.000252373240534966,0.564961229876907,8.5004137822353e-05,0.00110863125368905,0.0003199316347488,0.0102148493957544,0.021573191246576,0.00177193746577276,0.00511891634803681,0.0178991027660715,0.0270946934004252,0.000583727841331803,0.00666628648558576,0.0221968508456455,0.00998228639340098,0.000558541045962881,0.00204505816369431,0.00823146677935324
0.00124721789258931,0.007188850197437,0.000931706000689146,0.0081483047833745,0.00711026976107505,0.0126441684890534,0.0412676524827737,0.0109482711761719,0.00448226739084165,0.00695242255725122,0.0589293497925765,0.301254059716881,0.0638669633112637,0.00220041695282396,0.00524593686417617,0.00468307758828531,0.213142541821314,0.00168690826950705,0.000697301122267033,0.00560690797963026,0.00425918931090624,0.00240930967672196,0.0167185461640364,0.0150114589752415,0.00183085130147162,0.000896748849157197,0.00104392148926231,0.197989852379015,6.25448233809134e-05,0.000177432611875783,0.00107869011376363,0.000286860155185598
0.00231113823159534,0.00361684887383797,0.00092678159525572,0.071074020574091,0.0400730952564973,0.0129101276468997,0.0561145155918976,0.109761322740933,0.0208763248964791,0.0289208516976095,0.078794154982227,0.135635894530147,0.0302545504587211,0.000958516500993994,0.00232172047347544,0.00915917451762965,0.00351256396254032,0.154834370923822,0.00184354754930894,0.00293008250445733,0.0223221234395168,0.0181094677640908,0.0664389607975018,0.00763944652329635,0.00128456195611982,6.25107507053891e-05,0.00029747053866244,0.109976799288462,0.000935102914553629,0.000589860091239033,0.00350531599351274,0.00200877643392085
0.0182404798024422,0.00242110586023045,0.00273120763431478,0.0102251710422361,0.000101099684089055,0.00235274462550236,0.00240156098185282,0.00688783033926801,0.000507987492244882,0.00294035583800879,0.0482578172781767,0.283049087641537,0.0812099513607969,0.001364618226495,0.00491039172886997,0.00236676598896537,0.00603687107652515,0.00704821626588658,0.233563299253392,0.00379539572389606,0.0034050064230814,0.00931072978958085,0.00470937217159529,0.00130136329766656,0.00122681299620505,0.0207545694404424,0.0383605444945481,0.188642183049936,0.0076338462463811,0.000694206140761724,0.00187569220761992,0.00167371589745125
0.00505792092348634,0.000510559629836397,0.000549119962514038,0.00212782607057315,0.0128007629311641,6.03091108607039e-05,0.00285421522261717,0.00989659487495,0.00548985203062478,0.00272785422480004,0.0423579479561444,0.375315776316816,0.0657696241888974,0.000313825576330978,0.000550766533225578,0.00630770778822312,0.00455226506624503,0.00178139663412513,0.0038161736973456,0.132242989459249,0.0001167881485607,0.0133710787817053,0.00878628589383704,0.0019654595699024,0.000776721961503681,0.00277820618052242,0.00117552125445801,0.283715787472082,0.0031993208165916,0.00117375412645889,0.00628221021224937,0.00157537738409971
0.0174552561106648,0.00756624200314554,0.00471049399538039,0.0597864283320373,0.00167763056998343,0.0136053101597441,0.0236690190662272,0.0499857901480992,0.0422421102922422,0.0101577156075186,0.0763909939885885,0.149552219294824,0.0602299571206915,5.0536021969958e-06,0.00107513356988758,0.0138511747606644,0.00021535036790769,0.00622510858293466,0.00250373299213083,0.00713930774389495,0.230947804027336,0.017887274200882,0.0285039032419079,0.00130350629385048,0.00665187765099022,0.00509458665302474,0.00896925875736582,0.135094877116295,0.00272694610813757,0.00417087870947402,0.00333102958061767,0.00727402935135365
0.000434908245591895,0.000213264680447832,6.54427138117401e-05,0.00218061996530639,0.0118008851911109,0.00211364303765446,0.00367679250017677,0.0156264540129892,0.00251882736062687,0.00186718920585683,0.0119471054677755,0.340426087689018,0.0240343210282768,0.00136520493049427,0.00687313103833611,0.00163921817461189,0.00024795094306341,0.00164119658862859,0.00209787554495509,0.036022646146101,0.0134375644885623,0.145792983841764,0.0561976537973662,0.0525020495012877,0.00452367493963104,0.0130758138719607,0.00956552325402067,0.229043777255447,0.000667640111981541,0.000675129156798855,0.00425728397637435,0.00346814133997252
0.00225118194802012,0.000319476016551564,0.000108779948753707,0.0276503930221487,0.0168434538551929,0.000388564992185503,0.0206860125479116,0.0513961623176477,0.0111833446299681,0.00619764014215827,0.0123504442160374,0.110472681111829,0.00125988722806369,0.000321825629360678,0.00210470819492734,0.00685723081783099,0.00139344791905675,0.000271856805463108,0.00117606727182117,0.0156139864631983,0.00938124087820934,0.0490668117135085,0.5482005474508,0.017198866993796,0.00630550556820338,0.00431084371708837,0.00683320128431981,0.0657718744597438,0.000445880582046598,0.0011580408527252,0.002293038695288,0.00018700272614391
0.00298119119525023,0.000510116160756724,0.000455898389071686,0.000711336281006551,0.0134721587451821,0.000326543392761933,0.00512953997777877,0.00937982101974891,0.000232029687219395,0.0010282009071411,0.0107320230933181,0.307865600159735,0.0330393798020526,0.000334750768022326,0.000975567338554601,0.00145500094390444,0.00294139008283523,0.00129894632267694,0.00361863029586917,0.0342333539417208,0.00206620484894101,0.00270716209533154,0.00424722933715968,0.31132859092104,0.000176986949444985,0.0050599546591107,0.014020008215236,0.22499565309236,0.000697703175932856,0.000820808987805576,0.00301910762368026,0.000139111589350142
0.00370319425583465,0.00319365993562839,0.000854774192940624,0.0109457001930137,0.00742916996566351,0.0128931189369866,0.000588974926148046,0.00189426335993272,0.0107871619498177,0.0161824370235207,0.108464495997969,0.340979424908766,0.073357073014847,0.000382953974665101,0.00147086841104317,0.000399865079234311,4.66443778115458e-05,0.00126118371540751,0.000151387776574474,0.00433877769789693,0.0094598410928019,0.00175687462838432,0.0313246777985945,0.00875582768409464,0.0354375897819667,0.00503844003913373,0.00630058138439061,0.275542032454406,0.000120435129413655,1.71310120617265e-05,0.00556370382230352,0.0213577354787475
0.00217506298186187,0.00227043077944085,0.000384739937957797,0.0052485636080859,0.000408901936749451,0.00110753670625366,0.000635839202533655,0.00275101422123845,0.00941970086843047,0.0119014154109874,0.0877308217974725,0.147212542571836,0.0722185602504901,0.00137471655637833,0.000858550621842104,0.00922026502463273,0.00175040433208847,0.000354402525890878,0.0174312496534981,0.036853653998506,0.0295570329399558,0.00165885841768984,0.021162554707919,0.0431219272214722,0.000473802766522293,0.332965074592494,0.0475734593548605,0.0927734703943017,0.00505897725748366,0.000597978026411945,0.00574843993371293,0.00800005140100207
0.00227885289473134,0.00381159798995227,0.00164400563738155,0.0153524419046055,0.0137978324814406,0.00321578183598724,0.0293410455486022,0.0169020323436397,0.00278465111225002,0.00619621869047575,0.017458852032157,0.178044197610624,0.0199208789580584,0.000540799330771242,0.000231337932482407,0.00376470522394229,0.000138771071555343,0.000289236998953774,0.017043960675294,0.0402974306679808,0.0100842292262341,0.00250616810490106,0.00181442230876425,0.00814565044274986,0.000259731912368077,0.0281397884517686,0.442528526569311,0.123587354117027,0.00245311876236101,8.8517134162105e-05,0.00637509046856228,0.000962771560905487
0.000839711588862511,0.000946032312699449,0.000655798159538403,0.0595569456613185,0.0107473852162768,0.000274585828808236,0.00129324369430163,0.0219563705408281,0.0106143853694624,0.00323956560977828,0.0661102745003554,0.543342858288854,0.0797556282399282,0.00385881909854663,0.0202825607281711,0.00646507078787821,0.000783036898466814,0.000144721190888354,0.000482516996929642,0.00438149298867058,0.0257268723311822,0.000862879896831194,0.0158299086110447,0.0185082272509589,0.00180948991099304,0.00323502333023841,0.00881469961454306,0.0798739305380276,0.00277149559235233,0.00218766887757521,0.00308286200186188,0.00156593834382796
0.00107212336706354,0.000888497472015436,0.000398900761976879,0.00979841035809433,0.00153048726006647,0.00162307518333465,0.00878400307260863,0.00736514523012212,0.0126440043750348,0.0308080225961779,0.178155839012083,0.195779514318968,0.0877667388535349,0.00197248481459218,4.75855770510794e-05,0.00455568021478688,0.000188535118573957,0.00095275469675716,0.00230155085247541,0.0308760215387637,0.00805507859789269,0.000863118571259976,0.00139287833227009,0.0158761037141646,0.0043021195594614,0.00885999238581517,0.0275696944155486,0.157530081932134,0.192007553620886,0.000314750898870074,0.00266474965041171,0.00305450364720431
0.00238336270154187,0.00224389625532142,0.000322094220048707,0.00635683684535953,0.00953213208284743,0.00154860832153014,0.00329008915528503,0.000249605886572792,0.0153235237386158,0.00450786271355528,0.14003319615059,0.2242464446791,0.113565559810341,0.000106387419147683,0.00164035580968003,0.0127826372958202,0.00250015315385842,0.00167422282596584,0.00562263803313358,0.00953473148129059,0.0349740185968209,0.00320094236112796,0.0221193878361897,0.00165600667156242,0.00538979069799043,0.00288608142642496,0.00502750476580676,0.180919561025142,0.00530221190475217,0.174646551654308,0.00526857159054307,0.00114503288972527
0.00130721947849545,0.00111544432025889,0.00160447430612446,0.0176019540674317,0.00450231424012692,0.00297327838692248,0.000437789085398015,0.00772871427242288,0.0021733710077868,0.000580230809006493,0.0620784532152044,0.334445220146212,0.0779585055715515,0.00142452397465155,0.00632738771873491,0.00266107101741165,0.0017251933771551,0.000170915094072946,0.00299112928940645,0.000953543476858386,0.005875923358945,0.00393373894162436,0.0272043987853036,0.00563834967255418,0.00119342805364773,0.0047972072301956,0.000471139143254423,0.263886089791293,0.00298221012704656,0.00557585171605933,0.143026194500397,0.00465473582444671
0.00122963816830691,0.00174573870903367,0.000645037125949089,0.00481177752599999,0.0111074429679743,0.00703601351511933,0.00175122444275389,0.00240708644829589,0.00247643361064306,0.00990137039796813,0.0693305283943664,0.318597188201927,0.0430163886726733,0.000114015278649229,0.00310995974885479,0.00188490617751097,0.000100559589265713,0.000216802202208972,7.07952531883573e-05,0.00176948736652782,0.00129337316435453,0.00435888625433677,0.00684878158163667,0.00184774387291349,0.0240488303459301,0.00565498228579645,0.00449665795846872,0.247994081083338,0.000238207179792848,7.09588718022024e-06,0.00590633770777873,0.215982628881257
