0.105912836261712,0.0283165890212428,4.55171945549347e-05,0.0109294608701789,0.0295376170820176,0.0157210281018179,0.0711968157787091,0.020045727259191,0.00671211550627485,0.0232440261125711,0.0871825395259605,0.270979655017199,0.0749844975840853,0.00114588072706554,0.00476143864815439,0.00226756903547677,0.00126432037110804,0.00159609723373894,0.00121170188873235,0.0166241395861878,0.00226265536094091,0.00485445728052445,0.0158964947299604,0.00951610922103673,0.0192016668327983,0.000519754859311435,0.000339290982241645,0.167575648617469,0.000736210193844734,0.000449862932628389,0.000511128408230998,0.00445714777503452
0.00855392575123811,0.255775736762581,0.00124335304315274,0.00661003232504915,0.0408515055041179,0.0207374629144013,0.00712949311937239,0.000514466130709418,0.000129544308254196,0.0593832717236785,0.0255746199772708,0.311307750102732,0.0117136319354907,0.00622771038036154,0.0198327552524385,0.00340387877991978,0.0011669598774189,0.00570210141333395,0.000968934009190692,0.0152842424161213,0.000127096284252609,0.00209821741617473,0.00319569698758362,0.00824601544826906,0.00882396852745318,0.0010930208159283,0.00144817142455984,0.161755017662895,0.00136066656082377,0.000345696363137168,0.000864982467419668,0.00853007431467015
0.00387777209799453,0.00622468685293425,0.169645978398363,0.0147018915101381,0.00297441898027092,0.0173363064554624,0.002811062750616,0.0167813961614911,0.0369889522116779,0.0132897326952553,0.0666927675810391,0.131267862095032,0.0431318065234552,0.00157541110340923,0.0032202828237584,0.00520359647985782,0.00232265358350468,0.00217864514257965,0.00143998506145798,0.029376952320788,0.0531624078876534,0.0120105965452371,0.120787647018972,0.100217353765623,0.00203584211631538,0.0165447597008084,0.0179811160461578,0.102197881553323,0.00073523699717928,0.000211969798078143,0.000725891899514217,0.00234713584205186
0.000841889075014467,0.00119381470240964,0.000181527531303576,0.252168780098858,0.0115362635854763,0.0183979910950768,8.96779925950339e-05,0.0517944283415592,0.00349464296230739,0.0590627049253717,0.0934995471024147,0.250217934827931,0.0528978635097767,0.00105218515582576,0.00679517241590112,0.00316993229113233,0.00117303311380645,1.40918464253269e-06,9.46556502010012e-05,0.000643841441178024,0.00205643233553972,0.000750396809173042,0.00377115588388375,0.000555437481164546,0.0039862230981665,0.000912211736925649,0.0023904386512926,0.171579640890311,0.00168448460953535,8.88401403501013e-05,0.00280001938767492,0.00111742397320103
0.000289190836041561,0.000704413125313374,0.00176343647616745,0.0704641921966275,0.341718722476039,0.00211150192253731,0.0282472840976744,0.0431869185472348,0.0469265755212686,0.0625004553856845,0.0408590513040543,0.0533560484610758,0.0108614881860273,0.000622240425597889,0.000929111029999847,0.00238906429375813,0.00085135138008368,0.00258351033126447,0.000128506464689126,0.0361550264455052,0.0394423341026875,0.0137642445078603,0.0664764194996328,0.0714762138964023,0.0115387366345784,0.00279829677591069,0.00646324530937213,0.0355941226297891,0.000527127249119106,0.000100785332930647,0.0013120807058043,0.00385830444926847
0.00120838545390879,0.00558553076951064,0.001802826336091,0.0310099290966671,0.0759828841586008,0.149860715906045,0.0617405454804262,0.0306057655111445,0.107128725538665,0.0337357533402747,0.053372674494239,0.0666431218276768,0.020093443870683,0.00216835382148706,0.00121638964513826,0.00141208777083036,0.00142152364514445,0.00193239373261181,0.00017751267061807,0.0250865321140544,0.0405458581039253,0.0232517055392263,0.109392662665754,0.069986084243352,0.0150395252192951,0.00127682274754816,0.00376544030407454,0.0618251219097531,0.00115630246446629,0.000163663842129143,0.000688485553476197,0.000723232223182879
9.5027222700893e-05,0.000367183443058261,0.00456220396397987,0.0360048798755484,0.164724248308656,0.00214470551752587,0.0734035089067653,0.0628006544490096,0.109539020456767,0.0417242470632184,0.0643962055434587,0.037233058594304,0.0117308496566319,0.00112095373258421,5.16718666734139e-05,0.00233524036500068,0.000303305446730517,0.000837160525963615,0.000734512235780725,0.0209155572117899,0.0726204259669322,0.0229184517064696,0.126407293742435,0.0799895370237058,0.00295347809245074,0.002669798774039,0.00779971225576662,0.0459662307300066,0.000615564888503628,1.89461899999633e-05,0.00154537552461035,0.00147099071893301
0.000626950249953045,0.0015151210650209,7.96029685316834e-05,0.0823444374878954,0.0179264214591571,0.0165100207980914,0.00377928618470498,0.091623970060057,0.00339055718877668,0.0413146454580794,0.0533746764540672,0.351201094577318,0.050419016050696,0.000953340497777642,0.0100631122645428,0.00314348197583172,0.00156444926743188,0.000432467628510379,0.000172096674204412,0.0101075923060864,0.000314338693415017,0.00182166836529119,0.00173385824825641,0.00412042941744613,0.0111305838206145,4.22869386506627e-05,0.00026247504790765,0.232497480199895,0.00167613685024692,0.00010661950879845,0.00260087818617656,0.00315090410656848
0.000768877936708763,0.00132102579465207,0.00450582409788225,0.0143662455448296,0.0984164140781035,0.00708739578867024,0.0907263792051924,0.0816741634596584,0.241233269924121,0.00457709349770085,0.00416389962648966,0.103910562206934,0.00947475817552852,0.00160951189137224,0.000583516232057121,0.00115318170764587,0.000527639528126096,0.00178170953620882,0.00159823555786218,0.000894669024097684,0.050785103222804,0.0232208176638433,0.0851136036465517,0.028185775429488,0.0225499930745997,0.00034556374237658,0.00513170114268109,0.106083674385969,0.000332209792077756,0.000130316598922763,0.00268317818743225,0.00506369029941287
0.00151748598788631,0.00104435385989186,0.000661846183200907,0.0609473472000232,0.0151820527329588,0.0131517300603761,0.000187177360246711,0.0540665980489276,0.00361629678759496,0.232196317380831,0.125019701198296,0.241071921379747,0.0506310320509155,0.000866816456957781,0.0142856080972872,0.00356831660765855,0.00107012891829165,0.000416452028175918,1.4827554986738e-05,0.000706377772198024,0.00138715293372021,0.00191126012564497,0.00957659696282406,0.00265829416116784,0.00237181859799076,4.45600783770134e-05,0.000710701071376669,0.156309241504641,0.00201819651275841,7.15862614541145e-06,0.00153151629503282,0.00125111546386896
0.00434082721388937,0.00344023180937033,0.000584773000073895,0.16801525062539,0.0119797510939187,0.0336551035003743,0.0117609209110701,0.122735473277525,0.00126953603412489,0.0925809284877112,0.0298942861066504,0.236476682385224,0.0650189309611866,0.000745893501426616,0.0220412795817734,0.0107118948149106,0.00261481328509077,0.00139916903402227,0.000166032584509887,0.00554719068815186,0.000969120590756423,0.00346301122464094,0.0133596883330232,0.00235001698729523,0.00350349966586253,0.00147133618400453,0.000311164047647529,0.140896271328029,0.00450388615038317,0.000342830687915042,0.00194463579233819,0.00190557011170943
0.00941683285723941,0.00895227241544128,0.000402745786954219,0.0286623481363572,0.00935046137023069,0.0138097753086813,0.0513317828074947,0.0270722400695706,0.00283885745892127,0.0185527723586838,0.0550125929747357,0.21243338329654,0.0825564954242954,0.00765892447742285,0.0376668322271987,0.000540949939810015,0.00160597373796008,0.00248484525072117,0.000312496689976659,0.0142879391565807,0.0106514378371623,0.00455978404999389,0.0113214706072641,0.011412119673839,0.00162992175246513,0.0106592065674115,0.0393531849771601,0.29743854411057,0.0223155424125606,0.000803717408842178,0.00398303006506275,0.000921518792852105
0.00504248086048838,0.00342016715299495,0.000462749128291598,0.147897262239264,0.0258343643972538,0.0300402903080043,0.0433905502728393,0.13124532511731,0.000518047737253835,0.0525993709433867,0.0338860699142508,0.100047359114134,0.274038657628931,0.000702306316449437,0.0196249316110791,0.00905322255808714,0.00227751249860537,0.0021821016471224,0.000485148019332882,0.0153068157891159,0.00244049674380265,0.00220398063858798,0.0113266287548436,0.00905467834475631,0.00430861840129443,0.00663804747086417,0.00284200412328062,0.0533806984740076,0.00376543993889791,0.00106022946086561,0.00392663910822329,0.000997805286381026
0.00214858761482348,0.000293364102849532,0.00225287831656687,0.0960623228857932,0.196203998402474,0.00160066665783616,0.142627559198393,0.193034873394627,0.0232385587931912,0.00872410151633771,0.000692571163592828,0.0852435870837307,0.0292269919646882,0.0659522532057087,0.019046289024805,0.00286237812335425,0.00107336375849698,0.00179592233783717,0.000647184089043081,0.000692505703097134,0.0166302942483767,0.000239348039922278,0.00372075007597551,0.00938897251470496,0.00601474791407208,0.00549485096595886,0.0162160745227132,0.0529768556319667,0.00966409989709786,0.00019509414254902,0.00118803528769239,0.00485091942172357
0.00495560556282375,0.00467399060476435,0.00186194771631661,0.0539185321046013,0.00645550546255095,5.22075978157214e-05,0.00270424612824122,0.0335978130243838,0.00360833724795813,0.0382562309618407,0.0227571263435097,0.197428868962,0.007760624190129,0.0145579834453777,0.272036577663699,0.000991079697893654,0.00195295020167355,0.00145933075627522,0.000633941871935119,0.0238895333644653,0.0214576234613208,0.00469288789027628,0.0301420720610821,0.0340817988968031,0.00327454148293871,0.0231669728021506,0.0348904345785515,0.139086130795651,0.0101056469725797,0.00118699523168597,0.00362169481377791,0.000740768104927416
0.0135055366571608,0.031086232232241,0.00242591307681885,0.0038032504972657,0.0329848358291767,0.00338656915297386,0.0579359851174187,0.0101254166823962,0.0733070805804458,0.0278478694382106,0.0102961486820581,0.206628206755295,0.0203533359267478,0.00190386613098854,0.00253937824136561,0.244188553634025,0.000242172853337515,0.00394162411938279,0.00022645110783731,0.00392671815661432,9.03300583795956e-05,0.0173992593700202,0.0140407251038814,0.00509061036747377,0.0182685353097012,0.0129197932459099,0.011536954595265,0.154799405440064,0.00402029002319378,0.000684925047277309,0.00127307197838512,0.00922095458868837
0.00390245040417336,0.00563162935946915,0.000865750630633614,0.0127017435183389,0.0378451634433315,0.0101950619169815,0.0704818671860422,0.0360674819022602,0.00870712087978666,0.0428416141066663,0.088010398218065,0.19220767138075,0.0559049074052656,0.000988880317249225,0.00271183236104489,0.000388780790138571,0.123481055220891,0.0133819740850755,0.000656207398750497,0.0191977789615172,0.0149533763068443,0.00864727848012098,0.0564469226963124,0.0209390066574458,0.0207581742616623,0.00179279190661792,0.000639444010960531,0.13643157399401,0.000806918678243126,3.57924529162635e-05,0.000985337751981435,0.0113940133164535
0.000525306054681758,0.00134653262669529,0.00576306807897579,0.0209760765569956,0.0388417619463558,0.0270738443366891,0.0246918415016858,0.0643589165446543,0.00416764786726407,0.00919795654377473,0.00389038595804213,0.0872026420058203,0.00125238640937513,0.000952944209597365,0.00173971946829691,0.0052278716648795,0.0109839306596268,0.399249029319818,0.00559597510355816,0.0236413431490862,0.00938470525781859,0.0451334209462027,0.0654498684085639,0.0355290736851733,0.00837667787558664,0.00072341063785219,0.00626113165242358,0.083777087131768,0.000927416420651866,0.000579709653789889,0.00120405321365772,0.00597426511063918
0.00129410835891202,0.00469013561008125,0.000459284745934839,0.0154966485664594,0.000811021993236233,0.0436920900118022,0.112185317133664,0.0211110054473326,0.0642166003017821,0.0168863899738715,0.0375034622182211,0.122240610173811,0.0183698591633029,0.000430079836397281,0.0042873377426781,0.00202873504310318,0.00316912556626594,0.0146342348104023,0.1876250361515,0.078783298504937,0.011425755763292,0.00178872362653985,0.0091023135878282,0.0645370314826504,0.00997884193703775,0.0155662245759688,0.0199857535651614,0.0880111525024238,0.00359509342929281,0.00235239384352961,0.000333713443227618,0.0234086208893521
0.00378484488710494,0.00818151544854499,0.000179704018898397,0.0148278824503679,0.00744528570927575,0.018017090830899,0.0164856897143636,0.00927206839788298,0.000648136179768844,0.0030944237461221,0.039351348338777,0.220946331482344,0.0635973596743617,0.00112033409275713,0.00428086109315841,0.00088647624575441,0.000389772144484101,0.000659925744202763,0.0049119061789629,0.217413511885814,0.00992863910395359,0.0117604307162814,0.0412163621068701,0.00952976554785119,0.008224488620803,0.00550109722993777,0.0613690128598487,0.17574740822353,0.0316893977077682,0.000427654398071944,0.00185095712239935,0.00726031809884059
0.00223204196851289,0.00351563919791325,0.00079991468661683,0.0559512025096573,0.0154728000044038,0.000461009773017425,0.0101059137132034,0.0569347162297418,0.000726167415586836,0.00475702292252538,0.086293014247667,0.192429225744832,0.107915441351648,0.00117170429521634,0.00176957427395621,0.00159519904330049,0.00013293630872357,0.000721104728196059,0.000363158652759113,0.0248692043208262,0.177803232261103,0.000111479646011697,0.0119050631463361,0.0310195382019504,0.000915414161480614,0.00291826492674469,0.0196359425883611,0.165687302368316,0.00951043403410202,0.000656595206771341,0.00912125108259217,0.0024984909879258
0.00124941223031906,0.00792453026284794,0.00127488842031485,0.0405528320883942,0.0766190866456922,0.0194938147265978,0.140958355033046,0.103167755969501,0.0144415611232388,0.0224877428630346,0.0381893034789912,0.0208050777614201,0.0278632617966414,3.65188047233751e-05,0.000472402202194041,0.00174244620782378,0.00260654442856574,0.000280862306161054,0.00219712330376209,0.033749644917042,0.0135948606974139,0.267786280859762,0.0338278137172427,0.0447745185270778,0.0377010713551574,0.00090342661721175,0.000501470938398927,0.0184398165131692,0.000268059676460231,0.000634967259648085,3.86656529843493e-05,0.025415883615163
0.000897051212719089,0.00765587751123196,0.00259528697076289,0.0702217026937274,0.0767436122928958,0.0100567593800528,0.0867139066858405,0.123070548309173,0.0102348803915311,0.0223322665323144,0.090590450353531,0.0958141732242893,0.0710448292963562,8.55982971216413e-05,0.000378463416656857,0.00353354709433601,0.00101111840015034,7.63899109430749e-05,0.00127361217448308,0.0401077298109655,0.0398265024967654,0.0234512592598074,0.0476455773272438,0.0491186241243874,0.0231037155279135,0.00276804294501294,0.000779632159207503,0.0854861128585474,0.0016718570217013,4.50651282457473e-05,0.00320061481071382,0.00846519238137237
0.00718103884158965,0.00707681600931747,0.000282940508042819,0.0235106124383067,0.00200428563509323,0.0125870525958366,0.0188070098900069,0.0154082832584531,0.00537440910614504,0.00524483108871172,0.0472764053677181,0.183543316149157,0.0786097619554911,0.00308210747286606,0.00417240405458049,0.00089388262880532,0.00109774196471014,0.000808496144479615,0.00534485278150733,0.0104435902764444,0.00646944769000157,0.0137359444287443,0.0614263156632782,0.18835823860941,0.00936059122671641,0.00785612174495642,0.0849757160650929,0.148959204332039,0.038807799895425,7.40504753301333e-05,0.00101501133271102,0.00621172036903315
0.0047792522897652,0.00371002485531331,4.21983926441331e-05,0.00192986411147336,0.000369737719086156,0.0476216069687489,0.0377767723377491,0.0157308091446038,0.0079844931924155,0.0958704843794597,0.13297514214163,0.0453041882180907,0.0259794167358232,0.00259289652319347,0.00129217051173475,0.0272026006157452,0.00472171446575912,0.000165200018316996,0.00324508320846401,0.0151598914312578,0.00118475123929701,0.00614917434454756,0.0153117816693029,0.013616902656125,0.401490294908324,0.000236487444279827,0.00636888298660393,0.0403808080383394,0.000558660027698628,0.000358926309540284,0.000524366724602812,0.0393654163900647
0.00926994847786736,0.0229892431318013,0.000159414497727789,0.0013842447111951,0.00427739628930556,0.030950370398045,0.0640235610906471,0.00158056621800685,0.00408741016791274,0.0121612704939567,0.0117462090408166,0.209578891798336,0.0206828752638378,0.000942620413310169,0.00270593721188468,0.00124348276704087,0.00176534274746236,0.00162151499861494,0.000526203593362108,0.00973440838725341,0.0156768914903628,0.012502564920991,0.0309393915337699,0.014219547879662,0.00351154055069765,0.0773628619498411,0.184591139891277,0.193378489601461,0.0418670282923497,0.000340405078008086,0.0113809292217811,0.00279829789141524
0.00690663390096581,0.0121587162907808,0.000491556127430332,0.00113101652289387,0.00191574070656104,0.0128833943480477,0.0506484656944254,0.00361656210194166,0.00417671889084829,0.0193679117692048,0.0233858242402121,0.188316503664126,0.0120059149909479,0.00215639353697247,0.00286061902216235,0.0020294659435086,0.00134872581495681,0.00182324077084515,0.00068011997215282,0.000217231154560055,0.00458622123453661,0.00955967946745584,0.0393729438485439,0.010355422684513,0.00251979549636898,0.0241392865632535,0.336824863225343,0.183755546772032,0.0279248012652253,5.6256422995305e-05,0.0110992420187402,0.00168518553744785
0.0070256201345961,0.00792261953798482,0.000361554728448561,0.0131090711207049,0.00553195861837262,0.00808057215283287,0.038859714505232,0.0125061218799578,0.00308358757307467,0.00607641818707106,0.0294220405194606,0.244953030495294,0.0510380962915561,0.0057939691053396,0.0252501195345087,4.6659308674204e-05,0.0011394954057858,0.00160094807640038,0.00018644838609388,0.00717757172469554,0.0106606714128753,0.00439308709729274,0.00957302216750843,0.0068818332926478,0.000750433094233571,0.00698246728948247,0.042585545986085,0.422730301320068,0.0218992910932247,0.000418757506479976,0.00336403185658743,0.000594940597430189
0.00687465773649632,0.0103105439629642,0.000691262308178305,0.00101349646629471,0.00141554523769963,0.0116482007463988,0.0220283272935284,0.00343116124566975,0.0156101673758691,0.0277406340481654,0.102914337276629,0.156642838053577,0.031669750803795,0.00673640571896869,0.00817658876608079,0.00550333853293791,0.00261528224651853,0.0033660734597079,7.88726851683245e-05,0.013977265559367,0.0208694756549548,0.00732669256373684,0.0571141054239709,0.0348028108387203,0.00292551426748269,0.0398415116672413,0.169627532515717,0.185863147847187,0.0365125130945944,0.000249808799810808,0.011474022215299,0.000948115587270907
0.00628835535758905,0.00599418742000067,0.00318146208267448,0.0552300863523704,0.0516227904941663,0.00398978610406184,0.0353958031503872,0.0826579266247743,0.0185687138167019,0.00121422096258538,0.0218808994612315,0.0701380375048576,0.02242892083664,0.00567756642181496,0.00745910389414529,0.0121042948979308,0.00162338281467697,0.000989018208604743,0.0103016919437505,0.125200253398756,0.039606497491688,0.0242407591557255,0.0528032432919286,0.0495698854839473,0.00463033781075635,0.0123764474893317,0.0358375676805687,0.060817277148562,0.00862119523752767,0.161925073483934,0.00458902944584576,0.00303618453246449
0.00886863718587922,0.0242110667944781,0.00110766108065826,0.00896577379689161,0.0212761612291812,0.0175281542992442,0.0175449195208756,0.0220050487182354,0.0124776560251181,0.0276180679175204,0.0331383011479137,0.0953243661597816,0.0121979457401234,0.00553891306783106,0.0165803112833175,5.72821386796169e-05,0.000220429915640307,0.00170603392630588,0.000366263640800584,0.00774065867775381,0.0117031512685459,0.00708608570363096,0.0310012689085408,0.016975140699067,0.00067656069731903,0.021331043703365,0.0764030153314201,0.102119666041534,0.0293017171741545,0.0073937923389333,0.359949126143693,0.00158577972356661
0.00238899766385293,0.0036968529897369,9.64024782111254e-05,0.00885370156242903,0.0153063839638669,0.0464474917353457,0.028544085528961,0.0165468545924757,0.0062551940708864,0.101908117009467,0.238011380165131,0.0768436550765113,0.056687967994688,0.00180343454089356,0.000885218361399198,0.0229280064798227,0.00321160868921977,0.000334651380237695,0.00166232980287814,0.00653711633229036,0.00918888572863702,0.00671202630416321,0.0103234455347923,0.0102325405139706,0.0977070840404945,0.00167022400949558,0.00869013230931576,0.0677085131888307,0.00104680842383118,0.000598291923565473,0.000408521990076693,0.146764075614522
