0.755566106858601,0.0108587670696036,0.0017543372848728,0.00782305844867953,0.0107910738546936,0.0349768103117445,0.025344087783788,0.00894686660307304,0.0125585163763719,0.000545374352748931,0.000378131642456118,0.0137642342354964,0.00880112065924801,0.0021260721897719,0.00067425914721043,0.016377669540409,0.00839970229950378,0.00946197811686486,0.00193034821246988,0.000772732337834835,0.00807834577198614,0.0102004036725634,0.00192454166155189,0.0206475678875636,0.00671666429489489,0.00256557903647408,0.00180977206983145,0.00524612493882862,0.00177425497585686,0.000849945308860912,0.00689148529988698,0.00144406775625981
0.00105046334171762,0.486963526723748,0.00227164428005144,0.011420393585788,0.0195847366875475,0.094004107474858,0.197284151741236,0.0216678856302707,0.0238300145355623,0.000841895504895866,0.00339356806479571,0.00217976802632612,0.000337829784322873,0.00114331240799101,0.00112686999080464,0.0767370749113872,0.00683817413079333,0.00339911413867488,0.0044572768885406,0.000387720966458931,0.000301069850831598,0.00382215829930215,0.00167625464023762,0.00269637598688056,0.0119746596139702,0.0118776054669487,6.61324814516727e-05,0.00171544692636477,0.00132608648548145,0.000727644866132305,0.000852219593537542,0.0040448169730905
0.00424184305849411,0.00107206408048648,0.598414393918223,0.019169801137482,0.0732216424133346,0.0134661099473981,0.0980919014000896,0.0033546327017976,0.0279913661633192,0.00212909651296372,0.0108214314225106,0.00768919004924378,0.000179396947091856,0.00134451372358639,0.00624198402563348,0.0742092690167391,0.00208070870113839,0.00133045043204997,0.00467308033644478,0.000255288250370138,0.000173516635007817,0.00493971325898164,0.0049895896973066,0.000807454212220342,0.0111179278898319,0.00946988929654861,0.000976508661501226,0.0147782075999014,0.000696788530303009,0.000624096533173537,0.0010396130784745,0.000408530368351971
0.00040705143063706,0.000966917780338139,0.00272807157611391,0.657768530322932,0.0663649503209002,0.00122946983949056,0.0776261065722569,0.00932599691541917,0.0117826352683167,0.000989820606758155,0.000463224496006455,0.0486715186086673,0.0130840858291149,0.00387885329994825,0.00475905611688399,0.0164768506597695,0.000698823672434343,0.00136403733615103,0.00208792815478725,0.000151528009978704,0.015221031451703,0.00113638468295609,0.000547529934993137,0.00668038809552903,0.000297482407892658,0.0127999104658183,0.00452487082688855,0.0219994576948804,0.0143176314906308,0.000397945892101271,0.000450550287359486,0.000801359952342428
0.00465466624780577,4.80882332746082e-05,0.00348219045275618,0.0139952863018023,0.820838449721135,0.000165713807491186,0.0306806585103731,0.000871513997502217,0.00607586741955296,0.00258427952117478,0.00317590088835268,0.00619123747894794,0.000622792117028726,0.000496562599950572,0.00301292381255123,0.0371259396768519,0.00602748796205687,0.0028139752543014,0.00224007926462267,0.00998768512109375,0.0011434482705559,0.00195117601114332,0.0130400720587684,0.000600755668598695,0.00727289980188084,0.00260187846098643,0.00136122347949361,0.00882587048750511,0.00547150859900352,0.000428531990118844,0.000835989322079771,0.00137534746123974
0.00938192435963368,0.0048275962401082,0.00163751524284169,0.108759947989185,0.00176105092564787,0.540348374146206,0.0241579677493306,0.0651339087347465,0.0205563274753691,0.0108538287784085,0.038903236025202,0.0360610730858394,0.00346358545913465,0.00130575828703027,0.00637160886618442,0.0454576576125747,0.00347516743684501,0.0040297445459006,0.000319744953571486,0.00422762008233125,0.00789730516452739,0.000737002473940989,0.00912501613589197,0.00998609636928374,0.00198882379054709,0.02526337451128,0.00616486450894392,0.000263687108239452,0.00283663993298218,0.000804547117369879,0.0036002396731668,0.000298765217735443
0.0271480948111714,0.000610400032767832,0.00107463781617392,0.140205407429967,0.00356086252290013,0.0143808856003541,0.594585026012175,0.0213509186439243,0.0363232403417009,0.0252602761234294,0.0282752176923148,0.0119533156597959,0.00485786844959747,0.000642049695800525,0.00513913131292545,0.00716082108266645,0.00281170375904589,0.00801052307233037,0.000768889405109367,0.00368054795867039,3.79540714802626e-05,0.000561363088324887,0.0330139956002273,0.00395667452556111,0.0046062658397741,0.00414433610782383,0.000792332676655373,0.00138548654355029,0.000631910293308857,0.000519655249930502,0.0107644494153847,0.00178575916515827
0.000241773773111001,0.000851945578864152,0.00306240455889017,0.0462761584121131,0.0583439971542421,0.0304668751184711,0.00238884493036655,0.441816484976488,0.0446715203311655,0.00710716489585538,0.00764786294069604,0.160019706237085,0.00537060684341236,0.0127406523354895,0.00700558952133682,0.0141382965139353,0.000242994054534671,0.00166004051674254,0.000758247070310817,0.00365079234824801,0.00035102623309233,0.0113081301918105,0.000830380762458588,0.00158879329000644,0.0280853950977838,0.000855246365313636,0.0172143862064204,0.0153412998169228,0.0735030365100564,0.000865948337335211,0.00113361632894971,0.000460782748492667
0.0112139844259222,0.00628689724293119,0.00109742866734225,0.0209610847456678,0.0460069135701799,0.0424042830425098,0.190821358039676,0.00261488402162475,0.43888441506061,0.00345733274414679,0.00163162641296693,0.00805261159290733,0.00248415150016456,0.000355012388455488,0.000700829507630656,0.174817253174842,0.000150563517939735,0.00812320259410737,0.000127761726653591,0.000436306158507729,0.00168057382958558,0.000635344715554,0.0111373254479619,0.00426464634339634,0.00877732374506642,0.000868458568226193,0.000159920563960627,9.03120543083732e-05,0.000465900346410018,0.000104421348114895,0.00478804503041792,0.00639982787221233
0.00130371082367373,0.000243774830739133,0.000872156593411788,0.0357589942977457,0.0459041583854925,0.0297699571373483,0.00739806745139057,0.0076374125539809,0.0293787776822072,0.572154237780254,0.00615636767691957,0.07884379176055,0.000130162859140618,0.00114747203146125,0.0168776698053247,0.0269962946875426,0.000473988724975475,0.000821709570577226,0.000335352161817634,0.000472498759731022,0.0266308398141783,0.000878288302361866,0.0229267296217933,0.0255290780372835,0.00976114460683377,0.00140240868043565,0.001192541722734,0.0034318218359985,0.0416737275453098,0.000449905696762561,0.00287843922560145,0.000568519336423051
0.00300280982766575,9.15318901604217e-05,0.000291845098143308,0.00482459759793353,0.105835414818633,0.0276125821371807,0.0785276900897717,0.0109282014425729,0.020589212199955,0.0301305767949656,0.409220868119184,0.0523875122844232,0.0152297364922531,0.000435158310330911,0.0146514476421147,0.0229740071931536,0.0012620969908723,0.00233557392731754,0.000809228649134948,0.0116344700377736,0.0112726124177094,0.00850136103595645,0.0146243267157837,0.0151373905877789,0.00918387111892578,0.0040042231533798,0.00784858830389295,0.0038597464942483,0.100470492441307,0.00244633263923609,0.0088906707755116,0.000985822772731005
0.000992916422506111,0.000125485006672162,0.000479920960319089,0.0287606686158421,0.045869645581925,0.00928318154475625,0.0114879501478707,0.0156741820199285,0.0103667010549255,0.0514849923371858,0.0092911294786778,0.663897816493013,0.00329534706311357,0.000269781977016537,0.00180525439071257,0.0186169905319787,0.00168105352931682,0.000457898741156821,0.00178824965137114,0.00172308516301485,0.00993704507980633,0.000502064369348534,0.000512535093317848,0.0127104310828556,0.00843416936379227,0.0109812634157,0.00499155231705483,0.0124656275636516,0.0458277189773363,0.00239387808728546,0.0130926356971145,0.000798828241433697
0.00881949548030561,0.00296892396787847,2.44473087898712e-05,0.0380385128286195,0.068622585746941,0.0353658410302749,0.0124597491344446,0.00779271048225811,0.020186966754112,0.0307179374721092,0.00627375184630931,0.00327713890176334,0.575131384419974,0.00111504950406033,0.0655610900932752,0.00802484031566541,0.00144182854194795,0.00196777944903301,0.000149941109305059,0.000862865652013488,0.0139459470856699,0.000484313689309266,0.000114453616379095,0.0097328674097658,0.00764054409513198,0.010635757561829,0.000291995413168453,0.0416607018838091,0.0163800564170892,0.00182695297574146,0.00575524345627462,0.00272832635675143
0.00161762371101169,0.00153919646078756,0.0079133903965214,0.0051605925473849,0.00558788620973962,0.0106277173627876,0.00654294954162322,0.00942407044590554,0.00897899641804388,0.00878068001173155,0.000978798240421432,0.0143670414036614,0.0129360305890636,0.75107190392153,0.0597870234046658,0.00585463756534061,0.00116149986083486,0.00757122395792377,0.00180530764122394,0.00253496505316774,0.00223461002496197,0.00366657540136439,0.00100164612188746,0.00327630329683545,0.00811587355842972,0.00743346367753631,0.00188975483098751,0.00886535956142047,0.0226287828425554,0.00105541276184563,0.0149941550249539,0.000596528153851516
0.00308831344726312,0.00350850007080927,8.84154274614249e-05,0.0157684753028628,0.0180668472794829,0.0197148517895008,0.0179831023211441,0.00955686834078709,0.01037970323063,0.00317541472822013,0.0128274186578925,0.08388342859825,0.0215920906463355,0.0042123126284931,0.686507482325662,0.00283329238074406,0.00402249627447262,0.00420138469023649,0.000145523270537132,0.000933213526271672,0.00710311081298562,0.000428624071321229,0.0114025528623265,0.000542151293729907,0.00405023528659245,0.00241761174321307,0.00549899789377596,0.0283113459191125,0.0133381272664773,0.00146803765261493,0.00131006023546086,0.00164001002533314
0.0251390748733835,0.0122232499886673,0.00347411535444286,0.01763166172462,0.125918631890924,0.0369091136640885,0.315965645832086,0.00244754741696484,0.19042988585754,0.00316393962287295,0.000993357004285213,0.00296734448030479,0.00367065157701472,0.000783021957459284,0.00040510968981272,0.221716734179733,0.000298371611550159,0.00418407673469701,0.000305853958264325,3.46047929748335e-05,0.000895039746846735,0.000326414448276788,0.00794751743968577,0.0044790059013345,0.000325003889546858,0.000633326473554665,0.00124349083610481,0.00273843859664346,0.000510079368785268,0.000106361155309825,0.00795054575133992,0.00418278418088534
0.0114671423973529,0.0049539898481521,0.00192612778188388,0.0022229426877931,0.0170843089567125,0.00348310396347427,0.00461457237674874,6.09340502446864e-05,0.0490927927352971,0.000176653336526818,0.00018257773811867,0.0278472504278171,0.00258887159574028,0.000346001864469016,0.000101183036768286,0.0346006834664601,0.742582812269516,0.0126132720502201,0.00160839618670125,0.016888438413848,0.0037012520569956,0.0181241384410231,0.010213601915127,0.00653341534626903,0.00646909651400128,0.000575319712352169,0.00242715148079552,0.00889584339247598,0.00230265447156946,0.000224890981081616,0.00529333404002825,0.000797246464435779
0.00010972655409684,0.0034696447047945,0.000453662313712582,0.00717106610206804,0.000797857862638353,0.0443800028953653,0.0732222876088742,0.0105404795082682,0.032846818503248,0.000960553453937433,0.00554586133700034,0.00473025678762805,0.00138422865992377,0.00240228918149677,0.000689878906723008,0.020841406022702,0.00641700849950471,0.668354097813895,0.000124394350593301,0.0293213769094117,0.00550116362306529,0.0117127554035054,0.0171754751335936,0.006701711643524,0.00741374315134176,0.00428163193115206,0.0123434915954932,0.00826617905268763,0.00231308815908079,0.00352820595462066,0.000130137706184968,0.00686951866986797
0.00656493996908647,0.00213120973103443,0.00230423474252239,0.00286297194519348,0.022700703824224,0.00962242079800363,0.0396251775974856,0.00195968895706464,0.0309285523755345,0.000110639891960992,0.00047347427358304,0.00471890576533886,0.000974701650808464,0.00205935561735803,0.000985950414054801,0.0474582355664583,0.000222170298973387,9.41107461492462e-05,0.674412747963063,0.00938847136755091,0.0157943854933269,0.00701495131254344,0.0163977929496006,0.0509794999103223,0.0125023062537973,0.0183500467425416,0.014602305289754,0.000180892935007287,0.00059837811083806,0.00129696622556149,0.00167387233418433,0.00100993894707395
0.000716050494872946,0.00118021041296002,0.00209849142291442,0.0098788869842799,0.00506677595568682,0.0245308078433566,0.0406090519987528,0.000151864235413704,0.0106732856768214,0.00135988270621251,0.000772966854505876,0.021086052479781,0.00220466529025087,0.00105961827625333,0.00210624970290838,0.0299711070533925,0.00269127988787039,0.00244824207590675,0.00903418846869476,0.647440263322487,0.0447024564831517,0.00925815827995905,0.00422946285617462,0.0041798825793455,0.00330444158122346,0.0506043919119018,0.00951017577784881,0.0148563158573222,0.0165216941744635,0.00631767827936217,0.0198468349737036,0.0015885661022213
0.0045842520144564,0.000657567432251243,0.000755165515104779,0.0251938227355006,0.0103822100589507,0.0192228262542284,0.00348383778533813,0.00134183602907535,0.0201513444453704,0.00192351653912211,0.0065142754638919,0.0148608133460961,0.000867234723412226,0.00123204998329407,0.000156772816788771,0.0109291870280925,0.00448919409799462,0.00541757037073322,0.0031184319225289,0.0109245547733186,0.576620521284344,0.0232895984617889,0.0664081353768852,0.0198588312752622,0.0322088120765149,0.0416153385941045,0.0183545457314639,0.00275387814764871,0.0101782345974694,0.00283491801256227,0.0382997012691314,0.0213710218372756
0.0102396350425438,0.00121642782370045,0.000739910247007045,0.00767651662958497,0.000898000040942678,0.000906275696145948,4.78221412940513e-05,0.000379757082568201,0.109088085884041,0.00566778929140323,0.0097187142074575,0.00122289668444661,0.00163874512397848,0.00253157782621078,0.000590696363243685,0.0500076860346573,0.0102880554106601,0.0093258792638274,0.0211424384996564,0.00843637590713076,0.017654847082393,0.580377434917106,0.0497290853518533,0.0106442397661023,0.00262921442743983,0.0461683156950361,0.00991830537033901,0.00376695921252558,0.00476275409618042,0.00096031572112419,0.0175136051483271,0.00411163801107292
0.00624686888028828,0.00556358250402649,0.000416124022694126,0.00106425685955805,0.00286624864809809,0.00933955932152085,0.0153657749834869,0.000251660389008378,0.0509002323548603,0.000914282576928272,0.00174540414588649,0.0125659020734757,0.000782885036207812,0.00203963296899071,0.000753299905321732,0.0457216241015709,0.00250073502234586,0.00293880690199033,0.0105222100997787,0.025539073496457,0.000733128025366132,0.0038577402511895,0.730202037115841,0.0133478256802975,0.0027561546543399,0.0118076999978634,0.00466219431176447,0.00377614937645616,0.00927203216100893,0.0017326760615848,0.0188701970857222,0.000944000986071727
0.000919217505220092,0.000248928013256682,0.00033443987293571,0.024191142467819,0.000860649626278564,0.00798037273633179,0.00700764969211876,0.001106607666096,0.0121320303058849,0.00700317654082869,0.00970402953913934,0.0259231676966583,0.00138279908317676,0.000517004820855884,0.000495244453070204,0.00108398004293142,0.004332236088381,0.00285977182053864,0.0260755412216217,0.0286069404424178,0.0457024590284242,0.0202492843075475,0.00407804797263311,0.487802205489667,0.00443235205982877,0.156548777755545,0.0503692707683749,0.0110835706278589,0.0078828085593823,0.00130160280173015,0.0359316665118826,0.0118530244815639
0.0122647609911857,0.036585356216489,0.00238994171997296,0.00102844854796078,0.0362593877454579,0.0413489953182351,0.142016288462614,0.00475328685952557,0.0851987265499515,0.00103599846149162,0.00365377069928451,0.00514958301332685,0.00107312488308561,0.000317527807729406,0.000361080594101802,0.09106763730507,0.000569677233106518,0.0295796202810552,0.000125077582095298,0.037591320120854,0.0118807871056694,0.0173211623723578,0.0741470859531356,0.0260710756954871,0.295696021079207,0.000249590280273217,0.00889224245214412,0.0137312443713672,0.00501331017718203,0.00205141463319985,0.00373794388308928,0.00883851160429414
0.000121502455678309,0.0013563408291826,3.73680547642739e-05,0.00182270618262255,0.00266754803011537,0.00239195456547209,0.00767060852198127,0.00157964314334665,0.00870059469655056,0.000782724782323531,0.00345408705047608,0.0156417328804898,0.000790635055388021,0.000778229186935773,0.00040689519111271,0.00258612912670974,0.000117007167464159,0.000899531622085247,0.00900918404229749,0.00799652253465626,0.0112114087728313,0.00584984718375686,0.0109791826570938,0.0034150706661664,0.00623474302951577,0.799894959065834,0.0410116954387457,0.0103242372474463,0.00824769674546847,0.000157679452208125,0.0274772822800076,0.00638525234127366
0.00151096037247011,0.00104642647021213,0.000220700772768475,0.000512820780821583,0.0100157623431985,0.00927493469271176,0.0120845404800452,0.00110991720268512,0.000208548841625938,0.0013799754280072,0.00165502851875831,0.00858462842067315,0.00239550768087894,0.00038145826144547,0.00446956666835417,0.00323131714900424,0.000297160041353566,0.000576627443706928,0.0278102665712963,0.102340249639508,0.0219886260154165,0.00985485841211208,0.0111185621806454,0.0340162604911011,0.00535006716562462,0.154466054619517,0.529131573722404,0.00454481691333217,0.00842452085776147,0.000497662368133012,0.0205772619419133,0.0109233375325134
0.00185056243514558,0.00133747829070726,0.000288281946294482,0.00733289248698572,0.0380103598010749,0.0192346433205555,0.0498573336215374,0.0171089570980894,0.0247547647126759,0.035732997333769,5.40239542017662e-06,0.0427188149754634,0.0101344076533943,0.000322992760744469,0.0238422530676408,0.0448476034711285,0.00301638316448188,0.000883774123577471,0.00599179711291731,0.00341902316623759,0.00252911890425433,0.000912423480854086,0.00556631309036597,0.00292952723352053,0.00262029754634566,0.0343541901740325,0.00437039547074742,0.555096252820139,0.0448289934475496,0.00799823913393344,0.00809689944023511,6.62632018179621e-06
0.000443574473460183,0.00245336314860402,0.00367681376337523,0.00801839912520783,0.00493754922540622,0.00244414616963114,0.0108564147351609,0.00222845693609594,0.00451962447223363,0.00713888911384973,0.0165978187665114,0.0825443067963901,0.000869081884483127,0.000526876644908305,0.00106942127903584,0.00446855151400422,0.00661073421919569,0.00287458539879138,0.000444838613018902,0.00323222737101663,0.00178923558425319,0.00360225545067769,0.00878194141762376,0.0463470481603326,0.00456316531112856,0.00753813488749913,0.0185209192202665,0.093337908424214,0.634043170090518,0.00058557320267989,0.00728470480878572,0.00765026979164028
0.00258016616928,0.00105178513878003,0.00201458055679414,0.00649821811189535,0.0362759048264106,0.0157761662287142,0.0379111574764302,0.0021644811115239,0.000983495257973517,0.00275592548669599,0.00443333569306136,0.0285671923293452,0.00273617703011578,0.00350817136045494,0.00597069890573444,0.00574376621523098,0.000960458607683475,0.00169990658820606,0.00516963059581001,0.0169367092732637,0.00109264041271214,0.00091123817388632,0.0109779746333101,0.00557025396984586,0.00237517723265997,0.00456992832275096,0.00276449609042328,0.00155674763033867,0.00709792749482906,0.770190812639561,0.00476326349835848,0.00439161293791964
0.00146795598283191,0.00124405914679647,0.000927290492701508,0.01864226186174,0.00455011493027053,0.0113550661961631,0.00938173499587012,0.00254303598381396,0.000163664493047931,0.00962096993497721,0.00579698918493184,0.0949877439687949,0.0048153975098011,0.000206633675337423,0.00278818218590819,0.000406804827577958,0.00731529225009226,0.00128466010999797,0.00156528169722341,0.0413072899839849,0.0288549831825957,0.0102995589501125,0.00208970851910006,0.0422103661543931,0.00614281313637084,0.0195406692892701,0.0155140224800076,0.101217761838396,0.00607093894323697,0.00101752145111128,0.53798383981883,0.00868738682471279
0.00594420622225719,0.00622061302404399,0.000264018579825479,0.00270286727194528,0.000283233161967263,0.0219506909764798,0.0271867039969029,0.00245928562330767,0.0133775983101723,0.000597095611736486,0.000403059041013106,0.00682655261842522,0.000997637021337786,0.000406799426766921,0.000344496106076245,0.00122093626308875,0.00317514629456306,0.00884308748679674,0.00163178854701204,0.0087606167484717,0.0151861981917029,0.0588212965346252,0.0666913064734409,0.00958969889791514,0.0520754596393069,0.00603503680227576,0.0120806893357096,0.00693927862378593,0.00264876384385761,0.00191897422469065,0.00380868570504131,0.650608179395458
