0.684789139421993,0.0262616951693357,0.00722577450986604,0.049420846727553,0.0115076952368837,0.0499973964736265,0.0306870812362754,0.0187812674123206,0.0133438722377716,0.0079037309788276,0.00444117157827245,0.00112427426122251,0.000216017992573855,0.00182432873553003,0.00286015337278207,0.0208959157108893,0.0173372515423672,0.0108925281325842,0.00071666805886356,8.45077289344746e-05,4.22220165129866e-05,0.00221040494438578,0.000382271726886296,0.00147842191838093,0.0113140868505705,0.00990118414288142,0.010541020669528,0.00070120627745267,0.000357543406908425,0.000401176130124718,0.000155377405228043,0.00220376799266674
0.000724643511306703,0.511063900956901,0.0118627837679712,0.0468582111924262,0.000726626046300502,0.0815122188767082,0.143466883044871,0.0385563643786742,0.0113992475097662,0.00307340467479549,0.000628869184472234,0.000848921155303609,0.0011681090973433,0.00134726299554699,0.000247414855666857,0.044142035841972,0.00895898999003444,0.00230094592243547,0.00203068797628198,0.000370876261085435,0.00143901796142313,0.00842570900068598,0.00391298417279752,0.00768670794960281,0.0476240964635149,0.0118044044800319,0.00549036909559442,0.000625704115116955,4.21197105680368e-05,0.000112623041721952,0.000304460743752912,0.00124340602532653
0.00735533116069687,0.00463385150602778,0.762820761453523,0.00412995195648608,0.0228303372588936,0.0114482022000173,0.0331094483440562,0.000659609735470086,0.00114076832201145,0.00475899466851839,0.00754267561269262,0.0123218369622922,0.00500698053856361,0.00309675138600774,0.00203617249141483,0.00662433869738735,0.00258809313802503,0.00533040047660895,0.00140800779914429,0.00231768728499522,0.00127088855241259,0.0158424441224884,0.0298148083076708,0.000180191942968192,0.0129364917153556,0.000437170315183505,0.00161864688052535,0.00574028134163602,0.00737243042721187,0.000475342807022453,0.0203031642046211,0.00284793839007239
0.0140681568039339,0.00351601125118329,0.00257530388820878,0.426879512311382,0.11400229373496,0.00312647315964502,0.190341996951196,0.0136451225590149,0.0118527521305754,0.00417125529784701,0.0024786479007697,0.0180346454249865,0.00356128597060305,0.00463085648915631,0.00430889683893947,0.082571657684325,0.00248305665172134,0.00829648737476573,0.00225228755548528,0.00160943297361119,0.00339194612964452,0.00993859153027555,0.0046235403065217,0.00408093070115599,0.013168074285832,0.00871374007298139,0.0137850396357613,0.0142732697836025,0.00926238570204055,0.000168256433420247,0.00415046532678969,3.76271396634721e-05
0.00302461292500614,0.000716623454883232,0.00521526137756451,0.015038957513263,0.755601564131766,0.0109370646747033,0.031174146066935,0.00622628029729367,0.0107937820181135,0.0092656015374463,0.003326876501638,0.00366912304688731,0.00153494156745158,0.000904338105634914,0.00256488068095298,0.0494686028336816,0.00596892343365044,0.000562936812358449,0.000369171489681905,0.00421626585655909,4.70867296307871e-05,0.00453521635699915,0.000202413663237136,0.0255658023810857,0.00194953894715092,0.0204238902641748,0.016218886494599,0.00146639505196456,0.00552470155051183,0.000406934600893311,0.00239767572803517,0.000681503906246402
0.00351860865127533,0.00131210349404091,0.00304174667904128,0.0889227930689156,0.00556628922153369,0.536663375607381,0.05538404090793,0.0811058911496663,0.041053362192195,0.020036032049728,0.00173560582948741,0.000101580569980973,0.00972943937706509,0.00208038810388507,0.00770629473505712,0.0494738463674172,0.00295806126850903,0.000157277080779532,0.000329667385709459,0.00895116425958308,0.0051886909480744,0.000122735874214919,0.0038791153138629,0.0276545591721737,0.00108833858853228,0.00886699628022804,0.0184720798976125,0.00192543489123526,0.00148529687433516,0.00103382621658059,0.00805583179050334,0.0023995261534661
0.0224281750217173,0.00739242655188405,0.000575661657083676,0.109510501993068,0.0321623268969582,0.00137095233007571,0.6762609176814,0.023452888160806,0.0154306454909504,0.0222256182041743,0.000478068872560012,0.00137395101645102,0.0108034444397618,0.000707176113480065,0.00422722130137713,2.69510871146755e-08,0.00448171101316528,0.00811196677300815,0.000395618324335435,0.00288605324875017,0.00183883740886727,0.00320113953149817,0.00120821764317303,0.012206792442578,0.000114154328653869,0.0105491503392309,0.0120211633965181,0.00188040054972847,0.00299382993351234,0.000555055075349878,0.00619842275494381,0.00295748455385209
0.00447043681124629,0.00453877544837761,0.00808123445527335,0.00626782543773373,0.0301413524188674,0.00237062202974325,0.0212245995955722,0.655257743915086,0.0445280170585176,0.0155689945152084,0.0083204737165212,0.0359233324950932,0.00343596964689707,0.0191767809110731,0.0108698814672247,0.007519183689254,0.00199535779062805,0.00148661541417392,0.00470896464907,0.00459260623201078,0.00180805782469551,0.00864373677713409,0.00113898579947515,0.00972916384148315,0.0106122689769499,0.0212021975849331,0.0272453682592859,0.00578717169782592,0.0137913017732785,0.0040530434168537,0.000281060350628913,0.0052288759998843
0.00918941643943247,0.0117803785684316,0.000490563850542102,0.0206320583725759,0.0212830514081494,0.050465305219493,0.20675850995503,0.00332042887169008,0.4501692377758,0.00377693821651795,0.00153448258907923,0.000808816121246638,0.00314450274891582,0.00152498592677695,1.76873210900317e-05,0.169303130995558,0.000435689901658834,0.00859860414782944,3.88284908997293e-05,0.00169493910760042,0.000172272338027845,0.00903046094944581,0.00334038923431615,0.00339203379162583,0.00501284640549113,0.00252855120647952,0.000218706276700452,0.00121210856060921,0.00183656508668318,0.00024393996520286,0.00391590432269045,0.00412866583441014
0.00443123636568646,0.00322649655639776,0.00185780476220274,0.0208106217203422,0.0440193718958508,0.0115334458823613,0.0645430348364675,0.00223047881229691,0.042245948667533,0.591275332010453,0.00412922421004348,0.0378412046459952,0.000408013596786209,0.00169439710995695,0.0107071866259205,0.0665440657957981,0.000419262377768344,0.0101641269830481,0.00139758149152765,0.00750658596460276,0.00297360261739594,0.00991148792488184,0.00496019993122683,0.0012874579506047,0.0117284061243046,0.00512757948753887,0.0030620595672283,0.00169282389194926,0.0285748805379058,0.00162291164554847,0.0012706079750433,0.000802562035332561
0.000828172022060254,0.00428944954591319,0.000989817299969861,0.0119744016857423,0.0527754596946417,0.0192361160446532,0.0143195062178291,0.0256109350630825,0.0561195580630306,0.0325423174077422,0.569873247954759,0.00616767120029638,0.0105826078526899,0.00496498466736172,0.0330865318312429,0.0245901780090467,0.000504861424933866,6.12959327760714e-05,0.000859083522780527,0.00909305134559838,0.00579676079510457,0.0015921462983969,0.00149402725081173,0.00894213273721408,0.00100914120024647,0.0203228535690426,0.00621463258645195,0.00876324462058689,0.0531702912336733,0.00444263491321933,0.00801100837464209,0.00177187963446008
0.000194428538161013,0.00273794497603899,0.00264992123858082,0.0126828964029255,0.111309514075031,0.00504481847232261,0.0172192132060918,0.0210981747210285,0.0219294033993569,0.0396806242453206,0.00126269365666705,0.51272432258535,0.00117281546906549,0.00303516682211192,0.00556034689869915,0.0563050694498477,0.00255845667128401,0.00762715363383481,0.000501847497663829,0.0233915218225865,0.0222002149538543,0.000764121336699036,0.00710035592532702,0.0353159007286067,0.0194183217391372,0.0412913317011672,0.00411116879915717,0.000709386283867043,0.0098703507055779,0.000745916448676915,0.00925503372376393,0.000531563872197358
0.00115743025972386,0.00493821358180532,0.00125491333812919,0.00292838016349841,0.107560602848363,0.00700001195153649,0.0819317434071375,0.00134248635407689,0.0110776295172987,0.0472524153213137,0.00543026370112433,0.00261552021172225,0.508595913918432,0.00336407768953278,0.0648758159109259,0.0144001807636225,0.00795599733519361,0.00217232789722694,5.96149570048846e-05,0.00683643494712878,0.0112495531158589,0.000379315905225368,0.00280560004941683,0.00585604644132675,0.000353746474505368,0.0112496327356798,0.00110649289579626,0.0294340788384006,0.0399403577579512,0.00884449714498807,0.00499912432743317,0.0010315802386205
0.00633540163564283,0.00309479159529562,0.000149213445321987,0.00287807103226121,0.00205574475155776,6.12193538017941e-05,0.00138426980282798,0.0124067338462269,0.0334428777587091,0.0189592988862893,0.000416390580178152,0.00575619194685166,0.0267016604904791,0.730717531042501,0.0482958958633615,0.0396688310741703,0.00464988080877614,0.000488997285092584,0.00023810056582192,0.0133450636292003,0.00333846721517211,0.0119175086645672,0.0130247930856557,0.00188451088594307,0.00155597391980348,0.00240868166543098,0.00301132192974743,0.00256636948982443,0.00518948430397155,0.0013308543832727,0.00133020529814502,0.00139566376409867
0.00353225684512385,0.000795989299567675,0.0023519796318448,0.00222279642904403,0.026240796437063,0.00479517333735855,0.0643827236657548,0.00165906842382193,0.032450097894381,0.0103018537223705,0.01369492517203,0.0641078338971628,0.0196033201107736,0.000769331192517556,0.650613207782341,0.0546833048920399,0.00664656217944726,0.000584051031872638,0.000822056651644321,0.000318537866839386,0.00394405153041467,0.000116051995797752,0.00707035403020047,0.00100526592693926,0.000231666010324213,0.002350211768177,0.00219945009485226,0.0143209847106671,0.00253523233617768,0.00251096688829401,0.0015841155953291,0.0015557826498274
0.0213309152541303,0.0258264597204471,0.00399420278038913,0.0196777378073232,0.0812412605352766,0.0585460920482088,0.34851875931378,0.00261782936781631,0.140757804665163,0.0042115258649471,0.000758553174169441,0.000129700233632405,0.00357006617872537,0.00339752002610614,0.000316977788845827,0.228768445369109,0.000894543507600744,0.00908261326619916,0.000344369023690619,0.00573347730306383,0.00110920633418449,0.00522587023031029,0.000125013835573494,0.0092596337059595,0.00525134224484651,0.00659311988685374,0.00122315854212788,0.0012771213135477,0.0021188679599597,0.000454427380329689,0.00515170331768455,0.00249168201999859
0.0261438556099034,0.00108075225348782,0.00138601995834869,0.00615364719552759,0.00191070136814848,0.00609380239459053,0.0115977525914368,0.00324962517738269,0.0110481158261795,0.00265144102579504,0.000862407493922926,0.00649687669784018,0.00240259870633489,0.00084577480437771,0.00029405332907728,0.00675866614475815,0.803971840286206,0.0267659667527722,0.00186983567423387,0.00632212551774293,0.0100329864796515,0.0107608396407164,0.00696220484531214,0.00742008622981333,0.00956075368938069,0.00574235333372077,0.0007799915720225,0.00335779057157153,0.00294794222119197,0.000718163811453049,0.00183221184143412,0.0119788169556655
0.0045512654590347,0.0092007491992163,0.000918851113299935,0.00867318437852543,0.000370952349095441,0.0436735323771486,0.0712109254730132,0.00578145621683624,0.000151925307569628,0.00118400101739443,0.000743099237843647,0.0017413734296459,0.000395238512794977,0.000471867752054107,0.000259267442256376,0.00392868457433396,0.00154481584675254,0.739757315125126,0.000368311705842963,0.0235745182226557,0.0136819622589665,0.00182501160073353,0.00109215708123056,0.0357681771754843,0.00383043555726033,0.00601264047429837,0.000312249085787018,0.00925612074972516,0.000111702349142323,0.00161910403131122,0.000393794461791902,0.00759531043382881
0.00531158565154924,0.00201537265727108,0.00373926398934223,0.00120961847472762,0.0015725748241918,0.00244256293719243,0.014046532676059,0.0124926238405901,0.000847622312470142,8.75739395442215e-05,0.0131197474010523,0.0163302330240324,0.000325299660502439,0.00190613016949321,0.00119485448736596,0.00106849997589016,0.00108676108108245,0.00283971134829403,0.830118230689592,0.00310240813790974,0.00649308503028204,0.00615470218992203,0.00368514871125395,0.0176510207583401,0.00401473333780461,0.004080917004092,0.00153524413576746,0.0061671592336806,0.00192502331014488,0.00210593819885107,0.0280391113401358,0.00329070947157316
0.00100411918886698,0.000892268892919529,0.00260670293260716,0.000655251375152383,0.00848716124787025,0.00288421272620293,0.0227812790014467,0.00250120708148952,0.00842767661045946,0.000515777484201935,0.00745922179853402,0.000331990248358825,0.000128314158539407,0.000185094376514592,0.001097441269002,0.00459574333301824,0.000912081817408479,0.00375376093976713,0.0169437015870368,0.769547718848443,0.0142201677819487,0.00402816882643527,0.00141449661895084,0.0393297670791552,0.0058096631260776,0.0169119502614578,0.0292866884598558,0.00118883904343707,0.010999687669318,0.000500899409251481,0.018192460750571,0.00240648605570206
0.0115418917753115,0.00908988585948609,0.0012142712750326,0.00050359381292904,0.00236218299780068,0.00878444410732809,0.00415711161621458,0.00348465436164255,0.0285819202546251,0.00114463167855445,0.00573117551324172,0.0435550498412297,0.00153745826400703,0.00090821818597234,0.000791431544904685,0.0114911451755035,0.00307035393600277,0.000609928256196107,0.00683914365606176,0.00551871600517192,0.6851737870176,0.00847824230800102,0.0212837657413305,0.0046860548778935,0.00169254601130778,0.0350937818380629,0.0267090013988702,0.00108791165814494,0.0283329116999308,3.05642075973983e-05,0.0253975373104405,0.011116687813604
0.0112667015777603,0.00116717846796494,0.00666759191677061,0.000733181817019709,0.00364056365552276,0.00561755429840939,0.0130156291181938,0.00697934299731526,0.144144874321438,0.000824582496018421,0.00550391884610267,0.0170391219019697,0.000213944344400351,0.000754218722265228,0.00422977871729189,0.107794194482208,0.0192628753792646,0.0105804075831794,0.0253555835118479,0.0132102096637005,0.00458737677055549,0.533186144231158,0.010402203997936,0.0372919693375332,0.000684981791090721,0.00487596425451767,0.00634407108213786,0.0012099334950874,0.0017339777608786,0.000544438024191245,0.00112774450224999,9.74093402052039e-06
0.00715290553890574,0.00579336200440079,0.00411867200051965,0.00349156405346973,0.00141310323213572,0.00383807561678729,0.0275993716368691,0.00257234356211541,0.0176364169346537,0.00130869751766503,0.00041395742942372,0.0102697375717623,0.000768430585847743,0.000618292232754341,0.00449100135267697,0.0460790255932847,0.00954750913094347,0.00229146209903501,0.0130339402272759,0.044277540039913,0.00662063170996472,0.0172746534921809,0.618283906818258,0.0732418388540498,0.00682687044877072,0.0152864321524529,0.0297302899513721,0.00354422408035342,0.0128670726038408,0.00200533163557305,0.00684513118785331,0.000758208704890776
0.0120453945341638,0.00558773980535697,0.000759033190693815,0.000772367681451677,0.0216154128805753,0.0071222233202886,0.00799538527507408,0.00481992551247241,0.0514010987467502,0.000433236940760335,0.0102367203525556,0.0694451851017278,0.0016161332272035,0.000536940604809287,0.000415380476208151,0.00293975853690268,0.00180107857201213,0.000321102079115536,0.0152547955934943,0.0126682612658612,0.0508150241686124,0.0131148063125098,0.00334610629670274,0.569607398636868,0.00178348672464809,0.0565406992941984,0.00847332992899492,4.13495981305888e-05,0.0311959393319316,0.000259504845704788,0.0347122888820013,0.00232289228221943
0.0199833719614801,0.0487129235394012,0.00137807332273214,0.0176913879072304,0.00346089187162662,0.0588860293862722,0.162240855283961,0.0065015245351865,0.0810058003569353,0.00141501976922959,0.00306394415205687,0.00589284027569295,0.0077835174158459,0.00125212601261715,0.000290430931777036,0.0221678581442044,0.00340467162563917,0.034004413173103,0.00132024906191103,0.0304692255641335,0.0119877626428138,0.00814884069221813,0.0794364675676353,0.0274363045622158,0.335424096468118,0.00190642628342708,0.000110323557144246,0.00289792235876751,0.00749871288200394,0.00152439827601855,0.000508333377789406,0.012195257040812
0.00144107758012711,0.000222707202471921,0.00101419376800455,0.00232111363929699,0.00707410888749869,0.00201640984271846,0.00249647910841699,0.00632567744268876,0.00705175185233549,0.00161847600542034,0.00485104171493798,0.0367229868847374,0.000306651307096405,1.76873580256803e-06,0.000641474490292307,0.00459250552937643,3.01880426178657e-05,0.00317899721865088,0.00491622465804744,0.0277127127196922,0.00709723766300606,0.01533754849699,0.0202769486095495,0.0220484526660535,0.0241274100054634,0.743366846838834,0.0121336615999945,0.000387761356230856,0.01724545096167,0.00134187260477287,0.0196780408464226,0.00242222172078216
0.0102631295710195,0.00285747964391286,0.00133548077249633,0.0051511312557052,0.0186774888698463,0.00755584705336567,0.00405590950660765,0.00634185223785332,0.0144794565098012,0.000846576904371531,0.0183527098695759,0.121525997342607,0.000719015614560311,0.00185571197730127,0.000427008402243539,0.00918047630892074,0.000414478547648873,0.00422281474501548,0.0157338166764009,0.00811758232431964,0.0352767730061091,0.0261340890563376,0.123237954265285,0.00717991315812996,0.0107997147066661,0.0256709919639794,0.475334074744819,0.00194915285021004,0.0144670437762002,0.000660499263260083,0.0223614192888181,0.00481440978661259
0.000594374544357831,0.00393229914798897,0.000541727595906625,0.00933985950440498,0.0744739169000088,0.0139668915095127,0.0128160200027389,0.0308128713455717,0.0231678360398192,0.0470222949453554,0.00966491948642825,0.00680815305141634,0.0041735183753947,0.00962305838906031,0.0500055379640365,0.0322255072392916,1.25891285450912e-05,0.00405715897811207,0.00156006604117214,0.0144980851918305,0.0197994566631565,0.00194967145524563,0.00991133712241446,0.0180939446482289,0.0237186719881464,0.0247035942945627,0.00408661821242755,0.52229847443299,0.0157290279864348,0.00295629357388337,0.0065392655146568,0.000916958726899851
0.000143254951930639,0.000112736975672977,0.00626397022033406,0.00660499610957252,0.0106145338126639,0.00551237367676439,0.0114706142450284,0.00299686350304338,0.00264672563767673,0.000304858514323455,0.0300497810118315,0.0302376228841078,0.00129762494184923,0.000369371568250629,0.0156103972318835,0.000463743959739919,0.00285397867036973,0.0017420416819364,0.00119565029201696,0.0187526200332548,0.0044232639968002,0.00762329535604864,0.00312465069585945,0.0518162569129744,0.00425128014356919,0.00712826680026829,0.0131037631626614,0.0240038947772114,0.689211646735741,0.00148572673507111,0.0375096742045312,0.00707452055701236
0.00101448488820839,0.000132689563121001,0.000334131772373422,0.0117642849036074,0.0126798510192997,0.0018443301069188,0.00308795941726044,0.00257514991256798,0.00282014945424227,0.00735943701621878,0.00286352097996057,0.0164366839740247,0.00892773969653092,0.00242527569881276,0.0187233923601304,0.00674919813189926,0.00192052227342846,0.000478842210161622,0.00444838649539483,0.000927828681502963,0.0102550436276434,0.00126955452905649,0.00136705567480735,0.0113770630872411,0.000893354505692449,0.0574083504395873,0.00108917984974955,7.33697684520594e-05,0.00316102251718391,0.785553225387719,0.0198390477668557,0.000199874290346863
0.00283116912036867,0.000866815956463497,0.00405676433714422,0.00214072292645167,0.0013201705290782,0.00311371657246578,0.0093823389267028,0.00235484703156132,0.00209769318831557,0.00104915455345572,0.00845594453691244,6.77174731740752e-05,0.00852007065247002,0.00113713886571406,0.0205345994589523,0.0090887215326693,0.00251660020433162,8.57721151350403e-06,0.00512861288742001,0.0306161594649701,0.0138860682187254,0.00523638293633679,0.00130319440550544,0.0372200770500467,0.000642390737012515,0.0772614683455106,0.00934104507015844,0.0216316533992128,0.010489393733356,0.00203632363109145,0.703780728886725,0.00188373815618379
0.00405556167702709,0.0114719285228311,0.00152355782322477,0.0215119770381905,0.00617548435829691,0.0277026597352688,0.0360236476289955,0.000886806773796934,0.0664179725696326,0.00457069987019645,0.00838235686613691,0.01792440427814,0.00649775949816819,0.00172261241851944,0.000750437541724813,0.0297905288989061,0.00235668237574801,0.0159608424930447,0.00158312468768532,0.0201062292038095,0.010218325896572,0.0133514934918939,0.0368280129529252,0.00893202548949475,0.0164446865840721,0.000834697379151053,0.00313967161432947,5.43220755886726e-05,0.0215129920183367,0.000232016369882957,0.000370018392476806,0.602666463475933
