0.744321699120723,0.00760882201675344,0.000886584037540769,0.0314867379462328,0.00124730339059588,0.0610573921427927,0.0371160578839838,0.0213063303886698,0.00329021708972195,0.00378996489291322,0.00107439435281124,0.00274165552451841,0.000564440291238783,0.002194599716679,0.00209140262874037,0.0164370418403814,0.0186536114676665,0.00322788030479751,6.62744870014442e-05,0.0041508311475728,0.00132971063581758,0.00401143106006802,0.0138211925676204,0.00389613566107332,0.00448559145902718,0.000442559553170219,0.00134434529292104,0.0012039220509292,0.000714267707294961,7.78473669804023e-05,0.000573423268537121,0.00478633270522495
0.00762945621753689,0.749693057144194,0.00959958639599782,0.0120651564122406,0.00198123910127674,0.026756502950889,0.0643676196641009,0.0110525029488444,0.00790558561107526,0.00132404556004795,0.00254711887439988,0.00165545896387575,0.00245188359427021,0.00383475942183776,0.00181484132086927,0.00809300897093837,0.0103360960168074,0.000571189176339567,0.000171298792769385,0.0111868510767708,0.00011114495166253,0.00565950896368733,0.0161977734392503,0.00557211328539606,0.00316223257874019,0.00713534391405703,0.00576935608998573,0.00390489352238981,0.00290942464000992,0.00111379427594898,0.00768777034028251,0.00573938578350723
0.00822403572022776,0.00610611034721678,0.810151966046598,0.00439382698581075,0.00670959439079814,0.000491953965963861,0.000851199463893795,0.000986461671508274,0.00457312398229076,0.0009755818947414,0.0127153854862427,0.0361217368525061,0.00210790904491205,0.00236925571235366,0.00555720595809464,0.0111365645443624,0.000121135252456296,0.00390145178591816,0.00215585885295983,0.00593884621295984,0.00858838757459199,0.0181144818297626,0.0182929843626667,0.00171740143140443,0.00076496278788916,0.0006128223128879,0.00105272252047686,0.00328167322729909,0.016014469599214,0.00145962406026074,0.0044409347787084,7.03313430234294e-05
0.000531065070513506,0.000414329841780341,0.000408571062881419,0.75212397187401,0.013251409574596,0.00275930892860036,0.039808246456364,0.070902548780644,0.00222103952047626,0.0047788482592742,0.00440737903290037,0.0069877918550252,0.00396106914766143,0.000651827892472998,0.0041571509639761,0.0187455288734052,0.00116257347098551,0.000832503531883501,0.00165470639057209,0.0164408752635718,3.37568345021945e-05,0.0113160012686988,0.0244842272967539,0.0059489289179933,0.00209207591836245,0.000392907176137884,0.00072026794142404,0.00222026645539467,0.000604021763478557,0.000329739002551832,0.00563792800489162,1.91336282165487e-05
0.00123978497559828,0.000601059392996257,0.00112705590926184,0.0125467679626376,0.750487469097157,0.000535100972007154,0.011996167879951,0.00461007204135692,0.00288311226671109,0.00384676558146634,0.00183395170320818,0.0463694608256775,0.00268935828733972,0.00326822135007119,0.00358641045016445,0.0178619997362548,0.0090054899056045,0.00178509871440845,0.000752958528882289,0.0170274764434331,0.00264534142157538,0.00550641332108965,0.0251989919705557,0.00231892187539401,0.000800612798404571,0.00552770625739367,0.00916235839247136,0.0171644146160097,0.0302597717949875,0.000696022116939834,0.00197693455816119,0.00468872885282948
0.00146717972357254,0.000564186990235536,0.000664386561125474,0.0277239062811973,0.010783888248381,0.791944701240795,0.0198132074413353,0.0265253800593892,0.0196758392290045,0.0039267839695857,0.00532971973905703,0.0118265826111674,0.00165120000176365,0.00036973902074775,0.00418795620064297,0.0245635328586252,0.0060219440396661,0.00120943946591815,0.000119611387246776,0.00157500889361008,0.00208872819223194,0.00142810590330046,0.00314055390598717,0.00868651079101414,0.000700518429138939,0.00517475118246328,0.00223488366247437,0.00337332993719648,0.00666890228019711,0.000195444259405627,0.00403163867803358,0.0023324388154909
0.00424563627468301,0.00635976109608684,0.00252702001239062,0.0687439641695759,0.0143546472134211,0.0217006775346598,0.731122204925055,0.0187120686239603,0.0032454704076587,0.0110148912581372,0.0121965223340327,0.00922531588306524,0.00491778197836397,1.15577868700156e-05,0.00570980460476832,0.0100069825986607,0.00350847017381606,0.000498675274459013,0.000932518651953359,0.0119450695687649,0.000322424255841245,0.00397661471711016,0.036773069551278,0.00227508800732104,0.00103698302927266,0.000188687573115222,0.00134979636427068,0.000117159664537523,0.00557649000030078,0.000902588339722209,0.00566013971409182,0.000841918412756066
0.00367492675382391,0.000250389082928935,0.00405208354340846,0.0160345422237997,0.0498160198639724,0.045024739315385,0.00794441955744949,0.646438248563329,0.0285703603418458,0.00335289335562055,0.00342942051702971,0.0657135100489167,0.00225606254794729,0.00405641212674489,0.00135854517732648,0.0145012223862967,0.00241297245215893,0.0032106020112883,0.00274353023117907,0.00130026781418921,0.0013371939981373,0.00200753792341177,0.00642150681290249,0.00440086646290455,0.0196179528069793,0.00278752622126083,0.0208414358919528,0.00752183829221919,0.0146825524905205,0.00168461547932135,0.00457424549836191,0.00798156020738728
0.00626389698475184,0.00917696751255322,0.0168025312057384,0.0133515398088785,0.00155819551217289,0.119144238633427,0.148378776933537,0.00106562146510881,0.436132708056073,0.00148602195474263,0.0112063563141317,0.0126596720844064,0.00200055016505841,0.00186350037924034,0.00168913732001456,0.165047761016156,0.00204622319819402,0.00266227912745374,0.00110171638582305,0.0034800711413484,7.20703775983764e-05,0.00114217158596954,0.0113586108993977,0.00926564084357834,0.00113484215221659,0.00437386566233948,0.000347276113754903,0.00313393708853451,0.00110922769474296,0.000454983468172848,0.00851300610290645,0.00197660281197897
0.000269499574285805,0.00251531561968886,0.000323693436152307,0.00876593144664871,0.0157309503001475,0.033881780981014,0.00261803062808289,0.0100019812657063,0.00635126635078206,0.808802887329385,0.00171638708160039,0.030644407364998,0.00103392566669994,0.000272132705250268,0.00317557283962274,0.00170003363393657,0.00547808199665162,0.000467097911410169,0.000664297143493648,0.00125281598397385,0.010637361476273,0.00253039943772097,0.00416725073195304,0.015404751023419,0.00184834301642989,0.0112954699790385,0.000442329078413172,0.000341540624388466,0.00539179945078857,0.000425529072341309,0.00840981565498529,0.00343932119471837
0.0024947760518591,0.00594098965546441,2.80889640909808e-05,0.00213546896725204,0.0522358021323346,0.00798694446344669,0.0241254536945296,0.00523898468487021,0.00520176513402509,0.00323281415007729,0.738672025613132,0.0160129828935057,0.00170824257181562,0.00289980001673504,0.00539539706835243,0.000839498229601968,0.00102972276489615,4.78388537424221e-06,0.0023901168959287,0.0113306129975909,0.0050452379942184,0.00531696825324935,0.00686348337709074,0.0200415807639681,0.000162497350163405,0.0123340300717388,0.000338635317103939,0.00991002942214008,0.0293550649793664,0.0018181643340831,0.0156076165234626,0.00430242077853215
0.0025344038350432,0.00154594473594662,0.00548916025687304,0.0174925580488496,0.00539852696483922,0.00460875773295401,0.0140507686676553,0.0132165371169082,0.0020655312420119,0.0170402790247785,0.0173638914464786,0.813552268122153,0.00168202662902879,0.000519214878189893,0.000450059432393384,0.000374928070630897,0.00146122515941155,0.00155849397218154,0.00201688925487141,0.00401841849970251,0.000743192216494257,0.00137270957825682,0.00302666901929754,0.0119232817165604,0.000531447281725418,0.0293607118915305,0.000134273151699865,0.000296242328545709,0.0182805698420946,0.00227007655839878,0.00252997720478905,0.00309096611970552
0.00250666131633545,0.00248764348656416,0.00125819981702717,0.00311944597268634,0.0122417427725129,0.00431512839625274,0.00405457428849032,0.0051107471207678,0.00709353981450524,0.00665068961032194,0.00172719080373592,0.0053278113078507,0.834613569817838,0.000538275302628996,0.0176778031352249,0.00145732961422112,0.000578080132505488,0.00187674518748423,0.000687554942098269,0.0109106668482703,0.00418139020311557,0.0138813869422227,0.00937853918102197,0.0106353224275799,0.00126762459872496,0.00123521817773034,0.00169333834873227,0.0160011484595129,0.00788391276007707,0.000778013729802164,0.00640851773378442,0.00242218775037405
0.00298913418905586,0.00294827021706145,0.000163045238585101,0.00237010400753151,0.00736174580331112,0.00256617193359543,0.00323142117005769,0.00777250440374781,0.000577157659043995,0.000952027741683308,0.00685088343619316,0.0150667648525141,0.00151223158044019,0.74499525673741,0.00874290207187699,0.00203878200872903,0.000176641642010434,0.000903283578633726,0.0014871317955124,0.0455368046723553,0.00824233176185602,0.0138039418157044,0.0363507885240169,0.0450408374223042,0.00125131570371469,0.000409080339169193,0.00116418143787295,0.000427692971860102,0.024354685610694,0.00375000094629135,0.00683511500724338,0.000127763719923942
0.00283575181590347,0.000557348365883403,0.00128139270943353,0.00286905195829893,0.0566788525984944,0.00239940044661368,0.0143128327985348,0.00387738138335841,0.0006764425678236,0.00484110048082598,0.0144270019424694,0.00594365867179399,0.022061639479813,5.04431937385427e-05,0.744156345388935,0.00593862655456278,0.000642395082446611,0.000216208230222012,0.00072354399597693,0.0201677831786659,0.00306802217190688,0.0181464056100081,0.0255265886928625,0.00261268138499462,0.00941543024729153,0.00266075069270193,0.00460846907069916,0.0114465123899321,0.0111642202711452,0.000567279489024136,0.00470262540295258,0.00142381373268643
0.00907700099875962,0.0114987020141442,0.00634155786437866,0.00377132333959269,0.00756317798905744,0.0182639629309648,0.0566296941806141,0.00271467502596844,0.0210022046072853,0.000641861458260809,0.00287338764409961,0.0103211875018409,0.000410801068600022,0.000996080075169396,0.00348717592298998,0.803978512492077,0.000424735858422947,0.000260435359202685,0.000232852552785906,0.00229012432846862,0.000412907079668973,0.00472160277127306,0.00790237157485228,0.00917442748962569,0.000993319351893937,0.00354989904682191,0.000266927604856562,0.00357196822722415,0.00138808306878404,0.000171130837067735,0.00482746771983774,0.000240442015410513
0.0239758321257233,0.001028447609908,0.0013054971133374,0.00194500051038227,0.00532845578762718,0.00463830008565816,0.0027356385444204,0.00311370697356312,0.00384045402686243,0.0085067291868359,0.000707887943873014,0.00293942866451547,0.00149233648219498,0.00116555988120044,0.00150459942367988,0.00136315145555636,0.853163931964135,0.0172373717050472,0.00138040182594881,0.00907369289105736,0.0212490369277392,0.00178188385944192,0.000420563095888578,0.0117398361507287,2.47831359784666e-05,0.00739896304595253,0.000166685855410864,0.00125309246744927,0.00107094764395748,0.000457743216457585,0.00220378892152759,0.00578625147794086
0.00410904415301681,0.00140518573900772,0.00281495999937725,0.00948558856530016,0.0181568250964293,0.00352642605460514,0.0116462769128694,0.00469686862456758,0.0152273331050707,0.000479928645187214,0.000124701848073964,0.00251233639103972,0.000399886690744657,0.00089593247080947,3.9771381466345e-06,0.00309342577089055,0.00435526209088714,0.841180339537687,0.00937655566592246,0.00320672620178208,0.00623852315603164,0.0190300343736549,0.00744891705457523,0.0123742616904272,0.00460266797588489,0.00497861068792418,0.0036530220264381,0.000618226045739378,0.00110152832452485,0.00104796722612551,0.0013039804650238,0.000904680272235011
0.00247107383359173,6.60186862804771e-05,0.000319622194149299,0.000952524093191276,0.00370378183035278,0.00289329475677904,7.70642042653402e-05,0.00272601000915473,0.0236268521741213,0.000219256848327583,0.0132286855042728,0.0237367218883529,0.000476915883247538,0.000317561442912112,0.00059446621575193,0.000559337751164527,0.000237999149535101,0.00144327784607776,0.794337110757602,0.0126000147635171,0.00653922116938357,0.00626084390004373,0.00442675720799931,0.0468712950423705,0.00961199356166489,0.000491873997212531,0.00231808456118563,0.00118530013090541,0.00554215361384828,0.00556688560452324,0.0261527290417945,0.000445272336421118
0.00059573787780946,0.00130017616474562,0.000156477897393317,6.86002472692147e-05,0.00333669458893605,0.000375069206416077,0.00413322411306905,0.000974696656179159,0.00501295227981859,0.00465959227274581,0.00595442955241418,0.00493340545442481,0.00046296822175153,0.000458236601714625,0.00498442953222397,0.00894204313655177,0.00168125549782313,0.00466098284547794,0.00156961030687678,0.830894925337708,0.0023750473584265,0.0235487217102217,0.0543477401925488,0.00724536000896517,0.000963562374029797,0.0121265833801218,0.000684278408507716,0.00261185538495367,1.10439998099455e-05,0.00317405437098902,0.00742690217027064,0.000329342849806597
0.000669285712512263,0.00130607086715432,0.00679456422729166,0.000626660446228083,0.00404515549373708,0.00308413543137759,0.00572344552630585,0.00496914960595275,0.00332201274426347,0.00284081567855537,0.00447089026859622,0.00662028030640264,0.00442699185491358,0.000641196528105524,0.00245289293565303,0.00170815954954044,0.00205425874572315,0.00210261717184953,0.00143699454729457,0.027661121833292,0.743854843614086,0.00343293025516705,0.0338143554514845,0.0991331814778576,0.00147701530969115,0.00389254284666991,0.00068225371291854,0.0052233449798593,0.00050008584951269,0.00110835341066646,0.0018918621186887,0.0180325314986488
0.0130212932674662,0.00359222200055149,0.00142887137293057,0.00312800735219492,0.00461178870584071,0.00307775751467002,0.0124900835196394,0.00240722275240956,0.0623681807333194,0.00158077028081796,0.000488767104555283,0.00601504430325268,0.000938480410904084,9.49631272290164e-05,0.000295595795211265,0.0887669447379701,0.0163542313586928,0.00705626072796497,0.0102009345314131,0.00742776912975492,0.00671541278002774,0.664311754331252,0.0467901501599942,0.0130387736777484,0.0034976637876407,0.0101978368123977,0.000552863012152005,0.00146030333536793,0.00449911693788886,0.000731804900128491,0.00229360124141507,0.000565530297198239
0.0152176119258502,0.0183202035921613,0.00490030244657526,0.00084585328705677,0.0126142212882715,0.00557262630457866,0.00976283676774688,0.00159957298409706,0.0165761657408837,0.00223101893616828,0.000746211393799535,0.027040965310116,0.000137742835876402,0.00191408813948781,0.000562910216494339,0.0553761811258215,0.0180082136678929,0.00153202876216405,0.0171181266360032,0.0254100583256082,0.00412294839050079,0.0299515105197847,0.669052780884434,0.00142992995616179,0.00994609102483907,0.0113516654991016,0.00124699569482537,0.00309769512972174,0.0230552536647425,0.00371270234813662,0.00672673848627842,0.000818748714819366
1.39935743265432e-05,0.000497908591517395,0.000603957451482659,0.00106577672061802,0.00116333284191582,0.000286240326399021,0.00593383038796216,0.0015140519537321,0.00965184514529599,0.00115890948742628,0.00450203661560218,0.00639480370181549,0.0023829603082927,0.000117099903419111,0.00297591537214203,0.00575448125460654,0.000170100677074736,0.00683432478997388,0.0104709775204169,0.00514640252784716,0.0166922686355287,0.0177271571325464,0.0279158376731542,0.793478683713138,0.000913295527029794,0.0581105872716104,0.000326630425975816,0.00526939635276907,0.00259388472167049,0.00246738577784624,0.00406131262871131,0.00380461098815311
0.0263666231318828,0.0359844283857206,0.0065847195191774,0.00378434084180604,0.00606624230197974,0.00116355342848275,0.0129752464592449,0.00128876430612069,0.0100839620748389,0.00291363255592566,0.000404366811947115,0.00367719697183063,0.000549962320732656,0.000852394341026219,0.000820490874887339,0.00164316872216789,0.00202309483918022,0.0209532594150471,0.0101247317343775,9.84081506343586e-05,0.00625725811200385,0.000307180667640951,0.01277379109105,0.00714203923797743,0.793499119008347,0.00437117027399165,0.00382124561411453,0.00314316542787556,0.00216915445282985,0.0002994336123426,0.000414413147232521,0.017443442167584
0.00997313575901044,0.0104950109702097,0.000568863940930153,0.00280534812054552,0.0103106392044725,0.000526550731880175,0.00645290499402101,0.00365125132538805,0.0119548146443515,0.00102936024666962,0.00510195754274119,0.0147828357411471,0.0135396297454103,0.00404233248532277,0.00206380451662574,0.00191170804747817,0.000676362119584286,0.00302828567495165,0.00798663994495271,0.00437174982547654,0.00442819957152899,0.00726778885242782,0.00368950615492257,0.0224608925613123,0.00356162170491905,0.750459063964036,0.00344913345383195,0.007013543576741,0.0501273679767251,0.00481916978232708,0.026456525189035,0.000994001631023626
0.0010105326687996,0.00516382371628268,0.0049637672410538,0.00192017584341334,0.00875283880042057,0.00070638755914169,0.0197663709697653,0.00196254553854867,0.00347372871319928,0.000474659090141921,0.0127233813938335,0.023000832062057,0.00315207461853803,0.000353083899952619,0.00131866142216684,0.00334920830823982,0.000161511911936707,1.97096537784344e-05,0.000571670019087172,0.0211174504841413,0.012491437688815,0.000929539488122959,0.0133142194364588,0.00690178821384366,0.00313776505883888,0.0322256509394915,0.78795625949055,0.00367651709771827,0.0218515926673922,0.00186853421466148,0.000927653655794088,0.000756628133815243
0.00350129898298501,0.00320685494674139,0.0037687942910245,0.00987347324577096,0.00251717873080177,0.00251778966330385,0.00491302911030154,0.0111169729498217,0.000484218258917079,0.0112678825806983,0.000479393510771131,0.0562946664928561,0.0023950657522421,0.000458036583710119,0.0143991625983713,0.000836460580519783,0.00188251346385927,0.00283869130185725,0.00186743377546551,0.00340067166799264,0.00164266203147441,0.0029079191781499,0.00626095230592243,0.00748988387073888,0.000440235910410904,0.0220579721552229,0.00155504437300093,0.785251745382147,0.026180272224798,0.0025889481971136,0.0052524392994891,0.000352336583520937
0.00085891219561825,0.000611717857222023,0.00626490123414932,0.0016365443990855,0.00696064532934098,0.0361807149164986,0.0498903549205372,0.000214407626039251,0.000399301641742207,0.0020194821104016,0.019352651378988,0.0169267696412802,4.88886027571119e-05,0.00062054827454106,0.00245805155766599,0.0113800609001407,0.00336283734664332,0.000593567909085277,0.00232866347838242,0.00363082550389991,0.00161324942604525,0.00186521471751756,0.000460384505685189,0.0482822555193719,0.00139887299529048,0.00285186787259248,0.0021102832134224,0.0086665933614681,0.757971531135004,0.00053114543460916,0.00498938177034469,0.00351937322463023
0.000162342135442516,0.000694262958804095,0.00176191804957236,0.00108358277897508,0.00860962671594472,0.0134737547052885,0.080552192564339,0.00148558331604812,0.00131896459771612,0.00230488625960715,0.000588125142602003,0.00585709980594745,0.00111171011977611,0.00236236574061669,0.00524036758179437,0.0206352119901639,0.000216776412191509,0.00253244209761128,0.00289434349131124,0.00699256168623191,0.00230806850487136,0.000214902796424852,0.000855145750612177,0.0120948992359582,0.00589184132905501,0.000665940795817657,0.000236241805937187,0.0048547216303231,0.00340020703485741,0.806778985928883,0.00201481881670312,0.000806108220572842
0.000465987564856147,0.00272512636049016,0.0120090340975572,0.00468524008596893,0.0104905255058647,0.0400176289285716,0.0142832298910875,0.000744212241233165,0.00066528102119902,0.0023422742470547,0.00529484969261467,0.0193545379736395,0.00343013914554105,0.000598032428249526,0.00369667074014423,0.00447437291407259,0.00393791316559558,0.000395851866989448,0.00044320358052083,0.002349683239724,0.0057571486927441,0.000698293945296274,0.000889741491690722,0.0375703871924926,0.000960610699596242,0.0219553419783032,0.0122404578709332,0.0227331204073995,0.00344969831379663,0.000808512974028671,0.756892566636005,0.0036403251067397
0.00621331576576869,0.00908705986447414,0.0024810310285761,0.00135464720171173,0.0176796217572388,0.00178550730993455,0.0202458375850612,0.00955226207324375,0.00352843559251315,0.00233370462886678,0.000388534231818786,0.000315927066258211,0.00211981765553491,0.000237364439793236,0.00246119135110882,0.013937372768344,0.00375637739292717,0.00642444003142116,0.0069708825993846,0.0433687287366264,0.020429615886548,0.0148562223113729,0.0527656772899662,0.00557137954041694,0.034226742341776,0.000831464120786157,0.0128193969486007,0.000514798070141775,0.00168865462059556,0.000342879907693167,6.42063048723699e-05,0.701646903576624
