0.722894712590574,0.0142914951394057,0.0214274428995933,0.00469473891664207,0.00523784231043908,0.00883423230476177,0.00515832487128727,0.00805753258948498,0.0176317127230246,0.000757161646745249,0.00530860812947614,0.0114144952680411,0.00540471318089482,0.00543584872851713,0.00233864836940324,0.00231018951527446,0.0482827454129042,0.010672170023879,0.000323923552138906,0.033389160731647,0.00604550915277228,0.0157090967085427,0.0178383852625373,0.0116523702118632,0.00113660476278427,0.00706492079942009,0.0013304210778317,0.00264034668947582,0.00132353022013759,0.000448364243614926,0.000336942895500084,0.000607809071385913
0.00194937143541827,0.598953448803017,0.034513744973169,0.0026723743634326,0.00165603403301325,0.0297971434773097,0.0578064243208432,0.00959981598718369,0.0383041496939224,0.00159184810215636,0.0150203891510216,0.00324276879514633,0.0020677851954626,0.00707104623545855,0.00155824867067954,0.0436919697774968,0.0259657549326006,0.00956679003855035,0.000152797074031956,0.0110347092937678,0.00220441614911064,0.00561157415717179,0.00589164941253042,0.00267241913624774,0.076203869413676,0.00314666592748799,0.00152781998163228,0.000220275026279132,0.00208665074877879,4.01620265370272e-05,0.00328087131391213,0.000897012352954768
0.00237820388369232,0.0172747159663226,0.760535313752022,0.010967524813532,0.00402813857838893,0.0212014906590175,0.011534184309326,0.00220513065927312,0.00806589550732763,0.0016696542705834,0.0194167867049337,0.0289521561066975,0.0022760403467351,0.00581742547480306,0.00419521695672984,0.0105264422984025,0.0028911009234348,0.00336900134131937,7.11476761643583e-05,0.0185594222395003,0.00130052662123818,0.0243317899156503,0.00880234438815533,0.000850353007053173,0.0124634906178213,0.000258256208983301,6.85225104382272e-05,0.000369099346120121,0.00745490154821567,0.00176975896058319,0.000321362181079758,0.00607460222645487
0.000555315752261818,0.000377480981840206,0.00166787479732189,0.722391474840825,0.00798209318241781,0.0300787328522601,0.0336849398622718,0.0312229029230518,0.00093078989549822,0.00647133278412062,0.00273690719489489,0.0576604364240069,0.00392475300017337,0.00949378985199005,0.0129515332416743,0.00349324616432063,0.00446509472454207,0.000576406920428304,0.000904496816678882,0.00231730236355106,0.000429493840114627,0.00874183233689606,0.0120565445434386,0.000731415567999986,0.00736354081564434,0.000446078223546793,0.00189108456147018,0.00255357441808371,0.023594383026944,0.000907350503897208,0.0072742415505309,0.000123556037303313
0.000611065653785417,0.000565645520738087,0.00976658217544945,0.027233593680946,0.68022082159771,0.0477550333215336,0.0380343714005032,0.00376924989154342,0.0262522823994631,0.00890656920467849,0.00152842267637361,0.0236168128682171,0.00355209780044912,1.27599357797254e-06,0.00624187004012511,0.0738818994021173,0.00365701232731158,0.00151421648426006,0.000242507806740713,0.012146861287042,0.00223449612184372,0.00759432165838786,0.00749554299728845,0.000217887980703959,0.00378474279646567,0.000489625117920893,3.30068569640671e-05,0.00140043597137844,0.00400544319784366,0.000713983008407094,0.000515900702907492,0.00201642205732322
0.00175260032685095,0.0011840358669525,0.0179877592392043,0.0663342114241608,0.0288682933060639,0.560301197488039,0.0177556232988037,0.0572691737471604,0.0408118545491048,0.0236208159971397,0.00129710072010422,0.00485366722507058,0.00340029734468866,0.000790113625500497,0.00143283965380804,0.144262600158713,0.0024803874381131,0.000229793659847647,0.000184425705509844,0.00542317981843738,0.00201639735627928,0.00140374368467548,0.00302327307885658,0.00296261279842539,0.00114568268214858,0.000619109215109313,0.000237676764927837,0.000498860976534052,0.000991491909748662,0.000888290362277737,0.00498017709945515,0.00099271347828946
0.0214250774358851,0.0158716719544476,0.0117438491872754,0.101276942936895,0.0416502108869211,0.0436699288698359,0.423440919303184,0.0436596294005175,0.028917223408856,0.0431342925568513,0.00183142212792618,0.0449458552460791,0.00860684840794424,0.000708921070837382,0.00813789800994977,0.110439959273024,0.000230573213080205,0.000516966922586415,0.000312771400767122,0.00641726000387489,0.00580244282201556,0.00274241896718638,0.00331718566928517,0.00127533610735956,0.00674910408873602,0.00363334078397188,0.000608503445822855,0.000214720228142068,0.00939804023473035,0.000601434363441462,0.00824125604005853,0.000477995632511935
3.09183660287919e-05,0.0011279661136407,0.0155351824167159,0.00287717153842998,0.0158263129285979,0.0618077122491173,0.0115884487836753,0.693782979547466,0.0276250359434209,0.0241584534497144,0.000538014330325715,0.0250112074507302,0.00700366721511412,0.0147483920189281,0.00865241344700166,0.017018289421664,0.00106745570620017,0.00200759720761824,0.00169094707417166,0.00299989925213483,0.000623600423639714,0.010833261469872,0.00648954539270507,0.00162443400613491,0.0172199975560604,0.00374677480999785,0.000212282384041729,0.000382782404391199,0.0169521521912002,0.00076576986429952,0.00175012080670679,0.00430121423025525
0.010174219981552,0.0208637793520768,0.00236919035603852,0.00579119302746196,0.0159350143472845,0.0252881885486703,0.067759026414122,0.00192743672904357,0.632855081627394,0.00749639385555512,0.00241196750664262,0.0353305083579021,0.0019978096654216,0.00181858278775214,0.00395127520359522,0.0945549150884739,0.00743421450976953,0.00552721751183989,0.000154902032683725,0.0025060404992066,0.0113096032723785,0.00703472511942867,0.000857913355018796,0.00791308914554807,0.00322371824248197,0.00456825357751382,0.000949093794840941,0.00101460526398851,0.009662443771931,0.000445060435969263,0.00248149253811681,0.00439304408029759
0.00110045703293922,0.00128545686470923,0.000346775927620949,0.0511017848722414,0.000580576960882643,0.00287757054932956,0.0105607306743941,0.0138894755671402,0.00831007598599832,0.671029861441973,0.000727945414584163,0.107965643019692,0.00298684590064365,0.00738107777101117,0.0462135775614229,0.0126584943590105,0.00272757947717076,0.00129494017545129,0.000476447665028921,4.25449275508797e-05,0.00335502496744162,0.00178639642762882,0.00424924970832385,0.00584284205411753,0.00247264886092789,0.000772326083118829,0.00279318371593375,0.000493596519403683,0.030456469447087,0.00249957474755015,0.000885629053900725,0.000835196265771122
0.00156805412691633,0.0132602928701086,0.00862774871813627,0.0291874758991023,0.00997369183637447,0.0297594397080252,0.0087370529725036,0.0340778984020157,0.00384178193710154,0.0178346052995811,0.627584482510733,0.0377250970194602,0.00912022719358065,0.00456194359825175,0.0164025029252751,0.026101015961405,0.000216409909670711,0.0010223948109792,0.000118982865780931,0.00557449058851448,0.00618760442093852,0.0125873701888776,0.0254416886846556,0.00959198133692322,0.00560477417381246,0.00490397705065016,0.0048884066326491,0.00610397822612941,0.0326626920809766,0.0014462037804781,0.00521967048643771,6.60637839559121e-05
0.00353896857483677,0.000783600112322761,0.00398822693606483,0.010886884763563,0.0054981388126993,0.022214880696011,0.0269551417242065,0.0115414434964634,0.02467018343207,0.0222731218732593,0.00466028286639383,0.717361187728218,0.00877171687981849,0.00047763121424588,0.00294153868126794,0.0136020284300305,2.30629054338547e-05,0.000513299993431657,0.00717036683452509,1.05484690136393e-05,0.00175265759866205,0.000195331468349179,0.0043363117416312,0.00499224600323425,0.00162388199826925,0.00675119225714209,0.0129524787630829,0.00242703010272413,0.0415208575268655,0.00887515641982821,0.0258721279460407,0.000818473750294688
0.00671446364270443,0.00197844872807568,0.00302992109900772,0.0133107592669834,0.0659053610211211,0.0206747524010132,0.00981921247509935,0.008445241002721,0.00331428655726787,0.0613098751673429,0.0103315919024979,0.00579316839822049,0.558022594959453,0.00887737323943028,0.0797201759804294,0.00124259685012121,0.00160130020748022,6.68578190217488e-05,0.000510322888233204,0.00208447175201092,0.00506413843025963,0.00698361236657753,0.0138201572524346,0.0198088527567887,0.00242922768030299,0.00937740337642239,0.00739684998286184,0.0424592606252489,0.0170038611266541,0.000933738643639098,0.0103310329943927,0.00163908940618297
0.00155605873511456,0.000139645841310752,0.00599374877838153,0.00825554827124574,0.00419094290721313,0.0027439238503427,0.00183251409115177,0.0167126248925847,0.0129522156933148,0.00563966549177403,0.00754978042296201,0.0668150954401267,0.0151108382566122,0.601817012881193,0.104699696393383,0.0108206321871011,0.000110003247687352,0.00336834222747424,0.000807815110161605,0.0168529954202653,0.00640017093056341,0.00722564310508252,0.0282741619329454,0.0208222300638282,0.00409669932357178,0.000167165536394241,0.00211914063871892,0.00406951727213946,0.0345739498537988,0.000660116840691549,0.00337185673534692,0.000250247627518766
0.00371240464218433,0.00304566736802964,0.00688602062838387,0.000407649712113328,0.000849698678297218,0.0118244005945744,0.0175420027158515,0.00883647976582153,0.00277683720812649,0.0176437364908357,0.000806885951205889,0.0121336056692787,0.0345486746996839,0.00863091062512202,0.774006226292015,0.00538441083567763,0.00102906480007688,0.00259782352321677,5.25283946494538e-05,0.00713795035874584,0.00744533276176714,0.0076138399911213,0.0142956026036643,0.0140383402119977,0.00707336363432506,0.00395771052039385,0.00179956915777118,0.0173523644453785,0.00141083106894058,0.00022222193436449,0.00493160568403495,6.2390323508318e-06
0.028274194142145,0.0490071035270617,0.00479286183116196,0.00435004683455096,0.0236779623913316,0.0280025854131276,0.159428382602411,0.0045415861353622,0.188421391807742,0.0111141823463506,0.00504916990244263,0.0385417262692894,0.00303589554985402,0.00151703240471659,0.00455689937525843,0.324408124659927,0.0130119880194228,0.00222874798917976,8.96519051713106e-06,0.00295157622472376,0.00893210449131831,0.007899697044352,0.00509286998535795,0.00665446070898251,0.0449021394981238,0.00147416807656016,0.00322716223894405,0.00705326238956568,0.00477453868500621,0.000473447090464718,0.00626668821531237,0.00632903895943693
0.00781240623814869,0.000964716323551469,0.0130887328586789,0.00693902634560161,0.00621967996501227,0.00713704289258944,0.00270002805413132,0.00535600208346793,0.00344682265743922,0.00365218727541431,0.00228351920777666,0.000481398941701879,0.00144667720116543,0.00160739150613962,0.00137123777088285,0.00728446716362412,0.77052663625699,0.0109040364193928,0.000687670032003527,0.00389686651759233,0.0314963273833469,0.0328080655507829,0.0103384305255831,0.039096617319584,0.00622594607058374,0.0128377606083936,0.000341033602443934,0.00310538516810945,0.00106989611366971,0.00115447848277069,0.00219448647847415,0.0015250269849533
0.00722926043688842,0.000349291992539783,0.00337889820475473,0.00962080658765132,0.0143948826835151,0.00340528826439965,0.0143546065370934,0.00724341129986844,0.0759273067663073,0.00134644665559052,0.000234361720662288,0.00208888920304561,0.000162036486374907,0.000166498070885608,0.000782782526855344,0.0918066115334461,0.00229961632037721,0.563688171858797,0.00202618776015019,0.0101775435092389,0.0353400146914125,0.0431774621426782,0.0177007047239637,0.0752793958803371,0.00206059581372339,0.00897969480476008,1.84687974313064e-05,0.00155816792411504,0.00198263435621164,0.000265795824811871,0.00127975929727869,0.00167440732483484
0.00497021323392939,0.000847348986445606,0.00221457823716173,0.00354444644358571,0.00637958741392107,0.00547814219556818,0.00784001992261985,0.00186799329180754,0.00640625922849469,0.000615680730074059,0.00380253139027254,0.0330342812652587,0.000225902957153824,0.00120118689795927,0.000553930383172136,0.00742886311170823,0.00184615217938624,0.0022687258890779,0.74866511896662,0.00189990905048936,0.00158660084279302,0.0565385389271558,0.026466329561485,0.0334983516974207,5.49963123374236e-05,0.00153448549957429,0.000194497285360779,0.00245254944197986,0.0265056443100841,0.00577452036041664,0.0014167617582816,0.00288585222840535
0.000765897988920506,0.00135041181813241,0.00340271697581283,0.00390037677980979,0.00217071148169416,0.0135248696950295,0.0253555069230786,4.41682511639513e-05,0.00936087103504591,0.000208816922639848,0.00742307252360441,0.00746649437799751,0.000134361141070783,0.000140688983229881,0.00474720658389237,0.00917957743888445,0.00281529410019432,7.34680729179431e-06,0.013228498382629,0.763976233535111,0.0265470722224664,0.00302625135903816,0.00279256087584426,0.0409469285206398,0.00484464910278866,0.00956917217082366,0.000636679946464234,0.00466379063208643,0.0295215094734155,0.00505551907926834,0.00128902126269479,0.00190372360923724
0.00111895398451173,0.000599212697098863,0.00122527219340302,0.00910212087652116,0.000438008757624488,0.0121182491182946,0.0127800275933554,0.000304148230410742,0.00859693760657028,0.000910056228540434,0.00927412500935879,0.0201126596016563,0.00294877685832001,0.000284990319968849,0.00207808432530971,0.0074089912586708,0.00260703596070205,0.00489124870921494,0.00179668765076688,0.0452297954466819,0.67840379652169,0.00499515191655866,0.0377597914788997,0.0899574618277177,0.00592865721413435,0.000798395378790263,0.00443028958788131,0.003505023381013,0.0140157849143851,0.000666495190989578,0.00795361221157007,0.00776015794938948
0.00632803833606511,0.00920038034098128,0.00304337798618892,0.00124405984240697,0.0129386044006453,0.00498900126235681,0.0166325714072631,0.00296168448323912,0.0681933084271158,0.00344079474493392,0.000167252409436504,0.00364406175571273,0.00323003317364209,0.000969419193612277,0.00301166886962424,0.0552832422232565,0.00854016886904742,0.0148430285959544,0.00806978069616589,0.00343805916117875,0.00102772572762724,0.726242994279312,0.0273430223886517,0.00149738037991096,0.00109120005238316,0.00407831776308845,0.000441000139074612,4.24070836659066e-05,0.00163599552305283,0.0016178552671199,0.000883297823960091,0.00393026739332615
0.00592013080986958,0.00679995416211305,0.00131586964122055,0.0088610237566552,0.000678216666879039,0.00571903951841025,0.0112195297252881,0.00364439405885823,0.0319720206430854,0.00462404177532381,0.000623124949454642,0.0119656480057351,0.00429624859467896,0.0014065655395338,0.00378547343616071,0.00733079523932511,0.00773207042631139,0.00737033232025673,0.000567106987287414,0.00161935503624873,0.00204316850902735,0.00899766721801196,0.815758321626246,0.00662067672160625,0.00844450699003957,0.00245372916617082,0.000473635532676227,0.00221184106915464,0.0179250931480492,0.00592978516122978,0.00137700510990416,0.00031362845518861
0.000226967603284665,9.40333344181584e-05,0.0019105576111601,0.00957226358078853,0.00484806472581222,0.0152186456508395,0.0414252994647326,0.000524311892006978,0.00135918043466667,0.00151890505231803,0.015802029665289,0.0221142425485162,0.00439511709005854,0.000395784033200934,0.00442956236921411,0.0142502906784286,0.00151726797751389,0.00126768231961044,0.00480141820406943,0.0453793669522166,0.0635744585080855,0.00995565559119918,0.0793430571399333,0.567441598705529,0.0215120866717806,0.00387619632468369,0.00377557223610986,0.00643204116296926,0.0318453048799506,0.000283735335510325,0.0184113416208229,0.00249796063528061
0.00206463721314726,0.0137721040379875,0.0119148369986479,0.00605178976461664,0.0150550981209165,0.0145233960980894,0.00441614989712506,0.00172701130835171,0.141295055697824,0.00339927575593578,0.00150350685895075,0.00269933316804941,0.000557989858745147,0.000141250863388094,0.000323375019958487,0.0781000106344386,0.00715132218880902,0.00158864367530904,0.000820455039486017,0.0187625826018918,0.0253602790192033,0.0167706264093071,0.0072503539438213,0.0582661663834127,0.536105480746204,0.00992567034683542,0.000849953440004641,0.00225498619393753,0.00821288386337233,0.000981623468614516,0.00312206649179201,0.0050320848918275
0.00512482986751846,0.00478600144847443,0.00140509068073273,0.000312738532026746,0.0166825852267955,0.00352274768108678,0.0144841951876583,0.000787931103550051,0.000678451203955457,0.000861723560839515,0.00883400879474279,0.070842384198959,0.000385871849306662,0.00370055971712557,0.00245243142645919,0.0171245986259268,0.00372091860502298,0.00136033070016238,0.000421632939446842,0.00606598022071351,0.0223660267684586,0.0110959040601781,0.0215599208345989,0.0016038191140217,0.0175371248157906,0.69456498795868,0.00332769947121549,0.0114678701835908,0.00491280716925553,0.000109160231250387,0.0431960754885107,0.00470359233394494
0.0002784490289764,9.32510300511261e-05,0.000161096028697454,0.00145979642307498,0.0227137996565945,0.00267322628743158,0.0184497899530652,0.00192949146656521,0.00412743499413151,0.000869012259346462,0.00588337380482875,0.0621603845394436,0.00229481227338755,0.00122483123213235,0.000715926348446099,0.0356315458646185,0.00100008312087102,0.00571598771009541,0.00356368616878261,0.03263369429068,0.0821680262588567,0.0191296539811987,0.0371415370316829,0.0730186023363681,0.0235565589203128,0.00532953382187235,0.517599444149983,0.00388821262442512,0.0154175918420421,0.00180577804839613,0.0172446279535431,0.000120760550099167
0.00287798196337893,0.00224671011233474,0.00293187377741854,0.00827341612751098,0.00417725925750387,0.00123544040109078,0.0148716034279723,0.0133031811517287,0.027123795740589,0.0538775687825181,0.0122750623288069,0.0835475790024998,0.0259100998219474,0.0050811624991811,0.0728238396559256,0.00267482755261103,0.000652292667990688,0.00194656716561237,0.00602455485916287,0.00191931858374431,0.0099588980939253,0.0101022535241301,0.00156615369227541,0.00565493141702303,0.00537007923063852,0.0046999060331864,0.0165636808329865,0.47864890312275,0.0876880575884746,0.00749194841256354,0.0283870923702914,9.39608022270826e-05
0.00192169130036203,0.000323227077251341,0.0089835687379798,0.00127452261149038,0.00703663017656864,0.0343489072118632,0.0439841038675344,0.00180587357049724,0.00236419395357132,0.00555326968118103,0.00523502633550226,0.00649301172231755,0.005590057233273,0.00166253326103582,0.0181959823963088,0.0159568144241891,0.00228112646190166,0.000877182312663158,0.00409512668771364,0.0542023967717904,0.00130083278216392,0.0436819595819323,0.0183637874802608,0.0207509636475256,0.00584278242230814,0.0445136133487513,0.00207694259030884,0.0142770981097278,0.620715527623899,0.00112517721800976,0.0051597792992233,6.29010089416947e-06
0.0047003061062293,0.000414695041750057,0.00329025352175317,0.00362355923945117,0.0128632968306953,0.0100587561307066,0.0394659478281626,0.00115820613058199,0.00126189152309132,0.00252909116358054,0.000260564755844307,0.00190611065495096,0.000375486641016208,0.000601309073913694,0.00525482753328244,0.0249565760534058,0.000789156110607142,0.00435324959408611,0.000767507300234004,0.0108164148762444,0.000416944297090768,0.0042810239716251,0.00253204939725565,0.0174032973883668,0.0195902272265931,0.00381383085176788,0.0033533854188567,0.00192739556987452,0.00221328518066927,0.799940307467001,0.0145675788479409,0.000513468273371502
0.00211843938924913,0.00475437182163056,0.0120067329788805,0.000680831222844219,0.00166378109071653,0.0405915035981354,0.0142992978597927,0.00141881508530708,0.000771536720682062,0.00437776861662526,0.00292663691260666,0.00378150272026612,0.00232074665932644,0.00923090671597386,0.0145847760974598,0.00753680765345162,0.000907167344971599,0.00258839026638512,0.000419620957272245,0.0200052312942799,0.0209259859194655,0.014098591654547,0.00201050214387441,0.0361192096498425,0.000685844503194482,0.074316753327649,0.00276779366850745,0.00528263427992385,0.0195821516099473,0.000854485616130087,0.67586894130816,0.00050224131290114
0.00153262779664797,0.00391513312379416,0.00506418182771986,0.00214451545738954,0.00345416553350428,0.0169277250272304,0.0139263535109013,0.00209735554341255,0.00404205683129579,0.00418502387796291,0.00403642058718397,0.0131621455703085,0.000328223112308131,1.3580427573868e-05,0.00170784592439329,0.0142868455992118,0.00546906666866543,0.0122962573428753,6.20162032065768e-05,0.0296440827586868,0.022835114474413,0.023415526292332,0.0516599600462299,0.0121516962092192,0.0189653963003645,0.00332031986053322,3.55995240258949e-06,0.00481922831470944,0.00574891294586588,0.000692554744028756,0.000917550648906985,0.717174557486722
