0.102944089765167,0.000523179602767235,0.00022683588907211,0.0523714663546683,0.0334229847872514,0.00170751638923795,0.0340325739485869,0.0818112293847753,0.000870984206717979,0.00745588583288148,0.0273821472965807,0.302473726941815,0.0438736403710336,0.00141341327857466,0.00253077591976557,0.00885356419108421,0.000360520033858695,9.52570090531291e-05,0.000246843049003093,0.0198840430887397,0.0138535048014537,0.000208833219641006,0.00615713663213143,0.0245893599611462,0.00612775899909692,0.00410985960587962,0.00423259462498546,0.208523490164932,0.00126174632167139,0.00121257512049264,0.00132276272177973,0.00591970048615635
0.00747386874140714,0.330445521120652,0.00111950959344617,0.0173048001283101,0.0189277310056352,0.028186152697294,0.0598431658614322,0.0362826199507318,0.0306186237304366,0.0113470455017916,0.044812654717104,0.00317361230846284,0.0180518638378973,0.00013753655938988,0.00111534489355893,0.055455634943963,0.00283352763138527,0.00118242575770391,0.00258206789849498,0.0375772891672293,0.0889928455074397,0.00918517311267625,0.0906469188796197,0.0739131736166918,0.000347411433303766,0.00443204393379126,0.00406050120267725,0.00130415423370983,5.55000771714167e-06,0.000406457465149883,0.00164676083257841,0.0165880137283182
0.000413665224502896,0.0029624955862984,0.200374389470162,0.020058443703716,0.11207646889383,0.0168176818341231,0.101093430216952,0.0892815059281952,0.0144491786453419,0.0411516005613432,0.157715301580294,0.050350194991311,0.09562993940666,0.00124071952538501,0.00117886541273045,0.00953804479768573,0.00227911541824,0.000623260989920344,0.00089279753609295,0.0119280951158612,0.019942248628476,0.000547716173553361,0.012561880295106,0.00191761790725744,0.000240355480817878,0.00209693832276125,0.00148667242916334,0.0218074730559773,0.00265828279209297,0.00168126403874954,0.00105518655497054,0.00394916948242947
0.000209932862280262,0.00116662636371438,0.000251115945833682,0.144848261855788,0.0276284966320851,0.00206120173750923,0.0597681136359126,0.0431784635076248,0.00829975643716788,0.066075548028185,0.244984719303809,0.128867872126148,0.078950619449411,0.000381992243727899,0.00119058298599785,0.0128001622091174,0.000335187299828063,0.000732037062723097,0.000125953257897207,0.00943146108829068,0.0139125430559213,0.00325517563838464,0.0162188869818638,0.0192134274430992,0.000449605125318249,0.00299418080323634,0.00279434959528941,0.103533901156717,0.00109482761104774,0.000237742471044962,0.00073523242689185,0.00427202365813437
0.00130882007789086,0.0135242575230495,0.00327845011499164,0.00789140053162366,0.0982566311249111,0.000468314260037365,0.109690116598361,0.0351866044688843,0.0145331598335854,0.00275070425781591,0.0057411675143517,0.0512663054879332,0.00814280851938981,0.000931127060095184,0.00133930117401565,0.0328244473266396,0.000408926228548797,0.00116895358532032,0.00114175989624896,0.0998971489444738,0.142473883005094,0.0031617472657411,0.110052308659273,0.175426401177194,0.00101981889228567,0.00724565790981353,0.01061652460864,0.0337980134926145,0.000478140371516016,0.00120992313309099,0.000853540739562437,0.0239136362170074
0.00112719151800582,0.00154929227134369,0.00224298384751672,0.00812768857900131,0.0714099085532567,0.186110626331649,0.163141592154758,0.0175206893495663,0.00218012402575203,0.00641672535290534,0.0172897147498156,0.155853290960134,0.0480917312958255,0.00537292198808582,0.00408248167238284,0.0322370008053897,0.000479400134465331,0.000730678176823661,0.00042369458501999,0.0572529013222436,0.0275297140277281,0.000494447871024368,0.0291258055614999,0.0725401973792987,1.63545888547342e-05,0.0018550721116338,0.00102180101138215,0.0755705288851788,0.00165873325133668,0.00230960924949825,0.000161164531673398,0.00607593385695084
0.00114395587934915,0.00422043433028038,0.00143022041470633,0.0135253734297682,0.0412901660122935,0.00169327392141353,0.372169725021726,0.0129662947515639,0.00449758597419017,0.00164781906418208,0.0221238737211791,0.192023913359868,0.0435976719468433,0.00272696488611624,0.00241308728196848,0.0388932195867386,0.000885654667171514,0.000498368753476252,0.000392799824769085,0.0195908581965752,0.0240615105589214,0.00316301908909503,0.0386000804002547,0.028082407652467,0.000534084816494154,0.000244167932704032,0.000722671366558503,0.114852505895324,0.000298317126161662,0.00149392910912838,0.000254934111041431,0.00996111091766992
0.000217365744060259,0.00266747812244079,0.00093517883273025,0.0384997773412959,0.0269435853361404,0.00144408467796647,0.0436409675856941,0.088280298512098,0.00891383837570916,0.0741294792793174,0.257154499581149,0.143103615758353,0.0742344294441959,0.000528478612309847,0.00153728530280149,0.00959898504043679,0.000666618728652741,0.00136759896889647,0.000283969481692684,0.0196186548680148,0.0238953487536053,0.0022105025461859,0.0096378779364764,0.0411694650678064,0.0001976200485492,0.00287057491456673,0.00350952592447387,0.119004126277505,0.00108127548697115,0.000204416595771333,0.000789252635410865,0.0016638242187224
0.00155702738587533,0.00100221386753365,0.000157703347188154,0.0165539859859091,0.0357785759282936,0.0115424969925872,0.0114695027492263,0.025699508820673,0.165387207249935,0.0347435229130653,0.0410014728819226,0.251119827889894,0.0250276181038271,0.00489981675044013,0.00315390805212664,0.000716323453631292,0.0016611175093571,0.0043081800868387,0.000563971874623637,0.0112232654859082,0.0379189054662169,0.00308307942817612,0.0582430780032415,0.0232709995735365,0.00766929065476348,0.0134302676561096,0.00999593284140231,0.16675310899879,0.0010917159428563,0.00124964002165846,0.00110099800114873,0.0286257360832435
0.000479222469190559,0.00127866591470323,0.000488173966348461,0.0712698346093981,0.0685081870455629,0.000369629010588648,0.0653110139767917,0.140014864557504,0.0155131852033131,0.180789809922699,0.129111618448958,0.0887159842633366,0.0245284911291366,0.00112052692426718,0.0086191772347799,0.0249368943934315,0.000916417764997732,0.00131901044506693,2.79507798458443e-05,0.015090752835764,0.0244239393755707,0.00411752373428145,0.0226731922312218,0.0228018345443883,0.00165146111211368,0.00413021831888036,0.00367304623166816,0.0681650744868579,0.00191956164174459,0.000523945197892745,0.000135934854054737,0.00737485737564064
0.000839095552762117,0.00119069809912816,0.00032147775945553,0.0764792657156674,0.0615641843418105,0.00161186164322584,0.0952125320344581,0.0919908348751808,0.0147005026776017,0.0359126708231044,0.143489564368973,0.133939073131829,0.0235536841788305,0.00136273204772525,0.0112165031969387,0.0336053513321458,0.000618367206010437,0.000817245815748099,4.53131824314944e-05,0.0220595787689595,0.027037310279356,0.00523433593017133,0.0438027937956079,0.0337822496481954,0.00215997539515581,0.0047774447318999,0.00387067181982839,0.10932214591615,0.00264752176197584,0.000867473336134703,0.000641888561498607,0.01532565207204
0.000541437517598939,0.000295401212287905,0.00138319143105043,0.0350124473903808,0.00119720670369957,0.00269147624532484,0.00821853183875454,0.00646525299128997,0.00522271775480876,0.0550948871562891,0.0921384878304933,0.277482424974301,0.0202477891282857,0.00596933854061184,0.0367333717083232,0.00413741809273265,0.000551317397074812,0.000535005677157932,0.000306688921972457,0.0215833849193165,0.0185538902024797,0.00632639769204261,0.0223408103010556,0.0487405865278432,0.000323206093349783,0.000562767759785336,0.000983798691221626,0.320302562216435,0.000104893284431791,0.000158845472353364,0.00395876395234866,0.00183570037489934
0.00142150627227933,0.0010799105532074,0.000865991481615785,0.0831361012999763,0.0572638480116285,0.00350955189374971,0.0905812771953657,0.0692534080637061,0.018348033853147,0.0109214614075644,0.0296383946151077,0.101004698089253,0.108561692151491,0.00245545894626393,0.0192379184565662,0.0367717888842152,0.000398209705729013,0.000404786345035191,0.000136024616577502,0.0357095233339987,0.0506448211941966,0.0045272030692966,0.0673197925581772,0.0682395943421557,0.00254989079743771,0.00392365536572596,0.00346115562731426,0.100832576864144,0.00363171678696395,0.00134803121712164,0.00228112347095475,0.020540853530034
7.80543208703082e-05,0.0129111404457716,0.0106367359906628,0.00598398739855783,0.0659901773865547,0.00209658265909739,0.0110615322753271,0.0610961735588828,0.00180820881496553,0.0613808327180756,0.310949539431658,0.0418003444928906,0.0762195382292497,0.143633147389998,0.0409808744204949,0.00572892754888725,0.00237199863335003,0.000711833142743073,0.000269932431029158,0.0149649353168188,0.0119222023460684,0.00746651497240588,0.00528224665493076,0.00486918652303617,0.000120883480398745,0.00561110289312536,0.0227583746129584,0.0579898005148704,0.0040367671092507,0.000249258338061397,0.00200708074516298,0.00701208520384521
0.000476544218648322,0.00109156880382038,0.00171860510715907,0.0465609841664741,0.033984184383541,0.00267362156105801,0.0436535281158891,0.0550375308962478,0.00141807454723829,0.0222633418152435,0.290363191375147,0.0336539695060223,0.199997219339514,0.00840991728111535,0.171555935800797,0.00515756744889453,0.00113815315957789,9.95681648278862e-05,0.000529946750792042,0.0129004505242329,0.00225479652450113,0.000554808417697701,0.00167341907140059,0.0263303789333392,0.00119362314570499,0.000257161066361287,0.00200728442668536,0.0249086578426334,3.53507970382979e-05,0.000380083007170873,0.00747399053871199,0.000246543262515264
0.00461304079436942,0.00212457715831438,0.00110542440871651,0.0266002385493964,0.110857160327772,0.00616638738340624,0.155182090798248,0.0248384157965801,0.00472384953940796,0.00193458487479092,0.0154119449342672,0.298641091015944,0.0592634004583958,0.00669353783039526,0.00654163325596375,0.0429491120213454,0.00381447492675968,0.00264941801442009,0.000292303205474214,8.38801049756936e-05,0.00735620538135972,0.00218346999233171,0.000284395455925,0.00149225400021467,0.00976226738576751,0.00523538442779921,0.00664079846813865,0.187651753422421,0.000914745379808315,0.00171688249503461,0.00144443979479877,0.000830838397458305
0.000728120906402114,0.0224331577924257,0.000549354972591661,0.000132015680430873,0.00321837685638739,0.0246689962574109,0.0262554360028481,0.00987949817182611,0.0170717535809635,0.044260807417707,0.116043815086228,0.0646947196305893,0.040337356684123,0.000712382831318936,0.00379482212172995,0.00179613518689482,0.336856442633631,0.00371736458345309,0.000753925996096475,0.0116937482520897,0.04453874854701,0.0142140061165075,0.029669634203565,0.0483637418220254,0.0137693516088101,0.00962648432983808,0.0233747822868624,0.0794787174148079,0.00200860303350082,0.00059164961670799,0.000534460448282413,0.0042315899269353
0.0014318661478933,0.00297317927904431,0.00276391313941646,0.0208327012474988,0.0338964447879926,0.0114537512640465,0.109669334844174,0.0450778334083194,0.0281828461827274,0.0934879855655306,0.147051119489361,0.0607510111117101,0.0296541408152636,3.48190632949107e-05,0.00197775717299574,0.027767942958643,0.000791424628101117,0.148178346077683,0.00104462519598256,0.00617848924405391,0.030704511540391,0.00912853041623426,0.0588755389914168,0.0244953677020738,0.000523563804771082,0.00587106646004634,0.0197251027838289,0.0710818521767716,0.00452825986726737,0.000131809512744701,0.000741750682168492,0.00099311443855402
0.000300276058182151,0.00290303865344737,0.00252948541446966,0.0498847849759914,0.00675648723142932,0.0114642889522109,0.0200591285918782,0.0446997824991447,0.00527091512153352,0.0801583269404986,0.119421634050999,0.0676490594751697,0.00215876233834927,0.000465022406802468,0.000323025474991705,0.00416954093447825,0.00284370969838021,0.00152544520451717,0.106200596068528,0.0232600008808729,0.101320795438789,0.00323212427984687,0.0715617796752359,0.0928014503874317,0.013061850541733,0.0624936551499326,0.0521815406303556,0.0343728219587636,0.000548658244566577,4.93795891449642e-05,0.000203321890249973,0.0161293112420761
0.000197762025537051,0.00372550947280389,0.00303488712582463,0.0428500516777413,0.00257313380015982,0.000736476322473399,0.00395511855284802,0.0427293384073447,0.00698002662431901,0.0284938964245074,0.0871952602712484,0.208619667847893,0.00603811951211663,0.000287164490958669,0.0024893874915538,0.00417408387836819,0.000276057985690355,0.00253540955406274,0.00157571050189962,0.255968201792122,0.0309270926233327,0.00769818111689754,0.0450127248257772,0.060353605484261,0.000442208744667206,0.00129763478732856,0.00494838961413099,0.131435403877697,0.00439109790117958,0.00110440722153704,0.00189442838586239,0.00605956165785568
0.000817984680634642,0.00101365048282686,0.00132044517816409,0.00606844553826715,0.00809623988291465,0.0014050202500753,0.00398791731925226,0.00506362257109008,0.00135917863778939,0.0421450879432007,0.0806941664755305,0.359384171424374,0.0225067205989397,0.000326191999362014,0.000442416274332237,0.000185595293458199,0.00120363135242378,0.00025432473029798,0.000130938565032409,0.00120023458388764,0.113452630862659,0.00555925122253527,0.00626406722495457,0.0219668289058395,0.00251857692329293,0.00850048791129088,0.0119125056011679,0.276385004137476,0.00528204256123017,3.41351524121604e-05,0.00401076459729636,0.00650772111799119
0.00104986457846127,0.000263965290828967,0.000120798019393736,0.0555850824855544,0.00592584986831928,0.00209502366355746,0.00323298880891524,0.0483427966798725,0.00300232931387321,0.00692031590304333,0.0367302606764272,0.243942972307255,0.065225194530655,0.00147301417917443,0.00160242806177831,0.000385682709996704,9.27568985977502e-05,0.00065748172312424,0.000611655151967387,0.0434448623427525,0.055744332276533,0.0613510918247994,0.0674152685566195,0.128064181452491,4.23889158051415e-05,0.00138558502400656,0.00486322335907796,0.156045544896839,0.000509702136453182,0.000123412172381343,0.00296428853808763,0.000785657653358887
0.00118759283527479,0.000797295656231695,0.000784147532177145,0.015678056811901,0.00018577559939947,0.00132551811788377,0.00140942776828479,0.0103248630705345,0.00373598913485336,0.0259024338655831,0.0157602756010115,0.269112716221133,0.0297342651236524,0.00162222823703268,0.00125758758708709,6.26539569833285e-06,7.24598308692723e-05,0.000764615881940599,0.00110426093759232,0.056851111417082,0.0436163195891529,0.00486768761028251,0.177868087848449,0.137879427468707,0.000567606405725211,0.00562918868887742,0.00691516485981897,0.182958771434958,6.54700162434897e-05,8.94441067016807e-05,0.00192362939859508,2.31594726630894e-06
0.000293133315061174,0.0020223052412455,0.00303871149755173,0.0442357918916143,0.00822375449693642,0.000396721885203961,0.00914493251985008,0.0431020789473688,0.00242691930966531,0.0314414822050935,0.114465468701968,0.292252992864033,0.0134049992100434,0.000295325750086405,0.00167297170162555,0.000985907947105594,6.79111535735102e-06,0.00221709083117149,0.00155167837887077,0.0675365078105968,0.0178540140712425,0.00460858641012741,0.0121382901510647,0.0837876786478769,8.04593598675564e-05,0.00533141765277502,0.014602397616921,0.206314575453435,0.0083974045238269,0.000633071451764807,0.00372152009186723,0.00381501894878168
0.000713066522155726,0.0023834050047198,0.000366545217323941,0.071691721924152,0.00109771554980839,0.00456115269320781,0.000232747152672086,0.104556483060753,0.0420042782827553,0.0110637343917906,0.0244378046400554,0.0527658012611677,0.00569980680534188,0.000375194843654773,0.000362316329293375,0.00341600289329819,0.00589559423408988,0.000432065283116057,0.002645980513969,0.0397112822481471,0.109546856323821,0.00315889378025203,0.065699402614021,0.0948665909852686,0.179649281846708,0.0357802256898059,0.0440925979656939,0.0744339657772504,0.00865400405994256,8.31588018961424e-05,0.00451817722112256,0.00510414608274544
8.02524187726225e-05,0.00296243262435558,0.000962067371991261,0.100478179532289,0.0415752237152776,0.00288566470072721,0.0424542669786704,0.11216590794145,0.00848364003608964,0.0523561588545115,0.179351163232468,0.0599170429995385,0.0139392443320713,0.0002050020933387,0.00142206698165635,0.000174508746629961,0.00139891084666976,0.000420363438105771,0.000199732205400775,0.12303852902426,0.0232795102526031,0.00360169398101235,0.0412328359951162,0.0618982870440619,0.00172844769892566,0.0639547284975015,0.0153287773051065,0.0313880070599416,0.00373813020005123,0.00465926604083388,0.000509205389894484,0.00421075246067689
4.76190609863218e-05,0.00164626676867923,0.000626286534515751,0.0764196248527298,0.0351333337797643,0.00348474917440817,0.0751389808502244,0.0768997798720436,0.0053729300343753,0.0170314272479746,0.112985604544428,0.134498961249965,0.0157616522886939,0.000915964768149752,0.00360766902346547,0.00370801083203446,0.00114822984941699,0.000431744164746078,0.000590725585086218,0.0963926648726924,0.00567722057210587,0.00211006651141227,0.011101110343934,0.023055025351128,4.84217579451112e-06,0.00468967504025289,0.184214775044597,0.0876502952600499,0.0112689256292046,0.00433442876831137,0.00366236356445869,0.000389046384371204
8.01245807355398e-05,0.000393113002225347,0.00116788981438194,0.0236179138756993,0.000230363207705258,0.00169898859498329,0.00947441353713134,0.00160195730043646,0.00300061926613212,0.0360173829632371,0.0384354549714544,0.244397191710615,0.00745684717776032,0.00342969111489942,0.0198161490899068,0.00332459067949436,0.000605191138490959,0.000413123210478858,0.000186110074374872,0.0169290368911386,0.00816257793891147,0.00707926594443729,0.026034892115865,0.0216791098354941,9.53899362995753e-05,0.000299185560157732,0.00052591369458314,0.521554618650338,6.51609226339344e-05,0.000112523148595224,0.00121387100737156,0.000901339044031571
0.000727127889130844,0.000133463572423639,7.94058688135292e-06,0.015494248552486,0.0199156735807232,0.0106173906519323,0.120876955917756,0.0222143606788239,0.00452030341923951,2.36178883994722e-05,0.0122998359710776,0.242363377049855,0.0347694030527217,0.000207726365898932,0.00312957677744783,0.0213249657824672,7.13440609569596e-05,8.06639409846283e-05,0.000104123619049751,0.00480852672341117,0.0450490842415812,0.0111561646179606,0.0984558810979676,0.0683502862060966,0.000668121866750864,0.00434776755534647,0.0114101672651128,0.193194549887007,0.0365802255427341,0.000101588987451858,0.0092980868746202,0.00769744977570309
0.000176827090389601,0.00110431394972297,0.000271568993284667,0.0640351529200206,0.0921503523083761,0.00537236853570726,0.0829431141611951,0.0720018675247418,0.00363917919878168,0.0179204161773117,0.113897763569146,0.0470878630635801,0.0365888503727178,0.000651906339176017,0.00068094956538023,0.01976503362379,0.000373465980737579,0.00072903312452704,0.00264611483282158,0.0509817788292665,0.0492460435863302,0.0128156599605842,0.0827206830068738,0.0556126225890567,0.00171223961469196,0.0158224325518304,0.00771054001151239,0.0545892264352573,0.00277362668548323,0.0942104035160075,0.00244531016339426,0.00732329171830418
8.10869951413841e-05,6.00012803631174e-05,0.00266535613477357,0.0895189458746311,0.0478999214245118,0.000215631265054674,0.036418635888746,0.0776709286577355,0.00064148231401349,0.00391110175006324,0.0302885586650909,0.0741558099101237,0.0119345477088493,0.00225581876524359,0.00410448176436006,0.00823155580076998,0.00218024130845627,2.17391804311732e-05,0.000796377198788683,0.0920038690840387,0.00444514230334547,0.0249660560110984,0.0473075980971304,0.0311145997367838,0.00128430310752513,0.028024837571322,0.0306131621658065,0.107077900793816,0.00295537120763925,0.00311106944627798,0.228411599172948,0.00563226941512072
0.00125353759628524,0.00135657308450987,0.000585340828873009,0.0238101899805009,0.0115522343328174,0.00427043223520135,0.00359731356675811,0.0399756439315678,0.027004677606271,0.0562959937630306,0.115239549444516,0.0127284387904062,0.00646818412201031,0.00418808455713657,0.00421772739890417,0.000704092142940268,0.00840354197880561,0.00442453280173218,0.00129578770398799,0.0457950923699748,0.14383414435807,0.0126796080134904,0.0856348110640405,0.127139726223005,0.0261260058387601,0.0557815947663783,0.0764077743283672,0.00883241419140517,0.00879703485343895,0.000571302836441769,0.00089152064402942,0.080137094646345
