0.769532066134989,0.00519252087934233,0.00241717272328367,0.0197127265800437,0.00631615794572682,0.0115271084671469,0.00806561541702798,0.00321000175679609,0.0263903023556132,0.00265978463632601,0.00254604743054843,0.00619845470654037,0.00956988228099864,0.00221940353429947,0.00265076348139279,0.0306251211256573,0.0163005995146781,0.00438943989389154,0.00856828165116707,0.0143816763600868,0.0010579135745981,0.00878876863323661,0.00798608808100342,0.00999382768671162,0.00446679041773528,0.00128680921906417,0.000478512929986803,0.00178279636501973,9.97762651220192e-05,0.00192528493119255,0.00900211578164948,0.000658189239123998
0.00225914710247609,0.769118165388565,0.00681336973569512,0.0139721897308679,0.0220987165276053,0.00764408809693333,0.0261245024452445,0.00877061104623805,0.0162937254631563,0.00514969938273317,0.000983096087823458,0.0121079332880413,0.00660954007601038,0.00131325876499622,6.28017786895523e-05,0.0259668449629316,0.000358950815669073,0.00134173385193127,0.00358002714741682,0.00567905752669225,0.00288536198072208,0.00199383721967739,0.0303895594419294,0.00249036422718575,0.00330771250981619,0.00104890346352642,0.00213672866905364,0.0038430038791294,0.00207082006498899,0.000294455647324111,0.00884872720808177,0.00444306646884821
0.00232943929999928,0.0018125826686072,0.666586186526325,0.000905659968298126,0.010810810868639,0.00525787829792988,0.0374396265616879,0.000440956924565822,0.00564874529161702,0.00152266308996405,0.0120118309063039,0.0853501532683176,0.00765774835296111,0.000915554823170667,0.0103177171880759,0.0388173537115489,0.000851922200524279,0.00070017871834615,0.00298090603396911,0.00292589514018591,0.00737937390942999,0.0028909382497779,0.0105463790097112,0.0203244775977694,0.00277229635572667,0.00879747869260717,0.00492777782966368,0.0251812817708332,0.0191015246132426,0.00239174346124163,0.000290607831067009,0.000112310837892806
0.000121248824363935,0.001717041599502,0.00381566046054487,0.79545587815854,0.0184377845052022,0.0189847519837818,0.0565667511734489,0.021245066846727,0.00134352963329277,0.00488201791688876,0.00110401965068421,0.0185956958406579,0.00556644827920704,0.00410318430493242,0.00192189936635555,0.00410321881355774,1.35306888894455e-05,0.000410575160683251,0.00119243293090536,0.00530291756071177,0.000128091305146552,0.00842605611515788,0.00474085793285051,0.000498226836459242,0.00700061600697079,0.00476689430617726,0.000365696386127791,0.00461925909381238,0.00151641312438685,0.000438428902581234,0.00174890490655448,0.000866901384897708
0.00202053053260038,0.00302602920385948,0.00262724239817357,0.00523647337106267,0.761374654766964,0.00387338823292354,0.0218022625404172,0.0103788464693235,0.0081435150249606,0.00144806894757688,0.0239526347108932,0.00597396958152818,0.0023804157789073,0.00474496498209842,0.0071843968687162,0.0177083682644068,0.0135871057004885,0.00188102928502809,0.00264805742622005,0.0132463174157636,0.0175872206480354,0.000426369559492217,0.00153006307108535,0.018809225616923,0.00252352238279205,0.00685164864406565,0.000640415288739925,0.00745959026725372,0.00611497058913467,0.00456208288295929,0.0149752825788921,0.00528133696871521
0.000991795558256691,9.71807104273228e-05,0.00371660464130028,0.0299366015496844,0.00846444679199528,0.839257624278828,0.0105998528907851,0.0224135855570932,0.00509499155013038,0.000237979101182363,0.0118415951688334,0.0197641082784213,0.00122393085381822,0.000942291728675127,0.00548745240980277,0.00849668591326666,0.00288062530309341,0.000133862550521478,0.000195205103543584,0.00233244081817343,0.00125255501021031,0.000825372523512722,0.00513148714828873,0.000141114143353261,0.000390709460207495,0.00463999331891771,0.00302729462476443,0.0019920194153987,0.00568644778696605,0.000107324457516555,0.00151192988471456,0.00118489146831719
0.00427504449429322,0.00710883518828235,0.00810474428160721,0.0501347117312946,0.0140326242410088,0.0204773869307169,0.738406477127095,0.0186090564105252,0.014112876561375,0.00877248652920419,0.0120930814041884,0.0141238877704364,0.000574281386479542,0.00266285650728625,0.00204148704454182,0.0128070902553623,0.00368793701751809,0.00128567535068633,0.000554273439135339,0.0058664470813775,0.0029964831268022,0.0014939944695071,0.0209490965712253,0.00188867241964338,7.63896411699769e-05,0.00464877524147625,0.00242966353251755,0.00129013441244464,0.0140895878030377,0.00176811132844849,0.00127191875962591,0.00736591194168701
3.02694370493546e-05,0.00132895143467009,0.00835158921274719,0.0349344551005021,0.0170372075463929,0.10583777704968,0.00624763219896042,0.651519136646066,0.0280820929776487,0.000473972553840096,0.000265175755222018,0.0710821666954948,0.000284965471853694,0.0108998640633291,0.00686078367412787,0.004813740655491,0.00278481399017723,0.000571011558186461,0.000161099226111869,0.00180228127109986,0.000885918118142415,0.00443066088540069,0.00457834550667923,0.00215908306783955,0.00613017374695859,0.00214701822745639,0.00213856749936289,0.005842945912749,0.0166989409554905,9.0693405470168e-05,0.00139517469734625,0.000133491458453911
0.00242922596589354,0.0139841391437507,0.00653777045077201,0.00653614984028476,0.00843592977204,0.0554905051249728,0.0738725574312052,0.00333701462227562,0.620972845527744,0.00285442827439689,0.00566541957173637,0.0155884224617619,0.00382390114486742,0.0017297318499957,0.000122415201174484,0.0781611439664341,0.000665435666633168,0.000999071603796662,0.00170921413333359,0.00426735290973105,0.000666758337208926,0.00158825220435775,0.00858489339807875,0.0119752592317519,0.00259307908410199,0.0248133978270393,0.00794898935645691,0.00554432725944901,0.0150667663199279,0.00371312230623277,0.000817138837071831,0.00950534117552346
0.000802346153800095,0.00244049809520038,0.00393495542796274,0.0106833899603845,0.00422652806900901,0.0153707866001543,0.0104428033364537,0.00206281676584523,0.00954507968041232,0.825041189261031,0.00456512503323379,0.014672842319655,0.00207730832846752,0.000829477944535762,0.00113994518790263,0.0066232013865734,0.000647989540818656,0.00131314474807543,0.00826534196166708,0.000849653827742899,5.22946839967889e-05,0.00836535995138857,0.00909971553561909,0.000951687091182996,0.00845060529459598,0.015456944044206,0.00216096181356538,0.0217260813806776,0.00228984958974976,0.00123981456195244,0.00336121985459624,0.00131104256954402
0.000625208268054692,0.00291282856124792,0.00143803257518193,0.00151776366857964,0.0244211250855294,0.0118036687882173,0.00777673252064066,0.0120468439258527,0.0189615753007583,0.00384161899016612,0.762102985442675,0.00116244699865521,0.000889586021799194,0.00100393961302654,0.00168922463170142,0.00190370096198153,0.00820028597592569,0.000635028568647001,0.000330937242415226,0.00543640107330048,0.000754972389646921,0.0140724700195507,0.000440455785762138,0.00783113631944122,0.0240108626255194,0.0256876855956672,0.00148418875637013,0.0185983752471015,0.0194874050984274,0.00140080034303344,0.003359056372696,0.0141726572324284
0.000341816547392889,0.000740288339895603,0.000880694275571864,0.0220920149608736,0.00210609702138919,0.0273637905099644,0.0401203800426994,0.0176408385986851,0.0139254476159882,0.0144493790839892,0.00834629467151269,0.744212009227652,0.0110990013786964,0.00768503152487314,0.000868163854197692,0.0214423616937987,7.68152508576653e-05,0.000703470959559979,0.00300260671698793,0.000132083782256409,0.00226230824550679,0.000138030281023584,0.0190196658918618,0.0016431472507148,0.00337509808065008,0.00515674388383129,0.000885270483494523,0.00762791510629736,0.00162085278583502,0.00145015535301552,0.0192302906255301,0.000361935955397111
0.00067259089169506,0.000572404658489338,0.000479899037176298,0.00132493533392302,0.0281003049709938,0.00518146336742453,0.0284712795647116,0.00414266787126463,0.00806008460404775,0.00886567117401926,0.00101730499368468,0.0166954786900954,0.806028782171189,0.000383524058151887,0.0110701728963238,0.00148077575613608,0.000873560051211719,3.26333939849168e-05,0.000696386504660043,0.00259004393192863,0.00212157844312194,0.00227207769678295,0.0035109971475499,0.00326385976647294,7.84565424059059e-06,0.00118154232212285,0.00112010693509675,0.0413989119500306,0.00659444136585193,0.00261670937573546,0.00891766924432809,0.000254296177554148
0.00384817547239472,0.000240306276562866,0.00293208941014946,0.0033831678225142,0.00345715868848053,0.00413339540946098,0.0164369046012013,0.00132308062227993,0.00716845186322609,0.035219618365549,0.0148505935464523,0.0138728953851532,0.018006766813483,0.780181120664102,0.0302627467021866,0.0124256589529191,0.00142878674756421,0.00123775863045077,0.00811888872036922,0.00519528547118313,0.000582397563532887,0.00907570144004469,0.00252545645883445,0.00330452352923345,0.00163305496334124,0.00211057169081423,0.000255042925196803,0.00271458003999907,0.00774331695937103,0.000164476741228096,0.00587705643404786,0.000290971088673726
0.00250747087650298,0.00393750705413042,0.0158589512722356,0.000988676825943626,0.0254435162299862,0.00395998182150678,0.0163178905434959,0.00536554008776274,0.00527436012897178,0.0101439667137803,0.0209900815007637,0.078208145337159,0.0278012811698922,0.00232282947841534,0.667275333498555,0.008422114832311,0.00306375300832726,0.00734443249101407,0.00763174890632133,0.00111003854356376,0.00304232645180095,0.00259197255477503,0.00107273349048373,0.000686989836818699,0.010570960423364,0.0220665258827298,0.0137028754853125,0.0179157232725695,0.00115204701703809,0.000593263823698326,0.0120005025213731,0.000636458919397183
0.00215078174637857,0.00590525727477001,0.000766111864276678,0.00116224814800236,0.0114471916599235,0.0207971819864046,0.0533119477418884,0.00161318714135658,0.0213105072614828,0.00108485894060045,0.00149661082982101,0.00633069136189346,0.00128775795748176,0.000714287591917833,0.000215308859628298,0.813596003848468,0.000329788986168069,0.0015772950561203,0.000246868095101962,0.00201824637746192,0.000517724320693823,0.00124403833347356,0.00539756137297624,0.016770352804165,0.00518441560196517,0.00743267104646022,0.00215055652965833,0.000351935213611147,0.0103322573759739,0.000798395693449558,0.00117337362643275,0.00128458535199418
0.0190536753226489,0.00883253344548983,0.000355724204671528,0.000957330067987685,0.00402117020559864,0.00303769256123481,0.0249538810821617,0.000227300498727333,0.0111746233938044,0.000371739712761217,0.00407964661524526,0.000547328859425657,0.01427284581444,0.00133260135784669,0.0176694944658885,0.0230821899947589,0.79887098121039,0.0120576645646918,0.00503980389488623,0.0073360944688026,0.00283751039262233,0.00147657764701264,0.00585616113477332,0.00755182308396379,0.00301312549518467,0.00445254582827895,0.000105466928857088,0.00711125440461026,0.00173310040152032,0.00143565203628357,0.00690341178228464,0.000249049123146228
0.00468325016772781,0.0063012900329425,0.00675521582849314,0.00377091898423666,0.0239020276769299,0.00138894857769216,0.0142458933946426,0.00881664359703767,0.0062929069931974,0.000222362005708348,0.000726403691235283,6.41220298637575e-05,0.000193852395603174,0.0026694087299038,0.000249031244403687,0.0275628499637227,0.00406022895902137,0.773337625413859,0.00292332026067353,0.00060007150608242,0.0328753861574791,0.0246548330208875,0.00217324187118807,0.0216708271466805,0.00492390408907854,0.00318267136933906,0.0152853708946343,0.000998835549616985,0.00302707428793821,0.00128373608399428,0.000782200925796017,0.000375547150391162
0.00137977439719526,0.0125634906184774,0.00281890318576033,0.00218050428689707,0.0107287583611087,0.00576901111313985,0.0178099066874327,0.00378648189607249,0.00272040111344454,0.00296232448227738,0.000939157918307774,0.0633813133351776,0.00267058387609603,0.00475969727760427,0.00523276778526621,0.00857026191137826,0.00106886168740272,0.00231638023804342,0.782173413456676,0.00770917544099763,0.00504551897791666,0.0132783624193786,0.00121285074958308,0.00202977933740509,1.03575839038195e-05,0.00496659256633702,0.00934913160237812,0.00111354901363335,0.0169852511404854,0.00225403873599653,0.0018567575713686,0.000356641232858591
0.000322538633262704,0.00299833927010222,0.00316944468626732,0.000322600103347006,0.000353188063538904,0.00079150221761227,0.000359219075366085,0.000889165624628811,0.00562170876075054,0.00108764547799936,0.00241674689526535,0.0159251923405065,0.000429478688283677,0.00114295790635541,0.00272543189106626,0.00488878216440653,0.00018314359540003,1.93774553904818e-05,0.00521317680120729,0.693419611255728,0.00696665367509822,0.0207195472909427,0.0711395205168112,0.00783304210784802,0.0144953880344152,0.0741556267568188,0.0515603349477339,0.000193945954956742,0.00555636740541835,0.00146584457161481,0.00363330686799084,1.17096386601684e-06
0.000703577055985393,0.00348229390082272,0.00186511838300612,0.000450462931690091,0.0127531557933924,0.00260718125044899,0.0511811566924895,0.00837765098287995,0.0119344271169319,0.000164852167416627,0.00367890444860948,0.00451929010728754,0.00072967236380791,0.00125727023738592,0.00856203909729992,0.022885899767227,8.64234606319542e-05,0.000474053129358664,0.00227977047084819,0.0175378817879638,0.653978597158826,0.0095038577778316,0.0909621413823948,0.0222530049918722,0.025158622004213,0.014280656653039,0.00911847677282842,0.00350376499085933,0.00336686786583119,0.00336364638321111,0.000788608823002167,0.00819067405060704
0.001556858926911,0.000350656119952001,0.00440916221711925,0.000863958597992873,0.00302866316446581,0.0218262915166363,0.0396347551404338,0.0105128266371295,0.0733131237189419,0.000139796541780613,0.00585183833143425,0.0093262543745953,0.006718335522702,0.000398146507022948,0.00246618554190368,0.111184367382793,0.00579679893846197,0.0057240145008953,0.0203658770282214,0.0246692266741784,0.000786089319484836,0.513658490988039,0.00680759398698014,0.0161724891967795,0.0422730103359945,0.0323470894071725,0.0264937979520216,0.00183772194894382,0.00200623563520334,0.000633906479446027,0.00856543085679755,0.00028100650956559
0.00523816763078345,0.0277128630937485,0.000159719681033415,0.00652168095483994,0.00347294107635765,0.0214613215589919,0.0387809254832619,0.00446689932078531,0.000231571901936426,0.00312885785026335,0.00211040148324518,0.00439653815807091,0.00488900824681627,5.79160808920057e-05,0.00499675115283851,0.0136675585509936,0.0126853526851782,0.00248794544925451,0.00285600663078917,0.0146922392475415,0.00148859630305033,0.0270484320966989,0.755006965242963,0.00554010968306729,0.02111789354777,0.00472804676407714,0.00709186503258292,0.00102302762173014,2.30964516840895e-05,0.00184526047290235,0.000344322784784305,0.000727717761067724
0.000705280424823557,0.00163895514394373,0.00388047672969857,0.000283716635605153,0.000399364638778821,0.000534957414774741,0.00813118937651743,0.000325410709770376,0.00723437185235732,0.000184150885455824,0.000294620580296533,0.00201398252505224,0.000957287654832427,0.000813500834768779,0.00148067973165688,0.00769950730217307,0.000163512776734273,7.1784502805898e-05,0.00457175740283944,0.0375532392768655,0.023237089462279,0.0106409996466628,0.0354820782826009,0.632816388565007,0.0125865526314932,0.144086600895928,0.0501833474797208,0.00179872713972715,0.00130923137585307,0.00259372317683522,0.00419040777859538,0.00213710716554677
0.00413784110816153,0.0305518418998296,0.000454641288853838,0.0146527195959308,0.00150538277693017,0.00086931747883998,0.0160142235032746,0.00148693959753156,0.0880820348864496,0.00202549704684459,0.000742900696422217,0.00707619146950341,0.0028803990350688,0.00238045472502843,0.00581569341468143,0.0460408142284177,0.000672459269885557,0.00704443677223657,0.00108467441085294,0.00200507257785602,0.014835961811774,0.000848398339858925,0.00945350752128924,0.0225491979510797,0.680923877963453,0.000665402091559006,0.00604421069693247,0.00437154850580084,0.000976494893083967,0.00325180097732677,0.0071240597380361,0.0134320037272071
0.00318366088256053,0.000584074979409315,0.0052276671158204,0.00282781138291595,0.00516844057861873,0.00429044816699147,0.0083647730849813,0.00173816101878212,0.00237963792153715,0.00148370934187086,0.0407588495023015,0.0817113890466731,0.0061583078263887,0.00776592530694826,0.0195261431220488,0.000665145494118613,0.00225537530284204,0.000181796854657197,0.0112193116794296,0.0652672604312392,0.00286853316992189,0.000262289155903387,0.0107759828644894,0.0160979066645686,0.0260579518321794,0.484956660162604,0.176227517192934,0.00145100389166967,0.000157697663800861,0.00179529132494186,0.00736495780734695,0.00122631922950597
0.00488513175465947,0.00167743107044867,0.00138068772972749,0.00120168282518387,0.00841795745030532,0.00247780406850313,0.00355902341176181,0.00210521531931608,0.00636011609023849,0.00011948856854962,0.00671436890369223,0.0443037887319971,0.00117414291991748,0.00108466324955233,0.0035170892406685,0.00633007863733533,0.00196599539140081,9.84569976462505e-05,0.00210700733996275,0.0334297067287714,0.00121319444743578,0.00269197322523573,0.00164172372137559,0.00128104250153611,0.0127464710617469,0.0891677316328747,0.756322666611298,0.000778036440096726,0.000283618750736867,0.000224568900797527,0.000684139250926142,5.49970263024483e-05
0.00192241074725662,0.00185462290566418,0.00424498690883921,0.00861446477793333,0.00661706848274379,0.00484809372185395,0.0342587185834161,0.0207137815818854,0.00431876132513712,0.0145335390251484,0.00999485057354094,0.00952782147345069,0.00668926376816384,0.00620932591152812,0.0213775631095785,0.0068646502747543,0.00106514363427829,0.0013739517738,0.00182938316071253,0.00201633954242782,0.000346396813438292,0.000431163691768519,0.0151378905288113,0.00484750478745948,0.00340146162678576,0.0142428850805607,0.00187150137949125,0.760970431722392,0.00967282288379365,0.0013583836337179,0.0181785802986704,0.000666236270997263
0.000248392961060401,0.000870087142450102,0.000627424373445558,0.0430324892549718,0.00551644108841235,0.0496795075071448,0.0715179748411486,0.0177281044726549,0.0151844360351842,0.0142239123472898,0.0122685183290682,0.075595335374983,0.00553656705519932,0.00512477289077143,0.00165797330015346,0.0259613385564315,0.00131684411449622,0.00482506917669827,0.000384817189030705,1.50822077436859e-05,1.66237917091963e-05,0.00386047152147391,0.0204809982181272,0.00517604210617681,0.00268421346317246,0.00303922474040663,0.0297008486851801,0.00990453955611219,0.551465270800572,0.000278541459742808,0.0215626193414224,0.000515518097566385
0.0071004098628086,0.00438387211767124,0.000661410900302062,0.00844645101164154,0.00458643178679098,0.00394827088362166,0.0046203323287572,0.000747234432847981,0.0186960621466962,0.00436978514366448,0.0263492242764682,0.0520624666318478,0.0123784723439579,0.000176358924762051,0.00133594580391311,0.00359495130367656,0.000766212655318658,0.000202435190945393,0.00868701451113338,0.035957162348901,0.000380505059122997,0.00401718567518859,0.0594221728325073,0.0393747685662421,0.000181367796951182,0.0171769577532531,0.00733478453657,0.000924171482372999,0.0119989679075552,0.654936521225358,0.00131832693521643,0.00386376562393661
0.000641554898998439,0.00163219663179925,0.000576947599679548,0.0230119334862183,0.000885230512603732,0.0259798811034187,0.0285411788472221,0.00260658866760855,0.00441478546117324,0.0082677760342757,0.00550055956463845,0.0365122881240954,0.00211177194114641,0.00225119545822221,0.000573699014848569,0.00841608492690571,0.0053707290405957,0.00199936470190208,0.00278272981982533,0.0226886449103637,0.0040847399861336,0.00575964285727686,0.0287874768135599,0.0102278550617451,0.0131363487421224,0.0107986397920053,0.00366605028053122,0.0175785427297781,0.0112370884402493,0.000875094623183228,0.708791086153723,0.000292293774150651
0.00923502821842057,0.0124108937760568,8.5518770729889e-05,0.00369028081129368,0.00543941968934466,0.0203074380798697,0.0227532497586932,0.00258119955931989,0.00123008665368839,0.000243544384706938,0.0183290342329052,0.00541134760165996,0.000267970444433545,0.000342985314280195,0.000263526003168867,0.00268651371452682,0.00106880810122826,0.00386218890633472,0.00166164704438152,0.0200402828112533,0.00857294591567212,0.0103747341599845,0.0353104934159627,0.00504280312073581,0.0102404082223048,0.00574820040080247,0.0186908057811627,0.00495746541212131,0.00265328918393196,0.00799841350363264,0.00471797856964208,0.753781498437751
