0.59626995544848,0.022767162441363,0.0123985554311227,0.0147586239082908,0.0199048316640767,0.00505860043507444,0.0206042615216203,0.0262873219319366,0.0287171568114103,0.000759746661221748,0.00486308651028987,0.0154894014663479,0.00676128047849274,2.11011185435532e-05,0.00568568165449447,0.105912563413472,0.00380980230599619,0.00699959769952399,0.00273882458035796,0.0104470117909734,0.00535736865871217,0.0263342319733082,0.0174104103027646,0.00546570601210306,0.0223042076944249,0.00287256240714623,0.000118544980889489,0.000218356760253457,0.0053136403492714,0.0013612522660916,0.00192916377349913,0.00105998754844707
0.00537417337614225,0.595153793141613,0.0238116355842153,0.0543568062312931,0.0165746986617665,0.0342132068194242,0.065979010320564,0.0579568518231584,0.000873205694240193,0.0088320023643616,0.00818156626308281,0.0213412325354831,0.00402244072442368,0.00154859972557253,0.00157102807576698,0.0274219749977767,0.000456021445906715,0.00327212739219051,0.00122616273416354,0.00790411576369658,0.00200299022870559,0.0117675891933529,0.0152450155428069,0.00131106763673538,9.27578690691734e-05,0.00116086920629096,0.00539753445810805,0.00471989783665279,0.015918755418748,0.0003762252116805,0.000944328916546057,0.000992314806462155
0.00953607597790331,0.023674037893618,0.490173229688996,0.00800291502423302,0.0143195856233244,0.0373957550784428,0.178376795167815,0.00733657413389623,0.00760904911612535,0.00203458149271373,0.00680938850780416,0.00404678554866743,0.00574618142420148,0.00137856847510737,0.00458366023990361,0.0519728851397561,0.00097480771350484,0.00169094165076329,0.00221663668445962,0.00105518674617415,0.0271520495765686,0.0221713867852901,0.0156646422322564,0.0250206418381711,0.010903595028497,0.0186604892215717,0.00332161703996374,0.00873240857993326,0.00268222950447111,0.00163883368144411,0.00433212135934412,0.000786343825078938
0.0012972013353827,0.00568705337175695,0.00168438415453537,0.481625441649721,0.0536986617379211,0.0114692539027803,0.139446664210818,0.00221182664086482,0.00535940678029813,0.0036116944440988,0.0141006305160187,0.127733957896066,0.00677603325817537,0.00279848417687413,0.00658587971275019,0.0298750095300989,0.000311299385286426,0.000769143643571545,0.000222999240885196,3.26902424186413e-06,0.00309234114657756,0.00980320602941382,0.0161444254541086,0.00177548856633933,0.0110267133053864,0.00498101564594416,0.01554209040616,0.00285035156690303,0.037633195795161,0.00127205185833624,0.000131460839947472,0.00047936477357678
0.00195535361760295,0.00204314206616114,0.00168310664442689,0.0463715085007932,0.649535702151708,0.00139254662971622,0.0239472622988698,0.00354762095331455,0.0323075135472872,0.0239447403953534,0.038974628414252,0.0460072578514109,0.00620542094858409,0.000263352690603729,0.00215868905184587,0.0342466919965022,0.000817188090312999,0.00577937485341487,0.00365376988380181,0.00149127944574064,0.00154563869896735,0.000404552707389289,0.012044373264039,0.00173770037990447,0.0132769579468832,0.0114216586503452,0.00453133055229115,0.00220111920257066,0.0155727547519377,0.00012321321342508,0.00935238061204977,0.00146216998849523
0.00281274654548425,0.000219940385988467,0.00127447324419793,0.0267561763610924,0.0053540411852741,0.635777080303882,0.0771303629113184,0.0324176439887297,0.0564555037951486,0.0016475717097778,0.0170443595220169,0.0120566568301275,0.000441368684227076,0.00094728718591277,0.00368118395525234,0.0709497377095412,0.000870366080283327,0.00306387183247842,0.000972886286333229,0.00081369674784927,0.00617112841219553,0.00364489873556,0.00600752713035645,0.00424073506747769,0.00992994545572221,0.0101006709559711,0.00156001592830839,0.00199343204130037,0.000410276237066226,0.000232147729257672,0.00346934989849583,0.00155291714337268
0.0179180644134975,0.00983315326054142,0.00129388174160513,0.128109680381565,0.0265068094000935,0.0236655026401553,0.565257285921453,0.0459991099831743,0.0127651401599251,0.0162778863410698,0.0178936261690105,0.00441198778032283,0.00234190595553417,0.000648015344118887,0.00324074123510775,0.042992600995599,0.00304999284791658,0.00207557017627275,0.00161929086692263,0.000701765057188469,0.00151594736555094,0.00487279355163181,0.00466042224565722,0.00432889651853275,0.0212387000615429,0.011419981361775,0.00405025628707689,0.00085713149294797,0.0020086960025422,0.000436016382251742,0.00789822786944657,0.0101109201899711
0.00283601126851706,0.00119296468298648,0.00448104228184126,0.00988144137355419,0.0126254149467672,0.0179082686334878,0.0078984472081885,0.544890684448335,0.0302346954052168,0.0011160960295516,0.0185921099224299,0.150232329794911,0.0115043040170727,0.0056928932903297,0.0120501530837211,0.0174545888977262,4.54286300639499e-05,0.00770852101213881,0.000210046435463524,0.000332033650851445,0.0063965181484354,0.00627809255728461,0.0175441633269225,0.00105802596497553,0.0272634760580532,0.00334065694865925,0.0214148620308839,0.000185288800017284,0.0534181807715076,0.0018795490804513,7.71570363331417e-05,0.00425655426332227
0.011165145430232,0.00815041596283533,0.00219199682099714,0.0683323133969433,0.0214987022319579,0.116855144158373,0.258346573300813,0.0222161131232189,0.352580559094835,0.00817596620620377,0.00251957121252926,0.00389978834962079,0.00644917065507182,0.000941502960198838,0.0028102126984864,0.050821342143397,0.000493847450034769,0.00631422985240802,0.00038914785805288,0.000443405288199582,0.000296149270272819,0.00706988232888262,0.0029388266058937,0.0109320152241261,0.00146510164726906,0.0117716885449934,0.00352801022996483,0.000689590508392756,0.00737273683227147,0.000492295178481331,0.00256306789230143,0.00628548754274209
0.0030827016830083,0.00859174786503487,0.00157263666761275,0.0479545992317109,0.00541177463703862,0.00848244055795479,0.0183563880590589,0.0043219380460207,0.0178102867752401,0.602784874186974,0.00402602453880088,0.124185899747162,0.00552286848272564,0.00311220998757687,0.029797032030282,0.0164032878057247,6.10582344226882e-06,0.000272405062336065,2.13834330594164e-05,0.000273509089491749,0.00495591675813181,0.00375865532271015,0.00824497258447497,0.00394865904689331,0.0113977353466133,0.00490186517854385,0.0111515630591982,0.00526367074525922,0.0383932641471745,0.00204134042337766,0.00270983203053088,0.00124241164683587
0.000743146776510017,0.000349063145799276,0.011316403404509,0.00646863257693631,0.0449737250443949,0.115804141025126,0.00430389149871993,0.0153645846383884,0.0126059813340033,0.0146177410061828,0.566794413854333,0.0116301202360542,0.0212938145210971,0.000819614764652163,0.0175070671061089,0.00968256166654689,0.00228325091243797,0.000119291689963477,0.0035192127772465,0.00113247436106943,0.010893521535837,0.00505966151277612,0.0140605916591912,0.0128342549941465,0.00528992924078829,0.00010613452558256,0.00569246470928209,0.0280532430496512,0.0481882778008083,0.00245991251780417,0.00112709719977523,0.00490577891427767
0.00381528689426055,0.0011760449069038,0.000484988933665992,0.0104476337667806,0.0468877850628872,0.0179320639278985,0.0635766453312777,0.0140051851700517,0.022162286719533,0.00563972206766279,0.00530850402947593,0.572579194623207,0.00374808888278816,0.000271149152052504,0.000977083319335324,0.0486792170516223,0.000481697716406274,0.000180487006004182,0.00556164870483813,0.00710113464075734,0.010921512026816,0.00839484931020439,0.009777502578234,0.0258414041065986,0.0150864692622014,0.042639612281902,0.0139615329781559,0.00930571391651537,0.0198968417302571,0.000935477309020097,0.0117032547266188,0.000519981866067485
0.00197006041532194,0.00323562125524679,0.00057171595842754,0.0511494882303618,0.0793460686016584,0.0143619010592201,0.0132410997901075,0.0162252752384454,0.00177472201520173,0.0469649099104955,0.0108430023275164,0.0043668380638818,0.593545582505322,0.00813155821631847,0.0770480208232791,0.00266316253695581,0.000644707881789273,0.000117794658192328,0.002112505712977,0.00175775162842085,0.0169896368520685,0.00148397021406237,0.00916486514262528,0.00335747906376319,0.00114453631985561,1.68133519407891e-05,0.00177451130935412,0.0175762732225227,0.0107580413608565,0.00547412062485346,0.000811295686442708,0.0013766700225157
0.00221177819702018,0.00146372926155849,0.0047532750404224,0.0234263902464948,0.00324103142600897,0.0208595697667322,0.00134071960725604,0.000933968551950694,0.00377950431162159,0.000548150710389566,0.00652712243694526,0.00664012611330681,0.00926992006960986,0.766835684102755,0.0414190050321972,0.00669337133038099,0.000151211869011253,0.0013782260858135,0.00117686214428744,0.0181787350931403,0.00203938384210571,0.0129443109940983,0.0253276643958363,0.000210169493492092,0.00905428800519354,0.00143134827476126,0.00261381421613274,0.00209980578554492,0.00682304987816696,0.000375263774283986,0.0161245941250355,0.00012792581844664
0.00171553059997432,0.000367144575967656,0.00207932514651777,0.0034058076204505,0.0165917102585593,0.0171673200423589,0.0374316218047693,0.00258399367159056,0.013206279135979,0.0431834865979502,0.00747817267739668,0.018982642061409,0.0533297585809362,0.00218191971446171,0.644664893153583,0.0501788326949329,0.00106790086466309,0.00193862455416434,0.00188501439836612,0.000540368205293401,0.0195799731268098,0.00340598117618032,0.0059198135743209,0.014436399405392,0.00546563695595642,0.00373495091480937,0.00713572540030164,0.00636901577221182,0.00892767685747242,0.00277830351777707,0.00155424058152682,0.000711936357917246
0.0193506540067469,0.0142520426648422,0.00527755316638172,0.0579190269161199,0.0273553532150058,0.119939892275595,0.349764036897223,0.011815937721562,0.0803034168821178,0.00807000355616774,0.00158098853120254,0.0115689121641348,0.00365467927594577,0.000629260566987555,0.00419343659322423,0.215954689496286,0.0030540809825364,0.00356939129598987,0.000297288194472053,0.000477634006617059,0.00181879952633719,0.00552748185975416,0.000101813207613328,0.0115273741483589,0.013879006076303,0.00732040581030437,0.00376576106119972,0.000106253682460088,0.0102916803192849,0.00135754058311044,0.00246786130114863,0.00280774401496641
0.0121511279402868,0.00294839222900434,0.000801852523899667,0.00109740487143764,0.00182294014736326,0.0114246771591952,0.0347809709351541,8.01648675647391e-05,0.0218839147011543,0.0036903689291751,0.00201205599418642,0.00605034838394517,0.00752120464013066,0.00110815404823286,0.0126852397495079,0.0359978215645037,0.738476196977231,0.0183490026187682,0.00198837342882869,0.0100371059804603,0.0192273800242505,0.00115905640418175,0.0140128986785191,0.0253338523830731,0.00602867150444547,0.00190762268062723,0.0001982829031986,0.000388753931038805,0.00233529471593871,0.000222466249336087,0.00368331566507486,0.00059508717028556
0.00140673576587551,0.00198217261747461,0.00453306857712774,0.0235408560146929,0.00770486689717872,0.0620601199204662,0.0766633794374968,0.0183713014536972,0.0168489934816985,0.00576850995739586,0.0147610207345955,0.025809827170114,0.00398344937004711,0.00130825535585686,0.00276470708459138,0.00516509364015718,0.00546396792917872,0.638668411969668,0.00317224940872245,0.0169859152112893,0.00191648834433203,0.0117904078873235,0.01653583365926,0.00428490629818035,0.00140054669904683,9.76992136141081e-05,0.00952966657004529,0.0107432679276356,0.00333731492218929,0.00048120307306621,0.00144438928053994,0.00147537412744235
0.00163666031543743,0.00177954325126106,0.00744974484019062,0.00643115891009784,0.00685963939024447,0.00582260067229359,0.0327367266241764,0.0131489783600199,0.00474844606169834,0.000586762812504437,0.03158820819566,0.0380248827471218,0.00137447364744326,0.00194550550484332,0.00361186712375968,0.00786974216360881,8.79980523842709e-05,1.4140431297399e-06,0.664658704517892,0.014925012089608,0.014863695782774,0.0287412736355879,0.0093727873385534,0.0293652430973875,0.018846069386574,0.00405138441677531,0.0185985319760886,0.00682974778700538,0.00706354618894775,0.000758940370753505,0.0133348524123644,0.00288585828381315
0.00164723815708479,0.00397143751894421,0.00134029839893939,0.0149138630398704,0.0143543231520263,0.00736330303007586,0.00577900019832878,0.000945817515093507,0.010489320905577,0.00534303192611063,0.000988760772417508,0.00367947063129622,0.00121996986328389,0.00059860735301493,0.00209910315989347,0.00659939999785256,9.40369476537115e-06,0.00577447145210743,0.0415410396489145,0.604374792130392,0.00343352277623632,0.0309392306216982,0.00503906291452301,0.0237059247378968,0.00775983508162982,0.0777707211404605,0.0719061984841337,0.00144619527358039,0.0204598076528966,0.00512073830993485,0.0142274380748335,0.00515867238618757
0.000702914776120582,0.00304334407959709,0.000833965975809549,0.0131189476576593,0.028228387896958,0.013159100330238,0.00580400962669278,0.00269789062458571,0.0274463638926772,0.00301205406164244,0.00215832308837652,0.00717353801114214,0.00289919103128756,0.000741772975594733,0.000127003373861229,0.00944998358149332,0.000236886806901182,0.006537940938206,0.0139080287369906,0.0496845463534036,0.571111186926737,0.0109988953131087,0.0137517910864847,0.0426679165782767,0.0073124071136807,0.0717860354003804,0.0461878790452955,0.00168359323048245,0.0149490772220191,0.00209270658315128,0.00669124626854197,0.0198030714126041
0.00689262829136229,0.000567320912119874,0.00266975972999095,0.0105850321028543,0.0109717501313933,0.015226337655628,0.0225342796142783,0.00273103170652103,0.0712238848882335,0.000983528347020763,0.00900027437044772,0.00623764885827268,0.00827857867412445,0.000134727716641057,0.000496389799631967,0.0908961598655304,0.0115137521314517,0.00488508548826796,0.00711845822386229,0.00223244835988244,0.0176129465713827,0.530180053204516,0.0320215138505312,0.0606714723685176,0.0321330733427837,0.0231118732570512,0.00367723896926428,0.00408339408248035,0.00369773208474284,0.000818770401095232,0.00376009991050192,0.0030527550896183
0.0068929541107046,0.0024596850725244,0.000946442054140938,0.0210902681820802,0.00794567398643325,0.0215387243265251,0.0272126511634325,0.00223836097638683,0.0122223986014941,0.00258593024326241,0.0054767308065517,0.00847158516142606,0.00829623558425193,0.000278313427977477,0.000225125780482093,0.0294220835339978,0.00962101373243953,0.00450199084034813,0.000521541720510053,0.0202651222463591,0.0123205347311283,0.00660508744412056,0.690980144535824,0.0104105059011244,0.0199849504335181,0.020551691551617,0.0164028207893031,0.00526216493436936,0.0125950644342266,0.00336505339034397,0.00877499344108911,0.000534156862006895
0.000112883539462992,0.00133938661236132,5.83304649147475e-05,0.0102121962190021,0.0206611691662159,0.0132102996238032,0.0141408679878065,0.00115345039382718,0.021829023389102,0.00139254838808052,0.000952761305697658,0.00408179080571342,0.000222244676213634,0.0012079919175085,0.000614989976236957,0.0136468636292827,0.000843856637269397,0.00504245895842375,0.0349563960907059,0.028357346840866,0.00493952908405823,0.00766217173531586,0.0107517660999379,0.596629624701512,0.000399758545349665,0.122443937267939,0.0495224098244661,0.00229312234022575,0.0150311133793255,0.000663369296682206,0.0105961880819894,0.00503015302070455
0.0179972796492971,0.0250182931092303,0.00397088533646301,0.0144025118824181,0.0136012133042593,0.0435863799748319,0.137532543918068,0.00169189175215845,0.018892283167999,0.0012961449147358,0.00247642168346624,0.00286901125915234,0.00281010178868001,0.000255749255867627,0.000186486167590826,0.046868358307846,0.0136801794564517,0.00386535663579003,0.00150884934161044,0.00319545863989573,0.0021115913253212,0.0177530021818711,0.0391582493729628,0.000160438669718256,0.545865846544961,0.00588961773139127,0.00283733764634997,0.00390312492863027,0.0027223588290887,0.000303013771657637,0.00516872895101054,0.0184212905012258
0.000607928546663213,0.00051860040061398,0.000221531865310678,0.00329984782304779,0.0164823401954706,0.000378223861616182,0.00525615698635522,0.00236907549368486,0.00209258306466435,0.00100811494350866,0.012722439721864,0.00396426857594923,9.21959459038281e-05,0.00177965883129738,0.00248711704721364,0.00395995545306767,0.00144069215079793,0.00336990596791868,0.0166786239487275,0.00103718216054672,0.00363197093490095,0.0113739173108391,0.036384212854493,0.000425517697450059,0.0148652094864342,0.779263884235807,0.0368777737727991,0.000805359017080411,0.0112793379251193,0.00191656322232833,0.0227319089463983,0.000677901612128373
0.000797424443068198,0.000541406525843527,0.000257069283698469,0.0119750152498347,0.00772319060254015,0.00408079168503492,0.00179998184699071,0.0018600106049881,0.00146616567792417,0.00109886211318346,0.00584308087055579,0.0014119298270543,0.00184775718243042,0.000993937196548388,0.00336330450169085,0.00780619466260787,0.00138555347518851,0.00156673073786376,0.0290337482468488,0.0379088737055128,0.00674829651998251,0.0158778610900474,0.0493603434343111,0.0217583982229169,0.034589800604409,0.207688787346462,0.486198804186567,0.00105954686753531,0.0280803107698403,0.00448429697066879,0.0201174188149496,0.0012751067329021
0.00140452207983866,0.000637528401171453,0.0022799875560374,0.00646433568361648,0.0418312439549566,0.0307765157874178,0.0953106427692387,0.0159323864381151,0.0271995601070724,0.0177240179592186,0.000749906786540002,0.0559329040459621,0.0136775712418371,0.000851869462012414,0.0231248047514663,0.052176671612828,0.00278779640124348,0.00028881031709993,0.007385239042794,0.00432934876783435,0.000698147990828317,0.0107373539634116,0.010997895910206,0.00566642756539213,0.0128146538338403,0.0668550703734765,0.0181138922904225,0.419043194060165,0.0193680227314496,0.00321582871163606,0.0309335991133964,0.000690250289474982
0.00407213603371403,0.00356263254618095,0.00196533134152187,0.0425194807657582,0.000928734297581549,0.0233916016023385,0.032391275181213,0.0100531495928152,0.0055492158807267,0.00838759421583951,0.0154922544687489,0.0817583155276772,0.0120851965605164,0.00226221616149018,0.00243708620278041,0.0038042687635069,0.00195810432950067,0.00277927295620144,0.00266925217948561,0.0205754768058635,0.0106557240949544,0.004297047404433,0.0165754945169663,0.078095535969848,0.00967446147481501,0.00487022744664474,0.025901966535219,0.0811169578982746,0.465559981680968,0.00160808085638769,0.0223036748398464,0.000698251868182066
0.00675355750767657,0.00209481096996154,7.16341581702095e-05,0.049978460937411,0.0062045579798871,0.00667799670986636,0.00752801340850892,0.00523089110582754,0.0102714529630656,0.0322650510950235,0.0182978706388563,0.00223283378121067,0.0175355962511393,0.000448506644894152,0.00186497514847876,0.00249295482364143,0.000371732078635829,0.000220128091535866,0.000587284455810257,0.0033173833570307,0.00217852988848784,0.00241503909503092,0.00287747541497558,0.00406848099785735,0.00261666056210115,0.0066270166419721,0.0109347264205269,0.00676250337538099,0.00880436704144136,0.748761539129801,0.0236614995207089,0.00584646980508419
0.00377902651421464,0.00105184746265412,0.00130378233150953,0.0335286454872753,0.00725439222852304,0.00974844187763712,0.00479625894541398,0.00580806727512419,0.000933398467902999,0.0105608823719506,0.000315458250133441,0.0403915518682219,0.0105516747553079,0.00136545569424093,0.00170680651900723,0.000328812312059823,0.00266280848995189,0.00086507124530499,0.00626045601242793,0.00903849016559815,0.038005766091863,0.000228652591185173,0.0148631475754803,0.0524765438858662,0.00621728983935147,0.0305813735607618,0.0087767490880326,0.093805263464187,0.00931976054982627,0.00219869772455755,0.59057736305466,0.000698064299769005
0.00581548305686387,0.0248084426512482,0.00770457444723239,0.0254234953863047,0.0118935582790343,0.0697436399846555,0.128260857987734,0.0134243978514147,0.00136582124691034,0.00306961890174629,0.00514869109850194,0.00470965692348933,0.00181537543567293,0.000745261756111521,0.00108921202822086,0.0317210070141804,0.0031099918141144,0.00115737140971876,0.000550319574723379,0.0491390265455379,0.00349901546151081,0.0370705728732935,0.0792543730965225,0.00208273248085599,0.0587099605005425,0.00438983293567236,0.0146571284966328,0.00145332386861122,0.00014309070566504,0.00189311161931228,0.0018334894991356,0.40431756506883
