0.628356953481732,0.00302106903131418,0.00813610873611582,0.0094425901811769,0.00549394619709056,0.000551842886481497,0.000295339902563492,0.00996716352973448,0.0162010532625767,0.00326621095484904,0.00573906761956776,0.059386026421165,0.00050140080340823,0.000349690913159688,0.000809479665114446,0.0223307128951442,0.0037475018737587,0.00717998508380932,0.00172638505565166,0.0465975964719272,0.00239959482905262,0.000227632571398417,0.0197948189739316,0.0439289514560606,0.00208762721378419,0.00335139572819646,0.00525784239948279,0.0316147841545509,0.00634519022634359,0.00279271888149667,0.00748472025493373,0.0416145983444276
0.0255171958279831,0.508108210402086,0.00778785917993506,0.0266365711904411,0.0248426413358523,0.001577817899357,0.0122675849750405,0.017597779723901,0.0378634288695824,0.00623066892700738,0.0141358098587498,0.0504699366483274,0.000675146026289167,2.68398701954372e-06,0.000828566753345138,0.0249988199815477,0.00570699547379528,0.00707764985244585,0.00175977050715831,0.0642458985638129,0.0124243396859609,0.00152060620272133,0.00956642173094867,0.0483004385085357,0.00332105265016188,0.0026561528424277,0.00232623986822548,0.0309904095235699,0.00125598364525755,0.00177025023025274,0.00683865078124228,0.0406984183470187
0.0131328179674591,0.000568201414805278,0.530764274798892,0.0330964381892793,0.012293206233493,0.00635050486423524,0.0141125003028335,0.0394839498590619,0.0322023895104184,0.0061259745670042,0.00437232390705303,0.0136576058461143,0.00868390390785444,0.00200357296563137,0.00126583971655262,0.0123524767589448,0.00317057507941312,0.00158645563149882,0.000662308244881036,0.104733647662024,0.00911852079297174,0.0101651712180546,0.0180781409433283,0.100820145270513,0.00404791995531578,0.00419875473911579,0.00862489559284182,0.000656075591534387,0.000487083849024152,0.000483033802325511,0.00245643259208236,0.000244858225442683
0.00021175792996369,0.00441101671317785,0.000301552892025177,0.428635246224022,0.00535591372368844,0.00526340497085332,0.000897105201624725,0.0121878504623145,0.0535058325434124,0.00898704995298448,0.0255570548609336,0.152592088633998,0.000289484566132578,0.00177437987097308,0.0333588191589687,0.0218920252526543,6.26899293724126e-05,0.00172855255879401,0.00035851513025865,0.0324518884687427,0.00172903847314934,0.010487809328326,0.0361415849931665,0.0234476126630233,0.0269627287574611,0.000333551661485791,0.00240477322781789,0.0901030419640827,0.0144301315068132,0.000234583721860353,0.00130447882196293,0.00259843583595669
0.000512000521112025,6.86948082364209e-05,0.000165243800343029,0.0268305359098552,0.46153520316521,0.0212030785826756,0.00818439906475779,0.0923860986900795,0.0325463554327247,0.0265394045358775,0.00790577575041419,0.0305120691359604,0.00273408965278315,0.000421152663441274,0.000206558473824466,0.122765104338259,0.00150131796812224,0.00687800957115164,0.000250646689077059,0.029483736904251,0.0131224419403972,0.00146057622971412,0.0164732963622187,0.0265602493441837,0.0236716297615083,0.00221739445084593,0.00228113785620427,0.0198552530739812,0.000909571136737111,1.86316163908106e-05,0.00516657453633241,0.0156337680333294
8.91380599357379e-05,0.00218423943321808,0.0146169594415788,0.0374223726579462,0.0267964944408818,0.547665803994724,0.0227539006839743,0.0440723236078173,0.0307047498144653,0.0444911707098504,0.0147812127808396,0.039436814378923,0.00112335489204154,0.00174995923201916,0.000886822253781722,0.0590206023792483,0.000969929361066214,0.00137187854371742,0.000804163477646002,0.00287798192170801,0.0143435699656907,0.0184377439924858,0.0162185184053091,0.0073136165461439,0.00150447734677696,0.00739931909386174,0.000726586763057559,0.0294731068914214,0.00249405894185794,0.000590210804850026,0.00377640349439996,0.00390251568876135
0.00822168529988273,0.0113988694602643,1.06019949231184e-05,0.0191683729473078,0.0620849238685159,0.0182123935400068,0.577526534703176,0.0348774336096845,0.000587171317999809,0.00746461293410344,0.00757189621565993,0.0577825185854506,0.00103964369433855,0.00018692669365416,0.00119766901129662,0.0332287573521359,0.000206878010281214,0.00263996297099342,0.00260668568017092,0.015241002573513,0.0243888542447205,0.000547345256089531,0.00473594196810303,0.0306371706761,0.00960026171673183,0.0018501431123326,0.00454438708430484,0.0570403903591621,0.00199345350858283,0.00125814570099957,0.00174615731082699,0.000403208598687212
0.00125002569649385,0.00294225975643563,0.00078671963694911,0.0152747313342388,0.000141547448832892,0.00784144684607674,0.0147263924826312,0.45681616277057,0.0619090410735799,0.0121072094713289,0.0167914532053727,0.124075773647973,0.000120230595119981,0.00153179569048726,0.0235179730878936,0.0383414602738735,0.000273253698384591,0.000613659215101461,2.07105267650625e-05,0.04717763013569,0.00181497211521139,0.00970939587208714,0.0423378925523145,0.0373317473106496,0.0187083366298325,0.000694428812119044,0.00192478965044214,0.0474452435865318,0.0098168253590509,0.000595624557158476,0.000717900954191365,0.00264336600661248
0.0088634455830529,0.00968181619433232,0.00163149111991282,0.00573234223621682,0.0190538815418256,0.000284479147331199,0.034359282726092,0.00669223516946026,0.736462043701956,0.0106762680963244,0.000662797365333181,0.0137779386844347,0.0117631145130042,0.000451006616260701,0.0135478765491766,0.00453928690485066,0.00308552169473352,0.00867579851638186,0.00128354673092948,0.00203437523188774,0.00900873520234335,0.00166523772824661,0.00751742651402148,0.00593107105321914,0.040328098327575,0.000352108173714035,0.0025907594109337,0.028234293738165,0.00247926505064324,0.000694962500252557,0.00368540691968198,0.00425408705770688
0.00859733396293528,0.000642816380264484,0.00404067945532013,0.0359125550885918,0.0267677949993296,0.0138818497491588,0.000584316950458978,0.00309980839165267,0.0102701474261062,0.546843696667377,0.030631032581123,0.127867954664932,0.00907776463595485,0.00163171736551273,0.0364770578920827,0.00678821223762183,0.000374433065169864,0.000657475725186231,0.0012468787605614,0.00277352036471576,0.00214810084022369,0.000276462076049133,0.0111967712459861,0.00666173419542551,0.0122095069126292,0.00519118819047374,0.00288480256713513,0.0730984694955908,0.0125821777804101,0.00068894045107382,0.00151103266241246,0.00338376721853473
0.0154017364779221,0.00759106285120923,0.00996621861691972,0.0610280607486748,0.00225445432146693,0.00511908741219111,0.011128591298455,0.016956047585915,0.0391330179512973,0.00235924950000259,0.590188984860498,0.0581085233919866,0.000398779722922294,0.000484163990829033,0.035142701492865,0.0177862088235355,0.000858704373746491,0.00236569310759752,0.000729558038998428,0.0213194664411275,0.00163527323320462,0.00556172987131866,0.0203669721694449,0.0285994428701789,0.00685581839140797,0.00368585104478503,0.00142517491147468,0.0124031798031558,0.00452010717272725,0.00213464083290077,0.000722745246533404,0.0137687534447078
0.00710686542157787,0.000359626792967987,0.000283938576763902,0.0431220141183767,0.00027618969398046,0.00162071164982579,0.0029051251654551,0.0243791073656442,0.0140928135600064,0.00333181702811513,0.00479223214827618,0.657772472427814,0.00366393228315599,0.00614096717122277,0.00283913584366198,0.0154095696728389,0.00448190650400707,0.00126825866078906,0.000701374057687124,0.0458570452115178,0.00508075570208739,0.00309600508830924,0.0246880004017929,0.0316089162429838,0.00773051407162941,0.00988456848424438,0.000752435555198324,0.0615960237542423,0.00283839449302551,0.00129709896133884,0.00468199081829785,0.00634019307316559
0.00230074907907608,0.0103724038779487,0.00414872330262852,0.0374988893088193,0.0128769508306032,0.00536615112786778,0.0144446311715705,0.0528679747820689,0.128949210765694,0.000533388355139798,0.0032301300219016,0.0234893478470067,0.381334433720256,0.000351446729782276,0.000812106413378012,0.0289442414329832,0.000257287746002446,0.00243364796567792,0.00125707755965599,0.0979508005408418,0.00177280418178726,0.0154347960797181,0.0232852949809051,0.0813949943572691,0.0253663831608582,0.00725390840618737,0.00281633212126385,0.0228916075367377,0.00885232907331749,0.000566921126215591,0.000159438287110526,0.000785598109726833
0.000541780552866085,0.00511555029024419,0.000614421335921276,0.150004187642256,0.00851407655614037,0.00711846037103171,0.00187750925777436,0.16700802813827,0.0128214480833625,0.0217019917512803,0.00172202694836553,0.0724969108646834,0.000213441274740481,0.419031969969194,0.000985343540503774,0.0216959605847379,0.000564944828633781,0.00154760858184381,0.000986530255396031,0.0316428077799432,0.00192679111973518,0.00159046242028713,0.00549521851834988,0.0226984548097914,0.00101005014311477,0.00441465113821539,0.00131336656200928,0.0195850734127215,0.00490994941690376,0.00313774449131397,0.00340075712108157,0.00431248223928767
0.000500201571721804,0.0158602592827757,0.00920263899826095,0.0390357047509144,0.0263533043115169,0.00491419491514179,0.0109236094184707,0.0177146063019521,0.143404698446905,0.00137872373983893,0.00718016783290204,0.0585063777788977,0.010956004105193,0.000935129772144397,0.40567705048633,0.0526814612375724,0.00458405860954958,0.00154655583957434,0.00410889470054617,0.0290406019062956,0.00541994953352201,0.0139052460007903,0.0120929460280346,0.0231465758998572,0.0321278553704837,0.0067706045104651,0.00503329556178381,0.0434082801985047,0.000532797687662013,0.00449858680542508,0.0080900192251079,0.000469599171860086
0.00715958323159645,0.00432266154673448,0.00165313949084026,0.013520651994829,0.0119849259664339,0.00159265233739144,0.0356175639964508,0.0108617827858915,0.0190315843287921,0.00708913591172707,0.00534983135891316,0.0331933446299007,0.00379358888255969,0.000322186863206456,0.0114233350142016,0.696089790645144,0.000725638578485843,0.00372974130197831,0.000323644095221328,0.0157745939226093,0.0112553614885663,0.00040465593098308,0.00377704186287776,0.0439376531230664,0.0104830636593397,0.00072580528562096,0.00355537122297065,0.0322698210101738,0.00468075633699905,0.000242779709553154,0.00498276391009309,0.0001255495768485
0.0276102014226172,0.00499565196030378,0.00130908020175179,0.0322816906727925,0.0419091262329753,0.000538595445198464,0.0155180086947347,0.00795588846144651,0.0183374873409207,0.0102760979608734,0.000245194038083212,0.0168136656457862,0.000572834082281472,0.0016893939704664,0.00261534769286234,0.0568351645361811,0.620549065649074,0.00280435636193913,0.00282155906927142,0.00980363823830632,0.00504002412035133,0.00581778079511042,0.000639910003783914,0.0242305187310765,0.0226080990735178,0.00324079090482356,0.0196965742194886,0.0266616287558973,0.00125975863311083,0.00266680562789812,0.000729695041850237,0.0119263664152254
0.0116281573161756,0.0163788070120499,0.00145417747692647,0.0820783313552547,0.0385024899644704,0.00159126713228768,0.0136146691744408,0.0858824863646829,0.0466512606895546,0.00384124832196936,0.00137098061359882,0.00880196804083147,0.00668626234379857,0.00174143748335449,0.00294802638759968,0.0325352554900665,0.00476669510679312,0.449175458779698,0.000576383924921183,0.0548414443683488,0.00689669286181534,0.0011282802705385,0.0047862645647366,0.0715122284967414,0.00409226511533992,0.0016793981651968,0.00458224620515413,0.0224228650729315,0.00576557719230281,0.00310677975233661,0.00288047964111653,0.00608011531496574
0.00202955122716626,0.0032700621796455,0.00144680972174212,0.0495224261877085,0.00540421300681339,0.00122886353844585,0.00296440659624559,0.0318485555989257,0.142470889665108,0.00532800260545457,0.0107637022275205,0.00350521681927692,0.000943429031788949,0.000126553496760797,0.00742800637026645,0.106457424525142,0.00103813401622272,0.000967956525953323,0.450074304865679,0.0371315079084147,0.00318119775851837,0.00490523268698477,0.0389397211217152,0.039657166867277,0.00486632944936565,0.00111637521399257,0.00767143461291839,0.00478245522264433,0.000696400521469332,0.0125727932842742,0.0120524131708149,0.00560846397574422
2.42750283671691e-05,0.000577163844898436,0.0030007539675973,0.0322433510022005,0.0610329007169899,0.00160463097609726,0.0195283536961226,0.0162524505698279,0.0225989409622584,0.00548877863620514,0.00174447734142824,0.00900055925068393,0.00588862927710849,0.000373951906944985,0.000376365803451196,0.0562514530737787,0.00542747071507769,0.00628223248265229,0.00331066667104914,0.584082760714186,0.00516138855769458,0.000581724916075396,0.0113327285026193,0.0446499997355585,0.0143072566117567,0.0305621325445426,0.00295745810489361,0.0503853064098357,0.000194154365230896,0.00204228204730522,0.00262631947887262,0.000109082088689372
0.00133781654326744,0.000859016084069659,0.000469930785009352,0.0389065483457375,0.0469262493345564,0.00312026505619585,0.0094371069805344,0.0473892578279655,0.0253120648262824,0.00835526175855055,0.010164432265251,0.00909434157850601,0.00438531475852313,0.000852925783742761,0.00247335168539942,0.0577528238252368,0.00416631311034585,0.00248866435806566,0.00139394326339056,0.0606050912182376,0.490155691542047,0.00931271180826483,0.00464102817456673,0.107383185102127,0.00902755462828011,0.00152276590491592,0.00108453421464026,0.0304113721108597,0.000263363988505142,0.000487126102986134,0.000803535044957681,0.00941641198898193
0.000555188047048335,0.00131042629366412,0.000550263967849975,0.0386313938345953,0.12455541229287,8.15613685959257e-06,0.0520016499840102,0.0337005465436102,0.0245255508109804,0.00980360273108021,0.00915261445304976,0.0199136140162003,0.01148284344341,0.000957015890397969,0.00173243309324439,0.0128277384371684,0.00396402656340472,0.00766339913046138,0.00724326859560021,0.0153785321747216,0.017685886707894,0.372641280154731,0.00397278020258554,0.00241219600172647,0.128712282405852,0.00345259841466979,0.000507509662286083,0.0662316061024686,0.000426289413018825,0.00220745477893666,0.000438836104599826,0.0253536036110045
0.000407113288826372,0.00285445555205676,0.000510533313768597,0.0019899350427104,0.0680234905493224,0.0031041757257495,0.0313463938628892,0.00200399797977064,0.0364947067675935,0.00613529893611408,0.0137549791035461,0.00109483157017027,0.0110602356937309,0.00247094160107036,0.00497870536845065,0.0115609691495359,0.00317425492275029,0.0070357146700628,0.00510857647998622,0.0290118202598231,0.0227178710015929,0.0309630647607632,0.54492629980228,0.016870743887324,0.0820902991741275,0.0104255149904234,0.00184369844896901,0.018685659030245,0.000733705127599184,0.00420498763003336,0.000922500293960631,0.0234945260147539
6.35984170848138e-05,0.000612288900991877,0.00232536040989429,0.0277512466867137,0.0776997226135012,0.00256949574991066,0.0212661124170019,0.0182343663896863,0.0132441126210751,0.00521564522724343,0.00160592786472006,0.0255500426270587,0.00754661180644435,0.000300650132530212,0.000452425240299683,0.049118398767247,0.00563134555630852,0.00577599446025778,0.00405087133786988,0.0760815409313753,0.00899812327251908,0.000346408310824308,0.00429659956629791,0.506335237874878,0.0192814757099216,0.0174965994426742,0.00368037149758262,0.0840693182451133,0.000210500852562402,0.00340231236910794,0.00488491481688433,0.00190237988441887
0.0271381629758429,0.00695668412000437,0.00495115617510087,0.0599089506197659,0.0114513394135095,0.00191230435904066,0.0349203540030499,0.0595397129533578,0.0271560946736909,0.0173446542941977,0.0151512972097087,0.0147040670437649,0.0133931050805915,0.00453834508795149,0.0178438781840826,0.0145068378150661,0.00975289489862176,0.00270185666962633,0.00392015709272874,0.00813035492907831,0.0117020767006582,0.0044971189368416,0.0130226440737387,0.00456922243501813,0.52745361907768,0.00194733842429347,0.0081542149652212,0.0354035468431352,0.0162454442939308,0.000781683360319097,0.0109772471745205,0.00932363611586243
0.00193396465267388,0.0010961898347425,0.00494887772020112,0.103409426525966,0.0370043687976974,0.00261012268963895,0.0262673750658898,0.0736180096464741,0.0781472716864743,0.00921709094684564,0.00573576863943249,0.0388759557185994,0.00382246539208016,0.00116163825817423,0.00277249292111808,0.0047762613475101,0.000556278285107333,0.000779163322725605,0.0013930027609115,0.00236466196144765,0.0191498920048152,0.0295097560591197,0.0523525546199573,0.00903540558736308,0.0171913068710884,0.365712786200995,0.0376789019464072,0.0530307702634457,0.00137582346888946,0.000540910456350757,0.010745566160901,0.00318594018695757
0.000184213910994432,0.000647651536781005,0.0020829315283731,0.00308069418869103,0.00226036848097374,0.000207720518123109,0.00741327243961924,0.00924209643566471,0.072911802357068,0.0133678275658514,0.00243887077595131,0.00704449106398896,0.000487353508864141,0.00096392092112733,0.000853990919953015,0.0352510524442898,0.000245859481626684,0.00206629461928689,0.00364685912228306,0.0585235139367233,0.00359406319871144,0.0223536204298956,0.0545658535910104,0.0437967751994075,0.00265074433825793,0.00573782483663782,0.603577999300831,0.0293980027412085,0.00269211600403977,0.00517711137541734,0.00158936168577497,0.00194574154257404
0.000795906344842495,0.00191670408581068,0.000903275370943051,0.0923824507313735,0.00502831903417764,0.00773721312702016,0.0026689973656023,0.0698772759387543,0.0114760627461258,5.16844327151705e-05,0.0109580942913428,0.00579723826234633,0.010057779572521,0.00501455495051944,0.00326348681324585,0.0178630185499961,0.00127955248095396,0.00157829193511909,0.00046468826137679,0.0400216009528184,0.000153866177510475,0.00897814743702823,0.0202474314437351,0.00654292956418927,0.0065826869865225,0.0100527391684761,0.0019464114542935,0.638487442126789,0.0159879401019047,0.000964877493040298,0.000239738812059968,0.000679593986846357
0.0015637663877174,6.65031892679143e-05,0.00206180134023276,0.0219822496864578,0.00504948927321071,0.00836191854030941,0.00265789921983966,0.0369963419360354,0.0647029104640486,0.00459421999032665,0.000430381075562993,0.0017694741519082,0.00152326448161634,0.000487280314245241,0.008987737470977,0.0228968592247204,0.00190363406773407,0.00541755307368451,0.00030929078455399,0.0667795879860462,0.000616034002661681,0.000720030387662458,0.0141710361461038,0.0845168540665092,0.0157483539293838,0.00445213218538276,0.00972793647435636,0.0112904718323025,0.592558870441252,0.00192657753336866,0.0045587082799294,0.00117083206259244
0.00170044990213821,0.000584409037559856,0.000211614682803192,0.0822534873649303,0.00607661749612583,0.0018458901473058,0.00577992751124202,0.0205116252028139,0.0293649895207435,0.024016974492332,0.00187635587458097,0.0185564341019411,0.0219196019118345,0.000243209492760946,0.00243979536811476,0.0154570682920131,0.00164520717949031,0.00535722839617266,0.00361153804033757,0.102412400474794,0.0080605204081753,0.000952121580359149,0.00464912902859933,0.0872963628600037,0.00423564908359441,0.00745943094993544,0.00119369949717542,0.00177908104553681,0.0112492582177677,0.516028685095407,0.0101291829168738,0.00110205482653751
0.00280898523376424,0.00405139104811738,0.000418446253493864,0.08431644916763,0.0135695762435609,0.00267483119024887,0.000573126347904226,0.0323257906784971,0.0332900688762363,0.0230188576958368,0.00548332733706677,0.126449162976067,0.00477672072327,0.000797018839001183,0.00477461851248374,0.00726293766854357,0.000564357999108038,0.00126453067448737,0.00076988075193018,0.0386389370491673,0.0118411318702326,0.000996431512154869,0.00158297621541225,0.0444174548287666,0.012138511226635,0.0125521297433574,0.00371119554552644,0.143715521234835,0.00910412861406714,0.00508330064367329,0.360669197800872,0.0063590054980526
0.00555909120215266,0.000857267616814618,0.000440462744136608,0.0391119119478535,0.0373088977245833,0.00316979673515913,0.00928594823669301,0.0427241188268526,0.0497478508542808,0.0020561748400913,0.00477118134916234,0.00353717513625524,0.0141224204276506,4.78616231870467e-05,0.00266857212167713,0.000928369810078945,0.0053753470347261,0.00237454406906928,0.00638679057318855,0.00804768545814749,0.0184032927108453,0.00339756158867405,0.00942111424495557,0.00454203182025811,0.0927341453761119,0.000787996504435113,0.00114386704923376,0.0201539869707963,0.000384726801055147,0.000345608993096867,0.000553638408559318,0.609610561200218
