0.75465296885445,0.00470267233937723,0.00635758151926316,0.00971670178510346,0.00630275886272572,0.00499574152429645,0.0356394592268481,0.0219164585477617,0.0142917413406776,0.00384376302079027,0.00334297145238594,0.00767423001408649,0.000734762781100239,0.000905607773561572,0.000413269447163562,0.0141461397651129,0.0278338230852086,0.00517628644553228,0.000422061282650847,0.00074993550774333,0.0103203071981937,0.000939776551535971,0.0155198081555437,0.0263909032666295,0.000963463042742036,0.00391326021170535,0.00760976744534536,0.00178459777203636,0.00746870431918817,5.18188986400578e-05,0.000885941571632481,0.000332716990967566
0.00480704187394608,0.615680507688446,0.038563905548077,0.0054408192212051,0.0251725464437868,0.028475378268574,0.122758284675061,0.0198218671577949,0.0235060176547184,0.00160719219206811,0.00260042192164517,0.00588617183079873,0.000367000619768654,0.0020820085680576,0.000415452632939608,0.00807814404701302,0.0109576056253244,0.00539354104574113,0.000351890194490039,0.00757094387366276,0.00132330868038545,0.00645719965995257,0.0252250657222156,0.00180026782775696,0.0154897710472382,0.00302330947024685,0.00549527597253068,0.00446681643059278,0.00309940243688869,0.000249623211581344,0.000813896382347546,0.00301932207514468
0.00259375065733682,0.00938241925387317,0.789775924429756,0.0086391061753411,0.00432754416598455,0.00340065245449767,0.00129434013862215,0.000440769414339651,0.00874502838317365,0.000917463549722583,0.00842073065212739,0.0217136854557573,0.00192516285206092,0.00109998320355355,0.0303612141580604,0.0122407350551929,0.00291738933220831,0.0108288374601926,0.00203114698813055,0.00411110306113,0.00135160680482611,0.00406402814873461,0.0077991974358093,0.00502389803834205,0.0210350172886785,0.0041374264349023,0.00418207010865122,0.00696086904918548,0.0139048553420847,0.000491154825965013,0.0015552587359724,0.00432763094578766
0.00107336062504066,0.0119592448402159,0.00408873785106316,0.683230559572168,0.0225460926500555,0.0262219152484236,0.0491337274782073,0.026728240875594,0.0166707115858108,0.010688354863646,0.00146993362173123,0.04906276061924,0.00303627638971085,0.00507733917670219,0.00739512106999263,0.0148266972084256,0.000214525347292804,0.00122660839484583,0.00345946490872637,0.000828733513039304,0.00197198212975168,0.00429005474401609,0.0119869476657188,0.00741283031202759,0.0013327999697962,0.00628111777919156,0.00183216791158606,0.013643938927784,0.00902409748235999,0.00168664587210708,0.00135198088757158,0.00024703047815814
0.000319594914907279,0.00298749517483887,0.00582152145740314,0.0177148019027645,0.774623861843489,0.0139320239373736,0.0384633968089497,0.0128472052490274,0.0103774026591325,0.000633000247600284,0.00406274930018496,0.00656352714230393,0.00376043480010326,0.000259015396471534,0.00944374465703418,0.0384330100419654,0.000631032993364199,0.00496039465870622,0.00547701742849644,0.00629364038527575,0.000298596032630547,0.00261106242619996,0.00241838588209961,0.000625630609510781,0.00298160437263988,0.00250249761980941,0.00643357375901498,0.00345120181987542,0.0118094209191888,0.00295771476366876,0.00407099664572065,0.00223444415024892
0.000545807357885901,0.00320874186448965,0.000368221652573116,0.0127554925676363,0.0241533437720166,0.661884376894023,0.0107496129142343,0.0184471907608328,0.047790639275012,0.00828168000906622,0.00579640361810941,0.00866391343937694,0.00353691052449738,0.00148557075501938,0.0116129413926491,0.104290506703637,0.00227870951054899,0.00139435619269496,0.000370385580572865,0.00231512978828973,0.00132624430530001,0.00115908757058368,0.0128094507137036,0.013781687708136,0.0161545623167178,0.00643977533490248,0.00322308853989007,0.00137777466505145,0.00517366755370057,0.00219523152060007,0.00276338297958723,0.00366611221866125
0.00740632623131766,0.0140989177580591,0.0021180447687722,0.0195246605349267,0.0192196591433442,0.00095912690578549,0.675673173278592,0.00479074338313002,0.00327207048165924,0.0164936498168522,0.00825245473672938,0.012600799435596,0.0141563022762723,0.00201136786726432,0.0153641389279786,0.0295798559045192,0.000634405817866482,0.00304370883785721,0.000732883738243437,0.00328541203747725,0.00106126218367987,0.0244052802777298,0.0658663156411672,0.00668885262445645,0.0081056789368557,0.00156657650595255,0.00881692508646694,0.00421960911311903,0.0103451619591422,0.00372870299749801,0.00727054350634745,0.00470738928534162
0.00116558719026327,0.00310657150951935,0.00208121715081505,0.00932508560454878,0.0532016109741592,0.0563026459272443,0.0190233703947447,0.675747839932951,0.00803293954889466,0.00427149614963303,0.00219898373229509,0.0378487309014164,0.000970382595795297,0.0106999381901377,0.015012489585848,0.0209488176936536,0.000560173577605726,0.00210816735101629,0.00477942714991836,0.0057890061335684,0.000131538080827709,0.00435727473537217,0.0144198324726491,0.00561501006115723,0.000312986865822783,0.0082843119839202,0.00539163966623957,0.00791046712388417,0.0190283398720776,0.00105382431051267,0.000252204321278274,6.80892122308424e-05
0.00816306738797704,0.0292301207848097,0.00809141067408251,0.00735529579828362,0.0202636358009021,0.0255551631513244,0.0614335184757414,0.00480752844963587,0.543677826156746,0.00642297385992723,0.0176133521843367,0.0287067148231391,0.0108649337127023,0.00124580171625108,0.00136474585494414,0.0177701797809085,0.00175882893459011,0.0171776762873852,0.00209427001593072,8.42944521645072e-05,0.000427813880792338,0.0149383575715908,0.0850912414192405,0.00710181959726034,0.00890395362467187,0.000636484022437462,0.0210964027386171,0.014720197292789,0.0189593109129838,0.00192416438828703,0.00375728354088884,0.0087616327086584
0.00240720416515959,0.000576301328489838,0.0133691601552997,0.0638795713247118,0.000439640155122972,0.0290941672160445,0.0051405455536284,0.00726343619090237,0.00428460422421742,0.677414001449013,0.00599330751355441,0.058048368886348,0.0020443598515882,0.000201475223462209,0.0178099146209304,0.0317703744421924,0.00087959967892336,0.000279225029847198,0.000532548357973767,0.00567672354596228,0.00533437131590482,0.000858128863040996,0.00701840477015262,0.0273904129514798,0.00261111549450481,0.00453464406598103,2.57402847371234e-05,0.00186274513678336,0.0115006687501347,0.00781837455773821,0.00376684009545612,0.000174024800715035
0.00468079453385206,5.19302900445325e-05,0.0112849875190522,0.0483949198280468,0.0454745067877844,0.0632234230913876,0.0341878795917159,0.0705762571755299,0.00557815302644445,0.0171121897035983,0.503448844322117,0.0212862347003844,0.000252269804575398,0.00101345828871759,0.0025111055312637,0.0428589843094804,0.000692975540863912,0.0044162049629625,0.00175514155460867,0.000169261871734104,0.00390184312035071,0.000727945869731556,0.00100578216705739,0.0370064418678417,0.00312311773015542,0.0227861906204802,0.0134975413570958,0.00747953669623048,0.00727955886548783,0.00387443363279195,0.0196194701894652,0.000728615449147711
0.00265602915264335,0.0024507307899845,0.0025829422078441,0.00590014220474443,0.00582349519301142,0.00575483647557996,0.0256415497194789,0.000572966793493311,0.00115919871403444,0.00870443818044129,0.000756485494239867,0.71330178799573,0.00326625043160234,0.00172954414555934,0.0028157247661971,0.0121313116631329,0.00125913606507863,0.00256047507380518,0.00375828311709982,0.0163076248282698,0.0212692684663892,0.0329577405458409,0.0447341235476212,0.0170596708833697,0.0154794248638692,0.00240318562435688,0.00416012834284314,0.00244426106545454,0.0276562253091703,0.00273680101510267,0.00811451618029221,0.00185170114372
0.000659510966793472,0.00392854687782971,0.000117562276630424,0.000717629749427649,0.038526083510878,0.0158195701785766,0.0166333031703493,0.00192176244659486,0.00572097235798794,0.0127911084850615,0.0263076089811491,0.0546961879645309,0.551360573739505,0.00113347631580058,0.0221269716607458,0.017293044522508,0.00127352430730962,0.0143375926689398,0.00348521583484234,0.0190229964899037,0.012402477031004,0.000757570321943051,0.00381721958253594,0.0186606380273989,0.0053805551164376,0.0258238819221017,0.020360550344114,0.0851419428098937,8.38101161652819e-06,0.000573045932181548,0.0175231796716149,0.00167731572379393
0.00152931358617693,6.64840713308333e-05,9.49544302363858e-05,0.0103587250570758,0.00240500907606722,0.00281009182530159,0.00134584457535688,0.00412924794096926,0.00504380431858382,0.00697242966384596,0.00290973219682089,0.0546627059882956,0.0123591433128504,0.751442681530665,0.0395468483396098,0.00623674375738794,0.000949909880541343,0.00813891889042305,0.00478311057768822,0.0103521120592937,0.000474347359340488,0.00429422416958286,0.00715065059969748,0.0107664961125998,0.000760387971032559,0.00414495931496961,0.00526895543612906,0.0299286004346912,0.00834923621250729,0.00194048462365112,0.000326022508674588,0.000457824178602851
0.000252221020587853,0.0116521853198389,0.00291801889373336,0.000363725475020568,0.00551033032353938,0.00972056351468202,0.0271545636035629,0.000660601502432385,0.0225751690419292,0.00084277902086758,0.0304553960460466,0.125396158798994,0.012711077988107,0.00118329457107904,0.603112469860498,0.00765133159393172,0.00218739837215184,0.00972838812884176,0.00283118566111456,0.00456233422754742,0.000734446290890333,0.00413513063773647,0.00350872053348458,0.000240247948612783,0.00564557131879663,0.0243233663427844,0.00583671711425634,0.0264535801576613,0.0359586932607147,0.00295352745226816,0.00812479450085342,0.000616011477435891
0.012791132149302,0.0413394778729075,0.0104186032087504,0.00553547109352513,0.0436485975771602,0.027588612823171,0.196122592968793,0.0019990516750958,0.0673879830336513,0.00538756928543612,0.00744706070198457,0.00506098884803875,0.00719484177654091,0.000628962395789922,0.00276496156038644,0.31810799812044,0.00133556057066525,0.00550970146628892,0.0019252697637144,0.00012344542545338,8.95450953425772e-05,0.0447374776984921,0.107385469083977,0.000872792999598142,0.0178934977910747,0.0029052590785183,0.0167565996526127,0.0239034464392604,0.00863509238716341,0.00222429297862443,0.00358367719816764,0.00869496728007311
0.0203392466919257,0.00117805563725062,0.0085487962711128,0.0066709940723206,0.00779124480995064,0.0678086901572549,0.193591267567239,0.0151822765501194,0.0107141474702386,0.000127704595969369,0.00208979229946619,0.0059793584045516,0.00235579801659017,0.00200709651747865,0.00454003204611564,0.0922475795337396,0.484443444929795,0.0145298731592072,0.00200511075118382,0.00910944914958255,0.00275083675300386,0.000385139875867098,0.00984953488997106,0.0195935254995903,0.00619896676597962,0.000838221848557051,0.000389429026516785,0.00379278582406976,0.000435705796147776,0.00036581097266469,0.00286295412111858,0.00127712999542229
0.00218053462920989,1.03580633908549e-05,0.00699997658586311,0.00139282176055551,0.00804508929347413,0.037519156135307,0.0477783845836343,0.00894926382535406,0.0285530083437486,0.000293276244777887,0.00115089615714154,0.00328921628912699,0.00268423120091484,0.00169445355990403,0.00751796332464605,0.0476163875514171,0.00112883727024393,0.710283368869326,0.00727184481862263,0.00120383297515046,0.0134534298762498,0.0138064680971583,0.00802410006797886,0.0180047862392184,0.00475032249561582,0.000755214655596439,0.00210334095902021,0.000144664950377067,0.0028635223904699,0.00100000445864477,0.00382503463680517,0.00570620969105717
0.00626472972880728,0.000413425248085936,0.0011612643598494,0.000285950000728166,0.0209517592847987,0.0177925006165379,0.0221985096048744,0.0102865446969771,0.00592837141721496,0.00521859769281931,0.0178993502986121,0.111312456521015,0.00394944584705263,0.000792509005570167,0.000293354634277901,0.0257408530175951,0.00138223576292877,0.00312040372073653,0.590632369045544,0.00169793418489187,0.00419679865682057,0.0346335097260945,0.00432736913362537,0.0255593424859687,0.00705929835913131,0.0115027763873612,0.0110473396350378,0.0106862178276462,0.0335432321363441,0.00584269099657379,0.00306269175012513,0.00121616821635336
0.00666476743024873,0.000405240513604993,0.00105229452185827,0.000694497447781734,0.0232286851887613,0.00188694545793657,0.0141770483557702,0.00384604210928939,0.0124163126339546,0.00200310081711734,0.0040763560972136,0.0530430346078678,0.000868079603308543,4.51048133796736e-05,0.00538523757829054,0.00519829010862904,0.000190758344120091,0.0138424703344106,0.00849164110342106,0.638083207495706,0.00741880130320038,0.0280364622903019,0.0277483337652541,0.00793809169630012,0.00653566022606606,0.0116835981837645,0.0108250250635882,0.00345909507979239,0.0735389313938762,0.00711950293588173,0.0171403381379497,0.00295704536135477
0.00022749759153369,0.00168417550884061,0.00069367555212317,0.00198277031836138,0.0128895613718562,0.00193192070943137,0.0187289403326594,0.000155105294279337,0.0149833144913573,0.0033300754528876,0.0109109628180864,0.0514718393281269,0.00299638782122962,4.46047272688758e-05,0.0022128337789901,0.00118207213456845,0.00142412709387797,0.0120504035280516,0.0028614364014308,0.00221137064438151,0.651466424569427,0.00181031336694256,0.0143251149097125,0.0302580035817606,0.0234561209023692,0.00342188860302362,0.00620763958328598,0.00541078989092894,0.0756780148245571,0.00446781244828103,0.0244457408450135,0.0150790615753551
0.00208772446939512,0.000366383089020472,0.0038351379350777,0.0046760489899573,0.0119453695406887,0.025234031944354,0.050205250391659,0.000497626692121739,0.0558901035679744,0.00952546744164636,0.0163481344394116,0.0145899463493812,0.00851355871524815,0.00551349036563984,0.00399366878158565,0.0296905473429004,0.00527151371808801,0.0137072458341275,0.010055916251787,0.00379970500377147,0.00427469892124425,0.679380787204872,0.00642245257026611,0.00446740041009413,0.000619249388977294,0.00256634759231778,0.00326591473905919,0.00779644615722712,0.00971544801799606,0.00275278966714807,0.000644754531446231,0.00234683993551577
0.00231697273250024,0.00551039602475779,0.000385287610362363,0.00235376567422988,0.0179727628524508,0.00214663291356555,0.00283471977657323,0.00129031219092172,0.0126994539762382,0.0106279549169576,0.0213902556425007,0.0384904919113917,0.00581542707897133,0.0016057223299584,0.00533130770444442,0.0140452958201656,0.00531016359598754,0.0017253430982812,0.00650106891165015,0.00348132074717893,0.00194795550238971,0.00659720207496408,0.733507231071101,0.00565916335088923,0.00371326915455575,0.000280591873012005,0.0300922591450403,0.00404500589935902,0.0407482391372361,0.0105255905895578,0.00095344267602965,9.53940167786077e-05
0.00155224999677194,0.00469358025229987,0.000767832016770517,0.00637009074614119,0.00405661444394986,0.00163461384908832,0.00967076340109089,0.00201538483310676,0.0203133981882667,0.00198479875046093,0.010591433635835,0.0182728646344213,0.00215516017348298,0.000375404381948923,0.00302401462369778,0.013153845995014,0.000533067945757604,0.00799722535096922,0.00653219257069637,0.00219454155161606,0.0603092106459959,0.00360394900855717,0.0060218900387472,0.627319918816883,0.0102592933026937,0.0470944006699542,0.0063643457073035,0.014323196641232,0.0535262384972044,0.000848632112524468,0.0454465335419197,0.00699331367559813
0.0126388791978716,0.0176824689256577,0.00258518653135042,0.00801645901064624,0.00605295072375286,0.0110120335226577,0.0966457413573167,0.0247861945595053,0.0445139879795963,0.00203517388507473,0.017347416538893,0.0357859821128039,2.43539477824972e-05,0.00128543015668314,0.00304153542532875,0.000412230373755281,0.00398029973788774,0.0445710781503106,0.00264126737452226,0.00362447164284529,0.00801229684633067,0.00523191834288631,0.00261833962794739,0.00191843439893397,0.590471433770181,0.00084129574392438,0.015686546497418,0.00035786386424952,0.0117604058744786,0.0027115550499973,0.00107207896036331,0.0206346898690471
0.000101337307358305,0.00166735523207359,0.0009624048198381,0.00107118023507631,3.83221487172686e-05,0.00928385561461317,0.000745252390181241,0.0035186543465108,0.0187872282639651,0.00138875002948408,0.018539835225544,0.0271659828732873,0.00248543127267062,0.000851704312456477,0.000698611699822817,0.0437528500541336,0.00118752978081266,0.00591248220823921,0.00498193836633275,0.0147610259463534,0.0238292396107947,0.00704608295153831,0.00315520230383218,0.0392712028409731,0.0152246907329258,0.66636213166771,0.015389346091519,0.00798486175593859,0.0159593870573278,0.00639799097905888,0.040891108986706,0.000587022894204529
0.000711654581832606,5.08194429543774e-05,0.000192487715330023,0.000377309770507632,1.89891598482842e-05,0.0123587494626541,0.0157984886615923,0.00110463433394905,0.0392741703707559,7.75084769044415e-05,0.00177895158976159,0.0188327625219402,0.00129752220343794,0.00568297680386226,0.00184995184850698,0.0474204796020851,0.000394493998296341,0.00633903366939124,0.0153915809997452,0.0155366178065481,0.0621280087762731,0.0350002936848401,0.0957208156353478,0.00987354938301139,0.0564775082307031,0.0893510260051626,0.423899957616812,0.0021620751666306,0.0179359474740262,0.0046089563885732,0.014320758954998,0.00403191966371833
0.000518797471958749,0.000905268786729974,0.00112988657405148,0.00245854399355004,0.000967440643059702,0.0431156714249122,0.104090126435965,0.00423005348098459,0.00788914156905745,0.00864509477414091,0.0120230342450257,0.0790363553664238,0.0102183771088853,0.00687897506401047,0.0253150698759017,0.0249757869147764,0.00383006205818902,0.00177826175227496,0.00208487918258405,0.00518618352541777,0.00565184169936514,0.0337476669100015,0.0301175273530397,0.00392220202835695,0.0173324585581293,0.0112021575747898,0.0031249536649372,0.464528184411947,0.0597815695828694,0.00515533514283578,0.0191168661283937,0.00104222669743507
0.00258659645966806,0.00124635486342345,0.00101194259081,0.00581619528173549,0.00280028892241541,0.0113259821007325,0.0110326060388508,0.00216640625867636,0.0109356415745415,0.000862589237172145,0.00173088462600319,0.0135189763014999,0.00696470187699705,0.00139502556598641,0.000516926900429365,0.0128250705184825,0.000779173678966967,0.00420911440089841,0.00773022567768726,0.0205346101529163,0.0160179244050336,0.00686874981107653,0.0205522085225474,0.0426630605353043,0.0109806997933219,0.0294288091113646,0.0542780715678762,0.0391045788638281,0.651640505292668,0.00127240619641618,0.00664520065557607,0.0005584722170938
0.00046509153553992,0.00364473561419124,0.000610125219603639,0.0161694359308876,0.00137809041633698,0.0213302285385558,0.00477209419500586,0.00597578652527326,0.000590533126512987,0.00212760035842245,0.00615022898597695,0.00162581046247031,0.000285328468243805,0.000766189692091403,0.00199094966580751,0.00369362747584123,0.00234053662486151,0.000349258039458875,0.00600754669086655,0.0100443258162595,0.0197050409677908,0.0135298037147726,0.0488951233070515,0.00253725733525838,0.0109513161645318,0.00184940879072733,0.000116140680935408,0.0029726684942757,0.00432109864376978,0.771528516856605,0.0329221137539747,0.000353987908100019
0.00796767156844284,0.00638992560571931,0.000161582474583226,0.00204849051580205,0.000381381773115504,0.0204885362821483,0.0282300526122804,0.000811061760741837,0.0116380513724433,0.00484370755449752,0.00487072052600493,0.0111511437655949,0.0146904230538084,0.00122395367952836,0.000719946266998536,0.0271935701120731,0.00108661992043822,0.00122781129648786,0.0023438264412966,0.00321353917377802,0.0393794154613387,0.0071519228843446,0.013628109715099,0.0263360924353302,0.0210796964778126,0.039616420904182,0.0146078433360287,0.0385777997901549,0.0197229007232643,0.00388024917792738,0.615969114141562,0.00936841919717257
0.00823586775294999,0.00915252274701978,0.00408157540026885,0.00765418023905251,0.014817864525749,0.0112503620341476,0.0167710095207424,0.00463549281283706,0.000807388802717982,0.000126597967959129,0.00847025425736459,0.0109138788492358,8.97287121482472e-05,0.00241805846427423,0.00643998745743815,0.0060102146740622,0.00290766715651592,0.0349383984724704,0.0142088299424851,0.00827094507232641,0.00221158493332948,0.0122863653409304,0.0500369528998307,0.0144956198140708,0.0912910419447119,0.0259440775296827,0.00039092139325108,0.00405139648280212,0.0055437397024504,0.001963176688639,0.00956254876209586,0.61002174964644
