0.577024156025139,0.000307583553958567,0.00746966178616223,0.0210894798368354,0.0116011305445157,0.0905028972493223,0.0436588766869436,0.0253448430906665,0.0314367088750495,0.000491695464221376,0.0050213196579871,0.0235434178197959,0.00354287172318542,0.00277405820237373,0.000432635700212285,0.0459577937141237,0.00938569885283866,0.0343154542880324,0.0011098619276478,0.00277710895905838,0.00160700421314399,0.00465994549322923,0.00301399010988762,0.000922130584135519,0.0346369003297079,0.00080219631164409,0.000874736750980518,0.00832534749635852,0.00274375194520436,9.73800381367771e-05,0.00300132892888349,0.0015280338406179
0.00526781261425616,0.50997974634965,0.00925520542325892,0.00450540297761083,0.00505633378834454,0.0542626357729466,0.129494718579736,0.00635810591279182,0.0296381140296991,0.000766545057096721,0.0167341037784196,0.0496185271106828,0.003807727857298,0.00267073167686827,0.000141084327845793,0.0667606732052379,0.0118207720141343,0.00364346926218976,0.00234469510210869,0.0115543041790273,0.00256742178356967,0.0019016102233589,0.0193775856047537,0.00692561791396755,0.00452172200171308,0.00160481200384233,0.00501235983432565,0.00270900073234915,0.0212958672632313,0.000506532348322996,0.00141560306268666,0.00848115820867613
0.00186576637024299,0.00153792200528487,0.737320008885146,0.0137291626356465,0.00999703138857638,0.00307129278034662,0.00707201006033457,0.000161201065934034,0.0618201736356379,0.000856501003969549,0.017685637660764,0.0138153278910792,0.00208834359216793,0.00793863630050294,0.00227633228563294,0.0315035741190707,0.00536154402382802,0.00068155305090249,0.0111777434573957,0.000169249387019621,0.00346548389041182,0.00588736261446543,0.0100147371388603,0.000244678804065274,0.0159877446145251,0.0100947668296927,0.00195858351835822,0.00721201958972739,0.0111075400233261,0.000805792137300753,0.00222522405180616,0.000867055187977458
0.000990144314477744,0.000724529886947787,0.00116889303136918,0.534828934550994,0.0612602689390407,0.0138009809295239,0.159190425949744,0.0156930081754907,0.0167289304263798,0.00873749884888097,0.0128861977064996,0.0580139055798596,0.0102930694779191,0.00854031321603,0.00320027695536184,0.00468841510355105,0.00229175640019678,0.000690873145491023,0.000646454235043254,0.000120849026558014,0.00993683271141625,0.00858623877841794,0.00259008074863231,0.000594558768443193,0.00177126860383703,0.00303796473054681,0.0113271149047569,0.00285635881831976,0.0424942705045403,0.000746367583872926,0.000397494642632709,0.00116572330522505
0.00100484105203065,0.00251127116583149,0.00914793629969532,0.00997301973032716,0.72184479992233,0.00222905004042455,0.0204069584451434,0.000180513407957582,0.0600158998971278,0.00970189570314274,0.0124782626124818,0.0152861403028266,0.00108935810690253,0.000819405002046563,0.00473055304411274,0.0607123975858682,0.00658100795881128,0.00176197707664732,0.000949756610864704,0.0133465917669729,0.00963773392636524,0.000367775906851347,0.000519950552006728,0.000329128256005441,0.0134482303786557,0.00556890295627144,0.000177391488119795,0.00643060147161607,0.00463457977820875,0.00211203149071404,0.00146615055938815,0.000535887504252588
0.00416680523898021,0.000705690223213868,0.00807348407351658,0.109166366649738,0.0183147182126202,0.317509266784107,0.0758109336918976,0.0963699377079514,0.100946971323241,0.0125642369164889,0.0419832730359494,0.0500120450819931,0.0033981127024549,3.1419888728835e-05,0.00613263696702368,0.0498347784640149,0.00660654208276559,0.000792491626177329,0.00111382169463795,0.0131936921771402,0.0182912459280042,0.00396284035866117,0.0113979532440543,0.000147301992840052,0.0182839010411223,0.00307214446776296,0.00873175935909579,0.0101188239186396,0.00716931823405481,0.00186789485108506,0.000184832372879732,4.47596891589475e-05
0.00628304775451533,0.00218756082725439,0.00458754116163885,0.0803786556288016,0.0288003995602014,0.0039780201285916,0.66471990425789,0.0206744434020202,5.47360157466069e-05,0.0221921056294609,0.0345097652006504,0.0392232685307925,0.00225963930004997,2.47171934317605e-05,0.00496611290323227,0.0235556906225497,0.00357417411848462,0.00268411454523083,0.000203176187199277,0.0133148627221794,0.00445997774541829,0.000233345422983144,0.00127449994171241,0.0014781184474505,0.00963273049195848,0.00211388605392724,0.00401650847624451,0.0107803225194331,0.00406924311472067,0.00266333617719302,0.00109598191129594,1.01140077410818e-05
0.00280554411393601,0.00108955886762569,0.0066872361966616,0.0193871958099486,0.0202758259301105,0.0235548368260787,0.000491757497835245,0.435601173111225,0.0575705934876677,0.018113335858887,0.024162632501221,0.118272088093441,0.0078571281004304,0.0118662948375583,0.00600292319263271,0.0289391591019631,0.00225775335849747,0.00378366795934236,0.000427685743521552,0.00432227120002881,0.0359613361275224,0.0143624768382722,0.0102151553316406,0.00124776267965166,0.0397103646245737,0.00310447865465562,0.0203071638229058,0.00125401802628757,0.0718768326758297,0.00223423744966318,0.00171455368008112,0.00454295830030317
0.00557538014771259,0.00567386858877835,0.000496089374340978,0.00669480456323697,0.0225045153227587,0.0445522694781684,0.194779250135997,0.00199869224857638,0.495276828204275,0.00415208496627238,0.00156741074647033,0.00357718062754259,0.00228774675042989,0.000318953361046952,0.00127156150992076,0.163921214616916,0.00324120935633666,0.0152245233521995,0.00123398366416692,0.000219192867435928,0.000636485510678581,0.00248184509487693,0.000560366121502799,0.00141568959226449,0.0117061918060698,0.00145392766815298,0.00012631402892193,0.00230739993489982,0.000818328910549779,3.02818256709359e-05,0.000329683209917101,0.00356672641391175
0.000644186108223398,0.000164591210544134,0.00269457124984575,0.0545010536514836,0.02067015364628,0.00276330930089103,0.0431601923479724,0.0241379126582412,0.0223203899875798,0.543395400768327,0.013159276352012,0.100307354847915,0.00439519841024234,0.00807563670181435,0.0143709327836343,0.014512623954645,0.000704892759098554,0.0014894253789577,0.0029947698852741,0.000370670823353364,0.00622205876604639,0.00355505481185908,0.0314354652894795,0.000569643072901532,0.00155393423592965,0.000699121461748203,0.00400873675016894,0.00782260211367617,0.066742323782968,0.000123377170307255,2.90071540988979e-05,0.00240613256448145
0.00130362892859137,0.00178770914362644,0.000554329058955708,0.00822230760061914,0.0762057933767441,0.0535322666105742,0.00709256326338591,0.0257805905227438,0.0355243778000036,0.0157289941120712,0.506077973863314,0.0278702716563631,0.00815450073581355,0.00695028498504338,0.0268334327340185,0.00902940367142519,0.000825151245415167,0.000825442856483796,0.00241719010895653,0.00724868410283788,0.00760294652875454,0.00511262814508237,0.0583776516609111,0.000449897082020123,0.00380379811987805,0.00794360028065682,0.0105913999961603,0.00467086922171192,0.0770740132935802,0.00152851370625659,0.000111252627695273,0.000768532960305956
0.00119091282753552,0.000166488454703921,0.0032870511126653,0.0580350109104231,0.00534631646565418,0.060020217874458,0.0511162507506119,0.0235755670592527,0.00179349064340987,0.0471114412537659,0.00775745433932256,0.606309069351271,0.0081054383767214,0.00124815015872243,0.00114349948625412,0.00306927674263767,0.000900046930406929,0.000695507877797991,0.00213085742224414,0.00164961485346148,0.00534000598746266,0.00947101341678869,0.00131654152484511,0.0107895198257696,0.00132847127416045,0.0407955012731249,0.0131067028506243,0.00639280909819019,0.0183235588842846,0.00284649295907811,0.00483705346624573,0.000800666548105946
0.00105008805685252,0.00315287045949653,0.000877026820608327,0.00551062637226675,0.164009488927727,0.000126117838205141,0.04912008799572,0.000872387592928935,0.0361059744988028,0.0712601067928796,0.00329386506640432,0.0157948708618187,0.419199686276063,0.00891312599120031,0.0770370421597929,0.00845074118658779,0.00038139374027846,0.000938092181763687,0.00127853414057722,0.00283989436452143,0.0077891118997529,6.88674280380461e-05,0.00653712576332397,0.00315889557193511,0.00212767678912874,0.00195295955971305,0.00676583733807584,0.030436720958819,0.0609033690584528,0.00226101833533935,0.00394149436703348,0.00384490160589166
0.00413321548886551,0.00057289442622182,0.00410686655951131,0.00155757032606313,0.00634595222715951,0.0105389473351144,0.0160179393711401,0.000868636059528484,0.00177539588364638,0.0100858635800661,0.00532924708253586,0.00696723183442265,0.00593320637024057,0.776538400617547,0.0654648956668478,0.000957814798566253,0.00136761440944481,0.00218102123363135,0.00780139728107105,0.00126976305364275,0.0051642332401236,0.00190048304457516,0.00414014667914539,0.00128196002565499,0.0122075895114836,0.0019994767257805,0.0092033402752271,4.29762461339786e-05,0.0186364943839063,0.000806939657920241,0.00842640347895673,0.00637608312582516
0.00405473625283509,0.000402055268422304,7.8812056375042e-05,0.00416468029101177,0.0795459447319148,0.00180912333874775,0.0738851701601829,0.00314450630921468,0.00554363592185445,0.00215729202910962,0.0266698685014954,0.0516763507937336,0.0200813210327466,0.00108414430648154,0.644613186111605,0.0332467859505429,0.00156193980156114,0.00219652649711105,0.000714824733348427,0.000446317276278224,0.00169115316137789,0.000954245899076818,0.00243143205383327,0.000839336952913686,0.00502842199427281,0.00150128723177614,0.00324839559169492,0.0113998113230054,0.0048427306095715,0.00255842243860988,0.00317349022077511,0.00525405115852017
0.0214194854317911,0.0235385461881576,0.000714386924334661,0.0102746507426666,0.0728453728068512,0.0288462655112123,0.342481384600788,0.014168867885061,0.229170860371984,0.00865579838785477,0.00570311548571636,0.00318647398829043,0.00326966728218471,0.00188483746837242,0.00183704522860441,0.166742777414797,0.00507228645603792,0.0185072054629817,0.000443608085051621,0.000590007752615551,0.00214834142433957,0.00526817202495964,0.00208521318478285,0.00293158754538966,0.00223968140164921,0.00175696402146017,0.00303694663934333,0.0104924784408829,0.00273370763702165,0.000261389551429592,0.000238019953564624,0.00745485469982394
0.0121821508088199,0.00721827340566737,0.000357147381707862,0.00683491300041866,0.0348671855686924,0.000736459722174607,0.0107101187514201,0.000781786209815125,0.0211074356534788,0.00264982438198687,0.00814656263978094,0.0231199150467443,0.0045944341628452,0.000411993684730685,0.000665025627683797,0.0427115558926406,0.750153849769814,0.00476399951823457,0.00143285101008451,0.000644302313662235,0.0030843583608738,0.00357846275865148,0.0213989397429369,0.000337218563437933,0.00976508488852822,0.00249663087698789,0.00464018423014567,0.00060757962358746,0.00989205239298014,0.00041286444480419,0.0027849403799947,0.00691189918666919
0.00603023789461303,0.00393319924210472,0.000746605285516849,0.000522410196955365,0.00321436110787764,0.0204822845380794,0.0454036064495138,0.00577957126730178,0.0108689255225749,0.0039829038314959,0.00828257369532334,0.00659559382118088,0.00124717741384042,0.00188701005387224,0.00307263229948101,0.0121819471095725,0.00240162409498905,0.680243978536973,0.000451415776287524,0.0274396350979582,0.0355692827109988,0.00646786143500998,0.00541689192933919,0.0609987149498362,0.00174114995335776,0.000760663194000878,0.00994998865275959,0.00502762186577973,0.00477177605250331,0.00195935954272173,2.78439647252736e-05,0.0225411525134558
7.12284326222045e-05,0.00698223020557019,0.0036650137860876,0.00772309231318631,0.00202319488740438,0.00988882537996283,0.0281305334796731,0.00310971208012398,0.0641355752830304,0.00230930295916968,0.0241103628596197,0.0409814137420315,0.00338836470555605,0.00116888084087425,0.00262819958488397,0.0617333507098153,0.000773732805482582,7.51718852635096e-05,0.613524153467409,0.00319855167220022,0.038458098399355,0.00347828964778918,0.00137271435359144,0.0338700710608263,0.00410454302761075,0.00376534629215728,0.0106496130259741,0.00353329359795437,0.00638600333848384,0.00222653297695776,0.0110882103821016,0.00144639281723108
0.000598011874071762,0.000472730759787527,0.000601222476862915,0.0069147697122412,0.000165236599777519,0.00436528840695566,0.00550843733023762,0.00433000813316597,0.00932240041911744,0.00357592320395009,0.00295113338020452,0.0203667054490395,0.00200178197699256,0.00668403475789198,0.00210722311629562,0.00677107143162609,0.00240413882072126,0.00170741302990916,0.0131062375947215,0.717088385087015,0.0164645049361963,0.00573756083112579,0.00685902059277099,0.00710394013224324,0.0022881914423218,0.0758926429633578,0.0491157524689959,0.00702987638933888,0.00903718236103714,0.00157896422453982,0.000722868438157603,0.00712734165932976
0.00049444068673506,0.000107080177192042,0.00128251891630145,0.0262369035761598,0.0100483600068162,0.0079128650079932,0.0177944215238338,0.00509872640127522,0.0371654070010366,0.00844871616867602,0.0398635520244828,0.0270581587988296,0.000462372618605141,0.00331315504296426,0.00604955114045435,0.0101898278834981,0.000761681304636463,0.000547813072924358,0.0052457551418082,0.0145617994288895,0.616839490749652,0.00208567601233942,0.0129278554895438,0.0502418525601761,0.00147039857971765,0.0493712199374463,0.00988647502937919,0.00169436681086035,0.00332063007692227,0.000835921454792462,0.0117671596064282,0.01691584776963
0.00227734888694151,0.000330935836569069,0.00658725907589264,0.00779055222248601,0.0107079855092034,0.0161714030746993,0.0272062790704486,0.00079951528592794,0.0808316818579847,0.000657570043133144,0.00221067149507408,0.0142283151291394,0.000249747689204556,0.000494941583700701,0.000229129281770823,0.0711599342097581,0.00691261900079607,0.0207423517706013,0.0188024357347833,0.0160162170890742,0.00142264229626732,0.624562862659615,0.0232364157363984,0.000707381996524639,0.00700655120978356,0.0196164473779717,0.00915263578221351,0.00157325331326187,0.000499581046850741,0.000360397225178509,0.00478336860053985,0.00267156890820637
0.00144412753437714,0.00111763982105168,0.00238934760037982,0.00583954680978897,0.020858830022182,0.00556957254495873,0.0213822373346669,0.000445721364026164,0.016418393703776,0.000139864046055093,0.00364940428525813,0.0379983781021424,5.92733151783593e-05,0.0020936484720334,0.000733487863501028,0.0738317155809599,0.00857885884481107,0.00596116356698647,0.0113986168301256,0.0410591417402336,0.00303268861987185,0.0134713495429143,0.677716332087958,0.00836457580391511,0.0121781422614715,0.000441040522645919,0.00470259026723222,0.00484998501143662,0.00235330912698676,0.000571633693412881,0.00972704254164182,0.00162234113802065
0.000270115746307061,0.000198572556164592,0.00362624176387466,0.0175273275345738,0.0258369138140602,0.00908909010568446,0.00650947412919639,0.00455232963989848,0.0649614049940271,0.00307764453882344,0.0152415611445946,0.0130366223298722,0.0022892766757912,0.00362782922272148,0.00246308339158709,0.0365048095056091,0.000187745622589964,0.000156377576983881,0.0305032667731752,0.029174046171158,0.0161712955991917,0.0011133756968926,0.00565360808836742,0.474366455578602,0.000233180248774546,0.163104705421436,0.040982881351775,0.00484032521823122,0.00191583599248232,3.86273906648212e-05,0.0171017667264628,0.00564420945042676
0.00247714018683522,0.0360034872840046,0.0009173701176304,0.00261408520027659,0.0390704693329377,0.00788510458010635,0.0829211632021985,0.000518259866926683,0.0945517748577006,0.00610688309798374,0.00404271104907057,0.000441456984778953,0.000863998152951973,0.000622153593271211,5.60942104037152e-05,0.113800568334124,0.00222358440383991,0.0203135828975582,0.00014012797514057,0.0459267863068093,0.0273195765282879,0.0070199000846733,0.0630735709225799,0.0523188871446993,0.310513477976095,0.0028735627255814,0.0287287198216929,0.0179931347797347,0.00575105556454137,0.00213614416574113,0.00246345297505679,0.0183117156767674
0.00170181841035284,0.000130586837718566,0.000743243761048092,0.00600803429590471,0.030841500386711,0.0104754784452081,0.0295001070242292,0.00212117495730813,0.0298963012108994,0.00409175132991811,0.00333573507481641,0.00889004406398795,0.00622042851658411,0.00188317256161873,0.00106364753336453,0.0214557677593888,2.55060347466659e-05,0.000570203943367292,0.0104677740775918,0.0095365801851664,0.00205324069255181,0.00576878308553856,0.0117371126451559,0.00451457776200749,0.00173765171841203,0.716713778844779,0.0403918202797113,0.0139778315467001,0.00488165727969955,0.000151968376262806,0.0158825111350958,0.00323021022415504
0.000623522206506404,0.000186839739895194,0.0014907365386379,0.0167994696746187,0.0492249680569581,0.0146873579892942,0.0170251106151737,0.010008104446997,0.00782525303480436,0.00818656209624122,0.00129488811095027,0.0271323298006041,0.00813559946215984,0.0010507322544144,0.000175791459705549,0.0111603395098123,0.00172353736995217,0.000344843096063442,0.0232673210213809,0.0926070132401231,0.00891972740102012,0.0158790167084342,0.0323451948480189,0.0424220353657542,0.0024883439373744,0.115563501563606,0.423787337772716,0.0184943779948441,0.0140227838628149,0.000696934637102759,0.0275564062122413,0.00487401997178003
0.000619429092253496,0.000317286644676311,0.00152141926377234,0.0363284423413164,0.00581845103540917,0.0716977120621261,0.124205983245663,0.019287595603977,0.00275130479553275,0.0384993721109029,0.000239470407006511,0.0652679746097978,0.0138959289007996,0.00117707497362257,0.0216969599836864,0.00739497593251511,0.00140288222857563,0.000443940492566512,0.00415482870156354,0.00880106753722739,0.010291156411541,0.026802014644528,0.00323503138196886,0.0101021221222114,0.00271757304935968,0.0526396337379965,0.0121315033211819,0.40106081704936,0.0358495804675811,0.00651920695910053,0.013042433537566,8.68273546142433e-05
0.00101155486181055,0.00416433738195799,0.000878126188282824,0.00803609976180807,0.0106497229390935,0.00399497582538967,0.00933444095506274,0.00204657849267669,0.00445340974895383,0.0069619426122444,0.0391590258377456,0.0591380707757386,0.000616836333981249,0.000427022383299663,0.00355617668696082,0.000160294573261019,0.000198148832999044,0.000602436879260255,0.00414492390156616,0.00249116562466104,0.0183675357625001,0.0225639787076124,0.0121750998114879,0.0472698667126279,0.0104271286420789,0.00780006374723068,0.0361005927991113,0.0267285788798045,0.646393552248108,0.00314223744459726,0.00203935021906802,0.00496672442901968
0.000172096693429079,0.00218429945060764,0.000356527376271513,0.00380558670817076,0.00504809377739142,0.00140083866706135,0.027914392306432,0.000342115751521887,0.0202603767629218,1.67086554529697e-05,0.00476573595270419,0.00761428690871842,0.000321956171559491,0.00238200615138182,0.00787624415758866,0.00400327955257192,8.39281660031701e-05,0.00136587314093212,7.92772312970652e-05,0.00611202465513996,0.0106510517056139,0.000322998998742668,0.0223631538841114,0.00194241595466365,0.00320366441588625,0.00856716190995819,0.00609489629035138,0.00665396634686253,0.0059279899228037,0.832055137658599,0.00444466177459994,0.00166725290064986
0.000365717507287225,0.00309255790162603,0.00261138610211615,0.00670407119785104,0.00982949077810812,0.00408445206444162,0.00370453684742442,0.00306682597902846,0.0270832737243187,0.0034913546828922,0.0102811020918278,0.0608615040433629,0.000392613739929343,0.000131297470048672,0.00499366480050303,0.00264592799600001,0.00139132234669391,0.000579433595424235,0.00938369733152686,0.0642008507161065,0.028502514182431,0.00900483361678451,0.0106280393382267,0.030519148716404,0.00321449059188988,0.0244954681159661,0.0154744528933844,0.0418646750576784,0.00455060173039035,0.0111349886916968,0.595167938211553,0.00654776793707721
0.00736323419389925,0.0114200964159096,2.80897106612793e-05,0.00233298834223018,0.0337062476440289,0.000985034499414841,0.00380530979214732,0.00292720777246575,0.0084147886423934,0.00860498368335789,0.00523573205789117,0.0226285242940581,0.00574718030091446,0.0020691456189824,0.0029926909447432,0.0169269928088241,0.00816286126344343,0.00689515163932303,0.00255100856360366,0.0313224849671873,0.0118946389052349,0.0176221256494966,0.00695882252699039,0.0037002913438446,0.0266187090143895,0.00166038134995697,0.0155825882443704,0.0175196026248295,0.00310771268074655,0.00306106138826582,0.00791381423124546,0.70024049888515
