0.024368857558240142,-0.0013790703056080003,-0.00012325020298589989,-0.0201026234124152,9.774010696100843e-06,0.004037327754273201,0.004531265201576401,-0.0065102389902398985,0.0015370714839079997,-0.0080868907138442,-0.009931346669656,0.007793310346841001,-0.0036579987642226,-3.5829372698100055e-05,-0.0005993640597777,-4.5225488198500155e-05,-0.0017431483426237002,-0.0009326304347868995,0.0011845906965516,0.0022700706142216994,-0.004904295662374101,0.01006576932892251,0.0186496686647033,-0.0020781651048560005,-0.014766772684441699,0.0009711212655416999,-0.0012757804640214,0.0059609385426336,0.0020404265192716996,-0.0006882220327151002,0.0027397094110009003,-0.009299048692916104
-0.0023039741791572995,-0.01883927657962936,0.00011242850973509997,0.0086587015926207,0.012332534795033902,-0.0037306549711873995,0.014013383195999797,0.009342116627935701,0.0015829596140622005,0.005900796532804601,0.011721628414516898,0.0049546706506469005,-0.0004557962782111005,-0.00016951609849690007,-0.0006170059294323994,-0.0011998187127062,0.0002615035747282994,-0.0042581185166788,0.0006441597966254002,0.0028857599365925,-0.010364309364904099,-0.013125678366724798,-0.014806923736096697,-0.0048166110276755,-0.0036802219556374,0.0036673946652085003,0.005642404097404101,0.0002483567377180003,0.0009407493221180001,-0.0012690611497238999,0.0014810795236856003,-0.0047536607211750015
-0.0029251413531403998,0.0010618159131386001,-0.031111094732154343,0.020874975822743103,0.002065812953774398,-0.001870910305042401,-0.0151388842347746,0.023627128752073498,-0.0054532488013598005,0.006045952407072803,0.006411540379407402,-0.0021682110263170993,-0.0006462558434829997,-0.0005595503289725001,0.0019814617591416995,0.0037660079085343008,0.000563480429104,0.0004987017070277999,-0.0017355060251336,0.007180384184897801,-0.0021558125380752007,-0.0064719123135283,-0.012613375415437902,0.0140963118649234,0.0013285241301270994,-0.0009935104812787,-0.0026931584173512,-0.0052051395461207,0.0010981669162434004,0.0014329902190484002,0.0016609052193701,-0.0019524492044581988
-0.0006059063360802,0.0004046623736051998,-0.0009620649279428999,0.019048215607054608,0.005555163722664798,-0.0010344457253016995,0.0009747520749054973,-0.009659561209546502,0.0003727664708498002,-0.008822181085631,0.0057762305754927995,-0.0040548231138356,0.00023771969448889993,5.79201525539e-05,0.0005232576921218,-0.0004239166106742003,-0.0004734970239854998,-0.0004892323576257999,0.001199293196378,-0.0005902366945499998,0.002753111296765899,2.7630666122000283e-05,-0.004495836256959502,-0.0027169380054335,8.890252340709986e-05,0.0010101951561479999,0.0006711547934287001,-0.003182272284298399,-0.0017310574425805003,-0.0009067183211013,-0.0019797729045078,0.0034274843040667993
0.0046194013577516,0.0017675945480548998,-0.0003564905653164,-0.0227971851660447,-0.0029935336359893094,0.0069622924833641995,0.0042039569788281,-0.008882967616147697,0.008461540238984499,-0.008902006626468298,-0.006025674524511698,-0.0002164980733495997,0.0033117422789286,-0.00018938561039070004,0.0029522733582214994,-0.00046691498030600014,0.0045462272930658,0.0019287920132572997,-0.00011509667433039997,-0.0015355268703331,0.0025231174367494995,-0.0022341718573421,0.015514308058504504,0.0056542435162243,-0.0046788854048562,0.0010846102970968,-0.0007829220825096,0.0058563342365388,0.0005260972337530999,-0.0010097524923426999,-0.0040631385741586,-0.004662380574926298
-0.0001193880593968002,0.003828637920482,-0.0008280162147086998,-0.0120612816049025,-0.003317776700119,0.03827292881784439,-0.008861454004318802,0.0173770563657608,-0.002664828493865899,-0.010713371736267801,-0.0085919909834579,0.001895599090796599,-0.0007324805913398996,-0.0002381556468093,0.0025349868447604,-0.0011070831763361003,0.0011313589453833001,0.0016402538500774999,0.0010108690278396,0.0011422444951860997,-0.0011879524639876009,-0.006041970483961795,-0.013536720480465794,0.0001097731193514008,0.0017465867786877996,0.0018874265628387003,0.0007508048251816998,0.0034285018414311995,-0.0007429535317699,0.00018630810221160012,-0.0013566483073539997,-0.004841264108771705
0.0033268377511662004,-0.0034504782049889007,-0.0012858055992179002,-0.020100568985976702,0.000242427678859701,0.0015569685472485995,-0.024315189456823094,2.5051603548098544e-05,0.004700823794412201,-0.0161301135646042,-0.009114386712537698,0.0093527096819975,0.0020483980669342003,0.0007261154506271999,0.004311662860329001,-0.0036897798703345,0.0014247378406474999,0.0009360223074141001,-0.0004992936130456002,0.0045597684623647,0.008130308153835204,0.0022594347912089016,0.014821013666667812,0.0015213501589808002,0.0018792848725372006,0.0023571339499136,0.0004620633700286002,0.008195887960471401,0.0015570509792905002,-0.00011553530200000004,-0.00032260675013339986,0.004628706111178899
-0.0037898360227934,0.0007949631810933999,-0.0014419114001107999,-0.014377809699391397,0.007706210204311899,-0.0007632956111887001,0.005415831349310202,0.011831086094589383,0.006142119021900201,-0.0188438151052047,0.013637924551158299,-0.011344905703588702,-0.00023629008884719967,0.0005711029210031999,0.0016209941160533,0.0009968179242261996,0.0007965916537700001,-0.00041620545198929994,0.0024541148333298004,-0.0024013707104596,0.013657896548044602,-0.006628379998421301,-0.00675950157784351,-4.233368898790002e-05,-0.0011566577519829986,-0.0009879120140274004,0.0016267047954218001,-0.0128048516470738,-0.0022741368501553996,-0.0016777240016806,-0.0032976656315984996,0.021992245761132703
-0.0023959407555237,-0.00039374038226539995,-0.0011230144375665998,-0.0007173225401274977,0.0030268982791275996,0.0016651820029212998,0.0139266293543511,0.011132253978106901,-0.048375092699952105,-0.003152578435186699,0.0017069800158088996,-0.0022460456981565997,7.4323806728000645e-06,0.0012800908201384001,-0.000883652088534,-0.0005416720042269998,0.0001185517950063001,0.0010829952675455996,0.0018868835510269001,0.0043882378867861,0.00024229937466820062,0.025586402229021,0.0342963607927544,0.0048376778749669,-0.018290424823778097,-0.0004257638796566999,-0.00221443974677,-0.0020349210351416997,-0.002005183386787,1.8746405346499895e-05,0.0021564418845858996,-0.022560271979161398
0.00028538980919249994,-0.00022225808469780012,-0.00011726404689469988,-0.024765974551002407,0.0149007880630001,0.0025738946033447997,0.011239073396165198,-0.01614756630978348,-0.0034182296246228006,-0.014120644964311091,0.005453083873368601,0.0028277806304727003,0.0007285549403834007,-0.00019367387403950017,-0.0019519456448012003,-0.0008103844228645998,0.0011298353243275998,0.0009929519690518,-0.0009472194975816,0.00019598802485749998,0.003987338287787901,0.0058152093166791985,0.0213615220681286,-0.0026885599965241003,-0.0042127101429636025,0.0004406963193409998,-5.739543346999993e-05,-0.004374651287731299,-0.0001906153732777003,0.00028265195389389993,0.0006953754006397,0.0013089592739313014
0.0007459144738834,-0.00013158987420829992,0.00017145500766619997,-0.027838812209965105,-0.0004611026024295001,0.0006963995613532004,0.006973694364550699,-0.025267279301095402,0.0026236349549818,-0.007729795848519294,-0.012567780120061822,-0.0029762602723016,-0.00014486134094749987,-0.0004638074361952001,-0.001605456824166,-0.0007334103485098001,0.0014349003532895,0.0012472138742352001,-0.0007549582117962001,-0.0003941237952281001,0.014885779568985801,0.005777301472848301,0.028004320024854302,0.004044796978874701,0.0077967791833824,-0.00013730531252620012,-0.0014273353907266998,-0.0022345786413982003,-0.0017285182098797994,0.0002924839697838,1.2075799262899851e-05,0.0118902261520029
0.00015285285055069995,-0.0020418238342994,0.00014181727211880007,0.005030680225242702,-0.021808802242146,-0.0020777214461743,-0.011678320270414802,0.007846474743780397,5.9131894896997245e-06,-0.0035829053114780005,0.009863566274501998,-0.06925588544328293,0.0051144593430669,0.0006966573545940003,0.0014475730521464995,-0.0011155660052814998,0.0016344224247253,-0.0014333417971274997,-0.0009020247097004001,-0.0034368611303205,-0.005146847989480903,0.022466386111268694,0.0643825336091026,-0.0034218211283519994,-0.004463117233712999,0.0020050932719029996,0.004884010267521801,0.0098842976412977,0.0017397209649378,0.0006869865094875998,-0.0017215752601097995,-0.005896831303854995
-0.00029345338087690006,-0.0018565019343766002,-0.0004081561929446001,-0.002164302240064399,-0.012585860324608698,-0.00027771755142659907,0.0003526089032269992,-0.0137914290905356,0.0017893564562194994,-0.0065517282031587,0.0011086259794303999,0.0117913590875795,-0.00947020550873523,-0.0006459771300951,-0.0036475674849851987,-0.0003145123615684001,0.0003985541658777,-0.0024810915043357003,-0.001554052310406,0.0015921968670196,0.0017110317616418,0.013826579931989796,0.026613781256551804,-0.0009438560798382999,-0.0027286097009621008,-0.00017279430363109985,0.0005924315555431992,0.0081480222639843,-0.0019990526676931,-0.0009203246954423,-0.0026041000652989,-0.0025132554980808984
-0.0012230693422343002,-0.004338610659077299,-0.0008078009018172999,0.015378719157486204,0.0255464696098905,-0.0009128933219346002,0.0110288701761127,0.0230226613537659,-0.0013122136202525997,0.014707476248437098,0.025058562346485704,0.008699825111944299,0.0010296862033347997,-0.065368501565357,-0.002282074701588102,3.456188244850035e-05,-0.0026624929483821,1.2282020511199905e-05,1.4593360233800066e-05,-0.0059007604712858,-0.011804332302208998,0.003132284920176101,-0.0041593846045585026,-0.0180099372762666,-0.005798533277999199,-0.0040804463851075,0.00023725849654870033,0.0088731933102675,-0.0056713450780463,-0.00014138278704679992,-0.0003236877805467002,-0.001978977173933501
-0.0032024933848616,-0.0044718766594254,-0.0002953383892118001,0.0168316464818363,0.005458584895075398,-0.007958800214883401,-0.006515016076086899,0.0105067542416564,0.0007272582623039005,0.016149692656921403,0.021199834430743296,0.0011535449944795016,0.005201652683347499,0.0003005493205994001,-0.08401083494443762,0.0007961720657587998,-0.0027844071632683997,0.0005408750377278999,-0.0006804620505430998,0.0034579166727425,-0.0089741704542487,0.024430231960717797,0.014043230987356402,0.008597090628805199,0.0012786004707170014,0.00013332012815649944,-0.0026106885931563,0.0035460910828796002,-0.0038490560081099,-0.0043058335065602,-0.0063255090267416,0.0016314394697097973
0.0005984448962278001,0.0034454251803729997,0.0010678997718523,-0.006809944064603498,0.0175330758599395,0.001878895909978702,0.0056520837238331,0.0106638899712394,-0.0025926314296115995,-0.002428534919001599,0.0049453077936578,0.0018745936713671987,-0.0006249155201428994,-0.0008597169544612001,0.0034744205320693,-0.0322796485164778,0.0006231823786378003,-0.0009841776445708998,0.0008535808349650999,0.0014960028171278,-0.006632401070424197,0.006341208132660196,0.008749397771383796,-0.000312801263048201,-0.0032458514928015002,-0.0016077554896060005,0.0017714311499714996,-0.0039593984746256,-0.0027273680325430004,0.00034316224444960004,-0.0007779772723765,-0.005468880495439504
0.0015107948791623993,-0.0022940369258089,0.0005428104941854,0.007172927528027201,-0.005663343104854599,-0.006788324484934301,0.00030120520876350185,0.011261986436021,-0.0086625601534179,-6.431587993039993e-05,0.0024288069438433008,0.0013526044946234996,-0.0012896507968636998,-0.00017159879739660005,-0.0010508896497042003,-0.0031935384402131005,0.038051255568186115,0.003825378485338999,0.0020882047731908,0.0068795659779648,-0.004310129348351198,-0.0020476424180597974,0.0013165308766617118,0.010375439472189399,-0.022774213123574697,0.0022202271747727,-0.00034084084259119974,-0.0016050928066538,0.002880736917932,0.0015569893671730003,0.0022661345628936,-0.035775422388575
-0.0005771403413559,0.0008114593443740003,0.00025881812988209994,-0.0075700302483154,0.0172408654767698,0.0011279251849305996,0.0062328260056669985,-0.0040191901035603,0.0006766471117300998,-0.0014028214359095006,0.0016661735535092991,-0.0013176847157327005,0.0035897848753243,-0.0006836822873539001,0.00010895770148249993,0.003552988960798401,-0.0021253898362905005,0.06860569216922852,0.0048475471098631,0.00022083250976960046,-0.0158103322920527,-0.0315811206458614,-0.0442567209561216,-0.0064303726539726,0.0050690801807119,0.0029356414226739997,0.0005546492212541,-0.0012296428453672003,-0.0017156563753943001,-0.000953983841807,0.0006687581356973004,0.0015051214854279044
0.0003340106044715,-0.0027445077062183,-6.018914287140003e-05,0.0007263830459558005,-0.0007706460802066988,-0.0006399274595536002,-0.009112258102294702,0.0028209506206834985,-0.0090175273883305,0.0050149022235400995,0.0028856567328269,-0.0009542597552396996,-0.000732467972976,0.0003834005051342,0.0010640960117797,0.0010815616158183997,0.001419785448386,-0.0021523647865443994,0.002855535495273065,0.004326153355727199,-0.0068442174462277,0.011344876777156801,0.025658283714676905,-0.009632004180826602,-0.014925778221761204,0.0012899232790791002,-0.00027599030514309985,0.001645412399968101,-0.0009766889207896002,0.001300154580211,-0.0002426738541106998,-0.005069585087594301
-0.0023065535519165,-0.0016238858384104004,0.00040038732058890003,0.0158742667627845,-0.0006077421181841999,-0.0094904633770838,0.0156349818884243,0.0104013287391924,0.0024150865475370004,0.009317492733783999,-0.005005105971473799,0.003485610743562099,0.0003824127308357998,0.00038233116471300004,-0.0014011076940316,-0.0018947796265895997,-0.0050449396739481005,0.0022117417151971,0.0006572486311239999,-0.015129012158419552,-0.007742995180934898,-0.016132203497955803,-0.0182491773893955,-0.0018311519833494007,0.003336717749381001,-0.0019119265753981991,0.0007554485731628008,0.0020776334558728,0.0016984273656594998,-0.0006899550719780001,0.0030077866466098006,0.017022096940640004
-0.0005695557836091002,0.0008328361558058001,8.361986776400003e-05,-0.0021205344139655982,0.0064445390664697,0.006367077654830001,0.0122022052211508,-0.008914222248467697,0.005116764249957601,0.0062911583004766,0.008828843016254499,0.0005599063215991004,0.0009504613255547,0.0005733025041141001,0.0005682089693079999,-3.947852561599682e-06,0.0012139218088585,-0.0012418794986994001,0.0009015365392752001,0.0012945018946825,-0.03382830882027443,-0.010298787287729594,0.001299097896138697,-0.005400134169087301,-0.008251733138534598,0.0040362120028691,0.0059381326105585,0.0047732506511698,-0.0007955491896678001,-0.00037850192959899983,0.0013318760926509998,0.0021957021827080023
-0.0029099884828481994,0.0026392953192253994,-3.525265765389992e-05,0.0022782295162398977,-0.00013892547144869934,0.0026251359602960014,0.0152622294918194,-0.004803579087276601,0.0117749138680565,0.0047187740147436995,-0.0012548794307865995,0.0078488465453236,0.0033340711302052,0.0012208080180081998,0.0017281621440652997,0.0009801819582259002,-0.0009524410047814999,-0.00010099204977890002,-0.0008032535874238,0.004707274811327598,0.004277652013414096,-0.05919705811644882,-0.009154737251000994,0.0033391475909354,-0.007379631821466698,0.0051420188193103,0.0089239591653541,0.0023621489185478,0.0012821775172330001,0.00030124406191009987,0.0018443115192531005,0.00014015657742019738
-0.0024274372248857,-0.0012209681928204,-2.9549346661300005e-05,0.006802789141037498,-0.001050625707751801,0.0048506957255988,0.008147385653780398,0.004054606130540601,0.0034826962376388014,0.0080759803722876,0.0011562782824875006,-0.00014102534374219999,0.0005177984496788999,0.0007903085772558,0.00015079355944140008,0.0011426220613287002,-0.0013742039986363002,-0.00033908125234410023,-0.0003208421374487,0.0028113097324547996,0.0020760466017060997,0.0007180871075544021,-0.04822679613787817,0.0038499857919270996,-0.0018168934793294997,0.0034039822957977993,0.0028339316842066,-0.0026561430740441004,0.0010069034471590001,-0.00012302707931319983,0.0012251900719527998,0.002629202051020997
0.0011969996844752,-0.0008729847278031002,0.00018973192207660003,0.0225589667799874,0.0018239053957211995,-0.0001503026238392005,0.0121152059462327,0.008298752480761298,-0.0026899237395593004,0.010137814485654501,0.011584928180671198,-0.0036139944222688004,0.0033656708137784,0.0003743112525453,0.0007935590954871998,-0.0006934494744899999,0.0004431748746425001,0.0001196488761560999,-0.00021636405745550013,0.0024861868234222,-0.009767154385223999,0.0098537802423408,0.021186924791216102,-0.031398937339691346,-0.022680304579570997,-0.0018069404933521004,-0.0018609783011108022,-0.007057898033662999,-0.0012056051300687997,0.0011504866574585,0.0011340882460342998,-0.024799299240564503
0.0010812845831419003,-0.00013923410666430002,-1.55997561935e-05,-0.0084293745509776,0.00022694352920079978,-0.0045273585676907,-0.0099369650752816,-0.0092500354870162,-0.0004122889335377994,-0.004918831311112401,-0.0056002957259009,0.0128652095245705,0.0037943645411325005,-6.348470472750003e-05,0.0010217266928719,-0.00018960072861340035,0.0009569630935627002,-0.003606887326887,0.0017478648166426001,-0.0027926462791494,-0.006636978822645401,-0.017994074204669003,-0.019100251950481803,0.003358407928084401,0.04987939782279105,0.00038580488738670015,-0.0020655668795124997,0.0161634139302748,-0.00013721046770810014,0.0005414282689087,0.0024615340128193,0.0013323412473811996
-0.00041574525045480005,-0.0006682200587962003,-0.0009823637455552,-0.0027112075087931987,0.0015711874895247002,-0.0034139416502792994,-0.002184157032765699,-0.002740368275966399,-0.0032267209534604996,0.0030055037659836997,0.004770635724125699,-0.0119290255877384,0.0029139904324325004,-0.0002552207625116,-0.0008554639376211997,0.0019031926639532003,-0.0032770046751833997,-0.0023709624355671,-0.0007312654357183,0.0034252653694698994,0.003553763307736997,0.0186760268054909,0.06965904960448291,-0.006873610938675102,0.014380789668675897,-0.09960256575447535,-0.0012097997188117004,0.0028658113681697996,-0.0015871610540741,0.0007653537144121001,-0.00038196351987519923,0.017926198381864
-0.0002165081914455,-0.0024700173305276,-0.0009385149821290999,-0.0082849716198854,0.0043329959552,-0.0060296062339611,-0.0043261624853329,-0.006513261693445601,0.0014703749517265986,-0.0003977504805838996,0.001626026241632,-0.0036931501606616004,0.0014991575331979,-0.00010963667632779995,0.0009654189093170999,-0.0005693518743822,-0.0015274691479768001,-0.0004262111591613999,0.0002840721927589002,0.006002842781123399,0.018937767092952,0.0215940439187123,0.0847979010549259,-0.002098136291607898,0.0005535307254700972,-0.003112899387713402,-0.1111770683950814,-0.0022291925090561007,-0.0023107364332334004,0.00010658246441769986,0.0015031452853755001,0.012756785945703897
2.3886414581299935e-05,-0.0020440153374376,0.00022537758052180003,-0.005347371508022201,-0.0085488215553234,-0.005647235145805299,-0.012549557439770698,0.0013087318812638991,-0.0048436774125592,-0.007005169375261899,0.0006685858950565005,0.0076514253537828016,0.00020088575171639967,-0.00045072133970409977,6.66100150090998e-05,-0.0019351756448656,-7.969983532690001e-05,-0.0009850665922035,-0.0015097617147277998,-0.0022646293707923,-0.006612425723663301,0.021672348163261898,0.061995735642234304,-0.008107228561111499,-0.009534444477783602,-0.0011830494328597002,0.0027823531444680014,-0.00416009284167973,0.0021400811740323,-0.0005244447390463001,0.0003684888057275998,-0.0157719217737117
-0.000564424341436,-0.0007143140067955999,0.00010466075986010004,0.013833596766657899,-0.006816659291733701,0.0004582582048302001,-0.002410870585935601,0.0174949799825697,-0.002421602441398201,0.0085746870044634,0.014694884095058099,0.005435603422761301,-6.226828023369983e-05,0.00034037982148529995,-0.0008477322192541,-0.0007428712172736999,-0.0004571642527938999,-6.92649085020031e-06,-0.0009101643459381,0.0014953667834607,0.0016716481522719984,-0.0039595633841950015,0.0014135840284855011,0.0008439627572047002,0.0041588681213693,-0.0011081894854074,0.0078433072667113,0.0064725100994713,-0.06731432489402744,0.000558096258861,-0.0065589880500657,0.009501669761816402
0.0001908439908919,-7.941194770079993e-05,-0.0013085238602694,-0.014353438321033501,0.0012666894636195,-0.0005001235788465999,-0.006930701233378201,-0.016674817989258503,2.5973364297399854e-05,-0.0006301832546211014,0.0010886120954222006,-0.0017198429662237,0.0013310544491187,-0.0008587065219674001,-0.0006520977975069001,-0.0017788036984688997,0.0012061325963421002,-0.0024394954483927997,-0.0011402279461759,0.0092722194524275,-0.0003852205463212993,0.004357765230448198,-0.0017546265029098965,0.010638703305845099,0.002662049311479297,-0.0024140667654263,0.0036731727303250007,0.0005830003416709001,0.0014507701020245994,0.011099667827458526,0.0083319867412543,-0.003558352624123705
-0.00039871581613649997,0.0006377774028066001,-0.0005440452461818002,-0.0030056208692873995,0.006293224130771101,-0.0025456166175957997,0.013097196297363299,0.0030537194512558017,0.0044699144200065,0.0034062784416269993,0.002680879108506001,0.0039180759145596,0.0010354018794429998,0.00030859304006559994,-0.004507163182882299,0.0018034795103484998,-0.00042655320210549996,-0.0007926052003964,-0.0011626068357296006,0.0013475197860801998,0.0020924486845187995,-0.0208426601061732,-0.035501847222804694,0.0014921115276114987,0.0099548673912921,-0.004691393127839401,0.002585467214813,0.0075786894890034,0.0046967818819504,1.8415804757299786e-05,0.006471094748170425,-0.0025231086978169948
-0.0011672852420106998,-0.0023432896244565994,-0.0001782498284578001,-0.011570082887201998,0.001609665127330101,-0.006123263873398801,-0.004050474742400497,-0.004752071100826299,-0.007120061304891505,-0.004864087769819099,-0.004167252652344898,0.0211507253290381,0.008695947829349501,0.0004263537152045,0.0012666801087448001,-0.0016158892368547,0.0025275150174103,-0.0015117659723866,-0.0006923633384833001,-0.005848037107545801,-0.017397814464320198,-0.013381616454122103,-0.025112514193124796,-0.00022609691550069984,-0.0032319784731320005,-0.0008665542788506998,-0.005040686057859199,0.0224485466434862,0.00018990953752890012,0.0011393893506658002,0.0038048191935283002,0.05800188366570147
