0.014419151666459906,-0.0041734705862667,-0.0007705092763235001,0.0035321023609327,-0.0064967151960803006,0.0056826195657072,-0.016107385745990202,-0.0018599868004491003,0.012765988686980602,-0.0025041115127798002,-0.0036463870299699,0.006289230232772801,-0.0009726489019202,0.0009112879644959998,0.00019513548652690007,-0.0032845902119469986,-0.0003835850282815998,0.0004344034750061003,0.0006568027046332003,-0.0054976877124968,0.0020763554452872,0.00047070854616959937,-0.0020322678009945996,-0.004009128058146599,-0.0010686353019082,-0.0012911885444593998,-0.00023320097366790003,0.0010748894622866997,0.006155370166213,-2.6349883229199794e-05,0.0001221417377603,-0.0004283389363214001
-0.003054166280125,-0.04053884337827429,-0.0016961016279948,0.0055742885299679,0.006377415209478,0.003213833065475298,0.016646504270893994,-0.0004651841239744006,0.005714247688078902,0.002696547797883,-0.0035334585123526,0.00013537704231810117,0.0014631495034335001,0.0007298850897004001,-0.00046705400176540006,0.009993378681310103,-0.001326574329760499,6.350971529860009e-05,-0.0017040223341719999,-0.00017722102770729997,-0.0007050807605936999,-0.0011688102478812,0.0061968754905576,-0.0013409943913758994,-0.001470651344245101,-0.0009382298904687999,0.0015687879103698003,0.0039444879034687,-0.0030520365957097,-0.0013504389603671001,0.0016148133951012,-0.0029442334865669006
0.0043795496678975,-0.0038204289722834,0.014296066468777902,-0.0065813081456254,-0.0023592894065332017,-0.0029970258230958002,0.0109253302338836,-0.0015339011821701,-0.0036959033111050987,-0.00034548164639229984,-0.001497292891098,-0.005463278272984699,-0.0015057675558174002,0.0013660963319101996,0.0016177548350361998,0.004201822865416798,0.0016858597801838997,-0.0016240927201468,-0.0015832284592012002,-0.0010946393828529,-0.0005831076894242003,-0.0004249492700611,0.00017180990245770078,0.0001614625715197996,0.0035061035311209,-0.0042989567053239005,-0.0023338931507702002,0.0003257991111163998,-0.0011251873046095994,0.001827945330748,-0.0013660467354640999,-0.0002318220051098002
-0.0026453322767953,-1.0968267664699955e-05,0.0010001075073579999,0.0412389368779571,-0.0136122029550473,-0.0019760055412905014,0.0035042768215643033,0.004419288848561402,-0.0003972748298004987,0.0042658056636608,-0.0084427602696877,-0.0084448491995513,-0.0022365395764214,-0.0003664097137080001,-0.00075823113008,0.00014431947896740085,-0.0022725857339278,-0.0009862288291371001,5.906860070229998e-05,0.0004194230823854001,0.0037010089293508,0.0021140782802065,-0.0033173017101392,0.0023249799384692004,-0.0048529204061851,-0.0044669893180026,-0.0014986284538848998,-0.0030165318901172996,0.0005501687186955,-0.0010408484973274,-0.0016587527373511997,-0.0017401014117597998
-0.0026957623842811004,-0.0033057274967703,7.793429134610001e-05,-0.006419437784600499,0.10099241526453029,-0.0119334966013569,-0.0414642177394529,-0.0013324206088480995,-0.016389439736680098,-0.011127703147856698,0.0012239128932475998,0.0165856681242863,-0.0009355009525001002,-0.0023609409798048004,0.0006812170023544999,-0.022698383229057893,0.0007726790797213,-0.0005524451712205,0.0009240781923490998,-0.0004472549910487008,0.0018614059896353,-0.0015698299196589003,-0.0019850150082643993,0.0022105861835833,-0.0020733755498347998,-0.0022994299939064003,0.00046439101767860053,0.0054189528855566,-0.005194954535114399,0.0018055846430868002,0.0023019306602777,-0.0005354203973963988
0.0034808309202194,-0.002085639911411,0.0007774263029134,-0.0018371409555626994,-0.0057829942467109,0.04668286620894602,0.005036453694584301,-0.004894097735327299,-0.010294278627154402,8.123741828999992e-05,-0.0028502319472427,-0.0003115467469443998,-0.002045081825719,-0.0006610453340212001,0.00036552290876660024,-0.0246287220654516,-0.0007902614051269999,0.00020434548422929998,0.0007290737834253001,-0.0011075736206484,-0.0024354786203422004,0.0034164993955381998,0.0044029330266229,-0.0036384617093052998,-0.0010461532938969,-0.0021997777599658,-0.0013427670706543998,0.0004193806905647998,0.0008137322565199001,-0.00031126224763260006,0.00015772868366100042,0.0016944843488365
0.001369236167767401,-0.0014045135286597996,0.0012769294220052,0.012794997849513202,-0.0021368813173465,0.0029356645760176,-0.007763362846063493,0.0059410904159375,-0.008600887337239401,-0.000966862297470299,-0.0035491836195942986,0.0010434301876678011,-0.0007148040637101,-0.0005766859259385001,-0.0004631498824411999,-0.003267644892191699,0.00029519498024659996,0.0023599884866585003,-0.00015040601906160024,0.0007592911611717006,-0.0006295402711312,0.0015112070963863,0.0021951272583805997,-0.0025574713136954997,-0.0013794708615509,0.0012025526824004998,-1.726583225689993e-05,-0.0028320275699316,-0.0010260425178707,0.0008380312964913999,0.0019875095314636,0.0015259489840460001
-0.0025513257860114,-0.0005225397072329998,0.00037056651228020016,0.0020835301758628,-0.0037943219794367017,0.0091315121535608,-0.004401575892611,-0.026514887636773343,-0.0007448408580718047,0.0017589235899826989,-0.0015858845142900004,0.0149315109965375,-0.0004252102988866,-0.0015422817301096,0.0031974802196082005,0.012080965155539903,-0.0008852888196999994,0.00011439678202750016,-0.0014847412152423998,0.0051125731948959,-0.0022186249410622,-0.0014891807477165997,-0.013165679774993201,0.0018546530640822004,0.0062035332822026005,0.0010030539456322993,0.0010758706380826003,-0.0006414677122410992,0.0028117358096420002,0.0003314833139361999,-0.0021328723429858004,0.0020389351234912003
-0.004566267754194901,-0.0050145450137065,-5.1072349668300054e-05,-0.0025353556948738004,-0.014287898076693702,0.016277853015509797,-0.004733392481919396,-0.0016383772965824998,0.05257750025955921,-0.0035736524087372004,-0.0065403392345218005,0.0086000453308103,-0.0029630321561664,0.0006825135698063,-0.0012488340792461,-0.042200565740582105,0.0014426668992931998,0.0028638721849487004,-0.0005436987111694001,0.0054964828789575,0.0010825673031801,-0.0017100316205937993,0.0010734860565636004,0.0042099519293568,-0.0030146426243088005,0.0036895199946457,-0.0006713233910006001,-0.0045475080044746,0.0037618176725163995,-0.00043585747070820006,-0.0023619452556619,0.0008800622696630012
-1.14816102605999e-05,0.00043314667116130007,0.0007484167507487001,0.00016439026090559958,-0.0011816082264749991,-0.003205253547300701,-0.009703246927699201,0.0007653134354058001,-0.0049779966680117,0.012925454146537785,-0.0035730388885994004,0.012750740650114896,-0.0009944001437457001,8.202483131539997e-05,-0.0014046072696108003,-0.004542317716099798,0.0021568874981381,0.000316532835197,0.0018189436346482998,-0.00040340282549700037,-0.0025906476059210006,0.0026456690678413,0.0009102595583543992,-0.0013444283930406,0.00018808485936239964,0.0028444683420178994,-0.0019660148295978,0.0004651582065269,-0.0039414272333223,-6.392831302639993e-05,0.0024983587614174994,-0.0018100493114854002
-0.0013252177476428,0.0015501606951541002,-2.3911867281199923e-05,-0.0031144670342566,0.0184443197721912,0.0027367224116802997,-0.0027433572972499973,-0.0029666741686477007,0.0066412831667301,0.00045150663488499956,-0.001216197420342957,-0.0008916315931495021,-0.00033190865673800047,-0.0010152217077157998,-0.0011830053398126997,-0.005471477472674699,-0.0002981698207694997,0.0006509862056532001,0.00033458934847220003,0.0025590057586207006,-0.0017576665676105998,0.0010216512600876,0.0005224594610957999,-0.0002627932905855,0.0016682485103339,0.004043092947374399,-0.0018169216625265002,-0.007807633259683201,-0.009938000449710702,-0.0001308157764472,0.00028997279204250005,0.0013810721685241002
-0.0015604424284326,-0.0004508753339297002,-0.0007970991512643,0.0090782980986619,0.00048156303516819904,0.0031016908874829004,-0.0137266309180928,0.0027803513425945,-0.004020745807177001,0.0153344370885344,0.0042989819982036,0.0015127020133236524,0.0025667075767727998,0.0004235346553902999,-0.00013844242301959994,-0.005337228236471,0.0015451979724568998,0.000549386076275,0.0010695115450149,-0.003631092108634001,-0.0011573694663543996,7.116467811560043e-05,-0.008519176566387298,0.0040321100994962,0.00036273609228400054,-0.003004806309497003,0.0012304831473887996,-0.0025639387334397004,-0.004340365361343,0.0008078245031302001,0.0007853818730935002,-0.0007838498393451
-0.0005935511985012,-0.0018940410711745998,-0.0002233091667808002,-0.0006873145965995003,0.012488187230358803,0.0018749765842150006,0.0149049562186898,-0.0011201987903063002,0.0004280805163283004,-0.001199463267052201,-0.0018033819460190003,-0.0060904747853034,-0.015055067052058724,-0.0001883841189886,-0.0007701244627469003,0.0084185168036674,-0.00022648552354009996,-0.0017866112191414001,-0.0006741096173943,-0.0019400524618093003,-0.0004959290287652003,0.0003275449978081002,0.0006517248400885007,0.0051552770056979,-0.002666250781686,0.0022918018980297994,-0.0016034027160120002,0.00016783702926730093,-0.006348226528741301,-0.0006135888292060001,0.0001145202103415002,-0.0008434561726655999
0.0022472616210228997,-0.0032466850365032995,-0.0014141523261433997,-0.0008803456601012001,0.0010865218567135994,-0.0007197443265624,-0.006954360266618002,-0.0010257990386474,-0.0002996399621349004,0.0028063663762778997,0.0006215426537787994,-0.008918827470378102,0.0012878062853781,0.003974430280953123,-0.005094074732612201,0.0032677446347133994,-0.0009602467163194,-0.0009150354627063,0.0010588302282566,-0.0018928716811773003,-0.0012505812348005997,0.0028852506310296996,0.0044828101523148,0.001977094461522,0.005366845042003401,0.0012733725118090995,4.4085753344400014e-05,-0.00014676220142040026,-0.003359222876635001,6.79364132345e-05,0.0036169780974297,0.0010134719929777002
-0.0009877795561494995,-0.0013847253003123998,0.0011130586937398,0.0003930884700607002,-0.008430847726930799,-0.0034515341770689004,-0.024083269845805895,-0.00011331495042149996,-0.010654870795404302,0.0027778577341698012,0.0087756718517977,0.017765881744263502,0.005211457328170303,-5.252422770089999e-05,0.03311230007020183,-0.0234984063035581,0.00018806445197249995,0.0004486122734717003,-0.00021047744162249957,0.00013325935647300014,-0.0015401528097728004,-0.0005073130978874001,-0.0012899460553287,-0.0020794366108305984,-0.0004371450247222996,0.00028258130155700036,0.0024251029959015,0.004112040115293397,0.0030929406218644998,0.0010094809881214,0.0015686278420635998,-0.0036882819156052998
0.00015718935400759956,0.0008971787332473996,5.687059477159991e-05,0.0006148952739808006,-0.010098691065304498,0.006504666160829299,0.0047049784685321006,-0.0005268891342578,-0.0274874774095687,-0.0008408294940286001,-0.0014870274232679998,0.0039888262057944,-0.0006946743498321003,0.000472659433664,-0.0005207150087889,0.008205097468980016,0.0013340516116961002,0.0007633709576566998,0.00017591837580929997,0.0021874953630919005,0.0012499741303336,0.00012744545726030006,0.0004523238453553002,0.005867475085847699,-1.7724053053003175e-06,0.0020276955691932,0.0009833801795788,0.0009181955475428003,0.0007955833315236001,3.6445888790999966e-05,-0.0005284331947103,-0.0003352075524229001
-0.002029096065536501,0.0009098613336389998,0.0004849031540911,-0.0076135347797703,0.0010100135260117,-0.0036640770846923,-0.004773297547416899,-0.0012830886867939,-0.001676165407761901,-0.0041506249869968,-0.001968196915658,0.0048553194234253,0.0017845265953990996,-0.00037648944958670004,0.0023504573976285007,-0.008519586801398698,0.03412948200759114,0.0024032129958179004,0.0005258403958700998,-0.0027372406445245003,0.0005789471437007,-0.003080650965639301,0.0009057491144249009,0.0020844573237677,-0.0025748186291199,-0.0045460748175647995,-0.0020768420741997,-0.0038891717902911995,0.0025792283581091,0.0012933792715874998,0.0014158684515428999,-0.0023522898456552
0.0013950036691431,0.0020364624438177995,0.0009018923637163999,0.0012661354008082996,0.0059776239160767,-0.0113613031304449,-0.028418762659341897,0.0050189832495633,0.0119382386908297,-0.0025415401910586005,-0.0031134245359484003,0.0087908234460315,0.0015923845742625998,0.0006249166448841,2.5909662359900176e-05,0.0048322850034117,-0.0013792847643535992,0.03513277009442073,0.004934257970072501,0.00044294713591870073,-0.0026317851609394018,-0.0041570832975012,-0.0168982461229448,-0.002410222259931899,-0.004811284341458499,0.0089670673956233,0.0034944237955047,-0.00015729371747340033,0.0006544022652041001,0.00011253196478759999,0.0005546888595424999,-0.0208135183645822
0.0005318849850203,0.0025825409786973995,-0.0010298430570317,0.0006793660689339003,0.0030676233852773007,0.0050754405748948996,0.0011157960519551993,0.0012037066081307998,0.006914409842819201,-0.0002423280150302999,-0.0007713994415762988,0.009440746601664204,-0.0006770556212888999,0.0007001084693238999,0.00032205355120989987,0.006317818175899503,0.0016612047134034,0.0031820357540817998,-0.03564076247065928,0.0141054912514182,-0.0030668190468993994,0.0037014738867843996,0.0014286306230121993,-0.008112115653638102,-0.0009807155125378993,0.0022631608215402006,-0.0022819620764070007,-0.0078511028472713,0.001825422900829399,-0.0019455130329165994,0.0033072514793853003,-0.0068265499490246006
-0.0019699492238559003,-0.0011796963311429003,-0.00040601859758570007,-0.0006144655188424998,-0.001845274970017699,0.00022676592495579975,-0.005805535184859099,0.002072938358241401,0.00021310386739040177,-0.0019182300041989003,-0.0024873147395637982,0.002374229054167898,-0.0016098469752348003,0.0007994212175567999,0.0019743415347812,-0.009672045566604798,-0.0010680135254575002,0.00017707655578669984,-0.000703968822091899,0.02005279929601511,0.0008138758795228993,0.012333144173579702,0.0076276924255275005,-0.0070978449696829,-0.009608673501095299,0.014726552688877403,0.003198538102448599,-0.0072623272984839,-0.002506907083851699,0.00014465694058910005,-0.002905702278629801,-0.008073321428242
-0.0012790071114133997,0.0005405971750136003,0.0009100431913292,0.0008492249711649995,0.0054385182225919005,-0.0005795199172109007,0.008925999771862002,0.0031468640792871993,0.004808519124093499,-0.0014057072786138997,-0.00043000668727360015,-0.0013125047891779998,-0.0023540825387917998,-0.0005420575050204999,0.0016074301523713,0.003923929629320701,0.0005139173842355002,-0.0006986266255362998,-0.0031872244873648,0.007294720002621399,-0.014855064614598401,0.0034867769393694004,-0.00017160562869220075,0.004463214682901,0.004063054520752599,-0.010696039463886201,-0.0025074517213486006,-0.0033784424044227,-0.0075821769084545,-5.109289132110002e-05,-0.0018893092709101,0.002947109997122801
-0.0007050915940629001,-0.0037501018431700998,0.0008078901719235,-0.0018868493298744003,-0.0018143933820773993,0.0033743650232428007,-0.014874029092508095,0.0013821775328173003,-0.0057528535974627,-0.0024473049649664,-0.0034202912378840005,-0.006528459165168799,-0.0003693776993066002,-0.0003805801442809001,-0.0009218783965719,-0.005058862107549897,0.0007738645654670005,0.0010539281534080996,0.00027520923312329866,-0.001689475522332699,-0.00039376672731380015,0.023671728978770012,0.005510278411022102,-0.0022425638030025,0.0046132327798963,0.0018671727301631993,0.0036782711092363998,-0.002969280114349899,0.0023192395297977004,0.0006314436296145001,0.0055692568559516,-0.00032289998255089977
-0.0019341889355110999,0.001764240303195599,0.00010869415095969993,-0.0027533148456342998,-0.011632486410775399,-0.0020157044246505995,-0.016204851533010302,4.150368521519971e-05,-0.0118258161551857,0.0016355829140656001,-0.0012549447824817001,-0.0120779744836785,-5.298447614709989e-05,0.0007525460183921001,-0.0016688953525702999,-0.035005088014358,0.0046907871220185,0.0002950546278245002,-0.0034051820957899,-0.0051289099669019,0.0019669289203298004,0.0117398283017987,0.08240097529313495,0.0013735040126787992,-0.0019035830152615996,-0.0063785658037435015,-0.0020831952202861014,0.0041229515699793,0.0026115065781533997,0.0016782324123095,0.0011269399364341004,-0.0009835903305044002
-0.000964136429462,-0.0010407431545585,0.0005307330415723998,-0.0008536761172089,-4.4092326739299595e-05,-0.0009851998220193007,-0.006673906555281101,-0.0018009721738203996,-0.0028371291107470997,-0.0006711945662120997,-7.418712560400016e-05,-0.0030388192032646012,0.0002960025498157,-0.00013160601244980002,0.0009594731060615998,0.0033252752796024,0.0005523587593021999,0.0001229278249264003,-0.0031388465729301,0.0093384993995039,0.0101072053502052,0.0027408005006858,-0.0018826925366582994,0.0006657851272000581,-0.0005481495890232004,0.00855849948220741,0.0011546955498521992,-0.0023002358688375,-0.007796929687818399,-3.233264977299923e-06,-0.0019972033277888004,-0.0015693025255344999
-0.004429994239035799,0.0010690922392879026,-0.000277971970482,0.0037628399749790003,-0.0023398981831546997,-0.004828316114723201,-0.014891923105065999,0.0028688021549340002,0.003207221060535302,0.0010510940665675993,-0.0087772891336552,-0.0016992762767749012,0.0016276768872988,-9.488850100400023e-05,0.0013073602708823,-0.002874513307126899,0.0012035903121143,-0.0002003232730620006,0.0008517727528755,-0.0009281304472163006,0.0030302548982189,0.0053347649577519,-0.007346613658106101,6.923242555919966e-05,0.016709062336714542,-0.0030308242872264,-0.00027874131230640024,-0.0004777681314173995,0.0014082760468795003,-6.567950474249988e-05,0.0026384919204014,0.006402619140099899
-0.0016115663979595998,-0.0010452007095135,1.501286801270014e-05,-0.0009034071076091999,0.0013898431957792001,-0.0021591542934552,-0.005254251757868001,0.0038422741286066996,-0.00043510115149940007,0.0011439156439439,0.0098705324885609,0.015933723220152,0.0017952248364402007,0.0011120099611903003,0.0032601398570135994,-0.01414195229105,-0.0004328687320881001,-0.0028448179797398,-0.0033022568061339,-0.0020779911126707004,1.2614260110699674e-05,-0.003169147523841301,-0.0192518163919711,-0.0022068647199176006,-0.0111252302491692,0.058469656668290515,0.015064299688070704,-0.0031759324240864997,-0.019442801916454505,3.969213868919991e-05,-0.0091493089473661,-0.0102192684424673
-0.0022025607425532998,-0.0004278475005512999,0.00044858861510609993,0.0018567938758871,0.0030695344932968,-0.0027900600006385,0.0021846840278706,0.0010528277449844995,0.0035659793175844,0.0010932307654492,0.0014449713451496005,0.0102030016025352,0.0006514897878002002,0.0005936602267703,0.0016150096122772,0.0020779493229614006,0.0009004343549843001,-0.0007504645877053002,-0.0027945038187384,0.0012418862214521997,0.0009642157944700002,-0.0051665614474491,-0.0142622881177665,0.0008689462698565995,0.002638679879441901,-0.0013761175465026032,-0.0018190429019707688,-0.0008664880229918999,-0.0028496934992303,0.00010635365501659999,-0.0042295850923326,0.0029569763655369003
-0.0002623354777109002,0.00021654933604799988,-0.0003394255724919,0.0041392891310851,-0.004103984725791,0.0027564329052647005,-0.008979309121615,0.004083758640424,0.0014490363859091995,0.0047307515845918,0.0016046908299483004,-0.002968892373747003,0.0030258376310951995,0.0022914671936659,0.0032808370198433995,0.0012357388623232997,0.002126006010033,0.0003349116683333999,0.0008803710096515001,0.00021950846063329994,0.0003161650613140998,-0.0022583638422290003,-0.008559917542470801,0.0049918164753636005,-0.0005839107938559003,0.005565174411186299,-0.0012786502100921,-0.020314370990420216,0.004409937059845699,2.198470954490033e-05,0.0025987130122798996,-0.0006298167479607004
-0.00023251901774879987,-0.0022743885633302,0.0004142759220408,0.0067310243046727995,-0.007675670130152,0.0034313630688081005,-0.0113028144324505,0.0017178075281244999,0.002978744140531,0.0062482736965017,0.009504285063246,0.007729822239630198,0.0012323768838199997,-0.00034359329313719995,0.0012900424951494999,-0.003057098495359801,0.0009749266801275,0.0016961028929693,-0.0002894092372327001,-0.0002132426822305999,0.0034712282182652997,0.0008270339505036003,0.005799672747359999,0.0005953662199387998,0.0009819261794014001,-0.0041706109922877,0.00021128639796180043,-0.002461542884288199,-0.022051599155519797,0.0007267092816569999,-0.0014616522960191024,-0.0010281267309521
0.0014216231495886,0.0011953946286878002,-2.1094444769500023e-05,0.0006912473310671003,0.00012532649612849965,0.00010610979541880033,0.0028811266425371983,-0.0029227567663122995,-0.0042575923313135,-0.0007624054711991,-0.0007211833653732996,0.007942793787270702,0.0040278296581678,0.00020136597586520007,-0.0008710461049131002,-0.0064205873281051005,-0.0018097677942929,-0.00019721599397389987,-0.0010242546738280008,0.003495343905215399,-0.00029041256526170017,-0.0007241354079424002,-0.009619329074834499,-0.0008774921768463003,-0.0108829876556984,0.0008746821564937996,0.0026752827817708,-0.0005971863357508,0.0023464719036915003,0.018374960468127144,-0.0009019962267464007,-0.0034581149628695003
-0.0007136603661261,0.0014609639360045998,0.0003193951742626,0.0032047430243956,0.0023316464732196993,0.002120648604286301,-0.0019626863224493987,-0.0045284307547876,0.0018514791510136006,0.0028428187984866,0.0005684223348660002,0.005795874085261901,-0.0007585715232011,0.0003179184419287999,0.0018094781822656,0.0043439829791982985,0.0014633814156207,0.00024575389905289987,-5.189996274599772e-06,0.0010701133197154999,-0.0026026639638243995,-0.004266042213729,-0.0053324555065983,0.0016249771896659007,-0.0032253671749920996,0.006513671386787802,-0.0032856372688910996,-0.0021023439480015033,-0.002962113541198701,0.0014335027043550998,-0.0027073745349044387,-0.0048662339854089005
3.2411450919799314e-05,0.0031835514414515,9.000266112199878e-06,0.0048648329990802,-0.0024443803844765993,0.0011659128084356993,-0.0007331679467073027,0.00012650180835220006,-0.005966424871142401,0.0010349620436663,-0.0032006544455574996,-0.0037864771464174007,-0.00015758124165610003,-0.0012472173808488998,0.0006696969080904,-0.0013289941904319012,0.0028492575796352,0.0003530931440693993,-0.0007806444106853,0.005032576093819399,-0.0088320514583686,0.011311205904945,-0.008438152518264203,0.004461187271147001,-0.0126707265179538,-0.0008670832336181997,0.0024301718627891995,0.005393197726156999,0.0013119581544071002,-0.00015034025622769997,0.0013956905024751997,0.004978688036802792
