0.315933699083189,0.000843442367729003,0.00665832500581824,0.0498729617569948,0.0186258528787656,0.0108686542118041,0.00270096708645223,0.0301798664156719,0.0171638948500216,0.00232598233725757,0.00675317320463152,0.101662523505933,0.00799327317243093,0.00040063693398205,0.000337744444453807,0.0323604143046937,0.00270509153517241,0.00111789797320699,0.0123751524858653,0.10275991572656,0.000532076596209984,0.00103277018616021,0.0129492037410402,0.119438741990641,0.00587347720386241,0.00382291015629694,0.011394832033864,0.0769781845252706,0.0131539256371585,0.0021208058450156,0.00538559973650866,0.0236780030673378
0.0191160592628633,0.197280186176812,0.0115936445476501,0.180664562540482,0.0760030568351577,0.00554437562454815,0.0602227042026019,0.0798343668754915,0.0375985618873382,0.0186022555583174,0.000733966898959244,0.047814503686382,0.00253004353686929,0.000754696820966938,0.00386435768646662,0.0410196847345275,0.000526482292305253,0.0029086508662803,0.00368024431792865,0.0261206504655946,0.00066691522733354,0.012016120139332,0.000589023283585754,0.0199660133108389,0.015791636868654,0.00347261882226004,0.00667678439618899,0.0676818697683231,0.00167345076314701,0.00114354658399446,0.00555199230624548,0.0483569737125544
0.0158011973898315,0.00165876185033862,0.312907675324938,0.0245515531636149,0.0404366723265574,0.0178873610627616,0.0194120726200741,0.00873826212824864,0.0345389903710809,0.0190899075616459,0.00417949175436727,0.0774863744057145,0.00939809905072579,0.000363034341214211,0.0120557421859247,0.0202548213517213,0.000676882299501795,0.00862063237264538,0.00188618169448407,0.0926399745453272,0.00970691238689102,0.0194042616900767,0.0117276090421464,0.0677329181189691,0.0146012322585228,0.00630856031928161,0.012260504754608,0.117595171968149,0.00186843693826851,0.00297741881138609,0.0040761774428263,0.00915710846815691
0.000445450114240594,0.00130965807565434,0.00105561718369323,0.087419989727664,0.0068000451850972,0.00319540440077996,0.00943742041061377,0.21264695557089,0.013730575449668,0.102770360673274,0.0639726218476806,0.138758271646604,0.00656623334314447,0.00441301595417073,0.037575822493945,0.00518272593130245,0.000282866717651634,0.000495082723103302,0.00131559978732315,0.0830295195376865,0.000913412683908758,0.0079135275132707,0.0146468979403461,0.0811326533893821,0.0154985894262012,0.00409631950954913,0.00119254588813246,0.0835693792582332,0.00727141645058241,0.000577427599127458,0.00231922177566173,0.000465371791418488
0.00226238192102587,0.00430371201001356,0.00312145094118134,0.0254534875629867,0.424109445746984,0.0396782844768029,0.0602079458736616,0.178700437497355,0.0578924148297628,0.0324131412540999,0.0169872029274456,0.00255650818070109,0.011940594793366,0.00609568469885023,0.018653552172083,0.0547011781494224,0.00114687182751724,0.00369515355180722,0.00276302297589466,0.00224988254679764,6.9613139829365e-05,0.000428007259024546,0.00669679101556049,0.000740522069799118,0.0143853128302665,0.000212956176877725,0.00237577806204024,0.000755641711584096,0.00219711105100923,0.00125432397302275,0.00447803966520356,0.0174735491080229
0.00223095012183447,0.00179601962869828,0.0102934292214587,0.100152307573944,0.00793375689276924,0.204282632539385,0.00230791892481459,0.159655865456908,0.0338904361057686,0.0817552361732954,0.0578751648438321,0.0953044962538715,0.0114750227442885,0.00804194528837218,0.00296958587628307,0.0310405477427832,0.00202551670537258,0.0039635389941901,0.00233015734198563,0.0076211675262155,0.0104658026943922,0.00754516100914194,0.000376511005923345,0.00253019602724934,0.0288515407342427,0.00200379381087616,0.000225299081910694,0.0635217714680142,0.0162007914791301,0.00424619105667599,0.0183553486669181,0.0187318970094537
0.00448854078374898,0.00355745909781206,0.0014058641098983,0.0637114562027595,0.0514870360759593,0.0474138410185255,0.531278243578604,0.147181865182427,0.00149689422610726,0.014376916348915,0.0118751132527928,0.0296195720687709,0.00982188235682504,0.00754650949619976,0.016234733529836,0.00439435024418287,0.000966466431011256,0.00455676717518167,0.00137853513201441,0.00203288242709558,0.00359214965229829,0.00121438593464672,0.00835813295270019,0.00779798044035378,0.00796603596242123,0.00497872598373615,0.00154683628171029,0.00528496855662694,0.00267702891580179,3.05046826257867e-05,8.80122663837022e-05,0.00164030963202809
0.000228649759557827,0.000547894634245028,1.62526553133093e-05,0.0829310076035446,0.000176410247908025,0.00398344060510332,0.00579516991386195,0.394692547277629,0.016459042934604,0.0595448471275246,0.0422069714953771,0.12709862991415,0.00330090544289316,0.00415097169808092,0.0243123020793543,0.00523601684646691,0.000502832469149682,0.001374733393802,0.00136280295560876,0.0573132986979238,0.000241741026503863,0.00369385871851471,0.0068868191985871,0.0538893820748151,0.0163444306050384,0.00494338635702479,0.000643822890072708,0.0667584708407615,0.00953268130684684,0.000576054194487602,0.00460762805023384,0.000646996985015063
0.0125058856249565,0.00964400829927021,0.00208562881960598,0.0095699871875793,0.037154273359881,0.00970778427168792,0.106614515194098,0.00816865928947488,0.33060372734475,0.0197106364626981,0.00348508849583914,0.0401526533295692,0.016700323105411,0.00314561279193672,0.0013623317620536,0.0311515123844798,0.00190266362098855,0.0253780328991031,0.00274163981003452,0.0991027502529509,0.00310835403073895,0.0127105592029803,0.0193459871290858,0.0921674367185376,0.0290193974193716,0.00869466722594885,0.0107589718443959,0.0415449712691821,0.00752317902337977,0.000521139470147389,0.00130963323143858,0.00240798912842447
0.0019281190348442,0.00141060506636456,0.00285838064046279,0.0630816583314131,0.042599100284671,0.00139880257963725,0.02262140015318,0.101578568515038,0.00855383369710014,0.423247098561469,0.0617769501251044,0.0734303191499092,0.00405526714033622,0.000732499793438754,0.0266624072952405,0.00447052479914541,0.000406470521607013,0.00019270459678125,0.000812756496509406,0.0361286816335391,0.00719562235468469,0.00859714537819393,0.00692221657075221,0.0377650072574894,0.0149882038867701,0.00259301285429353,0.00108215048694647,0.0395980060927928,0.00164218933801634,9.44810750794196e-05,0.000149020919081919,0.00142679537010743
0.00360747746723675,0.00344580800004889,0.0038973352865827,0.00940356569198441,0.00126073801172181,0.00814074303225968,0.0028214650405869,0.0812982659368535,0.00787996881081192,0.0270887148579187,0.285618199404354,0.156811488456717,0.000578792449309621,0.0048308394208638,0.063903458092968,0.000124297190191976,0.00178509072465295,0.000348887615733203,0.0032042086465511,0.112440094505952,0.000637858236302354,0.00487781403849017,0.0182214263243076,0.0854230822029913,0.0266004717539597,0.0362798405128857,0.00117242180097561,0.0384370632585424,0.00450501202962905,7.49938392608323e-05,0.00209409985991961,0.00318647749943767
0.00105660240342705,0.0112641566316424,0.000387212740537873,0.0926500973884619,0.00104901474742783,0.00842709990807947,0.00390536490637856,0.074011078428512,0.0212432975354406,0.00974623885314303,0.0104508825372407,0.374377591967833,0.00398154774990774,0.00570255995200689,0.0120507498646835,0.0893390517334923,0.000578243726110824,0.00696713005743488,0.00170316050471238,0.0154176035683949,0.0372501368846546,0.000515841211670044,0.00317114412512121,0.0173530114158746,0.0248442679766584,0.0446668116510404,0.00326811485457526,0.0771484014443293,0.0420062432904371,0.000821452947600187,0.00455256784429892,9.33211488724163e-05
0.00478980994371814,0.00980623412469039,0.00194476010661049,0.0452060243685892,0.00246409062648737,0.00510781227497548,0.000157337518422174,0.0156689588077216,0.0299561805624634,0.000952195504165462,0.00887466901039376,0.145180103935702,0.323154371269883,0.00398823104747554,0.00241079920275423,0.00961173205023709,0.00113272935126837,0.00477332200959937,0.000583288210901886,0.0731490295570333,0.000315153430445949,0.00771637777904721,0.0211518074206979,0.0810946340787678,0.0062186423667512,0.00352612043682751,0.0102089138197142,0.153721549590753,0.0200520272299582,0.00333250458221821,0.00238075017436658,0.00136983960736041
0.000229314876781675,0.00085893611165046,0.00206783807588118,0.133616433696851,0.00791697038026761,0.000377651979149299,0.00426776085765948,0.0812918042116809,0.00402329926568666,0.040721636021678,0.0328664244202525,0.0364609057359864,0.00393369655399204,0.502291057377543,0.0293755120928085,0.00701295657362889,0.00224515184544907,0.00546689222577081,4.02541868297306e-05,0.0195441194864629,7.39467848078242e-05,0.00938535355223776,0.00706667865793827,0.00640415829094203,0.0100745899892303,0.00922557103532718,0.000221691916607826,0.0299915972641239,0.000762110691689447,0.00177562337308154,0.00281601812399254,0.00759404434401041
0.00266820170321999,0.00116207279444182,0.000917207417053626,0.00443452314908605,0.00463409046167646,0.00796432029261403,0.0103603126794862,0.0217232741911075,0.00504618783308396,0.00221540031539142,0.0242167000338245,0.0770280341455582,0.0104016178143099,0.00475452591409214,0.642240829724801,0.00888059402006636,0.00028778967423755,0.00451669388957915,0.00111097529899859,0.0501874458818149,0.00232746349299439,0.00402357854918783,0.021716824767173,0.024355366606969,0.00178871573947435,0.0278068664168849,0.00786384406472278,0.0167347460144649,0.00115503164564499,0.000169212863698922,0.0037272219780371,0.00358033062630449
0.0257242402779516,0.0129315744619715,0.000223231740719706,0.0109428886561774,0.020772921680545,0.0120219127026425,0.110163555643592,0.0106424574469146,0.102433615927644,0.0210429587479575,0.00494908779655061,0.0372779259440546,0.0101634484868528,0.00307775405339513,0.00449463300907168,0.349391793015802,0.000925017475161557,0.00899973562107889,0.00430706194985504,0.0729110339957666,0.00163329053549612,0.00326171927296222,0.0171032126586672,0.0930955124780081,0.0173701860124276,0.00693987329096748,0.00526874819704513,0.0157385293404844,0.00735425209597522,2.5990672793997e-05,0.00394941314438911,0.00486242366707915
0.0142204671478852,0.00273525507392602,0.000530396873114913,0.0744447280271658,0.043353495532573,0.00964890433461634,0.0451136412692181,0.0606369427684839,0.016820676059404,0.0053273193847377,0.000221860976623581,0.0325049930036455,0.0039117905626019,0.000209334780642725,0.000813121357429676,0.0807766706066211,0.263887519543058,0.00717083248438122,0.0126237637660559,0.0634433487222226,0.00329389504097674,0.00386549260091027,0.0153860658197344,0.0773435698722727,0.0625007178444009,0.00307954938685911,0.0157801113613995,0.0342731549593159,0.00576403020747183,0.00408968368438361,0.00393843689932141,0.0322902300485466
0.00581180800558649,0.00761142464849058,0.000721911873205439,0.0854959548721742,0.0282975875969522,0.00220156427309521,0.00601214788195788,0.0431625060771142,0.00798608680127066,0.0516605490815513,0.009382348611967,0.00152425305119731,0.00488011770488394,0.000361604798184118,0.00112766994677067,0.0233143029473854,0.00241251609077829,0.36525088119027,0.000667285312475282,0.193115525178348,0.0126608405390971,0.00463892524855286,0.0126433380037979,0.0639115498398185,0.0195396735832171,0.0151396125495095,0.00502231486863951,0.012762461609979,0.000737970364856385,0.000197694891864085,0.000347660504695135,0.0113999120523148
0.0142315263687766,0.00558978731209975,3.5367603762287e-05,0.00167574380905626,0.00420083510086965,0.00366242496649469,0.00509817493535847,0.0076366464116209,0.0764508649474951,0.00546815806120303,0.00449882253185785,0.00604701619666612,0.00274794574420076,0.000784639412822709,0.00138777509746577,0.0720917134393559,0.00448039591357087,0.000415871380754748,0.474869019064665,0.0823508883515023,0.0124167039143691,0.0128788281722207,0.0769728352264217,0.0498192730113558,0.00409898276933482,0.0343299748491942,0.00916589030472487,0.0141349159917943,0.00609205298770266,0.000127748057671342,0.00560195395702992,0.000637224108582015
0.000598585773239589,0.00107614445158115,0.000400683807204171,0.0220191702022712,0.0364422560416123,0.00157596970306261,0.0161121630710914,0.0104391615660916,0.00296939382864231,0.00636880656837264,1.32176964168539e-05,0.0217135040522862,0.00539926077832979,0.000971415822695577,0.00097479429496445,0.036754155165865,0.00124601671457815,0.000547459854299115,0.00057588770475054,0.495457406680378,0.0120927566314897,0.00288337401147293,0.0201725635525947,0.186310484014041,0.0241023463782187,0.0132298350556449,0.00901921619055833,0.0482008587591445,0.000931936120806245,0.00987956867417127,0.0108986361895332,0.000622970644592385
0.000389621674922664,0.000711981444121447,0.000209760675460975,0.0233033565629769,0.0730805457215925,0.000413785527569768,0.052521424756834,0.0148120560632927,0.00670827888730578,0.00218926788014601,0.000268882086165449,0.067353089460388,0.00228980944352848,0.000574335823975265,0.00234415647741756,0.0551095994364047,0.00133807607276985,0.00503770392518042,0.000282609565216609,0.139698712127726,0.0903179847763113,0.0145622745403822,0.0293158306976155,0.20639266811482,0.027614299427557,0.00503835737717752,0.0318317720743092,0.108484076889327,0.00339327353227074,0.00716277096299386,0.00798468695441135,0.019264951039829
3.4259056334607e-05,0.00264669541383984,0.00126101379969606,0.0571781951861051,0.0110741752520653,0.00203369356933928,0.00973248252337965,0.0325856807123687,0.0270993612002129,0.0127299461690893,0.000870042453353093,0.0552927454253384,0.00335354933004284,0.000229307690322057,0.00230645186286712,0.0684372818373985,0.00090580508576558,0.00364658425088173,0.00142390617916115,0.167256852125821,0.00672558607023622,0.320043968742313,0.0140460950762709,0.0878795049594212,0.0353087692361679,0.0121750346718008,0.00403978638036416,0.0347832502132709,0.00889437972785491,0.000939960204130726,0.00237884471149344,0.0126867908832946
0.000172363342079074,0.000198836575106589,0.00193461426221543,0.0425006992708077,0.00349067195827247,0.00270959327944946,0.000152813622859363,0.0217093019989561,0.0130740600311283,0.00610977989756307,0.00254319381026818,0.0544566012268185,0.00392826075307401,0.00108353660435972,0.00250202909840739,0.00226461057999775,0.00123457529871744,0.0012446823557073,0.00359119311276264,0.239941372356749,0.00628894728232049,0.0539319172238473,0.286233955631068,0.154033112602267,0.00262725829470301,0.0190530772941425,0.00110756560045107,0.0504883226340211,0.00411273468975128,0.00277558792884215,0.00360834701958851,0.0108963843636985
0.000666167488408323,0.00131219478540051,0.000186967430301797,0.015132324751399,0.0437206998533098,0.00161475928677613,0.0229792020082035,0.0092855092989481,0.00437949760401589,0.00561161713843986,0.000258993803800411,0.0337612796889096,0.00504613464336591,0.000983867492386527,0.00105587277995735,0.0460748900114992,0.00082586303492374,0.00170673949765745,0.000310369288499653,0.272190284606761,0.0140939853594145,0.00209891584157815,0.0173049572576336,0.365745579810151,0.0335697215354143,0.00351272389458589,0.00597006885823359,0.0667010223188694,0.000793402097731154,0.0108306163829342,0.011458975519058,0.000816796631432113
0.00996947639073505,0.0030015015478823,0.00261924007417745,0.101719194410152,0.0250624649155371,0.00451220753495541,0.107835459578069,0.106413245978607,0.0108988944857952,0.0151259020488834,0.00966747723912816,0.00683290885367527,0.00292539350549814,0.0014570215639569,0.000300795766880693,0.00760270164145009,0.00697564739230475,0.000752534447793031,0.000778909842292814,0.0475708841409414,0.023336245881748,0.000314820227389377,0.00476545702347274,0.00246427369411941,0.459677929444116,0.0113328298985584,0.00477203075924787,0.0155715209563321,0.00095395431674708,7.49203907502296e-05,0.00292102644906893,0.00179312959973448
0.00105162539841443,0.00111838888967639,0.000359868947331152,0.0265577638855711,0.00687567634749423,0.00280144388438762,0.00284537888198122,0.00599271811770513,0.00339709312842178,0.00497689816366623,0.012329630799307,0.0434031025271469,0.00329706618274702,0.000805761089958092,0.00444801205607717,0.00612979562401782,0.000266740830236765,0.00181634637950773,0.00178557479607098,0.153017091146609,0.00991511978856351,0.0267219147914373,0.014594051634882,0.143614170864851,0.00189268394479774,0.468625048355922,0.00123099239490739,0.0322892602882134,0.00177259913183812,0.00578795690930701,0.00760749891018968,0.00267272590876244
0.000811070155524037,0.00036269718901983,0.001448226928245,0.072948429979618,0.0330753489298165,0.00288892581408211,0.00959463334668638,0.0465799874638465,0.0145968886689837,0.0189470260068291,0.000539107021030509,0.00573937708459167,0.0132646297299647,0.00141173034068253,0.00124598769217233,0.0241397228124422,0.000297647092692428,0.00607020783867194,0.00170825660707811,0.100300759972293,0.0140353961165152,0.0347849600013063,0.0492318969471637,0.0434005290798713,0.00534233422500593,0.000375344408212621,0.468193656168194,0.000303197962428771,0.00546012916012241,0.00658962036304033,0.0136951495025926,0.00261712539127634
0.00371554971084402,0.0122036154113864,0.000659807068840863,0.0884601427560324,0.00361513749979052,0.00360697652818105,0.00883047583593913,0.0746448771244909,0.0420567615459714,0.0107033633035938,0.006547458527241,0.0182943573392856,0.0137265123904204,0.00098886256390531,0.00589724510472524,0.0822335425201603,0.000131418981080294,0.00498012598803311,0.000419636783424313,0.0135878136569104,0.0188303525134614,0.00049004716476157,0.00755181914821705,0.0245239972180247,0.0155480348029158,0.0119358189221855,0.00752447697167328,0.481549337397586,0.0327029263234601,0.00188303641821255,0.00102112260253036,0.00113534987671541
0.0045395061878033,0.00361511325865801,0.0018810353129199,0.0091969839633451,0.00947785502196095,0.000756728509161302,0.00993569503348571,0.0104811814467927,0.038467070448567,0.00596554962052918,0.0120162470571596,0.0510101929091333,0.00555652971309484,0.00258210328309826,0.0165960621708172,0.0265356632155148,0.00262859442652136,0.00204092128296102,0.00112508971945903,0.0395486474487151,0.0125735419386841,0.000178149521698239,0.00931062356959367,0.0570263961107631,0.0228981601560514,0.0771573833113642,0.0987305602479881,0.12090400883918,0.285182072423108,0.0105891084441939,0.0513695271338697,0.000123698273808042
0.000664540629574101,0.000303944361493282,0.000484616872214732,0.0158876960494513,0.00903334225201455,0.00133485735888658,0.0140078731191726,0.00183515565679743,0.0346951746766418,0.0250266805411011,0.00198570935257875,0.0119211475302703,0.00439330519485231,0.000172071502493317,0.00196265819905081,0.0261139035783303,0.0059189369225011,0.00213710524202029,0.000856197281991473,0.186580674465999,0.00336586631799548,0.00412089756154072,0.0244873821531572,0.186011387108987,0.00347348748641071,0.00855679314354813,0.00275140064532824,0.0134708577054719,0.00125501988489959,0.393621977745344,0.00629527982166974,0.00727405963821255
0.00227853263445086,0.00444739945805169,0.000148126915133578,0.00659696938487887,0.0128717748755933,0.00595607732399277,0.0072331516149908,0.0243558007027312,0.00549407778237454,0.00164364499218146,0.0191902218195018,0.111776611430918,0.000437607348002638,6.60139808207054e-05,0.00121521751490181,0.0203752016349648,0.00188799542995196,0.000869861909016522,0.00329023649451082,0.0310268301683985,0.0190414827105503,0.0230198811852242,0.0100125890373426,0.000556957079381209,0.018022093648403,0.039377712981538,0.0112657922187749,0.196220166891353,0.00194351690107598,1.13895410147038e-05,0.412524275754363,0.00684278863561281
0.00139129114593908,0.00532502812141522,0.00104909542791944,0.0103839120349331,0.0258203746689113,0.0108539302703747,0.0299195516995923,0.0189281658973289,0.0139451889720206,0.00128726600171575,0.0104292764455898,0.0379266020483345,0.00783449123138346,0.000161987184245973,0.00326018722116237,0.0567241741869586,0.00546656698330549,0.0242894501709504,0.00311141304139935,0.0572107344462012,0.0365213809832494,0.0693338873255425,0.0321632874794205,0.0285207623206248,0.0932110990419671,0.000536051632871758,0.00248966475023465,0.0236897230351676,0.00587927722479623,0.000233543889755112,0.00200673987038825,0.380095895246301
