0.628776799725469,0.018538888453464,0.00262888593338472,0.0352948760557192,0.0118229816789316,0.0556855141384729,0.016754317096009,0.0225628325639356,0.0201408765730158,0.00323983434053452,0.00217055302301946,0.00472050462129713,0.00100556254084875,0.000771106211550656,0.00237822749961123,0.00986036651694116,0.00400352306424697,0.0412479871845299,0.00109131750696037,0.00963142140343545,0.000411563845819116,0.00885413442626795,0.028887637250284,0.00210722301671443,0.0463492531343584,0.00327895583230749,0.00386614885754826,0.0055976552250046,0.000411423022192133,0.00024594552059915,0.00210709273518108,0.00555659100234588
0.00292621091273278,0.570368985780065,0.0137981585992017,0.0216070793758453,4.39256893152992e-06,0.0384267047569563,0.0909923119878738,0.0128124418906949,0.0323278417619862,0.00234021392696058,0.00298482904389794,0.0160972300587324,0.000235820303626014,0.000218803155399597,4.23800695932157e-06,0.05512171027542,0.0057733069404852,0.00969914914358107,0.00352184670320349,0.00559863394786025,0.0111202751363497,0.000829125654094679,0.0160715772633941,0.0336144519562731,0.0296178244309785,0.00798843238594068,0.00538255842708127,0.00262177597743655,0.00269693588324302,0.000159387796777793,0.000642827833957537,0.00439491811405919
0.00106979011715412,0.0187298030943611,0.781242575837119,0.0123760955669998,0.0121664912702753,0.0162373936999405,0.0274877326835483,0.00235505475478751,0.0190481444308932,0.0088008399927752,0.00356287122855739,0.00813178902492377,0.0041455508124674,0.00178322487553881,0.0111602159789982,0.00186234741606125,0.00622666239969984,0.0068618288225395,0.00169972258796519,0.00958580683150041,0.0113559094864035,0.00181259534524192,0.00162405866959473,0.00582147631359124,0.00816350863563659,0.00549541879747451,0.00191771638732664,6.20985092332889e-05,0.00545289715424929,0.000520331374825154,5.9818093091233e-05,0.00318022980722634
2.9822265816777e-05,2.6399218418779e-05,0.0017345394993003,0.497435335761783,0.0736708950136798,0.00120477812749284,0.163789846724728,0.0131895941048496,0.0173995405102219,0.0155960588187399,0.000695427417916629,0.0502597210077935,0.000593334452794484,0.00542173542386302,0.00254905472736052,0.0472782348623906,0.00179130225723296,0.00345770381223369,0.00489295207542087,0.00322019494768067,0.000403176977492575,0.00281050775686761,0.000394533554753748,0.00928058851355455,0.00270031998463971,0.025780917445244,0.00855801297353629,0.0053309528722789,0.0355069932539881,0.00136682337493032,0.00189467663292301,0.0017360256300732
0.000438752289724877,0.0034585637481219,0.000558792244797752,0.0161366855131879,0.744409838725535,0.0132986876281477,0.0544997515083692,0.0050445584294985,0.0278742102670152,0.00806330356965169,0.00269607433118145,0.0055344017691244,0.000289705218990789,0.000467506579812182,0.000701806768756618,0.0572144709297194,0.000583574500073032,0.000323605140921698,0.00166505678576024,0.00131638177459095,0.000610752451949711,0.000570554989144986,0.000315446292362216,0.00776072401413853,0.000200320059140997,0.0133132717295146,0.00387002351489551,0.00795271055907635,0.0153350237207845,0.00165632751915749,0.00174366237368457,0.00209545505317062
0.00293910337990811,0.00130327130567277,0.00238624807627825,0.0291058708150597,0.0230225475042595,0.67678170813506,0.00186876310372979,0.0314061190151365,0.0514370758962706,0.00225034230128067,0.00908321514120629,0.008152261751836,0.00276481478759676,0.00153340255223067,0.0171030691512199,0.0667784124895405,0.00482021063498592,0.000534022879925057,0.00336522702991795,0.014548327869027,0.00227522756395396,0.00634475541496554,0.0126998819516916,0.00770734775084725,0.000224070217271789,0.00945275266084188,0.00247167263002455,5.90837818627462e-05,0.00282711078369528,0.000505138346945131,0.00320894073507036,0.00104000434268795
0.0187148826622795,0.0143864227648526,0.00388540144674975,0.0727677419940078,0.135202492057792,0.0147874043887986,0.559728819448841,0.00158992127818235,0.0179920120750172,0.00879926814196848,0.0157384111320027,0.0091267081583754,0.002473661664116,0.0010003804870696,0.0150817953768397,0.0387482626193021,0.00417296550667411,0.00403798373777219,0.00943502374530566,0.00186155636240512,0.00575963773350555,0.00147377258524968,0.00331916075154946,0.00105649286220171,0.00181949368805542,0.019451524387683,0.00285469907475278,0.00120279961533918,0.0034116603416866,0.00265174620090796,0.00704189766530176,0.000426000045415593
0.00403609739520936,0.000228530766538371,0.00103658735645796,0.0123936774452975,0.050770367906565,0.00349892177296495,0.0195559492633018,0.652009661082811,0.0332231826066049,0.00458185474432655,0.00651474525492009,0.0503847775915963,0.00157131344229892,0.0167362170056847,0.00616129296506369,0.00404926318526246,0.000112337500179302,0.00237610364574669,0.00480579647039522,0.00736768078992798,0.00538384230798267,0.0049670063637579,0.0128123855895173,0.00555038530752003,0.0208444624260554,0.0224253182291746,0.0120775150848919,0.00194554501871752,0.0289371898716155,0.00131339840271229,0.000778381319820961,0.00155021188708137
0.00919461120326656,0.0112938050796734,0.00484469058646832,0.00895626320309916,0.0247269523248287,0.0535121936733356,0.167513791141838,0.000671719746214488,0.475703260524273,0.00278304646393686,0.00307471678752689,0.00694767246595634,0.00388548389202285,0.000546474956199603,0.00264398824145668,0.173423379328383,0.000831287362996275,0.00577275468876494,0.00290738801847392,0.00167890109426322,0.00692953409500294,0.0091143701320322,0.00111686432075039,0.00419427702352469,0.0013540779460255,0.00206721790436218,0.00146228368678337,0.00421267857297013,0.00280005307301575,0.00025874016079031,0.00216842715043833,0.00340909515132663
0.000374597976607559,0.00223282555706368,0.00294800120230615,0.0126553247421894,0.0224133047343583,0.0160532068520324,0.0560565965213745,1.14367745977599e-05,0.0580146747733146,0.551250822101581,0.00113399416477764,0.0832850546991075,0.00174695461287815,0.00279291819438763,0.0132516018794314,0.052375084938008,2.41100241129972e-05,0.00451027175860682,0.00238858784314843,0.00987430840157605,0.000588990910089458,0.00145030831508841,0.021372785197846,0.003394593688059,0.00888619571915895,0.0080478421769715,0.00160654336759346,0.000569420236301921,0.0558395255302015,0.00238483730680283,0.00243740852092446,2.78712795022119e-05
0.000253316804764332,0.00394994618495979,0.00786558246018916,0.00780486348768178,0.0451972776775884,0.0214266328761469,0.0699635261031352,0.0157213376660556,0.0662918611034125,0.0308581761403444,0.423809877903057,0.0679999048820804,0.00546420505444295,0.00289311778689801,0.0190179246864528,0.0403348400681046,5.7531611506142e-05,0.00316711185949126,0.00661869152261413,0.00721842934248108,0.00496931334211603,0.00329885580656858,0.0356324083645318,0.00916206886491335,0.00221715323842758,0.0107611672430597,0.00482010793253981,0.00131272218676716,0.077399060106211,0.00104540545246345,0.000681810406142043,0.00278577183485266
0.011352549859525,0.00375189601892866,0.00227491373022889,0.0442447508775037,0.0612163974155761,0.0617552495715027,0.00522095905638387,0.0210737243144752,0.012988744276453,0.0283577663413755,0.0101765285149708,0.55585810041009,0.000260761753619521,0.000571924834385081,0.00633069407952858,0.0252498711865168,0.00148715920561183,0.0065649769262785,0.000516766625078906,0.00404216995200048,0.0175960590419722,0.0028090423376743,0.00251209599137645,0.0225191165771559,0.00284853690466656,0.0471651705423216,0.00572150825354697,0.00128008803739423,0.0130220239661711,0.00186435215365189,0.0170563441016486,0.00230975714238772
0.000143340439174362,0.000820440120860029,0.000164810415016428,0.027229733871055,0.0943993902220205,0.0137418770381667,0.000558672551759152,0.00137938266378625,0.0308545604025428,0.0381631252005657,0.0140587540780199,0.00108311917372561,0.538752244919794,0.0058239474689398,0.0758874366255998,0.0181277230778033,0.00221976546880474,0.0019999232970064,0.00132006556552073,0.00346587269237919,0.00779619163421921,0.0054089136851278,0.0252267472998381,0.00233317281537685,0.00372982391728306,0.00686478161932731,3.65870910602178e-05,0.0422845198033976,0.0282034318834598,0.0038674266914585,0.00320594630372441,0.000848271963186753
0.00735935901869632,0.0023578414100681,0.00439580029942805,0.00447048161209977,0.0103125277160756,0.0160260217037327,0.0606781640523739,0.00240580431903611,0.00762823824403198,0.00337629407220784,0.00495948274092269,0.083416189549238,0.00618531783197662,0.645004648634282,0.0343159900377298,0.0226925675272754,0.00219344598216439,0.000785505723904162,0.000456066482144017,0.000336086915420255,0.00387601080120014,0.00200613808884427,0.00341526022094062,0.0103770522724131,0.000952594967128975,0.00112417084516273,0.000989891170253526,0.0138850337766516,0.0367318849704672,0.00150046473702142,0.00305521721973669,0.00273044705737174
5.55795460717801e-06,0.000541590648688334,0.00222011120617048,0.00915225874540231,0.0355553493251992,0.00229704425888569,0.0307612677854066,0.000407224079565389,0.00611239855392437,0.0120361068357729,0.00822182815344082,0.0021391450336013,0.0206229053092062,0.000652310546704047,0.819015980882016,0.00680028508654656,0.00165918564617118,0.000932171397053661,0.00119135752050627,0.0026659215195773,0.00385526022501362,0.0023677096695698,0.00840346221873534,0.00118889769180353,0.00238603067747358,0.000376593462480762,0.0015103039628815,0.0104114507550163,0.000700238994648519,0.00392527815180819,0.000687838319575881,0.00119693538254662
0.0212841262894895,0.0181456120300626,0.00377515415390272,0.00663135192302717,0.0454649278791811,0.0218202976598139,0.211370078681633,0.00747934750879601,0.150771801938702,0.00629143468440809,0.00150083237493629,0.020032405620288,0.0036814312426114,0.000889492381069222,0.00581410357064787,0.381654973617149,0.00192567442182816,0.00608393933612651,0.0024703765167169,0.0115366167077561,0.00198354665199289,0.00881945433479556,0.0018339094523533,0.0138279171017114,0.0134967376417117,0.00384186568744077,0.00320070932713943,0.00861035834036211,0.0059540651724889,0.000308622951422901,0.00205724067069172,0.0074415941297431
0.00642468610140194,0.00113301207523994,0.00219790366036825,0.00871554368385393,0.00469993811050748,0.0374165806484096,0.0751389040334961,0.013286418050616,0.0259057334309669,0.00302591927040387,0.000536870739162692,0.00731048508017645,0.000385031186753817,0.00104092862910006,0.00388065177067992,0.0019583621961435,0.715553298914638,0.00181832954537129,0.000936842607794614,0.0146148597487808,0.00598970714031668,0.00126264345284641,0.0251858173159564,0.00732831444443273,0.0149863107116971,0.00299501616597743,0.000706425437863965,0.00236048185017704,0.00410918566881551,0.000230887300375024,0.000113161341261186,0.00875174968641516
0.00720735265557613,0.0052699046535315,0.000997119670873208,0.00053810097790143,0.0165250321324804,0.00112007779467687,0.00847942813369291,0.005200720286079,0.000855765189538393,0.000654859631712137,0.00389140908835184,0.0163638340224608,0.00561156615206396,0.000576196951086984,0.0054346354323384,0.0335533954507282,0.000958450726717616,0.763098581551752,0.00123084360557046,0.0143665517458921,0.0309720765683833,7.97849537798363e-05,0.000642021120404991,0.0338514259082623,0.0127886648068895,0.0133016924981753,0.00147858129280156,0.000482391536941448,0.00775560129958762,0.00165125704260795,0.000794576898031625,0.00426810022111023
0.00232691719245247,0.0148133778611527,0.00416558013460456,0.00398162925147456,0.00145621325920851,0.00069890105774022,0.000513756460815237,0.0063556044565601,0.000254226878147953,0.00305899086389046,0.000176149951218637,0.0281728569639354,0.000813687925997581,0.000855321534311082,0.0016583716915227,0.00420369757539915,0.00247001586114578,0.00212597859267178,0.693837503561476,0.0203305659909706,0.0223925743446592,0.0116475212387107,0.0325765001806541,0.0698898160269134,0.0161209763941528,0.0144811527720433,0.00522488922791826,0.020804384955329,0.0107102905911458,0.00293132870780166,0.000807614920102989,0.000143603575873121
0.00708616167191567,0.00414966508641144,0.00180338149779812,0.000305553659270543,0.012634001519044,0.026648832907233,0.0202657149497965,0.000894277594401755,0.0104590356844567,0.00530569968580413,0.00207491748060661,0.00259539687138122,0.00278549957213822,0.000340826561979975,0.0016505021458071,0.00995582892316622,0.00237533782058337,0.000536342600314345,0.0312616349756087,0.746534114932735,0.0265809913026632,0.00256460691781456,0.00128021039952831,0.0120757356566332,0.000367738196685318,0.00772840469163753,0.00988248286254437,0.000117917707524672,0.015687782824411,0.000413799978879822,0.0292217922226313,0.00441581109859372
0.0125971604456633,0.00658975472217628,0.00581162728579375,0.00149515196924279,0.0344637033980853,0.0368617460692582,0.0629548873798336,0.0112768810396716,0.0242051629599897,0.00272280378803913,0.00309424838793102,0.0233441045600799,0.00142488163487288,0.000543647301915414,0.000313753075961942,0.0489525512252543,0.000632940917872679,0.00408000601753423,0.0162306404973733,0.0193116915790607,0.53959009224394,0.00494149130906037,0.00387317545895316,0.0380857671598966,0.00860601064443705,0.021264081280279,0.00999231517527365,0.00027540321561504,0.00756595044524407,2.84921199838968e-05,0.0305348109316558,0.0183350657600516
0.0224941433244064,0.00161568512486075,0.00120080828284022,0.00192033214032268,0.00734635103940462,0.00884611527599095,0.0129196226936886,0.00201144540897008,0.149610965075209,0.00014871511669551,0.00325263646529471,0.0120934914626878,0.00222512761640365,0.000624935673437309,0.000477617125853712,0.0791693259728161,0.010749201462322,0.0141979579844036,0.0323192291229893,0.0083256178355698,0.00537166551914775,0.510623047670502,0.0290888839981191,0.0417276001952603,0.00363066001412433,0.0241839213733483,0.00689271432441187,0.000969727673709371,0.00081154015802721,0.00167565041906867,0.00237343274657727,0.00110183170353617
0.0173051001369719,0.00441609011940818,0.000906717579154307,0.00199717834158505,0.00107390768205301,0.0045638255123085,0.00376662554752726,0.000505437250601062,0.0234135700027727,0.00552043886307854,0.000514804349311054,0.00616127913954747,6.22962314507043e-05,0.0026014789634803,0.000487116016105943,0.0124302939229161,0.0105131769726235,0.00645640125324906,0.00701987222271629,0.0225328541516676,0.00071183760681449,0.0108893110201719,0.775252641438565,0.0347022696306154,0.00454187537081309,0.0104533353670489,0.00131356282261972,0.00205231814568109,0.017186463358036,0.00367023238868403,0.00399619975079608,0.00298148884162625
0.00327748396501294,0.000626812100620964,0.00266371802869078,0.0001490682161723,0.0226336986261319,0.0220882280703763,0.0369950594517487,0.00221494236218062,0.0272559782059689,0.0021938822286269,0.00655575011902275,0.0283396058835222,0.0037051300477509,0.0010952742134165,0.000190931240000462,0.0368028192564242,0.000661614703500307,0.00131539300891479,0.0255932535437235,0.0115448253850572,0.0388043006066414,0.00381163166821412,0.0077179761172281,0.62082969830549,0.00355128972902062,0.0353299387211717,0.00401541026223748,0.00192628650700411,0.00651168192756607,0.000660411386428194,0.0370796479211475,0.00385825819098754
0.00787120654628051,0.0157154953146089,0.00255427747221284,0.00201747016422259,0.00586125652084676,0.0115773383035546,0.0563801928049101,0.00430423899688236,0.0803424608361649,0.000859329588056333,0.00810221653172322,0.0308954311043675,0.000761538090878983,0.00150891338479059,0.00086551561543646,0.0392370702131294,0.00402376830093975,0.0271996387376566,0.00432620987678638,0.035305107601594,0.0270809201682843,0.00899459446484441,0.0660664558788206,0.0682863808821379,0.43312906153738,0.0197604480377906,0.0015791241656329,0.000169362701690336,0.00574452228225788,0.000140779753032958,0.00600799614813127,0.0233316779749547
0.00140354471580043,0.0001532953678175,0.00276450735946642,0.00505941662924789,0.0133670053726855,0.0282417612221967,0.0269525618145068,0.0059862521347765,0.00573831640722029,0.000165566026407132,0.00640117142100771,0.0481884646873334,0.00274575902352927,0.000174713527791731,0.0023447568975966,0.013575677995111,0.000266310064961589,0.00219970763852737,0.00907703135042931,0.00388854982328079,0.00793689116309948,0.0172353035795059,0.0339682281499925,0.000608901748069667,0.00721237671653399,0.673343318469496,0.00503415090914975,0.000444265188192586,0.00959385192679627,0.00574720641207621,0.0581613402235166,0.00201979603387703
0.000396076230279079,0.00224410536574746,7.7408643197749e-05,0.000916456353285491,0.0274724624282684,0.00437390601859673,0.00965516541720014,0.00529237589032901,0.02713321011381,0.00270505346922739,0.0223256736872734,0.138307498599086,0.00153451608035577,0.00103145933334741,0.00193741992518526,0.00511315619898592,0.000391075146610074,0.00156325011755411,0.00274501822160485,0.000954564463790526,0.0723262659187685,0.00136742973887705,0.0298625264901269,0.024469889500633,0.0247234921684482,0.042675955958135,0.506529131332701,0.00144323945937646,0.0209334503417726,0.00151977302015639,0.0103594998278376,0.0076194945394326
0.0151625274426402,0.00181820113832672,0.00122837618956081,0.0154739857917575,0.0259397827126079,0.0501958672866112,0.00901317866985227,0.0261527576075094,0.0515280430712936,0.0242183505890493,0.00316238345267123,0.131281759056637,0.00252950007138684,0.00129171248490605,0.0168076087689443,0.032466364253361,0.00159598937656375,0.00297938447874524,0.000360612953376439,0.000806374008982715,0.0088599656313432,0.015323335339844,0.00149138821685895,0.00412337559771684,0.00297696104373341,0.0197308774965305,0.0155261877430587,0.443145130226431,0.0478271042983273,0.00436027309073845,0.0202894980212407,0.00233314388939308
9.54930507946758e-05,0.0145196967219603,0.000930031789619665,0.0221225706347974,0.00341419606126229,0.00359121864392963,0.00512326605401583,0.00453891488201615,0.00356987902980127,0.00535589778869641,0.0157131742362953,0.000140579145325804,0.00234367845828632,0.00131764203812512,0.0101895240920159,0.00479434051935485,0.000711510298096544,0.00518378563592398,0.0215944156834901,0.0103257423725685,0.00469176622601836,0.0272455966557084,0.0114339359866446,0.164495117654563,0.00824325215311092,0.0397264775106588,0.00431261034594548,0.0120166866822182,0.555019357044397,0.00254164242078296,0.0315039318741909,0.00319406830938488
0.00286363773938291,0.0013725683860567,0.0020756806464878,0.00425658863165634,0.00466264563006557,0.0283559332976488,0.019350805836045,0.00790518204535433,0.0253857394376208,0.000369266516228353,0.00486930781690222,0.00506535296572916,0.00151643307596399,0.000428231229354909,0.00610460999884487,0.00241998832004598,0.00354494291101616,0.00248887999689975,0.00316711489382962,0.00159400754642688,0.00257793607797538,0.000734924874856355,0.0116292874111438,0.0288676653502257,0.00334275535889332,0.0127609845199985,0.00433307868601428,0.00086458522814945,0.00358251653036085,0.762870633232344,0.0398224282018134,0.000816287606665092
6.17074739433114e-05,0.00774714786979559,0.00114428681651304,0.0218913954583451,0.00744700677363422,0.00296750534472171,0.018557626402585,0.00242357839654264,0.0130328289642073,0.00925788137387193,0.0090005992377538,0.00400047762221983,0.00524122297274311,0.00104075605029215,0.00879583563398871,0.00403363871421086,0.00263602202663773,0.0053955575688791,0.0310472608910346,0.0188319209327992,0.028837327470048,0.00853887470691942,0.00417227816627812,0.117257126959115,0.0102504202995015,0.111347148169767,0.00939437349417857,0.0130395581083148,0.0288505274731902,0.00264448574380424,0.488069918663088,0.00304370422107647
0.0110213864547158,0.00980962424465106,0.00120301783962227,0.00235136643772228,0.00898930535102525,0.0237226541282576,0.0335556203887082,0.00656797588107028,0.00471928862511853,0.00144759608422559,0.000838623565803736,0.00143108499393224,0.00324961979126581,0.00594353721631916,0.000639505625084492,0.0234879012806412,0.004963091091637,0.027506503935526,0.00281628955859079,0.0350918489289287,0.0125518896386407,0.0158886876051225,0.0421219990585196,0.0113018443176071,0.0542072834118304,4.87162823238081e-05,0.000941495990762313,0.00145537508199212,0.00249005501656828,5.54309479428381e-06,0.000183814001510692,0.649447455077482
