0.457231595596578,0.0292566055049854,0.00334930301923853,0.00805634444879314,0.027311636436086,0.00808907179906293,0.0808490122182583,0.00553281574116422,0.0492791323740398,0.0107401963773762,0.016137847161445,0.00335504937752929,0.0203238071962162,0.00522324752445398,0.0079451681559383,0.0179638257317292,0.0194151909455804,0.00910150904804438,0.00308498272693752,0.104270005205256,0.0117355389107226,0.00120339290328702,0.00670896415963889,0.0590155179869201,0.00971681087619593,0.0142135888411738,0.00686269175197156,0.00298856069089155,0.000260215955831791,0.00022572882435128,0.000182703851686014,0.00036993865861626
0.0023089576083168,0.317042356558558,0.00319947694679754,0.0249651296027925,0.00176906990459299,0.0879794437448165,0.0774083077033658,0.0488975284761447,0.0511723114638518,0.0138952714837767,0.00250606055191935,0.0131852357593411,0.000571167600530568,0.000965367769262812,0.000137775958678004,0.007983592910462,0.0215221554628386,0.00205920651100902,0.000126752416285449,0.132292511219091,0.0051738208574733,0.00654945434011272,2.4437502030471e-05,0.143001475312543,0.00423549706327991,0.00476635372542462,0.00410970415426144,0.0119177621081613,0.0030326657504571,0.00186142052464536,0.000677274824024941,0.00466245418515489
0.000200427924351065,0.00843709891723399,0.399372188632645,0.00705488170936928,0.181022702367157,0.0967777997377799,0.0136723102654885,0.0280390470159334,0.0155033569885071,0.0301684670651528,0.00298235984052453,0.000347426475242852,0.0189040736449687,0.000933918960851151,0.00190584655992664,0.0481305495887562,0.000729487076539142,0.00423425141920045,0.00359076670745479,0.0160345704664763,0.00540871489341517,0.00113947118993583,0.0119352200429565,0.0115163137936222,0.027524312664524,0.0146484660410383,0.0170471986579581,0.0198675706385905,0.00397680261175194,0.0001753471529091,0.0019094282931412,0.00680962265659848
0.000127415470681097,0.00106097834897339,0.00527726000535562,0.147302125359836,0.0383014169523671,0.0436622152281152,0.0048631289711188,0.404429982763673,0.00754116606033088,0.222229885021367,0.011415715386801,0.0244100855158158,0.0116336150628408,0.00143675554109209,0.00188505287237197,0.0139006922865564,4.05607540897816e-05,0.000308504005894544,0.000819797325212547,0.00770904611300053,0.00419654026910599,0.00139124273618204,0.00680174960702167,0.0086786995934189,0.000783650310976501,0.0139083338902505,0.00875623079501433,0.00570843041166384,0.000485845565201731,0.000467612084554489,9.41563692020922e-05,0.000372109321913775
0.000131672241079799,0.00432822444920149,0.00191643231156191,0.0322945492580135,0.636339876240524,0.00945047201463128,0.0456491900210642,0.0230799147193583,0.0154215312181755,0.0153354766014293,0.011958156191624,0.00752195371457407,0.0128154843253234,0.00173018433628029,0.00194284378053475,0.0331552761138449,0.000507651211216681,0.0030753457571159,0.00216521733536111,0.0155370325900895,0.00812917963359725,0.00797625325802449,0.0115606954283644,0.0491679509954865,7.6755597712611e-05,0.016972006925853,0.0238399409675825,0.000960941897466969,0.000865381408920248,0.000477624127924265,0.0014758371169383,0.00414094821112563
0.00356894727250363,0.00193590419592804,0.0114389896454792,0.0470944038738699,0.00449301430156689,0.41472621626422,0.00175147674472856,0.0442666448962896,0.0604861165608695,0.0256632360507512,0.00338122022060654,0.0116873906385302,0.00450325767196652,0.000610219068078109,0.00178003154777726,0.0185313662990694,0.000638186790597807,0.0102494812955877,0.00575293758685311,0.0774319788813823,0.0115167787964,0.0036826238683864,0.0187341045488565,0.105425072988415,0.0231683951404241,0.0293268382717231,0.02715030681678,0.00191846384654209,0.00489441926541178,0.00583912020024846,0.00226780659093821,0.0160850498592186
0.000343495655850588,0.0103988135833543,0.000358323338902905,0.207718659315667,0.00584545650327204,0.0225726501569177,0.294220692860687,0.142872528467357,0.0358963079061375,0.0439210062248678,0.00914445804039664,0.0110749483663561,0.00112425940842439,0.00310750390211681,0.00277906083398176,0.0105352695697053,4.42512051568032e-05,0.00494048107667115,0.00604687340354103,0.00689359350993518,0.00596722269435275,0.00196827409578414,0.0103570556831159,0.0177042110452211,0.081353647867107,0.00179752062444242,0.00785526253442361,0.0145126874103348,0.00282547588585538,0.0017445517489054,0.000174549149665909,0.0339009079314926
0.000726068270201802,0.00100074509261762,0.00576380849310336,0.228877748283879,0.00219589270541128,0.0102965605171024,0.000690175739324694,0.508886316607233,0.00132760708568803,0.114080743577377,0.00362636953623545,0.0167175014062323,0.0131506137363736,0.000640036319645463,0.00121499123059925,0.0024253203764495,9.27411486139324e-05,0.00104061114971341,0.000295038299733186,0.0239149471365785,0.00389116562001662,0.000837906642614112,0.00409631079960179,0.0220284792278738,0.000604721170467515,0.0163925065451479,0.00997500281084056,0.00381263402318006,0.000190374495668118,0.000191112753216302,0.000228722167185929,0.000787227032073982
0.000832723095678409,0.00206617813149976,0.00120475588526845,0.0446164144086787,0.065927654026484,0.019419542638342,0.0470232955691146,0.0394555765171381,0.484955440142884,0.00932124735299875,0.0122887721020237,0.000455175849356539,0.00329909662385131,0.000263049170736349,0.0015493517701187,0.0720275230030742,0.000981708931751278,0.00494172836901438,0.00278774084445831,0.00361567489950634,0.0222865614607167,0.00333222891039719,0.0110616685834747,0.00944312736257029,0.0665279480752719,0.00252477528149723,0.00523376963565716,0.00867957300032186,0.00419234842634471,0.000353349877870341,0.000106179497588851,0.0492258205563118
0.000335955535562419,0.00137295641353748,0.00113453019077991,0.199708890250633,0.0741141821662041,0.0302681907922694,0.0387655488545781,0.192879348011549,0.00774792604485719,0.367986778784034,0.00228488837837537,0.00947406849178303,0.00422436178367662,0.00158987753346132,0.0033655355834204,0.0367252403421397,2.35202143109046e-05,4.66450263986543e-05,0.00133618907198172,0.00361931663083556,0.00193960361682328,0.000444457860717561,0.00186893426079166,0.00233035119018757,0.000772295277593555,0.00506005597166252,0.00242116044626399,0.00608680552916237,0.00093352106426822,0.000865161730118761,1.13941437826688e-05,0.000262308808238254
0.000224512621406925,0.00204153592440482,8.05564207184707e-05,0.208241952045591,0.142273877680934,0.0292028378389653,0.0601919767296511,0.216926180595225,0.00198108440146747,0.104816612406095,0.112191027773781,0.0106749064309391,0.00204206150325109,0.00129749068007206,0.00361235131237508,0.0377484059206824,0.000171512645545693,0.000150570110017494,0.00206787765149391,0.00869265218281736,0.00389931588819239,8.06138475467467e-05,0.00550893383713651,0.00876439954847001,0.00266487486890079,0.0123674988205387,0.00606737830399214,0.00876484603272377,0.00600693540809669,0.000947719505167753,0.000102271798874578,0.00019522926492629
0.000536877305245146,0.0051293420411786,0.00208113397023144,0.010644650003872,0.022711018574215,0.0641206126340572,0.122386088936347,0.0280140782129104,0.00132775921505635,0.00680531305332095,0.0356301808328802,0.17266001151325,0.00756422805964167,0.00382071311386592,0.048116043408677,0.010708383314484,0.00125909415995862,0.000199595040294616,0.00663440263141062,0.0740675601514327,0.0392921623049028,0.0140184828398813,0.0691532613472584,0.0592799260978686,0.0107791350148212,0.0559401829624048,0.0748969106979417,0.032463751629791,0.00236606616141965,0.00845292723104225,0.00603155425599968,0.00290855328433939
0.0022847402877287,0.00782787651983692,0.000981519055016253,0.037068032751916,0.0689881134933711,0.0463144447524954,0.284517079973547,0.0433941597926042,0.00157350964744709,0.0324793790428888,0.00375502891311175,0.0122969010290005,0.154444987119122,0.00500490250766156,0.0459705235274491,0.0724307963015038,0.000326812645570204,1.97933470298046e-05,0.00730792662044398,0.0177373924424859,0.0114261291713794,0.0156968755780989,0.0314380013316,0.0102851145465644,0.0113067983382333,0.0186177537432354,0.0188021046409686,0.0236149792417428,0.000801476580981136,0.00699407356866934,0.0037291712004397,0.00256360228785652
0.000267251384375201,0.000684149296794384,0.00256022387060473,0.276703199882468,0.00765034651786856,0.070282520246281,0.0110907610244061,0.281358216071273,0.000596057491471249,0.129329957258664,0.0335968372282887,0.0159188012690661,0.0123198072135257,0.0886865891999192,0.0229784788109191,0.000597768560724647,0.0001593190024757,0.000127559627591868,8.92768012573685e-05,0.00365095617563557,0.00289853626624325,0.00232142393244475,0.00054726802741484,0.00355952475720225,0.00636049276157777,0.00160158188116397,0.00254696748395688,0.0127685550416802,0.00270315937887339,0.00144947248146135,0.00110817252921626,0.00348676852515409
0.00128460874338356,0.000589567435632991,0.000705603184460135,0.0669687872094177,0.0893662846910953,0.0974025836541598,0.00648591792754907,0.115752893147786,0.00904915601050834,0.0467311483874984,0.0508077993432262,0.00236330085642799,0.0318911038508191,0.00256568169023903,0.328233088687379,0.000881027991109082,0.00021082933776361,0.000607384426865565,0.00212294172416852,0.0063594055775845,0.0142352440226651,0.0144051868000954,0.00951951383272101,0.0110534622192129,0.0166877864871163,0.00590113261409186,0.00854908136596265,0.0483945951854479,0.0064792701262794,0.00260718021218394,0.00130166981289538,0.000486763444254709
0.000302919296694697,0.00114498391768153,0.000915105572971789,0.225872021442239,0.113217274473104,0.0428900867080984,0.10148164211389,0.201093152592226,0.0404784850666733,0.0261661389918616,0.000657949220992396,0.00107774339549422,0.00244319235904262,0.00097705691226004,0.00118500540236559,0.0206648064639979,0.000422346581105538,0.0047384317728909,0.0029050892169933,0.00423832837818105,0.00322745027354298,0.00386153306734744,0.0126926529433346,0.00157465994042604,0.115697592275801,0.0042638426908636,0.000319580797009852,0.0131726160128412,0.00231816484094804,0.00161275480092836,0.00195217223608444,0.0464352202421089
0.0123310970387,0.00210101350592543,0.00449588720282066,0.00246953652324145,0.0354148813974523,0.00558386260756171,0.0011200990428193,0.000275305606512819,0.00393824886412858,0.0120239988705852,0.00789313155610326,0.0190854518652469,0.00356537743444955,0.00110979654302553,0.00125825600017832,0.000372467776516935,0.427816946553635,0.00154827363148743,0.00906396837555961,0.072883860283998,0.0784111566961906,0.00995147163605471,0.010418927096949,0.0740748816884083,0.0825503878630255,0.0114710567706652,0.0205971358318363,0.0671713819170596,0.00991278794110413,0.0016374329122435,0.00175136839023212,0.00770055057628301
0.00428305318325613,0.000814158192404177,0.000975858572072026,0.00773401138426507,0.0176506258147906,0.00964203884341845,0.0157158973558392,0.0133840825727567,0.0124373099033397,6.67515572549689e-05,0.0108252306523334,0.00943419813891168,0.00965540138897368,0.00451252801365389,0.0075120956918002,0.0220490953476618,0.0217642961697982,0.643885449399821,0.00757682108363175,0.0011458343317401,0.0757347798936055,0.0338776509938987,0.00246888868346907,0.0139279630800455,0.0121934736413724,0.00426656404928974,0.00768269614957119,0.0185370967766419,3.24566139810848e-05,0.00461937730070669,0.0052255752349236,0.000368739984772517
0.014771362640435,0.000135705817967726,0.000145449426154824,0.00271491489989377,0.0255269454270005,0.00232936145453271,0.0182825535105216,0.000642220603113192,0.0529158789323217,0.00144718997195481,0.017215899228146,0.00193571915129737,0.0531517631684958,0.000269965553329598,0.00662837970843577,0.00678224846747908,0.00676909997265234,0.00678096344969061,0.444025163612336,0.0932035754490393,0.0271732354526736,0.0188436825102995,0.0252858422900901,0.101689099667631,0.00476113283313512,0.0143660330196415,0.0114800101352688,0.0162034316021834,0.0023820627700378,0.00623530877338425,0.00732201212996444,0.00858378837089255
0.00853151236370937,0.0016129288380086,1.30084734212986e-05,0.0158189393027483,0.00352301466212894,0.0654156337289785,0.0242930934412374,0.0304310112369505,0.00622761535956909,0.0225019705039053,0.0151542399246116,0.00446205686603498,0.0092910634149379,9.1089030448086e-05,0.00161884271011296,0.00598493713077516,0.00588433132302907,0.00346182757826443,0.00556773976344996,0.563864613266592,0.0138945284031354,0.0374713980553654,0.0555044773569157,0.0302480399026516,0.0165054132654214,0.0178930241581416,0.00150513452898696,0.0060272726667491,0.00271707690457464,0.0125084901732139,0.00255891009304713,0.009416765572884
0.00597353135021332,0.0103794233341416,0.000701851912770132,0.0686332548279753,0.0012891962447179,0.00093546959794694,0.0186742087589051,0.0580277273760326,0.0148836316415009,0.00339272239075772,0.0194397790140511,0.0108588117674235,0.00754965989115786,0.00125550827127068,0.00851894604263243,0.0238380081603715,0.00241885965277936,0.00463401800138277,0.00625906512358372,0.00851487110739698,0.166938436198915,0.0548792049470549,0.261411348054637,0.0959623429673329,0.0593007207741923,0.0314699347597952,0.00747079262935447,0.00021090412767581,0.00236266655703374,0.0205388872061645,6.0231325961221e-05,0.0232159859848714
0.00246953546933483,0.00788072729404591,0.00463337042233564,0.00903583966317077,0.0369086030300172,0.000324536250389934,0.00328841894529631,0.00300501295655241,0.0102021484267053,0.00683988934485458,0.00344774489018694,0.019673190866566,0.000668392481505155,0.00758671398996597,0.000120664913984012,0.0025772834859097,0.00232162307430528,0.00835655361730936,0.000379953217041385,0.00968997537054718,0.00785449383175824,0.572256095461651,0.0563240307878082,0.114243713771195,0.034148347143287,0.00257329300682471,0.025121262082506,0.0333532299832805,0.0017740762573068,0.0020371653599174,0.00500163660608395,0.0059024779983565
0.000138204962831937,0.00414196773220883,0.00420126304077305,0.000706921143311491,0.0256771037633492,9.4789403454225e-05,0.0107268186450513,0.0111916813699727,0.00246896532795678,0.000133545611142426,0.015216805547103,0.0121982674147008,0.00323392798029998,0.00419509541259582,0.00116357597254985,0.00194266012476698,0.00175145385316323,0.0050267990342809,0.00358936312626573,0.0449021854178797,0.0125590377102524,0.0147802306869528,0.599769118584504,0.167538747753354,0.00968495316043483,0.000454167911577505,0.00540002908041231,0.0218729894985662,0.00132005262709334,0.00729136686211521,0.000298430482668169,0.00632948075841155
0.0117535832598461,0.00356150454573608,5.40737792661991e-05,0.0185070189961955,0.000355000671364946,0.0819723280877722,0.0449874580137688,0.0241927200584348,0.00224466630162652,0.0214532425521005,0.0384167685517082,0.00180086951693439,0.00719624287154791,0.00016328400565077,0.00566412930818644,0.00633903510570065,0.00618070238551811,0.00222098869375237,0.00663427607649918,0.242083198271842,0.0174781977584961,0.081131098017287,0.105515368326455,0.121394498860904,0.0565087756160928,0.0016847901374415,0.0176427310496938,0.0136930827293014,0.00217350122058868,0.0273144322850946,0.00331157776218133,0.0263708551830113
0.0104795017740805,0.0106693159571645,0.00232261765196792,0.121565076941822,0.0657070040370353,0.0186324348085277,0.0703291378124404,0.0894103993640388,0.0018496601910948,0.0132464317820603,0.0132392908236448,0.00342675836131693,0.0120854027988807,0.00171934579867952,0.000271818472947079,0.0338503785287694,0.00257822338325504,0.000254163194006145,0.00678028519197569,0.0252862116004239,0.0076155583271998,0.00579472553506247,0.00505415238461626,0.0242705342741011,0.427363914889651,0.00844819461623492,0.0122663157077708,0.00361370396003245,0.000599342516768648,0.000666091807639531,0.000215255652545251,0.00038875185424683
0.00398705433563919,0.00253517009994287,0.000264069156529722,0.0275835637393814,0.0162591744529252,0.0381306030586211,0.0662278465748048,0.0281151203484475,0.0157765132468229,0.0125891155750966,0.01644559558493,0.00904294669750508,0.0370754099938173,0.000227607938942139,0.00413262857312031,0.00190828335619115,0.0118353742346083,0.0106384396081576,0.00213160228210503,0.0223748014249495,0.0150681107461431,0.0391013451528836,0.0511952912585337,0.027528357720465,0.00220664534053575,0.493059703031005,0.0220401910843811,0.0154750324315235,0.000354957649207958,0.000548952484415177,0.00246172424906496,0.00367876856930391
0.00096570015144287,0.00462198017604776,0.000582206883052187,0.0237516068477119,0.0338907846949445,0.05015197653255,0.0922167876108448,0.0271649805477709,0.0175811717382271,0.00819610006463178,0.0186269228186477,0.027598370564793,0.0257052705367678,0.000385284897749145,0.00468474195565133,0.00304547475830317,0.00931947812780301,0.00899279196128663,0.00196819837730548,0.037884076109061,0.0198000546009142,0.0717011390782938,0.0711943639903831,0.0334852337695025,0.00598971562712207,0.0274595942155639,0.321859200807342,0.0406965359699958,9.9667694408793e-05,0.00218444563806034,0.00170462601171651,0.00649151724210497
1.17304144399279e-05,0.0024759448793043,0.000921660495881144,0.000366566161750519,0.0195503800719862,0.0157212443586083,0.0277318820222459,0.00364381316363114,0.0277634830339114,0.000420415575436553,0.0249718031364561,0.00318881191104289,0.00790228703913116,0.000852970311858205,0.0174741689750665,0.00162721633077091,0.000348882864416593,0.000349739568846369,0.00461779576436667,0.0705955525939873,0.0640927721312385,0.00452258872565227,0.099741584959872,0.146211032791804,0.00355143672050688,0.0564793752973405,0.0727454000377272,0.292964936787502,0.000946000326981967,0.010443848224362,0.000425632302578405,0.0173390430212962
0.00393376600499657,0.00184241269929496,0.000633498402708092,0.0107356125522576,0.0407090076089428,0.00187915031405735,0.0318493187283434,0.0157109689299131,0.0693269143876211,0.0195756555837466,0.0577384051823505,0.0280907880967396,0.00776554850165749,0.000497358964328406,0.0123257584458481,0.00601958377938846,0.0016998627079523,0.000413373828252338,0.00736924714542917,0.00742307534986155,0.00454796886179469,0.0362298943757621,0.0524313852215198,0.0659657265337119,0.00839431173770967,0.0653539873003218,0.0355849678031467,0.00496280364158774,0.366897579262661,0.0115272504708342,0.0040685612897637,0.0184962562874974
0.00335799511655315,0.000617720316779575,0.000406686028646077,0.0136711162949224,0.00110064137152101,0.00641443421064153,0.00204879228710009,0.0170491765096335,0.00404965774305954,0.0096692634926305,0.00374564323178506,0.00558772521735917,0.00359694919621871,0.000680078242168152,5.35758089580328e-05,0.00912580645448226,0.000152595374995121,0.000251792260714156,0.00409573915211154,0.0915490419818925,0.0210189952889683,0.00393514402700353,0.0182082431502103,0.09393342311092,0.000190596518377811,0.131514396954299,0.0870451547494905,0.00235220602911452,0.00325031773952142,0.457099710745968,0.00401998146580115,0.000207399928153718
0.000511102680457429,0.00654130777723557,0.000856295040252497,0.00904092537809844,0.0649219857584737,0.0166138192050509,0.123355610416341,0.010137827581652,0.0135524724368182,0.00596946581221876,0.0181224120578386,0.0083929238640759,0.0128954051404165,0.0022691842422184,0.00494777913624191,0.0152758473606749,0.00680687893877184,0.0022532297560027,0.0040181390476294,0.0250474424552865,0.00406241072483823,0.0215318672774102,0.0653411603934759,0.0446813448075787,0.000627950169274458,0.00204868460706567,0.00192904625377594,0.0079714483011075,3.80781171419095e-05,0.00715785869940183,0.490667229864988,0.00241286669818663
0.00382824728667371,0.00321777363820672,0.00662628777086815,0.00126217451313184,0.207668270612894,0.00158999358793045,0.136202991825734,0.00499924921820607,0.00632875913519674,0.000653064038459895,0.00853695245165733,0.00299983335254303,0.0126199469752226,0.000500986870314923,0.000681458227732103,0.0884285919362098,0.000350672441332903,0.00367519676721876,0.0127433371628523,0.0576904085783902,0.00361403833581047,0.00358477516988179,0.0129482109063505,0.0547016741824848,0.00314757631831745,0.0244286651886266,0.00991510598035292,0.0178032385293153,0.00103377351655457,0.000458128548315454,0.00309861766643856,0.304661999266776
