0.685331561579776,0.00658865930934964,0.00348748296159645,0.000472644846219148,0.0303602479222767,0.00116654277987666,0.0314760245363463,0.000602608129894182,0.0514309442850234,0.00290198889181185,0.00777575890311745,0.00117400590285995,0.00203437302646223,0.000739700376497296,0.00166211742842222,0.0995838521905237,0.0074142855910763,0.00122784892840314,0.0022758794256556,0.0132084324843848,0.00168928275848835,0.00195652336055324,0.00377336929071776,0.0163563272018039,0.00651954385163794,0.00369333171902077,0.000702110645082079,0.00274742038682566,0.000486081915814788,0.000565292936379777,0.000285070146484379,0.0103106862876178
0.0117442036337124,0.515828107839276,0.00796232310317938,0.0859551285331123,0.0189246583176753,0.0240884760712097,0.0153341258474123,0.123887495623757,0.0167498257206716,0.00355335239663217,0.00133116611812403,0.00781713640959224,0.0140935470215746,0.000542773947198594,0.0110032734909031,0.0402820686694052,0.0014553026095719,0.0150703253853557,0.00574514889085356,0.00151051351328159,0.00227086749903538,0.0116586606444535,0.000932742800636136,0.00227412877591626,0.00564755096636039,0.0272443313356489,0.00596570119881193,0.00377261213609683,0.000777369933753019,0.00293141740155185,0.000160200351361303,0.0134854638138764
0.00164475832144268,0.0118111077657211,0.484054562871519,0.0567390530236241,0.00997078062463536,0.00806259334204078,0.0439236060163334,0.117362287055964,0.0365921020459745,0.000473388942568025,0.0341205249970086,0.0260171221903325,0.00141239534836438,0.000943634609724046,0.0016680255361901,0.0470758681229901,0.000420408969502731,0.00812342963527903,0.000692791265298192,0.0106367351952763,0.00376650156098191,0.00111334222801525,0.0154280395450085,0.00745657154694635,0.00109612273182556,0.00587568923961433,0.0116882007821849,0.0485567650921075,0.000157363319751013,0.000839854170441773,0.000693167834839754,0.00158320606849438
0.00712329623964433,0.00265804113581504,0.00201448112657634,0.72443728248763,8.08542984068771e-05,0.017899773417231,0.0306973718057263,0.0252962834827213,0.000233260736519114,0.00978945419056327,0.00654099819974376,0.047819990276346,0.00526434608841284,0.000536132591396721,0.0155990325940572,3.61549462296096e-05,0.011399788197214,6.7602208751925e-06,0.000490500075244624,0.00985621794562635,0.000280833151288009,0.0104527786490044,0.00231851284288928,0.0167346378676655,0.00444457610001673,5.71731809750018e-05,0.000192187080206591,0.0323134990799003,0.00179910991201173,0.00104386614170248,0.00367101288604803,0.00891179305231242
0.00294149409216278,0.0029621051940351,3.1878664890624e-05,0.074354298478304,0.364503161362966,0.0116077409940595,0.00737124729691862,0.0959365601650399,0.0721621760636482,0.0296732224266525,0.00436563456404896,0.0160757777563959,0.00410645686901146,0.00124981708616448,0.0171574463168607,0.124656134942917,0.00365916156080945,0.00335256490238812,0.00196718181420406,0.0366846421349305,0.0205104266887537,0.00195030221462596,0.00592838312017376,0.0455490395779721,0.00993280653827721,0.00616934229605855,0.00169371729495743,0.00922189024127773,0.000711809494124648,0.0102487191168315,0.00417732795711902,0.00908753277341957
0.000178996093065229,0.0050395495365276,0.00235806994712781,0.00755518890238155,0.0402811497581521,0.785096995532663,0.0108269272446203,0.0200014927039208,0.00337665132418054,0.0131562508952295,0.00748850644686053,0.00149576015235872,0.0103825087255331,0.0148859468043476,0.000595831854111802,0.0134390216717071,0.00081955372790792,0.00428747295322231,0.00325786441054847,0.0132966356974001,0.00163744422493932,0.00177642133660044,0.00270066406804846,0.00560084004155611,0.023539027477603,0.000196259610224359,0.000283593046536502,4.99119956472856e-05,0.000639130872124012,0.003013994829369,0.00246348775187078,0.000278850363614959
0.00318711634939452,0.00900576003496153,0.000186398908608979,0.0155078603570918,0.0655095083658149,0.0075499127728452,0.526128517408016,0.0237881635111563,0.0104149482060843,0.0108974098143719,0.00269565517349911,0.00277431754375312,0.0154780681240636,0.000609678439739613,0.00939107145567165,0.0366370452744766,0.000621815482855055,0.00220628988324131,0.000770520833049332,0.0665300214797355,0.0439566730170624,0.00223259495538715,0.0281223583587811,0.0554838584121362,0.00253276146221819,0.0367865576283919,0.0151139842937142,0.000351373889684499,0.00172145847539089,0.00203028198376582,0.000887701247053722,0.000890316857983907
0.00201663406389559,0.000362742705319662,0.000268423457373257,0.0366597273668789,0.00329175166001613,0.0178068807566866,0.0228024885158158,0.748134038018653,0.00311181560510162,0.0026250043584472,0.0015367345822321,0.0229070964878942,0.000310425920010138,0.00097359820957487,0.013622747354136,0.00326305048053993,0.00314716003260778,0.000287030310277185,0.000247371260213897,0.0338539073744177,0.0121049105683859,0.000487148081589263,0.0112391214327472,0.0340697178691311,0.00414847465334257,0.00153683113286211,0.000213204735446351,0.0155326220959809,0.00199067839136388,0.0001648383428597,0.00063097134668498,0.000652852829513836
0.00311876239296583,0.00368927922427577,0.000601039509391189,0.0118324173827141,0.0707091252496545,0.00825306272799587,0.0299036957714321,0.0238365054581968,0.531659723493123,0.00519765164298106,0.00130390901023073,0.00289447730909177,0.018001825245902,0.000544980910257437,0.000618638618656584,0.0680651431814439,0.00243668202299489,0.00678367199440486,0.00172293962778835,0.0367510619497236,0.0139267943258206,0.000699825552292718,0.0492090784970335,0.0223132289124149,0.00833152331346735,0.0397507045023442,0.0142156361770113,0.0014338175041191,0.00439812237777336,0.00146441962428738,0.00712214798475149,0.00921010850545988
0.0038938347401432,0.00516570060627965,0.000143552196082133,0.0246426474933254,0.00421486336968904,0.0274913392175574,0.0387486850491083,0.158529962402619,0.00060769139324611,0.465750916105482,0.0233536093578219,0.0672279289211865,0.00382607091166405,0.00175374774670388,0.0186154494069285,0.00417824382127723,0.00829324778186757,0.00014723712460609,0.000806627207076101,0.0168522059993265,0.00144868185259975,0.00548449513140946,0.0025555759575066,0.036052298727194,0.00209806056441887,2.10064957305017e-05,0.00358774358498833,0.0699215311439926,1.13426424385994e-05,0.000473187257135029,0.00323229146435762,0.00087022432623821
0.00687143233098547,0.00577271743545705,0.00298202413092864,0.00906967040779295,0.019467583397456,0.00230346856267981,0.0409272472026024,0.00804560512850765,0.00191601388558229,0.00263852236073966,0.725175637829482,0.00854192607292742,0.00977445607956252,0.00044735698011971,0.00441013383255621,0.00831434213272245,0.00631962604536089,0.000192580683777754,1.68650318957217e-05,0.0361976410513381,0.014989013674954,0.00552897175688821,0.0380867485848133,0.0274790081002599,0.00308783072885716,0.000288177625610771,0.00519598250655552,0.00178294920528596,0.00170559249326467,0.00141711863692507,0.000180676920849697,0.000873079183260179
0.00180532228507859,0.00325134194760511,0.00095965706475681,0.0174790785997888,0.000711913118717917,0.0277048386577373,0.00102214959798732,0.0913786625287322,0.0220989673796789,0.0226900869497041,0.002396422408269,0.493397172075524,0.00636496125501529,0.00161286527655331,0.00412035746867214,0.0176179560958852,0.00013748191743999,0.00473499144504907,0.000140380155698085,0.0173971118485441,0.0340104061323986,0.0213803335269194,0.0986332057442549,0.0183954402888447,0.000642239361845043,0.0322174876616464,0.0316842585306561,0.00875755796651529,0.00846232870674147,0.00165801446197487,0.00324267407033218,0.00389433547143387
0.00415333271148612,0.000816853306824078,0.000924451970138662,0.0103657246501897,0.0587835716505272,0.0157268237075668,0.0164298483923576,0.0344163937024106,0.00067473325590739,0.00655057269618451,0.0258034285515727,0.0675072883072161,0.592283842260636,0.00283684646673071,0.00324584104519573,0.0136913312639189,0.00680117501003391,0.00129393146972361,0.000908412933187613,0.0080468334378951,0.00608952598392492,0.0125291337934407,0.0183891097368209,0.0056185663903952,0.00361820741431366,0.00206564585804831,0.00300914555952571,0.0672270169656495,0.00450438307189274,1.53805283733674e-05,0.0041716561547351,0.00150099175317666
0.00411599235887378,0.000494753727870656,0.00122865348840645,0.00493736753859913,0.0320838258148945,0.00316328622417369,0.0106918585657863,0.0393087884675062,0.0560669802606471,0.0135282349415379,0.00614681455325117,0.00574841371416995,0.00140090668081068,0.611525208900573,0.011926625811679,0.0787001702338928,0.00222595905424775,0.00360336774573225,0.000698643853057078,0.0104851526345018,0.0237932356071175,0.00790766183219711,0.0287650208349006,0.0218578310876265,0.00230032902411663,0.00697537550231928,0.00315294372562051,0.00110978552238518,0.00138192420979995,0.000254580794394105,0.00400640979169463,0.000413897497616827
0.00617576240309698,0.00152884433169412,0.00132520726646048,0.00450050606283063,0.0756762572729789,0.00591261898639978,0.0625028068643381,0.0799480876074117,0.00987703353788334,0.00895336524282279,0.0118862789944297,0.00250817071395981,0.0121341677087751,0.00258793890159243,0.614585139710623,0.011682907213026,0.00682866158857846,0.00199634404249786,0.000185749048837468,0.0137513272944688,0.00402102108009822,0.00167683704582531,3.92153242787883e-05,0.0332347303098099,0.011686871761823,0.000305974296680373,0.00129614832884677,0.00194787921359376,0.00458543819444334,0.0031259321013888,0.000550620308774888,0.00298215724173052
0.00337003582744478,0.00156842916383153,0.00159744983807281,0.0124925940192576,0.0305663872043595,0.00700334383725279,0.0226045903657213,0.0175034754747938,0.0358530522250481,0.0012017811232151,0.00209888114556208,0.00176185187206024,0.0165012577171227,8.34988137308371e-05,0.00230696608522402,0.739083001509025,0.00187856480481196,0.000717027484134871,0.00032114222206097,0.0102536002762685,0.00467241098205064,0.00202652135683753,0.00807820818215673,0.00282022966464158,0.00548397008308582,0.036829355200386,0.0143189907900891,0.00288194493657061,0.00142747169118254,0.00240046551235737,0.00842603263760381,0.00186746795404002
0.0089823527861592,0.00520826683654095,0.000408061412997448,0.00847469930015444,0.0638348186770238,0.000436716367024964,0.061080218568362,0.000611534634493052,0.0334288413088101,0.00112910337759535,0.000133499773898383,0.00019566417564621,0.00157555171334389,0.000348123473185615,0.00146928317114622,0.1195162595338,0.579313875261706,0.000877939061547211,0.000402070696276254,0.033349419735961,0.00117241207542103,0.0167150355072968,0.00661030994342458,0.0237944682190884,0.00639646839271457,0.014296968269246,0.00213729056902287,0.000216997262395576,0.000888645872300689,0.000185884682941234,0.00102983040487969,0.00577938893559651
0.00501096096547604,0.00156691973255177,0.000754778138428028,0.0139087679185259,0.00426083946807887,0.000251903768184682,0.00195459461970034,0.00336677587434749,0.0150173838057092,0.00261061500883119,0.00606479155857494,0.00243148350518712,0.00246702627958809,0.000515494583776944,0.00130025624273754,0.000450751196015996,0.0108574729646443,0.745103016839084,0.00275562423051837,0.0147301328334427,0.0249794809182252,0.0108189456326605,0.0734042615567029,0.00526210871121816,0.000236310747028876,0.0255086599665996,0.00178997123942268,0.0038515656562656,0.00275836365342748,0.00364989865024345,0.00254935414602417,0.00981148958877779
0.00232385516857548,0.0002572304098151,0.000323327035981324,0.0506156234055529,0.00216729089830798,0.0320396291220012,0.0127627505172676,0.105285934372653,0.00510922278180345,0.00417165583451262,0.000233592766554483,0.00276843572025431,0.000908551354953239,0.00202789164898693,0.000259442016832451,0.00557534010878265,0.000800155738565857,0.00250871834102381,0.567401619425976,0.0142223594552862,0.0210813288607024,0.0113733661181685,0.0435950000690862,0.0116206428507953,0.00119602968887595,0.0622790637665066,0.0183250096045099,0.0039184340160793,5.71580124041486e-05,0.000598793636162428,0.00338815038316933,0.0108043968698535
0.00147866521212672,0.000128694204255316,0.000574808597766191,0.0360384042804088,0.025536559112381,0.0157711922267695,0.00255675284722246,0.0831289923664199,0.0172806534381549,0.0166464620742042,0.00192533081425254,0.00177327167734883,0.0144605942887749,0.00364738674642085,0.00346199698614306,0.0218704357030202,0.0059483448456487,0.000461192412795494,0.000553292138909749,0.603999591156305,0.0125427054492384,0.00400457086072572,0.0150794988995955,0.030690744388651,0.0120545863203729,0.0292084254576026,0.00890284285680269,0.0128178357303317,0.00149959266453257,0.00858671696960349,0.00122863471729845,0.00614122455591636
0.00163302427086827,0.000744190657695169,0.000687764230252614,0.0175088385776916,0.0310066474797521,0.016847868073507,0.0212277142630469,0.0492106792382367,0.024439917527269,0.00398527075426648,0.00041118818706754,0.0131294584347055,0.00224828594293922,0.000518312117238244,0.000349966863671304,0.0370311468568927,5.926246991728e-05,0.00136237574155432,0.00361573322264596,0.00258835062032857,0.644320201574934,0.0151637230699757,0.0575398393471537,0.0234652115207981,0.00412296138562397,0.00375855420985218,0.00342407764934613,0.01178609807557,0.000450182141309362,0.00159820689708183,0.00101474686317906,0.00475020173562953
0.00626332445054279,0.00444998445735493,0.00139998477712021,0.00685137152753252,0.0478811228868566,0.00266007288644684,0.0289900074098019,0.00579753311396403,0.00882118753377919,0.00431770585815635,0.000773847623716919,0.00438093936849602,0.000267520833086763,0.000380455073007711,0.00126122856719816,0.0625508805515962,0.00168957165839515,0.00301258189514148,0.00234325005715778,0.0151660093348653,0.00683042766879347,0.547777261383179,0.0742238340089918,0.0300670487615498,0.0716318904316778,0.000602308981586777,0.00337587295408133,0.00938725284881035,0.000149552017198074,0.00320752200533168,0.000111303330006821,0.0433771457445765
0.00657263904075088,0.00471097843002899,0.000300350304784747,0.0341921343174067,0.0125017295390459,0.0217620114968271,0.0304794337734669,0.0562584243473196,0.0126228727599672,0.00455269914919321,0.000813279266274761,0.0114485172901414,0.000756993118926959,0.000698823843181274,0.00121941950308447,0.0310370516920533,0.00104195205529224,0.00102888773748641,0.0125807582832592,0.0271201836793777,0.0582810644708379,0.0101341075241256,0.47461038846802,0.0969406327673393,0.0163571779223509,0.000832732165767876,0.0165232739873422,0.0157413999849711,0.000432272698157783,0.00476118769149689,0.00387825758203574,0.0298083651096864
0.000308994216145031,0.000730619276164049,5.74589752794645e-05,0.00707773988718023,0.00598951661710628,0.00612694337395138,0.00125630512588087,0.0251068673297773,0.0299908008238611,0.0152682405389663,0.0025369053087539,0.000505809049555303,0.00576831866100669,0.0012554722129394,0.00160443792639798,0.0209214377716097,0.00199997364485066,7.0259908572265e-05,0.000501557410243803,0.046516271052269,0.0134841224913275,0.00887086871382074,0.0410625330869266,0.734979338187321,0.00148752663666384,0.00391125130671838,0.00855834269422927,0.0031852732224496,7.53281169706714e-05,0.00445512041975121,0.0016581053809527,0.00467826063235762
0.0101070011195794,0.000424194189366806,0.00144339078217791,0.00643022351716823,0.00767771858465113,0.0128612896603386,0.0394472909181446,0.00158136607630603,0.0105603943818432,0.0122697034028438,0.00329189961570654,0.00303648564747704,0.00147442963435048,0.000132469727382064,0.0125227649765056,0.0286558531237833,0.0112375146155737,0.00487397824392368,0.00239525287381457,0.0542147971967109,0.00514483128700638,0.0175562844919438,0.0317421573179296,0.00748424558314519,0.612619948878913,0.0497671525085992,0.0213278104830941,0.0160397236796021,0.00398718770098978,0.00141068092034781,0.0037443522820135,0.00453760657876758
0.00465379149202547,0.0016229037387727,0.00149346230150917,0.0143258665170708,0.00123209301000615,0.00640078499986955,0.00680187714064324,0.0270243101394583,0.0177601624738513,0.00667382933192452,0.0021547693439444,0.000233855264009933,0.00510181676198742,0.00129153191754895,0.00712037868582985,0.00723217520740318,0.00261284187857185,0.000738510787001183,0.0030681424570629,0.217837391311082,0.0289232826305111,0.00120413150201748,0.0385058508735403,0.2044002944444,0.00105483156502584,0.375049475542194,0.000440317652309427,9.28988545072343e-05,0.000171917105849059,0.0034069841189088,0.00132850205983012,0.0100410188913342
0.00470365836891076,0.000753083922856163,0.00291995330541749,0.00885422716836645,0.0130840309936034,0.000900366310112679,0.00842424064676904,0.0174116759734813,0.0119221383363625,0.0143053680692813,0.00175182926297705,0.0122600182086685,0.00447776673585752,0.00195881970176964,0.0144752586081585,0.0182070332392516,0.00407488620101227,0.000823838407557571,0.0049522428522621,0.0877719515971554,0.0352708832714225,0.000343392925982178,0.0265389280697204,0.0574513104156398,0.00969987803942307,0.00534206605136015,0.571040034312768,0.0226471893453768,0.000798058745678739,0.00482905604404266,0.00149855974004231,0.0305082551287124
0.00502706937004863,0.000619943010867311,0.00143411716275718,0.0242968050336893,0.0140828366093104,0.0368492044763009,0.00498068554794101,0.132844083834355,0.0390782051004789,0.0331470778347177,0.00375933606189188,0.00925158434799058,0.0104554609677609,0.00157133719742464,0.00732174707528881,0.00925264244133276,0.00231115974463151,0.000332979990907785,5.55700494256065e-05,0.0005907366482129,0.00140969787746659,0.00679043762883013,0.055168489960417,0.00627881307085196,0.0140571676590857,0.00756478456480359,0.0112028831747474,0.544024780861337,0.00553163706953959,0.00236555203807858,0.000958903153811182,0.00738427043569718
0.00370923393425073,0.000140484314622905,3.30200447490795e-05,0.0281832474271728,0.0651274034265879,0.0191444540006607,0.000311497198197872,0.0905428666415326,0.00249776330214273,0.00031525586434516,0.0123620781762913,0.0145558641587654,0.000716497938636015,0.00145376814504128,0.0022429223219505,0.00224602205524378,0.00349350323904689,0.000237380699806603,0.00189666292936851,0.0246817107888928,0.0167274261909787,0.023903916444252,0.0169039577312209,0.0143970460006632,0.0250607368787666,0.022836302001196,0.0155195846727888,0.0120426627093986,0.569811380984142,0.00280581207748038,0.0053094678489654,0.00079006985284165
0.00107082616500173,0.00764808703961776,0.000722434919451779,0.000889890680110527,0.00753527804968772,0.00589503914646139,0.0014187565655153,0.00105133803727525,0.0152986666711868,0.00149617403499556,0.00302237382091438,0.00167377491882766,0.0187599241848719,0.00159507179466335,0.00338343900875122,0.0259825893145853,0.00159129775565425,0.00173226443903124,0.0119754032506437,0.00334229048981084,0.00786406419435671,0.00112377844826048,0.00374616376186516,0.000534851786932906,0.00127525276136389,0.0185501207740902,0.00215291975218356,0.00133695352318263,0.00908138626113048,0.836657936500224,0.000808679380778161,0.000782972568573592
0.000404570018046683,0.00158006184950885,5.60777584710046e-06,0.00150400952779969,0.0159465338624536,0.00414054708062137,0.00935673040236736,0.00406222436936863,0.0174772525259545,4.26553069779657e-05,0.00407867566053739,0.000590559173663297,0.00437416733644635,0.00112555120034738,0.00194540987463009,0.00479815236967725,0.000907053690425557,0.00478356654586402,0.00431789209672179,0.11487393118324,0.0538516915705299,0.00219019920237377,0.0555832867385274,0.129582383981232,0.00156027300058877,0.0208795156916394,0.00282029834860762,0.00931228483357213,0.00656507198621336,0.000237497549500112,0.515947292693162,0.00515505255355455
0.00482214247274193,0.00861481085746153,0.00170862420668746,0.0335862531593995,0.00311455443923449,0.0035239450922225,0.0186683505799319,0.0245802404512676,0.0122234787566757,0.0025363891138641,0.00164448953945785,0.000664312176405923,0.000933933626016505,0.00061961608486452,0.000563098648690653,0.0183219647045968,0.000187137666843312,0.00296836268556363,0.00812989256854747,0.0077201495494622,0.00090712778050733,0.0430637759346352,0.0150998171858183,0.0141632414857681,0.0081544390947879,0.00190590021525916,0.0124368164888298,0.00375020824343867,0.000772323623359222,0.000128838170643642,0.000776054832942943,0.743709710564074
