0.506341229670215,0.00200140412492698,0.00238070349072082,0.103934619876752,0.0136617466255669,0.00442351472046382,0.00640249162778506,0.0700867057771677,0.0339247523864864,0.043433679753454,0.000339026549321571,0.0010988105565079,0.00151096069055268,0.000302618681882019,0.0147185470084248,0.0416571675774566,0.0120563025467157,0.00978371393774538,0.000673264942337417,0.0261085295607469,0.00376153501388712,0.00426602874324023,0.0373200841434378,0.051042065798091,0.00103337732972048,0.00045047395978942,0.000636452406999504,0.000919571141032537,0.00125623858984306,0.000214064067535515,0.0010085097932649,0.00325180890792965
0.00231050399228951,0.658135259984599,0.0010094556838528,0.0802994824258537,0.00484860038983335,0.01537518648954,0.0355313962634918,0.0561485346004689,0.024312064010554,0.0305680958839689,0.00159414265681695,0.00437241651798447,0.00735190832009916,0.00294741093175263,0.0103883585776552,0.00531142523108734,0.00192978809466152,0.00407323173680758,4.27877070416716e-05,0.00225109099264125,0.0104952386055597,0.01160624658105,0.0139193153346555,0.00205051855488893,0.000588069092309467,0.000366248374317952,0.00204712143615554,0.00469142637290696,0.000693415968976535,0.000540589387694393,0.000894236563379648,0.00330643323710537
0.00109886815400464,0.000460211505377765,0.478130898389144,0.0585750645248625,0.00158680946115253,0.00272651028803046,0.0060768168233606,0.0209022114495202,0.112492614558619,0.0257619481494512,0.0136900641038508,0.00164976462621955,0.00482692418772688,0.000290180489186253,0.000441244190527279,0.0467772837050729,0.00100834486031037,0.000377676578516341,0.00232470105047226,0.067547929595059,0.0173383076074422,0.00500359450181768,0.051525998164558,0.0666775188771846,0.00081728066832601,0.00387535508018465,0.00077196528162787,0.000323733017261698,0.000131652078534469,0.000780415861252124,0.000749419506075442,0.00525869266527053
0.000145098707198362,0.000315417786292824,0.000620758289032259,0.816181611444248,0.00780315888041325,0.00429303023194644,0.000483815471685053,0.0564875626785659,0.00205969301370605,0.0514867112860139,0.0158619996698825,0.00258508944309104,0.00230674184009092,0.0023592942204764,0.00446765066190909,0.010205786582668,6.76929412463082e-05,0.000152091337686048,0.00030360261483017,0.00450126555946803,0.00123398970296582,0.00523602332001256,0.000963039727338909,0.00250933869947412,0.000442358293343355,0.000965092201681778,0.000606574043617591,0.000575477624421365,0.000614522863113538,0.000879979819073629,0.00158093391615482,0.00170459712835139
0.00176312658549463,0.000131897585130166,0.00101181503695366,0.116331899957487,0.287318914375841,0.0259813758225631,0.0118617237070551,0.156262107726767,0.0376768460440004,0.0145531463501569,0.00441980218644593,0.00505014609626286,0.00373094022231411,0.00036242450974934,0.00123492940270828,0.0402960658402062,0.000548006539658759,0.000397242934783388,0.000414276149225081,0.066423050021474,0.026212865112865,0.0165833102678986,0.0707023855285945,0.0877300991283278,0.00203706136775765,0.00651765771115141,0.00643127646353535,0.00178100186393003,0.000989222298280874,0.00147207037607225,0.00278478135924194,0.000988531428067453
0.000476140416572535,0.00101833161622244,0.00327592815350853,0.0720528635015028,0.0258941514154593,0.480545605495527,0.00490970689057287,0.0966054005943848,0.0246424716008357,0.0229564308570525,0.00605474170325434,0.0120868782086914,0.0102834683826833,0.00373607107004589,0.00445706775438545,0.00627476709650406,0.000346829286342666,0.000480163349040362,0.000656544762702616,0.0815726071902921,0.00171457251696363,0.00925239031216679,0.0571480258111877,0.0440521668771135,0.00502715444102459,0.0127855591594475,0.000557944199812579,0.000465127599428465,0.000646124958579055,0.00396910258699143,0.00516430181230437,0.000891360379400228
0.00347222861774548,0.000231007600020893,0.000670462279555165,0.276982354086135,0.00698776082806579,0.0189821302537537,0.213504090142119,0.199541396158889,0.005178093224223,0.0686334758807925,0.00652337356406685,0.0154335695648709,0.00492025431159717,0.000293518221915642,0.0126980764785008,0.0113948833447289,0.0012491091732685,0.00457547107628237,9.47718547478731e-05,0.0160622381795691,0.0188108392027137,0.0074431123413551,0.0485070319098037,0.0293638158170161,0.00254541437247508,0.00880731536685197,0.0073679557056418,4.70100051558079e-05,0.000281155817541616,0.00240745045239468,0.00155261946085328,0.00543801470734939
0.000804466058311089,0.000672015428797338,0.00154747758505656,0.149366402460029,0.00518238049209351,0.0143741652758936,0.0160814919277181,0.491676797873499,0.0176402132581022,0.120398779479486,0.0405941113676439,0.00762968162004472,0.014935462855558,0.00983955436444593,0.0177360293799363,0.0137264693605794,0.000179756281506277,0.000861996875764128,0.000600443665034805,0.00581551058730157,0.00725302283646218,0.00341137548093076,0.0142738666418835,0.00496427101017216,0.00647752262299176,0.000888280246038738,0.00151266426029122,0.00226679175504149,0.00222652804582136,0.00822153863046191,0.00724505613389967,0.0115958761392029
0.00618487444795234,0.00209137240520199,0.00262763022594513,0.267880871181289,0.0128761986576514,0.000174978049324791,0.0182571492699888,0.103189147271846,0.361983974523551,0.106024728433527,0.00851778375922187,0.00938017069418758,0.00115267566133563,0.000175269746969696,0.0152139537004779,0.0174092959136317,0.00471108303149831,0.00514546688057675,0.000977170790290353,0.004840984033994,0.0040722128045426,0.00574418611452528,0.00089520062637043,0.0116379950411241,0.00203939516301328,0.00682595812752653,0.000317110061693413,0.00251345913454353,0.00205494924931187,0.0042439984254469,0.000853537483063009,0.00998721909037847
0.00127615353919901,0.000289056915621855,0.000931608191729523,0.139224806249261,0.000160864926876663,0.0102999180837878,0.0121386929379544,0.144280907349171,0.0041396124158387,0.456349549162165,0.0345661074826475,0.00529240398219382,0.015203935033235,0.00337966275367474,0.0289211980010624,0.00193604298375022,0.000403481878386579,2.70392597783292e-05,0.00435290327695412,0.0475981465798889,0.0014055235819729,0.0100537446337427,0.0258453414671016,0.0365005037952619,0.00051733061344462,0.00735417308431088,0.00503985002385287,0.000182069223526999,0.0010327454556788,0.000181922154191505,0.000631636403954394,0.000483068559783922
0.000519541810707328,0.000189994753040148,0.00029429761818058,0.135982792983982,0.0159187223700262,0.00224124925075822,0.01351021028242,0.1130886191367,0.00760479269327182,0.0748598876833561,0.562844548247028,0.00113834972615373,0.00624378073097949,0.000512524607721697,0.00187511386337378,0.00959808793397307,0.000599968647628684,0.000510327724959545,0.00159441093832645,0.0177170425509905,0.0010239824330282,0.000249797156457405,0.0008189299147374,0.0165407476813832,0.000326457420794578,0.00646336941770203,0.00336606184342796,0.000118869882069168,0.00129275940672256,0.000238934048427945,0.000601751883656156,0.002114075358016
0.000423804674898597,0.000562282404623465,6.86122374590423e-05,0.26642914638095,0.00700596319660473,0.00815098732561301,0.0116418777900465,0.183212129351506,0.00901764083701606,0.114016541418716,0.0236627766025317,0.269867824277435,0.000196296363491278,0.00157446865260191,0.00471727936646992,0.00102682076242765,0.000700946105230706,0.000471059961964965,0.000265045927116397,0.00127933896936718,0.0194441414775127,0.0129102545173355,0.0405148743523914,0.00110755108979987,3.11374895245796e-05,9.72001659846765e-06,0.00031199328440269,0.00797634788018326,0.000427868042051087,0.000181149769749326,0.00518688922605523,0.00760723024832612
0.00052520690257351,0.000852416208332503,6.51379936692087e-05,0.335624615472476,0.0201434548703038,0.00526477745753329,0.0197135787321391,0.199001136392987,0.00309479263622563,0.153852495284779,0.0282552847063864,0.00246862134902342,0.183675000077768,0.000955792831805109,0.0056020368437051,0.00107095656802486,4.83249034106349e-05,0.000520942664123136,2.50626937281933e-05,0.00141529336995102,0.00905373373100072,0.00550889735372609,0.0119425829170293,0.000868214436559599,0.000801075385270326,0.000534572535613294,0.000633905519944575,0.00360187340251344,0.000590866199065716,0.000222254550308837,0.00110953716646612,0.00295755884355786
3.08066350791416e-05,0.0071972237280376,0.00686552152385345,0.0802890586668167,0.0100611473393967,0.0258355919509105,0.030993874198193,0.080084879443043,0.056480809583711,0.0114982961403183,0.0216753968099829,0.0130854119854747,0.00130453853884328,0.522440172563463,0.00846597791114344,0.00313322081161326,6.61319089711355e-06,0.000677829586449876,0.000140466994274035,0.00107197815676729,0.024749796465903,0.0148068165689191,0.0480658405327982,0.00435331733251149,0.00450464078375552,0.000964676157788742,0.000196078683725932,0.000245764311137198,0.00273945250845587,0.000331652342592866,0.00170429262749605,0.0159988559266482
0.000320347308050833,0.00435669751683078,0.00301236613371022,0.240128665988197,0.0871077939025321,0.0167018118841427,0.0887646127459771,0.136842846544774,0.0170067583736223,0.0660900945629814,0.0147987100949671,0.00661877166067372,0.00457115050405139,0.00122549829360248,0.230113929582106,0.00254260724197028,0.00111906187000672,0.00168121481310772,0.00148565433861924,0.000621231339762623,0.0158742043849008,0.0052698910800473,0.0199799495095531,0.00112121484839313,0.000984092228315235,0.00223243156569487,0.00251266428090916,0.0069837782009036,0.00218358051930454,0.0021209992325786,0.00347524199422426,0.0121521274554891
0.00530444308598568,0.00141073765766655,0.000255688953261394,0.214056124469936,0.00400002821046544,0.000994905141651506,0.0167443524996064,0.0898632097091465,0.00465483111215172,0.0727580601334704,0.00281440268923003,0.0152539254366407,0.00179303297832197,5.32247355564401e-05,0.0229204089817726,0.409027600184963,0.00553795227533036,0.00360923034848425,0.00132338060979675,0.0332476133692215,0.00281758416997205,0.00627236721346237,0.0214636305274463,0.0541509988986221,0.00120415539396975,0.000532005443123819,0.000548949148928227,0.000228791064479229,0.00276455043641321,0.000590076731278803,0.000325147926890692,0.00347859046275439
0.00260876745180555,0.00177938413158227,0.00151707572413727,0.0313937335878077,0.0384178665444932,0.0034747453568078,0.0307967239589142,0.0356620220084776,0.0375234226070797,0.0108754062306842,0.00105175015133094,0.000601171123455572,0.00200180524062596,0.000171208259230672,0.000721895580159644,0.118914075810387,0.56102524855886,0.0151261331145578,0.00124176259917404,0.0282345517320424,0.00239051173139687,0.00266979978313808,0.00336810523980251,0.0106500355247532,0.0149581682677164,0.021598470241196,0.00218941681174471,0.00302894337849253,0.000113169834004135,0.00398664795970966,0.00510893228913246,0.00679904916729997
0.000828953510466284,0.00311921459325302,0.00017941106523962,0.0432660972396155,0.0274268113457752,0.00783498018557413,0.0166184665731013,0.0182175335156664,0.00882901186309975,0.0292852787663429,0.00631132551534066,0.000842634650323271,0.0004174168828309,0.000698467667223609,0.00261017018790914,0.00075882974551637,0.00333787450943548,0.46158798355743,0.00309046494459076,0.195199414283353,0.00738278591548867,0.00528984763051494,0.00717872251750751,0.107368785903525,0.00590806100170223,0.0192760185054796,0.00359866507723721,0.00335194850346308,0.0013688091281877,0.00156219706533551,0.000317001409030714,0.00693681674044025
0.000376900637213235,0.00386141575051872,0.000169128832141003,0.0183710110364961,0.00407104350315057,0.000535432606955023,0.00160890790581703,0.0117682275465913,0.0770927118604428,0.0153765209403132,0.00222937984519612,0.0124960619498113,0.000550750146082852,0.000262133286380972,0.008244854787245,0.0373581156946207,0.00923769770281092,0.00200749887148727,0.571563111313848,0.0642792273782773,0.0206956729641317,0.0131447762906626,0.0108946031889192,0.0347129286621044,0.0213287178344816,0.0287962995294534,0.00233005688537125,0.00359948026236776,0.00144697904501843,0.00747237372765921,0.00487701615719011,0.00924096385724098
0.000408605005034561,0.00169256065972947,0.00149539931720175,0.0648606726116872,0.0360484037110122,0.00033045702155112,0.0287945187140425,0.0357370795685834,0.0283392182058669,0.020643058316961,0.0112937534711468,0.00858871605451205,0.00167081359759556,5.76811940337981e-05,0.00492683491560808,0.0276702129093429,0.00420205300234826,0.00419806221178212,0.00147142115607905,0.564415019678383,0.000482399507441757,0.0117527801568226,0.0434133260760509,0.040738839567982,0.00790219879778145,0.0277170256337749,0.00730104820525235,0.00772417204694504,6.10275062406914e-05,0.00141485645529242,0.00380871357523306,0.000839071148681199
0.0006780853744981,0.000256665109712602,0.00239491421096707,0.0164176243097714,0.0116565728165087,0.000664217865523283,0.0215566962910709,0.00924110520938104,0.00526014644044852,0.00837265423095589,0.00298130248749546,0.00110167697785024,0.00595774600395277,0.000457751719407159,0.00674676469263638,0.0134883411718878,0.00155267553270197,0.000302287822527865,0.000467199077356181,0.00681307255120735,0.589186708408099,0.0353261688815544,0.188467770492993,0.0453754560177078,0.000170507529197255,0.00529488984798759,0.00398480432049962,0.0019382372256862,0.000121344380701457,0.00184745614729767,0.00487333042334337,0.00704582642907254
0.00502703706442208,0.000198830996808427,0.000123021480991926,0.217802037813491,0.0107623812752039,0.00214642156089925,0.00875761191447835,0.0880533297421265,0.00712573938668423,0.0752920854086152,0.00333458577963242,0.0042038500362719,0.00126919890705542,0.000156000487951272,0.00221440414988714,0.0116521105852154,0.000395218362686105,0.00335254553166211,0.00117926899268937,0.0133310051029806,0.022668705854917,0.413159052132534,0.0540132268462924,8.37882965205943e-05,0.0210690969397359,0.00271623544356946,0.00302525493854492,0.000196097986213854,0.000614357877592523,0.00089231427472918,2.12681069651918e-05,0.0251639167226317
0.0133857294978967,0.000785830052635296,0.00306448908929298,0.184848346616557,0.0170531876543551,0.00580713877298258,0.0122281498306514,0.0692225056048492,0.00770112888309556,0.0721574753988709,0.0178643806457295,0.00444065611862252,0.00781395020058455,0.00121728402149766,0.00101195119554333,0.0110990792419366,0.00364794586780845,0.00501438050134478,0.00217156604018536,0.00722444599129868,0.086481457246275,0.004279618947125,0.286367144569271,0.0231800473775462,0.0392859521300582,0.0179724364547461,0.00740632467128051,0.000153061241491307,0.00104930867956787,0.0106900376693386,0.00355693957894883,0.0718180502086131
0.000199187214301017,0.00284422517921629,0.00220705897256876,0.0776042822400156,0.0557292555836893,0.00132413137941276,0.049343783577662,0.0359368295033068,0.027412643163701,0.0276987093710253,0.0111827350551161,0.0114231950761174,0.001428538728183,0.000113175245328823,0.00402482739964398,0.0417073679994427,0.00440057890894405,0.00699226681959794,0.0020025445323718,0.0362668589315319,0.00163878778781355,0.0172886217072804,0.0579202486066651,0.473786064782417,0.0160580199062184,0.0111736942798212,0.00359184181021886,0.00975471450482326,0.000378650675394425,0.000481091545954491,0.00417128163073765,0.00391478788147933
0.00150808852486087,0.00312711858948896,0.00173384464816422,0.06999217829857,0.0046312288641344,0.00192447231659849,0.0210881325578565,0.0338655880786381,0.0747948106704868,0.0249555983787015,0.000629569488415437,0.000256843715743465,0.00195499890156536,0.000710597754115816,0.0112751271195701,0.019580629621473,0.00220646878935571,0.00612180255360512,0.000476367675357668,0.152074365228327,0.0021460684116967,0.00291067243371536,0.0190419563981718,0.0994984723805756,0.4178945996045,0.0131551296275682,0.00362052454829781,0.00020905708616839,0.00140317657580757,0.000707519691630152,0.00114474765986877,0.00536024380697157
0.00287187856724681,0.00238436195099913,0.000314178766944708,0.216342439986581,0.0200760707689795,0.0184985300152713,0.0601877320244538,0.260124342490553,0.00101287067358919,0.028362411643544,0.00984340602153496,0.000764578324581566,0.000930544514458091,0.000292169652268776,0.00232808706779934,0.00668091244760383,0.00358108011255771,0.0032239839500445,0.0013465452918666,0.0208704857742875,0.0249518323150702,0.00329705567827113,0.0399907006273963,0.0170045614925,0.00840120828344171,0.212917734610954,0.0155360573516496,0.00364656618232202,0.000488561902704353,0.00204368947679024,0.00292727049927911,0.00875815153445567
0.00175833333965317,0.0033165797752564,0.000193875440933355,0.233090928366292,0.0297626054911338,0.0206809722241264,0.0737728044087578,0.239754534843566,0.00196385817666613,0.0388770801795845,0.00651400831277719,0.00344816008600765,0.00296027945182381,4.81460286324938e-05,0.00861436309579191,0.00558006723700289,0.00146256765764503,0.00415470935554442,0.00271282816159601,0.0106724998104793,0.0226133900101252,0.00514150774462425,0.0322854968403196,0.0079588903105331,0.00366146883414719,0.00180035059211549,0.21909224327288,0.000447931730433599,0.00098351994827251,0.00120305570255997,0.00655456185487629,0.00891838171584194
0.000104616313264948,0.000945463614231759,0.00079184619549558,0.268586587481486,0.0104603039434254,0.00760473794063085,0.0260427544024736,0.188433687438529,0.0328994396382971,0.102359822241392,0.0142799288793944,0.00312354784759449,0.000109287366814625,0.000806609246210921,0.00379752807613812,0.00412535019214531,0.000295262268943189,0.00038171692915764,0.000480769219163108,0.0156336148879723,0.0241199665301901,0.0125533886715701,0.0724584381244137,0.0279206615563734,0.00374271721616044,0.000103717298093586,6.06806345741264e-05,0.16766400558717,0.00119899652892495,7.90889026067933e-06,0.000199989216289816,0.00870665562321857
2.28403188777862e-05,0.00596664527495384,0.000956840600676968,0.13732537882909,0.0491816714127312,0.0172635814652352,0.0951738125465767,0.132263978323966,0.0407888212611026,0.0296803422023884,0.00614056911358514,0.0226704893033905,0.00258261200061572,8.79440958716713e-05,0.0110210615611006,0.00400308883974095,2.6933270901336e-05,0.000125372713464314,0.000832952241813372,0.000199953078484216,0.00539113846587669,0.00159190827562427,0.00161877398105006,0.00136167315647412,0.00202882050344056,0.0176069314392774,0.00808432834126744,0.0173069575569441,0.367767697479961,0.0026263183961903,0.00991158556162714,0.00838897838770044
3.08909827673483e-07,0.000349686496998628,0.000585191328161404,0.169467399958011,0.00312092843661424,0.0143796939455651,0.0105627998286733,0.103660768355617,0.0119195016789946,0.0885998455795806,0.0219114294405427,0.00699321461295173,0.00289221677940225,0.0010970829646311,0.00260042481686226,0.00749029085892401,7.39123521645205e-05,0.000663564622710631,0.00569943997871001,0.0852896849126188,0.00201008066921812,0.000328382823745582,0.00027987099188314,0.0762058135555124,0.000332318188769259,0.0216178826442773,0.0113693941933479,0.00278606715532313,0.00193918367291974,0.341328289232777,0.00442013362727078,2.51973873936147e-05
0.000857841874426884,0.00115845727067594,1.26227124360665e-05,0.188191588521771,0.00552898656910991,0.0188805411866206,0.0200653728395349,0.167797138080896,0.000531940940261162,0.064551212039038,0.0172826755710732,0.00382432362896498,0.00322873440900287,0.000142875577961025,0.00382140730124372,0.000282144993523162,0.00183183055476654,0.001512087132298,0.00170039798567015,0.0572602931644968,0.0251399172433174,0.00783145375860605,0.0500196318789491,0.0769488981563598,0.00167422746202263,0.0012682780978414,0.000671904021158869,0.00193662068758255,0.000702852140662386,0.00105987351867942,0.269576682298542,0.00470718838250752
0.00821816343688009,0.00149185705913425,5.5881528683572e-06,0.124786735532707,0.00362413915144481,0.000384753743459537,0.00299847926142574,0.0491893616795355,0.020010578470362,0.0558972089553011,0.00305679506694589,5.26504413944824e-07,0.000705840479638193,0.000264718714402573,0.00552448987999085,0.0153207119741503,0.00384205475725767,0.00633643192359974,0.000239700684442008,0.0571478569444915,0.000129170680962556,0.000738751359600441,0.0205994375668207,0.0232487876317315,0.00971188403568424,0.0131378598650633,0.00175414271680374,0.00466664698389415,0.00114309726328016,0.00359495650073158,0.00325115538654766,0.558978117636428
