0.695380608556398,0.000508246916221191,0.00360835796202661,0.017206195974227,0.0129952354515249,0.00113545578800092,0.00621124504548845,0.0026085863992688,0.0153344356585572,0.00950491048981048,0.000664661944145025,0.000377331086861916,0.00127752066051332,0.00119305843034962,0.00127760485165974,0.0402716151827734,0.0109845561244438,0.0106930078019537,0.00237642926761748,0.0671071631653894,0.00368257652586082,0.00265394204190314,0.00445834367919841,0.0470439373926089,0.00620327780227444,0.0123077586853468,0.00750205193566477,0.00514028204562807,0.00210911019595205,0.00015126056881131,0.00347883043588251,0.00455240193363806
0.00620811042395015,0.625291740612964,0.00353053081162671,0.0351362402084909,0.0345640014273226,0.00247856739499343,0.039669173054791,0.0250627856448688,0.0330681440975786,0.000998688573637773,0.0126705320568367,0.019241181488243,0.00118701719069866,0.00136318944874292,0.00646082046985992,0.0322060418632628,0.000674820626480058,0.00028697342395943,0.0119663281727466,0.0184523893518291,0.000478934697250529,0.00266013648377061,0.0290815774291579,0.0338102587298787,0.00338014030036253,0.00441827544918162,0.00398114356549697,0.000843910510181954,7.6232942150336e-05,0.000551214889124735,0.00169829564688444,0.00850260301367672
0.00281797947164661,0.00858249682049316,0.56595096220946,0.0866270054796782,0.0348772312824503,0.00198278708475602,0.0179931912125298,0.0396040370304088,0.0210624723379837,0.0296577533951616,0.0143024149770211,0.00289142334627655,0.000902821148796776,0.00017892674501652,0.000633582905861995,0.00863043804067548,0.00335365826141995,6.94556939001738e-05,0.00144460610921591,0.0483147683962524,0.00661290455838049,0.00145925260337999,0.00465517645516943,0.0564081225739734,0.000410050772697892,0.017591193828627,0.00418164468970665,0.00327317959906014,0.00124320771315188,0.00218549350168141,0.00742897492504983,0.0046727868301166
0.00120015314852541,0.00102590979536991,0.00207538386386627,0.657227092441459,0.0122326594969125,0.00824282610843805,0.00407027037968915,0.0468238980934754,0.00347278710237006,0.0652694168821961,0.0318770439686524,0.0291227553518676,0.00702033075771852,0.000161915182943611,0.000980875613543836,0.00357762649424295,0.00103287545036606,0.000640391340384905,0.000155384613067353,0.0390661863470619,0.00687580939839269,0.00291513830871742,0.000790771695671484,0.0434552429941583,0.00101848202800972,0.000274949090070631,0.00479739644540514,0.018095661378953,0.000442523451464194,0.00206364566937277,0.000988369877553616,0.00300622723007996
0.00349549791096145,8.30746704605212e-05,0.000475637216148402,0.181430025106636,0.330008014024003,0.0247249911154434,0.0282703018997706,0.170169200072887,0.0122023648199143,0.0399992192740823,0.00262007304262325,0.0130134741383184,0.0241411624716712,0.000397789194006751,0.0117367706247364,0.0251466412769403,0.00786526209320647,0.00221528458289197,3.03551379450303e-05,0.0356466321146584,0.00925862573172257,0.000641371713961075,0.0053889647809649,0.0378636377888984,0.00750107955192434,0.000675112454282358,0.00482426093430468,0.0143283787294684,0.00124480952659874,0.000156492673904284,0.000358807461439135,0.00408668786522634
0.00514771554047729,0.00181976534509727,0.00174278078231237,0.0211292756033455,0.0368246374001407,0.5243724023609,0.0107235535493,0.0145829354667487,0.018203232238349,0.0476250972168097,0.0077756711581718,0.047216097065598,0.0101048389121997,0.00241041923948129,0.0357549508668875,0.0410963667536911,0.0113281014765277,0.00102603174530809,0.00153498174723404,0.0357852503795296,0.000579570887176112,0.00295720035180207,0.031740640022062,0.0276022279999146,0.00534191226021986,0.00775103963700902,0.00554884099615377,0.0269545698203093,0.000843731546900675,0.00111425944938875,0.00331469621990564,0.0100472059610494
0.00441044102791862,0.00431119147110079,0.00121211815330359,0.149322518496835,0.0519699864267744,0.0153674260024234,0.499821471344264,0.115436500183271,0.0154464057701165,0.0336153621710098,0.0038560127663784,0.0104794905956036,0.000736540925774277,0.000507731243381275,0.00319316300432308,0.0247856186405887,0.00548000020946838,0.00405352151163584,0.000284636575527197,0.00761786893031625,0.0101461669117677,0.00356612801914291,0.000799891904014672,0.00224798314498442,0.00341913412569627,0.00408284459363946,0.00291392022429449,0.000936256783172998,0.00763636972603136,0.000639471507998565,0.00427003411297697,0.00743379349626668
0.00287576228303966,0.00224098041423435,0.00108750652830783,0.0579840074853697,0.00440803643889623,0.0167163477533547,0.0173872781533598,0.498106984945161,0.0128163540230812,0.0888521888932392,0.0473644248888284,0.0869489869209924,0.00146354883723086,0.000410162065177404,0.00289546496788414,0.0125514849376803,0.00249491722702545,0.00157672194920512,0.00194760838457105,0.0207281905627816,0.0105834720979643,0.00547255083267478,0.00413163977552246,0.0316747218439218,0.00518286533138395,0.00500893026475572,0.00134558984691405,0.0399220621457631,0.00149675254470306,0.0049220722252783,0.00711172544965067,0.0022906599820471
0.00142852858370982,0.00385794083359325,0.000755216758947643,0.0248481328139926,0.000729990865380911,0.00128440295040603,0.0241856280518352,0.0113339500921492,0.680754235680783,0.00638920969808162,0.00115664827230886,0.029804456966859,0.00940187972872486,0.00035598544177788,0.00466357883683949,0.00412918083301179,0.00104023515003639,0.0246930812566404,0.00161821784336323,0.0313976135173552,0.00536607199788812,0.0193566908039178,0.0100060104621626,0.00575058084346165,0.00033944633962517,0.014574348235832,0.0169046558450336,0.0387930289124803,0.00650090557275012,0.00323113254995627,0.00911781784392056,0.00623119641717549
0.00283770810802255,0.00243712219035786,0.00354813781621481,0.280052309275465,0.0187018861329866,0.00536216037405599,0.0288718442757141,0.240319514694476,0.000256604894733977,0.0912307635877624,0.0762588100318305,0.0519391920250407,0.00683425169653847,0.000270196792361625,0.00169998967155212,0.0105499100964068,0.00126928661121516,0.000605797717281827,0.000813417843682768,0.0554298002068768,0.00358265693275926,0.00270898899841836,0.000245171405488533,0.0651224794582613,6.22845045707756e-05,0.000628524991545039,0.00205622477598455,0.0313357855999962,0.000766729037423236,0.00710042662992344,0.00469884276893029,0.00240318085412229
0.00184335808587962,0.0016666475615783,0.00357185993122758,0.0932527103416289,0.000153576137604053,0.00271744924925289,0.00283494281301354,0.0767998028441385,0.00850439172970324,0.0918432307536903,0.554591425940445,0.0432620145687564,0.000691249887271975,0.000405267179520842,4.49254063531475e-05,0.00925064777151755,0.000343780873307291,0.000608904176440813,0.00159246350635912,0.0296334279605136,0.00207027744827685,0.000150388149710193,0.00542301115033871,0.0329815048434349,0.00142051856460064,0.000363261982696546,0.000220215088733951,0.017137207373395,9.5759353359156e-05,0.00715238114020881,0.00936813640285914,5.26178418362039e-06
0.0144563917674763,0.00251598112345154,0.000706245153039939,0.0277175027871192,0.00927136026711148,0.00751742658397614,1.24413010052084e-05,0.0395764074050703,0.0121078379959987,0.0449660013576831,0.000813419802103325,0.669238414489027,0.0153847034642041,0.00235530103111581,0.0140124392000121,0.00997047319706303,0.00747437175848915,0.000679521906466305,0.00332743536551855,0.00989802264586098,0.00457008431166881,0.000952364922861843,0.00974285183157665,0.0232943133287799,0.00448808472848575,0.0108985120871084,0.00166765324466491,0.0121237020648873,0.00568761123136613,0.00673982071572621,0.0157963098241707,0.0120369931069114
0.000544552699132849,0.00213439992612467,8.73028252363815e-05,0.0524115600508581,0.0102291318984131,0.000332100329028244,0.0169920542744265,0.0227428169543326,0.0804258580606817,0.0305859158438549,0.00444128166262533,0.0313504577629089,0.465405328318826,0.000451693674154375,0.0454243977796868,0.0684412521040792,0.00101497938801796,0.000758013914773734,0.001202360345195,0.0375908101144258,0.00120482893979097,0.000892413910856193,0.0063469819698703,0.0345079052869379,0.00371273904672556,0.00684249639744867,0.0133995777202481,0.030855597084292,0.00433329857999159,0.00356323240541871,0.021387287967017,0.000387372764620915
0.00444900500442527,0.00101851508252338,0.00122035051778977,0.0309641715039708,0.00641938497280691,0.000704273912998117,0.0225415067833942,0.0145035117654301,0.0155077585487806,0.0336260621953644,0.00826456970135056,0.0299514788072074,0.0092529495620433,0.501799781114635,0.0269787052743015,0.00066246031103567,0.0036902977273214,0.000108678743506093,8.92952563186179e-05,0.0676088847112231,0.0108962974898085,0.0106431995648714,0.0167694250746382,0.0697906629959699,0.00282524243942419,0.0193785403399586,0.0185584820558653,0.0284608674464648,0.00866779539251948,0.0042102678895972,0.0227840084400962,0.00765356937436007
0.00134700487612646,0.00202472772936152,0.000671507574326357,0.022874449534763,0.00571115974960872,0.0108669661076679,0.000549574431820519,0.010307551509105,0.152031137515047,0.0112721178584507,0.00615456552731757,0.0980857954465141,0.0124696921199064,0.00453447233723627,0.380638387937844,0.119315088812902,0.00138403989683863,0.00564161832341287,0.00225504698523361,0.00363114402001476,0.000213955589908349,0.000870737187396045,0.00839615688167393,0.00671882152315956,0.0019569743927425,0.00226712995776734,0.00632495849383993,0.0698741526198225,0.0052128179128561,0.0113473014791897,0.0336120878776362,0.00143885779051074
0.000991847490403245,0.00283215426272205,0.000506316847193159,0.0156187779970225,0.00122549536182892,0.000445892508076597,0.0188104731778994,0.00794435421122295,0.0243000992153396,0.00605050030324565,0.00230229788412782,0.00556464727088881,0.00747225664777713,0.000570495110655337,0.00319790139261481,0.754115812181812,0.000912623141763973,0.00483321167407589,0.00251816385222951,0.0348426634452757,0.00254238811340778,0.00815734913432022,0.00497887024220271,0.0110133459991735,0.000137430031252105,0.0190093052072809,0.0185873399087544,0.0144440193440995,0.00475064219147536,0.00360495270995817,0.00919769125682388,0.00852068188507677
0.00123523336690844,0.00146164798490977,0.000527501501337662,0.0752009979458248,0.0523315524669045,0.00204566906567626,0.0425503727830146,0.0386367625745555,0.000421794233311072,0.0411364950382061,0.012716365418462,0.00657497749512057,0.00375163353796095,0.00105725851523224,0.00360946073323392,0.0384135470741925,0.426142235219614,0.00204763071213265,0.00087882357667405,0.0774767578010424,0.00416396894913862,0.00817803329816921,0.0222467756434706,0.0566069522417855,0.0172973953959692,0.0139359378981294,0.0104773020711785,0.0175636269646574,0.000998923805881973,0.000963437414517346,0.00481601525033447,0.0145349140224536
0.00465375473496271,0.0016463716144484,0.00072970443220042,0.0262831609587698,0.0357529396588344,0.000677406244595342,0.014977362075175,0.0183626827307325,0.0704499710668981,0.0139253142264152,0.00396212510016669,0.00769806228479395,0.000199446975847041,0.00194570469238976,0.0109394713478753,0.00465884979764891,0.00587519557783764,0.610889553490342,0.0033096973154955,0.0725512002493793,0.000796627169162489,0.00186032283528653,0.00810078952352011,0.0506227450732846,0.0016509225335853,0.00306342877184724,0.00425392764538977,0.00188211413562983,0.00325533077689987,0.000621317684972298,0.00105408613921174,0.0133504131364023
0.00577040011830146,0.00527935978520609,0.00291060144579896,0.00176065033294228,0.124094457182339,0.00206957143018157,0.0666627555269617,0.00636517198094016,0.0265448955304053,0.00170570096921108,0.00673110460642235,0.00154537865694426,0.000115166691274148,0.000889468330602017,0.00812742059528383,0.155036718150705,0.00164134606970783,0.00477452216782835,0.271090364482279,0.129576801835919,0.0270027495666996,0.0034857298442801,0.0137326699842249,0.0712632789398591,0.0183277486497529,0.0121815757317336,0.00503087084567636,0.0133301345073969,0.00378455495679599,0.00245691959227814,0.00334193583904626,0.0033699756530035
0.00406799986111624,0.00820911254695414,0.00241571374490349,0.0102002372576655,0.102340191727699,0.0031266548591283,0.0411841395721531,0.0157962106816549,0.0231720931282467,0.000446770566178403,0.0023356348997899,0.00136606751520859,0.00256418642015487,0.000254188454596576,0.0157493603875098,0.176906669491618,0.0027198143158748,0.0056160262563923,0.00225251905194861,0.387026022961754,0.00808841061488332,0.0018693215908887,0.0273740033494727,0.0274966423949263,0.042037590123695,0.0407341912442271,0.0133549988707623,0.0236493731795303,0.00398594295783328,0.000372177053219331,0.00186111859755393,0.00142661632246113
0.00967394339524509,0.00557105943483467,7.25670058944785e-05,0.111168064898968,0.0427576140292144,0.00520758700939132,0.0493543622920203,0.090436757402129,0.0283737116113221,0.0345000502962993,0.0173781183643654,0.0216943539508096,0.00160835682206761,0.00237586073341499,0.000269788716778807,0.0653993384632652,0.00282675986851419,0.00178003496483133,0.00263422669627268,0.000806110512966584,0.371911694575205,0.00679044512948632,0.0042295570679842,0.0173928898574272,0.00388125428891585,0.0167521896354557,0.018182568643446,0.0358496513600106,0.00331411114049436,0.00629635443921281,0.0157542738040425,0.0057563435897147
0.0010024354245581,0.00314314838227218,2.1236796201616e-05,0.0649683207702889,0.0095131501644068,0.00130780605150773,0.00502670233429332,0.0222351532760889,0.0104452159368798,0.0468717188615913,0.00456678013447372,0.000988820026634563,0.00966782239142233,0.000242348856790553,0.0204025053510807,0.0419400585325566,0.00280615115874082,0.00713949422102291,5.08217525240788e-05,0.0832403092401827,0.00339159640402751,0.521996642060365,0.0141594655607357,0.0356044827448753,0.0502108157876701,0.00925305156732711,0.000555172847531011,0.0013346425294231,0.000245823601511496,0.00221702183800172,0.0010893101661614,0.0243619752288523
0.000902024132625078,0.00227188433914088,0.000528048536958664,0.0508771469570123,0.00221880000995889,0.00733411917792188,0.00205479104559984,0.0448978689733967,0.00247391068727942,0.00815988335656801,0.00560978379230804,0.00605613522742837,0.00135851719206317,0.000396334351349963,0.00360702007886248,0.00223674528922046,0.000270973121337723,0.004823379065202,0.000859815616557126,0.107256857128628,0.00162336719578925,0.0321429496113917,0.609865156027924,0.0571486181433615,0.00405552325968434,0.00793541297528304,0.00547909918968351,0.0136177338088764,0.000571494368088122,0.000490141329496006,0.00147614362778949,0.0114003223832135
0.00265285610131098,0.00468884865528511,0.00117830485061116,0.00814101085053842,0.0636869626584608,0.000619148727921174,0.0344719055621237,0.00379920170798514,0.0106974733229346,0.00174532981572288,0.00320819868488096,0.00162819393312299,0.00338059744690384,0.000436507133855793,0.00944747997063846,0.101559606084214,0.00162652035796471,0.00340376752755972,0.00253070188284513,0.0368321059698731,0.00335063357185718,0.00161357994771949,0.0110677682438001,0.607319485421822,0.0261913861134786,0.0193999457358485,0.0085395627991495,0.0209496419655674,0.000516395728030073,0.00165728917431064,0.00364013497359694,1.94550800673433e-05
0.000475213043136478,0.000314650634873966,8.16968505137652e-05,0.203962415624344,0.00461488487665721,0.00195617091419833,0.0625856442634827,0.134751165547439,0.00711235192120275,0.0657846767224863,0.0116045382093636,0.0210515631019606,0.000355697297078777,0.000648540255627351,0.00919279573982929,0.0222514752765949,0.000247269218475415,0.00865490298717524,0.00271497578867961,0.0122186298788049,0.000359342118103168,0.0111171649870215,0.0126424530350643,0.00275496752315239,0.380994691289937,0.00276213997065592,0.00306090448337775,0.00540724537191832,0.00836896643976937,0.000766978320776825,0.00104255331928633,0.000143334989013248
0.000777367600176523,0.00369376883991739,0.00153634185339901,0.134316524286111,0.0302816852749956,0.0281543353543911,0.00225575480666107,0.213068115816222,0.0490750660158145,0.0123913944319132,0.00339126083166901,0.0210760015932483,0.00135824914519993,7.43064860345816e-05,0.00813169524914977,0.0679792429393128,0.00322645835464173,0.00169458150392655,0.0024680636867488,0.00276645074258468,0.0201029574020869,0.00879024222391373,0.0354679485019448,0.0139345195502176,0.00788651555405056,0.281583738547784,0.0191749343873853,0.00484516252382622,0.00599498393420164,0.000137743823711827,0.0133856949171627,0.000978893821596523
0.000762998943517878,0.00135564603874946,0.000661309988496488,0.0471208319020181,0.0520666614117278,0.019850291237764,0.0079787427560075,0.0817380494054048,0.0332947995429819,0.00788729492489123,0.00138362106318628,0.00850249299004918,0.00301841043912397,0.000625915625856593,0.00446287701303714,0.0819408680177382,0.00264693299830171,0.0017394785869908,0.0015333492400437,0.0354659770329872,0.0333475503678063,0.0114943115194134,0.0398385636217595,0.0345763947768613,0.0226033176722095,0.00977495805517561,0.430830671929404,0.00778344797828622,0.00411756972037717,0.00140975001833719,0.00976144603012427,0.000425469151370932
0.0131823789294672,0.00203926860912975,0.0028951148539811,0.0281785296534199,0.00625405293760362,0.00129444679326783,0.000279959334814751,0.00150122742682934,0.0178732768334818,0.0624795035061643,0.0119905631731832,0.0190885250685677,0.0117044296730469,0.00500714255778741,0.00891488673435045,0.00412039247342459,0.0032987779478231,0.00107870746426015,0.00251984496011187,0.0153997597936059,0.000694266054539365,0.00274859050500267,0.00423191937670827,0.0342287314642465,0.0138735192124901,0.0266164846426215,0.0146920534868952,0.592381112836084,0.0120807937424021,0.0281090544928155,0.0444155860070633,0.00682709945481094
0.000909538018005405,0.00104876167196759,0.000389708546950724,0.0181170072695211,0.00757519570753136,0.000832881447300721,0.00747983845537839,0.0111500241376607,0.0449903462500922,0.0161493537637899,0.00418886418365642,0.0349797048047863,0.00427015340237589,0.000719368425893128,0.00636929072755801,0.0541588739570505,0.00501560152805166,0.00961897500768577,0.00129853284995361,0.000174101440693506,0.000205031712387744,0.000474886721654616,0.00104464864273802,0.000474382745635696,0.00928169820853516,0.0387499401497593,0.0468602810471435,0.0491199325049507,0.578959666182294,0.01083955963716,0.0331715385099285,0.00138231234190988
0.0023541358386559,0.00304882795971813,0.000771384617974866,0.00758435832326672,0.000139699968140411,0.00264214182587415,0.0226757182629945,0.00515783534842466,0.00911519875821036,0.00173274081587055,0.0013857861031941,0.00690109483905318,0.00927932575931036,0.000306446926391605,0.00294354474786037,0.0202385987129429,0.000984788030645982,0.00245961326679678,0.000976725384061878,0.193666513360126,0.000449332106033553,0.00763353426238534,0.0311059374853349,0.128591954481173,0.00405811697194342,0.00910930918210938,0.00434249771354766,0.00131965107853019,0.0032098005184741,0.513551276288875,0.0017000330635941,0.000564077998486008
0.00379029074753154,0.000780456468446439,0.000852664441908988,0.0660834016549254,0.00397029086233642,0.0137418832885951,0.0312293427689085,0.0754445503000284,0.0290068113240683,0.0223997543640428,0.0165218985999425,0.0247311546915863,0.0120862835389756,0.00126260380754254,0.00618502318247637,0.00230644084638448,0.00512997227801273,0.00113779532253405,0.000288517239748201,0.0606587788152201,0.00463298924226334,0.00459286644824797,0.0156978358988899,0.03338645868748,0.000921938997317564,0.0408895235989954,0.00675117233072992,0.0224229729840891,0.000609091334736894,0.00608015670202869,0.48201475409517,0.00439232513683624
0.00360300091550341,0.00873898652272654,0.000352555916354843,0.0355264367490932,0.0109478870113363,0.00409809354124492,0.0364272666498834,0.0455707265118844,0.0511974818340471,0.00492847847511926,0.0018603127920325,0.0134268122944209,0.00553303636885971,0.00196249364356982,0.00537987587343432,0.103630112184649,0.00275573158777175,0.00261828273640421,0.00401627449202657,0.0276742766309859,0.00191093706264696,0.0220927556021233,0.0287979852325362,0.0175652564933657,0.0026802821055919,0.00893149843395272,0.00219334530776351,0.00718217839743757,0.00182378470352013,0.000274155274670898,0.00181204203802765,0.534487656617016
