0.281359508121244,0.00324989256564376,0.000881424203165436,0.0170694608621748,0.0146913775004343,0.0018197224118578,0.0105140145530817,0.0161618179797827,0.0686163569274112,0.00230994374033158,0.0114545218847599,0.0689582184089291,0.00171989035961526,0.0020885478580985,0.000157881600744753,0.060167872675194,0.00343421875817054,0.000250017503230023,0.00408725333030341,0.17121972411283,0.000286850977205413,0.0114448911436162,0.0376301212722308,0.13731130474338,0.000226723462926216,0.0051526943199497,0.000192082017536746,0.0460515268395751,0.00857197286572982,0.00028489515051941,0.0034920114977665,0.00914326035256154
0.0112389067151482,0.293562629573501,0.00871726995015133,0.00515754996465065,0.0517473642985599,0.000120124899822758,0.025114127765325,0.00591453031836296,0.15454710193956,0.00199954357125372,0.00226417148708067,0.0124752086524825,0.00273921166713562,0.00503455447215303,0.000613181588070713,0.0751213280902516,0.00311645511769423,0.0015729824481075,0.00231313555174838,0.121826776355466,0.00280590174487854,0.0585276593473631,0.0490047774734831,0.0322573428783903,0.00395150622594372,0.0164810333759446,0.000280171927053673,0.00270816589907593,0.00654465930339143,0.00038963857481636,0.00425582199380205,0.0375971668293312
0.0123989845851306,0.00211143248601551,0.421870668535817,0.00224994857289808,0.00170735558521709,0.000653428445306827,0.00378827249985823,0.00196901540941474,0.176344229080932,0.0069136582746858,0.00952543199808705,0.0220132645405999,0.00424048984072295,0.00168889078561469,0.00151625497366155,0.0583112827178184,0.000143827257333867,0.00363396674942528,0.000942511852676998,0.0658899928101233,0.00282152366004139,0.0447278914066136,0.061128745067261,0.0282749725910805,0.00337994769504899,0.0148257780691909,0.00282861376723139,0.0141083172816333,0.00216966732055981,0.00162466634622791,0.0114690657858967,0.0147279040078743
0.00539783405634155,0.00409854289920676,0.000850393554820504,0.223801249618869,0.00174454544536078,0.00410203648544388,0.00138339204974467,0.0139516166160745,0.034748376550047,0.00650347089049079,0.0124315775462983,0.334381571909845,0.0152924825345379,0.00171057626112602,0.0702510188814932,0.00939983666620959,0.00177156229952035,0.000472946787132578,0.000557831155667541,0.0054486180497846,0.000138689516700199,0.00067567781962775,0.00861176008778795,0.0109061005861331,0.00266532315232397,0.00248518947598512,0.00142309310996825,0.216066421341416,0.00743752586841541,0.000892207631598488,0.000220768950804048,0.000177762201225845
0.00860533717151144,0.00571955352879599,0.00225674640280297,0.138589443446822,0.382509315647444,0.0254662941317788,0.0230479443727832,0.197843710259217,0.0219175882306428,0.0183668271031984,0.00670587227860835,0.00598693018618349,0.00285389731734108,0.00146840938191959,0.000408911110802141,0.032282465417191,0.00651547673631026,0.000676509069392932,0.000110550215017718,0.0405750612230321,0.00305642731559144,0.000121472391730779,0.000225557615725716,0.0462106588811765,0.0111462256687591,0.0023379251960724,0.00523588572572888,0.0070024692232568,8.21148646191184e-05,0.000110449489712014,0.000315992129928544,0.00224797826690403
0.0073134695953414,0.00718815700475981,0.00482009540549586,0.00612065998545946,0.00738156061387758,0.270170648305341,0.00613219624641005,0.0388890654155897,0.0561270015563688,0.0348680823977466,0.0138495429579258,0.157355470164227,0.00713314965767607,0.00101247229444592,0.0550538877341671,0.0113711649018589,0.00269676209724369,0.0146304377285847,0.000777167514303105,0.0428439532130981,0.0260643115311334,0.0328486547735449,0.0498084661276026,0.0147637637941734,0.0338700157786558,0.0230619188205748,0.00169702976361913,0.0489364616691797,0.0104698673968323,0.0023333238237284,0.00900172761130923,0.00140951411972543
0.00458404418423966,0.0219795578082999,0.0050727329244526,0.0919892448600619,0.100064042040438,0.0271060964925661,0.342802806771382,0.148631595778023,0.0976116476304131,0.00185240609565309,0.0091599823056693,0.0294569502546955,0.00445827679281643,0.00183812404952024,0.00048137050638832,0.00631741848504385,0.00298422401399833,0.00047005688695063,0.00128319530675313,0.015132546951377,0.00672813612926442,0.0102788385870297,0.027053445024439,0.0123416677243662,0.0102195559844349,0.00607160887437249,0.00163549883000302,0.00396680695650497,0.00272896529616837,9.14476704874887e-05,0.00491900187022092,0.000688706913965603
0.00694082834864007,0.00374928824003527,9.16676493644512e-05,0.0325295809684612,0.00126613599591099,0.00887982750258417,0.00095971981491669,0.148143131484212,0.0511989763484701,0.00600226913961666,0.015026015367174,0.353005257182496,0.0130605292203986,0.000878773382434282,0.0737165460241298,0.00780200921459293,0.00284887665454505,0.00213834326247719,0.00115110876805058,0.0144118507165432,0.0024982459247714,0.00369849007846578,0.019699577539618,0.0129867907301701,0.00880172415631288,0.00132782447728607,0.000591533382810961,0.192705882991551,0.0107736736477689,0.00105565589215313,0.00204014688630541,1.97190077331743e-05
0.00119097144232846,0.00614646017119094,0.00159096315847512,0.0105051272093983,0.009000271432078,0.00389099662872232,0.0154387584789165,0.0118783680950826,0.626331542368527,0.00599782864627336,0.00695585683351248,0.0304852682744614,0.00129607795841206,0.000151973687848066,0.00320440975591014,0.0627618314297986,0.000485525611375513,0.00263920589487078,0.00134257828060365,0.0624300335006219,0.00165834158491814,0.0143718601020971,0.0136826662780658,0.0455700485365027,0.00120924622402727,0.00448979741509314,0.00511401434316335,0.0391829687390577,0.00328215262681686,0.00250546876618859,0.000925187889680984,0.00428419863598119
0.00392673999180426,0.00164155009028582,0.00053041685219414,0.00136091326823899,0.0379916554853883,0.00366799614306061,0.0149138286070093,0.0185016513094445,0.0218450795491808,0.317394660343019,0.00153879168135592,0.242038656901409,0.0431150087450637,0.0101115540137202,0.036107464025251,0.015939325897896,0.00158530144205145,0.000663663184120008,0.000154230349016971,0.00910106894865953,0.00117373771556137,0.00139477457407744,0.00395565345147316,0.013003348326481,0.00174212805367793,0.0018824760143188,0.000360004494148028,0.184165051549206,0.0013064058613491,0.00161686241736041,0.00161640464894247,0.00565359606523402
0.00610132823806711,0.00479040095352839,0.0056020695366181,0.0537444136810516,0.0297810472767804,0.00310915831275007,0.00485026228801995,0.0106480702828174,0.00818298805560843,0.00155430193885351,0.188366481605012,0.349426292381452,0.0151664080897433,0.0017989346071565,0.0794363694455057,0.00329949116944735,0.00611500253367908,0.00250848920719154,0.000520747352875405,0.0111478618861181,6.54767960358329e-06,0.000389632526002073,0.00357917594831153,0.00756642352814404,0.000988054913065503,0.00218211036252702,0.00349166269613786,0.192922516894408,0.000507482189331889,0.000291910176766759,4.46140963581265e-05,0.00187975014706779
0.014719290108671,0.00151088315098857,0.000696678209118961,0.0253301173681326,0.0128283419177831,0.00901525518730673,0.00915866046775979,0.00341084902204925,0.0456546375320926,0.0183056535265337,0.0303956933650706,0.380954891395005,0.0061473431298965,0.00366729531096752,0.00167638101098987,0.0121517536487634,0.00560456629309383,0.00159268466824288,0.000618921595419059,0.131197347298332,0.00108224177922352,0.00808626343788833,0.015953327826405,0.0417144283990534,0.000607292624078439,0.0672592345292401,0.0113951862577213,0.104687882365433,0.00367596798862333,0.00836563388891085,0.00108723009334441,0.0214480666038617
0.00421568286541449,0.000480593532810834,0.00148788631380388,0.00900024508304755,0.0501588539582375,0.0098401682523354,0.00185752932923558,0.00766649042483217,0.0435145610861025,0.0697745288725118,0.00984309996910134,0.0227412979026146,0.386065461868888,0.00923109967217734,0.135690845041728,0.0035399999442892,0.02006481377055,0.00411877618146509,0.00408930367719505,0.0516282064532247,0.00311742624531777,0.00729062702434871,0.00626416902981218,0.000279155636939836,0.0224672652373465,0.00413818600435178,0.00436821800372777,0.0297255196164903,0.0613218602594301,0.00162333839288732,0.0117902837392944,0.00260450661048773
0.00637050717548832,0.00213791876852298,0.00380380642106819,0.0482043911100975,0.00756036066823854,0.000379125882290623,0.000677183249142142,0.0181897897425388,0.0218928778450382,0.0358978599230137,0.022095929982346,0.164201220611152,0.0038072163527396,0.294743918945683,0.0499116945018528,0.00217616618488886,0.0025817044222583,0.00570217649717056,0.000771601829779495,0.0333326766464449,0.00359371384320025,0.0301486342142248,0.0625361481651944,0.0123588561692433,0.0236446274139732,0.0134254220307612,0.0030233087751675,0.10220129258135,0.0118871390347326,0.0045740412425079,0.00524285033877012,0.00292583943112042
0.00811683043239883,0.00159359941926804,0.000588914074687575,0.0136872387123155,0.0144436900306169,0.00140964336080985,0.00487556003994351,0.0120877820494265,0.0246092734408711,0.0224857028376972,0.00292151670348198,0.0789676785799607,0.0273762595576612,0.00302340574965048,0.641685602010231,0.00633691823936369,0.00988034301392996,0.00265419597624132,0.00169614213580546,0.0191368911107989,0.00509137270017593,0.00939720591408374,0.0225474838592984,0.00168860324972636,0.00482644592180059,0.000232390773506034,0.00617929139576353,0.0359827516987972,0.00745706424049495,0.0002760511932577,0.00464550102483736,0.00409865055309903
0.00769230242481071,0.0289912354471009,0.00081141422006323,0.00964405602071248,0.0307558397917407,0.00705592791756247,0.0262115619916155,0.00656377366005124,0.340698557430589,0.0120898253625397,0.0193737892588697,0.0646060238669833,0.00750795048849912,0.000821485985343168,0.0029940480619948,0.0582644297637382,6.61139498444616e-05,0.00127786887461716,0.00241906072914387,0.107773462176561,0.00158935294887276,0.00530723317846262,0.044321759779788,0.126646948545137,0.00289721014379119,0.00673235882335603,0.00673994856227033,0.0467372388562226,0.0145755505529013,0.00328454179150892,0.00357632280123158,0.00197280659407689
0.00629605672084283,0.00237868285555035,0.000343534598393004,0.00429606878911701,0.0541437212355475,0.00109237971091179,0.0253902718264449,0.00793784844138303,0.11735704858292,0.000449164584906545,0.00493408497517578,0.0122479912451389,0.00126769584817743,5.78243928942391e-05,0.000689647446364371,0.175414311875807,0.222432872503966,0.000836780909460356,0.00357233956333458,0.133547338901218,0.0069155428787761,0.00407482725862702,0.0256044862747637,0.13797506164397,0.0245134537682579,0.00449981182414774,0.00364188891565452,0.0013616730821139,0.00367263481214576,0.000441185838916685,0.00120486253117364,0.0114089061639008
0.00177263447912099,0.000788595861665423,0.00147385493554712,0.0301120581333145,0.101587272759024,0.00388751621317595,0.034965958384585,0.0273659559280241,0.0400893843610181,0.00955252804048734,0.00355606494438365,0.0431042800359653,0.00693274127715665,0.00176641283156065,0.00599895680643843,0.0228005756675909,0.00329235680796435,0.381593071999539,0.00104436339941139,0.0783538982062394,0.00015536836611311,0.00856332198653549,0.0592441381417624,0.0521386021305916,0.00326628407536516,0.00496038710058024,0.00817391482117347,0.0407170867003691,0.0111796848061479,0.00328714723594393,0.00439240213903588,0.00388318142416911
0.00355939661631563,3.41820555516135e-05,0.000660480060237656,0.0169901542283611,0.00722724271866374,0.000575294500335747,0.00680060135229844,0.00901586397021461,0.0101000325494083,0.00134922840339555,0.012190093053243,0.0914268725259448,0.00189488777662873,0.00139979236317715,0.00272322007920239,0.0155055193410781,0.000536086865048084,0.000195017734143172,0.287041585100503,0.18588460550509,0.0398802354517365,0.000839485870623604,0.0267843997920892,0.208091123529145,0.00181927704321728,0.000916664959135624,0.00150366192400691,0.0353821238110841,0.00879759237199767,0.00278204141764556,0.0176101709434914,0.00048306608698567
0.0109186732001185,0.00913612272462428,0.0014496703214013,0.0184883744766641,0.0612954166254136,0.00732284753523374,0.0308082648240705,0.00955461778473413,0.0463324779932093,0.00863834153342141,0.00854551231425905,0.0168694291441707,0.00417968847349476,0.00634357449842093,0.00187339509511825,0.076355623306818,0.00436774861302257,0.00324020055279603,0.00322977002015271,0.428960876902384,0.017018291129836,0.0046481795674842,0.037095585503558,0.0546180018263022,0.0241515949673025,0.0142344891235108,0.0302582966423345,0.0427112450924052,0.00115418839595803,0.0137116138311073,0.00195160278641413,0.000536285194259715
0.00129524107439985,0.00108710552082151,0.000587107672411804,0.00751985379549667,0.111044327296665,0.0027901229786143,0.0631453367344767,0.00701635280024671,0.015374071116532,0.005984168482931,0.000579664147068265,0.0725818998820317,0.00263668230511827,0.000753722475764514,0.00397843743478849,0.0408084328273199,8.09227169498984e-05,0.00171473623191694,0.0114271556199433,0.0821864598341872,0.166386427082064,0.0236031658026707,0.00718828532962114,0.104438003818965,0.0136870853980956,0.00384784928033418,0.0444586511924078,0.163748746029635,0.00215390910366072,0.0134820336876723,0.0111206905749337,0.0132933517522557
0.000757108686824657,0.00588827044426233,0.00171180959128971,0.0153572160437904,0.0437501092452062,0.000911479950199631,0.0274434999547092,0.0229348652899743,0.101726877763375,9.96549621013388e-05,0.00340220660333534,0.0328889547281322,0.001835489016831,0.000760214218921102,0.00451362083323963,0.224427707965104,9.90038358487435e-05,0.0206608615196349,5.9733142757681e-05,0.110424740263101,0.0156127442661369,0.271229837717511,0.000192501114554711,0.0409269864604183,0.018972271067412,0.00298216939186766,0.00166203284485909,0.0143188340611384,0.0029472443457004,0.00290900207319216,0.00316172091945114,0.00543123167912028
0.00210175535095256,0.00477639208543835,0.00234451069529743,0.0381655729410413,0.00561629063618918,0.00206168419933151,0.000556711265391815,0.0493073254855508,0.101037753858367,0.00152509145009558,0.0035850737549242,0.010470718222158,0.00155290402466127,0.00103173024017835,0.00865744043660223,0.0972852153688025,0.00319160238421334,0.00680984709950211,0.00120606268421872,0.246213595041769,0.00619568926188526,0.0428595924076826,0.267368910193327,0.0494736766334524,0.000934936439885188,0.0168681167542216,0.00191064025593197,0.00561925096760022,0.00131839313114639,0.00847720560370818,0.00361364471690922,0.00786266640956456
0.00673539890715872,0.00870249599055137,0.000729296856438102,0.00666458373607049,0.0672358505760844,0.0067948406486141,0.0416630735933255,0.00481293389201838,0.0467581695960766,0.00510530108754628,0.00406644938762932,0.0207330634555011,0.00275038095768514,0.00420921486887195,0.00157255055857614,0.0875314680799654,0.00195896417405236,0.00369146960723796,0.00653995390682155,0.0790772325032263,0.0101537933201817,0.00591608167170676,0.0173516796151973,0.445202109357055,0.0199643804307614,0.00511611502636062,0.0185420405726198,0.0509428369457468,0.00175149279027855,0.0127682155065806,0.00479933023807166,0.000159232141988114
0.00092911689146094,0.003317750053843,0.000869984071109369,0.100745150630132,0.00986944796380507,0.00827784952340354,0.110645983759946,0.108707467936673,0.00799059977524013,0.0154665043562021,0.001207900924487,0.060966292388708,0.00663636177407011,0.00286943097895368,0.00532948720825635,0.0556853776326016,0.0025111428128883,0.00152638544521518,0.000142818737984935,0.0252781289571818,0.0095966839615208,0.00955530017941546,0.0390324720119549,0.00116540927445507,0.339878255504927,0.00609828134197443,0.00166390298834529,0.0388746749473021,0.0153479868192608,0.0025525530981627,0.00684660499335132,0.000414693057166967
0.0037815313533705,0.00236571251301218,0.00135891876792411,0.0742193140576581,0.00682328029412566,0.000908840253761352,0.000603028920944591,0.0272706252101477,0.0168823353425357,0.0154545086477074,0.0347283115173787,0.12430750284092,0.00921231610105765,0.00163674331956187,0.0078919261882149,0.00961373505033432,0.00159442294658094,0.00222103087649482,0.00147724864183682,0.0243125057841005,0.0132348466764505,0.00589091837325603,0.0343884713354147,0.0861410909536456,0.00726659100623117,0.400007663349331,0.00926652154847556,0.0321122349184765,0.00809252095503342,0.00186352701848807,0.033668464523833,0.00140331071369659
0.000624449383649124,0.000198535696510556,6.80902275640751e-05,0.0149870043868617,0.0041035680185931,0.00671165325416199,0.00186015232501486,0.0178666764320538,0.00979544190078876,0.00960292397516039,0.00352512452154377,0.0130391819366129,0.00268091896049058,0.00388000385423034,0.00363404793677714,0.00934845598776318,0.00288730487465584,0.000541276264576657,0.00363912480151969,0.0544026804425263,0.0185949114725073,0.0143244113675168,0.0368588693866277,0.0748533003814805,0.00228427796886803,0.0293321249156559,0.603888406063327,0.0190848148549075,0.00162076555247191,0.00297423496218338,0.030500540250903,0.00228672764249621
0.0126298105349707,0.000724208646612444,0.000326926286735957,0.0317845819800745,0.0103245052932879,0.00349347985571419,0.00969453633587066,0.00695564639850902,0.0569172255340891,0.0137144642078245,0.0161794688317771,0.0234979487658487,0.00725961328402243,0.00174699510460911,0.00279070916792522,0.00753247770279617,0.00399368950884994,0.000730282055466323,0.00134003646085249,0.0768174164956447,0.000408590740929807,0.011431182055286,0.0157268949161264,0.0107357812563188,0.00440823995806462,0.0274748570531195,0.00400324072379779,0.59361150681632,0.0093790024114124,0.00937736219135853,0.00574026698994558,0.019249052435839
0.00196045754130215,0.00041859804892951,0.00121578480472461,0.0177362143072793,0.0401528835153042,6.16917772132049e-06,0.00973240769100344,0.0107513925955426,0.0423482643380222,0.00633112940808484,0.00685817612786257,0.00732409293418605,0.0139442693396426,0.000734672481693514,0.00847750284448676,0.00335217855778667,0.000200890145875345,0.00707602652281646,0.000690550813787901,0.153170143907956,0.00560331176165116,0.000325158763014223,0.0253187083471713,0.119497296756388,0.046541322642205,0.0911708005012534,0.0380676083017529,0.0200538473533982,0.286994359505142,0.0155828032503812,0.0180395995409933,0.000323378172640459
0.0023723685604718,0.00300793001905506,0.000637054417677434,0.0192382370709528,0.00579446856872382,8.22845110601414e-05,0.00737520361187304,0.00777962575530385,0.0138216482058741,0.0015407561799712,0.0010107497223624,0.0245511001192159,0.00575817569273287,0.00232081607393483,0.00636048488278963,0.00581441506788263,0.00395170848036577,0.000624372794400804,0.000544704175507722,0.111014441258829,0.0048082635997917,0.0115968645627878,0.0243012211152468,0.0908790403885799,0.00137263439223945,0.0159231109082502,0.00677209951051459,0.0155537595020061,0.00074131012632752,0.588107627253752,0.0139638254406336,0.00237969803088575
0.00539700719969276,0.00346238095798412,0.000160914466452466,0.0187104950160153,0.00775993226730766,0.000525249175381991,0.00192535014710843,0.00858238114034655,0.00888330499363543,0.0086431464880125,0.0234721555947041,0.165039058098887,9.6886322102311e-05,0.000421964400090472,0.021245243770094,0.00661267746449956,0.00351159684067134,0.00173179813912074,0.00501237150385988,0.0534724128413234,0.00860719130065093,0.00903624599076166,0.00824727531143086,0.0574631917587642,0.000431399079532261,0.0369400638418742,0.00409428601666345,0.0666633890773708,0.00883004754634508,0.00394915081180189,0.449009548347469,0.00206188409004615
0.0106369255588556,0.0290012015860278,0.00137454819190349,0.035812747971216,0.0210323673660896,0.00451021252586299,0.0364414617115242,0.0305650856371884,0.0946216604802539,0.00460209437857089,0.000405862360983789,0.0875392173115879,0.00595052579797744,0.000268723831961123,0.0045210568727273,0.130353547041597,0.0100422004828987,0.00295749937570212,0.00267384618199572,0.0208821214178781,0.00959098104967237,0.0341510935301435,0.00902773835531549,0.0250423679764693,0.0213288254355167,0.00530116212495073,0.00236212746381371,0.0731095843543429,0.00990549938155934,0.00152010590568766,0.00666474899766293,0.267802859342064
