0.618585261435772,0.0320599119826759,0.00995928135730395,0.00202655921591334,0.00532634474235813,8.42371483114585e-05,0.00492803597978253,0.0222870850379842,0.0545261383875164,0.000125863712213363,0.00762162764084273,0.00836588414907869,0.00040621658147053,0.00333813330641525,0.000524758370285761,0.00164461357109015,0.00465579355218627,0.0121012482790129,0.00304272884336109,0.0485866168784561,0.00641687071785923,0.0343746009031774,0.0636562834283737,0.00546945372517054,0.019097580541809,0.00109709780435538,0.00500217451063706,0.00265594019642675,0.00166453972222491,0.00155006989062005,0.0174650412499782,0.00135400713733725
0.00697395232656666,0.624653175019855,0.0262080878902841,0.000800670816268132,0.00604007661035424,0.0108869777799494,0.0418873702937868,0.0156982188695902,0.067589838236905,0.00136621013308972,0.0153353990108568,0.00765899800036014,0.00422729893305689,0.00193739085248142,0.00122633587213849,0.0332723650474107,0.000550261320370438,0.00669536527017581,0.00207203492690231,0.0456263554968145,0.00218399775553433,0.0224291996976929,0.0196368302777129,0.00749486707294264,0.000564829531678095,0.00131494139045347,0.00186280763542037,0.00736723230269074,3.18835911415617e-05,0.000283928204021406,0.0144275116167352,0.00169558821675913
0.000229900158484725,0.00556255008354897,0.679069794983227,0.0108281542827746,0.012130762291378,0.0119748112123632,0.0202252452933457,0.00312779876999189,0.0107954062904405,0.00461016468282242,0.0187855510889087,0.0426893858570789,0.00201100489932399,0.00144399437750833,0.00272845061222841,0.023597642944568,3.58328097910568e-05,0.00646258968415554,0.00160372454700515,0.0346016140095294,0.0129413907232495,0.0158061959131604,0.0204162750540417,0.0249953190331286,0.0113339615684028,0.00171813384974569,0.000295647528376332,0.000705938152990299,0.00661255585246881,0.00130348939779617,0.00992925652418401,0.00142745752398142
0.000260390083167143,0.000785574691784774,0.000287688313232371,0.64253037649304,0.0545095530102536,0.0425922506630719,0.0797761258022854,0.016750729874883,0.0190379681935037,0.0120629504237331,0.00414993721721263,0.020872181096327,0.0269621206297834,0.00465445730082523,0.00334825047319713,0.00516732710415338,0.00141439304808999,0.00077297703298854,0.00236195799531892,7.35913209341694e-05,0.00890399824054993,0.00100347815884673,0.000282979270899686,0.0138450411106429,0.00769717015127241,0.00209287210342267,0.0069212924199223,0.0041166070514441,0.0130574599706579,0.000580813644163523,0.00200967062448967,0.00111781648590304
0.000363747768479642,0.00290607869816032,0.00340213916933353,0.0388546271407724,0.708377673330855,0.01870690618283,0.02932177798242,0.00770770555169061,0.0203382763580306,0.00919111209664649,0.0138857286046454,0.0034284827907624,0.00032234733513276,0.000153232859693823,0.00313301229474772,0.0598968805347294,0.00228706532375698,0.000333867776370512,0.00124880505481492,0.00655410980528515,0.00972505900018657,0.00282143090320819,0.0141126378654479,0.0130935483026049,0.0119692451461815,0.00182328025251323,0.0023675858354366,0.00133900971541725,0.00453137895646241,0.000185421437947895,0.00400074431208713,0.00361708161334888
0.000204628423470011,0.00251963159261118,0.00270974933066096,0.0922405887252015,0.0327293093867604,0.639307691162775,0.00184012395337926,0.0330996744380471,0.00899583904306985,0.0304419251935066,0.00666274207329464,0.0200919454777397,0.0175591981123252,0.00263290096159634,0.00884784313090469,0.0323329811312699,0.00122644948597556,0.00285742301296245,0.000849475815744038,0.00223993479241526,0.00663763396986575,0.00302855214641597,0.0140576964309415,0.0051162001195423,0.00868279001974442,0.00301757973967983,8.34578620716543e-05,0.00102844787141229,0.0129623503159445,3.6574506230736e-05,0.000157060068375109,0.00580160170606579
0.00805964032679418,0.0205520642736364,0.00185723143711586,0.0807329217484243,0.0106562386556504,0.000744234341988306,0.567450498155516,0.0221944045614003,0.0167564185108262,0.0334742082509463,0.00779888189636128,0.0258375026523806,0.031306879345898,0.00192941075472342,0.0144980939107035,0.00833200354728198,0.000206828137053356,0.00418846390701996,0.00118812663790935,0.00315815605971598,0.0190346565295161,0.00968965353825817,0.0340875489678347,0.0303377460385029,0.0220483290897369,0.00626703968955399,0.00103520393160475,0.00196303051220502,0.0115091313586857,7.30297902222187e-05,0.000733778914774754,0.00229864452775907
0.000371242248351378,0.00149551152408125,0.00588265066197892,0.0262153243596344,0.006583505621865,0.0605936953852262,0.00672082597204058,0.722137970961443,0.0030937015490673,0.0145181764991608,0.0041316835260419,0.022379646280148,0.00223128277224974,0.00747768562418929,0.00463820926474635,0.00327740305348928,0.00077045409286308,0.00129909768660835,0.00440882807255167,0.0259083303894482,0.00242209366037761,0.0121653276616774,0.0120957772317445,0.00058574553972911,0.00418780213098199,0.00921427899779645,0.00451724412278307,0.00548088215964863,0.0169267162870484,7.37876468548055e-05,0.00604857712683435,0.0021465418893389
0.0104955760658017,0.0231575308546011,0.000843604775969022,0.00173644204424637,0.0343829509760934,0.00817212456317546,0.0721624850091097,0.000827981898801804,0.584791329456402,0.00518442531263672,0.00292048504548917,0.0306897697326734,0.0101481626786838,0.00314364271470474,0.00595361219357182,0.110906937398694,0.000817516561549204,0.00844100630580332,0.000981353729988865,0.00689451728834979,0.0113892449292921,0.00622945534425636,0.0125202382936351,0.0202862144956494,0.00445239290903919,0.0037888103035472,0.00130212586419713,0.00275529430043291,0.00928340019657638,0.000157111236207241,0.000246845480157498,0.00493741204066396
0.00353956605592169,0.00685583847091447,0.000763566874536014,0.0682565164309298,0.0193021001401678,0.0106727433782279,0.0649015299782526,0.00533062131870422,0.00286551308373279,0.614706613556229,0.00139598755989682,0.0434754929681628,0.00219323890648304,0.00169497093544506,0.0077857550528664,0.0150254458233429,0.00467583192150674,9.80421663925378e-05,0.00521681058263007,0.0235119385358343,0.0097107912523604,0.00448719381620547,0.00141738583206809,0.0220969763411548,0.00989142807838131,0.00589876635639321,0.011450322519415,0.00680500995165393,0.0184760529138749,6.23164399227937e-05,0.00262578045494547,0.00480985230344777
0.00265784416117807,0.00480232094824822,0.00109771825861847,0.0796124853623963,0.0490943457027846,0.0127736133667893,0.00993775005824465,0.0328432194616866,0.0519047892996751,0.0368937628720709,0.540677735562501,0.0177203907062683,0.0184653457867142,0.00030306467953803,0.0040569720745203,0.0212581352782163,0.00132636364956689,0.000484339594286031,0.000362090943510371,0.0104956042943628,0.00252154714631744,0.00431452930390606,0.000343422633754586,0.0030578084167152,0.0138848862163869,0.00247125629943589,0.00978786467986861,0.0310229546354538,0.0317608993152382,0.00268085363770492,0.000215802337445882,0.0011702833165958
0.0049952096811318,0.0036172560102497,0.00165182544305187,0.00452180776975662,0.0239785106864861,0.00154269932056227,0.00153816868539311,0.0152673701402108,0.0258645627968104,0.0168811523638318,0.00217464735438635,0.680242380611508,0.0125042780226628,0.0021545769767983,0.00263207684609959,0.0254582192442365,0.0001380451309026,5.71235329011154e-05,0.0012412519636008,0.00139813445673626,0.00455295698882846,0.00157810222389404,0.00585582874426457,0.00703412348132856,0.00467549279738839,0.00780716821900955,0.0152387251543979,0.00426227670897243,0.0743107888370883,0.00767748458409865,0.0388484730386512,0.000299282184761384
0.00395749121238326,1.83520457511451e-05,0.0145558517498875,0.0155428477107924,0.0670659864495111,0.0383478348560997,0.00225600844790226,0.025082883159294,0.068570038867923,0.0495048818214907,0.00641383678724918,0.0100884261191798,0.406005102908071,0.0019934152261313,0.035789787490683,0.04882385308711,0.000305515596635906,0.00283017739862597,0.00830282900643008,0.0230287260113579,0.00365465252997496,0.00553945602062065,0.012830916392562,0.00459616259076303,0.00183830536690758,0.00451992114481149,0.0037432453960381,0.113043814749918,0.0138941486857459,0.00139835428288771,0.00487902924512553,0.00157814764213562
0.00336487922262037,0.000987230148560458,0.00371149407089153,0.00458765805030709,0.00121691094347216,0.00194988103743751,0.0125868366328367,0.00713523062789497,0.0228107103558868,0.00158632379245709,0.0048891301511603,0.0436985635783123,0.0195062117281508,0.724567834958239,0.0599472673403424,0.0242002405959948,6.77431021703032e-05,0.00120562318970755,0.00636492041398528,0.00362445301343716,0.00617325641011513,0.00340164476681054,0.00038843126742011,0.00993746176787015,0.00538719347120145,0.00233685435233311,0.00223672215042178,0.00031143006457188,0.0131935879437358,0.00491472792236167,0.000435174452237162,0.00327437247705655
0.00420942579909186,0.0160087726270254,0.0195432901762804,0.0114889018890802,0.0205933243758131,0.00415463623455982,0.0495809998963413,0.0027890746305789,0.0130240838415554,0.0108714450074433,0.00104855245032067,0.00639181359161969,0.0561677664203516,0.00622654096790243,0.688848913934534,0.00125532100436207,0.00086829055549003,7.05555811158247e-05,0.00338970309179906,0.0128223345082071,0.00194095306271494,0.0144116993047651,0.00708654693790765,0.00919747484156836,0.000966695319818751,0.00511185958531207,0.000589513167945553,0.0217478951572379,0.00105691567455805,0.00380901536217168,0.00374572314229077,0.00098196186023736
0.0215616526038098,0.0579939941501134,0.00679366408416159,0.00506732457530352,0.0814654517850635,0.0220363741342149,0.237284325957416,0.00210489219280135,0.213004299343272,0.0137679633965745,0.0100891865595654,0.0468139563898361,0.0199858462438445,0.00270037331469793,0.0108195768849867,0.0441130795869298,0.0017845670963655,0.0102210689558137,0.0006360973175095,0.0264745671678898,0.020699515054735,0.018928490107649,0.0389324664072028,0.0296217524825071,0.0312444348814022,0.00256631795562957,0.000431167078623983,0.00435309199938323,0.0063752167249079,0.000138282608249996,0.00319921274733312,0.00879179021220738
0.006109424696707,0.00297499618652907,0.0027403088234174,0.00916073628236753,0.0107280282521523,0.0095170655501555,0.00164596921203252,0.00312922249756692,0.00759932276158237,0.00746686025205653,0.000167971000609083,0.000375880748786674,0.000241651784275073,0.000309068749529887,0.00127094712274493,0.00728725258412214,0.845553354359097,0.0115866808335229,0.00751617322188726,0.00328805421326603,0.00270733126661619,0.0047466949932553,0.00596605190785826,0.00461840585408479,0.0101466012762641,0.00935392119453513,0.00629559308103883,0.000795405825493461,0.00175667513425864,0.00636328600002898,0.00852611342206706,5.49509120910315e-05
0.00419873210025356,0.00639664376387178,0.00741723143438402,0.0129872343574152,0.0142518683668993,0.00950063763827932,0.0208893259642629,6.11563605731638e-05,0.105748306071157,0.00323196499555049,0.0184774306894325,0.0123633182419666,0.000741568750135691,0.000138494611914588,0.000831830028081353,0.078852581381178,0.00206427521230546,0.606931928886488,0.0116871170628492,0.00704010820259878,0.0017604237342694,0.0081729379267983,0.00271371557614007,0.0210586071250093,0.00719394256829382,0.0186973901779173,0.00109186149555543,0.00705280413859207,0.0037196554415401,0.000641424696162577,0.00190596632946236,0.00217951667066194
0.00413879921192421,0.0093269889949756,0.00299772303250396,0.00747709022233095,0.00241096591447347,0.0106420230350351,0.00368773059928999,0.00103796129083796,0.0058723029270364,0.00988679630495766,0.0123331081772075,0.014690322130886,0.00172971553946295,0.00299120548084618,0.000990721973756969,0.0160315059274148,0.00246722964268845,0.00198438942766702,0.793432880743073,0.0100425154337723,0.000234070876484664,0.0179188222950054,0.0265141831019706,0.00660722932047931,0.00136094051258105,0.00523374375905107,0.00146644718306085,0.000888327536299189,0.0120649473181358,0.00724767828421585,0.00292243061966738,0.00336920318290831
0.00148251514794775,0.00443205188192393,0.00184347166793711,0.0156595724068023,0.00572859207315696,0.00991272061146717,0.00208191479844393,0.00318201384551237,0.0175497075957155,0.00893146822614759,0.0142691412999492,0.00771416315875829,0.003932873632882,0.000127005026471961,0.00180226481909484,0.00513133198490185,0.00394072762938317,0.00863490613939037,0.0280238817434161,0.725928790641471,0.0129264758076119,0.00395719493036313,0.0180356225682236,0.00817687762605009,0.00271888843300484,0.0299948513320296,0.00263129897030563,0.0123949240900733,0.0222029414334906,0.0106615067063631,0.00126143903975501,0.0047288647319559
0.000193764079060132,0.000783003040367344,0.00210813944304319,0.00814630633315803,0.00529001012652837,0.00992908316803077,0.00474988397973116,0.000652347408304014,0.00177220636420822,0.00239516503857538,0.00654046420713951,0.00171043923598534,0.00474182600616753,4.28805871767492e-05,0.00195786447821101,0.00621872513371175,0.0077438062467191,0.00830194117394161,0.0106207528490328,0.0368840717177691,0.779543246062271,0.0109441413209394,0.0211861955088627,0.031113313765409,0.00503089875970467,0.0020800274721934,0.00126309071721852,0.0027967445607558,0.00403489847478646,0.00450365916169024,0.000101666843917063,0.0166194367353904
0.0085083898808027,0.0024509789660372,0.000561711277177942,0.0116476201194053,0.0101795599372456,0.015451598124014,0.028709526250509,0.000707718443596711,0.0767248371917504,0.00341164926542937,0.00123889265509272,0.00859655130217554,0.00487827795771042,0.000201513290774377,0.00252413325412899,0.0766577166016133,0.0155268664972773,0.00619443710208669,0.00883655115381155,0.0149428668894734,0.0131248967145767,0.634163180759173,0.00409302433214095,0.0326326127336522,0.00468547859747977,0.00524906098981334,0.00350391753169732,0.000333654105032566,0.00266528159837802,0.000434833677685055,0.000922748043762344,0.000239914756496722
0.00314280600487599,0.00854667871318758,4.91234681697586e-05,0.0134982569762912,0.00550445591456956,0.024171537681558,0.0289564877152588,0.00138831176218145,0.0152526522388147,0.0103928967741152,0.0040104585146863,0.038232181875645,0.0139230192373351,0.00112805592508478,0.00180803496598378,0.0376467739396614,0.011024199068829,0.00192906114653241,0.00212834059058554,0.0124593998552151,0.00924213726166247,0.0223729720610815,0.634912863827164,0.0358341780386318,0.0170627424726635,0.0118860837423297,0.0077872412730484,0.00111675879797286,0.0199497873980136,0.00338288343679252,0.000397536508620464,0.000862082813438686
9.60491507605387e-05,0.000569289049659998,0.000647978611206592,0.0131349595831978,0.00159178252710549,0.0142712284373873,0.0324788384680793,0.00142741147605345,0.0217912166902096,0.00657528255453919,0.0126075096033353,0.00716576187103357,0.00606007704792089,0.00012357516220169,0.00219643719323403,0.0133707905799992,0.00404013016426248,0.00872520808057369,0.0188660322488046,0.0237501580972626,0.0244003725035351,0.00905520831466924,0.036411394453077,0.66457366624685,0.00582553583842906,0.0272861573422387,0.001698262273591,0.0134482962110869,0.022514901520634,0.00247743832897301,0.000183079685087549,0.00263597068500138
0.00027084713721955,0.0236082733859748,0.000713164150314677,0.00691485037353692,0.0102072720435606,0.00528295651151242,0.033812040964578,0.00253942065534925,0.0540499659636811,0.00384811217083932,0.01304777455413,0.0320112752128073,0.00221154575258185,0.0012059455027196,0.000443258744777734,0.0047905433935158,0.0072090455988675,0.0101260735690401,0.00842787599477514,0.00634592164629301,0.00530062638080756,0.00156783106549619,0.00517823493520077,0.0353695836004507,0.677174026028266,0.0158312307121243,0.00279043181831164,0.0081234305712606,0.00948213891015884,0.00224372918375888,0.000567494260630568,0.00930507920745891
0.000478334573794549,9.34750172242381e-05,0.00141021243611403,0.00407742670232206,0.0108478070576939,0.00689964604373909,0.0287292718330249,0.000590046576845159,0.00298758057145914,0.0018691651170441,0.00296815488371055,0.0115493597740578,0.00326796003826905,0.0010501437656231,0.000324538472941459,0.0132449908182795,0.0020436848075671,0.0102364123235259,0.00420463070772421,0.0404953816466313,0.0105492617396386,0.0173459234517388,0.0214949459551936,0.0149235989129375,0.0148768825358134,0.740554687269278,0.00123725893271082,0.00992993559620478,0.0106001613556885,0.00134613168675089,0.00830061710774468,0.00147237228870925
0.00311590927485191,0.000750426256243119,0.00389297657138792,0.00273776581654765,0.0165467944923998,0.00865658759357235,0.036548330296109,0.00367290693392969,0.000975887421962861,0.000938205490757934,0.00435631080078876,0.037109354758859,0.00341541437581103,0.00233103433080243,0.000114391792841362,0.0299574791984649,0.00215914257632324,0.0026468625100827,0.00168192393548333,0.0117171669311447,0.0225663752695268,0.00607784729632874,0.0331645078828244,0.000765395385732035,0.0103594583123979,0.0423909066270474,0.667649216997951,0.00818612160538222,0.0248043570831703,0.000876282222196355,0.0016140151294724,0.00822064482960692
0.00126185664637401,7.10277237323142e-06,0.00403700359500397,0.0041944293197381,0.00622189884445315,0.0107914239685615,0.0141790517800488,0.00337419159285187,0.000252193514805825,0.0211819251481329,1.4910580278779e-05,0.125245312269902,0.0346245397867792,0.00438512078236736,0.0386173825491021,0.0170217034987286,0.00413686693358455,0.000193378390823583,0.000648656274593845,0.00767468619207066,0.0102079365879256,0.00782181947710373,0.00785023229210875,0.0209988055877616,0.00773228785656491,0.0116812979766108,0.0208424920847359,0.503828653789189,0.101871325975187,0.00255303051679859,0.00583429992976054,0.000714183485679708
0.0032004100220298,0.000204902960793951,0.010248331198517,0.010298195837706,0.00967672397692464,0.0147025011192957,0.0106535184072928,0.00623161481254365,0.00548407102410879,0.00312791056446664,0.0139715764806118,0.00483845328241948,0.00911307412033018,0.000486384351615432,0.00681662030438467,0.0119568336664535,0.00972506604420332,0.00021006210142776,0.00017002792705634,0.0166573555869789,0.00313720018274304,0.050763528089067,0.0234903466916925,0.0154225220753503,0.00376178192579282,0.0149676873906811,5.81210220437486e-05,0.00971076020580867,0.692417332360585,0.00702924658175604,0.0306328860353401,0.000834953649979383
0.00063969412401112,0.000930402445178665,0.0011030020337631,0.016347872214632,0.000498181633708813,0.0145798139764601,0.0217471307694502,0.00224304471837874,0.0154078355731818,0.00145413871854082,0.0061554561234539,0.0124350249794186,0.0102917773125475,0.00413662325379817,0.0147218940037754,0.00355290657374419,0.00143368279467782,0.000174153975679733,0.00347682003571557,0.0172053979186887,0.00113077619415253,0.0201328018432491,0.025135145918324,0.0112898570063466,9.78479394922421e-05,0.00709886020317952,0.0015466443035192,0.00541381033009034,0.00882504324557969,0.754341025989192,0.0155212747449076,0.000932059103162822
0.00650917528113766,0.00231610345017845,0.0098448480913409,0.0140836553341934,0.00132827568447496,0.0131232866808237,0.0335648389644782,0.00446542820758712,0.00392130066369119,0.00452581505880273,0.0142057916226304,0.018671683199946,0.00723895574034328,0.000845471913344986,0.00461557253422999,0.00551858024783758,0.0103649695503422,0.00100292621651006,0.00345182154363279,0.0133121551848187,0.00301163424290635,0.0293466010248564,0.0211534032705051,0.00841748588688147,0.00457286809005831,0.0205648140150857,0.000115893413319256,0.0180662788335435,0.00297249168818845,0.00570786334390814,0.710632717886051,0.0025272931343519
0.0109865030868658,0.035106943786011,0.010927295954277,0.0235627969270375,0.00141758740742683,0.00343875775119833,0.00027663774333562,0.00611856719816674,0.0237535420397657,0.00116955673809937,0.0027750622875588,0.00266358004497245,0.00111622077926051,0.000401873811979631,0.00426540908428167,0.0230230374745719,0.000502667859118269,0.00358650639419072,0.00397585704974106,0.00304097196094387,0.00909086450950497,0.0290726360246566,0.0660138442693008,0.000593186176697935,0.0245477331883393,0.00576390696949487,1.0300203612404e-05,0.0129827096569361,0.00124134894782512,0.000472823361958787,0.00187145123478903,0.686229820078081
