0.400973950731662,0.00415696833881666,0.000464121082573074,0.0655095165442651,0.103666664540307,0.0175071358930895,0.0100590621965353,0.0548566562554459,0.122925248069038,0.0131426934592289,0.00380420955496268,0.0419772993785833,0.00529409761514791,0.00018067073333337,0.000898675527661262,0.0201459566718731,0.000486613950877579,0.00524752301575906,0.000240013606076388,0.000473596421459198,0.0432454140563249,0.00492286615640414,0.0284703474021899,0.000239793145891204,0.022917700377925,0.000723987709815479,0.00111344756710427,0.0112635383676309,0.0068253827162701,0.0013787804391055,0.00422646230194488,0.0026616061726989
0.0142306038964365,0.312490686286508,0.0114616069467907,0.00624736163348116,0.219565320712543,0.0280852160905551,0.131470804558291,0.0498671458588372,0.043937247735555,0.0072806097656545,0.00455901504924326,0.0189791866676553,0.010609864113675,0.00121521032979788,0.0016944926124123,0.0128165833859614,0.0130436754902815,0.0114954316844468,0.000230842212273252,0.0137510742507771,0.0045241297766373,0.00244801871876642,0.00357560880157297,0.00514583254502717,0.0311724291565591,0.0138722557531798,0.00136677842421507,0.0141836064801451,0.000588156126405533,0.000193452762985388,0.00565080661493739,0.00424694555839355
0.0103815013134649,0.00937834785513747,0.540904076225224,0.0105383193155014,0.0514885126329334,0.0440153316525116,0.0162458403308264,0.00996386871190528,0.0247184624141155,0.00672761239932983,0.00064952416741248,0.0264159303547033,0.006482596225839,0.001192107204548,0.0057248299804629,0.00542859761563119,0.00450515380516213,0.00583476355685624,0.00144510171203803,0.00964443997103257,0.0202800072866726,0.00725644506028541,0.0107978536234771,0.012498506105964,0.0893024093434291,0.0111956675977422,0.00242026098019125,0.033966107793689,0.00119973654959592,0.000189898590391403,0.00678033392072896,0.0124278557031973
0.000798667720125663,0.00453932432867326,0.0159342479406773,0.508533125704814,0.00560129138718411,0.00685828006549217,0.00160945169874664,0.0538813886198385,0.0423516980290926,0.00975805807042434,0.00224444668485928,0.0497601366603048,0.0423852418077279,0.0144469587716216,0.00192821569637262,0.00665727562731086,0.000434085748079549,0.000710424984137433,0.0169635697107042,0.000574522315153364,0.0226193979111614,0.00434107359670265,0.000246208357172797,0.0193306543576368,0.00404650979176064,0.00141834749729048,0.00134617557848391,0.128891921051226,0.00318914730671318,0.00320876148923952,0.00900371866497082,0.0163876728263012
0.00064681519074214,0.0059299184137128,0.00369370597069166,0.0164178507666913,0.519434108410825,0.0648981265230175,0.136874113210384,0.0610935298192821,0.075736664235771,0.0018271202956523,0.00281034401478869,0.0118135573705267,0.00596157980646963,0.00128585280307473,0.000889120067762637,0.0251011348831459,0.00680612819988706,0.00414401413936187,3.95636491594257e-05,0.00131504473275074,0.00172102490774871,0.00167487165597357,0.00164630559449579,0.000328291703494962,0.0152085626566681,0.00438788038217947,0.000860643661771164,0.0252697394408666,0.000915829905546635,1.69831145991957e-05,0.000226089496659828,0.00102548497629873
0.00227456623218652,0.00106170840311461,0.00766352614719164,0.0480874177308503,0.0327089171440509,0.598795858122928,0.0221148187316667,0.0310149506285341,0.0381103640931293,0.0069410335103094,0.00272427760303943,0.0251231089110588,0.00579253693219072,0.000651665542955455,0.00273065156680201,0.00831836790980772,7.29313121861068e-05,0.00864819682837126,0.00140382951639657,0.00897919139145852,0.0133223008318348,0.00524180482257749,0.0121348633617115,0.00639048642949877,0.0648890353364962,0.0113000859609662,0.00205297836882286,0.0215568695568813,0.00251556391397421,0.000718461283010765,0.00259345987182511,0.00406617200417272
0.000641850621833557,0.00747088407019798,0.0042510013992874,0.0397604410289013,0.435313019178498,0.0340445500200956,0.157889721985611,0.0796459517261148,0.114082544830352,7.61909709382923e-05,0.00142051115551714,0.00352338483394444,0.00161829986072673,0.000905301625372198,0.0013074926078561,0.0193616789687091,0.0120764844015159,0.00245768177548138,0.000458106305648687,0.0210158100103298,0.00188923800703348,0.00361153430283702,0.0039282516893156,0.0032725490414237,0.0112981366649536,0.02086911676874,0.00232853381330381,0.0124577982249855,0.000233220114787821,3.04597968489507e-05,0.00226006990765243,0.000500184291186695
0.000509240591166527,0.00543889300511555,0.00684468057400819,0.0129227730473109,0.0188787336675192,0.0581958766803608,0.0086318464510948,0.566191540324364,0.0202318479447226,0.0068120117707746,0.00204497757049126,0.0437352949699351,0.0206785908849086,0.00970113647308527,0.000261803419512852,0.00420367420235065,0.00127105283538589,0.00434461841846135,0.0141204160382083,0.000381525706456357,0.0133685716259521,0.00983624891270899,0.00833283889112902,0.0123197467534768,0.0254027563377515,0.000211180637434572,0.000654232933780724,0.095478734648493,0.00401117471558099,0.00183722106584947,0.00833258995543944,0.0148141689471706
0.00220380177481785,0.00281405141655519,0.00194438413246284,0.0625893760022596,0.0215026894528289,0.00674435740245588,0.0183226686813073,0.0308861431192401,0.547583397148932,0.012055225741651,0.0091516960219321,0.0200342504613825,0.00120475311360801,0.00206151763767236,0.00126571142345119,0.00567173061785364,0.0171725333774648,0.00414870436625177,0.00298879507336274,0.0612401969847971,0.00720853904128394,0.00266312833083276,0.00360538580588237,0.055614924341535,0.0439380405888368,0.0183010948766381,0.00504427826914938,0.0176554800157803,0.00758052498602561,0.00174607575464319,0.00264203566760653,0.00241450837149967
0.000426529169790983,0.00101269432289162,0.00162056265685189,4.14625244157489e-06,0.0527510055182388,0.0201114198084493,0.0193080725231151,0.0120034841628696,0.0830336925033359,0.62729604953594,0.00074256585229666,0.0163504608898268,0.00250709598424721,0.000710563981933207,0.0164499217990153,0.0294750002063276,0.00334029274521576,0.00816042177372964,0.000991865501779485,0.00676451637320679,0.0171717170388206,0.00281682726100168,0.00945905327022362,0.00277199790769921,0.0405858967627323,0.000850770188477678,0.00235101189119408,0.0159958441560271,0.00295407190322058,0.000366790448572467,0.000850399479034841,0.000765258131492472
0.000104604782093911,0.0057780966241093,0.0088009163379591,0.137709052259279,0.0346511298361728,0.0341987987843554,0.0184609921412804,0.017458039105359,0.0258040213238776,0.00872091507265293,0.311860493962757,0.0599984501795595,0.0903076601595789,3.49459679854306e-05,0.00818382708506288,0.0143677826617905,0.00278697250893644,0.00376900982938546,0.00422060297240475,0.000333373556846822,0.00530147173757064,0.00132250589370047,0.000272375461278619,0.00625588683650778,0.0121488314289551,0.00172931235580675,0.000198503902236296,0.160489560663145,0.000393845190791691,0.00276672890457929,0.0144132127243285,0.00715807974965244
0.0119516654520241,2.63540181751707e-05,0.0106901454851014,0.00689296739364716,0.079382686115823,0.0139298558516865,0.0771694508898374,0.00125738816084608,0.0297654859856056,0.000502384552373037,0.00137662404693893,0.588617343944658,0.0477517819344847,0.00536366366592759,0.00704757098573571,0.00635503693875884,0.00692436970685966,0.000338701252025535,0.00528346442771996,0.00959636314375396,0.00144413453652675,0.00488972521494023,0.000903122086771961,0.00236319707953807,0.00248657528125161,0.00217381851020374,0.00715528395494685,0.0088152301165318,0.045593196833101,0.00485187538931272,0.00409363969071231,0.00500689735418067
0.000107210643155533,0.00792213832335191,0.0110807606026173,0.0298392063396752,0.126204516348882,0.0370854104796607,0.0564781287746044,0.0431044766502741,0.0414591447708345,0.000147262493916874,0.0577575689165159,0.0188109622750387,0.413455905769727,0.0123098773798081,0.0177109679826127,0.014030949124999,0.00607701305274078,0.000615886057461149,0.00916955911932292,0.04275332003475,0.00229388349265095,0.00184438525007141,0.00281841003074377,0.00592826862030247,0.0127034074808944,0.0183676858909413,0.00549707037713691,0.000106966215656597,0.00141933502497597,0.000598456114298501,0.00188996974124654,0.000411896621132343
0.00102040820373177,0.000184396349090829,0.00715002864859899,0.0519839639845394,0.0927967060444927,0.0338675598222316,0.0471998899219787,0.00545286721416464,0.0151004313258411,0.0051118460155084,0.0100244229661569,0.0300692001944568,0.000496519821858785,0.472357090874726,0.00795205660751858,0.0217967965425232,0.00278952997863191,0.00323054085395431,0.0017743325436495,0.0200632443629373,0.0162336124281057,0.00770021055799493,0.00737470564687289,0.0124721948485518,0.0407578497020711,0.0121827674197012,0.00291900626979105,0.0359356266489537,0.0121288901973844,0.00807812398291633,0.00691445344804157,0.00688072657302417
0.000168174237783061,0.00158612451082987,0.00328121003433844,0.0149070106747225,0.0964630378739051,0.0443771122042912,0.0440808449059828,0.0159345568756334,0.0333757051106595,0.0176497792528752,0.0028264705750783,0.0272411223066948,0.0019579213293636,0.00198436069786304,0.576347916420139,0.0144945779048683,0.00243593774718465,0.00291785172078787,0.0101765303518595,0.000278139710243869,0.0289326367839577,0.00158136327049834,0.0184823323978243,0.00398943776954152,0.0116712210579488,0.00792701417371545,0.000902912304984497,0.00608000233564709,0.00138016942902986,0.00154897321094667,0.00177473661042527,0.00324481621037698
0.00270180481849632,0.00312905721716303,0.000584511170711151,0.0130596085558631,0.25467701547884,0.0325787701356611,0.120684849761881,0.0536103414190202,0.133235911363404,0.00425380372900038,0.0088056365648494,0.0172156712993528,0.00205757614230849,0.000140343097998731,0.00102138513227875,0.200822686750245,0.00763740818593887,0.00700466553840929,0.0010454350453627,0.053119428350944,0.00273863227887989,0.00376993974258988,0.00855078674570327,0.0150013198041591,0.0038520060183183,0.0245606020741832,0.00302462388614233,0.0154533007361062,0.000384191131772008,1.37160471534743e-05,0.00497144663895318,0.000293525138310413
0.00580828964288094,0.00964177882045192,0.00238479283001157,0.00306420281412323,0.28216184475586,0.074507511035581,0.1219736992091,0.0341211344093721,0.122092188508716,0.0044420404651438,0.000505459897344369,0.00865429815858552,0.00580663363401013,1.56923837598082e-05,0.000370896804610761,0.00185942995570681,0.22675955954929,0.00502256158521859,0.00141758114564969,0.014445506116309,0.00030848572866006,0.00660517052706343,0.00264761072842206,0.0109511507010009,0.020158347591881,0.00555374402454491,0.00329742365814452,0.00957537745487901,0.000391548231910434,0.000412705727021509,0.00214318143627792,0.0129001524684699
0.00231244758452147,0.00367361212266307,0.00257124270863885,0.0161228668922186,0.0608927376758637,0.0101208879836247,0.0595466598916631,0.0293550810076316,0.0255551615766259,0.0182348548557569,0.00363934854744693,0.105996927996041,0.000558377162634926,0.000980572418392415,0.00425314462964002,0.00236364550857194,0.00200241363011112,0.47448814898483,0.00186000117844923,0.00609979097821129,0.0234459948203474,0.000603146220554762,0.0272663117583869,0.014681003469668,0.00332285969401031,0.00184758540726655,0.0027754123455669,0.0525367156709944,0.0339214751600351,0.00155736799109109,0.000339387615789721,0.00707481651275171
0.00590118878102502,0.00445635158751323,0.00426178055954684,0.0801425933555986,0.0832665992603308,0.00336636101802026,0.0438851839285285,0.0262621559160958,0.0289780628732715,0.000716896416981588,0.0189489337112196,0.0255958494507375,0.0697452346448878,0.000907583899929751,0.00329035061711416,0.00185026419322994,0.00325507364259714,0.000268728011242856,0.472014208458803,0.0111328364617116,0.0194687986946152,0.00867911920292593,0.00518031906496289,0.0220258728989124,0.000554999109795698,0.000119680285852041,0.00759506598153084,0.00246921477040159,0.034727463115474,0.000794019657086798,0.00530525089251519,0.00483395953754189
0.00164720852460161,0.00274102316145771,3.41417781295892e-05,0.00898499258238036,0.148013795324134,0.0106971135500448,0.143567777597854,0.0224966511665803,0.0435708841648245,4.70492690738522e-05,0.00214068171124597,0.0576642337982729,0.00875354050563634,0.00116112787601775,0.00113709242352302,0.00539683295767535,0.00571417056232858,0.00311076701192688,0.0119698234396366,0.332117163632251,0.00364167291370694,0.0166386330251232,0.00209865371240465,0.00811020320055785,0.011012835420279,0.0337426261851779,0.0099899154572782,0.0317901626506398,0.0182716388990222,0.0138652688885966,0.0373814570580637,0.00249086155155509
0.00384365042548755,0.0039450030290681,0.00170041109210952,0.00119104115401065,0.0739179475682479,0.00416944846461994,0.0503968841798225,0.0046954678757242,0.0770808504504609,0.00176408781630443,0.000289478646366913,0.0216086940443243,4.94505604952826e-05,0.00116013922856605,0.00155679595258416,0.0158590661214807,0.00824764983714068,0.000957113200597099,0.0125088208635582,0.0800099324335683,0.477863595833606,4.60903146497108e-05,0.00697376342284623,0.0645757391471787,0.00275677017943324,0.019008377859053,0.00936648522106707,0.0185698325290469,0.000757828055600543,0.00225891721842137,0.0112464613602447,0.0216242059143151
0.00288242009069129,0.00523944868656046,0.00359631285826315,0.0183723427969207,0.0551775455370961,0.0330872170128414,0.0497850289869399,0.0104264054176391,0.0241113615964699,0.0147192458262663,0.00494380181965358,0.0334981488152667,0.0191636322686581,0.000836305568047662,0.000219013440958605,0.00695167417094758,0.000525693509997954,0.0214107418588567,0.0241300287724016,0.166710374302957,0.0390683254044832,0.184818770985031,0.0237117467544408,0.0849258172100881,0.0953599483596796,0.0174901114692726,0.0054735545001175,0.0199672548585963,0.00742598042290194,0.00205184233271875,0.0151924444205641,0.00872745994467241
0.00522186588731803,0.0039460703021746,0.00257981115907727,0.00938709237254797,0.0302098496089202,0.00037871139878381,0.01661299041391,0.00378152928809894,0.132531638734371,0.00111742518701017,0.000428652770563738,0.0677789428653703,0.00555455978179387,0.00254874419563575,0.000920860177791087,0.0179962309361686,0.0236428639773027,0.000477400050527348,0.0080929050836068,0.0848372038780169,0.0437605446654154,0.0207184196328688,0.388050907201995,0.0269264251039625,0.00215244314516341,0.0118461326870619,0.00431272636517933,0.0380933612368814,0.0157073421227298,0.000242021150907194,0.00757218806168223,0.0225721405571642
0.00220026959208605,0.00221512414399292,0.0017855952481213,0.0108836635122527,0.213160063884053,0.0105726438085505,0.131350613078187,0.0262160541175822,0.0771684189248095,0.00591317637778484,0.000950377615674591,0.0351944525196,0.00781733572450358,0.00049170606463861,0.00262116842064552,0.00655665369782646,0.00946018760190077,0.00257866002667777,0.0116466943429184,0.0253114653942233,0.00382352298823498,0.0158876154313087,0.00881829684074995,0.275579962558954,0.0506145852661099,0.0124782263314377,0.00827070381104898,0.0123429667657011,0.00896269421814516,0.00424638778623512,0.0147662193421377,0.000114494563907878
0.00176307198279419,0.00294983138610043,0.000522543166175541,0.0263356596165622,0.0990685023070937,0.0410015265539896,0.125129947519137,0.0217547007860892,0.0262342263556395,0.00794749774415201,0.000527245932617645,0.0601716558004176,0.00981641969927455,0.00111959237444513,0.000939044421896533,0.00244878962950039,0.00236280800418115,0.00038550936902495,0.00663064154595472,0.056603284385449,0.0123602389899872,0.000345200425458849,0.0116174887505245,0.0768686774716627,0.327891001884597,0.01267026269991,0.00354377570746103,0.0281954170362997,0.0280358141661204,0.00188103559086142,0.00248207001018485,0.000396518686437324
0.00109494362118838,0.00177934026559835,0.0010934700631956,0.00371674239026545,0.129518430452317,0.0119663125727431,0.110837348226329,0.0142433405573544,0.0287221968105282,0.00172727190474993,0.000441272487668689,0.0255159723782889,0.00480441790041068,0.00248506525866131,0.00014468969758707,0.0107208436021615,0.00289202146260247,0.00291275543652774,0.00452082107355722,0.0541689773702477,0.0161348893021452,0.00772159709042686,0.00150658091547627,0.0171982956605267,0.0177211143945026,0.462316964150218,0.0167793254596525,0.0135962787986196,0.00498645179437631,0.00995410881914719,0.0179950835757257,0.000783076507199952
2.51094896104832e-05,0.00126919897034257,7.74427308616093e-05,0.017232097502214,0.166906431259829,0.0163152284237531,0.0519097660024738,0.0233576730742295,0.0907855679254575,0.00362086009844775,0.000924973210048714,0.0425363317403537,0.00939314847956179,0.0020962987499994,0.00132084323033288,0.00293867153162302,0.00152270120628846,0.00214634203322797,7.11534427333576e-05,0.0498042196864649,0.0254688315092874,0.00779655112288549,0.00222144515964829,0.0174867721639004,0.0213745329670556,0.063799186075358,0.329520340570937,0.0237125743314513,0.00930756334889671,0.0024158962282752,0.00964585413853574,0.00299639359591448
0.0197689274091751,0.00031255299752125,0.0242808171909836,0.0199268391969337,0.100602558213546,0.0247002800945581,0.078568981561488,0.00738971699880163,0.0688834831782264,0.00344623372786606,0.00231503027266969,0.206247453697702,0.0728738518696948,0.00171058544256944,0.00476540311399468,0.0019568606912242,0.00889681046027218,0.000386343975223914,0.0119756074185574,0.00153296861863443,0.00383394202177013,0.00388561219079076,0.000488939031470362,5.93422846466092e-05,0.00236950775429353,0.000622948451847091,0.0115404326638581,0.221463768783375,0.071488382467408,0.00911598788530902,0.00958806451855717,0.00500176581703188
0.00351923397866056,0.00124754637883305,0.00477837751966172,0.00588138646483116,0.186777118187007,0.0307056236588475,0.0684370580859999,0.0274807567226822,0.194830506089261,0.012111585186969,0.00557943939176613,0.0052181121776702,0.00257987755348642,0.000751349870959563,0.000825237676541169,0.0125612817188582,0.00182061829666467,0.00123602467887193,0.00479112760187969,0.0189316964536765,0.0300262028906201,0.000238754819599869,0.00549587737486397,0.00210522273722583,0.0327140937902582,0.0186256728877689,0.00723918726051023,0.00382913481931203,0.285403955605739,0.00326926329824734,0.0169861578447261,0.00400251897800191
0.00207812185536887,0.000151584558292343,0.00666026370901401,0.000776436308238002,0.067727789851201,0.0224457407628135,0.0451695196720767,0.0038634176145192,0.0388282591247979,0.000594322896717305,0.000584306005664233,0.0153100839804135,0.00206082885124773,0.00595605348959638,0.00476023365557565,0.00245710245533667,0.00136996953479036,0.00468438681143877,0.0122322880723261,0.0389300372465622,0.00112831922377707,0.00438188981931744,0.00381870490778778,0.0156726883864445,0.0265206349639785,0.0663982069919911,0.00529532309480122,0.000364545980736085,0.00325299920608639,0.591592524574548,0.000231600007128319,0.0047018163874132
0.0100502965479346,0.000631611393567955,0.0117566438173531,0.00742980067683027,0.0832896172398094,0.0184434073620111,0.0454693767428555,0.0147799187935032,0.0937802731025201,0.0075174237644626,0.00914310462926355,0.0158855886219985,0.0261194775394368,0.00378926996156616,0.00126364542796996,0.00641165674620799,0.00428706487759275,0.00259907097171038,0.00711708220090126,0.0388832487772873,0.00404626384034537,0.000745365019464025,0.00385956826377397,0.0073639514966682,0.0119402114398953,0.0235947068167335,0.00485150313330875,0.00432281248411155,0.0266074932692753,0.00043653259340102,0.499197652099303,0.00438636034893696
0.00396593566406785,0.00258977544617064,0.000948460139863972,0.0102684586780074,0.209165092606641,0.0455891141022997,0.168918560206571,0.0407672878123121,0.0896629155873903,0.00309482473364232,0.000347425925995934,0.0627436841946883,0.00719402985898573,2.40566001582878e-05,0.000893618953635776,0.000297593263334663,0.0130714866241512,0.00127835457306399,0.00182939742313572,0.039054900191199,0.00911477878919964,0.000797033715634751,0.00298807598302835,0.0611789357174759,0.0634557090648713,0.0119798444904914,0.00255257571218572,0.0345360766381632,0.0231981645444627,0.000356192414562464,0.00253095566353682,0.0856066846810734
