0.592947531033611,0.0086460492514252,0.00500488184431991,0.0422342621753651,0.041802808837047,0.0025558724363245,0.0640033588044317,0.0569986472633302,0.00949172112733476,0.00825086842514357,0.00162994675838445,0.000733401162641903,0.000385467914727077,2.55484986256705e-06,0.00620476076853082,0.0453480540941419,0.0131844085375114,0.000555769118593291,0.00213951001887109,0.00397536283344579,0.00921044622677137,0.00041999699691941,0.0029460487331015,0.0136888818176881,0.0126186869897602,0.00894537832076886,0.0168056657946392,0.0075582013978243,0.000183316363606839,0.00142217733845196,0.00095285879266978,0.0191531039727548
0.00712981717671584,0.332448924528596,0.00385167880541509,0.000327006167823976,0.0644724946845801,0.0141982394852359,0.0258493852991957,0.0177759683033324,0.0282067122457223,0.0152102796611633,0.000540111777874586,0.0243359716432602,0.00898634683606229,0.00068133640701753,0.00399915238211489,0.0917829081581344,0.000222401732162255,0.0116337938351413,0.00165444138096746,0.11003488038027,0.0374287842573455,0.00104775359064828,0.0257514148814659,0.111018138880734,0.0101926886650277,0.00152372301368033,0.00263876879651788,0.0310227957734386,0.000865532778332553,0.000802093319341958,0.00115964678861244,0.0132068083640685
0.00459699436540747,0.00802591496369225,0.606695516576141,0.0208826464588637,0.0154462919829803,0.0032851405988306,0.0160100903253204,0.104880123806215,0.0311196066097769,0.0249148201773439,0.00656154378291154,0.0028612732381239,0.036354573000182,0.00104105485774135,0.000763617470621156,0.0256029670969737,0.000116468477847276,0.000610755874884934,0.000440284065043847,0.00405365533945915,0.0020782529254416,0.003274484868826,0.024988841511176,0.000911899882531505,0.0243423890409828,0.00425247372764527,0.0053008420812533,0.0081797332820143,0.0055723631430009,0.00287159900215509,0.000455467162321435,0.00350831430429179
0.0116540297659151,0.000275869693036108,0.00875499784292905,0.765451382585714,6.91078596492351e-05,0.0120217099229408,0.0141376516814706,0.0105174663295717,0.0115099254601353,0.00550369716574227,0.0152084741773878,0.0237323476199033,0.00597500243907342,0.000399923766590165,0.0106437936933233,0.0152034037532729,0.00685513008204421,0.000269872923793803,0.000250737349504666,0.0082878255256238,0.000142765658819788,0.0145369725129083,0.0128503552929109,0.0203638328861377,0.0034277994063588,0.00269495015144859,0.000884600511046016,0.0129480856406028,0.00199935063213712,0.000358119019191807,0.00273806659486961,0.000332752055947362
0.00419224798775559,0.00113844131576022,0.00250077549398516,0.0695726311635324,0.47707471964379,0.0121793673350579,0.00734782373606138,0.0749560723959904,0.0331468217548054,0.0408460574373481,7.73819557350047e-05,0.00619206265558741,0.0148651049727552,0.00161010835732557,0.0161615241803234,0.102070178348217,0.00449746079910535,0.00541520527604779,0.00257217093655509,0.0421602998576883,0.0169403201765144,0.00382700217468005,0.00446964846559645,0.0297600859365788,0.00980071023853313,0.00309846806143341,0.00117006325440737,0.00454549084754478,0.00429817832128115,0.000509046746727282,0.000775112906897386,0.00222941726637848
0.000492468848228649,0.00207128881861997,0.00588562440716496,0.0035766909651115,0.0569928789172499,0.64301583578047,0.0219486549073244,0.0315339236480822,0.00142815390997927,0.014637864722262,0.00310635183201657,0.00799829410668975,0.0411754769051469,0.000912525534565291,0.0043839477172584,0.0343895045764251,0.000601467479902529,0.00442116743788294,0.000485070019104642,0.0116481318106512,0.0190971300440553,0.00282165674202362,0.00874887813856325,0.0188809422040261,0.0200212095269043,0.00991951454262457,0.00382905684355657,0.00797725123564199,0.0132044945393039,0.000255823252049611,0.00069878878478785,0.00383993180232653
0.00205392942280538,0.00646358230838697,0.00136457374439056,0.0549391947015051,0.0461321451000256,0.00573337849258962,0.568966207271654,0.0259784106859967,0.000974423578435972,0.0625884097940997,0.00322459159475723,0.00703864843391943,0.0316674426066151,0.00538800903589546,0.0199136357133878,0.0286475565267515,0.00218600884912264,0.00474256390328942,0.00193893658350154,0.0146642536652681,0.0282376090042088,0.0121769188526939,0.0110903448098438,0.0127839443211739,0.00763323699544319,0.0083516126690728,0.00907026740433864,0.00897395961807459,0.00403093091724261,0.000870733168371774,0.00158287340419037,0.000591666822948027
0.00192830814678121,0.00120703216795219,0.0112938366012309,0.00870656431076447,0.0235000692496711,0.00835260893248363,0.0531245690870331,0.654137473526534,0.0106867694706366,0.0016969311035439,0.0108496882281248,0.0345068558757901,0.00190334518050024,0.000124937807540791,0.0239007798806036,0.0341742692110258,0.000836101362609721,9.63010604978041e-05,0.000726285583682125,0.0174168190097342,0.00929321151928647,0.00149845365792926,0.0051962515534675,0.0393750870428325,0.00112331791304184,0.0104714645302437,0.00463453189086252,0.00964249106820638,0.00793054647284134,0.00187784480908956,0.00917950105906944,0.000607752686389307
0.00408376343462735,0.000968544781421679,0.000317768710088121,0.000514382131112902,0.0412992400959571,0.0139880183364345,0.034027275845885,0.0186356964627977,0.606347158222103,0.000984309780692736,0.00138755386296019,0.018369307489488,0.000515627347911497,0.000420921683559977,0.00277824279215426,0.061881434057251,0.00023011926737309,0.0164843492880061,0.00233344179475635,0.023002631522154,0.000782736616377043,0.0262319238481179,0.0528126948649161,0.0282690085373861,0.00900142791486381,0.00171788382557259,0.00292556094653459,0.019485762611844,0.00224004831910278,0.00181172323670939,0.000922491174973756,0.0052289511968667
0.00505410526493736,0.00150017770011562,0.000212554447690407,0.0157662417384672,0.0719895975734444,0.010186562310532,0.00778479321933016,0.112390381113317,0.00610344158994905,0.438913218353213,0.021525895143436,0.0654657599049364,0.0249384860960054,0.000829132145178952,0.0447130864325953,0.00947998641052655,0.00328613317205497,0.00244332994179381,0.00109667657447478,0.0106873377025,0.00553849156187676,0.000980081262044749,0.00326175885806563,0.0210248891675224,0.0188585046484342,0.00671010564321031,0.0114843263633892,0.0648688127115321,0.00010708321717397,0.000150964353319678,0.0116467108911488,0.00100137448778432
0.000307124986648177,0.000153588943876046,0.00120668711290422,0.0034710169871053,0.0555436032532326,8.5210429841671e-05,0.0201410858933939,0.0179315505464396,0.0146503320926594,0.00303601038580874,0.555641110916281,0.0177819404652921,0.00228308036321191,0.00166232839322918,0.00680516846587278,0.00702424032136189,0.00100208483668197,0.00209495109461745,0.00176885166242775,0.0704335623949135,0.000650459740972039,0.0107486171438972,0.0321386558266146,0.0612672201877819,0.027747870423296,0.014364060636241,0.0261536610347414,0.0335045368122109,0.00125860810784481,0.00211563755875297,0.00674738132205611,0.000279761659792505
0.00364034108944855,0.0016153718250327,0.00179128174421259,0.00459101357405807,0.0161546563860817,0.0106880257697187,0.0227706033018019,0.025461474652702,0.0612913961179906,0.0239131647807359,0.00825578274328001,0.405828080777207,0.00156897018427013,0.00105220000858426,0.000489680743022662,0.0133188685728693,4.32442669259108e-05,6.34873774654462e-05,0.000164229410274356,0.0636035094737507,0.0202023711552276,0.0100511796018315,0.0876283652606485,0.0937682291669137,0.0174480634857418,0.0199479176651823,0.0318279151168341,0.0264541935459491,0.00807775783976536,0.00175039860950619,0.0135171873686639,0.00302103838430401
2.98145743133608e-05,0.000286596771253846,0.00462190358154642,0.00268629088075718,0.0153248430216534,0.00850021444870402,0.00345469372310295,0.0136459393614847,0.00906157646361258,0.00978761803134162,0.0107217411131992,0.0334685219517983,0.733619900501024,0.00631991529153588,0.00397396969868209,0.00511142252527262,0.00223952118372428,0.00152487078116417,0.000873426125229428,0.0309397365618325,0.00516709334771264,0.0224102218057089,0.0274078038327057,0.0129423657331121,0.0125100546640357,0.00104670782820609,0.00123826154106254,0.00495323005808735,0.0108367105678731,0.00196908870304378,0.0027619839849192,0.000563961342300462
0.00248035894086851,0.00342484712231435,0.00561446734628748,0.00589966154537412,0.00881102397534332,0.0169321829447458,0.0133776811164768,0.0447220605983085,0.0134047463059006,0.0149908150542833,0.00134466174396169,0.0172563095796399,0.00835040657452744,0.685092109676892,0.0073187545260243,0.00893391189444949,0.000356303270959199,0.000493607563661533,0.00125345129652182,0.0375866006513275,0.00855420042946647,0.0127229228223531,0.0123725665476653,0.0236173038775189,0.00089688169165145,0.0102484516115354,0.0114190780685328,0.0151635433748904,0.000396171683543581,0.000405489722225561,0.00348342467129974,0.00307600377144951
0.00497988188989213,0.00293128669694362,0.00353648470314723,0.0150472829218859,0.0780488279920922,0.00968660372110211,0.0115806580022094,0.102825764926056,0.00443647616512175,0.0085900988369014,0.00845472444458568,0.00757384604780278,0.0445757249082394,0.00760020420342376,0.417314771295554,0.0236179358799096,0.00253386750107307,0.00421107214405918,0.000811938466393064,0.0618152866338672,0.0251321718832367,0.00192482001184936,0.00727488788605137,0.053067321700409,0.0383521847835038,0.00727430718352785,0.00817129620815073,0.0253712542859654,0.00734610639138962,0.00156826103059669,0.00240884365593334,0.00193580759912751
0.00588135318606757,0.000908354449032767,0.000190790210404832,0.00170658719138225,0.0283596842855172,0.00728963794974437,0.0310278703397972,0.00342469442029999,0.0363590847234482,0.00126623324036136,0.000616994842119759,0.00294156964350853,0.00191197179341165,0.000263474332129793,0.000624260419798337,0.750479642312593,0.000391306899988662,0.00742873766000137,0.00128713282373187,0.0390614349614939,0.00297713812678517,0.0121048541802368,0.00374077417790659,0.0490065008296108,0.00527676700251986,0.000407499627494714,0.0001987119183077,0.00178840202889099,0.00163682526743191,0.000435256813105371,0.000825629764786229,0.000180824578091551
0.00348242870151311,0.0050546087694497,0.000508955114238297,0.00318245708673379,0.00790389337020151,0.0097059969934388,0.00502186476553765,0.00337797034614247,0.0812067461286958,0.0105189442968901,0.000895713890822444,0.0131530698051886,0.0109135345775695,0.000183715101050159,0.0158651910861178,0.0849622291544037,0.675014395245862,0.0035599361413791,0.00199171647606573,0.00367515308091604,0.00228238436546079,0.000640897741589852,0.00275485119404295,0.00157216091765172,0.0115382363536231,0.00243760401347548,0.00113044224139851,0.00186097336242996,0.00162450403802591,5.55944464400581e-05,0.00635071359496727,0.0275731175986786
0.012763850366255,0.000872459586782001,0.000603149478154325,0.00135797648133044,0.00760028686988495,0.00330284087665138,0.00850362767070128,0.0042466217945443,0.00180385373199257,0.00394189410213349,0.00279096528779367,0.0121580122618832,0.00207917782602898,0.00236452612648658,0.00564883881743813,0.00271009111800867,0.00671338695279643,0.609413359096312,0.00557158874280231,0.0479908353962899,0.027341341650391,0.00195040674125005,0.0581120844702163,0.104010356776851,0.00111384695464696,0.00697759030109517,0.00910988173091879,0.00470273703616219,0.0217115611155544,0.00370390673617687,0.00349502445779267,0.0153339194446745
0.000574861860076096,0.000403407764828733,0.000664512131386584,0.00862760865015464,0.0163395831343174,0.000868002383223083,0.00556140830377244,0.0218216979755851,0.0188690542482383,0.0104995627129443,0.00214788003014365,0.0105811770763468,0.0214564957058781,0.0033346224996292,0.00852184945614526,0.0100955028253559,6.44707437856322e-05,0.00551545221574175,0.567008511890779,0.0698798919484686,0.0256383860603392,0.000837394194963551,0.00257878999821612,0.0669787938539304,0.00106239249442526,0.0396175445934052,0.0285683946222348,0.0290465368945987,0.00167681215962423,0.000784894174726912,0.0072196863727686,0.0131548210239663
0.000404931818862171,0.000866525592351461,0.000350994368446438,0.00709488776490259,0.0584612163056821,0.00195799877630329,0.0268728208961151,0.0109490490981186,0.0308523357168644,0.00350254203706782,0.0097811289130389,0.00158682773252674,0.00931710768127963,0.0104232411230795,0.00184743673605623,0.0132322733235171,0.00440692967159649,0.00250039527673222,0.000389743072193436,0.423292507750658,0.0246290226824092,0.0116067047194159,0.0524701677998519,0.190553360580081,0.0060210117683769,0.0398242918078442,0.00604243348630598,0.0266761865904438,0.00952071990464995,0.0112493680525709,0.00144835474585962,0.00186748420679845
0.00019986760934384,8.7837671565359e-05,0.000142319695479289,0.0179800644542309,0.0293854703910382,0.00203411178196937,0.0298875534880747,0.0154567463383941,0.0023471093136283,0.000732956853475088,0.0013663545197943,0.0283223412626339,0.00798162120736026,0.00301625895739702,0.00341328388928765,0.0268801661556063,0.00411415439303623,0.00178115425670883,0.000987590361167413,0.00475314944652145,0.666576162754865,0.00453551336356516,0.0364464829223846,0.0403788671018726,0.00401304668124218,0.00176559122073785,0.00111033128723312,0.0459160565977211,0.00429379370842493,0.00185798441261539,0.00375403855283232,0.00848201934979319
5.37753844980396e-05,0.00464340785291998,0.000142818012960979,0.013491865931461,0.0774904583560378,0.0103769255038265,0.0380926517168934,0.0635280867948303,0.00198768575724726,0.00105608325376279,0.00831616716404113,0.00602342450258439,9.48587825629542e-05,0.00356454036681059,0.000776845265189641,0.0497766313522805,0.000468783364504891,0.00397853401139457,0.000715661056404401,0.0130812071221507,0.0021932930355766,0.456951951541073,0.0704872625826393,0.041934484053031,0.0616759510678637,0.00284395421077035,0.00494571178804072,0.0331765133361535,0.00106947493941892,0.0012599717916095,0.00728827632068308,0.0185127437807788
0.00176935457692778,0.0035693331950474,0.000239522623323332,0.00242763642227736,0.0523095117941067,0.00337249689180403,0.0343750888396528,0.0189289695035779,0.00181724415384625,0.00293173751025506,0.00384107096154552,0.0104544671343456,0.00622391036193223,0.00275961512744728,0.011846100542951,0.0598369789414983,0.00613152426778958,0.0079317127894804,0.00667653723573748,0.0663664989118067,0.050191484645138,0.0138710619709267,0.33822415931565,0.148148908683506,0.0466111863687866,0.00787160442448544,0.0187256111994255,0.000440937938728591,9.52744166571494e-05,0.00685463826975561,0.0090492821284047,0.0561065388531833
0.000773283205009053,0.0010259665510742,3.0789347304355e-05,0.00448656091992893,0.0250316842058894,0.00167481176841514,0.0124904267957342,0.00555540836074432,0.00560345012111084,0.0004301307612817,0.000988239098916818,0.00085714149375947,0.00244548374701771,0.00316016157631971,0.000480303268349209,0.00297542437077512,0.000898403890675886,0.000513052646105898,0.000236324943793457,0.114656248083024,0.0105395096131418,0.00123751995228917,0.0104295578099239,0.764929031158851,0.00236992482658263,0.00415649512313564,0.000780911907629127,0.00899713375835977,0.00613882383812968,0.00365250327276338,0.00114865076579248,0.00130664281817267
0.0112487429032564,0.000431828741150446,0.00112688512891159,0.00680008507281569,0.00945282944243452,0.00206267963529293,0.0434050076433551,0.00426687950132747,0.0238740401563691,0.0111537950290029,0.00365107217964969,0.0150759911716609,0.00183682274044761,7.70401246658923e-05,0.00983246824277246,0.0177448119763544,0.00811714354885553,0.00665090031207273,0.0034064979733278,0.0647798632365351,0.010701297668852,0.010245711136928,0.00940863794423892,0.0514461390387583,0.611979172990939,0.0154981195645786,0.00846034492447609,0.0142945334681614,0.00929346797287908,0.00852906298928222,0.000658030133221605,0.00449009740742638
0.00400855375273648,0.00110565196354326,4.34917918574149e-05,1.10552183455504e-05,0.0140961237138066,0.00485774209201088,0.0112712233273273,0.000645207950748678,0.0315026905506077,0.00131081658695129,0.0083645148479842,0.00537137440894049,0.00401932051732494,0.00187479200725071,0.00146432539750381,0.00781188950225828,0.0053504434261196,0.000722033839834698,0.00362593889343187,0.265627588592486,0.0138887096123593,0.0013738690040184,0.0336200772662075,0.233533293509556,0.000235344005757556,0.330481866307287,0.00285379374520948,0.00043469774190582,0.000891072774873663,0.0026168891955562,0.000145763743875337,0.0068398447123238
0.000271478538905688,0.00376961039686659,6.49529464301348e-08,0.000740179484262457,0.0272470224660019,0.00329080027420367,0.0238922795860887,0.00266903364647799,0.0420114531753255,0.00211189938820012,0.00781639576323705,0.0185754559666864,0.00140673220201376,0.00231392312718372,0.00195222078241139,0.0066019268781665,0.000823017067979973,0.000409130915251856,0.00389692481845842,0.177715115979197,0.0173900753452767,0.000945985217764273,0.0145465890464119,0.164715141118984,0.000705818853326644,0.000994865040525418,0.453141203090307,0.0092617557425355,0.000869694846854358,0.000942418237846525,0.00153947592634099,0.0074323121239617
0.000100501757055232,0.000186353306697414,0.00197891017502479,0.00307896293555728,0.0261238815029496,0.000237646009417612,0.0167791644672839,0.000415572073260257,0.0313627936051784,0.0123227682785908,0.00682513295142368,0.0274577432760756,0.000838413402828562,0.00194706501517921,0.0048480156498987,0.00566088923010885,4.53407920397492e-05,0.00149350455101946,0.00198328645953341,8.95848614904008e-05,0.00346473696853836,0.0056512125787177,0.021102712575103,0.00566221082980796,0.0199446717244978,0.0125036537211843,0.020596529486862,0.736180436204328,0.0182383094039349,0.000985700812653564,0.0113108329536634,0.000583462440095953
0.00215324330728848,9.10159605568546e-05,0.000145869879117921,0.0171484871491172,0.0218419680048062,0.0115152126178663,0.021995121781466,0.0509715093284868,0.00811300442682952,0.000391911884708207,0.00123348194369769,0.0147184656408986,0.0019474576030803,0.00186297342043576,0.00454870015060829,0.00975522531322026,0.00180375453075936,0.0015183730063028,0.00408642906932308,0.0206428631184844,0.000395081703054777,0.0188061698316903,0.00432288420740976,0.0506544013949267,0.0102798752027945,0.0584165589604592,0.061104186775165,0.0344952504838703,0.539033594933069,0.0137244820404479,0.00888480042797209,0.00339764590208653
0.0021280574432929,0.000774455459266839,0.0024839248057082,0.0120609192810864,0.0168082002719711,0.00834630978314294,0.044748540632947,0.0443956553466126,0.0282343101275133,0.000769882687013747,0.0140016133934591,0.00469481797488571,0.00457573078100856,0.000633503139357754,0.000962092690288764,0.05831797344759,0.000228492444753432,0.00236076838791357,0.00400899591301044,0.0437905975344257,0.0029754363103289,0.0159992262092367,0.00805047115813036,0.0378346904499367,0.00941866285161501,0.00642627045579755,0.00515765382467966,0.0120343522658544,0.00206878630495237,0.605103453523768,0.000536695709459728,6.94593909929587e-05
0.0023036701364809,0.000121235809205385,0.00146550307673082,0.00636207056959543,0.024564044936262,0.0218404136512231,0.0211268207805403,0.0332774395849608,0.0196039262932255,0.00253317533763686,0.00761543298024274,0.00292717084080848,0.00752169718742412,0.000848801357625516,0.00514138871626829,0.0609869480713361,0.00379345848545753,0.00187316878457159,0.00384720126940266,0.102167024953437,0.0272367878926224,0.024197512456682,0.0205804024161666,0.136230631793475,0.000605067979888833,0.00423777969152787,0.00469914885364537,0.00660295145617619,0.00352132574348731,0.00650220747148421,0.428187866393496,0.00747772502891316
0.000307487151205899,0.00543809804865192,0.000193156158427829,0.00471436882899342,0.00256613192578968,0.00502775182196748,0.00641471346531988,0.0226778741970438,0.0171878320016537,0.000326020518118863,0.000777917892936305,0.00540615795792077,0.00853566631513209,0.000153650535598767,0.0035784694942804,0.0254202158392936,0.000569454022431027,0.00740282390360008,0.00772072716850105,0.0110860711862118,0.00147608096811403,0.0178092206756489,0.00655179388083637,0.011138997020796,0.00781783316931023,0.00143634318054596,0.00586284484217935,0.00169927883693559,0.00328656226495843,0.00162064762065101,0.000619116645354152,0.805176692461592
