0.803741338969297,0.00267720507610912,0.0129540451149378,0.00646245859097503,0.00562777030733769,0.0358794177173552,0.0138378114732755,0.00342127110425612,0.00130010427273657,0.00137020589042251,0.00074978956086991,0.0031735008537687,0.00987719872990802,0.00184254453816276,0.00202842531261132,0.0128018101051616,0.0157226482534403,0.00650939099834252,0.00926523650486896,0.000388496994959003,0.00126381010760748,0.00413683967015707,0.00560727754463484,0.00324252850447597,0.00281959783994819,0.00101187504131319,0.00583293988111039,0.00856400866732544,0.00102613546424219,0.00173551697868595,0.0147166187789131,0.000412181152790279
0.000347986138697134,0.700386308713748,0.00352649754164531,0.0042472004234595,0.0137169044804336,0.0249210587239814,0.0908526278264717,0.00578481921856621,0.00944852359746872,0.000262168388252891,2.51611943500049e-05,0.0052901666056821,0.00303422629999823,0.000346271848732509,0.00287679284641787,0.0512210774827427,0.00295045712002863,0.00297252815591956,0.00721805141614842,0.000399787303357111,0.0154373948372799,0.00515771931187657,0.0144697131783519,0.00653384085560408,0.0140559585825863,0.00299362400634721,0.00195656761438042,0.00316015094158468,0.000240632835228047,0.000591649037255763,0.00345672019310212,0.00211741328030131
0.0111901737646813,0.012704422610626,0.68474711173501,0.00326815965685264,0.0186600527124689,0.0120847045605232,0.0988684066314093,0.00654636656186823,0.00607710610180582,0.00385480331080171,0.0138723106700448,0.0434708366386464,4.81298325501015e-05,0.00699543227208015,0.0016670945137602,0.00831336911607466,0.000878829387658099,2.88094241965294e-05,0.000133768914644355,0.000432011989953792,0.0155192393605543,0.00541806392285978,0.0112353802958534,0.00767054010778372,0.00656077182448169,0.00308256491436648,0.000202389555274334,0.00467372569512247,0.00998997263629316,0.0001875564447739,0.000623390765854239,0.000994504071126053
0.000582864397901169,0.000787822137062738,0.00175001458006303,0.682504411556731,0.0119053063860485,0.010795489699269,0.118374103668583,0.0331825251496728,0.00190235001098052,0.00921690630310572,0.000922636303459323,0.0387139525636698,0.00348808050918596,0.000631508529166226,0.00131921003421576,0.0232916756085259,0.00312726522184633,0.00424160434242685,0.000145071456108605,0.000939988467504239,0.0203083847690049,0.00365185016847754,0.00394690156067991,0.0030468959816587,0.00278506593700871,0.00695416358533487,2.09621313521803e-05,0.00210252461052491,0.00626474756951205,0.000295653100437211,0.00151604321383357,0.00128402044664885
0.00530202676559751,0.00549878224705425,0.00365399143455217,0.027351531039058,0.591832385843234,0.00172647956350887,0.0322541546491138,0.00634450544778484,0.0533115380238335,0.0371037830338789,0.0011275446574178,0.0287804452590901,0.00610593385210895,0.00340965929034819,0.00264592378967715,0.101922719741843,0.00166996282414666,0.000240753307908851,0.00150000921170406,0.0133716283776075,0.000767651395524669,0.00851546741923979,0.0263569953630278,0.00321533184270643,0.000632214855171213,0.000749482251034135,0.00395642927212869,0.00383294917407047,0.0183244045281175,0.00465044391697079,0.00298506410519317,0.000859807517346663
0.005576896658169,0.00357681138061031,0.000845485636315906,0.0240591127276348,0.0221330015431275,0.741558435490927,0.0087814202968459,0.0319213862807258,0.0346468935865995,0.00203103547338274,0.00255851892081624,0.00625983119026465,0.000231402396560796,0.00212030681396714,0.00194484828763131,0.0401761633941323,0.00129935684220223,0.0020721954317518,0.000692069209273806,0.00156691897865905,0.0006239201643209,0.00219723798609112,0.00481797773890352,0.000667088005296378,0.000872356915927753,0.0271631144337494,0.0229889935958535,0.00501928109601489,0.000480413275883123,0.000558219251627603,0.000309356980619011,0.000249950016114522
0.0110661849167198,0.00485687586657607,0.000499038728942938,0.0266294658188369,0.0594466399532613,0.000956219682153495,0.805989217436583,0.00776110320029276,0.00896080488968769,0.0111274490042534,0.00425237579702406,0.00547789249139664,6.3236686902112e-05,0.00117593472869068,0.00165408272465923,0.00399838370950111,0.000371082103640602,0.000792696084018293,0.000549047201425315,0.00464269187881855,5.95205233714668e-05,0.00591721868785324,0.0143754143096093,0.00144710892708275,0.00247022518075124,0.00331739653353704,0.00607161210085981,0.000893196626317773,0.00139841468894916,0.000264681928969391,0.00225694410775979,0.00125784348155573
0.000438010444600365,0.00164903923587195,0.00154706640256759,0.0204188189938567,0.0426480243174537,0.0819723613800901,0.0152783172818547,0.612188141730681,0.032387952988079,0.0102484294517382,0.00208418120946518,0.0484787292652063,0.0141314615698851,0.00639413975223839,0.000568777544379269,0.0202898774767451,5.53350794784529e-05,0.00162288553936978,4.84737022173054e-05,0.00605056198765921,0.000224098851266994,0.001348687133506,0.00988510264587032,0.00180685368540077,0.0155468220607226,0.00407939329749432,0.0132981151056677,0.0146087857740407,0.0135939605388575,0.00131137046449097,0.00514782044986746,0.000648404639377909
0.0147679776762876,0.00874817809562531,0.00256223254914434,0.011633591731634,0.00833184862884384,0.0734069131969902,0.127909506161582,0.000243816552838651,0.447069456990708,0.0133147545489032,0.0137278960185941,0.0135883307836028,0.000101696751080469,0.000805252989300193,0.00231866472370283,0.162075092051756,0.000348800752459385,0.0160563511360187,0.000844177216892854,0.00158351166185938,0.000445075031885466,0.000957888880788743,0.0154542526045255,0.00378459327128716,0.0295935356639592,0.0013730118191606,0.000645344872301121,0.00716155585072879,0.0039171375381218,0.00123706490431389,0.0115053299326824,0.00448715941242102
0.00028899626553267,0.000264063677439608,0.000281323794985059,0.0181001499354993,0.00701464007296277,0.00405723039551436,0.0410258106672404,0.00370252638179804,0.00775798124516058,0.73498453755895,0.00888044143465852,0.0197985630008197,0.00010005722308448,0.00369703483126049,0.00237346898781163,0.0202201373149052,0.00260766031497569,0.000268796743547923,0.000861837539780347,0.0012426698558591,0.0328189109585859,0.00194309904514111,0.0038377792204727,0.0240777888275674,0.00369008269917172,0.00340236086899234,0.0123512692098755,0.0237160520450473,0.0114134697725277,0.000500256151606825,0.00442205782170312,0.000298946137523002
0.00138524726455861,0.0023210234368235,0.000410273250402528,0.00311285095038987,0.0161757425327866,0.00768506302812231,0.00490837120869179,0.00125044068025486,0.0270537699028296,0.00307899040820006,0.750616309650884,0.0411384391651842,0.00296776506743274,0.000389605983319757,0.00530360707014315,0.00824829961495302,0.00419710384081395,0.000464215586346704,0.000320515312443457,0.0070148631791083,0.0137646198672148,0.0102713514349589,0.00756518638841111,0.0115842700081051,0.00160551169825483,0.00358909611310829,0.000533910510672196,0.0407528382885039,0.0186723940196447,0.000131747250510558,0.000127962094876848,0.00335861519204987
0.000613515936874905,0.00325906793760781,0.00187265965220591,0.00276079956885499,0.0027225538405098,0.0158054055025448,0.0225354955706254,0.00778507481191144,0.0142995093199955,0.00703722889448415,0.000833267338620215,0.780903771440257,0.00313649181546389,0.000330545230621119,0.000439375861185521,0.0147722856568944,0.0026996899005504,0.00155432014718767,0.00386242975390337,0.0234542083276762,0.00344386304208308,0.00933415289170074,0.00265161954426063,0.0022433334898875,0.00103464686745568,0.0201007572377681,0.00316429556964499,0.0331567088800417,0.00827290625483948,0.00199830835718333,0.00275454743176538,0.00116716392539504
0.00786211762960709,0.00229079737622726,0.00119372991846803,0.00472777339278739,0.0219272743681977,0.00202112147221799,0.00121625430802035,0.00129996269819735,0.00841843567387227,0.00632318075645656,0.00428119793177409,4.88600196496989e-05,0.846480009088314,0.00422870143041506,0.0165057739350765,0.00393480856905664,0.000119503714010408,0.000832258643056239,0.000202416657838221,0.000705393141017705,0.00141201095825595,0.0146836206763608,0.00383575477949197,0.00392140963919506,0.000301778318222956,0.00194479265814017,0.00261170186004371,0.0245041996344897,0.00883989439617463,0.000445131438163754,0.00284172748204129,3.84074351591762e-05
0.00937660151793568,0.00202761161194622,0.0029251086810707,0.00338081662792566,0.00176819932209427,0.00495148109552258,0.00903704817144343,5.16610964681715e-05,0.00202922717911634,0.00368278466038197,2.907536589033e-06,0.00266890596332024,0.014022510831173,0.840260617546026,0.00555756020336597,0.00209241161696198,0.00879177174700915,0.00386546065859439,0.00420589054137213,0.00432320047365546,0.000678159739546377,0.0115608645530987,0.0015968479283062,0.00261716033200756,0.00348380430093397,0.00820022993348219,0.00248830870866879,0.0189651353094414,0.00603502813268643,0.00447322440386579,0.0131661308876341,0.00171332868835599
0.00892462616130995,0.00980009408098576,0.00298263993605252,0.0232344727042058,0.0204311329332026,0.0125602597800044,0.0406495366483953,0.00355597710306902,0.00614948393628815,0.0153156300579098,0.0183488592302112,0.0243565294014455,0.0350969715985374,0.00329311814849532,0.686294222336936,0.000368447546239994,0.00287391786105597,0.00059798986828285,0.000231226662822942,0.0114431181035019,0.0333900106143061,0.0061000462172081,0.00122147221864992,0.00852589678657159,0.00317803651519752,0.000664746044496254,0.0059006622245643,0.00847158144157381,0.00219213162907377,0.00168662911833945,0.000891769494807691,0.00126876359625911
0.00605927461728321,0.00354009355926249,0.000505876451653776,0.0013347973334507,0.00860423903481893,0.0146165553091479,0.0344805838572662,0.000814787574001665,0.0931114199675661,0.00127477007752063,0.00166166442878479,2.02538436841575e-05,0.00694307851072965,0.00134640891950831,0.00106788953003584,0.777082307679674,0.000334590395951454,0.0042683343061168,0.000995792874583127,0.00189583054779669,0.000813769100423532,0.00313753933971398,0.00355350647160777,0.000689101054137127,0.0045662907759515,0.00042281533017113,0.00154954100818198,0.0169043529681307,0.00592482273009226,0.000533759493274581,0.00170303296610435,0.000242919943374668
0.023363101909018,0.00726647982714344,0.00214958337912783,0.000557508143826872,0.0223635637382341,0.00172064408657667,0.00710710536685848,0.00094979657016903,0.000260433951078394,0.000685910319070677,0.00201509262240624,0.0530033707453272,0.00612330436228746,1.37860597146825e-05,0.00148546312605993,0.000547636200434399,0.795005541401803,0.0156087847806011,0.0099372079622655,0.00228280485402695,0.00229351379580872,0.00551656863902077,0.0019533851428192,0.00493402277146626,0.00502519556797674,0.00572895091980571,0.00391696296254872,0.00470456458597698,0.00448871828216329,0.00206041636209744,0.00648972902450511,0.000440852539781396
0.00513663232195721,0.00141163840154041,1.49620786804424e-06,0.00285920016705066,0.00119151810855789,0.0161635092978548,0.0684396195349825,0.00252206341406421,0.00596415836203089,0.000436176725599653,0.00208928535887569,0.00564336096898242,0.00415401794323097,0.000542248278293982,0.00099422501240548,0.00618274816089037,0.0045843462439269,0.633412367190504,0.00550696751182809,0.00655016230968767,0.0659230010317382,0.0151198092278704,0.00212084888898315,0.0722044228060545,0.00534595370557894,0.0205167932454977,0.000748359875407149,0.00942958470028513,0.0141016456452602,0.00122656808102521,0.000301258149752331,0.0191760131224148
0.00114651748787026,0.0066721975349435,0.000557499285796318,0.000819650899091542,0.0217261830633364,0.00904148844101468,0.0222996583340451,0.0063126919945482,0.0105621993230194,0.00125255501610012,0.0292033722404536,0.0648712356117884,0.00336388183603878,0.00429058121016784,0.00184488243856852,0.0155874345357521,0.000507051186019061,0.00154273178767177,0.639002987939148,0.00874942176302144,0.043535945285245,0.0134596457211363,0.00411753282104393,0.021489716357549,0.00210697617039718,0.0157661216725955,0.0163240884506827,0.00919540146447253,0.00112418486477973,0.00107404100474337,0.0214079713226471,0.00104415293631203
2.58734502694252e-05,0.000854260002105927,0.00113935005343284,0.000727170890397356,0.00800244163544483,0.00136321198331539,0.00654474758029982,0.00145854783821039,0.00591522071643609,0.000523523163013804,0.00536113015674859,0.0168855125486887,0.00118559239696176,0.000861400753029422,0.0046193768352953,0.0132049693231645,0.000522303250269052,0.0021688017507807,0.00856172262510956,0.773492623969369,0.00158748619576621,0.00539947831960994,0.0315367389000525,0.0174562043841697,0.00121305065334959,0.0494330037861083,0.0311601750389308,0.0007818931183961,0.000312159717018575,0.00182397676941413,0.00457713841236072,0.00130091378248091
0.00081956969976753,0.000291981797804243,0.00138431749441929,0.00440757940027936,0.00132408930899511,0.00259278942120052,0.00980213114496523,0.000831269595462102,0.000992440696842098,0.000466836851229614,0.00222967093961047,0.00154079150741176,0.00267684562201096,0.000498141139230098,0.00851405530315775,0.00457024559869434,0.00117014897847904,0.00100970313227837,0.000260551092278334,0.0196027618189891,0.683904413985763,0.0127010916440184,0.125471933936417,0.0167784062757994,0.00749264635586778,0.0402150834083356,0.0354949586561721,0.001426667829245,7.87921000560094e-05,0.000585883795995454,0.00303510938750003,0.00782909208172513
0.0075391925906767,0.00595493775149228,8.20329760031709e-06,0.00227743876571008,0.00511530816595365,0.000509556340701111,0.00536562260563195,0.00105758828485203,0.0503713808863213,0.00183906870369065,0.00117326765678769,0.00386302300814828,0.0137366913219641,0.00462195352874959,0.00687978578458892,0.0437505129545461,0.00332924344900321,0.0173675348057298,0.022299284192513,0.00419705157264902,0.000486778387788759,0.722691107637421,0.0545235455611584,0.000166863513769515,0.00112079667899409,0.00333950153693301,0.0023573335677502,0.00525238531499452,0.00175203348779221,0.00208888592984269,0.00432224511766694,0.000641877598579359
0.00883541851954714,0.0206302105651902,0.000399701686103884,0.000897804250618733,0.0126122773606048,0.00507656217205207,0.01847912021211,0.00562237668993226,0.00634219505509929,0.00445011370827232,0.00311085685727224,0.0105924364956563,0.00751610997297322,0.00602151550553021,0.0135825455803044,0.0248794082247015,0.00632522626097025,0.00768531992246364,0.00957403508644222,0.00633875860510702,0.00182240078268989,0.0041791829142875,0.73023108179652,0.00162251102265071,0.00313116733154742,0.0203568230343752,0.0369783275762674,0.00818488041445073,0.00508005790965148,0.00310118094783275,0.0049515697226235,0.00138882381615227
0.00114096113099327,0.000319488758873929,0.00033136973515753,0.00269528868145656,0.00929523526741481,0.0016180427503313,0.0179855493164848,0.00044340856223626,0.00729492569021614,0.000232526247171132,0.00223120486849169,0.000819752071897656,0.00200091245634331,0.000473262301147978,0.00220901426561677,0.00849098728902115,0.00113363319626495,5.81532452330979e-05,0.0129236625836965,0.0366568500107585,0.0330348227538952,0.0222689842390699,0.0334543840648292,0.62398452142044,0.00533873428064362,0.119887944338467,0.0454991846481028,0.00195782789761677,0.00180945488253445,0.000581180598251832,0.00243814770799944,0.00139058473934242
0.00809451903002565,0.0148822508734516,0.000968842601238719,0.00384038864904083,0.0286238954872842,0.0121995764877731,0.0427168019897564,0.0036693772803874,0.0179188691839319,0.00244918059029686,0.0013336557903641,0.0130368039974921,0.00369448623807265,0.000467603074681375,0.000817002765831262,0.020249389518607,0.00162689613205199,0.0248260102355744,0.0026908725056221,0.0170314855822451,0.0138946429178036,0.00579320464918774,0.0386664586103765,0.0116880161587245,0.651363651257782,0.0008852537835912,0.014551532384641,0.0205180156711323,0.00812288761859766,0.00181838237195291,0.00379004883798568,0.00776999772449634
0.00329932149576373,0.00244705055776298,0.00153803741505102,0.000511240631293859,0.0341327984715503,0.0132920012690013,0.046094282331714,0.00279410961188997,0.000528689390866419,0.00974457995186567,4.53838087019956e-05,0.00189727116849548,0.000988034075730476,0.00897756800569427,3.28798436420136e-05,0.00660418378910548,0.00120333070994248,0.00240175968851219,0.00986720693197292,0.063552622285202,0.0188642845536178,0.00761761989684976,0.0212044482934915,0.00361780027688708,0.00413738080880895,0.599233240775757,0.0860563230615916,0.00415092988131023,0.0388184283223948,6.41443497573722e-05,0.00288066310983635,0.00340238523593918
0.00223568740500627,0.0018271545567603,0.000194161142884988,0.00502850477418829,0.014869874261022,0.00105182933684432,0.000805313647274343,0.00110923446388567,0.0103740638451845,0.00629652411401236,0.00213131340036826,0.00463673130467369,0.000173546832423814,0.000844770603516473,0.000974716596722632,0.013523634051282,0.00025901886828208,0.000262496739317243,0.0105356927511438,0.0439685730302693,0.00211415273745811,0.00414614114948967,0.00743154845678987,0.000924267646549928,0.00384918664740107,0.0773842526462335,0.757280263314677,0.000270887084629018,0.0195484861412719,5.95442594110023e-05,0.00469555582096618,0.00119287237006011
0.00567160114610375,0.00812951114512093,0.000144961540330152,0.000274813960503183,0.0129288987260237,0.00578777271452368,0.0323296999098213,0.00245818945964661,0.0191166597786365,0.0108373472387465,3.93137246463718e-05,0.101468356424291,0.00762404291838785,0.000602914063609324,0.00891658219169241,0.045272976700794,0.00249633675951447,0.00042451143990933,0.00434871670922094,0.00306915867397795,0.0020014612028378,0.00769078682516246,0.0122126351668204,0.00861743337937646,0.000874255742105335,0.0129017008289567,0.00457858150488858,0.657869820615606,0.0114094275621656,0.000602914472909266,0.00902297356314254,0.000275643910528688
1.95437451461221e-05,0.00198638508870562,0.00048214040633962,0.00590670971294842,0.013995902037854,0.000162427388818389,0.00545560394953324,0.00447207455262349,0.00455311992362215,0.0023302635560751,8.01378695942551e-05,0.0107870517712012,0.00102178590891547,0.000945747600249757,0.00772223757609118,0.0098260905777828,0.00180384292947001,0.00435093101860118,0.00326248305587146,0.014512535059819,0.00332620912541697,0.00140695917281605,0.0090752318749399,0.00919543656314559,0.00341967345532482,0.00867064632810709,0.0607729878754166,0.0176363344639197,0.788907303264615,0.00134770880062387,0.0012894362554187,0.00127505909099379
0.00548693640965085,0.0042090124133566,0.000963809321444336,0.00488551050611728,0.0335435022639863,0.0178994593986118,0.0737275750120453,0.00555698351733682,0.0142425108805917,0.00254638990780285,0.00412103083801278,0.00386172131864502,0.0108467135208406,0.00766186038834228,0.00339894370058764,0.0362857480119948,0.000545420782927906,0.000262577098758224,0.0131297901477892,0.0242233518277554,0.00650667961859975,0.0105948112519598,0.00279145960300002,0.0126962299084902,0.000771723117899432,0.00899316313883641,0.0122354230441293,0.00418873626091193,0.00605860495987671,0.662653636362166,0.00370923874222652,0.00140144672530696
0.00657078286281993,0.00261854948476288,4.71996156793427e-05,0.00578959082991751,0.0247362017584031,0.00404651634015216,0.00267085612057804,0.000600637948309214,0.0187115213350934,0.00976277033652687,0.00213475421441177,0.0314256724930325,3.43545483279595e-05,0.000149389329351069,0.00254199949965682,0.0300499315419504,0.000905438750572452,0.00046468904827743,0.00381123431942487,0.00546317807471923,0.00288067019203964,0.00237328824433699,0.00581245602753983,0.0132276496358402,0.0032793541273618,0.0242663219327968,0.00368016826410862,0.0165657797911693,0.0175304446182477,0.00101564907031783,0.756678869344035,0.000154080300239736
0.00519431824188462,0.00519714381876324,0.000365949291862775,0.0006376696805011,0.0101727869227532,0.0106540777214127,0.0507054767850304,0.00156778090291004,0.0123889336537958,0.000546011792719208,1.98457113532009e-05,0.0173641532824001,0.00824412354728282,3.45001843300043e-05,0.000403409891020917,0.00699450374061193,0.00756056144782813,0.00422768481720739,7.19433009573056e-05,0.0380826709086718,0.0089259411770115,0.00456671351582411,0.014894625562992,0.00143874708446702,0.0163870254683326,0.00143735211255978,0.00470372688285152,0.0185776721486818,0.00242025524792374,0.00317650679221707,0.0286578978088958,0.714379990554946
