0.769581438522627,0.0105643132495363,0.00228982812196702,0.000693081006809136,0.00629784777201728,0.0121223451274901,0.0293531703178302,0.000535367414891742,0.00352181628387789,0.000404789447205384,0.000849691994279239,0.000769513157666384,0.00379603694097779,0.000314212808319798,0.00781825138111795,0.00216179937644442,0.0220246979166614,0.00980474220340261,0.00090905240498743,0.0179870478454481,0.0139078639020367,0.000387545929652786,0.0302671592193583,0.000289445180740007,0.0303018644571938,0.00565734578680929,0.00443995981738508,0.00138913182211373,0.00030624733404419,0.000689815599353866,0.00297550771353148,0.00758906994422387
0.0107397599079189,0.698372469287681,0.00870720695030409,0.00532508983951606,0.0205006337567973,0.0126596580091574,0.0172925234172366,0.0240605913372305,0.00108335091505065,0.000762604331727377,0.000915654174789074,0.0661343516797008,0.0101635761919241,0.00079985280047911,0.00873199906305032,0.00366694124689262,0.0010372233883554,0.000498994203816451,0.00776667547985593,0.000665513077542715,0.0104486764492619,0.00274191614371895,0.000472259011479872,0.0148744488924155,0.0146209478710242,0.0029947646354723,0.00026306757998978,0.0145704374243623,0.0113459232615883,0.00119510797800823,0.0219669210536265,0.0046208606400255
0.000534531849427571,0.00114931684698618,0.748663815068398,0.0348822342648845,0.0310805145459801,0.00713716673570447,0.0134711171123571,0.00683928964452322,0.0319362220698642,0.00396064306018008,0.00721786360116064,0.00115844822760074,0.00629132567705345,0.0097399075029342,0.00831357973329719,0.0111668500467429,0.001898776842792,0.00313245846557404,0.00314156003623625,0.0018553815236194,0.0103198514214,0.00247674541628131,0.00718129755197369,0.0170054258048345,0.00496172612730056,0.00212736611883964,0.00199732905777445,0.00805635741737955,0.00141093771107899,0.000976705710362185,0.00676829694345433,0.00314695786400452
0.0106542595035977,0.00953808861814401,0.0100270953922194,0.495735600127344,0.0168060037912365,0.0722866766457181,0.0109355788997802,0.0387731524817364,0.016795449330365,0.0121703234441754,0.00409544778558253,0.0592913411567183,0.00269923040577773,0.00142038285616082,0.00205986161368931,0.0524510839508685,0.0134604243815401,0.00251016344789436,0.00277394901791096,0.00704897961343706,0.0357259983913069,0.000277439418019304,0.0320939487482571,0.00126487331101737,0.00646277773581776,0.000717887759729007,0.00672492565439224,0.0301772509037313,0.0077390932046417,0.00722949847758261,0.0187001453095515,0.0113530686220566
0.00223542781793613,0.0103433494464938,0.00150652533422675,0.000521765062543708,0.428067943476298,0.137654107823364,0.0534284843428168,0.019342054383106,0.0136145144045231,0.0041405418412199,0.00881613206534585,0.0237103028967478,0.0606798610865307,0.00041415590565548,0.0359461329290642,0.0935144524159679,0.00252064255996611,0.000282156873714318,0.00204544792210927,0.00187076832165224,0.00216375661045971,0.00368748446924627,0.00913598531609108,0.00307027521349331,0.0149240294507099,0.000272328685960124,0.00688470356353153,0.0121377990184055,0.0151167267413503,0.00328045042345199,0.0281111086621279,0.000560584935890182
0.00398258813040133,0.00775218657479321,0.000423809566716137,0.0137223750647798,0.00601046085054774,0.649395617195627,0.00602211087117463,0.0376977428359059,0.0355617596086525,0.00363372419451908,0.0124927614952994,0.0158829225217039,0.0459350988965734,0.000692260861026544,0.017476597834816,0.0654695588310038,0.000204987527636547,0.000102949239110937,0.00467036168792321,0.000818521625170693,0.00334493972981189,0.00268005248946985,0.000959835338598754,0.0117028736928923,0.00343811635499641,0.00784715882579155,0.00177810919977963,0.00913710748080874,0.000672801024418562,0.00314570426223333,0.0266262536246059,0.000718652563211039
0.0266759961523658,0.0257078564528752,0.00210413565183897,0.0401628283478654,0.0301726954686116,0.0457689545257369,0.412887328048154,0.03921813276852,0.0137173749487441,0.00578991066673811,0.0153157093852032,0.0143594560918193,0.058101630246764,0.00364508870185371,0.0241035966619377,0.0160493687618307,0.00326149951621193,0.000187589307009124,0.0131378126220901,0.00400205788969345,0.0118054428518984,0.014819334103884,0.00149329807519107,0.0196550166638783,0.0105832072690564,0.0027185821080407,0.0101753874838896,0.00650835184831757,0.024149260726599,0.0186207360478652,0.084600961750611,0.000501398854904721
0.00414705519839114,0.00679791847969396,0.00617331429731282,0.00514673936187775,0.00358241208133033,0.0305449586080029,0.0326003608526011,0.67054223861849,0.0013954948599999,0.0193928291683378,0.0100582548078309,0.0291828330885228,0.0152687275906966,0.00321500546987409,0.0114534858601901,0.0269631728210891,0.00497314037439986,0.00141629879731002,0.00251317119404613,0.0112923375105517,0.0187932452732543,0.000113530778765598,0.0155370221528535,0.000253336236636706,0.0067673480031083,0.000339364723891751,0.00328186659394222,0.0256248763179549,0.00319845074327081,0.005355830008602,0.0114587808704891,0.0126165992566818
0.00956001403256849,0.000977613995625983,0.000513401035490559,0.0139279282947291,0.0433560467428812,0.0185880865009847,0.0186455812556472,0.00325642369782719,0.683434399027112,0.00127266349549512,0.003796188814955,0.00376794082014359,0.00415693843208486,0.000962584069364174,0.0021697571209727,0.0155266266365268,0.0141557689731069,0.00183500250683485,0.011361213305536,0.000765448941317049,0.0276785366494132,0.00952624558816589,0.0121962685502208,0.0225428246996836,0.0038771537427778,0.000229882839579779,0.00239457892773164,0.00575044518218088,0.0154994717306269,0.00995599713523704,0.0381759016084684,0.000143065646711107
0.00108611361584911,0.00118643760745544,2.96845712703692e-05,0.0335004939226943,0.0180960623736886,0.0300771736158388,0.00719647583708844,0.0220232941605806,0.00916661515283902,0.565555906143745,0.023128536308806,0.115604276457466,0.0065543635763071,0.000833276209096365,0.00786766179612112,0.0264867714227125,0.00388317068902489,0.0036723155433353,0.00159643084837469,0.000275981760298655,0.00965999546842713,0.00161431229165387,0.00428037272911196,0.00597177619860251,0.000271640713103822,0.00694237863520792,0.00301669171062915,0.0554483183939988,0.0319528320978992,0.000821235964594747,0.000314287609276629,0.00188511657490188
0.00946709862048753,0.00699327983858252,0.00154484881225621,0.0561025388313669,0.0242381066174242,0.0368917761702154,0.0982219610095615,0.00309756474598741,6.45289163568572e-05,0.0160618014315407,0.531866130432714,0.0214361394102415,0.0378445629668048,0.0032403545035624,0.000270680065519201,0.0409323149647508,0.00941044062026491,0.00128634121465825,0.00161490035066442,0.0093428819126388,0.00939482843665218,0.00621208460522902,0.00346552779676835,0.0125723357488557,0.0033784526182582,0.00226316582973909,0.000251809130462497,0.0142296834808555,0.00187897890514495,0.00942599520187942,0.022063093131117,0.00493579367943976
0.000779260325738494,0.00100134580473401,0.00093561111736845,0.00988327974926018,0.0864867405844548,0.0118727194173877,0.00706924729049364,0.00336253201641027,0.0590186621193195,0.0107083942877269,3.06340094064451e-05,0.589973068691766,0.0255364485728422,0.00194301874061695,0.003843614301191,0.0193811598332674,0.0114449934349915,0.002800124355362,0.000765351014198749,0.00365681342862401,0.000445712348561078,0.00045447484134452,2.79396058086239e-05,0.0019136810325267,0.000472712826932462,0.00277443188681111,0.0454431879504328,0.000132978380714613,0.0776023806435391,0.00139139145954996,0.0158753729549118,0.00297271697370765
0.000152873542969207,0.00762240537890032,0.000705933886161092,0.0243621211095225,0.126103441940256,0.00202292720680066,0.0815051735304979,0.0107314154445762,0.0392524846985528,0.0155556600104277,0.0347706496358839,0.0171064987888527,0.486004324477213,0.00380532833501619,0.00699840650639013,0.00362625571783516,5.61316540505558e-05,0.00475889330695138,0.00166684070879274,0.00483718998595304,0.0147047209661696,0.021918099190004,0.0216688746933038,0.0133426300174334,0.00291653278407996,0.00462768124953716,5.32241501334993e-05,0.0146929973377619,0.00152920755907766,0.00675090677033864,0.0237408318532888,0.00240933756326798
0.000596842375322212,0.00276318160826156,0.00165322592953528,0.0103047787622984,0.0258026659982388,0.00341031845363125,0.0297928486492071,0.00823149007790455,0.0233673135100223,0.000671867718730939,0.00363134412845498,0.0968456051101042,0.0267027479670649,0.614380168643058,0.0395442663046725,0.00252641079428914,0.00391194862824619,0.000249916481910498,0.000937512019512438,0.00573170492084518,0.0132969773597651,0.000458870966008926,0.00100772193944158,0.0048093614262247,0.000852759400091647,0.00553535891940474,0.000505205528502809,0.0380748617945408,0.0180123382182002,0.00695983061143151,0.00708655420880595,0.00234400154627129
0.000969388702545458,0.00518057210996319,0.000776829519521538,0.00402758994905141,0.105922275258893,0.00836697319025431,0.0181032115613138,0.00826629389341584,0.0582628001118148,0.0197031811810094,0.00325505081880255,0.0219466002133713,0.00270232006316797,0.0048721038242781,0.595422720728286,0.0226031475925335,0.00104563692804822,0.00139071475604396,0.000844265607476932,0.00161409268627818,0.00375212742264074,0.00761136839027068,0.0131467975820331,0.0153493654971878,0.00232857528848397,0.00668241452235479,0.000675749803238131,0.0119875030258551,0.00951057984167415,0.0112355853119222,0.0295191262003599,0.00292503841791013
0.0358627922305097,0.0196482553225099,0.00312421745153783,0.00213138075949378,0.205232731289602,0.0501833881955841,0.0447131390923887,0.0519665886291709,0.20036839275168,9.80518879639705e-06,0.0024432835811858,0.0162185740059183,0.0043232124492401,0.00118479579886469,0.00594356315443927,0.184043127987673,0.00129773458305527,0.00502384874993884,0.00387829051058351,0.0240956046319635,0.0171922492560683,0.0104433558004449,0.000329065599602647,0.0179601032512554,0.00461698611110516,0.0103447593124719,0.00260646942123996,0.00527116956623275,0.0106933963348094,0.0152537167948909,0.0432082986501325,0.000387703537610063
0.013333759653438,0.000755110868909137,0.00282435345809726,0.00735590548279212,0.0960454213734792,0.00871414410991503,0.0619288544426197,0.00175829893014025,0.0883145735453954,0.000117583313003267,0.00269231208220431,0.012003999651572,0.00195377406238933,0.00834514904938091,9.61512188454427e-05,0.0149827854190913,0.616191993268852,0.00241625527700213,0.00459118146934948,0.00576674895034541,0.00455444332028858,0.000287828500108911,0.00250017908796896,0.0124408585203554,0.00364796644468393,0.000876776957695704,0.00533429650731695,0.00325784222852173,0.00206234286062547,0.000668170633155866,0.00867676965620483,0.00550416965625149
0.00419375018018906,0.00503692259422601,0.000149626804496206,0.0166282697223463,0.0428142626031179,0.00779931904394312,0.0227153784271182,0.0263824778260864,0.0524024658545014,0.00624446456835061,0.00168716631071073,0.0274964943415151,0.0084019585988136,0.00423490448707563,0.000182793963277661,0.0521793131850668,0.00443466339459129,0.471847131711146,0.000501261707592689,0.0119972306239409,0.096385497586604,0.00683138056039489,0.0748205553151482,0.0185440127738994,0.00442573536037769,0.007554464158436,0.00047802831859382,0.00105121329592715,0.00650447807920249,0.000529943472728695,1.2208715185898e-05,0.0155326264153962
0.000559729263974832,0.0026316134412858,0.0165973388296275,0.00200164095324803,0.0122965909833283,0.00601572028981557,0.00192248250851298,0.000741703456727645,0.0139027663906134,0.00539553774863492,0.0225154714469949,0.0459846005105779,0.000271697658651489,0.000586231811368844,9.44559462161742e-06,0.00385705515518642,0.0139963840073155,0.0057163955982027,0.726649051649728,0.00436499327882297,0.019320185472047,0.00207799393885427,0.0229032447798398,0.00160325654926142,0.000662277402523303,0.0102045628684901,0.0069460501053518,0.013182703871095,0.0213398482811274,0.00626654560028598,0.00916558619942982,0.000311294354454576
0.00282661026029649,0.0207529311661105,0.00454009724248607,0.00271661114815449,0.0426213307885409,0.00800260192900626,0.00807014462321886,0.00442473775402752,0.0201175939378898,0.00267067654914773,0.021149382963284,0.00960873658994956,0.0254102011308124,0.000947105740098337,0.0281052708233979,0.013913101377483,0.00958699067270804,0.00206940191701325,0.0147277158718449,0.621035493144114,0.00445430655444645,0.0225533536295413,0.00451491815011476,0.0181326808383311,0.003750695177065,0.0335316665886495,0.00888861520607631,0.00103750018464617,0.00199702176805585,0.000778325897231859,0.0356941028454924,0.00137007753076517
0.013126981242942,0.0095324589645874,0.0016194589960538,0.0053482205699212,0.0461602334574812,0.019326967373488,0.0057763995504407,0.000861391376778452,0.0656941600042046,0.00441963260228433,0.0061843331256849,0.0149768499155754,0.0162985285358941,0.000190144231338199,0.0027456129885408,0.00905355524833779,0.0080816017623197,0.0018227426513725,0.00825452482579272,0.0406109224952562,0.548719756704895,0.000690569738220583,0.00954119633749696,0.0483776857213048,0.0146981159415853,0.0185099807060997,0.00445017815219876,0.00313612314691805,0.000508490607314394,0.0035405635883313,0.0138233561738685,0.0539192632634725
0.00707426182024187,0.00598288694605643,0.00715382131629555,0.00416067814745574,0.00108933906035666,0.0151567507072454,0.00937322716149544,0.00496453851081924,0.0101972335015023,0.00859665847731061,0.00236509804950543,0.0167233702683232,0.00674710916593814,6.79660995048324e-05,9.9266261215107e-05,0.00788079849979838,0.0105589606889873,0.0179180052926484,0.00575891241264175,0.030713946195739,0.0228856359970155,0.641067259315439,0.00987465473306985,0.0109366005329205,0.0893478640916465,0.00564682661540689,0.00782834171177943,0.00398070189629638,0.0259960742638908,0.00184311610598931,0.00530280505868873,0.00270729109477628
0.00958961765171146,0.000621131469369095,0.000376881193138016,0.00548935104201309,0.0731092014693183,0.0353685542623368,0.00569181557790441,0.00670680777403966,0.158351830617202,0.0103602255709571,0.000355990656146978,0.0106143701934325,0.00207918681735015,0.000501319953390457,0.000659471592016501,0.0530004169748005,0.0155565669755076,0.000805974766251194,0.000474688406758755,0.0385216829909213,0.0116723903908123,0.0171911389171425,0.441975040416186,0.0250819540389258,0.011892901565376,0.0067387386413128,0.00177861480670253,0.00771651082215204,0.00067833928272212,0.00405190002034542,0.014235394611117,0.0287519905326398
0.0079809946933543,0.0139844396319727,0.00502669229717665,2.03216483946111e-05,0.00831613282480797,0.00317890449910396,0.00169353051748679,0.0045405126712918,0.0336350067187074,0.00375440889675739,0.0338063130878239,0.0184555089234407,0.0137843726753851,3.06487164224449e-05,0.00483024616600576,0.0210126902831678,0.0063665472975602,0.00200901010232945,0.0163468894461608,0.00565107680124368,0.0275211822152242,0.0113086256910617,0.0486076364528474,0.606217353722892,0.0564820982225087,0.00046399467666512,0.0107132292363531,0.00505179292965023,0.00274604117955752,0.00193383034507785,0.0226299057324913,0.00190006169707729
0.0255768311999379,0.00915538328277105,0.00131706228509435,0.00683376977026328,0.0292554221118135,0.00632934932521801,0.0014379726562757,0.0101627813339442,0.0974269020889306,0.00509217941184514,0.00233477226849569,0.0429697614912804,0.00787221859686516,0.000602084382049325,0.000855766687724182,0.00675405047701384,0.0456240434645768,0.00810995987731281,0.00461622425890483,0.00401210850323832,0.00896071659145784,0.0137364304338033,0.0132112716733571,0.0701894855892718,0.533504725086543,0.00682881492305353,0.0016326833703884,0.00179402806371323,0.00483571462980788,0.00219272138266447,0.0117220354501123,0.0150527293322716
0.00550080783725523,0.00304345104903149,0.00100908540106651,0.00190541179138643,0.0123661055056938,0.00289763687020096,0.00388392038772719,0.000122948396484672,0.0146820489018927,0.00249405756417244,0.00389696961760374,0.0228483784692344,0.00506671920700053,0.000579724181586713,0.0266181063070665,0.00277506622331725,0.00618017105455252,0.000314137334829395,0.00135645448323823,0.0480552644965059,0.0444384181157585,0.00691808741591691,0.00525342894819416,0.0181218468304547,0.00144760359193424,0.711042670536372,0.010800599987977,0.0288967010760975,4.33070498854754e-05,0.00198438867421222,0.00471452072892105,0.000741961964429357
0.000792810976630678,0.000356246945071646,0.00132005933542357,0.0149326091371576,0.0156123005439839,0.00793620603829534,0.00613670954331909,0.00164856368638296,0.0337800943703445,0.00639522498421903,0.0145110854829175,0.087579672495559,0.0110060679513537,0.000587089871180471,0.0026031069132432,0.00226186453570928,0.000522710109891209,0.00082383513052781,8.63280000827627e-05,0.0418315308505824,0.0125927186710672,0.0026169979558953,0.0158294564929559,0.0136079353582655,0.0228884279642577,0.10286884722454,0.492025112841861,0.0242511807234782,0.0427749974331484,0.00549779871100995,0.0050860243526872,0.00923638536895777
0.0055369595004789,0.00180576409105558,0.00188860627511409,0.00990311790382004,0.0389124010591995,0.00578215415599659,0.0125443301042894,0.000929878086764564,0.0241361664885528,0.0337938983486184,0.00433469828982797,0.168619754524121,0.0400926667951788,0.002067627878075,0.0276214722141088,0.0135979741865723,0.0233437820122912,0.00039812768312248,0.00363131126968947,0.00189004386847114,0.00850173275156316,0.00425783674335526,0.00809415461007031,0.00594800605166081,0.00278323417488052,0.00977750852456051,0.0489983292768065,0.364470723255097,0.112921387989317,0.007961792056582,0.00292391721069395,0.00253064262006547
0.00400881207450943,0.0197973041086837,0.00281595130293134,8.56723648885471e-05,0.0319630364499865,0.0167822268644525,0.0493059465433332,0.0211079573814844,0.0134121018893402,0.019301691954337,0.0127161792319513,0.0148132786308367,0.00709864827908369,0.000389024597945266,0.0111972939796274,0.0442022339727781,0.00549023166034945,0.00491677462458136,0.00358437098442966,0.00617947575777838,0.0290623576423355,0.00178853398451272,0.0066985272432097,0.00568546462128801,0.0128299629765773,0.0195139529302388,0.0497804432017365,0.00870033555537587,0.437384011473117,0.00185884950295489,0.132625331248526,0.00490401696682013
0.00328388648737955,0.00559326403062775,0.00305715293092097,0.0236179428723511,0.0504260007680789,0.00312262826694792,0.0430846729439038,0.00983683840225554,0.0134114409917817,0.00357595824123003,0.0110056829654445,0.0043275765665041,0.00462262190055635,0.000700225242514356,0.00326819620963173,0.00319240313021996,0.00103566250749972,0.000559855952160253,0.00857149154496675,0.00976702729925973,0.000447321392283877,0.00703125375486357,0.00173412152044687,0.00216448782493211,0.000134937261698333,0.00727661074125788,0.00425142020476954,0.017357488874252,0.00459225628812023,0.743471775131789,0.00518635319656035,0.000291444554791799
0.00669909683103636,0.0226255737351177,0.00533956647103715,0.00147789651234752,0.0586674241045324,0.0158018829882332,0.0290105073529683,0.01788461453193,0.030939872082449,0.0116292952964951,0.00444449732273554,0.0154922899747229,0.000647647472417791,0.000289532844012684,0.00347297172393607,0.0346867287939464,0.0037526504043816,0.00379414440365151,0.00201400787736759,0.0061893288600781,0.0134371059924054,0.0012918421167608,0.00292689770583868,0.00455837181602021,0.0037875981281991,0.000655015507855133,0.0139122111872059,0.00140013288708078,0.00390560819093969,0.00216138703655769,0.675544333462384,0.00155996638535611
0.0174106477756953,0.00253791904004564,0.000799126239782569,0.00402216709751512,0.0597732416097359,0.03001577956007,0.00719282546148702,0.00681879888657382,0.0578347458112112,0.00351118719323032,0.00428042422350189,0.065239809720278,0.00468057558689517,0.00105094327268963,0.00322772299785011,0.031905737913651,0.04620128364436,0.000925667777682889,0.00671282470076786,0.00744207116892967,0.0301396060904883,0.00993492604504715,0.00225477003301821,0.195218999151591,0.0488604458647604,0.00477641416006429,0.00295947070640889,0.00560619605588714,0.00676164380977907,0.00384872435638134,0.0287888960534539,0.299266407991167
