0.599059919734121,0.00220539506987808,0.00474804045744338,0.0184440815875895,0.0271614855377474,0.0342744472412363,0.0118062842329701,0.0219946852145691,0.0522452230495782,0.0067074111125493,0.024056460443359,0.0232845133188862,0.0176139282404533,0.000154276405628514,0.00227745729307582,0.0242115553732407,0.0126312869947142,0.00446724819817487,0.00048553430158994,0.0020745212706538,0.026141802656279,0.0192899086683071,0.00770799824246944,0.000154703372105656,0.00125847265479345,0.0021935999630104,0.00537100397225742,0.0145159005958748,0.0056873403482226,0.000890425878616158,0.000193251433292908,0.0266918371373121
0.0278148808653683,0.495954280182135,0.0121544560104407,0.0785028368065679,0.0024757077411764,0.0138542893604794,0.0035733781430217,0.0770648549414339,0.0296210578190869,0.016900563427805,0.00476529433830159,2.29799631543596e-05,0.000969553421182312,0.000124186341827902,0.00606101350336316,0.0329468290107043,0.0126751738050698,0.00123226765273805,0.0024729370000744,0.0105591643469639,0.0404242558538343,0.00721794615494156,0.0207421028420992,0.00352420500460513,0.0190367362208524,0.0102486853198146,0.00888711134197311,0.0187116825593675,0.000407895189026656,0.00314282515228065,0.00902363590564694,0.0288872137746629
0.00128169609874736,0.00134822994104871,0.425351400068671,0.0605084453312698,0.0960006211602195,0.00265875765796756,0.0945457421135054,0.0605927805791082,0.0778979194338159,0.00406861638851435,0.0167502744111492,0.0259024559396882,0.00569226908452178,0.000859822448911561,0.00192669253304083,0.00317804731100078,0.00164480436498774,0.000512543262267841,0.000393166860122089,0.000981027537746118,0.029075979761593,0.00139054845706078,0.0170363877577835,0.00485845525476514,0.0145402688676535,0.00352799565930729,0.000333084083618028,0.0403972150875557,0.00145673952024664,0.000795871738363339,0.00252261670192051,0.00196952458382889
0.00549911527521944,0.000213811229653389,0.00335439908818628,0.377510601526919,0.097162929975228,0.000288375459412312,0.089795746341896,0.116541763034105,0.0635266501614046,0.0106975472431864,0.00371817938288135,0.0472104233408738,0.0468948028904152,0.00227427510169462,0.00963645379039012,0.00560361845280344,0.0102217538085195,0.00303642441313078,0.00159717300227881,0.00272903847872764,0.0188868806407097,0.00141062391658695,0.0039644534104575,0.00523358835526699,0.0150658097743851,0.00318583768448734,0.00741400404086965,0.0291378399831297,0.00035074183701656,0.000908790644531044,0.00806938716123527,0.00885896055439881
0.00924706035619761,3.59399723010682e-05,0.0117957760404553,0.0892284841109608,0.269471041516226,0.15973453438148,0.0263652903961757,0.115219306014362,0.0721338505942197,0.0536235255632578,0.00118495745226073,0.00217684140269744,0.00196072571792148,0.000654168257197978,0.00386047101386299,0.0850831277748789,0.000370158003500851,0.000169862217782524,0.000896571439716923,0.00608685658826803,0.0215201742537964,0.00917259043280553,0.0404500428715089,0.000344592579437156,0.00614831411297808,0.0034499153239707,0.00274322665961963,0.00216370190231101,0.00261538701192872,3.52621726991598e-05,0.000505061910250742,0.00155318195496998
0.0184296800720628,0.000413983929248393,0.00160086473937872,0.130906574349544,0.0892713618836433,0.370241029577533,0.0468211591453816,0.109346881828802,0.113936705080284,0.0304955529375171,5.95597827161121e-05,0.00495910509767034,0.00602697338815977,0.000732134578004664,0.00166528180371351,0.0245004663262153,0.00416247620691648,5.77591344405506e-05,0.0005259596423738,0.00115620387516379,0.00185320481950776,0.00596064203003441,0.00464065358011628,0.000270413121625481,0.012059869535501,0.00276191119947354,0.00130690331703597,0.00659890767944683,0.00191605936601103,0.000608600739785351,0.00170947259501981,0.00500364863767278
0.0243156318493085,0.000164008680339424,0.00673815914402324,0.130349383193362,0.00862205556505919,0.0745003360639381,0.364560261316119,0.0809934602880445,0.0131321220057191,0.0282303011317051,0.00947281531617345,0.0231603357914949,0.00528537008598337,0.000472998420645316,0.0178514116888714,0.054883137014322,0.00215561006536074,0.000657879251932193,0.00151941167279908,0.0234163587868698,0.029241754669938,0.0287892299121308,0.0312461657967022,0.00255561109048565,0.00861604043097462,0.00339103952126099,0.000361476448995693,0.0124894819052851,0.0114669580116431,0.000135281537240018,0.000864547504275395,0.000361365838997015
0.00821740926511976,0.000284436484364125,0.00158105532139896,0.0249511889345385,0.156400938514924,0.0116192441678129,0.107081063115905,0.484226368297737,0.117003617434986,0.0103209557634539,0.00386475840187145,0.00632678984846404,0.00470034412296984,0.000598235499448896,0.00349994274268112,0.00143435625154579,0.00663119801781262,0.000157890733060842,0.0015853992915162,0.000955953461843727,0.0123927751063485,0.000397990527486184,0.00370798226963411,0.002186478844045,0.00999315259532099,0.00153187831377421,0.00270651870136927,0.00175564320919209,0.000474170448219981,7.66032232115129e-05,0.00379774254116467,0.00953791854877801
0.0408220135736904,0.000219687186193741,0.00452145081441306,0.11432367924865,0.157770459562037,0.0238748111281586,0.334707723918315,0.0751853593927616,0.0509562902224533,0.0110133469146314,0.0306533244573874,0.0128933962689189,0.0106396864321847,0.00192767738409644,0.0132648818669251,0.00441837842988065,0.00841603909933601,0.00141914211206408,0.000923976942283937,0.00669876181297093,0.00423157632734749,0.021351677857282,0.00681735451307335,0.00821795639382215,0.0252453273076064,0.000712964982609857,0.00104075016107528,0.0110685520334283,0.00484346226733969,0.000428440859690795,0.00238401928122904,0.00900783124814359
0.0015038418649008,0.00140605896810646,0.000122040814420908,0.0734700341036315,0.0540462479502454,0.0266255518381299,0.0694577914892817,0.0845461935132684,0.0245191747818629,0.490846150475182,0.0260516764524497,0.0225934955185098,0.0360660281893994,0.00236259802655407,0.00451139063769536,0.00899449122927779,0.00208953205352049,0.00232708449630494,6.11955510133123e-05,0.000517825738949096,0.023348145454573,0.00100038781971377,0.0117927195385093,0.00210996491590711,0.00585162020098509,0.00264959398159777,0.00250456590407829,0.00691191300320759,0.000518699525356413,0.00123435638596763,0.00656306108752883,0.00339656848987143
0.000238096166786193,0.00368123246136721,0.0062349062947663,0.205355739595153,0.0599248424184637,0.0525716579418038,0.0878104036143587,0.0760061175116834,0.0343072872077677,0.0663977171252331,0.232952931904897,0.00236926435285229,0.0411400624198399,0.00292216812116755,0.000975384998311934,0.0352151846457973,0.000247688853409224,0.00257341493397424,0.000253451320441167,0.00103743670027965,0.0324961370616599,0.00308902205957789,0.0263944645664109,0.00178594661950334,0.00269229579707749,0.00495450553364582,0.00164907206504133,0.0071604336993881,0.00193910003824567,0.000592704569552991,0.00129758717561537,0.00373374222592824
0.0118907716601988,0.000243955942681367,0.0015664186480389,0.0715908215640303,0.0669538272235002,0.0115855008092718,0.0451020376949884,0.0397126458420842,0.0347379626656131,0.0289099818575903,0.000925279568545953,0.451829173195516,0.00520293369951075,0.00225020396699583,0.00791621953404663,0.0119124894219427,0.0227325334958249,0.000429881507830128,0.00352543688898635,0.00074118737141806,0.0183186029496448,0.00176799362715909,0.0180505987223052,0.00588663274530471,0.00960952018792002,0.0224783151442316,0.0417093403651299,0.0226955740837407,0.0202771885972741,0.00195011341600351,0.00518437367774853,0.0123124839249231
0.00176452809097953,0.00249446437849431,0.0122521350830356,0.143714482881576,0.0349518331508071,0.0178415794878062,0.0339371887043955,0.0810339646479989,0.0204954965895039,0.0506327788203702,0.0454376823546915,0.106472612952015,0.264472278689073,0.00342210188972555,0.0110161142679019,0.0238881393841432,0.00321271207426204,0.000963204541624542,1.99805581949209e-05,0.00242584372481441,0.0215040025736989,0.00416665391813319,0.0236315237180265,0.00114378860196713,0.00138636099629987,0.00173464189202534,0.000356990749617479,0.079198308840938,0.00481352124249606,0.000790696858242376,4.39076432066948e-05,0.000780480693935418
0.000123637727069178,0.00508498294432658,0.000730620728614121,0.0282125466243231,0.0501570171910359,0.00636027597734759,0.0589191218066815,0.00100335633903812,0.0286331431816554,0.0982848335490591,0.0954046633681292,0.0423673508657862,0.013074130899695,0.484747066978015,0.0053813032209801,0.00133548086751238,0.0019290497398837,0.00112667590310833,0.000181920149787103,0.000764628085973407,0.0108231828471092,0.00156007010210498,0.00924387454252668,0.00153423570928658,0.0020201370108159,0.00100871526738444,0.000717406737836837,0.0393514653761657,0.00124168069258777,0.00169352695112498,0.00297240758422201,0.00401149103081356
0.00458895588873221,0.00829389012193143,0.00794962312063474,0.0269971937403747,0.0133988774096266,0.0161218531407489,0.0226917201781562,0.0116987547440659,0.000921083938480695,0.0451570860111681,0.030977602020096,0.0255617217783529,0.00411325646238095,0.00107715257579302,0.620825651785223,0.0172779370941203,0.0185344673761074,7.02243381311435e-05,0.000203840690356319,0.00402489859746524,0.0306344955062829,0.00377382783397812,0.00188609715252946,0.0041967189921696,0.00410324883252258,0.0049392800863367,0.0119981375673845,0.0270569014562709,0.00357373701840731,0.00166816299218772,0.01651624248857,0.00916735906141496
0.0335555739146602,0.00211488706790476,0.00146244482235692,0.0185496212489276,0.0327817439235881,0.0342111047156546,0.104756451788453,0.0259290101535559,0.0397409003011394,0.0553135358790236,0.063900595818856,0.013285137828496,0.00304830156736548,0.00223907547955997,0.0101701325707681,0.359753922684826,0.00065522558761367,0.00290933840443219,0.00398568543623375,0.0283981525512171,0.0637218004217475,0.0353039743677275,0.0273668858212014,0.00604034349749498,0.00403447014788497,0.00167208664880989,0.00290642717350691,0.00967993173492654,0.010677102192166,0.0003201284603729,0.000506828542358542,0.00100917924717061
0.0414066361004502,0.0166782000095795,0.000966258735607836,0.0289395106276756,0.0762811892632334,0.00390426018187163,0.0531228299394297,0.0104537381894986,0.00590966477961481,0.0100919516749234,0.0493632952659527,0.00633426632582563,0.0276079591999123,0.00187397217574888,0.000508710401331674,0.0289573745290083,0.495368506208206,0.00180904289269994,0.00431289841387567,0.00154574720412976,0.0261194217826207,0.0175030298547291,0.0176500420047745,0.00202501402111449,0.000474361142763107,0.00311160886586606,0.00746255798577252,0.0146597784246797,0.00104669802089851,0.00193272125926004,0.000239752267861504,0.0423390022510845
0.0381767612882544,0.00135552378322426,1.29475204885657e-05,0.0181932375257673,0.0160586964783517,0.00242540596843507,0.0207752447070542,0.0405418767977364,0.0300759548158477,0.0711964005683278,0.0679438007304042,0.0119732147523958,0.0261680883774807,0.0048975565723595,0.00296733454863609,0.00442057995392657,0.0503011376606569,0.416085337922868,0.00233053653531644,0.00591208334469094,0.0593655770469968,0.0254892508211166,0.0537897733990842,0.00104722730166684,0.0114690869979081,0.00355816903565969,0.000860022404456953,0.00472883264671948,0.00251580233453406,0.000153676522192564,0.000262044631135713,0.00494881700630644
0.00494956574198192,0.0028524128778713,0.0003773799809075,0.0188856663337432,0.0198309143476441,0.00236940692202498,0.0103035864985747,0.000636513015289218,0.0135163777846706,0.0234363527088835,0.00588142463918349,0.0142245437067245,0.00249276835454245,0.00110062805890624,0.0041313583029991,0.00310010196156866,0.00827924278491898,0.00568378148953883,0.728312962382906,0.0026625123789084,0.0228824271471789,0.00319999700520735,0.0472337894997488,0.00444591915051834,0.000659434700882587,0.0105954515398069,0.0035906134080528,0.0216632960136563,0.00271036270045516,0.00308899891346433,0.00208127200023525,0.00482093764900569
0.00400700139761212,0.000280260255101333,0.00670392403589314,0.0407033977156956,0.021943654297249,0.021164374305144,0.00770805207472606,0.0447756709194294,0.0259910648436462,0.0128899189435854,0.00671581142578112,0.0234235430956598,0.00054708119920092,0.00232304903337396,0.00038751951569186,0.0101700592419059,0.00228465223877739,0.00397196840062364,0.0174264190434503,0.540457263067483,0.0204906466037951,0.00337966981934048,0.0224477854426398,0.00910790386573902,0.0204163177993319,0.0562930276334117,0.0266537785319393,0.0101751587928749,0.0341364865844289,0.000613799907090196,0.00041156199587823,0.00199917797350091
0.00320127461575172,0.00102489565454524,0.00238267534249867,0.0375159711276391,0.0677794445556535,0.0126854782865301,0.0222018055484751,0.0105565142564535,0.104730093839896,0.0515578396552723,0.0105828268994884,0.0256424512759749,0.00118144878389091,0.00203564420815053,0.00457986137340461,0.00640889883054241,0.011253964627228,0.00252768171976568,0.000649862612598867,0.00692564780020519,0.452280086767273,0.003967617795645,0.0125574007431237,0.0404029314664618,0.0282290239416269,0.0197235550144813,0.00321948704388835,0.00946460063629083,0.00470132227134989,0.00249803830988435,0.011667828102017,0.0258638268939927
0.00713856236779962,2.47111756378215e-05,9.16930500252731e-05,0.0247252841029509,0.0074035004923692,0.00641215635059531,0.00413690214273771,0.00733357623559995,0.00653475041195767,0.0175052425902313,0.0202472049503037,0.0253375858885669,0.000874527830119103,0.00248322987711791,0.00160992151069017,0.0113686964224418,0.00940303768536592,0.032715079350232,0.0264776388073228,0.0390189369832433,0.0314578880228396,0.527509662406208,0.0369781855203765,0.0156812622191686,0.0753430309620456,0.0171139255364945,0.00796814747199727,0.0153162535033036,0.00322726534058642,0.00310555668920651,0.00652981369440248,0.00892677040806245
2.51961603435141e-05,0.000443434703984944,0.00285284059791786,0.0185211140918084,0.010289353381458,0.00894140547200631,0.00548656492881709,0.00995879886083433,0.0853105280919304,0.0219659626791197,0.00987506709178389,0.0635864980643884,0.00306589791150293,0.00058481375038641,0.00693063482355522,0.0190439456867465,0.00931759082754596,0.000947107045092652,0.00621140906163027,0.00888007280786458,0.0468074602988673,0.0246441273672524,0.476610049014339,0.0205592683044055,0.0397101211772489,0.0139273638873573,0.00118539124018123,0.0460356359686144,0.0120904087503964,0.00498451171170966,0.0134303858900313,0.00777704035088021
0.0175419170375761,0.00184845547677708,0.000452036858781978,0.0843204750715285,0.0536050820789406,0.0089529837869027,0.0186198558352611,0.0400695625922866,0.0343532125719221,0.0797786971304413,0.0129815535433871,0.0268919625406004,0.00027385163319493,0.000638238041691827,0.00490154094461292,0.00305773372856818,0.0135828232614273,0.000925132319940301,0.000405782728606336,0.00179963285971766,0.0561868812178729,0.00148025379998155,0.0327950091291324,0.443398590383891,0.00100044142352086,0.00850774452548003,0.0110860779837093,0.0168533800856482,0.00050822937993306,0.000645422112769696,0.00868371769093397,0.0138537222249622
0.0298659051239,0.000237341999465736,0.00338006170652696,0.00616149568139174,0.0790265251664468,0.00128119785777089,0.132214074532259,0.0263721009852323,0.035693924781806,0.0288812727502952,0.0535655537017183,0.02222742581609,0.0150674956918977,0.0011974475236084,0.000600256458842428,0.00911337205956691,0.0229845647617205,0.000592797694450389,0.00280426780379883,0.00973443557551011,0.00661408951050819,0.00483865388050001,0.0172067545285041,0.00759446036516093,0.460072306411968,0.00529553569210517,0.0012413670807364,0.00487202631550276,0.00578844422199304,0.000705960921838447,0.000754916347089111,0.00401396705179604
0.00139228315983413,0.000644382178828498,0.00135586801829976,0.0928096579881951,0.0857888737723735,0.00824733512383612,0.0249175881253817,0.0322958434133936,0.0521466387595698,0.0739341612195058,0.0179282523347993,0.00611567044589574,0.000497875906376473,0.000456041094110981,0.00320085895124057,0.00231638530286844,0.00145869907875811,0.000959875630777033,0.00133129585988342,0.00151171081595764,0.0338800566852482,0.00056593616388252,0.0332778592327509,0.0074676330829529,0.0119256282737959,0.453451952965779,0.0234151976642511,0.000734556475535238,0.00412622194089106,0.000313356687447582,0.0182312755211909,0.00330102812638875
0.000948817145929632,0.000825998165187305,0.000240885727054,0.0503674070001696,0.087601160815733,0.012034722897286,0.032506669998965,0.0231807396792242,0.040109971087762,0.0368673537284327,0.00937962665068563,0.0109851741411106,8.58230423615876e-05,0.000651131231355888,0.00415526116373263,0.00313511399636938,0.00680616614387313,0.000751996181993036,0.00243075649490596,0.00281944724960884,0.0598532248250678,0.00113039170820213,0.0174276849145681,0.00769095981858151,0.0166453446410773,0.0805998242485514,0.450001209366918,0.00398301362510959,0.00765122533719328,0.00558263958570772,0.020282843000667,0.00326741638661613
0.00742233645648788,0.000397239232226206,0.000728852729504909,0.0988821525369517,0.0904295045640426,0.0102868673779182,0.0634100559785376,0.049608756205121,0.0393072989143839,0.0234398719679345,0.00203011265189146,0.0502026414118553,0.0035095365749897,0.000439352458173888,0.00208650102573606,0.00401110105291826,0.0169329126577276,7.83372234879435e-05,0.00156732370760713,0.00101149061752819,0.0273379323517259,0.000187085074190626,0.0247738628226805,0.0063056252580763,0.0107430032179691,0.0199034169579112,0.0351692247022148,0.377683283053774,0.0151543594983651,0.00022116468960446,0.00208684953428683,0.0146519474941773
0.00859769389647961,0.00126085472416611,0.00601886383742971,0.0190611414322227,0.00210671981366586,0.045699016855768,0.0111165707531362,0.000829505778198397,0.00918670147907945,0.00563543670328351,0.00650820546935804,0.0106055320124585,0.0147708466291439,0.00193248109690404,0.00349635113492683,0.035499462734673,0.0121586086066809,0.00692557807275928,0.00171162995681385,0.0284159103691938,0.000371955210303073,0.000279007409767925,0.000110961937952794,0.0152805304919791,0.00550224683856253,0.0308628989559918,0.063051511154134,0.0311894631840283,0.553210601656314,0.000746352400773951,0.0643907847077559,0.00346657469609492
0.00144552282250184,0.0014249682926799,0.00160841941072233,0.0403301455223255,0.0439490768942013,0.0163832167650431,0.0081541178350524,0.00336012490071631,0.0360691999512693,0.0503545456523172,0.00993917876305555,0.0107837365849854,0.00453306985204584,0.000423956223971793,0.00141495032719614,0.0113678882390305,0.00303096095473992,0.000236138938644929,0.0071191807167437,0.00901293068895354,0.0211027614129588,0.000336789904032714,0.0049517801824647,0.00777011615956695,0.00611135831114669,0.011595831508656,0.0147360882382551,0.0014438024679478,0.010624453679115,0.646725374304756,0.00303067849669232,0.0106296359982117
0.00125071063767073,0.000943747514837461,0.00303728931485344,0.0476820629361143,0.0158059730547512,0.0182336292480433,0.0112524504914551,0.00756535546268794,0.0135385413558447,0.0161485618725643,0.000290789004550993,0.00116432735180761,0.00581289712317797,0.00206654539434823,0.0010484938219334,0.0190635409767663,0.00445536255788268,0.000809808573021874,0.000559985192003441,0.0116019682552952,0.0141466571304777,0.00081722805299274,0.0036490989482377,0.0114800976090072,0.00398387032799183,0.0110269299222638,0.0150098331629702,0.00578874249108579,0.00323049815356823,0.00266502680073223,0.736668707499422,0.00920126976164088
0.0115574432704611,0.00339012654001147,1.6781756918758e-05,0.00288763482662677,0.0324347046276488,0.00226579591438961,0.11856635699602,0.0148552525605021,0.0480222349772942,0.0633749702123151,0.0900619324333725,0.00287714021683713,0.0203543935776873,0.000128991691788203,0.00902948323177225,0.000262175978048152,0.00822234218386421,0.000504990814836037,0.00402843793760042,0.0103211279629435,0.000476133294019537,0.0101368797568038,0.0159405239228397,0.0302582738536465,0.0535192053207149,0.00135367211912525,0.00193718378419863,0.010514541937633,0.00913720265344962,0.000675207271536259,0.00130479362385347,0.421584064751242
