0.350138886928563,0.00217686016623789,0.00220428823209949,0.0501072282364083,0.0642217118449852,0.000267155925160298,0.0439180177400042,0.0368333732367638,0.0861032366707947,0.000905821082988711,3.84652718889244e-05,0.000685288514856858,0.00211259697919614,0.00156011780031786,3.63335605950688e-05,0.131776248059972,0.00589735618111314,0.00047031912869192,0.000678525064687551,0.0889992284138707,0.0113818790904953,0.00798221322192597,0.0101160564103591,0.0650051751928202,0.00327192110120636,0.0143738704488913,0.00116409963809131,0.001806805538942,0.000185116545050661,0.000451189944883167,0.00296634604442105,0.0121642677837187
0.00471076428386833,0.19374683380824,0.0124274315008899,0.127191567786982,0.0830059628363929,0.0127123853602323,0.0886530986600361,0.106738494489705,0.0856935901230322,0.0275755742179226,0.016272063240781,0.00564029860076949,0.005711159558773,0.000805917144177528,0.000837452745080837,0.0963676862984439,0.00409962829379559,0.000625114144126337,0.000628566772882506,0.00913106751304391,0.00426756626170898,0.0106666323968714,0.00354026670784502,0.010086773299349,0.0183503235002605,0.00599188316348585,0.0063967581713957,0.00120055501681333,0.000172159520829446,0.00106884197943475,0.000299935670335306,0.0553836469324957
0.00248216223460773,0.000582494097236472,0.341374373336876,0.0945437470901474,0.0163194864107175,0.02460773933223,0.00786205490853741,0.085043278004856,0.0366078410441482,0.093789187790194,0.034014395117664,0.00147151939341255,0.00149575811486069,0.00189241021363984,0.00530891955531573,0.0297723666341809,0.000424322192683257,0.00307610638183007,0.0022954907013847,0.0908156460260777,0.0101518679500725,0.00369796262941693,0.00121220231444388,0.0695090070261326,0.00957981975571912,0.000772540316506911,0.00516830491696578,0.0109585428776057,0.0003040007718821,0.00360534597591027,0.00320870777726695,0.00805239910747737
0.00455155142457605,0.00321063289698399,0.00247953741208014,0.055787675269866,0.000736555537068249,0.00623578677355543,0.00537346664341832,0.233240986879329,0.0100793294022758,0.177683174583379,0.155657257806388,0.132548746057928,0.00049584962029366,0.000976804656606383,0.00587148040637763,0.0116783100620963,0.00310218666023115,3.25177958778616e-05,0.000744054627524866,0.0267294935422528,0.00324628298894161,0.000343375015863966,0.0116224708487461,0.0208597870687373,0.0112106211872762,0.00639012660409566,0.000641505016563899,0.105174343569699,0.000298988251393372,0.00011960787537951,0.00166514548872834,0.00121234802646649
0.00117138711216009,0.00244646396031972,0.00220838296094316,0.309867309581049,0.0958811240843631,0.0156864403458935,0.0510608308620166,0.292081264429343,0.00121918380846529,0.0478327676817271,0.00100983656746457,0.0576111813560009,0.000516466767557679,0.000128748417713733,0.0183555204083987,0.00255201570140383,0.0010685308773733,0.000241170934379307,0.000122706673119547,0.0164951439417647,0.00253358329370089,0.00202130555390248,0.00400600492562172,0.0295235075598283,0.00584348200612742,0.0013070731844373,0.00520947891530713,0.026135635328697,0.00148688136088513,0.000880638220726944,0.00217531686184427,0.00132061631746501
0.00783460708746226,0.00915702368102624,0.00211254159561871,0.220322213851914,0.0128696118304489,0.14603070806402,0.0108940024660154,0.286333808087492,0.00591356796829018,0.0812115073062613,0.0314676213723178,0.00855436838833998,9.16105956193206e-05,0.00147751458469854,0.0183895456575775,0.0037324689371552,0.0061059129430756,0.00232123466156969,0.00195701042831908,0.0301789654030565,0.0026914923678203,0.00207147085440414,0.0485014243310113,0.028940356400739,0.0079427430569808,0.00363454210084611,0.00151734680186049,0.000233771703191866,0.00159804508793727,0.0012268601553767,0.00212715664392782,0.0125589455856259
0.00288436566862937,0.00630618477769896,0.00493283460126591,0.217480263444615,0.00157221626528958,0.0217020850782836,0.301008365759692,0.232137944776798,0.0137985771244617,0.0286290932653213,0.000727840094979687,0.0375783840692347,0.000208173243324528,0.00100364399709468,0.00999004772322641,0.0156774543474868,0.000335266823184098,7.75482483900338e-05,0.000245349277767817,0.0206212720114558,0.00192823456799844,0.00395248054551907,0.00158571468980381,0.0225974160497105,0.000106087548794702,0.00531665262192273,0.00735452412096101,0.0295557839014067,0.00228626041005929,0.00311047264052093,0.0037751670467434,0.0015142952583603
0.00437424564067547,0.00320928591868436,0.000728632468257608,0.137374781422668,0.00109322168942889,0.000925697434662721,0.000691499605645099,0.412566397282337,0.00498918653309739,0.141335962246089,0.0920939069307961,0.0626147196921445,0.000372817940340017,0.000438002090595025,0.00101430785836864,0.00413242126021821,0.00299801687710702,0.000302890371994619,0.000943384994979159,0.0256730208293629,0.00168052872534942,0.000908588997904036,0.0180986832522401,0.0171580022481504,0.00925513288945137,0.00531664956536544,0.000750125320890547,0.0425741460530156,0.00013083422058423,0.00036821577199797,0.0024010647321823,0.00348562913541673
0.0164540050826643,0.0196128473303077,0.00296640876995499,0.0756635559591078,0.0184236489833995,0.00391027702092543,0.062462911863579,0.0634115656070509,0.444590723472842,0.0101392433394726,0.00147283031828109,0.00305727928180659,0.000442852563083581,0.000876118012506299,0.0206686453550235,0.0528851512015708,0.000991105591109467,0.000967244263133589,0.000986503846419193,0.0270500437040308,0.036354908599267,0.0122686876313635,0.000193248470108486,0.0178908706462854,0.0270864343576648,0.00555353044345699,0.0136149226114605,0.0346640841649943,0.00105059662422634,0.00355773446036058,0.00500607996916164,0.0157259404553809
0.00156104128425603,0.00143679898190452,0.00118435686599669,0.179904407901965,0.00028252851303902,0.006890030230616,0.00689316373122106,0.180333821323441,0.000200225427736668,0.373158815301132,0.0893885878936,0.0794823112187868,0.000847790103420935,0.000515378270470582,0.00547326112194044,0.00260307744534959,0.000326114170602789,0.000482698525816959,7.40752235410125e-05,0.001043996288492,0.00112078578898141,0.000105123666585327,0.000291892979742277,0.00181198940666304,0.00430682165392611,0.00100091343715711,0.00022010360856339,0.0579458557545193,0.000207612057359429,0.000126101958120391,0.000738208741922478,4.21111231309207e-05
0.00226577931656008,0.00124172684035581,0.00424816644618767,0.294290321281404,0.00274145831226211,0.00412136605759456,0.00429078853588644,0.191665308604589,0.00510784897151533,0.287598109217394,0.0151760585145818,0.06612672884864,0.000469865341520191,0.00179546594733472,0.002175400010893,0.00668085802639819,5.77341234475625e-05,0.00161986672044344,0.000108268431635977,0.0308460607326348,0.00028396799961601,0.00378134462653381,0.00916587532121426,0.016363612974742,0.0120911943507114,0.00446429190309753,0.000960860604868983,0.0281310967570666,0.000491251362390343,0.000200528201657014,0.000514399796105766,0.000924395820718346
0.0263353304893064,0.021981788617023,4.25692198103372e-05,0.165690771087717,0.00295845269225782,0.0188954894241662,0.0115424117405473,0.0321367488243023,0.00223525111295116,0.18108741066706,0.00324638715374053,0.127899396579427,0.0147686280425814,0.00116763887703314,0.0193365020907605,0.0189384961694505,0.00489660686036509,0.00196725828304079,0.00195595808287855,0.0608461052981671,0.00241495907597306,0.00473923102448875,0.0396936514381007,0.0501680647245164,0.0236236048261824,0.00442360249969002,0.00203864825779891,0.121202603082205,0.0109659670154981,0.0028972816926365,0.00612335271136506,0.0137798323389593
0.00126211628679889,0.00713299900604201,0.0025021488914955,0.239926725303292,0.003252518803767,0.000757469078419966,0.00410904798016043,0.108186853697183,0.00519096445412748,0.0627998691966841,0.00481417679815056,0.0241511218958393,0.271130200536144,0.000486675131429871,0.115748295173702,0.0125918456781827,0.00360854528904608,0.00257927820981801,0.00044924852847176,0.0264898704373187,0.00143251728584413,0.00811405267649174,0.00959469230914311,0.0170792603821037,0.000459087403946623,0.0257344803172793,0.0164889547200333,0.00287913238982012,0.000675510600135605,0.0108855022358405,0.0091936355766685,0.000293203726618775
0.00129198132409752,0.00133380380974536,0.0015372638561851,0.10780468203221,0.00213657156462061,0.00231670596626952,0.0102467658774708,0.0304725590876358,0.0566585060944776,0.0392683814224495,0.00757611292462032,0.0251710913494601,0.00175663648492742,0.416479850626859,0.00456506670232973,0.0484426930529852,0.00248645549030294,0.000609751065467622,0.00897647065233708,0.0284376325582968,0.000868074664173019,0.00976323990521707,0.0380435363538848,0.0114601689343603,0.00563916992502274,0.0427897518086874,0.0134122353225965,0.0280536356597877,0.00198922877760188,0.0139118929109847,0.0266728780683062,0.0098272057266299
0.000642745911434933,0.00349445348916326,0.00101854293205103,0.0098998013919921,0.00630836180241739,0.00683544781250349,0.00168336876136283,0.00341751441965714,0.00715709783503046,0.00919092645726987,0.0492699213211082,0.102848035004509,0.00652513492120365,0.000148217198972381,0.504924254523808,0.00852891963495934,0.000587790536214421,0.0036302350171271,0.000332128580870818,0.0780996083872321,0.000315672903049801,0.0129610458332572,0.0391044227099789,0.0447163799504749,5.58305471010265e-05,0.0224257902215655,0.00672255439658346,0.0419362766392182,0.0024874016083556,0.00640244461120214,0.0151992287629453,0.00313044587737961
0.0356815892132449,0.0451024339118711,0.003815856637883,0.139410337731057,0.0133481833025903,0.00475130038392947,0.0421313275239093,0.0910024484184434,0.15124799940007,0.0361582546093058,0.00763594632117998,0.00969796575071659,0.00182080030099963,0.0051455652935977,0.0151436514033614,0.189207416192535,0.00054073119238358,0.000414506425763746,0.000179196004155338,0.0308806834636913,0.0312364409484465,0.00553922867982967,0.00670726084250346,0.0267471793378417,0.0174358525662293,0.0226447401686196,0.0105791899640048,0.0378537728079258,0.0015322043018088,0.00614354727933526,0.00631311777883872,0.00395127184392798
0.00186762923368119,0.00448264771075224,0.000313675438195856,0.0151848410456103,0.0590312769202807,0.000800565838997772,0.0273745739865898,0.0171897054495486,0.0914688946234237,0.0113524102599832,0.00229377472604681,0.0177022235596414,0.000869832814477997,0.000711876599011689,0.0126465892726094,0.208393658235339,0.276463782365583,0.00103931065107982,0.00111330131057976,0.073717017452861,0.00504542721298658,0.00687182331876305,0.0112774708678876,0.0556785992178249,0.0459316982994628,0.00918451666459596,0.00441955792986308,0.00439823615402256,0.00414271857730834,0.00122324961554009,0.000240602380241291,0.0275685122672107
0.00082433480350329,0.000400963456562713,0.00129365663994946,0.0260835647371117,0.0577324890488491,0.00330309638587027,0.0439956536887264,0.020302352407385,0.0543667177035894,0.000973806739222408,0.0133672953661727,0.0778357038883891,0.00836867053172924,0.000562337585656562,0.0163499816717893,0.0411264148946294,0.0131903640136709,0.418730511902096,0.00090962651184206,0.0657977833960224,0.0184194721519287,0.00071478319835111,0.025667233119444,0.00598136040358995,0.0255039858113926,0.00273143744717724,0.000227400042929154,0.0425357241820921,0.00185211551154553,0.0003200912494063,0.00122170905635905,0.00930936245301694
0.000333956596541679,0.000177056812911172,0.00148407176861069,0.0462142547981531,0.00274592508968335,0.000285808000611679,0.00973645879321974,0.0135186634946918,0.0076754920070459,0.011445320153337,0.00159733417818668,0.0235499252203864,0.00947087335792589,0.0029738643318462,0.00966223288008909,0.0122307638204847,0.000257285488065526,0.00401934288484429,0.381691658552191,0.174986703815489,0.011675770356181,0.00682465331178021,0.00905079101271976,0.223538615139996,0.00390688576586638,0.00130703034641639,0.000865120266790911,0.00408216051457006,0.00306610939413687,0.00271332939974412,0.0131992804287921,0.00571326201869056
0.000334993448552349,0.000757021230071131,0.00241209659035819,0.0396626789491256,0.0191362299269039,0.00736872741069135,0.0169991693188161,0.0433159815710216,0.00195657676415995,0.00620262688950971,0.00370913321101361,0.0182025438279747,0.000851413515986775,0.000879175805004869,0.00220987876736754,0.0151866780983051,8.74539683897549e-05,0.000478833199989241,0.000521504963531242,0.711063689884877,0.0033183968103536,0.0165714703284104,0.00311600866593721,0.0451868391179658,0.0190209213563675,0.00445319421524458,0.000981725733855774,0.00627667471952153,0.000712723040631586,0.00545228316315725,0.00346790171780527,0.000105453789099594
0.00632339138199769,0.00899964013486348,0.00218549937420154,0.121246243478548,0.0192939927830609,0.00287989616294531,0.00369264952973126,0.110305157683513,0.0128884726010227,0.0375729407111777,0.00213867709734516,0.029437398628078,0.00224603990725564,0.000440376690736103,0.0365425356735839,0.000545423585661942,0.0059549096355583,0.00121549803801932,0.000322203521989453,0.180986178571236,0.162146972145836,0.0295126472623564,0.0593730592856006,0.0529819812746691,0.0495566063790946,0.0170090431550924,0.00597109557265578,0.000131024634035197,0.00417535881233912,0.00527625150629195,0.000983560785887061,0.0276652739956166
0.00277146199260086,0.00369440566634528,0.00751992204627122,0.0571948054746152,0.115761494451532,0.00348286920937018,0.0873692495389458,0.0299473740311242,0.0104115176059939,0.0146243361774435,0.00193762336998598,0.00827212762420361,0.00280147254986191,0.000698671385985882,0.00423029375577658,0.119639926561828,0.000367356909290706,0.0196484557506434,0.00127742762914302,0.0902776130782205,0.0330216259535001,0.231998913167917,0.00340245497830785,0.0644675682418414,0.0259627716343213,0.00559869055651077,0.00993088641258062,0.036743275254691,0.000336104599901554,0.00193068798843968,0.000769727549520697,0.00390888885328695
0.0043471788501629,0.00224279907376616,0.0117507323809826,0.0644081950571423,0.070930884136173,0.00576131113123515,0.0684384463457589,0.0472587299320984,0.00928904805024395,0.0113050198280732,0.00165482091367675,0.00800593569710757,0.000400762275939755,4.63048760240591e-05,0.00126912198719005,0.0746890605012651,0.000229276670616129,0.0108853049491247,0.00576059226621911,0.105882169270873,0.0337146771099231,0.0525288902808649,0.213739514789977,0.0570740728412186,0.0256254709234209,0.00995997899274251,0.022262102732903,0.0509401903629051,0.00167128319253774,0.0042471000263569,0.00242971525774298,0.0212513092957349
0.000841583960192388,0.00115473159010669,0.00169652745080354,0.0627967316118469,0.0446269529416238,0.00962843409334924,0.0452907632333472,0.0676864756875285,0.00676418176987074,0.00941697800499744,0.00230553714849696,0.010711972857448,0.00209248175338376,0.00127184688244691,0.00476847482721526,0.0310182776569195,0.000104256825773122,0.00162977307932423,0.000265730092705678,0.464864102475574,0.00469656033175717,0.0226885296957527,0.011072968856052,0.121082282417771,0.0367733108622963,0.0139487883293629,0.0011574108264367,0.00331863771199859,0.00111188448222677,0.00940285660593368,0.00303499698081065,0.00277595895664762
0.00181356351502142,0.00037541168516216,0.000448666273756967,0.128540152532719,0.00116025659416952,0.0083915991719536,0.100004100750334,0.122778533867551,0.00130033122020184,0.0245236583476977,0.00876942621645316,0.00565492340082512,0.00672796612951871,0.00356113337221991,0.00310463660305627,0.0334970491993539,0.010171494965411,0.000935761823531927,0.000821914659822197,0.0377631791708336,0.022451260313888,0.0114713079983856,0.0349191739963968,0.000105127536407418,0.406676963681663,0.00577144031315249,9.03326832998559e-05,0.000750898176233122,0.00902367564335441,0.000889919498003821,0.00223858262543337,0.00526755803418908
7.81963409551516e-05,0.000981843526059329,0.000970167881374895,0.0736563101440356,0.007113710331597,0.01543126586124,0.0204798148351951,0.0897634321744568,0.0353735370229674,0.00775802044867709,0.0184578196015866,0.0667914925186974,0.00409481423036675,0.00152969589937984,0.000520599678601439,0.0409031855296862,6.39620837081285e-05,0.00165328326419603,0.000418503787063115,0.0614834178943101,0.00245903608057257,0.00388427132731867,0.0141127678625164,0.0988227146028101,0.00957631633140822,0.333406461770113,0.00489525846706646,0.0376653278319168,0.00104533748206875,0.00690983647811428,0.038071477595827,0.00162812111611439
0.000987250506907094,6.03547361896156e-05,0.00140553898898159,0.116247084947841,0.0189385820665575,0.000931333450946889,0.0236246605965467,0.0480942017941537,0.0201084063577564,0.0237308708035643,3.07083411196422e-06,0.000637946681682517,0.00170953837105867,0.00215240109014742,0.00424611355543425,0.032883013565711,0.000530484498439601,0.000397067731878088,0.00200917165684321,0.115070565967892,0.0113854283334539,0.00562618852056556,0.0439227953345957,0.208947717045006,0.0128845464986433,0.00242090187624628,0.268739752315232,0.00168777254956807,0.0014673345223643,0.00301044488626624,0.0253635952987838,0.000775864616631592
0.0308465754317602,0.028831918317302,0.00016872422867126,0.0729767731705774,0.0107000714765064,0.00241919685018628,0.0144299294785773,0.00768855435282103,0.0111376099837295,0.0462980367374616,0.00262446905084604,0.00594252925609396,0.0060517199715894,0.00138322417477718,0.00229694255548625,0.0539613005085476,0.00854035908295583,0.000962801665442274,0.00174943921123575,0.0448566721019629,0.00164839782755329,0.0104129001872151,0.0274725403271415,0.0316103643478478,0.019758004649141,8.48345671620064e-05,0.000200009034662089,0.522425205190965,0.0225733428625524,0.00558673385986872,0.00057126158986068,0.00378955794950033
0.00310684830128427,0.00238383000638178,0.000444107865216137,0.00832749330434121,0.0959900873910941,0.0191540306261062,0.0215092230205564,0.024185924862807,0.0217718343917155,0.00978656059057633,0.0149546761856269,0.0458206432242695,0.0157859245916739,0.00047668168082239,0.00820804762967388,0.0727176600072496,0.00214416476421077,0.00309258684010793,0.00230648839647408,0.150477053617359,0.0170027815656772,0.00647042228655192,0.0260506233909382,0.0836614781814187,0.0223352782807066,0.0165911534669965,0.0149700328953702,0.0388986572932107,0.201289368240923,0.0203179802387889,0.0293063548563767,0.000462002005494427
0.00235319949256707,0.000472790073153149,0.00111900013719533,0.0609709438014087,0.00178609158870263,0.0183297180783274,0.0208595425458758,0.0616753121234981,0.0364680214749024,0.0121403875915678,0.0070038546227938,0.00120264975187561,0.00969649581326121,0.000677080752427617,0.00385785842181829,0.00362240030442078,0.0046678908732654,0.000621049000300629,0.000143190918634756,0.117431708273698,0.00365299841170062,0.00185030317785634,0.0131547052580004,0.0816263950018471,0.012507586245098,0.00827432378677769,0.00661113541840022,0.0120921168696203,0.000329467919720226,0.487594559040832,0.00695634081337216,0.000250882417080541
0.00242279720996087,0.0015381426536275,0.000524750032719975,0.0717099196586206,0.00426057030832231,0.00698460839797277,3.95041258270377e-05,0.0734557245939964,0.0338468036705468,0.00583743380538861,0.014495599330023,0.0946798298762152,0.0146647239065561,0.000170607515508279,0.00883630715241234,0.00980840795034194,0.00224513120964237,0.00145845911063917,0.000368728037653359,0.0373686079721525,0.000711467400097612,3.52599417975753e-05,0.00343018684382665,0.051457528536431,0.00232133574451781,0.0138523756372701,0.00245393028281927,0.114051212759507,0.000579480494641446,0.000492118304206108,0.413109635662867,0.012788811873891
0.00841677287751503,0.0362780250075161,0.00448798125250921,0.0354438065730226,0.0243645058871639,0.00864662611274343,0.0599618847663853,0.0105225967410606,0.0146311305487292,0.00986384225060617,0.00635472661602934,0.00840648774117836,0.00132929968067327,0.00426133970025384,0.00462777676919958,0.0408285706231248,0.0551518202286848,0.000459865665024859,0.00103169472830357,0.00679910142554383,0.0880157378980424,0.0503799984780791,0.0285532129013647,0.0717010897882351,0.0366322689402901,0.00482996945074403,0.00497933191483413,0.0149782078918347,0.00712566268705622,0.00109444851300305,0.00196422577355064,0.347877990567698
