0.326963127001111,0.000614907366775452,0.00535349784518214,0.173946437831071,0.0837148077805898,0.0102340619629,0.0376983923275099,0.0967348681452158,0.0537950506038705,0.0438706980017631,0.00356495288982977,0.0235891563547913,0.00801198729091994,0.000806586691977854,0.00112451103595267,0.00626645583770134,0.00494378850966546,0.00724617095623552,0.0029001785371612,0.0110288840822916,0.0125290293509985,0.000687478772399542,0.0165361332362952,0.00715558071726042,0.00218705102726693,0.00872441379723678,0.0023150837649797,0.00977672902494032,0.0176757507785317,0.00293289988274158,0.00932266908750496,0.00774865950732892
0.0110136157699264,0.545439134213828,0.00841956245430347,0.0505112155960804,0.000689254726502501,0.00399497761016088,0.0155480509118791,0.0142904149440882,0.0211506465453043,0.0869051257295923,0.0354599245412712,0.00680020035177042,0.00343131368033559,0.00573308534430411,0.00316994383534609,0.00447781129893398,0.00326057638928129,0.0110233076550166,0.00306158341968374,0.0142536690033196,0.0196885439922219,0.00540320604840293,0.0131283485925456,0.00819464099637929,0.0102279870532464,0.0156234701852622,0.000350856998665557,0.00258028529992593,0.0134882116215948,0.00201130977980293,0.0084526148830862,0.0522171105279383
0.00138425757962615,0.000374958693545313,0.469478555388235,0.0609725992293235,0.071342440281342,0.00678036873610024,0.143103670774416,0.0802172728715423,0.0414240969194775,0.00965766486132802,0.0159440653740589,0.0190695397584856,0.00350989552931655,0.00228621312909951,0.00258673676384854,0.005794227614396,0.000348081670946399,0.00142371744723312,0.000569221834900531,3.86963725185025e-05,0.0177554459238992,0.00184098110681329,0.00727451641807943,0.00069508137871127,0.00177653113376338,0.00727731611696764,0.000460201777850474,0.00837649964780768,0.00693006838545756,1.28907531759072e-05,0.00114147805487442,0.0101527084728596
0.00164352485098194,0.000484577587958367,0.00139350588779062,0.0707106416851694,0.0633885898135661,0.00310399798201546,0.06501429350964,0.0906714361051341,0.0202292636935839,0.19555438937091,0.125882670086122,0.11893324454603,0.0900254200482457,0.00312403028172514,0.0202575960536879,0.0065953744237802,0.00698531767433579,0.00126380017721542,0.000850913549894476,0.00311452191918126,0.0007433656243243,0.00137405203055292,3.57314275158337e-05,0.00555314321814294,0.00436162016703248,0.00553405521800667,0.00377691648441229,0.0833098226662451,0.00314640851247636,0.000770170895698242,0.0016523442715202,0.000515260237104644
0.00951235809089205,0.00834200818468357,0.000988194361193274,0.0360507816188165,0.411120597477294,0.0183021896413466,0.0380252920712587,0.0156923964427928,0.00165618730349714,0.209003760816016,0.117013048096481,0.00820494470994528,0.0174154004919562,0.00042159035841358,0.00331535820360195,0.0222460199800056,0.00426605779944484,0.000353808487434232,0.000173837252433326,0.00101669013415856,0.0156554529086395,0.000564577653772459,0.0126383579682049,0.00315300453107944,0.0148351702870581,0.011262838241337,0.00299732004829486,0.00576704857350944,0.00243330570430335,0.00177757880390811,0.00173934518606929,0.00405547857215892
0.00994591258009722,0.00585005494080205,0.00399404773115638,0.013812525157355,0.00637343844595931,0.376524362953009,0.041681446557,0.0278674793855225,0.0432114973191088,0.205725800124549,0.117675696454283,0.0112393712858608,0.0315107196548896,0.000230135671110315,0.0049720399234896,0.0112733780759093,0.000736702470465946,0.000769289352736155,4.43719681451608e-05,0.00437406542642224,0.0185268996255996,0.000271349115406515,0.0200677899001703,0.0054994477067999,0.00281203217534105,0.00703247609953796,0.00316644568987237,0.00855877742821498,0.00109850753122167,0.00103491285088058,0.000977010421624529,0.0131420159774589
0.00907302313585103,0.00508320039711053,0.00102232947209294,0.144009180282852,0.0867936577092552,0.00580091775687757,0.111493636096197,0.0127380845912325,0.0791433993882939,0.313192965963719,0.141541814812811,0.0130627404074458,0.0112540332272684,0.000560588486788468,0.000648209045558735,0.00449576062343138,0.0113534433609597,0.000219136025493669,0.000455854321626532,0.000468767347068729,0.00546762769591112,3.74565840556305e-05,0.00181363453402543,0.00177080743790402,0.0085366538924752,0.0186302336144576,0.000879108994012486,0.00631452322990685,0.00198625303424441,0.000829366998674214,0.000370824992509195,0.000952766539889234
0.000257206571978986,0.00118953146478522,0.000816523303458528,0.0820701332335147,0.0908125086117997,0.000191460774858369,0.103511724742018,0.441739283352993,0.0455201750372243,0.0555049662669302,0.026735952321006,0.0560875850494518,0.015711361184883,0.00201232188876726,0.00718660181136101,0.00177318362414086,0.00197100151839789,0.000104077771861596,0.00110426434195186,0.00259716850870207,0.00544611491446769,0.000895221503974335,0.00526297453499903,0.000535402745529387,0.00185279665931946,0.00308368618757008,0.000489183675939223,0.0373186743147683,0.00345599990433243,0.000332341126505702,0.000432417825357394,0.00399815522715253
0.00707060722120879,0.00131359420928833,0.0014364926880782,0.163246963451158,0.0273941570754328,0.0415467307032537,0.0257331588240709,0.0440688045446026,0.388523145177893,0.167291831483347,0.0458058519404638,0.00901574084692375,0.000686618466526029,0.00155443374606036,0.00123296403984039,0.0295637106785214,0.00966668519959137,0.000615106806081856,0.000668879879170879,0.00160264501048171,0.00375770901517377,0.000561673071792339,0.000120985146645405,0.000995075397352268,0.00227990174836647,0.00691631309348883,0.00128166594005338,0.00208967560561873,0.00860185137353867,0.00108784383940987,0.00269228261305971,0.00157690116350692
0.00282090713467691,0.00043098331279329,0.00138335839226912,0.00402628931443564,0.0121648457149906,0.00479558334825429,0.0188945243948342,0.00561129677076705,0.00246002373802861,0.554219841179282,0.117107423184763,0.0865032585225182,0.0777243653128058,0.00195291191456611,0.00660145143311942,0.014202052133925,0.00774141504042186,0.000574373921078632,0.000541693185308837,0.00180424584734279,0.00122780862723423,0.000952083730936122,0.000501020531178017,0.00724896965190508,0.00349971737809197,0.00349130522253467,0.00548334595390069,0.0526906347939393,0.00280810671516269,0.000449765802096555,7.82356354089577e-05,8.16216143084301e-06
0.00607071768105027,0.00126625304175518,0.00286932489100108,0.0814724866835418,0.0269889648676462,0.00788485330837856,0.0379737698038273,0.0246435533446859,0.0296579042492256,0.0855926334293102,0.283972297108968,0.0700364668914142,0.130821671081876,0.00489097027310479,0.0242621405407947,0.0594062365928014,0.004784920580239,0.000668095572303415,0.00112306128136037,0.00225168000079749,0.000934117196478657,0.00173333376199177,0.0029312345331216,0.0126803695508084,0.00570191638016931,0.0031927794991248,0.018748919791804,0.0531118331988002,0.00682936453948088,0.00323907491653369,0.00409198624438581,0.000167069163219187
0.00129667329509028,0.000306597839120587,0.00283045338304802,0.0116481428683826,0.0501998396326138,0.00588339536392352,0.0574822679930275,0.0118278178992379,0.0343403965489133,0.0101132234483511,0.00862435545328103,0.536712228432548,0.0425472672824936,0.000491317697401362,0.00465023107760526,0.0083462917191447,0.00204273871147734,0.00349633531076491,0.00549605602881171,0.0110299398913212,0.00601082023868014,0.00894075768075078,0.00855815045852884,0.00612780046000018,0.0081969413158032,0.0367304133358825,0.0183381312343714,0.0692880845262881,0.00915034724845337,0.00392339619595687,0.00305280206321334,0.0123167853655133
0.0091820095787448,0.000262633336915716,0.00143632300276323,0.00390415438640784,0.066990900332461,0.0262335520368301,0.0229304113942433,0.0124849051636807,0.0570248082633409,0.136033680705506,0.0586263339205418,0.0255192005048114,0.474294150315702,0.0054010869132476,0.0149888298890311,0.00126704015155238,0.00036439624534195,0.00135357970606055,0.0015621367477129,0.00433176483561093,0.0151519292837785,0.000973554310353053,0.00170480640029288,0.00107465784526372,0.00676062337328754,0.00773382525842329,0.00928800305283487,0.00998902260733147,0.00631387844846401,0.00626954445530453,0.00542254827997254,0.00512570925418756
0.00301215731949368,0.00348814536036454,0.00180043612950036,0.0456778485754293,0.0328774331675904,0.00144033821589382,0.0215870544172111,0.010956246343463,0.0182959926461933,0.0813230470700263,0.0450977565957499,0.0531525852055883,0.00187599254313552,0.55818453413026,0.00889211096947593,0.00126784654125001,0.00553542629732017,0.000834675377758113,0.00476704614597014,0.00328415138907541,0.0173173831267472,0.000369284262095075,0.0147756789205624,0.0029181115736164,0.00121658547304811,0.00853228042201679,0.00345121300207783,0.0351547200801579,1.42877186530085e-05,0.0114483959768612,0.000614670730638345,0.00083656427277585
0.00932091720943283,0.000112837213422324,0.0021227833632691,0.0608040846114312,0.0262818557725086,0.0401621642416719,0.00618617922751268,0.0384882410612774,0.0376059605727523,0.017983882613205,0.00633113404775349,0.0111939926599577,0.00259912849708845,0.00175005117921271,0.6596059195704,0.00440664549071931,0.00140756255471825,0.00141896426026241,0.000306372081034611,0.00206691657893947,0.00867652280498388,0.00249381842855263,0.00103695591177898,0.000259400581872175,0.00604434515947231,0.00511106705062694,0.00708109915376236,0.0188574978505592,0.00976393200000375,0.00207325675688367,0.00316313761706935,0.00528337387786577
0.00254545020067441,0.000771409747691832,3.89252069648221e-05,0.270121210874269,0.100532828291017,0.0176094926726246,0.00183083538274783,0.118086926863379,0.111562639496043,0.193058566902776,0.0462032877062534,0.00591076132761122,0.000441972388035059,0.000650502650030863,0.000483406320447414,0.0632596894754479,0.0133410479104277,0.000121090473016558,0.00164692399278123,0.00720722885648832,0.00331790398120596,0.00164371483205557,0.00505757410739912,0.00086741248890963,0.00463746720446086,0.0152537027738355,0.000723375903936287,0.00564342755833462,0.00350936964714467,0.000104343299761421,0.000602223296775071,0.00321528816745438
0.0283001836655218,0.00318243266003812,0.00555478049014026,0.103006707836938,0.111183091756164,0.00282065799281128,0.0434873562217837,0.0471216052215928,0.0647693832469549,0.0515782242403049,0.0094791584227906,0.0187130074092106,0.00151791916947328,0.00261364441337873,0.000703452880594866,0.00551391131802556,0.401785960791205,0.00209004661636313,6.55621607034403e-06,0.00671254803252427,0.0163543317513224,0.0045938849989138,0.0196476543699479,0.00382041425526954,0.00298399133236621,0.00477744724649339,0.000505315159253588,0.00629780738725551,0.0103348337575987,0.00417842316070434,0.00830764956570467,0.00805761841328457
0.0225971184218991,0.0037066101856435,0.00278585503673682,0.108160971177913,0.0214377404512816,0.00841741266920066,0.011123620347657,0.0633719541904904,0.000624020671919959,0.0167777752120483,0.00534604512979647,0.00662744190887108,0.0182854483305604,0.00213038209827358,0.00274396382343393,0.00134873110719362,0.0217475023350591,0.503939313971447,0.00400711026596996,0.0211184398349498,0.0236784826023816,0.0164340812816391,0.0679841490851609,0.00565801114429071,0.0126472736929557,0.0161720354324196,0.00234866715926249,0.000319219120658021,0.00229288684388541,0.00179102174440144,0.00345284375414206,0.000923870968457898
0.00702833598847314,0.00081530522390922,0.00086714938239453,0.0518209748884065,0.0267209463434835,0.00131960291376031,0.0250508871167175,0.0131800819527165,0.0109326408321876,0.0686843108369819,0.0214718825986913,0.0189892994692228,0.000917929432670256,0.00153516309673025,0.00329477046667438,0.00213174588351776,0.000155644079360402,0.000217156919080881,0.544689908788115,0.00782122650747596,0.0625097424602494,0.00384266667886073,0.0624520906995598,0.00552241128279706,0.0048546349994827,0.00653799302787855,0.00098815469266213,0.00916705968040646,0.00320422514942502,0.0016698858149915,0.00170844809300407,0.0298977247001129
0.000879928810991977,0.00723535784965144,0.00144800356938347,0.190384542387905,0.0208034553774906,0.000277617406273167,0.0193974528498932,0.0767124829487569,0.0132128773718734,0.117315776293805,0.0157921879350757,0.00699603183595023,0.0115452762526402,0.00194607935666186,0.000931496880293536,0.00236714125494647,0.0047857383938817,0.000238758280077788,0.00634953521602888,0.305491328207083,0.0115272391455696,0.0378502909202801,0.0105214866266244,0.0314322563370164,0.00415756716010767,0.0805913138520089,0.00558977726027973,0.00121066190294096,0.00426484938608366,0.00322760306276267,0.00454778072314435,0.000968105144517124
0.00964860494792492,0.00623494629365489,1.7848378439197e-05,0.00295236369351775,0.0397042504267423,0.00227037950786762,0.048095853460622,0.0016515849802058,0.0420892167542982,0.00131070741624576,0.00197425619627243,0.0236061329007157,0.0236602996671234,0.00020598906052934,0.0194348463557321,0.000660681399057966,0.00445472809875626,0.000779667933466134,0.0020769169969213,0.0246664712869287,0.587395943258054,0.000183944781557585,0.00795188778664555,0.0374662460385187,0.00379888160999376,0.00209399262321594,0.00239899736421921,0.0119667847328475,0.00936752922933602,0.00422005513850459,0.0026242978230066,0.0750356938590784
0.00125443080664344,0.00084182284037121,0.00165306020320676,0.167461167743784,0.0816832171134316,0.00532683068882897,0.0339923045335963,0.0877931533793234,0.0404890472652655,0.074991728254494,0.0115821679668591,0.00221792628425568,0.0211197812266618,0.00327238062976426,0.00709135992199098,0.00882989583730119,0.002383175699462,0.00860906750586584,0.00381735582246872,0.0118931945080676,0.00075728425412651,0.332686478067781,0.00378972208107077,0.00377869910743179,0.0546446756771904,0.00273084891881971,0.00751272016470135,0.00149927022730148,0.00260107107637183,0.00154823646976653,0.0040761690168345,0.008071756706961
0.00517021655851459,0.000572777994737857,0.000828321430665125,0.0417900592301652,0.0372686560943993,0.000557864078824021,0.0942793468882035,0.0101790656015861,0.10418809191183,0.0366275585349793,0.00323044467763963,0.0193809946647659,0.00528133850064834,0.000190275177082736,0.00600861815981173,0.00526852133615875,0.000707867538588179,0.0048302206370702,0.0175405612786857,0.0095785121366746,0.0871558747722717,0.0263596868618166,0.348910343535961,0.00130807230994281,0.0114300850093802,0.0124140982563152,0.000557767883331743,0.0208544688876262,0.0210335190668435,0.00835216107636761,0.00476107706998853,0.0533835328391238
0.00667159264915927,0.00802390522354022,0.000620779048048906,0.0233182847022176,0.000281927374352518,0.00107296958318616,0.00942650587940203,0.0219123181688438,0.000136546025833525,0.0124921864733514,0.00684837526024362,0.0142698971356565,0.0334129870305421,0.000838295551965675,0.0163082994661724,0.00461872164138545,0.00882872592981628,8.55970671588192e-05,0.000407632967477314,0.0350635618102189,0.158673873254362,0.00516098241944382,0.0763997274793903,0.45355214829353,0.00369433635084528,0.0149079093282249,0.0147844089319676,0.00178973358746252,0.00236906341211279,0.0060006108778574,0.00897879872780839,0.0490492983484228
0.0312929515537512,0.0026955089278903,0.00242379369507711,0.022887921907363,0.0544595451074184,0.00711405964681524,0.0588279498371666,0.000871360647786002,0.0144791487721174,0.010241854076029,0.00572197182475026,0.00023674241398886,0.000740300452516999,0.000698755928338362,0.00898985570518574,0.0050595159544274,0.010636909023688,0.00296279035689717,0.000967599886488046,0.012606695650024,0.0299618418767038,0.0319154123380797,0.0557443847485956,0.0051343561311047,0.561496971184852,0.00415625353469075,0.00216585393975043,0.0223988516088545,0.0122270063608355,0.00274177953863708,0.0120282104210821,0.00611384694909432
0.003926090789384,0.00185755927183775,0.00415072785556952,0.0543652889767915,0.0250708831875006,0.000724719513244291,0.0220706563700003,0.0226322368484118,0.025323445784629,0.0354265220105143,0.00980406720872869,0.0116521398335291,0.0182834623306733,0.00133805708780562,0.00226311392604847,0.00169830588366738,0.00200483951151749,0.0015365730898746,0.00161563944765534,0.0199527397863662,0.0619795703705942,0.00884587565580199,0.00499750088597579,0.0116418888003092,0.00146463769608431,0.613073402270325,0.00799274127677323,0.0123751458419632,0.00493464246151157,0.00266670645087412,0.00102808058294947,0.0033027389930884
0.00044545480285002,0.000335370735585132,0.00123852984901076,0.0304609526499383,0.0684829440929672,0.000780958511368987,0.0259769897053478,0.0183582774660303,0.0224254100529477,0.0189741925627847,0.00670493646228673,0.0179321291447299,0.00347792289306699,0.00263328326725175,0.00125441626891531,0.000678572104877973,0.00148716426054846,0.00152139618915526,0.00501700421433844,0.0461420218105605,0.0266564711212388,0.00182633466740214,0.00692222939974445,0.0283584698124504,0.00788930532441984,0.146883938981545,0.49191672313489,0.00738783740181277,0.00127653704202357,0.00241435665193062,0.00224258336716406,0.00189728605081623
0.00239673333511838,0.000273057639789173,0.0035881826759255,0.0419819359928073,0.0508524054332315,0.00100527911645698,0.073608575042426,0.0239588966227273,0.0133153956663943,0.03816745457743,0.00041077952170101,0.0581669925225465,0.0168866640102953,0.00299522583573712,0.00870626863095848,0.00259051816185788,0.0112036776041691,0.0039529227097194,0.00877986980955488,0.00679085790486149,0.00274035704569349,0.00559790318247864,0.0128271436325216,0.0133570805126761,0.0090471423947165,0.0268598975670357,0.0295447834200947,0.494247000741983,0.0185784457936348,0.00476046070969243,0.00300227066021525,0.00980582152554995
0.00439624875547029,1.36176466124228e-05,0.00184758233399252,0.0295957862281616,0.00371190843559616,0.00431824735464789,0.00630838154922629,0.0213662327578951,0.00551378378878498,0.00536937533441225,0.000696215724051539,0.0366257139380505,0.00757357660570489,0.00263673564451313,0.00490052192127636,0.00994736477809846,0.0260823993169136,0.000665767198850801,0.00127599557645469,0.0171987363916593,0.0205018119101141,0.00135979040441354,0.00866422373197111,0.0587444470979048,0.00258193373734237,0.0501326123593812,0.0188081111266417,0.0469758535056404,0.529765740863423,0.00414470698919639,0.0623886382687727,0.00588793872482633
0.00196672638221288,0.0013798896305319,0.000925791829392673,0.00782147540046469,0.0118246112310265,0.000214232897823558,0.0139331896448475,0.011968355094798,0.00429147719722544,0.0047271662940753,0.000880902054554005,0.0435306214446958,0.0263822393139156,0.00698604299119687,0.00783066221162664,0.00267552479416497,0.00729845405003967,0.000368131831703065,0.00803183608374856,0.0442366706260631,0.0258683671087393,0.00335140467479649,0.0148385848763887,0.0123340284735785,0.00180714377769101,0.0425166299554839,0.00237618338076115,0.0254517089240829,0.0120420760183797,0.640498614084766,0.00354302289615657,0.00809823482506967
0.00266023169622818,0.000466023509842282,0.00302920855377216,0.0339128196354407,0.0171283181812822,0.00388568300507352,0.0229683669517132,0.0329292436221616,0.0143344297900751,0.0174919547071179,0.00214308547834249,0.038349272831915,0.00320418447190405,0.00617699127664369,0.0018485009051754,0.00306490170232043,0.0139703123310445,0.000489038168927208,0.00160634077579996,0.0140616956119141,0.00371379417143119,0.000579002592786208,0.00385551882198434,0.0443102384779302,0.000679861015179012,0.0205989667516572,0.00121539333208726,0.0402161071262342,0.0069411724056054,0.00300528274615106,0.63748134563856,0.00368271371369978
0.00381565660415429,0.00970855769042335,0.000298355966808424,0.188933560313882,0.00509667870013329,0.000514186266686471,0.0200083444806214,0.0115771457190009,0.00615583131584762,0.138782726951066,0.0349698981880839,0.00487087648210763,0.000743865391789903,0.00208982173649659,0.0102713594259255,0.00423105768826733,0.00963141454552534,0.00150155313533124,0.00376950508069806,0.0168046238293737,0.00243844358107814,0.00185330147829712,0.0297688154366872,0.0123501360907924,0.0183977659202772,0.0095882168093907,0.00259593317294651,0.0136184102998758,0.00929143141256871,0.000510055331080128,0.00319969925659086,0.422612771698193
