0.743735334743798,0.00383349564722276,0.00787001433331902,0.0116877890531026,0.0455596764196008,0.00201065249458665,0.050464694062907,0.0160196667723007,0.0144616235113345,0.000360664186664923,0.000717333219177775,0.0139592368237926,0.00121178078065511,0.000550625558561065,0.0023483727110125,0.0118436324660844,0.000186639982268673,0.00968389579274235,6.94733147431536e-05,0.00327187437115594,0.00151983341048965,0.00386344206099235,0.00611049903490717,0.000423433023307607,0.0129432851868195,0.00281306967375688,0.000113455638600468,0.0142839294668578,0.000393910845543218,0.00145146656101982,0.00107886351980825,0.015158335332867
0.0361975662765053,0.559918325227506,0.0107621770107676,0.021840481127957,0.0311075688577819,0.0420503703705087,0.0320159332271721,0.0842222517355624,0.0560979914817892,0.00252380867236093,0.000167614631584095,0.000161158959901375,0.00267654788029625,0.00222577965892019,0.000983243299162522,0.0172266188252773,0.000267037262820941,0.00264943682599916,0.00117934925073344,0.0160041770222465,0.00527741291932312,0.0110545601564735,0.0040813373553358,0.0121574934592351,0.00686006046675076,0.000302749602005826,0.000120971184608697,0.00332596267370985,0.0043986135868878,0.000596886836944403,0.00271273926439037,0.0288337748894826
0.00178219414029302,0.00145885518036356,0.616103929801216,0.106123374187136,0.023273008759393,0.00800395292210538,0.00359015634589731,0.0695741629544449,0.0257193784467845,0.0102356880264926,0.0106530461439738,0.00690948807649714,0.00260943265166227,0.00303580578661973,0.00387061472100507,0.000994031185147452,0.00212673327404914,0.000555466687955164,0.000717229032327515,0.00813267751510206,0.00136462940198476,0.00217535574807291,0.000614304566032901,0.0136282393867461,0.0011479131342566,0.0233112302072273,0.0040536353978565,0.00713172608724854,0.0209664603926194,0.000148823077440665,0.0149433385533117,0.0050451182087375
0.00062141058092198,0.000384689334841582,0.00653596611594532,0.621571079451115,0.00860533543545844,0.00755254769136236,0.00864885052927061,0.0250148241663079,0.0363213360363553,0.0208895440181078,0.0187580822842551,0.0194525458019773,0.0320988026764996,0.00103878108341376,0.0204967708337467,0.0444560533486428,0.000535541316746671,0.00983637455220075,0.000850352061346104,0.0141050206385267,0.00586018600120659,0.00199972162990677,0.00855296408572284,0.00114388791679765,0.0234366849098273,0.00437593819244016,0.000930599714017059,0.0289505050485797,0.00216391631330205,0.00758129607953987,0.0136713614457955,0.00355903070582199
0.000972822250073904,0.00230718200582635,0.000485378105495874,0.0425197851022577,0.319104851863189,0.150110976217035,0.0355722708001129,0.132671637521497,0.0167380485224473,0.00369194698368184,0.000630751222272057,0.00799852693830855,0.000960954744908181,0.00338970101549516,0.00136471736264128,0.164331484577618,0.00368895647874519,0.0153296899261488,0.00136765458641025,0.019968701936598,0.000836399292735713,0.0030973112167597,0.00142480754193194,0.0200822548124568,0.0168542556067528,0.0116860665136102,0.00152126572991366,0.00714442712148684,0.00437177961537124,0.00127201886852058,0.000723858026286897,0.00777951749341086
0.00092859394385491,0.00248204316740312,0.000301988067990742,0.0560135457339392,0.0045225344635158,0.493892223727743,0.0036827773784417,0.153971489565093,0.0304572231896729,0.00028920932522576,0.00375007308434737,0.0158230352406211,0.000307370478615952,0.000302888371515802,0.000386352033937514,0.121872909677671,0.00246148848063789,0.00391067266989691,0.00316590104206923,0.0166470823951601,0.00392635104049301,0.000130091611866641,0.00165760674262266,0.0479038982909346,0.00145374942040771,0.00631209767461064,0.000643522211996955,0.00729048896058424,0.00749215698785841,0.000401715725563325,0.000926060178022882,0.00669285911768656
0.00642011341976482,0.00221975850526135,0.000416844484896161,0.0843458699545954,0.0076856244523736,0.0694510690209317,0.413274678088758,0.146565393752479,0.0129666593577723,0.00284415253891456,0.00449562775825104,0.00629884856878085,0.00027849133356455,4.5203928693927e-05,0.00274828126847882,0.0940274076821263,0.0114404017084002,0.0171487776520879,0.00113896770395909,0.0371949901621247,0.000379660069237271,0.000450738549740775,0.00104978434728427,0.0294620541523085,0.00648710926405064,0.0135962647552134,0.00354693378999069,0.0119337225256436,0.00788451089017131,0.00047951893979871,0.000110550872082058,0.00361199050226392
0.000833284717247982,0.000871507585373668,0.000450990288619313,0.000560723407756939,0.00329365072314322,0.00890421085802518,0.0180424294801499,0.777885500056648,0.00297048524203254,0.021757137649146,0.0220226746194058,0.024454844773821,0.00871988136713559,0.000110636541971674,0.0108780188824202,0.00409957079498189,0.000748586258231738,0.00940510385963757,0.00181891096714774,0.0018924610257403,0.00797525782301609,0.000896687788274579,0.00188182518081428,0.00348876812242794,0.0169874131128322,0.00101754366879904,0.000910416658210987,0.0282350921505403,0.00349390490905571,0.00503641852730557,0.00954128826723592,0.000814774692851768
0.0290919548294818,0.00509491468899652,0.00227660478866418,0.0320325190754728,0.0981088756332096,0.00940511878426983,0.359561487654258,0.0309329611453238,0.291020255819976,0.00576485849561842,0.0066852545935339,0.017392473902138,0.000805401893404425,0.00345330510147749,0.00642566494887524,0.0154543526892735,0.00462666552942165,0.00486437121036772,0.000865067170811957,0.00710292846876237,0.0033460401001339,0.0061412995014099,0.00525010313028518,0.00707588707691222,0.00851038611259512,0.00309726196292722,0.0021896857872318,0.0206682771416141,0.00691221291383519,0.00152418949988232,0.00190260877264412,0.00241701157719141
0.00577623256487972,0.00235717228296971,0.000557267401953644,0.0243148531464216,0.0406675806037138,0.00931909579674534,0.06597938432808,0.00437590924613898,0.0228101904492415,0.53660955137197,0.0200857938787251,0.0648367631733838,0.00679949438031691,0.000391640336643852,0.00910862922690168,0.0154658991887072,0.0038886679476294,0.000966309189787784,0.00334666425041369,0.0148078865110817,0.00420643568881269,2.35241358216437e-05,0.00325737352997311,0.0107433865219928,0.00150982208455439,0.00326137364899116,0.000784707623645993,0.0854777002302093,0.0266331217176047,0.000562460563512971,0.00585287118746153,0.00522223779171393
0.00689436540278277,0.000747746136905302,0.00236548367410208,0.0745938755647409,0.0603325320949429,0.0150765803731614,0.141827028295284,0.013718120765073,0.0177472808877102,0.0175387109244231,0.34198025524194,0.0301936940891742,0.0701349523862261,0.00282642460245986,0.0250856801798739,0.02343044844972,0.00369346912314428,0.00116260919429509,0.00115032102699214,0.00479575974015364,0.0107421800094604,0.000403594341584471,0.00743735034240903,0.00171545387379321,0.00072759252586874,0.000643275820207917,0.00537717645729691,0.0671074133989996,0.0242987407876393,0.00286386158057544,0.0175195898275564,0.00586843288150411
0.00424629754350696,0.000368039102977561,0.000124524198467362,0.0273988020217229,0.018398086811054,0.00384051972733543,0.00393921722954077,0.0368582299186106,0.0188445211741988,0.016552170478452,0.0179617577337649,0.590154062871276,0.0499750017841536,0.00188881461827651,0.00643950718343697,0.0171680950013296,0.000327416322855849,0.0026294423326863,0.00392998950650194,0.00740084987798327,0.0248849722872129,0.000544014797327251,0.0125440154143712,0.019790922272558,0.00255895141869897,0.0368858417672876,0.0194843161105016,0.00192733873504635,0.0248698025292019,0.00525941605395333,0.00696573426231018,0.0158393289133985
0.00133003760827746,0.000924090734389765,0.00736314476255718,0.00150916138376522,0.0536059435401193,0.0252495747578541,0.0975370275781264,0.0104235978188141,0.0149143193035614,0.0187890658491636,0.0529065999683476,0.0209905812484449,0.429569331999996,0.00901569577963222,0.0779907381878739,0.00881308325226631,0.00124064220878639,0.00118579382498422,0.000928583350666037,0.000233357432272519,0.012513683376427,0.00169807979724337,0.0263159749886294,0.0219412148117384,0.00580832797937742,0.00473455021797636,0.0103569587186933,0.0167837895353053,0.0490329356840715,0.00117733489396756,0.0115717451282675,0.00354503427840437
0.00262575430447045,0.000436454384138485,0.00111494105375579,0.0652316014521825,0.0164648842699453,0.00606562349946888,0.0283820356388453,0.0193323805932184,0.00290565098252128,0.0048505043714218,0.017919862288258,0.0131536770107549,0.0226227105845551,0.702105684940793,0.00975368629233003,0.0141501169205147,0.000756118988995503,0.00389867824759439,0.000307970604977996,0.00355675410269208,0.00459883142609099,0.0038063607220533,0.00545832952174906,0.00110973638656311,0.00530847067620415,0.00513154270450036,0.00391995462534843,0.0253600709318836,0.00370518618845727,0.000259983158840403,0.00454021993853909,0.00116622318833617
0.000170457469962559,0.000727827096322814,0.00359574697959763,0.00910154352739474,0.0281820516556076,0.0136906584207355,0.0173369705585716,0.0120475985055145,0.0133160781566285,0.000976942036700561,0.00764567272135149,0.00725896008278188,0.00139555029910504,0.00468868104274279,0.75888875195705,0.00147186211823721,0.00062346305944941,0.00551246731086638,0.00262424126037815,0.000182026559168859,0.00328687109890148,0.00123382615297242,0.0185610726758753,0.0229932030702013,0.0100023109795605,0.00140448247532336,0.0016151677165308,0.0116264358623118,0.034951198684213,0.00164411977661991,0.00251659995508345,0.000727160734239963
0.0127817282289228,0.00207714111099017,0.00328171771776981,0.0167356226465698,0.00921136380845057,0.0523688923845301,0.294321045219826,0.0126598907242293,0.0273632248773627,0.00241651850149886,0.000982011640830979,0.00841764637217484,0.0104433193247391,0.00279885695433441,0.00382506243215284,0.443169289097689,0.000293902800495375,0.00729158582156419,0.000299420643758408,0.0270758284489294,0.00169669326175335,0.0112956482072842,0.00730817471730122,0.00312083876649142,0.000853540929413735,0.00319106163958218,0.0126456841854246,0.00733950829275367,0.00795226088563638,0.000962974103841822,0.00182217828968317,0.00399736796401521
0.00169992819388335,0.00766974858498221,0.00160321417857827,0.00293604885282388,0.0727903222299102,0.0161586412268332,0.0227023850085406,0.00455288589468373,0.12189592535583,0.00903161638238522,4.61276658535855e-05,0.00651591549638017,0.000471276861119719,0.000626313028803186,0.00733322527794788,0.00523430838983315,0.521157326288138,0.077186913147705,0.009301107822141,0.00220222620393814,0.0125215727081138,0.0004321397045608,0.016618989314592,0.00509771573920617,0.0264489913515723,0.00625007673645371,0.00815989650630393,0.00474125428041926,0.00577559839892715,0.000377645082048162,0.0147624618736896,0.00769820221380277
0.0154475651401994,0.00371608895486973,0.0011109782146063,0.00142708711963896,0.0172134352213661,0.00320068104087909,0.0169960263112342,0.0133200321041117,0.0094211796613045,0.00369781687660336,0.00341622537058551,0.0302412338048775,0.00406397480677142,0.000487778936876999,0.0069292267899391,0.00618342687969643,0.000527991742713779,0.64177984174408,0.0158783578092824,0.0379486612957637,0.0227112737454686,0.0114863804644041,0.0212218211568959,0.0415215947448294,0.0202796746856609,0.00940782875398106,0.00224859324423238,0.00963651889003411,0.0181498860166238,0.00262504439743752,0.00670576923339322,0.000998004841638984
0.00773100690006146,0.00327179117080379,0.000957221379260762,0.0165728133364856,0.0184611181938936,0.00661390933734393,0.0225329827438209,0.0228501337271626,0.0150561667902037,0.000589716572029056,0.0061444958203067,0.00980908783439157,0.00244463699372898,0.00029770843388704,0.00464994335743719,0.0173842236437431,0.00397858921708894,0.00590205452773642,0.664708824363979,0.0120601205564508,0.0231504294740538,0.0169400619060714,0.0198191437304591,0.0228104132503471,0.012324954178798,0.00134501834177653,0.0103276316494823,0.0227188811867562,0.00496961731364905,0.00622094551951618,0.0152242188309233,0.00213213971835182
0.0018646630179963,0.00918862972005218,0.0022647574199744,0.0109489944341274,0.00960532714210197,0.00404380615251352,0.00117131747089833,0.0183054862463815,0.0145926546017475,0.00170615915645105,0.0174172496976359,0.114156394934125,0.00188609340291693,0.000192881912994395,0.0112537243353405,0.00309786424592299,0.0110188827769295,0.0103657270316559,0.0194410599134027,0.557466760665846,0.012271679635022,0.0148453090592463,0.0075450372183856,0.00238945677778423,0.00542426291549023,0.0330757094778636,0.0105437012410384,0.0600545778767653,0.00595491702044354,0.00317028918390408,0.0166515675428231,0.00808505777222025
0.00424629104599434,0.00262393206488234,0.00262332696577346,0.0049310477762944,0.00563347758259976,0.00245182778840245,0.00336850790631694,0.0015173732365683,0.00206087756239079,0.00816678536350216,5.19863460367136e-05,0.042248431400752,0.00226575354263985,0.000355642248793502,0.00944160211459731,0.00245483389654405,0.0037708628922914,0.00839618612186502,0.00368672470238838,0.0286946298734697,0.592846208204649,0.00242965335805324,0.0150551768698669,0.0915810730427254,0.0247195086493584,0.00428817420122889,0.00120755561984866,0.034813422556492,0.00213135068018514,0.00542884052442742,0.0268620718216745,0.0596468640393881
0.000924921363906994,0.000921220516038627,0.00143417659170081,0.00339030903561253,0.0539447512615776,0.0197103903562758,0.0094503594025432,0.000164267348435851,0.118691040872253,0.00256181566215886,0.00032353797214949,0.00298094771548877,0.00340122728039074,0.00297630694078954,0.00731342803904378,0.0234669197431025,0.00660732512150081,0.0479216811005484,0.0442999351589966,0.00809097321464006,0.00459410800994792,0.435029072421753,0.00320828065385181,0.0067923321918833,0.125838828640475,0.0206274108429352,0.000962131500535304,0.0286172609820013,0.00348105996200841,0.00105099010721797,0.00214581131085738,0.00907717867937967
0.00207239908759129,0.0041405110186494,0.000234468456796264,0.00520286887487018,0.00385082540787243,0.00490774032939539,0.0106787933190928,0.000458762383643695,0.0972420822842493,0.00466669651350295,0.00634772255144571,0.0255183783884436,0.00150452270503093,0.000439966622513797,0.0123872024345483,0.018279198305027,0.00361351362837745,0.00316863552940791,0.016924299689824,0.00936953910635748,0.0262752346422989,0.0142200100542198,0.597480130390996,0.0135236080253642,0.00914426584544327,0.00106654320455576,0.00204850513418401,0.0493590137990415,0.00281173046937857,0.000804427488416237,0.00435883998639149,0.0478995643230705
0.000887224643439144,0.00276092978699109,0.00199393974957774,0.000499549139664968,0.0508565230632551,0.0125884024485949,0.0128310438241924,0.00131243712807928,0.113956397632801,0.00181292617348833,0.00310286044332302,0.0477084702316796,0.00515048483816953,0.000171847462858141,0.00376207172905017,0.0208997238759896,0.00667723324510738,0.0180438610634142,0.0016628646583058,0.0121390304810753,0.0408400397892759,0.0252510808684894,0.0303840028132796,0.445578758654006,0.0610505032366382,0.01455348889332,0.0129722327214407,0.0179290960023274,0.00111098278565481,0.00462333896565729,0.0259741349861797,0.000914518664673865
0.0327174815302687,0.0145629721142091,0.000271703581075647,0.00181613302964017,0.105509501681727,0.0134869372743382,0.165413318237399,0.0177183796657466,0.0334958725031605,0.00291780278456207,0.00192915369559503,0.0427491787041749,0.00253158653478791,0.0016348419238732,0.000893752262602368,0.010402674508961,0.00277116215745771,0.000834206227248822,1.02597813104513e-05,0.0034326128805204,0.0021940327404347,0.00378385596686964,0.00248992305777727,0.0218315086991531,0.47055451835279,0.000249600486137623,0.000526672726039367,0.017045928077559,0.02218841852822,0.000394065776164878,0.00306608660780535,0.000575857902390588
0.000401912898205016,0.000715323731611096,0.00369058020025274,0.0022265482450517,0.025029240989315,0.0272343840785012,0.0125611209250376,0.0100961905264641,0.0500408487518954,0.00148150544225827,0.00227621444717952,0.0111109957120128,0.00209497713480399,0.000696307877476609,0.00466410096643412,0.0162064105034394,0.00337007503599927,0.000312096668895518,0.00927993456955215,0.031129533004572,0.0318870709674135,0.00245551216624557,0.047049885635995,0.0107744079420249,0.0355369720599049,0.625909120855256,0.0118796123053974,0.00805514545059051,0.000667427539299271,0.00205264809148787,0.00360511086352233,0.00550878441390538
0.000313727447151378,0.00013013026025939,0.00327897653651844,0.000656177566181072,0.0549423757518387,0.0276802909165716,0.0286661576037724,0.00510959015490207,0.110705318343586,7.59208239901698e-05,0.000640783237196478,0.0209012663423545,0.00551922732622279,0.000593091383195185,0.0106693970051266,0.0268073782213935,0.00134016254665006,0.000780135632465204,0.00144615886024792,0.000774916986131987,0.0125486998005875,0.00159161100052436,0.00977542123679305,0.00238006137837991,0.03068857881276,0.0605664874847053,0.548488665276897,0.00971505779286157,0.00827861259938367,0.00593530819344945,0.00758550043887084,0.00141481303903195
0.00721077970615368,1.03432581740912e-05,0.00024629456871189,0.0578569140917208,0.013411122265739,0.000687030117904306,0.00171518982282552,0.0501129746355575,0.00824191630710426,0.025439171700704,0.0354669899184396,0.073572270061971,0.0696508933675752,0.00191233020448188,0.0281018251736501,0.0178147867476653,0.000502991018110941,0.00134520396142984,0.00752215384547935,0.00965036909262869,0.0353469534396555,0.000764885580391251,0.0142235570755561,0.0142542037813666,0.00349100912277778,0.0476180538125821,0.0276846231432253,0.36867805705903,0.037751168271107,0.00419696503037661,0.0151823690628991,0.0203366047550058
0.000318910354354417,0.0017157895895269,0.00226773629151293,0.0187564759326236,0.0755041721666738,0.0143875120355682,0.0270588392005836,0.0126459110245491,0.0627278698620299,0.00268440678688282,0.00846235219290188,0.029295886957462,0.00768398875310285,0.00228870474023146,0.00967841998511853,0.00227324752112812,0.00281693580071379,0.00243106213455786,0.00165743363708846,0.00681349982039714,0.0193512360978136,0.000193373056172124,0.00176991754204171,0.00343291336413789,0.0323888712370689,0.0140441612086671,0.00529525883475598,0.0538677088593167,0.492213344204169,0.00165225059917416,0.0804198447919841,0.00390196541769151
2.06662065101748e-05,0.00116058250750305,0.000135408020999109,0.00661782743138938,0.00334686801759455,0.0123655865548438,0.00171029429541194,0.0148447671596556,0.00445163245186084,0.00115521322279385,0.00708491807757097,0.109914466483896,6.04148341073167e-05,0.000772737079989071,0.00114204989693398,0.0181186016198752,0.00155624681198182,0.000552178926826413,0.00467773789894097,0.0201921831222903,0.00135139142273834,0.00173187260783919,0.00390137411867663,0.0291575651763762,0.0058205510540391,0.0246596485465285,0.00450556826998832,0.0666649714679628,0.0161427028057413,0.628934318654127,0.00392815824140504,0.0033214970136036
0.000200738888007207,0.00189144503796606,0.00108841758804849,0.0325977148859521,0.0255021468697995,0.00520749099974937,0.00731543148969714,0.0233533097896207,0.0233835479029156,0.00281952935763337,0.00634270385210209,0.0598495893281016,0.000734953382412941,0.000754032450153016,0.007741527153471,0.0073034929059221,0.000853791191920065,0.00145546001101301,0.00423026755003956,0.00283521767891459,0.00938498798141397,0.000863452193095696,0.00117987659104419,0.00540566466678918,0.0134069683946089,0.00275342665971253,0.000260245760771722,0.0969044994996497,0.0194004982548943,0.00757562593246729,0.625928991691196,0.00147495406091688
0.0108867803795132,9.70093675436035e-05,0.00180517270026735,0.0053880293115503,0.102038119333326,0.0297790643970817,0.126695375361434,0.0331964877442247,0.186446233575442,0.000219126473469129,0.00147125611186839,0.0256967819706451,0.000243877130031457,0.00169141372954505,0.000196547059077523,0.0348223137971126,0.000247539898981772,2.12621547894139e-05,0.000900636236949326,0.0276314285971583,0.00779513083481726,0.010257794734199,0.00200695970717303,0.0732606063929064,0.0513210665887087,0.000844122365499688,0.000803164549953965,0.0102829548645993,0.0245432178528517,0.000566219766813147,0.000451877491615307,0.228392429520852
