0.1905957405667612,0.008703791840165042,0.005853225974794951,0.0161736303465091,0.038471447858088946,0.034326168967792184,0.02677178303635267,0.0260670345550607,0.029848116659663648,0.0302354833827711,0.07254135414692855,0.11454598886068136,0.02937169110500718,0.000668531104266398,0.0027217592569080146,0.021121046112832075,0.018342863489562974,0.001617217893971537,0.0013802404158803374,0.019707054133801614,0.052338509695684196,0.010787705660171298,0.07088775496401453,0.04517276791841327,0.010423075727900702,0.004212401701257912,0.008918850739158636,0.08888449237929505,0.002183271068579243,0.0004857954479524239,0.0024049541896390496,0.014236250800133562
0.008183836485640375,0.18876426577822622,0.004144545240611564,0.0241484697704583,0.09346537462668816,0.04881215620134857,0.050330324004636266,0.032497945313116956,0.03733950479581673,0.019579005288908186,0.07440120241866802,0.07973936682161631,0.029460233559096227,0.0012995424812617027,0.0038366648616576,0.028048326877174675,0.006110898384937437,0.0011793401018932168,0.0003326643153426785,0.009858519048775438,0.019577972089858425,0.017824788902628848,0.04529028986782793,0.015926897657451526,0.030869427827887125,0.006121188423573712,0.011856171371538812,0.06462518828007935,0.004228697911729497,0.0005555374429419739,0.0012247001309823374,0.040366953717625255
0.0021258824146874124,0.0037066160762454876,0.13621006810119798,0.04785648591537289,0.06996588909719262,0.029803853600676826,0.10578102025777689,0.11482574905861265,0.011658033785792903,0.019811893385975617,0.05366062297151371,0.11136979066371658,0.02920880417486199,0.0009441105159069876,0.0031124822521728,0.010626104572491663,0.0015884007916069991,0.0010829826190778635,0.0019887775259005004,0.019239915669844662,0.015867528425021562,0.013090196419035636,0.030628963268433125,0.029210025666793323,0.008279116809740843,0.0098290328393742,0.014602669530052551,0.09116269310396463,0.005219752137232088,0.00100476340670535,0.002112572622118438,0.004425202320902579
0.0006572623700832877,0.004077544750599237,0.0016326750126851,0.2543278378563474,0.046165268329538565,0.01385193692201805,0.03822717559911551,0.10912701517962248,0.014242934660840064,0.08479927178981357,0.09999702112989088,0.07036381908112237,0.029335441963433927,0.0012462317452120943,0.0020686057402699376,0.013059069248836076,0.0017795945936994002,0.001505668171651149,0.0006646444856533034,0.010827642345468886,0.03289235921819219,0.002624897334764448,0.025987415233528217,0.02687588638100437,0.015116726452796964,0.007207864834678585,0.013332216559029973,0.05992278292670174,0.002580689835001655,0.001049835903769399,0.0028719553330876124,0.011580709011542976
0.002166535599948075,0.002424721762981511,0.0032327770831673125,0.03893524728621993,0.25693668627283006,0.007739858968740837,0.07841491407200304,0.04696591549516707,0.00450163592957525,0.011181046476159799,0.07107015975638191,0.14810530431625235,0.05094945700703376,0.0010810999692476343,0.002050878095210063,0.018762910376360024,0.0026502380210245754,0.00047821368490783754,0.0017780958087998716,0.006150025567787938,0.01836779719161999,0.005290990495134775,0.03360152325569672,0.0108636646948638,0.013128907652175462,0.0029042927223437622,0.004415742380342549,0.12936733991703203,0.0022161482654972004,0.0007617242461784656,0.002291662517404373,0.021214485111910875
0.002222843339055025,0.0022699043207583623,0.004251576434977237,0.03972557059564069,0.09718638850519601,0.1512673855933681,0.10911176376740833,0.05451505729020381,0.009695354893338089,0.018459832301177224,0.06779706101697436,0.13558250664400526,0.04208139353794776,0.0013414449423532844,0.0036659464099232245,0.03371751426010776,0.002289105344493482,0.0007054336029227203,0.0016109966804795876,0.009872428607758912,0.011161019229272899,0.004919230339648676,0.0307537198779423,0.014643451248480651,0.012196706769509512,0.005654091545379562,0.0065711909102267,0.1123332158903669,0.002683937942326561,0.0007055871047129375,0.0021675271802611114,0.008840813873782176
0.0025884243723460873,0.0016256038647059876,0.004279839974988662,0.03725795735371233,0.11665837262403923,0.011570904403219324,0.16390524443917942,0.051682193793724455,0.005673810052830189,0.01656024799967767,0.073171161459774,0.16139245733946528,0.04402306914724412,0.0008948273053298889,0.0025864743535186628,0.03096919829268182,0.001837247132740253,0.0006073306842359226,0.0019661850768711363,0.014877192014025712,0.013920016691177088,0.0056098112459969495,0.03493716633022442,0.019746695008270313,0.017047554851235346,0.004711991570672451,0.004660179713460963,0.12975019343186775,0.00265942520068305,0.0008000435690203228,0.0027660722524398,0.019263108450640103
0.0009734600946141071,0.003794535991927463,0.0018824858118021877,0.08631789466826956,0.055924278725147956,0.0166141224000934,0.05345706401093732,0.18704793609214607,0.012892027342405837,0.07212457762881792,0.08858155843999857,0.10012618299870774,0.03470929028931072,0.0008615527494370501,0.002283275334546713,0.01022171578145905,0.0033242735544291497,0.0014662062106233,0.0008004902831510791,0.012785395795722713,0.04145413834256911,0.0025109798231813378,0.034282631159804254,0.03164338420468973,0.016180567879170035,0.008510332646627138,0.015577307391826575,0.08380722952607572,0.003193101113462811,0.0011777496346264188,0.0023365334549981624,0.013137720619420024
0.003153593099506175,0.003221707668524793,0.002563991211553089,0.0247097670031482,0.07266173611032378,0.006523309079858788,0.05685143850457372,0.05649230257732481,0.18736985359701114,0.024678822914828397,0.09097105180634828,0.0755593598089125,0.021625692129939436,0.0007560339010068607,0.004484550908318962,0.01908346420471775,0.0035974835932427126,0.00157556518564255,0.0015448533763437126,0.021669368119166716,0.031361013012223625,0.012996961172917224,0.05601048237664275,0.0342828706115504,0.03453594080586258,0.0104296854861724,0.009644121160788938,0.06017697456827434,0.002588416046483142,0.0009852279066935373,0.002379538326247675,0.06551482372585025
0.0016658573590462146,0.0023159911147811628,0.0007909617519470376,0.08805449217016895,0.07344425781217062,0.011038107796928038,0.034091471772168765,0.1410675216603033,0.014452222346684338,0.2121740915186556,0.10399766561903731,0.05809432538979691,0.031486133400430875,0.000752360108125375,0.006693820066666911,0.012178236379178312,0.0021985395200329124,0.0011186278549842768,0.0008331983285982915,0.013226063871962849,0.031938596133198216,0.0013188858104614,0.02342259196350724,0.027397921148694136,0.0157195539185486,0.009506185537130226,0.015190079313580334,0.04706412300584763,0.0031580440660280503,0.0011660794800127574,0.0026798309720073472,0.011764162809315288
0.0020703259553853043,0.002305618048183006,0.0018012972861195,0.06872014935504542,0.04526364545626261,0.011654912216019275,0.02329653215286315,0.07280791195390063,0.015249181744999077,0.0659715438537753,0.2700857343123741,0.09503716146558021,0.058123428852008295,0.0005361880621331129,0.008877863505017012,0.009563736388643888,0.0022471979740994377,0.0012949203325744,0.0009525838929793389,0.013659004645960812,0.026008480359169254,0.0031899536642856,0.024332939339944234,0.0275321221997371,0.016216825963350216,0.012072907989913824,0.01702690901411671,0.07565372294916856,0.003944595406376812,0.0023636839933260873,0.006785953693310187,0.015352967973376964
0.0016735372534156653,0.0016465486327558844,0.004460851469145588,0.047302310389234915,0.05987669670913759,0.0033460536871421117,0.05638332115301795,0.044165268677166185,0.004434727559538176,0.04787834740313347,0.09182471613723597,0.1479371927796225,0.05210949690698278,0.005813933815121488,0.03053832624605066,0.006873887024868387,0.001462971953701873,0.0012109927222923294,0.0014238426816016658,0.013768223212716424,0.020593683120071503,0.01393294162252491,0.050668296989485814,0.018102219758513338,0.008286733938405726,0.013644795866775987,0.01599814200099108,0.20010982663000018,0.011067469251515564,0.0026178917174067497,0.01069421733272805,0.01015253535769884
0.0031687308184901526,0.0018530385607196252,0.002946173402378188,0.06137835403331056,0.04650126126262948,0.008908376353887661,0.031800227956410534,0.04633828925697688,0.012692815077451474,0.05747318659296757,0.14070286962436396,0.108022262975843,0.1835453730013244,0.0013272889348013102,0.017751219247800928,0.005817971502040151,0.002211218492884027,0.0011747088247222256,0.0011962554080102211,0.014781877783829462,0.020361067862460152,0.008701230308506214,0.037586350546420115,0.023834073350847165,0.010242695763233486,0.0133797657894092,0.012468212724952488,0.08695874991740501,0.0048483710767004235,0.0036099131823632744,0.014339942994025912,0.014078127372834062
0.0008703675983150334,0.002229279948837383,0.009293187498434689,0.08398047774623221,0.13926337262516594,0.00760366999868245,0.07105177415926081,0.11293122998785074,0.005118016978983274,0.017062425238335364,0.04402044365418984,0.1662493132631778,0.06116579874179705,0.06928183635616514,0.023114024633083124,0.011428887399075476,0.0001818823250782835,0.0008852343275597362,0.0005574822745665915,0.0030515629844621054,0.012362428743716737,0.004552591838256675,0.01845781498935475,0.0049714504237356755,0.004900051520574775,0.005378342591608125,0.011133793886056752,0.0971543830713589,0.006095552386243375,0.0014200306970689259,0.001569942069925375,0.0026633500428466152
0.0036801093398834686,0.0015858212783837627,0.0018488804952314125,0.06356782997554768,0.07234753952224351,0.01049354631902695,0.06521905673272611,0.07309973303660683,0.009435155826530763,0.0373042206418355,0.04030334748611217,0.1241847087674986,0.028345502565764437,0.015297419817701201,0.24751140086486137,0.007383875377862664,0.0010713699836519574,0.0014867537865891874,0.0011593581558844014,0.007518187701791638,0.012264052905309039,0.0033765542533267376,0.017595566144938825,0.010542157347905062,0.011861473056948001,0.0095371605917211,0.011287268533322839,0.08972769862205787,0.0035819129515013625,0.001964724581160275,0.004836600424304325,0.010581012911770037
0.008557238195763588,0.0071539693436523865,0.003976712997210477,0.016294259096282626,0.06702346647145843,0.03225726324787938,0.07805501242003905,0.031224989529490113,0.03330251908847779,0.029767927866176498,0.06168845786204421,0.1056796660731291,0.02090661992029171,0.0008252651361286999,0.003910452933270778,0.19021494077454287,0.0029994111298959625,0.0026954071930018033,0.00096658163759415,0.02677072122032369,0.039047638968972224,0.007463550704398837,0.041483721565559364,0.042576931587309644,0.02099397639953696,0.009725133224394776,0.006621627829152547,0.08055487501544037,0.003435488934723421,0.0008755070623550376,0.0025760112656306004,0.020374655305872097
0.0025888136487257248,0.006431464541340675,0.004183940088175699,0.014685905656316275,0.0552098728502513,0.03133254429860165,0.06852985171620851,0.026439197357975928,0.030598362392618216,0.0226739917396673,0.0569797739238768,0.12949170504804544,0.033330420706212976,0.0009164062887663494,0.0026077013567340095,0.019282493390029475,0.1688308930039123,0.0035595766914821377,0.001527259631608059,0.025624695990462153,0.04537820779415683,0.004518962166678825,0.05907353544651302,0.047148385560513616,0.008587496752256337,0.009697912092800689,0.011337811594188087,0.10119541841171466,0.0022789482879561245,0.00020211970163674833,0.0014414403588935245,0.0043148915116801405
0.003062868888455213,0.0036893750669526127,0.0013363404641286852,0.02565839011912893,0.0461968003437912,0.012150251828221813,0.07020192995788846,0.03538258299966065,0.03192385775945007,0.0152666852099927,0.05823241123965874,0.07774899480285091,0.04166219224910256,0.000441028938792423,0.001255623825776925,0.01943261938873274,0.0049101658530848,0.20610983736183824,0.005080713063913137,0.02160099667163924,0.03441198367861606,0.03427678233955694,0.09005117006123191,0.04002387062288655,0.009383298820176425,0.014225622551943595,0.01056931653479415,0.06850939166221483,0.0032329757179885873,0.000692431049365272,0.007454663053881899,0.005824827874282925
0.0025724024037721126,0.0019104325533452963,0.00038799492958297116,0.04433178584356325,0.09152377792028216,0.007994211682297575,0.0685076672290349,0.07742555805538735,0.010196020577901074,0.007353427539138574,0.04360682556720106,0.05178118155750108,0.016985911624079274,0.0010375130246873068,0.0025547806960134,0.018777999481872497,0.002476965132105513,0.004715176062983226,0.14785179329272902,0.0650024834901471,0.0442725600636873,0.017347846306193463,0.0848988431056047,0.048384418370439976,0.012713947578342488,0.032414058833907064,0.028747193347262737,0.04452078943626809,0.003530171480415325,0.0005135490739370957,0.0023779977115526724,0.013284716028763412
0.0014332380631124156,0.0008897447242957876,0.000897279515950243,0.03946359778022531,0.07830022351711999,0.005349365256157013,0.07522279378731676,0.06353184133014893,0.014979570672142874,0.01658976264179181,0.08060614896985946,0.08094628624156917,0.026158196899695306,0.00045594860749005405,0.0011079121477461655,0.01784416210197505,0.0014302744574786355,0.001355756079580425,0.0032878227142305624,0.24929202202064438,0.022079884149291674,0.011438463614650764,0.047308178146898666,0.037741072227073305,0.008347888789164424,0.007578528627475276,0.013325626615502687,0.07170142544725748,0.006750008345793988,0.00044940276431114124,0.00298387687278955,0.011153696871260152
0.0034914921072803627,0.0036688662605472372,0.0015046762642104627,0.021204862696914364,0.07025336404725141,0.008712144108178861,0.0771952117310594,0.03181681363054399,0.015136843213815438,0.0393935004803844,0.1674953250964998,0.038546492305824624,0.04908751582932416,0.0005008404909644568,0.0014042771618196501,0.011821134337935,0.004628388956002437,0.002937251776559,0.0012086214309249698,0.0285145026710164,0.13226398569465525,0.018162953741885826,0.1033319386728877,0.0795289443074978,0.011242887497620237,0.009909865326579524,0.008140814095768075,0.034441115313558764,0.0030940001862388784,0.001601665568177835,0.008119551905414212,0.011640153092658688
0.0018252415965865998,0.00230149778872575,0.0018431788294700872,0.0159034460190565,0.028385743841230326,0.011379117608470362,0.05628408170895658,0.02046367479286464,0.02576065638850804,0.014135320686757012,0.03269691997694479,0.07893601307737877,0.018983427478024527,0.0005171472362476002,0.0010879024245350091,0.014441690004765913,0.0016401799887880376,0.0015556759222385727,0.0008667845446820126,0.06747605721079766,0.04419336733263106,0.15785361414281113,0.11109975691809176,0.13482239866821327,0.03341837926830137,0.00885120077950295,0.008593255271714412,0.06567015375240634,0.0024846893534958376,0.0005768924473350751,0.0012653276585186575,0.03468720728194847
0.0026500175378076246,0.003085470342533637,0.0017496587514338373,0.013630958533421236,0.033443539685059795,0.013373874461008363,0.06109845589007223,0.018878930247518265,0.01823133577822715,0.02117621760625211,0.07277984660115774,0.06181824541327855,0.026164939130190704,0.0005499721135364059,0.0011019169082098375,0.010246596645290061,0.0023345637438473626,0.00165940365625965,0.0014598156966935,0.07119291219406651,0.02961033817565034,0.0270651988504445,0.24676590073601323,0.13280807288452245,0.024533934274733462,0.012038291600301912,0.007799328170340901,0.05420651336138649,0.0025296612135324,0.001149457291536656,0.0029965683085317048,0.02187006419714059
0.0024670733251206446,0.0009465903164228624,0.000518572646139775,0.03906196424200639,0.07092181441195654,0.0058680595752131,0.07223241667756834,0.05508317204144502,0.015848819486806685,0.01632243121513689,0.07869069333628545,0.09404498480689226,0.0284345375112236,0.0006888124568784043,0.00110793467994005,0.016376268235728336,0.0024125547402405875,0.0023158473105787,0.0033783201844255753,0.044210786445572865,0.02628136735826454,0.017884737099922297,0.06962502528256596,0.17423435581334293,0.01536608151418035,0.011498836999925712,0.023500730354804523,0.08474826775004408,0.0083963566141629,0.000618034572494375,0.003701774887225129,0.013212778107484485
0.0035920407990442903,0.0013732256091295377,0.0022411264696795916,0.015705270105847626,0.061472117459206874,0.015601365934366927,0.08500432479150058,0.037106323567132726,0.03514821276669865,0.015087427454424074,0.03266988772832258,0.03428338809261824,0.01847986207867516,0.0008382747223283375,0.0007330265316152475,0.017603181262668865,0.0025087043723071426,0.0008956396575146273,0.0039552942039170255,0.02225281870437526,0.05631278588430667,0.022323090299798277,0.12406916963886788,0.03627167054367224,0.2709230838587076,0.009334456235199177,0.008351747026512812,0.02439131426402545,0.0020042418984559875,0.00034933844328784505,0.0019379692834341749,0.03717962031235779
0.0012993846757249376,0.0013083723918051332,0.0016786271284491843,0.03141689588567057,0.07949615857158789,0.008508650117822088,0.09273087728069701,0.05621048957991258,0.021273919731073124,0.01718608603218119,0.058540878989774156,0.13310295802716612,0.019448683358408513,0.0005743408606742709,0.0018451753567249873,0.021056098845614338,0.0016400601017521614,0.0015820176877296027,0.0008041949183707396,0.07109968802489176,0.018796848125658273,0.017329453568274603,0.053464284453411885,0.0233196127987889,0.003600000602521075,0.07569772981580877,0.0497194189589895,0.11318194561715025,0.013237449872248576,0.0010197705572173627,0.004663987529787687,0.0051659405341120375
0.0008319975805207496,0.0007338297903320626,0.0013713257204349752,0.02916931304109205,0.055589126132212084,0.0042365767155785996,0.06658325440234084,0.054332171515468035,0.0084582681177714,0.020056430877640575,0.05152886474710801,0.160437915392171,0.01935519627862962,0.0005608455946586383,0.000835143180962487,0.01046482490371555,0.0008903069899979194,0.0009549159461008392,0.0006803546656437124,0.030871810994191985,0.01011397430040406,0.012034205397990761,0.035692370484754904,0.010667355136127437,0.0015522184180287411,0.013837551794384173,0.22852960137633963,0.14617514440142396,0.012728481227170026,0.00032611253745817403,0.008146038160864063,0.0022544741784824374
0.0008738058136283563,0.000917139779095842,0.0028983916218529755,0.03097758231376073,0.04768394487131294,0.003653438824511513,0.048819587824438126,0.03642763400163155,0.004409859295300511,0.02749005838042525,0.06378356519490241,0.1776506922451883,0.03812960606718743,0.0036233177958302624,0.018444326765325248,0.007337603732484499,0.0010281211400494437,0.0007335289338644499,0.0009206858697584898,0.010629207402945425,0.019609802989952636,0.008361396072497088,0.03236794665040413,0.015893699965337512,0.004655296689429047,0.008949691029574703,0.016485068117468814,0.34207311792202777,0.008578549493100636,0.0018014012958361624,0.008660095426729887,0.006131836474147038
0.0013106947327941876,0.001242642311005675,0.0012485615612117273,0.03331070943739223,0.046358451224311543,0.007283383802887933,0.07824239367728891,0.04781277556318202,0.0092566418078303,0.017285008969715875,0.08034536171813517,0.15272300702218486,0.04153903721552572,0.0022226061879960855,0.0032432919392105623,0.011020471050099925,0.001183061957909387,0.0009221020445428124,0.00071319805829675,0.010528949371317875,0.020539657943042463,0.01074310450572525,0.057689670675523275,0.027736750895371712,0.004824766292081025,0.027581643487101765,0.0640077973891114,0.1507873238922548,0.07443590877902895,0.0006089563485302311,0.010335330240653636,0.0029167398987351876
0.0010343524959164187,0.0008238186283946749,0.0009177947737859186,0.029467807924520906,0.04287435243357584,0.0059560547847968505,0.05305312347934536,0.034246949460965424,0.011856665394841426,0.011256082746648112,0.029232954862008262,0.14335549817148385,0.028116432858410714,0.0010768247904684124,0.0023762947216641253,0.012668895701730363,0.0013274259525791585,0.000855042036492961,0.0076062267089149005,0.07676891347597929,0.033902683671513674,0.01963220358891101,0.07046468604485676,0.06230382592977819,0.01395217950849409,0.012892868366560088,0.009952976233384363,0.1345078848541475,0.004406844834565789,0.12529176996402738,0.007702441034766886,0.01011812456647035
0.0009699435994803124,0.000942729416390425,0.0027600886052462003,0.026747130892063202,0.07015987267853176,0.009666624014458561,0.07931077451993546,0.042712047446201135,0.013898184297054125,0.029224595123399238,0.04091428901547822,0.1171584742368406,0.023947283167036763,0.0023508451306314374,0.006332886130105299,0.01349397176742255,0.0014120832345552948,0.0013290958309207,0.001936789184001524,0.02196044933660334,0.0243542052426389,0.013168690898221013,0.04464075862721269,0.020328451680022574,0.006112746178448632,0.01466319338214565,0.02301326956152668,0.11304194501902794,0.011219566438418802,0.00144758659026525,0.216934622435916,0.003846806319799138
0.002630113151556525,0.00259184115413215,0.0030236046695549398,0.02384686029563596,0.07044866467340653,0.020318311159826838,0.07459612365834507,0.05008513394049775,0.0351893588630416,0.018992260085940373,0.025737978385382738,0.06611219046826655,0.012506492274449877,0.000683271766556675,0.0008708767188846725,0.019205420853603862,0.00263433551499445,0.002520430183888496,0.0029798001736113374,0.03966571672544725,0.046137432393498906,0.02620168533197906,0.09420427442077589,0.0472860620556444,0.1114465342685734,0.011407266114899676,0.0110035086822574,0.05262740347192614,0.00174088253473185,0.0009295877169308926,0.001975703140130954,0.12040087515162713
