0.536311902232666,0.00256899907635997,0.00466532703642575,0.00668824874459477,0.000488254546603963,0.016324921124148,0.00328711674618875,0.022784336261789,0.0212835222213637,0.00298267349626466,0.0151824586383001,0.023425248872753,0.000572424009747021,0.000256416039682679,0.00572759404016605,0.00964844016482767,0.0108829072597464,0.00228812366341405,0.00145167740874423,0.120213592942462,0.00216228590238887,0.01289505303242,0.0238018500518203,0.0966624032101736,0.000687940058003326,0.0123727501284598,0.00450329518005254,0.0229285411762785,0.00682931950917908,0.00436361165726515,0.0014772779699831,0.00428148759772691
0.00455290732877661,0.56406548279538,0.012686153791397,0.0522333666030888,0.0368242912297023,0.0224897194716622,0.0556056910633197,0.0229965738223532,0.00767995025319711,0.00161596677760272,0.000772193005016718,0.029109370638121,0.00836044447811448,0.000109966315475991,0.00330263661253776,0.0286556554636979,0.000465552637876653,0.000742239302503104,0.000485087639632593,0.0399177952622055,0.00373630392951596,0.00154134278313069,0.0199885813982429,0.0504056306277049,0.000419726346557256,0.00377573834867902,0.00211887898031137,0.0149658137963036,0.00110279221296342,0.00110999504913138,0.00439043855459204,0.00377371348120605
0.000697999070364223,0.0102555602393113,0.467195942108184,0.0755589398531599,0.0467521815183628,0.00540343193683084,0.0265082290402404,0.0310209074743972,0.00959793677609083,0.0573722566945843,0.0577649390916838,0.0234672414867449,0.000394158457819191,0.00023746342291012,0.0062982840446774,0.0471183500080831,0.000570839335552067,0.00595586890950032,0.00114592394559601,0.0313134879467534,0.00674565338226001,0.00514402527948842,0.0121250793631509,0.0379108632109333,0.019762954071265,0.00144711370964471,0.000171028669134413,0.00285083336078156,0.00370505278168691,0.000563614874650347,0.00415127129098886,0.000792568645169176
0.000396797150109944,0.00111111822536208,0.00267770899164773,0.643680984497044,0.0122518744794629,0.00808031700408557,0.00488752966954426,0.0172116109796711,0.0381322177104551,0.0561474696502419,0.0381845681326472,0.068939518397687,0.00115359808810581,0.00189773556836914,0.00828444653323259,0.00118960068090919,0.000953387672405281,0.00143349956836659,5.1618528214109e-05,0.00862611815249747,0.000335421914743914,0.00496478227759803,0.0131030676161048,0.00943791837211216,0.00652305080799339,0.000183183433158437,0.00322325585703536,0.03818027755494,0.000530034426454788,0.00247958573922576,0.00363436504803394,0.0021133372725405
0.00141701546343478,0.000987541656556784,0.000481319662348961,0.174481648271465,0.214619986058819,0.0210778134694093,0.0173511055022848,0.193979358401774,0.00372900970908269,0.0284988431903473,0.0018747355729804,0.0190467288448813,0.0031323204164485,5.06497451445741e-06,0.00392133509275344,0.0652934574162191,0.00461656974961038,0.000779964105147253,0.000570899729217946,0.0687614736849991,0.013283141751345,0.00121383265879565,0.00140288026894335,0.0834780879109018,0.030223138079998,0.00490156210742538,0.0227299357603691,0.0107198290431935,0.00226648878260563,0.000286761597191203,0.000171461767873911,0.00469668929906299
0.00172653326388929,0.00285079320108986,0.00136996020453094,0.0194219591823573,0.0787038706417002,0.459554099177368,0.0644333995987389,0.00295576311639842,0.037054513926763,4.47076789934437e-05,0.0117725286815046,0.0430203515446255,0.000465583576463771,0.00141394823617753,0.00588849117147913,0.10132093405581,0.00213943877422448,0.00186773005488368,0.000520243113849322,0.0261613542812579,0.0016246833784522,0.00774768904906436,0.016572062295508,0.0248148904391944,0.00964668198932996,0.008230872308548,0.0167444538376707,0.0353003828757105,0.0117190311036269,0.00163422999857722,0.000957863768034709,0.00232095547417753
0.00296760213204018,0.00783528418333321,0.00103458398670021,0.0823090509416849,0.0746500644223021,0.0122750019439654,0.398993244015356,0.0803213116242829,0.00211148851690791,0.0385223001170628,0.00451848212250462,0.0324267027836805,0.00392463942196887,0.000244666418027281,0.0112459629035527,0.0269113784265359,0.00129803262866792,0.0025097810343181,5.31477593469476e-05,0.0565336751253824,0.0158148760537806,0.00296070033011677,0.0106951617571501,0.0429838171440895,0.00610817596818111,0.0078386842021764,0.0166351817407832,0.0493175385950019,0.000433240929954843,0.000666337945122025,0.00558618829647596,0.00027369652954677
0.00149339909160525,0.00262142490004444,0.00133893732423563,0.00970098634800126,0.00403319249735454,0.0179749755322118,0.0211094711159449,0.510977699063779,0.0785020157615915,0.029339941999996,0.0383751413548288,0.112940727633529,0.00198468890059465,0.00448964887794463,0.031840601104629,0.0241449488486636,0.000251131848931354,0.00133546754451892,0.000169101208616596,0.00425825629282363,0.00137218299981617,0.00734464987598426,0.0188605372742376,0.00126564533053232,0.0139745518409779,0.00164024033489339,0.000710790166685243,0.0506717292319124,0.00141527347769854,0.00321154045340164,0.00137002520419241,0.00128107655982434
6.45978153786579e-05,0.00935222010055011,0.00086226392231962,0.00488240585367289,0.0169678494625734,0.00359765507990519,0.00692554006216348,0.00896748408464985,0.683853707220902,0.00123504959760393,0.0042272402589811,0.0612654519905299,0.00013928093667967,0.000154481677126913,0.000411943725605883,0.00264321035972051,0.000935007921559402,0.0323698428206026,0.000355313906858671,0.011876944721665,0.0198165672185683,0.00138704562319641,0.0140317724224116,0.00434583753319914,0.00888221001451146,0.00259569161675194,0.00135388254634656,0.0689588913341141,0.00372418832874665,0.00651418756009161,0.016031067120926,0.00127116716208768
0.00109165265916314,0.00528864402259919,0.00330440800639601,0.248208592628274,0.0246549200335078,0.00287799933619776,0.0707902072917804,0.211339992319608,0.00515867620919763,0.11437028360148,0.0639000854766638,0.0320343670181994,0.00232837957562452,0.00079112861086643,0.00950062395054216,0.0205312055319806,0.000956036135081992,0.000305310109460973,3.04943615454092e-06,0.0692758925289391,0.00238306772856594,0.000520351179669471,0.00189225997815103,0.0635410762338953,0.00061966383071145,0.00771736150302807,0.012807995618548,0.0136896807756259,0.00380203656414897,0.00258502348598506,0.0020104972052459,0.00171953141470697
0.000945924511838913,0.00986175886893086,0.0090622100152433,0.0291316606385533,0.00296366251531858,0.00405575067504195,0.00978637944526501,0.0390490846500992,0.00501928531297905,0.0504602093060422,0.694651067284655,0.0487935048038818,0.00568320032718899,0.00385046996707644,0.0181170726965185,0.00635868059593812,0.000278851988473565,0.00045841643924233,0.000154003109858668,0.0189926537177563,0.00276820124691475,0.000429626261378756,0.00236390663228473,0.009392680789589,0.00121547696239171,0.00219693779330738,0.00516252857486001,0.0125355842935634,0.00234373500298263,0.00305970765456791,0.000309727070449233,0.000548040847808982
0.00344236410595698,0.00350483898597744,0.00337827530897164,0.0166463956732976,0.0224588967342117,0.00286492957312002,0.00852880133245816,0.0241367248064727,0.00263112583278811,0.0175957020355464,0.00616827687105515,0.512869229975559,0.00985129404312294,0.00116228737114282,0.00646057251219599,0.00421309000985522,0.00123180068046163,0.00477112020292783,0.00212416845374474,0.134423954991628,0.00836337396605932,0.00151410832519132,0.00132841139040633,0.132421872432527,0.0067490174570631,0.0095675862394263,0.010575061933338,0.0292848177652832,0.00874103066210789,7.79759428185252e-05,0.00154923139089579,0.00136366299438899
0.00193851701945343,0.00278158207243843,0.00151694171529532,0.0497502451357771,0.00198604898337885,0.000398838763084455,0.00666020034259485,0.0234760050125328,0.0270497180111439,0.0431366160678098,0.0227676668174039,0.0189491245377623,0.472438507529411,0.000302071064272568,0.0426832032825542,0.0138170971460401,0.000690996529576467,0.000650142052933466,0.000368713809763508,0.116496082225294,0.00194539368658439,0.0026074611474152,0.0198196966328694,0.102022014425367,0.000941484417858829,0.000932391921933367,0.000111849128603721,0.0130056072528082,0.0020315089735871,0.000976292438406831,0.00128635083231167,0.00646163102373323
0.00500704391886645,0.000880011874684235,0.00360967023206865,0.077002182718042,0.00380829453427545,0.00574277137853316,0.0337531342202061,0.03276460928897,0.00761043614219769,0.0356158921936315,0.0205782810825639,0.0106675162485681,0.00864886183016065,0.587674277987029,0.0498658822371811,0.0179007457583587,0.00837383130306864,0.00461371735308582,0.000736677808452138,0.011679300471004,0.00438431764536595,0.000759265967355971,0.0108147751623711,0.00456085835313952,0.0023885863435489,0.00354914595647708,0.00299291236523207,0.022117190583892,0.00101147892325127,0.00145330453067264,0.00972033980416305,0.00971468578358295
0.000284240037336491,0.000179015297883596,0.00221801188233122,0.00899003531443485,0.00125890451665341,0.00159801640584698,0.00507645940894891,0.0120364692223386,0.0452129476707692,0.00601354677662984,0.000954953813515332,0.00923282721889566,0.0108883870068628,0.00242612147895919,0.29969701636597,0.0307197846912541,0.0009319622851213,0.000101225016593015,2.10342885979339e-05,0.256889183609539,0.00223668313177993,0.00613326386777453,0.0372438399373295,0.187345913873227,0.00158024863657584,0.0325316754737029,0.010456796100651,0.0129926955756053,0.00864355839667898,0.00440360558016636,0.000751686989211471,0.000949890128815145
0.000474706720746795,0.0130536182690111,0.000246111117646787,0.0166333973811333,0.0177093603436184,0.00981974646087461,0.00010839469444889,0.0135898099891834,0.0101047913114303,0.000584332197405801,0.00492131347279576,0.0936528448679772,0.00511213528899569,7.49137957524537e-05,0.000503006816180025,0.580119732313155,0.000595542193011073,0.0161475634387047,0.000941195290818817,0.051598389223573,0.010097237999639,0.00117068130540137,0.0210659301463463,0.0238705031876716,0.000710591946756296,0.00373952499862973,0.00227649506722638,0.0846326065391069,0.000518578515933683,0.00265081190685394,0.0115208217246436,0.00175531147532807
0.00521437404968952,0.00206824446214197,0.000584682365741276,0.0677674735160167,0.00392470850711981,0.00324412673042833,0.0214455037618873,0.0172808231806308,0.030927685122927,0.0441656712980346,0.000453779862983028,0.0106495987283273,0.00463573311543971,0.00149234898919319,0.0290960705616231,0.00731678843444832,0.591184725754132,0.00155497761436837,0.000848071161190997,0.0451042650336018,0.000185600823946312,0.0113692046489708,0.0156749782847033,0.0208067044728223,0.0127442844111666,0.00558268972811194,0.00416058404981498,0.0119050126695357,0.00148693083015994,0.00352944721413617,0.00104783056694856,0.0225470800497582
0.00200750235632127,0.00115897082372496,0.00232562311498831,0.166897245322775,0.0260406089787869,1.1573510918236e-05,0.00506087074066459,0.0371455816765412,0.0332617226552523,0.111815745360332,0.0064856822205532,0.00223366317758323,0.00362131842434383,0.000969254191568765,0.0106693194466242,0.00350941585286529,0.00246124805161299,0.374916063939377,8.61039367778237e-05,0.0742837559530968,0.00996418887095274,0.000295333818043466,0.00458793538487909,0.0600879398751397,0.0137480302219738,0.00670173623448846,0.0155712945534364,0.00986006642090797,0.00430570629953405,0.000701428028898943,0.0007969726765595,0.00841809788047773
0.0228884510783675,0.0184824251373672,0.000601112092365786,0.0134639731412692,0.0470401946115371,0.00629415626853391,0.0209335423174997,0.0310855049733384,0.0459610382242038,0.00664987278859408,0.00209349497497081,0.017388508553947,0.0102771929450129,0.000594041516433854,0.010836892166853,0.0907380365434921,0.00571107844497258,0.00345539336058519,0.375423034821936,0.07201135323431,0.0221267781711032,0.0110929260603491,0.0486540028558179,0.0532470227482423,0.00477329706682023,0.00679118604509008,0.00310903298183182,0.0397029076139224,0.000354322143335531,0.00421973097135616,0.000910530245742004,0.00308896590079914
0.00157311186149709,0.00493937051385096,0.000840518471814623,0.0369368624429858,0.123663311614582,0.00073899423209493,0.0671843146565958,0.0219935932453913,0.0104448737341896,0.00441481370352666,0.0207264353517471,0.0150473395667468,0.0148461508691847,0.000204575907231559,0.0013246239295462,0.140159496000254,0.0098442920512116,0.00582771992219935,3.49911315755852e-05,0.130593700339767,0.00891379101769604,0.00142297906010894,0.00763704360936208,0.197678355709192,0.0912767622816052,0.021104127252892,0.0086005243807193,0.0246055366623871,0.0138073653695642,0.000822292366679681,0.00569376113718241,0.00709837160661902
0.0088263972093851,0.00401438536265561,0.00127031147889647,0.0315583292319064,0.0220249550098177,0.00256276021976384,0.00785093719531075,0.0406724658775841,0.0290974047251237,0.0138691639595768,0.00594116497786883,0.0113345387456768,0.00129832301770896,0.00039068289897263,0.00364014508546365,0.0303867361187733,9.62880009483199e-05,0.00448009463277521,0.00146641775120346,0.0382942677560393,0.563102859679244,0.00553129936068915,0.00572092973977929,0.0768990230142048,0.0100041747130353,0.00795044546841923,0.00947226880580009,0.029791080294987,0.000435722205640805,0.00465947210643657,0.00622864048142791,0.0211283148748853
0.000314008023324416,0.00347528507175925,4.9702253289694e-05,0.0621502327344562,0.0519588324503255,0.00396162378580394,0.059040743943599,0.0434622982522717,0.00143453687890215,0.0264705856434476,0.0013126808708698,0.0347198255946415,0.00872891986249041,0.00154162189623281,0.0170742922049595,0.0322830139538746,0.000745347111713006,0.00544688377836487,0.000215554425483682,0.0335840378242434,0.00995672704380395,0.458333955366445,0.00959724526717888,0.015746731875467,0.0588519177794415,0.0041615487545695,1.37001549597603e-05,0.0287559376122072,0.00145279081942394,0.000732698295162739,0.000275738593061792,0.0241509818782256
0.00129993795370508,0.00287010933323088,0.000462618963729617,0.0211211457253873,0.0272759811163578,0.0200223996750068,0.0703867713732854,0.054525046611255,0.00220380367686544,0.000289729840435604,0.0126300112555351,0.0297816789936646,0.0087510022032793,0.00297361922973576,0.00743778325745253,0.00666046249478756,3.30196770446292e-05,0.000396726174018997,0.000342107376484012,0.0406814923941022,0.0132290253165804,0.0208298676017964,0.560911571971853,0.0182615187198905,0.0109511864239837,0.0126412943633755,0.00199377817478052,0.0365974100091724,0.000356934843065531,0.00201187829609335,0.000257238715074187,0.0118128482389713
0.000444842185302462,0.00209991460893981,0.0005027701834422,0.00701266257460032,0.0539482193184589,0.00023458640193845,0.0374328399022684,0.00448831069627837,0.00421036449162351,0.00187992042641065,0.0101844261178154,0.00524920152687968,0.00522980095983371,1.00884195190101e-05,0.000461509507668686,0.0564034586919198,0.00289978622734982,0.00197374958472322,7.58568511622519e-05,0.122232982555131,0.0012514042712391,7.05709948289715e-05,0.00191986134388395,0.611879061029025,0.0355654746559363,0.0044734162573899,0.00150151972347447,0.0138653096502219,0.00488317573595406,0.000688512103624167,0.00351431845831538,0.00341208454484071
0.000303603112074272,0.00142522077773125,0.000367361766990038,0.102191496047342,0.00207598800049942,3.23483713330345e-05,0.0183520650586819,0.0933896932734685,0.0211238876932639,0.0243895257481154,0.00268874670992378,0.00441299194552132,0.00197464044656902,0.000409064210586009,0.00585013737394974,0.00202651241843196,0.000101237330203265,0.0145954443598936,0.000352977013968104,0.0529384846975837,0.00761475053403094,0.00244166509392744,0.0103540203848009,0.0330696253835226,0.561705653764513,0.00437385136752046,0.00809692556246089,0.0113358701981705,0.00569361084034753,0.00140558581848283,0.00454019492174117,0.00036681977435172
0.00397510006585584,0.00474843089537937,0.000462900195607058,0.0119226308425494,0.120489260418215,0.00803561089941554,0.051719333745562,0.0306984237639508,0.00154461471557876,0.00521273249293628,0.0164318196060475,0.0196189890632954,0.00616439779488698,0.00114832668659351,0.00683106563725403,0.0911023033068193,0.00809814147313319,0.00740443141920414,0.000456337909348487,0.12721808136309,0.00710923995642959,0.00374718404477738,0.00461178068904457,0.122184767938913,0.032514738715727,0.276875931593521,0.00307552548181483,0.00613451257111022,0.010883948349301,0.00116439500769438,0.00650564568495083,0.00190939767199376
0.0025712248653179,0.00119393901247672,7.61135068334506e-05,0.0249978928202946,0.117162497649708,0.00426231610458647,0.107550793685084,0.000672954310549995,0.006075515654729,0.0342779841768424,0.00378277030751781,0.00559340205827913,0.0147436639240958,0.000100156575648586,0.00597738346468447,0.105205994103777,0.0034828214022975,0.00320069210131009,0.00143172200225668,0.042275612083488,0.00637303714491429,0.0106099408777154,0.0255990328933382,0.0502096358543056,0.0157527993511661,0.00277762915566903,0.366794774708714,0.0248367008196419,0.00593316897370535,6.33114751677073e-05,0.00610430784517757,0.000310211090707381
7.11723998737731e-05,2.35701603527997e-05,0.000790550750920236,0.00122690832284722,0.0144606803938056,0.00439984731927758,0.0149080964052517,0.00097993628405976,0.00234951606927378,0.00976879307077032,0.00766640845322346,0.0119443837719345,0.00432583886061657,0.000772514817476774,0.00215386602406175,0.00129438870016823,0.000403223392800332,0.00166057651039112,0.00113857943976619,0.222374020516297,0.0101052235420456,0.000502717843290104,0.00144075565009683,0.237624116654434,0.00532219413198835,0.00464498905969549,0.0107582066899515,0.40559939950087,0.0154766213038301,0.00238417230801435,0.00206216138127621,0.00136657027133818
0.000692887296104607,0.00105075042109449,0.000147126651362966,0.00120564743366687,0.0151691342832322,0.0154943114368771,0.00591666267835296,0.0140635984975053,0.0298001481702481,0.0272156310064817,0.0238230281524592,0.00280387668648438,0.0201531266712964,0.000389683230060106,0.0215181524949324,0.00417880979241783,0.00317381543029313,0.000203965797661696,0.000877892984151708,0.000828712782972259,0.000779220915960628,0.00228599158603913,0.00234782643230369,0.000944385751804154,0.00253816726035986,0.0329169660749449,0.0523224198008426,0.0177986012075009,0.682822777956224,0.00231356431599958,0.00366170848738024,0.010561408312985
0.00241631125291662,0.000202752495170389,0.000243068606707442,0.0203456938469821,0.00111237800990699,0.00225784547942409,0.00066077557890764,0.0075193692580025,0.003903436461552,0.00174028202752273,0.00941506984500939,0.0906463247990598,0.00324245296745151,0.000174207638566255,0.0206988847002564,2.42209676025557e-05,0.000801601158625454,0.00124394802812375,0.00069736321947036,0.243121520498603,0.00369854770218508,0.019843554433642,0.0521852357243062,0.139029665974807,0.00524704685326513,0.00939800616552817,3.64081973311578e-05,0.0474715872803053,0.00997279855822696,0.302227831026378,8.93308112290819e-06,0.000412878163041229
0.000104146366949144,0.00168241651677796,0.00304855275139891,0.0397347111020402,0.0224180014235894,0.00582488363362467,0.00160202990877973,0.0396389523944706,0.0239562026726781,0.0206111337731597,0.0062547788041603,0.0148076259472183,0.00901487695505973,0.00321455960049782,0.0202912768498216,0.0387114382256118,0.00302057417227744,0.00699574022362707,0.000821630364915987,0.0257705170300335,0.00303678380138693,0.00265500346535916,0.00309717436406246,0.038560491924201,0.00792326513012007,0.0374088804238397,0.000180689151900212,0.0182196642740423,8.38928746692387e-05,0.012381971621972,0.587267949677994,0.00166018457376095
0.00723492436816709,0.00566696626250366,0.000120247394008009,0.0275343588168672,0.00496840447490127,0.0177556262753018,0.0281308821145947,0.0827198195658346,0.0644573175029288,0.00349851547482328,0.00258314577636698,0.0152079039374551,0.0154249847668582,0.00152008084828362,0.00435342572423426,0.0391175653469318,0.00224929458584562,0.00792776443729564,0.000489291744496093,0.0186981703072005,0.00471153543225058,0.00680454232745503,0.00796449137109711,0.00875465642849791,0.00516230463786943,0.00344835288966142,0.000792446463622227,0.024041329989321,0.000800308416560571,0.00144283325418622,0.00101345034493018,0.58540505871965
