0.1161902207231,0.000126985407930103,0.0056824602078705,0.027183500869327,0.0907682253336221,0.0768358877748629,0.0094076512350653,0.121112335999106,0.00773722321426032,0.0041971599708209,0.000979708713881642,0.000589312225907893,0.00338787679306208,0.00170480820776193,0.000364360578621268,0.0254239008878148,0.00321691223683057,0.00587717784149626,0.00132322366956106,0.12733939895269,0.0496740128156537,0.0115075667303666,0.0894993116924035,0.166803539212142,0.0243417324335109,0.00857087983288452,0.0104481036866577,0.00217767511138332,0.00111619481656358,0.000971058488938098,0.000742516317335527,0.00469907801856721
0.00205686996734478,0.0944352578289043,0.040669096775967,0.0162004310437646,0.032586788380318,0.133076131221893,0.0167139587355595,0.0431831315907202,0.0312949640961361,0.0128717504323382,0.0116729767838734,0.0035716709493302,0.000104389121538055,0.00203373555256459,0.000324192488447509,0.0154088983400154,0.00376574646103311,0.000255083189804298,0.00141092726512462,0.138084475598561,0.060236382548997,0.0264888063144566,0.100715360448125,0.154462332894743,0.00628119501554867,0.0135022395008724,0.0135947822042609,0.00954073719501859,0.000508663860168415,0.00200105555218668,0.0032246826265599,0.00972328601582477
0.00523249212473837,0.0157535363616483,0.350139548890008,0.0236883843416105,0.0491649512863359,0.0936900428217997,0.0422982474803242,0.0965774207776039,0.00883687155911236,0.00748118827863284,0.0262431697811751,0.00226932736623112,0.00916999061123047,0.0112025721732485,0.00202295540739047,0.0146373718637557,0.00956323314831304,0.000767180218314623,0.000734164024531577,0.0686928966446374,0.0119490555680148,0.0210575990174724,0.0335888505287901,0.0687114485039161,0.00765705628445532,0.000670127122056905,0.0016270925818393,0.00652710102692398,0.000205502064204952,0.00199850582843078,0.00559910737313756,0.00224300894011504
0.000916383821759582,0.0106172386784237,0.00137066383854902,0.0982497534075914,0.0490456484785504,0.137740817925223,0.0112850602039087,0.435895528107271,0.000446113434781641,0.0204794750281983,0.0332327278163171,0.0225376237016995,0.0495711289467073,0.00112627273773102,0.00076253128622524,0.021453383174287,0.000156403928796991,0.00029343606576755,0.000727551739156839,0.00304430059423947,0.0253787237883139,0.0034054292444121,0.0260089643559881,0.0208393489583995,0.000385838032347572,0.00704682838690226,0.0083678649472747,0.00556152895004064,0.000358630889162156,0.00084904070348893,0.00270058714658837,0.000145171681897211
0.00121775616009498,0.0125371783822713,0.00297319329732934,0.0101816624970199,0.496751949239499,0.0640148516178224,0.00272667892054516,0.0523779141575098,0.00676673935908774,0.0222549133105203,0.0694338157454654,0.00193719933218033,0.00280590735894698,0.0105774510323421,0.00134886353789108,0.0223933271973138,0.00202343221150751,0.0026063409907031,0.000280376388843468,0.0102622235351477,0.0134465445308061,0.0303867974593231,0.0280866007473162,0.0195494530616011,0.0456552778491922,0.0183955312250049,0.0211625519660861,0.00226501855694538,0.00437265170699438,0.00827049224734267,0.00616962114299754,0.00676768523434857
0.00185563539625236,0.0148154139780602,0.00618727121803671,0.0408282332748202,0.139850416526044,0.102060736239979,0.00736915977954502,0.11468798083213,0.00807055693695065,0.0290493768567078,0.070484080361848,0.00520646366765125,0.0263127231128518,0.0120296983463622,0.000793351710094057,0.0120216784819668,0.00172989533365025,0.000862713625095832,0.000791390194358564,0.0548709275293839,0.0117683824411988,0.0246437430834392,0.0216184368188937,0.0588859978450266,0.123223885420315,0.0291014471837913,0.0179675551514035,0.00294290768421586,0.00139887502125988,0.0123599576490649,0.0259214778731699,0.0202896304264329
0.00243246464571414,0.0059434415946751,0.0179483664944689,0.0649753600631025,0.0192930344390388,0.10640354300823,0.133648950412967,0.247087944657825,0.00205500651513206,0.0261827499324496,0.0246532551586785,0.00714028627962179,0.00236366373920002,0.0131209948716683,0.00240722623185643,0.0196941092970692,0.00170013275948231,0.000768420598809217,4.10996047484394e-05,0.0355837066905199,0.0289682105816296,0.02793879231667,0.0539052537803095,0.0670927003379478,0.0305289668918725,0.0186457602771,0.0167974753142401,0.00763180119098365,0.00112167468883789,0.00403385441924309,0.0027768478963117,0.00711490530959698
0.000710763307134535,0.00930434026001322,0.00503224462921932,0.115168012384844,0.0257774869618262,0.096014512946811,0.00727817900112502,0.567997258273128,0.00435979521973769,0.020476204049071,0.00575373324671736,0.0156816383363169,0.0286871223130885,0.00164968932031529,0.000945255063620191,0.0182718164865538,0.000264672958030095,0.000168671717292318,0.000673409243856255,0.00198806243143339,0.0185006861356998,0.00195190339924242,0.0152924174089585,0.0166801870600197,0.00209870388764247,0.00409511560011987,0.00598535606497757,0.00370713810467293,0.000460560593217085,0.000538257690393518,0.00381884379498329,0.0006679621099375
0.000108019354684348,0.00380070948360931,0.0152801416387256,0.0487550337932031,0.0633079684094429,0.0523293178938208,0.00341315882162201,0.0887103800288271,0.521571474421975,0.0285643393195199,0.00500380082693534,0.0165402659871929,0.00204092841042956,0.00738111997119704,0.000366350281419748,0.0220464524315676,0.00351501496809941,0.00911418090118435,0.0021962026256324,0.0176381770150387,0.0029424613968671,0.0101778510096665,0.0123740012121528,0.00996141652080042,0.0181284475541243,0.00240489299628027,0.000302829519803123,0.0107882700206722,0.00183894289891918,0.00203044961361477,0.00179023312181627,0.0155771675511564
0.000670543650068494,0.00924233731198561,0.000750683056079138,0.11538984703652,0.0954353764449583,0.11568438614354,0.00197418671207095,0.307883079653196,0.00135202159875836,0.14769153942677,0.0525935033761865,0.00805384121790642,0.0334736989789816,0.00284805644269743,0.00662703993971063,0.0360845582362702,0.000336811621123036,0.000499297703593799,0.000484876514673993,0.00389108013820361,0.0155389092117509,0.00337928661662507,0.017815095660328,0.00586948030251832,0.000589084916329302,0.00723654110690444,0.00391756756731153,0.0026107035028967,5.70732494673062e-06,0.00176053621359867,0.000255033375109885,5.52889983861437e-05
0.000527767169124035,0.0122019122662307,0.00148224877076177,0.0677635374301086,0.0872649659024389,0.0599107089929441,0.00774040804171209,0.211838170632586,0.00608151964220281,0.0122158032797509,0.316362442664225,0.00922447316511169,0.0218478196088293,0.00337760936100482,0.00460969568134143,0.0224163971752751,0.000507025874570088,0.000126637998450809,0.000237981178761972,0.0116571596714474,0.032297371738234,0.00981580642296368,0.0505595193437881,0.015580633013619,0.00641676692203073,0.0113471120642909,0.00444082875903002,0.0050059322155101,6.21700646123457e-07,0.00305333749893147,0.00144920376512495,0.00263858204895375
0.000334261638604201,0.0065999491902705,0.00278792709940657,0.0373915230996679,0.0425824733944913,0.104824256548173,0.0570098949668981,0.0748506439872572,0.0175727077844848,0.0287876346817946,0.0689320632460566,0.110558593895535,0.0223568861121396,0.00264130818120844,0.0515090978554324,0.00552022327723355,0.00489891606161148,0.00027994531346863,0.00102114332102669,0.0288373377579598,0.0545997873326716,0.0257819178922382,0.0801425545722348,0.0167704479500878,0.0356601812865368,0.0157939448611397,0.0169766653929635,0.0421074198492896,0.00306193377210748,0.0109644953600591,0.0203417541933344,0.00850211012461676
0.00068775407359029,0.00702477647639434,0.00357812951005588,0.0083758740388572,0.0202922878449749,0.0892971346711837,0.164379476285286,0.0215091759076315,0.0245549183388894,0.0124393682061698,0.0752286458425466,0.00515947925655719,0.28496981864994,0.00973775923024073,0.0317935702881331,0.00996507308640114,0.00227325461049564,0.00131466595432609,0.000545623888642323,0.0108137841087345,0.0526621162608546,0.00940826230704977,0.0274860625046742,0.00195187261046553,0.0539455679584814,0.0109766396118329,0.00610987963510931,0.0290521418237585,0.00102151951686266,0.00811099528759459,0.00229984300413249,0.0130345292101348
0.000687263505644685,0.00251681961324488,0.0017136665092443,0.137017235902686,0.0720185631282651,0.239748668288216,0.0136107077331091,0.350762181521334,0.00155223576747414,0.010936628043675,0.00463320178220029,0.00214462578187402,0.0137288500307415,0.0457824634543361,0.00116829955097404,0.034479813529236,7.47308190347914e-06,0.000980659692389987,0.000227813605778256,0.0148635395275418,0.00448038086550814,0.0050068191742335,0.0118857907489514,0.0180272936883407,0.000842590053530132,0.00396446878183237,0.00156620414323474,0.000290084601576383,1.96367580882509e-05,0.000151272760634444,0.000349354793334144,0.00483539358086623
0.000177027604204209,0.000642235058703755,0.00272838262798477,0.0654158015478417,0.111038736620057,0.193389950263109,0.0291520466862019,0.176448798769072,0.000585405444514451,0.0224260616656831,0.030464398276839,0.000796064729944737,0.0247187838418431,0.00202007805891451,0.227752815445547,0.0105074657992842,0.00245159401543116,0.000206369125494857,0.000172859181229732,0.0131483391481704,0.00414986193145442,0.0037507007706383,0.0226950735977688,0.0156795357696928,0.0108662826409017,0.0016225008274468,0.00197793863478612,0.0214638792629711,2.80167682432358e-05,0.000790033115006845,0.000122011948053274,0.00261095082296691
0.000754539962514166,0.0164921917760338,0.0126730175440515,0.0978319184048476,0.0851520808395218,0.0859731193403091,0.0148778655233174,0.29162995193705,0.0380815671311132,0.0064517681686231,0.00374026374728238,0.00284689007125993,0.0027651316759185,0.00570478192149558,0.00206300592958836,0.0468600363873809,0.000118620133427746,0.00322684318773382,0.00010026462701023,0.061633338961573,0.0315983381521656,0.023588190139567,0.0814494405568538,0.0671224608111462,0.00249249467767393,0.00723780013449111,0.00197182730971255,0.00369051526326065,0.000519328503782999,0.00014736886733355,0.000315713097038065,0.000889325216922494
0.00837833948621233,0.0553022435733178,0.0350006612301668,0.0682676697821652,0.0813283213314181,0.0667505728648411,0.00178715988502842,0.221538985061237,0.0397094349292397,0.00216674750095742,0.00044082388539973,0.00073556498404245,5.17658338279139e-05,0.00100518031246865,0.000114485587419582,0.0315815962051005,0.178232220812563,0.00274368822798169,0.00271402370016957,0.0189908277343205,0.035815475119078,0.00988329179907771,0.0359773875530012,0.0318932292400774,0.0393487497322065,0.00604105104013192,0.00413703432246448,0.000882815263561225,3.54442627469638e-05,0.000583074422628835,0.000218305457987111,0.0183438288591604
0.00257227761676109,0.0479013476301135,0.0131981301652615,0.0940825790800699,0.0987174206281133,0.067381720580501,0.00263549905241195,0.229106544531395,0.0290273127305403,0.00672907125975908,0.00196947901991649,0.00471606727753396,0.00269826097605576,0.000154759066433209,0.000229140080566352,0.0266294095374398,0.00167747385340071,0.16638729302555,0.00311769573796318,0.0024233672707071,0.0469143231708911,0.0027093076026917,0.0687578595279364,0.00883212884335968,0.0329608727499016,0.0160366868243155,0.0102114514935641,0.00146628213923213,0.000965112199587334,0.000386458428267416,0.000273516879384474,0.00913115102037526
0.000770159892417292,0.00111018056283378,0.00220758050290574,0.0229995646850325,0.00993179532489616,0.0648430557209276,0.0173352855990369,0.0658628194872563,0.02189151302696,0.000299704660464604,0.0276724809005244,0.00835014859126954,0.0466979419737851,0.000583123838903938,0.0237558767635564,0.00920939868398088,0.00334735270018692,0.0105162308692204,0.525228192377546,0.00140277997943229,0.000677962451880318,0.00863001956515919,0.00290483828357963,0.00416851948893719,0.0150540791991295,0.00590544144290412,0.00447244036911535,0.0148883778126672,0.00124856717861474,0.00713143632576644,0.0158279803327222,0.0550751514083869
0.00171417592677052,0.00628582743310887,0.00325186416020551,0.00195435059344826,0.00153577173009112,0.0265259194288721,0.019448754974272,0.0048073131855766,0.00604163324274865,0.00205240570458134,0.027286712974321,0.00424721021658818,0.0159241297762139,0.00216545712881403,0.0175779913112697,0.00396199552179726,0.00304650921505138,0.00347670825997839,0.00162123356088783,0.471916631532408,0.0373291433121097,0.0782128687102065,0.147432061678247,0.0148976337512406,0.00117060998689919,0.0167103470152485,0.0095046172942669,0.00997071562642054,0.000257032976993016,0.0261564793742238,0.00767196223532979,0.0258439321618104
0.000129517890788536,0.00457757414968299,0.00334240149880921,0.0598559198609444,0.00999290902831575,0.0105585452880203,0.00682784951906414,0.0927900378144215,0.00835655452584296,0.00963368751818696,0.0438007832446035,0.0369250138848615,0.00908648187690919,0.00200723707662715,0.0116711145338772,0.0129939398379424,0.0032881207106259,0.0121534219197656,0.00679155354829018,0.0301856287998048,0.132747731133031,0.0701622519960739,0.256066543327199,0.0409192116473809,0.0213263650285959,0.0147182743922861,0.0157121722652234,0.0271238696750716,0.000441173616760919,0.0208985491673872,0.00326772045834718,0.0216478447652587
0.00735046347536321,0.0040791996446594,0.00425490794806621,0.069107240141151,0.0466796196366293,0.0627431359962248,0.00139918512218013,0.176244590058772,0.0126688818534754,0.0162517432823461,0.0154804432220347,0.0463540914689748,0.00581689880810286,0.00261355570237397,0.00293561195108472,0.0201271946871815,0.00447754927204312,0.00152197230633071,0.000452117634294235,0.00430460333266368,0.00604656819919261,0.33976682970731,0.0595165533946719,0.0153838167908385,0.00142175517681577,0.00248740382153284,0.00438823503394419,0.04696430382062,0.000296099551730049,0.00264264429962142,0.00319457174685448,0.0130282129129168
0.0011347443960398,0.00311761065571456,0.00101823062869825,0.0252870651874052,0.0349932495504364,0.0148325347190943,0.00708652107579008,0.0568002532015474,0.0209444176066378,0.00707506434539341,0.0117627653102926,0.0343445438964224,0.00211690039414963,0.00152079302214156,0.00337413183764094,0.020809433666509,0.00321033760769402,0.000129385744594334,0.00245175348547323,0.0158218970143484,0.0254719226966524,0.010711812319137,0.555773211499524,0.0733572182416813,0.0122111269438428,0.00134027776717262,0.00194516437606049,0.0309615670027415,2.31949228619523e-05,0.00417859610137452,0.000621852256760657,0.0155724225261673
0.00125285105745151,0.0135505657149929,0.00552723715074407,0.00729192022941881,0.00503939299341862,0.0187440340060251,0.0217488754685919,0.0138127690266139,0.00826460475146702,0.00591017443927162,0.0370729884983147,0.00998828512583796,0.0141262218960013,0.00235250985657317,0.0237079448142316,0.00323338603208985,0.00394372433999427,0.0079366358305457,0.000766621546532237,0.240416608632709,0.0528005661363762,0.100969747150164,0.175856232391325,0.0957446071062366,0.00237962687997549,0.00645623227147274,0.0175072798913535,0.016566438448357,0.000176566063922188,0.041278689253116,0.0105029849659463,0.0350736780309293
0.00121930508337377,0.0116023176701922,0.00192261828584919,0.0202490973662823,0.120696210451405,0.0218152994407526,0.0304703036520702,0.0592107998887552,0.00859406652417645,0.00558661057626885,0.000633016223540154,0.0380281109936205,0.00139419100156177,0.0078368085189583,0.00248899138838215,0.0563959899839155,0.00305042245237491,0.00176115425153743,0.00875922199323001,0.0173775255909799,0.00354861370509402,0.0443694370147426,0.057929606685735,0.0158890908605235,0.364831443775901,0.0298521521548525,0.0258987241943425,0.0276483375244279,0.00149350910752342,0.0013744469747551,0.0075989656385389,0.000473611026336755
0.00131675105918045,0.00404297750362809,0.0035017246141555,0.0226891000665636,0.00503928273414562,0.0854010585702532,0.0329475267757861,0.0423240525195183,0.0256223498765284,0.0010710395660813,0.0213748153571686,0.00733604770041333,0.022352315913306,0.00142508475237311,0.0127800677052119,0.00613202679256744,0.000723224998326976,0.0030665579087181,0.000801807809246532,0.00454711889851396,0.0251341687349653,0.0267054161655591,0.0462593598528443,0.00439244478318424,0.0303417171616663,0.471397187044406,0.0256401522490883,0.0136102917044039,0.000310546850282211,0.00568390529986757,0.000336857614640385,0.0456930214174058
0.000822446157100269,0.00365894423203663,0.00291880588028406,0.0110069722255649,0.00153651096969307,0.0684552515100108,0.0256604592503513,0.016450424096307,0.0236857786987555,0.00353313380132876,0.0105634990868721,0.00253169028526853,0.0113657641932196,0.00133129071413229,0.0123894807995737,0.00348088087785032,0.000410074714932122,0.00365792097194467,0.000681022717926674,0.137858213263516,0.0523252771744335,0.0278867858124348,0.0399073275840736,0.0574488943742897,0.0433925555848306,0.0279646248933694,0.334701060517355,0.0151440241266539,0.000327447604337893,0.00536911650864632,0.00452769379593868,0.0490066275769683
0.000721026252768615,0.00526388056454204,0.000186568999464134,0.0209495760078984,0.0358503293741067,0.111324744986166,0.0166477601284311,0.0942435266909828,0.0401506954144705,0.00482284830362545,0.0403505131926974,0.00975960530945275,0.0132852503173162,0.000876896725689057,0.0305603211454839,0.0083325595676112,0.00223413745003554,3.73881713167186e-05,0.000578107847297866,0.0450541647098306,0.0202619559821413,0.00762992510302703,0.0342204011963624,0.0448708818138821,0.0026953208958083,0.0099357340853947,0.00546306922923553,0.352826971447877,0.00749779139485685,0.016833565768576,0.0125055241104284,0.00402895781322381
0.00117428974063088,0.0150680821659265,0.00273014204881387,0.01108382439766,0.00218040368117637,0.0339195379188613,0.000438487865665556,0.0768654759366689,0.0087961339903691,0.00454313868897026,0.00690749805640166,0.00147752378563869,0.0142359309673795,0.00202176572134164,0.00936773100162955,0.00246057768160593,0.00396950324539604,0.00074772714595505,0.00895926378653019,0.0768603964607151,0.0195128159619731,0.0584507232770316,0.0908742720096822,0.011390346342994,0.0550010889359504,0.0188088670843625,0.00925676832313617,0.00769705021172242,0.418692605427086,0.0203298976089137,0.00386685378383114,0.00231127674598113
0.000687477498332583,0.010051387941483,0.00413859957104141,0.0249612103422367,0.0382680650011872,0.0640446772097929,0.00636215267273971,0.0724698272308753,0.0110890290628811,0.00352899473476322,0.0026652417001386,0.00229944077020194,0.0023550545854322,0.000899063606467471,0.00291530998343759,0.0260465145956465,0.00211671922196758,0.00154598682603384,0.00683091542491644,0.0415556016158836,0.0254359240221788,0.0248266085414099,0.0625037078414137,0.0645468200433808,0.0208638835479267,0.0208584409073159,0.00500634077227513,0.00124089131882159,0.000150133660904427,0.403856131345102,0.0363015639775034,0.00957828442630894
0.000163839962310205,0.00243550418455536,0.00373053457472832,0.0578284322203449,0.066286373066283,0.105845233097108,0.000496110466169868,0.105970600597355,0.00295686531790864,0.00831608060209538,0.0202039117319934,0.00134563175230019,0.025442769618416,0.00131620811450508,0.0174077691564669,0.0211982914654939,0.00182618566827695,0.000921657287485006,0.00465034326961029,0.0219518766131773,0.00401309431182752,0.0108769509778656,0.0277849855369575,0.0321810985207783,0.00206850287755242,0.0165845013990891,0.00387131265144778,0.00101919747546656,0.000934050717772704,0.00515049200594461,0.422554948865946,0.00266664589276906
0.00179245404267615,0.0247467747032415,0.00351019648487892,0.0402463798025825,0.168674954377484,0.0550846718562562,0.0247197901417655,0.136882884916724,0.0250256778231838,0.00106635049532611,0.00233798105796007,0.0249557014511894,0.000785385836042356,0.0019287158382112,0.00275826892517852,0.0741643058764309,0.00261103063099203,0.00172031242295152,0.00440277445662175,0.00184459045483557,0.0153983250684602,0.0768241956613623,0.146851375155899,0.0136618715275877,0.0690530475137112,0.00465498008614158,0.0073294529114703,0.0144746802692344,0.000332994092219768,0.000373003387996565,0.00270765275537583,0.0490792199760086
