0.0687297000249372,0.00173287314208002,0.00531343242688687,0.0693121071154415,0.0689876739687178,0.000446792028858626,0.0819318104303342,0.085688473058479,0.0250101886611714,0.0299811553143141,0.147092901637973,0.0564093529950893,0.0457528030882628,0.000233777077619184,0.000917497566744195,0.0104551757188158,0.001652443262202,0.000629105759600469,9.46528059491932e-05,0.0259491799016343,0.0750957645042605,0.00153207171591549,0.0555936742689335,0.0708931855192782,4.29183892027589e-05,0.0107836501634922,0.0197579366350771,0.0366306711170655,0.0027581963157886,6.70323440078221e-05,0.000219110867151662,0.000304692174715951
0.015523228826718,0.319280620527735,0.00335720640451932,0.000813006396459908,0.0453230218427399,0.026345740066182,0.0241945296676028,0.00324598056802188,0.00458287679983844,0.0698053926346905,0.0797995255858364,0.0832090919842492,0.0427055020080468,0.000252894197527745,0.00315572776787403,0.0395058321536784,0.0078477862703777,0.00317199891530163,0.000662358632024308,0.0108252097761358,0.0141658989020513,0.0254307213792244,0.0648965085100456,0.00677387383604239,0.00150910908055021,0.000266656865008546,0.0023127891785565,0.0808823854649919,0.000837430813524247,0.00126359036100832,0.00571190241872732,0.0123416021647092
0.000456274445500665,0.00589101279974075,0.0381948924588672,0.139685621679653,0.028651905368723,0.00387840663105428,0.0447097353727979,0.164754639914416,0.000845594803765964,0.013065773184049,0.177595970253092,0.153681641332604,0.0988675822404245,0.00114307441171221,0.00360615129387854,0.00135264437458356,0.000141314498238075,0.00019328171950899,0.000216281322835205,0.00347813301230367,0.00328850643740493,0.00375044913108819,0.00666839241548315,0.00427410522903703,0.000430226623634629,0.000612495038490599,2.33579796328613e-05,0.0980716375198241,0.000333614912684395,0.00127333418143285,0.000544923172143596,0.000319026241394974
0.000647729521293169,0.00428719539025415,0.000409407784989871,0.0755512510726525,0.09431821522693,0.0252660171139209,0.0252262529940447,0.302834446966227,0.00285848057746832,0.179616099685744,0.118679086218665,0.0483681580755104,0.00768179155996551,0.0025712056016707,0.00027780935184056,0.00154472854355771,0.00111007227237199,0.000475941599821711,0.000247665479053202,0.0096654183738353,0.00100053870139459,0.0109672649282405,0.013034883553475,0.0245932871744695,0.00344711917843353,0.00406965972823792,0.00586176398060571,0.0257456776359555,0.0019745912814653,0.00112876596966801,0.00286654489346688,0.00367292956477163
0.000566474546408996,0.000506101105220898,6.95779861385484e-06,0.0942846178376531,0.0586847011019917,0.00330865461313726,0.0455820253011294,0.0768019532934428,0.00727708631121806,0.00716381554441532,0.134791470848028,0.238519106503325,0.12832854902695,0.00389231690850643,0.0054874986175613,0.00456463650574611,0.00212316969868828,0.000129961897253627,0.000474235897990612,0.00201274912967282,0.00195384405820676,0.000200591587227877,0.00230827284095076,0.000653171453117255,0.00635892750365534,0.000814990804475582,0.00339625842373069,0.162447906989537,0.00110452958014981,0.00330572201941913,0.000514861784849207,0.00243484046772732
0.000251907933222849,0.00250678733339349,0.000222753039075414,0.125768045404877,0.026026821419158,0.0517742213146307,0.0602778284662552,0.118068169314915,0.00118127849684638,0.00761441570151138,0.187026768147524,0.167825316492711,0.110796520199319,0.00382502573927516,0.00690617299956872,0.000428643028877042,0.00143522929462815,8.46678818852756e-05,0.00066511572834646,0.00283161075205454,2.91024466618126e-05,0.000492561317812813,0.00441949386169502,0.00330399864445132,0.00178205383017317,0.000424079696343484,0.000635758424429645,0.109913499102594,0.00100320640536746,0.00211773257674426,0.00016639746710615,0.00019481753854659
0.000565481728368427,0.00121218507498039,0.000271329753791285,0.112979904101674,0.023237123136752,0.00166943368304052,0.162576607431248,0.0995418727680902,0.00198505585602394,0.00814477762839458,0.175230612032385,0.155123734422438,0.0953047722505356,0.0037539659912932,0.00596542649785132,0.00267054505082653,0.00122032721327813,1.41895259532549e-05,0.00125124810150022,0.00781471328284371,0.00241370295012226,0.00125691899833755,0.00395516960644102,0.0141385597146101,0.0016843049791906,0.000865385581025868,0.00281768648900024,0.106819171843845,0.00253487585511611,0.00162918264992106,0.000832580895039778,0.000519154906080849
0.00040042312127493,0.00200664289681833,0.000108444820984733,0.151132640654437,0.0491140597359811,0.0112701940921328,0.028771113038607,0.396078977869019,0.00342433762260936,0.0919230875143165,0.0242713086496933,0.0946888076350536,0.0351978762725068,0.00126065787138369,0.000349911917121301,0.00076845987498199,0.00155910187170811,0.000401072866109893,0.000276665690818703,0.00911024383443627,0.0010004168931767,0.00559902595296394,0.00361029605508075,0.018534437270203,0.00280474342502778,0.00131649127997351,0.00145667681936503,0.056544890818418,0.00150873091207077,0.00149754623658429,0.00138702828558312,0.00262568820155933
0.00022427722527598,0.00137548133537032,0.0016700382659325,0.12884973947481,0.104650627189089,6.00564486775643e-05,0.0868089233565599,0.170206397646063,0.134128837010551,0.0139036963845411,0.0551916015876308,0.0801592143572619,0.0161792058686549,0.00289473324536613,0.00647851791293801,0.0113980593846235,0.000657468770895674,0.000346705834847926,0.000679104359381726,0.0161387742866902,0.0142672367397623,0.0126249373551767,0.0370912043984087,0.0183859602869078,0.00236172931804327,0.00118676155302636,0.00496784061108823,0.0571412715519363,0.00789195386582878,0.000219707939506307,0.00164850108816749,0.0102114353469863
0.000248056055478407,0.00185961931838864,0.00184488721024854,0.133268488366317,0.0939227189236664,0.00506261700477781,0.0435361216250167,0.24960645608208,0.000614476705259378,0.281446085388287,0.100112104201519,0.00196055534584115,0.00516170142158266,0.000572354318734858,0.00137615687843467,0.00624943047669025,0.000925621015260283,0.000531047908829989,0.000301728682746977,0.00467692303269375,0.0116557556372727,0.00248759251303579,0.0109651913811484,0.0183798266177355,0.00194399829344919,0.00581753447658869,0.00724557510756267,0.000437239329343948,0.000515664719567443,0.000265017942738221,0.00239002319824526,0.00461943082145855
0.000797758412454876,0.00822098225192921,0.00124851437557361,0.161728046281825,0.106983874229254,0.00919664888728005,0.0436380628134094,0.326897506265621,0.000674469505600535,0.169597533657749,0.00623505495133808,0.0100682130705294,0.0152106062705634,0.000884848649416517,0.00504064893267769,0.00579186589772501,0.000857701387987911,0.000341438566681838,0.000962302908461578,0.00796509883134444,0.0118630643266816,0.00832110344040933,0.00552780891259004,0.0340101703384995,0.00446730740160006,0.0151782349011525,0.0208823724531752,0.00237348032896714,0.00105740173508345,0.000389541051637752,0.00443443669972331,0.00915390226305695
0.000594905090618087,0.00305061187584663,0.000430023322035193,0.123521542977514,0.0749580324951837,0.000141045024221589,0.0736322099551848,0.194392339058968,0.00409359430627557,0.0683074197559067,0.00700443038043997,0.128985641465494,0.0101864135808698,0.00139091352940217,0.0156033747719634,0.0162353195114987,0.00139417733268976,8.58584952539767e-05,0.00564704632993911,0.000468616573166597,0.0695068316071088,0.0147931354097812,0.0401808129589449,0.0290255106294255,0.000772680451334125,0.0252003286097883,0.0361629376766973,0.0324714329497438,0.000891393193742331,0.00147616259741568,0.00257929749061241,0.0168159605929339
0.000528599093825109,0.00908662667334162,0.000532641448622922,0.109352555545126,0.081374241739681,0.00244566358726336,0.0372288039247544,0.204120302554806,0.000564076915367773,0.0994827077502194,0.0725221079479893,0.0239032940803329,0.189780121560921,0.000204174652488304,0.00638686717087424,0.0101953521202787,0.000286419307828014,0.000183839702923634,0.00176500708032693,0.0040701932020268,0.0235504483990512,0.00533712534251538,0.0132990085430409,0.0268762246940809,0.00335908661650856,0.0225423360355764,0.0343686891787726,0.00569590098024523,0.000136063629592005,5.40869802615652e-05,0.00174990761929081,0.00901752592206837
0.00053761028779814,0.00177257049155237,0.00231198261547538,0.0419227640902028,0.0605258784346713,0.00472715469564083,0.0200443673526557,0.070127801372999,0.00232501476593602,0.0130642845184822,0.114977286273639,0.233303407137903,0.114724626170276,0.0545317049941315,0.0139814562933381,0.00225660852537115,3.51636167860426e-05,0.000890861080646576,0.00304696791812669,0.00736755320737637,0.0144628853471369,0.00176198504886752,0.0330803021217024,0.0180200082951869,0.00295889159759737,0.00832245792540457,0.00389521804285523,0.147393999625598,5.15452901760753e-05,0.000265308478433054,0.00153738850023435,0.00577494588379985
0.000649112225495096,0.00133913417081116,0.00115273899824979,0.15988278299931,0.016520392785835,0.00259083316004685,0.0115339329012856,0.121596677825979,0.0149837616652158,0.0801349454193346,0.00533184468024663,0.0702151745746814,0.012236641146325,0.0102319270193713,0.23499341007763,0.00441781533085431,0.00240320074520638,0.000707345381623759,0.00183366801873648,0.0104380566300834,0.0531658377471572,0.0062872618787203,0.0347489041818271,0.0245211818842931,0.00107558036685405,0.0159051031723753,0.0163200897450768,0.0738488633478747,0.000944926014515409,0.00222487539302508,0.000116189542671694,0.00764779096928735
0.000997200407714274,0.000648486518493446,0.00157407101674035,0.137224347851966,0.113957574226797,4.74730226692062e-05,0.127684556143451,0.16221242540838,0.039341861800718,0.0107996100198658,0.0783067926544397,0.113280824823889,0.0282138548568901,0.00247054941073216,0.00765992984549711,0.0111152390687209,0.000934543424455277,0.000238154893504702,0.00100490788898938,0.00995832799130932,0.00672266570854273,0.00549341642136729,0.0300751596888429,0.0090705509650141,0.0020301795477694,0.000982052851348731,0.00296441300448088,0.0833298795584309,0.00687627866667171,0.000170650573501563,0.00267510612522201,0.00193891561358467
0.00142932232561299,0.0195836333577412,0.00215526657144148,0.0105855925724109,0.0335336043920985,0.0119933619980093,0.096068699020972,0.0296647079723003,0.0186801042276963,0.0808482039378033,0.136048987093416,0.142300009155175,0.0318262164805384,0.00127818297345073,0.00111431967061267,0.00237586748594046,0.086568962268437,0.0025313942561324,0.000350207679188816,0.0145076112079676,0.0375602007732063,0.0208566633130328,0.0158792165792778,0.0471298568498407,0.00391603204975662,0.0146396620210425,0.0253603374614002,0.106463363666509,0.00311904422870303,0.000406431852243034,0.000282840316991915,0.000942096241050361
0.00183130607802602,0.00273894087420598,0.0014079011632493,0.030256668851668,0.105913662529648,0.00390302222252035,0.161046496117026,0.0822488732275068,0.0388945534359407,0.0276522236228393,0.0257249448474947,0.12461155051363,0.00573215249976702,0.00101071986533142,0.00281968373970924,0.0425321243132992,0.000822969166431517,0.0644274780347464,0.00128843047832617,0.00119427036705805,0.0391580917790585,0.00932175740394591,0.10292280766848,0.00790408635353152,0.00784136534543481,9.52714228859707e-05,0.00508227852956399,0.0911662469672726,0.00446599470587336,5.00069360962975e-05,0.000417635627649941,0.00551648531178252
0.000853525505328517,0.000825890772684834,0.00248469718211293,0.0617071537839084,0.0270344425670016,0.0065925878947114,0.0157754228544651,0.0523350263705511,0.0116993174664676,0.0142900434432587,0.00271436592943177,0.0844386595724082,0.0156268279754589,0.00349575859125988,0.00599343598468266,0.0155276670034584,0.00154652336021047,0.00388984135766311,0.166367814943525,0.026564449820252,0.0931892236039912,0.00841092183352977,0.0709833975526223,0.114400493502719,0.00669257855213831,0.0681713296319248,0.074483405773589,0.036470916219937,0.00223572493661674,0.00104321442244623,0.00189307105230127,0.00226227053934413
0.000836472065500832,0.000463869927492079,0.00192383599064468,0.0260594440242779,0.00718768251778079,0.00186891181564944,0.0098844867955974,0.0226065411475882,0.0046695669073811,0.0168881973921371,0.107336434082289,0.0279557369736115,0.031666575726686,6.48044915689882e-05,0.000106496397635924,0.00426809445518395,0.00352031178787348,0.00140419317443016,0.00626763144290478,0.4756607394197,0.0460620370590848,0.00179212287492578,0.027626715951853,0.0761951777638901,0.0174393348308789,0.0114745025528725,0.00787580658958118,0.027441920225578,0.00175251544980947,0.00234064403532038,0.00155232544472971,0.0278068706855433
0.00362216889734183,0.000694250903396308,0.00173597807298166,0.0170927639590966,0.0394470678467069,0.0138920155755816,0.0996036314980829,0.0239320703891069,0.0172720326649735,0.0307437635337177,0.137931128610666,0.209419846055479,0.0592640964107339,0.000691210919068822,0.00597677587514882,0.0121477237979191,0.00291076184065957,0.000894202923985613,0.000690214853907457,0.00788819505582126,0.0241269079985705,0.00147385074413808,0.0702876442749208,0.054582370344619,0.00969519572290265,0.00105366551005465,2.66925985856082e-05,0.140863371075408,0.000498534219887397,0.00213663763988057,0.00598058507573179,0.00342464511092508
0.000843334765539828,0.0029243467567816,0.000981138044776891,0.00628427512440113,8.87113789585936e-05,0.00128535657547279,0.0118699988712871,0.00519850294889763,0.00596572024301811,0.000627803463665265,0.00323373141522557,0.0648073438217178,0.00556761400390206,0.00151146591882754,0.00382501860261397,0.00014057433498465,0.00360338608615997,0.00152580680749927,0.0026473998989043,0.120039812447053,0.0921249864354174,0.202436797484015,0.097275671746249,0.299406940045338,0.00306663507643901,0.000713147286964358,0.00382258673274543,0.0407759678475913,0.00637846384866584,0.00122952772823967,0.00357177001518518,0.00622616424346271
0.00113185715199623,0.000946280000867708,0.000973074936687407,0.00814681605101476,3.87353894044541e-05,0.00250114287712357,0.00825773561755816,0.00781377170796049,0.00561044941576613,4.52028093121639e-05,0.00547570910131303,0.0490919575113827,0.00716914308470877,0.000986625348514056,0.00185834778325602,0.00126355778685713,0.00235352799194726,0.00113010531678067,0.0029039682882699,0.0983061442687561,0.0955067629168678,0.0189791911032812,0.37256042055557,0.25447272293578,0.00306661815624184,0.00185956215523836,0.00813347862864099,0.0291515135304597,0.00377704356015006,0.00167037307695535,0.000924081755420761,0.00389407918591733
0.00355184273669419,7.09593583879444e-05,0.0027740486896272,0.0288085108260654,0.0223496836712987,0.0130923800120864,0.0647424287125271,0.0252578337535619,0.0162912961702831,0.044618634557167,0.204436608615594,0.145696867175156,0.0785534787754433,0.000544374430958773,0.00273839909410135,0.0153230402636998,0.00441747585049418,0.000716823439734012,0.0065387777306542,0.0724683963587523,0.0283819034889253,0.00240486183541051,0.00648421600323554,0.0450296381301235,0.00636309383879138,0.010552820275532,0.0202101287251075,0.105471262295764,0.00226624897349155,0.00347993996908919,0.00804882730630441,0.00831519893593915
0.00188176680912296,0.00140945528643573,0.000528054194079947,0.00541790582836106,0.00986634209584326,0.00103558568869354,0.0183267456799507,0.00832058731782453,0.0463314624318402,0.0050730708506673,0.0142914589054232,0.10413440262801,0.0150427553994461,7.48866386170733e-05,0.000531393375394159,0.0138813831359431,0.00110932057521238,0.000266364637212506,0.00277121007607699,0.0634641369039422,0.13438747554282,0.00508455267178378,0.174882486714833,0.14559630421763,0.11348228457754,0.00686265290636259,0.0198168581032649,0.0798231552883428,0.00176386994669855,0.000419395451638642,0.00149573917344003,0.00262693694754941
0.00125532828554036,0.000374730955219525,0.0011097381940391,0.0315370547309144,0.0394781470843988,0.00117126705050487,0.0667054846974493,0.047989725141938,0.00156166946939634,0.00361111512287252,0.0342175766565765,0.0439233942957179,0.00860692605705451,0.000125148667256608,0.000865335810038,0.00884170402682537,0.00304065751742089,0.00111738293789472,0.00757249095936223,0.0885825699809188,0.0882241132953697,0.000572593545988138,0.126544163226708,0.107941401662544,0.0248729665430014,0.14736882790364,0.00944686828202905,0.0495406788650812,0.00260682814473218,0.00230353986908274,0.00058959687361526,0.0483009741468694
0.00101171021309663,0.000322543358601658,0.000375831360678865,0.0271240403105326,0.028392038209428,0.000335336807220259,0.0329035532736877,0.0367236918029474,0.0045011087846791,0.00171552653594852,0.0283688841753276,0.141217673966724,0.0175599825481487,0.000372113659963265,0.000516290890045674,0.0048854707176771,0.00198748071822463,0.000476675118507227,0.00352424518008508,0.0505462724910999,0.108598346728925,0.00126826474508556,0.102892262030672,0.0794799588977235,0.00611192832128427,0.00553902909469805,0.156090630523883,0.132787894444974,0.00356688328685063,0.00152272702822458,0.000895743175106005,0.0183858615999512
0.000706675097808627,0.00151990623301119,0.000612970827115164,0.10583027864892,0.064849454850429,0.000306656713892019,0.0894490431837122,0.166485677347134,0.00104591003971362,0.0441664097288074,0.00128774138777861,0.0112476985425599,0.0156908720704907,0.000756326263811506,0.00874994827050134,0.0123582269652658,0.00135632443137877,0.000248582952436655,0.00564584133094829,0.00198649066123343,0.0410104529004233,0.0182080017224171,0.0274568860294208,0.0207289811589002,0.000861691057908554,0.0123107395345879,0.0149130280699893,0.307547053132758,0.000370674012106076,0.000836068886818513,0.00413220554119003,0.0173231824065306
0.000523798097865838,0.00524899201954868,0.00133748777950595,0.0518814495063594,0.0332831976549525,0.00697997202122851,0.0770001559883601,0.060326843109759,0.00895287643516804,0.00441482235632088,0.0204377679243467,0.257785023524646,0.0239820316111925,0.00497873235872781,0.0152484140487945,0.00732729658750156,0.00076001218667277,9.45303521035478e-05,0.00115360455320001,0.00462920915027152,0.0591594549534975,0.00320457199744941,0.00531641672199559,0.00355379198555192,0.00137805410708137,0.00618399468994922,0.0686011511477836,0.200140312702542,0.0622788546744,0.000218459614406123,0.000624188891569393,0.00299453124724733
0.000211124655783865,0.000293440093209763,0.000227532817292576,0.00406767220361974,0.00188719638993299,0.0024760299797424,0.00660242155696867,0.00271187982996987,0.00121028585142408,0.00147771650741955,0.007731958173285,0.44641808121161,0.0276723344679812,0.000789520679384906,0.00244011082077637,0.000435834390600758,0.000103762545550936,0.000126945031328733,0.000613529470531828,0.0268824779732452,0.00453184032972115,0.0104608739977148,0.0343884037067519,0.0151401869449556,0.00206750965560143,0.00403802586401623,0.0039284170673302,0.330229174232447,0.00207457176564033,0.05747609289008,0.000813801446910159,0.000471247449172871
0.00280381866005466,0.000536652196400484,0.00117486076103332,0.00379856349317109,0.0749336266069487,0.003391240333639,0.124660155219409,0.0408890734243446,0.000562143444018184,0.00803883886633023,0.0175993675190746,0.00755848000760977,0.0220205606215534,0.00206091955875332,0.00078975936169716,0.0129020390702095,0.00268165189097528,0.00170162826126293,0.00659188085246181,0.0150123525647134,0.0427305842099157,0.00534469427999167,0.148362564471077,0.0241610243663403,0.0418999783193788,0.00511773338772706,0.000836587143710318,0.0274924017736533,0.00168163247610936,0.000542613166133355,0.286878881360429,0.0652436923318739
1.91319850255444e-05,0.000108238930711553,0.00117878837775465,0.0268898821741118,0.0768723241077299,0.0024526211617568,0.0472328030559032,0.054075900219726,0.0140121003019504,0.015421860217564,0.00914426616951843,0.0933942838815388,0.00896870612854328,0.00150707645148271,0.00501841746395844,0.013020159977783,0.000776361428791452,0.00212748964455057,0.00410423807754063,0.079270006636972,0.089181780470243,0.00614388942275839,0.0664948548168049,0.196983321999953,0.0186001004685093,0.00601913436443591,0.016131238909091,0.0585513934297783,0.00156696097585985,0.000939990021789804,0.00906190873136523,0.0747307699964977
