0.484077412427927,0.000167417641863496,0.00405609402399918,0.00157876193925892,0.00806203669995945,0.00215937107080113,0.00708951027357863,0.00987553590168036,0.0347138521073454,0.00408404596029388,0.0207339624200625,0.000418937933892872,0.000457070070326752,4.79254800976582e-05,0.000651803339774645,0.0144778856873024,0.0144264389313444,0.0104742392263048,0.00294707993905399,0.0404934078081133,0.0505884955550445,0.0676018717020573,0.133362714387774,0.0610388632944479,0.000845225835406325,0.000265046294946504,0.00127839924092953,0.00399063477039546,0.00250649680042376,3.16952027260778e-06,0.00832924473520442,0.00919704898011684
0.00183881224936132,0.46964852209959,0.00147032014400233,0.0833871818307642,0.000174901618894647,0.0118444481348401,0.0305671651911546,0.0499715085650558,0.0544070232914355,0.0230864461984792,0.00818800080911279,0.0259285321842956,0.000457320582149271,0.00176622737358613,0.025018200715912,0.0127127053048605,0.00108294143420623,0.00293078531642169,0.000719724717477971,0.00114740219380598,0.0467501775828282,0.0276872501150101,0.0302828316171126,0.0109540430410966,0.0406488302270997,0.000898464895902906,0.00773931048540171,0.00253286754861365,0.0003963987458721,0.000618838668851816,0.000791579809098009,0.0243512373077061
0.00131123303711371,0.00269978776840312,0.29921401018487,0.0108021223513718,0.0180140736142795,0.00228150041556002,0.0372623980874603,0.00574491488847118,0.0183848005510661,0.00408181945960018,0.00175423602312421,0.00432344168311917,0.00224804228424994,0.000275824753963668,0.000747619243612386,0.0279915279593799,0.00167488351346581,0.00139592737460119,0.00231266331458715,0.1456432670745,0.0388257233720473,0.0401392821847507,0.155684163546472,0.168241937067304,0.000240643106079113,0.00506896633860458,0.00045746764095836,0.00117354118936861,0.000142381577491668,0.000804260473586778,0.000359448719431696,0.000698091201105851
0.000942662669683593,4.94321788176735e-05,0.00214076305230467,0.729083299629929,0.005230498414564,0.00196664996424237,0.00349000862861054,0.0645562650565859,0.000529590564338492,0.0331672869279573,0.0232525910261064,0.00905246632627082,0.000850727950376329,0.00265601228630421,0.0154220048657091,0.0127940890513226,0.00475884580335261,0.00167273268250398,0.00117114472221211,0.00937727288766365,0.010070223580783,0.00879016614034621,0.0345890650896118,0.00804303632676071,0.00956023302781275,0.00241480822431946,0.00180525443597515,0.00013095452523764,0.000813981021400066,8.96460742508054e-05,0.00126372415825005,0.000264562706396651
0.00123104912696192,0.000297301849885181,3.2916709704959e-05,0.0987161122907702,0.195201145038277,0.0129004654535271,0.00558927031111424,0.116334505893474,0.0379834562612592,0.0256067505911612,0.00602660646728293,0.0062665755185672,0.00148301305063559,0.00073922268120403,0.00680946752295653,0.0375904834964066,0.000106951071007604,0.00163798498953663,0.00142540848144095,0.1092477638255,0.0315530287090331,0.0291128450573748,0.120029031910648,0.133172788541969,0.00123906204022162,0.00862276673722416,0.00307781563405778,0.00154439902804822,0.00224767852257419,0.000901644032104706,0.00280130540638807,0.000471183749683591
0.000853157706361361,0.00129181230268743,0.00141368832100167,0.0774246621161159,0.0025131812883952,0.301436484591482,0.00077787842924097,0.0590166940210112,0.0116351468189287,0.060376748749099,0.00755771097047912,0.000509913093416165,0.00126835036726791,0.000339743065919197,0.00625497148790554,0.000609558277028898,0.000600826095321279,0.000257199958285915,0.00481050772715775,0.110147448078239,0.0369044158892597,0.0383377958824975,0.138805517036192,0.126142479339756,0.00151532544583529,0.000924399291954831,0.00133688299868101,0.00324176052938833,0.00035872730637776,0.000138510289358296,0.00210323674193562,0.00109526578342063
0.00100510332725547,0.00138681599515482,0.000582123454398095,0.212472192720526,0.00138349479702598,0.015807182890161,0.188220270666759,0.168986968066794,0.0012685610926471,0.0639784526529514,0.0087678883299094,0.00849170423211467,0.0118330174840032,0.000637965137567709,0.0232451734519653,0.00111567614555153,0.000288148715685654,0.00189964963449984,0.00275091057038065,0.0294230596319499,0.0347797998549492,0.0263785241894877,0.11099510692455,0.0453544047514719,0.0026545443615136,0.0172974112383937,0.00903226759582338,0.000607130930908439,0.00313928820735126,0.00163108806263686,0.00183119700939515,0.00275487787621851
0.000705003430514206,0.000918516779330469,0.00517658835482375,0.104147784115645,0.00145351883829215,0.00789627571327146,0.00126228348222195,0.431681201954482,0.00234092883374085,0.102169440511349,0.0484141896883843,0.010136967551346,0.00839707646207094,0.00647369350932151,0.0210477888642119,0.0120307568561612,0.00330672711720706,0.00373185196884022,0.00108734780798006,0.0291380382172683,0.0294813042123622,0.0282805520976774,0.0897579736100804,0.0232801629937708,0.0120663000449688,0.0035532676264109,0.00469515627667559,0.00282992531691653,0.000576086439325896,0.000727403943586117,0.00251331078967422,0.000722576592088531
0.000183737751849868,0.00087711729307427,0.00136256633836607,0.117321462097977,0.0109603229556636,0.00699058854134099,0.0177599394557212,0.108596793693599,0.48579023843342,0.0233669655423318,0.031555264994422,0.000810638785380073,0.00115353570976155,0.000725515752946467,0.00335933007425745,0.0280977475559639,0.000183823142368538,0.00286900473892605,0.00101364605967197,0.036348494767016,0.00573662399454024,0.0107409058827607,0.00423628893469822,0.0479499775116024,0.024700827699894,0.00456911403266875,0.000579806153652021,0.00238043823332397,0.00153329031321056,0.00285114095280457,0.00112379459038513,0.0142710580164013
0.00207637850826289,3.28635945827139e-05,0.00407003910429126,0.087758904208941,0.00136922858390176,0.00513676678034799,0.0013087252484466,0.110744447343204,0.0122750906188892,0.434317399530954,0.0339082274037935,0.00771600316593735,0.00811945101991591,0.00434479766062755,0.0417373906231121,0.00530658954851249,0.00288988353283754,0.00104816034299591,0.00729984714449444,0.0335496037215624,0.0167150398989953,0.0190144460901514,0.101335128227511,0.0334520082635713,0.0118005996915422,0.00633333632373277,0.00316602743684097,2.50732023930131e-06,0.000319083183554857,0.000171491252110933,0.00256763229893032,0.000112902327209544
0.00369820463264183,0.000572390448400212,0.00145714497032655,0.189988032092794,0.0100990748294271,0.00405854838333667,0.00381414964162403,0.122798781317375,0.00530968560173688,0.100489766103041,0.461514294351295,0.00117306841461595,0.0159225694494784,0.00048691843133581,0.000222599139898495,0.00110158917918501,0.00116230822336737,0.000102854751451093,0.00159794246788571,0.0130349292722854,0.0101103026909404,0.00315368574161228,0.0250213981044732,0.0110247327237927,0.000116690534366705,0.00269155896494656,0.00187794811990257,6.06645310477628e-05,0.000285485746040506,0.0016123827562289,0.0051935410928834,0.000246757292264279
0.00077479037424222,0.000704849301833566,0.00135698046708481,0.274660970294411,0.000500428474673664,0.00145780120651453,8.24861577251732e-05,0.113970508470609,0.00889675799646188,0.176805001742378,0.0140920367348771,0.266644974969236,0.000125870215936422,0.000225453644829824,0.0230856486342641,0.00510806394560887,0.00167432401785309,0.00132039395858038,1.1347556091744e-05,0.013395426450718,0.00799000812385739,0.0115897411719617,0.0389550145132215,0.0186680914177883,0.00112964374511307,0.000967947102679036,0.000141758913420298,0.00659329930139926,0.000126819057517597,0.000723576680233818,0.00720325864617741,0.0010167267127009
0.00343378266497378,0.000772096690849949,2.57241842443966e-05,0.352255990394194,0.000643446771656364,0.00229151489290733,0.00131353168474812,0.154190328362567,6.65345932983243e-05,0.176409463797311,0.0137797358249677,0.00114199875351895,0.245318980054443,4.84096468748764e-05,0.0173143719041386,0.00102814778143767,0.0022607200795787,6.0050743608618e-05,0.000717326955094244,0.00398880856049551,5.60479024620781e-05,7.71051383543614e-06,0.00387263143744056,0.00420137674207701,0.000636755216885348,0.00418850414033206,0.00118058833636471,0.00351443136772178,0.000489028622860585,0.001130126033515,0.00113448501115047,0.00252735033444646
0.00288727143416305,0.00122023640661931,0.000551215981868813,0.185593194622146,0.0066773893492559,0.0347749863350943,0.0215580911223709,0.131580254758793,0.0220535295862608,0.0671693298166161,0.0261985254991208,0.00313220516917839,9.15918111216959e-05,0.342315135636547,0.00219125482801581,0.0134792851365355,0.00360485854165184,0.000699706914449386,0.00249051573205891,0.013086787929803,0.0117273004390485,0.0205686877657384,0.0563894506827308,0.004475385152727,0.00727809012319198,0.000990293184684355,0.00869677614298444,0.00107826432463412,0.000441017667612484,0.000901403948774021,3.24757790803933e-05,0.006065488177123
0.00195904460810872,5.60036170860742e-05,0.00239669829013929,0.404984431551261,0.0121073583511947,0.00802823297226694,0.0156882688986536,0.173337456478963,0.00508723359203504,0.154496628560865,0.0162843383892763,0.00504903217051692,0.00688901870311777,0.00202083782994432,0.131740039997125,9.21104922389216e-06,0.0014774002850199,0.000413028520977775,0.00455248046717652,0.000499578565924964,0.00789466542224432,0.00516673206062557,0.0199475368614028,0.00204089620294014,0.000311520505800693,0.00181289161100904,0.00112497039067516,0.00117504713138157,0.001105329936756,0.00518168058107702,0.00685744490335756,0.000304961493852799
0.000757925673784061,0.00209450404347024,0.00359166478474461,0.0230738591705534,0.00310037818153161,0.00166557402569987,0.0108794246914554,0.0315018510426,0.0490212358235592,0.00241686718810703,0.00591986364984329,0.00218692285700808,0.00311748100789956,0.000194383031050957,0.00131649743133293,0.622851517800284,0.00125102054105449,0.000366521887817502,0.00105730078253749,0.0455829323536663,0.0151393758918885,0.0147953535844902,0.0535135330268524,0.0725034732051891,0.018959179219949,0.00337976331574428,0.0022198141035629,0.00126064490370323,0.000348434018230176,0.000555100785906343,0.000108518289910434,0.00526908368657329
0.00651215929961625,0.00256986428038636,0.000127173532616179,0.0753871219556309,0.0160871636349923,0.000419629782367009,0.00937463803520936,0.0193291300097605,0.160395323446072,0.0232065926916122,0.00478458976850173,0.00218154815207227,0.0027115836711874,0.000264665737668845,0.00161424566616365,0.117195701250973,0.362687936573561,0.0101926707950249,0.000557345553208346,0.049675367736615,0.00243739198633694,0.0107616014334492,0.0210229139873855,0.0447602225080718,0.0188650027264128,0.00541586375314405,0.00156461543167341,0.00262650059082069,0.000296727630268277,0.00176745528560422,0.0029918048615649,0.0222154482320287
2.70138960905933e-05,0.000474799057919764,0.000621035040694589,0.0193214996147059,0.000578896768109662,0.000139046326562205,0.00518963381594789,0.00523131696362644,0.0153809316642586,0.0167716133851651,0.00583346502396602,0.0055793100948185,0.00133469999060094,0.000111696059449435,0.000573614892185499,0.0103483036114045,0.000252332756757832,0.166450501968388,0.00129243998512667,0.24464003713672,0.0272198154490236,0.0489808998297155,0.132811842329528,0.263835860008382,0.000103208319616252,0.0192894366215561,0.00343480386825471,0.000979889783048615,0.00026626866505095,0.000195738255427672,0.00119094556410766,0.00153910325379072
0.000590857513084502,0.00185378994016206,0.000823809580438921,0.0171882549569835,0.00685865372272995,0.00388910361224636,0.0151847314817649,0.0251543128762457,0.021037188623056,0.0283474696394345,0.00190815219999296,0.00428384947694184,0.0103121084136464,0.00077278991959783,0.00165272594847855,0.0496509862219965,0.00111609001127613,0.00410231607160557,0.54931776474249,0.064885492288872,0.00975539133702824,0.0222219558225339,0.0301412725363202,0.0616673082038976,0.0175211890991884,0.0312803517499365,0.00321363270848003,0.00113954781768001,0.00423139495055965,0.00364264893917655,0.00508384502504397,0.00117101456911085
0.000830011803304882,0.00063837521848044,0.000300402478300051,0.0367505010686768,0.0250846213513971,0.0006798780560221,0.0288640076136285,0.0349196619473575,0.00418935413554437,0.0150433533242603,0.0136329107241181,0.00811220324265932,0.000799101794014201,0.000138695980584104,0.000381844943048995,0.0311201556696334,0.00151089284882758,0.000302692868266284,0.000296398998970405,0.657941185706972,0.00403869554917807,0.00983116792159569,0.03390152745384,0.031953382065001,0.0122412975923044,0.0195186008587358,0.00632031582206483,0.0148360200363769,0.00300440638818634,0.00144044507072854,0.000975904010546978,0.000401987457374778
0.00204310234873255,0.000533448158217439,0.000170120056995499,0.101429941860327,0.00786331407022525,0.00599705461015382,0.00984830346332616,0.0688499647898782,0.0235934857251824,0.0341518947675652,0.0164234191711686,0.00134721584265177,0.00547974388721641,0.000244746811905449,0.00618795419027866,0.0152950292610499,0.00459888471376639,0.000330181800314992,0.000329263058832075,0.0135454837315305,0.431295426870362,0.0327165688576591,0.161232900632549,0.048662370324483,0.000861337046007602,0.0012515120654123,0.000224239672972351,0.00250417502823743,0.0015706898205736,4.63439167962679e-05,0.00116371853946748,0.000208164906161192
0.00900179968037492,0.00452729600686157,2.55309889979495e-05,0.237295122986263,0.0271671617590536,0.00612174675906692,0.044360212382237,0.132843716401331,0.00199554720331694,0.0816646291710028,0.00261046523090857,0.00319374307241999,0.00124823403128766,0.000242614649352258,0.0073546496111583,0.0130234513313581,0.00492923274806508,0.00548591812677469,0.00119088162831642,0.0249717249390983,0.00646718711295596,0.32391841773635,0.0289349397315842,0.00638861479610236,0.0130058149890749,0.00190878675679066,0.000823643610938751,3.99845407785634e-05,0.000901577362224071,0.00186570954078138,1.81343718005685e-05,0.00647351074337323
0.00132092443688721,0.00068271958546824,6.39953706204131e-05,0.326632010371234,0.0191171166174524,0.0160248515093452,0.0340257989066664,0.218654335761918,0.0102522050265597,0.105236561592778,0.0276763497038133,0.00214622959498107,0.00159918649944148,0.000282988430125864,0.00308691187093133,0.000399106513660089,0.000733718729101427,0.00102910032654869,0.000347121505146757,0.00185894497241784,0.0210406575768555,0.0143844804835374,0.162875695214762,0.00773099171201964,0.00979913171881832,0.00166128239327158,0.000174998154989204,0.000953500908902029,0.000915456030896843,0.00048503869194801,0.000366248330953901,0.00844234145794741
0.000339835950209468,0.00049635408311621,0.000403504335553965,0.0195778511826888,0.035076736292774,0.00116726936004798,0.0412027932440132,0.0139733914738119,0.0053364259927948,0.00826907283858389,0.00623816513230985,0.00988716577950257,0.000216272462013956,0.000295680279928079,0.00116827891704195,0.0311719453130631,0.000282657934086207,0.000457556850342106,0.00049214300206717,0.0446204452582187,0.00199025338053455,0.000544804139149081,0.00107393383988496,0.731896741097875,0.0157008513428833,0.00120482679627342,0.000214031916317576,0.0169027792111233,0.00260409270730168,0.00136848577751033,0.00127336199160258,0.0045522921173768
0.000668736910914365,0.00188138807820738,0.000507540005519137,0.0540550099949308,0.00160598423428021,0.000764584694356297,0.0102680678305471,0.0454699546594446,0.0397942657874755,0.019194990854614,0.0058719234997766,0.000976794320237313,0.00457285761576581,0.00021729672405244,0.0052722966805004,0.0133369147638351,8.76107894427175e-05,0.00216425434101297,0.00441090665362186,0.231572640386499,0.00788523952068357,0.0156170274713398,0.0575196041630126,0.175392719107952,0.255254586744938,0.0319707081402403,0.00662962023006499,0.000544422149324832,0.00099904651160902,0.00164460730771479,0.00249694613830059,0.00135145368978593
0.000280239422244133,5.56070062359793e-05,0.00254628703473962,0.0574046309991451,0.00431874060931268,0.00118434499168199,0.00112684435459888,0.0688360074790859,0.00239706017972963,0.00969401260871795,4.03165196191378e-05,0.00256543730405289,4.38148906338528e-05,0.00390139068002571,0.00848317827953116,0.00725436166210299,8.22501969050872e-05,0.001441810257214,0.000917351971541693,0.0522547326871392,0.0259043575273925,0.0113193852900919,0.103088265039559,0.0332538117209158,0.0156771121982495,0.506496002022393,0.0326184382830835,0.0230345661652805,0.00180210057030502,0.000871481212117316,0.00968441188924641,0.0114216489471087
0.0015832805450175,0.000153619271682191,0.0015344878051206,0.12955804550311,0.00175722528093254,0.00401085564336514,0.0124275946871476,0.111729207448636,0.00280476136717068,0.0309641687511776,0.00208877494664927,0.0051928734761088,0.000659660908095888,0.00303150810805028,0.0172014041868961,0.00102725316038706,0.000212757167781867,0.00108639496700364,0.000960200955535882,0.0481225329594328,0.0458417895000864,0.0362497767487746,0.146196512933774,0.0399261040056433,0.00127896687152614,0.00257049137976129,0.330013487272243,0.00148988421529699,0.00166346559074703,0.00087017350649838,0.0126667841974833,0.00512595663886403
0.00194363483149948,0.00012280457201549,0.00167633911674476,0.209836957857015,0.000797161729051618,0.00193395183513639,0.00210167965713077,0.125815008925174,0.0447527975646282,0.0966222934117215,0.0194213768056768,0.00137331533560478,0.00473766129339081,0.00111732962269767,0.00299097313167919,0.0147246610628147,0.00249223437323252,0.00207890054975563,0.000253978881840098,0.0354721321376426,0.00902884641177801,0.0202904963383745,0.0675479390239984,0.0244081214023241,0.00287558989108032,0.00623372617428207,0.00317502035903083,0.291951925317149,0.00307595052377361,0.000346909020042323,0.000358180524644461,0.000442102319069806
0.00297277651649146,0.00106735685805674,5.42684892364871e-06,0.140328047754661,0.013660631687649,0.0213566893874721,0.0718838734700814,0.158225497675167,0.0023163219709284,0.0175249192101751,0.00988829557474583,0.0175404689255977,0.00325491988712875,0.000385426712981242,0.00943924695694126,0.00169347893026974,0.000472834537598621,0.00184543120522416,0.000456344362679987,0.00401416350106522,0.0385295089134371,0.0254313773775467,0.0784977331996278,0.0112047584102216,0.000160792669065689,0.00689205772816159,0.00836875656284799,0.0179018770510662,0.321924164565722,0.00440370583281217,0.00637492827342074,0.00197818744223207
0.000820793622283169,0.000521192529169271,8.98894199397491e-05,0.0892998000872643,0.00934161854417511,0.0173074860007012,7.9838651637376e-05,0.0897511485458846,0.00262749737439337,0.03587800216132,0.0324048946446494,0.000613520994288617,0.00510994492618227,0.00385763075522307,0.000843215197626194,0.0125281908153341,0.00197786664241579,0.00358080430536994,0.00368129940436223,0.0834143298759742,0.0198454267960772,0.0207538385854969,0.0798015299331446,0.116003637501409,0.0045667432444143,0.0124632296967414,0.00369491138698354,0.00114139343588008,0.00688749991654836,0.333236545427061,0.00430646918465187,0.00356981039339788
0.0010895944037605,0.00281918351914319,0.000128951325593534,0.132942666091274,0.00114329053603508,0.0112237834420916,0.0183872354191233,0.0861612858839556,0.00263640698142409,0.0705738929728114,0.000360633266348037,0.00339515703669702,0.00308332345680806,0.00227296998417631,0.0356888549670397,0.00280759078984901,0.000177943706156574,0.000470224261979735,0.00137193567939902,0.0622652103249065,0.0409217066256995,0.0162066855043255,0.133203102031741,0.0933412860301816,0.0154507419695366,0.00076134283762672,0.00127524553603506,0.000697559534074865,0.00404793204404682,0.00154523273129191,0.230495528243294,0.0230535028635738
0.000223726642052545,0.00104859935442992,8.81929020654777e-05,0.16650594699666,0.00664790229573446,0.00325832320878606,0.00209484341446145,0.10769009459149,0.0356132556911554,0.0692975170305268,0.0137227905860972,0.00245372152448619,0.00504106123560426,0.000382109236715317,0.0033155052446387,0.0210758456861732,0.00028558124667331,0.00257352885413844,0.00245546726386825,0.0644064523222443,0.00392231505176006,0.00345019002649676,0.060967870219999,0.0476695220648157,0.00816487182430134,0.00804045199309479,0.0016729680597492,0.00712406980339659,0.000447357319926318,0.00273981511482772,0.000273339351347748,0.347346763842284
