0.6026933542258948,0.013861756921307523,0.006455252835800178,0.012419610141384624,0.013146671676612244,0.03095715554575958,0.02505167546059807,0.008567948022591445,0.07037844333890497,0.0056124835599361675,0.003781716103132623,0.009561025810901956,0.004783563406231105,0.0017560836816485348,0.001535068538230816,0.07269002502522343,0.020646888966040465,0.0120023635152374,0.0013572908224114043,0.012753573742513855,0.005571076433048269,0.006152861276193078,0.009214513136300777,0.004606953050362634,0.012851001825796744,0.0037911183567938007,0.0029961392059726553,0.0028146889578648665,0.005432706999095678,0.0008144835091610778,0.0013800029175383179,0.014362502991510043
0.004696159611013855,0.6636802098028748,0.0084224257849666,0.007284161416641954,0.004865202463371111,0.019345620841193775,0.027546067228597412,0.004051045540004611,0.06252947400447151,0.005677661242472478,0.005093712050678978,0.005794760370210645,0.0016808632423456556,0.0018573406815660153,0.0016969007847494777,0.048722722182970815,0.019489529962541077,0.0104841875077516,0.002731340128169677,0.004941829050339733,0.0033628473351388446,0.0060881328515333556,0.005139418267001478,0.0030636799353398,0.03778066443230426,0.0019799766028514177,0.0035825265706934,0.003724526161855166,0.0019914442326782666,0.00025964853751526875,0.0026989087708809444,0.019737012405274635
0.005237261732531921,0.008268254694506743,0.7456778319747885,0.006676830965615367,0.01766230730687458,0.013192035674964735,0.028105781025087342,0.011729265563362632,0.0069399777707182,0.0056159217983672224,0.007424522364052279,0.026908964562860023,0.006511032873539378,0.0070228212546481796,0.0043696787048752555,0.015480626653881288,0.001977973571075123,0.0016519061341360082,0.002437687170973873,0.009325302157912788,0.006898888342678855,0.008786075195370788,0.006849694746350523,0.006240227985115945,0.008754000874549313,0.006957889552740711,0.0014785162501198112,0.001121867100219459,0.011941275637027434,0.0011947182261921483,0.002678941761595556,0.004881920373266666
0.0021851380631068445,0.004835197879822333,0.003466318037958778,0.5747284617712612,0.08168220546522435,0.023993620772623434,0.023488440020653,0.03906768615234016,0.007774816232642788,0.023912195923733,0.025291664614817966,0.045407331148925235,0.006964850139472811,0.007239045694695911,0.005875443935158701,0.013081639994387901,0.0014944639296814333,0.000952846541256189,0.002803347182999411,0.0030749432418139444,0.007742599070783541,0.0037939111649518994,0.011910388135744002,0.0059720533877937335,0.013937077046197578,0.006362448988460511,0.008088947323035011,0.0046418636355616445,0.02684723420591851,0.001067656443144823,0.001963825276088611,0.010352338579743756
0.003366420755947389,0.0035743389115904444,0.003956098393959533,0.030578702597669545,0.6893169178238069,0.021964860062039602,0.02977744579246808,0.005440189325967922,0.016950359802088658,0.010740802952880534,0.007895335122831856,0.021678876635871654,0.004715595783699511,0.001113660073665229,0.003207151420131032,0.042448298574039305,0.0011091098725272382,0.002640021186254511,0.001959521950281078,0.007664350589829687,0.013670922083214443,0.0071055146508028555,0.011834506734861966,0.011440438666973167,0.009107791833903256,0.007635531984656673,0.004505765634974641,0.002665492852032211,0.004695322676722133,0.0009979501020587333,0.002966731755430623,0.013275973396818623
0.008948053927564,0.0058234199091852755,0.006234776818043111,0.03139155277439963,0.03494716532642261,0.6120711536785381,0.03674684441611584,0.029123511266379812,0.034340228210954026,0.007944744804473072,0.00828456604582011,0.017384797549000595,0.004773728130608856,0.0012776025054812383,0.002224150609940233,0.07172277850403323,0.0018167995739688336,0.002187904691936133,0.0013658219447396556,0.0078120183165421775,0.005327711541014831,0.007865485495872623,0.011153235671232877,0.009159560126525143,0.009957925119398378,0.003997627581956912,0.0047685495974701345,0.0050160778161414555,0.0049325495872910114,0.0016778777762784113,0.0028523160402227554,0.006869464642448011
0.01745200866971443,0.009388579301390226,0.0031675328053863447,0.06207571959287103,0.042390262331115945,0.02761386506621347,0.5929948515527448,0.015784080459160896,0.023456203463461646,0.017142914529941076,0.010361545815998857,0.023625014312319136,0.005999135725709221,0.0005348373701472795,0.0050760483622922115,0.046814957522519414,0.0029033183255058,0.0026179215364012442,0.0016654460126269415,0.008678653154916756,0.007541877939324823,0.008851569237081199,0.015109183124056132,0.008730211528783822,0.010102102566624256,0.003964125625531823,0.0046244722440113,0.005152127205610755,0.0034209410209702445,0.0013139018859991557,0.004510210163330145,0.0069363815482383784
0.002160424804232423,0.003785304820065356,0.0047117622432641774,0.03710623687717138,0.09047019270339751,0.018781673319439734,0.04032658399940625,0.5247249686343041,0.025013021665121205,0.019496310641454354,0.014473735326609866,0.057768898823991416,0.010789446765592256,0.010404961692371676,0.0076382631318243676,0.024808123513840347,0.0015110535489503223,0.001718899736207513,0.0033596454964783112,0.0032158475890387995,0.004660646763819555,0.0047315731067481106,0.012447546015114578,0.004709821901126278,0.0155186641994763,0.006354773606277267,0.0091020431621379,0.0017066551202528817,0.02803720883978143,0.0007260247144138001,0.0015613200700034667,0.008178367168086044
0.0073925539198523675,0.009398382549718944,0.0037238875877711,0.016655585616040375,0.020619364910653346,0.04976698122272597,0.10248221515544863,0.003840188819397811,0.5721847407921706,0.006073620258946111,0.004375338711739332,0.008301351643379133,0.0028457212045281443,0.0008407097837860083,0.0023504213110319555,0.08965722631380194,0.00631701949356981,0.008079565519044977,0.0028866268432150215,0.005537056162859567,0.008476200530847279,0.008722479029128177,0.007682890656602378,0.010753342284360746,0.01330203507126338,0.0035985951252590106,0.0031131514984870626,0.003437031374130329,0.002059418983047611,0.0005897062093301043,0.00105897401582961,0.013877617402032345
0.002388603932429467,0.002945194367736267,0.003186379688128722,0.033799867370199334,0.020814317902536586,0.018935877501380833,0.023630353550037814,0.009493508539344855,0.02001215821917936,0.5913583681656833,0.016436420050880758,0.08587973156161671,0.007272472833818933,0.003978689321280433,0.014812094361213144,0.015720290138310902,0.0013618455547079336,0.0011528516656508024,0.0016001198533786556,0.01016434103121391,0.005513465351560224,0.0014332239609895709,0.011492051060946223,0.006490390513910833,0.009111534601497365,0.014608151300593277,0.006130768713638654,0.0070965122551953225,0.04188939191983217,0.0019088285382364001,0.0020730717006904225,0.007309124474179922
0.0010357833837098527,0.004181792214560654,0.0021039275616134643,0.0230407041936972,0.03793978509396647,0.012555869147889524,0.017241682676589636,0.029933850252334637,0.01623634369983846,0.011422917985431411,0.6363567231229639,0.027226578240008667,0.009335591917042467,0.001304841106720322,0.010182408055244153,0.013136481328119112,0.001413362852402311,0.0016092379471626113,0.0015690690626839706,0.007386157549903177,0.014620466661964458,0.003651298020799411,0.012268060168612366,0.009336421646623757,0.005661361065660443,0.02025505116756472,0.007678176532700422,0.018612852735056255,0.03220872339495881,0.0020013836306439223,0.006410438577370854,0.0020826590061618013
0.0025169228821311767,0.0020760807432740444,0.0023643379046312,0.008732864685038111,0.014910278085067055,0.012576134334354748,0.022102430441551815,0.014813762908185967,0.015748146755061847,0.011879227115417466,0.006059973385542911,0.7070827881427416,0.009495084339910245,0.0010887069690049224,0.0060208757942518,0.01776703839948031,0.0019158678580396286,0.0018016145908355333,0.0019440454746879297,0.005668493267396382,0.002513431821711411,0.002639574965354933,0.012427283586388789,0.008308059482711823,0.009465240548927611,0.013602512100390032,0.006200852541979634,0.004646486492137388,0.03804277800660319,0.0033634634503137335,0.02450953571108522,0.007716107215790167
0.0026582781376373026,0.002203881128646022,0.0031840018158263554,0.016964839830528565,0.08556143239200092,0.012578721718508254,0.02643537314477197,0.015834223509747378,0.02143322861839421,0.04772498444594136,0.007985313104863466,0.008469516700079689,0.4700829953145762,0.005758525810334656,0.045679319493970666,0.026897159992291857,0.003181508140494367,0.0017929454554595056,0.0007633704237832304,0.009534745981692721,0.0069079497396817,0.005141276633845233,0.021599459160810672,0.010016572860413332,0.015340095193274166,0.015509298100424666,0.006752943920911655,0.06762283092903379,0.02042190390159198,0.0016742837799927,0.004549123021686833,0.009739897598784067
0.002059064342954444,0.0013690394923727778,0.005299874114663911,0.01086732483392918,0.015767732148990948,0.01756338856342081,0.053602571098969855,0.015294563307442811,0.00959587821811559,0.0033896954721157296,0.006728374138808945,0.036366516859290786,0.008425220222566344,0.6901847972363678,0.03842981591789324,0.012777851021349823,0.001961067044056167,0.0018024831459325552,0.0022601817668921557,0.005513412387821501,0.0044659756111791096,0.0035935873033366775,0.008527700535247658,0.010602188582416057,0.004789026059347934,0.007330724674952216,0.001437513325999889,0.002597918050763478,0.010212491645923534,0.0018229918608128777,0.0029176652456419073,0.0024433657704221443
0.0016253343715010268,0.003714092399083867,0.0025686139425849077,0.004503467485878333,0.018914077598494502,0.0096862988276235,0.02643752286744271,0.005543514276705166,0.002466031867185378,0.013368818883571323,0.007289981218930801,0.024986006199639078,0.022715167246914053,0.004605084045893622,0.7338765562507158,0.014746818075757747,0.0032277815914517776,0.0017026455580399817,0.0015602632653963172,0.0030170604291754046,0.006396033275278468,0.005459238069511822,0.0080407765355947,0.009928962004775777,0.007103151887582067,0.0054545016717661215,0.0020671164725791246,0.031283886008087625,0.009288241030479111,0.0017743654254275111,0.0021091297143193,0.004539461502611964
0.022273578908885802,0.024542101236692968,0.005296597007223056,0.0202222170508527,0.05211008049380173,0.0664812824684994,0.24391389699085117,0.009240632375931755,0.14243751324479956,0.011962910479247161,0.006993194324187885,0.010182625890569745,0.003904874872656644,0.0014046105085654557,0.004566587259870556,0.2367095721948077,0.010081619724614944,0.007689094553809279,0.0023920788428553144,0.005710657262250033,0.005687917165325621,0.006055483592002155,0.0077568649462791345,0.009260995208643544,0.045102687911987606,0.007683118990551334,0.004213041022866966,0.005824914067700778,0.0026835516988626446,0.001735254289940642,0.002094817191069767,0.013785628223796356
0.011114420517184115,0.004959220550306901,0.005735580184053667,0.012265935600342533,0.01717742318667411,0.01989095379421293,0.03232324771565481,0.005506291092957481,0.029034633338610102,0.0038049862520564575,0.0027125046047716877,0.005983771558632566,0.00485843385649251,0.001128663537195382,0.0022453289955818847,0.06421878865405312,0.6656825134867028,0.011168497223632834,0.0031441850047711733,0.004689230185182566,0.00705794525625161,0.010265863094032825,0.008805513205660335,0.006683412316163066,0.03563729001481575,0.002497815715668629,0.0014655870969754112,0.0038291723749978007,0.0024356670625645775,0.0011296632825247444,0.0013303964640104223,0.011217064777264064
0.010075083576189957,0.0021192754194702445,0.002998806911941088,0.0020369055979717445,0.012436496301484344,0.00838158183603629,0.017372451340237023,0.001941628760074962,0.061066741781927183,0.0014171713820903716,0.0024828276662100107,0.006388559965633,0.0017374931723475044,0.0008265723190579667,0.0017710191715449336,0.0725128771332124,0.007438153720608178,0.6444449560989903,0.0038461597239012654,0.008179317498664122,0.014133340673209335,0.031162836990215312,0.010743790571975711,0.027102874092069833,0.014557897299059664,0.007012026106808844,0.0031347806284662116,0.0017701031537107222,0.003167469148989719,0.0003720319294423666,0.0014011705694052887,0.015967599459052934
0.0021678076464216717,0.0022984385617320553,0.004132157671485722,0.0053229636387745775,0.015945462135870923,0.010458641400128144,0.026533100497576702,0.005483331213748344,0.01865730042487662,0.003631082865183934,0.0117924431688566,0.03580681196164035,0.0028586203545897227,0.002577356836576411,0.0017531514627916775,0.0328666178542425,0.002873613852606763,0.0030797162094166226,0.6723056140918549,0.01974264135295893,0.0034847539995190332,0.02875392925754905,0.007709281416819255,0.014574651421481169,0.0174697950906423,0.0058565922173111,0.007041297568864243,0.005632707965872045,0.01586215686536256,0.006781610719491656,0.0023376581825815556,0.004208692093171904
0.0010546797324514,0.002780135239012344,0.0022665020374967784,0.0037487822479900005,0.014456021085628244,0.013136841744587856,0.03135269015822857,0.011434827638471739,0.015598271229269945,0.0016972655229902111,0.016049993315664916,0.05670322269438927,0.0034741884749902,0.0009913082678576063,0.0028957974328848476,0.03014857317562451,0.002348996106731078,0.0030850900081771885,0.008707607200368858,0.6129048461482949,0.017001316591602134,0.013430427373107944,0.016059697308766944,0.036422376891265755,0.009338128509693363,0.016018819746844423,0.009566342758027722,0.006479396391682633,0.03173125798680989,0.003769035841816644,0.0024752301907988643,0.0028723309484722064
0.0014663189378287776,0.002989652184297733,0.0012100836831774211,0.007155000449288823,0.011172652887794735,0.010273817717003211,0.01797679831427102,0.006800735634630768,0.02161159527451772,0.004023626030901912,0.010900956122020867,0.04030408531346388,0.0033678182862431003,0.0012637932085776777,0.0028485826301914135,0.02713555435127908,0.0030490345445728668,0.007630764359732466,0.0017384320078953114,0.020199550020795713,0.6677778852300936,0.003127836730782678,0.010082686639062524,0.030561458864455278,0.01593909391447461,0.011846145991403358,0.005713147910170333,0.005927900021430212,0.0257958852760767,0.0012152802416871401,0.004361850849710955,0.014531976372166843
0.006892108430302022,0.005019134215834978,0.0015310282039076224,0.0028004564736573557,0.012088256474992854,0.013517660245869154,0.025924470270804537,0.005391226791488655,0.0580460947167991,0.003440909480451956,0.0026973205921041444,0.0077662297561829335,0.0022881290745920112,0.0013079474606309668,0.0016626861814250744,0.06834873639432536,0.009259793429199477,0.007132644380550376,0.005043808559705046,0.0023920939023645,0.004786573181560467,0.6753488719932988,0.03645065457622883,0.008955774710768333,0.007246803926707833,0.004410663531472,0.0023930300336843114,0.0020347174409881697,0.004767629256682608,0.002656995692932767,0.0025810455792234332,0.005816505041263141
0.0070212755864354215,0.006493426216160722,0.000721741861310975,0.0036586425405465447,0.0105188590929934,0.008916224910240376,0.02441930495364196,0.004263294403154045,0.027678550282779133,0.004686141857415033,0.002500794697016939,0.018915406075433013,0.0029231341531702113,0.0019509807683397553,0.0012977286515787785,0.023963970450142646,0.010137125905848412,0.0034984403382360228,0.0025831379325846776,0.006736702385336222,0.006193007982049855,0.012052349729279634,0.7523260141460725,0.004282004218456755,0.005445490371776444,0.012263433822040336,0.008487231722281163,0.0023073748244239107,0.011624395264390066,0.0074275845519272115,0.0026501239657462216,0.0020561063391906324
0.0010854469505250223,0.002078805845902717,0.0015007746350847334,0.004575648201119266,0.01530402844058942,0.00820752620632474,0.029107989158881877,0.005934561876922878,0.01245616081892411,0.0027665172507923223,0.014505759885932877,0.05341567234610998,0.0035875516369643,0.0018847100239780558,0.0027902806887080776,0.022174324100395017,0.003133909567892978,0.004233570297643344,0.004712843746831978,0.02669890661254733,0.06711932377478583,0.006114107045208444,0.026380834370519413,0.5833727107332275,0.017751087479402974,0.016317636472543456,0.007340865438992545,0.005639940060649244,0.035378874618209516,0.000689429999112254,0.005332901687230323,0.008407300028046231
0.013168475376040122,0.024034122686705208,0.0033868768370942442,0.009729761354003812,0.017244093159722015,0.015480582752985167,0.027569096680903342,0.005394653227846821,0.12565865052976205,0.003127300352466433,0.003169131733907545,0.011240788840316401,0.004228543650958201,0.0009154594470848222,0.0010965996710133666,0.06966372704741691,0.005173332416055467,0.009983866931096368,0.004746985178676755,0.015319071231265965,0.013228251087051333,0.014134328728562311,0.007741537734140266,0.01943254708922598,0.5270076858649535,0.013658319920325145,0.002501069600804367,0.004160750056533319,0.004855653426842812,0.0011271684454601612,0.001747785236597567,0.020073783704181114
0.002702788003416268,0.004983816335946877,0.0029999861861506106,0.004063464968591378,0.013439359891706911,0.009399223843575935,0.018734999944859276,0.005086483732136478,0.006368077656403545,0.0018133996988295,0.007937912601124765,0.028615347221382408,0.0031968968459601555,0.0022963402220135443,0.0030166360701278554,0.0202764016025861,0.0031923560036118998,0.004138893418993522,0.0047750426105772,0.009458197999052289,0.03988785730003335,0.008457770856087255,0.020074549606786434,0.016947619794011732,0.012750868217677354,0.6836446560804407,0.012354435822050243,0.008845210246869345,0.01172966326576642,0.002679211081887078,0.017177500924956166,0.008955031946386187
0.001406554639965333,0.004595925408024147,0.003163093031525644,0.0065688079405468,0.010335725344807204,0.018236202114229536,0.026127712823226512,0.005302057597469912,0.007982089235804768,0.0030564209771357775,0.008422014616406924,0.0180576769580338,0.00330178119879464,0.0016851067224239779,0.0013421805944369555,0.030153761787614402,0.0033035684999488724,0.004188939808314212,0.003135113601122751,0.008272602582639677,0.05044836005295005,0.02580977977588471,0.06707413336121745,0.025856543635597543,0.020424823415675024,0.02828360527431957,0.5597624960254314,0.006169871953112233,0.016575175884648265,0.0017785774468287777,0.012363292294801077,0.016816005397061056
0.0028643862817601443,0.0013264501684980333,0.0020441935341507667,0.008382882292692212,0.009483117305992855,0.011117041491371755,0.02639007321108322,0.0119292108964998,0.019915273124779767,0.019455316344805566,0.011521376520093477,0.08561887749438374,0.021995064181675322,0.0027257917173819112,0.03336155233181429,0.021702030404323534,0.0020687716041808604,0.0021212553340214536,0.0042297555236381,0.007075246815764455,0.005387520945811612,0.002446041636067568,0.008996682758344435,0.005564296941907033,0.013051062846493213,0.013301808289523279,0.012776254972918323,0.5470893988586241,0.06268672154239258,0.007455170397937799,0.009125749522559255,0.006791624708508754
0.004387290704299645,0.00401929640299571,0.0026102653709606668,0.006371705619589756,0.009351247303703866,0.008813002235446734,0.019305550267489726,0.003911405643743355,0.011165116762540533,0.005056892227069411,0.004913415329324166,0.02266158432425697,0.006940532798968767,0.0012849619062999115,0.0036538827929311086,0.017110253744742912,0.0020802378726601,0.0023517774267470333,0.00409849043984677,0.018256320618242557,0.009385064283132554,0.010980090468902132,0.015940924779503034,0.034813527925556316,0.01828817159068228,0.019393231905734845,0.016229186266371723,0.05177849715237343,0.6174020202471651,0.003278965002604111,0.032271501872594505,0.011895588713519386
0.002748439827455167,0.0024147549247204242,0.0037381710195441443,0.005035903545572655,0.009825598630356222,0.012315973492403012,0.025743106651037108,0.0035186876721847327,0.005693057461886844,0.007205675552850256,0.00561872046690751,0.008718290330512501,0.004371210519951334,0.0012295652917248554,0.0030856123053234446,0.009798786324018934,0.0018638198144458444,0.001774341288567551,0.007243076392920555,0.009446840194255778,0.003141951279731811,0.008694426456662635,0.017531422760101258,0.009726884656724045,0.0077661492313780235,0.012922578680993954,0.007104252500060967,0.010469333522761613,0.008126709694330155,0.7554900585866964,0.024893486149407576,0.002743114774511622
0.0019354509570811333,0.0041758421394249325,0.002983758252813468,0.00783168026295071,0.006123810594926979,0.014330343641531764,0.017225538606164853,0.004184678511736322,0.004935437494239267,0.008262667787659956,0.004505311562377811,0.020918388625931445,0.011049049195186489,0.002141673346196967,0.003575858594601622,0.0077920382707221,0.0019804190462947863,0.00271656203698376,0.0017096401693048444,0.0077481852203952544,0.01887751146454954,0.005412954552686556,0.020816984659394383,0.03076928577427774,0.011147544728112567,0.02626219605945662,0.005862608138850734,0.045703966862530726,0.006215167438836766,0.002058996707732578,0.6814268036201531,0.009319645676892922
0.008410959993793867,0.016334391960523702,0.002245578207700578,0.007723838927483943,0.011276807043640667,0.010303395726501845,0.045407151727959186,0.003389768786490612,0.03914452741087315,0.0075839879831963225,0.006046440180036043,0.03136833886328025,0.0035361728026259667,0.0019470150883075408,0.0024710942869989334,0.022973617973931167,0.011686826302486502,0.010198036707884557,0.0015405341429977743,0.022496826484748166,0.0137526311565185,0.01799213112091078,0.030049368722853513,0.009441454080910358,0.05948028796898971,0.015100354184433645,0.003583336799748255,0.0030319443546703334,0.010796718972758431,0.0017009242014737111,0.0023044941927517783,0.5666810436425193
