0.833786117377845,0.013815068882852,0.000727122759983953,0.0128924048798522,0.00236354515988413,0.0104819601415897,0.00349167969513383,0.00363499346543902,0.0305189641500487,0.00554065524639522,0.00281119228107622,0.00610258047045398,0.00123637542762586,0.00198058622617801,0.00083590118287421,0.0115882296051348,0.00113032437413514,0.00696441005175945,0.000779782726267124,0.00239215283044771,0.00278355546656879,0.0036541728348154,0.000297904185038261,0.0091335998554516,0.00789307323759817,0.0035756232842962,0.00486417931629124,0.00148405244937735,0.000762578574081144,0.00449185238459094,0.00354777709288948,0.00443758438402548
0.0222712710301554,0.656439523435192,0.00275199052495996,0.00511355714542368,0.0145889370870326,0.0169236504097157,0.0347499318199136,0.00966526209449432,0.0746922014929788,0.00697275172628392,0.00383588697858221,0.00679440748733326,0.00245466757710663,0.00453417027506219,0.00204219118017238,0.0650481671577642,0.00135138992163479,0.0024801648777969,0.000772863027322337,0.00344916032711438,0.00397985477847168,0.00410530889972825,0.000792134633521284,0.00835019449911609,0.0176588230157886,0.00674957528379813,0.00539460957381897,0.000917582520516819,0.00129599570880386,0.00697690208983438,0.00240991896885287,0.00443695445170934
0.00168641640227368,0.0173363730923597,0.780336413454624,0.029868945662421,0.0168070988771893,0.00347101135349758,0.0188072243587522,0.00365179626140385,0.0156642037337806,0.00974906574586037,0.00201204468624638,0.0182708344609839,0.00786405898719505,0.0045778122360412,0.00530633262032075,0.00297995509764519,0.00508725286440884,0.000686812081541292,0.00223788198900832,0.00339180657377226,0.00683982224871947,0.00828628698515291,0.000693060990896137,0.00801479956502218,0.00232123939293012,0.00213595959444003,0.00879897818332398,0.00560162422949533,0.00580558402629185,0.00119646487946772,9.35468597716802e-05,0.000419292505163577
0.00940337219426103,0.00550431800022768,0.00732018800221676,0.679503732454199,0.00292094358719757,0.0388549978163926,0.0878354526379407,0.0457732285752392,0.00800953586077832,0.000625863301116928,0.00946759755643228,0.00755688642642537,0.0058010253098273,0.00515148435194681,0.00208436199712666,0.0046946372555224,0.00344779395184795,0.00179332112606274,0.0012080822668265,0.00118308888219355,0.00659334495111303,0.00225983620028128,0.00210650562879755,0.00405686009039881,0.0286063337205396,0.00269741017102993,0.00362373390485481,0.00191024084222277,0.00870178671638364,0.000528184175566822,0.00139676785966584,0.00937908418536446
0.017834014887703,0.00366946563394312,0.00518452242712453,0.00241996193427765,0.541159859335442,0.0289518200543125,0.189575020915075,0.000207995055410639,0.00151160316851208,0.00137291561689735,0.0017784205647773,0.0360718020954596,0.000955686881717162,0.0138559708793306,0.0091072533981263,0.037092315939056,0.00436353460522593,0.000293416076422651,0.00469028701556114,0.00235747862578938,0.00535200677633252,0.00743482537745043,0.00647914220511646,0.0150725115540197,0.00412399895306913,0.00258552917862011,0.00818285067957877,0.00646672528224909,0.0382967822181345,0.00129665611899601,0.000890878381971472,0.00136474816429822
0.0024727673978064,0.00934590858627315,0.000350510356910606,0.00764660019463243,0.0120389635762844,0.787675893731963,0.00127172710546171,0.0277194294509755,0.028542292961218,0.000231448120063104,0.0119911316195583,0.0127248997425751,0.000785047192099421,0.00286181914830346,0.00418069402116814,0.0475643827468896,0.00524879167150268,0.00105003859392405,0.000386020630001464,0.00206617905157305,0.000861426757006666,0.00086500255504739,0.00262160405940857,0.000250809078802543,0.00233396384902004,6.6716751467729e-05,0.0150361864875876,0.00393042934521898,0.00203909793610865,0.00242191497899617,0.00274104934727163,0.00067725295488046
0.0047907025021697,0.00217766739063637,9.17749249966122e-05,0.0148006907780292,0.0161540378327437,0.00201613564539107,0.820543509426535,0.0088951356269923,0.0402294575797443,0.00290179178438154,0.00693218536060785,0.0081745879594003,0.000893155074705739,0.00369573776818403,0.0035263885195464,0.00471769698008372,0.0038704066255666,0.000971376166918321,0.000460109127163649,0.00156810037552356,0.00289140899020219,0.00776495922697321,0.00276537489380268,0.00386455745717465,0.0151295472755497,0.000953680954741085,0.00582011602193594,0.00330810239272917,0.00392659062687474,0.00276737251769462,0.000306149607470116,0.00309149258553205
0.000858060957921996,0.000943794826673975,0.00529407500081975,0.0338720874236819,0.0712807679253623,0.00872668320350861,0.0503028995476968,0.666159876695217,0.0438870589083123,0.000155072300652922,0.00013085719533641,0.0106765408441268,0.000361306951697877,0.00571181225552111,0.00200683900327939,0.00442183173004376,0.0015509661061916,0.00960649340663925,0.00376402146308174,0.000263348240745569,0.0058359781819583,0.00245616012662496,0.0183369440966549,0.00122193749592234,0.0263289562905521,0.000363467872858628,0.00462348544289918,0.00182393002093503,0.0110845519985839,0.000884970812759168,0.00142376792690834,0.00564145574683243
0.0117873149707143,0.00411102593794469,0.000296547598354815,0.0250543472966437,0.0504771053013256,0.0172140667346496,0.152099841129189,0.00188753646758661,0.48431845934782,0.0127687277501887,0.00845616413627447,0.00958277231105725,0.0193927593244346,0.000427179535533246,4.90052265582915e-05,0.135416221509143,0.00114524776646678,0.000940539167002618,0.00308981014303373,0.0033327721193832,0.00215349668678886,0.0164307480456625,0.0046968977065081,0.00358228863704342,0.0151632891012014,0.000708843223325747,0.00394175109121754,0.00093257060116569,0.00859358265998612,0.000393574705400568,0.001044601865303,0.000510911903093434
0.00469500510072537,0.00100529667203757,0.000138043386177682,0.0191383465583055,0.025827736768525,0.0126858565837792,0.119579922436541,0.00434878312600668,0.00961303534130413,0.665677846537854,0.00331065379187077,0.0290814690300069,0.000995526686337053,0.00259329148786794,0.00673380842300895,0.0479322883540381,0.00252049964488312,0.000612872536971866,0.00104740846231666,0.000982098585886171,0.00477925951394162,0.000615509249148805,0.00249326520739454,0.00245584468431902,0.00106229643219372,0.00233200845954413,0.00176980459410329,0.000454236810631048,0.0171024412074046,5.97320181289075e-05,0.00139580429375964,0.00696000801498684
0.000312866971699754,0.000169663553151586,7.81149207543565e-05,0.000899112189925804,0.0193903404328202,0.00246814260684364,0.0222557111390933,0.000338755640625256,0.0142925438674297,0.00214689144600972,0.757957070905431,0.0355573429909581,0.000539860158844968,0.000881161153679669,0.0109987635450607,0.0108340299246924,0.00029141704769348,0.000226144061914212,0.00851468550540102,0.00458413393114224,0.0101335406095732,0.000678221720957239,0.004941910779966,0.00557124652182398,0.00265735964905345,0.0083108180060427,0.00505939660440907,0.0068222131882587,0.0565848783542208,0.00159000963995408,0.00375502273601601,0.00115863019655401
0.00181729101218831,0.00223586928934563,0.0014107330243094,0.00997499421291324,0.0264225439772985,0.012996470123828,0.0317064406832298,0.00484819246093741,0.0041692490541178,0.0166071197001349,0.00324661558900031,0.765817897191941,0.0012009531820269,0.00110391245303767,0.0007657464728773,0.00275740371006202,0.00140084131005259,0.000880733675393588,0.00133563222061671,0.0183234853804576,0.00664067877262802,0.00329510686733353,0.0191105514484018,0.000984642800634868,0.00227247822892253,0.033286259570408,0.000149417318837894,0.000366710375189694,0.00518222139576875,0.000626839153927563,0.0155471968772989,0.0035157724668798
0.000670814246842243,0.000767411597301868,0.000705516782914943,0.00163817765288147,0.0519856376152416,0.00016384935120612,0.0234531314608602,0.00694688007064214,0.0262606844563411,0.02956064176061,0.00307296077400871,0.00237376678971274,0.785132357146102,0.000168377840338573,0.0127265904141138,0.000687127547294613,0.0015617476718497,0.00062025614501987,0.000713456037817627,0.00781380688220695,0.00657350827312693,0.000149809333980987,0.00274656856014415,0.00267029588234143,2.37774951571693e-05,0.00271318833724968,0.0034790441951224,0.0163144209345633,0.00527957284015704,0.00162247894533664,0.000100645391638313,0.00130349756787567
0.00265818100793381,0.0165246958362001,0.00531188425184825,0.000366459118923113,0.0228486275497241,0.00318605373368869,0.0189233220488603,0.000731725465800115,0.015242881292021,0.0106552568363049,0.013779930351914,0.0292129672636873,0.00116698257889782,0.736496266858253,0.0259848084838039,0.0364443490404938,0.000461852211695701,0.000272206174156013,0.00184870276249102,0.00783420015086832,0.000792442682547901,0.000418384920232183,0.000278996977865366,0.00364019034918971,0.00521297796268822,0.00820682628164748,0.00250050048603008,0.002743217978524,0.0213718105083262,0.00242872844257159,0.00177938894899799,0.000675181443814354
0.00414377149665614,0.000754286889030682,0.00169440443198425,0.00172640326469702,0.0707295604848201,0.00301328298764496,0.0708903686003742,0.000564121816137928,0.0429878998884522,0.0276606926494324,0.00091442677323258,0.000477045670963055,0.0252155149127266,0.000514927668867221,0.651166391761388,0.00905372105768113,1.76415408232473e-05,0.00856550505012956,0.00301682305305111,0.0133939272262873,5.10940862533927e-05,0.00725123959816171,0.0131529238286265,0.00168668460648236,0.00367183502470319,0.00459605809307541,0.00159697771447416,0.0132679007447418,0.00208916740766531,0.000194900931591654,0.00289396749468731,0.0130465332451573
0.00303408758487462,0.000948263192656781,0.00012337481540197,0.00369504858189298,0.0268222847425997,0.00205753411021409,0.0544299985878273,9.81416944889727e-06,0.0881180517161955,0.00184875630628559,0.00157427688420968,0.000331071845454336,0.00293841804804634,2.47683077294239e-05,4.69103299970056e-05,0.7849388667136,0.000555870717412701,0.000816536695352671,0.000774766561626033,0.000282149726793681,0.00101524932826989,0.0017608175695486,0.00142309535522389,0.00131029932876114,0.0177096664932303,0.000447106384867864,6.65683479646923e-05,0.000543897662283074,0.00132108550062543,0.000348933790382024,0.000206663251321722,0.000475767349902009
0.0107531370128665,0.00211992460756668,0.0008466188655871,0.00112926633811065,0.0185402384424935,0.00190484597390859,0.00533035415708389,0.00196135435735423,0.00847591170616459,0.0182714414778802,0.0298048864032029,0.0193345853296464,0.00349118377074582,0.000724001893770475,0.000929264779107447,0.0197359748162096,0.784468491829814,0.00598060050569938,0.00187100897061818,0.00240131781710703,0.00845286934995118,0.00188875282820698,0.00545642686410847,0.00208395427830972,7.81701712314127e-05,0.00618549993457252,0.004123476906011,0.0129249856280809,0.0120771669945422,0.00338565715469887,0.0028205501385638,0.00244808069678576
0.00865042604884417,0.0033700223143068,0.000572377101644783,0.00350292387949764,0.00236720849178346,0.00382234128721474,0.00644771519572525,0.000399405902856184,0.00755737124351337,0.000671985441934287,0.00683375098939593,0.00104241219525907,0.00512664133720632,0.000220173833370997,0.00518051454071598,0.00361038960847233,0.00633184089968303,0.816914160945494,0.0030357953722066,0.0012432491255426,0.0466649061112308,0.00714547545681971,0.00163489601196566,0.0306872886996838,0.00126212714810118,0.000836922444939725,0.00288587212145319,0.0104738370500561,0.000639309501697446,0.000181943351605145,0.00243321015288479,0.00825350619489526
0.00406294074535034,0.000145891469809185,0.00538416564080642,0.0028268397850258,0.00492041150856976,0.00379640967516886,0.030167894345477,0.00386101180893576,0.00467327215070855,0.00800526221936399,0.0221859303310655,0.0179558869063035,0.00299369276005933,0.000293748495568225,0.000854431317151755,0.00928059947214865,0.00351390655369868,0.00131497173325884,0.676398924145386,0.0263554114694677,0.0134385854079398,0.013789999014278,0.00660121481024598,0.0647724638757262,0.0112794297565795,0.00353101846873295,0.0150222914877878,0.0120902201879133,0.0144664943086638,0.0126344788967715,0.00104704186116667,0.0023351593908708
0.00224665031688773,0.00899056877814782,0.000452496584592551,0.00400261597535904,0.00487589544575664,0.00121676348504701,0.0017053941202679,0.00198648620596517,0.0769735591789367,0.00235025934364496,0.0194718902724343,0.0755200136793975,0.0125684620898794,2.77777726026841e-05,0.00057961261109557,0.011152600792795,0.00206199270072784,0.000416126130592038,0.0143996882972915,0.583017474438283,0.0105586093374834,0.000679029070539174,0.0210173479632957,0.00609649840677508,0.033342908945289,0.00657961957716753,0.0253869804578402,0.0129651981172244,0.0409873551793705,0.000906424792835623,0.00117642437106379,0.0162872755614109
0.0060242281526614,0.00299340077910353,0.000219521853765487,0.00122557681443321,0.00184659361540815,0.0101567352827594,0.0133931684423368,0.000424627005324142,0.00165134580618845,0.000190766682990639,0.00386341958148441,0.0127610408629316,0.000361510133628928,0.00440200739689758,0.00128315395766277,0.0080547370400145,0.00133985766385139,0.0132240071901013,0.0031868861572648,0.0134067934190486,0.770168063812797,0.00504140243642692,0.0192395861203852,0.0161153059030065,0.00396283242816071,0.053106645999294,0.00115604203584836,0.00139791899284445,0.0124009801404916,0.000537322838615168,0.00463254830064808,0.012231973153625
0.00649414555819834,0.0169409988267154,0.00160382191950322,0.00587974951275517,0.00172076522064174,0.00173356586631205,0.0216458530596661,0.00227382982154867,0.0765774201422776,0.0193300821521479,0.0186805888126365,0.0285594784277626,0.00512441783775932,0.00168367730400443,0.00510756477044714,0.0843360054494656,0.000649391763906815,0.00229970015987401,0.0176809666834596,0.00160021453996715,0.00295970681720698,0.621508664137563,0.0167159170706449,0.00033882303291807,0.00278190382152122,0.00310431817546255,0.00483233400653614,0.00267508794557431,0.0221104868323386,0.00088717998754649,0.00153356981065272,0.000629770532985368
0.0119876922782367,0.0157036304379267,0.00254157218358735,0.00381254204643262,0.017025070154774,0.00419426252566135,0.0183715844648145,0.00104253885312297,0.0808975008805889,0.0132896117885345,0.0122041570515253,0.00104492721965953,0.00300768650776132,0.00043311444883243,0.00190184318243779,0.155198722536243,0.0018930197840462,6.43098568903624e-06,0.0156330133160125,0.00544600878023668,0.00110344667968554,0.00545718985649396,0.571303583503974,0.00228666046678951,0.0241819978560771,0.0110121377768065,0.00929499248108984,0.00347390921393801,0.000413519148189473,4.88966313056743e-05,0.000341032813104749,0.00544770414642268
0.000687951017314266,0.0036457599060931,6.1316683354982e-05,0.000403289426315371,0.00253405813638818,0.00248028395362423,0.00463342954585464,1.33644560760306e-05,0.0361684205644112,7.98187935813138e-05,0.00482676096312662,0.027447171918849,0.00261267340020968,0.000926686939201994,0.000446897152432068,0.00382142009844531,0.000423256716962099,0.00348209534385314,0.0154285045477466,0.00899257622287522,0.0165380480408278,0.00447147318522581,0.00602227024818187,0.787032493914832,0.0133932421510558,0.0287321942892628,0.00609147566724711,0.00155610409911161,0.0144144447411961,0.000344695413530457,0.00079596240405824,0.00149186005875495
0.014923400146653,0.0228488228242685,0.00034285600531862,0.00437160786252422,0.0126524498130448,0.00562011266292012,0.0524868307999712,0.00126063232459862,0.0282836377147351,0.000335045253154453,0.00939831427327577,4.31546271720573e-05,0.000624399738126783,0.000567243668687717,0.00123692813714,0.0416990918341573,0.00172084220542355,0.0114458800804022,0.00158274898255493,0.00582995188643658,0.00415435631846642,0.0037870344792875,0.0148479248321011,0.00767667987119997,0.729582133277839,0.0059655247040132,0.000579131675016538,0.00535868322106337,0.00174489799262964,0.000970706002762711,7.91865581226221e-05,0.00797979022693242
0.000798385540322067,0.00145600845225477,0.000791396492584818,0.0057710285660568,0.0235594152560551,0.0216769115398441,0.0548466948514767,0.00220688905786587,0.0137508328618892,0.00932595300608235,0.00610996656316268,0.00100533962891697,0.000991685593005364,0.000122468351064091,0.000378782681069168,0.0158847136869398,0.000363544228133112,0.00023860177438866,0.00301601443821847,0.0184664100885003,0.0064357246711631,0.000166492778012947,0.000565389667826737,0.00261296510585237,0.00754418126663524,0.773085697137228,0.00129910660746286,0.0045066839081754,0.00505556366498682,0.00334799640444638,0.00646614267955308,0.00815301345082656
0.0143801248890375,0.00169998268052453,0.000200766096400293,2.26409595042541e-05,0.00292211716408677,0.0180171532199932,0.00281729210825359,0.00127091902513505,0.000112102384112338,0.000356345824449303,0.00187761872384582,0.00464508116098945,0.000574293449096254,0.000122153841338885,0.00143943569177365,0.00166573388483029,0.0010041428868832,0.00471698318674934,0.0029367557939287,0.00134013618586631,0.00133973426500746,0.00206209674545557,0.00746727414554538,0.013572284416242,0.0193757101494558,0.0278966524680431,0.84311380665532,0.00139134705497291,0.0160771605029167,0.00038151761029237,0.00154328214274552,0.00365735468720443
0.00181102698599061,0.000599722402238237,0.000413438471929666,0.00256327016629819,0.00558530999129351,0.00451642923239741,0.0188952908777851,0.00460536654758404,0.00300241487661485,0.0188652355121733,0.00350395166781958,0.0172016363234407,0.0123661159716134,0.00420024353640113,0.0333988632748209,0.0106395444511946,0.00200838852178052,9.77387688536171e-05,0.00188213738380603,0.00818480138549441,0.000867271652071819,0.00147411452902729,0.00516546885813694,0.00311793079294915,0.00120365196497974,0.0122369620127835,0.00270668649463539,0.794284183760427,0.0171201652060529,0.00170335285498934,0.000496848261225212,0.00528243726319215
8.31770477708181e-05,0.00531719951467699,7.58168218381688e-05,0.00219368585251574,0.0049213666707031,0.0206080801870139,0.0444716018386795,0.00511256353621091,0.00666476241428688,0.00382346218510874,0.01072678854377,0.0137419841043346,0.00674023785819379,0.000318819736883064,0.003757787455782,0.0107974656529726,0.00162102941026221,0.000371934667512629,0.000637616510441241,0.000187784884567296,0.00455268370868684,0.0003285815288839,0.000756370475278004,0.0150905292841114,0.00170234808365978,0.000145857714363563,0.00792854932722583,0.0067250717820648,0.808362128882905,0.000328874540960733,0.0101044815013157,0.00180135827701998
0.000812367731161991,7.8504223764276e-05,0.00110422295761073,0.000369876719827515,0.0118081911985848,0.00423600276218643,0.0598732766985657,0.00659965317708036,0.00171475112045749,7.5059783333856e-05,0.000634312230381364,0.002747351057627,0.000862992787044509,0.000263766990814036,0.00228994760109326,0.00878808437301535,0.000208308443376417,0.00117249532713293,0.00795073435463104,0.0327585515114556,0.000285797475187495,0.00457661764458069,0.0206773786196833,0.0260637855493347,0.00408606161097035,0.00333134887534417,0.00743180646279485,0.0091500295495437,0.00171775731469874,0.768757303446734,0.00900196974873314,0.000571692653250279
0.00111449792607002,0.001829531633295,0.00144138178439368,0.00110211412994521,0.00365880106207157,0.00157998212874999,0.00638025181282373,0.0139469732595873,0.00013994004528543,0.000620753181290375,0.00110613397157523,0.00363836036462507,0.00523400125785522,0.00138057272643386,0.00506246878785158,0.00250326753647698,0.000239782730275703,0.000349551297899946,0.0057107274764569,0.00372594833016325,0.00389204598834733,0.00278212269005784,0.00110726131548915,0.00315313337330523,0.00156709188895513,0.00904747898294481,0.0199433600704471,0.0149252009645591,0.0221204530547831,0.00319532623595437,0.857007520218371,0.000493963773659286
0.00664205985906463,6.67556250718888e-05,0.000578478331470926,0.00378908289193161,0.0050857175246906,0.00162263892406391,0.0190750361675104,0.00294802316676316,0.0264638317105422,0.000988063762384422,0.000494588014644891,0.00878522099592144,0.000272058272451577,0.000215525707344109,0.00434042814178826,0.0112117158151005,0.0025274175053658,0.00650797202910664,7.20572650278193e-05,0.00446223810656174,0.0392424915007139,0.00280325759767081,0.008087367323697,0.0132787027609611,0.00337294552301484,0.000202651980149648,0.00076756610851851,0.00368793344767913,0.0011515161898061,0.00263623409207954,0.00352139284213092,0.815099030816772
