0.704700655254447,0.00571614100147487,0.000802988129385141,0.0554548588981005,0.0034313585647278,0.0497073782496311,0.0324217334769139,0.0123678608220052,0.00692307632679983,0.0154349899972648,0.00250944250583821,0.00464934856827427,0.00626167404968372,0.00214044823599163,0.00245648572347586,0.0196773263226458,0.0143434316295104,0.0119093527979017,0.000618842341015894,0.00552414477510709,0.00245708185856718,0.00156113197237301,0.0174903277301908,0.00288005108664123,0.00324675281784533,0.00118353354209792,0.00230631410078987,0.00293770097876537,0.000793854621671075,0.000979830639926451,1.08090131315437e-05,0.00710107396780434
0.00482325580690169,0.583822912954975,0.00816275439221701,0.0482661673577301,0.00229927282030278,0.0424952582653511,0.136309017017209,0.0116811630369454,0.0207720246581181,0.0110332727763528,0.00014336848775511,0.00606139963906747,0.00754683647272732,0.000636736091815415,0.00188192559482651,0.054584753948204,0.00253544235715451,0.00316477245156227,3.95138592994645e-05,0.00813499101123706,0.00067751149884771,0.00244779692179626,0.0125076529406426,0.00537652182121735,0.0104393146724824,0.000369965619070257,0.00197894249013045,0.00363432525183252,0.00431073446580041,0.000491504995217294,0.00256090191660249,0.000809988406607916
0.00297833131854982,0.00516064247898732,0.797619819900031,0.00515453292512541,0.0214877694715574,0.00335265381144659,0.0279437027136645,0.00174182274628218,0.000137350328932732,0.00430152050491322,0.0293316484751574,0.0420144343272061,0.000455344631015319,0.00394553073618157,0.000827720824994812,0.00425338913016166,0.0051348925156353,0.00222743645899327,7.13201043395623e-05,0.00776499558325183,0.000540533985654883,0.00471489862509554,0.00115311133031331,0.00038041217998718,0.00316059638480908,0.000757524636493809,0.00175784086968336,5.0315195369028e-06,0.0208369973424644,9.14254047299412e-05,0.000475863965006423,0.000220904769798377
5.80184402898234e-05,0.00708048795525667,0.000933508646533392,0.696467692348916,0.0217966975619115,0.0192680959398306,0.0577078113217629,0.0643666468410425,0.031461818143361,0.00061320178313495,0.00224169498938138,0.024442654066309,0.00906307770106871,0.000961955022408227,0.00211881351865375,0.0304377830115344,0.000427116497067562,0.00187598797212924,0.00247778191039787,0.000795389516748142,0.000571563897396049,0.000506930424259377,0.00337827803397729,0.00225118655190772,0.00296330053276519,0.00201553697641809,0.000806719659053732,0.00190927958249928,0.00128612256334712,0.000241572466036566,0.00701174265614366,0.00246153346845846
0.00171119653007627,0.00657161544666092,0.0190504134523275,0.0172170983478088,0.517176360030417,0.00284418176122084,0.0594746284102935,0.0115681931670183,0.0591567874141944,0.0123797206927563,0.00236544699395701,0.0683399723573514,0.00122209018349105,0.00186632967889698,0.00169479442965556,0.101772745645408,0.0028358393923843,0.00102528168843673,0.00163419977706446,0.0217089272344414,0.0029815722534718,0.000514223260768728,0.00715906185658381,0.0109421232077975,0.00205241513548934,0.00711388233508961,0.000893798359397343,0.000256358039145499,0.0462951083600599,4.4629469691299e-05,0.00376292282353165,0.00636808226511311
0.000532281399803581,0.00262910509163322,0.000926904925153587,0.0464100728146059,0.0287455544262547,0.682124600531767,0.0113554705126274,0.0288525242341777,0.0482883677887059,0.00799799383532185,0.0149766645356047,0.0140045565252192,0.00150482919173753,2.51818331702626e-05,0.0017145862452945,0.0510910355869089,0.000841084365615506,0.00048930721952268,0.00031663336197896,0.000441383722803688,0.00093899784048051,0.0059859467838488,0.000265487444276862,0.00136433300022849,0.00342348486825169,0.00851400069456409,0.00153409179716252,0.00463619442065539,0.0214028160904121,0.00015225079054421,0.00698897365307036,0.00152528446859863
0.00117079602815138,0.00178766026253002,0.00434431239319534,0.071548786209669,0.039182707509623,0.0222816059942333,0.673792520739638,0.0149329786635256,0.00601876188209437,0.0186315791509337,0.0185201685837943,0.0617511558901522,0.00508620478843798,0.000286146114157233,0.00402704694577099,0.00140186344676307,0.000321620756450782,0.000136201487375495,0.00112076411170753,0.00497851421235499,0.000482159475337493,0.00510585060464999,0.00412258162679473,0.00392780637455593,0.00295034673160314,0.00328781874616199,9.7792194312422e-05,0.000500990629467309,0.0161269772060217,0.000320792912818976,0.0062754304363007,0.00548005789141649
0.000428323838626097,0.000800827770330557,0.00208240827331014,0.0355856680747769,0.00131015644616128,0.0601235718079676,0.0363137006425614,0.600099626969396,0.0849023441905316,0.00297886522354937,0.00309145081396754,0.0486279894902173,0.0086889653681709,0.00258484464752474,0.00477579191537132,0.0531977239298605,0.000747960292280737,0.00375975892848814,0.00174990365706687,0.00381869617786686,0.000212330540718291,0.00312136954695034,0.000747344706247281,0.000877205264160235,0.0125449599094263,0.00264239564728452,0.00709492302919683,0.000124248083421702,0.0132125886147275,0.000552138250924617,0.00254762278190216,0.000654295167014176
0.00293392298027804,0.00476271383933312,0.0195243694038957,0.000778686130055217,0.00350792227029228,0.0757856173980804,0.119179742369095,0.0121562980436584,0.52067661309298,0.00101670136084982,0.00400143385975602,0.0130209592535556,0.000287785185889471,0.000215618019002305,0.00258906852452661,0.151595100683998,0.000304903686886957,0.00600252147144795,0.00128311859893344,0.0171841163282629,3.1567914005292e-05,0.000526927499772857,0.0066270659112162,0.0120221955340206,0.00534662675811476,0.000967507421127644,0.00143494447784034,0.00135164937255249,0.0016760441036412,0.000972006431661641,0.0106611657410239,0.00157508633424599
6.88274884584433e-05,8.70801466134587e-05,0.00119695971975607,0.00377417635405568,0.0116231957932853,0.00941814174055924,0.0138155690797489,0.00212126285525055,0.0149431006499641,0.798665623783849,0.00455688221843185,0.0199305900841321,0.0025478344531133,0.000499728583977054,0.0130767865572205,0.00447548501036032,0.00518189283469585,6.4282957839195e-05,0.000722050474228825,0.0199680181546799,0.00515367053893169,0.00697767149657931,0.00765017801457484,0.0111063624066678,0.0133893886279537,0.00566536190638101,0.00488390991864255,0.0090289759994368,0.00604011969701059,0.000433808369247311,0.00291556229112305,1.75017932315463e-05
0.000578774899506637,0.000356318249932565,0.000729495664724886,0.00366478988899672,0.0257102878462428,0.00649121776866626,0.0157433312990831,0.0159274343161197,0.00646220937622585,0.00363598445433313,0.783052405106307,0.0216048491981829,0.00297861500511136,0.00040769462506587,0.00997569716073905,0.001993647778898,0.00380765703746742,0.000552152015779802,0.00172290656952633,3.75872553044776e-05,0.000189012931176484,0.000188756331150238,0.00989769219207181,0.00289506837980157,7.14599999335912e-05,0.0266448223452352,0.000378057469048031,0.0112406062996909,0.038631173603566,0.00098097298958761,0.00268046703793543,0.000768854904588482
0.00342332319428496,0.0136570353947916,0.00816572913851327,0.00431758657717503,0.0376336472975434,0.000380015402945129,0.00810014715947213,0.00487914470054998,0.00490106416877835,0.0273166081712621,0.0073873986933819,0.751540553164594,0.000640586553614678,0.0010022435133496,0.00134548955118292,0.00131388287416898,0.00442138541408279,0.000317321355136998,0.00285815586259613,0.00841598108348333,0.00358835284461204,0.00293583147687334,0.000850916803636923,0.0135211224094369,0.0033229184220972,0.0593650257760277,0.000398648051880092,0.0075914242827889,0.00745187975732778,0.00290514718688875,0.00430865436242048,0.00174277935510312
0.00440449471776895,0.000623947957278526,0.000746750420179357,0.00163685787047342,0.00827052136173635,0.0154437396963365,0.0493545146036132,0.000201434858577547,0.00115414891447643,0.00533934801720575,0.00457138742553955,0.0228122751934497,0.703907034887241,0.000486124835160127,0.0282441103291883,0.0287789008259978,0.000356373119987116,0.0131417749025036,0.000314831250364162,0.0135534109967494,0.00200255582185043,5.39529647730193e-06,0.0101039590771924,0.0109279267087799,0.0242625885196881,0.0012481400196581,0.00876797908080382,0.03246543688346,0.00358629525566586,0.000256642592737638,0.00290742931688397,0.000123669242975448
0.00579407814255534,0.000753707659239033,0.00683143446860736,0.00708965385222053,0.000731567074632364,0.00692142140475517,0.00789184123970979,0.00573576243515138,0.0580024385923446,0.00140077596990135,0.0200319056025128,0.0198479898701136,0.00144980087768236,0.753830827988063,0.0307845239207451,0.0220096337486444,0.000978421844160557,0.000857459302836891,0.000878605473799804,0.00138509927473782,0.00611276413602178,0.00133365401339619,0.00222417302892143,0.000457150635836542,0.00783966445898174,0.00307076312956277,0.000803958773767807,6.7248089191253e-05,0.016500225573243,0.00419526388876722,0.00383814789444962,0.000350037635447497
0.00474231023878378,0.0070306500602803,0.00203751528711913,0.0022122705794405,0.0281861510253614,0.0216870941041553,0.0543466968332778,0.00220430637783367,0.0185695910216914,0.0103215473007312,0.0128306344258104,0.0615682991523901,0.0133652516936712,0.00111585468030843,0.513500549771695,0.104830643021806,0.00146617937590802,0.0094453100104914,0.00441431840293852,0.0117827193553981,0.0122419941061745,0.00241159667218518,0.0119428505215772,0.0277170934168338,0.0354213318504793,0.000971559902507362,0.00440400588440189,0.0150214010617065,0.00297205920545288,0.000355453999726519,0.000716436539362685,0.000166324120500093
0.00180421070387361,0.00200510688633784,0.0025986351578389,0.00308546841968052,0.00303391459163573,0.0191093134770493,0.0617946656447676,0.00231596761049928,0.0741514614748476,0.00119292470629777,0.0006377831180231,0.00260960539122781,0.000436983841197161,0.000567300244219543,0.00162825578707067,0.788290169892392,2.80240454069174e-06,0.000504468180385795,0.000422253449474026,0.00364575320340209,0.000809286539038904,0.000423764679534961,0.00373636193499376,0.00784603048721224,0.0070529408713018,0.00132362669676185,0.000729507305506582,0.00104552013802967,0.00180244832177386,0.000554535404301281,0.00477887798610872,6.00554506755763e-05
0.0114641964301633,0.000604205436048097,0.00614896692975402,0.00861914549985298,0.0113547609862597,0.0180511056748721,0.0168032607267687,0.00199019238938994,0.0144894420044707,0.00268587987741652,0.00257670071499648,0.00887144357225301,0.00139082179416318,0.000894638141593477,0.00156401508080387,0.0184854774765737,0.766508179933847,0.0174898550834633,0.00095409898753916,0.00516937561692581,0.000567933237706573,0.0163197934245692,0.0212229759219277,0.00444340480207887,0.00885718457249066,0.00649072343319401,0.00137871436367326,0.000527695505655499,0.00608069411646479,0.000274641159593469,0.00111101053017226,0.0166094665753189
0.028193406071654,0.00137189713850902,0.000649529056723517,0.000831740987412936,0.00388139722794576,0.00707654140134174,0.0205788934976715,0.000971586470161183,0.00785892202838706,0.00670118162997249,0.00036323943070052,0.00632817133217411,0.00201935645926818,0.00145740568615464,0.00107524208135476,0.00662885894942269,0.0126279932253771,0.81992678591724,0.00617961068614985,0.00473654002501596,0.0143506820733902,0.000269485331745782,0.000435216895581445,0.00507451550126241,0.0152353451229762,0.0068208114646691,0.000587880466444819,0.0017288327118588,0.00304898781531712,0.000549487514222316,0.00283796077035604,0.0096024950295383
0.00315314636249538,0.00030621401450702,0.00291955824271352,0.011342647211323,0.00164046963574684,0.00224787449436966,0.00270998209156583,0.00680295802093708,0.00158384272733667,0.000386223211580692,0.00130411068777407,0.0123406069846986,0.000826719327879195,3.89996077350266e-06,0.0137215853685683,0.00714114461030898,0.00844560378379576,0.00326453166446064,0.79898657820365,0.00714314736122145,0.00324218077184234,0.0269744736606048,0.0138499488104743,0.0211208465890507,0.00457763340160919,0.0123009035770815,0.00680386650223287,0.00745432830643883,0.000153642458576843,0.000234084863331826,0.00900237971797396,0.00801486737507683
0.000190065209033846,0.00189735094058411,0.00582105150574763,0.00283263071110717,0.0015707742273002,0.00022158304103761,0.0116556697656389,0.000234946628854491,0.00770198729342217,0.00733794788437366,0.000499569713813211,0.000186483246232201,4.10275005997575e-05,7.19400758795278e-05,0.00408592121628983,0.00699866785500838,0.00231114574826359,0.00048362597967987,0.00281318715189674,0.755952211183207,0.00476472270052636,0.0211462166187894,0.0761116645521256,0.0170475065497452,0.0096889000805495,0.0386520506196287,0.0127388708735968,0.00204169501234597,0.000501963219643087,0.00145357546154595,0.00240891509644079,0.000536132337092604
0.0064417663893981,0.00604979279858519,0.00825007121535807,0.00133141320221483,0.018253596617084,0.00204758828585419,0.0510782571561213,0.00351602790333964,0.0150694017547967,0.00167421162079638,0.00754110255357989,0.0144623018809022,0.000262048669398411,0.000326594295844602,0.00552205634880138,0.0206066473103474,0.00319511851665346,0.000759321719102138,0.00207081781594134,0.038831670607467,0.555899734525084,0.00582495118987077,0.0662553472473268,0.097529637054515,0.0251144583195827,0.0146680681964975,0.00316633492767706,0.00404424673022212,0.00795291505312568,0.00193029872473202,0.00122046869535504,0.00910373267442486
0.00264050526817031,0.00054286743495342,0.000192439457705754,0.0145255159937084,0.0125400431368374,0.0116043416093512,0.0359714715250934,0.000485063367731742,0.0485563600268951,0.00177996309139913,0.00168910693917313,0.00820138978182106,0.00199985472900075,0.000705900156456053,0.000760631426549577,0.0855395845924186,0.00361496849110362,0.00381732039397827,0.0110465508217012,0.00346257162540199,0.00462864214449111,0.665579029451136,0.046635815757646,0.00819825899875442,0.00832215977136607,0.000411877505517117,0.00206397592835121,0.00197896225082509,0.00984388336436865,0.00139948751139711,0.000977847001701814,0.000283610444995092
0.00645108460497005,0.0194658927934685,0.00503193864583422,0.0108589316862909,0.0344430568231478,0.0164016968820159,0.00932466086692483,0.000496931579936522,0.00384927682750903,1.52301000814572e-05,0.0105442591486734,0.0630198791252564,0.000494107111030972,0.00106182388310552,0.00689339721237328,0.0473741178617145,0.0135240034979086,0.00218512592405715,0.00861578347728993,0.0337892578917716,0.000467378106076447,0.0165948637932709,0.598479511528295,0.000625658872857948,0.0311378228581671,0.0114187419169622,0.00121089933446727,0.00357277335369504,0.032710841343531,0.00140010486299839,0.00599549967200896,0.00254544841430897
0.000793360000528204,0.000881096105512397,0.00694211147715033,0.00144697443110647,0.0103753582413917,0.000300109252553389,0.0291383730356418,0.00101870518056605,0.0108295692569993,0.000570075045702151,0.00923778951740574,0.00354014916826369,0.0013290779715374,0.000305550148587283,0.00293762496529243,0.00128784548278333,0.00925019977015263,0.000675483230279195,0.0104455570506949,0.053767689940728,0.0140706876666071,0.0165225571289745,0.0523505128712599,0.586287019673736,0.00660345939752703,0.131215232335684,0.017502793986715,0.0115601056686097,0.00241435578595709,0.00317644214568912,0.00022295581987396,0.00300117824649025
0.00469527444204468,0.0374743885852941,0.000838573306563695,0.00808940634747326,0.000592972673791577,0.0162761460849818,0.0158651460128323,0.00135481146398667,0.0404506304897404,0.00509177735783448,0.00151061231624102,0.00121260941872045,0.000911844402610927,0.000145889315024347,0.00155317590867547,0.0404486172815653,0.00128613522735498,0.0184630283863529,0.00172353390640421,0.0049151446729921,0.015548463176271,0.00199633341602125,0.0329161022431124,0.0173815109735424,0.687315294367675,0.00171494176668929,0.0021433235762391,0.0050529711843736,0.00467816166631687,0.000386348832615437,0.00437368675375364,0.0235931444429051
0.00373990706521281,0.00327105930588047,0.00371498187582683,0.000811337040767576,0.000217939668962419,0.0058560089727195,0.0008145655748677,0.00331513582896871,0.0116825258834526,0.002657331359134,0.00643551838263978,0.00794145695024946,0.013445165893946,0.000172716367464108,0.00536027138865256,0.00683800522782366,0.00188212896196903,0.0030735623127831,0.00768424534154352,0.0236738218252769,0.00699997497157815,0.011343765794395,0.0100073401968531,0.0610200985073906,0.00461214637278789,0.723238842503712,0.00470170425252236,0.00845900303634715,0.0478365306889338,0.00365281352149443,0.00537960782632224,0.000160487099522192
0.00167276242534539,0.00613006188509899,0.00642316454367708,0.00835945652666577,0.00953791914412503,0.00409233514357082,0.0236094807368641,0.00595955412297026,0.00251116899926603,0.00612329025329703,0.00767552150517068,0.0156913569881129,0.0050034107737084,0.000256296935438994,0.000431422195167302,0.0124098187476923,1.10635714598477e-05,0.00238899694013109,7.34361175074432e-05,0.0428923775192515,0.0161633527398841,0.000323914987618815,0.0095410333155126,0.017103289608952,0.00116851698149088,0.0660903432667005,0.689931594539821,0.0168112485881769,0.0176125361824614,0.000328402296323153,0.000879747709212522,0.00279312470932541
0.00265412122303048,0.00655964663120532,0.00235307773544866,2.30767553397018e-05,0.0254805814577482,0.00857405101478191,0.00485477564761919,0.00244847473930588,0.00911285050280321,0.0112878104873643,0.000682938865730487,0.0505706125846039,0.00117322851739785,0.000245240666789094,0.00775076625631811,0.00141050379799014,0.000887438896115663,1.25465405354293e-05,0.00140711781543028,0.00503918398458422,0.000892189177057663,0.00297216819487667,0.000173251145762578,0.00406158191044157,0.000874731329673832,0.0464394130868155,0.00229097099293794,0.784877622717746,0.00738001081450299,0.0014257665774826,0.00487915301907636,0.00120509691348413
0.00161128351482749,0.0019138815062059,0.00559993049158144,0.00481023521161353,0.00951542115771409,0.0135498356955591,0.0367527858212472,0.00125435726575403,8.59378371469817e-05,0.00321242347749346,0.0223447625706511,0.0390197644588368,0.00679455859774815,0.000364642673218652,0.00918044291767151,0.0166401417388986,0.00143914716137045,0.000945840181221999,0.00175892599396704,0.000300142760877664,0.0135564099528488,0.00332003675968386,0.0169478085960583,0.0622333406106588,0.00583239852955543,0.0107443720501307,0.00308736225052284,0.0212277507498024,0.679622203220208,0.0013414332042926,0.00467679043698876,0.000315632605644372
0.00966708003679557,0.0113420247252639,0.00306907358520482,0.000855249535031705,0.0113767770713993,0.00139671386911255,0.00896409668591361,0.00241459070998895,0.00384411509615224,0.00238000774314297,0.0033831955681817,0.000404052117899863,0.000971363321541907,0.000504073381064795,0.00259823260221364,0.00519687173786887,0.00277264833861071,0.00668909511463158,0.000896715515524997,0.0228171422920015,0.00829624014228289,0.000247361034526384,0.0104367787504153,0.00323438735095985,0.025472907146426,0.00139249038511242,0.00157898414100628,0.00161540949386401,0.000819679373659641,0.840062792571503,0.00187787852156889,0.00342197204113075
0.00231762036854119,0.00539413994763905,0.00779761976733457,0.00803402414022596,0.00648611761936166,0.0177021143286972,0.00817778291808179,0.000543679405532683,0.00345720295692661,0.00626582435009751,0.00314039223023955,0.0151667799450131,0.01383277195871,0.00103376690603586,0.0158436668527215,0.00119782203082892,0.00194647587609095,0.00144817618139041,0.00106747154131436,0.0100024080032688,0.0102398981323321,0.000126351367511535,0.0051789654679428,0.0241841959372709,0.00191539904553059,0.0758349424241536,0.005565671146376,0.0395127898659226,0.0162747342803115,0.00191781932580337,0.687904727116012,0.000488648562781553
0.0031615160647691,0.0134765805322925,0.00563044396699759,0.0233099333459253,0.011396321424,0.00245899217641999,0.0192159129296658,0.00349206209978892,0.0181930324977192,0.0124713090914875,0.00438192642046023,0.00819427977818656,0.00274449420209162,0.000965796057622336,0.00172505615630727,0.00721514410787084,0.00636821809158822,0.00158451884526233,0.00406917921841478,0.00899865021807811,0.00348792171188077,0.00383177339400522,0.0241625208722576,0.00148351407403064,0.00723002276992193,0.000189832314237479,0.00469354600193902,0.00278601207631939,0.00345961565559128,0.000405106035745994,0.000269886170832747,0.78894688169829
