0.7972264154190107,0.010044238970342644,0.0010367650775744,0.009958818512592543,0.004480786545934655,0.015549014981702212,0.016903395757089153,0.004003514072313555,0.013202111865237178,0.0066197538000485785,0.0036059650699249695,0.005940226320140444,0.0022756197005628334,0.0005761620577527557,0.0022615498903952665,0.027928057370110344,0.012102315794513657,0.009005552868127679,0.002295921396511327,0.0032775371526749556,0.004654927024008844,0.005733993703384623,0.008153440071054235,0.007073399229834233,0.006733850508733378,0.002412506095131406,0.0024171624620756486,0.0029503953681605443,0.0028130672614332334,0.0009525846800900672,0.0020827296243188607,0.0057282213492136766
0.005190915271429821,0.6862883026329359,0.003741699235805656,0.009018311224921033,0.0080611374746642,0.02779756935525383,0.08872302832883491,0.004841489981749778,0.02436663318642944,0.004671328390734834,0.004645433049655867,0.009411075115436878,0.0015304402752862668,0.0009239203180774222,0.0016951692694060776,0.05147751958078628,0.004187379890068167,0.0019883805023161553,0.0019636361130819183,0.0058937579266919345,0.001611268689446811,0.004114862117198179,0.007193643713171111,0.004150451097988778,0.013615816819809211,0.002642618080432733,0.0023460230772117665,0.0017294915087246556,0.0067715272707260556,0.0015111963063784333,0.0018822504429862762,0.006013723752358478
0.004473226684886834,0.006827885471950245,0.7815238991171918,0.013416428443891343,0.012069962597447522,0.007675269726544456,0.020449144440482046,0.004071437800480133,0.020896604322831476,0.0055199955019575,0.006785133969410268,0.016195256843159353,0.004344646667521258,0.0055563662699961444,0.0035226951224558334,0.028020458169232834,0.0031334215973948,0.0013331838162035446,0.001402482425911107,0.003850879866013353,0.003479261795008565,0.002839481769314733,0.003507698745382533,0.006330078347037656,0.0049925264804803,0.004162448647277366,0.0033434901562036778,0.005771153432457978,0.007201710365582901,0.001957123231940082,0.002787236200232333,0.0025594119741185768
0.002161029265193532,0.006398237642685681,0.002300233511917567,0.7063857377003074,0.010156791993757243,0.023486993226571426,0.06688055469991658,0.047559334118832244,0.013977017656932303,0.003006978778341855,0.010322302978508712,0.016798223799842152,0.0026609230011499477,0.00336631059539252,0.001294851063422274,0.029691055679516267,0.0022308601776556696,0.0011660008938135019,0.0020835636488193226,0.004096169614377133,0.003110593836566433,0.0034736586481286854,0.003419085464722823,0.005866591758412077,0.003239905019374335,0.004448704262757711,0.0035149613255216453,0.0032998711989581445,0.005559841266468934,0.0022565867331467288,0.003290811512293567,0.002496218926694641
0.0032735166106040666,0.005106198838085914,0.006487484875826789,0.014881340598215165,0.5566581920994406,0.023475772563700713,0.07480567446370062,0.005926968943174443,0.03381482306898944,0.011238354987071146,0.006894868563592555,0.03907488646620802,0.004089475804667356,0.0037732077645210773,0.0035539714665474447,0.09149300094727846,0.0024625902223451113,0.0009889077460874826,0.0017970243894028114,0.011404583906959156,0.005573624578459245,0.002489194335659711,0.004163147708235332,0.013676356484196999,0.010914991777974833,0.012743778602837168,0.003570588600221578,0.004703702702052511,0.025602931845155535,0.002027129557753275,0.002836370251105318,0.010497339229929212
0.003596215500654155,0.00419158199647476,0.0017077541148828098,0.015142384462778201,0.02049374404635316,0.7664517287964456,0.006462987631037167,0.01929070876137063,0.025238091133034803,0.006335213467931755,0.012101961393135956,0.008357671130862788,0.0021526443215573203,0.0009279322059204515,0.005290717127553511,0.04435893387965006,0.002080726634358589,0.0009127495013646665,0.0015057262862128778,0.0050886431354714,0.0026803116010331667,0.002895345874211922,0.0037297407631643343,0.004131775570510478,0.003910983705949412,0.011490603356616868,0.002651173218017567,0.005068305115950461,0.0050311837167973,0.0014656518616370665,0.002130849856018347,0.0031259598330413223
0.006030961086074956,0.005676439782046256,0.002383837165199867,0.038315580921137134,0.020244342113902254,0.010706236136218645,0.7580981003359648,0.014352688648360621,0.014699744262801122,0.014460514738130278,0.016105354502336654,0.019184425088282244,0.0033932003947473774,0.0006564064527566777,0.0022752663067676666,0.009094908285425876,0.00195593542677237,0.0022214277911905443,0.0012884433326205555,0.008480081423622613,0.0022374565770996776,0.002022818816379211,0.0033202990967979027,0.005421738355395978,0.007233625549788569,0.011414595071578056,0.002534600649726803,0.0032866827023643,0.006382073037745522,0.001148324012840784,0.0026338946837305335,0.002739997252192603
0.0027961847282294014,0.002874477706254907,0.004317318673129378,0.0399544181997524,0.029328973154643834,0.04015382560233074,0.01812437554990999,0.6293206429129342,0.060507453499249526,0.006536343526806111,0.007617200395037601,0.033925667720518526,0.0033033596279897002,0.006074947622396522,0.0052898327410085665,0.02424078833264702,0.0027830948673354776,0.004690173218281678,0.0017627369452482,0.007062059459845066,0.0025915613845871226,0.0035808202560726494,0.005445201826014549,0.003688740418298678,0.0172640210940436,0.004996864360778567,0.006918601525049921,0.0034852069521205775,0.011564852299642313,0.0013038121115482556,0.001421470114545514,0.007074973173748177
0.009257124022238123,0.006488040510936678,0.005343275023185778,0.011739404505073244,0.01572164410226792,0.051953335079584446,0.1323100511822656,0.008804363743177824,0.4505712237224778,0.009017109449840778,0.01163960667836961,0.018726774459888365,0.0046693370711802335,0.0016216246093517454,0.0025887276288440115,0.15039545676770744,0.0021166252089318558,0.007707341584877157,0.004098843921533722,0.004104822104960222,0.0015026705414846768,0.006848321519348121,0.011075613465637044,0.005648957839117422,0.020247077561907453,0.008352279521241611,0.003450517974589789,0.0021957028566354695,0.006797795050257268,0.0014633874158925001,0.007880300347632544,0.015662644529562012
0.0015543543210059822,0.0015974088132035076,0.001069057562206782,0.0049667394898102344,0.014514793579611366,0.007802769747263066,0.027308832982809512,0.005487848095258211,0.015747726841468277,0.7497761611211265,0.005121279347785645,0.040451156647155775,0.0022352516456103453,0.0027474376284057555,0.011689470623271766,0.014951876494419267,0.0010502052252839363,0.0008474933875237156,0.0019991038028661775,0.008337944907479689,0.004904777223158777,0.0035136436515489774,0.011928722093672522,0.007476321796060932,0.005355654349002832,0.01117801713627498,0.0025970139168808334,0.006762426025326554,0.020382113649503177,0.0013452090314438555,0.002570348736781,0.002728840126778744
0.0007590507895270221,0.0013797844014759558,0.0034072508656825375,0.0036315742288434765,0.02460378516727781,0.01564699530058432,0.027670184100503065,0.009035636614996175,0.0202152265851215,0.0052712478548444216,0.7099092210581498,0.023085998648526146,0.0042883477572926,0.001332737182660607,0.009163592408476478,0.024282060653320045,0.0011602363385744545,0.0008098448884314396,0.0027111385872540337,0.008829440064057332,0.004055371260709966,0.0047091470715538535,0.012072710271673535,0.006225754915846,0.008779953162765811,0.014854112136230354,0.003215993475194204,0.012745203724555102,0.026950469570973596,0.0022104307957916225,0.0033373357634812664,0.003650164355624322
0.0025305014202829444,0.003871251270107245,0.002828116280043578,0.008957425351791722,0.021456625181915403,0.013335689714949679,0.02662765006996811,0.0089825033672767,0.016190654631928265,0.016776557507045032,0.009654019892855003,0.7064459322182811,0.004345902298987055,0.0012436504069172555,0.004883063811001622,0.025761606602824744,0.0030911352585584087,0.0022768643662670228,0.0027966859764764333,0.0069100788010542,0.003277659604182064,0.002100568023104667,0.008346785387671333,0.006926607576662933,0.013151268749615922,0.04499937620124507,0.004526182505058533,0.004559361281185578,0.005558083185440033,0.0020699851587695195,0.0054422915864961105,0.010075916312035534
0.0018897066339506549,0.0007138603172720888,0.0020581624885269603,0.008324936360865178,0.021851577365771514,0.004979432327040133,0.012335905779975335,0.0032648713002401113,0.006458171314533578,0.009638190755597367,0.0056050869687601776,0.012140816876684245,0.7974695914779395,0.0009350044289791773,0.01708934636692736,0.009011858562954023,0.0010896532672877333,0.0025432871274955094,0.0015579004379531111,0.010122540643826512,0.003750457670871611,0.0039418108863193335,0.012850879921922444,0.006640316733180656,0.005926243137222734,0.008208588709583235,0.004663009869548622,0.010688026756324912,0.0074278049509206205,0.0010256360852908182,0.004213843091443077,0.0015834813847904093
0.001659671289978459,0.0033204942629055808,0.006838301131324899,0.008216123791024644,0.018750402932004577,0.007518436947257167,0.009664007346502445,0.002526259173825611,0.01816260512758393,0.0075910668737847325,0.005155407154871455,0.018215782653929046,0.002218833801090767,0.7735707922751,0.01832287957485275,0.015139053456891335,0.0014006784692174668,0.001839423386610104,0.003678371422406113,0.0074686545354701655,0.0036516102319834667,0.005402244040101467,0.0065394795867599565,0.0019130234172383112,0.007842607981335533,0.006456090938792911,0.0036168804694789555,0.006647331299058272,0.01461705101104581,0.0025808785107993334,0.006686198158701434,0.0027893587480719182
0.0025430117709846,0.0016011869152293178,0.002536956730723311,0.007734834043915976,0.043333559719757414,0.01567681326109512,0.04489781830662777,0.004443907698325755,0.007457509296960211,0.011372337677446465,0.01879357863095077,0.028952906253131246,0.01532431731305413,0.0009806673542216888,0.6815172607482328,0.02307989999955442,0.0011568191978692756,0.002795554063908578,0.0034003859995347225,0.010260996738162501,0.006774247222600456,0.002610621743482911,0.007122062750118622,0.010673715235233333,0.011131213250854635,0.007096117287900531,0.0035435775931574776,0.008963810003924043,0.005678244649959922,0.0009357836484034812,0.004233047920072977,0.003377236974604456
0.006038679841229356,0.003041400873811978,0.0015357979723062162,0.002862267084128778,0.014652032804012878,0.015765587948329964,0.06698120566456618,0.0027914405634107365,0.06329178333953987,0.0033447529058276337,0.0047840963561904225,0.0049593078672511455,0.0019609176128511205,0.00047275560775362525,0.0008699085591307381,0.7583415130114689,0.0007360880040005404,0.0028165908730035665,0.0007528637720209036,0.001554573479270613,0.0006918477485177532,0.0016284736114347722,0.004255407860346099,0.0029973840629310185,0.016917478083343547,0.0025722830927378333,0.0006524696403585333,0.0008173499312583779,0.002939579595817719,0.00043294471324062503,0.002418676682056422,0.006122540837850975
0.010534310147404365,0.0052242097844149675,0.0018641203125572547,0.006214214358212965,0.007289971816465878,0.008261953042314,0.026973297546866684,0.0028994095415109796,0.008648817366650133,0.002742888871450978,0.004818137126706985,0.007423419897979856,0.001514241935360111,0.0009262154311805445,0.002650219033705267,0.026528989627499222,0.7912240799647685,0.014603537939530056,0.002678223390889111,0.0027787983467237776,0.0016557623963596555,0.008728066273324868,0.006736246991541709,0.002735910147958733,0.015791859684476144,0.004683388959054755,0.0020517374219803115,0.005209316550662344,0.0035201018315784336,0.0031165366161222665,0.0013490864871537334,0.008622931157593956
0.010785857740361936,0.005769554788162901,0.0012652044634031182,0.0014967811237438103,0.016281903062471133,0.006849716805256266,0.02938411808808393,0.0035648955462807223,0.015235803752066944,0.0020381262093017447,0.0036650073773397563,0.008250004434499232,0.004216897609434534,0.0014525846947811,0.0024237635128720194,0.027927068978384834,0.012643547720972544,0.6944885647342204,0.0039044419150846563,0.010907044385211367,0.018621509497546745,0.00964141800786262,0.01513284328974182,0.008156754764653957,0.02411771523480013,0.019628175101721247,0.0037071103731628552,0.0032921239767226096,0.004942910681016855,0.0014265979642061114,0.0019820159221225113,0.026799938244508367
0.002323304380248067,0.002057692295094933,0.0013272308444142568,0.006303064548217289,0.008549794332262821,0.01258211293555878,0.015277751896461376,0.0036148398646332447,0.024053604068633612,0.0053889713847183884,0.005810492865116812,0.0154838109104414,0.002881490486854411,0.002093126837884688,0.004561346773699734,0.016479172021565,0.003174526445013814,0.0020524161351199222,0.7235051776064555,0.021746758015915166,0.010051525790755121,0.01386581539921222,0.012832293369616768,0.02451451504851048,0.00737775199800951,0.014011973635640254,0.009124495533314101,0.004669796194447734,0.0070008726965061,0.005577363022490022,0.0080036613344513,0.0037032513287360994
0.0012339180014721669,0.0019125461388125999,0.0011402897888127211,0.004246218115210933,0.010899656089421556,0.008647673828098633,0.015074522141177478,0.008883140461266646,0.01813791811290478,0.0019746636642411827,0.010830620574990044,0.04724626326820284,0.005737876685510317,0.0007135551407437808,0.0016075733163406552,0.009456931114502055,0.0010937363874481052,0.0007162850047431456,0.006892571874097243,0.6538150992328386,0.012725069530912445,0.012048866622269366,0.04891778426072936,0.0075229367558856,0.010629270455283368,0.04401043301835366,0.014690609506489823,0.004199560131651566,0.022745990501296703,0.0034367387469239003,0.005224516357883634,0.003587165171483966
0.0023192732088941443,0.003978155088963167,0.0024169050783275667,0.004481780875913,0.006313345556616046,0.005339621194714155,0.018877332004933977,0.00884030504058322,0.008525802252757078,0.0016973670274030776,0.005459992370529556,0.013057350144564345,0.0015856583754774002,0.0013538296159692335,0.0021683600341305554,0.008406600157862622,0.0033798042110640782,0.0025491247286530995,0.0036550265485709218,0.028855484295775655,0.6669826901136591,0.011664745416843432,0.04451406584011618,0.03970716995420905,0.011011262210231144,0.04886480472308104,0.016256913742644433,0.006197580641447956,0.00721339192100429,0.0023171098575743556,0.003217496335172211,0.008791651432312331
0.005268332228803277,0.0041572336496384105,0.0010623646054938485,0.005657865937349121,0.0051319606608258,0.014351015470403319,0.026073624858794706,0.005604564038659599,0.04215769234545325,0.002869003191948467,0.0036161294753398556,0.007685439762875824,0.0016081399626341117,0.002087724134430578,0.0009496010172303333,0.056242890854634485,0.008925372464605367,0.004881051008944233,0.017526009841107543,0.005640987322228122,0.006007043681119911,0.6919760522321057,0.028659862569472554,0.007571640801273655,0.0103347460058495,0.007125536022344233,0.0033776617239591675,0.003956406459385211,0.0060022332430388,0.002247197788636911,0.0048743298656414415,0.006370286775771403
0.008667484174143366,0.019705847364408367,0.002731065753210211,0.0059371016318522365,0.01610494186687251,0.012072246736723477,0.025368633683904334,0.006956906907616255,0.010604843742368746,0.003115448445291573,0.004776096061370677,0.015515991774560003,0.0029377725453840777,0.001651281386414903,0.003199224447645822,0.037584216414920726,0.0098021318495576,0.003242071630281478,0.01803922614030021,0.007540838991463435,0.007032852703000644,0.007010105942750132,0.689299476111889,0.011386874896321621,0.009049484379514508,0.014418441876218812,0.015953507519656233,0.006869087083689924,0.009184234323959246,0.0015385535092377442,0.005308992726679799,0.007395017378791278
0.0007056028602192846,0.0016877809786296554,0.0014819989361407446,0.001817019813578689,0.005526143574976378,0.004694931868698204,0.01126091461889522,0.003265646452536122,0.0207761065137032,0.0012894292919481667,0.007003416537351683,0.02513367438512607,0.002082301906027,0.000875645787358853,0.0011204852663936667,0.008171378409645123,0.0029770122280174333,0.0011273639870614622,0.006820578562437745,0.019099879543103833,0.03425601140801999,0.008471435891526213,0.021799483405831824,0.6832390772219145,0.0037215202139646558,0.07973760801612975,0.012819756340971602,0.005991514333306445,0.017138543573422278,0.0018716136304300346,0.0016077741441757332,0.0024283502984569004
0.0074225082348007105,0.021512857810423072,0.0014029768287668147,0.002386512566977333,0.009238734264029201,0.008213414241475366,0.0323707253265809,0.0016746560911061446,0.04992468091027599,0.0022764820353204087,0.00338775490985997,0.008599810664159943,0.0017068030550796223,0.0006425915775587751,0.001174036626731235,0.030990304244012737,0.0016186514803195147,0.015440768783779701,0.003204367641453066,0.013381747657026856,0.012185261316753378,0.002837988147316964,0.019638295527438888,0.011944428746286012,0.690871097356703,0.013594271371772545,0.00337640111986171,0.004115882343328579,0.004441642446357878,0.0013556655606681443,0.002052650599462067,0.017016030514312146
0.0030098495523192565,0.004412956660107766,0.0011615576564774446,0.0070168289913558,0.004388865448784045,0.009765932515977934,0.013808221972098876,0.0067288692923222655,0.0206101904789962,0.004456066617119823,0.007690959126347523,0.010009302968036734,0.0027295755123485,0.0007310898052113002,0.001638819437816432,0.01693825627730102,0.0012931186432068224,0.0054552958509817,0.0068079803384992225,0.028526537355859687,0.011492870854829055,0.007164377240814757,0.0094484127837386,0.01871103725305861,0.008127154308826701,0.6986211256085628,0.029388430333245667,0.01570714322840528,0.033022464653762476,0.004157490321327322,0.0031849044389327336,0.003794314473326345
0.001993990864337122,0.004245864112782517,0.002970076628470584,0.003546025245324634,0.005765486568494366,0.005728913469262433,0.019420047616297436,0.0032362772243964555,0.00814861205618942,0.0030094036437650776,0.003258450481747878,0.006274327215927821,0.0017568266891594736,0.00039616090488643586,0.001612414730900612,0.01534102769885441,0.001484612605975161,0.0012550471601745822,0.002037571883312449,0.02610772215339161,0.004815150510578222,0.007727333714150877,0.011352763803628334,0.015232249174585356,0.0072223474675130106,0.05697048766582174,0.7407349849594275,0.007294756663646466,0.019727553746724035,0.0010416369584078772,0.004291969700109645,0.005999906681755557
0.0025089557292940446,0.0021789924180725447,0.001961763001044065,0.005548094448030044,0.008482082979948312,0.012789990652629788,0.01406147609247782,0.006237374117634812,0.004078438522236056,0.013208856526474966,0.010231924609186767,0.0479871933524413,0.007735880805852222,0.0011074566599809234,0.00858181896706701,0.008004345608429433,0.001943028918051044,0.001927864101216173,0.0014943030722604444,0.006607972238876833,0.0030674578076745505,0.002293299689411244,0.0075456062556000115,0.006704044165979665,0.0055863396343017666,0.028369103717773722,0.0018856567502135446,0.7517169680457445,0.015795944807125064,0.0019210514990170248,0.004613156218694601,0.003823558587258515
0.0005509774825122333,0.0011077502543182778,0.0011732287747195126,0.0035639015488900783,0.012055671143871056,0.010024225927922065,0.02458175713370263,0.005158223776341044,0.013130718310722319,0.0034676467951365113,0.008579244183980879,0.01701989705125581,0.0027679320444027335,0.0008386452253904146,0.004043493105370012,0.018671899958501652,0.0025325594551356212,0.0019182289053546217,0.001640917142775633,0.004218273847705236,0.005455501612604978,0.0029504570939653035,0.0053961936041684345,0.023750688686995633,0.009103725638251068,0.010774531328304771,0.027084718330991638,0.03061702321535868,0.7300499736810852,0.0011395901907940665,0.012472244645958745,0.004160159903512277
0.0034830820984393116,0.004324234575929422,0.0023326380361929112,0.002867153508301411,0.004844147239042423,0.004563333777909878,0.008588332330414856,0.003791066620805828,0.009280450029958432,0.006849050897051788,0.014350690226796322,0.007535686415664233,0.0026505414479475664,0.0025502409626357563,0.005217726693036911,0.009721504091209712,0.005006589183392378,0.0016065816671172557,0.008815583290022511,0.01706602753795987,0.007471038998182978,0.005747314246549045,0.008229908158886001,0.004285159045163466,0.0056046571021491865,0.006045874686414845,0.008558747745638935,0.005628152820208567,0.0012078447244589332,0.8117165633404803,0.0059790865270888,0.0040809919749490355
0.001947660454526677,0.0019457417826618602,0.001403792161816417,0.0056356305482397236,0.007559445706849188,0.00968754203600879,0.013764903139355343,0.003566685562280278,0.01094268384785942,0.003994932324632199,0.009104995539949689,0.0318653396196166,0.004239441333804578,0.0008668964626742139,0.005737263586866233,0.012486009387180277,0.0022155250279566,0.0017530870843006998,0.0022791298526184337,0.01327284463287362,0.0025859547740370555,0.0037492252883969163,0.009004281557055079,0.01449814143348148,0.007854785007079444,0.023840371961708063,0.013017875305196167,0.045033305485945495,0.009744053635989866,0.0011103794589660608,0.7208063321230112,0.004485743877061199
0.004719737323388066,0.012124190899672642,0.0017157244058823014,0.005278694793404356,0.006350670237374278,0.005685826490719556,0.013923086135197934,0.0023143258889014484,0.020938470426649466,0.005551340979587056,0.0042959840102922454,0.01234912460939801,0.002166460627296267,0.001270166825852853,0.0015496712731467445,0.011133177925505902,0.004978353308281487,0.008863895542455,0.003710014498850645,0.013606759263260567,0.009280544173181445,0.007092464996560928,0.023656174536385313,0.011172113257452633,0.017655257828473613,0.004985756973151278,0.0058393301985415,0.001509750858385333,0.005283063776475178,0.0010052071904057666,0.0032543035145693776,0.7667403572312995
