0.175825482883721,0.000284018545607069,0.00611291319571108,0.0219856134666375,0.0518855082253356,0.0010940709411569,0.0126967341108895,0.0336143118572722,0.00483417236422854,0.00582364974918888,0.000815161396448508,0.0128567586510964,0.00406297251313618,0.000114108113638169,0.000432288059851774,0.085518857134134,0.0310444222809948,0.0102090188132347,0.000602137403732689,0.0447968130909212,0.0710000056344889,0.0463184978245074,0.218277261643577,0.083412281075168,0.0194762308561058,0.00107414741553668,0.000138893439801084,0.0244579717885613,0.00347912524498135,0.00677200324284048,0.00737747217822695,0.0136070968592686
9.70575068832321e-05,0.304793798268755,0.000820660085544961,0.0155384023694305,0.0116961016195617,0.0204449554855479,0.00641227541463308,0.0212038675228175,0.128641150287565,0.0122486441100743,0.00477944373378492,0.0125672769734491,0.000989952189006253,0.00192606319012653,0.00706781892713327,0.103699196290172,0.000718792996993212,0.00214581021018011,0.00227872622260894,0.0689822014405858,0.0334741586522983,0.0468155047731939,0.0909726695119449,0.0746852492318848,0.00601360910000218,0.00060150396888966,0.00094857730654604,0.00263788788943803,0.00216435243380804,0.00529939368458189,0.00865209784333646,0.00068280075922243
0.011994215514841,0.00515530582864868,0.43301276612165,0.00748217525184915,0.0790280215073764,0.00186713873732171,0.0487845149530812,0.00141062706374628,0.0791397270993493,0.00651261252351438,0.00498202372713248,0.00224883170068895,0.0112943439347935,0.000771952564993568,0.00240276124682073,0.110328021660754,0.00135994033270002,0.00315970597862158,0.000568730742073768,0.0231652099862924,0.0107368938052099,0.00214562882343505,0.0382198707120538,0.0302774047034912,0.0347968110606722,0.00113391652436076,0.000573612523161185,0.00976281822609672,0.00332391329911495,7.36166317617277e-05,1.22939167825345e-05,0.0342745932976116
0.00383076652193483,0.00293630395262119,0.000234123001856435,0.107309215509845,0.0173010744942859,0.000923302001022003,0.00195176805838577,0.339484024287139,0.00243864892843042,0.240178379122908,0.118615644637149,0.00144936599690076,0.00549142789287934,0.00207592078466229,0.0119926731035529,0.00122464345222764,0.00255445739497727,0.000299388372203353,0.0052688294948953,0.0116568710855154,0.0143223118601381,0.0137114920994805,0.0388601217824285,0.01520383171607,0.00664118286635311,0.0099087327347354,0.00997385226881139,0.00521197452885617,0.00321644387336389,0.00172549718013716,0.00231376268134909,0.00169396831488359
0.00108925642831217,0.00220885934050053,0.00157701116923353,0.0103613978901216,0.593889102616983,0.00531893721839029,0.00330624983730333,0.0516762893218253,0.0511468755020918,0.0129342111169797,0.0135620438514704,0.00021381983188272,0.00881555510291318,0.0111875895068662,0.0143234817318069,0.118855724701608,0.000403123405836188,0.00487208356141506,0.0021337413042768,0.00811326405016763,0.00419476957066576,0.00349398671897064,0.0279743999467195,0.00288640545251021,0.0071082659509822,0.00876430150606778,0.00364247076292546,0.00552109984278295,0.00383618877132767,0.000148469470280233,0.0161779216067986,0.000263102909983958
0.00183451913719452,0.000600400962395454,0.00275208124103122,0.132152483493234,0.0199299500045633,0.226974963728554,0.00741160714263686,0.181893034686821,0.0151463589472048,0.0609287495313147,0.0441436799871223,0.00223712547201044,0.000272832895822351,0.000465019291132985,0.00188742501531606,0.0199264542752443,0.00209184096826368,0.000147369495824217,0.000755234142669311,0.0212683395547538,0.0657900915105412,0.0286136792002708,0.123750175993102,0.0201219936630064,0.000878541500075916,0.000973693040402564,0.00261500757476083,0.00214291736353593,0.000356179325378951,0.00114802366335349,0.00478372187760859,0.00600650531485362
0.00133314217151504,0.00457227329613973,5.96716523305002e-05,0.135961061326831,0.0491952809297852,0.00816027319380612,0.351969783486243,0.140858019192282,0.0547665357308625,0.0222710684960069,0.00194238639504626,0.000199354413752881,0.0148875126606872,0.0065113482535214,0.0314510255294701,0.00561063249854205,0.00341703000304926,0.00394500962910516,0.00259348614735696,0.0146505393584276,0.00269048651738714,0.0104390914444296,0.0375818037997641,0.0395925034172058,0.000803105606533602,0.0108246017427027,0.00399290733955722,0.00262488855084558,0.00159710843454225,0.000542565126792927,0.015671097652474,0.0192844060030042
0.00262480678219608,0.00253270374778965,1.20479637461912e-05,0.166022436819343,0.0117623200573035,0.000643066652732058,0.00173334738946079,0.494436521197316,0.000354147641600526,0.123167255984984,0.0820299855582217,0.00140052562702136,0.0032314841208667,0.00139599216380574,0.00829186642624183,0.00227720224266648,0.00206667182207747,7.93170882423236e-05,0.00287024921350476,0.000779218086996137,0.0145103852686065,0.0154364803767887,0.0307943615870131,0.00327301858247076,0.00650556019890481,0.00489450517330117,0.00619583035876341,0.00690633653003363,0.0014684765708075,0.000683671406736876,0.000751351316740344,0.000868856043717566
0.00277602468645924,0.00187623984454132,0.00292111235473425,0.0267389176311987,0.0202786369993395,0.000303996759313761,0.0278845560828815,0.0156354870280089,0.492573760725809,0.00593567537557625,0.00174954247068532,0.00448711744131594,0.000681662794645438,0.00131521121102621,0.000363039843085265,0.0539399284220435,0.00568910843994568,0.00169863026558416,0.00151556016919287,0.105504704598666,0.0214557894944371,0.0190503989045166,0.0359968253284418,0.129543859431816,0.000536505076227963,0.0011275466373411,0.000934016707390018,0.00347666500797418,0.000308868503543959,0.00235650517897318,0.00528563909945514,0.00605846748582985
0.000685253181636227,0.000202167226959388,8.17653118452097e-06,0.211119925852517,0.00746066443440924,0.00527681027577737,0.000940579426981329,0.172594911883091,0.00700434786908728,0.428613801888098,0.0511019517033585,4.66129043512732e-05,0.00342094633207255,0.00285764852322504,0.0079959573258557,0.000944872272145374,0.000615405482641131,0.000323485745145197,0.00261619457033684,0.0176335027754065,0.00589744209241447,0.00561054227362749,0.0193764696645776,0.0196443950721599,0.00411755877996492,0.00705432732286242,0.00405671942091573,0.00567271305166278,0.00254577458195971,0.00156559723643516,0.00274084025454349,0.000254404044597412
3.2907426473492e-05,0.000683816080206556,0.000277391530935773,0.303701381234052,0.00403989531210681,0.00475955418598943,0.00307894980845067,0.194525524962073,0.000892822028804722,0.281694297900731,0.0645670984064044,0.00259237080941588,0.00387888934158348,0.00420743743338993,0.00586386325288382,0.000377616084856899,0.000346988856584592,0.000792777970993311,0.00335850040303773,0.0103870969456812,0.012203852451376,0.00136404178064879,0.0199389340894625,0.0173499931023358,0.00790756045102927,0.00840924445329805,0.000970061210110782,0.0173853165163911,0.00688704956121602,0.0031808828401172,0.00927318075588957,0.00507070281347066
0.000310012035453894,0.00129614826171028,0.000451427755789571,0.156118477356556,0.0177094341314005,0.0132580988220014,0.00355669619053107,0.105287289399364,0.022913555679318,0.20669817241898,0.029249527624197,0.253630198591054,0.00265425615198911,0.00195049530910833,0.0360868440784379,0.0177272799523451,0.000180344420943952,0.000749722058085957,0.00361609338088451,0.0149109306623718,0.000294996120566225,0.00587545422853789,0.0255584018823808,0.00423601055465227,0.00106519532369529,0.0146831131888363,0.0024309680284269,0.0086234106104031,0.000744917810754335,0.00690593960215974,0.040606680973625,0.000619907395439603
0.000337803933021238,0.00340435999959196,0.000939931871975957,0.105337726692626,0.00369599516390151,0.00387031086916374,0.0252596434794864,0.0725126607071143,0.0539739774092682,0.111165877457051,0.0219471348616259,0.00101958440068051,0.247247680345142,0.00107558737731494,0.0195147801036533,0.0511089084867033,0.000369155278866281,0.0032837932302986,0.00334519114816743,0.0614948294742707,0.0293542632823188,0.00816196850419569,0.0465236098507943,0.0909479803750532,0.000597300814785513,0.00679274163347559,0.000745951746668419,0.000719299332197181,0.00328693426730657,0.00407909748962009,0.0131973881254801,0.00468853228818132
0.00169803250235466,0.00200093959730411,0.00191860641232201,0.157919732478811,0.019210335231842,0.0277690313236366,0.0088946388783528,0.209328741167123,0.00104334654401646,0.0305347779403404,0.0228083455425714,0.00227848927601153,0.0172925610492574,0.342087391819967,0.0103956067673404,0.0129192055518194,0.00146249549754456,0.000746019051851536,0.00104851225286421,0.00421730925609984,0.0231645148509313,0.0151334276263518,0.0624639506817716,0.00257243812611935,0.00983299066504824,0.00217024756545952,0.000170919634804889,0.00354510230688407,0.00063658677033472,0.00194230393515186,0.000539591883034877,0.00225380781267777
0.000171645700499458,0.000943337972008096,0.00125553156769572,0.13334391283047,0.0204259996865538,0.00477290525565129,0.0361145317219529,0.129451234973689,0.0186628835146962,0.0803126907339706,0.0629797761978762,5.78131431886945e-05,0.00115440486909955,0.00435349698751207,0.246435136334553,0.0436961266724532,0.000271471177715268,0.000923463579112085,0.000113986095579872,0.00924474335473788,0.0430535184553423,0.0218935979900847,0.0567990539387186,0.0229704100725145,0.0159587427595704,0.00198204173980171,0.00957670358496499,0.0185862622612866,0.00632324937627894,0.00294915169018355,0.00188904304864829,0.00333313271359062
0.000898105773588523,0.0014508680306184,0.00105342611613729,0.0965995826020512,0.0240749927020494,0.000379258217757282,0.062265688851266,0.0548025606542298,0.226229185686289,0.0279660224719009,0.00216242512828347,0.00912595388926299,0.000718148934513189,0.00106964187662817,0.00623871707452252,0.0487654520862304,0.0115648541227824,0.00208048926086903,0.00437147148472425,0.118512700694222,0.00656068762803683,0.0027028604774316,0.0302126092292708,0.196370318198558,0.00195432283366115,0.00648561410287107,0.00135582175517812,0.0247650732915992,0.00361450908916977,0.00405634158885046,0.0111437714434539,0.0104485247039918
0.000123333995964485,0.000769775474195691,0.00132501170509244,0.0302126957233249,0.0501883221394084,0.000770041376281827,0.0413429506217037,0.0169253673096185,0.00246913888537051,0.0125126417564589,0.000663844589111447,0.00723895943575715,0.00370312328031507,0.000208529504500456,0.00072543262271437,0.0709784029737343,0.125661248947542,0.00855076687937851,0.000172652589633039,0.0961799633857176,0.0734084243069434,0.0675593046233164,0.216983152730509,0.116064143798987,0.0215730812232422,0.000221554098623166,0.000150950201175251,0.00988267525317866,0.0011820355436635,0.00323317444884001,0.00181454782931871,0.0172047527463793
0.00321806764392183,0.00116292815128521,9.25907595191353e-05,0.036312727938893,0.0519498969780659,0.00119025432843223,0.0311696166665449,0.0139124999011215,0.00923547890643377,0.0225550896859528,0.00150541735236425,0.0116558790815161,0.00125491673058535,0.00103070641008756,0.00270901603104698,0.0187761716895564,0.00198460312674206,0.304243122423193,0.00424148234282017,0.0878362294413448,0.0472203081445014,0.048435163948782,0.163465835862563,0.0669947185422071,0.00247554474734847,0.0235084849291262,0.0049159159359955,0.0143373378875684,0.00161577550128194,0.00788513284880143,0.0119896525620238,0.00111943350037433
0.00187942948674414,0.000953550343966908,0.00476507198099128,0.000710059662646117,0.0244889475206098,0.00580053226397015,0.0092675453916726,0.00675999188120469,0.0568304682767898,0.0174571938820684,0.00686888666584728,0.00332298478982487,0.00912290425028392,0.000656645105201561,0.0161011310697769,0.0480239980656084,0.00769348398343117,0.00641191385355185,0.606162185243561,0.0021864397965321,0.0573695215833771,0.00364301019491045,0.0197686685242824,0.0149892251759204,0.00872513516005275,0.0126045740917238,0.00484062713129411,0.00852798092307828,0.002627123679764,0.00144288809808683,0.00599171394319529,0.0240061679800314
0.00223621532620448,0.00304528150867291,0.000613056985021784,0.0013869670131811,0.00552438764594836,0.00569944512056686,0.00649506299983577,0.00450957069245103,0.0279674896555703,0.00558868163565895,9.66194907519168e-05,0.00157215976257675,0.00128846033228844,5.24423723300532e-05,0.0106807977839084,0.025447624528873,0.00353859752679718,0.0027647406285047,0.00182562546792592,0.642145400115317,0.0235520033749333,0.024662253819387,0.0562483920150499,0.0922943811890791,0.00247646129978681,0.0229337338855249,0.00136473233111483,0.00725979899510083,0.0041647573616186,0.00615510000689698,0.0012738356581376,0.00513592347098526
0.00537417052888435,0.000205151702993191,0.00114039988810769,0.0190264645846092,0.00542793925408098,0.00127375799236835,0.0176632321968311,0.00219748072343955,0.0724000257248658,0.0342449518158783,0.00207279720498331,0.00140158863879478,6.97804973213162e-05,0.000657664921897031,0.00581486586677883,0.0652403750732938,0.00920933761716109,0.00274931787810288,0.00183376264061528,0.0215182929416988,0.14016127240968,0.0910460172534703,0.432956197531661,0.0023788007309437,0.00240336312009115,0.00327307208954041,0.0236156999876598,0.0142616356765762,0.00265025190368303,0.00614874737894708,0.00769351779281451,0.00389006643222703
0.000505995744514178,1.02591897779582e-05,0.00407255596944202,0.0893417836134661,0.0020339892984629,0.00280782253364947,0.00796633833088165,0.0271681368231673,0.0292057164523885,0.079502363858618,0.0102675299106397,0.00121326408677908,0.00471452546194264,0.000555292788126738,0.00891502823269705,0.0226782938556183,0.00149002507897984,0.0041738309680641,1.09006814270636e-05,0.153333576819833,0.00552881764506737,0.385425513190433,0.0300349144640306,0.0629658788779858,0.0302540393520314,0.0155744659213012,0.00028073300368416,0.00217518338050015,0.000909200961346812,0.00128583223318228,0.000857424492592083,0.0147407667793702
0.0025396937433488,0.000151265912312302,0.00321940646647451,0.0646491138837551,0.00425411747842847,0.00290960828492615,0.0119973347255639,0.0182926029618211,0.00468730253958227,0.068905314607539,0.0101118933845201,0.00121330604530275,0.00132519859380167,0.00146160700898827,0.00622357885227949,0.00278593134319023,0.0039376078889766,0.00267982381041616,0.000582138329316107,0.0610967390254042,0.00917013639534759,0.000371957172663004,0.639810504282244,0.0170433329690516,0.0143321085252381,0.00857169751404562,0.00733118542917154,0.00868333497370896,0.00119175953393709,0.00305206754555385,0.000831245514641366,0.0165870852584504
0.0022844562758388,0.00692496204372214,0.000586720670533673,0.00275037689835268,0.0236325318067756,0.00786492341896822,0.0282862107235791,0.00713795704073458,0.0386485633220521,0.00999211970418724,0.000300410758989017,0.00408169090282476,0.000968677448017893,0.000125631433036596,0.0138403596271003,0.0508796462271845,0.00391638405502371,0.00297067577113601,0.00438876687215471,0.459233536361396,0.0249191477673659,0.0279517025689203,0.0516679410419003,0.151462593547785,0.00746142186486506,0.023838285791264,0.00343847227063507,0.0152007386213156,0.00662317846590595,0.0114653589788155,0.00296432457073462,0.00419223314888517
0.00417117422195574,0.0073803061649441,0.000371508481474673,0.00715299065039858,0.0926653180176337,0.000866724711116526,0.0268794729090368,0.00218689059818818,0.00798807239295132,0.00476735619976905,0.00623253723198431,0.0274236021298413,0.00531226888795024,0.00380150559331049,0.00135770026978858,0.032576265422995,0.00182143844156394,0.0484825734543675,0.00539748173410187,0.0608963953185337,0.0203341739210271,0.0570963236509141,0.133193384013143,0.0280612853264759,0.267398981197311,0.0284381390301701,0.0113924560455162,0.0551409061138307,0.00488384233802244,0.0130191792562971,0.0305376538433317,0.00277209243205556
0.00131376486230905,0.000522046336352802,0.00129229051102028,0.0385389769633884,0.000652629864865804,0.00410360287582957,0.00401525072975745,0.0370471513286077,0.048876439684861,0.0249473001805682,0.00529817410945719,0.000660929123155332,0.00378663521921131,3.07225337854181e-05,0.0294842872802028,0.0147525027899801,0.000698161621969125,0.000851977083321002,0.000972971733969233,0.0626494829037434,0.0302109537115167,0.0030577507860772,0.0360220083775443,0.0409523001335651,0.00172143742032232,0.554702777831324,0.0217840465329449,0.0127876707049032,0.00741951622445621,0.0051602072274318,0.00418557894653101,0.00150045436702845
0.00114144974632066,0.00109084831521902,0.000591113156127237,0.0718741950145955,0.00179652047145342,0.00149459511555886,0.00340389533108936,0.0728243767338442,0.0424668521481488,0.0290423989032153,0.00633713520621785,0.000487338493723735,0.00178781633580905,0.000371503403242871,0.0340881499642229,0.0146975908345608,0.000665963949270932,0.00379382436241429,0.000147277626361334,0.179681659298523,0.0301733480963316,0.0152457526864299,0.00935013666266036,0.0863510875272261,0.00627667920081098,0.103471907213855,0.218724649744401,0.0191640600333169,0.00920698282960654,0.00368846760682601,0.0231957061938774,0.00736671779473975
0.00130859337693481,0.00110598363013117,0.000120823318725055,0.174626125987811,0.00544994382668516,0.00356160529306494,0.00998248537998217,0.0912904227871985,0.0600248384386413,0.130917878281796,0.0116995850438074,0.00412828600403124,0.00896172325228787,0.00239166185074897,0.0122158887744047,0.016858578997496,0.000372341449253564,0.000110613703796906,0.00177098546654929,0.0498684080169046,0.00797597816819015,0.00360818317485271,0.0361164950388269,0.0363329335671966,0.00381332930769417,3.53554645519672e-07,0.00268058263684128,0.292799136804846,0.0077442289154604,0.0157423733808195,0.00396769643114366,0.00245193613923332
0.00504903242774925,0.0122541826336206,0.00283703084961683,0.0153788731347168,0.0432544815018292,0.00379693718021015,0.0175262261694885,0.0206106418528657,0.00960260878052242,0.0123407669817103,0.0148987106686814,0.000377484336888618,0.00805720477287091,0.0010083665927412,0.0214412334400234,0.0560356590128014,0.000729587142663514,0.000300306867834341,0.000852719251281207,0.0199202063104659,0.000435180188882888,0.00769479303050646,0.00114299807080307,0.0170544956632009,0.0743481292898416,0.0239203307470257,0.0037549925887748,0.00243226886679203,0.54294853884727,0.0262163794177702,0.0193787927288517,0.0144008406516987
0.000148260653182133,0.000227005170436937,0.000191670677501146,0.163973967713265,0.00196187885592359,0.00616887244654176,0.00933313338409247,0.0747902872583276,0.000566579449219386,0.0639493249698405,0.00809155160279774,0.00430880757455096,0.000752598542185411,0.00192548280435756,0.0103744303385448,0.00113569629400792,0.0032353223534036,0.00631278584611998,0.000653384878133005,0.0463627931727614,0.000151833269282794,0.00149137512554755,0.00302999750917754,0.0185501946040854,0.00134588381991029,0.0174317888669757,0.00381451195730695,0.000212013877272331,0.0038752186431138,0.527856749191293,0.0173518676568176,0.000424731494024045
0.00219995627395677,0.00130316297752765,0.00070515493281322,0.0339780681387253,0.00128346046591429,0.011570719243419,0.000819975663722877,0.0278784897546656,0.00812326472835486,0.0203595715345059,0.00679120078393883,0.000489939565483873,0.00504844018700123,0.001136176302417,0.00759268828270576,0.000435511105118538,0.000337367218075686,0.0036872444747317,0.00143309274101346,0.0565967651798967,0.00180848147386305,0.0017891919616716,0.00364402628339146,0.0256948712639521,0.00580146572343232,0.0460203604479337,0.00601690666126559,5.64247391818782e-05,0.00530477120725519,0.00257740719890326,0.707978016685765,0.00153782679939682
0.00114584384344003,0.00226857929771519,0.00152079697762667,0.0755659272921842,0.0935831391810834,0.00129407458714624,0.0740328640526887,0.0226389244035765,0.0107348340729126,0.0518085801171508,0.00441973089615585,0.0104428592791384,0.0104527535684717,0.00193579165091536,0.00660869334861793,0.038237191804416,0.00239614390387085,0.0183476746487575,0.00130317375878352,0.0161830704955359,0.0450492357210677,0.14369925289068,0.13822162925465,0.0399043520963202,0.00154150798332189,0.00718169067956396,0.0019459377421908,0.0107862728540612,0.000717473628064119,0.00346508135136026,0.00817317300959228,0.154393745608941
