0.385208290724397,0.0291025880931311,0.00347912015257301,0.0355418869665856,0.143365626390896,0.000590434260055715,0.180176792023305,0.100443999429601,0.00675030212734798,0.0029996570786842,0.00308248120775656,0.000753010975551344,0.00188898691898289,0.000572401151552826,0.00239388759031811,0.00328112682294543,0.00285341540463545,0.00300992004843264,0.00227012279112489,0.00265667039144329,0.00794428023574787,0.000634828928020038,0.000729526752742536,0.00321838256631483,0.00133936288685879,0.0204473302853858,0.0247308725384247,0.000957900407054795,0.000837688264342447,0.00204306770141731,0.0167918872554134,0.00990415162895787
0.00506604445740835,0.334755210060433,0.000937603645371204,0.00137568058556035,0.195621410625932,2.8577613908139e-05,0.298425557924,0.0168439302781803,0.00908011569283924,0.00250073503445541,0.000276792122130106,0.00333135893672157,0.00173928582174703,0.00101930926194828,0.00289246235247521,0.00690041093991757,0.00224095974193011,0.00619579893362227,0.000564920030702276,0.00319614113680113,0.00694158184606024,0.00160359458364046,0.0406941735897925,0.0142253191077729,7.63267759093485e-05,0.00958217977126693,0.0129884390959144,0.00632120659720489,0.00118130868461692,0.000693627096693134,0.00770422462460527,0.00499571303043893
0.00456673421038709,0.000343714028206096,0.278204113845488,0.0134675811721702,0.333940978701576,0.0262276806831274,0.198384474795752,0.0616021366026973,0.00218188543341793,0.00309619477043094,0.00252751405164495,0.0111582793480821,0.000744364329352506,0.00116003995539238,0.00712040464894441,0.0173178102964061,0.000140336069657867,0.000609510183536576,0.00162215171429753,0.000434059347418205,0.000391874954488373,0.00804792545423888,0.00219647120661904,0.000974779633523789,0.000979807955233797,0.00338460318252777,0.000371169829150683,0.015709593679916,0.000196237912433497,0.00082717801277591,0.00141526582595235,0.000655128165154443
0.00722655895619759,0.000402878672639978,0.00478365683472402,0.233538846838012,0.0309666044776838,0.00956897366430424,0.0547828137590591,0.237634395682618,0.0084255025723577,0.141542910774477,0.113776281589273,0.00515024078208578,0.00245798963389223,0.000661952198089513,0.00167358779689923,0.0064560597214606,0.00115321411839689,0.000914469377485138,0.000912455470774797,0.0214378506252569,0.0104161551308375,0.00177350787509987,0.0127194329251207,0.0410420133023006,0.0157174620454819,0.000929659920067385,4.65316384073909e-05,0.0103673222948365,0.00811542511857665,0.00264704465047522,0.000507152231620001,0.0122510493214889
0.00119191035121679,0.000490180203418197,0.000843202992333481,0.0103063471372204,0.753258476974685,0.0060858658998726,0.118913992068879,0.0342420727982283,0.00273961493291544,0.0079796062999832,0.00917717304540017,0.00383272054127914,0.00681442700166301,0.000603233474057381,0.00500677507117837,0.00462105880882644,0.00583351541144805,8.9194678406158e-05,0.00105827613029937,0.00221625270226046,0.000799757827432046,0.00154748453946184,0.00186803720293333,0.00185973108141849,0.0005713918704226,0.00230705728113134,0.00132012177158434,0.0006914329047463,0.00382170672101984,0.000426752142638681,0.00546923041069351,0.0040133997229471
0.00176247681768866,0.0104258436066182,0.00286977895959508,0.0176448118126185,0.204347321316545,0.480951778553565,0.129512623039424,0.00452592264142049,0.00163649746010095,0.0143910531412343,0.00407292385687693,0.013625978181868,0.0216638489348172,0.00394808269387111,0.0124711040247207,0.0054775870955515,0.00915680474994017,0.000244929442377805,0.00243615998584901,0.00856600706650552,0.00236418718192817,0.000877310328115787,0.0032324638052633,0.0156964399941485,0.0105186010350172,0.00209361251362089,0.00339981486575413,0.000988566871932994,0.00388049764347039,0.0010212175774734,0.00108163711454845,0.00511411768753889
0.00125813642628983,0.000158219653277386,0.00442509519676827,0.0834021037724493,0.445366692687497,0.00862131526783293,0.0178726167180898,0.209582797109699,0.0205508911049934,0.006947327440802,0.0557467554711609,0.012944902285057,0.00542142059425681,0.00259317758346675,0.00477775800880261,0.00520950479631182,0.0132300637233913,0.000256882880435412,0.00224579665005523,0.000928552699023669,0.00260077469224976,0.00952838768338039,0.00943764246772411,0.00329109146527693,0.00011022458163705,0.0191735144112368,0.0113940389132548,0.00354894510208628,0.0112300227774184,0.000820764506326766,0.00908172022874962,0.0182428631009986
0.00720891696398878,0.000337239059483929,0.000779601082196221,0.0912249832900011,0.0103259001101188,0.000704159246785722,0.011125294986896,0.669637143206211,0.00552160845395794,0.0755527808423397,0.0475174637045136,0.000473390868456111,0.00128353114208814,0.00251756014623061,0.000617370053369624,0.00277450568794542,0.000545039406944516,0.000703261347038447,2.54554570302104e-05,0.0110024768599987,0.00680767097942842,0.00128320541793644,0.00814882800733292,0.0209802838612432,0.00741337783347631,0.00460404054383129,0.000587513784144278,0.000796365067582267,0.001230331461475,5.64500824532425e-05,0.00146032645143913,0.00675392459406292
0.00488713928238937,0.00604314270070962,0.00157319532647651,0.0507189687633789,0.0996422960218942,0.0133906003288908,0.0650320242308288,0.0631627667434354,0.429815683740055,0.00611560155898214,0.0154331253386342,0.00169265026902921,0.00252045526423694,0.00653607667980422,0.00453663855301397,0.00520284550653964,0.000536891181008855,0.00156128984924701,0.00380000148672361,0.0166323402779098,0.00628466986896247,0.0588055832245143,0.00906391332020194,0.00642415706805197,0.0340142268060029,0.024798636766969,0.0319132519093358,0.00688599815004072,0.00813489396985978,0.000570932021997511,0.00506955731317547,0.00920044647769959
0.00284406562375667,0.00612716180121474,8.23006362793969e-05,0.00673142267207808,0.0577393643564141,0.00954156606241863,0.0189165701303812,0.000489826434313021,0.000348400746775062,0.823509259880401,0.0216842099753439,0.000415044135705266,0.00257788089803396,0.000469510156936825,0.000958985664534817,0.00377865580630952,0.00277123839244831,0.000567080462659585,0.000450967376915004,0.00123618560719867,0.00491969626998157,0.0110191719855415,0.00280066527207607,0.00253716776736663,0.00497541659034831,0.000276005981001314,0.000551345401940715,0.00314909806600758,0.000688952307532263,0.00166712016397527,0.00286280405705727,0.00331285931705364
2.88734962045115e-05,0.00133280902595626,0.00115987841393397,0.00238296753676165,0.0944334414881692,0.00384909295568815,0.0425870560688584,0.0147907132141709,0.00844031836655658,0.0619863074460131,0.677574671846607,0.000396412289673659,0.00786684827037217,0.000241790750335009,0.00315305035107626,0.000775783066924679,0.00381580011554633,0.000332018551371244,0.000187680215288545,0.00170625164558357,3.0634681225717e-05,0.0050759510319607,0.000601786017220144,0.00393092915067911,0.00407505761818387,0.00426179822265125,0.0168503484975831,0.00425479707340811,0.0141443024539397,0.000833408899173829,0.0179548873052251,0.000944333933657394
0.00130729840384687,0.0137836844566511,0.000884413338404228,0.0240123261599053,0.0361188530160526,0.0185509339672764,0.0367074385627592,0.053536619481139,0.00367240043528607,0.0227928380876922,0.00199822076325623,0.45680287225571,0.00683891399821272,0.00137809308318367,0.00305230465481087,0.0133636292408565,0.000345282594016633,0.00096725500069861,0.0108427554134505,0.0377685856977453,0.0134187740000416,0.00168441212465326,0.000644033807679258,0.0578377838579228,0.024271487259285,0.0162414549528721,0.0467132588309526,0.0321346794703389,0.00403469711858133,0.000591560392202788,0.0576267042083277,7.64353661890747e-05
5.23268801413334e-05,0.0206203960192157,3.77844694257372e-05,0.0103528270163501,0.0131170176053557,0.0107755989287131,0.00972636958978631,0.0340014587784608,0.00672711043486513,0.104763261602196,0.0613202382367412,0.0363754009297117,0.480743286224114,0.00298229458265875,0.0205303099416911,0.00232413315000944,0.000597872263382478,0.00255686885052939,0.000493094621667926,0.0279422912954059,0.010886804331186,0.000761502043315648,0.0166279886344329,0.0212858013682786,0.0159998267875961,0.013990767033114,0.0276154607752898,0.0297863714939857,0.00178020404242738,0.000699503626394836,0.0144261173129645,9.97111305921141e-05
0.000790013104238234,0.00180809884824453,0.000548275425188372,0.000943824614697324,0.0488356846069694,0.0137384148977097,0.0241916748699178,0.0164811192946551,0.000810893813741359,0.0287910558109209,0.00186474149165867,0.00615273138825545,0.00788716560290677,0.731755209380105,0.00783861005052811,0.00341623619723639,0.000985735544259764,0.00135993497003822,0.00280009700249993,0.0168933150226601,0.000494860587181876,0.00299754083120611,0.00047215885594307,0.0159216715491183,0.0024655665013141,0.00672234767006509,0.00323832623702229,0.000920143559690186,0.00549432968404014,0.0112235887375652,0.0275687384705315,0.00458789537989111
0.000131615079017101,0.0113070067196476,0.00036273189778377,0.000933727204561808,0.0256224110333878,0.0122185614644156,0.0329336313464113,0.0466903359491133,0.00357220030528597,0.0205360984082944,0.0182686308637602,0.00370042446066182,0.00372985003697047,0.000761196068773195,0.681744606638751,0.000720253162552928,0.00173464492663237,0.00133841302560124,0.000262462664792051,0.0151453189760454,0.00426735594998581,0.00360185113751332,0.0169742071538587,0.00505740109055788,0.0187910906815014,0.00796461327380161,0.0157639016774855,0.0061351651410437,0.0015823777800416,0.00156859643327623,0.0349599896445008,0.00161932980397398
0.00167525404350066,0.0010770599006711,0.000618182000401669,0.0243541495361792,0.3410624587627,0.0814667242127649,0.158748311060007,0.101010314547432,0.0023855699272214,0.00513900683167072,0.0142415308984497,0.00975773936877561,0.00037599756744137,0.00132256043155139,0.00182880735594523,0.234371007712146,7.38285625859458e-05,0.00381618718431046,0.000179083949623369,0.000337227715735147,0.00192426284410504,0.00200189323750047,0.00453554251488014,0.000998961331057119,3.80898570743887e-05,0.00245076622126212,0.000291034937759309,0.00214834928172979,0.000452489760807133,6.51452632144925e-06,0.00128629787380425,2.47960445863779e-05
0.000519550341275404,0.0326225672711815,0.00145400356258796,0.0321296633489011,0.156349264279559,0.00721504043323107,0.0386940931526373,0.0845913431087256,0.00716512459179784,0.000703986611206503,0.00921608441489915,0.0100064143617037,0.00215004881820045,0.000628201653437204,0.00363564267257736,0.0154158913004343,0.468587065359133,0.0236738367467544,5.71516202093068e-06,0.0325037882816506,0.00498830560547494,0.00473805880127883,0.0289510778501705,0.0230220176174237,1.62153971822428e-05,0.00262501985798167,0.0011101396963814,0.0020546578804731,0.00186531276157767,0.000565101942965664,0.00146202169933043,0.00133474541784491
0.000366569875569836,0.00351778715812208,0.000169989326416339,0.00202020197596289,0.00185909095029522,0.00227228767213514,0.0341095994459483,0.00494150347346216,0.00233469619600948,0.0185772643812516,0.00579316070174371,0.00110093009256796,0.00208050615802176,0.00112620836111073,0.0021567305536913,0.00517694184628129,0.00308820153957576,0.671939833033794,0.00964053370767399,0.122646931481433,0.00190359029634795,0.00184279119379825,0.024881001411158,0.0434474324200988,0.00328833162158587,0.00185909966174946,0.00202166741067058,0.000601719269430604,0.00451645682735779,0.00173241607231152,0.0126445885059133,0.00634193737851152
0.00435287511515853,0.00484132172976006,0.0017869287722868,7.26270564936481e-05,0.0741428023706906,0.00614882542727159,0.0595928942972947,0.000522839546424827,0.0139552419169845,0.000389400566585421,0.000380646481796855,0.00774633642816877,0.00617573928497321,0.003624238539535,0.00888890552717994,0.00825094607189146,0.0177233551997221,0.0162542526588505,0.652557940140986,0.00866111349600964,0.00136064861010776,0.0108017393622632,0.0160654153147947,0.00540642234581948,0.00121646124867241,0.0266268415683338,0.00602071284813437,0.00788003479722974,0.00335674299152918,0.00845783736010721,0.0151680374143376,0.00156987551060685
0.00446904736531149,0.00434049081156033,0.000721462766511452,0.00378900746413999,0.0595925497652832,0.0164646543820388,0.0437999472484811,0.0249199742669808,0.00920325209688325,0.0120798892372671,0.0047050007021602,0.00599142375584087,0.00193085567607852,0.00138271120628989,0.00543451263248295,0.00422219253636272,0.0127778488108328,0.00508178878617297,0.000765286944691082,0.68742193662618,0.0115099957377333,0.00482222384528838,0.00847793987638144,0.0181454887491099,0.019514213157126,0.00119188129218769,0.00161713783181038,0.0103645789994577,0.000685081844522442,0.00152532402209142,0.0126949535965185,0.000357347966223863
0.00115651837745293,0.0031028857632178,0.00435659954274685,0.00397161201507355,0.104722011516708,0.000125754115533617,0.0642829136376549,0.016466375234464,0.006044139248877,0.00499577744855565,0.00137020840195913,7.69576203891949e-05,0.00955951389937391,0.000316236570450602,0.00462336343717309,0.00304618618035292,0.00818671083754398,0.0018789608455708,0.00024724273181841,0.0633672877739005,0.572473646533804,0.0356536569056808,0.000173628627402007,0.0432891019758644,0.0162961930689092,0.00123509501909966,0.00345006643508798,0.00176144379584576,0.00493769257741905,0.00184752741875311,0.00925986810255698,0.00772482434076049
0.00902162736232966,0.000261352528936367,0.0100874776063756,0.00213298439016689,0.154642084633271,0.00135635822323884,0.112493108910029,0.0149872426448622,0.00146412247447388,0.000168876283924735,0.000809008251981256,0.0119637835944301,0.0226370233248104,0.00112294640492529,0.00405526417567245,0.0277475730945696,0.00252705607654422,0.0196023090344648,0.00158281859038097,0.0107856923701372,0.103213366269502,0.280727026733488,0.0558267632627974,0.00850515871812607,0.000570452307902302,0.00201559006564444,0.00678368861553781,0.0506690663776381,0.00710034870796571,0.00719052261587583,0.00841907597578036,0.0595302303742173
0.00835003722472331,0.00119499720331008,0.00659081832081089,0.0143808526134449,0.102668531080615,0.00216986985757521,0.0971763943802953,0.0204060626521621,0.00868477705069187,0.00883229908957502,0.00242814462370251,0.00361146206130917,0.0190029449038157,0.00068389369597416,0.00366517292484396,0.0188858197994462,0.00195738663087367,0.00672802736629294,0.00136230707028995,0.0283202366429206,0.0765370597953604,0.00194859754752836,0.467757031247521,0.0174437661667721,0.00257449564661474,0.00202568994284168,0.0107931144833171,0.0140164447342372,0.00236881231400311,0.00405171789966222,0.0067751080515573,0.0366081269779124
0.00482968700415892,0.00502043053650821,0.000224484879615824,0.00547668208148139,0.0536369731611884,0.024965156482771,0.0447896892210984,0.0269570215759042,0.0116655400196567,0.0225274665441871,0.00716100798082868,0.00747085106628572,0.00215385553326933,0.00350855396554622,0.00845389950810677,0.00122635757178027,0.0155724112844899,0.00179597295083087,0.0010914032566474,0.133086878341248,0.0173375572963909,0.00109289738482173,0.00391603938034408,0.482228214572921,0.0516891914722293,0.00495689230573368,0.00426412020478193,0.0359291237093054,0.000906826912428406,0.00101301517763834,0.0141340555237217,0.000917743094080103
0.00885117606470951,0.00270541801534195,8.98099594837259e-05,0.0153797144702337,0.0734575072882874,0.00276770374410238,0.0278755398494626,0.0100783032249028,0.0348827850192697,0.0160278615345912,0.00637115428638282,0.00238783305234831,0.00147735467554694,0.00408698907119821,0.00367747945888277,0.0019420179683608,0.00324978057370231,0.0112973897074694,0.00179524234946383,0.0361674545547887,0.0292697700607973,0.0127272510015946,0.0662585362105355,0.000625089270752367,0.583167470653843,0.00289158321887631,0.00955179261902447,0.0038293858608312,0.00372109894835216,0.00132331317461879,0.00253124271734494,0.0195349513949002
0.00296783267453617,0.0195939670271358,0.000373003831543676,0.0024728717329668,0.0181737789326308,0.00913740873731741,0.0291702381383409,0.000668084568807603,0.0123467810975454,0.0145718607931663,0.0117102780906232,0.0231506228401553,0.00459667538804534,0.000759512811374088,0.00229000425869469,0.00131566840130755,0.0196629125365705,0.000165720756301662,0.00636280776884759,0.0689393829469484,0.00286293364875552,0.0193596320976045,0.035855506306758,0.0513139035069112,0.00126875381619184,0.572987132756489,0.0130662219833254,0.0263742741651916,0.00268215338225064,0.00202492271780839,0.0207952336102843,0.00297991867557068
0.000734230380831279,0.00868974016774485,0.000340514943107267,0.000517834396317812,0.0342534738930275,0.0118764639033516,0.030289354450019,0.00831834897257518,0.00890201193486208,0.00998827865408528,0.0138001720830778,0.0118924515887069,0.00889348737529641,8.01291811204337e-05,0.00234859201322061,0.0007107623498993,0.00723355844468439,0.00141688081884325,0.000484273660587261,0.11033951345755,0.00581512681136856,0.0337180757919371,0.0835076886400357,0.0733799667001736,0.00172278987756158,0.0098703516338538,0.479427764889049,0.0167917115925417,0.00783365446774897,0.00292848893062361,0.0106654922199122,0.00322881577628611
0.000912979407090453,0.00442075325100108,0.000563449681796907,0.0224198984552954,0.02432627586959,0.0107120778269507,0.0195870828150777,0.0454027346189314,0.00308830250399067,0.0327250237373587,0.00395919131679107,0.0013161549293409,0.0115443656240855,0.0002205208427364,0.0156523381137258,0.00749811038397619,0.000574560562862943,0.000986929208553327,0.00940074927167454,0.0715806289695076,0.0100431390230652,0.000406476875599037,0.00113148476127932,0.0691619484128324,0.0097096000513019,0.00582451138149305,0.0328426032584812,0.573510526977079,0.00210206804348214,7.18186593726823e-05,0.00776767651340917,0.000536018652267501
0.000967109007925666,0.012142096940554,0.000631857824126381,0.000594691264171006,0.00735617600891569,0.00426158057332371,0.00827062424187364,0.00795344161410599,0.0107465908129207,0.0174285911676383,0.00617325756666484,0.00618547637435192,0.0119497651014227,0.00206802229350211,0.0147289795168645,0.000699390258834126,0.00317080240297524,0.00389554726492366,0.00114875055369723,0.0698097241423756,0.0124077915162359,0.0451301208253416,0.114874631692364,0.0790020947103334,0.00766200044229575,0.00337743541731331,0.087975504396191,0.00399913467467214,0.342081207954557,0.0049752666285873,0.107272788231676,0.00105954857926585
0.00115087121569461,0.00135553187994826,0.00292564500539308,0.00988769792788662,0.0235152004732782,0.00315999808330748,0.0115947080751841,0.00174984159631975,0.00296278277345749,0.00137695462088545,0.000907391267194391,0.000894987813172531,0.00273815746647585,0.000896763693974848,0.0112972477187688,0.00407777928783321,7.60643464212633e-05,0.00179652838236703,0.036019960335819,0.0754910037287458,0.017413994433129,0.0562696335173892,0.0321303000584853,0.0126078851373254,0.0120554477735266,0.0102825563667349,0.00541597156238177,0.00141400285179146,0.00137320362111737,0.586274634133496,0.0608047949115452,0.0100824599409496
0.000599567998316324,0.00515045410249858,0.000227586989832361,0.0202638183601317,0.00366058304565966,0.000625625455488826,5.72711510796317e-05,0.00309392470239884,0.00386287385736337,0.0170535273764944,0.00305438706208296,0.0116284887397107,0.0010628676108748,0.00141768830586614,0.00813665158411547,0.00152760351376522,0.000812982304627043,0.00130624765406323,0.000156836383945329,0.00536791896805347,0.00244876678239978,0.0252996626268864,0.0149585510339562,0.0124695585685281,0.00510076049163937,0.000230102517651869,0.00315637625172808,0.0184525595080035,0.00854536097654967,0.000462764990836605,0.813357076523693,0.00645155456175979
0.0121221577668664,0.00166735561873551,0.00113981029594807,0.0190422233000697,0.188505008026825,0.00577092618782829,0.176301416766221,0.0623818518391155,0.0153423427548628,0.000493206472974637,0.00225767920048823,0.00147086609080803,0.00503385637783964,0.00139760246324589,0.000323361297611169,0.0163473288031938,0.00229669749528318,0.00111784062014922,0.000183787659224166,0.000459774731087042,0.0154833620354657,0.0174946730061601,0.1181163927172,0.012526207572009,0.00106521673094062,0.00431983624427971,0.00736540551510786,0.0102708588976269,0.000102333157193079,0.00256570736175847,0.00170508308246777,0.295329829911413
