0.149393039308979,0.00336950070369033,9.40318386670911e-05,0.0225623934542851,0.0455037715174411,0.000462967962092416,0.0611236534939667,0.0588533256464058,0.0114016381835845,0.00536628036967859,0.0180436581769169,0.168078846323175,0.0280898703985335,0.000418337728142456,0.000312361552273805,0.0336308138123982,0.00162502146154369,0.000233039452709593,0.000306574875165485,0.053660720315362,0.0420103277173587,0.00122468962949043,0.0368150564476036,0.0769729858381909,0.00470943097991745,0.0206986132645089,0.0193876891593303,0.130317043826752,0.00120457780367381,0.000353407580706291,0.00360954452422179,0.000166786653234823
0.0174121338865007,0.296797846261144,0.0026008125790569,0.00459970677304394,0.0230683319933457,0.0200448689725963,0.0147184211909903,0.00122537010613929,0.00138489011159873,0.025459119810407,0.0241562263026348,0.117170084509076,0.00169832837345305,0.00140453393386532,0.01595453756245,0.0295449230299917,0.0131875774245942,0.00318695267868676,0.00136357348270431,0.00654737098324293,0.0606794139848795,0.0104687974322291,0.045198446047373,0.0219170899891733,0.00311131699793608,0.0768569819382145,0.0860651820899678,0.0187256998534987,0.00577806252464585,0.00115785191472967,0.00838071014677435,0.0401348371150566
0.000521084176361537,0.00467370159241317,0.187155234555027,0.0185940254567839,0.0777960301002219,0.0209954744127394,0.030546780901153,0.121245372129541,0.00346325439480871,0.00891055624292899,0.0296524894840512,0.179752175214541,0.049475904360899,0.000574769283240349,0.000577822206566326,0.0112202699852923,0.000332682318509825,0.000777490276901426,0.00654236317751118,0.00910399349932843,0.0330996951708847,0.0115996589175313,0.0364103350225967,0.0110278371585829,0.00244976563662423,0.00629471127275289,0.0174497451735827,0.103702774470782,0.00506786849483245,0.00200192154149016,0.000687000511759929,0.00829721285976127
0.000628524676506447,0.00501934573186049,2.16664222752342e-05,0.057705056518246,0.0692618161731464,0.00195383991100626,0.0446605222630094,0.104308903514835,0.00792218364410797,0.065282177547702,0.219831865722145,0.121553610692098,0.0722042670799629,0.000219740829264569,0.000309068340944593,0.0218191695696686,9.84011829169878e-05,0.000205044540965534,0.000257504403737106,0.0104396472025279,0.0306228312269278,0.0011373736838208,0.0224542069357177,0.0342560591564896,0.000368215681058927,0.00383805461659058,0.00243248436760001,0.099192466316079,0.000782349210410713,0.000361471315008454,0.000412155648088028,0.000439975875282742
0.00570584974145749,0.00211060980861463,0.00147313580231161,0.000207190188360501,0.0968984186377311,0.00727560837656005,0.0347063748642432,0.0204542757387571,0.00166006943492391,0.106514018781025,0.232406642787403,0.0628980072847764,0.0796399739819457,0.000286028483908677,0.00404645241798372,0.00970759291780556,0.011733307562099,0.000500991575372071,0.0094613460786369,0.0114904243524321,0.024238278263607,0.0205695743241973,0.0365088126654632,0.00324948842849415,0.0173862402944571,0.0306485331782253,0.0451154527266489,0.0691392881424385,0.0137863750486304,0.00102827525960691,0.00750899233514736,0.0316443705167362
0.00344847021627583,0.00110779971556153,0.00455804143305927,0.00620207340000407,0.0449418210594709,0.230604608828464,0.0339412001402069,0.0260413806860148,0.000751484273943687,0.024071428563216,0.0817279413715666,0.204420006808998,0.0827372729656773,0.00262229266336299,0.000398504263428414,0.00837504402629122,0.00430042388704698,0.00140901603606289,0.00550739628107626,0.0144578323252971,0.00636090764114436,0.0064550189794311,0.0199109868347695,0.0143901960693499,0.00692992454514481,0.000936541757693301,0.00190171511094163,0.147017380435447,0.0060118864283092,0.00274869226940637,0.00435153085949291,0.00136118012384554
0.00295192023353889,0.000308382413640439,0.00167668567811762,0.00463520249820305,0.0188229387879973,0.00606020440007394,0.19245820282763,0.0104059106193148,0.000779713074744218,0.0692495397554916,0.212655702785026,0.156474721684813,0.105071141840304,0.000750505756379524,0.000512952275768461,0.00898718166504722,0.00218220662585656,0.00192684028255467,0.00414234524462237,0.0118873165297289,0.0024066277362587,0.00411425233679288,0.0103409084636436,0.0160377689859366,0.00160965057167606,0.00233631297950418,0.00443342395496022,0.130150434103995,0.00740586491555723,0.00127869683083286,0.00578761071457282,0.00215883342741742
0.0013445387138187,0.00471896897581098,0.000187681122444897,0.0522524829597487,0.068275879843578,0.00268502585677027,0.0470138002761096,0.244088664942811,0.00560948017107602,0.0499466492816369,0.146224491528266,0.0969577279609835,0.048092032583433,0.000110606307290377,0.000289636848553778,0.0171019070983309,0.000876119355157634,0.000196911071897471,0.000831679601798492,0.0134412625127589,0.0369198658403221,0.0022152944995816,0.0271388488842781,0.0410126536552226,0.000310679939223018,0.00829210180610736,0.00648379772670248,0.0744392351028307,0.000281823738215318,0.000182285625193493,0.00013262731207465,0.00234523885797318
0.000742693550088013,0.000766520047912916,0.00110101305063975,0.0167791976689556,0.0547985668023192,0.00645980338408135,0.0217174989581339,0.0402013349132925,0.130462547178435,0.00432843722663825,0.0194953937885929,0.293438916290752,0.040841417787607,0.00171647680917048,0.000838755105758201,0.00994778540373826,0.000352529409557968,0.00176056459134112,0.000858504490371993,0.0125229397820164,0.0203087941987539,0.00186207324912256,0.0198423975182197,0.0287328963774472,0.00228672968390378,0.00246397982947951,0.00102470160976248,0.218719915009062,0.00412826363725903,0.000426568354641882,0.00321177767784875,0.0378610066150965
0.000413963678175182,0.00433754735992532,0.000324996069911839,0.0743966074114026,0.147863012475079,6.18202041906038e-05,0.136294588824275,0.162859713000783,0.0113278740348535,0.0990451374540304,0.0517251832922918,0.03915637430506,0.0144677396758756,2.93467392822323e-05,0.00140743623619928,0.0464568508079718,4.24976389030837e-05,0.000349242432382593,0.000109922246024061,0.0135121549692674,0.0483531341128371,0.00326783212739957,0.0604173997225297,0.0389178122484729,0.000713204012498036,0.00650607505790816,0.00453386830425421,0.0310411041453447,0.000178932254740486,0.000314803629899095,4.04387606314036e-05,0.00153338676760067
0.000794842912592162,0.00579763834066319,0.000108728570034282,0.0667639981579585,0.142643525913218,0.00152978346549035,0.159862746264779,0.160016277253798,0.0136158299401094,0.0219990599354658,0.000651339253890583,0.055277515028514,0.0148035565487289,1.54095049653668e-05,0.00227543286721516,0.0549587894854121,4.20649438778853e-05,0.000261031912530307,7.94859989129137e-05,0.0179554881859182,0.0603738905163536,0.0100041825609209,0.0945914968022108,0.0515866031546838,0.00244109712896687,0.00663477094340045,0.00420458092963392,0.0486164109733488,0.000499217477923695,0.000670898824096944,7.09535622040426e-05,0.000853352642181719
0.0016919107299959,0.00218070838751223,0.000316688323661202,0.0144563282480842,0.0773123240065581,0.0062197475357479,0.174924751074827,0.0460567001388955,0.01010863887856,0.0191980953146375,0.035467138802506,0.089327444610126,0.00931120624264487,0.000366296681716318,0.00470660530951228,0.0510910339434156,2.15711523503339e-05,5.53582940074871e-05,0.000388145508985664,0.0236875836225726,0.0580715795836278,0.0194923040213099,0.153513005374298,0.0497455588138354,0.00151550252347555,0.00224204277055351,0.00200382428110056,0.139806913820393,5.43053812364024e-05,0.00047191923348737,0.000638173239341985,0.00555659415102468
0.00116068965350147,0.00519097451053097,1.96383084174394e-05,0.0518540086283898,0.120471160952855,0.00611430273550592,0.180432270077492,0.113853850494737,0.0140948002595522,0.00718922229661216,0.00347021378671239,0.0402072911411845,0.050245449443969,0.000110919750560942,0.0027750960438737,0.0595913800124816,0.000231870520937154,0.000136632818408652,0.00021763547310927,0.0191920720413983,0.0589937442817066,0.0230222716666277,0.137115427422133,0.0483731059843177,0.00507797673367331,0.00385826646772253,0.00236807440275977,0.0430356069844993,0.000141241992038674,0.000838787431950328,5.18145113850568e-05,0.000564203170955385
0.00115677942929279,0.000491819210753666,0.0135096818116676,0.00273502994570485,0.00252685025857117,0.00333332446047491,0.0595369593220071,0.00253131022137974,0.0336551442140545,0.141141530437313,0.308969709312579,0.0317606071035111,0.0132863060897595,0.0693865826385877,0.0499425621827265,0.0360806183827672,0.00199285764827629,0.0012536222677646,0.000104650442631475,0.000177110254610804,0.0601383147852449,0.0016558005919605,0.0640815844434226,0.00515378026328231,0.005369666304265,0.0238012045721702,0.0338283279601058,0.0121048895241572,0.0125594157280522,0.000898100430208224,0.00422857064928245,0.00260728911341439
0.000779756349196931,0.00136594180938662,0.001292094104971,0.0945526913277538,0.117972301977223,0.00249115406895766,0.166756460544105,0.101419912841816,0.0149682956293014,0.00956387830884049,0.133937107901925,0.00960276621795717,0.0571133468396145,0.00313489793702739,0.082993474345608,0.0537499366649178,0.000140213753635612,0.000184079844801509,3.09632933810373e-05,0.0073687085804432,0.0308136440741999,0.00528175447755994,0.066163327798666,0.0139232536065244,0.00188486766213257,0.00398590270657854,0.00144407940001308,0.012035172675417,0.000280781153106955,0.000292574034805162,0.00274747351962152,0.00172918655051357
0.0061266745757587,0.00136564596899351,0.00265140192074613,0.0216045652846438,0.0809047662982613,0.0073394878911116,0.0759797865752844,0.0360020467300048,0.0120609616487782,0.00563403906634286,0.0444193229729223,0.302062370073634,0.0678609898535946,0.00247519008765388,0.00204729189647308,0.0261212868806067,0.00113719366292981,0.00361840922226619,0.000688851729215487,0.00215275561038327,0.0215696849720516,0.00192490390221054,0.0086936183624137,0.00916195778126852,0.00350016482891226,0.000326171129665573,0.00133289523371323,0.22203572442164,0.00372671524818346,0.00105953291128418,0.00556170298901904,0.018853890270034
0.000386946644051447,0.00887398057217512,0.00147782491793597,0.0142636298870234,0.0114832210084381,0.0135751150812538,0.0126101311231489,0.0044473874056936,0.0157272411865466,0.0287558277501888,0.00647897018032564,0.368241013957441,0.00566308645747408,0.000466091436188091,0.00148747790554284,0.00825071122974966,0.122242935891609,0.00040996317442104,0.00204879568442074,0.00447107145331842,0.0198261942048575,0.00107486164842427,0.014276642019516,0.0204292633607532,0.00790090339661741,0.00564921798732189,0.0126415318717885,0.274834384311522,0.00546556261915191,1.37410805009105e-05,0.000237824573027767,0.00628844997957275
8.6060387352023e-05,0.00433784795941955,0.000236533741769473,0.0185693017062305,0.0713615351673681,0.00826499803895882,0.149709427224788,0.0411793398011222,0.0373654471403347,0.102326387450783,0.0720240117990445,0.0967311329456928,0.0066893592564358,0.00106135490287709,0.000163849375142256,0.0469908845566125,0.000906695783917263,0.0977909183840013,0.00152824721791274,1.44788499326348e-05,0.0305659412764097,0.0172154998120513,0.0780760348113318,0.00391587715017141,0.000371115107742739,0.00120221354591552,0.0082352610315372,0.0938829957979266,0.0073796369720422,5.48326950502094e-05,0.00123638820154252,0.000526391908583666
0.000821424575568542,0.000284946351050047,0.00132678449025607,0.0153968257445865,0.0460104966649801,0.0043743947032187,0.0220833086128169,0.0472406749042385,0.000629849227851136,0.0100316246278476,0.0415483177128424,0.0165576209702912,0.00382756699639564,6.42824261971711e-05,0.000837714157558463,0.007038361285964,0.000853652057274866,0.000549251850614545,0.179372241869825,0.057233843994422,0.136152618841507,0.00515607783994286,0.0593254473795556,0.206045066724731,0.00169831700437438,0.0477787662279735,0.0552667246507905,0.0188733467836967,0.00132372057001235,0.000521620633344691,0.00539800713917594,0.00637710298109566
0.0052669741510217,0.0010807688650655,4.38225419972077e-05,0.0163714182600216,0.0138536810537949,0.000317235803044488,0.0362306068322352,0.0136552919356452,0.00256864915886715,0.0149247458506896,0.0472576939303871,0.021111602089095,0.00605016033811022,0.000193229795741215,0.000498341567914463,0.00748137692370959,0.00150121782749327,0.000401743370544891,0.00550616707736979,0.476753693559004,0.0642309313922148,0.00304390164809852,0.0887666277182221,0.0929529741764404,0.000457354017016819,0.0076884998443409,0.025347642050196,0.0159108540031447,0.0042115452377328,0.00067483281816325,0.000134882664342131,0.0255115334983357
0.00182235580290804,0.000585753859261287,0.000166977939118802,0.015466916138481,0.00821341813932739,0.00542163632454232,0.00415303199316609,0.00849249598515225,0.000794469391249737,0.0250722787278466,0.169067763651896,0.148272774956446,0.0839182653496718,0.000167700304990341,0.00591060855750612,0.012385283124443,0.00355038261465949,9.92988192510338e-06,0.00336841249429381,0.0574289857185326,0.062654774609492,0.00247559789737307,0.0332959638697404,0.121811629952942,0.0040632400056703,0.01269128992586,0.0206692722594464,0.169521279523132,0.0084067987776513,0.000210417218176464,0.00338577647539071,0.00654451852970677
0.000315711836831042,0.00182368196328077,3.05371462766537e-05,0.0141432006954495,0.0223094085741353,0.00205494474083882,0.0277596714573242,0.0115554505397651,0.00343862589958543,0.0379653014447013,0.191844740992048,0.154404467874244,0.0920813781913482,4.26745310905847e-05,0.000592312011390803,0.0200038096147752,0.00132768347364368,0.000473095021902467,0.00158335102585206,0.0526731230758221,0.0393010869121246,0.0540421958632545,0.0169618140318665,0.116464815452477,0.000125514328501421,0.000324662290371346,0.00303074989583273,0.126519420753155,0.00070227372266228,1.67449674643483e-05,0.00337546001461814,0.00271209165736821
0.000439785794643557,0.00168424099270379,9.05805460854214e-05,0.00939452034938107,0.0156689076619509,0.00269187893291597,0.0136887097197539,0.00801733617380996,0.00235510140133093,0.0297809919705384,0.150725936543918,0.120425260321579,0.0810578716771065,5.90842554517034e-05,0.00189968569640772,0.0158513116026117,0.00111354963906635,0.000764793961728409,0.00357359911693646,0.0795216052370423,0.0466879755157865,0.000367930714798887,0.13008204713112,0.160081326939498,4.52513640216248e-05,0.000705276708075799,0.00191746547666547,0.112701720833125,0.00205261335000892,0.000105383721667451,0.00431744984676443,0.00213080680350681
0.00943140890592325,0.0011026493755675,0.000280099646361174,0.0181270715248463,0.00484372346631408,0.00234333641772641,0.0269792518622847,0.0178207730174725,0.00200468168464702,0.0146730954699933,0.0486991391455866,0.11687116225084,0.0179975120509363,0.000476700859212815,0.000937392168642698,0.00592951964328972,0.00356644045461927,0.00088454458267657,0.00575286096031752,0.127664178634737,0.0925640196618581,0.00041148285383157,0.0857591625209336,0.0577436310503683,0.00077812840370096,0.0420631638191124,0.122990052464236,0.120174550180257,0.017631848466657,0.00116945490927523,0.000514174302266733,0.0318147892455094
0.000653657586770032,0.000321622443525611,0.000244478521367143,0.0184141506867019,0.00231222629313109,0.00295561780346373,0.00679450637048403,0.0285194280106027,0.0233188138360882,0.0411714424469111,0.112615930705699,0.206257616071984,0.0396191080771403,2.87100100207499e-05,0.000186626521823013,0.00176639374167457,0.00125301296586021,0.000722294606591572,0.000505589972915978,0.00242062604104099,0.0781140607377194,0.000504125166567439,0.0543811368183351,0.0253947674155407,0.0682295244179179,0.0213189846947881,0.0424988525029798,0.204147691603922,0.0079624389598235,0.000102660036877718,0.00360809691713797,0.00365580801459398
0.00372454811801826,0.000821514306865494,0.000414688725660769,0.0451103215548783,0.0281776667364003,0.00138611233082295,0.0283085615496432,0.0401416460720775,0.00350018724679083,0.0509232509485328,0.180264960291992,0.0396956948947347,0.0344425790101347,0.000324787277933625,0.0012778832652838,0.00825643277301095,0.000484926744843493,0.000237662063045291,0.00473584400505835,0.108372293278078,0.0518004875071498,0.00221308237733009,0.105665350218348,0.087476666535133,0.000260113241276625,0.0825470888700388,0.00442551863364958,0.0552768108209921,0.00346930963067824,0.00148058045080487,4.48676590739158e-05,0.0247385628617199
0.00490927534604158,0.00241342388432843,0.000357135778290111,0.0365487171510007,0.0223931106444912,0.00145052339988235,0.03719137458439,0.0468558410686565,0.00303541517261447,0.0332997697978178,0.101339323325466,0.0611872746767833,0.0248295108017493,0.00031991275399242,0.00253665451846225,0.00684452811741216,0.000261776536965575,0.000178377786930706,0.00175492623338437,0.108282560148362,0.0528694717682214,0.012025491240197,0.141870069625688,0.0748435166881636,0.000640268396024084,0.00363017314081223,0.13229022312867,0.0695606962276104,0.00284040391298768,0.00127994225173336,0.00105541763638006,0.0111048942564907
0.00131322241323071,0.00129469163962412,0.000343423036403915,0.00509888906770286,0.0489623219453925,0.00450793875003179,0.128394758739386,0.0250642280392238,0.00543026759343622,0.0149808501417973,0.0261509053833326,0.14949785287118,0.00936479862573856,0.000177642595378047,0.00291418515398925,0.0342965866153923,5.79710015334162e-05,4.55764054022976e-05,0.000437253570191158,0.0216572528150619,0.0476627007354233,0.0125049914089077,0.121153360641445,0.0458985994881817,0.000667209011538619,0.00162027788093431,0.00175830548880208,0.280563181264351,0.000113690845766727,0.000213019784278214,0.00035528235577669,0.00749876469116563
0.00245113571481307,0.00238294144856325,0.000263168845054517,0.0211311328201533,0.0153881378703555,0.00261342238934417,0.0262017514682917,0.0312083908279356,0.00654776817937737,0.0078044891839764,0.150930240270093,0.240069850757653,0.102821471216802,0.000746225412669312,0.00169340285700374,0.00296896502333561,0.000168950920218608,0.000152751646293922,0.000265762957725923,0.0112983282475544,0.0107140767449008,0.00986001144057452,0.00801467150245968,0.0344124815905363,0.00159087494148997,0.00827124395871894,0.0182019676389709,0.203102932639318,0.0626806049400711,0.000185449396376902,0.00174380806482835,0.0141135890845408
0.000643076348504322,0.00272350284594131,0.000526377512066957,0.00589040402905878,0.016254762582879,0.0108416517735476,0.00968425162356051,0.0391644412459714,0.000878707049667198,0.0165883896100659,0.0326860034065499,0.177353240928185,0.00513289318976784,0.00109986223476835,0.00288064344633726,0.00722666477772046,0.00185893343441023,0.000117028085796963,0.00190230451081305,0.108659333144,0.0252835123907888,0.0496495956974651,0.0790590062639121,0.0572945254614198,0.00675444024027244,0.0160499722196883,0.00303433190568844,0.164832675043746,0.00189373304970347,0.140040818213009,0.00577492771569264,0.00821999001900179
0.00313304866569565,0.000315696466576311,0.000853996119321694,0.0218239387187366,0.0408615625168811,0.0027344930946186,0.107075575285889,0.0255090541333807,0.00200071175950861,0.0183236869372828,0.0757909263758001,0.0828251571040629,0.0322998555097402,0.000264303244502712,9.76227918266603e-05,0.0190896473394983,0.000587844618484386,0.000506937989664702,0.00168059678605023,0.0407597424136422,0.0299721207245462,0.011557579937244,0.146525992804853,0.0521608644251975,0.00111527552031276,0.0124189919359083,0.00876555273124832,0.124584149132521,0.00444224141956207,4.73179219124901e-05,0.105080840951569,0.0267946746239617
0.00203313988117594,0.00429532027534994,0.000873086775782969,0.00889345591718952,0.0173467218246405,0.0101642513351537,0.00855081113908039,0.00907967918800167,0.0120411685788115,0.03659961992114,0.0752411945119873,0.031816677559219,0.00904065714946728,0.000597017834225456,0.000271085374165066,0.00962509471001816,0.002214561784255,0.0121875393399374,0.00164100627263914,0.027051459013041,0.204894038240336,0.0120310771902942,0.11996426493582,0.143208836405138,0.0219798384168309,0.0379890642287814,0.0926319977169099,0.0289622806815858,0.00680139921281533,0.000412872054252163,0.00171126777228168,0.0498495147596737
