0.732074063850973,0.00472362726025045,0.00775210774475936,0.010197677992169,0.00187823831890834,0.00582204926389823,0.0106796950210332,0.0197510456363501,0.00944835058731947,0.0291928209056929,0.00754609887118047,0.0172275470580657,0.0168125901868453,0.000953224369794775,0.00289471395496934,0.0155420268339113,0.00146579786316606,0.00292749502596417,0.000746278559245875,0.0038397194935241,0.0140356140539303,0.00307697142102799,0.00526034301263817,0.0069798896630881,0.00187162593300494,0.000149316333648346,0.00179445944096815,0.000557314929180449,0.00913326628468888,0.000598294408034243,0.00190039676715093,0.0531673389546183
0.0085799238181901,0.35482130470393,0.0184694213723286,0.0271153547580335,0.117208205498837,0.0375504312413532,0.137304170496414,0.0424545373802988,0.10297206935009,0.0149776641445849,0.00137085327222095,0.0273901058175473,0.00410734222671856,1.54458183195616e-05,0.000584210883326842,0.0030194804936244,0.00164685762082281,0.0039072009771246,7.66298230496336e-05,0.0119162572179821,0.00532370378915169,0.00556530563689888,0.00268620310840632,0.008901910528603,0.00377448264538876,0.00829972510780156,0.00264059957134767,0.00306278104093427,0.00735178348506155,0.000452068000701184,0.000436807241711306,0.0360171629291972
0.000815355675785641,0.00213116435812903,0.609990690735107,0.00486803867317655,0.0650048276738065,0.0214840636743888,0.036642086510292,0.0152516884081157,0.0495721007937491,0.0565913141075585,0.0102822775563595,0.0315743499618337,0.00539543863605803,0.00446026407992241,0.00610937329224664,0.00178236612836371,0.000734955597754307,0.00204428947230032,0.00091725899065989,0.0072713396691652,0.00136880254857514,0.00382969839885636,0.0088656763201606,0.00688034313099107,0.00432002208657035,0.00752562581157745,0.00122110721513015,0.0214573920440408,0.00189921201541731,0.000418585242461516,0.0082040184205513,0.00108627277089535
0.00569580462697741,0.000151217915582033,0.00282725886458086,0.458032410989599,0.048811552818225,0.0161924228955596,0.134039966688414,0.101759515404622,0.0590786184546449,0.0550108564063247,0.00761587448834989,0.00458612888400884,0.0147176724261437,0.000204989525198336,0.00504438233190453,0.019179100078919,0.00193919798154229,0.00235087839785714,0.000517413420340892,0.00220595956123508,0.005621082319058,0.00879353613028847,0.0154027655322097,0.00144682842161294,0.00436321821414969,0.00621715371322726,0.00299441403890627,0.00675557205260429,0.00130135533550196,0.00240120971773496,0.000127437438455636,0.0046142049262222
0.00460463464872033,0.00319991334902904,0.00270328967760629,0.0958413139385751,0.210773514728192,0.0616372038907901,0.161780706986316,0.177679005399788,0.077808692735141,0.0588338709917283,0.00902386707416924,0.0154733122646903,0.00219453105512714,0.000305927539830282,1.52782389686257e-05,0.0669531946701444,0.00815827660444594,0.00080237421643359,0.000936080758807077,0.00533310950295823,0.00312306839910862,0.00176459598074488,0.000433704124374128,0.00630679252101255,0.000471651926971636,0.010631635890311,0.0016016862122807,0.00397913376479007,0.00565598062170314,0.00153999086071885,0.000290556387609789,0.000143105038914456
0.00286198340697791,0.00278972261433312,0.0034907004472348,0.0561314951392117,0.0939830064968722,0.434106896802737,0.0862592898599282,0.129224731642532,0.0705787889472823,0.00265650715793681,0.00396873747806534,0.0147774340236167,0.000241776789774911,1.65821595871511e-05,0.00269432765083682,0.0329667055565866,0.00441016302003423,0.000389029260243587,0.00124096453099779,0.00814101210494498,0.0015627398268562,9.21293353054413e-05,0.00115357107112028,0.0123162732550319,0.00373222814766806,0.0126612561885755,0.00093145150327929,0.00440022635342757,0.00732386645352258,0.00262732351494375,0.00167655359301987,0.00059252566751573
0.00270760365522261,0.010202758208079,0.00615858719508937,0.0599761728554916,0.181954725581598,0.0143627090816994,0.33623593666346,0.0858584528990562,0.058214668800147,0.0536922843107833,0.0189048896422916,0.0171934986582533,0.00774552173767386,0.00109067144472613,0.00197765882027864,0.0530255208753567,0.0162954069838227,0.00208760422947586,0.00756353716336484,0.00770524966896535,0.00621014746334539,0.0101946963902135,0.001236493451509,0.00571553582565535,0.00428999489457336,0.011299117052891,0.00102061364883548,0.00456584260853901,0.00989916386766583,0.00248008841336305,7.77205221882813e-05,5.71273863846006e-05
0.00600356688852531,0.000277854512982098,0.00106908848327445,0.0275178774022677,0.115156499771587,0.0162726297970248,0.158180252071395,0.507096427301327,0.0866180639066522,0.0248552766425165,0.00297853720658828,0.00645455695744272,0.00198622126592733,9.86985713244728e-05,0.000343544605760957,0.00900637110417019,0.00225506739295336,0.000716977538575665,0.000357686831306518,0.00289850612388129,0.00174164928828639,0.00304413879263389,0.00416271650579207,0.00300854299311541,0.00163280299414963,0.00670211743565845,0.00242677121139342,0.000977408427613796,0.00159702858999827,0.000568887798074975,0.000416695312826768,0.00357753627497441
0.00528904081755793,0.00296995110230792,0.00253253079988915,0.0337862771552688,0.127082210055458,0.0483757038816767,0.012792613770005,0.0963640832013516,0.545403423021975,0.0181450992284355,2.49791480895178e-06,0.025992200524195,0.0066142318304754,0.00152148350537268,0.00838086127443595,0.00936024897770913,0.00462510915500478,0.00455764920835698,0.00461974388398925,0.000278557208019458,0.00497676559919472,0.00536052637215409,0.00133171401631226,0.000573945608650566,0.00655812945819828,0.00412858260803899,0.0010613137494756,0.00808448177648276,0.00309945385925749,0.000210605899313352,0.00106884671540464,0.00485211782122404
0.000521595892384966,0.000549829975737258,0.00134574381171272,0.125260426540124,0.0193473849651976,0.0131948638938469,0.00261584559349155,0.0554988661497185,0.0354845537022432,0.66972460966475,0.0327122907647504,0.00430614308357384,0.00506876703644448,1.80355919855521e-05,0.00019606710139102,0.0154968270787433,0.000686188777900416,0.00044020558586855,0.000508993619773388,0.000851600038055361,0.000801822269861896,0.00235046712410276,0.00422340638449004,0.000290802167390603,0.00152456149052398,0.000515629587430548,0.000881984873098199,0.000814482808578558,0.00195060303640422,0.00162352092867352,0.000648347788788812,0.000545532672963788
0.00127882482990698,0.00170479007014257,0.00240328606913093,0.214566089794443,0.00715996054087747,0.0154086933030734,0.014360211216078,0.0508808194692555,0.0277937185080196,0.0953597036290387,0.455138732986224,0.0086598928302887,0.0246167196168899,0.00168680723031221,0.0025214635851302,0.0213180176446133,0.00301050610746525,0.00137745878922877,0.00293537560182358,0.00760125372094482,0.0040734548936146,0.000698152453381058,0.00461653764629183,0.00118013494124785,0.0004037970577084,0.00564975834335642,0.00190399121328358,0.0128334698701172,0.00239980469006581,0.00276432921141873,0.00235342778996501,0.00134081634666367
0.00958727929322548,0.00310427032267473,0.00869722661700379,0.0221925478244899,0.00782339455437925,0.00670476775359179,0.0321758752550044,0.000703650309784239,0.00274562478324805,0.0307643255426966,0.00368335036906396,0.534101691122212,0.0608262341028036,0.00198164807700138,0.0121753062272015,0.0225722092769101,0.0111493299157643,0.00108623606864552,0.00184591191472524,0.0251007919047956,0.00526322102088557,0.000697765865727978,0.0011700886755864,0.00333334987260115,0.00107348683235924,0.0326042984422917,0.0150089822927508,0.01746652275589,0.0768499558502134,0.00343078171059523,0.0392121760632963,0.00486769938258032
8.63144567738779e-05,0.00130496836326414,0.0014053072843114,0.0662441479840326,0.00217451586541666,0.000815337315334473,0.0179428906387263,0.0362915523982595,0.00086225937030338,0.109191593638327,0.127906618850592,0.0886047800130307,0.373156289533625,0.00536188252770488,0.0102485424708078,0.00178543465384979,0.00477517605261105,0.00290008027077336,0.00427692676810143,0.0232788261673942,0.00783439657482935,0.0119285615410895,0.00270373765448772,0.000398059630246909,0.00297486940468234,0.00835537107162867,0.00205457269213209,0.077984822765614,0.00514263264834696,4.48244632342998e-05,0.000348084847883582,0.00161662208258582
0.00246341353520135,0.000574041355062196,0.00338996722523564,0.0520135179740697,0.118337318718784,0.00117446739991701,0.0762428776723807,0.0251433732401536,0.0359042660816651,0.00816446299243508,0.000154579483514527,0.019460282225182,0.0055922505808327,0.543965976399602,0.0211399962608451,0.00151765894921646,0.00093574815819943,0.0118124311420436,0.000523353047240533,0.00291956917902478,0.00426970583285986,0.000909475770504737,0.00565920366697477,0.00777647387832907,0.00532313440543589,0.000864951447585454,0.00771616491262424,0.0215678114935984,0.00464149227488662,0.00191874738667206,0.00178028298224487,0.00614300432767886
0.00640958045101254,0.00133058324249324,0.00550193768045268,0.0644649270214826,0.0617724750386451,0.00586809725397132,0.0432061710640911,0.0426611878912475,0.0338967748172788,0.0419536393879224,0.000476624688848008,0.017446770602669,0.0127309521759747,0.00356070272041819,0.592961360704922,0.0012692109547491,0.00217821981995662,0.00365815789351605,0.00488507152203477,0.00766683727919451,0.00731796591746891,0.0034726421316287,0.000598801717330123,0.00127444379075135,0.00122379108379869,0.00526012099596623,0.00311830727248694,0.0110126699410365,0.00404606534412022,0.000444941106046633,0.0011793744290668,0.00715159405941904
0.000137329427940047,0.00473690475899204,0.000693905870334271,0.0814765899543287,0.250069654440648,0.0270140973540444,0.144875617351313,0.152016690083397,0.110924294117105,0.0199515608254649,0.00013006347741672,0.0332419567749293,0.00579859514195517,0.000451526025785325,0.00485891608043645,0.105960548842627,0.00659171554918438,0.00236498722896891,0.000758976601437497,0.00194514803065835,0.00201349535295271,0.0056016741721673,0.00310847277006136,0.0023929111770472,0.00280022748309255,0.00467386115780652,0.00129421011782515,0.0127819886954027,0.0097697739576738,7.13967595347876e-05,0.00108231934666498,0.000410591072804093
0.0228724311804724,0.00510876545648402,0.00254440099173237,0.0163835374976752,0.0315144893792627,0.0212314095819766,0.0219220443150352,0.0343619318660327,0.0379514904426565,0.0212543881935708,0.0144081865419568,0.00734493451235555,0.00182855147162073,0.000253551895283045,0.00043041781072818,0.0171111091796096,0.569897729005371,0.00341745224582326,0.000638283268800196,0.0114303708297829,0.0298642646092154,0.00464044149378584,0.000479290313540735,0.0034118120468476,0.00146261630186483,0.0167699563710446,0.0065279607055987,0.0115908438558688,0.0064204281489258,0.00102027012625429,0.00711683110105846,0.0687898092597651
0.0273048171770362,0.00601156895756355,0.0026448443204745,0.0119826516215616,0.0517784388590787,0.00505293158698257,0.0429098796373083,0.029444587933327,0.0606609099455956,0.00682354528555717,0.00433640654117841,0.00552944774676637,0.00127265682020302,0.0183202354175959,0.0102063453485529,0.0170489545755203,0.0202035789779565,0.552972657356751,0.000160980739663216,0.0212060576783364,0.00375514917543176,0.00965527345152234,0.0124223151190602,0.0350666802433192,0.00534140383599324,0.00636108600886064,0.00220420314427334,0.00294556296514787,0.00839419587030074,0.0024058440895062,0.00483945318287085,0.010737336386704
0.000778419273716183,0.000891598529835555,0.0101371085185843,0.00746216904538494,0.0190981863294467,0.00311971022957801,0.00257037202260611,0.000664411923885525,0.00724647661976506,0.0149072933472041,0.0146049674453169,0.037100398436068,0.0028314827686467,0.000472400924441463,0.0205011126090425,0.00202308381103271,0.0107276057722309,0.0187211278787906,0.640408126217318,0.00806919556852938,0.0053678889679089,0.00656003852721219,0.00365711761052853,0.055817116262459,0.0206066983939588,0.00670536182707938,0.00178376791134754,0.0337669737848995,0.00820407549188949,0.00977692243176541,0.0154658054434704,0.00995298607605753
0.00546564088958726,0.000516723500244388,0.00113191544904801,0.00509795621201685,0.0322731688454382,0.00405005454515766,0.0603417646687486,0.0375862916849297,0.0632375764723432,0.00313332872759681,0.0101213388423507,0.0196573536000176,4.36526211799626e-05,0.000311816972144996,0.00149385349115924,0.0067137575223354,0.00778699762340161,0.0113730947339212,0.00527045878989327,0.569848406155772,0.00241172748397441,0.0112974745909076,0.00149831672321943,0.0421203924388655,0.000740845725785013,0.057528023255963,0.0113564322407181,0.0144231583221618,0.00146403869680412,0.00094042173821201,0.00433593485280065,0.00642808258330147
0.00474412613520624,0.000112058360814023,0.000258444961055287,0.0538852618055431,0.128781926153764,0.00448445458587195,0.0923184348866469,0.0410050303916016,0.0857350069590165,0.027777566070855,0.000110501521094977,0.0201104852257159,0.00128431188256642,0.00151124868183813,0.001922771700156,0.00808525017538987,0.00296691344317307,0.00368755750972656,0.00184774248868118,0.0536415736667098,0.33520719632691,6.42396573657805e-05,0.000821109296795406,0.0663800678608659,0.000418520056824014,0.00449305724247851,0.00160988733911719,0.0101735752064657,0.00626767135651127,0.00165669381665055,0.0019728638732763,0.0366644513613132
0.00560437031651172,0.00091354633699259,0.00170143880979081,0.0466595362539093,0.0936685375890444,0.00893863809258195,0.0997067131651,0.0566116729494239,0.0674593949618411,0.0171618416132822,0.00123270572012702,0.0605085185230284,0.00270553589530833,0.00051613427365629,0.00307920270781237,0.00778338780419988,0.00243912496179706,0.0315334273884953,0.00283039724873714,0.0704591955645995,0.00124062186439838,0.244058967871878,0.00144878436574136,0.0249974270352774,0.0698647043574783,0.0100615759715912,0.00491585851122628,0.0440866040216455,0.0129163764125524,0.00163121151942603,0.00188239866897522,0.00138214922357046
0.00654923078318843,0.00116942688585925,0.00303469067101644,0.0604932770778362,0.153759863728682,0.00537836209310543,0.1278415442305,0.0626627020016196,0.171582271608338,0.0292282594982529,0.00222014966590221,0.0102535527856719,0.00231407128413406,0.000827865315375882,0.000544937552164906,0.0242050931104063,0.00330339255741535,0.00560333086707943,0.000427588977730025,0.00558365427658077,0.0055107662536173,0.0101560129508347,0.275834606402002,0.000700527775155819,0.00241853471095155,0.00175239115160238,0.00098583904592575,0.00400340598376532,0.00877137407329126,0.00110808465706369,0.0042249263568946,0.00755026566803812
0.000122001861012573,0.000580245381435965,0.00165495281325995,0.0222254787034485,0.0508206342957188,0.00257881100592868,0.0673406532901271,0.0383392315818166,0.03640020895171,0.0022035951207211,0.00236849215010644,0.0483045710484959,0.00821322028572685,0.000388096318307461,0.0125966068876137,0.000650116795160118,0.00106887501972895,0.00323817671067519,0.00570008352561472,0.0712992269062675,0.0114973955323404,0.00404630453664825,0.0115313681047641,0.479465859677428,0.0168712148333924,0.0356695413738575,0.0128378395789683,0.0324956230281078,0.00346204283573381,0.0023123568593499,0.00574023178703016,0.0079769431995035
0.0187667115056101,0.00141220330020167,0.000413300676772492,0.0257261956923125,0.0883523854505451,0.00975935792268448,0.1442545286528,0.0342929327780541,0.0525577095342286,0.000744918902171029,0.0013565325747007,0.00847239079908593,0.00483109633116366,0.0151629000709932,0.0106002581025108,0.00267035841344909,0.00377142997570729,0.00301709538306435,0.00447103008254561,0.0513172601177133,7.84272524499382e-05,8.7999084259725e-05,0.00163567876747214,0.0523480693471995,0.420365427755746,0.0144326206343545,0.00301719357945224,0.00693025655417568,0.00759347022456531,0.00151338099734864,0.00361065206511196,0.0064362274715505
0.000863078552811686,1.21820330061107e-05,0.000672357037188782,0.0535826947149985,0.121176877634499,0.0103672208799757,0.0833502950966871,0.0479469463889938,0.10794155780738,0.0194476975778698,0.0036052918086344,0.0135318402040439,0.00399810693034276,0.000238987208269239,0.00101082975364325,0.00400870894192314,0.00146489526111773,0.000512548818758019,0.000439559071087623,0.0796840145180012,0.0112568031070944,0.00604028229275702,0.000568824589273964,0.0147699466283294,0.0209449690838644,0.365111767494979,0.00726588158462204,0.011428848486243,0.000426399852599493,0.00431207396537489,0.00388703707354286,0.000131475602088163
7.91263647863302e-05,0.000272341579931896,0.00139403674626612,0.0699324157742463,0.045322909132804,0.00129206345695577,0.0203550265782292,0.0318916297552399,0.027222389354041,0.0236473254073176,0.000874305464832057,0.0258203040236677,0.0192571154737365,0.00302243891884227,0.00428971797106416,0.00408059933356056,0.00398392756866797,0.000578427237648308,0.00128918114686814,0.064477794297157,0.0132969224878404,0.00369031602956425,0.00182124766245187,0.0163649176687641,0.0244215707539063,0.0948939096096457,0.448092508664115,0.0279973343869215,0.00758671507135555,0.00516907583846841,0.00487048859598273,0.00271191764512091
0.0111258105140053,0.00428943729899584,0.00842647296812538,0.0481256956739047,0.0619042196435671,0.00140963342092052,0.0564213586559617,0.0132730510868099,0.00933104933245605,0.054009443049952,0.0116498600704864,0.0952515978214791,0.0423283870502366,0.00204642147264477,0.0224358827066619,0.0151105278056327,0.0248076520553976,0.000611099304192641,0.00469912859369816,0.0110194924315209,0.00530662395300121,0.000485892447097233,0.00146831259356289,0.00346245589561962,0.00814237956760875,0.0219457172143469,0.0171158796135646,0.340954024155625,0.0746689949448782,0.00284163347208123,0.0179930249524442,0.00733884023352124
0.00250008567883101,0.00136962969264531,0.00178275223989646,0.101392351448815,0.230745270430337,0.00917079710347189,0.115113172951299,0.0539895357539697,0.0919188826135285,0.0499968232602316,0.00314819226390672,0.00121953191664189,0.0211787674453708,0.000551475945749005,0.000328517195716623,0.00163325577564431,0.0154064445675734,0.000292329236529023,0.00282141201332506,0.0172148609385587,0.00110995157792308,0.00102718748002415,0.00128715333380562,0.0109722845023527,0.0187532557342858,0.0106837732555408,0.0157312537688128,0.00507727862693947,0.17248388588135,0.00135265928318759,0.0339384066477943,0.00580882143594317
0.000835861288696066,0.000808619174984674,0.00305905833398067,0.0569813943045171,0.102866513720943,0.00664953399602935,0.0679837743277156,0.0321995445555713,0.0614306393941833,0.0316438071904681,0.00244939477424552,0.00306658941676728,0.00523933292672365,0.000819996502471485,0.00583869589823928,1.51243054675697e-05,0.00208288610554186,0.00113174297676092,0.00249082821759629,0.0139873685096553,7.3241381226435e-05,0.00520256174782184,0.002097841271422,0.0043418377275796,0.020137272729146,0.0204171732675645,0.00248085553801971,0.00415823325608025,0.00995440114926436,0.521421316835906,0.00440489681296134,0.00372966236244962
0.000623318604837141,0.00313795857886798,0.00276188383225777,0.0896471701717786,0.148578788666581,0.00987144931528272,0.0728722825735872,0.0652543804848184,0.0995814647724694,0.0344752186685403,0.00025323184131231,0.00608420315394765,0.01598579995403,0.00120593653418943,0.00152572210281228,0.00522346460762377,0.00889764944726431,0.000219353644241148,0.00131853954370118,0.012207904679215,0.00312508083910425,0.00239490726971228,1.01130956737219e-05,0.00772261322450382,0.0270655173878365,0.00605631688828151,0.00257696992439399,0.00876301174444355,0.00204370683960472,0.00615774807446254,0.354089058912165,0.000269234622460815
0.00380001462121857,0.00907270388105273,0.00144952173027999,0.00840336259736676,0.115710462407394,0.0233540751489165,0.138667576143018,0.0389506714579702,0.112532482531441,0.00443040033684914,0.00377489321122838,0.00301601009520921,0.000806709993244028,0.00298051182418526,0.0182658144491277,0.0102575813901481,0.0154772474100866,0.000215034304731162,0.0022949200025311,0.0982483232151218,0.00335107541009637,0.00658606385043599,0.00137103953687739,0.0724413158905096,0.0264014585907379,0.0231249872056806,0.00054159221419063,0.00590489334077932,0.0153051206562638,0.00214649617304216,0.008819441920706,0.222298198459561
