0.579427736631868,0.0199580856065058,0.00406152560091335,0.0160628662882781,0.00442554226024827,0.0499961119885118,0.00124314377183997,0.00924189794207841,0.0897595869850949,0.0012095685026614,0.00345811625962262,0.0114568504388036,0.00490178140400241,0.000258473147780157,0.00444278669381495,0.0287307411872228,0.0500818108823931,0.0126401067972226,0.00667674814788489,0.00694191730034333,0.0210207219483627,0.00649429808333699,0.00478774678465878,0.0150107860762124,0.0129744076827979,0.00829277087238313,0.00165802835038388,0.00170281438924796,0.00509523668101959,0.0101004640914623,0.000179144203664666,0.00770818299937934
0.000433490403348567,0.560223841773011,0.000259540459633145,0.00733377032921229,0.00581794105559755,0.0423999717526366,0.05248060118124,0.00186866213767562,0.0389675785485745,0.00188681199630791,8.01332064755296e-05,0.00122221733902039,0.000543015140061926,0.00058118628117848,0.00343787185070823,0.0312551863176987,0.0304846216390362,0.0233813625143283,0.000942917629321381,0.00387490991968368,0.0448241904001936,0.00501293254768855,0.00624895049848869,0.0190214462062119,0.0847925746780005,0.00147943977576817,0.00346947935536875,0.00214053306402778,0.0040828865518579,0.00266922470798183,0.00406215521184896,0.0147205555278135
0.0242536432238414,0.0071561654984787,0.788310530907966,0.005297901486627,0.00777818152379377,0.000473863862625357,0.0495260064159715,0.00471297309690189,0.00338494592583544,0.00412698008740232,0.00242341837883174,0.0137232006276421,0.0058443976709214,0.00308844844153652,0.0208871594069934,0.00246324056457589,0.00304170177780357,0.00198392516461997,0.000711400051146969,0.0044032354930819,0.000414165632979144,0.00886540958637515,0.00311331170850812,0.00297876612852619,0.00330067610187866,0.00719349953594032,0.000954350405574276,0.00212032024451486,0.0011229419863997,0.00815154568629426,0.00201692333599804,0.00617677004041515
0.00196527440792536,0.00104763585400888,0.00205196223983842,0.537938751223491,0.126717380930978,0.00905565554403512,0.0107070135818352,0.0104482470889447,0.0101413035531622,0.0218609466709246,0.0118964665756624,0.0876179704458279,0.000789407906892589,0.00187797914207966,0.000671996915007313,0.0190681290227004,0.000923407875273197,0.00169391803125121,0.00136420514557329,0.00397502877776085,0.010163013010628,0.000201756626227991,0.0149136574556319,0.014363298702897,0.0157206619128518,0.000449802847348306,0.0182712866690756,0.00168819831290349,0.0566744656556232,0.000185681087279449,0.000777630184597555,0.00477786660176309
0.0343256193074657,0.0187872541471108,0.00691936624021131,0.0195057159682167,0.758250553116767,0.0146687288218333,0.000847705062383088,0.01006310602015,0.0157431092370939,0.00611127783714449,0.0127838989814553,0.0117258419772525,0.0029089309040917,0.000533346360339345,0.00813846263612656,0.00877830692216077,0.0108254311134164,0.000333170955054911,0.000181283997681805,0.00506732561383421,0.00647954043488349,0.00832622814454145,0.0033552635810267,0.00235644105663303,0.00723607410505427,0.00140210524324375,0.00303131360285217,0.00601096359263635,0.00728750274285844,0.00125478099550021,0.00494607461057811,0.00181527667040156
0.056572201776837,0.00688490884504378,0.0198853890212944,0.00237331564880757,0.0567054182030815,0.580759814751204,0.0284366480536217,0.00607441289567338,0.035399777383733,0.00735005345384417,0.0144802950205535,0.00326607236361841,0.00350154413217587,0.00172861867006939,0.0199963152222874,0.0294730797594554,0.00440238590917531,0.00614254677431136,0.00054453285450137,0.00668024555069334,0.000636583561081641,0.0100186603301357,0.0129124022694078,0.00639742479817529,0.00425754016818688,0.0115560247563269,0.00412395397250682,0.00675866222427009,0.0380394741617396,0.00287998960673017,0.00142446661165624,0.0103372412498006
0.0623870411256555,0.0327958619918275,0.00873401021582432,0.0161591182822174,0.0236240085054919,0.0305395008799754,0.688512346181109,0.000763409417276103,0.00320540408502778,0.000895041138515957,0.00613636758387771,0.00688465849628463,0.00242326511355191,0.00193248462715278,0.0120279268759325,0.00904261250118045,0.00604415784531262,0.00218444522958935,0.000402001224408693,0.0070273405541611,0.0165023926917386,0.00435204790595475,0.00467753894243793,0.00432366461519618,0.0139251745430936,0.00279780056242591,0.00535132016298076,0.000854018805642061,0.00801623522505101,0.00198698142033949,0.00988161920755237,0.00561020404321454
0.00267473214312541,0.0048178206449293,0.00145684309983808,0.110068461567874,0.165223048732868,0.0175327880370051,0.059420011870579,0.366506108139006,0.00528312755926715,0.0266024374393528,0.00183289148987119,0.0440306516318203,0.00643451307602431,0.00311151523994408,0.00542966404685631,0.0399474935460268,0.00427053920182088,0.00499484847456764,0.000311085045147209,0.00742240697065871,0.00241500237155902,0.000360818760702983,0.0158003327094419,0.00445425373017147,0.0364302951649189,0.0033666051096726,0.0185669187630816,0.00202328407999057,0.026266998218097,0.0009789617434463,0.00187196230479181,0.0100935790875443
0.0107125888459878,0.0230817371165187,0.00520057859214668,0.0168343537031828,0.0230606428994846,0.0626065569560404,0.0870204962431301,0.00213956340696699,0.532854299433534,0.000427258325800152,0.00565162993958677,0.0161575770540167,0.000363314737443581,0.00186106637459368,0.0012179157115034,0.0905411250799153,0.00946865477536105,0.00918558665927191,0.000452992044932237,0.00476086406113303,0.0330115521163947,0.00666071559018991,0.000410010660717342,0.0322575678922054,0.00627015687819288,2.15888389040903e-05,0.00405929111461574,0.000587240543254551,0.000821257129264367,0.000619675244694395,0.00687044197294448,0.00481170005807196
0.000755924025954645,0.00337930319917447,0.000901932984677671,0.0283186670034649,0.00333205513608008,0.00813434339687043,0.00220947227965231,0.0112574510392172,0.0238869137936867,0.652281031693189,0.00804224868232672,0.0983443141145156,0.00144189887320239,0.00118000965754363,0.00187452962227845,0.00141216311670461,0.000218753743335269,0.00528662713980378,0.00115922233218261,0.0019242499439951,0.0145225901564023,0.00498407819409249,0.00387952356416735,0.0217314073641276,0.0177632342375457,0.00942868724908518,0.0133045236086209,0.00466436212364391,0.0487146415689774,0.000155417793238181,0.000859956527459021,0.00465046583478501
8.9521084955491e-05,0.00345357892955456,0.00214159889907813,0.000769343044036009,0.0271065613486491,0.103614372302489,0.0484100990462669,0.0324535131478765,0.0138532039710953,0.011640571396823,0.604334665402061,0.0146584873453501,0.000313374245167343,0.00382012721141769,0.00352495124525142,0.00351104701452548,0.000494779406176714,0.000500543705303813,1.85963432214752e-05,0.00542535017068948,0.014391928269005,0.00869155538988143,0.00286947506597001,0.00810657404149937,0.011083861213906,0.00389629620175596,0.0019118707432765,0.00993220169467046,0.044253153876874,0.00120094896089129,0.0116912333985247,0.00183661588375636
0.00163592230496874,0.000786963148636539,0.00189229910114115,0.00666726631787525,0.0297514561699533,0.0233263425182595,0.0353902556254549,0.00268588212241642,0.00889681827369507,0.00139841555938908,0.00475823595552202,0.700920562080505,0.00216074133658492,0.00239716756019828,0.0028636742435724,0.0159754266720241,0.00366848105524178,0.000684365428599521,0.00655781069652835,0.00595494980541169,0.00616694249866215,0.00382644469485874,0.0148478715873478,0.00935759518171082,0.00263574266015681,0.0346242416727339,0.00352498925321916,0.00597061177425206,0.0339455689223601,0.000456077834485909,0.0236922773537462,0.00257860059048846
0.0066648814199698,0.00515896692840176,0.00506142752776116,0.01931908439089,0.167474412607559,0.000705728949885281,0.118764699381783,0.0100532325568095,0.0268569858919095,0.0145455289186721,0.00220186954120783,0.00019368211987425,0.330609364496272,0.0019837098916769,0.0232345712440849,0.0403307678944744,0.000671885426683484,0.00520325520170329,0.000265265599678876,0.00935031251649018,0.02018102077323,0.00344806100449837,0.000684095832182018,0.0162101823297934,0.0364807736099643,0.0064195796148035,0.0106418022357718,0.0950231326234688,0.0111728733656091,0.00195420701037376,0.00564134383210688,0.00349329526241036
0.000403978263307351,0.000250785314479387,0.00965658580611099,0.00490170350837848,0.019468639298632,0.0521013761725574,0.0580887704477587,0.00809849404856559,0.00827629040107198,0.00640281320681149,0.00825428339346678,0.00827468475785918,0.00405019277938266,0.649440584665744,0.0339472136396388,0.0448996954587963,0.00386227544127039,0.00617853495128717,0.00133839720066447,0.00674901880058881,0.00625419986154774,0.00416055552356844,0.00656021404297592,0.0151407049881742,0.0160466499265997,0.00399006411669828,0.00829417832568884,0.000655778483327689,0.000225474681716874,0.000598918261938197,0.00104381733265161,0.00238512689874009
0.0106969265607006,0.00586040508841162,0.00327032187049375,0.00181969796390476,0.0410580586659841,0.00694552456989845,0.0442642794807259,0.00204446440667621,0.00102353277985601,0.00544525517903001,0.00569422059820533,0.0433137598831073,0.0293846422001956,0.00270315684224458,0.682064617695494,0.00902899144042641,0.00113908274777489,0.000642680726227324,0.00273387792830494,0.011404758544239,0.0056767964540265,0.0048552215538987,0.00387182873096118,0.00964973578296151,0.00524222091911569,0.000131740810385525,0.00017272335565542,0.0446811502279442,0.01296148914703,7.7981311146943e-06,0.00197983671353153,0.000231203001474603
0.0356996528683645,0.0623922699233511,0.00591201873708421,0.0160538100928194,0.0846994636297644,0.0901289380959617,0.301199114911972,0.00223132940213335,0.117847958020701,0.000671245865355979,0.00448027515626789,0.0193943061924736,0.000228767797564811,0.0031852679451971,0.00184784777027092,0.088432570634751,0.00682258933181224,0.0083483555557339,0.000665040402078384,0.005329346506224,0.0435723726545683,0.00643169412072714,0.00076959261061712,0.021005147142943,0.0406023844524559,0.000842531770133814,0.00697604812969988,0.00218950000470739,0.00197892452745922,0.0016674303914959,0.0128475784059673,0.00554662694934351
0.0126432023697504,0.000111229523591308,0.0074406316928276,0.00647234064753216,0.0191538556258527,0.0272710897505811,0.016351843562146,0.00636123206452595,0.0223443041515065,0.00770364639187614,0.00317254366834511,0.0171498322332256,0.00575120099261431,0.00251424641420149,0.0062059180252416,0.0249045066610074,0.678624487966545,0.00831696438054828,0.00443538414229839,0.00752047431215238,0.00743082964539394,0.0204439746795448,0.00623686908373578,0.018973291948727,0.0279332779597778,0.0128444504981182,0.000989066387048924,0.00170928242164969,0.0056988468059163,0.00215384292439538,0.000515210491699921,0.0106221225776226
0.000746581952789577,0.000507897688256245,0.00491293112660401,0.000871998960803914,0.00895671020978136,0.00114396155113933,0.0448689900303216,0.000419010564439414,0.0808275875891297,0.000938446731926659,0.00150048823390874,0.00292688033101242,0.00260141195196512,0.00285478305195789,0.0124612937781161,0.069749123671483,0.00501771858387817,0.623824041360566,0.00228626656897733,0.00171195010284915,0.00536031318646266,0.045958449721636,0.00421467953750377,0.058563468817775,0.00854383357433189,0.0055496726948068,6.06421478997872e-05,0.000893209048513025,0.000720491119080475,3.99878733504962e-05,0.000513592046390502,0.000453586192343522
0.00237472814802905,0.00445772074335405,0.00489155513781819,0.00378472806379724,0.00389160687755602,0.00496180781200566,0.00328165425577052,0.000115668034849564,0.0315125447990778,0.00133359853354038,0.0024529971986442,0.00967121634358175,0.00517869064376208,0.000807014322420932,0.00415341227821025,0.00456572166445331,0.00360163688905438,0.00211838507379044,0.815491232461396,0.00783207622053375,0.0150058382803141,0.00631987836402389,0.00827438005376851,0.00762890558917134,0.0111903920185324,0.000705853134176104,0.00447456761451956,0.00125979122189712,0.00429035262196704,0.0179553767225208,0.00510727018019383,0.00130939869726973
5.20450817138272e-05,0.00228869939076955,0.000649510692430849,0.00560518791997287,0.0246788029929059,0.0131352737582662,0.0967632068041453,0.00514758568784385,0.0330034052030969,0.00659950841819947,0.00755179918558807,0.0476578333226089,0.000570948216730672,0.00209586514619418,0.00137786579840019,0.0885519443188017,0.00086863274768834,0.00591095061783932,0.00745745527047564,0.560443158177004,0.000401010147341262,0.0069923856430408,0.00366704299852362,0.0224126375822946,0.00504342192318767,0.00443164682724717,0.00501893143310973,0.0028377726641716,0.0376468816085197,0.000867329572463824,0.000257898698097595,1.33621513267348e-05
0.00356047086549147,0.00857008709320043,0.0015986770585369,7.17714067648062e-05,0.00814476206150127,0.010170988955109,0.0390991502243826,0.0013486049933874,0.0238364898985313,0.00238910936687397,0.0010097450794678,0.0041712152115969,0.000525540505807672,0.000581907669832103,0.00132231434922554,0.0465776257550541,0.0032230670420386,0.00424603470171901,0.00339103753089984,0.0216423089375369,0.738783515039537,0.0063410470984417,0.00354689748287173,0.0163303610931579,0.00540433516229597,0.0148735147855538,0.00281264997646983,0.00123906761742054,0.00558636533980127,0.00468877052591827,0.00366368626788578,0.0112488809036885
0.0127980205945752,0.00352691319104821,0.00376171223582112,0.00226297418135812,0.015604937709403,0.0083477388445358,0.0440620743408183,0.00636939024921224,0.11456003545157,0.00278664660050405,0.0073741004194435,0.00197060586470805,0.00262507522474279,0.00276333100661441,0.00324090999710608,0.074005159101171,0.0138398811242383,0.00677310551679258,0.0129020618668748,0.00301757791767406,0.00164298924846996,0.578637092974058,0.0191238643959623,0.0258929535933728,0.00921560361759615,0.0107111844015573,0.000138279215079477,0.000444237003513816,0.00594835928217133,0.0015705215001975,0.00067814563635219,0.00340451769345692
0.0254770906635373,0.00859973730842917,0.00226049853649518,0.00162509959587614,0.00208434946787388,0.00139941187688141,0.0346123647127411,0.00383594133203758,0.0587173060337475,0.00128677475741334,0.00294961967273257,0.000118458293202863,0.00731455086095627,0.00728816316507453,0.00561078193003244,0.0588499937094445,0.0163699032300915,0.00428554603463505,0.0068499930691774,0.0129067186405071,0.0061456094232059,0.0258550407032095,0.650062099888653,0.0162448933109566,0.00694882827353468,0.0192980797380074,0.00307777507121968,2.62159568387476e-06,0.00252729683186482,0.00492815962837212,0.000871906580278742,0.00159538606412761
0.000271607821238233,4.88594761931258e-05,0.000160667861969406,0.00201017141199519,0.0170657188691713,0.0118010240127911,0.0853257747471317,0.00375919530712178,0.0295412827647808,0.0115043340001573,0.00608686414590314,0.0105930325174171,0.000182172182690371,0.00106277460929032,0.00427985648432693,0.0888811279173655,0.0020075736405293,0.00446116411300173,0.00788550762108771,0.0255684295247152,0.0402495079275842,0.000573526009891722,0.0147505445085634,0.557434920671568,0.0170815813159594,0.00993436404248377,0.00210399763070208,0.0109221669772939,0.0165325620600822,0.00379593709647475,0.0117913164396937,0.00233243629082614
0.0273369587503305,0.0412331534142391,0.00560377851667523,0.00800928911464752,0.00634550954995915,0.00587390968315698,0.0800187521042605,0.000216873758646144,0.0488410271696496,0.00152618291090978,0.0109509413217632,0.000894605391484159,0.00262312806953613,0.0052188267768915,0.0080346930270836,0.00205645197267609,0.00646032150099492,0.00593301235830917,0.00657628412981742,0.00640232357432724,0.011139757586344,0.0191669053601789,0.00348360573572518,0.0481753349517284,0.597313939050018,0.00817588843409817,0.00100469730559646,0.000433197606973663,0.00378923513606243,0.00141517806008931,0.000678659182045807,0.0250675784957812
0.00156510214286956,6.49211270411463e-05,0.000250998265132591,0.00158103173504915,0.0153695821456978,0.0285701474898411,0.106737091745191,0.00909821226490374,0.0231215817275402,0.00159339355167736,0.000104855423186915,0.0148361618200696,0.000131857278033171,0.000175014638401416,0.00578517131083178,0.117780498054014,0.00255890790780349,0.00137328514398606,0.00337765521981133,0.0104486687430729,0.0373748859610488,0.00195449391745426,1.96748166992645e-06,0.00385026718878177,0.012342399417535,0.573006869806511,0.000507072722659408,0.00621428424388469,0.014228684450644,0.00111916814895558,0.00441404774397963,0.000461721182721916
0.000195814158760126,0.000351037358556233,0.00092437863893707,0.000171380246868096,0.00980989052133174,0.0263452532309763,0.0654882276863319,0.00588110934709775,0.0200874537295413,0.00371578217043717,0.0146373280848445,0.0252744608111688,0.00197217618283657,0.00271263874628348,0.000576457784852029,0.128999622225527,0.00126701319459511,0.00291834244915479,0.00260648250820575,0.0139775814483079,0.0557145857368626,0.000755001822542956,0.00159304505131952,0.0250537544905387,0.0342599772446122,0.0156202875866057,0.492054772658385,0.000859300837950307,0.0389889849414662,0.000198665758334649,0.00257832938734156,0.00441086395942692
0.00373044545506529,0.00228981559681496,0.000624093562983442,0.00587754710022419,0.00763266094151224,0.0093385049901229,0.0515459157387579,0.00423535646292371,0.00228272084685163,0.00330387957851307,0.0294686873390676,0.00732041838380892,0.00300207681956523,0.000817574677030311,0.0335735185783874,0.00360506971046872,0.00077926928694524,0.000903345658114665,0.00284497480172154,0.0385435679336428,0.00179936512022042,0.00358555964881777,0.0262663255691952,0.0059125656054766,0.00152213560001736,0.0568366805769183,0.0119461982122081,0.636611558849232,0.0282138843614469,6.61943139958522e-05,0.0148322320435693,0.000687856636380998
0.00088258131982322,0.00017614152500609,0.00216993888269822,0.00557816329153548,0.0147673144214739,0.0527342244333136,0.11218783415685,0.000689039602463158,0.0186448785218646,0.00912859633497481,0.000337854473038906,0.000332283613091782,0.00488510434983867,0.000949607807920004,0.00633041095001096,0.0197862089253255,0.000607250921486051,0.00123911325058002,0.00397398364087748,0.0301838774181895,0.0172176668489349,0.00745389335888215,0.00303057253911265,0.0496016571700337,0.0169842038884759,0.00219743165774865,0.00789351774801523,0.0314702714553341,0.525041855889024,0.00495586441797141,0.037375756975265,0.0111929002108398
0.00693238786730605,0.00021187509204506,0.00684166920763881,0.000770175005732585,0.00300140400890948,0.0119817658321951,0.00702486614642854,0.000871792456799873,0.00747317014558777,0.000244497395061425,0.00076401710460902,0.00220677774920633,0.00244573029752631,0.000837616277909077,0.00137546553366093,0.00415569404679198,0.00177263493810538,0.000836682457252092,0.0265119868062863,0.0308026246300023,0.00476305068081689,0.0099020348459476,0.0297461846177465,0.00595271380722675,0.0011592337885597,0.0128208214588226,0.00559937143669462,0.00872022839401265,0.0026075472813977,0.779860085710696,0.0206590869756099,0.00114680800341507
0.000570847306677765,6.03957575638016e-05,0.00116982953389827,0.00232524441789094,0.016713350628568,0.042804479746629,0.094789324874547,0.000708122601903019,0.00306536142877298,0.0018114983369834,0.0057559679613746,5.26583911402129e-05,0.00461033086690239,0.000941975867004925,0.00127027193137818,0.021558920193,0.000315338539855256,0.000415434944860284,0.00724943231413314,0.0205531584241819,0.022658772995369,2.62122483403786e-05,0.00230071711747424,0.0801350280362744,0.00335888915314038,0.0122789146281394,0.00619873860325531,0.037225113267848,0.00183847772419745,0.000448146200135649,0.60341728981451,0.00337175614405091
0.0413985358039224,0.0424420040623668,0.00104301018223774,0.001944347245465,0.0037448382524902,0.0152317317139401,0.108278147791156,0.001079122444388,0.0109249298598917,0.0134704469813032,0.00588961510181162,0.000469512119198291,1.40681895577569e-05,0.000675358464685212,0.00055750912035659,0.00417520772017242,0.0147269327682417,0.0224421750806457,0.000394761405178005,0.00055636475286266,0.00520149885183473,0.00429685064330416,0.0193319376490821,0.0214584422788882,0.00456911530581723,0.00266274288495419,0.00756920092028171,0.00306489713763918,0.000994518988997619,3.31455402755382e-05,0.000122451908108501,0.641236578830946
