0.70662130410785,0.00599944720714818,0.00256321514304696,0.0225418141959519,0.00437375071829842,0.012078170489625,0.00729227805880893,0.0375534265234296,0.000973634481147503,0.000968994899831698,0.00538822038091571,0.00412473056451082,0.00866022667869421,0.000723177880788108,0.00357935861428703,0.0115040295741501,0.0106717248137872,0.00415295143166076,0.0146768867233852,0.0103591218535656,0.0375146663429486,0.00909991956302615,0.00334527419100557,0.00525623357356294,0.00727769515560248,0.0134975991685779,0.00445250822474236,0.00188020185447116,0.000705402923889003,0.0120046274614313,0.0131083018667548,0.0170511053331042
0.0241558287720435,0.392145505371126,0.00767205174608745,0.128549291145889,0.00501660274315628,0.029293640708949,0.0171192976606975,0.101379081427535,0.00641299606560411,0.0199217078907855,0.0098198729091519,0.00310259737225159,0.00293822920150213,0.000357772906707966,7.47460339282933e-05,0.0517160614923067,0.00198020782423474,0.0123631193331029,0.00590222051000194,0.0119456129647032,0.04158985978468,0.0233366346938383,0.000317986923864578,0.0490464536083667,0.00977939430397716,0.000688403219919073,0.00181378043535117,0.00103684738975603,0.000995393277418571,0.00617797358948034,0.0177311958479701,0.0156196328456136
0.00614924109690869,0.00956916410826175,0.490908873739901,0.0089530953506254,0.0689909162635613,0.0213346019171485,0.0573104918236882,0.00270128438454063,0.0394916980946007,0.00189282595506671,0.00177952753417351,0.00704035837421246,0.00731708742923562,0.00351540562259174,0.00982440975023954,0.104917702938041,0.0053310478160442,0.00202413030216858,0.00233330247672141,0.0463601991216919,0.00657614441470531,0.000702618626063406,0.000994515587696275,0.0513626418947894,0.00751850247214753,0.00471294859461923,0.00827807819965768,0.0122319623020537,0.00371074917969185,0.00255878349809145,0.00106324744413351,0.00254444368692703
0.00517200993592583,0.00296501041275821,0.000237163651075225,0.00834049203020693,0.00184455793404009,0.00467254248604277,0.00336370030385238,0.238913696495717,0.000881094139295741,0.127532474819567,0.101708338386859,0.137149192332571,0.000187190341278765,0.00237002087115952,0.0315863570888925,0.00511859919380251,0.000435391682161673,0.00148156275631827,0.000388349236760768,0.0951183863761027,0.00320449134529554,0.0117058739105075,0.0284046013556658,0.0754793479876565,0.00457359911706989,0.0041599785384945,0.00568737680795417,0.0680503011060272,0.000807316423537911,0.00851362810229144,0.0158587769400841,0.00408857789102807
0.00107351935601949,0.00260459758679197,0.00154526882987917,0.00592183116941031,0.563511459138223,0.0331439780284398,0.00490559453601993,0.0619811045962219,0.0992039983175658,0.00693606834501875,0.00257526662356909,0.00365189181208704,0.000139980342075325,0.00320508673060079,0.000481712424793721,0.13785889239594,0.000151042350348563,0.000465973677158076,0.000697931629524215,0.00454423103553335,0.00291390052374581,0.00707988199567745,0.00950819974752935,9.35163502266617e-05,0.000803787951688627,0.00593804372539557,0.000825665073577405,0.0159114224642773,0.000798473637299557,0.00277065883501382,0.00833077705500406,0.0104262437153434
0.00250557949307133,0.000554564727894759,0.00405400885838867,0.170770079048047,0.0126369117807376,0.185762553230508,0.00682242032071772,0.171216589187928,0.00443532886632867,0.102419004204782,0.0444598534620337,0.0114307901628329,2.64703932138745e-05,0.000754117493948258,0.00465872343183386,0.00411422307746439,0.000358842941148213,0.00788284600821229,0.000129612675021541,0.068274096415534,0.012132840386431,0.040514909033701,0.0294882173234788,0.0247451583823999,0.0247965750943522,0.0286491167222458,0.00396946222129054,0.00573919485701798,0.00034559494058258,0.00652400408698259,0.0184314659727633,0.00139684519910765
0.00535331669396486,0.0173744241033116,0.00681932100364048,0.0636227867716354,0.107066619044741,0.0706404076481979,0.417906728091321,0.137869442281945,0.0173768786209684,0.00662800870708134,0.00162960424452307,0.0069313939971309,0.00057610991438389,0.00883326584577479,0.00156445807899417,0.0453027924249778,0.000115225671681773,0.0034230127996805,0.00099780503630232,0.0040867894190563,0.00181241183902511,0.00707867983652283,0.0112724889172357,0.00906367054187364,0.00638208397844436,0.0100879582459037,0.00196391979723285,0.00905822537476829,0.00160649712671778,0.00888235003190471,0.00572094403493827,0.00295237987612055
0.00504181118779525,0.00269792260408914,0.000625895819806188,0.0779272747523709,0.00232352884021713,0.000139114242845694,1.18179064827447e-05,0.394965171615533,0.0019496562094808,0.0784050721218645,0.053809060345057,0.0861048514088523,0.000532714042437975,0.00171272385382224,0.0227232690460307,0.00263741834177234,0.000333542638688595,0.00187254203636664,0.000265348603838539,0.0920687368325446,0.000324405088131285,0.0114317395362935,0.0224357793133482,0.0637838915667935,0.00836391687906169,0.00813278858409772,0.00470191158201661,0.0338603616699417,0.00040691561656039,0.00512696737480775,0.0127091029073681,0.00257474743168295
0.00287329601765533,0.0026210021299014,0.00569178315125541,0.0185565321987856,0.0299540918817273,0.0011154173568204,0.0552606423577982,0.0184962452306471,0.540261723667158,0.014456000821789,0.00995712291621994,0.00103386841885217,0.00149893707162991,0.00130857945421357,0.00266490773476876,0.0806800117276663,0.00070523486538504,0.00543827595142903,0.00124438080381402,0.0587437048641402,0.0171256919737155,0.00577423997540184,0.00629925519816116,0.0725916984846784,0.011462829821182,0.00660299782856165,0.00138253661976954,0.0104657033016254,0.000489333452481582,0.00828977693766369,0.00210634735608721,0.00484783042901446
0.00366933555707545,0.00351508277078713,0.00115232263140679,0.0556974610223091,0.00229649957911037,0.010683738253127,0.0104346123156642,0.147161147729893,0.0113747856501111,0.287834304785021,0.0746308515277874,0.103380822092589,0.00356945217533905,0.00172739232778963,0.0315743400143541,0.0174530349856427,0.000209868783601985,0.000429113672101144,0.000226000795939863,0.0636247175807473,0.002808351937908,0.00771981636142523,0.0133240172625018,0.0549720893505201,0.000151983094172992,0.00248401889176706,0.00535760211683403,0.0528317265520263,0.00209498785523074,0.0127017468402789,0.012457165547609,0.00245160993932928
0.00524371452520693,0.00696805519652486,0.00278531453642157,0.0127377402154734,0.00989851005511307,0.010609266984066,0.00623721233430565,0.0569079541973706,0.00716575383181772,0.00119719235661212,0.0913782841415884,0.185677967118371,0.00404271837456823,0.000611172978212516,0.056336502569145,0.0105370493183973,0.00068703308913088,0.000682245028372833,0.00121037984001823,0.176175965781664,0.00919807921641702,0.00307127084286272,0.0134392362316382,0.175774364169878,0.000526617794192592,0.0110374155747226,0.0117738991679278,0.0638612666611981,0.00592766308675631,0.0256110354206325,0.0263372134704395,0.00635190589095449
0.00356981297620243,0.000703241975336931,4.24267233722662e-05,0.142821626652344,0.0499927332558487,0.0432098526664944,0.00250159302359412,0.115137513530617,0.0167597702219577,0.0543266532269144,0.0370584884908786,0.272167459513476,0.0269186114194381,0.00462028483069568,0.0206451390728278,0.00580233425511442,0.000656600173528127,0.00235282872287071,0.00136304267506459,0.025566033940687,0.0168083649967508,0.00323900793250675,0.00702736427788598,0.0223347706281513,0.0160918380059905,0.00157538758979621,0.000657140384052009,0.0742906708208242,0.0198322525016053,0.00610644606050856,0.00420461505534537,0.00161609439931975
0.00492936906911912,0.0114105718396361,0.00283047317544612,0.0144405634223307,0.0296894918879102,0.0192813216855063,0.0638709276372744,0.0379745036299538,0.189894298314923,0.00724319400977622,0.00611118962709625,0.00649499355586011,0.219768534998958,0.00433506950638547,0.0473305133886524,0.130274760214183,4.15481021174375e-05,0.00131218485378607,6.9939207023658e-05,0.0457823895126385,0.000682926138179205,0.00719009506038646,0.00382051393963872,0.0191058073660897,0.0477569354674581,0.012146704586866,0.00677971229489966,0.00012877214073306,0.0272812201089013,0.0254737961474981,0.00643738656663207,0.000110292544141316
0.00254400379971729,0.00267746648696627,0.000329950532966894,0.301536873319972,0.00823266155625169,0.00521737850742345,0.0195969292646082,0.171820655102313,0.0345992859955594,0.084696927483688,0.0117059819364729,0.00813587925555254,0.0127048570019146,0.242808961818806,0.0079855708640491,0.0362737019468665,0.000387618902442349,0.000269947660478797,0.00435149324788596,0.0103903708991335,0.00348228884088604,0.00565549003342684,0.00199248363669557,0.00550629342371954,0.00533850318722337,0.00400405429431224,0.000692295256878017,0.00318281085075102,0.000855906686026418,0.000817350555416336,0.0016320453337225,0.000573962317873853
0.00451969377067449,0.00954170916590183,0.000884127154946805,0.0338719387617508,0.0245734364692572,0.0230822026508633,0.0377854750309627,0.0727342148489416,0.1049949143043,0.0134642124004642,0.0159729749296145,0.0144841647865204,0.00571426946296493,0.0038261124925777,0.396192779892687,0.0827884926532602,0.000107676164939918,0.000305834824485735,0.000159938684307116,0.0404849462677328,0.00104199961952347,0.00452288319579577,0.00564029625885725,0.0086180116278416,0.0110587246074223,0.0141267145531217,0.00419695373842849,0.00951708241321715,0.0104388255752673,0.0201885813076958,0.0165792571660191,0.00858155521965728
0.0157601768147528,0.0193660743770962,0.00587930422474939,0.0780434853660395,0.0169586855164736,0.00576276318267438,0.115074754867513,0.0745111118778369,0.15805999539403,0.0266329725384216,0.0103741594432675,0.00297914889833777,0.000674423651148078,0.00576477299013697,0.00236516040777601,0.146533961874698,0.00283446077869831,0.00519194350144738,0.000568417298445252,0.0849933104410818,0.0147894704071353,0.011830857590335,0.00892194902654672,0.114310460221181,0.0207833427377965,0.0174070773567745,0.00319216563835237,0.00304405454384873,0.00721381132595171,0.0148457136718833,0.00302876765507861,0.0023032463804915
0.0231744316624103,0.00939092201736216,5.16269910299079e-05,0.069718059964384,0.0648190542631267,0.0121335910240269,0.125359370968356,0.118063200026459,0.0399358978149111,0.0057326969642324,0.0107812105270407,0.00059424627468612,0.00244219447977703,0.000531538517516341,0.000938676595280817,0.188042729151914,0.231783441765034,0.00227217533036194,0.0109927962710881,0.0148727860596924,0.00510811253444629,0.00422316561682055,0.00156390713797565,0.0103845256660454,0.017364419643989,0.00151802032398081,0.00138182880610528,0.00469627181167135,0.000428961295283677,0.00173954156202806,0.000452137516054869,0.0195084614169084
0.00341655746748586,0.00599660949231384,0.000641695194617853,0.0104197990499486,0.107467901695703,0.000765468907894448,0.0741891487204826,0.010209446926504,0.065557196430102,0.00352642937297761,0.0012432018875722,0.0169813150621928,0.00855279291856176,0.000119778636264777,0.00166095053160479,0.0154568287685527,0.00141575028719818,0.302018157606867,0.00345863297381477,0.0945693800610833,0.00181727410517267,0.000684979047960896,0.0190858655838347,0.0521852625931438,0.0425549774080454,0.028559239873585,0.0297686345302167,0.0731160790156504,0.000987844917269926,0.00109939826887427,0.00233195297432899,0.0201414496901751
0.00143998801397369,0.000974809179580785,0.000591944457988317,0.0080562267020329,0.000196314280437282,0.0237328632642549,0.0182017867981383,0.0347440239231912,0.00944718597869285,0.0038475823205109,0.00754899192147084,0.00581399189753191,0.000163518833742594,0.00451282385519313,0.00393789943669053,0.0136248167652823,0.00626159784714078,0.00239337298874143,0.689440430991312,0.0523999726621432,0.0143196570373573,0.00403955085355676,0.0314874759662933,0.0487005847944288,0.00097676282393827,0.00441124621196871,8.6567533700985e-05,0.00327987330922384,0.00204847050447618,0.000490192145250476,0.0010772403746949,0.00175223632706066
0.0017447778312612,0.00740456779079609,0.000804390377260949,0.105805115528086,0.0428695827802758,0.00462348119771993,0.0572176323154259,0.012003773158143,0.0017112066274241,0.0373581086012316,0.00961599254331153,0.000236862576746035,0.0166177827312471,0.00224790775845797,0.00261623281142787,0.0855347560392025,0.00435788424414729,0.00341038054063581,0.000422007344135557,0.432144011865087,0.0217784707877167,0.000395850351614143,0.0238805621646601,0.0176597343820891,0.0285008876435788,0.0242850038096514,0.0177433691981965,0.0235950734318926,0.00399859827873306,0.000562640768746257,0.000898325531515779,0.00795502898958285
0.00155058880850721,0.0115947247099764,0.00037343100142956,0.0298535447762491,0.165407721517439,0.000628490030634191,0.161799311552542,0.00616617653458128,0.0143559317165685,0.020173780017586,0.00651614366962429,0.00956819639304276,0.0148247426297953,0.00219582142204275,0.00129789630175199,0.202838210566998,0.00619683573010051,0.00361209098205617,0.00247585312636411,0.092443243554898,0.0980903738914029,0.00662847091290496,0.000563975244896534,0.0240095511814705,0.0274163493917231,0.00213618976067437,0.0129723343489837,0.0603097837270581,0.00455931275185083,0.00168044252383075,0.0019031277219462,0.00585735350107094
0.0010570408029607,0.000492566967159348,0.00121298163890161,0.0013239533130612,0.0532692112809847,0.000164162959564446,0.0236857414930793,0.00345785856004952,0.00814395960286939,0.006595249224192,0.0087142509352188,8.37424773152243e-05,0.00047706873726154,0.00168299749445956,0.00427973258639122,0.0101719133179502,0.00226744494313497,0.00920043429845846,0.00330356387411518,0.251956455436829,0.0250633251598879,0.312589004760908,0.00656206408972325,0.150649306995537,0.0426161861307087,0.0385726333856608,0.011382427827509,0.0135777264982381,0.000340918401618663,0.000359607905823027,0.000808414731050109,0.00593805416937939
0.000673067918340387,0.00420108291340105,0.00229556597562099,0.0136298213520734,0.0225976986342072,0.00184714413606757,0.00803935365918423,6.41260056776098e-05,0.00348963370817489,0.0241558055358047,0.0215922448425849,0.00142283129900494,0.000719795765756146,0.000547569598972797,0.00498738497852765,0.0100250042566782,0.00196777123940145,0.00103060632122374,0.00933141401422961,0.258605363678413,0.0155919086706481,0.0499164552415172,0.298478316846497,0.139643665689659,0.00673177355838483,0.0347962837897924,0.0265890418884489,0.0196022506173451,0.000593375941902535,0.00226549338299178,0.000163581909092524,0.0144045666303762
0.00156708259429994,0.00860035696778598,0.000932837667529134,0.107649035418385,0.0861789155913908,0.00429880114230781,0.0986301659250584,0.0139335889467253,0.00185881554201249,0.0426393112649513,0.0122928701400356,0.000756349882632578,0.0213343599844007,0.0027357001628512,0.00291541599522823,0.120289283622818,0.00526590020500541,0.0073840973768866,0.00164056676312928,0.0970846146473886,0.0296155697042737,0.000221380708631597,0.0209844580331526,0.169774516221356,0.0487184679884146,0.0189505289678516,0.0150833017440676,0.0435407463042895,0.00588434973309034,0.0016491452831665,0.00210190770104815,0.00548755776983527
0.0261079792041148,0.0216917593945842,0.00252179182869114,0.00845055374339537,0.0430731179157892,0.0016381474103449,0.00556897556676287,0.0101743414797773,0.00837049122299691,0.00571256818668098,0.00237256253193056,0.0213288509288422,0.0121740439394469,0.000182829159164116,0.00249338306120986,0.0153799587971013,0.00102745584928738,0.00777553272136083,0.00065699379087942,0.0532391084485385,0.0215563147359528,0.00313909208412565,0.0015826274414982,0.00407190207373853,0.594239972911381,0.0264547879291286,0.0219760677459552,0.0601699851463327,0.000212879410355261,0.000965321671387753,0.00578151625806183,0.00990908741118315
0.0080604361745032,0.0104831728885467,0.000115974419345491,0.0688577959329604,0.00760711890925309,0.0144579582832737,0.00308694787462378,0.0114519746326581,0.00421450913434757,0.0105249724240714,0.0100464784858522,0.0235521635494759,0.002113087308614,0.00152378429806448,0.00733142190729627,0.0048729116838812,0.0001551750915246,0.000196915512962887,0.00069783278727822,0.00987505157012968,0.00630314179297771,0.0363602356668513,0.0226568729003885,0.00501852708774028,0.000149999484180317,0.683390413209334,0.0271377998346208,0.00319970782834189,0.00363079622792324,8.23822544282749e-05,0.0108511353815515,0.00199330546299888
0.000477190775754449,0.00225908840205043,0.00106076403596353,0.0533298511954854,0.00977880621985402,0.004526988616469,0.0113689629520181,0.0268730759013444,0.000171953451717393,0.0230189263475971,0.011599464632266,0.00469953380202946,0.00118684001582953,0.00242077781116473,0.00037675157796178,0.0190113781310048,0.000918924309395199,0.00230403367228997,0.00344402420089029,0.0246822768608464,0.00139769816605963,0.0426594295953564,0.0636372151648012,0.0297660248015259,0.00981832182028083,0.0123359892400159,0.617852497113223,0.002244469181596,0.00242754659958491,0.000647850095686215,0.00569655518042671,0.00800679012951103
0.000544102944940639,0.00352396091491347,0.000596545419752035,0.121103172431253,0.0430162038329249,0.0188466329652144,0.0259847686809852,0.0870892455427386,0.00423434579548697,0.0452583226860954,0.0175902126190521,0.00210547299790017,0.0282650843040176,0.00123873262111658,0.00117045643075826,0.0585270792935711,0.00121816357530144,0.000869435653757657,0.000783943720765092,0.0374821905184637,0.0152057972903399,0.00273527042098979,0.00313723050685465,0.0175129884792883,0.00872971193098869,0.00137077491541796,0.00467199455149037,0.418220785811659,0.0185218974826959,0.00575503817971191,0.00415440860500097,0.000536028876554879
4.52089574814241e-05,0.00219282779877141,0.000438862714196543,0.0389591677962649,0.038299025992432,0.00303197460393086,0.029987617338794,0.0439714780320845,0.00151769948311097,0.0127457576249769,0.00168479232653273,0.00622743761246187,0.00524271737889948,8.02765330332327e-05,0.00159051108145453,0.0488004685419183,0.00060923985377163,0.00174634602314951,0.00196676991054368,0.123314729989902,0.0272798185479606,0.00246449993130631,0.00471072320711846,0.175490394805937,0.0204311270019434,0.0246245831901292,0.0605299612307606,0.0801053299548135,0.228896367942779,0.00751381402385837,0.00518231083326041,0.00031815973642301
0.000242267870921287,0.00564274257119799,0.00121740220131331,0.0132436484373425,0.0258647110221917,0.000415014870807966,0.0295574932218902,0.00758533301365835,0.00330287940883569,0.00843747760499201,0.00180293477902995,0.00456029066792433,0.0100497064729052,0.000249760136229809,0.00522606979007752,0.0386796682758515,0.00410233227626742,0.000563182846174381,0.00631599417925975,0.190699378458702,0.00335950083687193,0.00358806473474479,0.0175635426637126,0.101963372193828,0.0123100462581579,0.00300608116055228,0.0074388743108002,0.0220216674615716,0.000774222414256586,0.458313852988602,0.0109688068062929,0.000933680065036182
0.00771677475212476,0.001927009690451,4.83895944197452e-05,0.013768245129465,0.0668232274334791,0.00522416292381131,0.04652233939007,0.0028866039351692,0.0050560506387544,0.00215646778683619,0.000949149491114868,0.0453082812278147,0.00900761032497385,0.000368116302814311,0.00842297657581744,0.0311088076736318,0.00318770867363744,0.000616946736817691,0.000389935237189643,0.00956753964074884,0.04206773146488,0.0200335090930135,0.00118732823560206,0.032509514604724,0.0113304335369494,0.0147218269313448,0.00348878384159986,0.0556779672388933,0.00478098000531853,0.00285006892876733,0.532313574971496,0.0179819379882699
0.00136584270134647,0.00300963375520534,0.00154019683172813,0.0437500604114374,0.0135828964452395,0.00314560965842987,0.00455276277379474,0.0624022656833345,0.00166839450327367,0.000814280766415985,0.00648917224308126,0.00481252882937943,0.00243414112323879,4.72969893299692e-05,0.00300916881978123,0.0103751823228259,0.0121411449130939,0.0196373906344996,0.0098424823140141,0.0694514931312401,0.061672017366073,0.0715530847024472,0.0022542370949022,0.148177461801306,0.051383312409681,0.00708937425367952,0.00749145045837595,0.00484827184429342,0.000577600547617098,9.23079641089658e-05,0.000853211526811434,0.369935725180014
