0.220033445518096,0.00406143630443088,1.79025638540053e-05,0.0113103877241776,0.0817932556545999,0.00299841180881677,0.128980145767713,0.00528822136362476,0.00395630020132172,0.0150746995294511,0.0893805603742121,0.0604770277120551,0.0220518984025308,0.00494505054181035,0.000784310715115811,0.0595581693090027,0.00529772864088543,0.000896544952787785,0.00043750200735511,0.0263179055506718,0.0608930839235227,0.0185863273225077,0.0148686776752481,0.0404251442698979,0.0145356298265179,0.0085694921150196,0.011954529176414,0.0637586386074659,0.000997142414026077,0.000159314541047883,0.000550652279530304,0.0210404632062898
0.00162037109933644,0.0741190895012617,0.00251130180346191,0.0391135739403418,0.127116132450124,0.00502145036539485,0.173440636407141,0.0613384688438207,0.00575191228904746,0.0510914131729376,0.180976897926527,0.069390657760309,0.0644840005605212,0.000738573631700629,0.003608745650304,0.0122118899521971,0.00107502831388486,9.5557450291152e-06,0.000137481075403168,0.0262595054843216,0.00755511099621069,0.00271092537126746,0.0194532019926811,0.0240872194628917,0.00134731819287204,0.00847853743234452,0.00211577411862467,0.0289780783295924,0.000190683650332454,0.000428152717093702,0.000620224962966992,0.00401808680005648
0.00103974986540006,0.000916847236984569,0.0794865498591108,0.0598815221582016,0.0804722315782927,0.000683720983853836,0.127558271368117,0.138851057505513,0.000422741380912212,0.0216387923934421,0.129945792434915,0.125966201371093,0.0723189890202347,0.000871331076301346,0.000549005563843491,0.00618009316242746,0.000205276139198821,0.000176418069733765,4.13521239685811e-06,0.00531128102349792,0.00511187770336967,0.000155542301868048,0.000447425205327746,0.0153068373736289,0.000358453507751934,0.00857093491437407,0.00336324585342778,0.112920884514811,0.000679765330645858,0.000336039440292865,0.000108680170607524,0.000160306280424627
0.000287418954368138,0.00396462938704053,0.00526350906481005,0.124467510664957,0.0540607354117337,0.0345170637892715,0.0960849817927924,0.065739087018166,0.00144633235814699,0.14862089808376,0.188675559223137,0.0453842899029163,0.0249315660602889,0.000164257221333326,0.0029509276571788,0.00297776778711698,0.000457754846962518,0.00235172293045945,0.00041204660656726,0.0083691944525499,0.027162337642649,0.00988715885039124,0.0336391715457555,0.0340398474348796,0.00772871402719788,0.0153441681617161,0.0217671016945112,0.0375807142591491,0.000406029995326539,0.00047640076478332,0.000286578117381973,0.000554524292701308
0.000520554050258365,0.0018336509169064,0.000793551505712431,0.0441988884732397,0.21930551877102,0.00252518516749809,0.110747215729723,0.0843492375331882,0.00109972863392163,0.0181336920203169,0.139724703865375,0.0845022466362525,0.0732139439872833,0.000593398513490739,2.06951011835654e-05,0.0156824742255385,0.000149515145714693,0.00163629076313552,0.000319391689732072,0.0359045621036703,0.019730546415744,0.00376490585698112,0.0310289876754033,0.0266944697142358,0.00453592492502545,0.00142708488226326,0.000611783366445589,0.0654735521712968,0.00423723360171206,0.000397909808917588,0.00196309957473247,0.00488005717408133
0.00160327999314198,0.00101781366515833,7.09497121264108e-05,0.0412394533335553,0.0775445742735805,0.0920622670030799,0.178806504046535,0.0968664645662446,0.00419905350950044,0.0413405480463695,0.18949380226968,0.0811450317107652,0.0796099746775978,0.00078699219385438,0.00177834855258852,0.0138636086496787,0.000133855004580315,2.225442530167e-05,0.000125378230733746,0.000554401653086062,0.00453833302760852,0.00214006562678897,0.0170062688874896,0.00196079959204788,9.93967533790618e-05,0.00215294366287996,0.00033492275126491,0.064491710041429,0.00299792471913136,0.000551798079195833,0.000944153905500716,0.000517127436124982
0.00157274605080061,0.000129376782669935,0.000275246277193595,0.0386752692780247,0.072129970503081,0.000674688939986981,0.349591862120824,0.0994718984031519,0.00249963282511755,0.0483698256428841,0.13426681847698,0.0725368192611184,0.050340418269347,0.000401950343846745,0.000306887517008787,0.0130758107256278,0.000235665208355732,0.000108690560729595,0.000366275094833645,0.00470556556613946,0.010073345949334,0.0016374819834237,0.0155282521026577,0.00795137772982085,4.03268055902813e-05,0.00330524357368664,0.0017973255948387,0.063398520510564,0.00325236188964278,0.000450711441063441,0.000367160707684247,0.00246247386397263
0.000413446441288457,0.00527204390842854,0.0072812869737284,0.0530938326791259,0.0967648409126487,0.0358155313787634,0.139842420350725,0.145402681741379,0.00122060489483959,0.146625212483594,0.178687963754053,0.0307814629866227,0.0194840845886488,0.000735048804697042,0.00379244039961739,0.00723018583606765,0.000369728938044038,0.00303108276654959,0.000727750879254888,0.00021307568198496,0.0189264640833126,0.00753982391430455,0.0160647944945267,0.0146988697610854,0.00988549669723894,0.0102133305756316,0.019636028804065,0.0249392133607134,0.000517610600051434,0.000362366430762284,0.00029504255204311,0.000136232326204168
0.000136534741895984,0.00136179622702485,0.00100193841073737,0.0749235201541145,0.0780253076602018,0.00111379522192912,0.0579828942619409,0.0985677556911557,0.153973370353706,0.00605343188301201,0.010080818376342,0.130264315207429,0.015247431688519,0.0006653692062264,0.00678176066200543,0.0122773362141714,0.00112367017154585,0.00242478920598035,0.000738896060716603,0.0715175575070294,0.0270978752261511,0.0122044922576367,0.064182771121112,0.0562853459603066,0.000240232080476581,0.0257675664190684,0.00303170816088741,0.0630411876280976,0.00404051607563224,0.000333198441011768,0.001994073646884,0.017518744077052
0.000138869757499769,0.00242750246136254,0.00217530819975481,0.0459363222033986,0.10871129105585,0.0166867830776744,0.0635456764897845,0.124466379846182,0.000111604351445904,0.26483984333021,0.164481573499344,0.0424663524790561,0.029897755558108,5.28354228951391e-05,0.00311703112799669,0.0109358025208201,0.000916123722368467,0.00214667400285305,0.000339417618153571,0.00342270610609578,0.0106524301911334,0.00691180988618596,0.0135327387135495,0.0176422611364772,0.0070671038856329,0.00728366636282333,0.00979291259662116,0.0384617680602714,7.58360293181573e-05,0.000639497996642551,0.000299760612907659,0.000824361697583588
0.000194115652481072,0.00337350268834493,0.00443770582268957,0.0427762039934128,0.0951012205436646,0.0312044717470836,0.0985549201985082,0.111614694623348,0.00350307004946069,0.128659240066132,0.0855382046400356,0.0785684471854843,0.0367574012120273,8.78696333598794e-05,0.00794310236297017,0.0080452230061124,0.00122826433521545,0.00207487125332104,0.000836271663704039,0.0130135243833245,0.0304531973524171,0.0149060734337917,0.0456760293155266,0.0461312249382764,0.00736724141295524,0.0146844928701756,0.0168056381537833,0.0663392103975187,0.000112792141628139,0.00176908365839819,0.000691399316334026,0.00155129194851585
0.00128894302070183,0.0008729466622404,0.00252728206765852,0.0358586098568783,0.0510568926251385,0.0106629821315088,0.0553457006464478,0.0642809711552801,0.0010625816662038,0.0472900711375394,0.0662512575191852,0.170356890652953,0.0444006188587817,0.00228075461681358,0.0207166360734625,0.00299374714012051,0.000996819185268389,0.000248841993342805,0.000995360036621813,0.0142181554576221,0.0112224834383831,0.0187022514620584,0.0257204702306971,0.0313682769150433,0.000426327113848323,0.000984481942855067,0.00638599583506711,0.294389501211672,0.000443385699486667,0.00575035325824081,0.0100637976510178,0.000836612737861678
0.000405904156767593,0.00209518572971377,0.00419617627342082,0.0354942591668487,0.0774680950361683,0.0258153738186899,0.0980877463867143,0.0808105546627167,0.00496176088857888,0.0858939791236465,0.0885634561793512,0.0797385435198281,0.128994058427198,0.000236912456202961,0.00940202492012009,0.00703427085435742,0.0011954833523665,0.000835025682794171,0.00125951406609274,0.0175402706872108,0.031041961434458,0.0136729696052038,0.0447376278742699,0.0515466387181441,0.00347323066102621,0.0109950118192261,0.0133636135857186,0.0732629520667848,0.00023632934484115,0.00341426803643242,0.00246713509339753,0.00175966637170948
0.00116325073841495,0.000624860179837087,0.00130160696261278,0.0579993888803753,0.0222701777361659,0.0126040555365885,0.00514348839666919,0.0442879457106489,0.00376259104166543,0.00342741948866668,0.0498307161347868,0.291411678472252,0.108385107268761,0.104149109271695,0.00855964450753807,9.11507872030798e-05,0.000238073088995863,0.000181028138258605,0.000381129396320662,0.00671780941190483,0.0144181549610582,5.18403336811952e-05,0.003361704194337,0.0193174267849303,0.00229786584217774,0.00448278869310659,0.00535404117369236,0.222829168052605,0.0012146681712306,0.00096640250636892,0.00165061789644509,0.00152509024100686
0.000123276245972925,0.000898730211087871,0.0034137873492726,0.169770910473377,0.165411566794542,0.00252603038870717,0.0884050560550976,0.215108296038077,0.00141770272201053,0.0365082401403026,0.00237486967705836,0.0304741273521314,0.00633584370616129,0.00326272044697571,0.149603749504343,0.0155525632589736,0.00173343683927341,0.00135578545075117,0.000688280632439769,0.00661581632125676,0.00465252276738071,0.0118979333897224,0.00538739864929202,0.00771205020365951,0.00431147914006652,0.000317087235705555,0.00920587947863578,0.0372925808735277,0.00229619468850557,0.00348702266142713,0.00761537451009233,0.00424368679417426
0.00833962498591853,0.000571192881600776,0.00181544804917992,0.0609635890424528,0.135546453090416,0.000498876318909424,0.24484799985551,0.12736688506213,0.00879907174256325,0.0307327739156809,0.0813648157162734,0.0771482592298474,0.0346670437685824,0.000250253579571481,0.00117237694731651,0.042774449030651,0.000621921944300915,0.00359074420327986,0.00332752713311164,0.0161740870689683,0.00309157374587158,0.00562115920671627,0.0217275376025576,0.00414022310499666,0.00403761048163882,0.00528497653559127,0.00392610526485623,0.068505203605797,0.0024661510111847,0.000198502352748273,0.00022231042335394,0.000205253098422553
0.000798071324276827,0.00936218396422929,0.00174573139678617,0.0199436765975115,0.0418025626415002,0.0135716000512152,0.109979072209635,0.0516484974674327,0.00587390035869606,0.0680779519966496,0.127542131149757,0.148035380949753,0.0373449312383982,0.000160604929437733,0.00151755507544157,0.00567792011316371,0.0494865086175326,0.000944325050995464,2.18675753992473e-05,0.0322200105477008,0.0445613301526966,0.00419793685011,0.0485643119396983,0.0208491440312908,0.0150760938701191,0.0086575549979307,0.0071654927128226,0.103851101017433,0.00321669506828638,0.000149946200813784,0.000621910808296892,0.0173339990949896
0.000898670971344546,0.00160987419853114,8.10218702980604e-05,0.0261576738891967,0.0524103314377925,0.0055556615565008,0.103610321381015,0.0254173522482713,0.0186622676799676,0.0166318945094757,0.0577649769254844,0.263133087677717,0.0404921925753376,6.18346500777799e-05,0.00321852985148753,0.0241419529551734,0.0012971782313784,0.0764779635150533,0.000738622841890209,0.0052861201126921,0.012138891903482,0.0109467416247093,0.0480518562141214,0.000482006205883606,0.00176739639800292,0.0056312364779369,0.00574980946537815,0.183432086023562,0.00490005221331665,8.83761307473955e-05,0.0012446090239278,0.00191940924024641
0.000463484380689751,2.2588834276767e-05,2.04173334835991e-05,0.0733482594458803,0.0315092412145884,0.000183458814444692,0.0128090900801845,0.0916010936142238,0.000304280289103416,0.0234792921886969,0.123155266325549,0.107804392358499,0.0629825740520742,0.000242891512540708,0.00111676416005993,1.11770580078052e-05,6.73674760040316e-05,0.00234670389857136,0.0925632901263736,0.00813193552355965,0.0664104008536016,0.00210613882432621,0.055092234107934,0.0680897804314068,0.00330396869438704,0.0464390799661458,0.0432489680488606,0.0642330798609126,0.000411798057971623,0.000558662742376191,0.00203517311185021,0.0159071466134163
0.000811123852343699,0.000113142437685587,0.000195739088545084,0.00666947460913783,0.0355647277436844,0.000965114181449981,0.0770546295146778,0.0101841217214895,0.00227422478798573,0.00981004137568107,0.0736967976005982,0.129124965462455,0.0456901003220542,0.000417335651264552,0.0001051286196885,0.0135947005648103,0.00160948470479685,0.000979292546149452,0.00110048140357004,0.286170296981938,0.0401594729956471,0.00483914146713943,0.0546935679682676,0.0598560432320898,0.00186980058913471,0.0158710820194303,0.0204133001442069,0.0880462885373626,0.00579087502294787,0.000442046217229938,0.00124484040823115,0.0106426182283063
0.000501896794448419,4.92820174327754e-05,9.19448016793272e-05,0.0030963058369143,0.00852003065695642,0.00539663687393825,0.0259986325871153,0.01714898932131,0.00277320086949341,0.00867515985745109,0.0256360660331887,0.171812580204058,0.00737677191446704,0.0014841760354645,8.23495170431376e-05,0.00138386655897745,0.000760854659930679,0.00404586221399867,0.00107150239804493,0.0575337533579377,0.198427287916937,0.0235331692696541,0.0934441483954605,0.111373297630964,0.00694723543116648,0.00351145471473057,0.0198385350778345,0.168977704272636,0.0208606851933126,0.001378959441638,7.76808856357297e-05,0.00818997926017974
0.000320575264375532,0.00199780227723434,0.000107511528563313,0.03683086319955,0.0146147292826501,0.000129635418867135,0.00900517474908118,0.0266882004680328,0.00665580910000378,0.00267672911679374,0.0126804622566049,0.0626127563832605,0.0056241539784603,0.000856192711796848,0.000175867888791454,0.00590964087578126,0.000313348593489644,0.000965430659743771,0.0026283351863187,0.139023985969584,0.0748712978559832,0.126016990322664,0.121135182070411,0.207155357711392,0.0142805922300999,0.0221853653547518,0.0024936490759257,0.0748725164653837,0.00497883513792999,0.000106824826949845,0.000113613319511154,0.0219725707200144
0.000652779450598861,0.000574414070750468,0.000111711597350008,0.0254573792957564,0.0224314806075008,0.000960432488399865,0.0303623749957162,0.0322761720165061,0.00693936200960789,0.00903635458027703,0.0197903153205906,0.0570013470525857,0.00757188523687213,0.000477815360447172,3.00859522413781e-05,0.00808695491218481,0.000187862241515877,0.000904401484468567,0.0042579127278892,0.136038836583407,0.033696709175649,0.00296244681404455,0.301383796190089,0.18540970630031,0.00718213244387573,0.0282665816365325,0.00437529034167526,0.0614719475086358,0.00483022134424834,0.000427763584448459,0.000175182902450603,0.0066683437733742
0.00109603703791093,4.35444559570343e-05,0.000323400795470023,0.00423116727165031,0.0294863181744083,0.00382582165293804,0.0738549593011213,0.021519269031395,0.00175882059243516,0.0124601675492928,0.0937360063436199,0.23107387502696,0.0557244805052799,0.00125367796868714,4.77789223122599e-06,0.00968448637080288,0.00179859234825077,0.000913231168798257,0.000928547857009336,0.0549911424433332,0.0506185559463746,0.0137391449675357,0.0524379139930262,0.00611463116988868,0.00309472439530756,0.0212054386327883,0.0524061355371711,0.173843030090963,0.0132279426556946,0.000503949349131997,0.00130667180310778,0.0127935376714589
0.000381600831346363,0.000372771758320974,0.00074288367316788,0.00021517213433588,0.0547760467542411,0.00183190939421324,0.093986416044192,0.005058278735799,0.0153698488069887,0.00803341847233462,0.022249110999774,0.251544836685496,0.00743903012952011,0.00174741787192142,0.00137968635024679,0.0115332161299014,0.00132645479465434,0.000839199111097116,0.00300470774264382,0.0100587407440264,0.0371868922639819,0.000234568692182086,0.0222584639420467,0.0137634739582413,0.196886395504511,0.00334283023383141,0.00464778105553327,0.211310016649952,0.00779643032662261,0.000233184793889008,0.000722039434079595,0.00972717598090806
0.00124495612464508,0.000374091124166086,0.000197515642523672,0.028861185668767,0.0493409436240884,0.00122909620464929,0.0908936430986814,0.0220057456964678,0.00177203831737611,0.0130813678934034,0.164291248068795,0.10317759308199,0.0911021191896884,0.000715448481498999,0.000253026214673296,0.0181953212917223,0.00191574676509466,0.000694233873490379,0.000504952767024394,0.105323394027246,0.0309524594595771,0.00641265132819759,0.0667081267846762,0.0545147802328251,0.00464484753561858,0.0305038730149788,0.0160814253339722,0.0642417715986656,0.00336383652418955,0.000226752359744535,0.00695322422783105,0.0202225844437321
0.00109853207892167,0.000168009350360946,0.000209284745753637,0.018449347393175,0.0321874819072129,0.00339722784765558,0.0721635425805233,0.0130700077436632,0.00119290545183499,0.0101463297356067,0.163514711725823,0.167072948620556,0.0935653411908499,0.000758923471848594,0.000110597206989097,0.0110259520468292,0.00173112273892973,0.000774580097884923,0.000413768529318565,0.0419165797546346,0.0118569080604383,0.00807977924469863,0.0362939343632799,0.0127773254403837,0.00311929710716079,0.0149673051636115,0.13171611974726,0.125420449199483,0.00619854827264112,4.98631219511585e-05,0.00695363577104372,0.00959964028967639
0.000962445140726447,0.000362226411265043,0.000953703747764169,0.0191611185680517,0.0205506915448246,0.00426769371399575,0.0197811436078079,0.0323278271260303,0.000567506099269863,0.0201556503027566,0.0340679437171922,0.253524544465277,0.0293008964996477,0.00156895130884914,0.0134135434144487,0.000744296074756707,0.000735815547299139,0.000141717398527289,0.000516697108511765,0.00797343061059085,0.00338453708406753,0.0124732652319512,0.0157496891425832,0.0108445650476216,0.000228325771063272,0.000635904824995835,0.00199064519218922,0.481528346312205,0.000217958541998226,0.00300545940223064,0.00674942018969231,0.00211404085180931
0.000273193235747867,0.000181206171554957,9.46849366820654e-05,0.0140582820667135,0.017588599628775,0.00663504621839184,0.0790100655270987,0.0102440764275008,0.000159965368644124,0.0132952284016877,0.197357548338557,0.229247088241172,0.1193081736641,0.000435270091025908,0.000453973477590529,0.00392332250157239,0.000703200664782998,0.000454868444593203,9.52190987182016e-05,0.016218437728933,0.00132403719381636,0.010443112653945,0.0339209799076608,0.0281103331867322,0.000401917278733602,0.00139328798607381,0.0114984461748096,0.187536821070506,0.00942940691952632,9.00889060862391e-05,0.00472399997219818,0.00139011851607048
0.000751261877290079,0.00359411059708108,3.93225617646499e-05,0.0225441027823887,0.141319098394765,0.000184886807756016,0.122210171166053,0.0662092237124272,0.0015971784542499,0.00186881686269422,0.00425630351842992,0.145230805327286,0.00883992194101258,0.00179993400331533,0.00250574621882055,0.0182644668636339,0.000323624050471296,0.000407670164968808,0.00349658864321232,0.0703807528824179,0.00343048693778832,0.0349487498331186,0.0562089805430483,0.0429868828337283,0.00199455169992695,0.00379793472569689,0.0107429336562585,0.120221448456558,0.00387763731712752,0.094156221072026,0.00974501511445004,0.00206517098023418
0.00297762918036512,0.00138154288671637,0.000229941792929426,0.00761325622956904,0.0618922026597993,0.00471316708326314,0.128628686882243,0.00324654484830666,0.00150752496753142,0.00626358997641359,0.0336271457396969,0.0285520658206282,0.0410557946683864,0.00234789901889016,0.00687304851008726,0.0137666488361194,0.00373810128162953,0.000351091286000859,9.48229528608585e-05,0.0484223415834052,0.00785049837352922,0.00684103974157851,0.0338379404678585,0.016347095865089,0.00283403549023587,0.00992130178344676,0.0210077312458842,0.0373751771001457,0.00402793461229548,0.00570221229131562,0.443405759307413,0.0135662275163663
0.00274498019607823,0.000398180147203139,0.00071311124831137,0.0175890227606322,0.114016265644399,0.00388625093983457,0.183199494519072,0.0512382319931544,0.00323013192340092,0.000642391755014576,0.00564473795566056,0.155205718771846,0.00344112064089006,0.00242802264936904,0.00113755174895563,0.0177928673455311,0.00122607068955608,0.00374455882704873,0.00630467166991693,0.0208265233952814,0.0483031922419955,0.0191096925393121,0.0511654692089004,0.0344085572580486,0.0556779344298333,0.00839526806702195,0.00983271977784652,0.107080335287122,0.00263252662033244,0.00030072102029864,0.000893552752874135,0.0667901259752591
