0.740315668770462,0.00361271628537875,0.000482582380494679,0.0145220103978352,0.00264685054549009,0.0382046845381505,0.0187603528908691,0.00653266815322093,0.000491820672568067,0.0446806522308916,0.0371733255044968,0.0109858128761528,0.00555070643980821,0.000171212702292785,9.2018068599734e-05,0.0276628355262015,0.00747016587418646,0.000630071918352526,0.00226035699204202,0.00160060789801635,0.000659280533933539,0.0029439824204653,0.000921259263011436,1.50093289807252e-05,0.00707709394958394,0.000660878482599323,0.00276381754039472,0.0144828366798862,0.00012038887165054,0.0034952390699552,0.000311580282184936,0.00270151291184404
0.0103206492745371,0.650036593103225,0.000937365336114936,0.0264181886237333,0.0112509145411578,0.00304597084191561,0.0156272690499572,0.0252155934019191,0.00454696874970622,0.00817374043387045,0.000894173765086827,0.0672732200215242,0.0040642121222886,0.00508358552878739,0.00363127014921897,0.0067386526659538,0.0200372203207562,0.0047134381926816,0.000263235171884689,0.00193500846570884,0.000644044383826278,0.00356578598601708,0.000955237338373581,0.0102115539927031,0.0100404494606069,0.000356986369235323,0.00142961220998395,0.0578590138055915,0.0180457634160181,0.00310160412018889,0.00577784378643841,0.0178048353709897
0.0102955508413667,0.00790731301315422,0.768406070705648,0.00414684210150732,0.00233711289200134,0.00356109152383763,0.0384500091882596,0.00176007862814167,0.0063080343202628,0.0328840557357117,0.00229760599778093,0.0138806404310569,0.00967684671116105,0.000545265443619573,0.00213907048715518,0.0030357252877372,0.000430902497686362,0.0133545062743762,0.00229940738370542,0.00547729388008079,0.016945689126364,0.0148927483896696,5.08737257212251e-05,0.00931997294232484,0.00254256800566571,0.00072486716466737,0.00294765057995497,0.00115631086271922,0.0164894217725739,0.00456725194861014,0.000857698144574742,0.00031152399290365
0.00152985233210003,0.00195507309668017,0.00132676045169397,0.73926216059531,0.0148154911137063,0.00229813217065547,0.0033044530228163,0.029625752052524,0.00569567930287078,0.0385272387828508,0.0406273314320017,0.0428382197148631,0.0110225262091931,0.0011335695381931,0.00154008787487824,0.00375305805325161,0.0012590951254284,0.00386708005528944,0.00100172868818108,0.000856689413829539,0.00280573238794288,0.000537755291275936,0.00297199930738863,0.00309516681857426,0.00254008333732717,0.00708381487284063,0.000682062886776806,0.0205124404475782,0.0101456358923607,0.00121073577520263,0.00160373604332422,0.000570857913091478
0.00588760887740811,0.000537179390155003,0.0012308345964683,0.00187808847321671,0.569049524588554,0.0942226330169629,0.0787498285018268,0.0158273272177282,0.00718333520787239,0.0118305797683056,0.00974599650478141,0.00235767829758224,0.00400785294764089,0.00153249082618164,0.00819869556656377,0.141569524668966,0.00834852237696951,0.00246601938227244,0.00260246134359232,0.00302281139781777,0.000702167485191575,0.000474505735777807,0.00114744962213619,0.00275729680027957,0.00275099713099198,0.00467006622231742,0.0027494202849147,0.00139326201502212,0.00908959409212715,7.42040029447299e-05,0.00393371627656012,8.32738086952334e-06
0.0065578306057314,0.000324518033552153,0.00206345815730386,0.0142000542158767,0.00488290349678309,0.65196408172564,0.00631242021914605,0.00866820692001112,0.0403561237363692,0.0844746476813639,0.0254961897954334,0.0211769144231809,0.00934457789424369,0.000296709977492425,0.00417877038579354,0.0306294721804668,0.000842036938889707,0.00442045027890242,0.00594895139914964,0.000386616997446224,0.0249768783779246,0.000126273784444239,0.00311180529847678,0.00347126840443987,0.00131139049705371,0.00259268843403098,0.000934407372487611,0.00527596083374078,0.0261370922774971,0.0019201885952413,0.00224340308344784,0.00537370797843983
0.000701572223997397,0.00144751086720245,0.000664239114351698,0.0222990218482941,0.0152726047885257,0.0116310426665747,0.807345745019893,0.0100266034710357,0.0139442318470381,0.0093225819191387,0.0016494711031089,0.0135854004019298,0.00629153642209404,0.00196644448673058,0.000896298085572885,0.0039591311832256,0.00109350071586985,0.00135933113019075,0.0026399596676906,0.00295080752246575,0.00918446900163153,0.000448666068727026,0.0102730381625395,0.000458330650749038,0.00274706900834337,0.000205217146482852,0.000374884621187071,0.00535865825123252,0.0303966988482688,0.00238378001604118,0.0088475323803988,0.000274621359468337
0.000719258425374532,0.00380491105941207,0.000387500646654536,0.0364487756070983,0.000248320838618736,0.0136975405026174,0.0117368095363434,0.745645074596217,0.00489229364720126,0.0445320997948025,0.0326187437736977,0.0398791133127897,0.0020435302118183,0.00245044495503688,0.00207374456254033,8.92730044005407e-06,1.77860584361186e-05,0.000868690654357644,0.00042195449152244,0.00219510022441678,0.00125458849587258,0.000112965853351756,0.00156596215397919,0.000846229544745221,0.00878534795831244,0.00128534955796497,0.00120607075644428,0.0184270604699032,0.00713700496310884,0.00288873258339867,0.00404135909145661,0.00775870837206635
0.00952645284828893,0.000763857981412218,0.000596500603826179,0.0184603156326833,0.00751657596094658,0.0808842549988115,0.0916428117959767,0.0441393010015881,0.412556469840257,0.0236058042660741,0.00268309544885404,0.00830519893732529,0.0170967855489684,0.000960333767220903,0.00106834274030662,0.147413056897214,0.000790537049385773,0.000263744961563809,0.000931938768022458,0.00760205882565101,0.0406908626597492,0.00230103687088331,0.0242996094427812,0.00426515114723621,0.00663085548673546,0.00050095909168668,0.00129282844227088,0.0290364879309589,0.00737778964329166,0.00441749674087697,6.12955788812026e-05,0.00231818909027137
0.00228329974385121,2.430252156673e-05,0.00333038106791944,0.0109984513884575,0.00160109324633383,0.00526505973554504,0.0513697041617756,0.0388066006438301,0.00805919193000507,0.682767892960863,0.0228293578998225,0.0439898524519046,0.0351251519637784,0.00189447111089591,0.00224180518833024,0.0259965666768059,0.00150954978787966,0.00166613189974859,0.000658673697202136,0.0012810206823437,0.00617879825588336,0.000724390728617957,0.00283925708456727,0.00587183280663855,0.00364914321081823,0.00452386063450016,0.00346513902821091,0.0156456113940735,0.0090085984082603,0.00246007629111701,0.000301390104478423,0.00363334329397531
0.00163435246047541,6.2009056875738e-05,0.00396872017266017,0.0153961511421106,0.00154589922322685,0.00542755839348742,0.0321669198123721,0.00254481094496684,0.0218478056035245,0.0446981081741153,0.670286373385101,0.0319727638752495,0.0642753629835773,0.00608810486816991,0.00257998060542663,0.0357477264678348,0.00114721144384671,0.000545741594595483,0.000349965176502513,0.00378374728145427,0.020273382757982,0.00347294409841874,0.000881462039231246,0.00274678356756482,0.000511789741641691,0.00341797098234486,0.00221809646093429,0.000728908493012774,0.0086901156745593,0.0060829668619654,0.000769053314890429,0.00413721334188199
0.00125253930876271,0.00422850657856174,0.00308373745317349,0.0171649339229339,0.0422651098299618,0.0197315715318928,0.0379844074438422,0.00691879401282568,0.0532364320242337,0.0145824360862097,0.00648634722923185,0.608753227471618,0.010754245817416,0.00110300186649253,0.000265863233594504,0.00561202728103262,0.00696767485642002,4.14635109924052e-06,0.00270600252203425,0.00763927169939309,0.00110947430911025,0.000931578142077824,0.0231344613903888,0.0192952279352806,0.00376113379303367,0.0527996267185603,0.0135237158600579,0.0043630687824511,0.0156502161850354,0.000856873957642904,0.00303223800947571,0.010802108396156
0.00323409409756178,0.000186069969411997,0.000637344863624695,0.0117583969441099,0.00667872371643603,0.00982661449755683,0.00199550447867834,0.00871240394037927,0.0145570760103894,0.0773341289565784,0.0241840182350207,0.0705383489530811,0.647768429686943,0.000702029746798637,0.00176528739939861,0.00438284196654824,0.00187599862478587,0.00310439877982486,4.17383359410471e-05,0.00554550572568138,0.00428693103577737,0.00576129380026741,0.000280530017710013,0.00919223120518197,0.00973205252467042,0.00768461090344818,0.00230953142312175,0.048756514531722,0.00047583748154946,0.00739533363715005,0.00195648723426369,0.00733969127638784
0.00201237577161059,0.00592057920870512,0.00183587523762911,0.0281360699161414,0.0409743785921406,0.00264569593381685,0.0865274983346324,0.00845917811816193,0.0157845932379104,0.00183813302990947,0.0236534621951306,0.00722561842679195,0.0225856050340237,0.667940140619711,0.00117534010771712,0.00470066792668644,0.00391415093723734,5.40757832806567e-05,0.00453552830660954,0.0122840373483015,0.00613585455481692,0.00241821062245467,0.00282854000854077,0.00317754326686112,0.000687662572974863,0.0176665596873207,0.00153059691395355,0.0101734575636215,0.00299927414099786,0.000203493494326821,0.000186054340133274,0.00978974876785045
0.00107322730467237,0.000291667579851274,0.000390063179570191,0.0771272037824444,0.0595044496061091,0.00254550743649553,0.0317364873265859,0.0303790499350791,0.007709425430662,0.0347629426799721,0.00791564015025288,0.00141676450257943,0.00708559220649782,5.76291028341357e-05,0.664372931392622,0.00718383111903681,0.00777383569932581,0.00100353032447646,0.00070842775116993,0.00289423417573497,0.0012004431128791,0.00731918383319796,0.00124534374140553,0.00560670302957086,0.014742753558303,0.0121954544346333,0.00347608060350388,0.00417036887602857,0.000719221054415455,0.00290671627659814,0.00030080376823962,0.000184487025252954
0.0130870167834784,7.43282494846752e-05,0.000186136589693357,0.00433924760817902,0.00806312577589834,0.0290582721710663,0.0376764496495576,0.0217497262641959,0.0182948029158841,0.00568291941606698,0.00130893894942097,0.0038571894734435,0.00481785647710128,0.00184229281114719,0.00127854872285512,0.803997213925381,0.0019822406487173,0.00019260247726335,0.00093228331157438,0.00255294778072798,0.00316416517427238,0.000390091262587425,0.00492359451900538,0.000433335318401293,0.000873675955174324,0.000183364192817569,0.000724605238647073,0.0109923545624461,0.00690903575642366,0.00676755695639811,0.00186712536396808,0.00179695569872187
0.00494514267776557,0.0234783077473191,0.000428613446575964,0.0307317578490174,0.0343080972199512,0.000945323792279989,0.0243405277331051,0.0166369297700877,0.0550386725885387,0.0496274946611996,0.0242407913021473,0.0166329734990853,0.00177275087874269,0.000323062678404763,0.000723539378453139,0.0052823148207694,0.62188576962255,0.00624602901938643,0.00094265973005512,0.0112594672007891,0.000763702580829549,0.00423550707649204,0.00180851607993169,0.00890371952275922,0.017687245057873,0.0167725242917378,0.000301624524858426,0.0100717741497152,0.00021958930552635,1.91251272110148e-05,0.00416361391027239,0.00526283275656999
0.0240222753227906,0.00145818390859315,0.00207512428562334,0.0259229285675212,0.00375979854117364,0.00506760174751242,0.00101710384136168,0.00854997441748371,0.0122014458406846,0.00112816576447012,0.00595074583640912,0.00348336450737019,0.020542694483624,0.00168920345484303,0.000686395787329237,0.00809650322088751,0.0362147198180558,0.762033348454419,0.00617162637836035,0.00537532660347259,0.0136404369295971,0.00268700367619198,0.00951625586338357,0.00616300773397371,0.0046259880115177,0.0158702510498552,0.000178492262699124,0.00351177893099207,0.0012596361078881,2.97783566361571e-05,0.00630197021343503,0.00076887008184508
0.00221637627365238,0.00661666707437907,0.000930344508193242,0.0133626413356865,0.00683772574507338,0.0281780534601389,0.00552516531530407,0.0024338990232576,0.0134477602393521,0.00075806689383657,0.00122449086776511,0.00303555302300323,0.0117857237349206,0.000175229208015161,0.000384757374194246,0.00508390690234144,0.0169988670075719,0.000885495192651696,0.784216067540757,0.00148733034794472,0.00216048267652589,0.0148367557509581,0.0257269714882085,0.0018992408322415,0.00681444566348441,0.018270554571202,0.00037153631241482,0.0175343050891204,0.000475899196509159,0.000653534148199628,0.00103478901090725,0.00463736419218965
0.000780449237722623,0.00325718958210212,3.29656349721162e-05,0.00556600535011109,0.00315444935177514,0.00708910031923562,0.0024486032294769,0.00533191677286239,0.012849408797413,0.00406706416551301,0.00227728898392342,0.0162782166977261,0.00519249190693136,0.000765979835877171,0.000447333834978532,0.0127509515496806,0.000783956368569868,0.00548533864746725,0.00823410272438634,0.753045950217403,0.0226219631014616,0.00489345938102222,0.0170347358708395,0.00680627353568165,0.0160580080852621,0.0406935268483472,0.00312007127232719,0.00327073092985619,0.0246408093411118,0.00128989541129738,0.00212945239616203,0.00760231061850299
0.00246776477951144,0.000319074692663369,0.000709589815850123,0.00338727459066373,0.00616727144316319,0.010006485205962,0.0121058543386548,0.0141781219663968,0.001390748052361,0.0326131506213948,0.0420487533553429,0.0504736874489226,0.00760983460952852,0.00398313664492615,0.000930270521783482,0.00484864649137489,0.000517073698466177,0.00540314143395547,0.00260357026260122,0.055709074584792,0.496589410715675,0.00455492366460873,0.00324135034355535,0.100505311302388,0.00393972327880871,0.0334317299952562,0.000436295429609534,0.0434721308877913,0.00235532403783372,0.00222523757131853,0.00567031734128637,0.0461057208735533
0.00656487810378891,0.00307871401826651,0.00128322869343859,0.00476961417539532,0.0025163241367739,0.00884661591848639,0.00520225200134838,0.0017205167699464,0.0135690584012551,0.00553955387450353,0.00902428202013082,0.00349098720342757,0.00771393623344606,0.00109204874011904,0.000374606668487914,0.0112765128998461,0.00432945088887262,0.0056551323821278,0.0192066232647918,0.0146253678355631,0.0165392889813564,0.763719550528087,0.00375708174615504,0.0135277483657437,0.0135492130537514,0.000205691419436345,0.0129503949201211,0.00544018221299689,0.020260517773881,0.00795903939502912,0.0119290906136997,0.000282496759726334
0.000447617483951318,0.000546555257465699,0.000377854274618546,0.000632203902908849,0.0163674644566129,0.000666785078844913,0.0292345208058044,0.0106944060518305,0.0273992957997928,0.0164626040979887,0.0171766834335686,0.0546827218396701,5.37104789853846e-05,0.00198225415413551,0.00169897843800138,0.014716800334787,0.00028150682940074,0.00202631822539199,0.00673807988622551,0.0403260211234576,0.0475609200856784,0.00314081662452687,0.585215770969176,0.0225193220792613,0.011025125621422,0.00506600031842649,0.000151693743328096,0.0204799037446463,0.0253670904705801,5.66086043146358e-06,0.0010910085358116,0.0358643049932689
0.00599856899577404,0.00193552304266472,0.00056438401760081,0.0291909975010171,0.00390304032683411,0.00265121717384881,0.00117879528060569,0.00300984027072364,0.0303027716269861,0.0169264789880746,0.00384624565969059,0.0155667123811624,0.00724160155019893,0.00147077563352401,0.0026027554742813,0.0118313435902595,2.66007961994213e-06,0.00542532106135394,0.00952371726538511,0.00550342829514731,0.00767515317589601,0.00308987597067949,0.00441576443228972,0.780310803769655,0.00819943995522197,0.00260730763626367,0.0100297148324689,0.009686387832364,0.00325097598985882,5.57301140959849e-05,0.0101328249557077,0.00186984312074628
0.011235702980955,0.000556412988726791,0.000112985100174539,0.027887518161308,0.0105246806612568,0.00137589156260039,0.0835084862882509,0.00505221027727891,0.00360640524160019,0.0490347668722254,0.0298735201439014,0.0579180356713283,0.0053089505426569,0.00178955844478342,0.00246817701974817,0.0424332067478714,0.00729999579003355,0.00280861793406436,0.000111827056493338,0.0140446399986966,0.00693958107462337,0.00240822345151425,0.0086246357793575,0.0355962361015494,0.501331242165681,0.0256398242887216,0.000831315179050541,0.041829559781949,1.28543532352219e-05,0.00751041196526038,0.0121454378840623,0.000179088491040844
0.00189635118560247,0.000527445204828151,0.000128280493085685,0.0731701407215369,0.037014179708658,7.5932061464758e-05,0.00420106875630341,0.0243111899041717,0.0142016500150239,0.0361418643298941,0.00106949550448686,0.0147539795545041,0.00105830823988605,0.000471979957706725,0.00625161872425073,0.00162344960170358,0.00526011792830833,0.00252378758824051,0.00162562505517523,0.00153656389359375,0.0533308977219503,0.00702459472751924,0.108047619900218,0.0728604548161394,0.0178282484920245,0.478034696823281,0.00405305830565304,0.0166520970004817,0.00323858830709126,0.000537335888422329,0.00688198547996848,0.00366739410882575
4.80019770343274e-05,0.000877814005250501,0.000100249802450603,0.059449604533263,0.0747534392472857,0.00189672407046558,0.0143982539288574,0.011246942194945,0.089053128659058,0.0581511687802579,0.0105794144560225,0.0831949935989796,0.0127013341730351,0.000162949851663047,0.00315466235318939,0.00979831553509133,6.08962589591218e-06,0.000492424700356074,0.000732723012606414,0.00802148130917996,0.0139490443743876,0.00336941106593058,0.00178023621500663,0.013837570338325,0.00111079576622242,0.0324469102722282,0.413842972942403,0.0191602729741025,0.0470214132339131,0.00259453787410738,0.00526823497556144,0.00679888415292451
0.000318006375045106,0.000707114084419014,0.00203015315802142,0.00885740818287559,0.0494692057689254,0.020543179779874,0.0501238679956477,0.00442435767107756,0.0550823506082211,0.030503100674716,0.0102548405719794,0.010462547036282,0.00512712616339696,0.000549763889859112,3.50812812186323e-05,0.00333050575867599,0.00347513441158197,3.45048865184349e-05,0.00113733616249373,0.00506174152095539,0.000909383261195997,0.000431074344700695,0.0117696232507233,0.0143740601210266,0.00125822584920322,0.029146411696166,0.0088194757223615,0.638656585784738,0.0141300471955995,0.00278779464351479,0.0016272977428302,0.0145626944061558
0.00131107737461972,0.000633807353248385,0.00346720399291097,0.0157672175106047,0.00260369799270033,0.00177455374462784,0.00262031955881903,0.0137355286779571,0.000434829709609853,0.0029471112551503,2.21101542485495e-05,0.0161470544850307,0.00841319921337056,0.000208134169246838,0.000265553411698468,0.00253277276965337,0.00190075304050744,3.34208977009555e-05,0.00300403123621373,0.0105466026687127,0.0112475231767857,0.000501407401230464,0.0181466712635045,0.000910739300367747,0.00133101358233059,0.0110784483658042,0.0188781469094532,0.0264536706882393,0.788262513455436,0.0030729808982676,0.0312953101917077,0.000452595550241214
4.10803467187199e-05,0.0018850534670461,4.75708748606549e-05,0.00458080497892603,0.00187140733151265,0.00775968806055789,0.0081944928889969,0.00601404583521431,0.0135876453406413,0.00974539812171427,0.00226413794544816,0.00399217951786819,0.009125657002265,0.000903530732089159,0.00223460078699653,0.0188738509362377,0.000271680601005454,0.00765082923736339,0.00058141775291033,0.00593366698679439,0.00272356916658301,0.000624946996087031,0.0143923794817772,0.00288389505765328,0.00238998866439873,0.000192538591925145,0.0151621183827311,0.00429031920513138,0.00508501903023175,0.828971009773421,0.0124524848985028,0.00527299200639031
0.0105744433263744,0.0048095809486633,0.00145563353250886,0.00773474179829877,0.0160978419505338,0.000142251167517959,0.00535755916675987,0.00885166264432593,0.010924647777757,0.00148641281031967,0.00342825258015997,0.0069270670823312,0.00911387849859416,6.62787909211547e-05,0.000823347439047986,0.00146076609394584,0.00267573887990657,0.00348900879899929,0.0121448706677353,0.0256203548390521,0.00528775975513118,0.00399950158527689,0.00564063320913145,0.00213454567101145,0.000919043939077123,0.0223229820730179,0.0386870182092221,0.0395851564121225,0.00112675217974155,0.00141405080273446,0.730079086608007,0.0156191307617736
0.00686909977075007,0.000592711690740318,0.00227446289446024,0.0568138697413145,0.0072778870742648,0.0130893495162228,0.0406378388421524,0.0148354287199406,0.00605104746911574,0.0565411672770887,0.0084468788118196,0.00402968665952402,0.00280121670986979,0.00119912141875662,0.00167328599641184,0.00915854091946525,0.000305601944945202,0.00857775169506782,1.0521957767253e-06,0.00742571972990332,0.0216041733485949,0.00132368059391731,0.00118400215577784,0.0220281880319044,0.00710948716864697,0.0166367687404067,0.00585790016035059,0.0110931810051228,0.000903616711186414,0.00720716992797289,0.00171209361457,0.654738019463959
