0.731936129773052,0.0251807961443461,0.00123990606533152,0.0135553426553774,0.00674425188346356,0.023821864701232,0.0146640312224955,0.00474428136105675,0.0279493048720515,0.00302275766395086,0.00117901476071466,0.00367791885148852,0.00437361975189891,0.000720073794020384,0.00465112890428859,0.0232393295175257,0.0177887184137114,0.0027808454151137,0.000623921389744004,0.0212616193389137,0.00430018082394146,0.00109857226180549,0.0205313120725655,0.0304350950221965,0.0023216951089049,0.000855462026856231,0.000960454625757692,0.000894906619810599,0.00145560380528838,0.00121385749746241,0.000415917939612758,0.00236208571602119
0.00454947263600808,0.663657154105925,0.0220476050618611,0.00651481165229897,0.0276804687980031,0.0169169406112307,0.0918359912618672,0.0117836087189384,0.00857972621327636,0.00240292118361834,0.000885785516949013,0.00086112049368487,0.00296735375435837,0.0016523221044903,0.000677185641182155,0.0216074015484892,0.00509881301454201,0.00246121550340102,0.00150761466258903,0.0158828327978086,0.00594789727872106,0.00243064906453626,0.0256840498444012,0.0200049244007269,0.0208766671995668,0.000572417962589642,0.00425291389180781,0.000801860392350335,0.0039832759657751,0.00111096751534925,0.0041720424516605,0.000591988751993601
0.000264987868880723,0.0122688199802928,0.802066535461563,0.000937856382562375,0.00409466170695302,0.010606359018612,0.0213356758899312,0.00194753278211685,0.000955012813762836,0.000666011052580503,0.0134734739938128,0.0688989615327513,0.00026643564609845,0.00299268861200903,0.00194642844416842,0.00164692810996406,0.000343313141924366,8.93598465723037e-05,0.000621168845356593,0.000750325743549535,0.000487087662213247,0.000406438800440851,0.00156484468942167,0.00518492107327639,0.000647825544999712,0.00077449328345893,0.00257508450800568,0.0224372689883039,0.00825628663538024,8.198608497905e-05,0.0111964234262962,0.000214802429761884
0.000592799489356147,0.00136462943348884,0.010549470489911,0.665336498541752,0.0303533007369939,0.00539306793777795,0.126425587152234,0.0343564506010464,0.00894801723451006,0.00299930757713996,0.0127404314385278,0.0148868735039262,0.0135610545190508,0.000317434815398719,0.000915714465902217,0.029179183242676,0.00252885024245175,0.00194253022171725,0.00203056476127756,0.00203528167254292,0.00620660156809066,0.00299067091654666,0.00043979323938666,0.00352663645976208,0.00187455979375146,0.00427352371136115,0.00199250158877049,0.00216764580587352,0.00317437388864202,0.00131518226221124,0.00294546985841436,0.00263599282950718
0.00119354510579978,0.00129826865726371,0.00806139745620637,0.0251163893419074,0.497841977675805,0.00398255515168212,0.0481352703244596,0.00622100029610286,0.0663573494375579,0.0071898604657378,0.000396128149528134,0.0724683951417842,0.00533404310424585,0.00237912696880242,0.0014941455362963,0.124369467074574,0.00121505174878834,0.0014679282387607,0.000404543757653338,0.00830971345645141,0.0239785601585456,0.000531562237900443,0.0262122126067944,0.0212168956414241,0.000150336005025569,0.00206514979519408,0.00235091450160904,0.0107746905681015,0.02718480595398,0.000301359058998509,0.00140287038729476,0.000594485995724533
0.00150292437091081,0.00221014175898072,0.000553706061293896,0.0393583940276799,0.0339599993341613,0.692679958892053,0.00790342248645664,0.0312569570015743,0.0553940999201104,0.00569309161183748,0.00712648610458949,0.0110826638938786,0.000509220713569977,0.00180768102234098,0.00165446131304501,0.0822188844401177,8.98854476380473e-05,0.000440878185803658,0.000289875242212391,0.00206755952360809,0.00326283181647266,0.000432845574172776,0.00636070173096845,0.00171577167550641,0.000902580237227536,0.000777966744968416,0.00037974186153363,0.00179431549750359,0.00517381067029006,0.000288216080248955,0.000868512170495831,0.000242414588748868
0.00455691824491109,0.0115401954028855,0.00797872133203212,0.0697658734908134,0.0420563742346506,0.0195710578164462,0.715851131026477,0.0194808385383065,0.00384007407090759,0.0150427534652779,0.0122305028252206,0.028568759790139,0.000348461330217188,0.000397376129072591,0.00267308578543658,0.00678716819550258,8.22791795331779e-06,0.00432521339060665,0.000382559998226742,0.0029423362179224,0.00449006531699759,0.0025326500171481,0.00504384809563711,0.00230428170836758,0.00141157440457311,0.000806175533643805,3.70885766616627e-05,0.00146051643735546,0.00192558314969915,0.000575567655509403,0.0109008117348072,0.000164208166594491
0.00103456933503682,0.000677925741737344,0.00242204441735855,0.0228301333827747,0.00763011342322288,0.0957380906625431,0.0423589982770734,0.56754516787671,0.0492900504314784,0.00455932439648208,0.00195143153038214,0.0679089765679764,0.0061258499683365,0.00285115704092483,0.000307493446646957,0.0552490958984744,0.00140561917053027,0.00132576469709942,0.00180085950294464,0.0040674477516936,0.00327677071227216,0.0112904885112929,0.00794957483976546,0.005060630920942,0.00808281421163477,0.00167986452129464,0.00213876260400602,0.00780564577058353,0.00982314092874565,0.000830100728719078,0.00489859165762087,8.35010736965589e-05
0.000532905929785066,0.0311554986669494,0.0576021002705232,0.000761641597368135,0.0156810144270556,0.0887439842443005,0.113743098161642,0.00419213164449018,0.397144473109343,0.000988913983013722,0.0180359878502068,0.041901514646539,0.000393399852390403,0.00226381563118399,0.00165273789943275,0.178481117607922,0.00421556370467667,0.00377068232912411,0.000616999388557461,0.00352010528358177,0.0014068050531009,0.00149765218139456,0.00904162495058268,0.00048668233610764,0.00130265904227828,0.00219774607482479,0.000484525233635723,0.000590241354007433,0.00127383584103759,0.00315361444479085,0.0109439014228472,0.00222302583730673
0.000799756492267617,0.000250670673806337,0.00108248315862118,0.00908351607227219,0.00486838995465917,0.00964294800400605,0.0107362127885283,0.00871770639257026,0.0165949611177488,0.796548337867837,0.0257871392535708,0.0213026586762611,0.00169183824216597,0.00460175004944812,0.0177095528202496,0.0203901265321702,0.000349788196375805,0.000219270906843629,0.00269249833026038,0.000854921626454003,0.0020200684522802,0.00418422631691067,0.0113115711161686,6.72577770759361e-05,0.00212144172466503,0.00830169140088504,0.00120262549175123,0.00446377576350886,0.00542218170508631,0.00167863465325499,0.00149656434864937,0.00380543409364781
0.00115591473122829,0.00129493107563535,0.00165155078491371,0.000430293017416026,0.038122337563493,0.0232890678484813,0.00768203408631329,0.00310295885538137,0.0176068997699284,0.0145556945617516,0.777857779548843,0.00696905927140175,0.00152539591370374,0.00204184004418436,0.00386434993217465,0.00868639912085219,0.00413411001657532,0.00143172678631548,0.00021927980151496,0.000201372427960665,0.000261229551238941,0.000392726194345241,0.00419235176184401,0.000213607375132785,0.00300728667309803,0.00799272597189315,0.00176782999207209,0.0237125313365801,0.0314036177358017,0.00221142630241916,0.0080940267148706,0.000927645232635559
0.00327049178877073,0.0106343083995682,0.00246902396025229,0.00324477680494728,0.0229134441874293,0.0168657444504225,0.0108129087322171,0.0142822624272135,7.35666107410059e-05,0.0115682281570386,0.0199721143040172,0.761857540906834,0.00137194980800469,4.5739168417087e-05,0.00829241824320714,0.0150529744501126,0.00140297551439711,0.000396673375292496,0.00128893878839188,0.00210381925291601,0.00275900752186952,0.00712956597611266,0.00321042309162944,0.00873363754060115,0.00391608291343051,0.0259906110403498,0.00612360615880893,0.00167198543518239,0.0183818500008258,0.0013963129036396,0.00721146860282826,0.0055555494845316
0.000608189805581566,0.00192062304264681,0.00683331411649599,0.00064844839199712,0.0111903777035592,0.00176259128537427,0.00866524834981652,0.00297506157868169,0.00088377552708831,0.0058712358380818,0.0101180439079969,0.0872987587189957,0.711845949894407,0.0010893689280422,0.0178329402658391,0.0148761094545135,0.000123873391122679,0.00182230154148435,0.00200323941970061,0.00106698104354756,0.00268056168626607,0.0013178465320438,0.00788562541724038,0.00351024680814691,0.015447722806809,0.00512761572625952,0.00487980838253696,0.0455440546236854,0.0165614115375397,0.000162771407855911,0.00284367604313443,0.0046022268235095
0.00143189270326809,6.19867181802374e-05,0.000382835093716164,0.00823037181829326,0.00950980014779688,0.0190530264910028,0.0608725533091012,0.00138256435849335,0.0253456477989721,0.000916554983265862,0.00452073302642911,0.0230338578671886,0.00573253089678438,0.691797222676076,0.0337889105939514,0.0583941361635304,0.00197508439008769,0.000986086678104527,0.000422875832338131,0.00116644479053245,0.00294658806603713,0.0107374909087544,0.00346688036328567,0.00479524116252212,0.00151301601084262,0.00146975987576429,0.00401385847461887,0.00284803592436633,0.0146260509353094,3.05432107679237e-05,0.00292371253618828,0.00162370619443063
0.00841450629614804,0.0100873391873606,0.00310069408671793,0.00630091001303139,0.0334707849597091,0.00327994932297232,0.0257170928704463,0.00169768065851162,0.00632485077741228,0.0107449090951414,0.0142668156674956,0.0966512635833413,0.0224586849358493,0.00196746270317502,0.632959427103495,0.0340079762306432,0.000227216087379316,0.000676905335518318,0.000375751875554487,0.00255603794829066,0.00254901086226582,0.000133069527081654,0.00150360395544944,0.00114312413736093,0.0108639802198421,3.81014191650558e-05,0.00931983987335733,0.027067628662834,0.0210809414791253,0.00165302134097156,0.00810516168661904,0.00125625809773402
0.00158889692535794,0.0166810912119696,0.0172458983821766,0.000104247658537176,0.0284850717382948,0.0165800760726605,0.0640740506250142,0.00168529237795358,0.0406346972044695,0.000100046195550626,0.00435877197246858,0.00979913199133309,0.000790422520007156,0.00110135436098675,0.0018342892350402,0.774747177642483,0.00253982847444599,0.00130431654784656,0.000330081979548034,0.00104382557918691,0.000368932212838971,0.000200718367361183,0.000498139190147329,0.000676918679448748,0.00355536605915235,0.00167069394347788,0.00035819024720367,0.000186929598832507,5.16450795108241e-05,0.00195768593156659,0.00539737969531781,4.88322998118022e-05
0.00876233733291625,0.000743629026978743,0.00576742043006953,0.00447987048738383,0.0354401362096027,0.026484906595798,0.0372714360783334,0.0037208943284367,0.0101987495765988,2.56150594226895e-05,0.00314587670157634,0.00538948589690817,0.00282956942934297,0.0024496450120541,0.00228142539508797,0.0515784575764071,0.714036558025064,0.0186008999847799,0.00432215007386633,0.00755365671365158,0.000504148095649591,0.0147963153504292,0.000345736999318565,0.00103586340076721,0.00831562755978574,0.0125482431204313,0.000348593558987936,0.00253175632870146,0.00436238118511156,0.00310506848515661,0.000368223534016384,0.00665532244736512
0.00216842442831508,0.000112139181289574,0.00338777179919956,0.00816915400513091,0.0008311620533556,0.0224466202061826,0.0229663305747564,0.00864972281612843,0.0572324372974453,0.00304059309009707,0.00185947956332619,0.0223225262642685,0.0029895303871584,0.00368012006965378,2.49009251901805e-05,0.0331010341736256,0.00467291726905936,0.656794178430189,0.00583129165024977,0.0122123831691937,0.0507201911053479,0.000424989091078957,0.00540726580436817,0.0473934952398745,0.00026856858615015,0.00620678688402427,0.000649049338473002,0.00429845081922828,0.00726725129290889,0.000603547123509031,0.00129933102142113,0.00296835633980019
0.00285420384540796,0.00360700608263625,0.00145256653526483,0.0163802127265196,0.00350559634356581,0.0150894253862372,0.0598105672158724,0.00662384488233682,0.00700281271696566,0.000929184351292612,0.00132009314019035,0.0250252473818099,0.00477064532890946,0.001514523204664,0.000984251774863653,0.0395548335310815,0.00039277295387546,0.0112978664887965,0.700028938951325,0.00293880723714299,0.00696133804435071,0.0153132599852532,0.00702769236803423,0.0170270703795896,0.00821895078807355,0.0103937825100045,0.000488519927615705,0.0138511523431483,0.00805997724717119,0.00174736599525942,0.000400796973766841,0.00542669335897464
0.000775433878369785,0.000242576853412709,0.000563020154900996,0.00923416947863518,0.00249296337567728,0.00439710882590562,0.00156295083076547,0.00123124627763984,0.00356420989142349,0.000355936304517946,0.00401616633498665,0.0413419150420813,0.000412327391539349,0.000249239050925586,0.00570031945260925,0.00232396456342465,0.00154398678176765,0.012676966682949,0.00254530798246994,0.764888646360312,0.00147621094721772,0.0269493589051143,0.0396165538162528,0.00357698788766131,0.00115410484973465,0.0171617502152741,0.00699687817948568,0.0134559435595071,0.0282517693092169,0.000206334797273639,0.000745686074184613,0.000289965944763567
0.0083557082185515,0.0107027704714638,0.000158648528379244,0.00257574914734453,0.000538083038254921,0.00202782881333864,0.00233524365209549,0.00411521176221324,0.00221921165562222,0.000197939805290129,0.00786649365196606,0.0203594051304772,0.00133453464547132,0.00109954132896665,0.00523992297905973,0.0111674420704295,0.00258663117440277,0.00842947294947132,0.000426096110302637,0.00654119181175754,0.736909700319708,0.00435727900371825,0.0591735725562123,0.060883262212766,0.00233607023699457,0.00599152709982107,0.000775289727824011,0.0078938806140005,0.000477066812730285,0.00110547858278671,0.0165069625229742,0.00531278336560567
0.0048347896901643,0.00820102152731552,0.000565934648926893,0.001140881843302,0.00551834167819,0.00576941406762676,0.0407617136824306,0.00491522923345765,0.0193620014123322,0.00193896546496484,0.00757733993973503,0.0166518804612869,0.000669224445541171,0.00058327913311983,0.000345406279555961,0.0641287959438103,0.0141413740692216,0.00471760008744694,0.0171156336682036,0.00257237789040621,0.00532374833043568,0.674125455802805,0.0562010282041318,0.0140492935528915,0.0101793468034587,0.00316587985371677,0.00111322785378403,0.000947397645325503,0.00375792928678346,0.00647984473606969,0.00212886422928384,0.00101677853427586
0.0194468060879274,0.0516193535186402,0.00241777663454946,0.00769165772614375,0.00551954139349113,0.0187683151236036,0.0347302758616128,0.000541849171432091,0.00550705692358815,0.00421079565637184,0.00815144908504018,0.0268091103435334,0.0106520759418077,0.00133831773748866,5.73376693966059e-05,0.0923462043338947,0.0196911554706981,0.00153833639942466,0.0141655412264066,0.0333490861015875,0.00233954700600421,0.00250640532549227,0.584185052563114,0.0045676612749713,0.0179075540353899,0.000118542951723689,0.000589714854314215,0.00991525814719894,0.00650577873176903,0.00272067451148334,0.00945532675115391,0.000636441440746746
0.000913896480782883,0.00019094404683083,0.000501104808828968,0.00514005566598655,0.0120440058518198,0.00216763836099653,0.000221274026201185,3.53009773039664e-05,0.00605571742827373,0.000124418546710806,0.00424634359833447,0.0140429484851679,0.00277434868924917,8.97275989075987e-05,0.00759550778434295,0.000381698524072889,0.00376452082591681,0.00397910927510806,0.0057669372620003,0.00758544148215348,0.0247614214269525,0.0233374586930466,0.0153549325298083,0.769478388690506,0.000567341657513618,0.0455503462652841,0.00905608784451512,0.0111333065971489,0.0195882321992879,0.00126617993611013,0.000190171128718364,0.00209519331211961
0.00886746458108744,0.0522135110748198,0.00381228150922499,0.00511150164509972,0.00333004962072194,0.00584910326344267,0.00453841898652469,0.00287643358729121,0.0145006989139552,0.00502580875403581,0.00223540731151254,0.000158005362729225,0.00196712634878505,0.00149650810786318,0.00141540791617535,0.000410042637482994,0.0001427069504378,0.0260339141046351,0.00152736698650218,0.00179476215503671,0.00983746117334509,0.00444550657445174,0.0363292540473062,0.00933138359286267,0.760648219668127,0.016319180186143,0.000638050891666998,0.00391701375336727,0.00249873751144163,0.000828984485593138,0.00421423064037618,0.00768545765795478
0.000552050614223045,0.00159774977453634,0.00672169644740638,0.0033862246951757,0.0117612146849418,0.00517420459979103,0.00564530887172644,0.00298425044097245,0.011181053551153,0.00283594959282954,0.00869757739657241,0.0166985036154052,0.00520575663594266,0.000485159033733026,0.0022805876966121,0.00441348108415943,0.00156515532988707,0.00175045252521956,0.0096310661097763,0.0100417284129725,0.013520221678399,0.0110335575111831,0.000634764527366574,0.00851378379312758,0.0175037438251036,0.777637836150048,0.00284813772581119,0.00719412482759298,0.0350126115222212,0.00180367819950378,0.00991438202172543,0.00177398710488182
0.000745964665307346,0.00740368525832196,0.000327625839770918,0.00314133823650691,0.00637759902872503,0.00769535796075238,0.00945065673207199,0.00516917077607617,0.00661956019487195,0.000332225480606863,0.00391010373968629,0.0398327742254619,0.00456088519359141,0.000511327130908578,0.000974146109158365,0.0410145617186775,0.00162147740857148,0.00226408208454996,9.54941602366803e-05,0.0230727372846166,0.0155323790969004,0.000799959117282852,0.0024936893626932,0.00125890971400765,0.000680971588906388,0.0340491009433732,0.746947096253342,0.00975902453985513,0.0183976590460708,0.0024730317311084,0.00219554667648215,0.000291858701507987
0.00529873720235282,0.00864441393579955,0.000499513662178085,0.000291372661568271,0.0134134935298013,0.00439107567157671,0.0029114166683764,0.00215763146778632,0.000905949022509408,0.00590369048208457,0.00131246822570823,0.0644363967093139,0.00917665019257192,0.000822333679630469,0.00276878545771256,0.0148237660856777,0.000298653488048885,1.89260560916089e-05,0.00193661294398445,0.00270507525703416,0.00169030828938522,0.00103292637656383,0.00138362731551015,0.00128623620109543,0.000783678174184511,0.0229248851063007,0.000655199823533436,0.8063246049223,0.0143422744844849,0.000267594376597398,0.00566575682471484,0.000925945705522824
0.00700319208206626,0.00691959181312553,0.00110746667203659,0.00099582783899285,0.00518107394191271,0.004892401980645,0.00818052515404255,0.00282546799370424,0.00126659984522385,0.000575052277931167,0.0148418367991901,0.0238638963589074,0.00373234466831115,0.000176916202896441,0.00393681729841002,0.00074709434852562,0.00205557373989572,0.00030312703859865,0.00180200925320865,0.0042106776109515,0.000438089974820929,0.00573319130527595,0.00198743770006888,0.0200341410438951,0.000294844819659817,0.0038972386563553,0.000379600812641864,0.0151653418679134,0.844449924638898,0.00118908116042327,0.0114028164037559,0.000410798697715697
0.0030317465563147,0.00197759130374019,0.00074256810786335,0.0173885864167855,0.0113623034324566,0.0103790506242706,0.00583162503535086,0.00107451157011596,0.00620955844022937,0.0077513919299685,0.0157744122989439,0.0210572023391966,0.0141230553185764,0.000274257920036398,0.000226419786798109,0.0237874296048809,0.0120470096943221,0.00112295336388653,0.00383326878720224,0.014840596529377,0.00137772434324896,0.00285140597874063,0.00306321294303348,0.00950482279246679,0.012350997277911,0.000278713433061153,0.000432910616301322,0.00793486277546559,0.0117120362209075,0.774550548793127,0.00106067035081308,0.00204655541460773
0.000600470224114086,0.000266514786489951,0.00234646060871834,0.000502639685679675,0.000492342872746268,0.00505002943006263,0.00362961811007055,0.000249980089314062,0.000710466801297476,0.00404195265313677,0.00220619832199426,0.0264215394017877,0.015569962663621,0.000830226111848199,0.0265845523841816,0.000731031954367763,0.000683240845342536,0.00119842727949177,0.00122944252635563,0.00566244046094656,0.0073665482894917,0.000819035768565801,0.00433882482447506,0.0254293929935757,0.00285634435637535,0.0381885340699876,0.00226520057922164,0.023309181786324,0.00968304840038203,0.00166736240665118,0.784940026569895,0.000128962743488509
0.00121261092867898,0.0273927436587079,0.0125910840276055,0.000435860970360133,0.0125750505165222,0.0346092901899017,0.00814135363808201,0.000315294189839107,0.00882061695513314,0.000283872451543003,0.00234564250892806,0.000378562798307577,0.00186924697913779,0.000618705667534573,0.000428864578143883,0.0168152613900991,0.000204535716086412,0.00399821672251008,0.000733217264703385,0.018917849756691,0.00533551234615233,0.0163610060204485,0.0640466936273363,0.0122843088313286,0.0249564147135708,0.0214982938492639,0.0012657787752364,0.000195703165577689,0.00142675675752989,6.85288432286361e-05,0.0008947683392315,0.69897835382258
