0.20958266052559,0.0310315461290438,0.00116009364625764,0.107221791789751,0.013657676355885,0.0301116802702493,0.0036815037012006,0.123550495516488,0.093034796302908,0.0367534662752218,0.0111909361714797,0.00100971994715161,0.000103961042313369,6.55952062000505e-05,0.00058154675898786,0.0990176962505328,0.000459139188182683,0.0133003751508888,7.54049747632166e-05,0.0161330487295297,0.0374038346767586,0.0279485794941101,0.0787496625527884,0.0384187127794786,0.0100559498821787,0.000847729595556836,0.00350120765992995,0.00242294272239896,0.000827876652379155,0.000636468064671006,0.00552202957272864,0.00194187241439564
0.00293610793045478,0.32855941678893,0.00141734973268633,0.0591889913445376,0.0024129052463574,0.117888438901427,0.0942045233011934,0.126064038300255,0.0142640642744064,0.0111089833305275,0.00549920979828057,0.000522248219581027,0.000269510803837194,0.00125834451614631,0.00136949974251725,0.00917507385957009,0.0107238748439055,0.00388248638376197,0.00136976161940092,0.0685340107084572,0.00986091738710925,0.00311684475721085,0.00629434515198882,0.0832865719818346,0.00657069992225697,0.00467666304628826,0.00593599763082194,0.00256844407149087,0.000726836103468279,9.17024710076564e-05,0.000177254353147366,0.0160448834771421
0.000186348246536323,0.00549516934188462,0.118295006754389,0.204723328052213,0.0856069963346782,0.0547341314899269,0.0333431562341119,0.232759427119792,0.0275735976517551,0.0655403164948923,0.0161914871815256,0.00170216530589759,0.000147325764869633,0.000366426124833154,0.00107048612065028,0.0687115221114381,0.00289841243446474,0.00090581818616954,0.000866723966555877,0.0218307096664815,0.00336009214494391,0.000222278837758183,0.00372557834880203,0.0296151416305729,0.00337318559470589,0.00544105930668756,0.000516383938696468,0.00283320723332283,0.00116954788584233,0.00111277609134794,0.00190542810275151,0.00377676630150376
4.10312750808877e-05,0.00133264645658654,0.00133314419054059,0.298211788942254,0.0125308358625758,0.0568752270419435,0.0118348677032101,0.383350767670571,0.00740515285853593,0.123315122344557,0.00230523494056899,0.0293326891333854,0.0176373904576497,0.000756047083982675,0.000975314359234675,0.00127298118162452,6.89589114666856e-05,0.000128360595225324,0.000698191804884607,0.0103182796101251,0.000995401994044646,5.62334210387009e-05,1.97471958389818e-05,0.0116461575575975,2.95536092033107e-05,0.00899991125596011,0.00117775030619309,0.010812101567913,0.00278113671950499,0.000209920293234312,0.0035231970171859,2.48566382828205e-05
0.00377162966841866,0.0136103971860224,0.00284586570437099,0.0341957545995133,0.502034631861523,0.0241253570098005,0.0540373323356921,0.041288468673285,0.075065898765426,0.0163426327946988,8.9911951040683e-05,0.0133503737878128,0.0114872932482878,0.00244908166160739,0.00279041529585249,0.141376691057603,0.00261314030618256,0.00662894553724802,0.000193645796454984,0.00671291949522255,0.00198142919668797,0.00247561324309728,0.0121146456395873,0.00138136804292924,0.00607633506033605,0.000511470230333402,5.74354323649433e-05,0.0027620767447457,0.00118013381425607,0.00160785142173136,0.00141773953416429,0.0134235149037037
0.00062822138389908,0.0112615480232383,0.00163320631900048,0.105837818958962,0.167554804021934,0.259410841318271,0.0567720401129134,0.186213677435775,0.00692876363330362,0.0355600465903872,0.00765502933706061,0.00934670032216773,0.0118558457341708,0.0015577332315543,0.0103517100991393,0.0495247402768245,0.00198653058372658,0.00048592001533493,0.00104912632089677,0.0137417089906408,0.00233619479005801,0.00203688902365455,0.010935261948531,0.00650707890629612,0.00471038378990822,0.012745662401901,0.00538365609794428,0.00333975660918421,0.00130478697108089,0.0032894259667088,0.00582765305259403,0.00222723773293821
0.00598869300624764,0.0509275859560377,0.00489317809787388,0.0164154793367726,0.26093886312332,0.0551516099315701,0.259291334511212,0.0485697027799429,0.0397796820046501,0.0106424788203265,0.000450011672524499,0.03541631215483,0.00645026924374901,0.0050100142669421,0.00342540653398125,0.113633428982437,0.00763056900880471,0.00178115231695024,0.000363484225777784,0.00345822938844503,0.00906986205996706,0.00586645185863923,0.025767634899945,0.00195652860100753,0.00945881180213039,0.000855076638050202,0.000530209632245183,0.0106790780597211,0.0026984667116035,0.0011413516795554,0.000565978561039328,0.00119306413370146
0.000615683518397725,9.42297282699205e-05,0.00335693442196293,0.245778317876067,0.00211448717490393,0.0134000396657015,0.00693716472537406,0.461932528958229,0.000788286449382906,0.0943600663838074,0.00611175136162545,0.0529531881865955,0.0372697891116625,0.00021288321500099,0.00175902584696092,0.00226336289920682,0.000149384071722305,0.000107591921132557,0.00243673560902291,0.0104950648613621,0.000699301347841047,0.000373007580747685,0.00281009376202323,0.00773216161753691,0.00109879511791814,0.0154106576260167,0.00300265065318338,0.0158101198356298,0.0047675580824054,0.000322561509237993,0.00463815520230659,0.000198421678763989
1.1949776434737e-05,0.000940625917841241,0.00171484812266558,0.0253848663597132,0.0406013907446421,0.0250182524146262,0.0695125792092897,0.0505297567913623,0.491973723769314,0.0180453802709042,0.0132683830324195,0.0182844593794157,0.000925072317046608,0.000804220306211871,0.00321284215911232,0.118141772102664,0.00263155820867805,0.000634718286952524,0.000580910689196375,0.00329769152487911,0.000107942633132775,0.000170642582813985,0.00130048672579845,0.0302373066288788,0.0182584477181771,0.00196440032785672,0.000141704486861779,0.0180219770828812,0.000218300031605886,0.000776626445121674,0.00438380954193417,0.0389033544115684
0.000212377553595806,0.00210298431779923,0.000492202801890278,0.301365537574889,0.0165240253065652,0.0719307174714708,0.00860227452785826,0.323895897408927,0.0142264590564923,0.211418289920178,0.000365415367316724,0.00512348540836197,0.00803396677881007,0.000770461333680076,6.48979279076231e-05,0.00533114521426567,1.88616480958745e-05,0.000576247890346688,4.02086087184937e-05,0.00735627087636812,0.00150944363990906,0.000253135397201142,0.000730728583134182,0.0122339334837324,0.000108078673226588,0.00151005643811722,0.00023402684231902,0.00164102766538745,0.00144337355567537,0.000246500999892122,0.00147409640200277,0.000163871325865275
0.00018773755243087,0.00177763239810919,0.000250510005982787,0.299802494479176,0.0168154649887054,0.0626132466901995,0.0148119443997857,0.318363242804704,0.0111817025082425,0.134778566285293,0.0729351120703891,0.00302835972173884,0.00791899447936111,0.000905383502956171,3.72299272978715e-05,0.00150913955360222,6.65107579165503e-05,0.00110448407266177,9.92697724992891e-05,0.0144127390769568,0.0020422381779857,0.00332662241647972,0.00365598475287351,0.021958557454786,0.000555434316099419,0.000632037949567581,0.00101866406505151,0.000357251511867229,0.00195184120462348,0.000531256607369898,0.000999436743657891,0.000370909751629741
0.00179720615520487,0.00453431993967727,0.00140126934502538,0.111513899546237,0.0311510404513322,0.0512780212074304,7.84304301741654e-05,0.131492176835004,0.0119195269986952,0.0177888061305333,0.0279057322381193,0.230476224359065,0.00312199071411523,0.000283850125993146,0.0485091964079926,0.0205259236135136,0.000523906024550233,0.00568609969077808,0.000546389467219807,0.0115343966625018,0.00420231869560066,0.0157628798115588,0.016221183657859,0.128543271242515,0.00964379090449483,0.00184491739746201,0.000467302656767738,0.0385714695030301,0.0334223063086952,0.0012878231826185,0.0358912849797516,0.00207304531648328
0.00242434103514733,0.00839910984996685,0.000756842902142893,0.244570397549318,0.0291500738493041,0.0510999351847996,0.00578216631119637,0.22292203781419,0.0231959390973238,0.106162125799788,0.000523557482913425,0.000104768439023555,0.140788447402546,0.00188319512290795,0.00716607703376417,0.0186878197560931,0.000137495253977,0.00339534583436357,0.000432046344482913,0.0203480483916515,0.00264459156456328,0.0108095133256341,0.0158769121196264,0.0550275211149007,0.00182410984344318,0.00239947506292596,0.00874120792538224,0.00620247726541178,0.00642094467941108,0.00054797754723841,0.0011522398768475,0.000423259219715352
0.000519356062649716,0.00378099652984984,0.00266988370894114,0.243739759235073,0.0249674194375217,0.103923708435723,0.00631163341202296,0.347310529181614,0.00510993131916241,0.0491171201695114,0.0100301937227056,0.0213716212550412,0.00400455182198667,0.103642802472979,0.0102926610256502,0.0198667522854696,7.30884079771312e-05,0.000146338930978961,0.0013214523343899,0.00125521030203112,0.00190614395313917,0.00169780124991358,0.0031650658965491,0.0079803373962389,0.00158022178105849,0.00683408863580473,0.00571312673120668,0.00806149721235108,5.47229343804999e-05,0.00055831671240017,0.00220669812831795,0.000786969317361185
0.00138337717808361,0.00811273736597759,0.000181134067799173,0.126030552345821,0.0711814584458929,0.0611542887127488,0.00123502367975433,0.110309714065845,0.0188573168141289,0.0413524862000846,0.0135531420567071,0.0210589659043295,0.0222745375656589,0.000361452555037887,0.306781277714044,0.0179391013896155,0.000179822382655106,0.00315201064897629,0.00142676636870732,0.0125571634517249,0.00366437969994077,0.0063974633602491,0.0170856106675344,0.0356718833749344,0.0220706804597467,0.00653345664319583,0.01144352812906,0.0469148810737337,0.00470219546830567,0.000804681515375809,0.00484571845094919,0.000783192243381715
0.000160251949351409,0.0196687178217205,0.00144528792527611,0.0390626838025854,0.000952408768818597,0.00847047381292382,0.1204613862218,0.035567599948144,0.0151056187111899,0.00608521033733827,0.00541562137996017,0.039677806894806,0.000176579953933832,0.00277430934822051,0.00531429456552922,0.411891415721513,0.0116795583895492,0.000734296103568668,0.000141446585145118,0.0287024043790628,0.00227513932342214,0.00439397543875697,0.00461843597923515,0.0518768297382941,0.0942663768734155,0.00300116468539541,0.000907216103500342,0.0267636126158263,0.00500631900790603,3.06486443482883e-05,0.00217833374141905,0.0511945752280439
0.00445777096731608,0.00352913475567756,0.00179308014851823,0.131387250299116,0.0508693875418006,0.0510028121672872,0.00490682313755383,0.176020096239048,0.0189902714910429,0.0104444787368037,0.000519422576428636,0.00727054299537141,0.000614789021977704,0.000489967268971633,3.21012288941114e-05,0.0531466845352902,0.26270569612674,0.00928728904625072,0.000224914247239285,0.0510662712176847,0.0216729140249846,0.0312474022387107,0.0401574432522633,0.0430114405261687,0.00636478235447618,0.000639402533889461,0.000901466265908052,0.0123052442628042,0.000438175394143686,0.00104173540168045,0.000987064608921097,0.00247414538703782
0.000626896424444008,0.0026497923520641,0.000319600780596345,0.0173887334127659,0.0615079609267045,0.00235140110569406,0.0441607092644227,0.00756915414468067,0.00607477849559064,0.00981392014204137,0.00388130367391324,0.00172735109004556,0.00116517542176497,0.00110155563421927,0.00142582757112605,0.0265290892554238,0.010673880816664,0.340050993427741,0.00734968606119197,0.0635074394566454,0.0816229925037803,0.0140666590283719,0.142755774552997,0.119179417226408,0.00151847001222353,0.0041447193593626,0.0135357334602682,0.00375367135927988,0.000466095887579947,0.000243683612852349,0.00134451192657191,0.00749302161256471
0.000226233703770649,0.00126091771272988,0.000354053603441739,0.0122742623848524,0.044433666568098,0.0178995884641767,0.014682830325152,0.0347323183425293,0.0126626371953666,0.00311381493896165,0.00159472642487004,0.0157953320748621,0.00546571819367517,0.000612778568798388,0.00117922786525434,0.01913303823591,0.000573103476171113,0.000272532576539289,0.38151352823121,0.128440867962503,0.0465509196428447,0.00784819658163975,0.0501138392964034,0.163317884535293,0.000862024937361837,0.00497943077269779,0.0130789863776977,0.00154557437535878,0.00299044041588241,0.00190977967279234,0.00321090772390838,0.00737083881924734
0.000397558247427944,0.000419213890636228,0.000451173451469032,0.0117302851445546,0.07884952562673,0.0204754570727508,0.0218008778049322,0.0337094314374525,0.022446694626859,3.8206343346874e-05,0.000512765413890532,0.00281737693227969,0.00596440858060645,0.000666992287065456,2.92015420486743e-05,0.0466374082020798,3.39618677592302e-05,0.00374479605919783,0.00430776902895501,0.558298220570553,0.0234306355941292,0.00565425242511958,0.024900469328962,0.089121092272369,0.0259057735245974,0.00646642994772661,7.99015317212878e-05,0.000176652213510582,0.00035738953335639,0.00153288745347961,0.00173957861792497,0.00730361342650866
0.00056634312730795,0.000355500283103957,0.00134953671670833,0.0768675096938785,0.116488087223492,0.0506938630122373,0.0365157391569295,0.10158110786819,0.067636990068145,0.0101349312351471,0.00242326456158095,0.0106733730849523,0.00496851294525607,0.00144768970993425,0.000474860307560981,0.0793732576691843,0.000749323360856739,0.00591099580561972,0.000122620151761804,0.0161566724936775,0.202383709132762,0.010296422779607,0.125579061499464,0.0132446032755907,0.0323865477891597,0.00797698790728621,0.00196898017452159,0.00575936740900829,0.00258288660352076,0.00119258791299802,0.0009321518527356,0.011206515187821
0.00304472597902409,0.00385243224635708,0.00170681712376734,0.135414478808031,0.074631039159849,0.0654252467851242,0.00423891514743172,0.184954661669668,0.0402195852954485,0.0308793806647877,0.0127906500981234,0.00702591803620979,0.00119622103152272,0.000182102577458013,0.00270147546786833,0.062103262705899,0.00461423992390506,0.00404767271091648,0.00247484405276782,0.0244522626108171,0.0119985149093644,0.182369663595616,0.0538527698577871,0.0341231310702533,0.00751782080234285,0.000983797461251123,0.0199762900272024,0.0152815135135558,0.00279174933478861,0.000338821000503445,0.00230983151858045,0.00250016481377843
0.00144693503589753,0.002460508109355,0.00150158830438244,0.0903448903401153,0.0770760885227528,0.0642889140244643,0.00505725395468701,0.131957385979919,0.041236296450969,0.0138681099799759,0.00964299481213865,0.00851162462765284,0.00173667488860204,0.000207463090067695,0.00105855762437439,0.0553626874675017,0.00346452894381148,0.00176292379878093,0.00016380375013579,0.0175277246633589,0.0147772078133881,0.00327204363825478,0.363352023502129,0.0592546246926013,0.00534221627678243,0.00107620316021361,0.00535457694303682,0.0132063678751225,0.00349929355243001,0.000142402650983697,0.00105441172518428,0.000991673800930965
0.000686160373164831,0.000634414132125638,0.000689238959117225,0.0293475229852054,0.109403594002619,0.0365452600571201,0.0298764744177959,0.0666972433992777,0.0427185759743178,0.00396290667800538,0.00115747530605416,0.00939115415980319,0.0114608538942947,0.000712839872098132,4.27151500895523e-05,0.0659169414858896,0.000350997765998345,0.0061592275510892,0.00525123632243964,0.237558465634655,0.0313511896507815,0.00686251549628937,0.0388036994616213,0.201379035676305,0.0360951210171365,0.000366149146175539,0.00786153725211395,0.000944729323300803,0.00041374978445657,0.00148663389319629,0.00149900592103107,0.0143733352564314
0.004001243890575,0.0178851162431103,0.000481767821771445,0.0580446964442718,0.112004835264416,0.0122594997417585,0.0656716665012462,0.043757112860608,0.0452686245028937,0.0401601883869119,0.0171974745936546,0.00865945139422186,0.00168290820110829,0.00210988726027185,0.00223316278811952,0.07252978448025,0.00951150780803662,0.00236578540034903,0.00365412655353523,0.01115569052021,0.00568197712738351,0.0250518727204886,0.0306843966526705,0.0283196617607421,0.301538574625632,0.0188636444049877,0.0282735536467914,0.00922113766411087,0.00526250050165423,0.000388338615981032,0.00048511945270243,0.015594692169536
0.000133459657539424,5.06119043838579e-05,2.48154188264412e-05,0.0620097328599704,0.030494626101279,0.0358133788223664,0.0074734612739661,0.0738579665873027,0.00558696795257963,0.0173714127239051,0.00219533939076385,0.0196223168011163,0.0116334179455735,0.00111754483992462,0.00267589631507026,0.00592653718867991,0.000285842362252557,0.00229528849575202,0.0034536037696603,0.0790858571463272,0.00967614127498385,0.00227333082394081,0.0356122779155704,0.014443382658532,0.0032069751210027,0.515925975069176,0.0129922396152882,0.00544551974376032,0.00888396212996231,0.00464087614577645,0.0254863769713618,0.000304864973405457
0.000339455542111723,0.000403250884177153,0.00013914738489121,0.0388639810478724,0.0312807146874403,0.0468812714592938,0.00214056041521168,0.0810402803334771,0.00247325050087553,0.0156013277247291,0.00451669932309967,0.0412507884635187,0.0325051982085498,0.00146618329941628,0.00279490005523965,0.00296662163106644,0.000564450295868592,0.000685720941906052,0.0068401639166043,0.0750251844769691,0.0142665006526183,0.00734102401267883,0.0516831610431894,0.0464129061045184,0.000634505781580781,0.0363693258100553,0.40811395939904,0.00282696186840249,0.00533231788634821,0.00169281126066192,0.0370790859692922,0.000468289619295469
8.05047294483202e-05,0.000287393312152452,0.000664348427097643,0.0238186165711921,0.00411842395776303,0.0335528057118237,0.00650403216902741,0.022230163023061,0.0485754579766862,0.000197496532445203,0.0815203434323455,0.0112218470091158,0.0109229914204259,0.00141772125595307,0.0412471132315714,0.0406169016953712,0.00201170188131644,0.003917554805194,0.00190276681453117,0.0117844808404985,0.0349997332112156,0.00151250480063192,0.0141041932302854,0.121950768813037,0.00495166689860131,0.00953368240330742,0.00714208546536442,0.377848641309623,0.0509767943544009,0.00287392113322332,0.0152019645312715,0.0123113790520177
0.000119799633323605,0.000735562879178783,0.000276335532011642,0.0527784715620271,0.0170812228561614,0.0106986279077877,0.0186530313883892,0.0391488980842599,0.0799625313610218,0.0364915201148014,7.71577567549395e-05,0.0376351297143093,0.0114867439132937,0.000901271583101216,0.000787708688718321,0.00682760095293547,0.000441509214466956,0.000843770614752246,0.00741940439168875,0.0421115869887957,0.0343282500747179,0.0493860472927462,0.0662860315736907,0.0288698597972038,0.00325097421364979,0.0251723787442097,0.0118823797511566,0.00929031419892217,0.377121685577125,0.0021882238777632,0.00265558526890795,0.0250903844921278
0.000675290598101579,0.00352732517268449,0.00155325003534794,0.0154271040863194,0.0402402206696024,0.0165669139980507,0.0325737428197818,0.027374468558721,0.00573093722746439,0.00738597631746388,0.0139316390449984,0.0126037955210445,0.00317621748383622,0.000630909301985748,0.00491454528311865,0.0395470787250542,0.000267323709190949,0.000481062617642391,0.00293221375434959,0.146308377743289,0.00299635973291942,0.0238690679331235,0.0400890647806418,0.18069969017471,0.00463170957869867,0.00684659580255387,0.0024032200598074,0.0192506351775355,0.000184198536468866,0.325321575130363,0.0154721083096781,0.00238738211545416
0.000163337112502444,0.00148643044585716,0.000630420045053631,0.0704545975673171,0.024166927119039,0.0310826015663852,0.0136102936509092,0.0702992341299422,0.0163403621781292,0.0258209220257775,0.0141318448761912,0.0190136206572297,0.000847343934652269,0.00123781569695832,0.0125532337118034,0.0292746508681841,0.000720491273432168,0.000269846504777802,2.50120517650016e-05,0.075467459496617,0.00232539337844207,0.00631623553981908,0.0024516048354016,0.142817718471611,0.00391464098454332,0.0327540060554306,0.00669916637105505,0.00901598293143293,0.00904599445156205,0.000118546977797557,0.37393892064851,0.00300534444187134
0.00159773588744491,0.0011190075405045,0.00241725518123719,0.0393671636999111,0.102312825760624,0.0149503607653785,0.107995146448558,0.0234555781521288,0.0367983067493146,0.0202339474305333,0.00298204603444271,0.0209595310235533,0.00225985408640805,0.00203862723465176,0.0012029026482733,0.0557476645426056,0.00339012928659493,0.0141344363419918,0.0041676412690346,0.0130101004895369,0.0152758737002771,0.0556180475327625,0.112807096170355,0.000716153526165352,0.0268571534643252,0.00995454190961334,0.0203771654057609,0.0163287738031494,0.00133498362545858,0.000482306282461665,0.000874914548539466,0.269232729458404
