0.43656953193931,0.0290056497635701,0.018884439386217,0.0417567773591481,0.00657351503024747,0.0937337231034196,0.0562964143392446,0.0146388307878944,0.0726542047387448,0.019041206527669,0.00295104101500725,0.00467169383383241,0.00424409167440641,0.000989311255542253,0.00357286108026081,0.0873593553132598,0.0036952160723714,0.0222359878209741,0.00221315365444737,0.000854735698584319,0.00749602415242304,0.00373024260655597,0.013268502136771,0.00186515853333659,0.0272007031075443,0.00188709063768123,0.00256528354208793,0.00762423624426169,0.00105252377355795,0.00154038859967531,0.000529113097026732,0.00929899317492681
0.0239588262495192,0.606153001853334,0.00605008583778764,0.00236666583059547,0.0179323039204345,0.0355856390413314,0.0696072979781764,0.00061187488644433,0.00913724271661694,0.00850899568222702,0.00100146195379663,0.01913352258256,0.00208935766851051,0.00357690913965976,0.00174294774198642,0.0298737582814905,0.0059110246340936,0.015015607487064,0.00895785960749548,0.00163541493197477,0.00789285999987264,0.000465001623859294,0.00401357607186595,0.0243936367637804,0.0359436469164374,0.030509440967259,0.00634179577817681,0.00665900183001183,0.00900367246953278,0.000288217031312452,0.000765129911170858,0.00487422261162244
0.00127549433082348,0.0144079293302662,0.789950246010037,0.00120043570999124,0.00290566319705937,0.00311723456094122,0.010793668336406,0.00186610887518596,0.0237778720407213,0.00501969016469248,0.0106791848505473,0.0331771721381443,0.00395588664701173,0.000702526495464544,0.0113353452317789,0.00613745949140053,0.00169376103643591,0.00391133183851416,0.00186677935203669,0.000281189538360345,0.00585076007058019,0.00851427890353609,0.00958628548548344,0.00607878717349365,0.00483900637530389,0.00267200667089436,0.000347271308538655,0.00819508673465251,0.000192206077827847,0.00137714653633261,0.00570300257423838,0.0185891829133004
5.02204458671537e-05,0.00312874777042887,0.00339084222505821,0.703750842054933,0.0377392912840539,0.00139410844163793,0.0318067972058172,0.073702217641445,0.00326546387608012,0.00102403347371488,0.00873406588074878,0.0181709972416377,0.0167837070987585,0.00132549172929037,0.00398442232515621,0.016954565844447,0.00567420258535456,0.00147237969052651,0.00156990267323018,0.00215992137915097,0.0005259380755427,0.0058871048828195,0.0205750271621032,0.0019057699228092,0.0036687228926755,0.0091576030883944,0.00421332569713934,0.00259698571624534,0.00206711932202286,0.00286800904396377,0.00505004329563487,0.00540213003331268
0.00100967572817057,0.000494544285295503,0.000324372767122411,0.00461388527794185,0.6479344007199,0.0326571539359041,0.102531892420048,0.00199055921187239,0.0345214591870811,0.000385591671137569,0.000205204544951863,0.00500270535687038,0.000849312996555285,0.000571517926676812,0.00169338217184607,0.10388760611021,0.000918313503450793,0.00094393322727303,0.000806784855886008,0.0192281878221605,0.00419140901166358,0.00490517233444812,0.00321209513178954,0.00465319368194788,0.00747941990959953,0.0007958523498436,0.000330635944362787,0.000522978858381673,0.0020771514612565,0.00123103507616682,0.00302690993406728,0.00700366258611858
0.000203757453476383,0.000856102230596126,0.00290579359969941,0.00788487072851625,0.0638585602360948,0.560431686199498,0.0646988345124134,0.0051561296060255,0.0456124960353567,0.000212086614086358,0.00198883722427749,0.0126145535475184,0.00169081780013332,0.000600586166500474,0.00332137697436405,0.123341189107296,0.00147428809453681,0.000547893187540381,4.47733966464891e-05,0.0107580912714513,0.0119477654324429,0.0123755524257127,0.0153989134463488,0.0177534773018752,0.0135031185168711,0.00284486628498978,0.00111401355584535,0.0014635305225515,0.00154252938653505,0.00047860752547766,0.00841160842053403,0.00496329319478845
0.000164853706623686,0.000982781412635504,0.00177281537099716,0.00789350277040705,0.196263479802306,0.154612952823984,0.126957652513315,0.00498030765630143,0.0187042508903096,0.0025141408741794,0.0166041742100722,0.0448842803299913,0.00906969187365839,0.000833662222173007,0.0144456491771632,0.225394801249726,0.0012082695357407,0.000746401381207863,0.000279407344435432,0.0135889177139624,0.0142118107597124,0.0144504692044934,0.00639446895043442,0.0328373650694694,0.00322606097435413,0.00939227706769812,0.0103988333650591,0.0029822377438281,0.00819342291754599,0.00770949359394561,0.0421922214302707,0.00610934606399923
0.000346350593418652,0.0017751564226627,0.00271671159607902,0.0137312014181133,0.00108499912358753,0.0207678325846572,0.00450419499359447,0.807766308812919,0.0152971335537884,6.25838575595216e-05,0.0192524539670892,0.0073061237341366,0.00127907876911508,0.00101645821493365,0.00260249463082256,0.00727560972338744,0.00148499470086343,0.00258870676431637,0.000437305679739975,0.00705783144221474,0.0120157148340157,0.00574412449186645,0.00283280689513779,0.0122271959757678,0.0144867159911934,0.00989949600604281,0.00381851904748495,0.0050491062591452,0.00137509855169292,0.000498145622436704,0.00948678602561957,0.00421275971659752
0.00335433945881614,0.00624131496008787,0.00652286133456007,0.00107867906369377,0.0169029488206628,0.0193048180197752,0.0589331926413011,0.00567158433996099,0.690644151398064,0.000210710103273674,0.00709587436697014,0.0122073427720236,0.0032090598437052,0.000846949880683418,0.00249056407055416,0.0672104045884699,0.000656346605387781,0.0135543439415448,6.99399191739605e-05,0.00190293532460542,0.0177522197012208,0.00329409282852634,0.00146251701114377,0.00619254039096793,0.00331498224935687,0.00679419120716052,0.00989426535336946,0.00706835440850443,0.00237369559280391,0.000931673454310839,0.0192300222572358,0.00358308409208517
0.00355792690754103,0.00298852400002931,0.0027292939943585,0.00464209187240577,0.022596342542002,0.0182336875366529,0.0190852052264239,0.0189208426764756,0.03968542427033,0.692129560386879,0.00393010236154692,0.00716395722861487,0.00143160117730859,9.40298496575293e-05,0.00160359295759787,0.0449841922105383,0.00477269105852327,0.00023591055767178,0.00107154752359859,0.0124699845465732,0.00289822467369175,0.018397296971727,0.0129104800846603,0.017561095488632,0.00560101158151069,0.00522750353104929,6.12899101874431e-05,0.0159437071374776,0.00771000915122987,0.00731940391062245,0.00233034404763008,0.00171312462685331
0.00086780631391687,0.00948378890132495,0.00367118690416291,0.00473530330225015,0.0422029347718288,0.0156858405083565,0.0269906276572621,0.00944440900758779,0.0209503378641413,0.0259571089171516,0.562198601369851,0.0127757408817315,0.00509546572491818,0.00131264455417672,0.0120748720953641,0.00792937693468097,0.000581193013655057,0.00652058810150742,0.00150159983220067,0.00353973324004347,0.00976998446749298,0.00288842505626865,0.00442290565146628,0.0640403434798952,0.0072287300468349,0.0241021156933614,0.00216207706468432,0.0666801589105276,0.030578875334994,0.00216225608531326,0.00963747363083759,0.00280749468221106
0.00980756639292604,0.0038689413169943,0.000154955243077284,0.0146481001717306,0.0456943631653083,0.0102764324786664,0.023368579642233,0.01329846900915,0.00808696141874998,0.0253121024109117,0.0144829896392903,0.621625637415491,0.00332119375155631,0.00212221724721122,0.00480833746108992,0.0329426919706375,0.001958793356848,0.00102535960165398,0.00228950429579741,0.0053017926267593,0.00106083682964183,0.00433086010702721,0.00983809010134317,0.002479838761803,0.0193483080233773,0.00339395106571448,0.00799542729395715,0.000397582810491451,0.0400213430851046,0.00248312367072783,0.0636250123408329,0.00063063729389665
0.00251831903107755,0.00590274929685612,0.00220267707204064,0.034226983927528,0.084185548540036,0.00133784614319366,0.0124390583779356,0.00526356826324892,0.027223917713813,0.0665101714526602,0.00489408521867256,0.0166119187534068,0.372733036417217,0.000461447191620516,0.0305804994632144,0.0249648395654439,0.000568013493203173,0.00268764480549475,0.00107276470324695,0.0101617539653988,0.00842438132040725,0.00472756967761041,0.00915825000739211,0.0464351564614051,0.00177552867909294,0.0431278828156527,0.000993185101301385,0.138040724843977,0.0237498191658709,0.00162421334714565,0.0114963396287905,0.00390010555604522
0.000156432367302831,0.0028041929515669,0.0101453861744035,0.00552431421113041,0.028641377151862,0.039820220865286,0.09313356032016,0.00142260145001969,0.0197706303439038,0.00378566361524888,0.00385480135271857,0.00165709727668586,7.01064610026092e-05,0.636954131616225,0.0330318062472757,0.0726282933621027,0.000611147786919691,0.00184342252058112,0.00107938244500698,0.00215728257002472,0.00616818078803733,0.00126725756801041,0.00288324991466984,0.00322169471757588,0.00402550805565497,4.39689769127665e-05,0.000890594636632635,0.00150208242463286,0.00121346497989114,0.000804813050046908,0.0150908712253197,0.00379646257318896
0.00446966300067246,0.00394516721557338,0.00923825811331841,0.000290089509468813,0.0375307788750888,0.00801674880243804,0.0134569446164133,0.00122581295607106,0.0027252977966374,0.010685723796516,0.00602789074601755,0.00795338645941237,0.0333919102235955,0.00259027706352317,0.751296905260109,0.0106626270312858,0.00126829134347368,0.000245949751364568,0.0022260203889625,0.00577849478575499,0.00268087446560389,0.000301600673866095,0.0153182978235569,0.00341214189020652,0.000618167041625614,0.0115012790986376,0.00252186907876325,0.040991655058082,0.00319274847248958,0.00145783521028361,0.00420111631660706,0.000776177134581526
0.00974538181036464,0.0120409325063288,0.00307081940585974,0.0168220563706827,0.0183961990203214,0.046278903529544,0.0676951898801564,0.0446252966217408,0.0898938611893372,0.0011774080497638,0.0145243692354457,0.00797393082782137,0.00327843441542478,0.00113592140280656,0.0105861090398981,0.416453908666957,0.00240111716414302,0.00774612872802189,0.00501591121329802,0.00816838217839512,0.00222871399105394,0.00761872158299135,0.0138200116676099,0.0140080017549641,0.0693986245185158,0.0210236363510624,0.0234728562579736,0.00821258043094402,0.00971927163803569,0.00772443500622326,0.0309059521472,0.00483693339711514
0.00329102163692031,0.0181949693834706,0.00329229199739463,0.0053557227044229,0.00812039563139393,0.00213025712802616,0.0226995680223235,0.0128437160530652,0.0219748481280682,0.00107806780107199,0.000268954997691974,0.00685617216584185,0.000297161022070608,0.00161363076909232,0.00168948860652824,0.0478981224361256,0.734366087436731,0.0310295332886937,0.000539508178951536,0.00571011383643393,0.00251288233940976,0.00147654243746122,0.00779073434989025,0.00869461727282023,0.0165292306694373,0.0156932072087524,0.00558335147133222,0.00494927860572638,0.00146231187902283,0.00118867199279181,0.000909309196441685,0.00396023135259573
0.00364785601441933,0.00307798926197868,0.00229946535976438,0.00459201204058634,0.00464067414130545,0.00212399218210644,0.0164896350964931,0.00324299119642823,0.105550322433319,0.000722150501759937,0.00143463433714824,0.01287870425907,0.00120730524486361,0.000428756488924487,0.00328090301639455,0.0512443985771409,0.00359165003466205,0.701857028736973,0.00708228301129935,0.00704671141168289,0.0310039869440659,0.00730937911276878,0.00264053309923292,0.00626833056211172,0.000836239752870388,0.00441922928380423,9.23834509857973e-05,0.00167169958828538,0.00261281449206813,0.00338196912322751,0.000111690654229044,0.00321228059003024
0.00282713295541821,0.00335677367199226,0.00713758089755205,0.00609652098327482,0.00294939520024383,2.79994151601352e-05,0.0142471359525121,0.00100788776266568,0.019761224397325,0.00205294967436612,0.00277847774261364,9.90942830704351e-05,0.000668950566632618,0.00011609343984723,0.00909895684531334,0.0083182679667123,0.00298198854970808,0.00202913777736584,0.729857642611972,0.00885549158284781,0.0153036547836768,0.00642590633367729,0.0214035295312793,0.0782379920046089,0.013068120699244,0.0249027592469425,0.0101721042652582,0.00320628489510366,0.00102425075620527,0.000280888732568866,0.000626179359921697,0.00107962711492012
0.00388127604049457,0.00159736529757308,0.00544449818400024,0.0033632935175888,0.0121020604597578,0.000691139474094249,0.00582195493660745,0.00385296434616093,0.0376146039966999,0.00180938376500919,0.000974469011069431,0.00936375297356265,0.00321819342293192,9.65633577888639e-05,0.00321290931199835,0.00851497832209932,0.00329021207895803,0.000517103727331491,0.0193232442199542,0.696983768381843,0.0303406595134849,8.15064480322547e-05,0.00315461067531609,0.0882358320240644,0.00804848736976863,0.00705200800098527,0.00134104603688111,0.000754913558073589,0.0249099998662436,0.00239828770545553,0.0111211218740076,0.000887792102163975
0.00546826788248267,0.00149576798500957,0.0190292533411032,0.00103429913717246,0.00403006965199277,0.0135219628966271,0.00556208725708934,0.00144550284364764,0.0209663207978487,0.00067249774230943,0.00183974286799743,0.00525134403506757,0.000122148443571832,3.84611310377389e-05,4.42363007054674e-05,0.0200665884175222,0.00370462159306143,0.00915685555844322,0.00427042140261754,0.0304415472007438,0.643118953021702,0.00485757941468016,0.0434353331521912,0.116548566354144,0.00864569373306917,0.0049235358977525,0.00195250864271248,0.0021886883255528,0.00539238402726059,0.00158384835619858,0.00136275373178669,0.0178281588568988
0.0115785600945659,0.000971732324359987,0.00123309317513592,0.0239145439907665,0.00283589121285162,0.0747128586434918,0.101440576297444,0.0151319244720744,0.0614928863858747,0.000899669033762135,0.00464628106445704,0.0119124032583944,4.97495356866446e-05,0.000237855678142878,0.00047268687858915,0.0214531056497183,0.0111391685832665,0.0231297990343162,0.00244661462693351,0.00613285437996973,0.00717792169470633,0.542492765821279,0.0318761795074639,0.0127882292405369,0.000170940232760322,0.00719480219809317,0.0071418587885112,0.00479934336221876,0.00299460852432376,0.00532806983012312,0.00112576303051644,0.00107726344966518
0.007756446054286,0.00284626427819806,0.00052336730324156,0.011922813170939,0.00342034762017359,0.0282568500821944,0.0530208479251465,0.00194121321621634,0.0260884008319904,0.00049787167043809,0.000678723361950415,0.011430029684206,0.000219264223908691,0.00150081402570995,0.000186067513273619,0.00405061189288682,0.00428937439213898,0.0107978973250645,0.000770749284073294,0.0167077031422945,0.0101986611647412,0.0112610386677073,0.71075047782401,0.0393487931670396,0.00535014299804513,0.00282567039861733,0.0064528513357524,0.0047267296863393,0.00888640836426611,0.00793213446445673,0.000546552567592374,0.00481488236310178
0.00256655734762151,0.000814262216185481,0.0241527137601836,0.000203467392526695,0.0140684711666252,0.0256149588034207,0.0180366959620067,0.00106886724919102,0.00597263675420338,0.000153672099870966,0.0111167521940136,0.0149506751062978,2.22816097124691e-05,0.0002589737517212,0.00100164318117956,0.0243554650573264,0.00638846748569878,0.00772483459691535,0.0180455516804475,0.0521548295398115,0.149855552518366,0.00831144116518317,0.132941773919778,0.392881436824545,0.0277715217069065,0.0131573680798916,0.00094928345578729,0.00369880069496516,0.0178293713939289,0.000584484473553376,0.0120074555412561,0.0113397332708784
0.00235849945586304,0.00616216286409184,0.0109233156529375,0.0133163750346798,0.0251626484669244,0.0431603789506111,0.0114500173078048,0.00526334189657604,0.0219115429936521,0.000446631342249081,0.000853654108955224,0.0337612461432318,0.0017421908033871,0.000456844243100541,0.00276330673846471,0.0330805968609027,0.00391416571359389,0.0034416967438335,0.00901341417414804,0.00127448251506227,0.0793225856862391,0.00605765625191357,0.00501839841521904,0.0450294577454821,0.584710715200861,0.0115417420336582,0.00144931003384223,0.00118377870675057,0.0115732620688729,0.00214429198085982,0.00362799329754138,0.0178842965686908
0.00122515664787598,0.000623718822494044,0.0148436582962628,0.000120585138857731,0.00816714759633662,0.0141173214645767,0.0176450767138851,0.0123682081928301,0.00100068359539777,0.00217970311427656,0.0245229135077961,0.0500637873684409,0.000328978286008459,0.000944453058791882,0.00443639230434352,0.0300329943421658,0.00392271725715506,0.00303421730190548,0.00480319018941494,0.00650094574548622,0.0465750488519498,0.00251709520189954,0.01767760162289,0.0234096848390158,0.00838024545852387,0.626608619621535,0.000188910283462513,0.00206154988215377,0.00447555069634658,0.00254678972089639,0.0531781164273095,0.0114989384497152
0.00333992856890617,4.74663386158748e-05,0.00285816410122547,0.00156591031279156,0.0221479014787118,0.00841003291154453,0.0160345553439483,0.000189770160767028,0.00578672136525693,0.000659946511739031,0.0196254791603109,0.0759013514277438,0.00138778381370785,0.000920946577459224,0.00258042884813824,0.0179297998430929,0.000753641353348975,0.00644659018962718,0.000580051178723683,0.018710028844828,0.0754452507593704,0.00993918537516207,0.0595897803530819,0.0541661199978085,0.0512363659001684,0.0209603055177944,0.502518073978703,0.00130893146569555,0.00777368957002047,0.00017885577944057,0.00818256465682755,0.00282437831543985
0.00817048107225918,0.00388286391100629,0.00745022805573946,0.0184669801650832,0.0298946452046819,0.00333348287319123,0.0158387586759705,0.0200259448650628,0.00869018935789517,0.0245283509616289,0.0368969118721174,0.0313906058286864,0.00727854187312383,0.00079227582160567,0.0301829135887218,0.0257599220873001,0.00105864169252722,0.0008222091401655,0.000897244807736779,0.00866727866777925,0.000857629152010616,0.00898246682624483,0.00145678466710514,0.0170215636532569,0.0274558172769549,0.00259957925095298,0.0148606248048777,0.521507501444098,0.0751232200610877,0.00835801179775897,0.037472998904354,0.000275331639015814
0.00634475508076171,0.000592244366767912,0.014466162828414,0.0045849282631179,0.0295388974076444,0.0117068656330436,0.0106194097752993,0.00176137095834107,0.012988710324019,0.00292287160920969,0.0105989808578014,0.0334034035702498,0.00352594430997452,0.00223937177300559,0.0025750128348512,0.0321910181644472,0.00321330172724881,0.000550735614448618,0.00295975923942764,0.0520442526816975,0.00868627076422867,0.0285843224982968,0.0280884323489834,0.0170358036079357,0.0165210279617531,0.00553564233282004,0.00568502494094755,0.065577830673343,0.504028307655336,0.00199992768836676,0.0713272564326386,0.00810215607557937
0.00163892114515847,0.00539013536929508,0.00532005045291439,2.63641283368563e-05,0.000113609554174478,0.00934547187852581,0.00588848076162606,0.00367989234711981,0.0107848778476643,0.00127122338069669,0.00239214186401607,0.00690477222642971,0.00019493597794361,0.00669115696010598,0.00314407866004367,0.00335734139869086,0.00657427602428947,0.00165533428459877,0.00228238702110574,0.0414717541180357,0.00110982322339052,0.00297729136814102,0.0136642668526126,0.0249614749298559,0.0124758329668041,0.01324803505724,0.00868023355406366,0.000895827341139728,0.00546546545094467,0.772087041058456,0.023516252254149,0.00279125054243183
0.00258597402034285,0.00271677958293314,0.00613354631127709,0.00108687954326037,0.00646723612826934,0.00785214934795514,0.0138054841433486,0.00477164785010537,0.00543323480524784,0.00423101457320984,0.000567599894450004,0.00900295245738432,0.00936041939209268,0.000575249441813065,0.00101792737548806,0.0253616029687345,0.00251015880082989,0.00179680738242341,0.00515640588485674,0.0235171075352985,0.0144386263838979,0.0126872707338713,0.00281690563138193,0.0288081356786559,3.29491870856378e-07,0.0331007830041461,0.00179247949657645,0.0349968747107276,0.00362968735398549,0.00192094562546403,0.726807766279993,0.00505001817010887
0.00723884609173591,0.00891525977846577,0.00666847990402549,0.00249718927730254,0.00904149997273427,0.0393186742079699,0.0305062746954945,0.00281933057978056,0.00357486550858946,0.000101255893532318,0.00169178265734896,0.00963345810467884,9.85702657189907e-05,0.000498193743210377,0.000106379347538619,0.00614977883165908,0.000926898048335609,0.00350642316998005,0.000915847229964736,0.069636470460638,0.000559268031582665,0.00384421617195594,0.0463388189185721,0.0359205270759887,0.0585841721053834,0.00457090093808892,0.00892984556952876,0.00516787913004572,0.00233559537132196,0.00112249149738837,0.000179386721169215,0.62860142070027
