0.361615728994925,0.00824056032862852,0.00447747037856981,0.00706903492942405,0.011471233019416,0.0744895895848988,0.073308311885902,0.0156675325088537,0.122074175054154,0.00711573987778985,0.00677394568745715,0.0336103503902326,0.000961363858377708,0.00105954088740328,0.000585994703792048,0.13818766038964,0.00601837957326338,0.030217335871013,0.00248076542525185,0.0137645080724663,0.00342119833869006,0.00272635181416721,0.00198190529739127,0.000178909107684627,0.0481217981924737,0.000836841736642033,0.00126808026480421,0.00642564349292869,0.00288791211537723,0.000290590120686271,0.00639092155214644,0.00628062654554815
0.00380561448151098,0.616219559328703,0.019321663727563,0.00148201367817164,0.0267340691174686,0.0143157174030617,0.0324598874355754,0.000784052876114159,0.0251622721608509,0.000571811545011848,0.0123171098042061,0.0747357630859428,0.00549991015104266,0.00198142276952375,0.000214127588991181,0.0505290463850493,0.0121840750221022,0.00449888329173944,0.0012131872473298,0.0191376427301822,0.00597420755549862,0.000723153643695558,0.000641519680602436,0.00999050041423453,0.00301443035805356,0.00178026732381619,0.00512189285687269,0.0146140562513312,0.0244355762044479,0.00263099200690927,0.0060161192834403,0.00188945459095701
0.000831080937242949,0.000407623747512736,0.756703728349805,0.00876692331357841,0.00655767814990973,0.000812753738355811,0.00510059925165808,0.00779295583697881,0.0364138028806429,0.0146706869877931,0.0056516222524327,0.00488105939030808,0.0120038366553112,0.00349797104119797,0.000315784334757209,0.0125544893101749,0.00386532580206533,0.000949923622578377,0.0164426326046649,0.00713739214668572,0.00142751422424132,0.00361418074921309,0.00312571696500579,0.0035275747512384,0.0220202847061706,0.0163662536984195,0.0111538236587737,0.0238215389521815,0.00659252689583105,0.00110368279484243,1.42770745771874e-05,0.00187475517585226
0.00257586344011403,0.00406229603636372,0.00220673771789365,0.537051235018344,0.0152476069451085,0.0172751024832846,0.0890517049109757,0.00838759942972573,0.00290248904148854,0.0219190997486507,0.0296587104502605,0.120611319608429,0.00473423840620742,0.0149985829237892,0.00076339065888595,0.00116497426743244,0.00388660053437878,0.000502919805129279,0.000380182111883544,0.0067197995107969,0.00917739218075655,0.00353345520082513,0.00138487032196484,0.000844509497013883,0.00431986203857248,0.00358956446278204,0.0157713993432987,0.00062506847086979,0.0751121500968462,0.000780962336792842,0.000757816844117264,2.49615701803344e-06
0.000200976758281004,0.00280651266047801,0.00926795244071262,0.0030635550201682,0.704156889548096,0.00244322965346202,0.0181785762538859,0.00537282584847573,0.0699862074009957,0.0172613323826593,0.0148571332893137,0.0316721556416767,0.00208371177494673,0.00180698260139665,0.00266066070209098,0.0635558249421621,0.00166753333968623,0.000823913776283149,0.0014339273249156,0.00648518639588075,0.00677009570618636,0.000711314548680923,7.76405930470908e-05,0.000536027634218076,0.0172009293414724,0.00188387419380459,0.00130107204451876,0.00389831511693813,0.00228028326277229,0.000744460706400813,0.00403375380715261,0.000777145289241185
0.00325132309055073,0.000502076712072496,0.00811088474798515,0.107508335526214,0.0353273608067305,0.233616787948693,0.0382159098273854,0.0749159960343196,0.179085750368145,0.0444564630381453,0.0400810916932469,0.0464058932294997,0.00319245139714833,0.000278661160708495,0.00381509589189216,0.122333037983316,0.00297848131991539,0.00202368928031531,0.000400330446081423,0.00336230461007496,0.00810978779207041,0.00243118993208301,0.00337271309821523,0.000430388135536727,0.0163537101472853,0.000112714761344826,0.000567161702556848,0.0132209373075542,0.000552127054400458,0.00163110714554254,0.00110368444324716,0.00225255336772432
0.00474201100618588,0.00527629251658821,0.00480014661052223,0.07150964298161,0.0389974568417284,0.00942022965884662,0.546534429940605,0.0311623106566562,0.0378900231296722,0.0495462562970069,0.0293551457365398,0.0524641183488133,0.00542942468384582,0.000291269169401695,0.00696778166632451,0.0546226085915556,4.81113372834921e-05,0.000137369117446228,0.000552638009633896,0.0064975575994478,0.00295444483445462,0.00450694408015105,0.000469816813838297,0.00352059316663122,0.0107928711841568,0.000922890824040848,0.000702737362977152,0.0129119504095842,0.0026815923018305,0.00229343059918963,0.00146346255693629,0.000534441966496077
0.00372140295406533,0.00481969877176382,0.00764669217577732,0.02416356442224,0.0105735534967622,0.0127045638146937,0.00357568612012596,0.484496535026025,0.07300165992929,0.0356698081767915,0.036190200661366,0.125460292579117,0.00658550128178125,0.0129882687142744,0.00234811471913801,0.0103957817674,5.95939118095112e-05,0.00296212286391879,0.000479071367733713,0.00103774280599465,0.0225579089575388,0.00543780592853472,0.0034159333806051,0.000567710323543934,0.0276160891233512,0.000700909318683121,0.0128706953728366,0.000844271551944381,0.0639434383321631,0.00060021612298247,0.000368199255146954,0.00219696677260135
0.0076504390824756,0.00801859084092671,0.00052631393137525,0.00776039854701911,0.0188707632599394,0.0338341526942754,0.118669556097906,0.00776595481955682,0.603733492317661,0.00325511313129455,0.000212256137639397,0.00763723904480744,0.00321488459574389,0.000157089871414932,0.00264943374550316,0.132951474334114,0.00229308132567953,0.00527422172247454,0.0008778097798958,0.000896610491554094,0.00100940392586314,3.73530947246629e-05,0.000970992446253569,0.00110319722039759,0.0124975132002482,0.00240845402451898,5.70418133972423e-05,0.00285827363908031,0.00449276138808768,0.000427744861823293,0.00247922465745574,0.00540916395689312
0.000121337539213886,0.000990525510107657,0.000472416062169237,0.0310713595442211,0.00362628194518317,0.00077952882012927,0.0139593150014884,0.0143786149453369,0.0208250533194354,0.564908831116782,0.0257725758065693,0.157207985091494,0.003528138696129,0.0081794457940219,0.0114593262653578,0.0107339046842918,0.000249848025568929,0.00149647538895387,0.00166583594035144,0.00444258954719283,0.00100532570054962,0.00185428581028181,0.017591487319839,0.000417915487429806,0.00150076288551902,0.00094000468829403,0.00555118046031042,0.00230289143102479,0.0892826588923918,0.00022540872102202,0.00184325652058854,0.00161543303875118
0.000354427652813532,0.000362863226658519,0.00501977797747885,0.014256765208623,0.060240055647706,0.0250615846318285,0.00946640151471061,0.0286047264403874,0.0200132717664657,0.0023678572952635,0.681392633601151,0.0230516646252292,0.00313329067579131,0.00307950939469732,0.0174223049187179,0.0089303174224962,0.00381503321313911,0.000604362150266785,0.00181137445373002,0.000791107765860677,7.41707163762137e-05,0.00349097266675774,0.0258882756533775,0.000149977519463773,0.00135509971353096,0.00582932951936579,0.00319594420745979,8.69746818321365e-05,0.040955032492818,0.00288489414174413,0.00514019175603786,0.00116980734822123
0.00107466227384259,0.000298584461663446,0.0119577030054663,0.0438463102171968,0.00042319121878469,0.0697993951412055,0.0690899726208332,0.0303388382650728,0.0146450143606319,0.0336093305883128,0.0038600616772259,0.5221738402986,0.0101176033102863,0.000751637797436435,0.000803832406187346,0.0158767626200114,0.00173808633969775,0.000220860620559165,0.00317132267635647,0.00422404889397113,0.000859023303871513,0.00454397841695369,0.000797938354599296,0.0142072769862057,0.000214950935434842,0.0560402339761504,0.02813044860333,0.00323354414808164,0.0374558223082074,0.00406878473275856,0.0106123118304755,0.00181462761058936
0.00117207642548449,0.0050254961073501,0.00328654362700637,0.0172411416779462,0.0917200305028459,0.000679262819631051,0.0393850465842485,0.00241180696846091,0.0461340463390715,0.0655566676120666,0.000460516505894198,0.0152521319515005,0.429741024351192,0.00455748848789519,0.0637103064225939,0.0244883551098057,0.000193423263336331,0.0065948540333576,0.00141840597807623,0.00218532969277688,0.021397915168857,0.00220144854660514,0.00297899153034666,0.0187268010745048,0.00276955164265749,0.0127657622069406,0.00519695713386847,0.0464219086793909,0.0442831807250349,0.00644759599577461,0.0128403236377319,0.00275560919774718
0.00250694298674329,0.00265301333324734,0.0066371967082228,0.00148251375006645,4.73836640996995e-05,0.0130267837263444,0.0171183553558266,0.00112078451497708,0.00400071557349665,0.00263789515495604,0.00171249147756695,0.000458780168626524,0.00874031673313058,0.811283497457117,0.066481654931239,0.000224342657933493,0.000545405868395943,0.00361424233308156,0.0010280006128551,0.00298734228427925,0.00416428784270143,0.00432256066385579,0.00268969660106918,0.00654127101172397,0.00494727429902577,0.000214032473674861,0.00167182600137638,0.00375555196011996,0.00780065184293069,0.000361556435440276,0.00764927167899007,0.00757435989688544
0.00116592857447751,0.00122062184336491,0.00147534620646122,0.0022803252876365,0.0381611004668543,0.0029325624418243,0.0733765316462499,0.00220234865376634,0.00248373014483641,0.000574734138022829,0.0224749652744058,0.0693694723968366,0.0202154925330663,0.00373548435908687,0.650139962913715,0.00677571618774549,0.000894653049647796,0.00713004774572218,0.000578178055715924,0.00162105676866645,0.00059703040263089,0.00265289161974065,0.00442200222134488,0.00291609550062047,0.00487133694662533,0.0136317108394437,0.0107933568994005,0.0322314279869448,0.0079879802594868,0.00209435536656854,0.00396522258776933,0.00502833068132177
0.0214139075725634,0.0400765248241471,0.0031132557103553,0.0276822630592951,0.0482762575143096,0.0156595829677333,0.197392854764145,0.0128105044277303,0.18993104358706,0.0251155644116233,0.00341203839660863,0.00957998285860511,0.00663480008672067,0.0021604938508911,0.00603727894026722,0.317692723529839,0.00438412909989565,0.00385080919979649,0.000608915689391457,0.00112181682695629,0.00361986405188102,0.0031791968946019,0.00485386724692238,0.0133000602976883,0.00487092360024115,0.00364450519161209,0.00324666153607918,0.0149048626323855,0.00193068140761407,0.00169363321363693,0.00327480886242565,0.00452618774697808
0.00989762363116736,0.0249797717726339,0.00265070263222168,0.0109426218715317,0.014703050293846,0.0224024862950042,0.0145198411182385,0.00555235447635434,0.0024451360954374,0.00426615669893999,0.01567160213862,0.0386901917725045,0.00423055721870788,1.6126358302071e-05,0.000919238720870996,0.00393356092593138,0.713990904282747,0.0127784358375831,0.000160354133755644,0.00734613251934979,0.00402921238587826,0.00147606828130834,0.00829718132599745,0.0027161749249536,0.0258303393650742,0.00479449507267382,0.00699607093151556,0.000695875904710379,0.0100155470635119,0.000530069174182255,0.00307245978710001,0.0214496569893474
0.00922931603521525,0.00785471951573004,0.00349411131187783,0.00152918341836983,0.0107830435053907,0.010909824285975,0.0298019675772281,0.009024821584764,0.0108832972600097,0.000593355672213294,0.00200148583526267,0.00270147184254019,0.000166501197848007,0.00174604840353166,0.00296191683465828,0.00592693550167656,0.00621835909178646,0.721522179876588,0.000299326085167843,0.0146218588085453,0.0415290648938541,0.00913754180512063,0.00631069113629582,0.0573938990195973,0.000208264447828624,0.000324526605126713,0.00995719129497633,0.00539959407239753,0.00386011625563866,0.00191751882768819,9.18962490312708e-05,0.0115999717480665
0.000231543949878216,0.00265639979552099,0.00211217284543968,0.00758370013788884,0.00428784065094236,0.0184917407936077,0.0382923462233705,0.00268689784115289,0.0375232678213267,0.00142387874568169,0.0341219192766359,0.0780767146125925,0.000954982451458747,0.00115422236642038,0.00332221744689293,0.0310155718031055,0.000463528001445063,0.00085933602341665,0.644117548590015,0.00136840457673276,0.0135049599541168,0.00701280930526962,0.00368532434450411,0.0127580041485157,0.00297215840881328,0.00172530202949521,0.0205067070998215,0.0019608424620777,0.0127168646472873,0.00229581285743102,0.00800193673973648,0.00211504404940565
0.00187661992629163,0.00203980918542858,0.000215973675669574,0.00311980153452385,0.00591931119367554,0.00272233931475879,0.0273521680404822,0.00153916879873702,0.000344589822456775,0.00209402532993612,0.00822680602774212,0.022761391382503,0.000301030334029646,0.00873778926768145,0.00237505594783978,0.0146837671212407,0.00349193711018856,0.0045904771469923,0.0157234346859192,0.730396384499231,0.00448768292717062,0.0135103428333476,0.000346844992036984,0.0244479495967396,0.000569617275782565,0.0354655448968032,0.0346914646644895,0.0017383648502171,0.0205341158660326,0.00382098807471072,0.00120885352024367,0.000666350157098347
0.00168240957984902,0.000418637746609721,0.00457449571270132,0.00399472167640893,0.00391817231502728,0.018336672690393,0.0233564072476897,0.00243682810158941,0.000976293191290424,0.00680375584832306,0.0256443764005374,0.0325654322383667,0.000508371334358173,0.00256337136156536,0.00140357025975074,0.00463455052440923,0.000977955116919743,0.00300944142700312,0.00665713282124325,0.00748448649399162,0.739192407821024,0.0083555404284092,0.000865934243189084,0.0335155515701046,0.000958730045825814,0.0188444111208607,0.00272400606798189,0.00205014606922732,0.00730536324892828,0.00109440417392709,0.0200249644619561,0.0131214586605388
0.00327036033323358,0.00459199563285923,0.00407711076083854,0.00960025865817015,0.00375125916546308,0.0410319076836637,0.103119862184766,0.00151720031181766,0.0683398028055602,0.000244169023469897,0.00115146882734614,0.0129862337172428,0.000928870763638853,0.00029031719554966,0.000555473569588809,0.0553702372249975,0.00277074360676757,0.00882978249574467,0.00621504716378243,0.00473911691502649,0.00651082512346006,0.612886581975669,0.0140473372577577,0.00366281507216465,1.28740516756635e-05,0.00871146591111971,0.00583572701379555,0.00727948009735918,0.00186921787369687,0.00216423131701602,0.00274567853410956,0.000892547732649304
0.00286592851633857,0.00115479389418315,0.00232100961302764,0.0123211455609429,0.00565732226193785,0.0417725440337818,0.0646108331922207,0.00503242827062695,0.043077174895399,2.31234406357333e-05,0.00130971515776563,0.0251779483235363,0.000545089888759922,0.00169770274011028,0.000603785293437646,0.0657853642594376,0.00654709681961143,0.00255072864250121,0.00522465864360949,0.00449422440311717,0.000410478256239243,0.0149371150900598,0.62183056417639,0.00677152848047852,0.0215148294701232,0.00609334912386071,0.0131764719799907,0.0120095936709022,0.00417805871663039,0.00228052106401789,0.0025595736719514,0.00146529844837466
0.00432104946593741,0.00424302441288105,0.0065202091435787,0.0062244476443467,0.00902230499863609,0.0100710144170995,0.00919465788039318,0.00264805878197061,0.0304727035966632,0.00704163128257063,0.020736397469744,0.0264995726749575,0.000357394228160398,0.00502992977101245,0.00156037159451919,0.0214202161226582,0.000601059613352357,0.0017698570436272,0.015735038321163,0.0185408278045249,0.0326654544264235,0.00294383475643725,0.0165061803125479,0.609978530879003,0.000292302586540076,0.0640876062543879,0.0149166323447676,0.00126502355959716,0.00581453982992426,8.85015437860156e-05,0.0411032639396929,0.00832836329909589
0.000302519779728999,0.0204652237850081,0.0057693673236927,0.00228972412466554,0.0471935013301883,0.0169378708654636,0.0375295479547479,0.0078493646222519,0.171434458268793,0.00830042565385366,0.00177017177276988,0.000213559325284836,0.000849007873646244,0.000837692814834004,0.000124003673350038,0.17184678944238,0.00561285139112597,0.00496917730934846,0.000329002243956201,0.0176260990513456,0.0408082084495284,0.00365360662044937,0.0224530143226926,0.0439474565924126,0.310708503506022,0.00113272487213164,0.0193303358833331,0.0103616336988211,0.0061420790792739,0.00169236099494918,0.00155482724011616,0.0159648901338356
0.00253584000718674,0.00312820554668918,0.00339999444558526,0.00854807338076035,0.0115779127517861,0.0234506838500613,0.0372954323137209,0.00369769907569946,0.0192387285516684,0.00795303115649238,0.0136743016013864,0.0354230242005806,0.00414859407501291,0.00240045918793255,0.00207895039144805,0.0175200907427659,0.000250462722692907,0.000108224268259219,0.00392532851145822,0.00930410822951806,0.0134114634216712,0.00326667224565141,0.00572931334040199,0.00233597180010228,0.00122246551685258,0.693786988716692,0.0235892173863783,0.00866039295549591,0.00122845999012446,0.000336632916695301,0.0303770264252766,0.00639625027395358
0.000200929274991787,0.000814567321516093,0.00526529800334383,0.0257130048941862,0.0445223723902553,0.0354071516368919,0.0675153997617246,0.0109021774258307,0.0061222130618978,0.0153714628786003,0.0030799414310196,0.0102775703536002,0.0146981182880803,0.000837584976613758,0.000172429860134337,0.0201570713536703,0.0047023064296362,0.00223375979372254,0.00749529974820708,0.0628477004241858,0.0418157697601363,0.0182013819164944,0.0165872126950665,0.0366219165131305,0.0119210280250473,0.118200837434115,0.353509258319493,0.0236222652797949,0.00487764094293614,0.000771820970945973,0.0141500038915578,0.0213845049431735
0.00297233718922161,0.00109728277213359,0.0058686663346786,0.0351254716018502,0.000608431619856149,0.0930441345548888,0.133819690609079,0.0341036650316908,0.0129880747279834,0.0269929728211724,1.319476725127e-05,0.0513945371723011,0.0129308076317784,0.000211897054298585,0.019127998910603,0.016784829748328,0.00291615031415767,0.000819417878475031,0.00278512516134344,0.000553127820385655,0.0064410073206841,0.00711550973087227,0.00550151946198274,0.00494422425011426,0.00601802475722244,0.0510122387180746,0.0197352738082824,0.374300470647153,0.0445272132702698,0.0119003763776656,0.0143209117562142,2.54161799881646e-05
0.000693966072279278,0.00133792378177758,0.00588229193679989,0.00826601160889326,0.0427871615027117,0.00362381149007878,0.0109293259655019,0.00326356061883575,0.00132813897611427,0.00497070346350664,0.0266721181262904,0.0652561328113765,0.00712404644333413,0.000443249791364976,0.00663337878227465,0.00341156107524921,0.000202375429779809,0.00173677402983209,0.00126589887641064,0.0570627028551201,0.0172160092089513,0.0444405078348446,0.00196913284526386,0.0502657492844052,0.0288013713229234,0.00501381056902208,0.0129050522588323,0.0066196620173182,0.563029634317837,0.00285082852031125,0.000564796533092553,0.0134323116496665
0.000146575350013936,0.00271055120561377,2.3330081476597e-05,0.00123317668881428,0.000806434018094141,0.0147330705861953,0.0639912008567924,0.000147908351118714,0.00778660994181054,0.000409443622823576,0.00060290378372808,0.00728420298791157,0.000377209765837338,0.00105842310401519,0.0025896761374467,0.0232469436331963,0.00372151802422983,0.0010053198621217,0.000564102437769874,0.00451814492535824,0.00485916438970513,0.00353651021700145,0.0123899332496189,0.00733239588556182,0.0130664017128832,0.0178963694045261,0.0138233944382808,0.00344458668666038,0.0111000394410152,0.754107214264969,0.0206665406090179,0.000820704336391968
0.00110497886255788,0.00175045190846082,0.00612987358266196,0.0113168217123462,0.0219949561288374,0.00123321779504015,0.00272615983962169,0.00500651429030528,0.0132523098929081,0.0065590402527933,0.00219133328833235,0.0408095185661627,0.000486727177591326,0.000873305929926766,0.00826934860029138,0.00809132908900602,0.0016618209320137,2.72832535722689e-05,0.00165309170389821,0.0546066562481516,0.0473308858794918,0.0312035043174164,3.8695518309068e-05,0.0476246374149994,0.00862729146592538,0.0478620686808949,0.0173003324084995,0.0126186317567087,0.00113148068534603,0.0044186663846954,0.586242211674313,0.00585685475892173
0.00857812576694181,0.0261135522001158,0.00011726606348241,0.0175571803822282,0.0317123905002972,9.52428604440168e-06,0.000724326493375457,0.00343803019364391,0.0178850586387117,0.0251341837527659,0.00096987392993599,0.00626239165734873,0.00467807651244129,0.00193530107909036,0.0035310345061335,0.0286824455919705,0.0141344399944758,0.00672159165546368,0.00294824903912157,0.0158695036269025,0.00245547073696742,0.000824704884808441,0.00177928085123892,0.00259221321973482,0.010801301294927,0.000735802849801531,0.00267802230794449,0.0159162981423045,0.00078014518258992,0.00149546157751841,0.00700696448125667,0.735931788600417
