0.414405260858444,0.00371532149099165,0.00102277086493462,0.0130751716483856,0.00256574559745261,0.00440473204441809,0.0105483015342976,0.0177625926352676,0.000595842573711484,0.0167153781340281,0.041941064601522,0.0823975297903549,0.02049060492162,3.29797511159499e-05,0.00180593614021252,0.00274367937596146,0.00289785838625329,0.000235062496377303,0.00130066267328607,0.0457885457680506,0.028735009475729,0.0100515530021085,0.0234251975208462,0.0797490100926457,0.0417020708760374,0.0113277526575231,0.0253675746206148,0.0629662225386119,0.00736293539885418,3.68829795291994e-06,0.000252330490015697,0.0246116137423744
0.0122492608326622,0.171576965255609,0.00895950269250613,0.0416438938017629,0.136792897870377,0.033639121527554,0.0356023446512222,0.105341524112738,0.00175511206366148,0.0357539390411796,0.0892119968663602,0.0536288385357304,0.0271553066436197,0.000310983349920959,0.00258118466028026,0.00463548908864218,0.00122475204891017,4.25430046515304e-05,0.00216798184250845,0.0287408992547057,0.0173099388249465,0.00157020700034509,0.0128053270497245,0.0386802556489394,0.0277074627571974,0.0115988801759817,0.020370200561272,0.0384596163389938,0.00856678982227528,0.00037717677702483,0.00035900367928119,0.0291806042194154
0.00219745342732842,0.0104127383703731,0.0695242031349719,0.0633765935060229,0.0739493103537212,0.0123807236512412,0.158939479833312,0.129915786316667,0.00222681484186163,0.0212096392711301,0.130863029540072,0.0931643923026572,0.0654131755099349,6.27076458806372e-05,2.6549225261489e-05,0.00396682511338662,0.00266781062745019,0.000115420629502565,0.000329476787502606,0.00151008795887399,0.0249468714912931,0.00190108213496417,0.0256359677532216,0.0170427015011382,0.00605351564054161,0.000132208149919094,0.0058686545899136,0.0743448549500475,0.00113907107507723,5.25638948519208e-06,7.05722591112211e-05,0.000607026018135444
0.000588546806694041,0.000489813319898157,0.00278548484819537,0.199457410731172,0.0316741255197718,0.0134344991932839,0.0280818343134138,0.0279819591997533,8.91221079258039e-05,0.145473030048764,0.294685686796005,0.0730664863469187,0.0830134209287405,0.000370211744535749,0.00230002945444664,0.00847161485554344,0.00112139540482057,1.45849664607853e-05,0.000343380601972205,0.000153996025330211,0.00342354350721327,8.3078987598138e-05,0.00235299353796928,0.00214195831002728,0.0196219580806494,0.00154380959361591,0.00464366007263171,0.0472368636911781,0.0007205766292902,0.000182044656872357,0.000953531157418199,0.00349934856188931
0.00349394520260792,0.000700335909869556,0.00126988236118049,0.0404141913416382,0.247399607566356,0.00969727677454162,0.137123678878804,0.0221256507714915,0.00944689053586737,0.0355545467491553,0.0954710917982576,0.119735284686887,0.0550212320430343,0.00232637650260538,0.002985974552267,0.0143814416594278,8.47863020510622e-05,0.00384602545832031,0.00045057581241299,0.0153237562259907,0.0245426338550061,0.00118624588413429,0.0368007593819108,0.00386926081181843,0.0081122185703466,0.00507918343309711,3.63026364478117e-05,0.0821107294283755,0.000465263036029344,0.00120250437881643,0.00356840983614624,0.0161739376151043
0.00431927610270517,0.0122453004240988,0.000796148083344749,0.0196053998508626,0.0484346144951749,0.071119373999878,0.171412992807395,0.0585150813123344,0.0200065617946511,0.0323931612251482,0.141427533840501,0.138122646300167,0.0616925237156774,0.000705708200833841,0.000582667000954634,0.0208345979370611,0.00161475513960584,0.00162647754527928,0.000188101765973907,0.0012977731556172,0.0266073410662123,0.000209714689256402,0.0400516695634319,0.00343645938250094,0.00531504725729671,0.000598301930011354,0.00239060084060246,0.110516265932977,0.000527519760599935,0.000109826022300005,0.000505665192360025,0.00279089366518646
0.00436394826308399,0.00400398615681726,0.000310543461744508,0.0123574743404958,0.0161952380450697,0.0152566780233402,0.343698678982118,0.0269147005839385,0.0133894974453947,0.0285436233144636,0.149994865858321,0.114070858865339,0.0656343485672164,0.00100398135332915,0.000705833939088247,0.0126419919178913,0.00234110880682135,0.0020138456192767,1.42968301085314e-05,0.00367553616266269,0.0340640255987949,0.000109795676771778,0.0316826975339436,0.0117389553864328,0.00387955563040344,0.0020365919070448,0.00394965525448495,0.0897780813391711,0.000217230058084692,1.12204358162718e-05,0.000363617718419998,0.00503753692411066
0.0027986142009528,0.000442209246583252,0.00397187438069185,0.0720465740117385,0.0441830736381946,0.0197282288908482,0.0161725961757913,0.0859453230474195,0.000245978410093087,0.194496402093918,0.295181960971579,0.0542530252344553,0.0712151076844272,0.000690837469798796,0.00299902922272389,0.0168053485901783,0.00171555937117686,6.42821074407156e-05,0.000554593302022755,0.00196207357758867,0.00548812907954985,0.000871988079655982,0.00333339055066552,0.00237423645431252,0.0448473651438446,0.00316506082346262,0.00720198482105946,0.0357839204452875,0.00127961778003014,0.000548857255917687,0.00139592778126355,0.00823683015732813
0.00618412834712786,0.00898125563016794,0.00239105956394604,0.0316800949732515,0.0586960067088211,0.00362809110570866,0.0680523776384155,0.0808316219836407,0.254291126706794,0.0524405167114067,0.0665876616278656,0.11611811909653,0.017216649511383,0.000719626307054466,0.00158742198160898,0.0132118833488217,0.000312081828449499,0.000111015345395989,0.000405384489827174,0.00921317152731528,0.0193891981531725,0.00748832685931058,0.0315207031526601,0.0141087055807966,0.00237667298764163,0.000196948994219649,0.00122644885774643,0.115983421623031,0.000789117134233194,0.00153185749542673,0.00322606245284243,0.00950324227538718
0.000954439890892572,0.000138697413351465,0.00185438139117582,0.0406175018444997,0.0205753368275204,0.0121927786900008,0.0105032217077721,0.03729271527719,0.000499458674473183,0.314336646423087,0.304032101675619,0.0860219304525453,0.0823129312384117,0.000387729576175077,0.00601743033151287,0.00465589637079554,0.000330658450125739,1.93762926022139e-05,0.000648486743689312,0.000865377462735204,0.00153999517520629,0.000404978217995402,7.27892229011011e-05,0.00100116336142148,0.0112668877982583,0.000278649230801903,0.000261164062565147,0.0545889316348953,0.00014690732748142,2.6857517507227e-05,0.000609161659059334,0.00554541805773225
0.000850800201910615,0.000548522706123968,0.0032059047634903,0.0797917588053521,0.0528259164153864,0.013139699747047,0.0361954151214576,0.0778765598923131,0.000259876745097614,0.188386564332305,0.224155518542001,0.1016827501972,0.10622470498866,0.000961823463327782,0.0110074984918138,0.00623814199993136,0.000377876023037012,1.36885675870648e-05,0.00115708342798904,0.00193420539585961,0.00271235132862444,0.00150374438831057,0.000359047052353773,0.00151041084305875,0.012041921321069,0.00126316769998494,0.000179741875008192,0.0659420892289701,7.28989131827358e-05,6.51848757948777e-05,0.000766915154311888,0.00674821749144106
0.000677347075558299,0.000237606600390524,0.000211999329627632,0.0434074446984066,0.0258446378163221,0.00254996462358689,0.015479559879188,0.043266955377106,0.00108340261455255,0.0666382330962821,0.155541407408693,0.157734763311854,0.0920554484210939,0.011283154201423,0.0321548238390222,0.00285621375612102,0.0006727299508981,0.000137098627630271,0.000894975143645281,0.00342901070734325,0.00351048345018676,0.00427950502477199,0.00454725424210288,0.000530265322598875,0.00499252166297415,0.00131663101259671,0.00321411269225207,0.311416732769895,0.00517005548011983,0.00143270068980509,0.00148046668722991,0.0019524944867221
0.00061346135246266,0.000473662256359553,0.00191454024650485,0.070237224458111,0.0577556343217798,0.00676647297236724,0.0417881976228755,0.0948518701207191,0.000439037407577635,0.114030991060451,0.210266859232652,0.0666398416629718,0.22746720636733,0.00281424443963827,0.0156764695392589,0.00397682937654368,0.000396772032373955,9.37114907524911e-05,0.00156747829808678,0.00270180188520439,0.00378132651342115,0.00306812081648464,0.00111035257417039,0.00189508341801292,0.00632696629398412,0.004341012644439,0.00230574774439158,0.0511305044347948,0.000312531505682875,0.000319991823384268,0.000408461602002267,0.00452759448521088
0.00228450785160601,0.00215702793674927,0.000179538334297318,0.168401443428869,0.134607253181306,0.00114343909247338,0.0455918781007462,0.286404732007566,0.009491597576242,0.00280120655953871,0.0101822271193416,0.0196123309421731,0.0423857465750685,0.11337384819094,0.0313446698122925,0.00631152907211418,0.0024459883154785,7.0429224224806e-05,0.00210446240663981,0.0221346183523458,0.00157291280921128,0.0217130347198613,0.0137772307864029,0.0241340466500109,0.00400820686386728,0.00306609274821967,0.0028379540252746,0.0175609097818231,0.00254453606850547,0.00295982636737689,0.00207981711336864,0.000716957986065681
0.00638687108214703,0.00155631907257404,0.000225566701447604,0.0850929461501615,0.0312842688688269,0.0051139133247745,0.000218690409477807,0.0670222723616223,0.0148177202613594,0.0897331820344078,0.105463532504758,0.0914239336088182,0.0296940237386765,0.0145867036557312,0.265768138213803,0.00631607318626615,0.000724856733368084,0.0021802678351025,0.00165893744352667,0.000894652589335246,0.00138889488954029,0.0100158744164537,0.0138866197148522,0.00725556124834023,0.0050705001567586,0.0128110297268367,0.00639552100218746,0.108458403857118,0.000515962819964553,0.00368367104545376,0.00715885763951016,0.00319623370679944
0.0157014507565023,0.0281820967777953,0.00220522280451454,0.0399306002377873,0.0827203994534301,0.0147668449839989,0.133700443036901,0.125627599982217,0.0404461780039826,0.020457354610821,0.0187583166515565,0.166561760630426,0.0139813961547926,0.00145487196280681,0.00120336094577042,0.0562314254040176,0.000816274053011199,0.000969065388791905,0.00030213454379513,0.00481473906871893,0.00995100544980131,0.00287602179890007,0.0180260385023612,0.00804548751475892,0.00531066795781624,0.000952343604910635,0.00111386566182088,0.172555906592804,0.000655062478818438,0.00117420843183712,0.00390866338059206,0.00659919317394117
0.000127232398421289,0.0106461490273347,0.00266531393334124,0.0410344698361823,0.0612075478894139,0.0232112882884618,0.146188734880272,0.0811851505614293,0.0252380370304374,0.032219300107635,0.0648331962449922,0.0603008214260312,0.0134045039047526,0.000342049881996189,0.00422822827769161,0.018378452813254,0.137614959427109,0.00137229156166674,0.000162638914515377,0.00964493737430509,0.0579396554911348,0.00424674468000158,0.0914003169975605,0.0429765537351336,0.000280428813421924,0.00265824592742237,0.00782522509559916,0.0495479423217784,0.000811523260010682,0.000459704887265937,0.000163389068209538,0.00768496594321858
0.0129560312927982,0.0138997907192799,0.00102920819108587,0.0116646035930156,0.0272652111795424,0.00187344960915516,0.0238434151593369,0.0209189459885125,0.0317122295019482,0.0314173441095867,0.0266539334813486,0.00010235444544437,0.00131749257947248,0.000600397277161908,0.00253667882887579,0.0111377635268735,0.00457954621445186,0.29018191994515,0.00677799280810133,0.0289043705107058,0.0859620900381753,0.0487438241988942,0.208570214513683,0.092033621825646,0.00356022691919727,0.000344750667713876,0.00333517037003625,0.0017943013533644,0.000356843507800779,0.000703873959323439,7.97968276452041e-05,0.00514260685667383
0.013103124157758,0.00911454609577692,0.00222914414332981,0.00263540497596907,0.00458239603781162,0.0137223775769088,0.000411682519105015,0.0014653159494577,0.0199571507765611,0.0121273918100643,0.0244471685072723,0.169214122065957,0.0265934570338348,0.0032843524008814,0.00589699756155826,0.00962087326971076,0.00494156188853662,0.00835428116823625,0.179282864000815,0.0849307995918422,0.073528521006153,8.19166130730912e-05,0.0545503434571538,0.0698904433815366,0.00076207096766575,0.0480358854547112,0.0546203097464061,0.078235791357857,0.00977580529074248,0.00199415679044469,0.00311888783530182,0.00949085656756739
0.00508398724707493,0.006329441044822,0.00197056200164025,0.0487287555908861,0.0374676883934697,0.00715173128599347,0.0298904545091962,0.0869856166726715,0.0189348275334064,0.0310696922585397,0.0265472414510121,0.241873989264203,0.00706467612512576,0.00018291443186209,0.00129243133232168,0.015489980499412,0.00295362100518943,0.00162762214617491,0.000574530551276655,0.117302635807511,0.0288763766995163,0.00250012275334557,0.0624847162166248,0.0165453341292692,0.00234651547008569,0.0220270952898805,0.00851463931052766,0.162730632183262,0.00190550915424271,0.000378834992698486,0.0001669359293117,0.0030008887194461
0.0075584732008897,0.00213247049904016,0.00491719004147048,0.0381178027633699,0.0455170449870814,0.00313008256461114,0.009816517438819,0.10942931745272,0.00946247938379926,0.0191555105630703,0.0320503354614147,0.0637452407194036,0.0135961022368896,0.000344115189904629,0.000295216800103557,0.00767244051847274,0.00202011025520824,0.0162813815342715,0.000879667669616689,0.0693623280553268,0.0826032904527756,0.0163832759325457,0.163455974141198,0.181649182901129,0.0118064340973268,0.0312232640774067,0.0101637936098517,0.0329727587955231,0.00088403718383989,0.00118727678275925,0.0119623214212681,0.000224563268893737
0.00154301344201267,0.000743133634874426,0.00115029518712826,0.0269329441943138,0.0353435606066973,6.02754911597774e-05,0.0401027539084847,0.0346278671762144,0.0330488694669334,0.0250897486968608,0.155900964546345,0.114099638146266,0.0625196752284302,0.000150166190890943,0.00243971807100656,0.0302658108488575,0.00325545577970626,0.00553020409580051,0.00180686495628038,0.0332401391376817,0.00954626078528999,0.0853034569009778,0.0407611283130723,0.0802600376126699,0.0223940775570257,0.0199461997144007,0.0123700615095309,0.109461558512036,0.000423876469886874,0.00204462919735317,0.00129400798623112,0.0083436066355809
0.00278978222397702,0.000472800136725914,0.00405268304476419,0.0116488782950277,0.0284090753318598,0.0058946006073657,0.0478385115624432,0.023160490212637,0.0383301772825156,0.00283392789647266,0.089401919791319,0.136371267294409,0.0648818885261605,0.000489673166826023,0.00042641957732134,0.0302414598778868,0.00242424335139818,0.00973444714327072,0.00160134175024769,0.0439258454322754,0.00782086135937186,0.00346328596991638,0.179277574251562,0.0814362923242349,0.0186235415285033,0.0305634378395982,0.0157629278071662,0.114833326800038,0.000231599630086026,0.000429488568547876,0.000180306624156617,0.0024479247919149
0.00503586229483436,0.00548506192623274,0.00170049193067635,0.0665257971505077,0.059443856629937,0.00701225977976244,0.0504774130205757,0.128758832048799,0.0115719230872379,0.0319540056368615,0.0348915354843004,0.16300587991541,0.0019034484266009,3.27148193624242e-05,0.000521318203022403,0.0118537945278593,0.00277983167514406,0.00235568735886465,0.000976757164334482,0.0034986805770382,0.0301892391550963,0.00343739894315052,0.0847478889329411,0.149047408753405,0.00367788170851206,0.0173959244574419,0.00264246663131057,0.112707722886765,0.00114032924866485,0.000415634090642362,0.00140152942023105,0.00341142411447707
0.00241333318122751,0.000676269689626682,0.00169447686348968,0.0205527930427052,0.0229518351162414,0.00865290622338323,0.00899796156975253,0.00337897632692019,0.0149137091229724,0.00255873971109408,0.0528376527141543,0.0743707787812403,0.048737570009497,0.000907906606832426,0.000609987737568464,0.0122187318444527,0.00346698557626471,0.000565711892100996,0.000557033308549632,0.00931347164491167,0.0159324971963462,0.00147592385147012,0.0354025788509438,0.0256671168994531,0.491800539237999,0.0112223264797548,0.00914932112904599,0.0738835061831354,0.000135699683623498,0.00136058089305727,0.00161016927992232,0.0419829093522633
0.00212453435817398,0.0037904398689545,0.0026293332833815,0.0230473895720011,0.0308587104496876,0.00523271413769213,0.0183230180333557,0.0471952717870817,0.0271079632620789,0.0120523681034057,0.00382929828124119,0.270472696902934,0.0178385116114856,0.000196320554793576,0.001797629511228,0.0286992535020167,0.00106679491292629,1.37032316010858e-07,0.00138254209968166,0.0160145636343254,0.0386227027786525,0.0070357450906899,0.0707498029316981,0.0393846889970083,0.00113191903509867,0.122030123630775,0.0209339326283158,0.176752948343778,0.00310690078507036,0.000440588082427659,0.00183408077325228,0.00431707602447167
0.00182144264736821,0.00281159632404664,0.0011115419500888,0.0343877637227623,0.0533014109076206,0.00704123920775474,0.0521472700342511,0.0843365797917763,0.0195620154386743,0.00670375904168823,0.000257751142088057,0.250198477910218,0.0204601729268436,0.00083172235472352,0.000850628765700922,0.0231931825522175,0.000642446359563879,0.000114573530191241,0.000122130055838921,0.00571940810570807,0.0306387933174227,0.00431006301613148,0.0603529145226635,0.0220910696723943,0.000250521958563356,0.016706124419586,0.0885936896540434,0.197406253242892,0.00311805997876269,0.000299005187621519,0.00263072469114407,0.00798766756964976
0.000194904260575183,0.000235983131856888,0.000134561711635993,0.0240324722357476,0.0109811457494563,0.00068068616536855,0.00464579659318169,0.0194284771222375,0.00035757625184849,0.0374372242467581,0.0853216222565964,0.235319556102016,0.0533617619457643,0.00624293947653752,0.0164908609622281,0.00117125228649279,0.000364132449120857,0.000151680365245752,0.000406951898257771,0.00391993026398197,0.00387487388459232,0.00311663862223288,0.00599315686007136,0.00234535262923225,0.00290807346466077,0.000251825855595018,0.00170351371915225,0.471767823006361,0.00383811910715221,0.000715668091061538,0.00126871191467203,0.00133672737030851
0.00194776975742581,0.00144185095365866,8.60660587101454e-05,0.00856603765806061,0.0246596082501591,0.0118141768784303,0.0684994737446759,0.045011509686125,0.000132424703090966,0.0147235656004416,0.107828597903196,0.155186745000368,0.0793247931472585,0.00253039315484609,0.00810121173916182,0.00656939295418987,0.000159612050784004,0.000336813465889476,0.000305291898763374,0.0010120603412532,0.0399372113221934,0.00675925897267025,0.116042107610264,0.034075197248838,0.0014913280490073,0.00569904677532716,0.0127220767886938,0.150505884925357,0.0753271537336118,6.7380203270855e-05,0.00138422671625674,0.0177517327080213
0.00139680750098873,0.00104786011602051,0.0051708688175761,0.0459774560277851,0.035203491745141,0.0149803848210762,0.00105391406685477,0.0525480021528713,0.00187806645542506,0.018095192085199,0.0952851181375575,0.188683826570103,0.0369345653555157,0.0010472443355531,0.000529316600917101,0.00441216706332024,0.0025207679810788,0.000455196476063295,0.00118624314116873,0.0502948455993719,0.0465503600168157,0.0231464756982122,0.00820446389206289,0.00219122221562723,0.0018438262608701,0.00985975218941105,0.00116107821556822,0.153235062336018,0.000522354887646357,0.170835100597702,0.0146531351635577,0.00909583347692097
0.00278398195662154,0.00927650258718715,0.000809819862046114,0.000908776240490499,0.00310280351937003,0.0173962776533231,0.010334252670643,0.015759117363721,0.0150585877433006,0.0441116399675445,0.0658828469626561,0.047038025749416,0.0483190761444418,0.0032206190927162,0.0051312677780306,0.0140749275577781,0.000278171248243558,0.00245886321848009,0.00186134222507683,0.0167993599356559,0.011492435339158,0.0101102576419106,0.0292401001457629,0.0193811790238424,0.00905426456023761,0.0512507518260451,0.0304723326492865,0.0275410989030514,0.00561802373978607,0.00143055381188605,0.47362198743654,0.00618075544575118
0.0017107174273013,0.000512465650402356,0.0037604227399147,0.0302738821122327,0.0489256407989549,0.0112259461524866,0.0526481545481924,0.0077259728065711,0.0142218599743455,0.0119421455621716,0.0412721293226373,0.106381861931908,0.0515771641562324,0.00134313473613274,0.000255923424271616,0.0312244394009858,0.00540849826937722,0.000998923060031574,0.00121744014441313,0.0187501526199869,0.0315582863747077,0.00244957782675222,0.0427631140106855,0.0445392079864046,0.117723655722355,0.0281775041795591,0.021090725603417,0.131406547395112,0.00030193848374332,0.00164118629668263,0.00397386990264342,0.132997511379388
