0.110844070432558,0.000669260109847657,0.000376450234166603,0.00830657836028086,0.00897488105397664,0.0003221149797495,0.00713799555875303,0.00241627996452947,0.0078004417663036,0.0366716303169714,0.179136634410232,0.091288932212088,0.0623854820745938,0.000137334869673004,0.000789806861796,0.00380554009233417,4.93482362393832e-05,0.000237307039075784,0.000749160881479885,0.0650508232700319,0.0902329142936133,0.00219009265702583,0.0522443365494235,0.152910364452624,0.00112390235166693,0.00787756483771556,0.00816104336725667,0.0839325894247371,0.0041057069784106,0.0010625074419308,0.00243532597904529,0.00657357894187074
0.00268132959502895,0.167196857541551,0.000759287855478869,0.00989691661322408,0.0277139723190427,0.000959130618417206,0.0572081293655913,0.0179897426759247,0.00810444227008495,0.0837556534637794,0.151438762822127,0.151226642011156,0.022260702089979,0.00128331366165753,0.000157762088957374,0.00229149541964267,0.00401133591523521,0.00031214044086101,0.00349498494264673,0.00382764077560315,0.0470513861831988,0.00695205088318185,0.015680263304061,0.0210276730464652,0.00288964984230981,0.0118742653035009,0.0234435826995245,0.128962009153361,0.00374867984859772,0.000201544593859186,0.00103393644599872,0.0205647162099532
4.49293628432982e-05,0.000149239569492645,0.0680068983425283,0.0148484496739979,0.0224948000624561,0.00324323961575382,0.0830831428727836,0.0094925144745797,0.00957024482959105,0.0302645236861302,0.155455126629461,0.242791425252701,0.0768153630995417,0.000152857499991731,0.00148778080189911,0.0218535729264021,0.00156392332132672,0.000249954583064131,0.000564439774821053,0.0125884960551898,0.0192487150127168,0.00243515624133593,0.0322841205324136,0.0137923760029293,0.000120829586972529,0.00266329046569741,0.00645649082076518,0.16145303963299,0.00133757473024797,4.18381639507355e-05,0.000298522872800209,0.00514712350262527
0.00116146993593396,0.00409692069183047,9.55341621417555e-06,0.119818548331989,0.0398468464555733,0.00882752636308089,0.0747707127172212,0.0772992436290168,0.0115675508692848,0.129530932611398,0.197333153405263,0.101668922131126,0.0486221884655654,5.84837169323443e-05,0.000145335380782057,0.018912951691547,0.000361199868926011,0.00111598720786846,0.00113656801681865,0.0165578743257598,0.00418647048578209,0.000344578156647604,0.012483431218897,0.0130054623609043,0.00179197721280422,0.00121437273575723,0.00214629151053206,0.105481591384886,0.00151161523543304,0.000307334129150491,0.00296339548370351,0.00172151085337134
4.51875252236548e-05,0.0109273467017363,0.00333806720105535,0.00244835964822525,0.0443787132153351,0.0130560312919138,0.00477361136711874,0.00502670404427265,0.0448516767082535,0.00182167335801513,0.0474606650017623,0.245156112378361,0.0261016937427203,0.000858453196058768,0.00378986913170102,0.0277632199743784,0.000489318059557863,0.00324453955796379,0.00165871416721076,0.0128232983999507,0.0912083636054281,0.00138175443074724,0.0714871698449867,0.0602532542533799,0.00183722412281776,0.0156546792759647,0.0431058271355044,0.187331655534961,0.00346486815888592,5.54982170083403e-05,0.000897006735134905,0.0233094440143669
0.000349894162875103,0.00367932256798198,0.00201708995166017,0.00829284492816863,0.00405786212552341,0.0854490504163889,0.0129991202922533,0.0196461734462878,0.0514096832224818,0.0128710962442711,0.0862547586545822,0.247196585796392,0.0443720222859608,0.000772783052206459,0.00186784136203956,0.0396026394095716,0.00049278134685214,0.00115209005254688,0.00117802184105065,0.00768861774559085,0.0529769330070527,0.000916500011192991,0.0656563594006345,0.019238106284448,0.000100248488729742,0.00545561878777377,0.0226379784612942,0.185230100496932,0.00422773947469626,3.6863667019453e-05,0.00224026860229188,0.00993300441324899
0.000521219159854642,0.00573336304327867,0.0023387033205073,0.00751103718130309,0.00464638448497686,0.00387934134756404,0.0752326438544541,0.0261638962816021,0.0497278771902435,0.016272377635414,0.0855715702229763,0.23104371531611,0.0382979674159106,0.000667854894829337,0.000983229929479638,0.0338144793523027,0.000647735843160672,0.000816282618393059,0.00179504840983805,0.0057371934804229,0.0640921691791069,0.000841718868671102,0.0745809344275529,0.0228810767027402,0.000248361788531097,0.00868282529345793,0.0307726049282784,0.189187620197247,0.00427422332320923,4.06461858632336e-05,0.00204784320117738,0.0109480549215431
0.000764194032420864,0.00708388562682934,0.000493496551361215,0.0943886370094316,0.0326906680667532,0.0117581694898907,0.0543876497233193,0.20570788774165,0.0146293279401041,0.103013588190549,0.130031157548193,0.106708225968736,0.0341949112188472,6.70352020923661e-05,0.000711239961743695,0.0177710631871484,0.000147435715078984,0.00161228619702353,0.0011717294824667,0.0175189102978432,0.0128919910425589,0.000696827457998657,0.0183981046202864,0.0219726135730895,0.00279485944450177,0.00291411018348826,0.00448438417278521,0.0940552162832638,0.00140443687627942,0.000199060467168105,0.00235219194512182,0.00298470478197453
0.00279189405530329,0.00495817377177603,0.00129584989085362,0.0288417177286373,0.0112339417218889,0.00599391860480821,0.00909875763213602,0.0771113120695315,0.263781731738451,0.00735478722217197,0.052257301785603,0.155790463416528,0.0360583112581501,0.000238430311635502,0.000327458019961946,0.0346332161048816,0.000639645256634605,0.000238953303444345,0.00224671047627987,0.0104236840982127,0.0204038272064842,0.0265563703090975,0.0745656359750593,0.0015631219066216,0.00563322078858903,0.00213734060550388,0.0104896309660615,0.142677699348016,0.00451805579368407,9.43158823658117e-05,0.00474195570458078,0.00130256704704707
0.000741201838808565,0.00194984940147067,0.000517546708259744,0.0798405887074105,0.0571119932138322,0.00291943106451697,0.0674968203814621,0.0995304595022848,0.00554835091244357,0.277376302703411,0.176472000222891,0.0556409973486493,0.0433780825642023,1.21485947625418e-05,0.000903694349349117,0.0235875816353099,0.000323168441606538,0.000493462662397768,0.00173735720659265,0.0146355024094173,0.00277009517308978,0.000486503178664769,0.0140166174326143,0.0108668852655396,0.000610381307177766,0.00165867615553765,0.000852346918892598,0.0535861228046284,0.000868629169772448,0.000393545571991117,0.0011819484347631,0.00249170871825029
0.00118364723993065,0.00264904883842278,1.95409571707925e-05,0.104042947606626,0.0846242587354706,0.00102475572618635,0.124706232236554,0.110670479352039,0.00772691477153616,0.171012997181418,0.035767748669009,0.0635412749642158,0.0610224258791047,4.35443339266202e-05,0.0018384103301765,0.0395404140963417,0.000909575339136801,0.000788005550919194,0.00432768726013262,0.0308631598647194,0.00562952844871722,0.00183372592095933,0.0338456795787737,0.025886783887956,0.00063474521097416,0.00334979674586769,0.00181356865795285,0.0718059590242761,0.00145769546122205,0.00157842921266313,0.00119621853295614,0.00466480038464392
0.000513379942900021,0.00419356770882286,1.89758386819154e-06,0.0525458058552566,0.0735615978867076,0.00617073460370556,0.104016478627289,0.069099404912913,0.00967451176740775,0.0542636541626205,0.103875864460652,0.044532091427887,0.0651847736545492,0.00225297221251777,0.011705125232736,0.0187993811547769,0.000188595304400226,0.000125882707949113,0.00336606976946757,0.0175974008758391,0.00435604067337665,0.00204662765139405,0.00327861217136595,0.0193179718424577,0.00235055025356547,0.00297199441460807,0.00680454489361922,0.289557541888334,0.0106017499585684,0.00659453162528752,0.00606856829316709,0.00438207648199012
0.000571082688514879,0.00208657718846267,0.000397359728967169,0.0584779241677981,0.0639122301593534,0.000121045255978616,0.0942484008728872,0.0489989690454556,0.010239300401878,0.152652673039802,0.129156127248586,0.00629668730381328,0.255791841475307,1.22054098249217e-05,0.00319512262502113,0.0342595775066794,0.000804903571390007,0.00108044524947347,0.00500819257138747,0.0290715539625737,0.00332868811905114,0.00313319555639763,0.0349720722829849,0.0276760044321104,0.000292727274836303,0.00358955405825876,0.000337726639742491,0.0216130576771548,0.00159195014032647,0.00390181234326908,0.000117923441719702,0.00306306856099455
6.80506012473036e-05,7.98223748166962e-05,0.00250185499341274,0.0909246241072592,0.108341918611994,0.00295468219674072,0.0761401859558452,0.17280866833502,0.0250675780336584,0.0142567520311529,0.066390674698626,0.108301612373717,0.0624560418623802,0.0553617166928352,0.0170431006792849,0.0134998914476159,0.00126004551331977,2.62346304199942e-05,0.00131514416403051,0.000969253184191818,0.0202192301597291,0.0066616926272136,0.052078955451157,0.00688894169666082,0.00298232006640051,0.0130787789783066,0.0142573777558368,0.0531950600949995,0.00229626600211901,0.00262946087858142,0.000785763678824575,0.00515830012260254
7.78738013258751e-06,0.000409886283489924,0.00336387092091482,0.171929483183732,0.104480884434208,0.000579916997794549,0.0796924064216446,0.173666709674446,0.00381391302041175,0.0638819665161834,0.0360402698976988,0.0446111142151045,0.0228490990465771,0.00347456937567609,0.169038473267017,0.0183777433742864,2.19015891143184e-05,0.000193101005767345,0.00188928194283292,0.00827151672343119,0.000534458178685686,0.00498514023177238,0.0172846457591549,0.0127730284507682,0.00169630118765523,0.00110659401911732,0.00376437713135022,0.0393434571930222,0.000602974368696645,0.00210573639297891,0.00585767619696857,0.00335171561936618
0.00498639718329715,0.00446263752129235,0.00140428129290467,0.0134646285489186,0.00520210217407406,0.00223439065331062,0.0263054065152023,0.0390091152560366,0.081732315104005,0.0143228766267183,0.0766689559978428,0.250075023380125,0.0495460146991065,0.000297834926558921,0.000135744559979654,0.0177305275734157,0.000317822286508626,6.0035083404207e-05,0.00155868667252435,0.00479047006203491,0.04243645791959,0.00830870081502312,0.0951135398518244,0.0050568712641871,0.00435154255528117,0.00402356686991917,0.014588802030148,0.221393649786985,0.00408641672374934,2.05768165453397e-05,0.00522440033624838,0.0010902089132384
0.000570652857606468,0.0142650521695544,2.52077462252504e-05,0.00133253859878851,0.0419275813991132,0.014549661619291,0.0127908523018731,0.01420620011871,0.0194274014121307,0.103693641567885,0.332604162309289,0.0342970191462665,0.0624570598265615,0.000591721647563738,0.000373714976669593,0.0125579498763021,0.0830672777078575,0.00345006300703087,0.00385997113932856,0.0691134754331554,0.0144072246075809,0.0014666902723226,0.0189572817417527,0.0907315689733979,0.00592834739889838,0.00736802078906312,0.00205079747951955,0.0271868098614107,0.0048033344492672,0.000412400537857629,0.00080584477248768,0.000720474255240021
0.00314787587038357,0.00508638949007381,0.00076053469130134,0.0421681212271844,0.0604191028720703,0.00463795988649902,0.0289498625567354,0.0837652961600047,0.0890647624253323,0.019687849799629,0.0631745410409878,0.0900895596848969,0.0180077273867139,2.83390340257576e-05,0.000371419055712448,0.00730162131169344,0.000456375867341463,0.16680837721069,0.00176090164998548,0.012371190258273,0.02938121449251,0.0216196029722332,0.139475137950002,0.00994196550955288,0.00719666684375882,0.000150439432270627,0.00047980192647556,0.0787267434610873,0.00177937586358207,0.000330075565579748,0.00183954039358655,0.0110216281098275
0.000764544867176512,0.000446636769362388,0.000799735883671516,0.0220418612857682,0.0156031874607683,0.00256011053724423,0.0151412860213451,0.0692887144540643,0.105465789343745,0.00193561097610232,0.0185514451064344,0.0113583933885687,0.00664492450323611,0.000855714967767276,0.00159212098827093,0.0244526057200385,0.00166139408486496,0.000381869452895355,0.118900543423362,0.0240721816445392,0.104831762440082,0.012797867401236,0.289505666758483,0.0823448658389565,0.00623481663011658,0.0233097461985169,0.00384889657602299,0.00727714813909336,0.00105146900334327,0.00111099637877971,0.00131787439972912,0.0238502193564158
0.000936851482859698,0.00244839014383108,0.000350910180375951,0.0443694087010599,0.0316604868646386,0.00179308610524443,0.0364838636253325,0.0228027412960837,0.0751033875737007,0.00127713776994172,0.133331539579143,0.0785818577761516,0.101053377775116,0.00016489236461609,2.89653383546499e-05,0.0553815829932345,0.000481273022375155,0.00279478950250957,0.00159116136076404,0.15361920716564,0.00233937910547701,0.0238023805268965,0.121344829975033,0.0153856955442211,0.00066551929095067,0.0037065326872015,0.00865829220818517,0.068426071610989,0.00391476838464399,0.000161177301683665,0.00451146428162247,0.00282897846212381
0.00126166536832691,7.98106681504171e-05,5.16742856422387e-05,0.109181193922917,0.12590446309359,0.00445654258684366,0.137929480862527,0.140827414985332,0.0351477748641379,0.00626743592412859,0.0760342372371729,0.015225626388677,0.0313625050284099,0.000465312513831185,0.000981976623643551,0.0346311091366786,0.00128627324419033,0.000325411113986361,0.000682567863233524,0.00708820085004087,0.0333988967986525,0.0109015483818458,0.125341042978764,0.0248554094451841,0.00101993674887339,0.0021098547756482,0.0311266358417119,0.0292559450449131,0.00752694631169925,7.70213367761567e-05,0.000924373830646388,0.00427171194382431
0.00172943403441942,0.00611129658739047,0.00228343802472266,0.0409228361933988,0.0288980112112392,0.0156285640590084,0.0530529821682184,0.108898196109955,0.0188629647750313,0.0193394775630774,0.0194418854958045,0.120701651137579,0.00222484673424921,6.69818402692181e-05,0.000637831867752992,0.00983482254627507,5.65312428277463e-05,0.000334287097619184,0.00440701915061875,0.104696943439024,0.00153485221137317,0.170083556900119,0.000691943296941976,0.115230480664741,0.00253244661797899,0.00109582109295306,0.00414259892330009,0.135610301585113,0.00856686485870223,2.45028847537287e-05,0.00225389306800887,0.000102736617534319
0.00139785499380061,0.00643425182593741,0.00265496190597793,0.0682522987803525,0.0577900960309216,0.00921887987079874,0.0577740003224771,0.153245636594301,0.00419415693827287,0.0160780831788611,0.0162216614661529,0.104513334746511,0.000453075072305921,4.47051850976663e-05,0.00133693772921576,0.00313005264964512,0.000871156446097374,0.000114532481510911,0.00652749237665209,0.0983445328716893,0.00229076426570556,0.0203090442243037,0.102544857290412,0.104172852009276,0.00431862893450217,0.000142502741046572,0.0163400421906754,0.131080243807486,0.0083396917415165,0.000146792767563089,0.00124471292170531,0.000472165639227492
0.000910416427037032,0.00220229041151974,0.000104042462523204,0.0630674652958978,0.0553072791312145,0.00133954440274066,0.0762722698809389,0.045662464983717,0.0685076088247188,0.00560366362603335,0.158488851991013,0.0597447028181746,0.0981407768864249,0.000242231975556281,0.000263999384027163,0.0583745225999817,0.00073246619742588,0.00222144205727012,0.000484728819315178,0.01641385490581,0.00193769497956678,0.0287952259499055,0.151157114871398,0.0287172531405387,0.000350142293716868,0.000908320282532014,0.0169370449926333,0.0449422907175439,0.00591971881253171,3.98109419505384e-05,0.00401796184847409,0.00219279808786848
0.000291583252956766,0.00168262846687051,0.00363759398878701,0.000797224734051832,0.0942300357292698,0.00413002159831957,0.154817895799833,0.000243296922068532,0.0359422073020948,0.0307782493477224,0.11217781820949,0.0360719762519306,0.0194354902204643,0.000635300909082678,0.000472943378293906,0.0293879833136928,0.00140261254017237,0.000911330475823034,0.00459986914211755,0.0836495820182447,0.0155323527592079,0.00988736779378657,0.00739036549809225,0.0853921804618999,0.225379353518404,0.00557321569320522,0.000275208593930423,0.0283836519268009,0.00107441938613628,0.00064899854291063,0.00167436327462633,0.00349287894971348
0.000208662858366172,0.00283830898968757,0.000565423286662619,0.0595725398944235,0.0145476363271801,0.00321489190043944,0.0116833669589514,0.0291482394245576,0.0893739982407375,0.000220483222705855,0.107885394084367,0.0863512155475678,0.0685110390871504,0.000272578946207532,0.000238289783412949,0.0512500777562431,0.00032869178685037,0.00463998156673254,0.00480748112440342,0.0369588051411449,0.00830203923096723,0.0345861640006924,0.129733038917227,0.00365576257098518,0.000238694498653633,0.137177785297398,0.0208258278689467,0.0838366856000334,0.00697988799523436,0.000133712060876776,0.00124391424734303,0.000669381783850309
0.000206686077352201,0.00244977100744261,7.33444968609781e-05,0.0472877238136037,0.0264979004031537,1.02974199154923e-05,0.0533684389799811,0.0305853792427104,0.0342532918364757,0.00315711210253172,0.115025343208862,0.145857566923378,0.0746048425737713,0.000236714357601365,8.98263982196032e-05,0.0378168869816214,2.85234611858766e-05,0.00351918655428016,0.00077619316648359,0.0100245856897331,0.0120274055724167,0.0220895590231762,0.115400482216254,0.0010879506573464,2.63264690956897e-05,0.0113093942308778,0.104477905178212,0.135155125440584,0.00810022753763117,5.72996927295873e-06,0.000841830299299572,0.00360844871066915
0.000331647978683072,0.00289318015318314,6.57086118471186e-06,0.0270048551889463,0.0422952966093827,0.00499925776939067,0.0571056772402994,0.0403024962964945,0.00587811984758327,0.0148865222076343,0.045924316267229,0.164702310224958,0.0371752852755823,0.00135777135141879,0.00620404031449444,0.0108853614234651,0.000210485584453263,6.56971300052401e-05,0.00198725189408115,0.0105200270182436,0.0034172692630157,0.00291051777265202,0.000143874907180794,0.0104444371103124,0.00218048005871948,0.00108268162123245,0.00482644709794408,0.483393504856448,0.00689398253004333,0.00316531340332313,0.00393541289901704,0.00286990784339889
0.00143416872486263,0.00926086166143954,0.000407345706442361,0.0157168280551632,0.0554456338163846,0.00125158151453153,0.149560223757763,0.0159790579431076,0.0354990273429136,0.00301195662106478,0.0125447495024422,0.109669910566972,0.0111148918488828,0.00081397112159069,0.00646066754003134,0.0804218893479347,0.000734154508499398,0.00427585363070115,0.000257985074790056,0.00429267155998282,0.0413134949870488,0.0179855237091408,0.204405163459589,0.0306852644881004,0.0018055005399187,0.00782780228907284,0.0178500977535063,0.0980494786995993,0.0466184362741786,6.47237836521845e-05,0.000102342597222513,0.0151387415734703
0.000994283162118536,0.00739914414376795,0.00139526233689169,0.0526690297817625,0.000683723282270851,0.00698127558177812,0.00252431981433792,0.0707958945301636,0.0316486641235399,0.0380888817375285,0.066856046567951,0.109777064596121,0.0121752428539561,0.00124432040162208,0.000826216489741151,0.0512118206048905,0.000162595574751245,0.00213038302742354,0.00255457698552883,0.0698914816424755,0.0348792497486672,0.0200973926481642,0.0888618994334504,0.0475531896901397,0.0137894105288436,0.00121563081936833,0.000490330095775421,0.106071489170576,8.53963857276774e-06,0.134777256936812,0.00935084151622341,0.0128945425347867
0.00108050792016609,0.00223429434379853,0.000961083843026122,0.001486846388713,0.0536481705577882,0.0037677560976486,0.0316055316298173,0.0125192230033898,0.0126663315136209,0.0215230594573946,0.125396716462845,0.0122622715164502,0.0484843201713819,0.000703516227404736,0.00156727658411435,0.0159645059274882,0.000830097767669052,0.000916308098733085,0.00406953346074694,0.0348731123576045,0.0527672328947738,0.00527136078926613,0.0535505360554205,0.0620577087534937,0.00219173488457926,0.044882258927647,0.0545397953873013,0.00368861072125547,0.00313531463145069,0.00250203770842836,0.302730280115669,0.0261226658009144
0.00536168654590063,0.0100120704476421,0.00833040997715496,0.0444198559947334,0.0120228682687212,0.0119486520147936,0.0533024162432329,0.0996658021917842,0.00318657835005228,0.0794214687224422,0.159372923225018,0.0317752744105586,0.0191842581652657,0.000396654787095043,0.00126165770949517,0.0288542972370877,0.00071744047678209,0.00141095038289513,0.00597161734981212,0.097327092067625,0.000825662711212782,0.0410165854219498,0.0237481442346809,0.066421851141655,0.0496987839682608,0.00385955969445682,0.00123263635609235,0.0314711310641717,0.00354560508769547,0.000847850315350391,0.000403672015029079,0.102984543421353
