0.4939937046795561,0.001415228962500925,0.002246255544237125,0.014845917833229187,0.03284181736907532,0.015337314432900649,0.02097762830271594,0.025222584098911448,0.01917169828869191,0.010354633127749263,0.009169288916793512,0.012061352195954849,0.0026280595527616627,0.0009251936619540046,0.002561152017451264,0.0317565072454961,0.008993050926829513,0.00302296809784065,0.0013697756111909285,0.0727804110143903,0.023475929659182212,0.011700629556145136,0.0493683918287709,0.07354488455137992,0.010778987205228949,0.009234921078673713,0.008654485236598475,0.015972162747700375,0.0020834474667442504,0.0037888468822570376,0.004060590147162821,0.0056621817599244745
0.004730871471836725,0.4799160388327786,0.005574489597944025,0.07917452555131595,0.025134886247087183,0.02502384699525154,0.014233036062920715,0.053719894530067785,0.02931884826416163,0.033757716352923475,0.014070790829059706,0.020451830322826662,0.0091776628946907,0.001182899559804216,0.003851174086635329,0.0229072195797359,0.0040075779644688555,0.0027163664891122086,0.0017062821002917,0.027014510874837704,0.019856550799032,0.005529015442985262,0.029564154923780065,0.02858042396257567,0.010614063023055299,0.00961944849563219,0.0037179262157368,0.012065661706259662,0.00359679230855135,0.0023534462290356623,0.004267845618525301,0.01256420266707905
0.004487996719544149,0.004022239283990225,0.5219579062944013,0.041819947352969115,0.02827759048880705,0.015219299847985014,0.0173123853141781,0.03164746993748419,0.03923689340320584,0.019980588307737825,0.021245199159125913,0.01921092276687184,0.005288034154868425,0.00182717357124395,0.005089502986885113,0.013130576195144912,0.0031137048749687126,0.003899259895295725,0.00160803504754875,0.05062293275691723,0.013873492233486863,0.008439171371184618,0.019534010747555813,0.05029736902912747,0.003943716388501962,0.012374716936301587,0.006707265545606475,0.012749139442461014,0.003004329506843975,0.0013697214070097934,0.007760252166863499,0.010949156865882863
0.0004897875958687124,0.0014095799946203752,0.0012372156386869875,0.6183356339120383,0.031903537772733706,0.014782813926586364,0.01885165078624451,0.07790141778794198,0.010654290808080951,0.03963953111225588,0.013973837821852037,0.021111220432699477,0.009693483534429226,0.000574443792084774,0.0037306507066982245,0.015272320447872863,0.001284291216272786,0.001049068517411325,0.00031820929792553804,0.018888216016924125,0.013547238027343525,0.006673597986206375,0.018140056909740875,0.016910343044787085,0.004726042963500125,0.006096937777544324,0.005435867601397363,0.018204503150099038,0.0030490717531773503,0.001264561619540875,0.002803551706582413,0.0020470263408513445
0.002464701333024488,0.008051887465337975,0.0027212592144902513,0.03351198068582134,0.42088160275897335,0.010158976846682639,0.04256606087573147,0.04132869614552388,0.0229974644157888,0.016845681875449738,0.011697331994064825,0.011549009601593163,0.0050221893354297385,0.002525599276307775,0.0036036722457709123,0.07469922441756334,0.002306871154881475,0.003794414762429088,0.001157456240500525,0.07777139652106553,0.014619950395146337,0.010931644786007787,0.04389744560222925,0.0837062581532928,0.008831819802447025,0.0060898381368315125,0.004839212082338578,0.01815843280034051,0.0022121667110901622,0.0021789169152005875,0.0038474194863661313,0.005031417962278174
0.003324755057590563,0.004690885024714149,0.0026173982120456124,0.0254470810211742,0.030946447018701886,0.5666333499778047,0.01771431667019397,0.03859868637723179,0.010617876044203275,0.016363514140370402,0.011396559946036876,0.008672674771126437,0.014229683096959602,0.0014640847366382001,0.0022496938413363,0.015272379967677024,0.0036614560441359627,0.0016000998439226876,0.0017914037205383625,0.06293508432082306,0.02141249745748669,0.013253229165748413,0.03290197750353178,0.048632104775531045,0.011946185670907574,0.0059931775105005,0.004250104971999613,0.007991634423256313,0.0021878474721162846,0.001522932266608703,0.006069616315883325,0.0036112626332038752
0.003353062326222745,0.009720042181614439,0.000763941894613625,0.06790214009109893,0.03279815384607168,0.0184758704716572,0.45977398802355995,0.0784343658208143,0.01161834136294759,0.014597323061167287,0.006198967531052225,0.010746570267765798,0.004715071055032316,0.0016547879876132353,0.003660824103166566,0.025427942641495276,0.0013961890883105676,0.0012817322115717658,0.0013020640678136147,0.05633859273979841,0.026007926767136234,0.0089146640146312,0.03822843211157611,0.060485658428471624,0.018742365244377175,0.007188237107909462,0.008188125059586175,0.0073931816233849595,0.0018831673884964729,0.001567573798360175,0.002982225930090512,0.008258471752591775
0.0009294263322724249,0.003097386564941025,0.004229690818883238,0.14077752662105064,0.038178021762417524,0.021595348806790187,0.023233038848924848,0.31380015877352024,0.013949996469632662,0.09194654489168286,0.033950376142649986,0.044153696412700526,0.029399154071316026,0.0012806263858268414,0.008821858131179177,0.0167619392299302,0.002793012645302652,0.0016370205882316874,0.0009770164729844357,0.02905756589002385,0.02564727029980755,0.009180524381082349,0.025743936707098625,0.037321632363963686,0.010728941491287723,0.008067263550443987,0.0120125920289168,0.025149796019243737,0.004972840017066187,0.0036102443360675252,0.012252175255493124,0.004743377689267025
0.0061542596113482355,0.005240203319051488,0.002568679027201736,0.055263313335396365,0.024413529908186942,0.013972335467470386,0.024770868452493947,0.04042488449229008,0.5807335210580887,0.0206713942738308,0.0078680992873125,0.0168196505340862,0.008436662094500919,0.0005461132180542003,0.0028064849144685895,0.03049538144351134,0.0038169990400994253,0.004731076676547401,0.0021269848325643254,0.02085875044532456,0.015938137388233752,0.008085737766382925,0.017669067051344526,0.019005893023828276,0.008783409347176377,0.01424361688406864,0.0065390396568920876,0.014383294034541987,0.0027625232022925753,0.0034444048098779627,0.005686945031559138,0.010738740371972913
0.001120246508932963,0.0026597805661608166,0.003111300785544888,0.14325729313150398,0.03330726285615476,0.02524060394833515,0.021048627817408287,0.14990709092921484,0.023034141997860764,0.29828120314530787,0.0247587195553537,0.019911712764306887,0.009805517792088126,0.001976500716855438,0.012220187436622763,0.023391837875333152,0.0013358977496485752,0.0017735218529414494,0.0006958532817834025,0.04713239748353471,0.014896193381209349,0.007942066506148003,0.032284599503344225,0.05269195555004002,0.004299736395012738,0.008940046003131075,0.002383328625262125,0.01622682265426204,0.005587688317721426,0.0030893485224813143,0.0052436259920199,0.002444890354474488
0.0013022800833280739,0.0015764148466131998,0.0028262517211040746,0.07780995583064255,0.01341203160152895,0.009963832515067375,0.013515341881624312,0.08119294985847438,0.0112465411255199,0.030725827811833376,0.5240747132024592,0.011273491143575372,0.011221356307436613,0.0014543038347920349,0.0074586805955215866,0.01099750212561715,0.0010418467377535376,0.0018765892053699835,0.0008050262284599749,0.04918919152893109,0.013013665308194125,0.0048392652292957115,0.022356483973004472,0.05760895413218991,0.0028318884408353126,0.008903926171152,0.006711226316811799,0.009655871118378938,0.003646651325195675,0.0025099761963748362,0.003315027567717825,0.0016429360351955748
0.0020454929853979125,0.004046251313848612,0.001040564626589549,0.06761512818813198,0.016144790136480073,0.0063243085747017,0.02191211070603682,0.061635208653595515,0.0210870364795542,0.04729919588905303,0.013911849786496764,0.47410452035589506,0.0036418752668969123,0.0016025733174868126,0.013401890454925139,0.029496427265524143,0.0010818888362791883,0.0029513254316619374,0.0011779131481805822,0.05477242608441454,0.01671485984193015,0.008576560286145524,0.0288085902730009,0.03796721622253168,0.006922980726310137,0.010900216830676995,0.0035235367153682376,0.019086180875337325,0.0075260006428662495,0.0014011897809238375,0.008453488629080113,0.0048264016746775995
0.00175872447134195,0.0020069230244179875,0.001484243781831038,0.06630543977623177,0.016234665996710376,0.005229124297105237,0.02270686386469929,0.04124387022326337,0.019935316425705986,0.04085567300958402,0.03065488546031495,0.036374531830708955,0.5403750401659915,0.00146212133292415,0.0101008488866757,0.018200955191308724,0.001687384109779725,0.0017325359722777376,0.0014729798547767597,0.023332396573663733,0.012490343971423425,0.0038620364054068,0.012465038079988314,0.02723981591858679,0.00633818320991505,0.004917903352374149,0.004012207320476812,0.024412923641577038,0.009632888597727263,0.003260383417895021,0.003565447597990775,0.004648304237324725
0.004110868519173113,0.0036674402519795376,0.0027407863598127124,0.05990662427315023,0.022627213485131453,0.01959465171681751,0.016741925560644466,0.0561090443354611,0.02858442713816301,0.0262843980326144,0.01148142204448855,0.014115353703670312,0.010033742696436249,0.5381642628655218,0.005177087170308925,0.014578599088117152,0.003419352447440012,0.0036178150720244874,0.00197846956998835,0.030854268879629314,0.012884962663347887,0.0045037007054081375,0.023334559483416083,0.0349465228846573,0.009131292032536101,0.009192575690265874,0.005247882872437139,0.012307708468740087,0.004748486447708363,0.0009389439959100427,0.0027524248902610626,0.006223186654738212
0.00384641676271925,0.004115026264239875,0.003608581894971163,0.05987714666327615,0.02330641137983281,0.01588130863966932,0.04272841946438328,0.06910307417472121,0.019527132908371714,0.018707408368628987,0.016146830630009677,0.018535124393992828,0.01829443128259975,0.0055269348033045625,0.4361034346268736,0.03584200247248606,0.0024494092593370623,0.003769511817647976,0.001294339932096618,0.04620226145933501,0.014688821238085237,0.006703449966682162,0.018385188486715304,0.05077456302813774,0.006142881023544951,0.007310544131164262,0.00924063216427017,0.023789755448478264,0.004266095933514288,0.0037920642288794873,0.004183852546186088,0.005856944605844287
0.006935260254441876,0.008124521140828813,0.002127312561273825,0.04029170147231495,0.027128427474509123,0.013503795287588535,0.0230611110432192,0.029914589486184813,0.019207213358079726,0.017002964617340435,0.006174322935429274,0.014534406757654137,0.004721218422993687,0.0004390136729561125,0.002583501791320675,0.6047603924233735,0.004374073974551012,0.0020450034322682057,0.002368923879961256,0.032121962570867975,0.014217062915040225,0.008588024437608024,0.017831871888784726,0.026526561065089223,0.012628570427409265,0.013222805437164364,0.008041192426345824,0.022795063131071425,0.002224355100532812,0.00314462832644505,0.002059271457053158,0.0073008768302976375
0.00980614517037775,0.0008472681282873752,0.0018984973579682257,0.025890509326586736,0.037283316160671987,0.006064259779763112,0.0293982993883066,0.02223630263998955,0.021055647551776524,0.011494111618350686,0.0072674267347578,0.013110761862073635,0.005401685985673726,0.0009623531405213624,0.0042069834482581,0.037719029645926536,0.48666597438259523,0.00280308993884515,0.002041154452104925,0.0690123340894968,0.02091947338200094,0.013130629618956325,0.03494020554298,0.0802916233209693,0.010978803164585837,0.005375344633933762,0.007146525151303751,0.010916331421485565,0.001936645133169925,0.0022453152971702384,0.0050730353809241725,0.011880917150187537
0.0023631774575044477,0.0022806525519518247,0.00273198114658235,0.02146784792572679,0.03376445096856748,0.007933665870818913,0.02453592695392235,0.02610733822662989,0.0259332243413443,0.01307295682398655,0.0090190081211459,0.013990285676248087,0.008022193752008838,0.001127631408874959,0.0037763039141426873,0.022039135441650624,0.005322219720239825,0.43218259905168077,0.00326291584683885,0.11901090344756879,0.015273002171594701,0.01107431688501185,0.03667130656919423,0.10517391230868747,0.007112552797023513,0.01348013005400845,0.0067443813246381365,0.0119464494523908,0.003411352066646064,0.0020168577236669683,0.001638111912365782,0.0075132080873371
0.0017417900375631512,0.002087776733700862,0.001028577867523614,0.020622706915117174,0.03189733688643808,0.0059453198386370115,0.029063254990540337,0.020015518260771713,0.008744116811537837,0.009062909558310362,0.006335925245259812,0.03225840200608985,0.005940169125327124,0.0009422655985002374,0.0043148518202662505,0.028477232964702986,0.0035904634260294,0.004146994133437476,0.4816270652788709,0.059304432989897175,0.01640745240242265,0.006368876635163075,0.0247754345596635,0.058354450839977014,0.011933194171126926,0.0542679167074999,0.014733980819885438,0.03412637335272601,0.0017039512292601248,0.005288486931130087,0.009885033257519039,0.005007738605104025
0.0019466026532452877,0.0029732318133714004,0.0007585537815316181,0.03170011060921661,0.04832352479806125,0.0113882165523319,0.03483024504959502,0.023487816826190427,0.029308824298005447,0.021718950400850087,0.01626026010205044,0.025018562373979137,0.007099623442900713,0.0019229298186656625,0.004706041286987938,0.050789565078184246,0.0028631226884735014,0.003315540593408375,0.0031864833302831627,0.37716019577112314,0.03440610600660964,0.006613571317045725,0.023606882856421083,0.1302792948551007,0.008870351987078652,0.036692602859253104,0.0065151530144702124,0.026255593631588935,0.0033753547016362752,0.004835475224708222,0.014327723003889563,0.005463489273741532
0.0021615212999539896,0.0026621708069562247,0.0011244653904599275,0.023426849387357965,0.031124787736177623,0.006592057423468337,0.018559301728789352,0.02632546967869171,0.0174988601973467,0.006527304373848163,0.00698697680424145,0.01750580940316934,0.004636443977623526,0.0006317041821209697,0.0011435693859638,0.0328021404460982,0.0024395666629288128,0.0023949652360142374,0.0015157189161218998,0.03382433703892126,0.6050587761001052,0.010595866136392877,0.04429524466252659,0.04764972473398143,0.007537967767026662,0.0069347610611412,0.00406219272413495,0.019475226267400763,0.001889914976553425,0.00259748452090135,0.004661708965843126,0.005357112007737809
0.005470670953526837,0.0023081346877588003,0.0010522958174224,0.044670399007356316,0.039148081693017124,0.00968668431988515,0.021447831260685325,0.03492769377072391,0.013878554577343478,0.01812189424825995,0.006814194773770525,0.012150795660324273,0.008444289919084701,0.0017952112584393208,0.004393502376157538,0.0285544463409897,0.0026096773880369627,0.007600682798522862,0.001449602511330775,0.031218377992317366,0.023855672477142376,0.522096618147696,0.03739663782484566,0.03687046409972896,0.03139755465148787,0.009962716044672488,0.009174777579799738,0.015716551386971676,0.0017589203849023127,0.0023791060085098913,0.002235969912923952,0.011411990126364686
0.007687940725819102,0.0028894919051188498,0.0008498979738915443,0.057778882097500726,0.009204547593963164,0.00826548958851265,0.019511008900979114,0.05125218174564237,0.021059843805544824,0.01818585031893649,0.010249017488316664,0.016779752885583574,0.005287327438661876,0.0016317483835058709,0.003023837173596813,0.0134736620356005,0.004206948166384375,0.0014300776005836374,0.0023204792053861125,0.05280490994551872,0.0317239849792891,0.016027570569465088,0.4822578007909782,0.0975763504951568,0.010148999128215475,0.013003193133331212,0.006677796032841837,0.00973226302308719,0.002508412452249425,0.0037182351531138127,0.005431484053232355,0.01330101520999165
0.000720428499750775,0.0018740122844062921,0.00038802835750398524,0.014729019003818187,0.03379249156238436,0.005363501170844088,0.024066365613994112,0.008687719968185412,0.012318410843957423,0.015270538953561013,0.006618060605512432,0.011637374799164686,0.004440145374394488,0.0008378104184799987,0.0024367575094115623,0.02699223195117475,0.001026582451389601,0.002663823307602263,0.0014405962087560749,0.08249446740492485,0.012527087995654737,0.003626266227756388,0.005022542933333187,0.6802248141565149,0.007139266543096463,0.003117340348085363,0.00534173723723765,0.011232833392849674,0.0023967717460941125,0.0023510223036116934,0.006231986780713738,0.002989964045834628
0.0054895440742337,0.003920787881514204,0.0017154170797313124,0.044770411639537475,0.019231447523293116,0.009684664057912486,0.03619513981395376,0.0350297215642101,0.03639557894251004,0.012932817249116837,0.007039894949843751,0.01890287163836044,0.009841559217089364,0.0011712015837158454,0.004145664956987313,0.021028476967187876,0.003133358309943775,0.0054590790612156,0.0024166721220192124,0.07517302182948889,0.019593028295363784,0.012607618219876774,0.027409458657490126,0.05087797007278789,0.4694700872453446,0.01933351698147231,0.0068644185401452625,0.0238439457759585,0.0037513653930787627,0.0018270871462820752,0.0056760617122024876,0.0050681114981311745
0.0024313348038524,0.0026260565678073123,0.000481505951849125,0.05684676264066836,0.003957991127623725,0.006956591238874853,0.008803870707575375,0.06270568853988151,0.02617857119615574,0.009707048122437738,0.011394590626731711,0.028811003679115262,0.006442484130568662,0.0010180960034676377,0.0016137338559137433,0.01175841149863194,0.005747723517680913,0.0025201651429415,0.0027728042916250247,0.10593774279899751,0.0267504858186657,0.02397284421331895,0.0593237532959685,0.0993833389501526,0.006034430486221425,0.3575262938111934,0.020624495576633563,0.025776304642819277,0.001207794979111625,0.00488677340657215,0.0064685870951132745,0.009332721281828724
0.0011627701910291374,0.0023309578399177628,0.0008857432878370625,0.0350894345694241,0.01985542159264515,0.005163324390520475,0.022109432772713523,0.03339868608909615,0.009389891959711712,0.01658770224672756,0.012425140429526076,0.019098818054870258,0.006848959751925013,0.0009287198360851057,0.001532672184665702,0.019077367304318037,0.002444143811046362,0.0028374390223979374,0.003915243516332562,0.04948000931520041,0.020457951645024664,0.018410066855115426,0.0388833778562404,0.04313854833981995,0.0041448175789096375,0.018895805211865888,0.5507588127187576,0.01671802927087826,0.0027537298763025252,0.0051962632241437864,0.007477175160941462,0.008603544096009438
0.0018867533084844235,0.0019534728035768955,0.0008844020259576001,0.0480780385039924,0.030510141152096288,0.00712944722340985,0.01846928056137271,0.0431935920206915,0.04357808059639398,0.027417776888161174,0.017817863458824714,0.01582535122585225,0.0033754523808680868,0.0011063054688612124,0.012203993117183962,0.030507931705350547,0.001438706687645685,0.00409173425480639,0.0006869571835135073,0.05539238676453661,0.009615825249114324,0.0025509420034952393,0.02281588188542784,0.04096364660942396,0.00981322333353505,0.010993464529257486,0.004063745250072999,0.5031386289511812,0.012878925993092274,0.004613848661048247,0.008713284117338776,0.0042909160854320005
0.0014326073761814749,0.00054662614101045,0.0005563349193759941,0.030374030443604337,0.04612169861444052,0.01669020672545094,0.008888602855784475,0.03300569327883893,0.02472189963480311,0.0184704291913265,0.014515848625687163,0.014740015619148188,0.007710544217743988,0.0009029312080406249,0.006002134335253862,0.013106164051290349,0.0015220174559557626,0.0014901555378550658,0.0021209112537505874,0.029890331283068564,0.008402433379701011,0.009550374070548612,0.008212472376476276,0.03331819780314615,0.010046291978819313,0.030959443525559467,0.01633132583986395,0.02009692046262141,0.5644677662388092,0.005028705316389501,0.012478323232801274,0.008298563006651887
0.0026281927568131626,0.0049230663666857645,0.0010322978297481124,0.01953720565104896,0.023912502775398567,0.004710626286322337,0.02608081593472545,0.011300729954123777,0.0243996962636247,0.013476429609783862,0.005083084510105512,0.018694323654469637,0.008706865493726625,0.0019642695052290372,0.00253284978337345,0.021581069878549377,0.0026760588077259376,0.005193847359725261,0.0050353426725088,0.09724977486798433,0.011343172480762463,0.009034800908508162,0.022720908940864874,0.07149970043475265,0.014303904867008374,0.011981763781812862,0.007943745435884688,0.019374133859173272,0.003573972361342575,0.5105592742555193,0.00849993155000295,0.0084456411626943
0.0027712534038589376,0.0037803506871695015,0.0010955444707457375,0.05367243167368438,0.030666203033539948,0.0058796343768694505,0.02265061545485641,0.032449705525213486,0.032741222510525005,0.0350328328968336,0.009837918012660488,0.026460560476270132,0.009657774734002126,0.0013859701761539498,0.0063627567244373615,0.014991023829920276,0.003958785906607712,0.0029309013971888266,0.003112567891453872,0.06815898573686657,0.021503652688843525,0.0071484952686071,0.0239375286725676,0.07409731462366854,0.011854528644132448,0.031228454299480124,0.010983267103569,0.031233689829739508,0.0020190113613539873,0.004093553781173526,0.40563291730750006,0.008670547500506063
0.004259355836941037,0.001333297396218265,0.0004154155106954121,0.037355383564513574,0.018231255762679963,0.008995598352119301,0.019279243260983524,0.034802977871026264,0.020109554608804234,0.007714776614620237,0.004236255458703212,0.013764314641123924,0.004048317514175114,0.0008850985526296625,0.0017280673566327203,0.015218770811493062,0.0034427731996874624,0.00427140696662709,0.0012840113170543,0.07265626088965912,0.0058231878021235,0.010634326826901137,0.019267548268206577,0.06435303465677768,0.0188765537090512,0.009123792573858149,0.005047919273336375,0.012688288241744075,0.0019872250023375126,0.001603011640125609,0.001981742213490375,0.5745812343056594
