0.602743687173645,0.0019280825627766,0.00730830615066823,0.00859294861914256,0.00304116258035327,0.00717036326437952,0.0106838967607597,0.0226574532319165,0.00796140114573967,0.00349577552519224,0.0108327087356084,0.00471754978868558,0.0037218778523123,1.54382087019377e-05,0.00083282004568308,0.00742484230966557,0.0123579842980539,0.000817427815159925,0.00164199912775069,0.105710634264499,0.0171123947296294,0.00154541927942936,0.00243758482128893,0.121753243484317,0.00119504806285166,0.00773081913135756,0.0117842082101851,0.00112250756541133,0.000892800165252853,0.000903630127622483,0.000153706963226331,0.00971227799873393
0.0155717405542859,0.698830464105287,0.0141066997938807,0.00577202484408137,0.00726869702887854,0.00928895569959452,0.00671798218794317,0.0100001172460891,0.00675948058678426,0.0023410081541885,0.0048464928507305,0.0128826978009303,0.00344009947782118,0.000219221502512308,0.00367125761843843,0.0328056946832154,6.03626058213421e-05,0.00304919579289441,0.00102523833209574,0.0420721552440025,0.0118730423123667,0.00310610050983489,0.00160942416302532,0.0466013448177394,0.00451213575206386,0.0104022087813195,0.0085982089047596,0.00507668401349171,0.0005009635328976,0.00430160547788284,0.00977288065918142,0.0129158149659619
0.00622115864648672,0.00884362093307691,0.654324602804931,0.00789660931081606,0.0209684809666277,0.0208670143319669,0.00579170394189504,0.00223324369308235,0.0234923385808484,0.0045394442100223,0.0134638720492803,0.0545697208345572,0.00266892994342377,0.00189789753617776,0.00504882808050759,0.00243489452544482,0.00112463360954912,0.00327931005751639,0.000190702860953815,0.0189905628492343,0.000131066433601896,0.0098018959680607,0.00041637804506539,0.0546608978279312,0.00142721479919342,0.00154690921368131,0.00499073021359821,0.0247146849913932,0.000176335439672939,4.99122806667188e-05,0.0155909268921131,0.0276454781286238
0.000338512467232354,0.00191632082393597,0.000510121275272464,0.676573551878353,0.0230177258054226,0.0128493312726398,0.02173362810626,0.0961489028588673,0.00980196859917971,0.0119465258864488,0.0122308320724471,0.00739655410732551,0.00827954422576574,0.000160751768166036,0.00848577043497315,0.0130914732874266,0.00219607216848476,0.00372451915943494,9.00216186957175e-05,0.0308546155861343,0.00264629496496528,0.0022092943388581,0.000180912140195578,0.0218373433760653,0.00248630420187142,0.0074534786065626,0.00627777921545209,0.00335898013125581,0.00279590900969015,0.000145127644191647,0.00113081158020274,0.00813102138822323
0.000689687947683357,0.00019806165730963,0.00509165384744741,0.0197952926486047,0.621350018830625,0.0132110902778769,0.016505658680236,0.0408308124890483,0.0340557194584246,0.0102061154219774,0.00313055720044247,0.00174627460627733,0.00277796274001832,0.000295257115652843,0.00795352200049056,0.0894072877239085,0.00705720175494135,0.00203121982587128,0.00126915351098176,0.037893277459949,0.000947454567363313,0.00788596685723777,0.00517427806371018,0.0449620330906813,0.0080919137251926,0.00260372973996761,0.00100335176738667,0.00209362927352531,0.000198021466234217,0.000367523432248589,0.00545180243724758,0.00572447038143825
0.00844998996046044,0.000391064325565557,0.00346520426120337,0.000842421597818852,0.00807811500651954,0.746599423954231,0.00474724387346933,0.0257975107205454,0.00924460007411259,0.0024856439344864,0.00627811057743192,0.000458527960689943,0.0312198125558292,0.000619283869855591,0.00238341082438312,0.00256481293678477,0.013525087359576,0.000138939394317858,0.00122779463559292,0.00731377710724499,0.0301916648247596,0.0177148200268535,0.0112468357433987,0.00498573852424447,0.0117089136748872,0.000224959161756996,0.0122728321660042,0.0212164628119137,0.00850510971213484,0.000999445771688963,0.00181456137350878,0.00328788127873089
0.00392924439595743,0.00767744978667292,0.00114924907268815,0.0350202598896038,0.0284719982224691,0.0109602288568163,0.583704812085573,0.0581626859175793,0.00976529104933077,0.00969639902988761,0.00726775691155992,0.0117726842549179,0.00743418150975349,1.3633290842822e-06,0.00288859653182795,0.0746076213886407,0.0030067301412568,0.00129937640722605,0.00018160617529926,0.0179980061122501,0.0183706707740438,0.0071226980980502,0.00516892559375974,0.0333547250927933,0.0112242859539001,0.00502517294623452,0.0191571158882804,0.0119986477475645,0.00249601729887654,0.00231963915216049,0.0077443531151669,0.00102220727077499
0.000912159855072481,0.00250542370950839,0.00194301530687184,0.0337534614677817,0.0142933045946439,0.0197152501867413,0.00325247036649261,0.610148311051786,0.0262581073043962,0.0184646332916004,0.0187974592185145,0.0152062568741564,0.0247947088611217,0.000237526264994164,0.0180083840449623,0.000542281829565779,0.00816423498507177,0.00329973313507478,0.000290553038886879,0.0219268236334905,0.0349810730658709,0.00309141674358915,0.00248845249050911,0.0196646333561106,0.0247940314409138,0.00545573350125598,0.0257922564244821,0.0196879808097548,0.00916967477756166,0.000714924652473206,0.000432698848223916,0.0112130248685209
0.00525476520530384,0.00360134006472599,0.000282714929509287,0.0105045907851632,0.0224137149118518,0.00637972105887757,0.0373395241272454,0.0150004811810077,0.669157120663802,0.00687069707663737,0.00457987401710818,0.00320791179457772,0.0126591026674769,0.000356335561804896,0.00119261166495018,0.0491748279424402,0.00814196893274557,0.00351871622843635,0.000217831933926842,0.035589238961096,0.0176608504618712,0.000360839770454785,0.00730034732157893,0.0330807587758684,0.000111428424831402,0.00232834153536297,0.0106729531656148,0.014541096750188,0.00531663707113611,0.00167658115435772,0.00231211997326721,0.00919495588678082
0.00027448444841677,0.0037467484816833,0.000142962015578011,0.114739372363304,0.0943854468041539,0.0303468149535472,0.0446259415245338,0.219737441652478,0.0157684886151207,0.276290256630905,0.00207966013349338,0.00645340461343269,0.0225195100692283,0.000187716492977502,0.0127337883973451,0.0126124269600457,0.000261219005057704,0.00361257320235313,4.15323427517974e-05,0.0464991295561426,0.00346818936029495,9.64813941749224e-05,0.00372616539506705,0.0379131531156759,0.0080010472518634,0.0100331314765565,0.00204419324535314,0.0101232516181727,0.00553559537106523,0.000450616400176709,0.00735175901799991,0.00419749809105094
0.00124844836956312,0.00234669602029064,0.000696489053704743,0.0902104901194875,0.0343300173700275,0.0207612259792135,0.012291416107575,0.188316720369682,0.00483975746448821,0.00501163260306101,0.483773938603417,0.00822006585025676,0.00589613386499236,8.9439285265377e-05,0.00801323695602342,0.0052721480961457,0.000924559991239637,0.00542603540077103,0.000169937699928914,0.0463726288899516,0.00325508833087447,4.23283340968742e-06,0.00728487337540215,0.0377772385628044,0.00312098285974417,0.00830751625227498,0.00529610007189354,0.00207449002482344,0.00283118903639304,9.42008659969908e-05,0.00302997810330027,0.00271309158799795
0.00347176788628833,0.000133585450084234,0.00188805059088864,0.0671426916289548,0.0239675744505378,0.0234370828006475,0.00465937398063015,0.136629865048229,0.00616517744939832,0.0049790144838848,0.000602665004018034,0.568674654556119,0.00272441793510328,0.000375739288009669,0.00996263707201779,0.00720283856909138,0.000771870493407332,0.00283072193340594,0.001149611947227,0.0477932381965136,0.00376741770807755,0.000241352379277979,0.0130409615738287,0.0365074432284454,0.00925786816288733,7.90284358177486e-05,0.000529802979740749,0.00258295261923583,0.00569220072292474,0.000240586284015944,0.00641430408172079,0.00708350305957113
0.00118745265092008,0.00075433449764369,0.000341183101815668,0.0214812892200355,0.00531045037706789,0.0203257689140499,0.00321260703688959,0.0447005672556407,0.0166993771304269,0.0280246768835916,0.0706314927685987,0.0720882532302052,0.584622415518827,0.000271081139825,0.00129057011454411,0.00922296081938507,0.00221609684038457,0.00139115742520647,0.000891556258758466,0.0124800891834866,0.000442934589878058,0.000313241803385497,0.00117783789842798,0.0145297698516453,0.00367579934104799,0.00416776275944734,0.00177279940567668,0.0484587293958575,0.0161979006960874,0.00382841562815682,0.00477265753248663,0.00351877073060044
0.000907760921058042,0.00269471382457202,0.0011062635426362,0.00270958878533487,0.0667323080106764,0.00768548674533129,0.0316816085047887,0.0270108071496906,0.00754098380353684,0.00396295853725615,0.012515994821267,0.000325535210488111,0.0304452038495488,0.722217595280685,0.00642900518952254,0.0164844486440797,0.000836789299583137,0.00188643425221178,0.000688672015389887,0.00451873220902624,0.00310940634421965,0.00282083851603945,0.00258669501268697,0.0078425033630211,0.00441429416252102,0.00395981274468221,0.00139186797087427,0.000674719973219489,0.0177225644777043,0.000399326385641143,0.00455859629524246,0.00213848415746498
0.0011723233204047,0.00164710946686568,0.00754492141523684,0.0771146539962157,0.0133066526853708,0.00137679262307356,0.00795275871657049,0.147814772353346,0.00522184240005071,0.00877148188188987,0.00735822816038457,0.00470182192552142,0.0140974805665525,0.00054596255228337,0.594585422089872,0.00167913793813997,0.00578637346362763,0.0115100267703,8.72300806021452e-05,0.0109676880354551,0.0076626952275485,0.0189526253912685,0.00620926598896451,0.0173927763739907,0.000436272397522426,0.00419825302451892,1.78461471151568e-05,0.00827626520409332,0.00483235233657842,0.00433533912593793,0.0009887800265366,0.00345484831416269
0.00554398812853188,0.00357185074312741,0.00211021253628514,0.00742520602742229,0.0291210693387536,0.00266294818091009,0.0350927944263086,0.00748773880334764,0.0196105784809663,0.00257336722667994,0.00369517094893907,0.00663158219429246,0.00270326524485651,0.000147302121060493,0.00182611053080608,0.665143235160592,0.000961365854480113,0.000578369762208148,9.59870853360884e-05,0.0530927180054713,0.0249156260590483,0.00210575593238216,0.00304730862950761,0.0579238320893636,0.0138057380016174,0.00672394244336406,0.00992759634930199,0.0257599851705941,0.00160555591959717,0.00313413741231059,7.4488146166064e-05,0.000901173046371453
0.0251107079529577,8.42254807212676e-05,0.000731155392929801,0.00124361161667109,0.0040926686818405,0.00977396549521781,0.0021712042399178,0.00673345795739009,0.0130811117975324,0.00698056220668898,0.0234001033600318,0.0239699677568877,0.0011724486484306,0.00222321477508673,0.0058318073979733,0.00961820277580211,0.668367529934787,0.00118212672788942,0.000347905811410778,0.052660547506809,0.0156359535601154,0.00128082371445799,0.000626656120671579,0.0649544789948018,0.00887302217549946,0.00278711524401368,0.015306143750115,0.0183502315683323,0.000306668369503409,0.000228444546829639,6.04632586116788e-05,0.0128134731800729
0.00230002513826503,0.00827768289776906,0.00135777537700371,0.00691754976573797,0.0346467249177333,0.00330353536146933,0.0326198211347248,0.0283728163811696,0.087739303727868,0.0171418171489751,0.00647653526485666,0.0126460629293436,0.0200680257505834,0.000159717861566608,0.0014042951811948,0.0259863292084742,0.00636053957574495,0.507751325960442,0.00148521076925842,0.0584821189595675,0.00856087753833519,0.00339207952637721,0.0313526501308339,0.060084258848956,0.00846765557990334,0.00181665930788154,0.00109621876727982,0.00388228765403008,0.00611598375336463,0.000269524102275857,0.00257556598787515,0.00888902549113962
6.90962863016094e-05,0.00241777130280238,0.000278135780808643,0.062582582250574,0.0148714138051425,0.00653062058509282,0.0198070688089733,0.0761277792773944,0.011230696098984,0.00131001762011205,0.016499232545483,0.0248966866987916,0.0163757565257667,0.000151638114106687,0.000994773446309847,0.0483290199303927,0.001569802324531,0.00125974121283074,0.550977197901948,0.00803331427723923,0.0161944269422059,0.00208583970400331,0.0112504566001393,0.00338035629752886,0.0105566884584936,0.043527568555983,0.0317599371149883,0.00282789918593869,0.000335923142752005,0.00458882470736292,0.00917143142967951,8.30306733920278e-06
0.00238347842928771,0.00181126713371378,1.98136052951449e-05,0.00125970533935885,0.0394909781744764,0.00234063681203532,0.0333468246010119,0.00568194522430539,0.0485842219763802,0.0187124190363098,0.00792694072143132,0.0055470230603844,0.0102142364192506,0.00101622641692446,0.00101429733358255,0.0795563951643109,0.00347488848100423,0.00116060805010166,0.000262356345949245,0.615440578788636,0.00206009672802373,0.000336600203629139,0.0055429914106981,0.0342066166503177,0.00389875863380313,0.0394799464210443,0.00341580903750171,0.0114798392005148,0.000512826905385649,0.00425011482339695,0.0147079016576148,0.000863657214320346
0.0024983369776846,0.00170219141155057,0.00237358790946279,0.0258214827592772,0.0447400428973303,0.00912088231956028,0.012738263066642,0.0746073124221368,0.002677155192626,0.00155732273700606,0.00702805161438317,0.0118937681242106,0.00234478525843449,0.00016351243198473,0.000813754040834975,0.0161131210352296,0.00634421416115423,0.000695190487172603,0.00131289748391603,0.0919383002253377,0.51634095166089,0.00684728242139743,0.0312695077434422,0.041306948924767,0.0108981284167575,0.0063997017312577,0.00298261701651351,0.0456903205266488,0.000144649695484709,0.00465842730842408,0.0108519252171165,0.00612536678136548
0.0015964537915625,0.00391379890104769,0.00439057770426209,0.0846405166384116,0.0843390812177609,0.0117165145308776,0.0553481189321021,0.114097151223238,0.0164476624057647,0.0124478337449744,0.00627481734605055,0.0105897529073863,0.00717436712702176,8.45131894903515e-05,0.00010795657952858,0.014343476665894,0.00469640579702029,0.00264109811423791,0.00410228000693222,0.0014517664255035,0.00322091679727132,0.441212647300703,0.0189159503917615,0.0149713262637064,0.0362864579791373,0.00898074346746459,0.00789892547438503,0.0120958247724371,0.00479997884187682,0.00651800713823964,0.00157183899967161,0.00312323932427809
0.00605885050426361,0.00132403451742781,0.00455321607398619,0.0648837632850583,0.0117300165671812,0.0132420039198256,0.0123821319645479,0.128836254699528,0.00889379839612127,0.023202451586331,0.03651518959398,0.00512949111197148,0.0112437516028023,3.7849071162566e-05,0.000302313583277647,0.000137685255197099,0.0136710224262596,0.00166451739647281,0.0065833684336866,0.016485241105265,0.00519360818294883,0.00988552209082639,0.496758293058272,0.0462952500946739,0.0227739878602143,0.00518435206415318,0.00139998607067156,0.00668717880539686,0.00450739491506588,0.00966531794698064,0.0131347046816713,0.0116374531347797
0.00109090156273696,0.000524280754377479,3.23704512744375e-05,0.000146323792687182,0.0269518148109885,0.00101697676567414,0.0191227066002854,0.00152259517042736,0.0183066684483262,0.0132352946044892,0.00466005643272629,0.00410131442123399,0.0063080844308509,0.000354192926014902,0.000867439891174235,0.0401528026215184,0.000720869046923852,0.000742266957058872,0.000585466609148923,0.0778494663274902,0.00472725531250826,0.000410119487334476,0.00299731460965132,0.747740304393192,0.00133252630674416,0.00165397040212953,0.00136752799187748,0.00483751036495343,0.000465031865572377,0.00350614894418794,0.0126214441956585,4.89535007828269e-05
0.0105249390169896,0.00541597001339517,0.00268788167517044,0.00606569725880183,0.0267712445205815,0.00945323855736468,0.0447500182885672,0.0199951327573444,0.0540310961731355,0.0128626182772786,0.019687217480924,0.0122350014695149,0.00758023927182064,0.000885367336330608,0.0032435250727134,0.0202280301537455,0.00629288926258314,0.00340900425584053,0.000489282745198692,0.107993300532955,0.0033377901313206,0.00621843151040915,0.00628196181011101,0.0286659023013899,0.532648643286083,0.0127670333381683,0.00197540002371923,0.0210779035092329,0.00322968517454847,0.00167111907512052,0.00208731832959302,0.00543711739004793
0.000561131098945721,0.00273117929185772,0.000217891567280842,0.0248310476092012,0.00425334780760155,0.000366382486397162,0.0105754309286614,0.0343498383483593,0.0156111692635473,0.00574288147849821,0.0118552081892372,0.000617980824443523,0.0152417799254023,0.000337995853911451,0.000923653015704731,0.0275002353393551,0.00622456015446834,0.00339951484247648,0.00401017354739716,0.186088465331386,0.00786369366187018,0.0091147466485064,0.00557552796047739,0.152188567151088,0.00163393281801169,0.449115770872862,0.00940984758475343,0.00379243306635086,0.000484752387271384,0.00448196943263101,0.000574557756137267,0.000324333755907971
0.00271888087184011,0.0034116887557632,0.000449805846999301,0.00612766074092007,0.00766783726389026,0.000899048705125469,0.0370773620971572,0.00413731649771273,0.0291874740981045,0.0186315830893682,0.0231246638677584,0.0013637906280557,0.0204025378562047,0.00056319524737131,0.0007723804273993,0.0496732661130094,0.00154482282790584,0.00214593660977023,0.00746527169334429,0.0359340140308088,0.00245148878846493,0.0169570720266893,0.0335585969890748,0.0135027296849167,0.00146765238830343,0.00796416877224341,0.66330455815878,6.16496704947647e-05,0.000532189507604517,0.00318061976142222,0.00142025036860194,0.00230048661489505
0.00515970418595418,0.000220990600257991,0.00234645634439129,0.0157921421031216,0.0398650811727803,0.0096425570528271,0.00799257374197392,0.0383937406288779,0.0302617033467155,0.00589814029401023,0.000226523595301811,0.0111985410514504,0.00115395439386385,0.00105610280948922,0.00779976714031541,0.0125352134300281,0.00106012592157244,0.019397919675873,0.00105359971026744,0.012207119915269,0.0137489947987693,0.00142993169156325,0.0135196353703652,0.0115805634009507,0.0448871526420382,0.00069542007998051,0.00848555953829236,0.653014236929064,0.0121622870312546,0.0021983879169506,0.00424619377960151,0.0107696797068287
0.00451392516775997,0.000522520408553106,0.00079022979534135,0.027599118295368,0.0114113297220631,0.00281102904654749,0.00754019655632941,0.0304800842992866,0.0233549313868351,0.00873976475895115,0.0111697377406998,0.0217266825949053,0.0108360184206035,0.000144809950298654,0.012100071838051,0.0059362966683116,0.00339118312456831,0.000440480404905746,0.00224144360190417,2.06022387023302e-05,0.00716498356293201,0.00810245292701062,0.00181244488810453,0.00832705607212513,0.0118417335164896,0.0123096335517923,0.0134021307108229,0.0126071746812986,0.711217984600274,0.002560995699001,0.0156930838099787,0.00918986996018459
0.000228879286731012,0.0020226720049647,0.00185542573571581,0.00199945506480986,0.0558805177709826,0.0040815258620745,0.0546694572733316,0.00364810791902114,0.0120612494226824,0.00796314388001518,0.00842626493703272,0.000734889676753555,0.0195913865681534,0.00224844047763026,0.00053687794215321,0.0264722088679355,0.00076379133426777,0.00696704635995077,0.00785517105499241,0.00793071482522504,0.0105208344727756,0.00188857493333739,0.00652344105234345,0.00683298896145502,0.0543433503438593,0.0105678658693888,0.00823022532159577,0.0126993358909778,0.00652694468840098,0.633351170834607,0.00981245993252668,0.0127655814343085
0.000601709958618566,1.15583388835154e-05,0.000114257850081021,0.0195247274922558,0.00449560503447856,0.000658459649733888,0.00484830263139035,0.0301022366092815,0.0427877309516663,0.00168053408470024,0.00252509708107871,0.00355539844783234,0.011017211432003,0.00123963102511789,9.34292455755664e-05,0.00652581039417119,0.000573405188198988,4.61073633137142e-05,0.00171124194596966,0.202322791504465,0.00865800701856472,0.00160398261556318,0.0185327013010855,0.282232288765585,0.0161395682232739,0.000125067014732614,0.00149036239759887,0.00644369290357987,0.000270431631739558,0.00129340308138824,0.32721144137383,0.00156380744424254
0.0032492108444339,0.00129274681216132,4.59970167131968e-05,0.0117511764170342,0.0127396554409444,0.0071893950951056,0.0224597095817755,0.0302829713931658,0.013842390749471,0.011927634498284,0.00466665344804004,0.000208655431248845,0.00392279328384442,0.000283626430658424,0.000328781418566018,0.00171984906141214,0.0114126363367573,0.00143318305995462,0.000905682088550092,0.032809366957743,0.0065375045964669,0.0146104575171203,0.0154928902328587,0.0140877382091966,0.0310856623461856,0.0118918574182571,0.00082852766782313,0.00463934341581598,0.000744510164879109,0.00384942690828608,0.00198816278063408,0.721771803376613
