0.202618007191496,0.00131846755491353,0.00104493446949181,0.0137278637353621,0.0230280286673963,0.00618466629163997,0.0625384936590444,0.00131890468425838,0.00827155810745814,0.0321956283950692,0.111658975283659,0.131828849375703,0.0358468738227552,0.000256563972425983,0.00132338308321146,0.0156760799810922,5.14782030609731e-06,0.000585580614366423,0.00132429077522139,0.00917205441207935,0.0494103651745788,0.0157027226992122,0.033928783216349,0.0269716576159081,0.0194403382090817,0.00949132299216426,0.0144301634434864,0.131379093252743,0.000707312335450805,0.000339544339685161,0.00793478408630236,0.0303395607380893
0.016956289770236,0.235429971532954,0.00067927990619229,0.0125229753169464,0.0982117386426875,0.00357397689235241,0.100578948346185,0.019681890976001,3.74410956177055e-05,0.0501593105858158,0.0729952046525905,0.0633789819063703,0.017229094694188,0.00160045131363987,0.00374111538704864,0.00202126172756333,0.00527845397277395,0.00140123206378163,0.000315203362503459,0.0148376083926539,0.052043430452154,0.0247180792519073,0.000459881610235366,0.0619098406277972,0.0147255499764713,0.0223781532117127,0.0362617479277984,0.0475278519849202,0.00124447941533438,0.00200499258607135,6.64796894623301e-05,0.0160290827280336
0.00010508230250576,0.002396726215623,0.0942260459352199,0.0218235829589159,0.0413370812856927,0.00852035831356173,0.150249440716308,0.0531092357182656,0.00400011105594367,0.0113411962843188,0.0677532329481874,0.183437903655654,0.0478134676592607,0.000829503947697903,0.0023339100518792,0.00297184792540004,0.0008755818041383,0.000931628226551723,0.00199320984455174,0.0233063971515727,0.0184410501440805,0.0107947680407903,0.00871038496421776,0.0449067756568449,0.000230280093410661,0.0188328658799233,0.0214573658637084,0.152357321486294,0.0018438299616769,0.000439973036881943,0.000673005631301145,0.0019568352396221
4.04318511374711e-05,0.000383994984906464,0.00010365641175638,0.0903540145535053,0.0553985281525598,0.00363784525770677,0.10955196654947,0.0654417146177747,0.00121247219819803,0.0848300317138259,0.27359336648125,0.101854679777109,0.0850716516432682,0.000220390022008433,6.57446063321528e-06,0.0110512165903589,0.000136521236083322,0.000107737697535537,0.00052825115257772,0.00320650889854369,0.00180355601618377,0.000127386645680538,0.00661443995344117,0.0023116462413342,0.00180653807185155,0.000385199560296346,0.000441278343621811,0.0962713503219373,4.71660351465108e-05,0.000143990623227365,0.00235536632291077,0.000960527614160336
0.00244819421837623,0.00200379740046326,0.00250596397140704,0.0194461936476021,0.139042686342708,0.00488750874510536,0.0370288583381339,0.0122220376762451,0.00431092315349541,0.0115213064019738,0.143930341359534,0.217529715882509,0.0705201839645031,0.000300644902552704,0.000525980922249541,0.0036443204120124,0.00150313343013112,9.41548413427155e-05,0.00264089380326993,0.00285331333708494,0.033850170978548,0.00206779572056032,0.0325224678301244,0.0101274233462453,0.00382541196612486,0.0045333934858744,0.0145249723516775,0.193286105301092,0.00356563477648493,0.00052110160382274,0.00361324704363707,0.0186021228451085
0.00186833066849961,0.000579822493861709,0.00100679017956466,0.00287351363954779,0.0208008216663262,0.106572763418314,0.0599564815385822,0.0116252801146065,0.017446879909152,0.00870227352203014,0.0675586047950187,0.279923146258252,0.0459596512256932,0.00111292444444738,0.00459009329371008,0.0158045754224778,0.000348669922679403,0.000804172416233678,0.00132466050245295,0.0149148342918554,0.00734541321570163,0.00379439303523387,0.031082414350668,0.0182408727900537,0.000722110403577564,0.00954473435464984,0.0121118081577237,0.240982469145398,0.00389880753200841,0.000406452438548037,0.00655823165792639,0.00153800319520581
0.00298988078093923,0.00237246405258695,0.00213595216781687,0.000653764706832711,0.00376660529471243,0.000537069523920438,0.258328684621689,0.000734808014617409,0.0140956580647865,0.0105899386133495,0.0822772722397134,0.221320196880415,0.0423704165001368,0.000407825269871568,0.00120200707089577,0.0163522914680116,1.05731783130582e-05,0.00138207625689282,0.00314122780342085,0.0173079451538807,0.0114453828326229,0.00424975294669889,0.0450253564818724,0.0148333449681506,0.0024053536272224,0.0063365053928837,0.00976041022859193,0.209251498014277,0.00398309155739878,0.000282062995289837,0.00651073304258924,0.00393985024960052
0.00019442856714778,0.000629303992274004,0.000176043400642357,0.0609670930682987,0.0532692077043577,0.00349071471095306,0.107592149258424,0.121414650599594,0.000489686851249882,0.0807296868436243,0.244506922505099,0.111355894630713,0.0735439741274107,0.000161539059360268,0.000110339451967114,0.0113215895326341,0.000452957427254724,7.86880778792434e-05,0.000626103449208849,0.00222498975032436,0.00366818175900807,0.000481378751362544,0.00696217095081583,0.00290823245159645,0.00291602155891427,0.00119116415532806,0.00162389897685962,0.102699759072498,0.000120378029683854,0.000137234405551748,0.00190255714211121,0.00205305973785287
0.00304184933240581,0.00472677383597173,0.00161305466271957,0.00112255111344394,0.00323370357828305,0.018602781586639,0.000990949102224681,0.00226815439866859,0.284130829255405,0.0362436573181889,0.0543214831530833,0.157577275465256,0.00163290000522902,0.000497953839097947,0.00328120810217969,0.0265841049759658,0.00122905383827892,0.0044116430227401,0.000778491743463269,0.0324683302618397,0.0138947729545601,0.0397164913757157,0.00715138597507551,0.0648461990667867,0.00752871737496244,0.0186603163541903,0.0157345454668934,0.153978407535324,0.0020451591065145,0.000343987461107136,0.00570028403152949,0.0316429847062563
0.000104421312513522,0.000356065140326269,0.000355905082462206,0.0573279577899327,0.0859381871421723,0.000491360789525734,0.116763420702921,0.087296213847025,0.00293683163185554,0.158958446198295,0.215180992433479,0.0758490599599212,0.0732516509941048,9.90160461373208e-05,0.000960113404676845,0.0196509086650439,2.24249006304823e-05,5.99855764943986e-05,0.0011339654535007,0.00468971431333872,0.00660962117304522,0.000455901831977938,0.0112092336055381,0.00479852178604842,0.00216184637158703,0.00209971276655719,0.00175679225731568,0.0633612763519384,0.000442866128667933,7.56984210454501e-05,0.00153171394710538,0.00407017397481636
6.75725037614192e-05,0.000186132308009054,0.000321611516844802,0.0706358845398042,0.101189822768797,0.00164313084860408,0.153604639747258,0.0810522108945134,0.00033792571147917,0.0441537660678461,0.0836017640066024,0.150758653119583,0.107034276872643,0.000203200666357918,0.00337453682343369,0.0206779355211718,9.86130077188124e-05,3.39416603188937e-05,0.00225049443466535,0.00646851383908235,0.00686574138561181,0.00071075487953497,0.0144115541038145,0.00737483039765149,0.00196962652491751,0.00434861322085872,0.00402615983334812,0.123715586596593,0.000675208849101021,0.000177595503148359,0.00199499156767788,0.00603471027924803
5.08964090118976e-05,6.87323851513133e-05,0.000231241928630403,0.0729806125920515,0.112079386449336,0.00413660819874613,0.130209189499807,0.0644477069723043,0.00044924204638921,0.000924953234411668,0.0498617079775367,0.104841391020328,0.087082684022932,0.000874005101492061,0.0165970179828385,0.0156697472619943,0.000147584161300652,0.000389396549789552,0.0040219614370151,0.0116909580875972,0.017650766379678,0.000206987722545292,0.0219687758035444,0.0156138418841827,0.000175538455968971,0.0159084509514734,0.0210331085870248,0.215653243071291,0.00611280563283632,0.000366758005853161,0.00104294889726747,0.00751175128967103
5.2738957263821e-05,7.10819091986252e-05,0.000536354210222428,0.0620814210508503,0.092389402903301,0.00284171190668616,0.117326990486628,0.0558835593473752,0.00024471655380994,0.0123573638017242,0.108248654265408,0.139072375614733,0.213974212862749,0.000174448683677389,0.00666125436435955,0.0177531566559333,0.000449386005926188,9.65012073499866e-05,0.00279060428295619,0.00465282582837479,0.00613419372174826,0.00189051342581026,0.0180699216911679,0.00531687186936046,0.00110759205231548,0.00692812527186737,0.00642494720573848,0.106909487879369,0.00148439790181816,0.000257214249133516,0.000561517302292052,0.00725645653085157
2.50711224201883e-05,0.00263299899095044,0.00119207217603762,0.0984011130352453,0.128363338290841,0.00660959319383726,0.0463841114484138,0.0921183793207514,0.0134797235858928,0.038053010686012,0.0129590860111172,0.171791375576229,0.104727198543058,0.0378331944133183,0.0337830089292604,0.0051674782164851,9.73698681141322e-05,5.74860464471341e-05,0.00275402484763597,0.000249039755646607,0.0278204026843977,0.00361638757778383,0.0283143230391157,0.00852086194202152,0.00117670678492209,0.0120834167967748,0.0228332140735281,0.0847409718000564,0.00748123746274295,0.00019342895199366,0.000600417024312009,0.00593995780463713
0.000115557528276315,0.000275545391991369,0.0018967958866476,0.0756406684995765,0.158727875105608,0.00412499811674731,0.146778605922755,0.0974478962864624,0.00204410575726205,0.00662679222861575,0.0420169176464102,0.13541355337427,0.0408427345186338,0.00235577643957371,0.10886025122053,0.0263769436409855,0.000237959036131605,2.59381261709289e-05,0.00164353444501043,0.00574869328796062,0.007447866876268,0.00158440615478741,0.0163193839890242,0.0074498672108076,0.000842317191398936,0.00888848335073868,0.00584854365876002,0.0861375970350581,0.000751551196053164,0.000385236376964669,0.00134061101335808,0.00580299348716185
0.0104093579681212,0.00710807828939219,0.00229038971730648,0.00751001603182124,0.00534961131829943,0.0137426074065567,0.0360285215621725,0.00654346992116969,0.101089176889203,0.00612047958746193,0.00184645541592044,0.298500622545819,0.0104859500294947,0.000213396369199456,0.00251585093170564,0.0365417194600419,0.000533656230863623,0.00362367695576419,0.000444207344492992,0.0116133445125026,0.0012275016158008,0.0176008695762041,0.0444973315488512,0.0231564320970255,0.0125487114283067,0.00715828606460619,0.00689079679333507,0.298104849495447,0.00293957020395888,0.000166606622799615,0.0123768744109296,0.0108215816554264
0.000206495178798091,0.011387153214261,0.000637626381221314,0.00860706978050639,0.0450930196138487,0.00257813624962612,0.0492939391989022,0.0080305469272263,0.0353765076301694,0.0682015284278418,0.221840003766739,0.0880466525917509,0.0452959222128778,0.000431410511971299,0.000443107439298437,0.0172621463707685,0.151019549474023,0.00244405965998277,0.00308375638548778,0.00452070642665577,0.00824216726683395,0.000466266487052877,0.0143203692797017,0.0171346699255128,0.0439670089997313,0.0124574376682744,0.0174869397162709,0.108397090164915,0.0010807363480606,7.17896731425459e-05,0.00595203488072861,0.00662415214781965
0.00496893568834476,0.0302898015716221,9.65612671964233e-05,0.0323346562244332,0.0322260463585477,0.0570857153769157,0.00615518987136545,0.00632444379645281,0.118685694992433,0.0253303877046307,0.0044398768828032,0.0553266446231887,5.80637569744008e-06,0.000967798774369461,0.00288089079175584,0.0620672623596973,0.0112604502514315,0.286371509697762,0.00512105244925514,0.0061253786056492,0.00600487134104477,0.0482370725509469,0.0910183846538716,0.014976547917009,0.00297028908254262,0.00149859351343625,0.000492447274602492,0.0657838412403247,0.00168862824894379,0.00103375673657433,0.0178193302114536,0.000412133565698359
0.000438659607811225,0.00140627873063967,0.00144036037679057,0.010006324251964,0.0365009114542978,0.0274808159150083,0.083736314114575,0.0442191716538252,0.0531748467724051,0.0112610959243853,0.160211950895331,0.0061629383882405,0.0337034496430116,0.00251243957577693,0.00231783354095815,0.00891898840831119,0.000100125872606524,0.00108279131064294,0.0969906675619201,0.0266645852951559,0.078495776110401,0.016174590255525,0.0343181947563606,0.0942952122714271,0.00220651511824587,0.0839750749800152,0.0623665377799703,0.00509375313972133,7.65445315078239e-05,0.000138484010977083,0.00332755809758936,0.0112012096546025
0.00147831246991486,0.00258822414788741,0.000669267303996647,0.065122968838814,0.0299722299375359,0.00418097224963481,0.0156762194126079,0.0329882033801284,0.0799165966165753,0.0444309120434365,0.28493163785771,0.0315950624977381,0.0845717378473734,8.32297639958166e-07,0.000328049502100219,0.0510557414016959,0.000235970880287148,0.0016363419660904,0.00374391928822162,0.153344223133111,0.00461175481416824,0.00273581982991135,0.0483153350680744,0.00102439687966412,0.000322010238057557,0.00832827435395365,0.00261454483707042,0.0388633737155006,0.00130323419554821,9.71366933111621e-05,0.00211746559514421,0.00119923070709605
0.00203950124448838,0.000355926848411805,0.000687659231851933,0.0348779130561776,0.0462357210452898,0.000174098513356022,0.0522682788081436,0.0238363200436931,0.0504098093783249,0.0644248699200721,0.264310446493125,0.0443699257316898,0.0902059059240439,3.15017571841709e-05,0.00126089828718904,0.0276758694271272,0.000524788653856947,0.00114317376929445,0.000549724392373174,0.0217782057258328,0.0135990672761751,0.00127415861119515,0.102584216445717,0.110058011899187,0.0035198511926466,0.0108714122716903,0.00568594203671386,0.0218446934826753,0.000893881949178882,0.000210336389564963,0.000372689772098276,0.00192520042163065
0.0018147305243883,0.00422334604711211,0.00325097371919513,0.0121386205819031,0.0021978007895028,0.0118779340912087,0.0152346709304094,0.0233859337824107,0.0132581778334814,0.058221432301796,0.0775817153034787,0.0400746112527441,0.00525651532986941,8.73943239589753e-05,0.0010575668136761,0.018057874450788,0.000551069438418364,0.00164271768357015,0.000602117363253559,0.0786305053871411,0.0533577119286749,0.286745442508633,0.00764665687924538,0.19608903620755,0.00132341650610433,0.0166365692342498,0.0185200608029427,0.0428724486842364,0.000110301661756383,3.64110362328689e-05,0.00139785529296847,0.00611838130909934
0.00233669363108024,0.00253648729261838,0.00345028699153354,0.026778950567476,0.00881607363975419,0.00384111903224002,0.00705819859810188,0.024765218848026,0.00548490706004168,0.0712686595202968,0.179948546813537,0.00407757463997767,0.0286640432891383,0.000111695253251773,0.000542465423359972,0.00167078165272914,0.000758395794431274,0.00276597617026001,0.00109250985230762,0.0874853662652382,0.0596260104757908,0.0449193748311362,0.151956734733169,0.209331159990721,0.00294384930447916,0.0268095404449573,0.0226810796751532,0.010908930472792,0.000158116356513918,9.55598447095099e-05,0.000512788203893312,0.00660290533128581
0.00130628060466124,0.00232433453902538,0.000369376158779997,0.0543543982394714,0.0374848178110115,0.00122251669484743,0.0344928731365919,0.0335475529953104,0.0813830540160044,0.0430957888444334,0.2576008657925,0.0585185349717518,0.0936836170558452,7.0670902336462e-05,0.000732682087723354,0.0527286226539198,0.0005147466559535,0.00116678495229573,0.00263976141051488,0.00695901499204483,0.0103843826256843,0.00517168016402138,0.0924384332101861,0.0698596638531234,0.000235239833293789,0.00232644241268197,0.000624517242460821,0.0495998185188019,0.00219704011322253,0.00016394736696067,0.00212135705488913,0.000681183089650916
5.99427802712868e-05,0.000852499320415198,0.000626499180615069,0.00861331153397345,0.137299442885443,0.00665927386077358,0.334744479245135,0.00295249547187078,0.0408848908817267,0.0184738109167881,0.0571078304037789,0.0217952289633032,0.0240133800411704,0.000667337621772025,0.000360426055123591,0.0356419513226537,0.000723825840742366,0.00192700966837633,0.00537895441566633,0.011010611438969,0.0232645297117459,0.00919780905241881,0.00255054402409495,0.0259906183917037,0.194288512890505,0.00183537127660651,0.00217348436270192,0.0113207772690842,0.0003029538056303,0.0018220705648175,0.00108567790107111,0.016374448901051
0.00104069237934215,0.00312154937837937,0.00121533062698311,0.085462755451158,0.0567983473926836,0.00823409420164673,0.0270718140358116,0.0367072164156666,0.0734625831962798,0.0215457776258123,0.254997913786179,0.0122203117643412,0.0690612880531478,8.05688939842632e-05,0.0015630944318686,0.0567774577183083,5.87653327602397e-05,0.00377640685304387,0.00600058582533288,0.054362084194719,0.0119933888939746,0.0058879599214669,0.0336219140941048,0.0269924529090109,0.000204447851753736,0.102718908420265,0.00955940148579544,0.0286813472038257,0.00326768304288768,0.00067062595249072,0.000439204286161954,0.00240402838081425
0.000598655769557611,0.0014709381243766,0.0003811684108911,0.0653919318587029,0.0782849767541356,6.71399315953022e-05,0.0975349533473767,0.0631883320757821,0.0331700908477523,0.0199209869191134,0.142426158202426,0.0432546742878763,0.0502449884122692,0.000458023147700582,0.00168042666874668,0.0450180578046503,0.000122714857994122,0.00248138402300872,0.00175322788370367,0.0381918441297288,0.00871920076604752,0.00938905872321828,0.0492362458404922,0.0138351347253002,8.64998498797879e-06,0.00932155180224769,0.161004407346889,0.0543839265586045,0.00668064541421391,0.00015402345521828,0.000425928323622947,0.00120055360176923
6.86028516755655e-05,3.0275070495384e-05,0.000293625695373797,0.0498904630260622,0.0711168691360803,0.0038220393696387,0.0911991020894984,0.0429759434005165,0.000675545022509291,0.00534668021746783,0.0199544541248686,0.192633448269475,0.0524395227791256,0.000782561523881644,0.0123809546037941,0.00869379323021442,2.89747981035664e-05,0.000405556256105221,0.00351323728608077,0.0119126908567834,0.0174330791747678,0.000197269173063056,0.0151502369473418,0.0174437749983204,0.000475046678898677,0.0128153681441439,0.0200982673146934,0.335672806253228,0.00549272792613082,0.000191321650799033,0.00130627797000179,0.00555948416086043
0.000309297605240522,0.000880847787926481,0.00029280261179879,0.0047355702688682,0.0785129170458671,0.0103054388213455,0.287986394368903,0.0241118331420501,0.0117887651400991,0.0171219312043305,0.0562298061878393,0.0621144360231684,0.0140980514986597,0.000773047646944626,0.0046186324186006,0.0546528248774871,0.000711304253836086,0.00111094082460712,0.00204744453792096,0.00262190497526525,0.044860669077194,0.00338251565780094,0.155031934142539,0.0370072967061848,0.00420864568081872,0.00700289783776573,0.0147786998551438,0.0528721689110548,0.0363558360771722,0.000166849292805079,0.00134215986736938,0.00796613565339279
0.00167052002515094,0.000250601973047084,0.000432159164707374,0.0420531212933958,0.0309377879586503,0.0015989616447778,0.0136763441613589,0.0387131710675651,0.00252550035563886,0.0152544459466031,0.00761697621862972,0.137149654070063,0.0252582259165753,0.0011633375935505,0.00310665787495791,0.0042149887846571,0.000171933817119133,0.000323182652891188,0.0147508163638563,0.0966619950056586,0.019195950049338,0.0564000410673398,0.0815375596905927,0.0386392634272898,0.0141620754556629,0.00397932225186323,0.019675225747123,0.127795705000812,0.00274854324409497,0.171958840644555,0.0122127166607281,0.0141643748717471
0.00280522600642578,0.000603013674101525,0.00203893751967964,0.0519824596784899,0.0484779151931785,0.000183323656070695,0.0291037897288821,0.032103310732201,0.0203795561659001,0.0667358910714923,0.022849542913912,0.0692450220383436,0.00191512217722042,0.00162434267621571,0.00851885993064443,0.00637117182596064,0.000473361253912012,0.00764964887197523,0.00874251098820883,0.0729062052655983,0.0263234951912237,0.00763307221019947,0.0304546523690387,0.0832209475722792,0.00476025659622639,0.00512535232692845,0.00981547682735593,0.0903025955743936,0.0061679648965431,0.000364595278753016,0.278724516327671,0.00239786346097518
0.00470726046275491,0.00900158960699228,0.00573180871931404,0.0485575519828399,0.0330852991590888,0.00690345886188507,0.117677672668013,0.0472361181986042,0.0324700060651588,0.0569320665767597,0.111457769500874,0.0777072827641963,0.0120038612255998,0.000510250113238989,0.00148387400471173,0.047360589405241,0.00244934681460577,0.00773158817051271,0.00228470921944973,0.0257083997253146,0.0277422341707763,0.0530816424397731,0.00400799373369872,0.0677749468762073,0.0574517200445642,0.012771134033088,0.0148730756760225,0.0578821105008576,0.000554339078535001,0.00195941668051497,8.20629905217193e-05,0.0508188205302854
