0.5210338797319,0.00627604786796066,0.0160061633836514,0.0146986119101274,0.0412420585613078,0.00630164992607783,0.00229094274336346,0.00620505695296442,0.0265772386296098,0.0360693694341516,0.0149058380073099,0.00120518782980269,0.0128764371595493,0.00229357716706561,0.00119966446962279,0.000134783684800174,0.0158949432715801,0.00213905489828634,0.000383840045943521,0.0810975875538829,0.00118891258140158,0.00201363714612658,0.00157422964316133,0.0376228168044326,0.0442248391071136,0.0107202617046164,0.0208280361360771,0.0259789502627913,0.00197557226244299,0.0135337955910477,0.00984178204809323,0.0216652334837375
0.0274107928954704,0.336337865898469,0.0177770041027517,0.0313885974801769,0.114895412305266,0.00528329582406474,0.0609535281897437,0.0195168860714645,0.0331240451371163,0.0401283158732073,0.0289356254169126,0.00415056957307603,0.0242363061669038,0.00494765657195157,0.00089872089608365,0.0504556231588214,0.00301292497809019,0.00792206130760392,0.000151376580007415,0.0306074459491811,0.00159580973219385,0.0098664300532804,0.00639194253966087,0.00824609434040671,0.0439640792431624,0.00312842181820986,0.0170472181221298,0.0271654204628124,0.00553737654371807,0.00716317686534656,0.010128393647403,0.0176315822553137
0.0248352316000403,0.00569511671680858,0.390992393571181,0.163054850201142,0.0322044973473871,0.0134962358841499,0.0117971046614832,0.0316614612286523,0.0345307908231938,0.0155425513138942,0.000605638943788392,0.0198379907346961,0.0194071020182875,0.000239805829087098,0.00355484863047115,0.0561828009601966,0.00639082550343227,0.00570688435435849,0.00204574317019584,0.076916768858386,0.00417135505702153,0.00326925892973532,0.00163615529641408,0.0457228419747334,0.00919797017559844,0.000700970809642895,0.00239532315028054,0.00782038162384075,0.00459665167128689,0.00135783899046305,0.00346967096088918,0.000962939009262403
0.00975628240958665,0.000703723096306424,0.00341968712539622,0.0185263231781385,0.0247887139158885,0.00168312712328119,0.00915248899724643,0.145933832839218,0.00770389147657745,0.217396591839116,0.125171483488541,0.167607553125433,0.00812290254628923,0.00395719178112129,0.0260677952272804,0.0108474844916348,0.000547666430177818,0.001193717339613,9.57484932259443e-05,0.0450155603340828,3.04000760934519e-05,0.00970417291164824,0.0290611705566933,0.0476800619032284,0.00488491668266085,0.00876544237838714,0.00502167991096056,0.0531361433432404,0.00430113201219502,0.00279685613674111,0.0058317295877004,0.00109452924229604
0.000451297313493483,5.52606983995438e-05,0.000740435622754345,0.0409313590171312,0.408516628477659,0.0229131059870197,0.00950619205571338,0.118021674537925,0.0386914158535855,0.0132926467803514,0.0336507375396814,0.0413623490803649,0.0130927521636218,0.00202531141362207,0.0069662540908132,0.0498364893909115,0.000137255995483685,0.00250220955826507,0.00107715897194191,0.0746097266685204,0.000452460753474432,0.00650929775552886,0.00745823686023094,0.0488162445862151,0.0093293300183791,0.0162952989401655,0.00577411182350034,0.0151886343378617,0.000566618436458066,0.0030402203848024,0.000994311712299334,0.0071949731738257
0.000475220715969624,0.00127878465373278,0.00188618204727957,0.335059158821442,0.0356369936330238,0.113469471467169,0.0150000617243237,0.288737303732813,0.0355729685880809,0.0776921850761299,0.00493632757117984,0.00330918998189659,0.0103128209775802,0.00096544116880965,0.00168699579373246,0.0274910773853341,0.000171164167807296,0.000500744220051081,0.000330966801140598,0.0152270124449812,5.04953015596929e-05,0.00171139426376302,5.38428207879449e-05,0.00819899128202858,0.000260818024240322,0.00274145347232535,0.00596169868842123,0.00594721082474334,1.17942060095785e-05,0.00381616230388565,0.000638046417616653,0.00086802142214059
0.00241926841750876,0.0117494950967945,0.00232441201784981,0.0429342119329009,0.117079388070015,0.0452354065966237,0.263126152353845,0.141451502298221,0.0359275016317404,0.00418388638762466,0.00834226262473415,0.0168013446886704,0.0116016550068891,0.00339092529411453,0.00250620964970792,0.0483454657328811,0.00261870673845408,0.0113997927522139,0.000780081684468496,0.0666628458323441,0.00597565765227047,0.00606515175459054,0.0152361977106354,0.0464807465007482,0.0385185340363143,0.025517027836532,0.00860975431094104,0.000849106742117788,0.000285617118959738,0.00625185798085842,0.00378140410895559,0.00354842943947489
0.00583743821338645,0.000130912111125108,0.00107107048917871,0.12892982733959,0.0327638220840808,0.00351222835666192,0.0124642578684523,0.397866081856356,0.00206256451619462,0.134353956359824,0.0585425555534695,0.0699463633078552,7.90018619784758e-05,0.00436398342337823,0.0167598088943547,0.0215135627073742,0.000325961612482695,0.00184170723081925,7.72113066664908e-05,0.0255838762223173,9.51960261005026e-05,0.00357696794294764,0.00842158422421636,0.0259943969784678,0.00221993608126816,0.00525690856918484,0.00496320656501741,0.0228781211704794,0.00245403237677309,0.00225008913057831,0.00302831543849585,0.000835054180924617
0.00154970344658319,0.00699866980398335,0.000648644527776159,0.00510481491214306,0.114985861508835,0.00398068284695337,0.056522710781682,0.0156566223906727,0.484367357206664,0.000259497380529823,0.000229231917805373,0.00575144656977188,0.0185381757439553,0.00130601049896863,0.000695599531648097,0.0569675180114369,0.0193087430916986,0.045194294450689,0.000682289554768486,0.00945085295240515,0.00558829036191417,0.00497183803251068,0.00493391975893243,0.00494417053257752,0.0971499776903064,0.00522679071806159,0.00147394736286608,0.0047259049066782,0.00420681225366252,0.00623800024798029,0.0104409903314179,0.00190063067412157
0.00790613830678567,0.00148227992745968,0.00382372153209839,0.0444748673938301,0.00735970999014301,0.00159492328003457,0.00717865586425968,0.0894830090753907,0.00216332372611561,0.456249630965251,0.0920936502880985,0.103772193382097,0.0216819382664593,0.000293923978822222,0.0150318154375436,0.00185026712652602,0.000151850912742357,0.000665956373752456,0.000188570326994105,0.0282748656613389,0.000235554190535843,0.00524710089390181,0.0162731596417039,0.0289254036449489,4.06313359598935e-05,0.00944488410633368,0.00548169239473114,0.0380071984092977,0.00204051922873877,0.00522283862673224,0.00328607280074133,7.36529106316972e-05
0.010601640616847,4.40799983637492e-05,0.0112792469248451,0.00909307375655999,0.0337780473428568,0.00476389056155731,0.0108728080098416,0.104780257594005,0.000702592989349839,0.0848583511786949,0.0878577992144214,0.164509757018892,0.0114591594152656,0.00195078195734259,0.0449281131580995,0.0140975163516924,0.00293499909588262,0.00326914910283237,0.00037567041527438,0.102610750795021,0.00988645769958747,0.00123395069856319,0.00325622525115852,0.121880836658097,0.0178668983907794,0.0221733115885712,0.0207122996785009,0.0658604145424177,0.00435377074503315,0.0226455513654106,0.00438587058655085,0.000976727297684728
0.00351883847348275,0.00686332004470915,0.00343717407812759,0.0322633635059981,0.048322666789873,0.0317469445789777,0.00897211214969367,0.00857084898653177,0.0986114383255162,0.0524238712022992,0.0181072734431518,0.336384503986078,0.00727999734319209,0.0106745884000713,0.00362822729045081,0.120712134737125,0.00388737454719085,0.000945208803537531,0.00131438217780098,0.0103312226395122,0.00831309556995038,0.0118139907526756,0.0296368492801756,0.0340861237220661,0.0121759101609607,0.0350922935621013,0.00523366836699494,0.0257123294410239,0.00618902380894229,0.0124806484637706,0.00987861517157029,0.00139196019644866
0.00155879044315839,0.000574105500617929,0.00378619122208144,0.0708375658002241,0.100972776768939,0.0354556379061359,0.00504251880254687,0.104795424890976,0.0616054624738637,0.0247031007364847,5.6587729323682e-05,0.0787870108485762,0.229221321783135,0.0116958325321568,0.00569685837119053,0.025791177973162,0.000427738600876116,0.00561121176943433,0.000577405830062881,0.0247604844581755,0.0359855236806145,0.00685910012499495,0.0136670284549566,0.00899723793408136,0.066188216971717,0.0149421378491686,0.0129023198532289,0.000884688216806129,0.0313619667834157,0.00920092592018993,0.00687070793981872,0.00018294182988695
0.00266205425837344,0.00524104412221856,0.00203307991698237,0.154449517020038,0.00529853061496932,0.00567673151973443,0.000141325331642858,0.0564607019860725,0.039730278500457,0.110789157283796,0.0359033310343086,0.00201715669995086,0.0109710870042809,0.408209960043025,0.015161749665012,0.0101802204496325,0.000833724160836069,0.00577613201494346,0.000534409032901809,0.00165259302397418,0.0123125869471821,0.0252892036906942,0.0350423374667687,0.0126490975681372,0.021872656556475,0.0120351546820559,0.00142165074778835,0.0011936573751898,0.00033214708629065,0.00106268978624995,0.00301350485957634,5.25295504419081e-05
0.00427157219279532,0.00138081477887626,8.28855616252491e-05,0.080754469428422,0.0216416731421941,0.0126695380881531,0.00179540712528679,0.113118691162251,0.0235583753547726,0.0436139746309913,0.032279246027542,0.00753850256663495,0.0126594572331891,0.00239306068708587,0.479919036089131,0.00568257377301775,0.000688823016318662,0.000957932782194973,0.000252422438414649,0.0344624758383163,0.024808448640183,0.00026599098764995,0.00139966525849758,0.023284893640129,0.0282468699919622,0.00208867841368617,0.00512598109444816,0.0154260402837983,0.0121011424034554,0.00520124244487989,0.000268072882173816,0.00206204204192415
0.00772122870137801,0.0190928161600963,0.000198032893403576,0.0160865776877547,0.122821367487079,0.0135939061916584,0.0908605633540802,0.0743352030438504,0.0604057799185555,0.000367079653445185,0.000220402391832689,0.00235176406793748,0.0195172833069648,0.00287639004961954,0.000254932764570876,0.272008875161798,0.0258051291141972,0.0376930636746889,0.000859010904522124,0.00316535875437514,0.0180995209628652,0.00153068823741975,0.0069900155278584,0.00503374651042719,0.117953979119024,0.0127336795707113,0.00817096598080956,0.0290920261249268,0.00941107671445725,0.0122402772875181,0.00819321076303641,0.000316047919137542
0.011151683617534,0.00058281467371814,0.000698829272701855,0.00563626139275691,0.0904884003416345,0.000866803663465643,0.0470612873637382,0.00531234576570622,0.0234247997173898,0.0074900879030944,0.00363937000251835,0.000374436536177541,0.0154359389617443,2.13210545771144e-05,0.000191188891612066,0.102461708018957,0.325082023275684,0.0215328307247703,0.00226978493796923,0.0727023256329086,5.47415787771365e-05,0.00589425202486202,0.00379974114900858,0.046965538614284,0.142657196313075,0.00497412626300985,0.01354682337889,0.0200125758385706,0.00338225611963837,0.00376856840266935,0.000607164743268008,0.017912773825289
0.0044298861771582,0.00498469763187227,0.000367259613742791,0.000706315789175012,0.0958358490085839,0.000185009815750778,0.0463101934890569,0.00015180306570212,0.00586202170028267,0.00491335888510165,0.0012227928058757,0.0111221946042118,0.00312948181224356,0.00026727558736444,0.00178311826438806,0.0658576226553551,0.0031852656154157,0.194220897072826,0.0003829923308984,0.216430861620221,0.00529718616013806,0.00895682690174082,0.000812672101708432,0.135063360048766,0.0522324705880611,0.0367717334666206,0.0341800892420519,0.0370683639645454,8.11260325990519e-05,0.0030015932982394,0.00985856313544857,0.0153271175148541
0.000337587989985834,0.00118415076644254,0.00123849514175524,0.0203978452457177,0.0497426263531193,0.000494748694450477,0.0382032076353492,0.0197185267610741,0.0281356540167994,0.001197051513644,0.00297103580220819,0.00581609022170638,0.0138990286122437,7.6915595809977e-05,0.0128157926806761,0.025587132509242,0.00705912005851892,0.00592507099317643,0.425074625073429,0.0969544095635578,0.0423999222144416,0.00802439952330449,0.00104546833901388,0.0637144488722054,0.0750953257475196,0.00589858708208334,0.00188149144716253,0.0197975281478856,0.0123313050520723,0.000418316228513174,0.0102215953580023,0.00234249675888909
0.00161766863834347,0.000825146170993579,0.0010459996821127,0.00252548312416048,0.0104089109649814,0.0033555094716691,0.00478210219452692,0.00576989474638268,0.00972852748811198,0.000563027006252272,0.00082736488698457,0.00318004640790508,0.00189824150418691,0.00027690025965748,0.00392644068330866,0.00669193353259811,0.00197079944435889,0.00174816474908067,0.000373473783129335,0.658119005010528,0.00854390731415727,0.00240777426370812,0.00417564633394351,0.223673169418083,0.0129515113169596,0.00327892241990542,0.00391975059884206,0.00982375389294313,0.00297505832386272,0.00374464132989761,0.00232181180248094,0.00254941323594388
0.000202293739207751,0.000460224563609647,0.00162719465931658,0.0124592818838394,0.073629029877569,0.00793701937900158,0.0623514337969182,0.047888291167288,0.0544245339744881,0.00162895110357795,0.00437917851037544,0.00956377420579642,0.00533552817026983,7.8006650144662e-05,0.00474361471422802,0.104526204451598,0.00357319703166676,0.0122439822714105,0.000660956664333391,0.105924701400683,0.198507644136607,0.00158268948937204,0.00128121121742974,0.131122889013431,0.0159440954896387,0.0068380907154406,0.030672555490646,0.0460005904227949,0.00110025844063231,0.0138351852570426,0.0130276168019254,0.0264497753097167
0.00335788578174333,0.00282486803160514,0.00301262386423817,0.00036788454797887,0.0466399326262932,0.00366824143071681,0.0105408820951737,0.0414985387056159,0.00805016901988555,0.000237956726230964,0.00592812888422306,0.00579560147279236,0.000528476422973369,6.57847210778601e-05,0.00156174413104765,0.0240125025709679,0.00134326136311219,0.0131766675189841,0.00246829922023542,0.0804510520658022,0.0423263324828506,0.53432473719674,0.0380817609927006,0.0233852424026835,0.0602202362062761,0.0121333686330459,0.000334455851532328,0.0229571994139007,0.00358625377089328,0.00046648210229232,0.0017539991501217,0.00489943059626523
0.00128677517776545,0.00250768624859855,0.00282517936188062,0.00290551490806805,0.00886762187204332,5.45384888109729e-05,0.0242289825109124,0.0309998891806985,0.0078137330090507,0.000960267616977829,0.00238334863191911,0.0106560072478525,0.00585922237287888,0.00162396316127983,0.00243940947521332,0.00284729473942851,0.00822818102373461,0.00162179309592468,0.00531793638756724,0.164481196191991,0.0163165197915147,0.0543550033875165,0.528010938104362,0.0533139577045383,0.00229078938842418,0.0211913960671817,0.00657527527453359,0.0083849621315678,0.00045603460770943,0.000248731530870541,0.000860534403563299,0.0200873169056219
0.00183969160602397,0.000991196994859622,0.00132861967584725,0.0022640000684896,0.0179707612396448,0.00566993437683518,0.00935182630807505,0.0111406980043029,0.00881458167441213,0.000197555026557608,0.00115393827962744,0.00844080379615473,0.00314843161139648,0.000441068462047079,0.0052459907147396,0.00935655012443026,0.00268794815968621,0.00419931928938464,0.000254946705623367,0.54955754335638,0.0143672538859391,0.00214482577710106,0.00525164436795117,0.255034434398724,0.0228756417006557,0.00377719797049506,0.00624077543315705,0.0236902461714154,0.00296796467384965,0.00895780658762253,0.0092035464096302,0.00143325714894217
0.0119131344649376,0.00525732631931319,0.000491298814917644,0.00866616038719027,0.0243594488899131,0.000549673589618024,0.0493610753753944,0.00645672046910985,0.0683618948603692,0.00857870131219185,0.000218867235746859,0.000373439248181825,0.00363502133063681,0.000349646488927839,0.00257555756688048,0.014139116321823,0.0067066929136759,0.0106209014203533,0.00084596701988233,0.180366869039427,0.0321468322793493,0.0111028924541751,0.0180866664324131,0.052846324117993,0.391125303067232,0.0527474523821069,0.0179900318039052,0.00312633098130026,0.00112943012632189,0.00166375016389948,0.00837269950109852,0.00583477362171533
0.000823965789670939,0.0001549073838544,0.00061328213717203,0.107687470877079,0.00993883602362886,0.00250442963751503,0.00510798585043783,0.0642815347390776,0.0151771561983622,0.0308002364606684,0.0019020318946101,0.0277806966947298,0.00503860765014692,0.0026854563116662,0.016128144266053,0.0022928063791479,0.00144325501759603,0.000179228156846195,0.000472276838573862,0.250698660884576,0.00127712688281094,0.00669435563520503,0.00418095208353701,0.16396878141262,0.0114942892167343,0.232634883508368,0.00300651303530366,0.00603726410969486,0.00948614833765896,0.000695127474124656,0.0139131564532247,0.00090043265930539
0.00355477602718903,0.00010736467411806,0.000668280843259385,0.052615847448348,0.0021792412689688,0.00193234855852796,0.00653689027139087,0.0390698919897228,0.0266756212104074,0.0115382369620868,0.00230984287820758,0.0101351377191369,0.00334052797010359,0.000220812996021914,0.00887038168399092,0.0160617579459717,0.000796044836567755,0.0025650039736114,0.000776864644772632,0.210026013170136,0.00414229571631273,0.00631383121710033,0.0101319497164234,0.162629468785451,0.00744046129451971,0.019011291937604,0.3597554413369,0.00627783120432967,0.00109282014927928,0.00148263549370386,0.00707566789441788,0.014665418181418
0.00440413003799092,0.00562322150595107,0.00192069184305395,0.0132363903302069,0.000327653991657185,0.00841004090184921,0.00126880408053282,0.00108880365940281,0.178206541476527,0.0625923696354188,0.0225969953783089,0.0037698792445495,0.0214794597038189,0.00125944786216857,0.00989242570632412,0.102714361719501,0.0025366156175326,0.00164657988525674,0.00216803525530464,0.079677094740899,0.0228965030810334,0.00677773922584,0.019187697652241,0.0856038477366704,0.0244670621127285,0.0208048542482365,0.000307037746350016,0.273347718065446,0.00463067458639767,0.00958782625576376,0.00672031761178807,0.00084917910125024
0.000338321074474032,0.00394328535662297,0.000968398294334631,0.0407631704914694,0.0286994431165457,0.000591602082456057,0.00756227962934094,0.0111038867013541,0.077175375178375,0.0480117844967246,0.0141284052440108,0.00566377517186445,0.00618117124021902,0.00175104795867256,0.00016544754680736,0.0532755740024942,0.00035888623973222,0.0118686204534197,0.00177924014566921,0.0597120591989277,0.0070869524463228,0.000155702523189779,0.00684465038693108,0.0689579610117379,0.00210723785597942,0.0777500831120717,0.0675954915486707,0.0277981041387281,0.291946482199302,0.0322629955440125,0.037091655907399,0.00636090970214088
0.00224554496787234,0.00257088588717227,0.00176872784815556,0.0205956163718978,0.0155578401723715,0.000378268446085623,0.0209222383827826,0.0199970813866154,0.00664664324229647,0.0115794157483587,0.00159358889677209,0.00447692025809774,0.000707162682239247,0.000326059208074626,0.00633803317060754,0.00870167151339928,0.00388627113170981,0.00280608785631839,0.000336958241906884,0.10724974627208,0.00634177282569942,0.000604428657326706,0.000483877567351471,0.103558992729122,0.0247395032087165,0.00470189482930278,0.00943801251878382,0.0100660928837045,0.00045438297466638,0.582708472207031,0.0130798342110447,0.00513797370243724
0.000634893497220002,0.00114296372150016,0.00112984713484071,0.125343528398446,0.0182705990944454,0.00170940877508906,0.0164674677941056,0.114818401377303,0.00968223947783061,0.0326654403497687,0.0025169493865469,0.0236758566084291,0.00276318476793604,0.00325094513608962,0.00190399796646027,0.00192861491330883,0.00299983301211787,0.000400174912508081,0.000341581670045984,0.00269760411690191,0.000289541834412474,0.00105948807292672,0.0131276434569424,0.00446110577564244,0.0213356977851415,0.0283746178862515,0.0103817402026259,0.00913797354547105,0.00490852033733436,0.00617916997057405,0.52618470890089,0.0102162601208935
0.00225603747500933,0.00183377997469731,0.000107720367340475,0.0100659691272791,0.0931527783966131,0.00325964075746966,0.0687541849441478,0.024120541750188,0.00216352017746514,0.00236847319946409,0.00233345401918578,0.00073439712976459,0.00656695137525699,0.00075844331970996,0.000414311918466901,0.061178747898869,0.0167977901693661,0.0376432411915842,0.000322617828296889,0.166693709884301,0.0115169631500336,0.00767897187723866,0.029463253901096,0.087054404082285,0.0630412544949095,0.0348876506749179,0.0307125521550921,0.00600270464323582,0.00036054581239409,0.000710949112343905,0.00390781276626684,0.223136626425712
