0.72479061667204,0.00053887731346447,0.00198707327310839,0.00277603891078938,0.00342306268144623,0.0113663599208497,0.00310696205304591,0.000693884858509306,0.0854846279023934,0.00164581516563615,0.0207542166156768,0.0304604691825945,0.00029096554887294,0.00137705750893231,0.000699928620762538,0.0352260946878712,0.000711384750866941,0.00895701278087516,0.000100073037157884,0.000884322275132241,0.00450862939168323,0.0019821573182276,0.00649159163609035,0.00304640054311395,0.0127169212923536,0.00137013825327992,0.00171150895179312,0.000966440102771557,0.0214986579710089,0.000287483529939253,4.91582711543242e-05,0.0100960689785583
0.00133092943874888,0.733469719492314,0.00167420589860255,0.00132725431615374,0.0145835407617484,0.0185245592133675,0.0561022608305311,0.00240638233793968,0.024685788099418,0.000376748036495148,0.0011406486510638,0.0153085834833504,0.00295969871122656,0.00517139893003113,0.00182414651150761,0.0732783064638567,0.00465073218769908,0.00106072458709981,0.000834599358156959,0.00260760426133857,0.00593191790230327,0.000630005706075807,0.00625591671955822,0.00133059418823395,0.0154882452805352,0.00084322947657976,0.00139635695118597,0.000511531211029715,0.00250867055087621,0.0002394904409393,0.000727559609459563,0.000818650392573477
0.0156619463201577,0.000549679219007951,0.80431115794206,0.00176250784177265,0.0163436298112867,0.00912126429744103,0.0365735802359005,0.00320725471508349,0.00114585793667732,0.00369802387496063,0.00197672205396709,0.00205220545046578,0.00138730388402142,0.00542231852931674,0.00662483175756889,0.0197698284523318,0.00124828857956833,0.00673343582579671,0.000237199330106555,0.0007637613947646,0.0045927606842308,0.000752228114794565,0.00220307292114859,0.0136719391802544,0.00314662939879505,0.0166250486390045,7.43734427764893e-05,0.00915330655794294,0.00516985575470115,0.00290200459774628,0.00270950186443825,0.000408481391910804
0.00642542967353744,0.00166115245025056,0.00333063407042074,0.690490668446704,0.000669525424904779,0.016275560727086,0.0545956420016134,0.0489172126750864,0.0276631438053633,0.00871325758923257,0.00273834240751536,0.0230748379428287,0.000294948523616072,0.00506328152411342,0.00313706909888482,0.0160985325462601,0.0036461444512393,0.000669495787213139,0.00190736034797803,0.00546606131981104,0.0314005299022773,0.000417162321827926,0.000900000829661633,0.0205137290370457,0.00120910020464602,0.00189868008959727,0.00209733811883788,0.0034483753581943,0.0125985249801147,0.00156177409182762,0.00153767453271592,0.00157880971959403
0.00344704831926672,0.000290307665883643,0.0138572092582908,0.00902010651090569,0.757912448155844,0.00142088690941858,0.012163545562894,0.000704954536416302,0.0208829994386085,0.00386252017283138,0.00457756435731289,0.0340405173641558,0.00680819811176879,0.00618389249881146,0.00657539988865265,0.0255490171351804,0.00164685524356536,0.0022326544268187,0.00586464208308286,0.00349881076271023,0.0107061080919774,0.0065068893266933,0.00157284313137481,0.0111914848143224,0.00527158327476537,0.00702328979462577,0.00800091730489651,0.00291171818103148,0.0202419201648484,0.00212311388131031,0.0033705444990061,0.00054000913272939
0.0227044170699062,0.000536296788902551,0.00625981934073186,0.00880591008863544,0.0127372339743481,0.838288676815435,0.0159412697716574,0.00919439791776354,0.00577759704859087,0.000141283993063244,0.0038748599767352,0.0118863955512784,0.000416327170678309,0.00118963176452028,0.00536751210820045,0.0189839970062189,4.31958147009732e-05,0.00406152219511964,0.000241336031071221,0.00191029460982471,0.000701622519346739,0.00222487661518996,0.000153709707143695,0.00193213373854082,0.00203953633470431,0.00797819939836433,0.00112448235524259,0.00632013757283759,0.00348423320551073,0.000757934639106703,0.000999154866899474,0.00392200400973049
0.0230198561069394,0.00100118012440878,0.000967804411869174,0.0694229882659825,0.0278308306543211,0.0087722784973075,0.723125980906299,0.0111818785004899,0.0105423551916457,0.0216520626565244,0.0105993078014264,0.0066571555794947,0.00160389716570955,0.00307100397908401,0.00586892181678352,0.00454972194996215,0.0107220875191325,0.0149304589769723,0.00210708174754263,0.00270983350303074,0.000443826696379446,0.00154497855917588,0.000532470533004961,0.00230710816489283,0.00408841928693632,0.013393869523809,0.00434799880978845,0.00235227420342146,0.00199644025652282,0.000741433926866569,0.00267667516135361,0.00523781952292317
0.00185932485051085,0.000723378820746375,0.00353728307610985,0.0582900920584746,0.121769473570395,0.0191194779324487,0.0383616546877099,0.491189090946391,0.0268568628633522,0.00153288132429677,0.00144126182523705,0.0311091871699756,0.00138151173803446,0.00305664656109412,0.00270171401220621,0.0162541082072043,0.0144148527972493,0.00770358906438337,0.00105202227221019,0.00844782432136663,0.00143241356833946,0.00138166026870207,0.00371574083001766,0.00124368956478366,0.0916561219303502,0.00763804581566137,0.0129969670861441,0.000620130396579451,0.0161043914040499,0.000674314634492247,5.25415875745245e-05,0.0116817448139093
0.00153332794421631,0.00153260888585075,0.00436294123890121,0.0580016465102815,0.0135751063152643,0.0438647627889122,0.101338710391142,0.00129517644353721,0.547389822373429,0.0155579386675923,0.0152237547759876,0.0385196146279875,0.00247815808880344,0.00244124966639315,0.00234259578029329,0.0456644729557732,0.0119162954012103,0.0108039868514917,0.00268062258742602,0.00148414534112501,0.00197254394886574,0.00230086699952021,0.00352820788321559,0.00277963995001074,0.0163882745429088,0.0114106485707837,0.00072466005494787,0.00453048933771195,0.0177896679755397,0.000292473495534788,0.00172973255079668,0.0145458570545468
0.00243537126373573,0.00109216298813701,0.000392375714407248,0.0182292644589985,0.00306723847295702,0.00257218421672312,0.0265488171814161,0.00272468931456276,0.00918714788934703,0.84374055325144,0.00586308316151716,0.0111077815665307,0.00334611982737224,2.53525731784654e-05,0.00514012356743852,0.0182009894280036,0.00866579084000707,0.000299885052463695,0.00469153059852462,0.00048566158574668,0.0026310196699592,0.00155987431074503,0.000220762868954893,0.00574634459139747,9.26084983357334e-05,0.00371053076498319,0.000308719264002656,0.00214999794139679,0.0112347722854438,0.00364538355548482,0.000821758108278553,6.2105188510541e-05
0.00186696050718771,0.00150951707609673,0.000166846174712947,0.000125105979954089,0.0634338120236934,0.0113908706953773,0.0221333466173106,0.0117938649216152,0.0045669023915863,0.00465979673914768,0.802016235691226,0.00943041228015039,0.000957944653861032,0.000587032528632548,0.00322151263609726,0.00774795453103656,0.000100699776483439,0.0026694285473325,0.0058395328602408,0.00532386258781323,0.00282297236177865,0.000881605939035435,0.000779949438505196,0.00181539335357012,0.00213733599460611,0.0062065757396411,2.30185951755103e-05,0.00166234087254188,0.0205575189686558,0.00145727654805244,0.00126668794359997,0.000847685025282276
0.000307472066405615,0.00289791459789814,0.00031068919725138,0.013482422233249,0.0225050455282362,0.0104310378301617,0.0209340979544184,0.00364181485810139,0.00692919767407753,0.023221820552818,0.00246693177442786,0.768648674073774,0.00352210379737197,0.00558455251198553,0.00465690017453938,0.00657778977894804,0.00250532321965812,0.000597324284097253,0.00294045628478419,0.0100763097738812,0.00760891980780896,0.00143947773072732,0.0119287516109412,0.00173496668690882,0.00212116987505615,0.0483573951926801,0.00053568046733225,0.00134150501633383,0.00694327120661051,0.000727320191057536,0.00421921949999805,0.000804444548459787
0.00068817877395866,0.00329107942660678,0.000919230199306794,0.00180753272766117,0.0519578397797461,0.0040132681542,0.0425646801808963,0.00438322831509907,0.00454476185870871,0.0162020369527006,0.000306082991203911,0.00162675728728099,0.793017702782992,0.000362438356479261,0.00813163583808776,0.00352166543582476,0.00146393452694562,3.90008821701934e-05,0.00170086096506718,0.00196908409172133,0.000551689407806339,0.00127802380950739,0.00448616929830333,0.00340503472245461,0.00126106227787272,0.00326688414778819,0.00347232460325289,0.0188192095481265,0.01422018967852,0.00113855505335292,0.00554057201807574,4.92859082820093e-05
0.00132157135498855,0.00465774012622616,0.00964555758024667,0.00429264547986488,0.0446300133058124,0.0240548285229579,0.0192863255938955,0.00114097777512959,0.0155908223273348,0.000390124022247541,0.0253218508310285,0.0328839431056586,0.00479442171821351,0.706021989448279,0.0186477709283041,0.00163275085817555,0.00102697743271801,0.000849819784575776,0.0038325175206072,0.00677191153872009,0.000207874172720151,0.000956322071668199,0.00406642808787557,0.00156032100029553,0.00518239099570902,0.0188121616391356,0.00108955363442576,0.0161224343099763,0.0109008327807457,0.000927653757873974,0.0128715021749701,0.000507966119619388
0.00675735597656501,0.000732791529597955,0.000208446578343807,0.00598738369148404,0.0573450895362046,0.00121163973612788,0.0346697193331678,0.00991062789273101,0.0079789299631779,0.0301601433621485,0.00746685272923321,0.00588950170313282,0.0617114421379016,0.000657500927399198,0.678670028214295,0.00836785533575054,0.00134826638492772,0.011267211918038,0.00189999570260789,0.00208377554083858,0.00181627769937482,0.00257384982685423,0.00841831267250682,0.00694382835793237,0.0102603873814082,0.00453872148506428,0.00153306755736261,0.0152100082480978,0.00208416262926747,0.000251232770834515,0.0118898870142495,0.000155706163374732
0.00761544099999969,0.00140578363910365,0.00393465143750352,0.0224029883107439,0.00584461319829518,0.00885946562924646,0.0423603990981095,0.000527972354195763,0.0257783405852122,0.00719791536370254,0.00736137573900402,0.0128128804224537,0.000184334960240317,0.00285230802260619,0.00110503109118743,0.791964815146011,0.0106463684280447,0.00923345194909814,0.000929139054327299,0.00240969993696816,0.000257606485367182,0.00142401862438876,0.00441387440506343,1.07615064070183e-05,0.0021798838382238,0.00879403365263112,0.00191911425208794,0.00379278143450302,0.00694889029454743,8.6622905605794e-06,0.0027276709704731,0.00209572687969306
0.00761959390503492,0.00517969053549438,0.000234094959302028,0.00431339389954013,0.0268128449109157,0.00620917092099452,0.101417552425344,0.00287368032588227,0.00390465073269533,0.00845256727100241,0.00582825190922635,0.00496895824912753,0.00203342290307042,0.000333701788138204,0.000842777669649849,0.00575284451545231,0.779642598475938,0.00198341469789106,0.00861839225206293,0.00240700635453412,0.00253210314047672,0.00397447698345809,0.00043688718571435,0.000112436688153235,0.00435391836078355,0.000629231024397265,0.00162257730305564,0.00506484223672681,0.000307801938249342,0.00108675293191454,3.03010042585986e-06,0.000447333405348437
0.00623630068587992,0.000305162244880131,0.00268245288531885,0.00213786862685787,0.00733645762736607,0.00172655866497951,0.00777643318046493,0.000736057671268654,0.00159378265881959,0.00860759175847476,0.0370128190186707,0.047923782138872,0.000826772776950058,0.000742763810781843,0.00966449678138067,0.00370308738324563,0.000802230119625928,0.738451684994337,0.0107991007358884,0.014350542327522,0.00621347873055882,0.00749618333034919,0.0102836761795122,0.00302570134031835,0.00216871412837183,0.0281619771826402,0.000445739639319038,0.000454523335441292,0.0360782893451521,0.000989992453261369,8.65314886182241e-05,0.00117924675487327
0.00184021992429051,0.00107587526921742,0.00104977508461972,0.00652004068900921,0.000184478082054851,0.00316230710038254,0.0214640770214109,0.00107733003678799,0.0317485113695031,0.00864155724444538,0.00745736209498139,0.0459907207172427,0.000848784183403096,0.00101345226438051,0.000900032219795535,0.0316530358615562,0.00917135036280409,0.0153126076330356,0.667526783101077,0.0480990770512935,0.00291464686331292,0.00440263029429122,0.0250099112129681,0.0230045205233135,0.00496666307635459,0.003350805270582,0.00109320523409264,3.59011894601203e-05,0.00543554850121362,0.013124806258419,0.00855809987614205,0.00336588438855882
0.000526038547295307,0.00131202773943312,0.000147217757821237,0.000758073033456416,0.00908485995841809,0.00418920408458121,0.00761921384597632,0.0180710313625467,0.00973100548803773,0.00310385266063761,0.0192586957678069,0.0714416960963306,0.00115802456726561,0.000722687558122211,0.00365591608182569,0.00466450187265769,0.000617590664919718,0.00238088328334563,0.0239909389974373,0.686391617031512,0.0126067193183141,0.00871493144114991,0.0182202019514211,0.00558541194087754,0.0201241192223704,0.0103396661603687,0.00526433700254234,0.00267486317736973,0.0346861194466329,0.00180110052848,0.00193299205719839,0.00922446135384732
0.00013852118565507,0.000855112192469691,0.00269533025605333,0.0076924751600951,0.0370911583984878,0.00200004939109032,0.0268763345952858,0.026260994763941,0.00325021824519132,5.36672647992764e-06,0.0095687092572512,0.0176540061875301,0.000925579391421783,0.000455106709961538,0.00217508126416189,0.001313160498668,0.00886754913288419,0.00256858949391022,0.00146391071769279,0.0152792879472787,0.719753201973927,0.00864210168987599,0.0106125035790583,0.00925532565927592,0.0188832957560875,0.0406964891721291,0.00163620947371835,0.00137577608328787,0.00348842160602001,0.000325931888234389,0.000806238654516991,0.0173879629483588
0.0126411203947238,0.00205720224099984,0.000157610214600515,0.000195812513867354,0.00364247037127196,0.000403693497296929,0.00590620967376355,0.00234342263225407,0.102114948337605,0.00140023389266461,0.00260306480693585,0.0199731359744252,0.00125430417233647,0.000735051038170419,0.000767772737277263,0.0629744953420826,0.00237622948278299,0.000570563963507578,0.0254597195693948,0.00910210406873067,0.000748931943735042,0.684108398385896,0.0176086648991229,0.00258146096809856,0.00990337759216098,0.00919107104600896,0.0111159879249373,0.00235770003413451,0.00461889938542877,0.000625430523269213,0.0003597327538437,0.000101179618671502
0.00929135624238648,0.015510330539799,0.0021632762069061,3.66156935556415e-05,0.0194846408723396,0.00550942621923681,0.0258618174082481,0.00428257750037127,0.0130271536292445,0.00297729228193894,0.00016217305129612,0.00105175533479713,0.0003634451206558,0.00231417298030903,0.00225125016853592,0.0377274614301095,0.00228355882044641,0.00276772774547782,0.0098271441881251,0.00240617880096946,0.0152688607437434,0.0111835199775388,0.782762064721732,0.00843014053987887,0.0125249707661761,0.000397518149537227,0.00254454157782858,0.00285343311561168,0.00146362480630274,0.000453258621744448,0.000204751839454654,0.00261396090570225
6.29652740980516e-05,6.64391851313854e-05,0.00039492666617149,0.000584727379213958,0.0208277212352176,0.0055545329669917,0.00326452354343138,0.0071906920525407,0.0015194161217819,0.00280209216496465,0.0076680236893427,0.00769595128754364,0.000945880083863209,3.63406661716634e-05,0.00225599984189921,0.00255236131598456,0.00106499769351278,0.00226356759981509,0.00975223649084868,0.00933895648190921,0.0194855601685545,0.00764415070950898,0.000383526739378285,0.832067026562849,0.00474328017156291,0.0289248785957661,0.00200390443872875,0.0015706700690561,0.0112413333418797,0.000504994749226832,0.000886429136789516,0.00470189357626575
0.00280315998031904,0.0118457664606174,0.0015527773730782,0.0077427272751789,0.0142812565465545,0.000154000673125995,0.0456313058627015,0.0243997490255951,0.0216553747595395,0.00262234418196501,0.0016092954553339,0.0194930778905679,0.00181207890899237,0.00091910775368106,0.000278297124209256,0.00131143915537212,0.00208156907604593,0.0229686410214908,0.000866327400260448,0.0187684507679815,0.0147062078407502,0.00888869650395255,0.0197133759774903,0.0124472117727032,0.680942170705651,0.0105225358071813,2.40368412477148e-05,0.0168795124569679,0.014050919011978,0.000325696339628862,0.000237976675629372,0.0184649133742093
0.000807610819568407,0.000267405048157403,0.000962513171727814,0.000196736019724101,0.0066309146720711,0.000441181769670697,0.00244937736901842,0.00706784558197305,0.000316772176126445,0.00132959417919979,0.00418811013042817,0.00263070656898814,0.000399518891074724,0.00198272190212505,0.000492173347224006,0.00448930234507893,0.000661822432345573,0.0013072531364715,0.00824859418375855,0.015870322939278,0.0127759655692158,0.00120744519093295,0.000562530833991918,0.000491293716159193,0.00453386515136953,0.89161404198228,0.000504505443465162,0.00245923679331049,0.0119940901126986,0.0061483666389182,0.00410776305645571,0.00286041882719256
0.000383118319046744,0.00110732580508692,0.000138220126051281,0.00460596985244478,0.00591508626190111,3.03973590204338e-05,0.0163258873063774,0.00178323013683769,0.00509264467790716,0.00233570311366871,0.00277008401831239,0.0230498005340289,0.00166236334216301,0.00196177986590894,0.00775618131764718,0.00818503119539682,0.000765215284289655,0.00140321515655612,0.00200635469142441,0.000918279890189974,0.0002797750362854,0.00295181355499541,0.00574485045973405,0.00376422612472453,0.000673669600254541,0.038894378570612,0.833941746208374,0.0129876364207857,0.00763068793712145,0.00031937138700403,0.0037420507856619,0.000873905660187275
0.000197215987729558,0.00349268876562917,6.69342199439376e-06,0.00639660603345419,0.0092746513853859,0.000650600254453588,0.00707577151304454,0.00134278351529445,0.00633666787044163,0.0220351205471746,0.000702615677067322,0.033852400633487,0.0140843053159234,0.0116064248090217,0.0221363512340656,0.00431541858186953,0.00138770273872654,0.00145315573777261,0.0020607801565594,0.0183624519599834,0.00149374259264702,0.000447969127990296,0.00187014359852405,0.00071221321375898,0.00261140149599393,0.0441186333535667,0.00574126000046053,0.74469358394347,0.0253793538346889,0.00124272329979399,0.00248765687963393,0.00243091252039335
0.000494099813612381,0.0026854215005328,0.000155557427073219,0.00448903408742009,0.00387797320494633,0.00789680671047145,0.0131223351889712,0.00180179046886052,0.0298050811910808,0.00114840565659932,0.00724932833140073,0.00725792139829951,0.0031781225042638,0.000979251449941151,0.0155960963017673,0.00642545090829786,0.000542756773602356,0.000498116413382782,0.00316482720546016,0.00260480725674386,0.0041065285929,0.00223665807758948,0.00105681292587644,0.0139490240417125,0.00158270648026108,0.013675556295202,0.00918659214439311,0.0147927092384069,0.815245051179606,4.34508986187692e-05,0.00639417019585125,0.00475755613685475
2.89543447133969e-05,0.000183506042185087,0.000629876957999647,0.00302064431204383,0.00886811175265294,0.004406395980352,0.00185481074442311,0.00173789146713113,0.0021619518201681,0.00701364481625251,0.00339597196788782,0.00901697529036975,0.00745608336296082,0.00108496473609046,0.00104894856587504,0.0057216895126883,0.00333891545390025,0.00284608409296329,0.0141584167457624,0.000793061885153633,0.0025740975015097,0.000291380994697609,0.000917658097315332,0.00627569389027318,0.0151874682815347,0.00923864210298969,0.00272087447180858,0.00462819380698272,0.000850411974439101,0.866022712788871,0.0107084669890675,0.00181749924893727
0.000747979673051864,0.000594838127403394,0.000108181087365845,0.00141058381400351,0.00526540567824467,0.00117921770297418,0.00622526353054461,0.000548997808355883,0.0149609595269394,0.000927499220914893,0.00322054685669914,0.0100118015963031,0.00271875233877044,0.00260193248670687,0.0204654754322717,0.0104312701632709,0.000188300506124846,0.00155447430183271,0.00199563787820485,0.000565487704364244,0.00804518997209335,0.00182385404335836,0.000550942014033592,0.00463330652765023,0.00251150869318184,0.0249065224747032,0.0119661031193891,0.0131148060143241,0.0107561323389212,0.00081194796081727,0.828325204691356,0.00683187671582536
0.00301474893252961,0.00732995017877501,0.00274414139754287,0.00282841156818276,0.0125102628754702,0.000258638331039421,0.0140437952115683,0.00687686979158185,0.00201050361660636,0.00024760048164789,7.55125877973127e-06,0.0452679726940695,0.000776131406313563,0.000243024726453489,0.00139627347774415,0.0111286137741461,0.00107677424670118,0.00752463073649001,0.00172096795141561,0.0162064954931216,0.000466973183762037,0.000807081091705243,0.0252665600720358,0.0101123863733141,0.000731060478244795,0.0219118184621294,0.000541973328690354,0.0287921766843029,0.0272309347339153,0.000572955102737976,0.000286357660039989,0.746066364678943
