0.0543772791825877,0.0239397525268747,0.000427538712378449,0.0502080599015848,0.0399179103137213,0.0146350384464,0.11788001467379,0.0328919487508358,0.0121694707837138,0.00542690574947331,0.0387717993675929,0.221590824687907,0.0500934546679969,0.00165311121179379,0.00665315245782491,0.00791977518985158,0.00283707036636036,0.00407719601575156,0.000532632890774963,0.0153065141302658,0.022404591491441,0.00770591870364542,0.0733164693796763,0.0181355518717623,0.0124657069858857,0.000113820828970332,0.00212692242717892,0.148164317375442,0.000288376822426081,0.000232611514897005,0.000486920089726231,0.0132493424814689
0.00122841763778729,0.289705316513059,0.00197569389003809,0.0399765478678628,0.133605473139868,0.000340701165093079,0.151831039792259,0.0783104941629442,0.0182022183861162,0.00664162749624192,0.0386524657018551,0.0064869226361663,0.0154306051734419,0.00260276601585504,0.00276037671499567,0.0266047516303912,0.00258625030683049,0.0044535456193444,0.001275089969586,0.0393813124858603,0.00903517496793564,0.00712215089345873,0.0496714423505425,0.0340612676631013,0.0129587090292741,0.00403470030725353,0.00091906416991392,0.011167367588984,0.000955819122413383,0.000837096577060448,0.00107785298690285,0.00610773803756334
0.00174704682674067,0.00219072698038191,0.0704925958246596,0.0766726592770867,0.16762177998719,0.003041930560252,0.192783174465214,0.203447896010052,0.02101549878499,0.00484436397383902,0.0285862500930149,0.00146901964230064,0.0113230898039118,0.000624410602652877,0.000905835229923308,0.018220489071785,0.000316679385503592,0.000387447100687199,0.000110343475450506,0.00138979401054495,0.0288430051374933,0.0174439875901149,0.12056724642562,0.011911935960811,0.00493493637179696,0.000828283180161593,0.000254225829570961,0.00293835176235485,7.96374811853693e-06,2.92088031481688e-05,1.97191303872694e-05,0.00503010495424203
0.000625398981602796,0.00087448893741551,0.000678827794545858,0.149355169703099,0.0153365047212798,0.0154395697483949,0.00778154822542858,0.142154239784753,0.000847939791243549,0.180193330297541,0.122231253422646,0.0893156219859306,0.0147174104707353,0.000828740410460958,0.0018540534302386,0.000931580311488456,0.000514023098829867,0.00110916495492401,0.00307653974753719,0.026544497952569,0.0196548874349316,0.0122341170431605,0.0733143312246509,0.0317087250168076,0.0122923382877345,0.00145627431502942,0.00171716897925193,0.0651838983978529,0.000598716608327609,0.000206054970908084,0.000977852159319455,0.00624573179136226
0.00455419771874635,0.0125176164277262,0.000635865735974467,0.0307854536681749,0.0888400219381839,0.0104533656051306,0.0369659093270277,0.0659119212201043,0.00774912984483427,0.00209171832788583,0.0430503448668262,0.311231259773664,0.0869463866320914,0.000315349237544933,0.00182581205823223,0.00913457879814769,0.00293004080776274,0.000482313333452083,0.000871638383379688,0.000448343704112251,0.00671426324985594,0.00538880930652421,0.0121875188881759,0.00224887169210569,0.00157258301375178,0.000741523287438793,0.000415907606488469,0.241619387254262,0.00454396961794884,0.00143974364395258,0.00463262751069489,0.000753527519798493
0.000371648009093736,0.000223795219172663,4.76938720262482e-05,0.0162470306931022,0.109039013683289,0.0802503682140955,0.0969517485825111,0.0789051687794255,0.0311516495639492,0.00475030032809206,0.0533911716213981,0.182019800540309,0.0543352735272077,0.000872831017523757,3.79754898666231e-05,0.024230167188902,0.00058733069031191,7.69539625754163e-05,0.00036399189448649,0.00330379229844526,0.0156275017592974,0.0103659961082763,0.0680175588496972,0.00791926223977277,0.00101407578261015,0.00166131108356863,0.000159560862295079,0.153676539635759,0.00178625996711795,0.000468933849698443,0.00205637696416449,8.89177219590672e-05
0.00259222016791737,0.00806864673137594,0.000172134393662759,0.0180674896817301,0.08925482774596,0.00684767441941401,0.230106187099416,0.0765432454244138,0.0255105889614939,0.00135564072597497,0.0433737646035821,0.174204074526276,0.0571573065915999,0.000890629257456167,0.000480639617857218,0.0227647827627729,0.000475526025042064,0.000759744107344288,0.0012868267904013,0.00161049091604729,0.0177352092999935,0.00740288140209218,0.0499085201177397,0.00475617628308584,0.00314473475607856,0.00278799441483199,0.000729342233434456,0.144696540528864,0.00368860445530812,0.00114334660541752,0.0024578502669331,2.6359086483143e-05
0.000322934780940199,0.00130691689379028,0.00125829807417831,0.0996197371851158,0.0296060175955712,0.00868327449518287,0.000915931738205801,0.389605643384101,0.00251101001530436,0.0885623689661323,0.0578576481672744,0.0857515726796621,0.00580202682287651,0.000141218502223994,0.00231298019314996,8.04702397910394e-05,0.00107703784943314,0.000695248980429368,0.00106882787102988,0.0236436728043536,0.0194377519180652,0.0128781432425075,0.0533342928148727,0.0289733134822461,0.0155355381534534,8.56752597725204e-05,0.000855661130859471,0.0622091737901464,9.547072885974e-05,0.000100853682233461,0.000427660372753316,0.00524362818548435
0.00322345174233518,0.000266703769471582,0.00111792746850182,0.0713226396454331,0.147365589318684,0.00136554787264655,0.0718548221380787,0.147486812814056,0.202718861434524,0.0194477230619988,0.0869899389319592,0.0396674671628728,0.0357761032009368,0.001203909545614,0.00195448714176957,0.0125013735722021,0.000506162233900637,0.000132854110678978,0.00173499037058048,0.00142083997741557,0.0121554181115288,0.0230502168545558,0.0425238253252105,0.00143873345898052,0.00130516988388531,0.00672259872015639,0.00273844718275447,0.0414508831416743,0.000944097308900503,0.000734134199514211,0.00147830510332336,0.0173999651958565
0.00179691579434191,0.000206090271274641,0.000309461498545055,0.0914181140654669,0.0150279544499023,0.00492795414786072,0.000307012538640674,0.109447357486188,0.00019173750534211,0.351956603290975,0.059685848045431,0.12314534715842,0.0368725309374929,0.000219266663200476,0.0051107051951954,0.000372772038173448,0.000432691176024891,0.00139717803341292,0.00145760006171555,0.0184568870274187,0.00608600407354886,0.00794889024860459,0.0372372835778603,0.0175412304899399,0.00602594601752647,0.000811686120466691,6.89027437691092e-05,0.0951561594812854,0.000798193518603262,0.00070388024403006,0.00231254726238968,0.00256924883695367
0.000526253883279698,0.000371297403431749,0.00109304613276046,0.0662238298965035,0.00536572755315861,0.00428589179331747,0.00216533731227035,0.0613542172716925,0.00271338958633481,0.0810426450796622,0.225802926089467,0.18079848094809,0.0837562573837403,2.20396918345948e-05,0.00668554325434794,0.00047707808578177,0.00028226621934166,0.000400384357900718,0.000890334746952981,0.0284695028840003,0.00814215016890711,0.00633518600116872,0.0336261450592047,0.0340084998416634,0.00279361383933744,0.00509405967234333,0.00256473574005782,0.146021340852491,0.00060914465647943,0.000932496797420965,0.00434102443376713,0.00280515336329113
0.00042347440910791,3.1824472377979e-05,0.00238765624138238,0.0836435644118494,0.0371016853400774,0.00570705377048569,0.0106386030017714,0.114879072221286,0.000495303548158446,0.0645176725274462,0.118940648845219,0.0765362587189355,0.0107964046073951,0.0105775151399251,0.0791132455854672,0.00245361171788282,0.00442365598767637,0.000408921135466903,0.00123405034401239,0.0203102644931299,0.0125737975406861,0.00759286369204928,0.0495887857769357,0.0264000406176,0.00398009942513168,0.01931817491919,0.0285431012515669,0.170352710722265,0.0139514727497465,0.00337817371323091,0.0135923988910913,0.00610789418145482
0.000388544683994895,0.000885966328493743,0.00275389519530354,0.0795562737966271,0.0276302001526206,0.00950103370727358,0.0103807333042504,0.0995280888590337,0.00630474358575591,0.0590900685225447,0.108791051272608,0.216154359101412,0.00427749347818267,0.000356927569107896,0.0179704357981759,5.67227534617265e-05,0.00104667115718412,0.000582121977105549,0.000116664126260685,0.0353309025173309,0.00569619847954596,0.00530107917818515,0.0310789565915151,0.0425664955802128,0.000276433190046694,0.0168778904252501,0.0107356761089061,0.189687140985254,0.00122424488434596,0.00158338086570542,0.0104386580753744,0.00383094774893042
0.000771733484898714,6.25687081082441e-05,0.000562818232023043,0.218781427750454,0.128913389759491,0.00314634353626203,0.0475651404468678,0.321261075522836,0.00461958639163688,0.00536039685661488,0.000676097963417516,0.061166959527207,0.0152360581130071,0.0523991147227424,0.0352272811663908,0.00509536063867186,0.000678656312041127,0.00102964258223556,0.000817442422061059,0.00394557699338311,0.00129231019029967,0.00136657010835523,0.0093751714880772,0.00289612289534236,0.0128247710516649,0.00147078468152168,0.00833507326061742,0.0361838908132495,0.00690146793865191,7.38309897876988e-05,0.00161275777613994,0.0103505776759428
0.0175971992225969,0.00913047136937211,0.000240433805995292,0.00622253278318956,0.0049490559677124,0.00512245668552674,0.00951768611929423,0.00337101215138461,0.00408052256671337,0.105013285674557,0.0333170027228299,0.0103220000916639,0.0432507754435506,0.0152590652536062,0.549569704907104,0.00723689224047262,0.00863476948247569,0.00166814312488232,0.000218060609189348,0.00522680715720342,0.0129240475843653,0.00913057126794783,0.0441202384867354,0.0101346249156578,0.00486363512103548,0.0207629498961931,0.0199843675666944,0.0220096296324232,0.00176948550101028,0.00237902567076587,0.00705696964592136,0.00491657733192974
0.00988497911526893,0.0019115340567056,0.00141821661371124,0.0668795792908134,0.187765682907213,0.00215871132202121,0.138157146405107,0.16488009119014,0.0789474857793192,0.0156030000865693,0.0701475588048266,0.0418388210132775,0.028461356058385,0.000956845326572543,0.00141157746313721,0.0118443537463265,0.00126501595437761,0.0028823573080469,0.00077400186633419,0.00372339878208106,0.0167492976035779,0.0190851519013599,0.0717710450342956,0.00471212300894597,0.000966713497991713,0.00263635402843931,0.00157072442482717,0.0427716029794234,0.000603620385553781,0.000309129660771574,0.000207289291280908,0.00770523509329932
0.0012460746796112,0.00243406570363499,0.000227508712638458,0.0538429486033128,0.0605494673450512,0.0050271169406518,0.0936845281216508,0.0486768445479617,0.0221941677737676,0.00400924689745115,0.011839588232696,0.216453305401806,0.0345792448697557,0.00201184245491041,0.00717299330387305,0.0153394976920154,0.0629925347822833,0.00156361539843432,0.000853751230463273,0.00736723575012726,0.0444856758528534,0.00678470846762683,0.117306514441881,0.0181122896441413,0.00516723635866963,0.000942813811327114,0.00556947420440911,0.13260453404194,0.000470978809182501,0.000483728949216505,0.000344333578288554,0.0156621333983675
0.0100667721910558,0.0276405608546834,0.00136064163202939,0.00940344065783999,0.0387805437555485,0.0175378924361733,0.0318708137768669,0.019350586527035,0.0347358097637403,0.00414845992827559,0.0306447540275548,0.000390269750222477,0.00886891548960744,0.000735782243546019,0.00048708792245408,0.0344758706561064,0.0023817266058629,0.376380684231887,0.00437689741830158,0.0156026082794127,0.0613856157495802,0.0335995259575315,0.173811866445378,0.0319075094524168,0.0083638933583918,0.00367475487830357,0.00951253903355484,0.00142151122955846,0.00278995618030354,0.00156518624091012,0.000849624355864402,0.00187789897000373
0.00674636288482308,0.000322728660499301,0.00217820703422038,0.0162998058580639,0.0197275517677689,0.00186752861138081,0.00940020953349303,0.017212855717401,0.00457940979885162,0.013159522821849,0.0769942651380004,0.189745892829773,0.0471173183028182,0.000379986602338291,0.00490800002751489,0.00978718438747867,0.00100312194900466,0.0134561692856716,0.213847955825706,0.0291608378781942,0.00149717585950348,0.00031869452257761,0.0131321114281771,0.00340013731664593,0.00244070437700159,0.0471220768780603,0.0619321292421659,0.175248491147678,0.00374306211636591,0.00293742876601487,0.00201354556685584,0.00831952786410223
0.00311890908468647,0.000105609061257353,0.000499589932208504,0.00108364376034959,0.00539144768341852,0.00116453011052823,0.00296096176381556,0.00600604027040773,0.000707495847888069,0.00415670949899665,0.000317194352998737,0.37052532327416,0.0301092587595454,0.000435844946102516,0.00732167508690045,0.000358540117871325,0.000584812467406717,0.00291076525912125,0.00389414214821874,0.270739695493938,0.00422898362027205,0.004699246943106,0.0027018564383891,0.030059891982755,0.00529733008936735,0.000994677092092299,0.00232632293857418,0.232267742043412,0.000720634232096593,0.00112431627014987,0.00143307353743439,0.00175373589253106
2.12965385556888e-06,0.00259704997170542,0.00200986110992278,0.000109479317220768,0.000806007232135074,7.9789878573687e-05,0.0157532947684441,0.000412704931680301,0.00386028588043745,0.0446182088479948,0.0875621733399972,0.252569166710904,0.000345519716168796,0.000762085541302054,0.00680340767589331,0.0046289183298221,0.00027187958502687,0.000854378752697898,0.00233816403214308,0.0227014118687039,0.080572743436772,0.0242363149284133,0.177520139609734,0.0415782215052959,0.0213429625250532,0.0186467192724658,0.00286279589808707,0.170299755188484,0.00112703525289288,0.00248290633574215,0.00656341331357134,0.00368107558885944
0.00488363032091102,0.00852102091149214,0.000152520189282883,0.00644407633089192,0.00451702746228821,0.00856064699887361,0.040467150841317,0.00207663465375866,0.00133119088879814,0.0118668224209012,0.0641796818684812,0.0490360220387095,0.0233048477085243,6.86151945185972e-05,0.000186261067803702,0.00504318630637145,0.00548091872664854,0.000442019861465751,0.000831096313842532,0.0762636801146002,0.047340700919587,0.122949954297335,0.193422875139022,0.140856132402871,0.0187251897214205,0.0495718855373099,0.0321725789554666,0.0352700245859985,9.69958252509651e-05,0.00114094500274073,0.00280898242140271,0.0419866849721144
0.00309439226344799,0.0103975430783892,0.000411337781007595,0.00544281307983565,0.000319916839272773,0.00660380439337749,0.0234642940052474,0.000313434604076644,0.00036479916156078,0.0262251768674997,0.145899622718959,0.0440469127943681,0.0448147903078877,5.7482711866563e-05,0.000275354962173924,0.001727925649765,0.00185393266097271,0.000383656886911497,0.000357039902745801,0.0601460130350433,0.0185234459600243,0.00481988658668659,0.365674925460044,0.0913126970880674,0.0105901546432172,0.0451695999358517,0.017144484344345,0.0404538878535257,0.000344333376933643,0.00206484628293604,0.00628539856625119,0.0214160961977079
0.00187952511788616,8.40485701237971e-05,0.000367349440602042,0.00379975725554615,0.00133832983263525,0.000922738970723373,0.00105882275537077,0.00425078121014186,0.00264911984870085,0.00576237853019687,0.00185274269097474,0.469276486802855,0.0460480468445092,0.000421891147953887,0.00655841394214015,0.00153945226044624,0.000373067979086844,0.00164239927509972,0.00686964772816056,0.034379690362262,0.00242310699978707,0.00803525976252094,0.0221813709221563,0.0347962314820277,0.00983594362893284,0.000551039485476744,0.00606307534080498,0.32185548833731,0.000722852494006333,0.00043819831460654,0.000651538143348242,0.00137120452360652
9.99947249860015e-05,0.00188121296556186,0.000172822241523674,0.0352052277946039,0.00643790588715972,0.00502348712486082,0.0128239550248308,0.0186927955046596,0.0115728577559655,0.00109969086793465,0.0222167180152992,0.250838488587225,0.035764541264689,0.000160068016860848,0.00318696502194416,0.00333628238362612,4.96460120825278e-05,0.000428531862478814,0.000771083617207863,0.00861952187062364,0.0296863020244117,0.00439515989566134,0.0681149289747001,0.0209181270405152,0.198410431532533,0.00819862386611125,0.0147834408490693,0.188278870057463,0.00087008409007468,8.91672552406904e-05,0.00123798572304594,0.0466350821470504
0.00249639484571771,0.000135171684117968,0.000665739033688399,0.0006508457441518,0.0323003498766156,0.000956976924267669,0.0273910778769361,0.0210951042357857,0.00355407502117233,0.00487284213269984,0.00258871342581979,0.373043195159377,0.0238747907198181,5.69909235487048e-05,0.00410492956163733,0.00903393651553648,0.00134029621705886,0.00181664209534592,0.00307327376667148,0.0341848003732816,0.00733957619143935,0.00455678607900512,0.0255402308626961,0.0204396127815571,0.000473990474807609,0.129417627809681,0.0178948872959584,0.237216877698882,0.00295744924092778,0.000522731285751192,0.00379217486875489,0.00261190927729033
0.00163233988743629,0.000198684735418821,0.000565168677688242,0.0158673265851276,0.0238798070084764,0.000956707856642889,0.0149423518726821,0.0332580743421569,0.00325344210060369,0.00747815452681074,0.0332113305832496,0.369320600474979,0.052143387608862,5.44571758281936e-06,0.00168863323172452,0.0031420871985388,0.00061815829455275,0.000732567720319742,0.000147028874573895,0.0199885832567766,0.00518703347532003,0.000626522834234846,0.00420815816421382,0.00713531279029944,0.000469765076022703,0.00551558754010173,0.114056406900828,0.272604940087416,0.00265400705437411,0.000276112493048496,0.00421277543145986,2.34975984779496e-05
5.8498840451711e-05,5.31002999143683e-05,0.000468801063486323,0.038153469179676,0.0109300172135155,0.00294714422647238,0.0022101850207029,0.0383044370983615,0.000953415364155544,0.038474780927121,0.0621624612100083,0.14876807336434,0.00193146976719902,0.00627936277220324,0.0429277050233771,0.00300226027122331,0.00177498836488415,0.000148990696259764,0.00193066621192371,0.00929972566050283,0.00780140371544873,0.00429589488520133,0.0280886325854528,0.0109629321298751,0.00477530400664104,0.00653137705998991,0.0128077991705958,0.493564634397541,0.00838252760210277,0.0016759114490148,0.00750746646499154,0.00282656395736694
0.00234735314523272,0.000803178857613524,0.000136896922516496,0.0636551209646476,0.0343601308876499,0.00370045096519566,0.00987323330505722,0.0741496789044784,0.00920873310375847,0.00473724151132842,0.0711364790525659,0.307980570842824,0.09559498651037,3.00898296324116e-05,0.0004693315236648,0.00190239049883801,6.01805161942045e-05,0.000393451273396071,0.00100280732211392,0.000602846538473094,0.00630984232061504,0.000539678465347919,0.00221170062741376,0.0010074467062282,0.00456344926557492,0.00376014138586761,0.0147062308167437,0.250149065927586,0.0311733743971327,5.56183642196669e-05,0.00278871384260375,0.000589585405116033
0.000107268271841125,0.000101531861253487,0.00209913523799554,0.0161055908189615,0.0359696990548577,0.00120394069513235,0.0675547830590555,0.0198776274660774,0.0250885753755285,0.0543050673798039,0.00609304246905933,0.127437455606994,0.0342938288594513,0.00333022894995985,0.0107825335324265,0.0286357837798564,0.000555506882057097,8.73493923429785e-05,0.0130480084162327,0.0801831016453534,0.0401106040601967,0.0174111223427668,0.138329658976495,0.0122837320654976,0.000332623115026594,0.00735660309878581,0.00209780598864088,0.0812253660432576,0.00556956634091335,0.150593810362104,0.00108741385464552,0.0167416349974301
0.00149456230998435,0.00111766943476466,0.00322036381182731,0.00205990872731977,0.0288230712751077,0.00370463782057063,0.038974225880364,0.0068661445206987,0.0155291228179196,0.042511672490871,0.0470397450305937,0.0668703990041229,0.0312979694559855,0.00485655717417227,0.0102444487759754,0.0257275261276181,0.00170002336652097,8.65713057713453e-05,0.0144623087767458,0.0451524005316683,0.00437600985189441,0.00925955121475805,0.0890702600536962,0.0309381974578383,0.00192725458064744,0.0349656177712535,0.0173211227070408,0.025690678695623,0.00379608705817237,0.000803934548634956,0.374253310813957,0.0158586466078816
1.14674785265694e-05,0.00165691512858914,4.91026680694788e-05,0.0524200176193599,0.00371580025358437,0.0101981102142135,0.0086524542924863,0.0214435800356018,0.0106528052384995,0.00132556757628276,0.095510647302957,0.280398254341403,0.0769716639622878,0.00053559768767768,0.00313680805328361,0.0028745250868442,1.24497142861332e-05,0.00055566212293471,0.000512286517364369,0.00840477978000669,0.0122776605227045,0.00316266664760692,0.0450329872096507,0.0152788548205437,0.0577621385519396,0.012642732463195,0.0188778530179458,0.215661268640195,0.000722372006064601,0.000313064877989245,0.00148864562367443,0.0377412605442313
