0.350931567802309,0.0116869757760302,0.00361990069538172,0.00330609642217318,0.00488090720376255,0.0167173220102788,0.0103055292361815,0.0132945622501241,0.0078550516287753,0.00210316299973389,0.00040070190844154,0.0142388409991632,0.000187534825155714,0.00244353087561692,0.00096736478340102,0.00918098076204851,0.00443854723533546,0.010783012583456,0.00376116042209283,0.0887718514740062,0.0477426703028285,0.0294789235604535,0.0980532277253326,0.119980864818054,0.0763958353061616,0.0045987421365695,0.0167688752909346,0.0194606663421732,0.000840437132546664,0.00392844285639648,0.0101897336498506,0.0126869789852317
0.00304575855489401,0.28973880893493,0.00308192103080282,0.0315676211963098,0.0264374091859273,0.147342507095628,0.147684946651137,0.128750334520374,0.0140687074625503,0.00793327420314364,0.00257912579616408,0.014284201634747,0.00262809255784605,0.00137823128508201,0.003408855630639,1.08035707238521e-05,0.00886567041258308,0.000493505815004721,0.000636658996086524,0.0117746375460995,0.00796932652684491,0.0291067712873572,0.0600959372947066,0.0135755646157406,0.00423326216749935,0.0080129144085298,0.00904825961529463,0.0146554969251382,0.000287298901144626,0.000374229521358465,0.000929826581815154,0.00600004007389726
6.3019316556373e-05,0.00378429323233033,0.0844206073015814,0.132183353125004,0.107743113059515,0.208749605894232,0.00765038807507241,0.388016396190428,0.0101131051525592,0.00693926051952868,0.000473205492079823,0.00394900811563585,0.00029271817834399,0.000245638775003195,0.000589793733837759,0.017541647553892,0.00286018025228338,0.00116260805004524,0.000717046758054927,0.00531452973586919,0.000640603537990224,0.000168605419248405,0.00122844939003601,0.00336456863050701,0.00380776660120745,0.000449724371048996,5.12279628743157e-06,0.000100314301846176,0.000456391030111444,0.000834689565841329,0.00171751191824216,0.00441673392577981
0.000349332765169954,0.00838737996297861,0.0035313984774163,0.166676547268356,0.0219035412465572,0.0557808757885681,0.0461738942343295,0.337901426018652,0.00119815077812064,0.0156404458105039,0.0306322048554691,0.0566347045755833,0.0507132269149294,0.00253950476802195,0.00105342138277527,0.0107248751490535,5.70439684070916e-05,8.08780246863957e-05,0.00055779737420752,0.0328187592135146,0.0185728004087223,0.0031702338203855,0.00428827348015904,0.0425228134016996,0.000525200918945043,0.0265308807880743,0.0244943099270856,0.0237587681019811,0.000562793518046463,0.00100189960612906,0.00244859451146839,0.00876802294000271
0.00113013748003745,0.00467180956909433,0.00171880373312631,0.0256694664163296,0.44693193981334,0.0234074541805486,0.0361972204720108,0.0669080556315767,0.0162669389730125,0.0395776419920789,0.0208438548185834,0.0302539211135249,0.00350331349221234,0.0111227265790161,0.0012465174681757,0.0255702813812137,0.000229431998912684,0.000345141382479637,0.00148449194319688,0.0248358124752245,0.0274372647797444,0.0183616879594627,0.0080303977681585,0.0175238435083783,0.0143691773659287,0.0173234209617748,0.044123695792466,0.0506859250470333,0.00544269652356757,0.00124250513652089,0.0041241520705907,0.00942027217267915
0.00587539903395735,0.0195525405730087,0.000265280312278802,0.0203474668040225,0.114236835946589,0.245284106539953,0.00152914830484912,0.0278808713208045,0.0192480151342753,0.057520200224831,0.0231373588343832,0.0178564564591084,0.00310903840350257,0.00538731661601769,0.0104651177371488,0.00175633182356645,0.000513854818666891,0.000365954212091059,0.0057942378113488,0.0677083449225608,0.00508412270538571,0.033075427890867,0.0735234989105651,0.077755397039434,0.0635508157946145,0.000626024095730219,0.0224657568631022,0.0563860597654186,0.00321150626670416,0.0013257604575505,0.00819378205227408,0.00696797232539054
0.00234837455675924,0.0103288352015494,0.00526389483888048,0.0789407143254375,0.0103154940939717,0.132296246024928,0.16801084613541,0.251962835644398,0.00948848123717053,0.032903333151249,0.00450489636433287,0.0193991807789693,0.00220678690535107,0.00927975483618016,4.74915072710552e-05,0.016342997967149,0.000694797427268566,0.000927281119557073,0.00247192772801693,0.0218102193156267,0.018631050808073,0.0171074579958564,0.0535878355291946,0.0315899230676573,0.0402526654563534,0.00306613029142916,0.0172149618284557,0.0349156299215707,0.00086682720501311,0.000246875605075139,0.000778752539707802,0.00219750059213691
0.000276024409330544,0.00105481502855479,0.00592011379795601,0.0609541388965219,0.00626796517669956,0.039657273394583,0.0298804846361754,0.480616347066783,0.00134954222310572,0.0149627214295268,0.00408672866698421,0.0349700757911136,0.0291419116957838,0.00468676882984954,0.00186823075277277,0.0223089095299325,0.00015469449307205,0.00012897749034028,1.53363252591021e-05,0.0617666387723996,0.0309395367925897,0.0105704562816265,0.0191409057663083,0.0762229986618476,0.000528064935244921,0.0195884084511312,0.016166122589718,0.0179050947086239,0.000248083402177998,0.00099294463815522,0.00112983809534793,0.00649984727048516
0.000702576889183889,0.012948925785769,0.00501942131380974,0.0145701838585109,0.0719293609529677,0.177491708432073,0.0150021421385721,0.04955170397999,0.30036645810409,0.00462026117962965,0.00266348554547619,0.00137212969403633,0.00976492952460911,3.228410348899e-05,0.000942218688260787,0.0368064210401266,0.000380929235196239,0.000800572818155375,0.000801055380305833,0.0492770033182254,0.0254997779707625,0.0333414818801296,0.0838629622336813,0.0766457657343591,0.00155515804743465,0.00241957965182472,0.000377756612906588,3.18110568826626e-06,0.00258518172992632,0.00139242912749019,0.00119402895487256,0.0160789249684472
0.00114339845529917,0.012790207463022,0.0032460732818596,0.0474126875785912,0.132109556358504,0.140372855224878,0.0071648270569955,0.219913906277628,0.00995174232212554,0.161158682273803,0.0567976994999167,0.0303139262906252,0.0298521815846391,0.000533699804964241,0.00740571622106529,0.0014891683071041,0.000317280504438202,0.00079155796402148,0.000397720056112137,0.0172213434332873,0.000997147823007116,0.011536365989448,0.0336678391304357,0.0162315275527141,0.00162082789855041,0.0124171940259659,0.0179006361558741,0.012558183445045,7.69433294757855e-05,0.00047052278875234,0.00332578301962892,0.00881279888222227
0.000505152518470531,0.012026729308485,0.0023680177341575,0.0126321964734068,0.109560078439396,0.0880592681367553,0.0112340911807051,0.100475319050277,0.00748804273934733,0.0160824339130191,0.388036678160595,0.0246605612405387,0.0385746634468893,0.000198062031703569,0.00801434521036902,0.00173444483955272,0.000540719735878416,0.00061691059110477,0.000587179941386599,0.0176018342230559,0.000970997087002096,0.0287970069399565,0.0615373343734028,0.0182145945402833,0.00554631798951364,0.00648614805910119,0.0136016364441847,0.00504550465746287,4.912731448744e-05,0.000355503987493503,0.00141352668692557,0.0169855730050925
0.00075084090314426,0.0193342084439624,0.00110288218898823,0.0118621998013191,0.101160525443775,0.120217900075669,0.0149408018407733,0.0990544381796027,0.00577047697807936,0.0185835931938532,0.0951162584547278,0.117258637737391,0.00989492849153315,0.00332321157529428,0.0517455175918131,0.0170317145676189,0.000448687717194208,0.00060285193865851,0.000196333273630851,0.0126468689504331,0.00312101009213281,0.0716217894326976,0.0974391746118646,0.0419650476078362,0.0257410702243521,0.00293490163681495,0.00110584135051403,0.032333302863804,0.00417809144035324,2.65049759287551e-05,0.0113909615277834,0.00709942688845618
0.000419670310839723,0.0234049629939752,0.0030102832969751,0.0167600935252671,0.126613582110185,0.101125839558289,0.0545314231360562,0.098164860866836,0.0170055309244206,0.000450682193036177,0.0647542463388155,0.00710031293142198,0.172944968631797,0.00175176890209384,0.0587859501960642,0.0186324899647529,0.000380756243655295,0.00106850998564519,4.44576652891001e-05,0.0103804579495821,0.00168631390227705,0.0415604847825959,0.0502336368422646,0.0490471423606557,0.0270332433282825,0.012770312381939,0.0104605432598289,0.0134591992904371,0.00159476203893855,9.37090142340883e-05,0.000369030592063165,0.0143607744814865
0.00186281715563559,0.00882180144505033,0.00200857775291085,0.0864617060301039,0.029123473736607,0.171600910370446,0.0771447777455115,0.281510972491047,0.00211553395864318,0.0162600206166629,0.015429280375707,0.0324929261508874,0.00659686260978355,0.134859873060721,0.0056585951860934,0.000951162908889549,0.000418409962512886,0.000958776764129128,0.000206476278098913,0.0333979669870572,0.00374449530841045,0.001776396461036,0.0145796461934722,0.0499895313610701,0.000870976021094084,0.000110425603678482,0.00017782108771521,0.0126610156069047,0.000337845084527155,0.0015792513164687,0.00214924257808409,0.0041424317910409
0.00217956157579767,0.0107028253029603,0.00158416129485625,0.057497867881717,0.0432725146603088,0.156228174413221,0.000660125134051988,0.202194563576793,0.0155794405509004,0.0118485571463689,0.0489358956404451,0.0154067511662865,0.0164761545770376,0.00113053677876691,0.246319890580993,0.0305384015683532,0.000126629612468854,0.000258760326506319,0.00085660199287691,0.00347834621417482,0.0113820006485838,0.0266482505785825,0.0276071553731269,0.0125198304708262,0.00607082116432567,0.00373796356170425,0.00133859703821554,0.0383712443505473,0.000933503366030381,0.00139868390252106,0.00073658396785456,0.00397960558279815
0.00182188163569713,0.0144556494667836,0.000214430629839632,0.055415948836409,0.025939091337782,0.083231486973229,0.00237256619381512,0.154083868612852,0.000419643927849163,0.00919693851117695,0.0102923229215401,0.00556784709152532,0.00552133846462188,0.00360887443806683,0.000491861720624266,0.336411042318269,0.00634445463627957,0.00450263748479404,0.00220553497296329,0.0380258461505659,0.0169572797850127,0.0291562346870408,0.0763546980446696,0.0485890535274799,0.0394762957558885,0.000640228614328007,0.000574101622704299,0.0135979902367054,0.00163024718424639,0.000205252841835472,0.00232537543833581,0.0103699759370694
0.00100008993672056,0.000809596459930212,0.00209428737573903,0.0209621979907597,0.0358719582270756,0.0184033532350162,0.00655039729795117,0.0448026494887074,0.00267797785808706,8.23527984122866e-05,0.00373583296193674,0.017163849531486,0.00578163778214532,0.000503054860659553,0.00141064288838554,0.0124573173902324,0.272164574150792,0.00120385427549136,0.00566651007680707,0.147464576086752,0.0373198879323804,0.0503025464935131,0.0866136516286685,0.182499526913822,0.0215400621337839,0.00265871790253465,0.00242842574099901,0.00174461036865822,0.000919557066174956,0.00139210478734131,0.00636902907303965,0.00540516928599716
6.05105562923915e-05,0.00113364065054201,0.00228502173301332,0.0852770500749028,0.0959050033694253,0.130792838477856,0.0032398454506642,0.227516476404671,0.00216829689663411,0.000722811586888772,0.00205374664773948,0.0196955309064481,0.0011311165724972,0.000488975509351699,0.000509389695862089,0.0200265600870665,0.00471946496842312,0.217563623628481,0.00192116846470655,0.0180207245391784,0.0438523491232006,0.00147917325175105,0.0357338690449805,0.0370131533364372,3.36560845715196e-05,0.0221879335077657,0.00709256440704625,0.00807949283921709,0.000173593963381224,0.000427975647721773,0.00321380882367875,0.00548063374960377
0.000624167425889676,0.00222857300744649,0.000130630828609129,0.0438033707447973,0.0325148847157369,0.0730937490869952,0.00597933454621709,0.12613810067245,0.00129201767882985,0.000689645802685425,0.00421774217293507,0.000137885619362077,4.02075975711136e-05,0.00245751950014216,0.00115464216270822,0.00495537420736194,0.000224050412304194,0.000314097179309638,0.17196512095721,0.165502699287908,0.02635784818596,0.0268910393139224,0.0594445747493835,0.218792049185367,0.00316612439302745,0.00128423401318994,0.0064592048989095,0.00123218407876325,0.00373752781663732,0.00214741242720061,0.005508218835291,0.00751576849587891
0.000962839334106554,0.00343039721087678,1.77705990943669e-05,0.0333636082293752,0.0341316941980315,0.0441871621431508,0.00166310537831105,0.0786342630809604,0.000388214038603273,0.000130352542124142,0.00075944479494213,0.00393588018585785,3.46325069504977e-05,0.001001592563829,0.000166857291595371,0.00506064522745453,0.000110430012564336,0.000344089411405341,0.000383634843927469,0.445023573678362,0.0427486237249585,0.0197192007906814,0.0551312693498061,0.207160988197606,0.000374199795716454,0.00302060240225869,0.00608892190500841,0.000875655813594349,0.000739280091772547,0.00122056270647633,0.00890508294913271,0.000285425001465682
0.00236627586205343,0.00284018781794406,0.000179037172677539,0.0419305335267603,0.0184857804260714,0.0332706458918994,0.0103760178889201,0.0585205939085438,0.00460287138679858,0.00141306224491226,3.82975270656139e-05,0.0114731692238082,9.96418042784425e-05,0.000979240467538356,0.000521414885780056,0.000810314939895377,0.000107053508759929,0.00162196049635,0.000552188475646796,0.29436086147556,0.236174385334268,0.00389734443012164,0.0140387612662263,0.155342153243556,0.00137644652521505,0.0504377292877856,0.0329536967517071,0.00450050619569114,0.00184366310333138,0.000268118987439928,0.0142592078041737,0.000358838139221155
0.00423874098718862,0.00595174178397858,0.0013449946087857,0.00602448128295892,0.00986058413027866,0.0447815307611606,0.0157904095255416,0.0435823786052013,0.000509361802987198,0.00214039665198931,0.00276358027059845,0.00372957212924399,0.00300400287693051,0.000712344978087329,0.00105419137113615,0.000313212987096538,0.000588204875696988,0.00311110731941197,0.000354051421595252,0.19006413834636,0.0228411056372689,0.378308244455577,0.0810666945346464,0.133838197031384,0.0224564247187142,0.0118827280889293,0.00023779262706895,0.000748666221318248,0.000639689858524106,0.000175546978924091,0.000326340912452175,0.0075595422189655
0.00417880363748257,0.0087694874906217,0.00236737291467429,0.0182620458064462,0.0233307404333756,0.0941429045684698,0.0224708238135956,0.0858328980118951,0.0045243903541212,0.00457440938208705,0.00299526447411814,0.0117879826313552,0.00142609675757263,0.00204583885367129,0.00039258967982354,0.00429976313193024,0.000993821750669703,0.00412536949407095,0.0012677050702251,0.26036625482137,0.0422853603295219,0.0410064505067492,0.0669346486805715,0.2208148305846,0.0120928009711478,0.0335185679031154,0.00952670822321473,0.00338874733660044,0.00208503370380091,0.000411027188136972,0.00761544134355265,0.0021658201514124
0.00119874196373928,0.00424221734193826,5.33249980202709e-05,0.0320169945871325,0.0364548626365272,0.0408041623321357,0.000668059625775701,0.0770106864277503,0.00041495731396505,0.000319939209276575,0.000389457838745546,0.00315236114266727,7.15583644622768e-05,0.000968918796073591,0.000418851569098771,0.00550779122489229,0.000114712796099955,0.000854401034170743,0.00109402684605565,0.3687629661231,0.0579024178308483,0.0217474443752011,0.0652825167732206,0.246702815716287,0.00083380511264008,0.00491300490824916,0.0161635459006206,0.00078613812221766,0.00027134395810311,0.00170696923862872,0.00912523192734476,4.5773965011965e-05
0.000707633916842783,0.00467775217272603,0.000623989239045867,0.00884094697328462,0.0829579661884298,0.0217674044858072,0.06034711415098,0.0348037470291383,0.0135933101516034,0.00964633397274908,0.000589464583799408,0.00999941657363813,0.00358558761551821,0.00124372133195278,0.000873656189355365,0.0622166816461245,0.00396751297559071,0.00073268507474396,0.00472646878159382,0.204462303120607,0.00576351996488857,0.00513387988169861,0.0387891035337288,0.142517004021614,0.167176577690124,0.0353172368444971,0.0179227941552868,0.00641065014293724,0.000346123144178208,0.00010315161808669,0.00211313028119246,0.0480431325482368
0.0016850470684987,0.00738458920118341,6.6700659099684e-05,0.0682175602212432,0.0634160571785828,0.146878390194606,0.0126365685010409,0.22876478036972,0.00111011223481879,0.00132449572748183,0.0113527437507024,0.00601981429739527,0.00105489409538347,0.000938879198605165,0.000354427818496843,0.0114891776422133,8.19421637883458e-05,0.000217977020510874,0.000208444063454869,0.0459836267178089,0.0231738667358981,0.0146631904367118,0.0652407932387783,0.0414733136458604,0.000597217218149138,0.22373808742913,0.00692267919241309,0.00664262955792842,0.00376695592900721,0.00207369116413452,0.00169648774392645,0.000824859583428683
0.00199332168937904,0.0113818255658393,0.000627691148706794,0.0386165060934355,0.0601124514041377,0.121988812914656,0.00321724352868838,0.192491520172805,0.00105354530971829,0.0104543918831639,0.0126364069106974,0.00897278783500292,5.24673288250932e-05,0.000948860298353297,0.000875348328909371,0.0122845189112404,0.000233986042722745,0.002216642765745,3.6738317717873e-05,0.0670352881102801,0.0326061610333866,0.00123801660015505,0.0224664602021602,0.0444623808223795,0.00289511816260696,0.0530638727696046,0.267434710876929,0.017676735474875,0.000956833924581958,0.00573895902720419,0.00415909234691873,7.1304199174299e-05
0.00163724445501416,0.00864170740265983,0.000197174973986457,0.0168225672820319,0.0656360177948769,0.0746734421450431,0.0217087865059791,0.0576374024635309,0.0235566417481283,0.0093203952667537,0.0790789570810825,0.0145369127250739,0.0105249718205758,0.00159098052830486,0.0353958458920056,0.0185639694090463,0.00135993254379045,0.000539250404284641,0.00142507363261856,0.102410956348681,0.00872168626455569,0.0289011718713236,0.0487378357762559,0.0973303108926467,0.00976314514562171,0.000461718155229906,0.00233785301332955,0.221425745975584,0.00649709039712336,0.00108560847135539,0.0123318414928551,0.0171477621206521
0.00276161925973682,0.00334853711921477,0.000525879795116728,0.0503339474491765,0.00521163177382754,0.0865988186500528,0.071942593774919,0.14347279213463,0.0409592423064184,0.0118315135413727,0.00305405768427423,0.00042411853325872,0.0106499883722306,0.00127721314338233,0.00283399919605796,0.0120509963186394,0.00128141796848271,0.000175442633171846,0.00319123444825184,0.113356082116306,0.0170452565391286,0.048547358022873,0.0459836776537947,0.0839417759372054,0.00399746841348413,0.000469635390144641,0.000390281655850002,0.00458079025394662,0.210074159383803,0.00173771985328167,0.00265925951336652,0.0152914911646003
0.000450851013374959,0.000561948466628926,0.00105016661790611,0.00173041296333999,0.00194036929626246,0.0101057107348087,0.00572630635942796,0.00349541979987802,0.00217881821699575,0.00578500987740864,0.0087923437483025,0.00442972637156308,0.00356429483302734,0.00113291397472925,0.00185348229144091,0.00433251063411745,0.00148100406712454,0.000421997451922721,0.00340083889350659,0.285349281248976,0.0109216699928135,0.0486834152992869,0.0895415093170138,0.229788555011332,0.00170871158270571,0.00388435807085293,0.0016012859644066,0.00220795813105823,0.00547660110167201,0.24003598696727,0.0174387799858678,0.000927761714978853
0.000538020809253574,0.0111060135892143,0.000345887912913948,0.0234488433631989,0.052189298345257,0.173956514762156,0.0170182173239534,0.170066736656086,0.000605385533983864,0.0180347809212842,0.0424920436821591,0.00133291439249019,0.00717304531136352,0.00136412905118496,0.00866454304073014,0.0118134396069819,0.000566456040350699,7.34208431451537e-05,0.00455988184925211,0.102827285638436,0.00193464769424198,0.00961023111760681,0.018518522335022,0.0564893461471481,0.000873727677724505,0.0313238676831569,0.00199886516486488,0.00162376496222225,0.00141921265438058,0.00621412176393942,0.220956855019652,0.000859979106646074
0.00268068274160816,0.00993932529628246,0.000353472643979319,0.00972638944007153,0.117662533894113,0.0650518912371511,0.0312638160174556,0.0701504632139977,0.0125702183677336,0.00963696636218194,0.0018900780291455,0.00955094488851697,0.000254971575965288,9.03315666490842e-05,0.000712653738512446,0.0613147280649108,0.000678033122246398,0.00153503079741075,0.00445559070962642,0.159412091154196,0.000964785477665373,0.0122769562679216,0.0268525081705641,0.12576514032606,0.00544937979454543,0.0124977124704902,0.008092684912529,0.00471666443644448,1.0417107575803e-05,4.25880324854375e-06,0.000570386867372226,0.233868892503829
