0.744664578146298,0.010206783592748,0.00792576636721381,0.0143605713028275,0.00452419851494682,0.0134011431773466,0.0079907737598149,0.00669285650932982,0.0210569019865569,0.0105156186361245,0.00202653583817798,0.00274695636741027,0.000167419038824828,0.00432951699274818,0.000262541994418646,0.0237839607512729,0.0302157535644339,0.0190149425518918,0.00132358919254003,1.27498541020892e-05,0.00134180218129764,0.00130654371602399,0.00342906346896542,0.000581155377628384,0.0158856599381422,0.00167122847784211,0.00666057169269049,0.00733139883479246,0.0181793386261735,0.000173655320504384,0.0151561355753982,0.00306028865151326
0.0166976376060009,0.623504643427842,0.00128523014260977,0.00126454333113709,0.0271161380845115,0.0134030393008206,0.102068534769409,0.00335046143847591,0.0273288711859216,0.00165900758822264,0.0067642814234752,0.00167789762041357,0.00333678286739243,0.000190118112830884,0.00505897374435505,0.0636133654049642,0.0196434015478918,0.00422060729710939,0.00215470135436414,0.0111455379767986,0.00763266012156692,0.000586235377217331,0.00571441561974289,0.0231096404790905,0.0100557594568059,0.0033563588777537,0.00213481564093399,0.0040333761942205,0.00048055315332114,0.00104282037181343,0.00464939412929406,0.00172019635369297
0.0151578641536341,0.00120512535171085,0.666509476003298,0.0117807581462507,0.0689885018248778,0.00827132149375153,0.0397722843392559,0.0109768283227118,0.00695105128284112,0.00451856343738111,0.00673843981088425,0.0179560289620322,0.00317659431361476,0.00117923406484832,0.00473537667293018,0.0501590473211165,0.00071952268581552,0.00170694507102915,0.00257938462709144,0.00850546683697935,0.0137712809194743,0.0076591605232503,0.00943678635736364,0.00478432245770431,0.0131313967380275,0.000160594712604662,0.00112950469210714,0.000809743428870252,0.00451332163497588,0.000692327430596347,0.0107557244233519,0.00156802195961882
0.00207866762052932,0.00768101171196152,0.0088418442655214,0.562498929701358,0.0767926297964053,0.0258233845233171,0.111401876988718,0.0114417397179824,0.0192876477244638,0.00200363024088536,0.00129580714711978,0.0579979887852049,0.0047009603210191,0.010434772952407,0.00694669721217364,0.0105255669606731,4.19701497883291e-05,0.000194507685084566,0.00231197846069348,0.00162371271416825,0.00544763861186926,0.00460991303749417,0.00300617090974952,0.00601485917032541,0.0116948539785216,0.00455403453248685,0.0090954375900287,0.000404695375299042,0.0288747580174188,1.53663553857326e-05,0.00106842842619859,0.00128851931574841
0.00214559634694974,0.00132621903636481,0.00970030300122139,0.0246659143346198,0.712385486342523,0.0075313478332798,0.0359378772120861,0.00654481292921663,0.00466605849202072,0.003880869106154,0.004408726538585,0.0408270281513793,0.00248436685606307,0.00496203843657156,0.0134848021555181,0.013270161231512,0.00293147803293833,0.00203336100060731,0.000948667408432515,0.003124217129621,0.0193931046340078,0.00676777810520031,0.00378778032466706,0.00210906036168673,0.0224954936107047,0.0109760263764319,0.00292762613675375,0.00329421811491949,0.0241942885719634,0.000611470680986162,0.00305486106517666,0.00312896044183785
0.00723094464067617,0.00742176266636392,0.00599235099319053,0.0743359602787646,0.050046467686522,0.56614535797894,0.00248995660248038,0.0603929719017043,0.0267628066980031,0.00270627663751181,0.010895403274929,0.0138494164903949,0.00425370124623728,0.0054495006595066,0.0149948000073856,0.075107294967772,0.00514753633596405,0.000198444124842438,0.000578212781407474,0.00113503511707658,0.0191100582599987,0.00520816091464594,0.0124620659132027,0.00299896480056052,0.00999716154730384,0.00214654168880633,0.000371652199687666,0.000835799115264686,0.00412458830843241,0.000307787946455779,0.0049510848527925,0.00235193336317662
0.0159244958708768,0.0116317933952569,0.0102039982130126,0.117244460628588,0.0296261395491109,0.00179076776560746,0.549675683291222,0.0350757182358619,0.0316575005543936,0.0172615678513523,0.0168104937866175,0.0279758560155079,0.00681498318059351,0.00556994100160087,0.0329517790343046,0.00294923147475072,0.00135138735522378,0.000762180547108763,0.000866121789678004,0.00963511999008355,0.0119822910691366,0.00911084915260468,0.000901482703964915,0.00160724364996919,0.0182003489731363,0.012739328816522,0.00234888495358988,2.50021004307118e-05,0.0144736911123119,0.000241230636522274,0.000297057093123193,0.00229337020793676
0.000457086314920177,0.0075435728890181,0.004841832314776,0.130166109524194,0.135760671690447,0.0404687040915808,0.00882393790514028,0.403380069890048,0.00520396874693863,0.0142549151682642,0.000322609228370785,0.0641587544352634,0.00496792787299469,0.0138657132544262,0.0104917848207154,0.0192918548043529,0.00189307284040112,0.00409192736310013,0.00591424360646621,0.00174764870799307,0.00625573713407027,0.00704378247891027,0.000815909966796283,0.000519690153062178,0.0520847860648478,0.00332503993010423,0.0145410766999735,0.000230759106900275,0.0311634550209718,0.0012075346544314,0.00116726618050303,0.00399855714001715
0.00500100405369422,0.00666612199238593,0.00372916222375707,0.021779166898586,0.0233778303556079,0.0375783799198368,0.13162184938425,0.00485676664847833,0.550020648521206,0.00762732602299508,0.00939293613366255,0.00662644294852146,0.00414518956814083,0.00193974687530419,0.013579490384354,0.0952050676175747,0.00850287098921352,0.00345433599518404,1.02608900175063e-05,0.00402058999540653,0.00168833380713716,0.0122749400174828,0.0088529394351428,0.000184334134468464,0.0125470522992258,0.00341273425212213,0.000651315306137792,0.00165207426387404,0.00191809792782466,8.74236070075985e-05,0.000280086102063045,0.017315481429337
0.0015822854901006,0.00629112355764883,0.0026454823034575,0.0630479918499417,0.0274790305726305,0.00280415151942852,0.0405829551996894,0.0120742392100901,0.00252869352193226,0.647625423049,0.001161081078797,0.0474035216271815,0.00659672807934197,0.00374104723339789,0.00816317093351819,0.0308922796396483,0.00107382187653435,0.00057465266942403,0.000992758767369971,0.00824082831283678,0.000277524377975893,0.00513350426311231,0.0101373241566658,0.00679421692269358,0.00307013664039948,0.0079315792327633,0.00859987615974788,0.00390360728964969,0.0297382524101035,0.0016889453651322,0.00356321584193115,0.00366055084785536
0.0047488236256588,0.00315803559983489,0.00364725791668987,0.00817495455273352,0.0570885199622904,0.0140811934931159,0.00553466830146614,0.0245760239749082,0.00884045827145759,0.016844709736587,0.692191166559038,0.00892088329577616,0.00360265350497772,0.000633205282933046,0.00275773214298108,0.0072167586051959,0.000408324783759387,0.00167012143106296,0.00360935537921823,0.00558299804769573,0.00208992933567533,0.00104200095074389,0.0113192569422608,0.0018394227859728,0.00113595110653254,0.011983485225126,0.00955289548748859,0.0190881723814987,0.0489713687295474,0.00240665076979568,0.0159297448955641,0.00135327692241405
0.00284773617418136,0.00652150356633907,0.00111090999818486,0.0180577880028416,0.0649930040159963,0.0228097919572911,0.00524971774705317,0.00921067998862086,0.0323286539806013,0.0154682548505501,0.000326463228005555,0.525819893555586,0.00574097302913548,0.00337130489859862,0.0238308900136751,0.00819521777347662,0.0118489270865052,0.00513879959648285,0.00457204418833337,0.0237204650880757,0.0097928622380181,0.00559232990477302,0.0445008846028922,0.000616720055153499,0.00962145782521875,0.0368635755213106,0.0402710017772092,0.00824896359299176,0.0346516252351172,0.0057495856712959,0.0124759275879749,0.000452047248511211
0.00242927030529053,0.00076560796815678,0.0138256736445081,0.00949976350246939,0.104185691562402,0.0239050429707939,0.00843658087546216,0.00919540735478592,0.0199714060298699,0.0523820246540868,0.00786467988750543,3.92787569187808e-05,0.453213037488327,0.00349857444966156,0.0686564811296865,0.0198617372027123,0.000935914055554555,0.00735418375886365,0.000320171179545503,0.00383870911419534,0.0125466785035022,0.00430711412334051,0.00860350449408375,0.0219459569598029,0.00236741742862011,0.0127294072350986,0.0242106450036303,0.0609637945078656,0.0276189525506879,0.00190252895326814,0.0115181527665712,0.00110661158273256
0.00149844482941342,0.0123185458494011,0.0330265180342112,0.0013375805793493,0.0046511147214756,0.033065348689883,0.0240798366501332,0.000106649575966307,0.00697165414051072,0.0140440838224012,0.00121263099018838,0.00193313241392515,0.0227637127233011,0.7412902361584,0.0414162468533564,0.016744291102534,0.00148698880093481,0.00343329105883368,0.000102929264607293,0.000961316288838074,0.000560730325928697,0.000113395927777873,0.00538775101818342,0.00509081093659947,0.00211993409122501,0.00273580985044802,0.00519404461761197,0.00347603559454075,0.00833447199670619,0.00205226423593869,0.00212463502091223,0.000365563836463557
4.46219193873031e-05,0.00155027101701543,0.00281255540059201,0.000409914931041996,0.0577188866201566,0.0326474290191548,0.01569695996055,0.000715817905947402,0.0090350033369804,0.0156353484507584,0.0075864346063806,0.0223102316655579,0.0636496627205372,0.00192760446341391,0.686265921146918,0.00339575200850144,0.00590481736160542,0.00244069593973603,0.0024957906480852,0.00889332773998846,0.00754182896833249,0.000818704899568224,0.00423869816841934,0.0038508868050056,0.000848901774272509,0.00220144116119739,0.00735795537947952,0.0231738569240521,0.00329480012535654,0.000288152571390894,0.00363847254452592,0.00160925381609065
0.0427612740896014,0.0351071041635994,0.00634847975552678,0.0123707593950293,0.0505099269602123,0.0237099003361336,0.178427852281102,0.00134075204490894,0.22559305121893,0.00515764708213165,0.00574172030090831,0.00523202415421244,0.00951088607067061,0.00427959523796639,0.026347012704552,0.300882642884165,0.00493702123354331,0.00631419031141309,0.000651969319127813,0.00721196630377443,0.000371332693698426,0.00321382574228617,0.00811703509682037,0.00344116564593239,0.000630940260667862,0.00076023706095875,0.00247453489938403,0.00222094893283979,0.00359106359591653,0.00043690460841044,0.00214014494297513,0.0201660906726008
0.0405070490194965,0.00639279817331394,0.00714942946421253,0.00174057550806791,0.00184213496400717,0.0395647951815554,0.0296321291591904,0.00221266608943004,0.0158070335461286,0.00150440225944523,0.0086577729149065,0.00350424448692904,2.33656985457909e-05,0.00133088822265827,0.0091807151705677,0.0323393253288922,0.690210460842424,0.01274954920399,0.0030166620978246,0.0266095688643283,0.000322360981020061,9.4282581303058e-05,0.0025159708749494,0.00803604084274363,0.0118798451136841,0.00829361884714225,0.0019430827476948,0.0115025995613997,0.00970320899487849,0.00010518660386837,0.00947861010002317,0.00214962655537916
0.00141021389977037,0.00488708467308378,0.00547560580845559,0.00355761140467244,0.0126242592420948,0.0230386886953416,0.0155552203302083,0.00118186374014202,0.0021196143286438,0.00175753584492825,0.00397163060511116,0.000337757449711445,0.000111809291741216,0.00120383234598594,0.00974809652196218,5.53406073668818e-05,0.002571068584881,0.773105782150649,0.000457211269265596,0.0146861380311933,0.0351325515034452,0.00245373953468821,0.00726065372210934,0.0201058344799408,0.0140161168726248,0.0216981526968261,0.00132298876637984,0.00916055750875875,0.00164386060285765,0.000781670455238965,0.000336746666817258,0.0082307623651044
0.00270867107482602,0.00724747828668837,0.00389207837350271,0.00743783711494028,0.00609358193446328,0.028674882765023,0.0143289162210325,0.00384375467467432,0.0403546275349315,0.00384150498232083,0.000181682387540535,0.0070918358332021,0.000261119392025046,0.003552368010743,0.000407098361820043,0.0164724962191528,0.00117565622124221,0.00387440749438692,0.594136996588559,0.0371285179021087,0.0290926445989165,0.0417030701346694,0.019591046977894,0.0699200575441219,0.0125930892598598,0.0049248947533641,0.0106862262378277,2.54455989524345e-05,0.00643828334083652,0.0111209598489798,0.00463873354176164,0.00656003678963333
0.000784784512926004,0.00098673095529284,0.000634949795632527,0.0062817334410221,0.00489584635292062,0.013201839856975,0.0127360014997934,0.0033589875840183,0.024628524799122,0.00203895786524626,0.0109487927355814,0.0252694164516195,0.000560915553543859,0.000111693335568446,0.00484925281694911,0.00502668719302187,0.00173889952939305,0.000208702004000932,0.010843378683958,0.704553052394368,0.0304186895208758,0.00140235776730823,0.00311618896371626,0.0475517034944686,0.0235104655240884,0.0108648672059527,0.00347923861865104,0.00156128162365877,0.0386072019453137,0.000710016641095137,0.00238622347456262,0.00273261785935593
0.000591269250696462,0.000361412032917005,0.0017485287686776,0.00015415857937289,0.0200802511009171,0.01839118215916,0.0929646814088476,0.00319122086392972,0.0219805682525643,0.00397305420283767,0.016316014358461,0.0208495840931242,0.000780605203273797,6.48060234314515e-05,0.000132446635224259,0.0214694343057315,0.000697856387672031,0.00850076246781625,0.000171247000685649,0.021187427315815,0.634761959712229,0.00166084350796762,0.00963910111850642,0.0148216696590393,0.00502653546324347,0.0099511793329935,0.00771170481415589,0.000732777098568103,0.0316259532939387,0.00545442663455013,0.00594135452336179,0.0190659844302909
0.0089146179959265,0.000915863491610271,0.00123958186815031,0.000339384410595611,0.00178401406819928,0.0112181406724834,0.0064568379006481,0.00225934524049719,0.0816769123437795,0.00167936635763564,0.0106559133382613,0.0285621220948862,0.000684856041030912,0.00186293357867564,0.000783934812862258,0.105816210240332,0.0116435619029785,0.000646991597483745,0.0244834088610645,0.0122581618562483,0.00551490612139588,0.583689526222356,0.0202698645727308,0.00683046583734966,0.0221878623860516,0.00909155186761405,0.0247453664718605,0.00336078027207991,0.00511907915669743,0.00115480030951567,0.00183000398407032,0.00232363412492856
0.00276084085478421,0.0121402739455678,0.00113164733713235,0.000633692820220465,0.000462706015935353,0.00100149564666704,0.000620280200751795,0.00164304680904543,0.0108484965098504,0.000757267137587328,0.0100968652144433,0.0185448106518314,0.000973564096992708,0.000435076371580846,0.00463901860218004,0.0329235589516037,0.00908622122110879,0.00186191646364842,0.00469571093876683,0.011924867230441,0.0105974748293167,0.0346302782662478,0.74042670800665,0.00116465800868854,0.0104437226494919,0.020247379667756,0.0168709265140754,0.00496657882536707,0.0180873815577336,0.00860305117198737,0.00408545554202,0.00269502794052666
0.00450448256215957,0.00161080161029974,0.00124961517033284,0.00366669642000997,0.00644260092742033,0.0104267419122535,0.0395055597208234,0.00302036453461595,0.0315845677795377,0.00125398865685388,0.0128610380029308,0.03095397006418,0.000858591945302267,0.00140866728732505,0.000653917188478811,0.00975329313200609,0.00355578665074329,0.00293566306580791,0.0217570344798123,0.0547125717975356,0.0882456862777455,0.00351052771447062,0.0194846763022665,0.508072830395942,0.0348094342092804,0.00819027270646801,0.00728424228242992,0.0012217335834233,0.067185952248439,0.00355484596575581,0.0122975133317531,0.00342633207359652
0.0471266282301117,0.100087359675099,0.00269673792085304,0.0129953289189175,0.00511010778115182,0.00153019072832666,0.0196133450113433,0.00316711220307902,0.0345576393138882,0.0109399570135211,0.00665899432531694,0.000200809957299897,0.00193495279339197,0.00178701369653441,0.00884678766546072,0.012954538691507,0.0139380569923225,0.0349283259700944,0.000326935549175788,0.0327827375461267,0.0215066302677144,0.00554156994185853,0.0182017625044952,0.0345864482324007,0.41451064077982,0.0458434710873788,0.0254085009125755,0.00559838697981759,0.0102048648355678,0.00060873122825852,0.0212541806756239,0.0445512525709675
0.000246876417392962,0.000521315907788394,0.00146662488235495,0.00914681313019075,0.00344352536802984,0.00511648318509154,0.00269649528291713,0.0099541314297063,0.00354721922712185,0.00119001361112991,0.0010454538547008,0.0142928366910439,0.00275853035634008,5.46452233103969e-05,0.00269384443422005,0.00717153824072699,0.0014797027527692,0.00317621453781521,0.00280905277095992,0.0180292406836793,0.0422054880218184,0.00334163166905441,0.0157421838277557,0.0189739985883051,0.024693264586309,0.732013334799852,0.00366916502854653,0.00300387071409407,0.0439747042997034,7.15689683077316e-05,0.0180763758129501,0.00339385569601382
0.00185751892715304,0.00167138097675479,0.00106788268166535,0.00609556655922781,0.00198276926095324,0.0075046247024775,0.00760310620735081,0.0131535153501051,0.0279992948212677,0.00102883745037191,0.00435151990457612,0.0170030816180503,0.00103844670751063,0.000111635585614031,0.000810114022577671,0.0141626011299516,0.0122800653474079,0.00211881565061893,0.000233844947683372,0.00757387766864926,0.0169768322189178,0.0231947490386725,0.040970580811669,0.00563030249528482,0.0349163100625262,0.0377452629361081,0.581197338878001,0.00184821235788362,0.110560996406911,0.000810929333005369,0.0146169053177963,0.0018830806232573
0.00369952810825481,0.0180905020096358,0.00564680008427282,0.00189528503973205,0.00691537270948302,0.00142771192726045,0.0268486097807519,0.0220959928809423,0.00835425069871193,0.00752207742163147,0.012185692830317,0.0142080449052041,0.0118017090018271,2.71853632961032e-05,0.0261325386543221,0.000174721112318059,0.00529426196948739,0.00208991334669644,0.00176104616402881,0.0248899272426623,0.009872231860893,0.00857442888396836,0.0248968097065158,0.0190037202598212,0.00347306662243917,0.0577867920397105,0.025109873169395,0.593755706894428,0.0236717717831129,0.00496230931523851,0.0236082884992524,0.00422382971438945
0.000605923343861103,0.00366263291721327,0.0090848189109513,0.00438525054759867,0.00630473085922438,0.0017596300604165,0.0148773233554764,0.0124875754175839,0.0164405783037291,0.000392917548971542,0.0128958323810076,0.0125598320302512,0.00685389526968733,0.000545909631018405,0.0114067300979615,0.0154277025250216,0.00892567511819222,0.00140330784994725,0.00160231712980097,0.00435883730944439,0.00270610936092318,0.00425750136723357,0.021389878581834,0.0416764593835997,0.00124414488606178,0.00148923729353604,0.0631540661620982,0.0390938446179101,0.663740395902255,0.00299314945487649,0.00907324588395269,0.00320054649836089
0.00377414834845701,0.00634886053786797,0.00591209983418045,0.00396592226841572,0.0185077126144298,0.00080005455483805,0.0268356334864012,0.016704093523587,0.000290076935078001,0.000540266165321855,0.0131085945186405,0.00783054681948253,0.00349262403182807,0.00153453253512065,0.00106702598828416,0.000445656571600577,0.00359510601570305,0.00129185104329748,0.026735205200119,0.0270825801417374,0.00383883410089775,0.0155546043430566,0.0392106101473322,0.000476247672694279,0.00884819459104992,0.0323251902858794,0.0117470697966639,0.00533443050539099,0.00726883882162886,0.688293648037937,0.00915030677523012,0.00808943378784809
0.00137624440848316,0.00590595770875422,0.00341749077269441,0.0157715970844679,0.00861921016683569,0.00639495493603129,0.00586425789000662,0.0169469346030333,0.0342467203912417,0.00263770278479896,0.00622824077932761,0.0179623137158098,0.0123110380450881,0.000616257974444174,0.0128032823576691,0.0408118141645967,0.0198098324789239,0.00177550283798872,0.000208374288189572,0.0138671778833486,0.0170295119267747,0.0149956622754433,0.0255246729107554,0.0477546821242912,0.0144456291726393,0.00625268011906766,0.0613829910501426,0.039617357411822,0.0399894172568483,0.000656400281607596,0.504189316345184,0.000586773853691041
0.0397025875872569,0.0726848069171446,9.64194959408578e-05,0.0142274583491728,0.00597335275247772,0.013716447667356,0.0481043490456872,0.0109084183558915,0.00988829232000773,0.00306605846152502,0.00142607373092064,0.000388110078099723,0.00103277238206611,0.000149642165499622,0.00265296752789509,0.0254984699022908,0.00726965165714891,0.0305575592841637,0.000975302557852147,0.0147724069753329,0.00530317282040311,0.0043028125288655,0.0457320963581929,0.0215358125146088,0.0166125311961075,0.0475849433398139,0.0199051019858498,0.00146907239426939,0.0147951010254098,0.000693379454798065,0.0189792929741717,0.49999553619378
