0.602466643545603,0.00737393636509542,0.00484480293956269,0.00500095551276378,0.0146480140400743,0.00704326685302759,0.00274636329206864,0.0114679621264144,0.0445164345857489,0.0316331348830831,0.0247397997395114,0.0530184563843615,0.00218935137561552,0.00113787894818694,0.00691081162123755,0.0167082707848875,0.00708554275137572,9.23981488590459e-06,0.000979387487555289,0.0267207783745339,0.00218170666632574,0.00837203235292495,0.0161450456495524,0.0212902359670358,0.00548111690855003,0.00402637639127019,0.00744984078146944,0.0522747043233773,0.00131614923403358,0.00129394293586809,0.00470264552318747,0.00422517184081186
0.00245996438441628,0.554482321946031,0.00499229750455437,0.0515645657102604,0.0192330354958998,0.0442931991450909,0.0528875596630853,0.0744722790819194,0.006081716971365,0.00226041275806148,0.00941830500022763,0.0105061059750106,0.00182978579584137,0.000661842366911899,0.00664993178329279,0.0211823546577397,0.00116293800790835,0.00125629320197669,0.000737125360549808,0.0385980187962712,0.0129308893423827,0.00741232768201362,0.0177122616594445,0.0208653845019559,0.0070526626197999,0.00128120356622883,0.00584714259366973,0.0109800864495064,0.00114070623138074,4.86065057552264e-05,0.00211500100001906,0.00788367424142971
0.0145159480163004,0.00409029036268121,0.628528801767125,0.058200801887791,0.0337389843790369,0.00223452062076861,0.021986649407728,0.0124493831304568,0.0675116827474884,0.00537469341970748,0.00524846448326951,0.0127382010237103,0.00959218466065575,0.00234057187259113,0.000607364015667369,0.0222658019761925,0.00250038120963827,0.00110732760514019,0.000497991132975364,0.00266997397801045,0.00874749640338148,0.00315006377435769,0.0145264579914001,0.00599751507227608,0.0104001036837403,0.000206480262216065,0.00770199126207442,0.0171575559582613,0.0064554826781084,0.00426041969478627,0.0061164533129596,0.00707996220950437
0.00409926623150007,0.000435310157643292,0.00690145556153794,0.456146407231288,0.00105453526386171,0.00902853389276955,0.012425219677672,0.00058971170316643,0.0312545221070191,0.0862041862473657,0.0841150464546874,0.0781813639043327,0.00759700089484975,0.000198792075372733,0.0176856605038186,0.00892584510509852,0.000715485585027269,0.00127813859448939,0.000140485522854897,0.0516447831726718,0.00208512356247469,0.00278665241763004,0.0104730691651262,0.0497876796049943,0.00404274833169369,0.00668076786168887,0.00179670993752693,0.0469965488726543,0.00398211979388685,0.00181969772440976,0.00864992421034276,0.00227720863054516
0.0147526141993792,0.00418277717829277,0.00138242298803136,0.0202790119433577,0.471871631246921,0.0162596063345782,0.0412109853136242,0.0632768626942617,0.0181027155273047,0.0102395652875684,0.00279698093989512,0.00937201029628676,0.00411037412382282,0.0019132043801834,0.00241473629261124,0.00823345697910968,0.0107537272875923,0.00503636120922143,0.00105327331558401,0.0886418382086323,0.0199803053300123,0.00120928334556027,0.0176961571204927,0.108226387820572,0.00643873426694778,0.00348166329123043,0.00164556771694627,0.00165046369114337,0.0257869745561073,0.00194887627900401,0.00717685959208594,0.00887457124364019
0.027782071948536,0.00427766920289235,0.0026566205082413,0.00140017569477636,0.0525883580463385,0.605718204797735,0.0484037788808358,0.00236951765810428,0.0457923350353998,0.0109114110335042,0.020135696009876,0.0347279668265449,0.0256762921385689,0.000240583567686726,0.00137631598727529,0.00872767088090442,0.0174791983714541,0.0024406471222329,0.000455385271733362,0.00335254754796996,0.00140180087250471,0.0073791730277806,0.0213075850552593,0.000287220068593199,0.0165190263126454,0.000326141665256735,0.000487320161014215,0.00798492316360416,0.0177975581921864,0.00257106619176381,0.00353167210960271,0.00389406664917844
0.000286084601194796,0.00521236929963708,3.54632183172792e-06,0.0547387672801755,0.0631989940051253,0.021179837588956,0.467873500038123,0.0354795172598759,0.00629360884477381,0.0594862608625611,0.0154994504229429,0.00923146533636757,0.000155765195515341,0.00122726386955726,0.00225751347334984,0.0218149710820097,0.00184857045894729,0.00279996613782366,0.000785379632940033,0.0595542627892505,0.036009134683305,0.00451639793134845,0.0143754235381357,0.0222717087681761,0.0287942991283,0.00597247420304825,0.00471299859474775,0.0382795593547421,0.0111942365864198,0.000901565797104956,0.000218581914669496,0.00382652499904453
0.0121668032212534,3.51041590853686e-05,0.00397439997048137,0.0141540221982824,0.010310341939079,0.00785545689425439,0.0213790642752504,0.387957636162793,0.0282027842385212,0.0733683159552095,0.0736985822590232,0.0957251778927403,0.00378462077976923,0.000146265168905609,0.0248660350366914,0.0137539908740677,0.00556873308801022,0.00044270493227271,0.000180681656904908,0.05959397982768,0.00731328766884904,0.00194261553754074,0.0133658531586451,0.0551852703958789,0.00121024662319496,0.00618443065116598,0.00456924227270423,0.0618280255612577,0.0041482037553999,0.00102649899783805,0.00559640828906598,0.000465216558183737
0.00602192180221126,0.00627774058231873,0.000379174166597986,0.0202110096818284,0.0249647678791178,0.00399310626981046,0.0240408182461123,0.0190406087899958,0.580096845715003,0.0380354201295693,0.0234380247951225,0.0447244618203269,0.00207684690421527,0.00205235518572806,0.00427932762389651,0.000126320521366483,0.00695821128819003,0.00197390274549789,0.000524579664533892,0.0218725171946805,0.0186251578837098,0.000546098912583464,0.00786666705603191,0.00200033822547778,0.0327070619383305,0.00209150873844825,0.0110775624790753,0.0737469921338176,0.00357163000264947,0.00287472065206305,0.0113441640733862,0.0024601368983036
0.00599304401078606,0.00236836131246386,0.00221430224739395,0.0773624474285724,0.0121319533112352,0.0172338637812886,0.00545531407255124,0.0570373548227431,0.018768230659852,0.309419062113523,0.148553150124778,0.0570712998230371,0.0870334723218041,0.000554124347578557,0.00183005462139091,0.00257932323570696,0.00194539497830256,0.00216353837649001,0.000504465279860405,0.0633467576726082,0.00670705059302163,0.00917501605160704,0.0238641526152775,0.0286136662883059,0.026757929547992,0.00603731600558595,0.00103518085329142,0.0134881779703478,0.00260987795484097,0.000907162144356598,0.00108439399305342,0.00615456144035399
0.00296615519523491,0.000963408656362603,0.00374022214203555,0.0127031865531928,0.00721567454238543,0.00130570470804081,0.0100094855272295,0.00481702503101684,0.00212561152333603,0.067856415329357,0.708507305138558,0.0357596278231383,0.0235331889765669,0.00152210532964167,0.00257856759317222,0.000355085092908084,0.00112611889404731,0.00064501958543729,0.000665622850420186,0.0247034991396324,0.000650011764247005,0.00522884828159303,0.0104195397480882,0.00888160407432261,0.00887335608513596,0.00792000691424314,0.00391396787982712,0.0276740046824679,0.000152836213523473,0.00124557790691956,0.0017934647509576,0.0101477520669603
0.013452717932625,0.00564516183153092,0.000245145041009025,0.0049804106277437,0.0037888952421509,0.00130725764161148,0.0165377255715523,0.00621156540381166,0.0026220644546018,0.00765213450832834,0.0020498428035266,0.700688138412607,0.00219815691214064,0.000131943680749279,0.0073014264407706,0.0104197321060591,0.0195531569580299,0.00122986300483395,0.000178563361606297,0.0542163839861699,0.00124395476829661,0.00133589451434501,0.00745432950053217,0.0435269101809175,0.00231996198614645,0.0253177020930109,0.0135118957576935,0.00063790898808965,0.0162142211866885,0.000449567263378631,0.00197979248070999,0.0255975753587319
0.00390127223580196,0.00171401037743236,0.00789571928516935,0.00651638398858549,0.00826340022900901,0.00538045193929988,0.00960994198819341,0.0168762738415089,0.00782657217598357,0.00162792394136087,0.0132246748665621,0.0594520770999378,0.652817741292174,0.000786669657852298,0.00241817373082148,0.00331539682434468,0.00240787920264614,0.000963357131154727,0.0002941556024186,0.0312520544811629,0.00066381250780102,0.00436892552352295,0.021254942446651,0.0291922857214442,0.0122855195478736,0.0175848612029479,0.0172193653015306,0.0354199399291461,0.00472997789142855,0.00902999418710231,0.00815280951155553,0.00355343633757674
0.00252347886203626,0.00676830519070881,0.00582972058920605,0.0634338426286715,0.0293033934242611,0.00840945701328183,0.0810707817203881,0.0362141552743099,0.058751739240444,0.0255276342173396,0.0228910543920552,0.00884862719372483,0.0156243474202682,0.391615832301203,0.00337396694214322,0.00120294634058761,0.00269485558425346,0.00156561451147037,0.00103883362443661,0.0400360730959625,0.0298490212651869,0.0036345451573295,0.0315295775423771,0.0880318281416031,0.00175997831033293,0.0042192141255662,0.00573109574882037,0.0057179728618658,0.0028187888848432,0.00863072262629337,0.0111676934640751,0.000184902304954817
0.00322610304350821,0.00176478306958057,0.00144215496755462,0.0888418178442076,0.0420772007386479,0.0396052882272837,0.00336086186940579,0.112269282363861,0.00147129922651235,0.0657387090065861,0.0782695320539044,0.0530669131721573,0.00392178668261111,0.00212516149994015,0.280267345316588,0.00645262515855403,0.0011830446700705,0.00217527037318125,0.00201368072145511,0.0230584307064522,0.0150386227990172,0.00645889442901581,0.0402447727862565,0.00969664067998859,0.00984131696392582,0.00272733975733353,0.0155228251866707,0.0728873566884989,0.00263853851433269,0.00186620553433135,0.00624226249310331,0.00450393345546383
0.00437324376608517,0.00900079515556392,0.00081040355463814,0.0789636231957077,0.0145378571862337,0.00490510924782227,0.00287470720947493,0.0478271020464908,0.0188873544486329,0.100064222320267,0.0321412484124419,0.0351266522792352,0.00356964326235399,0.00413971220056823,0.00425300277395618,0.435830254076483,0.00168622784606434,0.000804762762902967,0.000493438806595129,0.00485429735473956,0.0427539853689275,0.000963768472234304,0.0174990504913186,0.0256218595982188,0.00900937953552471,0.00161441078181509,0.0137948863405121,0.055878717735124,0.00802761244125086,0.00160973347865785,0.012825773457093,0.00525716439306571
0.0181464492265529,0.00211893408530698,0.000924194886951608,0.032314044896632,0.00402751448939053,0.000468756136346233,0.00063379710806847,0.0103504219205966,0.0684810647030386,0.084352655183624,0.0449509162526859,0.0339409789498051,0.00561099571488128,0.00245960046908894,0.00111660010767748,0.0136287239817221,0.541697343324417,0.00110069261668756,0.000464361736637827,0.0229931338087205,0.00409047167188089,0.00373088599492733,0.0293572772972728,0.0223487795745558,0.0112258852232583,0.00632361137445677,0.00415970143680883,0.0248344640032228,0.000870336882511355,7.35998702543914e-05,0.000422126856360121,0.00278168021565883
0.00895375859235754,0.00295575238566824,0.00134898289030253,0.00666114695942604,0.00682755475370502,0.00275900481520575,0.00182122973677667,0.00645735127391283,0.00385069317475244,0.0250900664370805,0.00280363958174033,0.00597968924300548,0.000447827227408637,0.000203076668619182,0.000377380136501949,0.000834501297363384,0.00826352499904077,0.365927187096646,0.00256161121816048,0.238744415202319,0.0137558417575888,0.0088485751603834,0.0299344604294431,0.174463962413916,0.00871951197056765,0.0378348083046398,0.0101494291381938,0.0108466428672472,0.00205833093238494,0.000637848295256006,0.00839582307106479,0.00148637196932205
0.0313985362718418,0.00405678586189465,0.000921929898659677,0.0234444178599814,0.029063540935171,0.00289606984138006,0.0120738881323548,0.00834477323271253,0.0243743178385732,0.0131617504959294,0.00362561969000713,0.00113139699631166,0.0140363763115636,0.000554192494984007,0.00456494125231923,0.0157712611754555,0.00528001906929464,0.00118270811402229,0.639526388011064,0.00923890418401931,0.0191512907436107,0.00626035330880693,0.0227765792987769,0.0136617845381641,0.00953053050165906,0.00819849876329387,0.0272123030356817,0.0131876821248056,0.00386045003088778,0.0135680995439395,0.00843377331937887,0.00951083712345507
0.0030800330357469,0.00117196306489554,0.00359095654198555,0.00251241194448759,0.0340480961518818,0.00983452440023113,0.00315094566713101,0.00686572089576974,0.0144417633381543,0.00943134380495849,0.00192114105888042,0.0165215904357173,0.018259517413181,0.00112006519645213,0.00270929627900809,0.0250909005259818,0.0060483294645225,0.00607812179366224,0.000372989717429548,0.620613226122145,0.0455180818034789,0.00102025890113839,0.0360374035503857,0.00155977461618904,0.0272449318427877,0.0244925180583879,0.0155588211956839,0.0520165179014081,0.000847391229251838,0.00210224955115094,0.00315770822485317,0.00358140627306302
0.00367015170099488,0.00237855584625985,0.00184007281353069,0.0201367705422135,0.0435596397982476,0.000771018396700325,0.0397621297044041,0.0168761245730842,0.00950070322575861,0.0210266683386006,0.00400924496246769,0.0251888326755636,0.00150231102801483,0.000706837551384628,0.000646697310779852,0.0417206794690959,0.00728568385072725,0.00685995288460421,0.0027430471202133,0.020657564777128,0.57831925811208,0.00485629184930968,0.00929095924995457,0.0863090586130732,0.0128555427369696,0.00286559487445153,0.00525627933915882,0.0228143764201442,0.00115358629037851,0.000723245045521676,0.00451554881861093,0.000197572080573963
0.00273502790067392,0.00710118877745954,5.47596323314485e-07,0.00856832095890644,0.0484348401654112,0.00564157298023251,0.0171252523894306,0.011523368752071,0.00382356070344548,0.0450734993451033,0.0315291660655395,0.0105358365682596,0.0106890540985122,0.0040147570646341,0.00899292124661057,0.0223603240239889,0.00641299738752958,0.013385677408923,0.00156563896821061,0.0232855967750174,0.0156992778703827,0.48788649263016,0.00646812819868935,0.0049215651056529,0.123602178703046,0.00785640618748997,0.00141100839390456,0.00425322144548099,0.0208233338847389,0.000900957388801848,0.00195856806270573,0.0414197129526645
0.00211369086752123,0.0110387714123695,0.000863246237059693,0.0087927133786547,0.0203755878149573,0.0172804844308786,0.0152119417643156,0.00933893504586786,0.00456850920497542,0.0684781411649781,0.0331640103295876,0.00960085590727482,0.00113412969582109,0.0055557517545152,0.0204878159639945,0.00142620638371035,0.0107706959290484,0.00953606123525004,0.00437830700115344,0.064043405216282,0.0437252719702574,0.0111554157592804,0.376601500065729,0.0824651827196681,0.0884241843280918,0.0109879268988226,0.00257383061709096,0.00483544222201493,0.0163329539325938,0.000973452912619761,0.00106134651083617,0.0427042313247796
0.00174979932290022,0.000456929204554631,0.00170737321187655,0.00176049176856754,0.0250555251070476,0.00532684321223448,0.00175748533587509,0.002591792332249,0.00539820380303193,0.00773316726802301,0.00118622231501033,0.0163307432853566,0.00878372321817205,0.000633060570969452,0.000743377118108316,0.014789970431595,0.00379951377022657,0.00454266853925277,0.000299406856209882,0.0689368827097989,0.0192388520234842,0.000495392130900017,0.011279275661583,0.728103037258049,0.0188230663183856,0.00377595187223734,0.00305409173129713,0.0332715986054551,0.00104568747502323,0.00121119567816453,0.00201768601085243,0.00410098585350794
0.00132950964744159,0.00126624958032009,0.00100479388302614,0.0189154065774433,0.0127819408738274,0.00764046941249781,0.0281744816346078,0.0171132889969116,0.0285764253698775,0.00447902417722278,0.01244044444224,0.0375723718136277,0.00545007329318306,9.34719998400169e-05,0.00391304162632298,0.00173119943285535,0.00020111872176578,0.00483277842363929,0.00178260106028848,0.222953969412719,0.00287501027537009,0.00101001165372639,0.00656920872550481,0.150093959236634,0.361058972598822,0.0239917936905814,0.0011713901824987,0.0229042298611861,0.00510066029918718,0.00333876208034212,0.006657658409371,0.00297568260711889
0.000325242393859762,0.00348945993645235,0.00143633581806003,0.132497778292921,0.00277578373425429,0.0279711450944246,0.0327116697349102,0.10159043433389,0.00701589908325691,0.00560934077779001,0.00516732400603528,0.0478893552665788,0.0107035364985761,1.66806560256402e-05,0.00368367345196396,0.00178589999555005,0.000963570960067883,0.00143216307453051,0.00130137849491628,0.0988345228023862,0.00976927787727657,0.00369059341518014,0.00243917503330859,0.037846980897578,0.00183167270361145,0.410427708018171,0.0115565693729548,0.011012063471652,0.0024286609766411,0.000792477561444543,0.0154200646705904,0.00558356159514255
0.000154894986677568,0.00435353054330934,0.00235428450551261,0.150659132470398,0.006341418617538,0.0158459680499682,0.0384057280670513,0.0656583368514772,0.0166306073133944,0.0219211042013035,0.00105183041531693,0.0292815346380394,0.0124285917467637,2.61803395115488e-05,0.000130787744078139,0.00314557862432672,0.00130856041910954,0.000219882902416737,0.00279733394799414,0.0650445169392312,0.0130303641689222,0.000889158214386117,0.000145030887976395,0.00653369295834067,0.00113517147204676,0.022922683037989,0.453048066992915,0.00785096830466694,0.00446385233903283,0.00272569762686216,0.0414517286820519,0.00804378199139144
0.0138527051920736,0.00683853538458654,0.000892060601802938,0.00962797367332487,0.00345251165490369,0.000886881674211153,0.0277366857713864,0.0193687253494191,0.017083617366011,0.00209717843558293,0.000540380749276853,0.0161535525265313,0.00143382022576183,0.000477321117681191,0.00451140994409877,0.0374867934300581,0.0111584236046933,0.000899447628178856,0.000384720717859402,0.0484199067031704,0.0135545488873672,0.00325471916755739,0.0164838676873131,0.0633445820300918,0.00354334869704752,0.00649585943379928,0.00430323139315528,0.627947362772761,0.0214969287361085,0.000382711401133182,0.0041531449362233,0.0117370431068299
0.00290501588262205,0.00327415867244821,0.000457896137980962,0.0261851484941435,0.0166562682870833,0.000366159929267915,0.0296187194175268,0.0063046557996988,0.00448494492557432,0.0314989577597564,0.0146693708026144,8.69737353125904e-05,0.00656740367549541,0.000526973425056865,0.000675903047128527,0.0260933401882088,0.0073957437224063,0.00084669460405489,0.00267777613533689,0.0832277344866587,0.0104801903024718,0.00119068411297539,0.00755503694352158,0.0682874806405001,0.00765941915991218,0.0323244169920969,0.0543148848350097,0.0262157709424032,0.514659554073769,0.00257639806449257,0.00597146878341705,0.0042448560210548
0.00257359309266,0.00522667326201594,0.000259859559646804,0.00774169068938241,0.00898277447011623,0.000421282858883668,0.0159614162736696,0.00212307256802588,0.0325475479839241,0.025192335276928,0.00951326186798781,0.0295644418382727,0.003528366210576,0.00184346616584462,0.00556949161063621,0.0206946752300052,0.00134819354778868,0.000663351211391029,0.00202664357108866,0.103308622339658,0.00814058733385717,0.000356159352850878,0.0391367380435411,0.114625558444475,0.0022673365731149,0.00104333797087493,0.00759236228209203,0.0364279082810027,0.00510735877537527,0.488896427831707,0.0112645835830566,0.00605088189955146
7.95047303582788e-05,2.0002815229771e-05,0.000640750128056956,0.0213097830765857,0.00212665953752972,0.000842540864279601,0.0100926131322868,0.00644931230119064,0.0167518583767768,0.0135950912193383,0.0303060566642087,0.0915817631305109,0.00417752674896195,7.59180703037297e-05,0.0163525222112462,0.0311358442017665,0.0011042594223659,0.0018993115403767,0.0023379783613187,0.0302759325211719,0.0124902746767795,0.000475960156769371,0.0167219457461245,0.0507416067728648,0.00947502625688404,0.0213571972724105,0.000324712125684399,0.0861132341245412,0.00154554031156736,0.00660052220256227,0.506097581778931,0.00690116952101724
0.000240423295465164,0.00204418182509437,6.72261954588282e-05,0.019500805523263,0.0318340306439768,0.00385711944941947,0.0227656217590148,0.00763142203046977,0.0196188038947325,0.029430467833089,0.0170865697735593,0.00371101012230323,0.00535040148436377,0.00187026092903753,0.00606681240592443,0.0022265254406517,0.00143891025288326,0.00108072004862969,0.00168825103842325,0.159445936528672,0.000170355988199483,0.00250567510907824,0.0314368828667186,0.0910490618066158,0.0580705865230753,0.0282440355019533,0.000502085227285105,0.00370642510517537,0.00721625779737908,0.000360862119814822,0.00112458602810397,0.438657685452169
