0.35518911104044765,0.007002141638284734,0.003300098065423555,0.0436511049274921,0.031106741442264038,0.009146007148986888,0.015670987545429255,0.040551680023722225,0.06651377242166259,0.010016924228808732,0.0070297024352825215,0.023904408167246115,0.006983245342800801,0.0012304478034003445,0.005237205534938812,0.08089431835787825,0.024919313869455333,0.011337148035541247,0.0021578704668452128,0.05651136275190432,0.011886935723309613,0.009690859508999857,0.03128750162668707,0.04657698044045075,0.013783147099218867,0.013816620277062786,0.009243865536101434,0.02777408842160051,0.003207229684220711,0.003222392984838445,0.004718072340826567,0.02243871510886762
0.006276985520938278,0.35579638375611533,0.010677345233686188,0.07387139680067052,0.023944141274707745,0.05709606211874593,0.03567936564209784,0.10102140613361542,0.06954617599301477,0.01616205623968062,0.006869463011955555,0.019380632337581978,0.0036402092530974216,0.00143501647841665,0.002173941314312367,0.04314527775029937,0.005653002889595467,0.003797761993188544,0.0009799423132320544,0.02112969382485242,0.01513797798707288,0.009689449969802623,0.025141773527112866,0.02207666060750276,0.005056031324242712,0.007646805946880255,0.007233400562284279,0.018401287066100842,0.0021825242651390777,0.0012355932747822715,0.004500610116721052,0.023421625472553314
0.004837687543255733,0.0037728748265113497,0.3984092868258765,0.0785805651597305,0.02460798894553143,0.02128719207516165,0.01723806379871088,0.07632724199258173,0.04385410811870243,0.04876791636998115,0.02473283065601733,0.012607237775839532,0.010497642566748,0.0008238844793882432,0.002470729134431941,0.03293028914264327,0.003193103043472508,0.0018941330588121722,0.001844938533572974,0.05015329863733937,0.006852031178943335,0.011516460912200223,0.028946085308903,0.041178796771087045,0.007060732225685522,0.006521717703011855,0.004445386593492966,0.022016146385987215,0.0022802703504114594,0.0010932968454456496,0.0017480041195380223,0.007510058920984043
0.004405711210029334,0.0033278318399020553,0.002258630956064611,0.27859794179305664,0.031097543356817366,0.021353071908862646,0.018932194907629124,0.2108209874310766,0.013426940593979213,0.10150837771782276,0.04747143151960569,0.05012265441689806,0.011712408991663145,0.0018362630250340608,0.0031790670166671206,0.013224551203361168,0.0010044752152723077,0.002949470223075422,0.0008447509776423506,0.03372672800154863,0.011722320584143067,0.008065262404235966,0.024851977192574,0.034474277938087106,0.011791608174692,0.005588547538649378,0.004493810248447955,0.04014684964011502,0.0011883852234968778,0.0011337015136814775,0.0011334910682852415,0.0036087361675827666
0.0019187807339369448,0.0018584202785215222,0.0010409829222914702,0.07350310370040243,0.35513951112932585,0.018630843890311066,0.029117490809257865,0.09771980295889943,0.048975593329698745,0.03103474645316729,0.007676285634149978,0.012319746958855154,0.006538697030004267,0.0019664291968467555,0.005652445609516667,0.06768438255106207,0.0018622904305913633,0.0017778505879749678,0.0006211336024602187,0.05601280950072191,0.020164978310574542,0.008595789144572466,0.025044441601986687,0.06585742100687608,0.014088845946883331,0.010834748443431111,0.010426670077720933,0.009068457658934615,0.0028467382179319586,0.0012769181539431676,0.0030934937958704777,0.007650150333277533
0.005700008324362467,0.005332587082341856,0.008157031514891534,0.05810374317352349,0.05295411608348837,0.4364738028175383,0.023111938651259014,0.08216081180804063,0.005291390723099412,0.033911019493466144,0.022751155747891313,0.011108616536425078,0.009886716213135189,0.0036450017238645444,0.005855178787755322,0.02267531869955833,0.0034219936225770445,0.0038149390263164215,0.0005611354408289,0.05091111566975173,0.010300622714355077,0.010888485509696745,0.012998715583347923,0.03582238566976967,0.03176169354722635,0.012553697106288933,0.006224182074152256,0.009308480521836075,0.004259719574515133,0.0023073366126441447,0.005244823254534585,0.012502236691517577
0.002728214424269356,0.010149605264737157,0.003041346088266922,0.09379057285842518,0.0801998908187979,0.015440591657734112,0.3669453820435547,0.09520847553971955,0.01171306217875931,0.04018782851917039,0.006894588230386033,0.013592391027418188,0.005066126572351912,0.0032227510552302894,0.0057949208091884995,0.030868992432676837,0.0016407214064977666,0.0025013825707246562,0.0008578768084351668,0.033511593487183466,0.02732167060538948,0.005031769195950034,0.0230418824675886,0.04317936511504764,0.03640780225387478,0.0050299504654787,0.005297153941538055,0.01226122341674962,0.0023300699471412775,0.002730032578320044,0.004288888437574923,0.009723877781818435
0.007591388107614483,0.0038017485171768554,0.0032542092952945884,0.09918672843827044,0.026415451589120377,0.010121285842865445,0.03155866853069488,0.4530022192946644,0.010848489691768833,0.08726234485246247,0.038171234126853804,0.04212589522225665,0.014490839192446302,0.002394281339268176,0.002201457711362367,0.01646341848187452,0.0021118084120275334,0.002632021618009033,0.0006103947986623216,0.0312137761710143,0.008717314764873155,0.005292759888056456,0.012664863898094724,0.032319934303371975,0.009922166993811356,0.005213004040974044,0.0034212314603625,0.02831743610349532,0.0017032005719849123,0.0015017147293335332,0.001609144094836311,0.0038595679170966668
0.005248717324015174,0.0022890359465000663,0.0026847825072115333,0.046772725646457534,0.02264860554190781,0.015251692529104513,0.03406154725493556,0.057268246643378755,0.4861024004175434,0.015913273339353964,0.005524738718012042,0.019767471550144168,0.0038108093092979003,0.0020842938254018555,0.0025050988635471447,0.04594710977919106,0.003344585383410767,0.010991282569001011,0.0016465732966499888,0.04957988364403663,0.01224869787353611,0.01582657584903992,0.026086912727022713,0.04193579762750992,0.011883805467680178,0.006496719442272,0.0030397366183170776,0.026628872810828482,0.002749303170052555,0.0024571533638227555,0.004356874039305233,0.012846676921511235
0.003070326585088774,0.0030036921228874663,0.0013702368934537757,0.11975788041569049,0.04133350182175098,0.03287006229345365,0.015100784627674523,0.206536632078854,0.01937158093012712,0.3098807396617359,0.048498499404067356,0.03812480698461453,0.010231104307554823,0.0013494534281928334,0.0082704094625917,0.017225088464961413,0.0010922207651281998,0.001492105902688378,0.0007171354292336221,0.02313923215816458,0.007955436129184921,0.0061275882615535555,0.018059719530369833,0.0251100918875181,0.0058715884485649565,0.0033649415837738,0.0016017032201627885,0.024819742292850423,0.0012280411303900445,0.0006554605840789565,0.0007867573432844455,0.0019834358503529664
0.0035148876461590668,0.003177074018446866,0.0053041982166005565,0.10412690525676645,0.043810530024756066,0.02503348083832517,0.020207692775734903,0.14917531815127666,0.019405998802521942,0.10654067464690371,0.28122885752462873,0.0429433023412693,0.01900304806495161,0.0021625112666994553,0.00793678340447821,0.016696112713090655,0.002119825387024911,0.0021010383287746338,0.0006438755420670883,0.026305611174452875,0.01024912052125478,0.0050708942356726995,0.016307406304662857,0.034801862588461775,0.012907045664333369,0.003011186511554789,0.003426631874845455,0.024494447756387167,0.0017866944114764223,0.0010921527547947665,0.002128575054453747,0.0032862561971719884
0.0022722442929543766,0.005105464799845511,0.0019384764206840735,0.0550565103499228,0.026675215235672876,0.02162587011212181,0.02139753034156367,0.05322687690267306,0.008428595318130134,0.03694685736791065,0.036282113487706553,0.40544214515652904,0.014420031954702464,0.004892183558296767,0.028269590297322386,0.011975431928475312,0.0032026817932013776,0.0010823395161147,0.001020470784693111,0.052007137846584665,0.020398142638088656,0.0140674673060791,0.04884647442350322,0.06387113908603483,0.007070794983355079,0.006517313865907966,0.003646184347070378,0.016186296534693577,0.013265108570120088,0.003255286107486456,0.007337481974864412,0.004270542697689935
0.0018497417073143558,0.007481051535919581,0.0020147363212423552,0.05428300224339016,0.04176057848418948,0.015804857593854478,0.0459196748074061,0.05121645145421948,0.03611713368509658,0.02217830434079448,0.028193404748775908,0.043177727829247156,0.2803314052129966,0.004402310412112944,0.02606305561876382,0.009954635410559722,0.0026314365736127047,0.0015289460585494,0.0014854688284827002,0.08371137337513075,0.005916902408748055,0.013772469471011777,0.04255575538842096,0.09184264205293982,0.02549080802053717,0.006535669606682455,0.004106412815639133,0.02518559333833055,0.013314652573872335,0.0014324233095616666,0.0026254904298388666,0.007115884342757399
0.0011887957076410444,0.004493322516252157,0.0011165297362405802,0.10929154261816353,0.033674379158772354,0.0466375688158202,0.011069806603434101,0.15747477901999882,0.03667478121667721,0.046660043879677114,0.0168975940172302,0.021192816816814404,0.008147466804609621,0.31330135275702176,0.014574044314583843,0.0232067204200986,0.001196949747394478,0.0012938721738139777,0.00031234203755805753,0.030061386801284173,0.008496538728790701,0.007308751268818621,0.023114043866321824,0.02768995464554141,0.013024624406365454,0.007233191840342621,0.006303052355340204,0.015760819363021546,0.0034015851459114257,0.0011798362668353722,0.0029608589522783224,0.005060647997345119
0.001878523184611244,0.0038373065495404496,0.0013362210481846527,0.04745533344820384,0.03954813857266862,0.030091941775429936,0.016136050667792577,0.0834742572204946,0.03704210675076288,0.028050262088908755,0.037200756985485646,0.020643133163408003,0.017072049550252634,0.0026060992760321747,0.39335484021353384,0.03026172874085022,0.0006123054951982693,0.004247164625751333,0.0021603989699256507,0.04831855248186404,0.010384429865596144,0.007544831898204578,0.02177128465808101,0.06730058867801464,0.0070957823841991015,0.006624417665283666,0.006802687263923867,0.018811473583187747,0.0019757517700913223,0.0011024423940873779,0.0011525127485179554,0.004106626281912311
0.010678639768291833,0.007203920294839711,0.0025596587247486,0.07731298451818387,0.02582085832723864,0.018374666368496537,0.0666868476416511,0.09734943181030017,0.09810297518247259,0.023207046211755213,0.006416368207212433,0.019619612131633966,0.0041120491334073785,0.003145630877298244,0.0035937478882240113,0.3057999313239189,0.002703229793150922,0.007326308243233278,0.0012512904327036038,0.03859082518742138,0.014919037683151568,0.006626181416590355,0.025268691429095935,0.04503954503013802,0.032328424474803275,0.006370534268306156,0.0033100317462347994,0.01820079737956297,0.0031709951321642334,0.004257020764684111,0.006411804832561579,0.014240913776523569
0.010112194410280302,0.0037310504536531117,0.003564235619867778,0.028797329537083454,0.043343334341584036,0.004017996486910844,0.02887834728125617,0.025656636557319732,0.04108944207260704,0.008245868667780943,0.005484943139702856,0.015631543090981817,0.007218888675113944,0.0010647738339833667,0.0036569960842302773,0.1057013156161378,0.3659582387245978,0.011869522046360754,0.0016126897026033779,0.05388587128066105,0.017704338751878233,0.01894717576255307,0.027055900572074035,0.060423254259654766,0.042531616231743376,0.004555676167249545,0.0033344931349360554,0.017072145754384576,0.0013160878441255998,0.001882559958189416,0.002058969642361622,0.033596564298131945
0.0068600398745273,0.0031674517463424665,0.0011980689620284786,0.02799252906851161,0.028925486646288055,0.011663771038093356,0.025056971682387134,0.019185895334039735,0.03436099567130703,0.011899038189786323,0.007012990896233344,0.022916920405978255,0.0068528278740362675,0.0006389805867730667,0.0033388488129017335,0.026560939761542654,0.009457030789881743,0.3928361385507917,0.002946344176444,0.09716374452954701,0.029702221391862484,0.0107226273210955,0.07246821980707657,0.06653361708743999,0.013700326746956865,0.018631487300566622,0.006744059078227078,0.020485211432286956,0.004664313546012,0.0017258183711669442,0.003267813258296378,0.011319270061570701
0.002882104580379443,0.0025054684529874447,0.00038038712945681147,0.050695191569378,0.0172377242400393,0.0059878058920479,0.014641650963746375,0.0246119829520936,0.02094973548940721,0.02822239521150845,0.012156715573556,0.008848392968693644,0.0096417575752745,0.0008005831405219797,0.005666722408612877,0.024980469986193618,0.004620323973073322,0.002726421208036765,0.4319711513483689,0.08250664699198526,0.023830425062695348,0.012881954413302511,0.04398321280584473,0.11116559558024774,0.007216740176689468,0.010667771721026299,0.008396806462329445,0.006438148475265233,0.00454777946087612,0.0035059776074547445,0.006435841585179989,0.008896114993726022
0.0030251721785706327,0.0019704855158353676,0.0008762677750119648,0.05254032327098869,0.032888093258786055,0.009922030585896767,0.018651204188193358,0.04623777503732271,0.019104105493282023,0.014151500801850467,0.004958509637096855,0.0029640254368791,0.0065921685582008005,0.0005201845150454713,0.0019664851004438555,0.020149130842060152,0.0039559267466548675,0.002733040347877422,0.001361158717435561,0.5035352437810895,0.027381624719159045,0.017250579817687402,0.04739636848048293,0.08083385697054123,0.015437444508555732,0.027920096407106933,0.008556316109858087,0.010196554767953121,0.0024846714455262556,0.005174226446265667,0.006341570818414933,0.0029238577199260443
0.0023375697020670137,0.0027908108661278772,0.0012852276198191469,0.03319673432135817,0.049405417470869226,0.012608741481104644,0.02139058958258523,0.03150406685685253,0.044771690491821045,0.008785238594829811,0.005044065120788568,0.006849360076733844,0.007035965723510055,0.0007299575996906473,0.0016365609158144557,0.05220128174258854,0.003715024895483635,0.003977860201345044,0.0015174692404473777,0.10988945734782124,0.2508412263151865,0.023375768948728434,0.12240092384899112,0.11911294607992545,0.0187031689745818,0.024213901229288726,0.012239696245001834,0.011309449167637122,0.001592879297659678,0.0038366211947589665,0.002236925754671224,0.00946340309190998
0.0036406794548247997,0.004545299380869156,0.00282611106196281,0.010334894747968644,0.04110137810967444,0.008870143120588043,0.034082552228048686,0.01594231669578773,0.01603507914312651,0.003826372025032403,0.003761893040964958,0.018208349459771234,0.003963170722781144,0.000590656690169856,0.003898084202185234,0.040073285573476766,0.0025118698047771806,0.006835204313068177,0.0018766645930617777,0.08624703635664076,0.026789212663006625,0.37278180629607305,0.0685963061331763,0.08812354474562706,0.05569049570385143,0.010344043860185677,0.009613248170619844,0.03583173458846305,0.0030041261078219113,0.0011844447326614103,0.001725771056515967,0.017144225217216032
0.0033031997886967444,0.003855261420459678,0.0021119073979915556,0.016057962529757722,0.0185991871701536,0.007754401762104106,0.014605386671917445,0.01748014505915953,0.021823523935564866,0.003339328066394886,0.0032241444473275664,0.033340577676435855,0.004673559172761311,0.000815723650207645,0.002734531878101022,0.013673028560855822,0.002669037470068611,0.0014082385064517224,0.0014896809796682848,0.1019346849468292,0.03267930385777418,0.03269823638132823,0.43355126740131156,0.11096198578828416,0.02942249401783638,0.01316170384912353,0.006338258868628522,0.03877297301823616,0.004522373359977228,0.0016775177267488893,0.0013256880187526498,0.01999468662108993
0.002420228458167822,0.0016332919036258998,0.0008792363532947494,0.04348129451727538,0.04130021491332884,0.010845552240993567,0.0165707636969426,0.041022526658752126,0.028343372107238553,0.0108495543659175,0.0058976276738845115,0.004888790068349322,0.006371963226056656,0.0007108541117476633,0.0021312116345251334,0.029602388673223252,0.003333836904032478,0.0032456490039114486,0.0027145630098311777,0.22111656993852752,0.03136977412980347,0.020063813534145034,0.04109954604085018,0.34212648661996387,0.019316220938032275,0.02042041831201388,0.015824815640228813,0.015598912749771135,0.0027068363738465776,0.005779991049602755,0.005957213174766045,0.002376481977348566
0.011408719203309645,0.002847364523553467,0.000526066651367286,0.045837213451506154,0.018230185276639208,0.012552524778114934,0.04756408241522922,0.0345582730532,0.021591524977234433,0.023063498941334113,0.00466308805346901,0.019384498193366365,0.0043474155471675,0.0005251676139203191,0.002254630849598678,0.020700115682992622,0.005293548375245375,0.007738596479361034,0.0023613776699737735,0.14809045078515534,0.014767476460540845,0.023276336504707233,0.04953422277307173,0.08442287880570586,0.3184460924089792,0.01855386742336805,0.011407512017750332,0.0265857372093833,0.004851950211646578,0.0012239249876898777,0.0023027576837298227,0.011088900991687977
0.0030637459298866448,0.002535699468031756,0.0010874111891416222,0.051339966786256554,0.014055294053353345,0.011593327598692423,0.013175371016991455,0.048627354077799424,0.015677256000265757,0.014634967728600167,0.006164585117869045,0.004509055554691034,0.007997020687783456,0.0010727683530450832,0.0030758918407032374,0.0073959768214698785,0.0033580052863792773,0.001669575270442911,0.0009524540379635445,0.0699180691887159,0.021101023911157566,0.023836596448916062,0.03076862676492048,0.06593182869865326,0.011691619353430778,0.5255480413257294,0.01406474772443241,0.011512493349873936,0.003671522331404578,0.002629909851337557,0.0027965397722947223,0.0045432544597658435
0.004376530741940433,0.0022608064516547997,0.001032965183725217,0.05570406158303186,0.010201609795523411,0.008985963736303256,0.012803897437355279,0.06363581316872312,0.021121725988281367,0.012261023621312376,0.006818757207512433,0.008469633759597757,0.005731206742873304,0.00089012037516476,0.0034357382036872444,0.01518716740509055,0.004701431899852211,0.002085710837000011,0.00242893335212661,0.11168826557513027,0.02025522127957702,0.03667723034832298,0.03944610276537485,0.09200897875476201,0.015251906594724822,0.04114375718670723,0.37202137048468265,0.01633032793339891,0.001671802695493173,0.0015629023504886664,0.006064960425865867,0.0037440761147147744
0.0034506625715986505,0.003050819408541144,0.0007349166715026781,0.05744801699776991,0.038505052973421355,0.010977416931694055,0.015877215715154713,0.05413385015731728,0.048780138730486866,0.026158464702687487,0.02613042839835142,0.06544447277639048,0.015046248230068667,0.002631550246104867,0.0194572213878355,0.016474131328725508,0.0028729258061623224,0.001297928478378822,0.0011767939820562332,0.07520513446885042,0.010887541482049058,0.009018717600994734,0.047982769667046565,0.07785557583220462,0.01563403171781981,0.008970536760826223,0.003212301354296834,0.3066859282593645,0.02409649464961606,0.003353150105425278,0.003929822517498502,0.0035197400897583114
0.0032398097474487394,0.002366582172550822,0.0009981632815891223,0.0602127379575689,0.048509620706666964,0.004994049439046878,0.02617101500240282,0.04863578899119701,0.05003315030253492,0.02441425676001978,0.011357981404362165,0.012719475405068554,0.011923496031897057,0.0007251794477275554,0.009366518041594532,0.011081873401545456,0.0012411649600823221,0.0019768940637704554,0.0032766604654891223,0.031593705277011046,0.012102568582721776,0.014362980138068323,0.014492281227800056,0.042409864194503565,0.013947753508096369,0.010197065714532843,0.018541722739012126,0.01950103848224854,0.46857607288609354,0.006004806396271355,0.005410697469076886,0.0096150258019996
0.0009364454921057446,0.002320714598239451,0.0005745896045351384,0.02641812997165301,0.006533213716335466,0.004623290745146623,0.011228462371842612,0.02023895307569677,0.01535151469279514,0.015115284712478602,0.006549143826805445,0.011636725993214503,0.004167283126966134,0.000776529309596406,0.002818342121740311,0.011021375925433332,0.0026660152912822725,0.002315820812980822,0.003144742572369352,0.10713353484690907,0.011951830846836967,0.014094189590478756,0.05302167395024973,0.10393487717701694,0.0065045060640361,0.016298178176955468,0.01009652673556708,0.009852737534231356,0.002002689920303084,0.5052350573869805,0.007140751404885033,0.004296868404331467
0.0021112224179259172,0.00312765506864583,0.0011657159605252259,0.05231313037151002,0.020316294171456837,0.010001400515193222,0.021922074891633843,0.037962209938009556,0.012105837997816166,0.02261162837424141,0.011112814609263545,0.016989397607093924,0.010210664706085544,0.0016923972801554555,0.005745946323509201,0.016559976271576557,0.0041738243697866445,0.0028066601126877666,0.003700337318206322,0.05820644984021994,0.010468522520836746,0.011997985158782611,0.027241574597904022,0.07751171348368396,0.008262661652307721,0.046957739096865035,0.011549130817260377,0.0201507673742628,0.001859396809947578,0.007708535202346523,0.45680291090492253,0.004653424235336089
0.0037042349891702226,0.006462405115219168,0.0025375966430888123,0.025745566203645612,0.022082998408480454,0.011517663521749266,0.029036554174330112,0.029078328181380262,0.02734631714337818,0.0065039209749134215,0.002213753515357378,0.03059403610569566,0.005326433700589477,0.000936884927879511,0.002207514860538056,0.021060556518179365,0.003730827894178111,0.010616076663860956,0.0024887713189187554,0.11842691688476277,0.012651075929310557,0.06796435943399005,0.04346983471661822,0.08582196841407641,0.03751641646494987,0.011957491230218989,0.008457308842568904,0.03313670512483088,0.004849820964405008,0.0011087721175470444,0.0019612899762768113,0.32948759903989083
