0.619545991299972,0.00364328510248178,0.00749400416248231,0.000703062796758507,0.0241300978816859,0.012704233952683,0.0279470819725391,0.00271830048378896,0.0100132862812627,7.82579600047103e-05,0.000767054713600068,0.0618041912166349,0.00233584210823156,0.000423059775615838,0.00481350252506683,0.00966252382256368,0.00190633488082053,0.0148474056854681,0.0143143038109159,0.0118028051855182,0.0180282005241709,0.00172351089531236,0.0136149900844673,0.000876350583790915,0.000241450040312512,0.0102751980541518,0.00734415989412264,0.0869446861911623,0.00321288555352082,0.00146036405086383,0.0118437098585141,0.012779868651516
0.000986835768440228,0.569252168755423,0.0130299305604348,0.0180585625254288,0.0943343114111215,0.027789970665187,0.0939308972473485,0.0290104705112788,0.0337722493012987,0.00106773085727946,0.00295081185510851,0.00119353538915193,0.00051493279624839,0.00625579245042019,0.0068140998032833,0.0229715552112703,0.0107012510910372,0.00237686770267082,2.63649133831669e-05,0.000626961993988975,0.00221338073160044,8.49712190233988e-05,0.0107979588850994,0.000441335213544471,0.00705950148198271,0.00646386914449805,0.00510162582493468,0.00770738662425319,0.0156380368412591,0.00125285552263092,0.00411206102569916,0.00346171667567099
0.000118037828397377,0.00228888796728941,0.363864630414737,0.0667058801530398,0.13907976620947,0.000739206717548006,0.137404192036543,0.0578841638249262,0.0877531631609989,0.00114967619542047,0.00125162380101703,0.0170853106173673,0.0128169291250202,0.000135374825099502,0.00186967113702378,0.000416713649194426,0.000285113704997527,0.00588983666564317,0.0072881359732133,0.00242695160361246,0.00172322163726334,0.00383881811402101,0.00132106635377749,0.012898054807159,0.03088486988225,0.0164909033635115,0.000135248970853815,0.0186425469100172,0.00321311084292829,0.000733337286519316,0.000997214958455922,0.00266834126268453
0.00657404323622971,0.00787981819128107,0.0210817875417919,0.668827388756992,0.025370072248039,0.0238789475890849,0.0703210322840903,0.00435660124800858,0.00433198981818259,0.0008278367318684,0.00412913575403181,0.0572912130427606,0.00499560744865484,0.00107639087709217,0.0048104037439883,0.00221027788700122,0.00734441336631275,0.00180844892350165,0.0125133930243645,0.00203209719042669,0.00089814920764628,0.00041357996081553,0.00951664203462676,0.00119439650340019,6.09725424752511e-05,0.00714139578614027,0.000276489767644482,0.0374044350314035,0.00522870067105661,0.00562101374061488,0.000331162450599589,0.000252163399873447
0.00656443700145424,0.00158715352705808,0.000326895089023618,0.0135260053656844,0.633406002705433,0.0314809483555571,0.0525256315943182,0.0835197410520323,0.102564313344672,0.00267171158117201,0.000813786872848067,0.00161973838220425,6.56182365833693e-05,0.000314414134875222,0.00102780083270811,0.0242842681901296,0.00442515644611456,0.0026289136751706,0.00558650388895611,0.00415583962226076,0.00117841421080507,0.00123536773412595,0.000565404140691994,0.000944585832516705,0.00331774559490953,0.00568628318593423,0.00131449120417032,0.00295317517520055,0.00217838623714704,0.00193432254294067,0.00134347944051237,0.00425346480279027
0.00228470821754645,0.00668557882020788,0.00146013143328952,0.0136209571848698,0.146681904828476,0.293333206923215,0.208366725300211,0.108920503089429,0.101242408704154,0.00258986607154617,0.00285104485661781,0.0306600215280137,0.00152566775399163,0.000872672374383484,0.00382604690826087,0.00336922267837255,0.000419636259167457,0.00265741030196001,1.86066490362565e-06,0.000835491415281311,0.00197351207755228,0.00155807907475358,0.00202898760391011,0.00101924825668749,0.00794960620803744,0.00202609326573863,0.00410894855925498,0.0187998932605061,0.0151457147263068,0.00420656579777757,0.0073480311301464,0.00163025472543114
0.00455469955585768,0.0212857076077511,0.00272522466147795,0.0377096674903334,0.145143811330297,0.00727713697849606,0.586510589711614,0.0574550057992496,0.0550864274600509,0.00163759920278939,0.00024930363829887,0.000781042751164953,0.00638960828102988,0.00104472128766719,0.00784986354620535,0.00320382979898767,0.00259041741581001,0.00187148147380264,0.00283708129285774,0.0165726096543722,0.0052510460500713,0.00087971414066905,2.07756611711631e-05,0.000781446897093299,0.00257054283228788,0.0165644095828664,0.00126043733130989,0.000299894322447721,0.000693814664507183,0.00450408745563305,0.000680642834293143,0.00371735928953665
0.0151605525813338,0.0122626870008293,0.023937411521511,0.0105238075686962,0.00284373125589226,0.0702787581972588,0.00187004075951456,0.688954095794502,0.00970956224535777,0.000920723322489749,0.00100646572029673,0.0345263472350878,0.00572303606566394,0.00158829245073599,0.00549395081226876,0.00494341929846051,0.00387419144204439,0.00390589288651425,0.0111971487015011,0.00506684584089081,0.0118332257569218,0.00629825309358456,0.0109100477177807,0.00180110813014455,0.000528865038098565,0.00270228419522649,0.00172055473408581,0.0331281897721752,0.00919207821049131,0.00570650104544818,0.0013898084545117,0.00100212315068141
0.000872498661904751,0.00244572881348607,0.000554625786324042,0.00312648053457495,0.0608688180807986,0.0149952103829875,0.172419054503961,0.00107496711028801,0.470924637827214,0.00308227575941429,0.00182682377319449,0.0339159661519091,5.81023766636318e-05,5.07338979321314e-05,0.00603295241580721,0.101644001382822,0.00668523252206692,0.000969175174949055,0.00194435724570055,0.00814726477308259,0.0075236626920582,0.00359329724537612,0.00763797067417642,0.000369949108540905,0.00465425461755034,0.00213777232894833,0.00759519836753021,0.0435807711790601,0.0258253964368236,0.00169311053158702,0.00305626897071384,0.000693440672553797
0.00198432511402853,0.00555059503093187,0.00158757356927464,0.0544092048136688,0.20839976201927,0.00414257086229933,0.114994580468325,0.0983521446332472,0.0516519283893293,0.32642445921267,0.00211651050570514,0.00137068288014567,0.00254538910465141,0.00201626580503424,0.00263360376473105,0.000911739450571863,0.000714346716371038,0.0164190169940784,0.00188408903391924,0.00907158463067053,0.000511332048362519,0.0159701948127641,6.67404220223337e-06,0.00155840269741675,0.0428955350574198,0.000404969344328097,0.00148288728377764,0.00671411450965098,0.00970780317366882,0.00018154350391446,0.00735642660084651,0.00602974392672457
0.00467379183298448,0.000903648103870901,0.00228673669356616,0.0110841674627386,0.13882852082723,0.00117875911050333,0.0934237138441996,0.0183191322959703,0.0639935358152598,0.00934435208050785,0.418686055160919,0.0623139250915352,0.0174764926935488,0.00236666160596721,0.00571875666180417,0.00525912427177616,0.00138770081945837,0.00850172893375439,0.000311336675227002,0.00597704618401145,0.00225741882362275,0.00799755205030332,0.00109499714388608,0.00157368631626431,0.00323429997648016,0.000292065617386925,0.00682919085718812,0.0901421901258742,0.00801284840480141,0.00155968814922053,0.000741057435220021,0.00422981893491969
0.000532276802223544,0.00693165531783914,0.00135817155419674,0.0178266685305359,0.105777890224241,0.00137095090587794,0.0564465949411212,0.0376559827207764,0.0853128149913801,0.00197138095759755,0.00757234144843308,0.480979525187393,0.0307457357882346,0.00183769306727838,0.00296006089318968,0.000850142461331438,0.00100406133822487,0.00655390192277063,0.000473372217795737,0.011640614239298,0.000101009114758148,0.0147198538824669,0.0016928125085602,0.0106481072716141,0.0171262289501028,0.00507782740095003,0.000244684508048603,0.0713425659532309,0.0116950897335634,0.00118494013350627,0.00616511253255812,0.00019993250090083
0.00127717427900445,0.00190030002826731,0.00458641876931676,0.0064988712326035,0.00635913562136963,0.00022678167418789,0.00156886606284305,0.000988922203327171,0.00705576947057208,0.000768230507485768,0.050392921417083,0.07536651406415,0.726745458673875,0.000313253885781277,0.0152486495698649,0.000821895157142666,0.00428250530812545,0.00617813922300769,8.03786999244473e-06,0.00286686184855676,0.000444705890441682,0.00244841419927019,0.000384517530952669,0.000179321162224286,0.00254044871619042,0.0121276055066349,0.000294400657560064,0.0636340302322222,0.00315629693621409,0.000465092956299292,0.000186228573525157,0.000684230771907975
0.00123038793549156,0.00886512483352565,0.00242991690452478,0.0380964753816165,0.134349799722012,0.00311850258181366,0.153776526717447,0.0701215050092212,0.0326419695908811,0.00276923533967178,0.00166004680890311,0.0261348369637456,0.000991975965396886,0.432133906057244,0.0133650528381142,0.0090021858677897,0.000196020385165518,0.00630718002048413,0.00202329271151578,0.00150407959412351,7.62821223554319e-05,0.0054890106764775,0.00168451244739881,0.000423568489635651,0.00217725562421946,0.00317236863659854,0.000127332244237273,0.0314122953683086,0.00296963024667491,0.00667816021076517,0.00201631067421883,0.00305525203042271
0.000150055391154555,0.00157424326388496,0.00834452002811717,0.0192048364237115,0.0174298626892374,0.000889264447671991,0.00122707706487424,0.00114891320418949,0.023963631415451,0.00185844962223993,0.052842682143598,0.0113248129444787,0.0312078517433966,0.00164099301208298,0.704238850920858,0.000862562322640351,0.00318785554059397,0.0154579950873933,7.75045634898481e-05,0.00745270848024169,0.00308409771581578,0.0105822818940271,0.00789343021881221,0.00315353726818203,0.00962020669341565,0.0229262686461431,0.00130771995641254,0.00722276038092234,0.019545351332416,0.0030335411259744,0.00109590682484768,0.00645022763372591
0.000286936576087184,0.0140484111171989,0.00369601559074634,0.00712581570486314,0.0479755337003832,0.00867301830542983,0.00946317101034247,0.0523150685977976,0.0610599453241605,0.000285345851125587,0.00742156222185153,0.0185539944961269,0.00106331785671162,0.00036566239595448,0.00028646644358142,0.711322268685088,0.000813546993960443,0.00169058755561068,0.00267540135068853,0.00773980453270027,0.00277558238675081,0.00924000574207816,0.00546433765183517,0.00433624353914612,0.00486929844474461,0.00214504262324157,0.000160714665694287,0.0121899868901294,0.000633849438952666,0.00017591274464856,3.53351335278589e-07,0.0011467982110342
0.00725725551584894,0.0198551790363333,0.000306559104275571,0.0368600252519009,0.00478917005615178,0.00131081306040488,0.0128137956871345,0.0336027206784147,0.0202371738104865,0.000517044478559614,0.00787424305230807,0.0629560826156376,0.00821996710746766,0.00179775496874859,0.00180832335221838,0.00215849573227373,0.581704927703898,0.00904279132250319,0.0180164462567559,0.000818660199187101,0.00483408039429807,0.00679096932208222,0.0120671910547844,0.00362761637151897,0.00297556493844051,9.19162411208485e-05,0.000273613919448679,0.108163856274455,0.000525613907429526,0.00159092751857156,0.0205746795112443,0.00653654155609671
0.0228320857255186,0.00314755990618713,0.00895382882781903,0.0323515511545514,0.00831924110882705,0.010176850770026,0.019244182113943,0.00911184336675499,0.00190625459497853,0.014873389892623,0.00892209855456164,0.00811793520515303,0.0495152042298406,0.000276627587530126,0.00492774970129745,0.00515366688325534,0.00605739807080536,0.713077857412716,7.76967974099688e-05,0.0134029221100419,0.000450226059991704,0.0180659462926568,0.00407790950535597,0.0103340613138863,0.0104870039421007,0.00401449623390987,0.00301688780124932,0.00216752498456228,0.00116334831237879,9.58831023176946e-06,0.00145743946132734,0.00430962376850906
0.000390118520771464,0.00197802347785603,0.00130731346380397,0.0105168570623581,0.0310049288495936,0.00562487000807026,0.00541942607511345,0.00880738613875241,0.0151470536226511,0.000948028247543734,0.000455213472466491,0.112086385934271,0.00589721462392408,0.00247134361091163,0.0113623530160752,0.00648701818357636,0.0138557306270928,0.00492346661079953,0.621428090137996,0.00444840563684992,0.00900113252155332,0.00511178279700811,0.00422890668832606,0.00316062059972671,0.00123162374928498,0.00363529252664809,0.00388051021641086,0.0844323336903087,0.0183471772002301,0.000880017371604631,0.000347618364624171,0.00118375695379621
0.00194514902435606,0.00343641112197249,0.00225236562630372,0.00376332714888842,0.00792254714487393,1.72877478095586e-05,0.00374659697127236,0.00276942027972592,0.0324324270014905,0.000529809582721207,2.47521857186589e-05,0.0183688013991024,0.0167702254246291,0.00102801215318936,0.000989423270684036,0.0156106290793777,0.00166340901397877,1.99478420671266e-05,0.0293669439644596,0.612934181796949,0.0363679735452407,0.0252331344350391,0.0268512620913885,0.00151424686215032,0.00381323461192473,0.0236864053006755,0.02310977154546,0.0763109898939438,0.00903362336572684,0.00151270269713422,0.0156888671104419,0.00128612076130406
0.000940514863037491,0.00246853694908088,0.00100277715992206,0.00297540706035094,0.0488836545729667,5.15250126651479e-05,0.018269313999072,0.00855589578744101,0.0823369932105223,0.00735905598210665,0.00214176729332974,0.0214395140031813,0.0051367772593771,0.000461704013900212,0.00957511497837353,0.0417342524836242,0.000239980058602451,0.000702656019108132,3.2043753419677e-05,0.118626397093084,0.435946428372589,0.000183267419223912,0.0202528212984112,0.0823864823811884,0.00637217571397822,0.00556461088349477,0.0037418909312278,0.00673522692011184,0.00879192123497164,0.00345586727036615,0.00277002637405693,0.0508653996472145
0.000180255810051061,0.000224223174088998,0.000213040247282762,0.0151784688503483,0.00268893402527648,0.000352357524961119,0.00352709341279783,0.0196228523807321,0.0100157133818117,0.000796895058257126,0.00339896701775102,0.0140424470154326,0.000483683217982558,0.000776287581540275,0.00421436442473761,0.0039720919239635,0.00104651300766552,0.00971398114229817,0.00678408057598549,0.0838611542004561,0.00539329537337756,0.673842202692063,0.0110700249475147,0.0278693626266001,0.0389130197013532,0.00856741242737391,0.00080932744455959,0.0225482871597748,0.00689408223825771,0.00773619853047795,0.00931561294926081,0.00594776993596655
6.87182220650457e-05,0.00777533679015558,0.00574187680124046,0.00106359191295548,0.0425814935048807,0.00212163465991948,0.0151251414945259,0.00369127768024169,0.1102232721832,0.010326420118614,0.00265839719470193,0.0107630195642058,0.0054775933847372,0.000938248483326944,0.00485859387983176,0.0519274388832792,0.000308249698071184,0.00165378956702329,0.00492927186679448,0.00981912432431401,0.0322032931987675,0.0269738016915689,0.590134963440112,0.0081660252893617,0.0147214133159828,0.000434600342550823,0.00108069656783643,0.000440073621422322,0.0189949331156493,9.45949439463474e-07,0.00725251766937656,0.00754424558384832
0.000377139869668037,0.00629886547531231,0.00624327545371445,0.00697352296209196,0.0987330302744752,0.000140944958456734,0.0679255438491072,0.0128895885008765,0.0918140208086596,0.00382529052589216,0.000959657806355551,0.00256634025951995,0.0102105296781792,0.00313082455073453,7.27665374105813e-05,0.00731194423032011,0.00107389780496486,0.000914718685197685,0.02000069961649,0.0248722658850791,0.0179397551051114,0.0218521737765822,0.0199710577420589,0.446495337738304,0.039306572050675,0.0231836610192045,0.00234043560161029,0.0396547719446283,0.00611199430215374,0.00478062706936775,0.0119091466806149,0.000119599237183457
0.00773817567234575,0.0111438757362276,0.00478131912388611,0.00118617436741831,0.0235425677597401,0.00414869295173532,0.0906249242010669,0.00244925422055127,0.00852503073359434,0.000593556934751672,0.00202965539732614,0.011409303456111,0.00176060655288415,0.00109765164512843,0.0194441441822134,0.0344430400402064,0.00610039321298082,0.00608878700325613,0.000136415759383687,0.0735308710361251,0.00689720762239757,0.0010989636341273,0.00547089431268553,0.0927775297245037,0.505129969641373,0.00922442144639508,0.0149652038436027,0.00505131563288249,0.0167221878717134,0.000551450423136347,0.000164033485539865,0.0311723823747103
0.00251002014627789,0.00126206185516754,0.00047497544927014,0.0156218143767982,0.00294246950047028,0.00300021095737918,0.00323974990358156,0.00368748045407321,0.0236973347811512,0.000417800953629125,0.00330457020946827,0.0397287057587791,0.0444261692448978,0.000232737579453547,0.00107477924530605,0.0160796177835941,0.00670416165324445,0.000187175344764717,0.0147661089731314,0.00315989042651119,0.0544422458810183,0.0138391531352781,0.034752196151501,0.00547694217188392,0.0121849680186199,0.549426516779793,0.00226880025937503,0.104486974547522,0.0100358342120843,0.00421828380687905,0.0217135894326759,0.00063666100642024
0.000813416152021843,0.000229935208697115,0.000337514668945717,0.00206220635674019,0.0355670670214973,0.00038038230820502,0.0672312708322503,0.000260094092209363,0.00812428233877389,0.0013160727207755,0.0135146388540154,0.13484046687862,0.00173017177416299,9.79147128173811e-05,0.00990728353208358,0.0218578194577861,0.00554563184683365,0.00163881690803198,0.00143681845818583,0.0178840175044647,0.00234665328150657,0.00284074551279851,0.00656795475908692,0.000575461181418771,0.00387069670632248,0.00170570382350755,0.412109926932518,0.154074651583288,0.0586249354936707,0.0118832559253672,0.0183152752853694,0.00230891788802887
0.00183409666889249,0.00673558875443314,0.0054989823278385,0.0330063160861616,0.0605563902458777,0.0013530733857863,0.0252774978523232,0.0241956175847813,0.0305551134360021,0.0041936249323753,0.034168344723555,0.0107589357180991,0.0509447094298458,0.00306817019324512,0.00330280938051242,0.000132153250226159,0.00261178197317359,0.0105385621860604,0.00333437369694444,0.00889818107647139,0.0113567695608583,0.00606375076210751,0.00307071762033434,0.00797371496283348,0.00303264116271346,0.0149998826365138,0.000969182520317983,0.582726685387021,0.0357925851545979,0.00219944809687038,0.00814831487683042,0.00270198435639614
0.000257055000884475,0.00260513690125795,0.000951532969351515,0.00326575252983703,0.126751785092528,0.00305928836224139,0.0961382457169062,0.0248407161867338,0.0723788240730562,0.00118031927310195,0.00268080809437374,0.00444858862871996,0.00372232179434813,2.55446329698297e-05,0.000446959877417639,0.00301036007143345,0.000380701936810997,0.00436113728838655,0.000515133444344354,0.022197530745307,0.00607219186407586,0.0159422319433229,0.00772872164443343,0.00112831053730793,0.0396600467668391,0.00504331505084756,0.0071473080285193,0.00539721586806188,0.508404957219653,0.00396427301569641,0.0254577612471917,0.000835924194040588
1.6037918426103e-05,0.00161956507899918,0.00429825881364575,0.0015209847174536,0.00944508150078539,0.005051543079541,0.0188078559774962,0.00969158061541634,0.00535007623970808,0.00503100972068004,0.00742168368552705,0.0218321862410212,0.0354687266404757,0.00060665408215385,0.0131498496155548,0.00322492543910941,0.00395563532336507,0.000257071945734326,0.0017273072761105,0.00438597149921829,0.00164832605448958,0.00557172425075576,0.00154347550208101,0.00987345732627119,0.00306851164719298,0.0604499740452811,0.00106799517407186,0.0309591358234621,0.00298076133920989,0.68178906813355,0.0428025480702821,0.00538301722293013
0.00106745935088169,5.05919461777586e-05,0.00114716641793256,0.00109259604987814,0.140168641884269,0.00207485855939647,0.139049346883319,0.0289371850878987,0.0401364174544269,0.00653400362101955,0.00627909216186737,0.000693266045182042,0.000748841564563411,0.000151974141657391,0.00183998886453161,0.0105396619358065,0.00116445587617849,0.00338075237955613,0.00173299926137868,0.0193193264593434,0.00015044288264445,0.00437318051719497,0.00263117394523281,0.0127204246187236,0.0339177227544452,0.0328466180408454,0.00337197692881191,0.0123802876286487,0.00214695059811444,0.0065973426570618,0.478344520210198,0.00441073327281398
0.000402491235158011,0.000779476258917722,0.00225791406287761,0.0171082680821807,0.0228818781632145,0.00821469442263114,0.00180470553654374,0.00243586969000173,0.0406420487807106,0.0153464249629859,0.0156702815257176,0.0486936098692719,0.0129356756998351,0.000400477350885573,0.00487836638444483,0.010661680474716,0.0083071706129316,0.00475460277831653,0.000208528344852992,0.016012927046179,0.0130394802841132,0.00747316139332195,0.0180795713648363,0.0302998831071112,0.00602779322880469,0.0051456895525736,0.00249017367600783,0.0228781030239991,0.00908465405102854,0.00181485233154237,0.00108116046805191,0.648188386236237
