0.418291669463714,0.00244647861533497,0.00338092146928548,0.00125495294624448,0.012917497065039,0.00302250708483764,0.00322396579769651,0.00420350242398445,0.00162826895113005,0.00123617333993794,0.0040381900570164,0.048869386449802,9.22169690694204e-05,0.000439989222271507,3.77397809686447e-05,0.00732599242160389,0.00427020228750826,0.00184385341634806,0.000258175339607509,0.215644277991983,0.00095086927441195,0.0115746073136944,0.0201377569776325,0.126835267468428,0.000102421573200517,0.0233451555977781,0.0115095345234053,0.0624889986665114,1.65806384438032e-05,0.00120033603355627,0.00589994670010615,0.00151256413944859
0.0176790024582273,0.574510607721382,0.00341956445525614,0.0371139445476504,0.0378765804751342,0.00773412636151068,0.0475229745650574,0.0422799067399645,7.83900839334754e-05,0.00382552343643567,0.00803358996079983,0.0627530079180829,0.00339515292426552,0.00163454956593209,0.000588355010944573,0.0135640503470519,0.00342612867441553,0.000617035283310593,0.00108816609957069,0.00245043117618186,0.00893779404414871,0.00160454608960406,0.000489886267425722,0.000954825924388257,0.00675452606680878,0.0128271089952897,0.00419962428114465,0.045622292207561,0.00274077587225471,0.00685404013098658,0.0272173942818752,0.0122060980334057
0.00697363033489527,0.000680146902004086,0.614947500231297,0.0459108449582877,0.000925382964239647,0.017640512398163,0.00737062854934639,0.0251460335620061,0.0120240577424119,0.00457454541722232,0.00899214706156408,0.0290172324603879,0.00437610707704933,0.000267157659805126,0.000122733661724104,0.000852096660721902,0.000359773187980588,0.00335772468707058,0.000281361320678112,0.0862632517302809,0.00305675411598545,0.00845422978778816,0.0124742523537643,0.0723810413190332,0.00151988408686997,0.00322739270226502,3.81595314032408e-05,0.0141837788710609,0.00238456257437142,0.000205367733068892,0.00320952281319784,0.0087821855440557
0.00244065002771591,0.00117975459134664,0.00164795338180371,0.554982062194394,0.00281910939014745,0.000130415569199323,0.000404127564493136,0.0270568269575388,0.0246317314219965,0.0200879745992719,0.0211731728744124,0.103734017380932,0.00241607040374861,0.000470039186459697,0.0155319259020933,0.0187619148163775,0.0012802076865319,0.00410643951873469,0.000920601451463825,0.0400719588494612,0.010229518012207,0.00597695582848348,0.0224140322284018,0.0292975198614176,0.0049893588634594,0.00100832121779803,9.42734373451131e-05,0.0746689912163825,0.00257601809923525,0.000404708331117925,0.00247806287666064,0.00201528625936786
0.000431124894260658,0.00120375270269311,0.00109594326008177,0.000217131180567227,0.332356342176792,0.0124762887046075,0.0235331679555653,0.0230866363629041,0.000126832405369409,0.0142491135474834,0.00267765397088502,0.00184168473167274,0.00102948616962491,0.000329406616903755,0.000323180137532307,0.00648236597820646,0.00156852604781318,0.00127558298614463,0.00013490496930588,0.243845546539787,0.00112596216767019,0.00671473240825061,0.0584961408354985,0.219079534385243,0.00723904575280209,0.0239247737071715,0.0103136307200949,0.00200832901267634,0.000432249577799664,0.000675791288270374,0.000193325534813274,0.00151181327150923
0.00193195760337697,0.00164276051552977,0.00459015484904614,0.0221245493249168,0.00841903643192493,0.57922489919085,0.00678451563857195,0.0262431936154088,0.00748098647087963,0.0305293538434677,0.00882135010703107,0.00658750529851639,0.00129137917034957,0.000816463150167493,0.00109052592156078,0.00342010002357885,0.0016953466086746,0.00171079235035562,0.000736787603183191,0.123366241886552,0.00818657399141882,0.000825773235955149,0.0169100447373162,0.108107753233925,0.00224335425423686,0.00773126139695591,0.00770770448743228,0.00667081142631265,0.00159971102999489,6.83233679526078e-05,0.000647721709172319,0.000793067525384677
0.0104427759371461,0.01265534709719,0.000191967399950852,0.0105028178011544,0.0678427203315213,0.0137396206581413,0.550568911780617,0.00557568775513407,0.00821603731868274,0.0239074506229492,0.00476052881406343,0.00902717081895294,0.00467426798823587,0.00396754627416519,0.00139985112392855,0.0204783347731035,0.00175014115317412,0.00284743754438008,0.00124760806326337,0.0902385928910383,0.0073923208035793,0.00542425679923935,0.0035422572665799,0.107725363008715,0.00520781058106946,0.00813198082789992,0.00335608752401312,0.00499201578158621,0.00597533043692893,4.86641686397633e-05,0.000177010831011293,0.00399208582394513
0.00397707855876937,0.000965391129776513,0.00107727000654257,0.0119032897764024,5.0117096684822e-05,0.00102868253045653,0.000876558259691935,0.348052440037591,0.030773519544178,0.031689485037671,0.0340289637778201,0.180495281890901,0.00106712438710599,0.00017086751214744,0.0263113982222606,0.00597518191223589,0.00138996002699246,0.000651754609121939,0.00161891155865058,0.0896567629496957,0.006158717265973,0.00484318877217091,0.0185293103062671,0.0830483722710486,0.00225980801846016,0.00234391846389208,0.000313725377214837,0.0964128015081364,0.00692441030086789,0.000523761921186066,0.00464286088030563,0.00223908608978168
0.014319989105449,0.00874623721754389,0.000126355068956427,0.0793865126900571,0.014335260685501,0.0045676942720178,0.00133715409385571,0.0638774756581446,0.600718699710115,0.00781033824265605,0.00334817088406164,0.0642078827516291,0.000997910025704877,0.00448233299578045,6.94481456748017e-05,0.00212718679294521,0.000536961891784789,0.0081605091821242,0.000803778644922277,0.0145602550864975,0.00832246246024638,0.00747668339280846,0.00301542683921942,0.00835672839586525,0.00279721312784016,0.00159500246771962,0.000303152679014494,0.0464361631611135,0.00220780275924944,0.00656699981158063,0.0107631918918574,0.00763901986806458
0.00358822096249404,0.00160312571095523,0.00540055645294986,0.009020939700104,0.0158202868789887,0.00595320519055776,0.0134186794739151,0.00396118999963427,0.0304681882991264,0.432476041639359,0.0284566501096852,0.102598537305679,0.0140194951045807,0.00300717228736444,0.0162278613181895,0.0444158437032154,0.00533844195567177,0.0045391371308746,0.00112923360602166,0.0672002757800866,0.0115704820943611,0.00619050630442939,0.0392813631694019,0.0357483165768983,0.00226893196794072,0.0054318052862084,0.00243625463409653,0.0831563080405587,0.00148743212667426,0.000467443237749653,0.00261691550299006,0.00070115844923781
0.000194127090228511,0.000109265443703857,0.00546489918259464,0.0155951947640162,0.00537315736028048,0.00211618208499453,0.0107782983120022,0.00831708228167253,0.00957962950804475,0.00204605238061224,0.422429498600541,0.0646845136029515,0.00298008143525327,0.00112056480493189,0.0156455971153134,0.00590845179086816,0.00107820889900108,0.000311610989031441,0.00102344893994233,0.169082068807569,0.00737869626016425,0.00568754703104179,0.0439278031829974,0.152413085669371,0.00205344614776985,0.00796519285246065,0.00211260413776988,0.031739505937514,9.42338311163742e-05,0.000249010252471227,0.000924243967909748,0.00161669733586093
0.00380259008762992,0.000154299359928561,0.000779238678806371,0.012355612189733,0.00624044034313955,0.00100540157700246,0.00172586123738014,0.00473528246079229,0.00202363035594142,0.000563098052631255,0.00126531693680616,0.396748929353893,0.00376844862897403,0.00221274451086662,0.00552014073223285,0.0120170614346388,0.00827075939264388,0.00227312945747837,0.000818979040100716,0.22474246885078,0.00498947824278719,0.00384671030874168,0.0050900041776286,0.231292121909747,0.0026326972618743,0.0152433623024375,0.0081185018397742,0.0175085935128297,0.0163749729057628,5.84967711118754e-05,0.000463462769164939,0.00335816531674083
0.00556522141471871,0.000752959766433676,0.000262225520220959,0.00370659381975701,0.031511982983564,0.00168640516181091,0.010721124904297,0.00119493249017503,0.019880430016605,0.00230568691231846,0.0147341069395988,0.0501056628629979,0.63372692078872,0.00134511195944291,0.00129509011007063,0.000894943613761564,0.0130128183192416,0.00231442062332892,5.14934084951519e-05,0.045608416139996,0.0030937910147306,0.0138381980403082,0.0371389070398123,0.0321554527093159,0.0116831721547247,0.00289713421766204,0.00430123123713097,0.0274657513466952,0.0163178821397601,0.00235738051439907,0.000210132336596998,0.00786441949330966
0.00175255823602193,0.00699290734341965,0.0006962483060736,0.0294943668739909,0.0362834006976564,0.00497911301740458,0.0302922565900391,0.00768983914432159,0.000109849324870053,0.0245683991960557,0.0168194805672184,0.0307342814380424,0.00610785875064446,0.539534155143342,0.00166219153825481,0.0707586671129617,0.00616339263168589,0.00358578497723404,0.000609463747936473,0.0622494063379443,0.00339687912056423,0.00792832839572981,0.0114493397528109,0.0410815942958252,0.0278167358930003,0.0121148745426138,0.00240241610929001,0.000849290610430768,0.00473610377773357,0.0002460209413601,0.00586602586005194,0.00102876972547086
0.0127913609118293,0.00157583234053314,0.00382069488328359,0.00439945444840508,0.0319891889584283,0.00343959918412237,0.00990620416947792,0.00589033014990757,0.00451585501847212,0.0123698531579873,0.00316092761088511,0.075382459388178,0.0370114136287695,0.0108239149733113,0.565043564641569,0.00027775828204346,0.0156903289922446,0.00295682931457187,0.00256902567879502,0.0376340812958119,0.00255811889905589,0.0142362068964227,0.0270210584180458,0.0183587060550873,0.00308914177886529,0.00450063980272762,0.012858952379395,0.0443468264229065,0.00385940846392266,0.0093518432414833,0.0070577379015871,0.011512682711874
0.0159781169562966,0.0135457076741234,0.000307170943047986,0.0387447128196607,0.0297310330780472,0.00290414887480972,0.00879933809772101,0.0401356735153311,0.010120925199561,0.00908737280258253,0.00542416325807472,0.0575213956089613,0.0007999028952225,0.00572695031085339,0.000981313213072406,0.533837913298483,0.000826194095908075,0.00525331570572686,0.00273097536082569,0.057622799303718,0.00169502676122875,0.00294359133321495,0.00185203049699712,0.0715581627000957,0.00693538841420676,0.000187349164659031,0.00120909122891475,0.050107394317144,0.00389973546122442,0.00685909636230068,0.00853053835444449,0.00414347239354234
0.00203864648469565,0.00127852794852118,0.00307920109460115,0.00372935886269307,0.029669759494603,0.00208239993765718,0.0351824081812763,0.00129649015461733,0.00763889452325268,0.00190456676070123,0.00591868382967149,0.000801202343588983,0.010270919209701,0.000344208287991188,0.00099006584644853,0.0328684750524949,0.425707653153304,0.00144619145538417,0.000198286837407054,0.2047856323442,0.00115002007566414,0.00631631219555594,0.0103193019823621,0.18263472221681,0.00638941524568639,0.0084290467731723,0.00563494152893934,0.00183049456394661,0.00116709953507738,0.000402748956393803,0.000433597775456067,0.00406072734812611
0.00213306593673517,0.00157853270533658,0.000346234687787273,0.0186396839482977,0.00282507710966257,0.0021115494293837,0.0014134284292907,0.0127541586500117,0.00953316154196359,0.00283855968720491,0.00678497484422456,0.0221850503064027,0.00541837032815386,2.22438550461462e-05,0.000596206603808388,0.00358308613896376,0.00274648617443564,0.290026951572667,0.000342828016175005,0.271395441434125,0.00450135227273763,0.00144816854090382,0.0375287511642407,0.239274571989222,0.0215928529134995,0.0144344337105084,0.00774603493726469,0.00358882496230948,0.00252401383729377,0.000340744757605873,0.00448317525938395,0.0052619842553547
0.00336282517578099,0.00685708972229542,0.00215928310277014,0.0112414699174692,0.11264483181287,0.00383351291330705,0.0486445609616087,0.0023786837696234,0.0270401219087176,0.0511625364452818,0.0320474205348421,0.00176236849787081,0.0336384160190379,0.000584908337840155,0.00263127841472257,0.0910765802158718,0.00444399334501348,0.000338138615164435,0.371998580061411,0.0466590942713085,0.0184249136065546,0.00146947988705634,0.0166411452719385,0.065156455332848,0.0150286329630439,0.000735828168471971,0.000243139136310125,0.00608395836597857,0.0092261751449982,0.0020005657681193,0.00827429869507182,0.00220971361680213
0.00302462398315672,0.000209292700674769,0.00134726333186062,0.0431227841314309,0.120971695140756,0.00765881426363971,0.0813468062521994,0.0432834243846004,0.0214625374933536,0.00435925233167126,0.00326407283074141,0.00510094225115194,0.0255097983160177,0.000767211792941293,0.00174525870779492,0.148876431524426,0.00667672829197726,0.00155622571843607,0.00339832985895067,0.14106214594152,0.0189031333874686,0.00948963717513644,0.0163044185220807,0.211633764445258,0.0204553967584164,0.0129205732201951,0.000507970675205718,0.0304159376579391,0.00532166016467288,0.000373783914228579,0.00153169660736308,0.00739838822473593
0.00107311890640538,0.000232919092461818,0.0004963199749986,0.00988459517047848,0.0610886034272965,0.0107122158257703,0.022274969693046,0.00634452034370495,0.0379065166401203,0.000630905515967245,0.00133467957582291,0.0422115810303295,0.00956855181419372,0.000991054544935156,0.00244498119617353,0.057721773155537,0.00127157113711727,0.00131877216632506,0.000670364457311361,0.0829765444583201,0.501322412525918,0.0134175204632937,0.000551205101403722,0.0387182255949391,0.00440193573092267,0.0169071087421844,0.00232550914163441,0.0659066928039775,0.00447560172481385,0.000369332010349103,0.000289185599230835,0.000160712435017484
0.000673284236728011,0.00254127784284866,6.01758842962266e-06,0.0228247743128623,0.0311905680859101,0.00263342928185294,0.0403318401097704,0.00760783680133238,0.0192075250675186,0.00192116513852001,0.00104293508044822,7.48655678506691e-05,0.00437635641428956,0.00092139762387531,0.000709834877473076,0.0756628422881396,0.000257625664285968,0.00448041776348402,0.000622679968187803,0.218768463890363,2.07192348728179e-05,0.32171863163923,0.0139404801354412,0.177018429022478,0.0309520827379038,0.0111527535819399,0.00117202799743095,0.000360644127003248,0.000517434981185099,0.000249809025619239,0.000890177119595195,0.00615167279313032
0.00249539879545196,0.000920462063813599,0.000137995323209666,0.0352445262421391,0.0029116833122519,0.00668414730394911,0.016117302763749,0.0206748351720868,0.0258740936855084,0.00311118619818732,0.000414800302526442,0.00928973325211796,0.00194863717035079,0.00280605740012941,0.000378973474198835,0.0114141585679525,0.0001528481249264,0.000102151154019913,0.00239650918248448,0.103548890740253,0.00449952430342118,0.03140386413139,0.619438625619868,0.0339818936931214,0.00212999448743557,0.0375678659237164,0.00703242249652867,0.00436323807622819,0.00220822381372812,0.000672677979225595,0.00365405847544562,0.00642322077058497
0.000544664107129551,3.99973867486466e-05,0.000334677253183647,0.013146653183908,0.0656929281252382,0.00322775283734878,0.04180881759819,0.0138090792030961,0.00588119721459138,0.00180728103985669,0.000621302066597869,0.0108248917851809,0.0115528451480372,0.000131664319117419,0.000726842687208697,0.0609132466490477,0.00170679130360702,0.000861369196741037,0.00311334455818893,0.135980135602314,0.012864766972627,0.00578858512641144,0.00512610656080788,0.557835792170561,0.0089319616900243,0.00433881749450659,0.000127148776353115,0.026947343508053,0.00314578239552184,0.000256451447563351,0.000870784762223202,0.001040977830016
0.00354669903543834,0.000529079804625732,0.00273425576916145,0.0473405258452699,0.0375412426989488,0.00409936275288811,0.0496076059768844,0.0312681808426068,0.0021219858410997,0.0320705785247553,0.00578951334726559,0.0156864877278267,0.00771054375633741,0.00111239779969261,0.000513999894318009,0.0264504028006226,0.00192169398956662,0.00547586167303039,0.00163421324184759,0.0237348632829689,0.0454349464807704,0.000765544191159034,0.0235663270920407,0.0472018046757553,0.531860631588073,0.00762963938791935,0.00518933328628506,0.0111580915972107,0.00444978994068749,0.00261721645058332,0.0168596854444737,0.00237749525988725
0.000644255268915837,0.000822168114053934,0.00113151461167096,0.0494444463141489,0.023708999608312,0.00112991978585118,0.0193031036059608,0.0730352796403714,0.0222599666954131,0.00136007623663689,0.00412434062578041,0.087740113074242,0.000117676116894196,0.00616153121032603,0.00944419638829096,0.0143363673536812,0.00110426175507619,0.0140899508927143,5.88230407664247e-05,0.0618208330015051,0.00393494551355409,0.0196470421940724,0.0351173613706362,0.0280101239917971,0.0113602428690963,0.420661360551684,0.00148221116481124,0.0543306602657218,0.000306004662142498,0.000174706391954756,0.0326915905322557,0.000445927151661781
3.03218712016621e-05,0.000708641789053285,0.00318250787855173,0.0258593886775021,0.00423805305757685,0.00401676306129251,0.0152433980852607,0.0616952740578149,0.0117302409257534,0.012840994841946,0.0046277269943218,0.0203173748269373,0.00137615304668347,0.00146519829720686,0.0096871066212492,0.00786045269941453,0.000634817856862247,0.000478832315682424,0.00136580225779052,0.133084021624978,0.00607395291699,0.0111321084361989,0.0372851600108894,0.117688093049261,0.000151985785551423,0.00900518879809286,0.472602367856284,0.00376700465079374,0.00584493245881275,0.000275341921757107,0.0156473567760794,8.34365522102313e-05
0.00123580045221641,0.00018484157840669,0.000408094911480754,0.0119576892503641,0.00788674256407344,0.0028782399582136,0.00323373871676972,0.00845415128759126,0.0389230551623899,0.000108267179120612,0.00190889332411475,0.00434671531593407,0.00675322593013331,0.00534621621176757,0.00980605236094103,0.0363255307434287,0.0122626785010007,0.000243320065100491,0.00135682666308189,0.040258118022937,0.00908085702262855,0.00020872369152773,0.0171003660822539,0.0433475438889726,0.0087056851821049,0.0010368403325176,0.00354899445538468,0.680795011495707,0.0312488299771864,0.00082273897408217,0.000864865856876002,0.00936134484169277
0.00157098163910167,0.000441914950515315,0.000935567609001814,0.00477886876385926,0.0246635301646507,0.000902978869219349,0.00329740177132122,0.0118409549528645,0.0282577657831171,0.00203780262459064,0.00335094192450822,0.00173979875654955,0.00871264688438652,6.02740988040063e-05,0.00107794033619618,0.000812749594057832,0.000503458068679421,0.00541294559936681,4.28703260058454e-05,0.189495636820487,0.00325929928698947,0.00781773287654133,0.0301855552179464,0.194847542794996,0.0160472819793272,0.0341083487253504,0.0223762357380023,0.003766028988558,0.383914198434623,0.00333899318518888,0.00839454263144363,0.00200721060375029
0.00272964738826358,0.00209812745019608,0.000231615403258651,0.0269733781702794,0.00606160133888592,0.000243014829418547,0.000627596033048146,0.0155508949173392,0.00291501934269699,0.0553471528701864,0.0252842817917486,0.00495694599836735,0.0136134210751345,0.00125542741403544,0.0021277424665589,0.000790255255680441,0.00775861568500528,0.00040019481947657,0.00164703541211321,0.141275056002979,0.00266520839237035,0.0028910664233479,0.00945836810764567,0.12367031355915,0.000607720537715516,0.00199360101709411,0.00766841284060435,0.000585819160505008,0.00363080920493947,0.53201121346536,0.00144005774256765,0.00149038588402767
0.00103287876523255,0.00174056580585298,0.000348800391784399,0.0146121736661918,0.0433722339345876,0.000487112752130377,0.0230692103276599,0.0106252499955889,0.00516927604592399,0.0155653727305419,0.00240700125672234,0.0229505498411064,0.00770030184467186,0.00161213552205254,0.000631246306705126,0.0081050180492441,0.000121584979430256,0.00573943550556749,0.00455480378394812,0.149818953642981,0.0105439575980072,0.00934323374912911,0.00729931705025709,0.131185141116805,0.00912912920690109,0.0445112246978161,0.00201958977589833,0.0347848612662599,0.00468963355452027,0.00327322331359533,0.422145305655278,0.00141147786760952
0.00231526094845381,0.00143199011281327,0.000319361077046212,0.102149297932055,0.0140978552989733,0.000785652900902559,0.0124693989635984,0.0597948915134268,0.0003840213005339,0.00609514818086752,0.00102675450012698,0.00814528612216701,0.00953958490865773,0.000743489551769548,0.00170550529821829,0.0312442330098071,0.00019220868657596,0.00261941531044392,0.000836590633954094,0.0589353417947459,0.00237978325730523,0.0110868581520361,0.00295164248484462,0.0554706460267395,0.0190544363955514,0.000132288993264352,0.000146548286768272,0.00442864521852429,0.00204108367247806,0.000399973047635756,0.00226402398727679,0.584812782432438
