0.560701738759079,0.00680598191166416,0.00120752747941178,0.048714080454027,0.00685477673249293,0.00717891156608147,0.00656782233619732,0.0587927573722004,0.0258458579329921,0.00291997912518103,0.000820171482271725,0.0403424755679324,0.00222396342957709,1.75644286941935e-05,0.00162602684205555,0.0118227419052616,0.00276499221969781,0.0061936934373687,0.000855885936889693,0.0228075560798457,0.0165560322405192,0.0100738368851179,0.0187885206130155,0.00791016664466705,0.0257131300254974,0.0240423452252964,0.0231417510807511,0.0484467038405418,0.00233547110910916,0.000831534437416616,0.000844072957951187,0.00625192994119509
0.00760580206472563,0.578763375808759,0.00126718017182318,0.0722391792059027,0.0225552614012554,0.0225727273471791,0.0424251044702525,0.0589669760925054,0.0185422403597763,0.0229062449680719,0.00100043032105266,0.00303016537979594,0.00165081943852945,0.00141340701596067,0.00166661031656329,0.0379047798153611,0.00718471597820282,0.00131973874031971,0.000905669322054222,0.0120927391296791,0.000914711325893289,0.00227415325143991,0.011349459718098,0.0109953065684247,0.00197495249562477,0.0355617330340222,0.0113920986752281,0.00089313834585434,0.00082009204536314,0.000103284861225662,0.000619735730230148,0.00708816660082633
0.012814628851124,0.00847427982227716,0.581906643703842,0.0176709567069478,0.0304801124048809,0.0162976453167461,0.00938643153887967,0.0390951811549947,0.00708210696324182,0.0144745330696544,0.0369718395397323,0.00683222494160482,0.00581753190088992,0.00180486816750196,0.00669555133951937,0.0337836834511764,0.00279979615380709,0.000388395361121084,0.00251083098921321,0.0325757798991494,0.0104305582847278,0.0336707337933463,0.0311452851284397,0.0314281671247138,0.00567417829373137,0.00675998669421293,0.00445475825942453,0.00140806903822121,0.000652743075978117,0.0037042189484205,0.0010662914896935,0.00174198859278557
0.000355948693409481,6.25088405644872e-06,8.87916127776175e-05,0.713165144570899,0.00990562143750951,0.0230699306235012,0.00846046461880547,0.144709297484648,0.0052024979943241,0.0341572495655335,0.00714052771377289,0.00840343742747058,0.0101169610472505,0.00058097304116625,0.000760669100547627,0.00365576769823445,3.68566168674492e-05,0.00284929326203815,0.00029537566383762,0.000536963269740893,0.00210549724551129,0.00106434515749048,0.0058697335611315,0.00204543845992069,0.00422556603486491,0.00294168357042558,0.00276991760706106,0.00284118265799099,0.00017364702322137,0.000162974787291301,0.000893868448076349,0.00140812312062328
0.00466583929240992,0.0478143910599879,0.000544570720960256,0.00683014253008122,0.242204845804905,0.0289699668086268,0.215617193657516,0.0411776000110952,0.0142981983758262,0.00559474033458263,0.00626917472734276,0.00585185489260009,0.00538881066205624,0.00140187346573946,0.00185761803253003,0.2292138543107,0.00831172227833612,0.00656559798651306,0.00115161249476036,0.0101867715497205,0.0338125799020404,0.00422366396123022,0.0102687958322125,0.0194560457094846,0.0230346922821295,0.0149921400613842,0.0011518168215471,0.00451393598268345,0.00211015881786706,0.000291185412231709,0.000957271893792092,0.00127133432710835
0.000266661353396802,0.0147281599086125,0.0015792228030035,0.00577780322991232,0.0478437307736527,0.737776982650307,0.026183886133166,0.0303390383674896,0.00554422082195174,0.000891115999269207,0.000768600767110464,0.00428827463012613,0.00210335716072989,0.000728242968103263,0.000307072793506305,0.0253009771253893,0.00601429802508559,0.000708688255334952,0.000471555159315541,0.0223514187697701,0.00389299322921448,0.00368620389906489,0.00301736740037207,0.0118633355244252,0.018032345019879,0.000766103125576933,0.001128170716006,0.0182238981117366,0.00147361404333481,6.03796228420755e-05,0.000962583172712992,0.00291969843960227
0.00195897353954966,0.0335159679352937,0.003052086070536,0.010610739648421,0.0755188679681732,0.0192171881336807,0.676213133933172,0.0320722102120705,0.00499544002833526,0.0088478121189672,0.00487952478774183,0.00327540828708603,0.000260264623326631,0.00196872461923293,0.000725047047601066,0.0519472805835456,0.00422858745837285,0.000856656450468223,0.000856782512368459,0.00420413622465907,0.00103133460774355,0.00490681917263554,0.00870426360388322,0.00855881462982555,0.0213712583518533,0.0012781450994264,0.000981930177364285,0.00460486981433705,0.00105581259575287,0.000266112740122737,0.000153041231305854,0.00788276579314809
0.000847762818800284,0.00202223758026083,0.00186533685326003,0.20391811354994,0.00599044832092413,0.0114247972332757,0.0340024908465647,0.365597976630181,0.00809784789565338,0.0647019543397753,0.0505029492117506,0.0483116565612623,0.0786913034663973,0.00428639200849128,0.00416876147269481,0.0161361010657724,0.000428682244026411,0.00202715082342214,0.00231165744472075,0.00814198618546857,0.0173251230677545,0.00257660517153153,0.0175436307442081,0.0013792000991321,3.70574965567069e-05,0.0130202708875714,0.0142800578872238,0.00946416200209225,0.00165267213390576,0.00194934979643934,0.00577779441377612,0.00151846974716699
0.00294551506576006,0.00443206953152927,0.00368396263887708,0.108811599972903,0.000553398217253606,0.025715936784886,0.0407838431425179,0.0833397963715693,0.578494425302185,0.015753269403081,0.01447073768959,0.00380673901952357,0.00767335707499601,0.000261331958533288,0.00907320525683658,0.00250936204330117,0.000740362950543181,0.000819870746395757,0.000802969777683223,0.00127967831875314,0.0365260715950343,0.000677427699828213,0.00362189231802779,0.0212422815889469,0.00655330614254643,0.0017978399881581,0.00743670565517238,0.000628825828829143,0.00071890369106723,0.0007339203092678,0.00147547036085753,0.0126359235555459
0.00156467070383841,0.000418383250137946,0.000117244149447134,0.296831033286241,0.0588254648057899,0.0855455560265724,0.00275825868789591,0.315398639215302,0.007794088378715,0.116963822780306,0.00207582474412278,0.00293352790218058,0.00783603595432557,0.000454213636600996,0.00376169704470192,0.0159482880716831,0.00094951593264924,0.00773987545370099,0.000108340673077526,0.00552132203278658,0.0146351737239905,0.00117804298142817,0.00273330080777227,0.018348311993874,0.0167890437070301,0.00159976390534469,0.00223383018159958,0.00508173294195073,0.000993888942384306,6.86903868723471e-05,0.000641998460926366,0.00215041923675227
0.000225039260687726,0.00317970218981046,0.000339974280526003,0.15600574194158,0.0106436495004555,0.0627224454845648,0.0307468216818514,0.220902154144195,0.00326071101144111,0.0872908196373417,0.305721787315955,0.00214244275655744,0.00805866122256383,0.00144945621547469,0.00247925214562178,0.00085458793141032,0.00165442377854172,0.00451423751057337,0.000148223582769768,0.0236591007919303,0.0138234094418835,0.00173852154340499,0.00527946478893859,0.0393723183692292,0.00706684584080115,0.00040972218254078,0.00379070120407406,0.000310066218233935,0.000521963336100611,0.000139844441626714,0.000759952128118271,0.000787958121196509
0.000531280626449069,0.00386625187708724,0.000489549608431475,0.0659103833807688,0.00748853073603176,0.052003522438989,0.0513804281059613,0.116048178590043,0.0102172333347634,0.0219480670851091,0.0167742020364769,0.516253527497276,0.00749990034951451,0.0019431393547931,0.0171946968718648,0.00263761926766626,0.000337439532000587,0.000303759643829179,0.00015563432674232,0.016137136996563,0.00474810171539158,0.00124062944536098,0.017632515741629,0.0169047997925952,0.00272978651082969,0.00405484960105064,0.00449087480647622,0.0157071142183422,0.0044525751745691,0.0038210763272409,0.013220231113553,0.00187696389260172
0.000436031907742174,0.00256366959087078,0.000793733181348868,0.129970638776204,0.0119861316681267,0.051382455042286,0.027717505425279,0.150802899784672,0.00604477513613554,0.0733021361250023,0.0106330776477908,0.00101829092315251,0.445157306328863,0.00373338322064074,0.00851411823570285,0.00547966997775516,0.00171527292980096,0.00240240569080185,0.000457205048441784,0.0176628087161829,0.00319337620553288,0.000371399065842259,0.00367295835950671,0.0169189285656269,0.00599881520302634,0.00702103276597623,0.00690905323246551,0.000485453470567718,0.00147667691141988,0.000905368516042523,0.000920282628380261,0.000353139718812819
0.00343643002346372,0.0082920009929904,0.000478595886103524,0.0485029130538876,0.000565537558533321,0.0255955145382421,0.00886527757871491,0.092907471376633,0.00607332266063855,0.047374924208401,0.0493181212219537,0.00260956176356559,0.00919305120056323,0.543598104201018,0.00793891854986967,0.0269540462285263,0.000122424915647638,0.00434868090360636,0.00100644180117175,0.0104344879963464,0.00158043347463425,0.00404052127592435,0.00246136152666629,0.0236870486265172,0.0110902663153881,0.0187216547097207,0.0182140153885773,0.00370206239710681,0.0019022439284884,0.00121457458442238,0.000644563765816767,0.0151254273468609
0.000143309599757978,0.000478874325925246,0.00571221533378376,0.0311805531663647,0.00344804633864963,0.0232945291010187,0.0406893090357777,0.0516918482726925,0.00682922803293358,0.0345915066434332,0.0348752896391059,0.0118713858689133,0.0122691749873057,0.0138964516604576,0.505568460789881,0.0142837394826626,0.000198932293460242,0.00498777632582909,0.00098250569950115,0.0133775164319179,0.0404260317738308,0.00746153296428111,0.000644023561197477,0.0101375014710065,0.040004852951105,0.0124320397607549,0.00192649108237209,0.0682798379269594,0.00413375829336498,0.00015825498398246,0.00207307259449757,0.00195194960727606
0.000824765861970726,0.0122139131043081,0.00564934450244197,0.0740113445689987,0.00420161278985744,0.0332355430586958,0.0546960269962475,0.0902403463152128,0.0157217082128771,0.0336832810677138,0.000980687339998817,0.015092709350585,0.000317301280116924,0.0017493077749933,0.00904079291365426,0.506118799251211,0.00482413680953881,0.00208464750759446,0.000458818658346135,3.17866613252898e-05,0.0306143042215596,0.0127816729086278,0.0310375378741017,0.0103139025123952,0.0265552900815868,0.000426044031609592,0.00102896901893261,0.00748335489959825,0.000549897213591147,0.00079568610072475,0.000745284248332018,0.0124911828632524
0.000676453528909753,0.000249128103485673,0.000260577722800933,0.0296203374592881,0.0710909301310861,0.0107445476219987,0.0490549629426863,0.0386581352635061,0.00322493495893065,0.00909876177097567,0.0077257124155778,0.000823665416424719,0.00135056719973022,0.000659967117359819,0.00100430467492955,0.0714815507845172,0.571816806585584,0.00385160513212581,7.92495285823347e-05,0.0148171670333915,0.000630589007111195,0.0345386890919747,0.0268207622328447,0.00492235284570855,0.0164251377591904,0.0117582850977302,0.00636492381822845,0.00208433947287598,0.00146131273271649,0.00128701587887166,0.00100415223316527,0.00641307443769131
0.000926493013521334,0.000230615760829948,0.000222451548081967,0.0130705350428647,0.0112456968083625,0.00125139940378365,0.0109172912536531,0.0108644055997307,0.000471099523759767,0.0124554796419066,0.00588891770509535,0.00336347285409328,0.00134091114621106,0.000756478403788436,0.00143072764279752,0.012859422294914,0.00221763589624833,0.602464667771812,0.00424514987158071,0.0625881610824116,0.0192294102892509,0.0298967798307236,0.110559589880542,0.0465510842611219,0.00740251230608208,0.0140890294442252,0.00477126533033313,0.00312217017345432,0.000492089060437486,0.000159126109635414,0.00465378115153901,0.00026214989720861
0.0019943392853075,0.00278435502362096,0.000759870411800395,0.0834331373425083,0.0112701848870619,0.0197983944110101,0.00537763218023465,0.0631633099467582,0.00120012267296641,0.0448773504446677,0.00604485276903712,0.00110808736429785,0.00575745791931011,0.000814211260019603,0.000280221659137477,0.000149262132483662,0.00309656956380197,0.000962032311599676,0.649919474940071,0.013545353579314,0.00935823629159753,7.65202417133908e-05,0.000796183106588928,0.0459267447276841,0.00355194021283147,0.00795448759010986,0.00487060934503102,0.00237218288573382,0.00259612379511389,0.00046337153111493,0.000481615822591021,0.00521576434488124
0.000123150201604762,0.00082177970751173,0.00070217902171202,0.0168048128227054,0.114296632548113,0.00478468596072127,0.0579529949158918,0.0117259249328774,0.00330185843678554,0.0131045167224968,0.0444036243562297,0.0282565950734045,0.00152249879206859,8.8138782112023e-05,0.00294781138757704,0.060559011531954,0.00320040603081082,0.00167825287751765,0.00295360115645946,0.384047894988507,0.0238470856520005,0.00054580746331658,0.00107365744190458,0.0977949345970532,0.0214496101059476,0.0417120944417247,0.00659876046559311,0.0291678085343395,0.0100272025887576,0.00270532410507123,0.00833050678121833,0.00347083757601179
1.43168369562567e-05,0.000721406767558161,0.000394827209823637,0.0407615289024403,0.0353725788077643,0.0172638504297445,0.00713589131178404,0.0523183812119294,0.0159749774815024,0.00717465210226933,0.0135125587911961,0.00588020514910762,0.00169904611261331,0.00115679363592213,0.000249957601719749,0.0196806351998646,0.000243810685059632,0.00166391918965691,0.00038337323791711,0.0278630920996788,0.615541376377045,0.00127151872708218,0.0361698012530565,0.0705138434177503,0.00380705469408105,0.00546368901235286,0.00503550274112052,0.00696566827604708,0.00187175404153917,0.00220487598908532,0.00100154302396753,0.000687569682364313
0.00382211325315795,0.00283778997228827,0.00198111023966481,0.0476462039210248,0.0158723367817455,0.0304650377352427,0.0222860941965338,0.0679821463285586,0.00308223619806367,0.00459948915083146,0.000348815988762944,0.0105704719625462,0.000683379636011884,0.0010655877084159,0.00516761559618292,0.030325000938383,0.00389829684983742,0.00462518963794134,0.00660360187440842,0.0198079162457641,0.0396555909655485,0.491026650732344,0.00454695485578711,0.135868834525377,0.00953747737540326,0.00328066294027049,0.0174897407155434,0.00152527521687252,0.00591115478822667,0.00390695193021429,0.000305426755154032,0.00327484498389359
0.00116762249681149,0.000609337345885573,0.000311425302743683,0.061397079795399,0.00416668856566887,0.0283079034262299,0.0146238774947726,0.0798269083649923,0.00820273077251465,0.0101927826090796,0.00492410432363743,0.0048317849410167,0.00116298366271473,0.00140488895430301,0.00070777020918844,0.0128069720259585,0.00120669540127274,0.00677182353527244,0.00164556810065047,0.0714210095346894,0.0376837645633648,0.010151305553752,0.398094232800149,0.178316011472085,0.0127913990483435,0.0172418718878145,0.0163360012766378,0.00322909859686338,0.000937494317805139,0.00252928895658008,0.000480510371762765,0.00651906429204011
5.18806468931439e-05,0.000573466727432768,8.02536819502122e-05,0.00983793088294498,0.0667779998452269,0.00577778992214081,0.034226199572866,0.0113508050979369,0.0035538916529182,0.00856618672533582,0.0212081820129939,0.0111338842101202,0.000490751771234445,8.79825163983309e-05,0.00203866812736482,0.0384167430696069,0.00085940075992642,0.00139518980699756,0.00184791142715293,0.0538201543450784,0.00834933721845669,0.000110234089774297,0.000801219784969174,0.680600310424559,0.0111109953603803,0.00253828179204063,0.00141943309647131,0.00987731876348955,0.00604958650520405,0.00179822392184536,0.00366500044431213,0.00158478579597803
0.00227814281245019,0.00493635710149861,4.44141443360362e-06,0.156439509070806,0.032378806007369,0.0487010516467771,0.0171235715694418,0.165869134557516,0.0212771629580475,0.0493284739982819,0.00230200937384169,0.00188970905585031,0.00232779401082013,0.00165356848487607,0.000741930521994719,0.027890674283301,0.000334917486691061,0.0015394793264558,0.00809435256307955,0.0118061884974928,0.00203643876236694,0.00938515497973473,0.00577153407673085,0.0203392381525411,0.378401695940534,0.0077779688626534,0.00444638526655035,0.00606747694598683,0.00235758878515915,0.00114322360099429,0.00042334311629656,0.00493267676942696
9.20296396788926e-05,0.000972076582231583,0.000420843277172894,0.0357416008299907,0.0860188858802251,0.00813892789244958,0.0312269059947605,0.0026489523262654,0.00762308615684254,0.00769142841807405,0.0133944907652631,0.0101637169219538,0.00615649105202271,0.00105042929486635,0.0011138089975484,0.01495314220007,0.0113349941218997,0.00277836703042792,0.000977330292642734,0.0215536110275477,0.0378376910631152,0.0109416146334293,0.0452137660231879,0.0269414613996878,0.000200696173282045,0.505412412282529,0.0634105674316596,0.0264425947641515,0.000818617131866998,0.00659720887549989,0.00337598910606349,0.00875626241359321
0.000184255403940948,4.41501106732244e-05,0.0010610961595004,0.0172748419670843,0.018657410630033,0.0067087447575101,0.0114495334769729,0.000254530846931511,0.00454318760412085,0.00450766988676763,0.0109207161452802,0.00232910708833426,0.00246327301195641,0.00068084371141848,0.000693423312936736,0.0187193225537073,0.00361024852627385,0.000558722650084084,0.000273001968104297,0.0043271734595726,0.0211347106416968,0.00807679345388883,0.0180842168914956,0.0110832042644091,0.000434680064099955,0.0571429909046237,0.767765433264099,0.000450013436541435,0.000383616899427968,0.00390975037064061,0.000261259169004451,0.00201207736886987
0.000535611409037437,0.0010973461588167,8.7518549530308e-05,0.0237145275371345,0.0417855625786723,0.0105139873488971,0.0235607735215408,0.0265939307965291,0.038522888946863,0.000756855084211545,0.0609698188583537,0.000874394416893634,0.0188078347180019,0.000430351171099611,0.0249075101234259,0.00672166578628082,5.83848726517185e-05,3.75974387072416e-05,0.00282171323883008,0.0300560098984678,0.00311478232093515,0.00119373366398381,0.019502689190506,0.0429286073906253,0.00473181130639824,0.0183739985868913,0.00484322301999269,0.565901507954106,0.00801835878917893,0.00453404962799361,0.00560784489074087,0.00839511080470298
3.73206278436912e-06,0.00531775657750829,0.000198515616715693,0.0899662881095362,0.0612082403931442,0.0118446344171532,0.0115722035981377,0.0375697325830394,0.0123791672869375,0.0199375402010465,0.00180905830035784,9.94387815768882e-05,0.00958219594212437,0.000529642867152436,0.00201236819679352,0.00350824128510249,0.000888051692083796,0.000697502366761518,0.000709282935273195,0.00660261431039146,0.00590045592005654,0.00606355719592323,0.00167745001638552,0.0573349123987947,0.00162920368794387,0.0186270608593241,0.00600625236092646,0.000475944331382868,0.606334508574045,0.00393215540084423,0.0038475749238505,0.0117347168069022
0.000824374644378649,0.000350004884914353,0.000674412340449167,0.00132620536610913,0.00575820538656246,0.000670927848655312,0.00107469935124562,6.43547176943459e-05,0.00265715509708481,0.00187817353291177,0.00138822463823586,0.00127115318228732,0.000422177674531818,0.000404303721785039,0.000641251746566867,0.000114803453756786,0.00121856200028714,0.00157778053635659,0.000579903703813222,0.26893111296149,0.00503622517689394,0.025762446274395,0.0342781033826957,0.198049601571876,0.00049796657453604,0.0282909957244627,0.00397043482142775,0.00228856604288761,0.00134478612756245,0.404497431886139,0.0038039582388414,0.000351697389167126
0.000519946638591477,0.000297976292900258,0.000159994735674323,0.0044215327493992,0.00289391456630524,0.00487999516161982,0.00388739171515895,0.00557547951602715,0.0112409393663471,0.00634586902601292,0.00705498096995524,0.00609854353582178,0.000325187161610028,0.00187647147475451,0.00575232333715973,0.00474175260093907,0.00521190931560801,0.000652672431569685,0.00274725743288899,0.133075182021744,0.00902538263528617,0.0247919571108781,0.0399807221064661,0.141924856487967,0.000258153620230504,0.0624848607471694,0.0181810084405245,0.00381727345708449,0.00444140565206841,0.00278658865140693,0.483201200349534,0.00134727069129771
0.00192789535524819,0.00125492974275798,0.000743249209652826,0.0735013217482782,0.0840070237548321,0.0297745276667338,0.030917547849387,0.0738692423407605,0.0109654428418349,0.011149090779868,0.00241401064228943,0.00170980770349352,0.00222990210021068,0.00215337165052473,0.000244669084974411,0.0318858094611305,0.000584749917061007,0.00471179007848526,0.00646016099381123,0.0445033054635631,0.00301240762883604,0.00625021876107295,0.00512072435923024,0.0622399449743073,0.00426894413787757,0.00355975465179217,0.00368321804489539,0.00732771557035795,0.00395944970892459,0.000639458615851978,0.000183800048388553,0.484746515113568
