0.396360715102942,0.0007791958819276,0.00801127760956404,0.0178514490522973,0.0138129952677751,0.00447789578829785,0.0446979732506429,0.00324525570280773,0.00811926533401381,0.00198281307748635,0.000781724790991678,0.000607583815528224,0.00160645056414055,0.000195073086250009,0.000603779614161926,0.00915880734528493,0.0311810523634553,0.0017192348148897,0.0078194046728881,0.100930372289185,0.042628289673772,0.00421435724377038,0.0135480285373521,0.171116621425236,0.00441070203395764,0.0244288360951104,0.0293461840191935,0.0136710420108698,0.00271960516842513,0.0135528112092978,0.00178484363819088,0.0246363595202939
0.0049391590043157,0.271615718438965,0.00332147997781485,0.0322359722745885,0.048419013245459,0.0448185651800488,0.0157355300571423,0.0471687615179812,0.0920385326637717,0.0118113922321288,0.000879295889914455,0.000158582577739045,0.00237942144970109,0.00022991872800495,0.00475690579956044,0.151994504526042,0.00195802845810029,0.000558465653988187,0.000213719740924588,0.0563399641453507,0.0515395156521664,0.0135235357962419,0.0603031219894358,0.0461780436987797,0.00331732978396907,0.00143688470300815,0.00169878354688849,0.00255177266461238,0.000458616701875092,0.00274063488385271,0.00374135752763306,0.0209374714899949
0.00678904871125568,0.000993958528073513,0.380458495728588,0.0362675492463103,0.00192905002799567,0.00664234753919892,0.000356461823148814,0.0116398768893636,0.00104850162131022,0.017037384288682,0.00424907493228301,0.00288751819494809,0.00143541034526993,0.000468294911789635,0.00940026354462856,0.00617693199453333,5.66469110249396e-05,0.00619232446539393,0.000119522303687267,0.185670529557935,0.0343604903101463,0.0118093605932757,0.0491449595734652,0.173631239013675,0.000160779562339293,0.031423173435884,0.0150450000410614,0.00259576559310215,2.47547723163616e-05,8.97455475583577e-05,0.000742718431686783,0.00115282156006803
0.00033567887873596,0.00346524324910279,0.00174189990028235,0.121036049394857,0.0303061449462305,0.00271268185460663,0.0141610807927899,0.337407375076168,0.0388301961160549,0.260536161956352,0.0327061684979544,0.0058693651458871,0.00354196090954463,0.0010087921711197,0.00418624265544072,0.00272625890091454,0.000517014655424835,0.00240906564722417,8.48139852858276e-06,0.0343239870572087,0.00476273646645853,0.0152141710293659,0.0216469192072821,0.023793108099381,0.00857941925211695,0.00300926564428138,0.00338394599755882,0.01606953099429,0.000645825150819501,0.00319160158417484,0.00150718940011438,0.000366437969728948
0.00229930527571518,0.0119364410490858,0.000519531898990354,0.00356824003342627,0.454387992982302,0.00333303140994514,0.0466316780932309,0.020868803829894,0.00704961110908755,0.00222322704579026,0.0043282408084516,0.00384064750815798,3.74074628385779e-05,0.00182250344428399,0.0030343979286238,0.0848760836678156,0.00164743318168416,0.00115092788915097,9.66521818662096e-05,0.0710187469945929,0.0438926784891592,0.014720666796905,0.079955922247687,0.119359712328476,6.35143963444906e-05,0.00666236672708538,0.00221945562956101,0.00142186435332263,0.000865485211485802,0.00142603445588236,0.00163448370506348,0.00310691186409415
0.00388270687805501,0.0192211115300761,0.00411698890145189,0.155496432237822,0.000633408462614832,0.266461721338109,0.00215297090756094,0.252178633841547,0.0202045002424118,0.0224968506166511,0.0150025545128558,0.00477626897354545,0.0029456280965214,0.000318640280304963,0.00294595912690244,0.00189117976765864,0.00707614832249924,0.00441818190263932,0.000659717952086864,0.0265846631440303,0.0118198166139253,0.0155426199870402,0.0409910917599437,0.0232112961525264,0.0389589753566046,0.00481061525450402,0.0014326820036744,0.000856419424680356,0.000933099722825054,0.00346096760099588,0.0141148513691352,0.0304032977188001
0.00570816432248733,0.0203751247634734,0.00138591835523269,0.0271362350656633,0.0618579826184228,0.0085482780690489,0.270246069921594,0.0707488227279081,0.0749059870589282,0.00251145606737629,0.00191392140215836,0.00665693075360181,0.00050303878157495,0.00131776275929461,0.00553012312729866,0.00271931982031155,0.00332253729286497,0.00125438870159437,0.000165332703395334,0.0295461497011151,0.117644348551772,0.0156522264421987,0.120365845506083,0.0728615125976566,0.0108447399507467,0.00983758145573273,0.00919410020715084,0.00796219879009044,0.000799498456417908,0.00938080202135683,0.00156864934476836,0.0275349526626801
0.000472623650274309,0.00313001234065319,0.000501522455216953,0.240403537331411,0.0148374845176844,0.000902696152610256,0.00142815660468956,0.492803998352975,0.0132331476234928,0.122318682622419,0.0185861035051309,0.0035464326175408,0.00225270034533394,0.000172800684447448,0.00313985520930794,0.00181503121455412,0.000828114719722529,0.00105895018627818,3.41241791992314e-05,0.0181584013392231,0.00421407811922726,0.00625693721289791,0.0068694420757955,0.012101685006937,0.00801071822743153,0.0017866802042546,0.00348140204651801,0.0150389758823969,0.000395794986980581,0.00108592071913748,8.76224472202074e-05,0.00104636741903911
0.000799324896020995,0.000866415725080782,8.85016037717743e-05,0.0358941051474121,0.0302528195148918,0.00414110687019733,0.0488058127375164,0.0286117764605133,0.485153487912161,0.0243213800991733,0.0019246776578969,0.00925010660199225,0.00220626891170944,6.13166841578434e-05,0.00719809529426765,0.114564147317031,0.00275290983181153,0.000190250748616339,0.000167896176331678,0.0912198962308381,0.00630404897916387,0.00705308878510861,0.00728688186000209,0.0691256753010444,0.00589933032555935,0.0040238501408995,0.00376728603142559,0.00356149184995994,0.000682931944145655,0.00320100543103139,3.62754086474177e-05,0.000587837521620676
7.23077465578138e-05,0.000717905615998797,0.00070632843501622,0.255516032072111,0.01525996283503,0.00519897749239442,0.00922177025185153,0.178303997022104,0.0200679574578865,0.439303208302917,0.0182147372149015,0.0019352375420528,0.000611702501642844,0.00175015747692516,0.0014401351361949,0.00110870582780255,0.000446386424295786,0.000668900811338857,0.000110621769045595,0.00797181757892636,0.00728087870800361,0.00518498109108417,0.00634574585902515,0.00565885504883883,0.00151868027048279,0.00231265571164133,0.00237106664429872,0.00743911054893521,7.20648053958092e-05,0.00140321285840581,0.00130179035611256,0.000484108582782558
0.000579570165984939,0.000429099448185447,0.00246744588861668,0.345223521348805,0.00411495176742206,0.00781645000815202,0.00257059365772243,0.210888456403072,0.030364263186474,0.24652127055852,0.0588771306339518,0.00481056485403651,0.00351838154812252,0.000896043695163054,0.00466661117251935,0.00754901518390209,0.0015343254781472,0.00103656159482107,3.35211478580927e-05,0.00574596560430928,0.00833446015746064,0.000873672233912735,0.00368891759128713,0.00365848122452436,0.000564936206115342,0.00736491615600472,0.00474371373966556,0.0217158187387429,0.00039879360179653,0.00181727119512887,0.00382018267881458,0.00337509313076097
0.000569652178443245,0.000498280424701631,0.000704419020872284,0.324433853082365,0.015326347052144,0.00729001533868214,0.00245733348537713,0.198366811830453,0.00622041695713633,0.190987708869966,0.0173920556854108,0.11191098521844,0.0151400938161741,0.00161622266139382,0.0323128423155794,0.000522628032293422,3.71155033240323e-05,0.000224190091650411,5.37800512694948e-05,0.013743958787686,0.00394377974333298,0.000306805905341399,0.00539873980475665,0.0188079098961594,0.000683333359831685,0.000100402277968268,0.0010440989349742,0.0142146001900522,0.00424768019462678,0.00224414195077946,0.00607839435384148,0.00312140298497286
0.00205444496161664,0.00462928339568793,0.00529498185072088,0.115044818153446,0.0228293922245009,0.00798365442737491,0.00107738415615653,0.0783185236344274,0.0099367379393911,0.0451776613145563,0.010866687593945,0.00212176778513315,0.298232172078263,5.42672494315633e-05,0.0183863514564442,0.019435610018247,0.00422041043852392,0.00474004703960102,0.0014353958123957,0.0876924979051227,0.00696514083192915,0.0208824511187899,0.0851588635166188,0.0863090060545978,0.0322353920387462,0.00555481233691771,0.0022366865542929,0.000271321824966333,0.00632938211573427,0.00726618642855797,0.000581899318889225,0.00667676842497411
0.00506867160034351,0.0201618335536834,0.00507504589444836,0.0234353231025417,0.00298149464323162,0.0105166223156576,0.00199371783136732,0.080801815631892,0.0355572791502846,0.0219678942900117,0.000929211951579838,0.00672730299099436,0.039839444275213,0.462474947222654,0.115904967966602,0.0203811869503876,0.00100769722700388,0.000383392154032639,0.00106400442127795,0.00499701111666533,0.0125787109526877,0.000151509524556632,0.00198683688094547,0.0150686654834425,0.0414768052220634,0.00126704814647959,0.00644123760606693,0.00154965864381984,0.0033936775556854,0.00257804828857001,0.00269152767290995,0.0495474097329003
0.000834071610945534,0.000653653913733425,0.00226662178661321,0.148977280360222,0.00530711513390371,0.0058437199474384,0.017548605690035,0.11324128340441,0.00064551650035859,0.0763048753228364,0.0211232163674197,0.00942387301964654,0.00773753361566793,0.000213073564747116,0.37818355699898,0.00069909078522695,0.00202781106947432,0.000424590201075752,0.000142059224285099,0.0383567797556488,0.0277956813612369,0.00751057940845603,0.0370572112019938,0.0591827876670248,0.0013992110324818,0.0145349999650748,0.0110911130117848,0.00848718968919585,0.00125420585101092,0.0010038255799046,0.000199981433060787,0.000528885526105901
0.00278975424508953,0.00195896526010146,0.00107160669654112,0.0453042155424752,0.0416056823916059,0.00584862365298881,0.144940626051778,0.0611288425184127,0.378158899340187,0.0190540460136581,0.00303608532729477,0.00204941679887492,0.00091422858173139,1.5461695138619e-05,0.010852912135731,0.0272321458167542,0.00405339999446787,0.00260508399248082,0.000633060686527272,0.097130764521829,0.00611461612149623,0.00453114008626883,0.00822025551283473,0.0688348715874677,0.00886057455810813,0.000428428929374033,0.0025455698255068,0.0274754906520943,0.00523757729774101,0.0127725224297241,0.000405897513268329,0.0041892342224482
0.00136462082485772,0.000935337796180115,0.000792058482666757,0.0037703725253835,0.0168718679598377,0.00785123500270968,0.0146688572511054,0.00383512506878472,0.0362073337263345,0.00535918608165551,0.00220491779416923,0.00126313268569102,0.000502570671682075,0.000188841652275429,0.00309141614131536,0.109239813100908,0.626360780576503,0.0011296323917563,0.0110106431084239,0.00953739346823936,0.00435226307389392,0.0161057922945778,0.00202624342963147,0.0290949388670904,0.0341226705163305,0.00764800172760041,0.00865265400677799,0.00409696617653011,0.000521782523799495,0.0100799617630332,0.00160462352673549,0.0255089657835191
0.00549555422086957,0.00106443400816327,0.0045001826320876,0.0598315342684239,0.0168545802161851,0.000273680707391759,0.0468774264805963,0.051902525586762,0.0944871291784505,0.00974839078406674,0.00205553748708631,0.0133491834795567,0.000657074776250653,0.000199631412545403,0.00047785308987071,0.11781291536359,0.00875185222890722,0.348112205180378,0.00928598577040858,0.0298322583526208,0.00334547660695532,0.00200072478758312,0.0107837396016112,0.0343601838372873,0.0121110507032395,0.0301483329458131,0.0164865128950196,0.0412314208053596,0.000625140577458409,0.013071975197487,0.0114052160705732,0.00286029074740194
0.00350038411095448,0.00213786254551347,7.5174986868653e-05,0.0175000694229664,0.00163881426246116,7.99138033218052e-05,0.00994181148191793,0.0152136206536061,0.000423430262141228,0.0045530917414301,0.0012922593675292,0.000118054215508173,0.00119631582687374,0.00338616898269127,0.000382678519333868,0.00659835369154016,0.00941770497468927,0.0161467617296893,0.37558918746225,0.11087676069249,0.0649902295657075,0.0233297796376606,0.148567338878972,0.129403730298887,0.0016458687348441,0.016639059807845,0.00836612896427463,0.0018546079699634,0.00340142636313861,0.00131168564017129,0.00188755594539323,0.0185341694593665
0.00256951528263727,0.000221650927928313,4.25866124379804e-05,0.0853129882999029,0.012381863396986,1.09085030886372e-05,0.00221509306401899,0.0385279535492838,0.0138936871046512,0.0337573842019192,0.0117322958687811,0.00312844577437429,0.00996149580334787,0.000595627181445078,0.0146173837943587,0.00309064976515757,0.000613783306751116,0.0112042897060899,0.00311851685278992,0.484451672858315,0.0133245003548361,0.0551441696602512,0.149854807459859,0.00224376427921045,0.00228015192339383,0.0297729140399217,0.000110308327044725,0.000294743961495262,0.00299749271715707,0.00549424937962374,0.00512782126472965,0.00190728477821277
0.00117791481653431,0.0047998136290326,0.000211143871707064,0.0104217997136677,0.0492889351660808,0.0112598392899753,0.138465730871724,0.0115280796645635,0.00316955313773135,0.0119991818473179,0.000709144085269157,0.00941665762390854,0.00500700070138749,0.000158871044479438,0.0101674592715942,0.0750876228491943,0.00377941344046171,0.0028252101674421,8.31108700808366e-06,0.0640714167748013,0.274639485305931,0.0226625767367453,0.212875472468723,0.0234386371021138,0.0110901633738481,0.00461202900357373,0.00567164529369636,0.00482047489443893,0.0115717392965915,0.00869786793290565,0.00591117181051454,0.000455637727037475
0.00629729149055623,0.009413015669443,0.000858548761280281,0.133635644435715,0.0213162225659901,0.0244694903666104,0.018312490911819,0.196492310783974,0.0120044450082727,0.0195605583237524,0.0058759604681712,0.0057037360986339,0.00714280702252791,2.82845132940558e-05,0.0132025959440612,0.0165202981402715,0.0225036371775022,0.00322404352764168,0.00536562209603352,0.00262926438939636,0.00294749585819075,0.401167244884968,0.0334549225278418,0.00106341361372632,0.00709211087168397,0.00165772578260042,0.00250382273207152,0.0224928656334817,0.000347599744602331,0.000306862791298104,0.00078300154253219,0.00162666632205529
0.00177121574757004,0.003465588560593,0.000682118891096655,0.0173792126318819,0.0178108819493469,0.0149442749780805,0.0127416370688235,0.0725076460640355,0.0006590747168777,0.00532554279317944,0.00163520675807907,0.0297653137151088,0.00535619524365277,0.000204064630958511,0.00659943051971677,0.0172684522897543,0.0143255825611624,0.00218370143574869,0.00585046249090448,0.0121699231622994,0.0078068745351683,0.00722869057443043,0.670287993263608,0.00552966424467889,0.0058476123846879,0.00694055233559338,0.00525076760635168,0.0396034141145254,0.00281690248848695,0.000688701659372412,0.000632737234079159,0.00472056335014732
0.00573593522486754,0.00136819498736909,9.48003601462215e-05,0.112678637094075,0.0188139535576849,0.000153350178570848,0.0137157342352548,0.0458702672469994,0.0180916876939948,0.0400896557727237,0.0112891546417247,0.00360560713462519,0.0113185044590615,0.00034456919768854,0.0228997927776758,0.00275647962589801,0.0015510170725943,0.01050853469912,0.00927540036654161,0.220741691720048,0.00923754891479898,0.0625825952265916,0.120516585921692,0.199865742129638,0.00944658553292753,0.0152876104147515,0.00287702358789693,0.000483474706192308,0.00703665692971732,0.0108282598707359,0.00882841224826432,0.00210653647012884
0.0101944228697117,0.0118425441378549,0.00414930954228846,0.0163563539710305,0.0294652624602199,0.000588897681786667,0.0213686452624657,0.0115101051840941,0.0562392574885828,0.0121680931931733,0.00189230786540197,0.0369576645222389,0.0231062424180691,0.000470071987142738,0.00357147760743681,0.0366353657083797,0.00698807969208988,0.00336200074573332,0.002987069566783,0.0213720221470876,0.0257801370910668,0.00670128585394341,0.00760953042441037,0.0256385512300505,0.414743096884919,0.0265014137947136,0.0408031588263288,0.0889953518846268,0.00806628979905587,0.0112939077846075,0.014718867370644,0.0179232150040618
3.98441075467854e-05,0.00216945913143982,4.95212573229964e-06,0.106941584848385,0.00622833910613326,0.00137809709525464,0.00695484123068176,0.0671865572948133,0.00614825505346984,0.0447234647554121,0.0190140104840553,0.00382269301953988,0.0159366367921853,0.00105784053561693,0.0194869603553106,0.00416160857940228,0.00113259634763185,0.00810968240444286,5.83899340518854e-06,0.0137357996396587,0.0269241617788187,0.0475208273988627,0.0849973990119384,0.0480897889974357,0.00130634537429653,0.439679342660749,0.00988915565815703,0.00852468234019491,0.000517030030546158,0.00313385762595425,0.00115240024644426,2.59469764841022e-05
0.00347755400263249,0.00010509919332114,9.95652103809423e-05,0.148719819597829,0.00238613086047201,0.00047743590482118,0.00131139064268714,0.0825024559119361,0.0237918115660809,0.0579946568285925,0.00615311419916881,0.0199470220864653,0.0076285336944539,0.000124543506721945,0.0335289795279572,0.00638251404875723,0.00523366528847256,0.0086237153403098,3.751593052194e-05,0.0320693683013244,0.0174836888760992,0.0760675039525809,0.0685921332836716,0.0781431045472675,0.00621916391812146,0.00649439685193924,0.268693284295984,0.00535611868882484,0.00243497791570328,0.00181999296412525,0.0263616842374925,0.00173905882528342
0.000285752296916769,0.00148628260375141,0.000551174715434569,0.247893003251364,0.0137835390413868,0.00434523593407407,0.00229036463216359,0.136684673348532,0.0101520674415454,0.11088901660609,0.00285945616809159,0.0115802378418457,0.0111354939671329,5.83935002229192e-05,0.0176882042927035,9.47971317439891e-05,2.83291667233668e-07,0.00164278492281511,0.000139388258647792,0.010416738584958,0.0131997640223485,0.000994322390739587,0.00885265002492332,0.00558109844272923,0.00427479263407139,0.00269967907667924,0.00383265121987253,0.346877235065855,0.0152754869920739,0.00880386504481617,0.00254803641746805,0.00308353083733544
0.00017623908411945,0.00519065116908964,0.000146308595368447,0.0195223525381878,0.0169991158984402,0.00184515286359284,0.0145434225301892,0.0132122670362564,0.00499294651790416,0.0210804727368791,0.0249284515730278,0.0214900609337569,0.00409467554728666,0.00480177126589142,0.0113470719136196,0.020467420275711,0.00077432346665328,0.00106011722737308,0.000379915341899026,0.087565211860566,0.002568999786263,0.0358627855489365,0.0351194041010684,0.033190681248454,0.00243999929966679,0.016757651748524,0.0256663109495283,0.0505318411539393,0.496805232412323,0.0185795541061856,0.0060094078248323,0.00185018344446658
0.00120860764060905,0.0031200303229501,8.43573966795853e-05,0.122502967532106,0.00021083404426217,0.00179025374194075,0.000790213061843466,0.0446210219792818,0.0140679810928203,0.0374986318685673,0.00138533830115508,0.0227542462696825,0.00545875475936231,0.000198619980141804,0.00270195720805162,0.00742268728086166,0.00227521583332799,0.00168997468954637,0.00537138752208402,0.244347600658122,0.0100587347165605,0.0106332543163236,0.0345210141331182,0.18783047015506,0.000836044310671249,0.0100329154393076,0.0026627311296865,0.00460392868588835,0.000464787707918663,0.21665945380283,0.00149740231159505,0.0006985821076441
0.000957574069282817,0.00595047823775955,0.00131648237651255,0.134804647470571,0.00867999024311143,0.00258048476921405,0.00991030545590053,0.0698671183515195,0.00368725814995239,0.0464868011332585,0.0109383221560532,0.00865540026770666,0.0200912751318988,0.00118716092177669,0.0130694651744415,0.00681510923278757,0.00419350329824184,0.00361862055681904,0.00353665065043316,0.0829616331428683,0.0157254708661885,0.0202835876314509,0.0247091486674952,0.0810046865885068,0.00788240896589494,0.0104703710086327,0.000415479826049905,0.00371686587058622,0.00071876558143082,0.00190928785359966,0.390554768610152,0.00330087773990336
0.0179361955380416,0.0120705550814988,0.000837670095384977,0.0729510209713678,0.0170622991648713,0.0100087333988094,0.0238713250208992,0.0978832376952606,0.00614168526779578,0.00746631364126064,0.00308882587138902,0.00446507679964246,0.0233270628235272,0.00112995828349375,0.013398492971027,0.015127587163133,0.0481954151512575,0.00493012960546967,0.00246197647475119,0.0108681864932321,0.000213890007598209,0.0553613025275392,0.00246698970433361,0.00654906050262633,0.0204269298578992,0.00441917371389634,0.00402604025577487,0.00772352353800802,0.00858657315400919,0.00775480337531512,0.00673153659085253,0.482518429260034
