0.3284100230790511,0.009440858409328349,0.005771169595502013,0.06365530095905456,0.045945582420410754,0.023902248910574922,0.03738194528460417,0.056131944118470466,0.050678193421569075,0.03455559753564212,0.014145936962748814,0.015497579873000975,0.010448904069236523,0.0013939620538025643,0.0033346643643455747,0.03793320680568064,0.016282625486841187,0.0036184722636128375,0.0031016586503406,0.04250884738074879,0.02264434701540241,0.006157743489531887,0.017592078724512024,0.042600940922639774,0.009423140253331814,0.009473962455148612,0.009142407053977024,0.0324671163552772,0.004299438942709662,0.0038550013780786875,0.003537749247780904,0.034667352517043136
0.006300890314723638,0.31115965543826984,0.014359879777697525,0.040258075477146084,0.021263578496569825,0.033334313913077014,0.03525830650429735,0.040848587548405785,0.049558261948141294,0.023623486650509302,0.00731354248072715,0.014753745599721015,0.005060180836426174,0.0021938745027459245,0.0019207210715023876,0.044129773127412494,0.006342747452864874,0.004728920950033113,0.0009713384636243327,0.061445770962627065,0.04539883280216243,0.01571202628401919,0.0455301458479358,0.07707665850356962,0.00653117812084985,0.006302798953508174,0.008092330259507527,0.020226223071450864,0.0046004935630078,0.0018823431918299249,0.0037081382402805747,0.04011317964535513
0.007968280626689188,0.006201092397104987,0.3940483738327331,0.027673136109886184,0.05913638341859705,0.03284843676608123,0.023471915177293835,0.023676962931187675,0.047152602686101705,0.023679697664815837,0.010649633248538652,0.010928383815174,0.006648649283315937,0.0018354863178202414,0.0031118339365672244,0.043897601024909014,0.0012931482138317427,0.0030924734093647622,0.0029398424269182627,0.07452992294442284,0.013232601933421937,0.009241665928823212,0.02234157977109465,0.07842581530554701,0.012221846645600287,0.013553396207644175,0.009034709882784875,0.023515616019625075,0.0014476736423462452,0.0015545573797864324,0.0017790221477042125,0.008867658904267339
0.0018086251372639503,0.003321578704518225,0.00266615491001365,0.1655120935461911,0.0404212518954907,0.01939751673473265,0.026736837223146088,0.2259110357076674,0.013515424549100425,0.1385797969215924,0.04306653770255016,0.05598102486761763,0.01841685235953294,0.002480253494942287,0.012290169803369874,0.017692910920936063,0.0009605138595378172,0.003248538968945799,0.0011555876843785103,0.04727482653433262,0.006340519950294738,0.00999484530043666,0.015462622789511037,0.055428707610983015,0.0063871015282513256,0.0126568571349032,0.005493086223000149,0.035144028571638466,0.0014366960357976375,0.0011064503796042115,0.0027217021675553484,0.007389850782163062
0.001196741023057485,0.00304260857624799,0.0010661481644731875,0.049802729083084474,0.3829808030895882,0.014740054269211203,0.02618171871809674,0.06577409338049546,0.04360056926518126,0.012018627662334537,0.0067959404833612255,0.012747651443067911,0.005577549159216397,0.00164887361610205,0.003184274498162725,0.05507754893373462,0.0011170519724873,0.0017000581427516434,0.0009141694133033264,0.08792403047744198,0.02374424603615086,0.010264941121915314,0.0305559652125522,0.08054258762252842,0.016357666984754916,0.014536623998807674,0.009317120923640199,0.017453112275097722,0.0027577432379586003,0.0022582469906569876,0.005281380790361738,0.009839123434174374
0.0028761446094499594,0.005125961868263499,0.005881155709211588,0.092534253913032,0.021618893142742276,0.3281681502997257,0.02833491954203876,0.12456142014069035,0.02217683305685946,0.03727829742007627,0.017735681590293123,0.008919127170736212,0.005680806489798487,0.0009763719410838203,0.0019981146304035376,0.020117552660516735,0.0011905019633894312,0.006870574830293725,0.00245435067266564,0.05307469978934925,0.0203248940286923,0.014084814623322523,0.01492139146911474,0.04939087847613963,0.026645442289046,0.012661299061026537,0.01746674978407644,0.02318946903180196,0.0017654220433319875,0.0032252794170476626,0.006438983200360287,0.022311565135419074
0.0028427529857992,0.0095525976490599,0.00173046681397585,0.091193966438758,0.0786573411213425,0.018105945085767773,0.261492773287062,0.09021368297678853,0.032668870067581166,0.026315156564921588,0.013965619546207965,0.022710168202543412,0.00625143361082185,0.0028568967450338994,0.00405762606449315,0.041527057131307096,0.0006842508786909684,0.00472440914697305,0.0019720922732724038,0.055924899318440184,0.0358427049525747,0.005725584693250112,0.0229843561805919,0.049005802360354934,0.04492132808980928,0.015060291654430775,0.008612824807978288,0.02656326338904151,0.00311465283575375,0.003507638046019737,0.0038368544931929125,0.013376692588160512
0.001572034123432775,0.00280366640162005,0.002383097435265628,0.12303361546602426,0.021649972552513743,0.020565541219756282,0.02299962639075735,0.414195414852456,0.01201483962058026,0.08570434915693916,0.024332267665865114,0.037867251590262975,0.013852625790314214,0.0021179080525877123,0.0067552211484711655,0.023151826301865876,0.0010129395167454915,0.004091316905739338,0.0010694594261759166,0.046873940068103824,0.0071568743736422,0.0075906389594263875,0.011620516469743424,0.05085018982288811,0.0036981602463731877,0.013562004292465676,0.007430723348535063,0.0165729213476845,0.001103201588625575,0.0005861322481238,0.0017487491475636227,0.010032974469450636
0.0024578071995357983,0.002168653744828275,0.0025166335241498966,0.053681366710924314,0.025780636719882764,0.008518350723259899,0.027176896267077498,0.046482476623394525,0.48195736524300414,0.020896113574428752,0.013795316396632085,0.022295370088432062,0.006216777984331225,0.0008713634957821012,0.003391704937017675,0.04731521327993837,0.0037249136611476625,0.005792120579029537,0.0014003174444739,0.047970799588448916,0.014199799833676788,0.010412043155694925,0.02159014755587015,0.04878178913539594,0.017389827720142692,0.007708473216026438,0.009446260191503285,0.027694272022073124,0.0026557106648653376,0.0024752461659980126,0.0016909512400759099,0.011545281312956976
0.0008203429589139018,0.00184658523886206,0.0015466818128266624,0.12690080799332812,0.03142610105035895,0.010176587095566838,0.015618313384200907,0.11829940788118573,0.008386286989093989,0.3642823631308549,0.04161047432941861,0.036187733452919986,0.013894947338099851,0.0013681678283105627,0.013240763041677013,0.013083043099137336,0.001661228557169538,0.002336269054510119,0.0006746192654672207,0.05100605014033863,0.0055996145753725995,0.006623946702697087,0.014576832811233049,0.05809137960696546,0.007573645592490538,0.009294875641093563,0.003851101224450262,0.029524460968203964,0.0015411021791183453,0.0013132115476652197,0.003375684550313834,0.004267370958154226
0.00177689518361335,0.0023219243640845125,0.005593416080838684,0.1141223006476928,0.04700737600133637,0.011341794665064124,0.02895028464700376,0.10045890421269052,0.011798046269951526,0.1079441323177476,0.19838144067897723,0.04189121367880301,0.02779856448780859,0.0014640439555072624,0.011498323705760852,0.02821767567143095,0.004072184368506563,0.0023813232248629627,0.0009723507982740284,0.06570693393536013,0.009289085698479225,0.005631093577666694,0.023660212150297587,0.07256278544590375,0.010208138988821112,0.01958422749454896,0.005904505357628688,0.022044000405381462,0.0057808666446719,0.0013953543992932874,0.005460585011884263,0.0047800159301074245
0.0010813083385785623,0.00348062101546655,0.0015447157431223624,0.08941062186274164,0.040324896328105396,0.038337395421560325,0.029678301307961952,0.0722940716744288,0.010263382736949812,0.05137364614242172,0.016495614032902013,0.3063243903793208,0.007170990758033774,0.0046465374410644255,0.017842771076396213,0.02735123807498755,0.0019495875557366915,0.0019677928642326003,0.0013099262171471994,0.07472776369107903,0.012479722511761824,0.003996158720527676,0.02960448029835425,0.07226168612802007,0.009700693841530075,0.0151504722638287,0.012937143997284687,0.018016850505323048,0.011157796226973236,0.005452255103553863,0.007457428410195988,0.004209739330408387
0.0023474791412906003,0.003949166028471237,0.0025102678445699123,0.039573443032071574,0.08409490313469611,0.03848770873995878,0.050667524672987865,0.047151199096838306,0.030363180539203553,0.014619943467022261,0.017925489807552472,0.031605514288727765,0.25030756379655433,0.004809055021090296,0.021661986573077226,0.04986028044334857,0.0035283681263893873,0.0036534390464674884,0.0017718297486179892,0.06618286161772756,0.017092170353617375,0.010641341620641427,0.04131429854899396,0.06807523878574347,0.022824922840863817,0.00818514660890095,0.0046465994653873376,0.022112177979254525,0.0207435519068975,0.004601201764463051,0.008584565245103551,0.006107580713469112
0.002391483567017497,0.00476627174767495,0.001891733448480411,0.11104650254266002,0.028961108174246488,0.03607646364555135,0.02093393909328912,0.1470466793702595,0.015499180330257763,0.04718650527261492,0.016019790736959163,0.018628138814177426,0.009780398893897653,0.31539906567349757,0.023793441382972978,0.017347310318213478,0.0033671001699551134,0.003260902443169388,0.0016550615754514963,0.040837072663498744,0.012003070655948725,0.009534082030967124,0.011061939302673315,0.03906523041093046,0.015579385123946736,0.008590879618329689,0.003437000001298387,0.01195322077368805,0.004464584599941862,0.002063540723325375,0.0045854391379242,0.011773477757180024
0.0011639737240154375,0.0025469286865470874,0.000997529405340875,0.07985167657381857,0.05408557525736341,0.03502312910179969,0.0135045298523841,0.10560085281243729,0.030590807752714295,0.037532857645874315,0.02839301142787134,0.009475127396159825,0.014062694922420725,0.002920660631011063,0.4086320823679308,0.026082891412544627,0.002120973297651608,0.0022116803940554377,0.00098705069301345,0.01903743196177445,0.012962517808721302,0.0061248933210631,0.0162821118209753,0.0235351564877467,0.011019985295921375,0.009993476419944677,0.011478286835294125,0.015462108692220826,0.007817155746791662,0.0018420526855898124,0.0039046794118166254,0.004756110157185424
0.00521484597935434,0.00438043645319145,0.0016296195654222124,0.10781986848033862,0.044794788546021036,0.018275799065545165,0.07335833159213284,0.08770907571514869,0.1199968115046295,0.03808150591860149,0.016920474651165314,0.018138014230880177,0.008478771133999663,0.001956046822832844,0.006291820063531487,0.18099515171671215,0.0031107004551980248,0.004400698836430488,0.0017993228868650247,0.04568042144669416,0.015907803405058724,0.004638711011069999,0.03348380892650296,0.05179606506560689,0.03343874076700193,0.013830488800243526,0.00897771389629269,0.024690289995201703,0.006057114550158327,0.004602795953896375,0.0022793873951360627,0.011264575169135288
0.006333159526595525,0.003346298355994475,0.003487180159522463,0.05254624604976543,0.031239666843858087,0.0052957831699792,0.017721213524047062,0.04172587866855247,0.042120274038236205,0.025566164751845623,0.01321747536308197,0.01436843417619135,0.007128776758160413,0.0005617517332477249,0.002316506713076229,0.0765645886762488,0.3456695181969269,0.0035573053816005,0.0052767914827086876,0.05185510973744581,0.025482098584553435,0.008494417051086812,0.015229886041754587,0.0640406862956926,0.04756619450513533,0.00559691868123437,0.009607114941356586,0.02676581866751674,0.0037975760832595503,0.0033880287278339376,0.004239506535986312,0.03589363057750389
0.0021678256570735626,0.0016131450031852503,0.002120348008491575,0.050634966599357525,0.026269625379675202,0.013215352477990787,0.022429985136396803,0.038410805228599236,0.05584320172636391,0.015317771941931195,0.005276616501067237,0.011333478775178426,0.0038281552093840246,0.0010933551343506966,0.003602978915861375,0.04079671011211472,0.0060003389732519,0.35235786291093585,0.004742240697698975,0.10735622915378461,0.029008063124695473,0.012207757745609974,0.0433550218649067,0.06963881239897668,0.009077882490221175,0.014811695643650636,0.010294200050399676,0.027758816043547987,0.002354938987245559,0.004553208215586925,0.0042877760562355,0.008240833836230364
0.005600154130742223,0.0024487895448336125,0.0018404203824786565,0.04885586500511748,0.02442751187670122,0.013163183546807027,0.017233576106386223,0.04368157676920964,0.018078483858064938,0.005607687980244437,0.021037378281960627,0.015220930399567062,0.022961041428255877,0.0028126613646697256,0.0031057437478782127,0.020750271215298398,0.004777679435191775,0.006865950664333438,0.472518443963701,0.051897609633738184,0.02436595453168367,0.009452832136585574,0.03407358149565769,0.058203208925743655,0.01331953623059855,0.007325631170542737,0.004407187343358912,0.010716538694430601,0.007380244721170876,0.003181908937643275,0.014657458072991502,0.010030958404412336
0.0029508254143160344,0.001425901946836525,0.0009374019888549225,0.03225121733203112,0.0208961502187708,0.017977204446999396,0.0111389155280482,0.027406372282026963,0.017461161207200475,0.011918984045437836,0.011681360720226425,0.004919282138053675,0.0076605188332130245,0.0015740787030148087,0.002679167487762625,0.014086508263336135,0.00209068553130115,0.005236169137186825,0.0020730940161360727,0.5150001384964263,0.017460996380993726,0.03248087338197947,0.09036783667814095,0.0956186510614903,0.008723639770516588,0.014854484393726289,0.004802839823516163,0.009273419691344265,0.002350127910092225,0.005709811133946875,0.0035584606518312,0.00343372138524175
0.0020607153568017638,0.00378413972609535,0.0017718177675613252,0.03616495901471691,0.027487261409878075,0.00970028294630585,0.038974893151178275,0.043394887779862584,0.04206149714096587,0.013773584152641075,0.014458509613117676,0.011424379173811615,0.008643448847197026,0.0017012401145819246,0.0034363604222554626,0.05031420671432442,0.0028738420399507377,0.004253690234249525,0.0025748553855005855,0.10082118322509584,0.1862722336969521,0.042952740640132235,0.18068272072359864,0.08595460013536299,0.021373835859071162,0.014135004773586035,0.008706258560796664,0.012696398605056074,0.0027052043008329125,0.008201277219284786,0.004833581487478053,0.011810389781755812
0.0029559348179197752,0.00545598031319875,0.0022850514016510876,0.03670820797628856,0.030273310287708115,0.012325643718685511,0.016732002438271238,0.05299828075840169,0.03037196803663915,0.0077978474158759,0.0094225537136061,0.016836128677600374,0.010548948647234987,0.0016888670292108806,0.0024220961379628828,0.0228028238442606,0.0061400932673049,0.008592901356939887,0.0024648598722168875,0.10368013579859345,0.018819724447227848,0.33592008860190786,0.06147181628204552,0.0977638018763763,0.021168589949512512,0.011315162505610484,0.012206300272251239,0.0359565172933561,0.002198824595392825,0.0033267366220366746,0.00396381039579135,0.013384991648919788
0.001615626933931375,0.0034322497626684506,0.0014947689236163,0.021748098123351524,0.011212987782954126,0.009726888109612928,0.010069817372839388,0.035848217961092284,0.022529706153514,0.007433510092154812,0.010796896939692538,0.02319776543083185,0.006435063623973525,0.0012347095352253372,0.001673338063442425,0.01637402761296926,0.004298643921955625,0.004246499301456688,0.004513769158584002,0.12076434948861804,0.019132219469857988,0.027161962806848218,0.4257055144679239,0.11795620322895276,0.008596710082246412,0.011147549990608413,0.009696231004276001,0.04119361186244198,0.0022357703675798873,0.004254984841872575,0.003207198455155661,0.011065109129751125
0.004570103954482937,0.0023947659887290623,0.0014630640670724897,0.04694132235543279,0.03343790016706548,0.02715389714188029,0.02146913841031679,0.04346793208784621,0.02655221019222534,0.017475064343000425,0.015474143677618611,0.011537878011871349,0.007219230902334364,0.0026376912737931745,0.004667087809188615,0.023585349101527077,0.0025119321066707375,0.006250706129538662,0.0035033575287222625,0.28498693642752054,0.018551681639435273,0.04647702971347251,0.10267803691491725,0.14722147783602774,0.018863521458358436,0.017054927431215446,0.014166255598320451,0.019389297018615886,0.0034650399778204744,0.0123196893422691,0.006222659758130726,0.0062906716345785315
0.006898878434005225,0.0039115003857327375,0.002796789514963225,0.05664580042759539,0.029757476069754662,0.005749627356429811,0.061095045985238676,0.039597521575256055,0.03180823868312627,0.027607679116789036,0.00747810335792425,0.010446416556097737,0.010193656939651687,0.000947692521738625,0.002981798437438312,0.036221980927618025,0.003504647286614463,0.006160713540688536,0.0021073799958003874,0.1096989545389908,0.023625071290729587,0.015018650873615513,0.039600988690418996,0.06891558577043773,0.315142669386472,0.013840698594112012,0.013432103824534448,0.030562036384204037,0.0035296455544080617,0.00256445168459815,0.0036021339332322497,0.014556062361782439
0.0032651714098809984,0.0020884422775703623,0.0011176118292806625,0.0629078475268733,0.018799469562396903,0.017212276032619912,0.015405550782753887,0.04426334257129798,0.014783094213185539,0.012121950084843836,0.01420719938162034,0.0077719969120216515,0.017998945511406576,0.0016783594982334251,0.005119841578835688,0.01633897784023954,0.003530183322374595,0.0047343547361342634,0.001102722838726461,0.10936988341448005,0.016743424755698264,0.023473289077307002,0.03959993491807692,0.11503453524375369,0.008825098023502561,0.3824683358081435,0.008325785932255575,0.015181525122571551,0.0038101832937762503,0.0031212557741915814,0.006248877248163751,0.003350533477782313
0.0027516077687116873,0.001904811607765725,0.0008572431492129177,0.06740669860566408,0.01932874700383459,0.014964588914291616,0.023057508600147002,0.04572883838656467,0.020515036640839025,0.02662825198658029,0.011154815431391461,0.01704709709998325,0.0095979076584897,0.0014021419752295514,0.00811786773943705,0.023653236538734013,0.005010941217727482,0.00653760486520915,0.0017857436033581514,0.09357127315170827,0.020719235041865812,0.04273158562207441,0.03590042830882636,0.08304263853966903,0.011532465203031712,0.01922850527986229,0.3467683448902128,0.017174054970585235,0.0038745255102971485,0.0023463397753759746,0.011999865077281,0.003660049836037725
0.0011267671644568165,0.003544369507711788,0.00106438758075965,0.056552092104403325,0.0420973703049382,0.020096551762122602,0.022553046680647313,0.05128621042071203,0.021727007668503173,0.0387577005188745,0.01836856461211299,0.03268663148692989,0.010260284583670001,0.0017969988522521774,0.012454095440580225,0.02507132410872756,0.0019055270172957917,0.0023043196143483625,0.0013102128527726126,0.08342182089060278,0.018034498066743385,0.0038522136338127125,0.035242717947508884,0.10005717490269973,0.015203674322844925,0.013082451265509313,0.017442631161686248,0.31015294104546837,0.02140646881466016,0.00753496245938765,0.0038793812080682,0.005725601999187887
0.0020265455873606504,0.003263072690251813,0.0006873526843883544,0.03893511250238321,0.03448007123161484,0.004415338093292187,0.014070617142016649,0.03374934772205045,0.0447113209361785,0.017866777466351503,0.014907312210270298,0.027064533226301958,0.012150507408054076,0.0020377864441682627,0.008178843484647582,0.02381297501010605,0.003033292339454,0.0017931003694543,0.002382205139024375,0.07446002848034394,0.005148351222599063,0.016293811974889348,0.02665089793143299,0.0754258815321415,0.0105268376036604,0.02955815922324055,0.028414326163489698,0.03374577445940234,0.3856631101925168,0.011794742187783239,0.006922466042133599,0.0058295012989966755
0.0033468686120079077,0.002783606835864575,0.0011251266353279222,0.049109479403646836,0.012353033880529564,0.004100540499809475,0.013363714136240212,0.028639022757445863,0.015429844181937215,0.029879705312561764,0.012042033769380301,0.03332800359596329,0.0068936843431992,0.0011665325972260037,0.003707181625625898,0.017334395943162724,0.0031022968906959875,0.002771441008347125,0.002799248674385925,0.07142397827255718,0.01246021886829745,0.010588463569333113,0.02656616161763385,0.06468444884402343,0.011023376772281901,0.03131861439557465,0.024442045181583452,0.03145666855463499,0.004543430130076192,0.44387227021544845,0.01892085709014129,0.005423705785055625
0.0012916195338776896,0.002171048115346526,0.0016053725688038975,0.05164488593022126,0.043724471822843704,0.017766326721566403,0.03258644952917048,0.034147999583263665,0.008934469700028138,0.016919030234115787,0.014659984032569188,0.02558049809018581,0.01642976729352605,0.0020383481895905374,0.007392143668679738,0.014694722480255275,0.0030579278110024373,0.0032087815552432,0.0031929558181134246,0.03856829419770945,0.01794560529390554,0.00976856612031695,0.024989528837301316,0.05072265603023954,0.010619036957536536,0.010345371576881625,0.00519063404183475,0.0301481938297242,0.003913098507099164,0.004422059966266363,0.4880962532512844,0.004223898711496262
0.007272867177653625,0.010516579118450588,0.0026614253220867876,0.057794899448263375,0.04241717002997955,0.008997447994083712,0.04263210989155312,0.050394027432751724,0.03140536229699669,0.019586197316499326,0.010287902359667249,0.012133910588737364,0.007359095646322263,0.001047980819383775,0.0033321220828525498,0.0388540659819679,0.012551200183729464,0.008895146025241725,0.0030974605994775607,0.10243227321143598,0.024203803511720808,0.03905655387068899,0.03423302442173459,0.08027909569137058,0.020341617697853465,0.017294286054121075,0.010887842188874062,0.020229530771791703,0.003909186785798905,0.002289965866668712,0.0035303200191728126,0.2700755295930692
