0.470033131898792,0.0231221716517338,0.00414243984388444,0.00283368131115924,0.016540141516104,0.00120381226778017,0.00333639406408043,0.00136848382703607,0.020140660323146,0.000374373872317348,0.00178327174567203,0.00605037092675025,0.00122167453514836,0.0010354468616596,0.00548931262794538,0.0150528045602703,0.00103171466446575,0.000663773790547814,0.00374246423608682,0.182624624906591,0.000920539514203125,0.00133536228419879,0.00345210795073862,0.178039823674933,0.001581593150032,0.0132972012617373,0.00617201732711381,0.00204848606188193,0.00339201770962397,0.000968386189156615,0.00155100626625671,0.025450709178954
0.0142759328984278,0.201952073064733,0.00516330585789333,0.191639383343765,0.023615532204206,0.0201201262068017,0.0612878916667574,0.211745289759443,0.0647710582104758,0.022342282537202,0.00530968261184956,0.00343842793722078,0.000783491621949903,0.00039588631739151,0.00260341939956278,0.0282370612197686,0.00123988434266274,0.00120787351289105,0.000269084475750337,0.0426563967308246,0.00631811663615168,0.00768004564849333,0.0142789585221235,0.0226400455977392,0.000808865680035671,0.00899618790530845,0.000879704933880628,0.00288135721011996,0.000482057800617255,0.000336510134373253,0.00084891287443775,0.0307951531371429
0.010351443924709,0.00211899105367065,0.482569605872069,0.0498016195126112,0.00760891114674075,0.00802519062994923,0.0111885006184996,0.029724657423538,0.0972653189567308,0.0103367574752435,0.000490965849413009,0.0132448623452679,0.00170235528481682,0.000952018212854547,0.00455872552544844,0.0823758541245941,3.22821901376771e-05,0.000115696002906888,0.00406673751100246,0.0622391074585776,0.0102877945625237,0.00867997252215236,0.0350522377315023,0.0309230497743144,0.00527615573589632,0.000347883445051777,0.00197733654034014,0.000667756977012087,0.0113392668456205,0.000815306607320247,0.0120236985535841,0.00383993958590061
0.000216086876982972,0.000432343968745303,0.00541060459676268,0.192038605153144,0.0109151847715239,0.000147399123025569,0.0150423045732823,0.236510400174593,0.00258788269977806,0.200793712934163,0.113997253702151,0.0878878783677011,0.00478902966319788,0.000675907681302445,0.00586204431283758,0.011986737953641,0.00014421378149909,0.00148459519387567,7.59537374155386e-05,0.0113742048595985,0.00146957319557126,0.00133931143389648,0.00110432214821737,0.0171930102788909,0.00119829513804707,0.000430029871656699,0.00173430085055281,0.0665602011834455,0.00293340849754035,8.471764240478e-05,0.00262543705208271,0.000955048582472346
0.00190297354181302,0.00643532865695608,0.000154623958334894,0.164911980680992,0.0722399460055614,0.0455302720966187,0.154747294036244,0.27417886916696,0.00501018263965221,0.0140260961474478,0.00297354902365189,0.0651006872940003,0.0031055793234199,0.0018820282228973,0.0156554044321214,0.0203386741072905,0.000513700038262288,0.000214611047735221,0.000540645873947922,0.0243036512682793,0.00867586784953999,0.00364674375249043,0.00339605147042052,0.0219467429225963,0.0157131927448604,0.0011834003324954,0.00340250266544858,0.0650444751289955,0.00085557504677829,0.000420205746940779,0.000172041599856751,0.00177710317739135
0.00153779977242073,0.005011479860676,0.00830444925381127,0.021780683562645,0.0649942253214034,0.368999613036719,0.0857512412645931,0.165614256389076,0.000663272405327501,0.0215400242273821,0.0382406788529789,0.0077118879141399,0.0218378678624065,0.000257991325923485,0.00620910554892183,0.0464485206005396,0.00049132278612842,0.00340922157929683,0.00310200170213811,0.0256331122225038,0.0170274465711589,0.00544021104446435,0.00252457883028513,0.0255329842821788,0.015353675168124,0.000961804244509043,0.00283747302475387,0.0179130974745041,0.00424536975833361,0.000858685944745535,0.00405064354722585,0.00571527462068581
0.00028563710978928,0.003602065839978,1.28658289582524e-05,0.133544413878516,0.0344305088835923,0.0318031877188315,0.387400428105024,0.196482135762626,0.0144833240828716,0.0106455773891497,0.000793185444295878,0.0511509470301496,0.00228696512175653,0.00156731493978486,0.0131826974318942,0.0384853704137785,0.000302429798806097,0.00287845924918575,0.000259270893286562,0.00252096710115351,0.00583745402664236,0.00564735616902672,0.00393180140603716,0.00357680453494933,0.00870411390397782,0.000224763419131903,0.00154810218842618,0.0393775503884206,0.00176005952860306,0.00025184519356815,0.00022939772566311,0.00279299949212631
0.000217433628517266,0.000173300129200737,0.00186519583975265,0.159515383881493,0.00407522063835521,0.00249237714882475,0.00895198836420411,0.383206499738136,0.00139804596634241,0.18151129353349,0.0912939181144817,0.0623661431003474,0.00531265853569092,0.000689752573917743,0.00683897183052006,0.00762938470559378,7.23633294547587e-05,0.00169231906659485,0.000188430448555558,0.0130398622924924,0.00168074328467012,0.00190046858864996,0.00174709229204201,0.0174746556133754,0.00102991675163997,0.000455970522259261,0.000913581634784439,0.0349932492137353,0.00283740906550804,3.68961519758458e-05,0.00211904272057742,0.00228043129481689
0.00286234152528026,0.00583679504813624,0.00016071615605348,0.0185844117194443,0.0887605007810626,0.000628646048739566,0.101055561813644,0.00655601900393958,0.445232426962213,0.0196282185443981,0.00237750246769802,0.0245780097043313,0.00245506843497498,0.000458825828081318,0.00174620700700698,0.0844060923340588,9.55800796452058e-05,0.0113098058606966,0.000951085889084002,0.0197914534575667,0.0166448586724391,0.0231679385979369,0.000965708250080469,0.0223977252876907,0.0211181656659535,0.00124336768573836,0.00680033094224324,0.0517524096891053,0.000875658324384979,0.000749489025058014,0.000761262828636402,0.0160478163646776
0.000328166380253993,0.00129312766136111,0.00284169165555601,0.262998617347647,0.00355586528621679,0.00584305157442315,0.0208439834724173,0.226339073709879,0.000480211528702779,0.300715255736274,0.0630806542231254,0.0339825810732679,0.000161827900775962,8.95696150514114e-05,0.0011362134375271,0.00743791014578511,0.000240735571408886,0.000256816205789967,4.08324570820272e-05,0.0151314684414361,0.00272202629516358,7.33616288365704e-05,0.000255930663390741,0.0139236536547863,0.001173830175749,0.00193275810102142,0.00300861840236886,0.0290740600661828,0.000222570104616708,2.98905442298544e-05,0.000597835247311666,0.000187811692362441
0.000109095033249546,0.00104136259841621,0.00443413088978681,0.30314903236915,0.00455306764535829,0.00677794234410594,0.0155012097719132,0.222638781468013,9.32558498355009e-06,0.246490877515739,0.0876416953548135,0.0218449438549477,0.00102028867842803,0.000354764689636051,0.00471193429160703,0.00490593255613312,0.00013869247244045,0.000587958803401331,0.000118802044060785,0.0228592587434578,0.00529274969968678,0.000152689224651613,0.0025294282696531,0.0181352308849338,0.00261523710600665,0.00415707770755762,0.00511252821086486,0.0118062308687646,4.30819659703e-06,8.13858150632201e-05,0.000561720472186997,0.00066231683439342
7.30612948062736e-05,0.00243229881541547,0.000979120831767296,0.220824451638709,0.0212140043626018,0.00461533732565037,0.0610766532073021,0.109003672379426,0.0112266376344107,0.190714084175633,0.00492586903841021,0.0882783670815886,0.0289911440347087,0.000326012369537427,0.0625147795359878,0.0468887819795041,5.483084649788e-05,0.00256008589603764,0.000724558453277404,0.018325519529629,0.0037767086740642,0.00163790706287971,0.0196285771306413,0.0230851528169136,0.000391996991065304,0.00646979183365004,0.00137998614029025,0.0595572734898994,0.00479538186499529,0.0013570810106951,0.000902974702277077,0.00126789785172734
0.00079853905648794,0.000238056719099671,0.00177616714729179,0.230812426542087,0.0526171512775637,0.00437485656469493,0.0227127556445099,0.0815363764354145,0.000912340665190842,0.140089372178051,0.0181002329726829,0.0277002112932083,0.126702465024773,0.00152446780771852,0.0704546912053032,0.0137996644299884,0.00115487588372665,0.00248154258879918,0.000630990870926774,0.0756689247399664,0.00491151744024444,0.000796047789946839,0.00688690450742391,0.0320306292450694,0.00756413687381402,0.0129663432427534,0.016323985875672,0.040042307105868,0.00242419017632397,5.43627540844981e-05,0.000959767844152493,0.000953698097161521
0.00180854355219417,0.00108670517069196,0.0014979383587634,0.0893776137617617,0.00444444352768603,0.00554620372848141,0.00847141086233523,0.0699075761647961,0.030118405688928,0.0796545326812085,0.0503139288110127,0.0297798106883125,0.00205897313111177,0.458316335529567,0.0464522161415265,0.0267951712767919,0.000500961707015679,0.000392950985916396,0.000445937977160567,0.00569045539545831,0.00183965673201339,0.00368718479284734,0.0154167586724035,0.00185563955429876,0.0022654275246452,0.00312725525892948,1.37313347356324e-05,0.0472114787287697,0.00482003091760986,0.000653720704657325,0.000794110794070705,0.00565488984429958
0.00391135502936581,0.0033525994475578,0.00397785046973945,0.0431844292770957,0.0185364957331316,0.0225446396238145,0.00347700505450397,0.0881502107784507,0.00773698036051639,0.031313633253109,0.0200356619239325,0.0276958028806207,0.0207213331968735,0.00114216965432902,0.435345369764191,0.00129319908545126,0.0023103638733456,0.00148742928755929,0.000237144550281606,0.0989129959566405,0.00550496032438704,0.00050941777011365,0.00626482928601928,0.0414520385932044,0.0111866398585946,0.0222607773933759,0.0215423546996307,0.0481603136180179,0.00333745001956657,9.02865579600272e-05,0.00405582685201014,0.000268435826609461
0.008548015769833,0.0110179729031394,0.000118761622561275,0.00344745135205825,0.116739514367523,0.00106820493519965,0.146312536330645,0.00345151350998127,0.213574664939649,0.0156916945373287,0.00239412002779957,0.0312953949785451,0.00260140173332211,0.00142223746618908,0.0050811881239606,0.108557439646461,0.000225291867766204,0.0182513589964775,0.000564776998751063,0.103252406059679,0.0220878580858391,0.00578811539210233,0.0255052341072279,0.088884479756492,0.00536641280000294,0.0057151067977566,0.0037944713965426,0.0378793387061603,0.00280669963036186,0.000645071337001758,0.00220116352917231,0.00571010229446955
0.0120205555718321,0.030615949462631,0.00189517439035845,0.0137411663351354,0.0710706704520794,0.000957627907739232,0.0353834790810279,0.00806353081201161,0.0132515025479657,0.0130462459981101,1.27344859956117e-05,0.0118501892953644,0.00465855873299213,0.00049504935635222,0.00576547054040656,0.0426357169684409,0.470890139749331,0.000895155794244449,0.00919651695778709,0.0381665541414141,0.000976057524820954,0.0261222530841167,0.0163480871891788,0.0395913085791519,0.0639072757161539,0.00359568364786826,0.0182633601465327,0.00548553980680958,0.000580229801163523,0.000499474309620022,0.0043843443692565,0.0356343972441079
0.00198838538184432,0.0010433493889285,5.23431508768377e-05,0.032631339433846,0.0108669690905014,0.00767683874035571,0.00691071206205353,0.0355382009459785,0.00503924083994838,0.00998568251706236,0.00759053142815013,0.00838763929797114,0.00126574783576917,0.000721784126369863,0.00218496786110929,0.00285170457061183,0.00554429142781315,0.289731422052313,0.000146479045181794,0.332444489114079,0.0055307695933461,0.00221364632450633,0.000475347630510571,0.197924171578836,0.00785276821567509,0.0142336550055346,0.000454334294715169,0.00344509580616051,0.00159788207566468,0.000996108083723373,0.000894485113238852,0.00177961796732502
0.00051487907888549,0.00143681693369105,0.00129789375549708,0.0276715775526674,0.0336037572516197,0.000930697064943329,0.0237730471744547,0.0130615707555994,0.00318996804266415,0.0225431422140158,0.0060258241521224,0.00161558016576264,0.00131936387726465,0.000770060300209133,0.00146630475160551,0.0225154924784938,0.00531095110455925,0.00118901721366521,0.547120986290389,0.0754885217354167,0.0238192262930733,0.00147667029175695,0.0238389720324601,0.090997428172149,0.014618977860143,0.0290011866685906,0.0129661797982147,0.00764839442034715,0.00050407781721075,0.00184034086541602,0.000742837866637874,0.00170025602047429
0.000788913880514938,0.00628226189894759,0.00164437889883937,0.0815040151857649,0.00954975019022026,0.0143989427160989,0.0202735123421576,0.0985970955960914,0.0225865345642343,0.0267935151049169,0.0152008966937843,0.00443044563726677,0.00182064264958698,4.8448192509656e-06,0.000185778554757627,0.00950207550916375,0.00230891511277902,0.000697149756137207,0.00086141232815562,0.471049827544923,0.00315629083583389,0.000951994044412856,0.00230423957570279,0.100258274459355,0.0316091326621009,0.0172326362594851,0.0113659015682953,0.0221359057308885,0.00446021051170293,0.00897951219349862,0.00734926699400272,0.00171572618112974
0.00136624167701642,0.00888376737424033,0.00242979181777723,0.0160487504720717,0.0224188734330304,0.0152408565035712,0.00337054270369424,0.0736485989853194,0.0343896414899515,0.000467614915527508,0.0165985633459745,0.00628778561721658,0.00202466372243559,0.000577772946821259,0.00291243034363049,0.0120753353631751,0.00232694953214282,0.00291637995958711,0.000620201520417375,0.17606881335676,0.210385322493062,0.0172943267215998,0.0234370478042414,0.280408038562779,0.00521407378089267,0.00745519345512097,0.00859419342755736,0.0150616483339082,0.000513079872741565,0.00689782997581915,0.00467631088158093,0.0193893596103368
0.000143416860000708,0.003900193922016,0.000670042859100436,0.0153846837389875,0.112648339067569,6.54028121384757e-05,0.0860016933478478,0.0112896032038282,0.0240420489160264,0.00167695446486077,0.00181192913841635,0.00630865780379879,0.0082377981765641,0.000985835726834973,0.00144413455121163,0.157708336645726,0.00223976390579914,0.0184753993124326,0.000642608857189486,0.0517694936490861,0.0342902231834351,0.273134060730337,0.00159966892198599,0.0158202547035295,0.0910028560138305,0.00950842152082438,0.00572582953458554,0.0467149027668562,0.000356509177048976,0.00138783467913046,0.000894990710637895,0.0141181110983639
0.000970852345217642,0.00104711874161308,0.000225225370298058,0.0404390968635533,0.0243760927839356,0.00020396209951177,0.0187938652310429,0.0168934160927852,0.0307545726466504,0.0186344815208453,0.000772201534633371,0.00237824131854195,0.0017241371705559,0.000873073266578592,0.00894638241729303,0.0372006808710755,0.000130254722329447,0.00122990386170527,0.00280442561884982,0.139530564557819,0.0110183326543964,0.115921044481345,0.338013789360698,0.0416519671009661,0.043413970420328,0.00832065319631707,0.00779627664541087,0.0298764318605249,0.000589196713013546,0.00685205224106474,0.00352288080393118,0.0450948554871694
0.000401102548226197,0.00473393915415753,0.00184038769813557,0.0664385353468088,0.0140280870964047,0.016752997570168,0.0185924591366222,0.102902908742974,0.0258361826060726,0.0205667061294699,0.0219282129158192,0.0150546482937087,0.00216162366852737,7.55214513661477e-05,0.000301312193858227,0.00902895009816276,0.00258058445847726,0.000658164597567047,4.21178641113205e-05,0.195073533929679,0.00317984174774452,7.41181745771742e-07,0.00303165684417393,0.364990126195004,0.0298771570996251,0.0103355328776508,0.00880282296934688,0.0367019482353045,0.0042819054776497,0.00815441969112972,0.00829935341787779,0.00334651876243069
0.00654388593369619,0.000646071814895782,0.000843588556492361,0.063322329059568,0.0501408995859974,0.00241387846893566,0.0954058627051112,0.0343952739702502,0.00328782099036438,0.03039906274069,0.000929204133395057,0.0483011412432567,0.00442011973228105,0.000461237205339516,0.0248261185032661,0.0319229046968513,0.00515945024793429,0.0048340321494278,0.000231439359448884,0.124165266613721,0.0143089724389038,0.0111264861925636,0.00811717269077115,0.042561866723864,0.345637301697964,0.00147153567368796,0.00232849390772983,0.0346816842021906,0.00668137109223093,3.78796584965445e-05,3.50021115777167e-05,0.000362645899096582
0.000398584717647423,0.01480812429768,0.000780512447579884,0.0441743717336641,0.0692654409517629,0.0011446792191997,0.0797996324597293,0.00624564028362173,0.00376972498538039,0.0305287528531683,0.00493342494272305,0.0476149956772832,0.00160310162335904,0.000112013939484151,0.00639111676471863,0.0473776854247863,0.00096048336082072,0.00283072489892038,0.00464064653389347,0.0235177858793795,0.00869054604852792,0.0128079227294814,0.00141356663122404,0.00471896041191167,0.00809383471747649,0.500951870827965,0.00452214743926151,0.034627236661081,0.0060957311154743,0.00764114117118463,0.0163559711122292,0.00318362813938085
0.000457759442953537,0.00139960547606992,0.00143354087970772,0.0672386589580642,0.0336112127805485,0.00311677183619574,0.0639235916512535,0.0427391492665436,0.0200187278638393,0.0154915688780297,0.00722570888954041,0.0154457871394982,0.00023724606878744,2.72769910005077e-05,0.000115046435600646,0.0201036199299954,0.00217713220543556,0.00196914199721444,0.00428082296283395,0.0866281522344655,0.00391978788628567,0.0236528316896757,0.0520786907433092,0.107963993106777,0.0250205750488737,0.0206358256514944,0.334799052561318,0.0243256291484937,0.00465432756517513,0.00409205940350916,0.0102003112073251,0.00101639410018528
0.00142213343015455,0.00491622416119524,0.000846660563008043,0.0748318641944368,0.0146436952484853,0.00837439522888291,0.063416985865472,0.059898120817486,0.0327659570716629,0.0292284533707734,1.84036031555985e-05,0.0051525531245822,0.0177535786487961,0.00033921200071761,0.0211004987542184,0.0555270084464543,0.0014121253615939,0.000905200881359664,0.000614593488927501,0.0567269176788848,0.00630797412453526,0.00322967926819624,0.0167996930337883,0.0963803181378196,0.00154339496450277,0.00519724188495473,0.00406871457636007,0.393487858504256,0.0122475991121159,0.00452223498704113,0.00270991178760815,0.00361079767857432
0.00437662122924713,0.00355040703976862,0.000327717740265669,0.0399259359875938,0.0258627165190533,0.00778725381354008,0.0322891995150889,0.0304039557014939,0.0439979278015142,0.0261614759142353,0.00212466464415912,0.0202946444451096,0.00331338434767281,9.3867656641582e-05,0.00109858046115843,0.0287880894664155,0.00126432643305921,0.000247508595138808,0.0010982890069622,0.137730006802115,0.008970970834579,0.00394924583490465,0.0225803759761281,0.135351048411973,0.00466750112954261,0.0299906431686648,0.0590062411403226,0.0272232601160897,0.268287906517521,0.00547715775173425,0.0128770283611452,0.0108820476371616
0.00219614892241553,0.00112850359565631,0.00109668104575623,0.0364556259770092,0.000727666629542883,0.00293470994071759,0.00333006211422205,0.0291296400253698,0.0266175887970572,0.00433553421724798,0.00524060374703855,0.04723637515475,0.00793427646032803,0.0011063946403588,0.0283650823621145,0.00880275903629191,0.00178732889311235,0.000684169997402573,0.000107219169990933,0.121543695407598,0.00712340781804704,0.00728211029445234,0.0237883669034007,0.115084580369825,0.00456810882601663,0.00246653347949023,4.96880677108352e-05,0.0543823211144853,0.00947734241766946,0.43614988397031,0.00283427173371216,0.00603331887089993
0.00086660273683494,0.0061980818678805,0.000871111525543439,0.00940312410329589,0.0666044062504535,0.00445351577683877,0.0349178742661837,0.0101862663833375,0.0126445903397729,0.0239769065445114,0.0147983894255022,0.126284375013141,0.0129239942183691,0.000424006845028741,0.0331914941561967,0.0353990943319487,0.000255948538095467,0.00242687901037285,0.00303073151711778,0.0294076474481273,0.00349958565698341,0.000504671915433861,0.0060427175150117,0.0353460824750522,0.00538233438455794,0.0329709116483908,0.000550466885813472,0.131586310013931,0.000486824506820909,0.00110867230690002,0.353312075007782,0.000944307384770043
0.00225841417272243,0.0119425823929666,0.00138656677858371,0.0305767080088993,0.0514400207068264,0.0143388792472233,0.0117950012798771,0.0703663123909995,0.0348671977816153,0.00193387740934431,0.0025732236549662,0.0222780968536903,0.00862556479567684,0.000337566757908696,0.000724361704127851,0.0449413960442235,0.000405726402228707,0.00185736407633816,0.00105169602837597,0.117737574165302,0.0557020180444226,0.0525771943293295,0.0125324009258486,0.0362401844987941,0.0883062101003289,0.00643017481464375,0.00280201674352815,0.0563082804809861,0.000384067038555922,0.000117812568470599,2.55915539618456e-05,0.257135918249233
