0.279498231106565,0.00399012592557522,0.00193014769799552,0.0704820097354619,0.00221993291691364,0.00417978686960287,0.0201148379454212,0.0235721691967597,0.00723173715353388,0.0563235966604926,0.0129819160755541,0.00896848510486379,0.000338012410899588,0.000719236224466293,0.00216785751913345,0.00769532595522808,0.00160945915932449,0.00465898666591273,0.000831500066004932,0.157531887745404,0.0425621443791791,0.0130457109937029,0.0761445941095071,0.167281406848144,0.00785268511325646,0.00527542055852931,0.000103866961426472,0.00803284330897307,0.00069300752418021,0.00120549082715527,0.00108693778132889,0.00967064945950457
0.00252072735753486,0.196560666439761,0.00289443539285865,0.0219247648044592,0.0610145019108889,0.0077316768680931,0.00993318688049433,0.0656495877774308,0.00284517227339362,0.00806807296071465,0.0870009529972193,0.144235489739443,0.0430106953139986,0.000542449713430744,0.00199438428067135,0.00134327345159693,0.0028825244549562,0.00204495786267994,0.000406231925919813,0.0258030045976686,0.00849526332937322,0.0342101701587484,0.0654303478016005,0.010180506773269,0.0120265792438657,0.00182175957891331,0.0101498677043234,0.157410005606163,0.00015808950980388,0.00111848034516575,0.00509361514641198,0.00549855779914785
0.000420348962229381,0.00354979542292628,0.270394080931335,0.0326693677010639,0.0921937698511006,0.0118455464624587,0.0911559509285326,0.0989122224041785,0.00548721537567595,0.0297244171591717,0.0858330537601089,0.0918055052277089,0.0448118862107621,0.0027765762308871,0.00103266854778871,0.0177133922156138,0.000355218263558329,0.000112025553057555,0.000686977720175764,0.00128736523218721,0.0062137282164149,0.00298730618993163,0.0180262657151785,0.00214209668208703,0.00165455996608754,0.000247188986389546,0.00194875046170578,0.076762418893862,0.00136343050777708,0.000784984574233253,0.00182009645837347,0.00328178918743863
0.000784020819713021,0.000217417775666889,0.00147168151386983,0.202230361300691,0.153913491689302,0.00421794221612983,0.146089564741274,0.0881876875781848,0.0164424468661839,0.0093210040937408,0.0589411500270291,0.0981197584195718,0.042976633776819,0.00627535927808576,0.013539432111608,0.0343128647985078,0.000240553032751101,0.00143035512094164,0.000295293275297478,0.0061885552089598,0.0116318130033082,0.00336168766883438,0.00325347896421566,0.0127773509399764,0.00844162741668624,0.00176796661494201,0.00984432300165112,0.0571497687863034,0.000865650212418664,0.00131518475019993,0.00206242243051534,0.00233315256662077
0.000155184921232334,0.0019479872229805,0.00274812904964712,0.0440750133766921,0.313658073872503,0.0126308737321195,0.101678808015728,0.0982517089713752,0.010576698404629,0.0327372593724603,0.0229403412477882,0.0794121548588727,0.031119737886374,0.00255693863185655,0.00480843514372731,0.014474555521897,0.000121087519391832,0.000509400228148664,0.000807936065044302,0.00416734453995034,0.0305304437060398,0.0224742999763942,0.0341836256946215,0.0104770801116849,0.000584014452237544,0.0135964829312752,0.041740443732336,0.0511889982972288,0.00496310841872068,0.000147058079372053,0.000296347591382485,0.0104404284262892
3.76335080561223e-05,8.55536794761273e-05,0.00258880519931496,0.0145850259436001,0.0786686902608263,0.27991244094291,0.165277964049341,0.0580332680245376,0.00637377549181624,0.00599339792362457,0.0473089563775878,0.0902912605460414,0.0495106877088717,0.00504068129135881,0.0129391303022723,0.016900300982233,2.84089160222742e-05,0.0005079387695188,0.00230635615444565,0.0176015808239798,0.012375134576224,0.0169733477301977,0.0276298708803091,0.00108660944514103,0.000315699492800945,0.00334476576844393,0.023459166716178,0.0515482768508859,0.00194491001909273,0.00108020413346901,0.000413604082623657,0.00583655340880011
0.000232220948484476,0.00219498087470525,0.00448333471275892,0.0103630030223259,0.0402985652967071,0.00320438473936555,0.164027583600597,0.0247526807982754,0.00641740147389342,0.00902166264352122,0.0734621284040608,0.199646891712125,0.0817851968566126,0.00616426353252651,0.0243433278173285,0.0155789641560006,0.000367729831602609,0.000910773077891518,0.00465744483873215,0.0200068798192163,0.0296609062588416,0.0436682161973481,0.0454066308154846,0.000501218112830889,0.00709043006395371,0.0119391260325892,0.0535460388868519,0.104344323127831,0.00468566363343233,0.00296407048180496,0.000592321628693689,0.00368163660360684
0.00135416858284255,0.000464501693176605,0.00184207865501156,0.111115906245338,0.128931607029386,0.00837418203356492,0.128129113316753,0.282382536702522,0.0197262969450719,0.0211475595014806,0.0831862511653199,0.0575495069160211,0.0343081789160612,0.00657156289389011,0.0104621588779235,0.0315698319026119,0.000297954685742677,0.00144892505792861,0.000195824545201013,0.00576741907825938,0.00552324360458817,0.00341279546361021,0.00022025915134864,0.00425563786902437,0.00863381123297133,4.92740165183593e-05,0.00274138547603743,0.0301926036477781,0.000874501561846698,0.00173269747098464,0.00260252085406716,0.00493570490711868
0.00285067335161078,0.0010660675221461,0.00853911161017447,0.0157273102032993,0.00783063554621309,0.0156375577478998,0.0193998817212762,0.0276534091194285,0.320433650234793,0.0388660184257312,0.0675556761237134,0.151120915650458,0.020081525210546,0.00114860239127062,0.0011911308860292,0.0224931732419807,0.000687025175854705,0.000892729887791122,0.00184440505963411,0.00283248932861718,0.0318915317171827,0.00737492645279462,0.0467625708075089,0.00912633748992681,0.00084602683724803,0.0217735795705123,0.0130447744179198,0.109370461869332,0.00144100418450337,0.000403181226014083,0.000291482093769081,0.0298221348948213
0.00173600449110268,9.41644379427742e-05,0.000121838226251342,0.0721155674653508,0.077703294168305,0.00249201936689536,0.0830265217975731,0.0432633000619724,0.00639517697353221,0.0964410294536287,0.0617852131780653,0.173188555072751,0.0536731207269219,0.00368440448886258,0.0197176375956103,0.0103703044173215,0.000611242980922075,0.000524282451000503,0.000590692598815438,0.0289570703512928,0.0183038064966515,0.00329465683602049,0.0293458412507332,0.0563571113103799,0.00669574019865814,0.00325304244372305,0.0171893358823883,0.114876909250059,0.00129151078265075,0.0025395526886897,0.00303880291349904,0.00732224964242898
0.00158633888632159,0.000153389302148385,0.000230848579447984,0.0365243833804159,0.0663619762489237,0.00187094235021518,0.0802280083514657,0.0126916532435705,0.0119154690796053,0.0212388131506224,0.287879242488577,0.118854709370554,0.0257062583141325,0.00115451042291948,0.0106941368983769,0.0131237050974786,9.07956982869578e-05,0.000441937193661525,0.000167082781932729,0.0353660309202766,0.0359810324848111,0.00298547134692849,0.0217031406446387,0.0729149207340347,0.00350676736089603,0.00762310131637619,0.0258438431005352,0.0914814117534006,0.00274846288919551,0.00275400959331066,0.0042381771502145,0.0019394298667247
0.000434408241240798,0.00125628098022082,0.0022994513754796,0.0173923925460248,0.202228028751733,0.00886384338793508,0.166271938799357,0.0774434394597091,0.0110290362157633,0.00159378048735393,0.0156266211526132,0.314812091801577,0.0341159340893275,0.00753387863054872,0.011103723669399,0.0360698747594488,0.00146537658700471,0.000333516331335774,0.000443171323510314,0.00779676040609637,0.00415237424613607,0.00711869953017292,0.00215504420698622,0.00719005555013472,0.00396730279281435,0.000674807048610408,0.000330453318420579,0.0468074209958461,0.000482090714678966,0.00208682004365068,0.00543852295494492,0.00148285960192547
0.00145928427004225,0.000930160407547129,0.00245350577945519,0.000106089845911689,0.0958062427919603,0.0054760231347917,0.0951902051716754,0.0230018728168618,0.0145009356972645,0.0176183229902769,0.0028305640798421,0.0522630406688124,0.333993354534372,0.00277672244510096,0.00358472584425978,0.0203079436713279,9.5476536137515e-05,0.00034322612131483,1.11103191183513e-05,0.0532560788244193,0.0525737920036012,0.00061141856161056,0.0240555739066128,0.0992547077152672,0.00138892036805425,0.0105006417948002,0.0240461159274248,0.0488030467585775,0.00337356619099353,0.00299831318145365,0.00522777814958893,0.00116123949152355
0.000259919648883148,0.00239140142953789,0.000275582988285364,0.102515427057782,0.144756420318827,0.00691666541347519,0.052095914501897,0.212396657297295,0.00525105755484207,0.0116569446881781,0.00190252724635013,0.125609164830328,0.0222424615099407,0.141327675261148,0.016508741360696,0.0174691915484634,8.26188271893736e-05,2.46861119930209e-05,0.00165864727082214,0.0099287973286676,0.0195151807633216,0.00202544724870513,0.0087768162906464,0.0222003185400414,0.0033223893098202,0.00188105479143818,0.00759591661499989,0.0528687617256947,0.000974637854600552,0.000712446864904191,6.08030858113831e-05,0.00479572471541541
0.000515188088501689,0.00222461676850774,0.00201502851467558,0.00480395600679411,0.161493374562289,0.0114498010687996,0.107376551920409,0.0283560250014673,0.0139192046026203,0.0240981176528705,0.00575523180442076,0.178988444544497,0.0636930601255501,0.0422540092554425,0.134221529206764,0.0337241445557759,0.000976457977355697,0.000482275894944465,0.000239943762846303,0.0152239045740451,0.0197978430916963,0.000567442478603427,0.0103278886391939,0.0315235400385577,0.0116554820670634,0.00346098481972017,0.00292752227937259,0.0804678815778772,0.00079519895855785,0.00129441545078367,0.00224833344273707,0.00312260126726034
0.000423115318228415,0.000228054276435533,0.000470448443184124,0.0967690635486326,0.0754293374467887,0.0137122068168105,0.132978808090457,0.139400424475885,0.0298808416332308,0.0359896832733115,0.0707042627979288,0.0496453142927705,0.0143537666491325,0.0012112729270115,0.00332773881749707,0.222823206551946,0.000174564793032683,0.000942113924246984,0.00249487592469039,0.0209265890193689,0.0175273947106787,0.00592078760676114,0.00144475762604692,0.00212833423427078,0.00585143391605162,0.005386622258692,0.0105313275450489,0.0332839532399654,0.000814459983420186,0.000400163998926216,0.000200972810352869,0.00462410304919653
0.00473485275551089,0.00362495283959657,0.0111002446916137,0.0236329536186915,0.102729756860112,0.0528141644138013,0.0104518101175854,0.0544856583531834,0.00105973400297494,0.00888087075513159,0.0379651681377902,0.0608705439848667,0.0100355552914789,0.0022514411188086,0.000405388093241235,0.0164756269733126,0.336797105298673,0.0103669730556819,0.000515002053223015,0.0187940253569605,0.00996418688248066,0.0203986312151714,0.0887108498381986,0.030406106630637,0.000975852682468059,0.00251348198789402,0.00184037649681376,0.07187555896323,0.00103062198255004,0.000813043732623167,0.000851426114414925,0.00262803570128056
0.00490943856060454,0.00277405552232403,0.00475823995083159,0.0105091192175367,0.0413420172437546,0.0465679811607029,0.0679540291993349,0.0295986522861103,0.029262800394448,0.017834078712839,0.0074065839902941,0.023070106547604,0.00554800692768357,0.000935492185876371,0.00513872275092787,0.00353225263462664,0.0140598885338502,0.418657287266754,0.00213169211086966,0.0574672810277974,0.00386827304714539,0.0544318426772722,0.037609427379926,0.0374946836120281,0.000143578535097389,0.0172282783553864,0.0200148042099736,0.0242850289363032,0.00826044925687968,0.000418520923370832,0.00195773157035943,0.000829655271487522
5.30639480764612e-05,0.000962121682409749,8.54445884853967e-06,0.0252616670622989,0.0157429377976198,0.0154210775048572,0.0698193196985814,0.0308776846604673,0.00892718074868534,0.0128667316824692,0.0227102650007357,0.181472011123879,0.0101625777507376,0.00048335909769539,0.00195642860986811,0.0150981032601668,0.00263888964589828,0.00116966138478032,0.169623946931458,0.0232534685586113,0.0448725989664787,0.00144289552408564,0.065520793095827,0.0684370399527829,0.00230800073064427,0.0418747334772705,0.00994069323907747,0.137781158744581,0.000710868041654405,0.00181500546332817,0.00237911484121739,0.0144080573149093
0.000320228813131863,0.00502587694727598,0.000689722616214415,0.0236312764203714,0.00578747779313563,0.00721913317040771,0.00611776457478674,0.0167996488338155,0.00401195579424576,0.00971961582640948,0.00255840835230887,0.316850873268208,0.016249033859105,0.00144845316848723,0.00470583051137339,0.000213589064748805,0.00211911766652296,0.00268421792637574,0.00322066590312308,0.128426877119819,0.0389986968484541,0.0220329317593086,0.058660710819188,0.0479400751008274,0.000146884531838951,0.00302611807972569,0.0296260473831001,0.213482179623626,0.0170896429088099,0.00712718569415413,0.00374435533843022,0.000325404282669134
0.00225211470115026,0.00229737790667345,0.0014140315981759,0.0356007706796565,0.070190733428753,0.01442853475563,0.11098027843777,0.0849889041964589,0.00787585360391624,0.0506440217486966,0.0543586702254336,0.110711331706204,0.00117704753028632,0.000435526962454046,0.00151042152949371,0.0279646829637313,0.00152654208247911,0.000374087422257237,0.000951636493744555,0.0240017229342286,0.224756588476017,0.00374314111837798,0.0155133850653905,0.0465750583752879,0.000219582759597724,0.00431269630855853,0.00189531905057523,0.0925028275555931,0.00257696368805383,0.00262700212890533,0.0010826219311979,0.000510522635252113
0.000189690619827245,0.00169002747166442,0.00196911034023955,0.0197657302616539,0.0264477355892288,0.0150176094118574,0.0372676626343678,0.0461267902234269,0.0021759104766561,0.0163519895418828,0.0151030374082482,0.180914372730659,0.00674296367079694,0.00161469919152847,0.00222375242077034,0.00760529417131725,0.00297450317019829,0.000362569592688995,0.00365323198482097,0.0563296491968325,0.0257198927295992,0.220886839778137,0.0364416333571716,0.0846769125580238,0.00348943194124794,0.00259513386038384,0.00249620399734835,0.170559645099695,0.000290992370825869,0.000416473661449796,0.00101352279140028,0.00688698774605107
0.000302982384556115,0.00284329622497885,0.00474147570216075,0.0252902730549543,0.0555830808971849,0.0099725011444431,0.060643174330105,0.0705780331016403,0.00212907717303643,0.0389234149800503,0.0455357897641249,0.185334526546926,0.00371021648545289,0.001215034292627,0.00410114865371924,0.0154553469738503,0.00214385297992915,6.31716047386961e-05,0.00371453727440825,0.0762733574416458,0.0164225931501499,0.00559074770079172,0.0953813804490314,0.0943851392850262,0.00390864609790441,0.00828047938615138,0.00225832777653906,0.157192825996824,0.000441182705988806,0.00220039327961124,8.10665165396108e-05,0.00530292664490971
0.000565087158390525,0.00388243358998505,7.95868210334997e-05,0.0198624937115878,0.013065506046892,0.00895797409577173,0.00533374522993233,0.0118350746724936,0.00158127966116327,0.0148358438327887,0.00229034386095856,0.196550049219885,0.00746990071552847,0.000802935180620899,0.00326453717645276,0.00036732984553504,0.00101927577630123,0.00112567650047478,0.00268715382229728,0.0411444204028541,0.0278883483069965,0.00931848085606182,0.0306679039609192,0.399465703749522,0.000820376285480949,0.00150259894826246,0.0370991472144339,0.138378495919839,0.0122149963143451,0.00305854053650897,0.00221217523498392,0.000652585351699657
0.0033777945219341,0.000520180460639402,0.00181417791330093,0.0693329681483651,0.145694951975664,0.0129774975330969,0.118098667856266,0.150651024056138,0.0111083298012154,0.0175197419035202,0.0195505232791674,0.0308478916604894,0.0031290948928789,0.0013745776916618,0.000473029869271287,0.0155612198818893,0.000315351536047377,0.00371335455905473,0.000842161213005192,0.0104597861931257,0.0370550277441591,0.0163322227120691,0.0708248287874852,0.0149819317803036,0.189187610049933,0.00425956243896218,0.0107113904050649,0.0268612234554155,0.00356379354518176,4.54095841383491e-05,0.0034894377365694,0.0053252368139865
0.000680094727986274,0.000833730060996522,0.00462614363819875,0.0486060588312815,0.0721366050948036,0.00196484483703625,0.0672792527430967,0.0969634265201252,0.00145335699379227,0.00189013060893758,0.00465518821429061,0.0713655092743647,0.00728776541478885,0.00179650877967369,0.000700884599978456,0.0105992443142988,0.00010653127430323,0.000180130801874049,0.0013183539534822,0.0940753131290556,0.0394390494495563,0.00750333015223097,0.0505722187525642,0.0706966151255483,0.000824483374858263,0.236490429475868,0.00752313118107609,0.0838030654639675,0.000885562837878157,0.00171184776777205,0.00087816202234891,0.0111530305839662
0.00275252771513318,0.00300403189909054,0.00971556559096825,0.0515080152204511,0.0487691748455991,0.00634295671564472,0.0258539407400549,0.0919893268738222,0.0038954523260531,0.0249075952157647,0.0394375369425888,0.0545666503939072,0.00585727996589444,0.00248681581261741,0.00364294098827792,0.003785229462157,0.00154192709881076,0.00109800933170907,0.00171648229167427,0.0867960753849172,0.0330758877419245,0.00343679358748068,0.034781782948566,0.0563443640130632,0.00264016439926346,0.00631783482804906,0.306530532702125,0.0562840877734432,0.00566269706564394,0.00321934125915381,0.00375368740894205,0.0182852914572092
0.000687403709182746,0.00165844341316463,0.00164384873588757,0.0174722093000246,0.214141626402655,0.0136200359153694,0.170481732926956,0.0689903547094471,0.0118160159030801,0.00110093843947686,0.0279986141447158,0.155871608179775,0.0560507592819832,0.00796554717139251,0.0142655804265757,0.0391282987138418,0.00288175958223563,0.000287899253171626,0.00111465516239013,0.00470873083485945,0.00237637449311731,0.0163750395301287,0.00247855560969848,0.00158778451622274,0.00566975309323532,0.00167430410732651,0.00179601047720222,0.141256854500274,0.000511482712978767,0.0026179910736617,0.00677107855109996,0.00499870912886899
0.00192041037840151,0.00188129244339965,0.00116565888468914,0.014759522687495,0.00858763280460265,0.000466221221273692,0.017630455871094,0.0103063582433242,0.00120642645460614,0.0157468913110786,0.10425237819752,0.196952651049959,0.0719002093416247,0.000763220943946632,0.000537459559889421,0.0170414272076647,0.0021567656401463,0.000974235307754517,0.000742853637204717,0.00265437531310279,0.00431470899604743,0.00329462615209023,0.00292980946506942,0.00408703032119991,0.00316179231045468,0.00989989124481436,0.0144580870113488,0.156861978952729,0.305662189146272,0.000308714748937448,0.00239711633309461,0.0209776088191653
0.00161632478211901,0.000260006843917544,0.000414395132405123,0.00683424397508341,0.0427694493576479,0.0206948458559251,0.132162444976199,0.0229725919015677,0.0165005176179989,0.0147778540651884,0.0198805273417543,0.160423262988283,0.0189943181935295,0.000369827837129062,0.00065221645385047,0.0149528093847806,0.000792613422168734,0.00111840757673401,0.0135199651640399,0.018555911773031,0.0491148378230721,0.00434640306283943,0.103523984705619,0.0136515260134016,0.00132442725747009,0.0189778968697822,0.0157383895127797,0.120304743918104,0.00229685584027918,0.139349679355812,0.00584085257796678,0.0172678684195216
0.00204792698437476,0.00059718395624345,0.000192699699536143,0.0251352601659638,0.0422849849926184,0.0178013074844965,0.0965773116465868,0.0370398815442231,0.00750797875734609,0.00362657955416876,0.0179244527851943,0.144096481914369,0.0116932360004744,0.00149214518141164,0.00497017332499849,0.00826883780534117,0.00148256131150961,0.00172342108540812,0.00657812658618202,0.0169328221842098,0.047753404742098,0.0141185431562368,0.122056608266572,0.0313793965160937,0.00235912618673354,0.0078458901313302,0.0113519403699112,0.140337558136832,0.00270822634948153,0.00185099505185701,0.148100412398197,0.0221645257300004
0.00145923496782698,0.000669008143291247,0.000657132663153583,0.0747669769586853,0.0902953730228716,0.0165016851854763,0.0955940262774982,0.118564234404982,0.0121129153364307,0.0294048826411108,0.0240672783919768,0.0548884960473658,0.00727859485492655,0.0038668867914189,0.00332412380476933,0.0114189652104582,0.000801917473438136,0.00226753568637933,0.0021071071630753,0.0160611376383162,0.0210426929080077,0.00783623396368674,0.0195458746966479,0.0103673129288524,0.00609253239472277,0.00938131367978205,0.0170183587975107,0.0400133261029443,0.00243653862332601,0.000301069534594924,0.00150306821727696,0.298354165489197
