0.129632137070529,0.00236534712763198,1.7538418510464e-05,0.0143128809375576,0.00582572235410983,0.0141255947438352,0.0246946868154349,0.0135838729580055,0.0280757002411404,0.0170479744795277,0.0532029276906126,0.0815864869067087,0.0312449430912624,0.00021443213003157,0.00136016890439269,0.00177135545347255,0.000955144195074014,0.00346498094743498,0.000821038370159262,0.0483119224667635,0.145613921919369,0.00577811374529302,0.115056371794797,0.156522012796011,0.000318439615955496,0.00665907863607202,0.0353612796794954,0.0520970760904546,0.00450940172619742,0.000274789986735969,0.002762126335759,0.00243253237166497
0.00192389342897283,0.0682092918427864,0.00174667666865827,0.00584908265085031,0.0665919985416154,0.00880286232530588,0.0767888030886221,0.00136241202267858,0.0976741666116576,0.0227447914391875,0.00716166718498651,0.144302173886872,0.01796946824831,0.000238619450493361,0.00376849589879912,0.0619591470997163,4.0402353345665e-05,0.0054532515093144,0.000611622170703986,0.00540499062311953,0.0875707736096451,0.00234301584663155,0.124969481807807,0.0394248547612879,0.00412456532442413,0.00939148353739537,0.0289095581686366,0.101379011440464,0.00186205790324652,0.000106214864782916,0.000889029500812356,0.000426136188870495
2.62589446749575e-05,0.000522330659371831,0.0279671873331619,0.0857968706340633,0.170154565152017,0.00498017339191195,0.168584588205029,0.114468948370623,0.0315948769874961,0.00931969811824445,0.110449912459401,0.0547003869295516,0.0474727310665595,0.000825283059576705,0.00094032661780948,0.0541102102766462,0.000255772236446979,0.000183767307953374,0.000218695737067478,0.000489494493270744,0.0216530327823777,0.00112201508571672,0.0145373677525002,0.00711215793484194,0.00481436182965176,0.00298931993849521,0.0139009590050874,0.0457294004028443,0.00233056318565248,0.000285261184458603,0.00123677597917265,0.00122670693832484
0.000478980578714945,0.00320313310080675,0.000926937334232821,0.18932381646154,0.171600345553431,0.00842026982156413,0.0671976172567894,0.31542115878619,0.0205295665474452,0.00882751124540593,0.0277962679035076,0.0213586407602177,0.0499870681236772,0.000335173838444209,0.00069948921151541,0.0354954581498943,0.000202791357201922,0.000934904587834439,0.000887019747961254,0.0181604903680127,0.00956423391543987,0.000417068049916509,0.0100304986735629,0.022513975726874,0.000750185119858516,0.00025621579896559,0.000373356989511964,0.0101569688906376,3.67838092851852e-05,6.88987187242165e-05,0.000263815317694858,0.00378135825514208
0.00069971577885715,0.00318834711130282,0.000142326250993064,0.137287996678215,0.0489998750043522,0.00168683033444419,0.0952500173390314,0.145942925292576,0.000239258343195885,0.000958112033435554,0.0770223699577406,0.2031355502934,0.0758638100562071,0.00385892371711464,0.00722926337862452,0.01138134854906,0.000543196136605751,8.58183337165959e-05,2.96225511343627e-05,0.00428706965822691,0.00105980561386396,0.00495063211855735,0.00110772823444225,0.000627267661880589,0.000127810066354364,0.00109636379196467,0.00195341730106869,0.165323844172008,0.00047672165543136,0.000343193068709167,0.00369392530346034,0.00140691421402517
0.00112207159763513,0.000503727227719118,0.000326316049764692,0.0810931247819998,0.1268329941204,0.052496860643099,0.145931980875283,0.098877319733845,0.0287986816324833,0.00135525565929552,0.0703156161481974,0.109777237535543,0.0441153821005844,0.00309506338250388,0.0046795278525034,0.0484182965476627,0.0018339890273063,4.8682243369276e-05,0.00044451061867634,5.07104475611679e-05,0.0318706767780423,0.000698632054987107,0.0293681675327232,0.00945550195599884,0.00300292307257716,0.00238555169950184,0.0104114937782937,0.0882310425270546,0.00169058149911003,0.000176341906453377,0.00208997410600877,0.000501764863816975
0.00282530028540082,0.00222404133802164,0.000955242800944712,0.0629047447471129,0.0717303053573442,0.00174546101889081,0.241741146265077,0.0657180106385625,0.0112650209780919,0.00171300581808366,0.0940253596309104,0.153684222931957,0.0591946931155054,0.00371099170832168,0.00429118690543043,0.0293520820981135,0.00117077747068586,0.00077041942115426,0.00106174718318075,0.00361299174439171,0.0126750137321963,0.00267816716744306,0.00859745003082987,0.000367202641820898,0.00724960722777633,0.00288705515926263,0.00851277705799465,0.136516658188379,0.00170192443772239,0.000225024199348259,0.00485751592784457,3.48527722017469e-05
0.000197138712704241,0.00233455626008062,0.000454515003408535,0.214219977860794,0.139512815555746,0.00680709924005746,0.0647365038205995,0.358675865867905,0.00639939950607411,0.00685900092763271,0.0274922694062307,0.0489000888966771,0.049194927549922,0.000526122517369431,0.00044995821519246,0.020679878029166,0.000151343764468344,0.000519817908324388,0.000553138733142341,0.00709205692946903,0.0022216716534236,0.000549721451324354,0.00312698490848374,0.0064867881729318,0.000156160144540438,0.000150133740228519,0.000434959932701173,0.0288930057789975,0.00012740548839744,5.77643776857124e-05,3.42538023098046e-05,0.00200467584401247
0.00276516396861134,0.00305713836284159,0.000710265896701544,0.0299317443763408,0.1186210389878,0.00291229093595539,0.0871355249274978,0.0366619394512231,0.250617300412475,0.00648864107883834,0.0227642119036312,0.0248506184181771,0.0121802383732243,0.00160408070266034,0.00152933812062291,0.0706812205868998,0.00203338218248035,0.00122444911585233,0.000908980065234784,0.0133170221355284,0.0779936322639812,0.00420849817944196,0.092571529930547,0.0455665183834097,0.0229675829256608,0.0102072857127318,0.0254462769564335,0.0168602325992525,0.00210620919543121,0.000495998445604066,7.16771328169202e-06,0.011574477691628
0.000398535628516879,0.0020086114389113,0.000658620994757517,0.203139186590018,0.163838762391618,0.00299674633446272,0.0879142011807916,0.257727152266012,0.0317603260555214,0.0570268129205343,0.012488839703859,0.0196353687096549,0.0298516393781053,2.72189538659945e-05,0.00298741551289117,0.0430289277426205,0.000380239794531471,0.000913395627180733,0.000523170427133254,0.0152763820570894,0.0134296845292403,0.000117915711316844,0.01426757394238,0.018413888848959,0.00171749324554384,0.00156058369093542,0.00093957570816685,0.0136572651741297,0.000173713745270783,0.000141345909896505,0.000113917849155727,0.00288548793692896
0.000548036063376304,0.00156861898599417,0.000787467799420298,0.198496364268221,0.11794799990723,0.00265137958060501,0.0704323874542363,0.218672547091102,0.0281172696636217,0.00590310818324317,0.154943038569519,0.0158418558435701,0.0577960874712157,5.70330235771329e-06,0.00490266017163952,0.0407031675765617,0.000527702576784087,0.000763931961783764,0.000825678685680282,0.0178608238411582,0.0116975509042137,0.000676975925228007,0.0106033117987273,0.0211712649994902,0.00119374062364258,0.0020950083877092,0.00124853592557646,0.00938356836251296,0.000334074944949938,0.000260157052469664,2.24424392303873e-05,0.00201753963892949
0.00127570823112737,0.000368827232685616,0.00100961670905036,0.142679328851728,0.0173504479601424,0.00248290803951288,0.0344423856916914,0.121282485624183,0.00581398072871611,0.049963613776086,0.0454751202820197,0.168344406486712,0.0455826031519169,0.00474076582455856,0.0372324850453477,0.0130961106214264,0.00285258277807629,3.5040120565688e-05,0.00127385024494107,0.0232089052803935,0.0161966736612788,0.0093266839270303,0.0418298712131992,0.0375549507897783,0.000162856492041446,0.00361385814219404,0.00350848759199609,0.138267457617988,0.0066791854098854,0.00271821824903278,0.0188625377973886,0.00276804642730676
0.00108377013121014,0.000890633197332662,0.00161895643406545,0.184932822348546,0.0793190478240779,0.00361880806888804,0.0759394261492967,0.158515438554682,0.0385174324823178,0.0142192205863205,0.128984393289934,0.0516549711221857,0.0506364776723552,0.000602136001150861,0.0128687176604376,0.0541993592423688,0.00124502717503103,0.00066759768993926,0.00148788571987536,0.0211896848078467,0.018164560390559,0.00216794611498974,0.0291770347044508,0.0235040903351605,0.00110830308720942,0.00638143732324668,0.00350033259784836,0.0259446425216971,0.00316055099213361,0.000943837994607044,0.00176290851680933,0.00199254926342576
9.13048408749333e-06,0.000431052632213304,0.000759279744294004,0.0443749319238407,0.0629086601756581,0.00803894462544703,0.00321314673075571,0.0987616235378803,0.0497163234826351,0.0153625025580625,0.0613630135137449,0.205533669445751,0.0675519004033899,0.0197518385838102,0.0129649223540601,0.0116733269077799,0.00141115105541387,0.000200643748831525,0.000683373888270953,0.000838428132210428,0.0662034635225477,0.000810054554104122,0.0679547926258526,0.0207986884972224,0.000461472476844921,0.010843312088082,0.0143791427890283,0.138202121295094,0.00122910843041141,0.00135634535214471,0.000212396807513201,0.0120012376330174
0.000282536845882007,4.5628259070263e-05,0.00037978920813829,0.138497214769731,0.0112974991781904,0.0090960231205277,0.0124596326446851,0.0855421807618273,0.0284773539184818,0.0756296201288474,6.0202383504098e-06,0.158828241229926,0.0210184978326126,0.0139682455820139,0.246298197762363,0.0104404870762543,0.00258631823887019,0.000145141748962698,0.000279967995449555,0.00965670181025148,0.0101733993259671,0.00144887988298239,0.00645513645889604,0.00941282408914775,0.00220835384532015,0.0159300118958617,0.00490975035078651,0.118146373226946,0.000494735796197818,0.000881428349620857,0.00403728159057752,0.000966526837260516
0.00630544916967106,0.00334755687492668,0.00060602366880943,0.0209036786567534,0.144866240567149,0.00669507802015093,0.142859140372845,0.0357912388140383,0.099562658004834,0.0142969056700929,0.0518545439587961,0.070907629264062,0.0226019572467322,0.00199692569970673,0.00122969576184489,0.0297547018814086,0.00367434691395894,0.00130722169997657,0.00154205204789234,0.00558101303412872,0.0694703868191567,0.00155133136198078,0.0843240742900851,0.0328112136044097,0.028012911951582,0.00880415863159639,0.0312525146203683,0.0606606704548603,0.00663038602071214,0.0006924915920045,0.000941389244621578,0.00916441408084533
0.0092538050722745,0.00458797944129936,0.000957620152733006,0.0114795342820478,0.00904209058421105,0.0118235760975877,0.0192721330587257,0.0260363721745725,0.0769364960594432,0.0324003115418125,0.0791229508105205,0.0281395489622243,0.0463249664269345,0.000131077505052965,0.00114990424621175,0.00412686290469782,0.142567580534451,0.00406269959325319,0.000579399705059599,0.0523476800327821,0.109615796138035,0.00615951522401952,0.118728191177979,0.11985140254128,0.00531808032384145,0.0096576565360418,0.0303901915502013,0.023587361221253,0.00344010317555965,0.000878583663699729,0.00259426409310591,0.00943626516908857
0.00598547906703385,0.0116951091633699,0.00121204575556392,0.0293851219119528,0.0467274813070973,0.0122935030350643,0.0485455537154981,0.0222459352925486,0.0753821807472313,0.00940814229305546,0.0169911470452769,0.115223325865189,0.0117869607172403,0.000884479010342304,0.00659913718080133,0.0718431921442526,0.00429071273966226,0.16163032245663,0.000728867210605629,0.0492149959815617,0.0376316036097906,0.0134401113826789,0.0934501639005844,0.050761856577662,0.0130119496508094,0.0126735357289026,0.00648064086151855,0.0674324070328078,0.000109526635812349,0.000741836019922562,0.000441630455967229,0.00175104550356585
0.000675408814736849,3.14970661067796e-05,0.000531794944488313,0.0653782377038186,0.0790800107760914,0.00667723460246405,0.0588988891050488,0.136203487608204,0.00389675973690706,0.0160933587827553,0.00206051340537066,0.231208515943204,0.0137748742097758,0.000912117683840444,0.00108094879626958,0.00117725395467115,0.00266212797470301,0.000412733456721021,0.0849431329425224,0.0441314570583044,0.00467143163739629,0.00281421325489049,0.00553932360019779,0.0325733692545741,0.00932734719570118,0.0100659199065354,0.00524025010307408,0.152597192989926,7.15627919166615e-05,0.00411120268859369,0.00286598024085362,0.0202918517703376
0.00163895009902931,0.000339368823365768,0.00120291008482517,0.00616200607042632,0.00165289631052659,0.000332465564560631,0.00630751547819782,0.0046519695520719,0.00370090897232901,0.00486855548271118,0.133897153050563,0.329356120497496,0.109135220560871,0.000191509348364833,0.0030093933256942,0.00690357295959646,0.000171684763483259,0.000336843174146838,0.000425504010360041,0.113119986853095,0.00178748171836026,0.00537771455940806,0.00500994277749789,0.0128548489528092,0.000844402203182952,0.00472707544238886,0.00336598455506858,0.23321990864694,0.000417056452558595,0.000605746887947481,7.25433557575776e-05,0.00431275946636605
0.00137982571482265,0.00295891530994,0.000744172957343985,0.00101537197706214,0.00599419251250306,0.00492698579335154,0.00192065958208305,0.00553065329789239,0.00156950529405308,0.0296745198814463,0.190229320082074,0.328024816176749,0.11521625503228,9.46168056719544e-05,0.000728403162645398,0.00137317837204329,7.96999793073536e-05,8.10944184287946e-05,4.73339324623407e-05,0.00227946838660484,0.0386848895017504,0.00293902186078318,0.0129877901462196,0.00312973184278297,0.000141250737774103,0.00121780338418447,0.00195743395557587,0.240559281430735,0.00164336022554669,0.000183491683744048,0.00152642372122128,0.0011605328409178
0.00166899904591594,0.00980581753294972,0.00103144100250833,0.0799357141853093,0.206347908891054,0.0240819258560384,0.101623531820341,0.131047444085762,0.0343777797805708,0.00286258981400639,0.0198985932468627,0.0222769701362331,0.0129666375906347,0.000948808626616288,4.71432854372942e-05,0.0755088060031089,0.00278241288233442,0.00171134179563782,0.000968406175559649,0.0050504973097263,0.0114197882461074,0.133794174214911,0.0286180435809018,0.0228846589135138,0.0230972319179589,0.0061754936396964,0.00284438866955023,0.0165286657919865,0.00177168999677639,0.000618003687594785,0.000984920416508322,0.016320171857888
0.00343857156095403,0.0130062078378578,0.00333119301302194,0.0329024554505709,0.126328908925496,0.0105745533249657,0.0645402563314796,0.0671186130550741,0.0320872190391136,0.0149902727867456,0.0278909653928175,0.192976006420111,0.0168414062500698,0.00184619132932516,3.72326496769698e-05,0.0556394964641087,0.00169120886480928,0.00242588748171845,0.0025958413529183,0.013610657988042,0.00633718743569344,0.00398120428372365,0.107352933680538,0.0291850130440878,0.0224875083775039,0.00191595697549961,0.00102578734334339,0.1286667633771,0.000945515287353154,0.000286013767179839,0.00202943653183678,0.0119135343772648
0.00137950912204079,0.0009738570591644,0.00102444814949162,0.00457737204691968,0.000827610547118046,0.000632911059460442,0.0124076164366374,0.0025574770013919,0.00256837113531957,0.0121158387874287,0.170193633007368,0.351080071841272,0.122247138082751,0.000235167262995154,0.00224899405232717,0.00327010554870957,6.46701110921627e-05,0.000162578018974633,0.000341515583675167,0.0163346342614757,0.00107758239349264,0.00286266566670067,0.0108115482281658,0.00697328663711457,0.000190043106135696,0.0032718098785232,0.00289729646637863,0.259765030854706,0.000686220431083049,0.000294707440505554,0.000956783450904852,0.00496950633067772
0.000341072157847531,0.000180698471116632,0.00336118632924996,0.00247713156857755,0.128204080939618,0.00202079934917664,0.166724395660234,0.0134617913560301,0.0141511936319424,0.036710782914689,0.101541171005346,0.0879983092400888,0.0335124390864521,0.000868088554374021,0.00218711168425776,0.0576811758866665,0.000203580151318629,0.000660919276436422,0.00412381961506168,0.0426351702739188,0.0101100318756825,0.0044670758916189,0.0356797528105816,0.0480633363317111,0.148546625730511,0.000517676151587759,0.00138850675510452,0.0485003092128899,0.00098548736647054,7.24707200768819e-05,0.00175088922291371,0.000872920778449429
0.00366958674163314,0.00023654826320104,0.000528872474211092,0.0221483389448236,0.0174097417482744,0.00807400352590613,0.0120360231931541,0.061811820327579,0.0226869932930576,0.0116069607245462,0.000987064395999573,0.217680092252496,0.0186192692143796,4.93001630969207e-06,0.0051749451240349,0.0366645038530872,0.00145267812870981,0.00245713583565455,0.00359928565201,0.10170662771525,0.0138915401590579,0.00597670626441243,0.0589180818162259,0.0665439501196824,0.0036949656735888,0.121679555849141,0.0151867878926499,0.145955511472883,0.000411335502081096,0.00128275467805989,0.00429999898668151,0.0136033901612189
0.00186413187217324,6.06083121153003e-05,0.000763626143600632,0.0341542819439603,0.0248032719410154,0.000585274969473167,0.0534713827521845,0.0487164596552688,0.018471092734453,0.00545906811024357,0.0128049453279448,0.2524409992256,0.0290802694975344,0.00088941735864758,0.00577431048437826,0.0330600057966385,0.000471475841236964,0.00267746475880171,0.000176074516446841,0.0661043937666075,0.00848301880732656,0.00149824850271491,0.0441235386197608,0.0220984033460217,0.00215473686564521,0.0116460918611586,0.102895758444205,0.193959668286674,0.00165112506131133,0.00142573785773215,0.00131715000974438,0.0169179673293806
0.000944287914930017,0.000414435022521317,0.000258493592303222,0.0975745124922263,0.0125010127538915,0.00154050347435283,0.0320653964131264,0.0936803282297146,0.00479552997450432,0.0289937471716895,0.0232831086231421,0.166890137917456,0.0294494931711756,0.00189967686535616,0.0206502241583661,0.00363778209964402,0.00222520173311333,2.20388323928366e-05,0.000434906498295159,0.0217115226698948,0.0149978055550385,0.0105349474865736,0.0343845037536769,0.0378007939896144,0.000277346822043071,0.000507560580583087,0.00132310459927324,0.331102669271843,0.00398458542379181,0.00198265910571548,0.0168076815419303,0.00332400226182024
0.000623212980907991,5.98793913238209e-05,2.39183909793467e-05,0.0662671650043211,0.0294419650816268,0.00266228821742252,0.0500253767339378,0.0650288717505991,0.00406485107499759,0.0117280284405298,0.031791866818953,0.311143367697845,0.0193293281454535,0.00221336128682819,0.00828378671235919,0.00403556328172341,0.000275953291025861,0.000520353013015223,0.000248099074124944,0.0244104879483813,0.00365743717525168,0.0022533738708945,0.00625831167262245,0.0115075198922188,0.000362068425394034,0.0113142083469832,0.0213637380348366,0.262676050374598,0.0329391148919474,0.00157134978959477,0.00244929927987718,0.0114698039094259
0.00197643458261484,0.000164015893908186,0.00196676814669425,0.0394307236807648,0.00298884030774339,0.00297706108690872,0.00192958982775393,0.0346195486835645,0.0102148196087191,0.00420796972320801,0.0784978099829116,0.226122134768215,0.0837904895422119,0.00034139163950467,0.000629225666763227,0.00244835535794374,0.00101600901106033,5.72443072175213e-05,0.000717174268078138,0.0465708409328193,0.0203458629809847,0.023126158929392,0.0693309632135787,0.0363968275619489,0.00484814329569258,0.000198506437634825,0.00218527326536761,0.184925916843265,0.00259428723679294,0.101232052914304,0.00995360668557131,0.00419595361686166
0.000567655106078628,0.00209290167101358,6.69500582034197e-05,0.0103434231574331,0.0048236617322103,0.0022141357393723,0.00236815309770229,0.0140293216150406,0.0365671747927229,0.0088573986180719,0.0508018040840179,0.281689408101963,0.0564449770633509,0.000216170779220977,0.00152539219149642,0.0269576957970586,0.00181109700680638,0.00253633636762359,0.000890113095965563,0.0342728536287995,0.0130662450041821,0.00227535809462346,0.0193206373173926,0.0343983656797303,0.00242732542401079,0.00289312259829023,0.00320572249876393,0.243961754089564,0.00181903083056542,1.53192035449294e-06,0.13456337216468,0.00299091067369036
0.00249071169506161,0.00475374581771554,0.00285627985964685,0.00765677868427194,0.164569274524056,0.0103530043841797,0.172229523574303,0.0124414466615509,0.0265846974148551,0.0149578673315124,0.109777791884975,0.0544107736508574,0.0605269229166055,0.00201572012881027,0.00151712128036256,0.0780922302119451,0.000896633240205567,0.00429858040198062,0.0038577098230498,0.0314056813987027,0.00410076929422289,0.00301643552593647,0.0275738992527877,0.0352541536275493,0.0561989396680012,0.00138809334163653,0.00314947486007642,0.0217585006843317,0.00197838045489738,1.35976264432764e-05,0.00620315187194507,0.0736721089075247
