0.817445482986465,0.00303084835481868,0.00444417234763371,0.00154867132081457,0.00207319001660881,0.0121881260099492,0.0181327849516944,0.00317679530683753,0.0187178662708899,0.0119814819276198,0.00472349298476332,0.00175567631437785,0.00267724903598547,0.000221110883331228,0.00453218492969079,0.0208211831813195,0.00669164064827015,0.00407852371506581,0.00100309846669197,0.0044323656151028,0.000950305608891358,0.00975542256194346,0.0157631147670351,0.000791973140221017,0.00484003961090077,0.000894356783477812,0.00607602359265882,0.00623902743456449,0.00189803887004885,0.00617128342477049,0.000711281909879669,0.00223318702767718
0.00212487720710985,0.705649464691597,0.00706096104582253,0.024151665129212,0.000931408836954226,0.0231064386726749,0.0509190904444326,0.0199021407743041,0.0215084147442971,0.000598775154624556,0.00254132652023923,0.000687408987301661,0.000353383955073873,0.00188217869662114,0.000770048048081379,0.0217315097480539,0.00240425989699876,0.000260752963836593,0.00120496779467219,0.0155497960037415,0.00832768456069072,0.0100759768264411,0.0279803195322367,0.0119731451872568,0.00364552792972171,0.0116141663528512,0.00187498764771338,0.00333139802854105,0.00559435722262366,0.000447105757549925,0.00860520366850037,0.00319125797022409
0.0055698025582843,0.00415850350062015,0.723385161468143,0.00499816750369559,0.0313010758526935,0.0215574753089431,0.0430529343422156,0.00103789139954019,0.000380610139657585,0.00458892806002349,0.0186136851118336,0.0119662968189134,0.00948500192849269,0.00399485277624376,0.0102699674196462,0.0344848930628456,0.000946316322092154,0.000291297532341402,0.00339031455247752,0.00739399424399892,0.00880252139193937,0.00337373668619489,0.00347412873633459,0.0123513337595811,0.00206817129405252,0.000305439667312201,0.00451114904733674,0.00615572851745211,0.00167405859841218,0.000152046861379911,0.0146193276352665,0.00164518790203607
0.000972268147591155,0.00155494020711736,0.000670231773401181,0.62722662193492,0.0163127432353422,0.0245089668016999,0.0568862367628731,0.045942014459561,0.00469331475903752,0.00203201251055565,0.00330740990706417,0.0194551471604773,0.0169389944352887,0.00641319965124125,0.000419508735481194,0.0395418104228623,0.000542653366688418,0.0114721734316551,0.00198372972455455,0.00498418750405911,0.00125388250425446,0.00726498335586726,0.0202919538421408,0.000712805953632355,0.0544649041931524,0.003368053149034,0.00206401967725293,0.000239902786080463,0.00987739566005559,0.00125123091174449,0.00667840694204852,0.00667429609326552
0.00105400278039763,0.000629205210800001,0.00340628216565525,0.0762383225650412,0.527855781460296,0.0301891866405207,0.00791256194661687,0.00648697016033392,0.0514426736222462,0.0533238164008458,0.0119806740755988,0.00856274610729325,0.00241191831417454,0.00141802849897391,0.00298628668079108,0.0756486837003476,0.00228997177501117,0.00627291691447262,0.00327870975364186,0.0136900031580948,0.0343854816560939,0.00457433778538085,0.00257937984592612,0.0192457180285944,0.00627637615954502,0.00278070800855132,0.00266906857388467,0.000369507941312883,0.00475153467642271,0.000397777282712824,0.018738768409534,0.0161525997008883
0.00346308130725797,0.001357202681376,0.00350842591310188,0.0457997961047141,0.0177915110888177,0.69869630320612,0.0121228197095976,0.0260849325249125,0.0489222660440027,0.00876683058488642,0.00946557056352636,0.00191165178167652,0.000132708145299494,0.000584693130333759,0.00255124095337935,0.0514216702873217,0.00303650656375119,0.00093230779419414,0.0027431235863495,0.00639155148944071,0.014746530960841,0.00106913772177629,0.00690199672083753,0.0174679180433843,0.00136608144536918,0.0010685743309905,0.00158557248586888,0.00181287127118113,0.00152323713946474,0.000252047524903588,0.000566236597822075,0.00595560229750118
0.0102700861125047,0.00298497915026726,0.000697261345100062,0.0529418978274694,0.0365935751570004,0.0190435489206503,0.675320635900983,0.00873073817718063,0.0186263222131225,0.0206203337750835,0.0200766839705505,0.00918516534805221,0.00252926344315928,0.00209191483425617,0.00216140482585462,0.0209413052380902,0.00018356362631475,0.00596970786786448,0.00550251986299637,0.0115135624409827,0.0127960499875279,0.00232655504528221,0.00874016086648876,0.0154839550569205,0.0047544944332624,0.00116146736814387,0.000407822396791094,0.00076888343476529,0.000684341104609056,0.000231483241692375,0.0149154286944836,0.0117448883325494
0.00138950158614421,0.00147519717799108,0.0040796942016131,0.0260811828730054,0.0775339379100224,0.0499987170868446,0.00533073476989401,0.605441489420612,0.0191557107219146,0.00348760365232326,0.00208766899681128,0.0519838071704831,0.000639397280881663,0.00794267239218853,0.00170852547601942,0.00499375164268072,0.000526825843487386,0.00455473071811065,0.000318352027321614,0.00291370174615679,0.0190493366387744,0.00729219452322013,0.0102778463137805,0.00791176781384666,0.0341545611451493,0.00365970346119332,0.0153647960787906,0.00779975714563283,0.0114391430297412,0.00205582322331258,0.00804288070040742,0.00130898723164581
0.0150267344655205,0.0108689583160473,0.000446558399352679,0.00107364005245938,0.0252702722378301,0.046334460375367,0.206901229752181,0.000371975030529458,0.336088935501198,0.00184663315886157,0.0142873112630745,0.0174009526893207,2.6300750926405e-05,0.000643705808823641,0.00157068785348342,0.141718533584879,0.000945106135318065,0.0172396731625509,0.00091992900513831,0.0147586634447003,0.00154745067342094,0.000734108594770001,0.0250259071630122,0.00729407595013979,0.0355760740832324,0.00134000234350076,0.000978355130736388,0.00292315024199051,0.0053578658152219,0.00210066616142374,0.0488014140631665,0.0145806687918239
0.00460288149357292,8.57743427213326e-05,0.000685430587526008,0.0161266289801794,0.0717033475618478,0.0145030739496545,0.0487859677695949,0.0148095362772703,0.0138691162400743,0.654613670297786,0.000840589232433676,0.00402334354855841,0.00277443206464784,0.00392648671821369,0.00308469459969575,0.0629119600257639,0.00166872412606375,0.000815678522930862,0.00192144618663807,0.00263602598194476,0.000784417834337451,0.00589971207669678,0.00238377182590293,0.00777137819442169,0.00194967747357308,0.0226569103268342,0.0140266923166734,0.00501363662643034,0.0112325736406684,0.00195734619582862,0.00180646957572896,0.000128605405785828
0.00120769716800082,0.00158899674187508,0.00027066520704518,0.0243643740210911,0.0586864532249484,0.0218035863093729,0.0614683493926218,0.000244095172054953,0.0278517432484345,0.0528447911418947,0.612424469803652,0.00087003256193662,0.00786408063496515,0.00078837057023008,0.00148584395759035,0.04800849059294,0.000897603828834162,0.0033517423214824,2.79004391250648e-05,0.00177192725605894,1.64528970646871e-05,0.00475585706601254,0.00328045013900957,0.000615828823901942,0.0105420347220365,0.000530533441917744,0.000783269238948585,0.0248014050144346,0.019566072737872,0.00179456046263517,0.000455659791979922,0.00503666207003262
0.000798330280613894,0.00268188915395544,0.00127106739142479,0.0870058443985112,0.00317847989096188,0.0387452772994855,0.0452060002726585,0.0272701444419249,0.00688054495293289,0.0691150537716471,0.022053271657181,0.585136484160437,0.01502562302376,6.41468439577542e-05,0.00107565915606196,0.00734207160034767,0.000956975411401104,0.00106804114380284,0.00222512470658315,0.00206002125109488,0.000211726674750768,0.0050805611868287,0.0222630516992129,0.00831274983519779,0.00025523528521869,0.0239515043247151,0.000767855356656856,5.0619436212002e-05,0.0033556744294954,0.00600292560004052,0.0101020348964969,0.0004860104664306
0.000488415951405432,0.000702014063864442,0.00127968718968898,0.00107247105924922,0.00147327396533169,0.000260121171351514,0.00128328838752057,0.000753584640819733,0.00337363263506962,0.025239047099746,0.00636102853298139,0.00274792748658761,0.781430979994949,0.000951330347299307,0.0250537285291009,0.00312213215821835,0.000222916774167028,0.000506566622127004,0.00116771426115373,0.00078549810618864,0.00809652178695813,0.00464701004760927,0.00289552660213306,0.0182516852164619,0.00892983124619011,0.00268495381492582,0.018218942177089,0.0235896224927873,0.0257376704493588,0.000386137976827215,0.0136258130028477,0.0146609262099917
0.000587055265694193,0.00145930091567758,0.0108413594369078,0.00113309991056197,0.0328866812255641,0.00170700839370886,0.043808686230323,0.00178558905876191,0.00221693813753062,0.00406831645091325,0.000683419737927281,0.0112225309115566,0.000702684882494483,0.705537443437093,0.0341499713012296,0.0157643962684205,0.00486232281815558,0.000664011956175436,0.000780562193344825,0.00562753331844503,0.0139666690048523,0.0125467615211726,0.0179080681431502,0.0187651465212598,0.0115517434086248,0.00194615189967791,0.0111166622399778,0.00795485643888831,0.00342534384048691,0.00537662108520077,0.00534711092543198,0.00960595312079055
0.00346525098373066,0.00631427414675106,0.00193415186305569,0.0446101340446558,0.0458094257774132,0.026263196992068,0.0600322957768187,0.0142712824880433,0.0190394760290569,0.00349083809145445,0.0224076771315707,0.00393060302537204,0.0360283026898031,0.000781918730994605,0.612644830883286,0.0324067232910654,0.00229858981287044,0.00215711449030969,0.000293654437376995,0.00290292624124047,0.00737798548853522,0.00632194099150133,0.00834931826273419,0.00206444987842513,0.00168031214252451,0.00132226954810222,0.0103450357979616,0.000517774421540579,0.00804727546693277,0.00129778669936309,0.0091522058010399,0.00244097857440253
0.00985896082209159,0.0105626562799043,0.000397883054146491,0.00170794828865485,0.0148175220147179,0.0102837608455034,0.106063637058665,0.000575311944986111,0.0304122884629308,0.000403632740247331,0.00309200131767827,0.00284589359163528,0.00212318201422422,0.000412555829683494,0.000666789790322539,0.746278642338794,0.000830769029493989,0.0044008741609773,0.00021355420806087,0.00339294127168661,0.00118331044835249,0.000836711209999928,0.00996467296100128,0.00182382619029027,0.00503687931473595,0.000131017615611934,0.00172028029424555,0.000244818380893475,0.00911803018278824,0.00068145671143569,0.0173936412268073,0.00252455039943352
0.0150291131614827,0.00516458913414338,0.00147959756821348,0.00405452175010413,0.00922087752645227,0.00233611851342934,0.0295694918905336,0.00036863348355472,0.0155380286566214,0.000405100215487464,0.00360211637831112,0.00347932790522753,0.000295578452947596,0.000414766584577568,0.00125693470919888,0.010869056313048,0.815102126581557,0.0145798375248106,0.00131691703055498,0.00105232421114229,0.000193153499180258,0.0220822196144363,0.0162422712332063,0.00194914713778331,0.000853832902125057,0.00281900893702975,0.00221806708045122,0.00482327017849257,0.00416886787099836,0.0039324965761229,0.00144837177455,0.00413423560422606
0.0023924653310595,5.78620676928792e-05,0.00115887768855371,0.00660013177869086,0.0146875393441147,0.00272946469309185,0.00629099637222915,0.00525290200137153,0.00836564259355603,0.000152091610031373,0.00280887489651087,0.000816963598931997,0.00128036750178733,0.000912695466456574,0.000376233524408689,0.0151232896781074,0.00197046886791236,0.579622059371521,0.00315174601162842,0.0142710687682367,0.11445779050539,0.00184693521219879,0.0556580322851706,0.10181338858989,0.0143323912025857,0.00261768655365437,0.00419299285290927,0.00921350402022504,0.00394971571480002,0.000953888541162323,0.000223987386924939,0.022717945969195
0.00151514377061444,0.000644160419776358,0.00862673906333816,0.000591453008598466,0.00575558645569803,0.00595705726276959,0.0100293654476398,0.00289066617406454,0.0236074366034418,0.00339481306111109,0.0145053755083736,0.0800564890416677,0.000938129602960251,0.00586533049024078,0.00418438848748183,0.00682345138086673,0.00353905968461479,0.000212201291963122,0.696223327971498,0.0138270319602916,0.00320756667931665,0.0212755881831316,0.0210177827761892,0.00149479460060416,0.013392818182975,0.00246233139196162,0.00203588455122696,0.0027206190383904,0.0147305172718779,0.0205563508666028,0.00693564395768152,0.00098289581303116
0.000240186424266728,0.00273080031117594,0.0037685211983335,0.00493987295233033,0.00142695474073807,0.000628861191516521,0.00227590536753451,0.00616366422278383,0.00184043887933695,0.00250494142629057,1.36085813910822e-05,0.00195943155414758,0.00212096994875126,4.45895922030953e-05,0.00559732158544215,0.00099979960772079,0.00549536324606989,0.000302842474432032,0.00927191619799212,0.771166747745529,0.0260014813511356,0.00556759634226301,0.0382867536103673,0.0452214586653668,0.00110059246513997,0.0307117054667371,0.00963329179136529,0.00514473252105617,0.000804926308900291,0.00700407050672865,0.00647968043512042,0.000550973287832903
0.0017727307693775,0.00459146275266451,0.000988760788366363,0.00149995925380677,0.00254807530951999,0.00878517539208506,0.00173476050232507,0.000592473978321675,0.00599756769892152,0.00110015334957479,0.00214994068333648,0.00028041368474229,0.00413681139907225,0.00262674381401929,0.0174504821233937,0.0123314471843432,0.00607888991961582,0.000770384063685634,0.00444372571822264,0.0220124884722799,0.765367966565629,0.00329358575151185,0.0751690779516617,0.00786509115943559,0.0106216329455515,0.017257095774923,0.00327831508755897,0.000346531317682599,0.00191672025582676,0.00372093651801598,0.00399665111203121,0.00527394870249783
0.00317605927611132,0.000848208987880064,2.46368117937837e-05,0.0020030672902022,0.016884452190848,0.00972875744221023,0.0451187827328385,0.00177635221408813,0.0579883329423469,0.00023336364966864,0.0016044091723488,0.0202296786114298,0.000633842045297924,0.00310285648512898,0.00127602844326699,0.0758204612672041,0.00795286618808468,0.0103096146320425,0.0173524525566227,0.010478196239299,0.000281201192346863,0.645201919082113,0.0177014437894261,0.00128709258402296,0.00112059524888423,0.0196232124443723,0.0101229402202877,0.000858879622378399,0.0121681548843371,0.00310948138903508,0.00127351182304844,0.000709148541034397
0.0029048664884798,0.00317367938356806,0.00126948235412485,0.0146837571680998,0.0353001175458541,0.00497109005549425,0.0881220665617368,0.000440932883127795,0.0212107696457176,0.0140332951272258,0.00856047081147078,0.0276332131211453,0.00025031620506564,0.00253074841145537,0.00953820699376329,0.0886966590371285,0.0025530121811956,0.00408135337587112,0.00602444867725059,0.00534393462060001,0.000219985274534949,0.00497020643859506,0.62185471629562,0.000909153624107992,0.00429465223697625,0.00327217917458685,0.00142194411945752,0.00383068134237378,0.00944810281437698,0.00706205329631955,0.000625665056419765,0.000768239678256536
2.60148963345031e-05,0.00209408924283263,0.000128244177636348,0.00181577144222921,0.00590722949992503,0.0022235442040808,0.015515884880788,0.00289937388583063,0.00199025518265614,0.000264520683803829,0.00844335416523599,0.0245860297052633,0.0083355560148184,0.000822417296767145,0.00307976162193914,0.0029863100220208,0.00537929643858104,0.000125891978956444,0.00760629952893982,0.0230398169177918,0.0398062629771061,0.0144741924799268,0.0201648733944648,0.710472908821853,0.00220179247460916,0.0610297143329126,0.0103561929422532,0.00832498635191337,0.00963382864105653,0.000572218892016726,0.00346356330932733,0.00222980359612934
0.00929705439244354,0.016724900951795,0.000232005002598122,0.00320660321990573,0.00081520521098525,0.00866423809572228,0.105416324671957,0.00613166658607408,0.0355529769146503,0.000584377063419284,0.00163079967442737,0.00841805815152499,0.00111638019541413,9.23446768661545e-05,0.00180395656795254,0.0028260629881685,0.00123506592216446,0.0144269243875057,0.00206716178672685,0.00871751426123088,0.0399017305312406,0.00830272897950756,0.0893088110458477,0.0155461087095297,0.594805625995058,0.000840803534972012,0.000387842693570553,0.00598089625786422,0.00447621773906205,0.00049331831318934,0.00230322335043976,0.00869307212818717
0.00133140151115609,0.00136243604444353,0.000269910988816693,0.00172926931401996,0.0334578641773691,0.0115044407405206,0.01709617982323,0.0074630341399754,0.0166409549621163,0.000508522329344229,0.00974613150973745,0.00561743509197368,0.0206966959889312,6.80035334148932e-05,3.34005543802757e-05,0.0173470197222095,0.00132108508522759,0.0005773039696085,0.00402373862855317,0.0363599024644113,0.0051498836384055,0.0014655568565388,0.0223420847542636,0.0111178004921871,0.00167375932687342,0.666103537322746,0.0569494674675665,0.000845357054727191,0.0303037893345145,0.0109065386714391,0.00155994062476922,0.00442755387652965
0.00149865747309818,0.000115921046574677,0.00375864091879709,0.00196771447684436,0.00957968767741879,0.0108406383299102,0.00680451040054292,2.53295887686198e-05,0.00345350125767954,0.000900971592200681,0.00154672173235911,0.0175520087377288,0.00565892170402572,0.00490086337408054,0.0019121178246018,0.00547334268921224,0.000433336204161449,0.00116462943915561,0.00604750946597549,0.0179958471582906,0.000290014669384315,0.0282994011615839,0.0352533334165472,0.0082178184590628,0.00945109338465886,0.0288134102304074,0.76541529870121,0.00661932077821691,0.00908742497089063,0.00504756730365525,0.00147761083421798,0.000396834998738402
0.00116834554277886,3.73518895416467e-05,0.00458371912876654,0.0137519593492628,0.00268356377069938,0.00225924106166299,0.0136566662148649,0.0064277711059282,0.0022450488048918,0.059864456275906,0.0139064242297313,0.0729401744558093,0.0132179618039223,0.00132111361668498,0.0202241734856523,0.00326809640436819,0.000231896398263301,0.000919658818200267,0.00156937084347861,0.0016390284790788,0.000222842998558048,0.00172913860722699,0.0054628334921816,0.0020401811418235,0.00140654613980313,0.0211044268952132,0.00373311742570569,0.692033995594068,0.012222465458786,0.00058150680658125,0.0231406979365298,0.000406225824030612
0.000348145150430119,0.000973759469466876,0.00212965476028557,0.00372001274360704,0.0210657373558021,0.00374306255659139,0.0337544624048576,0.00404694426453922,0.00466279077461707,0.00307378592843519,0.000134312638215068,0.00165615121917825,0.00116374930677159,0.00590686069622702,0.00585650902326509,0.0167735327816401,0.000426026348288335,0.0026002375424523,0.00236492685109702,0.00224414517381574,3.22703336381215e-05,0.0226877614818652,0.0187398851523184,0.0153599292622351,0.00176136580771415,0.00932114323860605,0.0122966787558706,0.0253528906314483,0.765194195317878,0.00253411911918331,0.00850905149842498,0.0015659024112354
0.0118817150075221,0.00766768162851542,0.00396270204159695,0.0204291564627468,0.0256720489442623,0.0401939842319642,0.0924131816201662,0.0125202768303085,0.000834537575736693,0.00637639269862824,0.00089181611516013,0.0216495625112762,0.00340066844928069,0.00447591839801527,0.00212290937045836,0.0153590955935728,0.00674828906135949,0.00309222773287857,0.00136177999967856,0.0150993372485132,0.00498160667640756,0.00810666360955204,0.00562670778126018,0.00240359372601776,0.0211561732771023,0.00347302725330192,0.0026813103365929,0.00609700400294462,0.0096656445349993,0.611190226956429,0.0278256200443535,0.000639140279398058
0.00393812973560497,0.000128913196264548,6.97670403570547e-05,0.00446068332821574,0.034617400855832,0.00600318186229984,0.0370295579512875,0.00316591278983484,0.00624591289723667,0.00077172998021799,0.000710373748077006,0.0205952369753747,0.000414819504371588,0.000266656159054801,0.00208002174303325,0.0214215662246095,1.50588819336222e-05,0.000152728274436963,0.00116569548612936,0.00420783296574459,0.000864919450686745,0.00453351399762252,0.00530181665525407,0.0136065725700855,0.0117722659841168,0.0194916398754555,0.00726498408930188,0.041937178741924,0.0136847331238166,0.00126838720496241,0.730034380784365,0.00277842792249189
0.00498973104618747,0.00360924798662205,0.000365983493734406,0.00379423983406772,0.00305624634204596,0.00954591993162299,0.0455087732313667,0.0021320188466134,0.0198779860459933,0.00803112704644782,0.000394594856985546,0.00418838829819967,0.00952794388115117,0.00642061948092176,0.0068961569967716,0.00436655467013782,0.00779026953279877,0.00320914178452711,0.00155398028017554,0.0299569395068802,0.00404329553668567,0.0104554267487607,0.0414416481453476,0.000514112778438379,0.0204711780290157,0.0050549672538474,0.00197483598075696,0.010038780266473,0.0012025488866556,0.0013423166524743,0.0112980329844725,0.716946993643821
