0.787891483762448,0.00760596293937472,0.000360131391240826,0.0108600751029964,0.00133052765785248,0.0241730700451481,0.00720773484918069,0.00406755565369037,0.0117534992576723,0.00953632392531412,0.00319676534760902,0.0151599202668904,0.00075965037267708,0.00078543424794078,0.00223143004570675,0.0100031875865827,0.00940324002899169,0.00338993074803031,0.00223673430045098,0.000554366143428768,0.0144991960047662,0.00130897728289595,0.00904514540362094,0.000166558661255869,0.00962264910927652,0.0335635464181072,0.000492984347300264,0.00239959570081201,0.00503513315470001,0.000863267548350607,0.00613127436859284,0.00436464832709517
0.00192886906130251,0.715197819593805,0.0105476537290494,0.0155021617493297,0.00782850830728393,0.0383280798399065,0.0557695866621835,0.0161231933751204,0.00411379149728548,0.00254951299079966,0.00502776383562508,0.0132153849170144,1.11165525702089e-05,0.000509151823285215,0.00528163072942998,0.00662485978014938,0.00372606609777613,0.00473612196498626,0.00110971153797346,5.22878638359952e-05,0.0161614251945004,0.00168474582233066,0.00408747635994279,0.00613350442289768,0.0420766415662627,0.00818912322478005,0.000662501330844989,0.00420291478961672,0.000163288680425544,0.00146333515555936,0.00148096580981731,0.00551080573430989
0.00738084765168804,0.0165520663455865,0.55031274825939,0.00865340681362476,0.0177080267762473,0.00697300170724461,0.0163548192987852,0.00685019760581222,0.000684900839604059,0.00110259562099094,0.0760941422313202,0.15938114651451,0.0158927005460864,0.000461637149177977,0.00194447559884941,0.00870989362451295,0.00563120217811872,0.00022575652409632,0.00380736225679688,0.00901984257549635,0.00942349963255602,0.00391967363739147,0.00221076452165424,0.00166060884536663,0.00712618809633515,0.00170070388985252,0.00261259323926221,0.00119891354320384,0.00847535849965759,0.000388098197774403,0.0453948465492596,0.00214798122974782
0.00012185580587874,0.000168206772157749,0.00132309290042215,0.633334013733694,0.0414162138995954,0.00557561381439479,0.0558978699054241,0.0405805809635588,0.0228493489404287,0.0013135154885578,0.0081081836960046,0.0111862504440581,0.00332042594922206,0.00240511613362557,0.00108582363657558,0.0661277328707111,0.00243441168550669,0.00143057587296764,0.00102293597116617,0.000897518511503027,0.00455607005267542,0.000786693268733493,0.00176143675147777,0.0103175078411687,0.0132305697032115,0.0116312133412864,0.00860285209043764,0.0101902236282815,0.00736382745843951,0.00180642040554318,0.0156077487326175,0.0135461497306739
0.00267664518838049,0.000994037355289781,0.00217915215332419,0.00225384586388503,0.636804016816825,0.0222167871967363,0.105030162055206,0.00258709397336807,0.016641773552564,0.00576228112449346,0.00476864891298231,0.00666949578014341,0.0131059618813124,0.000959520362773858,0.000316390168522885,0.107173845843926,0.00115346047223252,0.00473720439155883,0.000680262780667179,0.00776462912897163,0.00631343602597096,0.00162334307601487,0.00438779184025638,0.0015664985820302,0.00622323990836021,0.00800454008288768,0.00355485820092478,0.0179746299890378,0.00277281504224872,0.000580713205033386,0.00190982421507159,0.000613094828999943
0.000819676651059055,0.00529406495532386,0.00016388284757108,0.0214532206579522,0.0161097610523408,0.784113174185121,0.0131172845673352,0.0256812052129315,0.0141954574401057,0.0125403163173883,0.00445524047916121,0.00476843149660762,0.00797771239277288,2.74090305056955e-05,0.000727870747768623,0.0153771545647599,0.00147245821787869,0.0212142036145118,0.000858957351872205,0.00209219107833924,0.00103107789540394,0.000303185640381146,0.000900671505699348,0.00395076089099923,0.0239671682957531,0.00402209672063511,0.00205711204824032,0.00173900831487068,0.00345314844258707,0.0021052538757813,0.00299442651461713,0.00101641699372469
0.00551566658978995,0.00314466531450568,0.000338153254247179,0.0225985095315363,0.0469852456572178,0.000637625518346016,0.844881446191684,0.00560374370475377,0.0125298209764715,0.0116221999682821,0.00280000803993462,0.00847378275059814,0.00283683547606865,0.000127257127741468,0.00101163483142929,0.000126423173552383,0.00164254529083378,0.00116071395926348,0.000113981006631917,0.00195089566792738,0.00435224730772381,0.000807276245376092,0.00140498819396631,0.00123751249524852,0.00140102757908262,0.00501340730808264,0.000845345878137454,0.00609784432251858,0.00207823477695488,0.000554287876486565,0.000748583085343442,0.00135809090026326
0.000388202825538673,0.000922028492629467,0.00574520418402813,0.0436511947295668,0.0553473949719689,0.0315944560081777,0.00869176060357765,0.532408320631707,0.0707582661978516,0.0061318122397294,0.00662509511590434,0.102075582916203,0.000402276511114798,0.0097422811204332,0.00183204223479226,0.0155894212140528,0.00576626404002671,0.00631782671949053,0.000221095775152674,0.000488577925918134,0.00698698455448932,0.00248859230901902,1.52948426761789e-05,0.00025651296924007,0.0385851353195514,0.00082393929486881,0.000553545971537965,0.00141692002829636,0.0360230390231217,0.000467227170738332,0.00612112911093724,0.00156257494766015
0.0123896382194747,0.0305451984620369,0.0020584452259223,0.00709291650065535,0.00167949589553733,0.018670350572101,0.0514166679514967,0.00636452666957621,0.57302607419862,0.01194563412006,0.0179854402892449,0.0285822979028034,0.00287102650326823,3.0935358107811e-05,0.000585190292979866,0.116760659467618,0.00191837041371593,0.0129294981383156,0.00103162802911272,0.011250010633869,0.000710239785461184,0.00689629917684249,0.00209479796736219,0.00568987081563859,0.020481738243126,0.0224607470081809,0.00282307688007789,0.00184197446197534,0.00812454367549981,0.000440037312997941,0.00105854066184072,0.0182441291664809
0.000855761956361551,0.00138854596631812,0.000277363771895019,0.0330684925579228,0.0104774380045016,0.00655785269220517,0.012115382214197,0.00237831582197305,0.00717643682717399,0.723341955998591,0.0695320960493083,0.0406472871473636,0.00422720461804015,0.000746005150593214,0.00380310504636169,0.0227070051165201,0.000627523580629765,0.00142445928006577,0.00285238856439671,0.00112519396786941,0.00115981184589985,0.00144108763408122,0.00318792583019626,0.00296828372901996,0.0032220784014999,0.00781425318271989,0.00126041163500221,0.00253402615949315,0.0118487797950941,0.00268020016679832,0.0157486612414806,0.000804666046426393
0.00499812947924062,0.00891142797007238,0.00054959050500726,0.00513229180009543,0.040091411423831,0.0079433235691392,0.0567545558068011,0.0147265684961344,0.00134254665213039,0.00378869855963368,0.646003242887768,0.0458221579184434,0.00217305304173556,0.00058263842745757,0.00383146070512362,0.011835880185373,0.000876735111267687,0.00379954315885725,0.00446457547230073,0.00177299230188606,0.0062723708747544,0.00152364187300206,0.00981025123503126,0.00944251782996641,0.0470331146615377,0.0162363575991965,0.0037829614822641,0.00866670392831386,0.0263071355606625,0.00087446760945295,0.0045686428139373,8.10110595820779e-05
0.00165526715359752,0.00252740794612417,0.000285216702683483,0.049587921161957,0.0257348801880785,0.0237726607207177,0.00600260934721474,0.022818168210236,0.00986368190969116,0.0698868699569879,0.000714984858685161,0.676035538195901,0.0041891309532621,0.000703865635629852,0.00719637014892801,0.000860179543358237,0.00145586231443616,0.000160039864616941,0.000708558512745505,0.00315033430161529,0.0114205596633342,0.000442183295314043,0.00310556874573116,0.0148989820637942,0.0127811725806066,0.0223129667130824,2.62796748022652e-05,0.00634277005445456,0.00887808635109584,0.00261399782921085,0.00415287484873251,0.00571501055337534
0.00286947861321385,0.00309995726225842,0.0174823941246857,0.00338592115993325,0.0085183333256603,0.00396591241480974,0.00270329315915551,0.0011759569080537,0.00932779394937343,0.0117934468486826,0.0227867265861658,0.0422027525959711,0.779203808842342,0.000774018544682147,0.0155414095554887,0.00619328025490279,0.000248634677699763,0.000495341135297166,0.00693519495890344,0.00985836961989515,1.71563584850282e-05,0.00206615671561984,0.0108389121092261,0.000266041497159896,0.000146630113498055,0.000708377158748413,0.000822812508433575,0.0161981737907936,0.00111647964581434,0.00143946872711186,0.0175620650142551,0.00025570182368013
0.00611124653013572,0.00670521896560124,0.014825679755764,0.0113369959496082,0.00499160447499794,9.76776433884394e-05,0.00247881408007976,0.0144063494490697,0.00603299716648752,0.00428861648329444,0.00359403043062801,0.0534130969523417,0.0029133216192209,0.751221784867073,0.0272718475747988,0.00546787319404734,0.00435941375851259,0.00282031132292484,0.00659156815881023,0.0119181967194647,0.00140587007684742,0.00250864826161666,0.00745049061513878,4.41549473188655e-05,0.00277120019398301,0.0131911002556033,0.00102292596760135,0.00356597252190595,0.0241385746595789,0.000971474290663253,0.00142620134044356,0.000656741773050179
0.00162414951766201,0.00139859817077049,0.0037262282394205,0.00210771796197573,0.0396169449507058,0.0018532003016598,0.0351849020863442,0.000631473369427541,0.0146499787687763,0.010231487817968,0.00134156270981821,0.0422710624900429,0.0291306384799407,0.000614663590092311,0.693991729496797,0.00679663148606221,0.00288799990952378,9.75010100878423e-05,0.00611191255813695,0.000550023519555435,0.00771780802053997,0.00299787545306291,0.0082608649207992,0.00471784491452504,0.0334842738695706,0.00949151549168091,0.00495361290552013,0.00451330569230321,0.0257657770446824,0.000462445701172723,0.0016848483014273,0.0011314212499484
0.00788966764436046,0.0184096986662731,0.00128638430289768,0.00451871589544271,0.00202878023369613,0.00431890959559095,0.0226601432009731,0.00175865810475041,0.0575940505932751,0.0069545631761172,0.00500305118979474,0.00281872108397929,0.00101627187259507,0.000219933775659474,0.000331477082336404,0.837363214577253,0.000498767586022836,0.00498460514854573,0.000315379294619556,0.00787610018668593,0.000845859596122457,0.00138661253346614,6.16359113956376e-05,0.000952456548654697,0.0014903936788782,0.00179804778118021,6.72625221096583e-05,0.000243571567816972,0.00149916523178145,0.000447213967661842,4.7319764729235e-05,0.00331336768533428
0.0260694928227589,0.00665797978593918,0.00152724488877598,0.00268724916269902,0.00453336079633447,0.000658315298339601,0.0177557675798264,0.00501253704358403,0.0239436365314165,0.00120188250766984,0.00130769235747454,0.00612304611869721,0.000795960164696287,0.000431793280010233,0.00145980243459254,0.0399018155823063,0.774363422157016,0.02431293829744,0.00361194722541038,2.56187829499912e-05,0.0118658763761864,0.00103238677423622,0.00160088078109086,0.00148617040926291,0.000384312962522533,0.00705180422629774,0.00304527738548012,0.00237922430644122,0.0105737350186549,0.000156364409882127,0.00661877238420822,0.0114236921477987
0.00144313696474374,0.00311711304765066,0.00154824636833687,0.00290607410539835,0.0139751610056806,0.0219507174292941,0.00266845770110079,0.00234173340653586,0.0164589041243831,0.000982674490235725,0.00203823013813088,0.0672200840133681,0.000246682420635942,0.00192362524529531,0.00457765641598447,0.0260017275835854,0.00654473316255541,0.697090773555709,0.0111803589062894,0.00168479137791062,0.00777599455808234,0.00126727452174788,0.00893112891388137,0.0305148953377597,0.000365525021105603,0.0194188282749957,0.00283297362474924,0.0198314019940125,0.0125567206757119,6.61050261550802e-05,0.00102742260314042,0.00951084798583389
0.00850828130079403,0.00382983156012531,0.0144644241763223,0.00615968455594822,0.00414677535681093,0.0477601238143505,0.0850079891551038,0.0024241905140637,0.0535854080898085,0.00852671108949737,0.0187894217772032,0.0400746328889543,0.00180122221615369,0.000953042851105703,0.0014416393826802,0.10733805898096,5.87076111746256e-05,0.000874192098014531,0.526294989458049,0.00157036542770553,0.00764251189042411,0.00937128501236818,0.01213745164887,0.00574983391304271,0.00354488580517012,0.00125216644639899,0.00327878086486594,0.00651670552625441,0.00984999615952622,0.00203478493737908,0.00427964176434428,0.000732263726530189
0.00276369605680587,0.000340844514751063,0.00683798777229487,0.00510004544968709,0.0105459302440375,0.0279177080296465,0.0309837501490898,0.00910048613225662,0.0154108777397824,0.00636947998733719,0.0680207254032198,0.158919984877885,9.79285712864688e-06,1.64748433609276e-05,0.000123897428357917,0.00352314761893698,0.000420359897217277,0.000204898410472175,0.000592450604767895,0.541166192927869,0.000838469354650856,0.00687344308554935,0.0100656318085426,0.00463523018804023,0.00144514293148192,0.0141886838946921,0.00325708861424125,0.00129096953702978,0.0244187675390256,0.000261328845330982,0.0442485218947191,0.00010799136179238
0.00893395634748484,0.00407330994255634,0.0117981667301459,0.00150450994072798,0.0313339657723694,0.00566551356579052,0.0159368943053465,0.00186000471258377,0.00393521300485868,0.000161690314192158,0.00663806920952496,0.0202585846252762,0.000894116876386674,0.000242699742389494,0.00147159778858536,0.00465143305861231,0.00443579494614545,0.00383917635575017,0.000174895458199239,0.00214728255606119,0.738782471550596,0.00503368941469826,0.0132725718437263,0.00462566343215937,0.0110106794777914,0.038890858565138,0.021500858896627,0.00260077072609811,0.00428720045987055,0.000239312486903334,0.0127286433193853,0.0170704045740194
0.00570436416384156,0.000711107014425393,0.0020566968699059,0.00286214797766482,0.00648973040741727,0.00416920117795616,0.013909868714457,0.00108673466536792,0.116992407173146,0.00138679185132539,0.00595822764511739,0.0310949964570885,0.000436826346729263,0.0014110906478716,0.000371104712354002,0.144780073742316,0.00534259998811688,0.00977235639489742,0.0115675977639438,0.00477037934430483,0.000687045995729286,0.5889533285204,0.0190094400093934,0.0035477589203542,0.00217849339151861,0.00098713651520946,0.00263156235116144,0.00085791251101081,0.00142241112144458,0.000810957237334867,0.0067898881776987,0.00124976219049742
0.0104617709604741,0.0107602545897657,0.00632410715763913,0.00187965643860885,0.00721314754908727,0.0102751480402386,0.03575225399266,0.00229092246760044,0.0218702951037908,0.00310082419493963,0.00182106343329288,0.000483431500850061,0.000447150539789745,0.000490511827352189,0.00282287686163002,0.0833216023153777,0.0057426801643637,0.00413262588957953,0.002711469570744,0.021926959141831,0.000302391568836991,0.019494238961075,0.711657474517495,0.00353679155332785,0.00712492682996859,0.00738281734191955,0.00770459087972558,0.0015134086217532,0.00204986919580291,0.000274784487488277,0.00413209648752169,0.000997857815469518
0.00372067075427371,0.00157957653595446,0.00519675441489514,0.00613641060894875,0.0190474077081929,0.00366043243684272,0.00385703239066032,0.00166527722971495,0.0115944157575074,0.00037318913998213,0.00642811909161913,0.0261254152277578,0.00138247858256541,0.000145080382649619,0.00120851873662745,0.00737638620435932,0.00218403636402102,0.00497223889940217,0.00164609158703013,0.013061642120776,0.0134103089593665,0.0151631571293639,0.00693352746597871,0.72830101778598,0.00949524145472823,0.0697522879591283,0.00753744488802365,0.00108662374742387,0.00295186553791911,9.74356968202384e-05,0.0229774871474037,0.000932428054083324
0.0116154986009977,0.0376160186298721,0.00190377996132926,0.0040308357125483,0.00615945012889045,0.0254601443235466,0.00990494749883879,0.00126357286066104,0.0233324240653278,0.00550268003688174,0.00710183817885445,0.009742165793161,0.00074358440225571,0.000470560276321777,0.00141836383790913,0.0233604572947077,0.00230719946011302,0.0175439637871875,0.00401915108193286,0.00147336711649693,0.0100266954067992,0.000997969637786075,0.0265087346196974,0.0165103169504264,0.705639435061977,0.0140397354813436,0.00259920790275898,0.00271169940409335,0.00175477871085189,0.00298630583676661,0.00168929036466194,0.0195658275750039
0.0154410604782648,0.00907275703932034,0.00230750556096394,0.0193007054668469,0.00627647646773176,0.00154199610323471,0.0187346646436394,0.000529319820041362,0.0331457330169727,0.0163067742330287,0.00297352550495615,0.0105435682137652,0.0175165447233464,0.000604212360572351,0.00740127659882473,0.0227469365751827,0.00165686614286441,0.00273305152727239,0.0206902475658148,0.000812516720541786,0.00232929489758998,0.0254523175671522,0.0112481016664962,0.00104028562037607,0.00485439831777537,0.561040787860109,0.0563804411455512,0.00197656669732389,0.0924727965514403,0.00181950499539182,0.0292680431366205,0.00178172278098819
0.00837233032176224,0.00973097471769808,0.00172575325162288,0.00180649232820222,0.00190892962555479,0.00271539868988307,0.0222817696809606,0.00400267080020389,0.00025681164359329,0.000992256619063991,0.0235454709373967,0.0563655963749157,0.00267756532383867,0.000128263119898382,0.000354738187367422,0.00114643917893711,0.000669419001476974,0.003368470387552,0.0097117236520569,0.0244848662286178,0.0264133155558556,0.0393359383198807,0.0652865816357086,0.00858496371350526,0.00471685897553363,0.00122225798738237,0.654309844100766,0.00265770726936626,0.00183122736311631,0.00254146804163938,0.0112958052312935,0.00555809173534956
0.0018453812257953,0.00528307086544568,0.000319170062460279,0.0119666017463621,0.0156307480578587,0.00343184648177722,0.00895866930413228,0.0198255886017108,0.00772406015154851,0.024641318125146,0.00316020551153118,0.0254205819420723,0.00403975914068625,0.000820627116859919,0.0134790675488408,0.00234769709410581,8.70497591572818e-05,0.00088707341598089,0.00190229033041688,0.00863362483708836,0.00576861057021959,0.00234081547045587,0.00186986332512544,0.00915233368529285,0.00642834491109343,0.0105202345999204,0.000818608530808172,0.791950029955178,0.00783724185904509,0.000805931575680877,0.00153799585115998,0.000565558347044448
0.00711652923879078,0.00413760739024705,0.00015489010053953,0.0323031544832005,0.00931605792963284,0.0206505902158693,0.0170558369227812,0.00508517527248464,0.00795057562777328,0.0283383080554928,0.0272388285933944,0.102678296955873,0.00144697316274848,0.000318912245776739,0.000678869147081071,0.00294629665643741,0.000515465757660868,0.000159751116189034,0.00235782790205487,0.00338382526824035,0.00140141710296514,0.00747433943786938,0.000166793699371767,0.014147419828189,0.0176223298828935,0.00497991520216788,8.43673130094603e-05,0.0106349787262201,0.66296194446217,0.000483093096484575,0.00601384032142274,0.000195788884967847
0.000453781504236728,0.000359856656416746,0.00116206092888492,0.0260991330060883,0.0110114061655119,0.00157183471594983,0.0312500940858959,0.00162576341914444,0.00978970857780572,0.0231812428535352,0.0330627486265623,0.029222395346283,0.00131729320695195,0.0010454289753316,0.00406063899134786,0.0314391383088907,0.00212014692374942,0.00547832501423328,0.0163605689572415,0.00620297676805022,0.00649132354293519,0.00173496944805912,0.00222352736531654,0.00258086238493801,0.00275313742779923,0.00240653982539673,0.00183829420244306,0.00809822245824903,0.00387270591700711,0.725566693275756,0.00515222482739904,0.000466956292589261
0.0186800989593524,0.00427826333180295,0.00403067608456004,0.0149660374030294,0.0145056341448481,0.0150760226562067,0.0211260701695103,0.0124925833696809,0.00759886265021712,0.0171597766642407,0.0235312064127103,0.0938996587191365,3.4427512195713e-05,1.02667569557792e-05,0.000139200019241973,0.00280827467274861,0.00632907805107017,0.00325289376992236,0.00205518503488077,0.0131105500648191,0.00239706169449236,0.000372533790344635,0.000399716340283559,0.0125272841003027,0.0148876902870244,0.0329669170208369,0.00119867436172969,0.0196421410502828,0.00377269941962578,0.000240136597228199,0.636434140670157,7.62382205619821e-05
0.00308267004583911,0.00709348843245898,0.000399094087165182,0.00423326627999189,0.00412099013737628,0.00315559806799897,0.0117488146888453,0.00029999016047891,0.00122817747032456,0.00136652239067669,2.58692562979331e-05,0.0166240099922197,0.00124424653071137,3.36934643224678e-05,0.00302689887775437,0.0163417368719268,0.00903629804766483,0.00153704051477126,0.0053803776728022,0.00495264056606304,0.00525781577245752,0.000731357442093033,0.0379510447206022,0.00934222295787549,0.00865384374073213,0.0309561045860489,0.0189075039504906,0.00476353530404723,0.0057979435711976,0.00325867390028499,5.70855643313661e-05,0.779391444934149
