0.737560966738363,0.00721436180729906,0.00934546293410248,0.00540533503157553,0.00197976284827571,0.0148297050207002,0.00028490146693458,0.00260468468513383,0.0276977202258908,0.00233670728308849,0.00023697638010822,0.042276863368688,0.0016203392650643,7.63839337449067e-05,0.00254061955786527,0.0341356789580819,0.0108385728304722,0.00211120787443013,0.00149879862856475,0.00962328147574754,0.0042239586718684,0.00937957471558838,0.0160760454575041,0.00169786096187826,0.00165154803870185,0.0104802054352992,0.00990780268997709,0.0220106768744345,0.00678888663832817,0.00154647229150936,0.00134332108601809,0.000675316824762163
0.00711305360248352,0.680497802930592,0.00063286605833257,0.0106047107299344,0.00154176499327649,0.0291536052791274,0.0593668791156952,0.00857361207767004,0.00385134023442059,0.000726615133788966,0.00224778195175817,0.00163593974279018,0.00128968189308543,0.00037939128479984,8.40757385177598e-05,0.0328032556593721,0.000843640399488662,0.00199439701071508,0.00161813220194233,0.0143494526137934,0.00940837157744187,0.0195867608607202,0.0274267491868625,0.00476018255717068,0.0196944992817123,0.0207347149889746,0.0227013041195492,0.00543438166034257,0.000570145941754215,0.000844766950585989,0.00260399394872527,0.00692613027457648
0.00367575483428328,0.00619862001101378,0.690403378106465,0.00499729907936583,0.0199041400497484,0.00522760244604373,0.0161088298657035,0.000423786990628199,0.0103739316856654,0.00368222919333763,0.0295234510939289,0.0390840471422346,0.00109050027261816,0.00934433099412439,0.00177538545336716,0.0162900489708805,0.00785406858023634,0.000456241655715566,0.000310728487367685,0.00300546365591453,0.0311156274724863,0.0065573543006527,0.00749750183020127,0.0308346545330232,0.00937226533131563,0.0258200723711966,0.00409825672576885,6.48327991028252e-05,0.0100085853404933,0.000618159959215335,0.00261362792603225,0.00166922284186875
0.00185635586461286,0.000771792036596342,0.000397589802244045,0.653228786156798,0.0284719889026083,0.0160460141627289,0.092727075449018,0.00946043732597096,0.00118583274478841,0.00524068514095916,0.00100527075145041,0.0739724127666515,0.00522712415744673,0.00933853965188409,0.00419269001727997,0.00253516158657621,0.00355068987169851,0.000462246835800336,0.000236677355985281,0.00243437402010966,0.0135700810065352,0.00629390394236755,0.0197231247605394,0.00279124685070147,0.0102314052622879,0.00270130676838202,0.00305758353462073,0.00873018832134073,0.0113529148379949,0.000146392306741538,0.00895647523582065,0.000103632571460364
0.00370464682366529,0.00408791701763798,0.00502884770183063,0.00619693902846048,0.515740565163627,0.00661997568632328,0.034303851275025,0.00457889395629491,0.0277857692027031,0.0245641100270588,0.00208273141830986,0.0396592810883913,0.000282630697549334,0.00321537050801241,0.00209333942742562,0.0841807233215379,7.18614984893959e-05,0.0050811674405945,0.000256528372296572,0.0235233791508051,0.00188757545902536,0.0372866577910544,0.0900605482669721,0.00391877514366621,0.0358178108756715,0.000872784310421185,0.000358327881411145,0.0049811564424813,0.0158685092653113,0.000343764754321492,0.00687279967684425,0.0086727613267806
0.00428121681509526,0.00286356484371185,0.000788704456027844,0.0571032158095459,0.0356181402251541,0.686658092138333,0.0055969907844959,0.0457683295047683,0.0356991004664851,0.0153349846224202,0.0181297333200073,0.000689436783492132,0.000300842871567794,0.000393206558049953,0.000895183194719832,0.0498653060097387,0.00087977569893958,3.24489433172711e-05,0.00130039800934653,0.000205474157988208,0.00581034782773723,0.000692075438979844,0.00109434744990723,0.00620027194352301,0.000683885538686717,0.0116393841070412,0.00262725242371784,0.00485957009169397,0.000448640278225197,0.000205783799018819,0.00270140429789485,0.00063289159036962
0.00844753098394567,0.00426825971541725,0.000856576985235785,0.0572721552871844,0.0870531815485431,0.00464377542833247,0.656605904503418,0.0108617177462109,0.00555782897954766,0.0398884187228485,0.0324776859607145,0.00404370333272454,0.000760297643084916,0.0012582028186656,0.000843460495119788,0.00682509174257367,0.000226328902977835,0.00165425464383235,0.00336403505024805,0.0031186126575433,0.00036630052642541,0.0074485723256375,0.0309548702997538,0.00222044153528997,0.00805482855571893,0.00365634040905242,0.000289732409648658,0.00313681487384981,0.000605967436112004,0.000374781449817551,0.0127113437534894,0.000152983277035669
4.09553759356497e-05,0.000558354957253463,0.00227741410273521,0.0450029247742636,0.108296273535854,0.0994071364309972,0.00850571502124325,0.529736604058644,0.027541558426282,0.000935138837112032,0.000378437428190369,0.0577349053985935,0.000270989390733915,0.00386557391496358,0.00339992411322992,0.00153802289647332,0.000639404429393617,0.00243334363236569,0.00129160161566257,0.00325037248235765,0.000352701004264769,0.00855424319821143,0.0275459313867619,0.000184256936562368,0.0206981340867906,0.000641215978569569,0.00501668865992968,0.00366017476042353,0.0273698197073465,0.00205253190016135,0.00147820772162482,0.00534144383706872
0.00792924102705848,0.0105905843916932,0.00562545558246739,0.0100592788987849,0.00988020849397219,0.083171867526451,0.201250302383478,0.00149625867795311,0.316814706615372,0.00742785617985969,0.0228572967502061,0.00390229728297076,0.00192294851247903,0.000406973835120207,0.00136326536603488,0.203254690876485,0.000190341097307326,0.00851286692998142,0.00297224836177042,0.00433722125058139,0.00596678367672365,0.00138636039185603,0.0202632991720245,0.00276093259919582,0.0131962359438828,0.0129758845422692,0.00408018236086245,0.00173813285836535,0.0055821306183356,0.000783139799236828,0.024318190930269,0.00298281706695235
0.00109868568687137,0.000435746079734639,0.00172560083914813,0.0177218225383971,0.0718917938061287,0.0160779850312143,0.0453257332185856,0.0139854312629654,0.014534574575853,0.632431722658927,0.00104155917831905,0.0587955276732242,0.000781499326072758,0.002075155327243,0.0194661764294488,0.0162157222238403,0.00185379390512704,0.0027145107219764,0.00112257698861286,0.00120681012777193,0.00254622322806258,0.0115984207616469,0.000459972019495278,0.000692068805696806,0.00140981528199825,0.0140620148589523,0.00285359323625076,0.0017094190974758,0.027133650545244,0.00113003613950326,0.0153723221895176,0.000530036236694756
5.75372063197556e-06,0.000718597568055896,0.000540496320963669,0.0027754207353096,0.0977188406487802,0.00710874095693949,0.106920888020823,0.00210447318099356,0.0120804283257372,0.0116718554100242,0.684237250385925,0.00246838009362998,0.000589943872033541,0.00023119113187572,0.00122386509184279,0.0111084736415737,1.85423213466758e-05,0.00224518864849024,0.000728217255314001,0.000674754959450435,0.000798045839059311,0.00265646321046295,0.00284865588261334,0.00141752082305799,0.00528308270904378,0.00105464052646333,0.000221099375113411,0.0202362675820481,0.0108940467235303,0.00293980435389297,0.00495275334414656,0.00152631734082656
0.00432783575528588,0.00236813483004051,0.00337412623589922,0.0202608800394695,0.0443513346595576,0.00660828867255709,0.0140640255505879,0.0171094046755364,0.0100150287549269,0.0178421372010158,0.00722909861312985,0.733210593135161,0.00144788873334511,0.000200818489544246,0.00523977540009492,0.0022612065156015,0.000574322484499843,0.000574702148583817,0.00465535527341794,0.00208478655609665,0.000166844972805902,0.000442214858159814,0.00291405120775132,0.00210872449082423,0.00994457377131793,0.0443702497087905,0.00356937399231256,0.0092371591804142,0.0116073660113243,0.00156364017326982,0.00685374079247946,0.00942231711619811
0.00366196871457839,0.00370465120914212,0.000285637159380127,0.00747282640010286,0.012916816404279,0.0132059653592618,0.0272706055653947,0.011627629646239,0.00441868148063734,0.00611431345865984,0.0128411499522017,0.0376641337199338,0.721134594093948,0.00106376837650967,0.0152108362079322,0.0105460274679743,0.00375954653570829,0.00033634334532679,0.000828909147105653,0.000895024731383919,0.00953221809663242,0.00358464300215527,0.000922666947940216,0.0155672809838432,0.000348261329421332,0.0193365147329611,0.00870571361251758,0.0326127026432253,0.00284383804606141,0.000233895266678829,0.00999140952698422,0.00136142683587995
0.000522896515434453,0.00261566055159566,0.00450926127883676,0.0173432679677763,0.0131548329544972,0.000963114713006706,0.0295413364653278,0.0041805459320273,0.00926610716394924,0.0354943868808707,0.00632725115276835,0.000334200142175298,0.00243229035729416,0.773316821259979,0.0235298738327996,0.00733456485817306,0.00100067323394047,0.000347203116082519,0.00583165545553525,0.00237720840287729,0.0068500062061138,0.00477046208146301,0.00346301998218013,0.00121596507555172,0.00910487099694846,0.00180863911516818,0.00176850961594997,0.00767413345440742,0.00375152136621244,0.00123124505175807,0.00723349803157221,0.0107049767877274
0.00514544842496391,0.00139070935172737,0.00331979133762774,0.00638631961618907,0.0772150137255675,0.0153593265909278,0.0346282673384931,0.00238163291965352,0.00536598428074026,0.00160361089798547,0.048530013676634,0.0777643007206069,0.0404324746944212,0.00590655539724638,0.573745418498914,0.0019206772812878,0.000412924919009325,0.0113960478295294,0.00189198356572847,0.00538592280164567,0.00629602064408215,0.000231831830628193,0.00155653038712356,0.0278359417125327,0.0169025606953314,0.00355013444499047,4.24406975807105e-05,0.012248454855294,0.0031967958274592,0.00143711081379092,0.00204930935746439,0.00447044486482347
0.00594267386834652,0.00661414619339432,0.00214596378474305,0.00690700311126658,0.0103758679105322,0.0263442512758207,0.0608709661780873,0.00122509776213839,0.0611158019343704,0.00333376530684474,0.010635735319604,0.000238174316393029,0.00416765197499566,0.000381413970462402,0.000820496841458945,0.741927960710179,0.000500092451995105,0.0020256718243812,0.00167436355350664,0.00118788025295986,0.00242283461328386,0.00340733387891104,0.0105713495552573,0.00071317165812577,0.00138878497708294,0.00251020468327364,0.000231948200447092,0.000498485182653915,0.0155143143606744,0.000120476302199873,0.0133223069013706,0.000863811145239485
0.0257703224104397,0.0172764559287752,0.000882081041065625,0.00977531966244409,0.0021977074391323,0.00289133549258321,0.0083269474079033,0.0118503156368715,0.0102403187205459,0.00183297116309145,0.00146236987197495,0.000559201258464745,0.0177409684135243,0.0014596867434891,0.00815179479321544,0.00395021824870455,0.670960899109804,0.022184924559511,0.00128535320437559,0.0185478234253409,0.00109648329244435,0.0477649578915048,0.0303033154190231,0.00121930174917709,0.00682196184231032,0.00498320036506397,0.0225049566189701,0.00384383030653754,0.0197540934698213,0.0023879504287853,0.0207637274542057,0.00120920663089976
0.00158359661951038,0.00354446250581745,0.000719160708320671,0.0047837107271068,0.0352957870533023,0.00669364166737047,0.0364619683476082,0.00289233497987969,0.0025936854737701,0.000170473648540412,0.00367692145443144,0.00203181064114154,0.00461097635396394,0.00159746070837332,0.00200513022567738,0.0163861076253392,0.0024252173064994,0.632332840835516,0.0119681590900885,0.0161252051466953,0.0417935919558058,0.00466907182510007,0.0357423290814158,0.0286063007459185,0.000436443258061551,0.0230145129044888,0.0252889781729794,0.0184244250837916,0.00816939400247923,0.0013312425983756,0.00157204011118548,0.0230530191414455
0.000996051390915953,0.0193337866470922,0.00177698483965909,0.00208252486300742,0.0156930617393273,0.0121094138857776,0.0132237347944566,0.00669882206213887,0.00533217311505688,0.00185343673107166,0.0368260899280638,0.0370548114629386,0.00369026493123405,0.00449273787255133,0.000159658402443632,0.00326524197755656,0.00112116510678925,0.00606054325455304,0.640710722340432,0.0172290742255749,0.0165879656657549,0.0112773510888628,0.0136632350619928,0.00719969891478118,0.0107139379923947,0.0389500160014196,0.0398829157611873,0.0134485440672507,0.00913491376615882,0.000711854054285966,0.00466681984001672,0.00405244821525315
0.00026830307035974,0.0039464160217661,0.00218387303992154,0.000355197263516478,0.010308997800135,0.00747876351905282,0.0606654646895467,0.000645139500479497,4.53065245353078e-05,8.26820923932072e-05,0.00193248850217141,0.000579589305533972,0.00516035193338282,1.55507283239684e-05,0.00217387268170939,0.0115952393839457,0.00299659993234799,0.000189180505015968,0.00463225224862158,0.661480804949576,0.00423477522605594,0.0175469849088718,0.0610031257712651,0.0178196269109401,0.0137597971663679,0.0653596789713134,0.0347559559157181,0.0020042803938664,0.000252161252342037,0.00198398048380858,0.00350787718633265,0.00103568212078358
0.000599163854574346,0.00363229573860985,0.00199942313646259,0.000168042433719738,0.0028566998507667,0.00140477980084657,0.0198114555841692,0.0082676220217826,0.00138584838367049,0.00405249855960165,0.0166749283852271,0.00402033703022879,0.000279797771919249,1.4610512812846e-05,0.00300902313151773,0.00413378817562117,0.00460087226425186,0.000198696380509609,0.000703762337359144,0.0138246720753277,0.618350590359374,0.0331000142529098,0.186204121307722,0.0207147898151584,0.0175852181232426,0.00981188329574808,0.00506662575298849,0.0050385298375068,1.90049834823471e-05,0.00101285814458618,0.00798018480981815,0.00347786188848511
0.0115107806246958,0.00903225670105415,0.0014963488187976,0.0101731800866176,0.00712502002759142,0.00484556475157956,0.000995335553037349,0.0114191135588973,0.0675117095977632,0.000909940671143451,0.000837424176434846,0.00347593211666301,0.00421353122380045,0.000232769320617986,0.00226692119494556,0.0563924629570049,0.00645461911777178,0.00903544467480293,0.00663612604097839,0.00565973054829463,0.00246072108375882,0.6249355858929,0.119412385726547,0.000558427090151461,0.0103658083341655,0.00389044831742453,0.00148251772220868,0.00272783725823667,0.0043602149031747,0.00236313345883333,0.00633585927263962,0.000882849177468094
0.0199822345830163,0.0348886536535859,0.00123801851303675,0.0011854092521065,0.0176088183579323,0.0144697453334132,0.0288862840019205,0.00030739623454878,0.00950463275563655,0.0101845492173965,0.00956723659360509,0.0141953049265643,0.0113831914274486,0.00423761535247957,0.0158250891924174,0.0344027726156795,0.0061273734114505,0.0160381777904155,0.00515914572400834,0.015300133794726,0.0101815347925457,0.0113576384405781,0.588099296407661,0.000952920175222745,0.0136512160844674,0.0119393173869006,0.0546810999492366,0.0177382888979532,0.00894900353148408,0.00283165131683677,0.0072905606914154,0.00183568959431049
0.00320079707656635,0.000896309174175213,0.000219532957395483,0.000401430998487948,0.00909045668792257,0.0107222018535966,0.0737026036401047,0.0027609312929625,0.00213362563757017,0.00167590627261957,0.0139484694071283,0.00509044974682244,0.00178425225373829,0.00108633881702388,0.00198166674393754,0.0055373657310143,0.0051297789580285,0.0003408998026209,0.00936580512964747,0.0322702352228357,0.0228781089373499,0.0396124715887586,0.0742728288937848,0.572517459699876,0.00624297421612236,0.075921325086171,0.0230214331959232,0.000234396992467831,0.0017385683516162,0.00084885808646116,0.00101122826842498,0.000361289278845818
0.00714255743428527,0.0260903089484827,0.00090851632603084,0.00622959523977425,0.0102008143196625,0.0188933071582539,0.0392720881842761,0.00780250957987618,0.00306464702530548,0.00129418326842444,0.0116527919010885,0.0231775935731521,0.00773588163731339,0.00162377097059052,0.00146535590413781,0.00494551073514456,0.00010520232710906,0.0252141410863035,0.00217584448543052,0.0383043685179243,0.00945428689129652,0.0269323107275991,0.0716154878566416,0.00550345756390349,0.586629167228452,0.00745152725434349,0.0242642040243746,0.00771640548173978,0.0169588930925645,0.000984489623475231,1.10157228174361e-06,0.00518968006076196
0.0116827569231559,0.00640670310632238,0.00598984341487735,0.0176113596308986,0.00123432009169965,0.017188005771636,0.0104400865384224,0.00498749687167451,0.0181399737667531,0.00742317582743211,0.0302565709808258,0.0263579436970343,0.0101608104953204,0.00287510337809117,0.00100392288190227,0.00568219569796965,0.0020907253446575,0.00094970750606509,0.0094513581176159,0.040270403869717,0.0172484862796831,0.0255726021153818,0.0273199327658926,0.00683669351356805,0.00957111724841138,0.557099593806389,0.0389730181870354,0.0113543236682471,0.0714853895546898,0.000121525879380472,0.00215594948205112,0.00205890358719909
0.00296024700241598,0.00096783795614147,0.000448235032720894,0.0182890607384659,8.36242841454068e-05,0.0220746875469087,0.00684842034701346,0.00198625480643619,0.00467901846645336,0.00331373063964407,0.0100166216954215,0.00530119393872643,0.00156633640702589,0.00066477862321298,0.00183754696564555,0.00280958778176463,0.000206005683011754,9.16734147533473e-05,0.010682679806628,0.0119751546147103,0.0185739579352814,0.0342878424146195,0.0288494999885472,0.000484542049061825,0.0214383513021564,0.053357060136749,0.696051763686241,0.00907934540266488,0.0212416140107609,0.000447597565100459,0.00811400089174443,0.00127172886582718
0.00210455567976419,0.000931041748099905,0.000454234110600385,5.6774547461948e-05,0.0010590764169126,0.000184226132174217,0.0041891767120938,0.00698920536813295,0.00414951030524376,0.00498043614939196,0.00112113636097916,0.0429185773497986,0.00504587709518231,0.00069913406224692,0.0118866145272271,0.00345036555927274,0.000983530648591811,0.00019182323097179,0.0114562370100553,0.00143174370465666,0.000102310291638563,0.00136264651683707,0.00185683714911182,0.00452348193566751,0.00404891867674508,0.0629025584165792,0.0279840053243197,0.768323141692144,0.00560604594689766,0.000270729597552462,0.0101741996317268,0.00856184810192194
0.000313700819268323,0.002833779917441,0.00109254145894526,0.00345706578253678,0.0116080894759104,0.00125045521102788,0.00472731956398019,0.000182791223889581,0.0105019065561982,0.00741642742245818,0.00693579754653792,0.047301356243599,0.00646288225617488,0.00294199545246508,0.0135230847815851,0.00806653219001552,0.000654033542832549,0.000638982594889575,6.83943848889e-05,2.74879578995906e-05,0.0232614100979565,0.00896506730607024,0.00383476083273238,0.00629505463658559,0.00313255138611385,0.000566526305817729,0.03766984842224,0.0178269782781099,0.738888452924805,5.96040731989397e-05,0.0180800138836359,0.0114151074701898
0.00236996530430936,0.000228573058676088,0.00070861460825597,0.00920537790343852,0.0150268339951845,8.91986377891947e-05,0.0164731703950176,0.00563138328020713,0.000546732678140453,0.00448561007611218,0.00295201184262462,0.00849695622511317,7.97902625313264e-05,0.0019281801285518,0.000484042185049142,0.0275295492591364,0.000268125360541535,0.00240776611221748,0.0116847679923003,0.0245451416949133,0.00686957165847994,0.00492541342077464,0.00404833999675332,0.00448975051210489,0.0182900723739676,0.0193825521956933,0.0137106625414498,0.00361152991165863,0.00449263325140938,0.764638066870829,0.017602504438353,0.00279711182841637
0.00439688918714641,0.000671005863842393,0.00228547953901257,0.00203465446976679,0.00619635081591482,0.00125988050383151,0.00304989995455409,0.00182355813784116,0.00341278527788316,0.0095825245602116,0.000172888081429575,0.0272286820491782,0.0176265722567155,0.00114869506053079,0.0119165648539973,0.00868418802230262,0.0016411814197984,0.00072063589350175,0.00140825948792417,0.00431546128287666,0.00262694568820861,0.0107063506415253,0.0122243769246001,0.00571116358730724,0.0165284393061091,0.00824715826185565,0.0142350446507589,0.031693319256832,0.0182411949171042,0.00101306038951173,0.762180164178799,0.00701662547912896
0.0075024712087725,0.0286227689838391,0.000511754261783621,0.00268118154226688,0.0163162152762514,0.00409941031536418,0.00760569777735,0.010504470734766,0.0115061128276968,0.000780076312459368,0.00917891303796274,0.00996094759792304,0.0061803592792179,0.000793293354851442,0.00109617766364137,0.00164330081924301,0.00197822937040126,0.00386130374297493,0.00143260275384378,0.0341936734449091,0.0194521876269514,0.0187088145897113,0.0275067755603729,0.0185209794332144,0.0178837936949266,0.0447651369706499,0.0569977538598658,0.00926524079644997,0.0210289409579059,0.00105768118898322,0.00117026946542373,0.603193465550027
