0.316363861555347,0.00041621457692013,0.000514695787249016,0.00119326908400272,0.128945719538834,0.0234134568870144,0.220646854602449,0.00639234420083448,0.141990430266143,0.00480980296722612,0.00177764765234616,0.00313674205457604,0.00211165025178617,9.07547901259485e-05,0.00248494078969942,0.0519867854938956,0.0115590227498921,0.0130509574122851,0.000790933112308098,0.00179785362865848,0.0207908726647138,0.00159746182629529,0.0108184025754939,0.000546380775059058,0.00145410098036488,0.000571484051768145,0.00482195551192441,0.0186068763611683,0.000463447928569677,0.00133147753100252,0.000229913475263077,0.00529368891678409
9.18019603788549e-06,0.207941583484034,0.00576562043899304,0.00594083630140736,0.00768352477835487,0.0918488190692458,0.0330595052758543,0.0166866435887656,0.0314244988074103,0.00561134955533924,0.00739762887307192,0.00113394326399332,0.000671631977952084,0.00220044872233303,0.000752140933911874,0.0024952120815381,0.00570207564959535,0.00396797291759603,0.00219343119060824,0.153414416786326,0.0300346036133528,0.0201509916744925,0.0864761149683586,0.189662371774408,0.00545092976545586,0.0456028915319429,0.0280207532924401,0.00314599421316132,0.00218785325224445,0.00064824180013891,0.00026380372745918,0.00245498649417653
0.000644043214193395,0.00647621728330526,0.13847870773725,0.176389044462775,0.0498912826467556,0.0729313450360373,0.00460369391915788,0.362574550602466,0.00322730078189029,0.0130674050240102,0.0303716136667944,0.00345718038891345,0.00733496436997483,0.00345191632810783,0.000337443447580431,0.00573071342773832,0.000626531314706675,0.00277275163002032,0.000308088556013959,0.0252657343492643,0.00432189869903405,0.00201399485435389,0.0228048592578519,0.0390806615979646,9.57465522962049e-05,0.000608142063825808,0.000241728567956016,0.016058021495394,0.000369437126785744,0.000644674353543785,0.00145745798244699,0.00436284926159215
0.000226671620562154,0.00187501743123921,0.00221498971010173,0.289753005368192,0.00966603621276228,0.0563720499393235,0.0420688894134359,0.301108508461737,0.00272438619965491,0.0125012209111773,0.0336586233227631,0.0457329016232044,0.0817356386858571,0.00117302340236949,0.00313599936405822,0.00441109126937129,0.000995375155448362,0.00206129016538025,0.00299808196181311,0.00454858666638961,0.0083825290193527,0.000346918767216061,0.0112249441357913,0.00639208842289279,0.000506462264941433,0.0304990258503014,0.0266326420272879,0.00873802971943369,0.00217454470203587,0.000883772753015487,0.0028913063420496,0.00236634911084097
0.000653351154887913,0.00801589407162768,0.00358411792694275,0.0107890412249321,0.497206577435729,0.0693218984345197,0.00671150571141651,0.029499970699009,0.000108679539128171,0.0366259263817882,0.0757440557192974,0.0312387729394611,0.00118966262768389,0.00490009235862715,0.000790137215368712,0.037031737879239,0.000282997556945731,0.000591273484736483,0.00325687579244489,0.0418986017346521,0.0034791038196255,0.00247194866460798,0.00378835565325807,0.0329608263852277,0.0610601170623074,0.0122897747464641,0.000353538316853266,0.0199522349192997,0.00192489254234686,0.0012885146843744,0.00077056068073719,0.00021896263645996
0.00540445173634627,0.00564435597683145,0.000664541117208296,0.0246320435199265,0.0632200872554148,0.43915074706196,0.0241581744564522,0.0737406612296172,0.00594285944589383,0.00995633842201453,0.0495221172357245,0.0022378625383626,0.0115621115321864,0.00376065489256343,0.000687338135266534,0.00253468950310672,0.00270624417950273,0.00814152533226224,0.000496939108403868,0.0734630909953938,0.0016722381952008,0.000700417238026406,0.00745828790908673,0.038871450706702,0.0679336178547595,0.0497506420733302,0.0110895699536025,0.00795967985151395,0.000491656017070347,0.00224520558802443,0.000695647346262526,0.00350475359198294
0.00213542165623428,0.00296684189148446,0.0188101825695231,0.0372393595294248,0.0218960832021644,0.00908683599467472,0.161896798093268,0.127501761665529,0.00556330702866766,0.0328671269829973,0.0643469316408888,0.0499252124659851,0.00251465234102039,0.00614772851163348,0.00214344506283533,0.0063683421609096,0.00142163583738784,0.00458518763330793,0.000953719844639899,0.0908592976278541,0.00916080043152057,0.0104802793483746,0.119337248666093,0.10317863393328,0.0425318921023684,0.0135581188004406,0.00306398126744301,0.0444555150748286,0.000255426206570107,0.00218592187469504,0.00209429663974798,0.000468013914208429
0.0017165025582219,0.00182076988032605,0.0080173696822507,0.0587195642431534,0.000284542817157269,0.0442366746107964,0.0404507424678811,0.427883979051986,0.0159756409114714,0.00989917015291973,0.023778532240402,0.0681280179675661,0.0746174967961423,0.00378763164268931,0.00511295058471272,0.0108486419721853,0.00252554697330313,0.00566189258824365,0.00463347050516459,0.019850039662561,0.013570776198151,0.000930299497272742,0.0166627013057804,0.00117004110867413,0.00231293921590834,0.0647154959347981,0.0481532550757869,0.0124032534269729,0.0008904368866899,0.00111332749422548,0.00551117290370359,0.00461712364290265
0.000413942217105852,0.00673957493131403,0.000292571291417509,0.0634955068361238,0.0733200735555579,0.194528377241312,0.0116530398364686,0.209706290923763,0.197665654431521,0.0158553844838247,0.0124223139517546,0.00357227504221164,0.00353259523550913,0.00124485594239485,0.00209936953340251,0.0264566376299308,0.000841981849694764,0.00170507741089994,0.00337748849376903,0.0608001253004451,0.000141568195575872,0.00225895755541615,0.00492230817447819,0.0745866946810078,0.000285303531028825,0.0123613257716778,0.00749479870707271,0.000855319550291803,0.000520002263802599,3.91045852649686e-05,0.000143015878937354,0.00666846496702517
0.000398175267964966,0.00145147629641374,0.000150580959617937,0.12804581276526,0.10089795429165,0.205333193451766,0.0130846788179814,0.362017196318634,0.00147490451933541,0.103143227743016,0.0075485309876766,0.00366857557495169,0.00558654227197377,0.00167432324097972,0.00349877407992146,0.0102998270800573,2.36672978670478e-05,0.000773112519695422,0.000762879514608014,0.00369402761684043,0.00335252332185258,0.00300580657242649,0.0156881279561842,0.00922912512284533,0.00354220508003499,0.00335447380094044,0.000909910788959616,0.00454762932252696,0.000703396993851345,0.000840213177557923,0.000421641498112318,0.000877485748497401
0.000291457834732116,0.00149693347697417,0.000220046062117725,0.0750678019402324,0.127033556780731,0.164004918902039,0.00266418027144623,0.265384999972225,0.000164905417027042,0.00606147626003264,0.212809886977376,0.00821386274128898,0.0158574178320931,0.00245563730006555,0.00518091215130753,0.00895346673328156,8.9773257284123e-05,0.000708783847185513,0.00231222172195334,0.00114720332767323,0.0111777902189668,0.0106392004587601,0.0526552872367968,0.00638513117535532,0.000574476711951507,0.00660312683256067,0.00191253252443459,0.00421100517976976,0.00108899226256191,0.00294204283221518,0.00165582314887115,3.51486106906076e-05
0.00110969049678972,0.00390262963040364,0.00137101751746746,0.0127532881827176,0.0305653103524809,0.0346852294506933,0.0841173415038195,0.0377070415968201,0.00789212847762881,0.029042653165808,0.0702541574523646,0.283796357382855,0.0104971518863268,0.00999972854802598,0.0345794093031028,0.00983921386711412,0.00132144461597167,0.00096887708060018,0.0024175188272263,0.0347412221398152,0.059152147576892,0.0229033573166276,0.0803750408760855,0.0168970249686913,0.0476072494623486,0.0114230430259638,0.00536009050501847,0.029809828645715,0.00137066316408601,0.00676071978832373,0.0111638472521376,0.00561557594007864
0.00101171412684165,0.00179202348917296,0.00276994545617855,0.0373774863820999,0.0546977547334058,0.0799668606381718,0.0798970743093839,0.115417033879359,0.00188823303350787,0.00424726027353974,0.0453119860546672,0.0205368215255036,0.241507150448821,0.0101852190184946,0.0285255647915077,0.0182741961551082,0.000849828915753998,0.00195450189736632,0.00421255531881292,0.00246983631530456,0.0710710795621515,0.0295103258645866,0.0953995919634611,0.00575124097306497,0.0145466937036752,0.00521827082395206,0.00429076067387863,0.00679823735377799,7.77517481187698e-05,0.00882666265425409,0.00523374535065277,0.000382592565425051
9.41939211918527e-05,0.000876728941492386,0.000435560238723989,0.162518616632819,0.0180820777456177,0.179846338947743,0.0718571887470417,0.414077054254559,0.0059614408954908,0.0213689313550609,0.00637149491601826,0.00842129006490135,0.00532228845132847,0.0668985094172921,0.000969418320989589,0.00100547892973236,7.8134026607763e-05,0.000515927467567773,0.000134741922895741,0.00124709930875456,7.2139293893035e-05,0.000864603181772912,0.0003172324084559,0.00320103414287774,0.0165245555592183,0.000256583779840016,0.000971965176071542,0.00489739258319442,0.000821963510537915,0.000600927479843343,0.00166565826464928,0.00372343011381759
0.000134852435668735,0.00482959608159033,0.000482094547951717,0.0924782300697547,0.0416612641422734,0.160432987115612,0.0478786960144713,0.248413054379012,0.00120290942729279,0.0100438485905191,0.0184295193960608,0.00166595539043332,0.0221155759241275,0.0036087166953302,0.207736679013127,0.00609775342165549,0.000449216198980785,0.000700549789531174,0.000480435502602133,0.00871799225706256,0.0319700191316744,0.00671962126704407,0.00958334410395754,0.00867711943535093,0.0256108279483085,0.00292185172046303,0.0101249783468113,0.0226310326180875,0.000341812366214618,0.00147386221512945,0.000727825822001948,0.00165777863189961
0.000558339271791319,0.000904532578201515,0.00313968725955297,0.0440124647102652,0.0251849095641847,0.131060090267975,0.0822547296138773,0.097462085828801,0.0537092442713471,0.0140632024121835,0.00734031134078828,0.0260863063058467,0.00183586697943428,0.00113998760901273,0.00559139467612394,0.221006031329381,0.000882229008778887,0.00136675745387902,0.000942666259474403,0.0495676088699636,0.0246591424562447,0.0192673340523679,0.0922351735280824,0.0422633703891758,0.00435893099772629,0.0187105046108054,0.0112515093505163,0.0137313212497656,0.000381663052089928,0.00121749092781474,0.00121357992096512,0.0026015338535829
0.00225271204831524,0.0154656981563038,0.00370284806827592,0.0148853682761299,0.0548484431665722,0.0164084060690335,0.0212761399860787,0.0338286018395282,0.073446420072491,0.00860248720657119,0.0190906068968904,0.00237934166152944,0.0105488514737521,0.000671728414504798,0.00568020071697287,0.02622191620419,0.275146627724064,0.00131166730493363,0.0010367069472442,0.05172528957301,0.0419929785689111,0.0243870239110249,0.0540074190439444,0.0823571722157668,0.0927502704204438,0.00727000626474039,0.00309871081028654,0.00179658021028217,0.000190508988147823,0.00300944434643812,0.00063134131627379,0.0499784820973486
4.07216921428063e-05,0.0154431097823833,0.0100223689428845,0.0582454492354986,0.035727485320746,0.0521680827038997,0.0165306753027737,0.145494772925452,0.0204902539542463,0.0105574126833373,0.0109197307146565,0.0110969459518106,0.000345657555628767,0.00119410623018955,0.00170312054029693,0.00966091162090462,0.00862205024807871,0.25379973553806,0.00931595952379831,0.0548229461678208,0.0501833983145498,0.00340852398565446,0.0344759803871823,0.0239740016245451,0.0576233830768005,0.0597430541128999,0.0229046464147093,0.00571405156763836,0.000157525695186304,0.000482499206482509,0.000212223999928196,0.0149192149798138
0.000539987284207083,0.00360543964835326,0.00055323178206657,0.0127076229726347,0.00468333972046815,0.021579579334382,0.0435958493217489,0.0198557009140486,0.0250111951710736,0.00514679248734868,0.0467450562472676,0.00520162823904158,0.00831189255218897,0.00797308506686862,0.00906049300270077,0.0106407068921348,0.000584577568839214,0.00288407005072339,0.467248933293365,0.0402510388174331,0.0265059972468841,0.016034936816436,0.0453772656302603,0.0846457514062826,0.026035307655142,0.0157865304389824,0.00339687571079168,0.00246516776869039,0.00247940684229747,0.00109349813546,0.00397999079279482,0.0360190511890841
5.29216270294239e-06,0.00534633716730699,0.000425531389138006,0.0146877701868053,0.00846580001776207,0.0287747410174009,0.00537165440191731,0.0447525076231865,0.00302195580704523,0.000918577493888821,0.00544154021200867,0.00137872070427412,0.00080096095823851,0.00516238534283594,0.000198184834052035,0.00609732697705094,0.000372191057195355,0.00110847047802087,0.00133708038250546,0.527551050413464,0.0684972657235352,0.0232836452424099,0.0731732844716152,0.148447484337327,0.00631553695990122,0.00368009010305084,0.00104010916396242,0.00112930018687555,0.000526545242285777,0.00388652021614337,0.00390225121345032,0.00489988851264315
0.000905736278516904,0.0134396972533924,0.00341457128021276,0.0165236786948594,0.0266620681546061,0.0304088192200146,0.00942340323896002,0.0823981597192522,0.0218041047766803,0.00309248963553334,0.0102712729297377,0.0295649985948273,0.00109993073962864,0.00228642436694607,0.00171465277099114,0.0355318722027169,7.79717903828832e-05,0.00394117712132385,0.0033106632716262,0.126215199841832,0.391464720086313,0.00733863938185135,0.039767061731308,0.00402157840606525,0.00291738991508997,0.0651636569323758,0.0280567490668184,0.0268841490854057,0.00092527605556372,0.00901949822012892,0.00195675273736419,0.000397636499675014
0.00124329107595657,0.00907137416688011,0.0117406045845052,0.0522102378911707,0.0124421761462622,0.0277647087805082,0.0140870162904191,0.133121716280138,0.00210042702673551,0.016259723174592,0.0287534132999844,0.0230472376311024,0.00354558273017605,0.000968337704777586,0.00577374728566126,0.00247904932049125,0.000405283763488662,0.00773616938626805,0.00022502014654785,0.1399899071865,0.00226718305076307,0.376548530181419,0.00568858827518872,0.0676021821333413,0.00170027398643125,0.0243060618544254,0.00672586888664083,0.013215821478952,0.000243865184573616,0.00147245802012978,0.00107451635780713,0.00618962671816219
0.000949981710041668,0.02108937720655,0.0158730780186716,0.0167343094636116,0.0338957742224563,0.00846982555687636,0.00325520608977831,0.0719458403963455,0.0333323112686406,0.00872582459161621,0.0257677613275893,0.0617658161700129,0.00223565544358518,0.0013857057394764,0.00571212777216457,0.00387934970286009,0.00118432499588812,0.00451959075599689,0.000832730354191727,0.0874921916579001,0.00159484866222703,0.0135065320958581,0.407509094171526,0.0327393195057835,0.00265905382781283,0.0465702554709418,0.0217299813385089,0.0450842579530621,0.000817985847321737,0.00426060549697201,0.00100767636177335,0.0134736068239598
5.48987057971962e-05,0.00855173038976541,0.000764070762841194,0.0198426825795546,0.0109630468179821,0.0377474517622173,0.00351394528281856,0.0711279138586432,0.00194205744170683,0.000631104236995546,0.00311848645042565,0.00189341026323891,0.000865971108391842,0.0058665164965899,0.000368458611736247,0.0114086687512056,0.000897352721048769,0.00310531262695335,0.000502218564341301,0.30808107583135,0.0924514501738831,0.0263124824177911,0.0914475401311551,0.26104067873447,0.00554858449389747,0.000947083941449664,0.0110424170730156,0.000534994442464029,0.000614081899035243,0.00673643228136144,0.00677878868325658,0.00529909246461706
2.85467558866627e-05,0.000339099289196258,0.00269738748318093,0.00885165568934392,0.0517896039206589,0.00704764796869238,0.0603244061009967,0.0204904232307511,0.00805233914568421,0.0114532865116994,0.0073514547555122,0.000719994642583512,0.00180086794533305,0.000890636636289148,0.000168247279159263,0.051579070407701,0.00186881189455933,0.00135781923996566,0.00808657059809908,0.223759833701786,0.00387823336770965,0.0127357505332157,0.0537319539871305,0.146343890500588,0.163382561660049,0.0842069181448243,0.0188205581123526,0.00294892136292328,1.34537146333096e-05,0.00248311481497641,0.000811894873454821,0.0419850457310639
8.17281281527853e-05,0.00594529294595164,0.000971172978868519,0.0385038048564541,0.0781944062508753,0.0745839378245057,0.0119432438501853,0.118795331577122,0.019596419532747,0.000321396563378775,0.00708494414101452,0.0056251418475095,0.0059236652835574,0.00212172907692598,2.68514043166153e-05,0.0136295694042794,1.19536392056149e-05,0.000679842596934013,0.00160739325419384,0.034664340308145,0.0178254143313907,0.00133498074752691,0.0354875037570164,0.0328498236029949,0.0260841721687013,0.40917220639398,0.0297319370119806,0.00837853045550568,0.00130446273256492,0.00131659840484553,0.00223976453691511,0.0139624403922552
3.97976214459484e-05,0.00706044424803781,0.0014379197818551,0.0620884935868157,0.10146899610249,0.114895160837936,0.00137185849800873,0.198429005695116,0.0216619460844479,0.00255421254474814,0.0150688704558739,0.0185601603751863,0.00645875070696149,0.00161745770352918,0.0013936051473032,0.0138246204354322,0.000555028588227322,0.00019763538910999,0.000326177780506159,0.0643622253447936,0.0256224050468864,0.00380009239404761,0.0217850401803864,0.0324870782947221,0.0143687810427427,0.0705881977764634,0.160883411281559,0.0191520628122019,0.00102743030736713,0.00311857701307683,0.00297614597065492,0.0108184109520662
0.00239885859429415,0.00459615603989007,0.00145744132282413,0.00893819714798934,0.0634836182071395,0.0242483227804306,0.00417014273467031,0.0444366553520641,0.0489496334692415,0.0326723620965416,0.0991836871776422,0.00167566372489368,0.010043673252482,0.0050359241334997,0.0185655274286666,0.000201237133984225,0.00232776631705967,0.00131261284094683,0.00527399525688374,0.0890302010852294,0.0100680859108872,0.000736678789829477,0.0321251089343293,0.0404863753612586,0.00855225627309632,0.0150692754344604,0.0122676387167898,0.369044660983909,0.00444270715109043,0.00499663687181134,0.00241894051173578,0.0317899589644294
1.40301567775085e-07,0.00151043451526538,0.00308467479315396,0.00234238161952727,0.00780564085704366,0.0125963638410931,0.00774753586827768,0.00307256282043535,0.0253476142885773,0.0197417285621962,0.0865697600136427,0.00145780256004529,0.0672408132872375,0.00435617089834883,0.00798443555934967,0.00341641753628212,0.000535716477533362,5.79306342783638e-05,0.00390473323361303,0.0703138207499919,0.0535918611720155,0.0955430654793249,0.0785113591507645,0.0352941827067513,0.00942268986502763,0.0219497004785869,0.00147889710429636,0.00338451377397003,0.336082047297067,0.00491650966309273,0.00290189987280881,0.0278365950188337
0.000175926332837823,0.000728904941382068,0.000394651313904431,0.066111958275982,0.0188374711955274,0.0619877681768282,0.0441317573026512,0.173528745888307,0.00221465610438465,0.00956105272425993,0.0156628523726746,0.0147712771073764,0.00979837258833881,0.00108679852059846,0.00163505154194926,0.00252917599982398,0.000277871086956199,0.00360226454782878,0.000449861246649449,0.0449910874607461,0.0103200006676961,0.0163521216181557,0.022881329862659,0.0309399369418182,0.0165578786064796,0.0152838591055304,0.0110318308814519,0.012146278758594,0.0067845927231988,0.383115996290125,0.00182555579773833,0.000283114017546097
0.000515568312377496,0.00701086848565734,0.00177873554759238,0.0528800313831513,0.0783633887388323,0.101957072897976,0.0153898901544633,0.192234915529017,0.0184068120308478,0.00194801139236948,0.00199160806904158,0.00680134463071024,0.00144500787185058,0.000336765030668517,0.00252755126937562,0.0139579970611689,0.000561023974365187,0.0018055024130059,0.00373907889922702,0.0859775499772233,0.0110273671555853,0.0139005288296041,0.00602930316138653,0.051038947965813,0.0145925369982564,0.0589063199163483,0.023782231326129,0.00804747746733023,3.74037997859628e-05,0.00452413942962519,0.211763778943509,0.00672124133770596
8.43505606116511e-05,0.000622327415178789,0.000474412065781952,0.013651774537639,0.0553867095137007,0.0218599423341473,0.102747232139218,0.0240460121857725,0.00382208712029763,0.0122704795396295,0.00511116626872045,0.00894360909911318,0.00350615440747849,0.000563411761917425,0.000733197493776613,0.0264268993343093,0.00039579088960992,0.00157651438196243,0.0068790782481143,0.21247896936744,0.00430931169697529,0.0125658692040308,0.0303961514510092,0.134039491811753,0.0339920134859856,0.0708543376888746,0.0183663099559771,0.00836635755902552,2.99586428905507e-05,0.00224201191259684,0.000933229332988823,0.182324838593474
