0.523745004692747,0.00582992237827689,0.0120649541634818,0.0345695299937047,0.00603368605213597,0.00538348164646245,0.016519877614223,0.0245726316003448,0.0794194707511794,0.0430872866795806,0.00334895852683826,0.00363439180446696,0.00315542064137185,0.00100715713376361,0.00428511616046631,0.0798707320357622,0.00299882377020442,0.00341970968460652,0.00357549505701991,0.0126784270524264,0.0171394337691514,0.00327619458711334,0.0248412939320311,0.0188456459366151,0.0171397480941482,0.0103093457855987,0.00114501948814838,0.0152373198878192,0.000166344059758282,0.000196865788887631,0.0003253113157749,0.0221773999158913
0.0102826194476426,0.461946080940404,0.0148921340607399,0.0376868718219712,0.0130219347119649,0.0362513779306664,0.0647939105910804,0.0816781715523769,0.0256755469273844,0.0168200030077028,0.00116264089895536,0.00539453418047885,0.00492809518829225,0.00348084504431498,0.00277242120164158,0.0125488292250084,0.000600828845820298,0.00175413548936311,0.00256300098835387,0.0485091935410584,0.0162940063908756,0.0139767527441875,0.0269286101862415,0.0439147269276387,0.00471085053840922,0.0121901960611944,0.0025918604182031,0.0138178495923447,0.000136437894203101,0.00195391939217879,0.000814115728962508,0.0159074985303404
0.00369014211215478,0.000923425549696981,0.469535790693738,0.0901236158358316,0.0161917914777855,0.0290006588870073,0.0154260667809489,0.149739969850133,0.0188613829339543,0.00289876197017278,0.00857809391960971,0.0120731655991471,0.00563582237665801,0.00276279463498144,0.0103797118694949,0.0434264516303902,0.000809726039184924,0.00725908818222018,0.00677540905376455,0.00528739975469801,0.0219400737033716,0.00589747452134652,0.00438138719082537,0.0216312848748972,0.0158427836634083,0.00109045839306042,0.00338417712155728,0.00734240452177152,0.00407793624966062,0.00390858976199735,0.00835427238812353,0.00276988845840818
0.00519479781828425,0.00282603457420431,0.000476443819556617,0.238127405652433,0.00516711944803903,0.00144576843724046,0.00429927580526307,0.351036280288522,0.00428966826188533,0.154775919006385,0.0734663401577655,0.0441006042248902,0.00379152881434668,0.0030291989871865,0.020030226946763,0.00639406807790075,0.000649161838814565,0.000976251395948605,0.000373601762243479,0.0137515525542098,0.00158424133630044,0.0060288532800115,0.0068048253663472,0.00711770132204925,0.0026250572719048,0.000615529652644363,0.00148890376691893,0.032189327294649,0.000231784274874922,0.00370386638483067,0.00266828858066323,0.000740373596923363
0.000582110439690115,0.00144825962595339,0.000942360939403893,0.0293539485096531,0.359376289821173,0.0392929425829116,0.00864793660678251,0.108053585511948,0.132555091815917,0.0168219517516795,0.00279745526288738,0.00658096292786242,0.000637126410187874,0.000746080569472573,0.00243025986284827,0.165285789241752,0.000287114575846634,0.00202471593065646,0.000370053874768214,0.0388421193762449,0.000784546533657476,0.0012330838117571,0.00900189433019426,0.0500359281594803,0.00190948127454212,0.00569346782825605,0.000414225185356333,0.00855602471025558,0.00040676991110243,2.74852803005719e-05,0.00185627071189186,0.00300466662556816
0.00420588291679355,0.00105494437129871,0.00943506022425224,0.205775690402195,0.00183406607097079,0.227036732193322,0.00244535219615181,0.267551530045242,0.0159295920385066,0.0701930159040084,0.0451102549838032,0.00962997244413291,0.000988795395367573,0.00227787024752383,0.00457532547966114,0.0104546494306635,0.000470738413156894,0.000246441963492242,0.00121920590652937,0.028684230610833,0.0110075248613292,0.0171112457145704,0.0124015083234647,0.010231167165555,0.0192184834288489,0.00557681556222254,0.000249632246405377,0.000979561460298249,0.0010763982091277,0.0026921129959319,0.00848998230220163,0.00184621649213967
0.00131255685937885,0.00809574530090428,0.00100800873438657,0.166330647293496,0.0560584218242195,0.069411020435578,0.304506672340176,0.256914926188672,0.0266786524628763,0.00177476278625693,0.0012521265890703,0.01088346847691,0.000966009591257682,0.00260054129500326,0.00263046080437444,0.0337069355335338,2.71527539178151e-05,0.00233941799386813,0.000187171265957221,0.0110940507314026,0.00252265142292651,0.000426826031296274,0.00367794358588554,0.0153223841004166,0.00179142430263628,0.00520656036445684,0.00252713479657793,0.0047644726046693,0.00288498628892715,0.000320204449099181,0.00117418533540609,0.00160247745646248
0.004492169391548,0.00128157600670909,0.000490909207661516,0.217971909462361,0.000452035658177396,0.00012379902133598,0.00058404602918276,0.472676335572734,0.000602530703404914,0.108986334887194,0.0539861983039821,0.0413633253702341,0.00294965724980423,0.00277827246925521,0.0181271409809097,3.47370467185049e-05,0.000497769935754731,0.000771402003796551,0.000608679758382459,0.0166197056172174,0.00042533832659314,0.0069009292561643,0.00765088108934826,0.00783296303737976,0.00514385563162897,0.0012518585118238,0.000702955836189782,0.0186124152924642,1.53237987191454e-05,0.00313474353921966,0.00245740437781445,0.000472796626290982
0.00374884148471,0.00939451677523432,0.000246218900677156,0.128582836613884,0.0104492881752913,0.00535312611562187,0.109853948732924,0.0688686568635613,0.448113474914191,0.0350080727020265,0.017319177129325,0.0080953228161239,0.00429218814819485,0.000797707681574794,0.00173500729470969,0.0195118193168516,0.00152476259917243,0.00847864435047034,0.00153174509845465,0.031408453395505,0.0124405537541448,0.00461488768787567,0.0147328277338497,0.0195931540744231,0.00549372079653145,0.00702578211622261,0.00171599803451246,0.0125086711154049,0.0022120150129583,0.00139203090054583,0.00155652634366227,0.00240002332136515
0.00368317455641429,0.00537742085779681,0.0014780504563342,0.190418237064363,0.0052584705759651,0.00463815552687326,0.00817845972388214,0.236470512155271,0.0167863462274171,0.303946792460724,0.0640190402034179,0.0379581355518323,0.000783612942664829,0.0017606838608677,0.0262538266480856,0.0189485997321471,0.000414647392237513,0.000667969882020341,0.000672794629813491,0.0133967492154415,0.00126086981812183,0.00340002482474117,0.00343948522408253,0.00819044039435974,0.00144675188969581,0.000954372497870863,0.00247994470180825,0.0301386542889638,0.000502459514649392,0.00423973307092602,0.00201626478650259,0.000819319324709053
0.00163371204059013,0.000975655580715489,0.00424945683695547,0.0579012296737415,0.0381315840492868,0.0151644340395817,0.0152840039401588,0.192517534692619,0.00716064970426274,0.0509443924065476,0.226246617373607,0.103149462579837,0.000790635769698833,0.00615806108864431,0.0574251095570398,0.0230698422034821,0.00106323397088494,0.000592751700688437,0.00317288760552822,0.0544841794563198,0.00171591748378067,0.00412416239801427,0.0125729418205897,0.0494218817660088,0.000945335825649918,0.00919897248248791,0.00530417924908168,0.0349248055815367,0.00288200961992131,0.0126267507787592,0.00482974669736834,0.00133786202661192
0.0020543201509552,0.00713525502761298,0.000579867378118346,0.0118692442768097,0.0345764304255045,0.0123031315202993,0.0249374749949255,0.0231848364678879,0.13571795919006,0.00141857379592991,0.0418228836701099,0.209645612558794,0.0155716825932149,0.0010956391377486,0.0567911999014638,0.121867923877993,0.000686069789973736,0.00553211863850333,0.00153021751104462,0.0399596579218368,0.0134039782979894,0.00296027176788914,0.00720625404185735,0.0302342267850639,0.0243080535475743,0.0110646683331819,0.00257279314787403,0.13405318474916,0.0131412979063138,0.0037994590278971,0.00773358203517404,0.00124213153123938
0.0055806573474962,0.00475833623360448,0.00241757174886738,0.00369636638217765,0.0352017270084555,0.0149084874185636,0.0046215763011738,0.0131956511899196,0.134592742070741,0.00378884913392309,0.00773873830929736,0.0170403251264875,0.43895980036967,0.00435601026263334,0.0662789307851436,0.0636434185442917,0.00292355464445753,0.00914160484345665,0.00129260655521546,0.0115474424411378,0.00895664450786643,0.00395457565572256,0.00828973132989297,0.0212788851161245,0.0356081114226713,0.0136630304418566,0.0126916883709765,0.0076187419818519,0.0163067279350806,0.00466036653645936,0.018572207966093,0.00271489201869161
0.00397119979215968,0.00404166282817934,0.00096157569332542,0.186011029340039,0.00787335383051513,0.00617468678640998,0.0255288586545886,0.136048400100488,0.0814653008749778,0.0489341162418702,0.0323645665579964,0.00656128684621884,0.0140074066655366,0.212151810422697,0.0255385156237471,0.102134501334947,0.00020418171278287,0.00105120522459089,0.0034630574984207,0.0405049461454178,0.00337270372245015,0.00090612957635059,0.00154831153153453,0.0304947060424754,0.00210050048504058,0.000147542168129578,0.00144686329659866,0.0172566105726016,0.000113479628580985,0.000265701024472075,0.000612376685367862,0.00274341309149037
0.0032529886893464,0.00295966371136062,0.000559136148644678,0.0595684885938272,0.0373328979834943,0.0274542109130835,0.00188704462235444,0.0965665703272114,0.0912413153449219,0.0236243658219965,0.0257926060381413,0.0163976684698604,0.0230324525351065,0.00257749176039321,0.434390992931411,0.0325000410093615,0.000848296458514792,0.00159869957000635,0.00104744705904636,0.0151654315261392,0.0108144867178892,0.000116050095538788,0.000750873655665313,0.00838765341299407,0.0178616270864276,0.00621866946652632,0.00902453469619132,0.0297925660833699,0.00634147169120913,0.00112772794241902,0.00571801280536378,0.00604851683218402
0.00439927200190717,0.00995302016567796,0.000603903976624708,0.204869562683917,0.000998219536497287,0.010700098096264,0.138921016091862,0.141430078108597,0.0918450425069941,0.0357402307865294,0.0157448197394731,0.00780514247395138,0.00332545917762036,0.00149691425762968,0.00449856378598495,0.226986170160546,0.00197390480059352,0.00394336015777242,0.00152640290906808,0.0274554605746196,0.00270033344065819,0.00243804422495987,0.00556880488192033,0.0244035605707454,0.0011840222176901,0.00925782373308848,0.004701192790768,8.86577566816688e-05,0.00988514850658764,0.000938853775103718,0.000762167358369289,0.00385474875129671
0.019521038780813,0.00755223391583416,0.00153468437894668,0.00850530872855304,0.0776142550042098,0.000341187614692057,0.0987493394352331,0.00859351647065427,0.0658835797108162,0.00131019400532551,0.000535219530044093,0.000385965359683457,0.00427599921335086,0.000788978185514904,0.00564650541756413,0.251629365119544,0.355386930035517,0.00228035455274056,0.00945162636388402,0.0157943707233921,0.0103824260824674,0.00278586841093636,0.00338866264360658,0.0103918941243762,0.00705731919782037,0.000683405231761264,0.000487250387547238,0.000621049275798652,0.000345918652795975,0.000984084226557353,0.000325748515160061,0.0267657207048608
0.0070892270654026,0.0326032150401999,0.0066785052549743,0.0320838379889749,0.0683681041084182,6.01860173625863e-05,0.0112088594140163,0.0232644200067187,0.00607219817497163,0.013071824446748,0.00593782003924198,0.00538716698197093,0.00421532788515371,0.000842558183881305,0.0103144346173447,0.119900145714493,0.00471196912786684,0.449282094821746,0.0148250970743143,0.0344610906817461,0.0182179613672288,0.00912834343315899,0.0196855576611067,0.0123727782154527,0.00148575686762679,0.0182468350237961,0.00831278335287784,0.0170672010543903,0.00406601876076783,0.00180914522234726,0.00437025263521224,0.0348592837604882
0.00178060683638138,0.00566681416632159,0.00153956137363163,0.00754478354338109,0.0346161883934323,0.00427393187233569,0.0219280692017791,0.0152068818713689,0.0759735577674601,0.00019084058087142,0.000258685644765882,0.000750227481171604,0.00986797395564184,0.00101161814083745,0.00409885703440695,0.116469699097995,0.00384401786317059,0.000142706602788617,0.576138433403338,0.00480758757828419,0.023560371360178,0.000745377358439477,0.0407736854787499,0.0154337407186061,0.00964371932867896,0.00218949088192755,0.00110784105046924,0.00880757778161176,0.00239783817455235,0.00204949048284732,0.00663338771451378,0.000546437260061976
0.00131086799070237,0.00280722669130157,0.000119150463743068,0.00455950924277307,0.0785268139079544,0.0154145330586334,0.0307284474935895,0.0188796256324765,0.0174427414752414,0.00254298997595392,6.09986535117423e-05,0.000712264103042803,0.00133738862837018,0.000236314983475591,0.000828157316300276,0.120128383107272,0.00270728632980886,0.00896428802948135,0.000658665339035032,0.535342779767819,0.00373506066417761,0.000727094917051575,0.0188434604043463,0.0976484464419442,0.0166338084970609,0.00539855515972243,0.000403657619025032,0.000517416848759472,0.000708314628323479,0.00724902067325254,0.00450739026725183,0.000319341688598111
0.00270490135219131,0.0020973797000842,1.31475580729301e-05,0.0246126020882918,0.133107471299004,0.0162015336915736,0.0671453879661117,0.0354225245838389,0.0126149670063456,0.0167193333842064,0.00314558270442006,0.00580605787543029,0.000117560094059576,0.0002586522788772,0.002763544745481,0.1279511980119,0.00292450610579251,0.00928589220503049,0.00423707682281065,0.138873272800574,0.26124332305513,0.0124696407006268,0.00466597262970749,0.0473172795951858,0.0150682796621963,0.0185581184099734,0.000814329421604823,0.0102438744185496,0.000450506017265047,0.0042775718433592,0.00365226666388917,0.0152362453084156
0.00470091618271153,0.00278573101446261,2.17452455495992e-05,0.00239897911337405,0.138935129029147,0.00154829777250163,0.0874156008216221,0.00982077366207949,0.0170587614571436,0.000213453971983693,0.00174447791728974,0.000343833881250406,0.00587487800854202,0.000462996095300393,0.00668835912735392,0.0748511628130962,0.00090926779453255,0.0252879849653128,0.0014480787901978,0.0280588545083546,0.0251575625014912,0.314973355112344,0.0342369456159334,0.00514842854540204,0.156514594680414,0.00358403317450246,0.004557985491557,0.0256535596862355,0.00650780005183218,0.00230929820370443,0.00280444160784122,0.00798271315693714
0.000728823122399669,0.00208732662453337,0.000103175727505536,0.0353728702151823,0.0572558199891955,0.0156154305492917,0.0379436684117927,0.0449847864568784,0.0227046102900141,0.00559807618081784,0.0106027166999407,0.00129212352884329,0.00797349024646468,0.00167374437523403,0.00501888954251301,0.0228095033012575,0.000192332082482645,0.000744111552146114,0.00383161784941275,0.112741148561949,0.00774474202767792,0.0454162914475157,0.435371804979581,0.0257455768833837,0.031755477661497,0.0109854260166516,0.0104224317391968,0.0293016510566375,0.00193397256074348,0.000784614142889671,0.00141664588721863,0.00984710028915232
0.00160372203797999,0.0030802936386985,8.35966149077538e-05,0.00162372277221946,0.106619534551067,0.0123876749778951,0.0439081438817143,0.0084413792653343,0.0105719682151457,0.00467056733167935,0.000376193551044312,0.00361319941178056,0.00129819691813441,0.000495426397168594,0.000679735493053375,0.121315489266444,0.00338023029256564,0.0117829564518431,3.80061347292893e-05,0.258675064930439,0.00502422036784712,0.00172064395138964,0.0116615700159491,0.329852079981266,0.0271059022868874,0.00915029655038703,0.00229338719418619,0.00293602141756351,0.00117658798503737,0.00989324484814082,0.00453524958516715,5.69368233406605e-06
0.0167290697828138,0.0156895209224816,0.00506608275333824,0.0201639600242732,0.00620283411308795,0.00529288240591361,0.0591032672368565,0.0451087440138886,0.0496142743646045,0.00074362055576464,0.00331480361201569,0.0025829125444032,0.000110245426289349,0.000455127007176207,0.00420873473952102,0.00595320463092726,0.00915639292807093,0.00268084033485404,0.00290644464024488,0.0976085314646591,0.0306001241475942,0.00138773600089219,0.00884157781848972,0.028581017043561,0.513245478305145,0.0389355849708703,0.010299944926517,0.00357952950191313,7.38389454743361e-06,0.000333276576727465,0.00268737623500233,0.00880947707755547
0.00331220912768208,0.00376409621219895,0.000715202892743125,0.0362878564992723,0.0123223702528424,0.00790684699098097,0.00432979641892895,0.0209588205015444,0.0625684927633327,0.00946125838568896,0.00511595477752665,0.0529715838931611,0.0016142466545423,0.000393140214172454,0.00485571906736317,0.0542391820300957,0.000698144088043031,0.00151650638105958,0.00276581405324353,0.0821679585932062,0.00361455677655053,0.0296744507604258,0.0260330892070469,0.0357954788900274,0.00789757724744428,0.414784095406074,0.00474839519906785,0.065874146432642,0.00011384188616913,0.00686060787914328,0.035388830999073,0.00124972951870727
0.000972905371814599,1.97009063909874e-06,0.00172224780262863,0.0660792321399322,0.000703409060502081,0.00140783050399841,0.00250267383507013,0.0349722592357414,0.031793128374852,0.0372710193935298,0.0261566357141905,0.0128651480745995,0.0033314159175773,0.000332126083787925,0.000735579960041943,0.00874056697159264,0.00198027367586498,0.0015799863645567,0.00375379056034007,0.0160340332831242,0.00322595428404361,0.036447750737864,0.0448096444142122,0.044914632542416,0.00131070586357589,0.00648423741843481,0.529091578069359,0.0157119226098445,0.000107523029438287,0.0187199347129808,0.0448277936454719,0.00141209025797484
0.000209727013270137,0.00216107042519651,0.000596493806521111,0.0069653102045462,0.0332977185839351,0.00667236779337402,0.00759388768700478,0.0115546205511007,0.0171256916422593,0.00304456343022276,0.015268634163532,0.00447021946622823,0.0192437317615568,0.000477584866743073,0.0203181029980599,0.0334910922029753,0.000362995425059023,0.00224973708189943,0.00229822359453557,0.0676666857316314,0.0020405265189953,0.000800965261581664,0.00764526359427706,0.0447438223839068,0.000924855004030033,0.0186720525259297,4.91582367462507e-05,0.632903715725272,0.0185234656403418,0.0100201365258448,0.00485924011577487,0.00374834003764832
0.000598102046138224,0.00112415918163124,0.00160510038157309,0.051177009362656,0.0149600217189884,0.00766232016901493,0.0146869255655952,0.0387819169595778,0.000816461731727065,0.0133827472454439,0.0155910285198246,0.0119490962558784,0.00576037156609802,8.4826648262427e-05,0.00873950846611938,0.0152653289362794,0.000269978047053789,6.41034801570539e-05,0.000522794039322863,0.0661711240179828,0.00630053369860429,0.00282077933754736,0.0145322642108058,0.0449624492154978,0.000804914516412874,0.050785068516169,0.0727044881174759,0.0647919499825819,0.44064742482468,0.00611504198954623,0.0212046909357275,0.0051174703156269
0.00297475207167942,0.00371393686120981,0.00182393936441168,0.00435498940232364,0.000310195354124495,0.00256228189690091,0.00303402083341946,0.00140035829783595,0.0434821069776592,0.00970159361949502,0.0028633241500616,0.00340625585429275,0.00490103379126934,0.000154767213386629,0.0113635642376464,0.0148586967706138,0.00109404173193085,0.00251642154604755,0.00113740856687553,0.107664934165799,0.00651653101370545,0.00261318554151749,0.0222183067607589,0.103592807489547,0.000578987187369179,0.00045543671410548,0.000795578043119031,0.00630580208044283,0.00263594634345044,0.617790638131805,0.012557086582499,0.000621071404697127
0.00208665517994696,0.00139668467337983,0.00207682120197716,0.0433311376174185,0.00817754104446477,0.00270426071240159,0.00780320130889591,0.0120665916429526,0.125902367153517,0.0225658476261738,0.00428364319723331,0.0582405699600278,0.001917419195396,0.000469601441373685,0.00973653416834235,0.0247300220916305,0.000321370597460057,0.00212722270946175,0.00189914360116257,0.0319955379278206,0.0122042097246729,0.010561227494294,0.00981567815763869,0.0313806544272682,0.0208560290606257,0.0135590000982408,0.00948679445752007,0.0982098029003363,0.000100798899220572,0.0117064032487812,0.415597397071839,0.00268983140852565
0.006811254125061,0.00190339873530363,0.00148605667963944,0.0466155497692504,0.0449078646660956,0.00074276152847845,0.0581609825994643,0.02110815739169,0.0249517990673675,0.0233588005140279,0.00758281020947561,0.00750279147471301,0.0136384549786715,0.00273971264973575,0.00234850086208759,0.0214201130379066,0.00122430581273161,0.00229686591053135,0.000396296656676972,0.0117029834195639,0.0628838183075995,0.028864297009385,0.062690921600724,0.0325707303300789,0.138749613934944,0.012135092648915,0.00133068503281165,0.00957807969868988,0.002324799451142,0.00151463192120337,0.00309524570586439,0.343362624270171
