0.692430192728979,0.00908243574339029,0.00331661179754355,0.0108178944294973,0.0298747147306871,0.000178796536562619,0.0136435276608525,0.0041002182506738,0.01105861020198,0.015803922983391,0.00937056639765162,0.00922903026968574,0.0123674363768755,0.000892365158133975,0.00528976798288267,0.00697523096315801,0.000317976334864528,0.00474579793889191,0.00332688586161019,0.00740124956535814,0.0558054549752299,0.00243092322833327,0.0157393745053707,0.00504091029754848,0.0224518609991674,0.006385993321291,0.000241133524440082,0.0136916636772931,0.00533889880671568,0.000359154790562544,0.00105701424888078,0.0212343857124975
0.0115511332597315,0.424613162539544,0.00458731138034047,0.18217336673952,0.0406431598439311,0.00390109053249283,0.0132900807830316,0.0787354036864837,0.0752311194641392,0.0374295511984353,0.00179836247052374,0.00371357572942606,0.0049120835038208,0.000792027305605961,0.00594216554053214,0.00715671033667221,0.00285969047123279,0.00346850750631498,0.000468202459228416,0.00940800134291501,0.00612033501698035,0.00226502128208587,0.00779944194615032,0.00653272557043816,0.00241942933154327,0.00819747541943824,0.000237733165213707,0.0145145063320781,0.004109732029902,0.00301185020554254,0.00474144857555427,0.0273755950311519
0.00211177891876354,0.00755692322159804,0.612647495845669,0.114905951758289,0.0281986355182727,0.00427695199447926,0.0135584188461678,0.00655607666935467,0.0106804954258131,0.109435157276377,0.00418472417907928,0.01428765544607,0.0103146902857945,0.00104720822796767,0.00784050102449834,0.00227135084906886,0.00525590339532235,0.00737075203087641,5.96261723773744e-05,0.00265478488625163,0.000251623908749139,0.000174479807735843,0.000722944840422332,0.00141521278680376,0.00462236282665998,0.00195620873013245,1.13429554447836e-05,0.0167904669991462,0.000497134272371874,0.00101582979336386,0.00401319360126465,0.00331411750581546
0.00206157480983992,0.000829780561264298,0.00242347429496111,0.421666698000222,0.0179797336151237,0.00114884429075836,0.0131198955820877,0.177810877190599,0.00965971979218233,0.172837617008812,0.0440031466074657,0.0151750846092422,0.0430212639339943,0.00454793389580163,0.0109852155632197,0.000763540235154471,0.00140199280791776,0.000642117526741211,8.87597503887994e-05,0.00189142889546696,0.00371835429893475,0.00195319661178177,0.00434446885300509,0.000617038677003614,0.00248458013445164,0.00148170398363862,0.000522124259243874,0.0270521599471323,0.00541683475840926,0.00154571309722687,0.008041923253026,0.000763203154903913
0.00336710518192208,0.0014181072825501,0.00196107737639683,0.0745634497406385,0.562858988376632,0.0290153192449411,0.112374034076962,0.0156105143252151,0.0382814704496516,0.0669955984441994,0.020187603391073,0.000199856408518682,0.013367933803136,1.79574521628726e-05,0.007972868473302,0.0222795513086333,0.00340006926482432,0.00519041307673444,0.000997898150863187,0.000831662858917627,0.00238806616778759,0.000126496207658559,0.00437442789218309,0.00127971800664807,0.00141985434882716,0.00270055123812258,1.52134244407565e-06,0.00218384276998636,0.0011482570751986,0.000278852039065914,0.00158012084996405,0.00162681337483912
0.00125953160787994,0.00202564800282362,0.000243729640114688,0.155509351776976,0.127009975539951,0.32041595016496,0.0574443518772088,0.0160255099242492,0.0298575225900457,0.187710330967349,0.0390390887331407,0.0032248602418026,0.0125675134043134,0.00017800773695925,0.0144995387413584,0.012146886394208,0.00256953388126498,0.00507453189958798,1.89101455064381e-05,0.000452482366305636,0.00199045974889975,0.000481692153708325,0.000387614540359973,0.000879910052235769,0.000316088989233509,0.000539616044059138,8.0398032032359e-05,0.0013310812072904,0.000543601348629481,0.000172166593191002,0.00505175207004345,0.000952363584311569
0.00141651593873343,0.00134817717177864,0.00126821939718497,0.0594073410088228,0.294731368174623,0.00589457278314086,0.215174568184844,0.0332117449003575,0.164348157128907,0.0749159594292574,0.0378193360454557,0.0173655644947214,0.0173704682190705,0.000640837954683568,0.00514608300693842,0.0053121326312955,0.00884952637587048,0.00896536529072074,0.00117964632226839,0.00292917112490573,0.00545950485160395,0.00013263255453312,0.00156028290141932,0.00111976219899334,0.000490566543337765,0.00127090171315019,0.000974352373917932,0.0253049729989608,0.00060378847039998,0.000239624986060244,0.00207408956287351,0.00347476526116978
0.00462155585977733,0.00303948037842927,0.00267960848724412,0.00178904451467588,0.00314832940554452,0.044363887176345,0.00261330242925742,0.819535081653858,0.00648148884002164,0.0247904511777998,0.0115120323241382,0.00717920230978375,0.00844438358006324,0.00322792000296346,0.0015108669140364,0.00645363944861767,0.00255312295730599,1.37904010147574e-05,5.29282664988015e-05,0.00426849832232988,0.00652342920146025,0.00121218913605736,0.00360933657917989,0.00145954278964756,0.00095383857795373,0.000136218019685637,0.000276184934210417,0.0212608705967597,0.00412146909440424,0.000483130130247065,0.000977336763880603,0.000707839726808932
0.0237108854415809,0.000260947141897908,0.000379859591860061,0.00228047843601184,0.00491521262980041,0.0152670670697199,0.131023098495181,0.000948796143777898,0.585385463308341,0.0189355383181482,0.0181692550248252,0.0431564466275079,0.00126204704075474,0.00132138843363848,0.00256332422016296,0.0250779124432393,0.00447158826091162,0.00264123929303279,0.00145760072746768,0.00334337287202764,0.0249149404525643,0.000681355851010051,0.0153746309247565,0.00409018063141761,0.0166367236548397,0.00504459255966181,0.00289247770358893,0.0279054348728308,0.00556281028722663,0.00344145193003457,0.00428889693466978,0.00259498267751172
0.000854949696487349,0.000299889861558877,0.000594068381551113,0.0967515624198349,0.0116047492269579,0.0102228441747473,0.0210703057102134,0.0714472595528234,0.0018110471121677,0.670203412265861,0.0556218134126058,0.00617361611104121,0.0180787105132889,0.000898573303029469,0.00132444469084493,0.000456547479453476,0.000366557734494845,0.000896101532786422,0.000242001332356858,0.00283192285899231,0.002105333757976,0.00115892667854002,0.00155968324715515,0.000111797931390112,0.00287978112400307,0.00211415832211175,0.000243567598721337,0.0129762945007001,0.0014114207406041,0.000600971711508595,0.00173033730264961,0.00135734971354251
0.00127439775578317,0.000324051835417658,3.87017444411567e-05,0.0518382283991449,0.0146681133384136,0.0225997639703477,0.0439999021772751,0.0288649677508709,0.00237864087309052,0.225586384175919,0.477480439177883,0.00525483720465259,0.0410340201189768,0.000827860581665618,0.0045673976581035,0.00835715850899429,0.000684120525577354,0.00339466670815053,0.000643268528959088,0.00769199961172556,0.00495347060299297,0.0019225714309869,0.00153939184487986,0.000580975039143433,0.00989594550201364,0.008319120314868,0.000972761158556445,0.0181840242287909,0.00630681429312069,0.000958768735900713,0.00266217470327039,0.00219506150008378
0.013097523961285,0.00136429675197248,0.000191054802291743,0.0187511245307346,0.0297792007066729,0.00250408380154555,0.0424171080947379,0.00945096174002277,0.00433220894394775,0.00243377231043696,0.0150098159005407,0.592616549708515,0.071244054403147,0.00420864746821087,0.00240646931990133,0.00996626520774648,0.0151196013623308,0.000656305392556181,0.00139289267856199,7.22751455818228e-06,0.00252335094867626,0.00272470226023879,0.000391789373865582,0.000770612669085479,0.00326416256931117,0.0127254598518775,0.0180375928087175,0.0304121916733329,0.081150056393635,0.000928664090441043,0.00779494669581947,0.00232730606528328
0.00140715068599126,0.000859361729977314,0.00220838893685078,0.0848259378336206,0.0247089473241357,0.00288631344878144,0.0172880502895177,0.0330049659082433,0.00650454541582857,0.00782176032842535,0.0227604927960582,0.121172377480656,0.521214271296094,0.000957508562390257,0.0102061707580933,0.00275274745012624,0.00146202512253352,0.00154183140634767,0.000298813952687516,0.000544436535826694,0.00417824160961569,0.00154553346308817,0.00124686167673318,0.000243773332045373,0.0112608896103584,0.0054519300104019,0.00341183133026931,0.0950592445745651,0.00847638649178633,0.000326827030200118,0.000739227449192259,0.00363315615955836
4.65980349797994e-05,9.68344450731044e-05,0.000371153103722681,0.0706180140793304,0.00712340983133896,0.0027144182818862,0.00107063425087652,0.0293503431850429,0.0185953886985375,0.00911256827758549,0.00185093944467847,0.00740693774199689,0.00654874117839577,0.778393354412756,0.00824189073205668,0.0116932485176598,0.00278477171646229,0.00207168663608743,0.000716927081156338,0.00460215898925967,0.0033918475296861,0.00206355423978461,0.00530519130559785,0.00101904701195066,9.80154466076166e-05,0.00265575563498512,0.000471949306585674,0.0132635857102724,0.00316254887923664,0.000501681426175975,3.21092687154235e-05,0.00462469560151909
0.00182084117153081,0.00119219325977312,0.000451568203107134,0.015064479026362,0.00326389693396557,0.00325626106238031,0.0140521595473226,0.0132281020328643,0.00255014229973419,0.0119078954219689,0.00149694153615248,0.0162174434265694,0.000753490932560734,0.00184031977900625,0.86044784712682,0.000235337076909787,0.00307612126289583,0.00224994289341196,4.89317169312394e-05,0.000113026382155567,0.00514603800967856,0.00104137652324462,0.000529321386269629,0.000424033641999383,0.0166450797349565,0.00390952120824343,0.00100336813830619,0.00584385043907015,0.00476483188657052,0.000308895958622352,0.00615396035161001,0.000962781629006143
0.00701812132913335,0.000252240011456531,0.00133462008205011,0.0378128371279437,0.0854838195658496,0.0902273535263916,0.0161180979512786,0.10893492836357,0.145379751748978,0.0267117256799458,0.00397698925924239,0.00842788280551177,0.00181865483839082,0.00251457854652893,0.00928967054319608,0.380843913189926,0.00634395966658226,0.00105027604134598,0.000372350951868513,0.00231369779613794,0.0149992238566609,0.00233515708364693,0.0025762981211986,0.00505579042131142,0.00441566832532483,0.00256876215391141,0.000203805050873501,0.0122669752623647,0.00200122414953313,0.00294412532904095,0.00265086206429428,0.0117566391565106
0.035361436265965,0.0044923793864599,0.00069767910001176,0.00072107510138403,0.00911967026068207,0.00338862164219234,0.000261349941469049,0.00560235161311062,0.026953701001719,0.00786969147967935,0.00863088227520005,0.0133664036997988,0.00591393582317336,0.00231671358585057,0.00423431533862021,0.00457558487592256,0.729720421560051,0.0075443951525947,0.00792818823006747,0.00854491611292379,0.0340415457148616,0.00509231323604277,0.00778425772660274,0.00338058460276982,0.00263135473130202,0.00862032681676345,0.00108303803600342,0.0270041136444411,0.000916820614685677,0.000641035085770312,0.00129588655387633,0.0202650107900044
0.0222647192483671,0.00138077029539962,0.000330211242252483,0.0035303611266335,0.0223323865173287,1.05015867492167e-05,0.0159165796977861,0.00194862246883246,0.0208535708506253,0.0064212957026511,0.0101459277437884,0.0061121558400934,0.0117058722419794,0.00184811730617854,0.000548270208314443,0.0186264974428285,0.0331030294889731,0.722391002338485,0.029864784111946,0.00150976451516097,0.000980968147226421,0.00434956572660713,0.0121027213700818,0.00402285096503519,0.0028170136392835,0.00527182065904736,0.00139400850129692,0.0249882166564747,0.00514910585816277,0.00210141965343656,0.00367157875588603,0.00230629009308801
0.00145025924195358,0.00097385966058117,0.0012839724553338,0.0214000713425629,0.00164882706630758,0.00292345103686709,0.0097232285498588,0.0120410494511605,0.00168056269229079,0.018772691176785,0.00610359209170411,0.0804708828501331,0.0121034370301204,0.00236109284793476,0.00844300554707615,0.00848190057696268,0.00698947031702161,0.0340045208716202,0.650764596262262,2.39132863867906e-05,0.00400897341808444,5.30126655844145e-05,0.0204352934158928,0.000175764033938579,0.00505351971742938,0.00948350805142815,0.0110462641492072,0.0410389709860934,0.0206431826155963,0.00299210279573984,0.00149914683522816,0.00192587696085379
0.000369496468749834,0.00195304479048449,0.00075327355459714,0.0119915724658575,0.00133229442162217,0.0184161461996484,0.0093132316432541,0.0147027883004741,0.0166141216241508,0.00108908871329924,0.000428817682228454,0.00387951687154655,0.00391217901011247,0.00397458516363392,0.00967251152640682,0.00266318058918585,0.00353583891990194,0.0131205322348794,0.00784215570051268,0.733020846923027,0.00309280017472299,0.00916542741336419,0.0109472681967458,0.0211042985239749,0.0166659888277914,0.0555506260395043,0.0065636922012543,0.00131778773544352,0.0010164803982611,0.00509448401999343,0.00951172408094672,0.00138419958442449
0.000958427547358757,0.00172024142725388,0.00165575693979564,0.00786802292212171,0.000228705511097527,0.00713422764211289,0.00195624331373186,0.0126161023840255,0.00103288872029931,0.0092925970505699,3.25860467792348e-05,0.0368997859882649,7.86715914619592e-05,8.43767130425013e-05,0.00790030808539619,0.00466225482870347,0.0109278741632618,0.0158893033790054,0.00108546568597355,0.0282211974634231,0.628698352522698,0.00074659524685881,0.000494250460024128,0.0811977122401935,0.0104644782239001,0.0143131461696154,0.0218845388566975,0.0162088784307352,0.013823679588853,0.00100083894281109,0.0047759549061147,0.0561465370078194
0.00200718831896638,0.000630641012398866,0.00406012864165594,0.0641539604474684,0.0125453669871985,0.0341889254112863,0.0218149548755145,0.022410873830133,0.00719346278572641,0.0307435214127276,0.01508272541767,0.00651002799818467,0.00494959614545286,0.000548501275110881,0.00670609621601123,0.00592091529388811,0.000723533279284088,0.0428243832534269,0.0103893384305455,0.067887991440089,0.00130525258354365,0.493395897998804,0.000669120346275282,0.0267415466215056,0.0780074102053643,0.0107371152985594,7.3500586179627e-05,0.00723433223452737,0.000457019373790191,0.00671922048364157,0.00391899857657731,0.00944845321849265
0.000775981644824928,0.000507698332458261,0.000546001775008584,0.00611610193386238,0.0051848128518709,0.0139983705267551,0.00231473187497644,6.10348700527189e-05,0.0253765604778234,0.00398214571249956,0.00142805608542947,0.0445555514729839,0.00148639674416903,0.00261762584082602,0.00455919917927672,0.00390108147572182,0.000218891263291817,0.00794254871042226,0.00594451890590714,0.0362253441057259,0.0500276079187022,0.0187328669949925,0.644037180340042,0.0138006580145619,0.0116281452547048,0.0011842804006423,0.00534604400410032,0.0231125839568224,0.0233323436014261,0.00290269820170417,0.000892236606079394,0.0372607009223362
0.000821982881122558,0.000382851813113978,0.000928912963174886,0.0284943027430815,0.0130933042935954,0.00145677305039821,0.00762353647550241,0.0206996192910971,0.025150138965086,0.0124248123231822,0.00441614527394023,0.00597022513642662,0.00719319086055039,0.00104038439166164,0.00278136439127675,0.000649403715238588,0.00926065971635997,0.00400390343042557,0.0068041140001291,0.0364223291999607,0.0289900893521396,0.00293229912566919,0.0089804335846243,0.668327645990828,0.0321179347600183,0.0386902222536846,0.00542193739937029,0.000539824554216792,0.00971719522396828,0.00246522358427848,0.0041992947327964,0.00799994452308199
0.0340622658687194,0.00337690386029068,0.00210701723064658,0.146860828299264,0.0294852357121461,0.0120003493057374,0.0219769456227234,0.029128154293917,0.0493250948916898,0.109184519397051,0.0256776747601968,0.0203015960921835,0.00174623137241974,0.000687910363924564,0.00169104929699396,0.00554508866128374,0.0278699322745611,0.0221810758778371,0.00789737639094562,0.00366996928482481,0.00109713682811037,0.0210642912838685,0.00606022160489171,0.0194164533338454,0.36427221137998,0.011007283163385,0.00199591024810966,0.00159661141476808,0.011713706749202,0.00234270749440813,0.00188029095398689,0.00277795668808652
0.000579268606260157,0.00118510146008735,0.000668238509868392,0.000670256504169125,7.49858767768864e-05,0.00617810251068456,0.0155041863531377,0.00343143762426467,0.00378512987042897,0.00284801342326272,0.00456163632230131,0.0171571127597253,0.00380433357285338,0.00139176165207984,0.00692960192159914,0.00168026242228438,0.000403333013745801,0.00128917107708749,0.00140552817383657,0.00531715913955347,0.00857340062342746,0.00280291170696683,0.0301823510876177,0.0175243957200648,0.00803711933965754,0.821091003097943,0.0174337824396306,0.0111810007498229,0.00041122574096976,0.00328886300655042,0.000491321985248633,0.000118003708092708
0.00199203943289681,0.000587669426211483,0.00063324466002575,0.00936202536390952,0.0180795570414323,0.000599329157935142,0.00165765693947861,0.000247204820110175,0.0141088494961588,0.00661689211268951,0.00489352966349484,0.142123896957354,0.00225967919378752,9.74688415461882e-06,0.00241781314956466,0.0015142215477289,0.00163372283150405,0.00266006335730646,0.00291423783379324,0.00530369309288079,0.0229171291011355,0.000907038981442188,0.00259436295414021,0.00184509417158177,0.0301980377079063,0.00528065263886166,0.576588700154772,0.068267777890428,0.0709772865895598,0.000317704727962121,0.000366727059088242,0.000124415060705011
0.00954468207718488,0.000381747653456349,0.000205372695645768,0.0372993330179554,0.032030645589214,0.00617877175487063,0.0498376082429379,0.0209956282200984,0.0124715671126373,0.00710088014303701,0.0165910528937061,0.0247755832635802,0.0340090258766557,0.00369480594772273,0.00231593846631708,0.00587610018311787,0.0139923470006669,0.00226573237664089,0.000663896402943271,0.000263024895536654,0.00204912107505494,0.00253338805930894,0.00311630170795376,0.000191852592210703,0.00619187716541507,0.00676749123948905,0.00822201095023162,0.621620238219043,0.0654952095773567,0.000322760072000088,0.000297991354324172,0.00269801417368634
0.00139353029612766,0.0049022668306364,0.000443206651670007,0.0234116857599945,0.0239854691455202,0.00712365516992643,0.0248039929277218,0.00875433864919903,0.030663345452999,0.0203883063609321,0.00370312218727817,0.0828043225654358,0.0203603828694791,0.00104742908457837,0.00511390878311145,0.000350222271930454,1.93814072091092e-05,0.000723420044362528,0.000672793821254748,0.0040884152963836,0.0271990373096418,0.00103915441091216,0.00296193104213975,0.00110391217082333,0.0320279790975322,0.00210840778616019,0.110437938049039,0.119456729412948,0.373306297859962,0.000389781872513605,0.0641691664146947,0.00104646899788325
0.000391434871215072,0.00401640982550722,0.000567218091018935,0.010883820872391,0.010239409200651,0.00460024752807374,0.00947084094437912,0.00568732628238647,0.00423876397679972,0.00403960620974034,0.0014723446805032,0.000259337628105838,0.00134358509764945,0.00146956567237708,0.00106411897967529,0.00116231074593492,0.00620436990565652,0.00178984980185357,0.0043354436608484,0.0107617043923857,0.00334640967563432,0.00307631597099913,0.00578492268238661,0.00195944284484164,0.00258748083717537,0.00579791326495729,0.0103836983015596,0.00517393692710615,4.70866459897064e-05,0.876802016126071,0.000601760229991094,0.000441308126135583
3.62847447459084e-05,0.00440635675753759,0.000179020856203432,0.0337578918281401,0.00862390748549356,0.00787192707178498,0.0219281552734588,0.0277781899042994,0.00831480427833273,0.0146282513263227,0.0039478162821878,0.00353669691558961,0.00803727703365005,0.000484398456389585,0.00213043742885906,0.00162416644090153,0.00149238971115786,0.00071204527194457,0.00107906330170938,0.000233623065742486,0.00983505954408017,0.000658040644507929,0.000206991472492574,0.000537846228799044,0.00519560367774481,0.00967505693564931,0.0147874792308767,0.0352917605432935,0.000149824273552369,0.00427775044814021,0.767248078256015,0.00133380531039684
0.00954893069957351,0.00455696046947174,8.44086039910866e-05,0.022106725338416,0.00325395630332233,0.0039339525308231,0.0438999257491938,0.0115172994755005,0.0188990289093498,0.0400101727210183,0.0177138379074349,0.0289640708325374,0.002986954741942,0.000530257834935891,0.00599041715628145,0.00372709777866643,0.000539449406567536,0.0040242108887888,0.00397676443099205,0.0060655484491452,0.038802722890811,0.000252121716884568,0.00269834058917099,0.0256526588531192,0.105568629277989,0.0110918330590878,0.00281708995762241,0.0593185118606517,0.00462085945530864,0.000976178774936786,0.00163543427797159,0.514235649058494
