0.627047202624527,0.0136788146720529,0.00413892256724391,0.0160547713270491,0.0223995428960117,0.017588571312052,0.0261485641703675,0.0316995028661981,0.0131093597422808,0.00666773471633844,0.00374421966380077,0.0117678701298616,0.00865948452278611,0.000318767299199583,0.00197313330462133,0.00609951433911053,0.0548053288438936,0.0223664700850671,0.00115029663017916,0.0151568371708997,0.0364686365928373,0.0108620657554426,0.00115625071532921,0.000574851122377343,0.00805322203698273,0.00500724368529804,0.00224018161309351,0.00337098766411217,0.00799538126874008,0.00078678191151256,0.00829222922200409,0.0106172595287296
7.56851045902833e-05,0.633621038564769,0.0221774786967457,0.0100040924858382,0.0162255699175961,0.0183379850566513,0.00195021907493702,0.0202903575310006,0.0517221277375568,0.00449028451023971,0.00471411286389963,0.0137933956595022,0.000472436986795667,0.000519622767589384,0.00107220056002743,0.0914807043242216,0.0359756563878067,0.0060949658354817,0.000417776481228809,0.0122266199118242,0.00441169875850191,0.00182213694077887,0.00311153080455886,0.00378459398960515,0.00822665174776504,0.00993092926154384,0.00292747257749795,0.00536343892029489,0.0120676098823912,0.000840753610250213,0.00129722681131536,0.0005536262371942
0.0124059349779497,0.0112467474498104,0.640859107114901,0.00754209612213624,0.00761416034242516,0.0505325483789998,0.0693214174732113,0.00187433455271731,0.0294809360250239,0.000931553384831304,0.0125294726183658,0.0145764870910632,8.95174471111861e-05,0.00268063035368713,0.00319903672027962,0.0832101247488723,0.00072026336386296,0.00112020674900457,0.00368040984055023,0.0108876938202338,0.000943189660508094,0.00219908783315542,0.000391738460873481,0.00308057959528814,0.000678079472831138,0.00780546050395032,0.00345389156508409,0.00228151384538133,0.00650282055847548,0.00218759777854155,0.00119947900728469,0.00477388314358981
0.00491770770721725,0.000854382347574084,0.0151547771777373,0.446409049812539,0.0231063145745212,0.108280853843861,0.120020948793759,0.0362240853186766,0.0137889297087631,0.00330453520751509,0.00408024961288758,0.0755643974527051,0.00120887050275322,0.00486077151892713,0.00411525844372248,0.0363916215301557,0.000497687495216461,6.89226827610388e-05,0.00119359355497559,0.000331408733160295,0.000491062005094098,0.00322411916716342,0.0200305828315363,0.0031505385294227,7.25052186385236e-05,0.00846052025530988,0.0217848073169074,0.00228838097903301,0.0384194996958379,0.000339415931520003,0.00128491427619046,7.92877739186274e-05
0.000678845362691928,0.00170415575454493,0.00641060421988876,0.0180860226051062,0.72878229309716,0.0273875065830526,0.010001202246702,0.000834154592171441,0.014841156945,0.00756565856253675,0.00400682937495182,0.0157300868875069,0.000723152339526599,0.000908893673050396,0.00541534601829225,0.0200104362548136,0.00316137994296936,0.00106938174193797,0.000283465504315701,0.0387385061223854,0.0200835665770538,0.00743799628585931,0.0161515647035313,0.00605494493344676,0.0152197866748553,0.0100367066377321,0.00214450945858205,0.0116317189369315,0.00116208794228248,0.00132089600812946,0.000731497865383618,0.00168564614760711
0.0110141401559008,0.000484768257021567,0.00198603049752688,0.0157643569649226,0.0262308015758859,0.732289792487417,0.0114718788748391,0.0285129946915944,0.0283179570685339,0.00250084994147857,0.0162306613778123,0.0153245965507172,0.000886858136289614,3.9336296943367e-05,0.00284603283317993,0.019072111283896,0.00397181974684158,0.000265277510475396,0.00383572607047678,0.0261264189354336,0.00325021654271354,0.00409917475432186,0.00302173743541846,0.00804674268388363,0.00590249237831319,0.00960374707081699,0.00686625048291721,0.0048529732435273,0.000865750374067145,0.00416265312452204,0.000272176537961919,0.00188367611434979
0.0280825752128951,0.0130909898393446,0.000660021727349678,0.0594216490780719,0.0419395861068068,0.00280252909115324,0.626076702427127,0.0242504014086051,0.000208620446614289,0.0211020056108322,0.0173907544663479,0.00984460636250278,0.000308920437912166,0.00113309405637436,0.009094030203933,0.000374231099081107,0.00556132029815733,0.0018437001630054,0.00483679699301383,0.0401126319935394,0.0124787439638987,0.00986767997772917,0.00465963658883879,0.0169967971494689,0.0136587716126993,0.0169020543909635,0.00533288647434086,0.00327206687603613,1.4211175522639e-05,0.00587068172861743,0.0018135585525393,0.000997744486677825
0.00516041896652139,0.000530571037715149,0.0190294320005304,0.00198474411113199,0.0172497541901902,0.0989961351947316,0.0190241523286961,0.56229755415105,0.0273999999596804,0.0108645532492619,0.00820275933149259,0.0928236061101684,0.00241086580253594,0.00682507999057621,0.00470380881214288,0.0126055302901491,0.000491664579734423,0.0010079873133725,1.45760839226556e-05,0.00186486925794528,4.85972800856881e-05,0.00413977889341089,0.0310554451755606,0.00407096370691603,0.0113682055871919,0.00121161446951127,0.0190791949648387,0.00079596724918146,0.0309865808484386,0.000835364831149174,0.00158514252369583,0.0013350817084704
0.00561005256973807,0.00929137491508303,0.00516377016463429,0.0276685655545117,0.00611243250283864,0.107008778306545,0.128211587089515,0.00668907745994744,0.471552374192589,0.0085223577744007,0.00950859641156896,0.0101445997463941,0.00373320323802105,0.00140251139591969,0.0015966436644328,0.092730122912213,0.00518871803912412,0.0123305468947246,0.00392855983670874,0.00543049014373415,0.0195186236152955,0.0177501890995899,0.00382190771238969,0.0136351371537762,0.00192571352352044,0.00722290848586498,0.000957606253847622,1.14482701145572e-05,0.00410879275184381,0.00169378315745465,0.000563283874421767,0.00696624328923725
0.0040048014680221,0.000130727815924504,0.0096461269546554,0.0363785865719618,0.0208778142941081,0.0362713209788794,0.0594833736667616,0.00408765391903921,0.0667179592501975,0.46173597798105,0.00038378763338564,0.0952001586596654,0.00153212563291085,0.00153299138304424,0.0126177001119641,0.095083440958802,0.00197175168486615,0.00172290361421502,9.62569794716605e-05,0.00505329909829669,0.00135507126311102,0.00136414984816292,0.00540461651735864,0.000831650299192748,0.00402160332593228,0.0197811882000885,0.0129850090659926,0.000393777721291993,0.0376987243851248,0.000952867006926349,0.000244422645918823,0.000438161063678093
0.000672170139971293,0.00404270205998359,0.00427140662411403,0.0404809463237439,0.0710622885767773,0.0467475070393948,0.000824980544678276,0.0533916535540547,0.0313800580980937,0.0151503735020498,0.63009552098217,0.0192165065672574,0.00486580890014777,0.00233621798253308,0.00389035886448199,0.0119490053679317,0.00149202474255679,0.00247652058719605,0.00255350513460648,0.00824783990588339,0.0129664723839427,0.00150574864039454,0.00307956726727903,0.00224528959023567,0.000112311039451928,0.00185684112107302,0.00847947691114337,0.000566503741496642,0.00929913508815097,0.0015329928637894,0.00154796070480126,0.00166030515061585
0.00173813692433511,0.000459983087717246,0.00251469563371215,0.0120209357276169,0.00182954020771171,0.0329931598266916,0.049050619161715,0.0151898148410349,0.00172595103812048,0.0176873648492731,0.000178881564332187,0.674444252436559,0.00422923554770939,0.00177206953361722,0.000294386212407339,0.00933745742626606,0.000203444964813348,0.00928841549293275,0.000916187201097602,0.00374184924685097,0.00111374545731885,0.00214262413451381,0.00597847179506253,0.040690928259706,0.000742797734936394,0.0384146714667996,0.00980582884545712,0.000210996210503079,0.0458460543161018,0.0014169793768757,0.0131929387843957,0.000827582693815024
0.000869824573278081,0.00195206358329626,0.00178236277163699,0.000630747900605097,0.0263518735229787,0.000789866388221692,0.00527094534865094,0.00797781912396078,0.0748618288024931,0.035079089611836,0.000120339299545477,0.00324160869078899,0.47518505308459,0.00113445378664349,0.0219658268002702,0.0411071389375141,0.00166415498115643,0.00214428798126859,0.00551473262124934,0.0283539511802097,0.0298335118118779,0.00846107188854262,0.00643321550894648,0.0411621953773274,0.00169110710887804,0.00453249459755776,0.0118269210995232,0.136625263591754,0.0134020443639712,0.00186897111479011,0.00621240713112003,0.00195282741551723
0.0068279290300875,0.00286522536532795,0.0108128937291983,0.0534458570088905,0.00191096369047192,0.00891725484693964,0.00378626018777658,0.0051049473632117,0.0167923135546434,0.008711319493822,0.0110867464188079,0.0066428257047351,0.0041166947794346,0.737038227488032,0.0465790433460761,0.0069096138451962,0.0029411249247903,0.000344327826530934,0.00100205186211874,0.00460204075024852,0.00637299740229159,0.00484075579151142,0.0152906934281034,0.0118180240487714,0.000665285529050262,0.00458264595828198,0.000466753224708236,0.00384004912628573,0.000407464227753999,0.0023812381483633,0.00498260592569052,0.00391382597284819
0.00192893172810329,0.0032370786960398,0.000236339176094283,0.000895033433800389,0.00588668787649443,0.0109319255703401,0.0171357228886543,0.0105210737608022,0.00557392127392167,0.0103579885144267,0.00290710249045277,0.0410418311895969,0.0494979053558548,0.00207613379442464,0.686158365164369,0.00332274512582131,0.00220085377204784,0.00151715275313725,0.00104256837304752,0.00493323411912054,0.00991167848135337,0.00194965659238223,0.00542791194454084,0.0306155421851299,0.000826808652350785,0.00609321990259759,0.000670281535482518,0.0603395692059551,0.0137542151866389,0.00284853904305062,0.00354625511669921,0.00261372709726904
0.0401953433485818,0.0481511134678765,0.00921391965207576,0.0428371886327154,0.0154451689069643,0.134854246119291,0.264282186218426,0.00248002855138539,0.0747079281743456,0.0139004536144183,0.0208181926374238,0.0063259127405172,0.000615008417406422,0.00221417751789318,0.00710367714498708,0.18653225963295,0.0108227103267679,0.00566882868254489,0.00558830325808651,0.0097963752609045,0.00971034204338976,0.0118202805346471,2.49260144871585e-05,0.0262662361551259,0.0214047080650292,0.0158510187117833,0.00121536184754382,0.00205279124958056,0.001234359244717,0.00369422887134993,0.00377077347794929,0.00140195147883535
0.00936536651522369,0.00670546438851648,0.000769875668933341,0.00737458712269003,0.0139964903384171,0.0133685147841389,0.0244950395481884,0.00691651860779099,0.0040176172958588,0.00237888323997091,0.00222991187557391,0.00237247226640769,0.00636768023511175,0.00040690876278959,0.000268613992002797,0.00101633288341654,0.74635219487021,0.0507197331529148,0.00362637106801194,0.0162189882893599,0.0183718679392156,0.020189959106512,0.00618627551163726,0.00896929584099932,0.00260379993135785,0.000328567351739042,0.000991097227552646,0.00132309757503571,0.0123943340632237,0.00131555939790034,0.00103506809691494,0.00732351305238377
0.00394882991876588,0.000691193804019263,0.00371988685213154,0.000473774174327792,0.0230876242622537,0.0133351822665468,0.0205027561735602,0.00304232376151089,0.0390510794871266,0.00421161095405501,0.000295385865318503,0.00405285613840368,0.00267481445189548,0.000369262531439826,0.00299463836709436,0.0858254213401435,0.021470272341971,0.631971257563959,0.0135077176549668,0.00153284158724235,0.0142405162828267,0.0510765813245751,0.00683609680675089,0.00428283802221892,0.0120253939833573,0.00541364485221891,0.000684334727950489,0.019046262796523,0.000919477259492779,0.00069325471585317,0.000269243575703538,0.0077536261557968
0.00295960358109938,0.00101080153758511,0.00498498092733055,0.00594226956312877,0.00343470900385906,0.0294922740507466,0.00995993066593232,0.00545735237589567,0.00540051541598148,0.00576418402366864,0.0140429965361674,0.0461476945214878,0.00851423672794445,0.00155160132972964,0.00174502633041735,0.0273111076862326,0.00214470566478775,0.00281372989066912,0.699704517661525,0.0106368117292038,0.00433645612668282,0.0304126851980859,0.00485667541800525,0.0230243557874205,0.00629525955391333,0.00312417691897625,0.00203470202465002,0.00140155838130986,0.0128668591823285,0.013468549561363,0.00715893844658645,0.0020007341772858
0.00957776895071345,0.00636191784988976,0.000597584622673806,0.000277004578743204,0.00482164921879596,0.00699363793212177,0.0262441753334623,1.61328328869421e-06,0.0237198849634773,0.0016397027849435,0.00260594881460018,0.0163153811507258,0.000833899485956668,0.000204242022546825,0.00739236862437429,0.0279788724981229,0.00547926779126416,0.00470177588348412,0.0207991526869123,0.613584444113351,0.00100197721873343,0.0173522129825715,0.0266083732299997,0.0206312818981888,0.00228599318822864,0.0304266545283403,0.052818144620539,0.00423049453093353,0.0349373904518508,0.0211516063185201,0.00727685007676198,0.00114872836588382
0.00477474316489326,0.00317941071036522,0.000385451294302298,0.00392557302591101,0.00520653747839433,0.0125732891230873,0.00112543186318778,0.0019727266538006,0.0204001366271454,0.00283858448566793,0.00638087124061509,0.00924829235623312,0.00253121205274259,0.000481545507559249,0.00380837251936033,0.0304674692688702,1.75846115381373e-05,0.0165763140899018,0.0015958143323498,0.00797846233568039,0.768796978463292,0.00275463171959507,0.00191337179417983,0.0337603041379834,0.000300759051771196,0.000691634423727342,0.000546868108029694,0.00422969060437248,0.0190218827638586,0.00441077928572743,0.00720900830680721,0.0208962685990507
0.0151542076875349,0.0103852374061055,2.55429406399975e-05,0.00101945799506702,0.0019828240008537,0.000602420685967083,0.00451702122765416,0.00159930372090759,0.0515550775875144,0.010363890395074,0.0046074943984837,0.0123899738193077,0.00231870009322852,0.00211185443758532,0.00142450650430321,0.0398755938644825,0.0112162564237431,0.00314139654967682,0.0207865339931176,0.00615745490859174,0.0143833818197535,0.627775903574624,0.0953901130941851,0.0433836036340876,0.00303379212231194,0.00133802790360631,0.00621159435526509,0.00132381829690719,0.000726614971857632,0.00135952570743173,0.000618365148995044,0.00322051073113582
0.00786237935316366,0.0181004115108304,0.000949808422286141,0.00147818870248196,0.00569518113654829,0.0189867457088802,0.0333125999557871,0.00245886716822788,0.0108480574459818,0.00436187462788966,0.00869120105089744,0.0200383060799422,0.00387015858281474,0.00327783436422314,0.00145476861460378,0.0143542097730966,0.0025816183777192,3.47800548008011e-06,0.00543417392699611,0.0101187890211673,0.000920022303098731,0.00336898680027659,0.792091780711924,0.000467971056890425,0.00277669476021186,0.00612872662872989,0.00155062619721551,6.71254368422206e-05,0.0097811042631148,0.00488775458620893,0.00397195602912402,0.000108599397345849
0.01234602102919,0.00112709253974668,0.000975093404048086,0.0041490752797968,0.00177072844216854,0.0135985953556404,0.000559253668012438,0.00133508143904089,0.00260223636475829,0.00373012172046824,0.0043327432581317,0.0144310842952265,0.00175559846672766,0.000126683798629238,0.0042600333892578,0.0207245196902834,4.32638514424795e-06,0.0143357727791963,0.0091015781311488,0.0293549155790642,0.0314245644923737,0.0034937946013721,0.0186730191538166,0.734595218062189,0.0164359900769649,0.0100124995305858,0.00386206305896587,0.00106179412020654,0.0232451223301981,0.000857070776048893,0.0104427622580639,0.00527554652353475
0.0164401570465745,0.0368838975485948,0.00630637843010702,0.0117747184297564,0.0282791569377008,0.069276508491755,0.0146760831734253,0.0128567694563544,0.114730339904072,0.00495863948267833,0.00407515145714222,0.0119397317501295,0.00895108514888406,0.00137642494546842,0.000187617945289537,0.043387752837827,0.00282117912618124,0.0267801381690644,0.00729303171766495,0.00303809229798568,0.0245614950256313,0.00310902230187292,0.0248440439287888,0.00932146662413547,0.463923640201902,0.00228597284025614,0.000585665641311918,0.00657912020278816,0.00918894296498001,0.000482681060787569,0.00239733340250567,0.0266877615083839
0.00373443281573031,0.00320724865654617,0.00202774181311734,0.00147558870633036,0.0229238649226614,0.0108546341868333,0.0121638087230489,0.00112535797154796,0.00333994189766983,0.000218569912418678,0.00939286626687912,0.0343399555946511,0.00113441584138489,0.00283063980226182,0.00278344458375307,0.00433480271382005,0.00208371896289165,0.00691934030443414,0.0036218903893394,0.0216124281498297,0.0140293576525472,0.0034838755595301,0.00951660241443475,0.00906236337949906,0.0138699067194709,0.740534448332638,0.0113505158858325,0.00331217210506908,0.00160119651923614,0.00339324212603039,0.0370112229426086,0.00271040414795368
0.000273912801324571,0.000813218445940681,0.000713562608338938,0.00123604996244763,0.0329119176906736,0.0131369167215989,0.0144789681155576,0.000179146108849466,0.00859915684700008,0.00538011740413885,0.00426491477860605,0.0141312472623868,0.00287920638604193,0.0032476831240311,0.000832994745538558,0.01984220166333,0.00701945753699885,0.0033616366774027,0.00438281123101302,0.0329004655706258,0.0785314771149924,0.0115480131190997,0.0312969285508671,0.0760817265434483,0.0206959832135695,0.0860628141555845,0.479498696049452,0.00873254080030575,0.00436872874575559,0.00988054432284967,0.0209146176220488,0.00180234408018121
0.00228743170577566,0.00491110622282633,0.00213626789644006,0.0178146718672255,0.00225848607303951,0.0577845130645344,0.0983701866644429,0.0142291655845274,0.00164689976598429,0.0320670698528496,0.00939190444577246,0.0605567508397454,0.0160751514748995,0.00156047161744797,0.0185719778320333,0.0140876240541814,0.000737183895989469,0.0112012486966005,0.00022079091161285,0.00186594424312363,0.0135621620852675,0.0014705479974657,0.0174351086235805,0.0066068591582064,0.0012969127424649,0.0346232345438628,0.00531492985016414,0.494809250894798,0.0374598299141473,0.00758562655115729,0.00629686493517108,0.00576382599466174
0.0019222257215383,0.00135151348488599,0.00136118328404853,0.00349502583433994,0.010083681331922,0.00490814147088926,0.00722679038373786,4.67046021606646e-05,0.00615345717326703,0.00282523357133577,0.0135358305943852,0.0434287056383997,0.00278007183059234,0.000729087813397109,0.00562285236739523,0.00731147637116846,0.00402524205891196,0.00158247038095074,0.0108247214329222,0.0600109465874065,0.0411067587298451,0.00915680938545707,0.0210454946999771,0.115339485694739,5.88887577356711e-05,0.0549785042111236,0.0203581376018949,0.0133428562307043,0.515714235296729,0.00434760072641962,0.0080540365093322,0.00727183022238761
0.00247043694241353,0.00248696449184413,0.00364569680841322,0.00305209645737719,6.70660853166043e-05,0.00113530001490078,0.00143508018507328,0.000231929780394853,0.0512533073130323,0.00902579598064755,0.00534203594807754,0.00220887381985284,0.0125822112177464,0.000976747560072133,0.00355610231513271,0.0417861049955868,0.00424173353886013,0.000360346854760338,0.00368448839832324,0.000312454392350575,0.000496664481010985,0.00504461700579278,0.00402603244783871,0.000651365791356249,0.00454890342749183,0.000199946768635074,0.00605435772529574,0.0059796267095404,0.00109756283576424,0.768195327423565,0.0536927759473185,0.000158046336214363
0.00121069143889759,0.000506508598981476,0.000984905763867002,0.00238850021040672,0.0102999290637856,0.00525835863586678,0.00787882982023179,0.000809087673210885,0.00302865049261353,0.00118390351790362,0.0084153043999928,0.0471617597339181,0.00318049658592814,0.00219117365220916,0.00803665565574371,0.00842958590030037,0.00528751245576601,0.00123535092005772,0.000561572741775233,0.02227946719935,0.0549534922288713,0.00359215822816107,0.0108578946356538,0.10971847609591,0.000297272922444508,0.0470828221590643,0.0154312173121549,0.0164471288154216,0.00989982572510953,0.00413359027619746,0.58272242246012,0.00453545468008595
0.00552558854578007,0.0388889675901212,0.00097972537246987,0.00499146434660188,0.0310581800389057,0.0239407853819855,0.063217753743737,0.00861229146480893,0.0231815615545033,0.00129168939871456,0.00301678695742573,0.00893601688611067,0.000147177920861203,3.92858427163998e-05,0.00527476579255703,0.032970222019341,0.0142134137757018,0.00231761143470536,0.00149407175720493,0.0469778421818693,0.00770238497406711,0.00847026100967781,0.0724497338530111,0.00817617873118134,0.00981671314714541,0.0166594271547805,0.00708237122235752,0.00212439632770763,0.0152252119408339,0.000515870860794598,0.00402749256692555,0.530674756205396
