0.59311543173678,9.32749014222302e-05,0.018590843278142,0.131098916673029,0.0137824501722588,0.000111187901907093,0.013743004981443,0.0665168093217684,0.0120019694476274,0.0169193807066254,0.000174888722377293,0.0199171200859984,0.00158652899545141,4.72748965666606e-05,0.00134852767025405,0.0173271205690731,0.00419536906243961,0.00347747643330643,0.000377977040951306,0.0143699276337353,0.000834562773919536,0.000263852225125704,0.00848358384887416,0.0226704860185815,0.0019060065469012,0.00214095079873953,0.00357143919113472,0.0121782371248801,0.00198726941793464,0.00110295915325814,0.002253399478598,0.0138117731908957
0.046858975853731,0.502953500254303,0.0162245725056379,0.0717048752951286,0.00772272149840204,0.0205471930707903,0.00793390930732838,0.0340347911481088,0.0427136691992218,0.02005181814686,0.00088278102993673,0.00235040656740141,0.00510013112285741,0.000141287485183193,0.00228004737220368,0.0304253600622901,0.0124638941960252,0.00338436660158285,4.33496097079137e-06,0.0411916691623227,0.0056784634762849,0.00433664759410909,0.00277944930281417,0.0333094106373769,0.00406333464846333,0.00974368221636596,0.00221578207052155,0.00240061027728855,0.000555092993715899,0.00380893046352681,0.00847281068891034,0.0536654807903372
0.0231156891634158,0.00287831708123158,0.640749696966689,0.00732353090793939,0.010061326282264,0.00667804109520913,0.00477831366667953,0.00357045824525952,0.00210130866887149,0.0114957984594713,0.00359094427062745,0.0479338408174614,0.00208563804781574,0.0011944157225782,0.00334772958664254,0.00185534769367261,0.002628896618339,0.000459051044253323,1.66141774712334e-05,0.0471529930463395,0.00936776617589231,0.0141199342771742,0.0149274665692239,0.0375031118708249,0.00939818921370236,0.0127461310626281,0.00136718317143728,0.070677859165327,0.000286393941342329,0.00257328760051728,0.00146932655718678,0.00254539883251182
0.00319462989835178,0.000294034669543555,0.000201836955810539,0.502281932375564,0.00201584132348259,0.00271834238218465,0.000105971906276232,0.0644064335607063,0.00804149734190139,0.0351630650856265,0.057269143837514,0.154292296615454,0.000192439820747199,0.000333081138198572,0.0174851145857216,0.0048559655696102,4.21103909985612e-05,0.00149663048421364,0.000320875618177787,0.00286750726600795,0.00123414536235013,0.00152837870094322,0.00641951803190125,0.00113490075793427,0.00849566121007582,0.00126210100770557,0.000805103389734993,0.111889117560095,0.0046940333883887,0.000858258439723774,0.0033209087946688,0.000779122530387607
0.00546557658432264,0.000771255508551104,0.00080399775784384,0.0532032228391567,0.161208695424284,0.0195260034716936,0.0166043530608318,0.0729437645893838,0.00287565906558954,0.0200876912084006,0.0540936602385665,0.00567972858545157,0.0334831361820984,0.00347118108769933,6.99562902118979e-05,0.106172470964029,0.0118746672534702,0.0109349513951413,1.91789807635062e-05,0.117057152475267,0.0125108735378591,0.0139012964346387,0.0635275412084332,0.109123721752767,0.0452480476987299,0.00964181769378263,0.00173382383822574,0.0406414535387677,0.000185570009525023,0.000859442676474081,0.00304172262240525,0.0032383860256348
0.00124131557446247,0.000283232914432164,0.00203849502298466,0.0154395166039856,0.056496211301207,0.325609945009977,0.0283001008206631,0.0206632364461706,0.00733341038399123,0.0155242866285597,0.0117829215298186,0.168431964626964,0.00254212936779391,0.000930810942347576,0.00823023434029296,0.0542305952458337,0.00294694304470394,0.00670356530154917,1.3033290670792e-05,0.0158242725098239,0.0035720813434169,0.00237082517645051,0.00102628053413968,0.0164496837747423,0.0179113865121917,0.000106482527788356,0.000781991948547149,0.190720577404322,0.00780283516969199,0.00272259306288712,0.0088446571722705,0.00312438446732035
0.00121297716503497,0.00289689003196019,0.00059141172366455,0.159620785909411,0.0270945409606984,0.0121925971003655,0.204463306252478,0.142340251566157,0.00181603020017158,0.0109038807845435,0.00106628978837894,0.038242289122636,0.00351970311992414,7.6942977472618e-05,0.000148177334331871,0.0124656213512639,0.000514817917486493,0.00521546698187938,0.000436125082731406,0.117612042562594,0.0214089488432858,0.00827359933055291,0.0323821139805517,0.152644361644643,0.00394654630012329,0.00745167986289634,0.00747773061697446,0.0186542649900385,0.00424437830457285,0.000416524897754353,0.000649406321801408,2.029697362322e-05
0.00329827529185984,0.00128507021054345,0.000491100098326424,0.00401756916754339,0.0115816190015519,0.00511609170326547,0.00766190978965301,0.219308299560338,0.0206848693427244,0.0335187766044576,0.0536338764544067,0.303031254647009,0.000188736284887179,0.000279281984320767,0.0241727363003143,0.0182335559755453,0.000954690435798814,0.00107728419146529,0.000126154426674995,0.0184533614891354,0.00455702978894927,0.0046996713887959,0.0177032930407754,0.0105188865848574,0.00315857240076472,0.00279187933341263,0.000997252254861237,0.20982804789604,0.0113440248665948,0.000693709009782651,0.00625251234526175,0.000340608130082337
0.00173998806369864,0.000929661677356037,0.000843783710496576,0.0875807954962911,0.057984197319661,0.000535489391944072,0.0637459410990457,0.0737715383915759,0.372309805686262,0.0216932174663948,0.00999636192663435,0.0491728681599394,0.00290075384000247,0.00144343132178764,0.000339770611931271,0.0126636705984025,0.00217915674762391,0.00709449168305965,2.92236699348015e-05,0.0373525832737909,0.0132913235983082,0.00218122284916945,0.00827034951278361,0.0622430967138298,0.00699900300393438,0.00299245932563196,0.0135227887005918,0.0766599867466618,0.00268090363014871,0.000192591687528968,0.0059576803984257,0.000701863697153452
0.00147658009910372,0.000347823868379599,0.00157710384512635,0.0023949675877156,0.0167361987476266,0.000500783610360211,0.00328566834186692,0.038251254170968,0.00275706394223813,0.407615340133363,0.080294071707281,0.157297292337342,0.00911134737270956,0.000439836756864407,0.0226759957190448,0.00749046336166672,0.000238305443706108,0.00640486320368001,8.86747710183871e-05,0.0452169104709184,0.00744954133846316,0.00190519277032976,0.00119310119968487,0.0398051373144122,0.00995432730827445,0.00875161468572112,0.00501667325200434,0.10840315689299,0.00525233955997259,0.00285455363969733,0.00506517792466567,0.000148638622805216
0.00258763153923446,0.00283705692934098,0.00238415131596478,0.0484112043364803,0.00399387541342212,0.000928507325958387,0.00456252035652675,0.0202042073764843,0.00365421903937378,0.00304003430018814,0.57421829233189,0.0916791084103174,0.00415873584694317,0.00286476931276221,0.0133991677228703,0.00898365159012067,0.00119337226755711,0.00113042355985738,0.00035236527191063,0.052147793377599,0.00837871317370188,0.0055189882921716,0.00471322336001897,0.0691165670114227,0.00481485254006624,0.00344441176816922,0.0115405893118411,0.0404700982718643,0.00251543632492544,0.00479853671282984,0.00156424564336941,0.000393249964817863
0.000950899362500135,0.00267045031208188,0.000490145525835322,0.0176295727425548,0.0158254802112333,0.000118290960004217,0.0142326765477375,0.015266024330505,0.00158942784968923,0.0011191335679276,0.00398989469172783,0.697757458271248,0.00079106645964908,0.00151493241145647,0.00192386627583784,0.0139789502413595,0.00125499200450629,0.00297040933580039,0.000151966290527389,0.0190527875541026,0.0187435655288376,0.00676490774039339,0.0104119605079647,0.0408144132387388,0.00384433548075032,0.007050001156123,0.00178027383382323,0.0742947183706287,0.0128700438112874,0.00742360692252944,0.00165023730957512,0.00107351115306399
0.0045847667390898,0.00695024543120382,0.00335284475089618,0.0116086998068843,0.00546147775714773,0.000111827897320108,0.000699306127465943,0.00271765257444727,0.0328362921830581,0.00055542058521893,0.015883050512908,0.0577257420844582,0.561648433963407,0.00123268066614967,0.000430955589402405,0.0074217806905725,0.00537329121647109,0.00310207442352305,0.000722159695910052,0.0884945790404177,0.000683432077572921,0.00200235138735297,0.00950978007215552,0.107671669991749,0.0185005232741275,0.000973512715323382,0.00220881782259575,0.0317275312247891,0.0103418482317797,0.00121130688977362,0.000729714953323813,0.00352622962350441
0.00342745867158634,0.0040138634152612,0.00153386918192423,0.0831706676005031,0.00157115397707268,0.00220829252443135,0.00255894588718577,0.103388949697943,0.0121240238920134,0.0330104069439968,0.0513923979390698,0.0196570781111427,0.000593688164165516,0.468887279628596,0.00397240950152608,0.00656788815881285,0.00255165657016958,0.00120345685261139,0.0010265360254907,0.0478487923779061,0.000141082835053872,0.00591467853159515,0.0326047590014161,0.0275203829584554,0.00728341768707135,0.0318874508484205,0.00236648666531133,0.0223984044638026,0.00140750909132566,0.00537600535514322,0.0091364163352989,0.00325459110569779
0.00186172620457404,0.00244448106585312,0.0035970381291438,0.0133035429198622,0.00585353467890118,0.00366109308770354,0.00389623358083726,0.0408499720479223,0.0066015965040266,0.00692434419985856,0.0287154239827509,0.0779889214810238,0.00351571188614085,0.0025110315403688,0.548793557363538,0.00610798221041899,0.0017164966373902,0.00218487900475059,0.00029086592710712,0.0390418872052569,0.00618742986088975,0.0196432063816832,0.0136079874349153,0.080126946235311,0.00364119556636472,0.000553838422348084,0.0106509806320962,0.0565227039403265,0.000215978944244135,0.00324602425838822,0.00489895309212846,0.000844435573875506
0.00203739836436919,0.00127722886346739,0.000947278633798261,0.0525740671968239,0.0615320342303524,3.93337936013207e-05,0.0805175970066579,0.0500472956903885,0.00136432410725016,0.00969603012164617,0.00564845573883361,0.0546271267946185,0.00201988197276399,0.00137443493833299,0.000184580055880191,0.403965378713122,0.00218511484404567,0.00334077836013528,7.36945416816129e-05,0.0528381814478571,0.0174644466671519,0.000236825942008834,0.00725622443872725,0.0771276378410491,0.00318180792395524,0.00508520059624968,0.0126120636173059,0.0740839802442631,0.00366222422803841,0.000828536205442655,0.00684589811066265,0.00532493876951929
0.00729119317971311,0.00258577418379458,0.00210444490190248,0.0428774077655124,0.0566465416012804,0.000746389229140182,0.0391415121261024,0.013061420652285,0.0343439389783675,0.00422019773697474,0.00546465271329946,0.0287085739232319,0.00136124984779553,7.3622079873815e-05,0.000294857252994583,0.0899578968672353,0.539123421599072,0.00258325733736727,0.00442365551738939,0.0183482557633887,0.00214982510262526,0.00065090112450648,0.0100049350438869,0.0284884772156535,0.0127915017829208,0.0035344304804366,0.00842116176986501,0.0284888212443177,0.00314214850194037,0.00134002110841899,0.00186953077084696,0.00575998259786079
0.00308759428376882,0.00544041198104273,0.000344784542410897,0.0187800260366325,0.0615259278961441,0.016152639474122,0.0308673252988376,0.0131485888302858,0.00864919803305235,0.0120672598404462,0.00090107886289117,0.00446682751856307,0.00310620065195055,0.000269514159888122,1.36985976663219e-05,0.0928258640116097,0.00350797524406114,0.491277394553931,0.00174785190482748,0.097248338507058,0.0090900952970896,0.00652504290283257,0.00256556894890928,0.0666068099191457,0.0174925825134781,0.0111838653813049,0.00297070926023081,0.0131892187585127,0.0004505206612097,0.00120118782525602,0.00135099612135966,0.00194490218148129
0.00799936993863351,0.00316465254172866,0.00590864753140161,0.0741376481037381,0.00318969371173539,0.00212614605230084,0.00798936567660343,0.0495144943382287,0.13882854431177,0.00946221536102953,0.00381622260190084,0.0476789896543279,0.00388045551093946,0.000241320225147984,0.000403129161032556,0.0719065830950748,0.00494056625184551,0.00170912419585257,0.426190689688898,0.0165428510423924,0.00359585017816848,0.0177897058714414,0.0250486129888616,0.00747880595325632,0.00179424795960664,0.00982571552193164,0.0018630221886571,0.0282805684743605,0.00594096597797387,0.00215086009377926,0.00735512283906002,0.00924581295832081
0.00880431026726968,0.00494272857895327,0.0151665048542389,0.138992310611942,0.0288380806675858,0.00964002468140177,0.00594269736661944,0.0870774507977812,0.000553466572190815,0.0165992262540883,0.00252299033360755,0.0265374955962319,0.0096803972541012,1.25522341779827e-05,0.00251772863242751,0.0158191683535377,0.0122647265366377,0.00820635218451471,0.00104439743066545,0.329519260716833,0.00589748998680076,0.000788698935701676,0.0249033698118077,0.0969105601509189,0.0216554110316564,0.0198902498922854,0.000813056564272204,0.0790994373409189,0.000945476333629509,0.0046237228234061,0.0102102351462918,0.00958042205750472
0.00251079169045557,0.000999097364950167,0.00231556598732554,0.011503338193251,0.0219596864034357,0.00596617476538702,0.0113785924607548,0.00406836370096317,0.0179207408122977,0.00205203701713758,0.0128873943704322,0.000966657335182636,0.0159271656024762,0.0024272923270024,0.00115157866881093,0.0231068087020801,0.0094001291268414,0.00746562868566185,0.000998167324889488,0.00950377061776004,0.663490700633779,0.0368501577850988,0.0523584611302698,0.0388571404671871,0.00633629037654315,0.0188459518280308,0.00212541886353592,0.00119124430696429,0.00341592458415541,0.00226669691032418,0.000852397754797486,0.00890063420221803
0.00635440192483189,0.00696247924645246,0.000345878945568261,0.0262294829470907,0.00903385862000334,0.00818745544516167,0.00945401447621412,0.0155562755692386,0.0691790683845261,0.00978261358531267,0.00114677981113396,0.025801533334439,0.00232947969376742,0.000561843559039621,0.00162340009245028,0.0587474181052194,0.0025359497891478,0.0131030895562601,0.00147491656097015,0.019540921275817,0.00233750382150795,0.526302892764292,0.0119406798247222,0.00438403660337622,0.0823580410692682,0.00258483399311117,0.00246523357038663,0.0438512760945663,0.00187538397995282,0.00212741830348527,0.0025224949988237,0.0292993440538628
0.000197845637092941,0.00038958001795577,0.000704348753239412,0.0700266204922209,0.0128285232620773,0.00572092109545807,0.000719061033670664,0.0305453702861873,0.032735408383088,0.0272357270920152,0.00282303241461372,0.00448100711188094,0.00309790659552513,0.000108871891031325,0.000426830495512104,0.0244131832572626,0.00164071089779081,0.00591817968615933,0.000637809550444364,0.0201137567618951,0.00833568874484864,0.0480258519995011,0.562422304474571,0.00877091915275206,0.05574596115635,0.0133257018406121,0.00668748336305701,0.0177582331960771,0.000893146731741699,0.00337352413029501,0.00560139583034777,0.0242950946647257
0.0032447602589348,0.00125830057791413,0.00664388360047461,0.0434635873231285,0.0214283615449423,0.00410027754294786,0.00479378515327614,0.0295694201585642,0.000669861234678269,0.00386563744176416,0.00158087291927698,0.0226352438293875,0.00682259499232846,8.69632122618854e-05,0.00161848397476181,0.00999045674994588,0.00601569178785557,0.00469911645951882,0.0003389826223882,0.0633007519520574,0.00267653038342981,4.11121419398792e-05,0.0104634593868718,0.65727119887362,0.0177452228148162,0.00237857835941724,0.000373535536527139,0.0630944179966772,0.000139351915036213,0.00249825975884086,0.00587231073434844,0.00131898876206776
0.0161109600937798,0.0013091101022105,0.00419203246933635,0.0180895432009284,0.0209806127783838,0.000568947239034888,0.0510765884848589,0.0192309830895134,0.0116003476423342,0.00365034217437603,0.0011300491089614,0.00882822401194734,0.00597292288283983,0.00183827411574061,0.00176478524701241,0.0108019082455522,0.0115991303072953,0.00313431924931853,0.00217624536058519,0.00289251326368619,0.0187770226579936,0.00474749254768533,0.00234043679745583,0.0289596497908619,0.717347411117354,0.00404877093669699,0.000298681281852539,0.00311244340557452,0.00688158534077528,0.000402740919416348,0.00195422598515973,0.0141817001514791
0.00199763041102546,0.00819313483091865,0.0040729359330681,0.139298789256757,0.00382522044947916,0.000806106905242873,0.00028496401583664,0.0926464938089194,0.0144717791746776,0.0199505737808078,0.00457068440547491,0.083126517447273,0.00762091354162149,0.00288734699012035,0.00149041152874883,0.0209240173103962,0.00357799227112794,0.00195808231451644,3.04305167670237e-05,0.0563113173440436,0.000252213238799784,0.0255829975605054,0.0554849871840783,0.0489802335492458,0.00198244118414194,0.339581895342633,0.0183124036160832,0.0178122185348121,0.00586672826733779,0.00387368592179619,0.0117986558313764,0.00242619753236722
0.00166791828444417,0.00411213096970789,0.000731193534511313,0.0359378357140942,0.0433847185289627,0.00023225105989761,0.0137520541125573,0.0259815236653541,0.0181981554564289,0.0118031662287573,0.00762685452751319,0.0294750423881327,0.0181246973566875,0.00228727627634998,0.000431427779291261,0.00661557448633037,0.000793667728631047,0.000605067984669823,9.98312270605578e-05,0.102227435115362,0.00865728050504028,0.00977321418785127,0.0167928335083092,0.0534899056501468,0.0221536089873944,0.00775072605339298,0.51020253163362,0.0115368098329248,0.0119873459953589,0.00127708680929983,0.0182108658951842,0.004079968516734
0.000770709797424724,0.000334722159478424,0.000752563464126737,0.0173527231053852,0.00520438390728718,0.00215660723567133,0.000507532532282241,0.0171321670288357,0.00512731183325631,0.00126043262787017,0.00148827575714698,0.0328291782333647,0.000101271429945843,0.0012271629916391,0.00128583090541707,0.00134484992127498,0.00103939006451316,0.00538297535197722,0.000191141013051528,0.0220634635880506,0.00526191278692153,0.00501704744894092,0.00630809516315288,0.0241520384455745,0.0146633858367668,0.00531639889061451,0.00115578119002971,0.78497043156075,0.0276656562117709,0.00486973994383465,0.00293123887085367,0.000135580702790624
0.00445088689265667,0.0122672027179521,0.00801999409943235,0.00693835536283265,0.0457308350238511,3.49431549149631e-05,0.0332867742035947,0.00569157933111191,0.0247174047183868,0.00556166762011205,0.0156556854449367,0.0184703585228679,0.00377723324047771,0.00110236678902866,0.00452879857674546,0.00917328216429416,0.00778766542192132,0.00211071192468543,0.000235536890012727,0.0094163876631065,0.0105053552695457,0.00332895982159327,0.00309648737121185,0.00229117927608466,0.00354383716221291,0.0361463297946124,0.015321048717853,0.000256572221656432,0.69921778728177,0.00217271837900802,0.00461942173463489,0.000542633206895716
5.53341922079165e-05,0.0033699016600006,0.00501009568579153,0.0198870702769579,0.00361190112262149,0.0055213266877972,0.00292235693554403,0.00110795736536895,0.0330798060000368,0.0042770002632937,0.00484123078552835,0.123932610990641,0.0121710465717823,0.000659315943641628,0.00405870030526125,0.0137924978432451,0.00307193252153623,0.00218077917380137,0.000247906445305169,0.0332276353374125,0.00512488489263202,0.0046118393165132,0.00360024217262929,0.0331393887241153,0.00170383132906338,0.0131388051653871,0.00367722728562535,0.0637118809431773,0.0220644440122031,0.543722713081081,0.0278753510725682,0.000602985897229425
0.00356226676976452,0.00194275841054649,7.23911069066856e-06,0.0771240535065062,0.0197840986451241,0.0003166034131899,0.0050371915638807,0.0301272857336011,0.0150093837372124,0.0145905001624028,0.00338115326146068,0.113099057582768,0.00472729615271043,0.000213793634604124,0.00255375749019306,0.00093544429713741,0.00141341787175845,0.00128539832238315,0.00256873074199934,0.0354662305811966,0.0104889961603426,0.00401290602520673,0.0132767839127267,0.0353026496132959,0.00617237180401588,0.0132279470642074,0.00422269046782252,0.138744502940591,0.00435604241360009,0.00166999339682825,0.429273922708087,0.00610553250414605
9.70511852586573e-05,0.00259918315117089,0.000518685113443268,0.00129304810168126,0.00327654458072826,0.000190151891232663,0.0102799468245953,0.00145011683514723,0.0204336013593397,0.00925713422492473,0.0035181918958677,0.0122865873730172,0.00110453973955916,0.00222936303705963,4.51169619745345e-06,0.00969885557646291,0.00170377851416145,0.00378311895479751,5.55631206383472e-05,0.023789390420951,0.003722228459922,0.00633076253521731,0.0176055096796413,0.0120436337448321,0.0603016453508578,0.00170383207227311,0.00234154121585912,0.0308801333827513,0.00160356232754575,2.89928398061025e-05,0.00319453949579808,0.752674255299262
