0.788997576017075,0.00250274642017705,0.000542718118841145,0.00770208517305289,0.00589766393779074,0.0104917271230391,0.00515146694074187,0.00143271790303682,0.00200025793249783,9.72710438899062e-06,0.00268622102449984,0.00083581698881246,0.000144343850529545,0.00128131073267066,0.0024260218010549,0.00635598404364427,0.0031326675792978,0.00711349302059875,0.000138987613916696,0.00939305106881166,0.00506480498937589,0.0234802692911027,0.07349671031065,0.00261588412155214,0.0218700356720998,1.46966101932328e-05,0.000600193808585045,0.0103376552954025,0.000350470847137356,0.000723407812254119,0.000172925937226345,0.00303636090994277
0.0033257485949782,0.722096051504825,0.00516891487575019,0.000225597696467223,0.00260382642040384,0.016543789626086,0.0691017759838538,0.0014842459828258,0.0310226453358059,9.48236864745806e-05,0.00205098313012317,0.0122168546127191,2.36803501242276e-05,0.000541331562845289,0.000413672491296427,0.040067939127924,0.00494019283626199,0.000983117027017077,0.000256901021518218,0.0141515249917558,0.00114557117863616,0.00341115509812226,0.00876123413776604,0.00883050000748972,0.0153268609682897,0.0125844147131206,0.00308377010905008,0.00373879847607904,0.006121740374066,0.00467185964765394,0.00178676937621498,0.00322370905445574
0.000936340931426731,0.00774697084864363,0.733920849102158,0.0109262364920226,0.0154385824842408,0.00259141454075994,0.00356957889304189,0.00277124269410538,0.0481398248310383,0.00677788499277202,0.00107059626962695,0.00105408018666969,0.00243308612924653,0.00500334511595275,0.00408317641692591,0.0338185756051768,0.00165970401960353,0.00583709787835078,0.0149024617693658,0.00141579073786377,0.0181000386545612,0.0130754862018754,0.0169378375450345,0.0264010102494311,0.00483445378776997,0.00678326220392003,0.00268375583678606,0.00396627843255369,0.00119224471201084,9.03909747223769e-05,0.00166043079901724,0.000177970663325339
0.0013240644878053,0.000140371298503069,0.000881466343789348,0.709645156993762,0.0142816660825869,0.0216823469033807,0.0918616789202089,0.0151638072700589,0.00345600399779317,0.00857974600170276,0.00374183629565048,0.0389013442784073,0.00995192338226426,0.00195169631668019,0.0022624791676899,0.0250918009202387,0.00207373359604974,3.74900655036667e-05,0.000227097960443372,0.00389412177450175,0.0214632199675381,0.000911329257040666,0.00180367614378535,0.00478438845749591,4.01119662175724e-05,0.00126632924014731,0.000462783851837846,0.00540463773938958,0.00549833833727032,0.000715238497073017,0.00113660758540776,0.00136350689977638
0.00528722425560259,0.00529151269363333,0.00633969543645365,0.0339081555767306,0.491972802957165,0.00469157842792847,0.031125952055415,0.0270540391116147,0.0617571316096236,0.022522274159113,0.00165723113551584,0.0227246346403704,0.00500704498115603,0.0116528640468427,0.00663033780268034,0.119891052679474,0.00429615467993331,0.00467860957975658,0.00154322567717115,0.00788089740614705,0.00424746655896121,0.0146772136500536,0.0250454943540098,0.00414443685205649,0.0030421873068922,0.000693480206838165,0.00957689801885819,0.016644294669774,0.0338688369849271,0.000343384819784679,0.00974530876810614,0.00205857889741199
0.00134253094612085,3.07603151102486e-05,0.00129182401335955,0.0524278121216674,0.0206688106408099,0.646663292519737,0.00337215988189926,0.0809983681773181,0.0399947926686917,0.00502040178723239,0.00126765793281104,0.00703517301684673,0.000679571625452202,0.00251364888227214,0.00378480447140705,0.0910999876902304,0.00247622263771584,0.000927850690740929,1.4539799809063e-05,0.00164091291134662,0.0113283462207265,0.000354382190688897,0.000172414181194606,0.00333188264176192,0.000462472852467852,0.00330125581674516,0.00496150034590713,0.00104880421441519,0.000414784983364052,0.000116434299149969,0.0107759314355563,0.000480668087444019
0.00802330491894359,0.011682001734523,0.00162247245352816,0.0547963239335478,0.0453357197589487,0.00496684597462687,0.680248560487703,0.038897454592008,0.00808673862715819,0.0154274703007459,0.00160871070828436,0.0107209762938484,0.00140509661188701,0.00490607816769937,0.00597983409415088,0.0334622518862256,0.0018979139846114,0.000339798739031153,0.000793149778396232,0.00331419308268065,0.0217925919080307,0.000801930865617609,0.0111592982691348,0.0127671568002543,0.00502718561083525,0.00775531332476533,0.00235148613391932,0.000392104934579803,0.00108782120232107,0.000972737618462856,0.00233327489738902,4.4202306141662e-05
5.92198860562816e-05,0.00128167066003087,0.000808685302653975,0.0222734320820213,0.050382912758869,0.0677247196741567,0.00138269706071093,0.556466628564615,0.0236959244117965,0.00145326822611811,0.00574792570056784,0.134826600845587,0.00215534405600357,0.00897534342965543,0.000588453350568033,0.00108099854926777,0.000282192899124414,0.00955397875040171,0.00025160974314358,0.0065303610079075,5.56395879378736e-05,0.000898082092123449,0.00954923837745325,0.00305580110702533,0.010891251697433,0.00679662270976675,0.0229482991783408,0.00159405744938961,0.0429986146381634,0.00341895973520314,0.00140103996737432,0.000870426500533416
0.0226210283830907,0.0258508066300542,0.00502779293332965,0.0113512472749966,0.0184290199787098,0.0294018840913889,0.143662486854413,0.00377640869501346,0.414532685755236,0.00618115483680278,0.00624948297721537,0.0181080182404501,0.00544027431937818,0.00222863834253457,0.00746226864720412,0.1510913867761,3.64079468737598e-06,0.0100062609102149,0.00054792885071228,0.0114456481722913,0.00876084483776766,0.00067586328107162,0.000983964666675881,0.0169896331120306,0.0243867138671422,0.000960215754573402,0.000913700677463791,0.00386273642388453,0.0260963792225486,0.000946931997361412,0.0120983766888228,0.0099065760068332
0.00416149587846781,0.00152503950121029,0.000131084541800582,0.0597611340177107,0.000167020336012642,0.00385522865068723,0.0222076015785833,0.000878936796559047,0.00342554559930944,0.80555317576487,0.00249108623243754,0.0305199305984765,0.00355072719835274,7.40391753914909e-05,0.0105850657652028,0.0106229892983482,0.000649482958027373,0.00205202775946862,0.000760525153929662,0.0104017786749484,0.00521029745627134,0.00121887954122618,0.00142041036478757,0.000544340548000187,0.000194225023812919,0.000532412679763118,0.00232798769143672,0.0017316058725265,0.0126621708382059,0.000495626131566777,4.82615967828405e-05,0.00023986677582599
0.000308831166615521,0.00185394927249261,0.000412511828910831,0.000351878111086374,0.0256907695678684,0.00944489602220897,0.0167854058502448,0.00155743488370567,0.00985059108798399,0.00362355159583331,0.786097607810378,0.0154435565968264,0.00134469498533612,0.00218688450839023,0.00970512282329285,0.0104077946570256,0.00563756924494211,0.00356859632304439,0.00137961804116837,0.00218289851098406,0.000237101460671371,0.000841201026672387,0.00237678256770959,0.000690550621371259,0.00139275164250539,0.0209139823423733,0.00331142853599575,0.0165600054345658,0.0298347988259738,0.00368087919776891,0.0123030119235963,2.33435324576484e-05
0.000878276591824644,0.00119040629855417,0.00150272869985378,0.0119994933881048,0.0248045697554489,0.000695403719966097,0.0162417676889698,0.0351508848730533,0.0117477225009075,0.013729597572055,0.00236783799946191,0.712104520944841,0.00192063928994993,6.84686240193328e-05,0.000903230446239437,0.0666894778475979,0.000405820558794773,0.000308951419303344,0.000374885172947199,0.00399098640838807,0.0203582044809779,0.00369232523349714,0.0139236604222697,0.0179823509459874,0.00318597721431996,0.0170322929222129,0.001004673458699,0.000287850029203083,0.00306359118681646,0.00565679790212759,0.00668084690862627,5.57594949814785e-05
6.21877577244953e-05,0.00308435001240263,0.00121893423424009,0.0194217768602143,0.028306884395104,0.00330934346248744,9.01781296089414e-05,0.00127201188802004,0.0148808965550061,0.00342528273950911,0.0110872451186794,0.00394713121576532,0.805631973901622,0.00461013165347141,0.0218050242069128,0.00091883635627713,0.00131212352286681,3.42642113905162e-05,0.00021498046281175,0.00118131962034563,0.0310899630266899,6.92564574493683e-05,0.0122621007123978,0.00591525356282594,0.00293916969759384,0.00176025275571121,0.00177771277444829,0.00619277391076643,0.00928359381058052,0.00011673483851195,0.00269607183768096,8.22403108841602e-05
0.00130839555825606,0.000593143364098026,0.0154060576843662,0.0048745240820275,1.13391157045179e-05,0.0120425754320383,0.0166057293056529,0.00385589327304047,0.0334875606841758,0.00632072542798037,0.000515285596343399,0.0360857195491269,0.0063338085279107,0.734769946647256,0.0191711464649763,0.0382796845210756,0.000296686134567046,0.00109262613030655,0.000721513270286806,0.00757115677177056,0.00692400951976636,0.000413321892963603,0.00984905503339212,0.0105671132591966,0.00039873856880895,0.000355228048648437,0.000356899794980293,0.00150089083232241,0.0223617564000091,0.00374926254393846,0.00396589605542937,0.000214310509584816
0.000577473520941703,0.00181781454628454,0.00340326836969882,0.00157583746733643,0.0327284717485261,0.00811334265023316,0.046371916163863,0.000378439626885407,0.000540465680139597,0.0207775906420674,0.0296588738680695,0.0365600447099289,0.0427879598896187,0.000296491302984292,0.695790845666631,0.0193401162733762,0.00452478862509727,0.00612848759209668,0.000165645167398895,0.000586877322971565,0.0135009500874869,0.000131647338529829,0.0127642057930786,0.0064148344149756,0.00232309972819761,0.000113797630490597,2.99162962554503e-05,0.00670793267287388,5.2628479276883e-05,0.00428774278781965,0.000611993191698557,0.000936500745167068
0.00835623675535576,0.01098241849532,0.00018305412936811,0.000338029856249133,0.00796028332205069,0.00101965353292097,0.0357766509402317,0.00195958450875447,0.0939027456738327,1.60673151086396e-05,0.00125580042378271,0.0111520647302853,0.000960080742785162,0.00257325840682629,0.0027484835476153,0.774499339440239,3.34672929023778e-05,0.00323277266082865,0.00067011860186272,0.00829745419730013,0.00136283503194224,0.000426913999960637,0.00186425393140353,0.00207379186195094,0.00203570889092362,0.000648572907391988,0.0015284916829535,0.0010744386860945,0.0185439362169273,0.000281288664869261,0.00364649498774426,0.000595708564218728
0.00693744224838126,0.00104783213555221,0.00153544381872545,0.0025592278722912,0.00238416542072824,0.00250298591762318,0.033047457493322,0.00241299836398042,0.00295525147782642,0.00312270067632848,0.0117149166394311,0.0356008077241693,0.00232201143384684,0.000386786469396861,0.000712711228664629,0.00612626028459049,0.804627714073673,0.00719768939843382,0.00368893668178472,0.00870869861966123,0.00137260372984012,0.0113584607424057,0.00726898570570364,0.00629446367533817,0.00279846515757859,0.00850590187411698,0.00370587709401174,0.00335631536914845,0.00850394478965478,0.000819531407583367,0.00473413281528072,0.00168927966092748
0.000560952899036229,9.37902823326878e-05,0.000969860485638219,0.011093532021949,0.00686083747575803,0.00906269093582855,0.00868258954471383,0.0122448775332859,0.0173890006801435,0.0024504304295887,0.00196034480403827,0.0254447791867948,0.00100016599691184,0.00186722178309484,0.0018646308795949,0.00798915122261621,0.00191770471130715,0.699897386354031,0.00105909053280637,0.0101119727594826,0.0301884077289546,0.0173655284060398,0.000346867955076718,0.0866949250081913,0.00178938568564654,0.0130897471182471,0.00329974328173041,0.00658755983164177,0.0114612413449616,0.0020550412053168,0.000384583259204128,0.00421595865603669
0.00446479084412578,0.00935920885505869,0.00497085249174635,0.00502586514465363,0.00212804653308458,0.00780338049376944,0.00741231219834032,0.000293755853192166,0.0123720501465895,0.00549676912310698,0.0107086386479726,0.0244254313719893,0.000812584210528171,0.0010802400977576,0.00240371176386193,0.0138788649578709,0.000806311821318751,0.00392354071676719,0.59116315186484,0.00379639270370164,0.0765643120410385,0.0311630412073781,0.0711115166211964,0.0495367988491036,0.034714184739775,0.00888874148190864,0.00508991015087922,0.000973875971306237,0.00262544314348458,0.000813960129295829,0.00568262165069779,0.000509694173660889
0.0028215740913082,0.00241076305183956,0.00145236537846141,0.0158065736627532,0.00728303989975942,0.0169599951371292,0.0212072526414794,0.00596493498002893,0.00477257856959762,0.00572626785731387,0.00485695175472379,0.0281391504737789,0.000644784187120968,0.00489337192230486,0.00679752846966827,0.0259447768700642,5.9777449641609e-05,0.00116148388378313,0.00914290605122874,0.681726065373872,0.012781650152529,0.00382360922599291,0.00778233730021932,0.0171948925269844,0.0102299451620293,0.0479807530508147,0.0249855324679314,0.0026372649679416,0.00520978881537606,0.00204322148569085,0.0175253836637308,3.34794749023874e-05
0.00454635610698304,0.0059223084290621,0.000145864355112833,0.00976304869379747,0.0031291655183173,0.000955681892090128,0.000327086331909722,0.00552707370139526,0.00787271524748669,0.00430995754687541,0.000913610840361178,0.000245858337878797,0.00127995641400684,0.00181034738347677,0.00207754081440959,0.0259087040166001,0.000465971665314315,0.000205422808185201,0.000148297517057612,0.00466208771650507,0.745958731994118,0.0164625498456113,0.0806140685992545,0.0359420126863173,0.00827206270987271,0.0110183249998712,0.00629523435112375,0.00125516740717184,0.00307713595842161,0.000452687748408936,0.00398882042516369,0.00644614793784011
0.00789480038745403,0.00250912143838448,0.00354913641859001,0.0371922232668004,0.0439545084750064,0.00705246840607307,0.0124291938292753,0.0157127484195173,0.0823607057700667,0.0181832128370632,0.000698615759244243,0.00339897865393612,0.00108045023789704,0.000106935859472337,0.000415727894142716,0.0996836312236146,0.00379915674232829,0.00491812281882683,0.00816455166436877,0.0158642902374928,0.0127629293055416,0.532396606676131,0.0707188938718577,0.00122775633258728,0.000122738752109845,0.00177573576406423,0.00306268719680385,0.00262975666940381,0.00162578285107784,0.00202241396966595,0.00221357680165779,0.000472541469544494
0.0102750409054835,0.0199920939979325,0.00123724046767702,0.0086543148272263,0.0165289329659934,0.00657185317151085,0.0397171329237964,0.00443223141061519,0.0172809480226921,0.021517838595764,0.00215988892181325,0.00589229068242468,0.00188158615718634,0.00301880658522121,0.00284233509334125,0.0619645691203947,0.00346533461160784,0.000842442727161146,0.00710146452975157,0.00270720597797525,0.000395630475489445,0.0178247523289596,0.678959384165589,0.000290772171734439,0.00657474926075604,0.0154987281279713,0.0298914598928879,0.00573132945653223,0.00198029599361986,0.000565980791262365,0.00368509354111049,0.000518272098518936
0.000737435280117854,0.00110105351320944,0.000405723218201841,0.00346213053819062,0.00231886123490372,0.00695972050271642,0.0188204232952041,0.0031545681794192,0.00294568028362562,0.00133856248611584,0.000967770408261822,0.00125963000448474,0.000384794276038764,0.000326130737887207,0.00187718722579042,0.0089034515401223,0.00154183170203045,0.000386290421598599,0.0126593839519995,0.0460577943869324,0.0650582558336412,0.0135772174875135,0.0058169284507957,0.652127448426032,0.00283251784055356,0.0986936630146131,0.0226940946536817,0.005049858360841,0.00214031968229419,0.00263951889800102,0.0109946663494094,0.00276708781577262
0.0129075899922329,0.0174155290670623,0.000364032622253903,0.00437190372710543,0.00253195447525207,0.00260247825260349,0.0189252947688448,0.00176897437035283,0.00234987508998404,0.00422058537363468,0.0128268941601326,0.0245823271423106,0.00121960177021104,0.00254480520320533,0.00106217721135112,0.00915428744848517,0.00265296091462796,0.0157051406488925,0.000329642564492168,0.0461451249858795,0.0058563046621212,0.011407921182347,0.0321853379706885,0.0125276340536167,0.703633479218936,0.00215746169348935,0.0271968518087935,0.00652512667677509,0.00912976133551659,0.000429440556609281,0.00118716325527599,0.00408233779691705
0.00034449096466297,0.00210994247531669,0.0035907880384699,0.000862911780499903,0.0194197881926684,0.00732560739787835,0.0330403139417948,0.000829181237310486,0.00644862077039318,0.000622800213147558,0.00312335968013322,0.0164738922712627,0.00226626366120998,0.000561452247351609,0.0034548091690287,0.000915810556873063,0.00106624354398995,0.002807966085007,0.00540944519909458,0.0583564211790131,0.00502994974844104,0.00734399478513907,0.000532272402965484,0.0537026867484764,0.00435826339132745,0.616385264422282,0.0613353090580565,0.00505342522326755,0.039906932314354,0.00209889346370717,0.0342943081610575,0.000928591675819877
0.000581550726075895,0.00194446266956353,0.000292731457485567,0.00292555412275555,0.0161049280009425,0.00339540188316107,0.00309989326631867,0.00136909996465651,0.0119299205019963,0.000635678225368284,0.00105118628619363,0.0467517498322908,0.00211611228450737,0.000841149963946148,2.97651782259555e-05,0.0018886117604527,0.00260409924437889,0.000352343477777875,0.00290268110419081,0.0506037958656659,0.000159316151563449,0.00149272345534847,0.00158500760645855,0.021236356140428,0.0066233072662118,0.0266943375353136,0.764493069777999,0.00294413227505889,0.00581297276220239,0.00254189407220178,0.0140921641064201,0.000904003034839879
0.00309789930331619,0.00180134113437394,0.00358430037253378,0.000313795604169338,0.00294931237039954,0.00591659451146992,0.0154551966215044,0.0055157406006485,0.00611968464545255,0.01331244067857,0.00695083231171213,0.0567370139148126,0.010829944567896,0.00369920961877783,0.0194409368699929,0.0239704133491144,0.00202867391657665,0.000963419388580921,0.000514693693315421,0.00338490218456958,0.0113479572497453,0.00235909492859527,0.00428828590659997,0.00105704968329122,0.00162154500408252,0.00886652403072487,0.00234819424901202,0.75351991168006,0.014398654636614,0.00571510883440416,0.00618637368027331,0.00170495445881114
0.000218525425990337,0.000729321533086719,0.000478471966467295,0.00828224823949868,0.0103923768310191,0.0127309786469205,0.00682183917787837,2.20111280065487e-05,0.00553172036759255,0.00443121742305982,0.000322610309481342,0.00685252701092932,0.000734866104944804,0.0013304177946504,3.58135198977585e-05,0.00489349058716417,0.00133286679963985,0.00147913977133618,0.000422061856134278,0.00390745999229733,0.0201396141858625,0.00720435939409135,0.0017134307330862,0.0446265477332641,0.000719975293163486,0.00245686847165164,0.0111465723151544,0.0268162176530022,0.790611549425632,0.00113783084156955,0.0214729640869562,0.00100410538057081
0.000501153123200232,0.00800495542821932,0.000419611095270298,0.0173915298277896,0.00928489779309033,0.0112072338083719,0.0128470687284469,0.0433075465709949,0.00887302871197275,0.00465517914920669,0.0114911795465875,0.0657388430411235,0.00115384505719763,0.00138669549233408,0.00747924033904318,0.00351256419922246,0.001103130460522,0.000537005686256056,0.00567057394767867,0.00405448422489269,0.00258963851223776,0.00778574713656469,0.0185705735511277,0.00967551021160602,0.000469832836879274,0.00186980217131214,0.000517906744821825,0.000962438310753276,0.00267105354002864,0.72381217318412,0.0117931960887938,0.000662361480334294
0.00133156105975513,0.000330836568085948,0.000224798636357113,0.010675957853857,0.00721276884742362,0.0234631088649158,0.00445921337318749,0.00432156261688202,0.00357859059974309,0.00803466905658925,0.00305324214069147,0.0265524155928463,0.000618873970182834,0.000749419639054792,0.000507347936942658,0.00119103627038485,0.00076133629152265,0.00015549735671723,0.00141239854382176,0.0187176076680207,0.018897224263269,0.0172614464476199,0.01101862125615,0.0219779594549216,0.0043540415010667,0.0170295158826847,0.00583173777105366,0.0237837197912109,0.00371052300195777,0.00235403957250156,0.755414375847397,0.00101455232318499
0.017710541161878,0.00194071648694038,0.00201910639009945,0.0154914161829755,0.0179728551655664,0.0101032068521991,0.0106089408346963,0.00957687564387217,0.014789636819263,0.00749353994504348,0.00188295310993176,0.00458517823148792,0.00787714681458102,0.00338766661226834,0.000405210527934527,0.00246583424255194,0.00185133269316951,0.00957167975417191,0.000372877102014331,0.0852968292941299,0.00654253228052556,0.0274711866213481,0.0675023929460173,0.00730453097932395,0.0896024211787701,0.00338422714419904,0.0314245772262616,0.00604688639147591,0.00288723441253875,2.03534590962357e-05,0.00171591103898278,0.530694202456686
