0.759282358765877,0.0105418384318185,0.00384676107550136,0.0184760329102295,0.0368154624839941,0.002705770806776,0.0220117384295288,0.00318087792689448,0.00150123861410308,0.00236981670914189,0.000412462199764511,0.00603642133765868,0.000730625070264808,0.000483125586116178,0.000919021357618532,0.0200301405726736,0.00975614079652459,0.0163640998400417,0.000230577902885464,0.00114117616034579,0.00515881037529778,0.0146444458479525,0.0293365083413371,0.000503818532699435,0.0227636161097123,0.00163772007965645,0.00269300582412036,0.00350220537071147,0.000723172588964858,0.000510630327770247,0.00129930583663398,0.000391073787385167
0.00318966449768924,0.782432355542283,0.00244064676091295,0.00111796073306126,0.00723434240710461,0.0187971421268886,0.0585961012169228,0.00334801285999985,0.00678394838238222,0.00101759604779879,0.0011632449468247,0.00244775767832048,0.00367112997636014,0.000814583128694346,4.50591206481717e-05,0.0121179564852402,0.00453029362218304,0.00294124190640682,0.000699266985160581,0.00652990204602968,0.00360605415543123,0.00303286003140956,0.0477278456835101,0.00895898217002552,0.00887250118076463,0.000801102297629673,0.000285974704507404,0.0019564266605292,0.00113082280901122,0.00205259026970351,0.000547214986540454,0.00110941858002555
0.000215619628811599,0.016467973031922,0.523841967910434,0.0116281093022561,0.0115718796230295,0.0512233061194692,0.126712072117469,0.0133782704551,0.0582016055911689,0.000627188178295348,0.000771446116557771,0.00368237277982207,0.0030083532564058,6.96271703441861e-05,0.000917240576401885,0.11620622596662,0.00514545308974684,0.00021740723946395,0.000621192809679287,0.000587103190288037,0.0115269854418,0.003255846554969,0.0135809238484395,0.00961711526544749,0.00373221692034373,0.00104713663737857,0.00118510651159654,0.000192686788503075,0.00222503201923025,0.000727078291485475,0.00580318193399407,0.00201227563352704
0.000310566005317561,0.0011773709510385,3.84686993969544e-05,0.636503578819602,0.00777394586651238,0.030881633641219,0.153979718067723,0.0384900187133035,0.0178784155254943,0.000754688244605704,0.000502393530178827,0.0240508601650159,0.0128432367668097,0.00378455228638236,0.00107593837171751,0.00233485618999079,0.00204519979880066,0.00224338797398962,0.00147044824525427,0.000807561828668461,0.00260771729027614,0.00251131635137653,0.000154621923192321,0.0120021541499383,0.000660252545316291,0.00924936809957944,0.00836834880538985,0.000846036515865897,0.0170983479095341,0.000728420035732232,0.00566602289361879,0.00116055378915985
0.00200543103178005,0.00255316103072596,0.000920162570631274,0.00410607512705282,0.679551287798298,0.0285247462793297,0.0620548312728852,0.0114343111542987,0.00765506837649398,0.00505462410937305,0.00175250748427885,0.0664800587797789,0.00382467912043688,0.00544657335453181,0.00538152539612453,0.0222054633877217,0.00332321625084379,0.00167917700627084,0.00530451350233071,0.012820670707761,0.00653301790697921,0.00052921594486363,0.00718039633061418,0.00166492886842995,0.00291276189656457,0.00385694154354829,0.000162207519607527,0.00713384908276294,0.025221867737247,0.00947080019420723,0.00300246057179479,0.000253468662433051
0.00273910349807562,1.65371319348867e-05,0.000341681455241302,0.019853911276907,0.00982490100145442,0.843786941320666,0.0281310899908675,0.0174515441151842,0.00126418428877597,0.00074074728560228,0.000912284796708973,0.00141380808038909,0.00313588351404147,0.000476973117024961,0.000974816385574218,0.00650129280476614,0.000355819943104606,0.000117477757140231,0.00125201063269748,0.000228549177590776,0.0100755735020652,4.08775420435865e-05,0.00184274489154479,0.0275081466401934,0.00206424806787477,0.00118740479687028,0.00216182103585603,0.00131992812399523,0.00783719646134421,0.000315401895214184,0.00500664340208377,0.0011204560671673
0.00415711190580671,0.00361626478724456,0.0002034848281995,0.0549420544783931,0.0146893797789501,0.000848517673919113,0.738353614439653,0.021395144233178,0.0384841287473594,0.0108848163971524,0.00930719905220258,0.0105859679341833,0.00343691976925428,0.000213419432461305,0.000457808983395183,0.0220560674830494,0.00245852963559326,0.000230188308361259,0.00145165178133678,0.000826009751156338,0.0103600672991043,0.00292403362347542,0.00454655043614577,0.0197276220606497,0.00595318952626487,0.00124019454133926,0.00248463760448589,0.000809593084518328,0.000966595780955982,0.000373180447763472,0.0119414589307918,7.45972636551338e-05
0.000458893688387652,0.00159313284289176,0.00154548040684538,0.0248743024146012,0.0130375743608156,0.0618393978621797,0.0194299548621212,0.554403597559349,0.0298247281907572,3.40206617215329e-05,0.00677962492887731,0.0960874397904714,0.00278053311723534,0.0145158415617373,0.00124285908643904,0.0187289382210258,0.00259376409383783,0.00292594153901233,0.00235842388501133,0.00677355356473537,0.00509837447140608,0.00158474967997066,0.0353255495640901,0.0213256715555391,0.010077334818817,6.97920004515539e-05,0.00912537473748329,6.87230367993938e-05,0.0484169983970926,0.000709023655283957,0.00425428250334195,0.0021161229416721
0.000803792552642022,0.00888700997348369,0.00303747079420533,0.00514219925346943,0.00807117030538354,0.0745815398150881,0.170605447502519,0.000572425714194514,0.346422168334302,0.00147606946739366,0.00459619721234403,0.0132572763815182,0.000452700583273953,0.00256289394867239,0.0049311107241682,0.160207735640403,2.451780064389e-05,0.000204145976344339,0.00294039707599303,0.00216898715680449,0.0235060590241431,0.0330739227906607,0.0381576629056348,0.0133082954087389,0.00371425656525364,0.00849586933885786,0.00272510699356659,0.0101735658537729,0.0252697234791753,0.000182605041970844,0.0264681216067617,0.00397955477861697
0.000431190053998665,0.00121988180893299,0.000837006538608143,0.0218797556060972,0.00681239211677345,0.000441178184485464,0.0119077687956579,0.00124964804758118,0.00062756357555109,0.800768333523891,0.0161430765558641,0.00618637040920924,0.00490376375216343,0.00861041857348212,0.0118770521319167,0.0051649558704286,0.00316167917153083,0.00702504666781394,0.00454573609663624,0.00725355573145921,0.000313631849676794,0.00154368715408379,0.00390374301774219,0.00547456023938456,0.00412417471523056,0.025108031484711,0.0219283087151019,0.00254004861740134,0.00401959344943762,0.000901706627220221,0.00894966885799557,0.000146472059932549
0.000228429676835295,0.00207393202699107,0.00642779977423578,0.00673721257781452,0.0123776031609009,0.0451403193205064,0.00373493351039039,0.00189332189674553,0.00430346853891648,0.00760802961285142,0.785892451509433,0.00139345762113881,0.000385658849564705,0.00683873452570157,0.0115377376854648,0.00131612691803425,1.88258209951402e-05,0.00030772596041218,0.00098036909116157,0.00820448720678128,0.00731110212547652,0.000830605459891866,0.00257619205673409,0.00116020978500883,0.000761862073560688,0.0246537842844051,0.0218793533904759,0.0176300463428254,0.0111927258854758,0.00035265849495385,0.00365032330707181,0.000600511509244997
0.000413836439824406,0.00219355114801801,0.00148485989779959,0.0245223628735921,0.00861611810441347,0.0301768789860761,0.0425105537128359,0.0181887488879564,0.011899255253747,0.0255112076476793,0.00288250601362493,0.698114435762737,0.00277096037172685,0.00794673364331158,0.000867367554625927,0.0265623231259054,0.00219357012567431,0.0015711540041585,0.00331552294784444,0.0109027256451488,0.00249284908670298,0.00131113690537222,0.000946255121550954,0.000817619585606428,0.00339661119451537,0.0458925829294633,0.0105136045042785,0.005642836743799,0.00451951652260745,0.000983580193826964,0.000446343106674513,0.000392391958902165
0.00102225199825325,6.93185984237737e-05,0.00131854198748886,0.00271932784417403,0.0141086199850285,0.000862908625598658,0.00473548078324765,0.0111515806037893,0.00711518549379238,0.0117889548857687,0.00116729230369454,0.0240523905100454,0.83139432320813,0.000856316812727096,0.0191052201749659,0.00346022357500398,0.00243381251306948,0.000887597036602501,0.0018955096630258,0.00247742907168797,0.00255443125320675,0.00131100787162279,0.0260672446810011,0.00414995936651418,0.00242090447457349,0.00119555626413704,0.00217908067036238,0.00519254545203526,0.00106496894722406,0.000150499251060254,0.0105348999871861,0.000556616106558634
0.00116403145182054,2.18441741439605e-05,0.00081290128737564,0.0054024228192613,0.0251631862433441,0.011621817342499,0.040919739212868,0.00544200495035322,0.0181357445633192,0.000690206838464444,0.00115976582900901,0.0133548020108914,0.00230250303916053,0.615871233690252,0.016378065139899,0.0776167357007227,0.00121292422890771,0.000254201317155811,0.00998157292703973,0.00617032189690755,0.00268271943845311,0.0084636969043337,0.0389379300437219,0.0169927563880446,0.0123055863389076,0.00434328895257314,0.0184602812358637,0.00236597282455207,0.0262846987648828,0.00290106567912825,0.0110929114377004,0.0014930673284441
0.00746284229533645,0.00263437383539488,0.018120919949423,0.000161959014260657,0.0171732490689108,0.00139188410756463,0.0190671905908832,0.00637169611176059,0.0199996948029023,0.0138010749939172,0.0276543560220578,0.00586414833674769,0.0404070630379845,0.000887767457733108,0.703686806966586,0.015784683494969,0.0108371137047544,0.00150835063044835,0.00139104212446837,0.00697943209938991,0.000260938519212249,0.0044789470202794,0.0371091005381768,0.000884118660782561,0.0203401397145932,0.00206464861674899,0.000562268570538237,0.00684279753760077,0.00103875581201773,6.84548407849552e-05,0.00370122983027232,0.0014629516934993
0.000909695643988253,0.00294461880059562,0.000389849715942723,0.00402714147187092,0.02110770548739,0.0238614359208272,0.0870555778293852,0.000676169729657052,0.0460008097642493,0.00225711782033751,0.00390161006127056,0.0012027372614201,0.000860412504259574,0.00223476792019214,0.001607009408907,0.714168862320404,0.000111173283508558,3.33283022890131e-05,0.00204799636118316,0.000935747775260097,0.0144518120069952,0.0126339421636749,0.0195928657960099,0.0060814451549185,0.0155553147905284,0.00048228644352513,2.59316591264229e-05,0.00346016819011526,0.00238879808262472,0.000175436945583107,0.00830637089977593,0.000511860484184462
0.0275769867337102,0.0030372306498012,0.00895459659122829,0.00394589408049378,0.0208654068075986,0.0109211568227131,0.0366559886810045,0.0011402917511951,0.00320695445698697,0.0101530821161808,0.00969555567442151,0.0523201800533877,0.0115966142330989,0.00491243366971841,0.00241973106742882,0.0235100528452006,0.665728858535064,0.0163546729627329,1.52426368212279e-05,0.00360612655674556,0.00448748223976174,0.0063741720275568,0.0177248118941185,0.00118770920024448,0.0007457443895899,0.00913022277425517,0.0160522914487562,0.0069657704644481,0.0138316157505381,0.00173263430661036,0.00328342352736575,0.00186706505122296
0.013198550457622,0.0126306988211654,0.00187209965944067,0.00706586174496839,0.00366847001350257,0.00315554292656329,0.0041651756669594,0.00344740919202775,0.0189643704214176,0.0181260087734629,0.0169916736738199,0.0322600956251175,0.00954638123810172,0.000132862618146249,0.00439831123024945,0.0211136954977623,0.00377119294101411,0.712986447332284,0.00618296156661522,0.00530254220257041,0.0349599410910915,0.00903472580844861,0.000694491104234972,0.00712163955174475,0.00668612285367653,0.00724242736361849,0.00353526840852289,0.000966912426252905,0.00891994079066726,0.000922747408440055,0.00150282797124152,0.0194326036192494
0.00233656602090984,0.00682098218137169,0.000503527219421177,0.010923583412621,0.00960504377683578,0.000997140694116624,0.00114431159390708,0.00235232485315022,0.0215991305430025,0.00635523255917203,0.0350108799271495,0.0645193505662651,0.00174840743806564,0.000234497333568983,0.000422179649941193,0.00404171825257287,0.000131218032093117,0.00478885974480497,0.660824318491331,0.00574917486412025,0.0246153884550025,0.0211053002614458,0.0101558141589724,0.0015429071153853,0.00198675091160195,0.0339560363194274,0.011365341799426,0.00224964029314321,0.00128651396340167,0.0120761914258258,0.0333723785860436,0.00617928955590409
0.00416769620638114,0.00453699839912125,0.00043685987171573,0.0126284523619216,0.00149296677488385,0.00383128008794661,0.00602671241224287,0.00168966127485661,0.0150802098668448,0.0102075600202984,0.04158844631202,0.0228476089949727,0.00667054100343421,0.00133217999913112,0.000256382438437219,0.0156036112493404,0.00118190040210052,0.000865005225783781,0.00603905682042746,0.65713987430188,0.00683884388903501,0.0173471383960871,0.0186041830944274,0.0106117354267116,0.00190538861310581,0.0636701962700224,0.0525752264522264,0.00240396296060787,0.0043041376366903,0.00198991556023938,0.00500598827855698,0.00112027939854961
0.00252555673979587,0.00251998277126799,0.00149998569901757,0.00725531621387715,0.0270488088552234,0.00209520985142052,0.0259940331182389,0.00437562400230163,0.00839656869176807,0.00203558228079563,0.0182023773420729,0.0102966320065418,0.00530926333398916,0.000833665852599576,0.000654429172677754,0.00793836116798803,0.00201142288243538,0.00199202928893151,0.000603992924550127,0.0283007199394549,0.676045624533527,0.00437102108970798,0.0150581980905119,0.0206951325011785,0.0071532202163324,0.0520819301521847,0.0413916423604494,0.00233123384983492,0.00112100701411083,0.00216931670063534,0.0132981662913013,0.00439394506527783
0.0163171118499966,0.00254873229989704,0.00205244414212205,0.00407166033652603,0.000293873158287858,0.00609237053398988,0.00313286027775668,0.000379900452790165,0.106156271227587,0.00393414143132823,0.00879419467741489,0.0245552010855217,0.00247170860337722,0.00105484083281259,0.00182861026911411,0.0577720946528527,0.00515747159401725,0.00616037265710356,0.018301942378442,0.0115234813167805,0.000624000398847623,0.617430705323212,0.0348721686699972,0.00725241102364664,0.00913482167747443,4.02657014535517e-05,0.00178472920279451,0.000105545091597758,0.0309183784607264,0.00162550153589651,0.0128142888112718,0.000797900325363699
0.00152351260646088,0.0396650620807542,0.000721950978914578,0.00468474836674758,0.00814780036399232,0.00228760030571516,0.00414509535856487,0.000686207562162333,0.0039583872032919,0.00557789750938144,0.00670949991939564,0.00112098756913217,0.00221031284324662,0.00119502701799364,0.000865370158954349,0.0256106800314475,0.00618044959483119,0.000523097265913295,0.00188786443578368,0.000997213531837332,2.30060893144886e-05,0.00616526521089414,0.755542819626619,0.000400213223739427,0.0248476579766791,0.0366476279392343,0.0265549842463605,6.06609291598449e-05,0.0100321508049564,0.00368256109437565,0.010464125873043,0.00688016228110365
0.000739104574421416,0.00324748808853491,0.000117134926574354,0.00311811144699525,0.00246264963449807,0.00714591496917524,0.00488488605812737,0.000774384349161885,0.0120012885302676,0.000716316048962184,0.00544931249048682,0.000831341849623155,0.0029566543923241,0.000854795945609426,3.46391251339066e-05,0.014239130324648,0.00309156130693786,5.3598050035922e-05,0.00916334902149682,0.0426065498618642,0.027907488401907,0.0197308424252131,0.0227760232927472,0.623960401394136,0.00537105827345744,0.113843624101172,0.0625542119742272,0.00503511235502681,0.000273036608705466,0.00225028378012101,0.00151171336620896,0.00029799303219932
0.0101067045388834,0.0476835837461814,0.0005005887266517,0.00025229233639916,0.0195936821464689,0.0015670273680554,0.0831124246277922,0.000801390097871229,0.129504938490634,0.000766200780655425,0.00125837443937632,0.00110900872320987,0.00195386635388865,0.00155640211085815,0.0063377666126296,0.0120819979022413,0.00857072034214105,0.00376328945609928,0.00177269185065442,0.00396203148023902,0.0049519698296833,0.00476301927546934,0.0188530713606942,0.00501668201672324,0.598776059460771,0.000411566116522267,9.87378395139703e-05,0.00696115886562945,0.000456200452185986,0.00112200452533278,0.00617877828057765,0.016155769845966
0.000383780979652285,0.00256951313423945,0.000975094694631096,0.0327220504436579,0.0128643253950444,0.0153136521000797,0.0137252532625433,0.0164128968067747,0.0060550010930903,0.0106085873785012,0.0232629916143796,0.00693803846793934,0.00879197980588562,0.00220831621510589,0.00121978276473267,0.0100753614204442,0.000945897275490828,0.00114420446010498,0.032120363405533,0.115996142801015,0.0135775540707858,0.00505286071459903,0.00311351006660017,0.00794487632193085,0.00754780613325555,0.45715134465211,0.132801297847487,0.0294495445111177,0.00910124572722766,0.0121899584639144,0.00542133242575669,0.00231543554637008
0.00209462635002548,0.000285215845856339,8.14913059629179e-05,0.00388764376776636,0.000646159558494398,0.000618527996040377,0.00298386683809986,0.000176335735427686,0.0171015268242595,0.00204459504287446,0.0170160816171196,0.0326368073805328,0.00194516107999657,0.00225892479828741,0.00172530349666511,0.0123925731236565,1.42921529140963e-05,0.00049166163142156,0.0241136605854034,0.0503628596151039,0.00073693699223059,0.000833150729271005,0.00363035085961857,0.00306008353966092,0.000431760793676366,0.0545360540932087,0.754015343690182,0.00103440906421818,0.00238476838956094,0.000379017158713103,0.00588661193234045,0.000194198011410885
0.00115980452638935,0.000427850565034989,7.42889545973794e-05,0.0103763416035117,6.94248816619127e-05,0.00435417646552837,0.00342204483360223,0.00687329884346515,0.00126316771611651,0.0206401819277932,0.00456822337245917,0.109215510835761,0.00948941049805277,0.00206212578702723,0.00613645958956548,0.00143374671150431,0.00444882525693324,3.05372064900929e-05,6.25393896645177e-05,0.00351525350062375,0.00333300316677848,0.0033534277489134,0.000821011534381918,0.000516485393058898,0.00153655854339615,0.0341759293256414,0.00845693585849329,0.72341842108187,0.0184393200982023,0.00265459554100206,0.0136059041451596,6.51950973206893e-05
0.00137032439570996,0.00707804361176191,0.000407427330719636,9.95256079444532e-05,0.00672032844437766,0.00491750400675392,0.0184188476986974,0.00209663896641152,0.00803606271376285,8.97410455798338e-05,0.000753789714931268,0.00996936960014675,0.00623936366005179,0.00402500697379124,0.000580103757972925,0.015234691372047,0.00246891827092747,0.00106930730203096,0.000185553880334379,0.00511231003358169,8.73827829715669e-05,2.57241335627172e-05,0.00300215925719003,0.00318346906938797,0.00267061771188739,0.00235625999865789,0.0303213255948508,0.0530017996705451,0.783108618925749,0.000341797893517841,0.0253291555607384,0.00169883101340688
0.00928544147080296,0.00398158870705055,0.000554863351377237,0.000738948438385333,0.0129018594322854,0.00515923743688119,0.0408623574616638,0.00380482166025224,0.00143866259012764,0.00178015673247761,0.0155264983068788,0.00272584356122524,0.000893740942623356,0.00439409410849901,0.00737340388343452,0.00605123468344203,8.62538186232068e-05,0.000357781724097464,0.00190632530557154,0.0366171899946104,0.000121740539709522,0.00572230822180384,0.00971375176314862,0.00145398623649872,0.0103058472537709,0.0467371917202756,0.0337833596931727,0.000855975973655801,0.00263847301013637,0.720097779550191,0.0120545327841957,7.47496431313976e-05
0.000252312065918125,0.00281695509905145,0.000223782563150456,0.00254163516799859,0.017675574606186,0.00584885708153042,0.0178389907591236,0.0050997339125059,0.00988279741816273,0.000972096052019507,0.0027443091694054,0.0324913535754615,0.000316976784954091,8.15553773781866e-05,0.00839762980941181,0.0186879988754961,0.00447416486033264,0.0080417498639733,0.000279597606123306,0.0331728802195573,0.00657237100083816,0.0132588224234545,0.00179265250383581,0.0234474782924279,0.0163684402174547,0.000629857383446589,0.0114164067728824,0.0323277788158413,0.000366174057599857,0.00284221620072775,0.717677942967276,0.00145890849647468
0.00238642740127559,0.0474475573721169,0.00675518597680628,0.0118700283006526,0.00142347323490147,0.00305234592393222,0.00474373067904428,0.00874820662075218,0.0241844598136704,0.00287739327327006,0.000166179088958723,0.00492080605590181,0.0002812566192275,0.000294655832170937,0.00614606297484176,0.00586401757320028,0.00192250528164873,0.00222513639721525,0.00027019312350952,0.0298672460439543,0.018788726750008,0.0118904975337727,0.0506314792866898,0.00155845290670087,0.00859832406386476,0.000101977296279578,0.000615798047539571,0.0111516482494767,0.00547651088021624,0.000714117055408562,0.00640206988416543,0.718623530458827
