0.483794908455129,0.00528971374589321,0.00196002555685868,0.0447884334558591,0.00252314985180901,0.0025316013719524,0.00127917561366999,0.0308768595535743,0.00654843036760127,0.0567910254903117,0.0266803627659026,0.0245676000998023,0.00511725613788372,0.000537106695202941,0.00129771860949436,0.00345601662688576,0.00799923533161945,0.000206150086721938,7.04215841610559e-05,0.091076255016734,0.0138239383976053,0.00596037441274003,0.0329257918137163,0.102923973101189,0.00227283277800124,0.0126836677962528,0.00731689735921632,0.014351175238412,0.00161869352764091,0.000313581254763162,0.00530323404106745,0.00311439386232838
0.0030125756235696,0.54499294133294,0.00529353173437997,0.0309554651397418,0.0108590608942907,0.00790817978471924,0.0173269475277011,0.026484538590372,0.00173635345580311,0.0233163026925815,0.029777459165713,0.0400293960932612,0.0161711114789316,0.0002976481635647,0.00265522218730702,0.0055332200720451,0.00118538077786911,0.000197238731078149,0.00114440378490018,0.060039888996651,0.000164245897844818,0.0072902979298752,0.0430523126166949,0.0553101160520372,0.0233101195546748,0.00419184078693738,0.00341258675321512,0.00624376082100761,0.00805790005860358,0.00168746643158043,0.00186085030185784,0.0165016365682513
0.00134777208758752,0.00696481187528419,0.406043814117195,0.00285863305541677,0.0685493115280468,0.00382675991530325,0.0163970563611947,0.00508705282648978,0.0673121543161428,0.00771494769606673,0.00516905048848642,0.00443114134395308,0.00686384854094011,0.000633834377770621,0.00158738983201519,0.00828010301776709,0.000220967116427645,0.0114146954698226,0.00572936253498382,0.0995832119949852,0.00778583577143817,0.00961474271361178,0.035835122083174,0.101552968381799,0.0667705373756669,0.0171023680570483,0.00394413482823798,0.0191620130406525,0.00623589467235654,0.000214490244386933,0.000793573107999295,0.000972401227748883
0.003277381849308,0.000559377548050844,0.0015104854962406,0.481172092374615,0.000764694323767524,0.00449934819966991,0.00565799610807154,0.00328779875111553,0.012887509978309,0.0562366553823901,0.0570135437739641,0.0817849053539783,0.00465682569168259,0.000121201544442691,0.0136909095096957,0.00981502387046242,0.000569982482652935,0.00113301707667913,0.000546489056701062,0.0698800182254002,0.00278231872844316,0.00830735310077796,0.0239021727597472,0.0755952081896913,0.00403869885374211,0.00699831013819511,0.00453457113410311,0.0583040940255131,0.00261517232429024,0.000787167144180443,0.00224771365083293,0.000821963353285814
0.00140049241311591,0.000548846994819407,0.00138743981512259,0.0370093554300905,0.237818601675828,0.0242087748880953,0.00492512575253193,0.096566948361732,0.106755338252242,0.00340047698522902,1.76861363786334e-05,0.0146223440349616,0.0001975536922166,0.000480661340363742,0.000455333600455819,0.0797022478765364,0.00279029816498781,0.0147710119546232,0.000336917895877801,0.113074606368513,0.0375713981930717,0.00332600747203194,0.026669511594699,0.165686812382554,0.0016395304884774,0.000455730228041108,0.00228577031265618,0.0100891311068711,0.00364125483655193,0.00184102325374949,0.00339843824325337,0.00292533025432185
0.00511255301245869,2.35285770577352e-05,0.00231473703865486,0.0387180263577265,0.0129404879496777,0.443538708064934,0.00926350405057219,0.0612986199850984,0.128964760866797,0.0478736857073954,0.0291545402209738,0.00314671083025071,0.00396305911903178,0.00165637995223372,0.00489324315342248,0.0811955224121261,0.00225763586089882,0.0133293421326326,0.000117829541959409,0.0137157866270531,0.00482195473220914,0.00800365621064976,0.0277724560718131,0.0291115378046524,0.00265964489990555,0.000391604290928655,0.000233878711861453,0.0129508676146492,0.00389361241305911,0.00224229248562349,0.00253173571924021,0.00190809758445242
0.00597677665662381,0.00453753116455046,0.00307633540352438,0.00221031752492833,0.0318551749477273,0.0253318663478865,0.406841710999841,0.0364766257021811,0.0379212064137721,0.0115446999898921,0.0133587463848927,0.0339099496660546,0.00147226849264205,0.00019538690400913,0.00484549422454712,0.0276028983937679,0.00019599546601386,0.0146463388681396,0.0001748604650759,0.0875470260073503,0.0441675853436257,0.00253044979144246,0.0149151918411518,0.135281431124622,0.000383767474840756,0.00108415832456708,0.000755082992514649,0.0279884407831633,0.00500245427729859,0.00174699310131627,0.0137785598515723,0.0026446750704645
0.00442573342375263,0.000711317175375185,0.000280953764684608,0.0202719379367296,0.0124150000378295,0.00280584231918576,0.0136794012761749,0.271105806448594,0.0429440936027554,0.0595440403922566,0.053279267806238,0.0757516502810126,0.00101785660113254,3.19028682549705e-05,0.0292000874022775,0.0545688679781132,0.00232564091822791,0.00343006687321734,0.000426731958549316,0.109295140464133,0.00467436581866358,0.00958213435912951,0.0287782537519419,0.111430371684303,0.000911779006167763,0.0116906811233103,0.0120090878440706,0.0526147225690602,0.00625124486786772,0.000862889735910069,0.00348424618339798,0.00019888352768201
0.0035792641703722,0.00026051608187798,0.000978285350713155,0.00963709264310713,0.000624125670130747,0.00343666699567841,0.0220574431824189,0.0132121244818987,0.651007710960834,0.00361277591155061,0.0115183743049251,0.003949881776897,0.0029368489053166,0.000113129806248871,0.002882837623102,0.0122366452622438,0.000458695112737488,0.0110724028435837,0.000234150059664048,0.0898668769000879,0.00939792269791711,0.00147834898568774,0.0412336556971708,0.069252733556342,0.0029736921135851,0.000505572825913834,0.000224266965224385,0.00466833325566352,0.00109666080756747,0.000726231325908996,0.00857405838744877,0.0161926753381816
0.0106304462505425,0.000330357421672793,0.00817499321950812,0.0410738844699501,0.00740909205380555,0.00945990334036036,0.0238771841144563,0.0396778345196386,0.00918899666353039,0.428771127406082,0.115631996984517,0.0297608955048086,0.0461141490859422,0.00207468248397944,0.00201183564376587,0.00742117773173706,0.00254781717038685,0.00376478108375361,4.48785791499985e-05,0.0499258191118356,0.00525324701161758,0.00484044502229555,0.0341981107316835,0.0469121900472208,0.00636845441985102,0.0222929066048491,0.00358148303057667,0.016210394704945,0.00170379991883516,0.00770766154371202,0.00812917185114432,0.00491028227384614
0.00640040916424747,6.18228422030792e-05,0.00235980167488253,0.027847950613795,0.00431901217161253,0.00179423519379172,0.0122960857821607,0.0204347281832396,0.0100416203257378,0.0270057363502763,0.592422035305874,0.00677175274720102,0.00916436468755828,0.000321643218323704,0.00674520898988586,0.0181024304116922,0.00472667522932713,0.00463035310666231,0.000143692906441836,0.0619355338761546,0.0118613927327835,0.00109772462677763,0.0304549437752598,0.0717525288804613,0.000863503991956898,0.021582619348114,0.0185223257783048,0.00678240974659719,0.000220122556558844,0.00766063209810273,0.00645312783751751,0.00522357584649841
0.000680903438705831,0.0009848660554347,7.01823319046085e-05,0.0024013586825086,0.0177701612531043,0.00714982970976594,0.00175054640133738,0.032005375062497,0.0082524513085554,0.00852245703761721,0.000390772977968145,0.663754129792334,0.0071982548644373,0.00126647326119062,0.0136700925196039,0.00192103971283207,0.00274311281220604,0.00587628538434987,0.000185022764211574,0.0599882831520588,0.00352678064814183,0.00779966926019862,0.0125599851208406,0.0554573898193205,0.0013732065289303,0.0306126719683564,0.0177762212484265,0.00813954459541528,0.0195144445083818,0.00106382995543475,0.00148665275549142,0.00410800506843869
0.00139125431104422,0.000154815234155731,0.00242272991120294,0.0209430363222798,0.00593183378591064,0.00480020244142043,0.00150736057944859,0.0158786230072051,0.0327001503678742,0.000484787753450187,0.00456377102176608,0.0630423883819758,0.446719136191029,4.17218963053154e-05,0.00356470805027835,0.018911711272226,0.00320322945443967,0.00220656427313831,0.000400547551497588,0.112802957363377,0.0137636529531711,0.00278247989556026,0.0412463014064742,0.112809887130704,0.0100195558629439,0.0145413249909778,0.0180296711663078,0.0276592132090654,0.0045733733034769,0.00274515800482623,0.000190796309752688,0.00996705659671525
0.00172226240018133,0.001864744402993,0.000127641990354469,0.0231643647576222,0.0295474670860069,0.000755508288823846,0.0147577083128158,0.00791329070767818,0.0349668338668372,0.0374719029556416,0.0206343768854131,0.0150562855739936,0.00910827208083432,0.554158552529776,0.00792543183154627,0.000864717019745801,0.00477943193563396,0.00797713928541088,0.00123549930581389,0.0506640070959143,0.0320802907569703,0.00359976111875975,0.0145875379841802,0.0491466813786347,0.0340709484624752,0.00273657844882005,0.00626720826784815,0.0185377389178216,0.00594051528546178,0.00318262703432918,0.00370416190303401,0.0014505121286285
0.0161130943887637,0.00881714450036713,0.00495359080727969,0.106787480084489,0.0132795595247243,0.0154882391398674,0.0203930159434059,0.130576785147336,0.015274145463153,0.049331672088435,0.0443419486636127,0.0233447155688498,0.00222188858272457,0.000529477548891025,0.342964083458458,0.00162968495752848,0.00825983761417317,0.00206040450091483,0.0049782884853442,0.0256113407334661,0.0158137876831816,0.000104689878552274,0.0369810618713403,0.0367659865836729,0.00724549686490748,0.00437816201646907,0.0149623540320649,0.0195339323367825,0.00511965128906085,0.0065947492680122,0.00568727802155961,0.0098564529526124
0.00733749503231986,0.00177134175397623,0.002005511088535,0.00683377295070671,0.00299971888976709,0.00280255885313704,0.00359977481465848,0.016508763420884,0.0178481704795223,0.0016926129054365,0.00610468991019455,0.00762727570189946,0.00332754760962661,0.00108704475470854,0.00481449324515273,0.711444530526159,0.00126134476309695,0.00539964865889809,0.000267320330354925,0.0559089770891824,0.0139807206918656,0.000924551994943345,0.0298838040533827,0.0586840796099057,0.000662565257809165,0.000415809454813174,8.55465676564756e-05,0.00872754362936065,0.00226920650787163,0.00191868422910948,0.00778877125081404,0.0140161239742517
0.00174187976440958,0.00307508203114411,0.000926634934232142,0.015843614171048,0.0109774011913628,0.000795607311455772,0.00424455153727131,0.00775181207231602,0.00256983334412196,0.0236647159108725,0.0109603015607684,0.0190205000448652,0.00152731913567778,0.000394489667136901,0.00059815827946664,0.00852995879855862,0.394394895885589,3.2302969873107e-05,0.000430013030955843,0.156481031257698,0.024463229103856,0.00238778955485771,0.0342721073477893,0.217148294095607,0.00325217253984111,0.0113522156022474,0.0149299836909116,0.0171397226805196,0.00095548435885627,0.00203111379537687,0.00181290483347164,0.00629487949784154
0.0049833347756095,0.000726088186073385,0.000297157011955726,0.0537788559114733,0.0326161511129295,0.000932284656290411,0.00459268454876286,0.0441736765006236,0.00020743760843925,0.0181381331538272,0.00177925331633321,0.00122069334781565,0.0113583288097217,1.15062688106576e-05,0.00119521345895783,0.0171971506200109,0.00547131515715096,0.385995570852351,0.00172927346067515,0.224282604268495,0.00469893496036329,0.00183455183689265,0.00342154553496016,0.125150622742488,0.00547165998391974,0.0155810799079896,0.00438673995029856,0.0250442980686805,0.00105839492596323,0.000284682020744032,0.00172907983282909,0.000651697208564783
0.00366728352849037,0.00242321238515774,0.000395270224353354,0.0629494038486174,0.0300263199124018,0.0134245284700999,0.00784562011460044,0.0547085799584866,0.0482317726801414,0.00710729442444848,0.00085865468470454,0.00050834370388814,0.0152997289111193,0.00165951265047166,0.0105338866230449,0.0532227545100664,0.00167160804883748,0.00232249088863792,0.335507104726305,0.0616688849395779,0.069017197109527,0.013880121430563,0.0713490433794834,0.0979158952188201,0.005976872453426,0.00263516327666829,0.00559510024516694,0.0123074583240111,0.00106738498268957,0.00193609012707218,0.00395534932032194,0.000332068898800282
0.00841849305187164,0.00243631650864598,0.00159961190894191,0.04335852340764,0.0255781853202514,0.00669884604382105,0.0166023484514373,0.0276216818724461,0.0546139557899628,0.00633820177396705,0.00175376762477719,0.0111157676201464,0.0150881366296896,0.00084966181948928,0.00139683644223906,0.0782663141466491,0.00459302718095421,0.00195428795673431,0.000192618815920319,0.534584728071592,0.0262145449322384,0.000563628529510064,0.0346614740208384,0.0136843578472346,0.0235297607710412,0.0243196468237995,0.00146683687636564,0.0208051461509057,0.0012515447332418,0.00173122492613628,0.00730426688682638,0.00140625706468529
0.000901277460036758,0.00448490202262787,0.000388808297964347,0.0105437290986529,0.0682826452738034,0.00703683662748791,0.046266309331189,0.0122220105209989,0.00152321152951976,0.00235217101334225,8.23566921989894e-05,0.00768135375718441,0.00781341995149242,0.000585758017646632,0.000830201713589083,0.0672908575513942,0.000728788692223001,0.00238571682161066,7.60075807217265e-05,0.0127032965198484,0.625694066620141,0.0269394856821444,0.00199172371670859,0.0229087037843413,0.00959658157957179,0.0142968404182872,0.00172294943597473,0.0338408320006204,0.000899360845427843,0.00109082139360553,0.00166144337980117,0.00517753266984336
0.0157411790665168,0.00472613693955477,0.00116785569591612,0.0107651410574734,0.0190265413126272,0.000466350198736634,0.0313242202786667,0.00888670532907464,0.0373463086882387,0.00406969509799644,0.00718937904655486,0.00245492528769264,0.00163759870622124,0.00142080703351976,0.00597341653307764,0.0558773342672845,0.0123689004589622,0.00513155732323151,8.51515925680125e-05,0.0781410359276344,0.00271052301124803,0.494439960351266,0.00110486520550341,0.0493058386754594,0.0535810654566767,0.00351415023526366,0.01044112375915,0.00398799445058731,0.0113348846579019,0.0208294794385375,0.00999139245367867,0.0349584824631789
0.00717514652003952,0.0029263514579853,0.00104758060247479,0.00150648486555748,0.00570861900167641,0.00169801141870035,0.0313859280683854,0.00439271385636252,0.0258102339100983,0.000560424950812641,0.0107341808749819,0.00139122892037015,0.00877343325154593,0.000355501984775122,0.0045305275685626,0.0516603855346641,0.00608026852478684,0.00450577300649573,0.000318621432593013,0.0229375659314514,0.0289258340467435,0.0422663631433866,0.616076825800695,0.000522277462472673,0.0169480582134817,0.0121973727198349,0.00355411707333635,0.0120314628840282,0.0033256702978737,0.0156594115193418,0.00762358794263149,0.0473700372138553
0.00720615435574833,0.00149944783040392,0.000291214785614489,0.00914306301275434,0.0214946176574713,0.00284997992508405,0.0156374887423917,0.00581466011548672,0.0101391583888117,0.00223257707523332,0.00138667897089054,0.0106590802664917,0.00425448234760006,0.000488692843002461,5.83166039276914e-05,0.0328052296944974,0.00363524868455444,0.00133683288385616,9.46876153569373e-05,0.0855838652569711,0.00565515837940773,0.00107291830386628,0.00627720785702058,0.728578981018136,0.015749215117761,0.00452775354464864,0.000550833987212791,0.0125387069967072,0.000728877627492922,0.00101186789738354,0.00397175172927227,0.00272525048494295
0.00308530327893188,0.000362547314551643,0.00164250036963147,0.0238219405428514,0.00740950743153064,0.0014884084341759,0.0194241752360371,0.0281487905720041,0.0229426499662728,0.01072997130189,0.00435202988571936,0.01002831427232,0.000734133345882824,0.000200331942925203,0.000276340980034634,0.0341357848323642,0.000683488114371341,0.0165670626097746,0.000379514428400536,0.237231902216021,0.0118446865589003,0.00360442811976796,0.0331177152007336,0.124186545632816,0.344539234284473,0.0145499724481663,0.0050466511563277,0.0313304093374991,0.000314662279680546,0.000273221995176068,0.00190947933029946,0.00563829658047054
0.00228442084505726,0.00253450235626618,0.000812369523165323,0.0801505118924496,0.00320654643331681,0.00767431865218962,0.00548081285703297,0.0538839722083042,0.0192579994149252,0.00249345148193944,0.0128077031106393,0.0780771760557648,0.0146297002708192,0.000706002713973485,0.000670655504266862,0.00275032912708086,0.00162420825889735,0.000900930601872577,0.000841841345891014,0.0344478112268634,0.0047967125926361,0.0215840520881888,0.0297437755418696,0.00995483209855889,0.00202099554984496,0.514913397857467,0.0046483709705296,0.0337095283244434,0.00522307168231972,0.00394087368485822,0.0416983018163487,0.0025308239122195
0.000985086099911732,0.00468763214626163,0.00094620608388976,0.00519659731634888,0.00733071427745793,0.00730600708730848,0.0123547178209111,0.028338267211149,0.00561405476132563,0.00766908878604324,0.00124815369448551,0.0211615224597982,0.000380300225030753,9.90662113869658e-05,0.00193850064628769,0.00232689100598714,0.000741524471758712,0.00877192471506215,0.000576302408233559,0.0521471136072144,0.0159632023896766,0.0107071699212627,0.0291148588467827,0.0578773194898763,0.00474004332452552,0.000681496894661386,0.632964757361411,0.0538874473976196,8.83951642256642e-05,0.00157781561385315,0.022023145302932,0.000554677257320918
0.000854678774421113,0.00148821996704106,0.00011898499715333,0.0133054060547561,0.00329009370374204,0.00411045026317912,0.0108045608347765,0.0369375803872651,0.00780797772267316,0.0062586317282515,0.00247934037155881,0.0212864680274971,0.00307885442052153,0.00240882720184709,0.00329191343290139,0.00744050052845172,0.000445602322954079,0.00374871619280571,0.000118105978894715,0.0772561900746467,0.00138951605012131,0.0112289025179936,0.0268961242065511,0.0495702458158866,0.000519373305178018,0.0155679510339752,0.00326467370898174,0.653518154354107,0.0266439352490054,0.0028715316888519,0.00182443015710672,0.00017405892690383
0.00210203064956399,0.000898724903740839,0.0025746461747714,0.00501463049008846,0.0136636802806666,0.00537936200931183,0.00571090535823189,0.00499369878072433,0.00180222706305669,0.000540152875307191,0.00304357371703146,0.00378845052495416,0.0331488334531538,0.000179043541542616,0.0215321359905531,0.0128775046722619,0.00697806939769992,0.000374042995831747,0.000614405681988954,0.0878014675462191,0.0337652091566538,0.00483585989814682,0.0255099909813824,0.108118523578891,0.00236427133788976,0.0395325567273797,0.0724024487200814,0.0317994387426657,0.453967470801647,0.00317150221784138,0.00634039058294837,0.00517475114777344
0.00319284695961697,0.00547295315638729,0.000575821286708837,0.00275797746848495,0.0219400210275718,0.00209966062762949,0.00963333638004512,0.00382341880005873,0.0563322406625903,0.00517758556639087,0.000179251129395188,0.00737958921306511,0.00894444845282786,0.00415609021044905,0.000265619584362115,0.0288836140727305,0.00298214514917577,0.00640459503964165,0.00248876587601856,0.115765002998264,0.0191641026752236,0.000778928594923011,0.0487059428917109,0.118702647412552,0.0271001860846443,0.00445074079788579,0.00532949179569516,0.0399771354776978,0.00130041632223207,0.438514783547472,0.00713081389755227,0.000389826840996894
0.00308726878016558,0.000784013221609338,9.03053477568162e-06,0.0147873645842796,0.0260049663477725,0.000610612693867069,0.0338424653980892,0.0147499327475465,0.017902566263789,0.00523488412930191,0.00624626359605731,0.0643531523417284,0.00288473065333177,0.000193814051914452,0.0007019538439368,0.00785630209888118,0.00146180787167082,0.0248333941952104,0.00715328780727733,0.0185623073645333,0.0257945408545627,0.00420851643194261,0.00297976098398208,0.0146521592261938,0.0315126990582823,0.0190675451690759,0.00598493983760154,0.101830598552087,1.33651431818631e-06,0.0028835841863357,0.519330485543227,0.0204937151166525
0.00506756922636348,0.00185232741764009,0.00058199881992352,0.00769542949093362,0.00137080722172887,0.00124133826554787,0.0207103960469348,0.0058816030235082,0.0129025752168067,0.00158077517160308,0.00178144285269094,0.0175143457083883,0.00336808269112821,0.000191997836404686,0.00296923346663495,0.0189488786024717,0.00481300663134318,0.00926567666337658,0.000429216321892157,0.0796576606757613,0.0112226622610417,0.00313887101589586,0.0277480864919802,0.0338246946296356,0.00322736001109702,0.0131950930576445,0.0090791105857918,0.043436256359208,0.00233464300513787,0.00361501532423312,0.00367525365652301,0.647678592250729
