0.468632675057765,0.00762066904440907,0.00848316019282351,0.0870001738424686,0.0689212588936413,0.0105211106880484,0.0125441685774945,0.0491099167072309,0.00199289332729936,0.0669558557014665,0.0413847855705794,0.00566102466947608,0.0170380542072059,0.00185493539304363,0.000999252500558512,0.0129038103722172,0.00692160449176933,0.000976415753492757,0.0015752012472742,0.0141463117670036,0.00842868942741434,0.00341406437951637,0.00771392247546618,0.00176955564325948,0.0123443820800589,0.0195739602990128,0.00351157750205056,0.00291288457744928,0.00588935371112591,0.00277747470414325,0.0041445451232668,0.0422763120719684
0.0164299717477898,0.276988281794088,0.0170350508524445,0.122434843526174,0.0233278208816226,0.0315030980301761,0.0273657598665965,0.101849204290876,0.00306559292052021,0.0343594582777129,0.0344735127847618,0.0237929555563096,0.00198567419946223,0.000847953608708195,0.00718337905983334,0.0127237905679063,0.000207510400618107,0.00407347903563908,0.000155686411394925,0.00702645007849383,0.0417413104406708,0.00848729781573735,0.0277383597801158,0.0364595171230421,0.0125006875645221,0.00543739725554657,0.00130392544445101,0.0140842245095473,0.00461373542356792,0.00474436899167605,0.00547868456995879,0.0905810171900353
0.0129661924902744,0.00647778916675872,0.516510894444512,0.0253606451319538,0.0600666117014488,0.0155421558090569,0.0428430362784478,0.00104818662552662,0.000280557484887278,0.0448333116547444,0.0248942811239132,0.00627601670857883,0.00641471768746339,0.00102837258541901,0.00218550795566731,0.0475062337577342,0.00259900958703894,0.0105662675373747,0.00172177066956328,0.0196039258534208,0.0205959215368888,0.017217323771954,2.58921171298254e-05,0.0276830784131428,0.0240950123689596,0.000653778071210072,0.00617861665974952,0.0310534900182877,0.00509330591290469,0.00072356904497556,0.00413375766278106,0.0138207701682324
0.000759489971760045,0.00910780697319834,0.000375015767716236,0.192410502739256,0.00863286325995357,0.0139350659735294,0.0556083500189961,9.04369808819767e-05,0.00508238167836508,0.0531675469082926,0.0539924044530156,0.126151774302224,0.00941469117762356,0.000268869046004101,0.0166945648984191,0.0213326042636539,0.00328516947591901,0.00203611855370001,3.58371565218575e-05,0.111215794602618,0.0277263958673724,0.00165159787643647,0.0347095332974362,0.126822826965665,0.00428473303036153,0.00429226880956112,0.00596018352383956,0.0821495734447395,0.012342946779753,0.00126885571820149,0.00528240802921732,0.00991138845576894
0.00108414671527441,7.50963562205495e-05,0.000622728532046938,0.00177319489172015,0.486269619721209,0.00650578310310791,0.01049888620033,0.0337360392594461,0.0522399037943019,0.0441662686220719,0.01605647526789,0.00209792151019564,0.00872941193076776,0.00471584050824373,0.004469092075168,0.0029471517382163,0.00198564301250151,0.00157420542375394,0.000859262084936716,0.103720402210553,0.00101164347208995,0.00984785402495406,0.0580523266413424,0.0861587182150971,0.0263039448016634,0.00163291085255627,0.00071451780876001,0.00816207832382408,0.00482634864408176,0.00456785237718716,0.00797754843927445,0.00661718344121485
6.65676051046865e-05,0.00281218979282757,0.0099997560475133,0.019194219631772,0.0693877005075785,0.295131513070513,0.0647469513695629,0.0047746145488203,0.13056423987881,0.0226067981715993,0.0188308715022359,0.0366683098771049,5.14219423243626e-05,0.00100337836349668,0.00991429650303654,0.00128993821135273,0.0015984911262297,0.00712637187900544,0.000766933131820419,0.0702189328072726,0.0153673328840441,0.00134582076943484,0.045978406814972,0.099126699743041,0.00537567751293245,0.00383064348799764,0.00046104263168032,0.0250314878945567,0.00157088280645999,0.00782242665176397,0.0221058903581733,0.00523019247696256
0.0033646038262407,0.00776069437366788,0.000208496163221175,0.0180079000354599,0.107801331441218,0.00479107847123028,0.154830139070835,0.0325614012035564,0.136459373094572,0.0070477786223154,0.00209462822421688,0.00317546148234054,0.00393378494201267,0.0041002532259885,0.000338803163554049,0.0024990559424491,0.00169022564264218,0.00166153864585672,0.000474622158573031,0.211572388626714,0.000491806337335798,0.00517114288831462,0.0466933803321191,0.199990968394182,0.0138111865759971,0.00388280457023626,0.000651162556077166,0.0108792944806316,0.0018457401398228,0.00358976658425588,0.00809489556239117,0.000524293221971691
0.00079356490532279,0.00766818601194913,0.000152081188345422,0.043823360071908,0.0200222568648587,0.0248279585189776,0.0887935398195535,0.0932676603376911,0.0135261864171291,0.0304951813763033,0.0460047375265704,0.168912408181667,0.00472101259016941,0.00022296158589338,0.0211177227002792,0.00787101931715961,0.00222269901558836,0.00121095386612365,0.000135703467359899,0.126744165109569,0.0184170907496912,0.00143032232313253,0.0250587230328338,0.126553836876389,0.00280795907809083,0.00711676934826992,0.00400539965500628,0.0783574201504235,0.0107499366109907,0.00229767162413591,0.0120361474635106,0.00863536421510739
0.00248864709128033,0.00301699781280619,0.000298935399665069,0.00249119148160841,0.0101830441612137,0.00337845966339618,0.0133621639544828,0.00622285747165505,0.389210455524121,0.000512217195792787,0.000231683069124352,0.00914960562423268,0.000236688455214229,0.000326063970042842,0.00059632358951278,0.0416541037769553,0.000385897215374226,0.000256455498838948,7.15177656555544e-05,0.212853627489434,0.0173143345937766,0.00542557822782626,0.0340288278463227,0.214077670175804,0.007303334231306,0.00665919289053173,0.00463471342514509,0.00764353845866131,0.000370793817907052,0.000578792273588671,0.00127714776124643,0.00375914008747738
0.00217971080810073,0.0102875900202931,0.000974866271342672,0.0297145530498605,0.0284664653280768,0.013331087248874,0.0422955541148664,0.00512387144286432,0.0206668725420993,0.360703417442162,0.0370442834119016,0.0496359679532078,0.0490665030029241,0.0107951138362931,0.00365260295565478,0.0502217033425086,0.00378894789669916,0.00301050567064591,7.88960066938736e-05,0.0526080948494164,0.0381757884913297,0.00333316805636539,0.030503219978427,0.0835965531887676,0.00809933074710617,0.000593718128544344,0.00391476569563512,0.0493098196078414,0.0034904883489805,0.000889498554999696,0.000903340718257752,0.00354370128925965
0.00183096916095719,0.00677892410560871,0.00462151277925585,0.102831009390416,0.043812260813068,0.00336363553723304,0.044660043530674,0.0153398086937261,0.0326094761228482,0.00864411873473744,0.200943808945337,0.0677500793666612,0.068084994265349,0.0138036737118451,0.00621885504594572,0.0425855793756507,0.00218733055281369,0.00408021585794375,0.000146984878687119,0.0675558728036583,0.0448064785527432,0.003647964650467,0.037143621782767,0.106194228626633,0.0212191049774311,0.00128519077719242,0.000792941574416237,0.0427506104886874,0.00151076210033134,0.000619126656223636,0.000866004687438077,0.00131481145325296
0.00133789728743419,2.97116007748828e-05,0.00350963957276051,0.0514342865601104,0.00971975242102069,0.0116047896782652,0.00502198659435372,0.0416219779043943,0.0019318624261687,0.00506801503073416,0.00423597156556955,0.517286774164273,0.00532541310454581,0.0027951006776899,0.0127562725834236,0.0251793530296685,0.000107589006034409,0.000904104672176861,0.00049747219520611,0.0948794848268059,0.00867234230775082,0.00784813906373239,0.0215808346353087,0.0911594402470473,0.00431737748480663,0.0173607506395473,0.00140046644842287,0.00585318427185862,0.0415117703810976,0.00250868458278343,0.00183251510988343,0.000707039926350139
0.000750784191406467,0.000634429747965224,0.000466778957729158,0.0219785396540925,0.0784853107597217,0.0122974019210041,0.0149143114143344,0.00105357502451186,0.0715653134335825,0.0110061897734946,0.019985352007406,0.0384942209289836,0.20586813857679,0.0160607446707052,0.000486020277133545,0.01915871202493,0.000892191661210125,0.00394320541525719,0.000244579023760282,0.142703064703219,0.00939506409888047,0.0110497405253006,0.0557046596873729,0.143922321947601,0.0577633597523332,0.00973406398162131,0.00243600832813873,0.016063433449796,0.0285140213341224,0.00120675290823123,0.000720409278757877,0.0025013005406069
0.000252967584843438,0.00392530528878472,0.00114775602643249,0.127769789711553,0.0109861428054761,0.000169152938354124,0.00304579566781508,0.0468241759494893,0.0152789753174704,0.074960063692772,0.0186636490744375,0.00160862111172432,0.0103387334113282,0.482996643852173,0.0277574083156584,0.0104350214343244,0.000574120761355805,0.00668808420866795,0.00332932151038609,0.0364150764217339,0.0129452264834248,0.0173161246103921,0.0297401358497348,0.016057103849563,0.0199972132646382,0.00806592995512386,0.000484096197161392,0.0060714189723369,0.00273344447218411,0.00146731887414502,0.00111465860126032,0.000840523785255094
0.000450273746447901,0.00406808087889764,0.0012749213446333,0.00831469919770711,0.0341422587287993,0.00148236589972344,0.0294134234355508,0.0107574012988805,0.0108893117196654,0.0231829614484534,0.0452879634780535,0.0941330356879405,0.00666218684124072,0.00758809119536635,0.422700845119509,0.0192953748439838,0.000133870564908794,0.0030775677016932,0.000880917463514375,0.0805652743243969,0.0177280509117556,0.00452205607250976,0.0342638064325931,0.0704853814859551,0.00583037588058914,0.00229537729537058,0.00374502186733367,0.0350678853627793,0.00336638461982229,0.00069872061136483,0.0126461511347908,0.0050499634057698
0.00582082263273371,0.00627911122292344,7.74977793421215e-05,0.00118436756773789,0.0146837045217545,0.00959190528856307,0.0177417333892617,0.00669034621064512,0.202797298131195,0.000245016694019744,0.000946435741166826,0.0106018184081359,0.00210716604769386,0.000603035556531739,0.000540550967807692,0.0340289921249039,0.00260803881616858,0.00111933509128214,4.65387184470646e-05,0.261771801997382,0.0232086551944807,0.000206964886050249,0.0492979574420799,0.316326460046492,0.00910733415236726,0.00405027701646304,0.00198034199505803,0.0069087291157988,0.000483375668462689,0.00210072486558945,0.00416686714663567,0.00267679556282529
0.0106354618059257,0.0017786677588696,0.000693759992354219,0.0514287045252674,0.0685908715808183,0.00341826444031375,0.0334658241650584,0.0243262850010329,0.0279971290089619,0.0388710443822712,0.0275276866126021,0.0178913971975466,0.0168141408495713,0.000611143242459575,0.000328770630472398,0.0677841063090711,0.238601974577991,2.09581809432753e-05,0.0039043530769863,0.115899925207254,0.00357182468952636,0.00138584334249815,0.000898202077209736,0.140289447166903,0.0356119300745447,0.00995573160573883,0.0143068636672034,0.00188460531267996,0.00387972727241766,0.00018828960861459,0.00104786931346618,0.036389197323426
0.0111616179153708,0.00937380382862001,0.00276415853776082,0.037357184159403,0.0324719734927198,0.00910609908665681,0.0114396027158108,0.0289299770855138,0.0601707092769266,0.0415561266311813,0.0231338632279316,0.00176792747420529,0.0122234408473271,0.000171546333407205,0.00127857876594365,0.00129921200242456,0.00260115636871352,0.306283349407738,0.00244620150974185,0.088012743546926,0.0387152774635628,0.00384456739709971,0.0883472456582744,0.0636322477543928,0.0336446813032818,0.0340369744669388,0.0157420047374749,0.00670400887276461,0.00319021573626782,0.000199988489624121,0.00101670320517656,0.0273768127008192
0.00395878798488512,0.00840564610289316,0.00187056289219324,0.0377958878467605,0.0159096611199569,0.0177080393749458,0.0418050255378585,0.0325456936878853,0.00136092088538888,0.0199539463423386,0.0144734848623137,0.0145291713706975,0.000283978355610168,0.00424566525590331,0.0112955364641891,0.0162374495880411,0.000180616176591005,0.00434405018551035,0.656163296354294,0.0228908155984485,2.80998082350133e-06,0.00666766002468187,0.00939910038153646,0.0105732808679121,0.00495439302223624,0.00335704799765431,0.00015397870917753,0.00853271565047258,0.00111934736632868,0.0100121504676888,0.0189277828932674,0.000341496651515511
0.000222235993217646,0.000997039962179631,0.000202141891842206,0.00496604868278224,0.0272558174584562,0.00516684922960439,0.0221551700736994,0.0076535982694654,0.0133974693036067,0.00439411146129232,0.000778926422169361,0.011009280149726,0.00048244474745512,0.00138683141311737,0.0011494215696265,0.00218211967450303,0.000727921473102026,0.000846670769155107,5.52308429636203e-05,0.598943196096909,0.00676328548404294,0.00364743204829223,0.00970518741784713,0.218457391852817,0.0100083026843596,0.00468898901832742,0.00458476652306787,0.0233109151484403,0.000980354865280933,0.00756871609551512,0.00534579485978403,0.000966338517352001
1.43566363155526e-05,0.000524366323196931,0.00129535323254209,0.0257248900469458,0.0631615914775355,0.005613372738455,0.0316034617681792,0.0127113984789684,0.00197598639613301,0.0140077400621389,0.00454103637586702,0.000633646855238626,0.00570075066771736,0.00169447139738855,0.00312821512822394,0.0168533809764583,0.000950623570226274,0.00227333662630311,0.000576122417801745,0.309287153751623,0.137574166417559,0.0242182338173892,0.0391579946817927,0.19724951554217,0.0315777653202133,0.010040499307622,0.00798128374435124,0.0184997490739044,0.00552139093168441,0.0079071907822028,0.00154323181848366,0.0164577236353684
0.000656412219668826,0.00447861334062592,0.00236810544601392,0.00203386610097402,0.0157222409667775,0.000529463673843586,0.00312125791895501,0.00293075861001551,0.0364883107097526,0.00257453290294052,0.000673198307555295,0.0302279023846963,0.000822967117439747,0.00106991762724519,0.00175526264708507,0.0590487444933016,0.000264684419189458,0.0132795424960489,0.00012805139233504,0.220862909221391,0.0262483808232824,0.311473692666355,0.0227910859081244,0.14872426151118,0.0107589170802243,0.0234320728422898,0.00723908555233256,0.0402028200283807,0.00250872671036082,5.00285116843464e-05,0.00171266607570612,0.00582152029422437
0.000729021175578736,0.00264913777421823,0.0020735345525565,0.000683551115239458,0.00192400630853257,0.0017570463490529,0.00107050858391718,0.0030546132303775,0.0342784454720341,0.000565175144047217,0.000429295543350776,0.0387736364804511,0.000137416169802958,0.00119822118191167,0.000629096434881946,0.0193379427476151,0.000952495688320268,0.00329460217787949,0.000486156710979255,0.372282179192319,0.0174048545530919,0.0504619597960722,0.116757492280133,0.220755483994046,0.00026619376831205,0.0382343697658924,0.0168116071650464,0.0388821281660917,0.00501212272940593,0.000264056854737732,0.000639648786337854,0.00820400010776622
0.000229686628444707,0.00127404593987659,0.000357576548231508,0.00596328151245622,0.0549784696461217,0.00639450953519627,0.0323576585575615,0.00743376391902594,0.0142939026911515,0.00519680496201654,0.000644106361481514,0.0249267402913131,0.00171767897527243,0.00181551719431477,0.00114918745621348,0.00799165163447594,0.00144247634319086,0.00144351101913285,0.000449530773671834,0.404145794567869,0.0106721665574503,0.00636861782905165,0.0182436447737993,0.276710177168272,0.0215490283738453,0.00502520628026342,0.00800170893955976,0.0558743279004417,0.00130280207248681,0.0129213231495661,0.00901291420030863,0.000112188197936206
0.0151792264414696,0.00488201838772627,0.00358309719138722,0.00106710030912626,0.00340614023039256,0.00730425128476848,0.0244585378967752,0.000881702622106535,0.059128678149516,0.0200301132782922,0.0106527664549868,0.0150457254002112,0.00651379903039706,0.000305888411096903,0.00149174060943819,0.066455986105043,0.00307469621195569,0.00216226872899836,0.000726828853143869,0.0696866351476458,0.078006447930467,0.0130642888046787,0.116293794888472,0.164703366844911,0.294665832141495,0.00277586253769976,0.000227460588381477,0.00218803614957294,0.001908731888076,0.000911981554489069,0.00258827351602045,0.00662872241126042
0.00232078386014696,6.32532966810236e-05,0.00159629655369448,0.00378117584057483,1.33436525461218e-05,0.0119344238483465,0.00705102580678383,0.00734155190659476,0.00181618447596164,0.0157106255524477,0.00881068474927101,0.00232046770288037,0.00162170932339657,0.00130618420278585,0.00867798259958063,0.00086638887452724,0.000244088594632807,0.00363739515022439,9.06382796608017e-05,0.107284429582637,0.0178225941098455,0.0262421951625972,0.0109342121503257,0.0825922325481056,0.00351066532032328,0.645024022036759,0.0151274143420667,0.000416603067649322,0.00277917937847658,0.00376746592090968,0.00485158263221521,0.000443199477351767
0.000623253331070301,0.00171416491766752,0.00174737965182631,0.0376504904688179,0.0197537312521491,0.00524932322187295,0.00481962777228362,0.0494139383100141,0.0299204928702985,0.00350625927181833,0.00209087778124392,0.00144121427154947,0.00980181913777456,0.000253309530571342,0.0016543512861253,0.00512814370329717,0.000118530476578249,0.00366874684261669,0.000286416263188388,0.231030341674045,0.0184534653068709,0.0277702990286494,0.0470085633021253,0.204896620231235,0.0011840365660668,0.0183687802522054,0.24353693507251,0.00936264416082347,0.00239451457652544,0.00139910957394982,0.0156245974859592,0.000128022408270766
0.00534293254474482,0.000804946779667569,0.00471487243546331,0.0196543622025896,0.000606738467563462,0.00129565077403179,0.00507789489542019,0.0199537129593716,0.0210865350739223,0.00069087787773736,0.002400402625697,0.0611188522585666,0.00581080032626175,0.000363663129636919,0.0223373154573526,0.0233531436662166,0.00170391610752739,9.0364570919801e-05,0.00180845918548624,0.198966509814926,0.00451371342509134,0.0101912991457909,0.0341172133050829,0.172178786068586,0.00087665742987259,0.00429866952450789,0.00135530263084717,0.313696375566407,0.0443485882964999,0.0044366730538035,0.0104118400379962,0.00239293036241281
0.00589761531814688,0.00807920515423101,0.00748927624254496,0.0286221181033708,0.00755708107044699,0.0060756851219333,0.0137528871860009,0.0207799328259264,0.0601999560971425,0.00797972965204807,0.00416712294726213,0.0201212380730552,0.0222096198089891,0.00137328870857247,0.000375275787429828,0.0307376718108119,0.00437382772607336,0.00213166214661932,0.00474929961520605,0.0206354571185305,0.013007043131176,0.0139562419790834,0.0195313065945274,0.0166997461196836,0.00291014189791489,0.0446839854105053,0.0406837258585067,0.0516779345678826,0.431409946877128,0.0325192765472345,0.0531676435217684,0.00244505698024797
0.00114978169944628,0.00292289621259669,0.00058191719267835,0.00785583823903089,0.004405911854024,0.00214271017487217,0.000700042413755337,0.00910076021177179,0.0110143658800742,0.00167080974439244,0.00628368575230295,0.0210132226964681,0.00504205918085424,0.00244238658087755,3.22404118900256e-05,0.0127756528587826,0.00029306446979455,0.0035361179293392,0.00871509281340759,0.0900324045685915,0.00275346059482441,0.000686700376573165,0.00465861889976413,0.0803327682936144,0.00357155537866912,0.0100201486465118,0.0219565732334214,0.00635324314036283,0.00979350501106013,0.633086782858225,0.0328193311124999,0.00225635156952289
0.00106489759995828,0.000598055749369969,0.00166702965969826,0.00559436862690637,0.0138967310316933,0.0115837110395728,0.00090448138483954,0.00841946029136329,0.0416072951204372,0.0161385058163964,0.0322975120818285,0.0428578648060742,0.00306472551252031,0.00147088963556991,0.00692901686755438,0.00181474427434888,0.00077460291017474,0.000618540757958596,9.5756668250961e-06,0.0391417831944616,0.014736602552599,0.00838919680390543,0.00171091162624108,0.00924781609862715,0.00446449743893392,0.040681314835384,0.00464204267600096,0.0529589476742724,0.000999775645548176,0.00210548351868842,0.624475456224017,0.00513416287823103
0.00516618125373391,0.0104434390456481,0.00337323388319279,0.0120757274847822,0.00585249853038825,0.00118025639308975,0.00863167216450307,0.00843876206459349,0.0202364294184262,0.0161546921587877,0.0111583678466531,0.106903363841212,0.000825339233664583,0.000598418695698676,0.0042133775009443,0.0487754694025484,0.00169094924002844,0.00151203857377175,4.56321711602735e-05,0.0505324261807308,0.0762483231562896,0.0501914290662685,0.0579520540071692,0.0926817532912475,0.0301886613038598,0.00185938754529443,0.00446364979258796,0.0932558880976183,0.00857938740613178,0.000641317923200252,0.00243176717919582,0.263698106147579
