0.622157459056535,0.030591046119604,0.000474146321056677,0.0185924051390286,0.00405159622161652,0.00646985837466321,0.0634652762435499,0.0187111750323499,0.0534756937411855,0.00560654797677964,0.000358724316637682,0.00426085810668456,7.32821189269027e-05,8.5672880703302e-05,3.54924799128772e-05,0.0150078019566039,0.0165976839411229,0.0133514793168101,0.00441908571033049,0.00982833983088285,0.0159846735831535,0.00708301641400894,0.0393417338451369,0.00168001391994377,0.0237448439798151,0.00253176527256157,0.000471827805286196,0.0085914823010265,1.69244338509995e-05,0.00591456283525314,0.00024226867626639,0.00678326204871288
0.000763366859373535,0.352583601252326,0.00320347353149725,0.0540774902947247,0.000200952518267348,0.117978967361473,0.0579464894175683,0.0985846239108983,0.0554704746071848,0.0178883442344476,0.0086610996104677,0.0195326352399611,0.000586488441793638,0.00124476415711483,0.00259285694276297,0.0184676663470856,0.0156922371170499,0.000225960908266158,0.000266991937519335,0.032297895538568,0.0174451102199623,6.0684967268651e-05,0.0195323268682034,0.0586583330576926,0.000489940715961028,8.09363059086658e-05,0.00139160868197328,0.0382697225988251,0.000797195288224325,0.000384571388023352,0.00131224523654905,0.00331094444305788
0.00201016068427944,0.00213401363383153,0.387792801835457,0.126554752599418,0.0289979273647784,0.0329302435554131,0.011965357150026,0.12547354084998,0.0379046792777436,0.0524207020257523,0.00277805651090972,0.00549943191324269,0.00851465544329877,0.00098977633366462,0.00682348806868851,0.0334082968761484,0.00283198042887376,0.00765828826581243,0.00888216871397982,0.00910999280170853,0.0152039528687403,0.000586578387409034,0.00722056947370034,0.0231529916042064,0.00916524737088888,0.0260236448042058,0.00257214686822309,0.0054035066786992,0.000697598114602017,0.0027323993676559,0.00375197891093774,0.00880907121772457
8.82396999311968e-05,0.00145337907711842,0.00225773118996,0.386014906937156,0.013599336295587,0.0455400073174245,0.0158474963502416,0.337191929581705,0.00520364709105794,0.1104625623275,0.00101665076196023,0.0214064940764595,0.00995803681186662,0.00103221335049564,0.000928980519864744,0.00793166775898142,0.000454400086227407,0.00100619691397301,0.00060960212092492,0.0144908336042552,0.000283904164060847,0.000624282919667352,0.00164891690200155,0.0110821887912365,0.0019020941615896,0.000247217564900873,0.000176801024611615,0.00447361698223713,0.000583406136219093,0.000147904166624394,0.000233580086682452,0.00210177522747797
0.00185488302693526,0.00762324366755539,0.00197280831278917,0.000999855367275537,0.597005659485641,0.0203463670533691,0.0252916109307842,0.0101672262650062,0.031156702930329,0.0133679880741449,0.0201900118646234,0.0329211252845823,0.0210938306209685,0.000973472959655244,0.00458102582917588,0.12427467473399,0.000811588837343462,0.00328087879493609,6.95781869736001e-05,0.0181107160222919,0.00104205084120985,0.000899667097638618,0.00153622772355976,0.0351675621019312,0.00123659049031978,0.00139775457423253,0.0056282946282578,0.00128429244633712,0.00347257482543768,0.00216309008469637,0.00492418645586221,0.00515446048214664
0.0104605133098817,0.0236293733231839,0.00935272343821996,0.037931278758983,0.0653029387609542,0.431091582414537,0.0514910864604052,0.0938661848077728,0.00919399841724741,0.0247342517139677,0.0350459252062302,0.00366131049906351,0.00421374327940939,0.00110790574976925,0.00644458507285578,0.0468274573729993,0.00195172247732838,0.00059399840470655,0.00174420978602159,0.0311335864415624,0.00169772414796859,0.00138603139378665,0.00176231232564383,0.0507328408280673,0.033826979655955,0.000481632990323253,0.0040405167589709,0.00076657514452924,0.00486459699794464,0.000490008478884289,0.000548684338354265,0.00962372124447291
0.00328772759931146,0.0243246219254158,0.00205519942690562,0.0143089096634001,0.133200879659858,0.00992351015594617,0.430579297766079,0.00228803668198577,0.00413353723029954,0.0157349822002016,0.00580277336105686,0.025506541527134,0.0101109163597713,0.00206960600802117,0.0018258551810771,0.0345747074055441,0.00236604582863276,0.00041911332946679,0.000678723001371217,0.0786607615543435,0.0127415390869591,0.0010565792715344,0.00947616801730265,0.114970353101414,0.0306405784981331,0.010948990380136,0.00333964404745009,0.00189328698987612,0.0022011943130398,0.000467910329604589,0.00264856461908882,0.00776344547963884
0.00354937565661605,0.011493023193199,0.00528521980944131,0.223060259417284,0.0310855042088912,0.0137875022835095,0.0423975556220378,0.41452256889266,0.00508409763421507,0.0842037676776457,0.00527401758557091,0.0271660289493832,0.0230770652606577,0.00142362179663146,0.00139037816138756,0.0585714902054521,0.000678787907071178,0.00183909577984949,0.000974962337626598,0.0132742713576251,0.00178494547760574,0.000553556446483888,0.000432420328493139,0.00756954271417701,0.00653216945874126,0.00162360026572977,0.00256197347138172,0.00321425374736783,0.000937626715006477,3.64692185592297e-05,0.000726463544749567,0.00588838487494879
0.00209729222903036,0.00500304198495597,0.000993614072204216,0.0133704537130701,0.0399808136963111,0.0282352327109898,0.05133729129141,0.0329634208404012,0.548798253025311,0.00521245253930251,0.000535688142608687,0.0181086673961896,0.00114228969315578,0.000186619915652775,0.00086104222736742,0.0811320614230566,0.00616671701363595,0.00141921364595204,0.00326607462393667,0.0139568290483715,0.00905766659639616,0.00274424916819606,0.00789632526026717,0.00718729632435694,0.0167834268180558,0.0345887534138496,0.00923002314816567,0.0164069013058897,0.00388199248486055,0.00268756503013375,0.00504157057615846,0.0297271606407564
0.00156782583352048,0.000997490615464134,0.00127879822066424,0.242686339752723,0.0548919840588516,0.0695303850001523,0.00100777201545104,0.287148243106259,0.0101235809402247,0.270205866791584,0.000916048737259717,0.0091321379958507,0.00628926291160246,0.00118133515415643,0.00237737889948731,0.0164028344708381,0.000349562130162897,0.000160631292988942,0.000857425398005381,0.00308985738979035,0.00230405335977361,0.000102315645393327,0.000776903290720127,0.0106372329186608,0.000383451324456434,0.000445453484610466,9.78646376133519e-05,0.00174778987989715,0.00133368677838623,0.000422249949702336,0.000409864991468768,0.00114437302428061
0.000816257193059522,0.00132045069612428,0.00159588237401397,0.211340300571584,0.0543055881424735,0.051749266368637,0.000300963333758917,0.277856962897395,0.00435432379081606,0.108323929793823,0.190912546289011,0.00471171090784954,0.00631083693150244,0.00239314474967096,0.00452228535990956,0.0072952869844921,0.000209644653146156,0.000458278235135977,0.00190877421880088,0.00902197728584151,0.00940817960519027,0.0010688032370039,0.0105905396827127,0.0191309353225332,0.00225108586369787,0.00561757716287242,0.00513288728212206,0.000340170829534559,0.00246673544795073,0.000477274145904347,0.000185453416567336,0.00362194722686532
0.00393936589092545,0.00622070849438477,0.000310892362939361,0.00746253991423205,0.0157916661768695,0.0128385749156558,0.0123097278159391,0.0175327738018695,8.44550025731201e-05,0.00069188572389234,0.0534203782351877,0.292325043907689,0.0061666283553466,0.0083823144081216,0.0604903894425321,0.00094294078556463,8.33614834683521e-05,0.00442175823374534,0.0089455144158744,0.0503749625150745,0.0763880974232167,0.0307868745165011,0.1445504382884,0.0529610748793048,0.0169120269756089,0.0203777124022452,0.0403787810482158,0.0264519031144361,0.00864040363646168,0.00546181781210686,0.0103497239558102,0.00400526406580747
0.00797549528506289,0.0111915159991924,0.00055948369257264,0.089594440784331,0.0286857847935752,0.0137096973449339,0.0820234806722517,0.0737526926986166,0.00535675816154397,0.0684549498553828,0.00265555006355258,0.00979499743660345,0.229113242912643,0.0108237734116807,0.0370624864306818,0.0271890420216369,0.000838529026802083,0.00362432323746883,0.00412257867879564,0.0160672909717106,0.0653189269798232,0.021839982857637,0.0711791498150845,0.0321909440898501,0.0304291272478577,0.00626979693653775,0.0163678615120177,0.0067577774559352,0.00331214643361771,0.00436560357438872,0.00461403504517187,0.0147585345730398
0.00145454250392995,0.00212575412853128,0.0038795605417903,0.254927356618244,0.00721148863280087,0.0805530718591381,0.00933903790249723,0.296754925874885,0.00414889890421281,0.0845526118582298,0.016026065290562,0.0128543772796941,0.0134882683215752,0.156320437822457,0.0149452823483308,0.00563999750545268,0.000314869607703077,0.000868428127373682,0.000112210593295622,0.00988508880187277,0.0010602972968534,0.00358610971870162,0.00736379400134628,0.00373410721693985,0.000183862959058453,0.000184825333306412,0.00122682169345873,0.00655401719374625,0.000401047357276805,8.50225312743211e-05,4.99287069767446e-05,0.000167891468485217
0.00634750641004505,0.00364392079300997,0.00353768051788545,0.0229486636106405,0.0467061822607483,0.0662328882644259,0.022214057578277,0.0544640930422875,0.00754003368325998,0.00658358572670567,0.0115845236377094,0.00043071155376262,0.014294087951502,0.00894163647575486,0.428263345711247,0.00142590484062444,0.000219340497847082,0.00640621781547259,0.00753871901356369,0.0320507728956724,0.045593935508172,0.0235761417018672,0.0562538412942337,0.0310289839403523,0.0432408889126481,0.00232722642182548,0.00271983461966649,0.0243391176538678,0.00479654622961871,0.00645875100368686,0.00267216653195834,0.00561869390166181
0.00134550852385711,0.0105250159543574,0.00432047591656642,0.0975245991320981,0.0546440391435109,0.012774443438111,0.167576094343889,0.109474820464075,0.0346785069502586,0.0154745893486958,0.00094674556719655,0.00369094589902907,0.000692094290233785,0.000857547322445353,0.000789071005993797,0.178513544254803,0.00498347094276378,0.00112120305876268,0.000475783492501896,0.0437863119695676,0.0107474068374392,0.000991203500178641,0.00638130103152497,0.0491005438862943,0.0833193856947843,0.0302362950286919,0.0257812812462411,0.00295042245158483,8.1229517020106e-05,0.00087201417539353,0.00147002125426888,0.0438740843578616
0.00953012706265265,0.000816107845799662,0.00945807078131855,0.0746343244962033,0.0319259612122484,0.0206136735874329,0.0285553717726409,0.0743776315253734,0.00447031463462593,0.0108496179274952,0.00576208666289103,0.0216310802447593,0.00572955257531667,0.000144105123924997,0.00098742679912008,0.0373610190399809,0.470754788401113,0.00567454271464876,0.00220578557472788,0.0425601824633845,0.0437821770835221,0.00951780803330267,0.0176913241301173,0.0499135464798238,0.00443183401516641,0.00149050819795952,0.000516821763013406,0.00913567531945404,0.00418731769494443,4.11298792114326e-05,0.000494386895904318,0.000755700061922662
0.00308970035478656,0.000811827138983692,0.00171398344614901,0.00456710510996932,0.0558820647445432,0.00566293097511607,0.0322330356350535,0.00587076544329183,0.0121997942824051,0.000901495652466785,3.52777367991075e-05,0.00701271023911996,0.00492740523326996,0.0013367919775616,0.00513404872611843,0.0148295050401048,0.0137557637530699,0.416989066052543,0.00669246011670947,0.00379098469085015,0.122125529632442,0.01316046238996,0.207375704287947,0.00695874093550954,0.00396004077942289,0.0179120067877673,0.00323532763602544,0.0189236199188992,0.000448122026857903,0.0013365816819863,0.000175161774507136,0.00695198579976332
0.00149717907346645,0.00112571539615893,0.000204430620391029,0.025337002263856,0.0446469381415018,0.0105689790283406,0.0339813070569279,0.0385385342214879,0.00626719256463283,0.000933603324463299,0.00994844502856172,0.000446057040491595,0.00559777660381531,0.000730643376562411,0.00649516344465292,0.0133980034812264,0.0021160238095595,0.00195656304606618,0.234947206680066,0.191499733190725,0.0266512578189064,0.00283718307237234,0.0279306298880971,0.223036779926718,0.0060746717082799,0.0391195658064115,0.027949265019204,0.000274794141498883,0.00186020357054533,0.000339062897237814,0.000989250524281171,0.0127008382334942
0.000470506964081706,0.000691267807877972,0.000858523142823378,0.0229814940199372,0.0545086272880751,0.00484056560583679,0.0311850084691644,0.0214897581691987,0.00024316043254426,0.00424905646667822,0.0264722068833119,0.00212039395210856,0.0056297537475814,0.000446389738404776,0.00253833209509448,0.0226076692583852,0.000672695149246395,0.00102747175948772,0.00191097435423443,0.547091183022327,0.057028325473722,0.0118648563063838,0.0404260566155063,0.0922998618412976,0.00142724012752728,0.00738433920589486,0.020793412949725,0.00229839703301409,0.005330484980974,0.00599434427612676,0.000973117657399922,0.00214452520602894
0.00011173245477108,3.38122863118119e-05,0.000157413860907549,0.141859487151041,0.0595847615864717,0.0331028341236871,0.0174237025636471,0.120066097648782,0.0332140883643719,0.00903728894439926,0.010816982421092,0.00544938042970339,0.00250286022303042,7.8993737914312e-05,0.000215611933103808,0.0665547450198456,0.00120267539063787,0.00258869393849915,0.000589727773634053,0.00539157869458356,0.301983376922076,0.0157270317825086,0.0940233818893095,0.0293415719770021,0.0130452609053944,0.00622197184854331,0.0118201345401983,0.000298290506810512,0.00726057492112685,0.00377300990803278,0.000301792569088964,0.00622113368347387
0.00439359505073808,0.00389476960250749,0.000696858751479023,0.0427594177246952,0.00398530279544971,0.00657933278055455,0.00771238996640791,0.0252783649719715,0.0100436866653571,0.0281862305840389,0.00941278270699188,0.00814664534100284,0.00382911115717641,0.00115817248731119,0.0103164116303708,0.0365072285524307,0.00246306614809629,0.0128486421583391,0.0038216449128382,0.0241608627667387,0.029767475355881,0.469715334472952,0.0952372728213082,0.0987436297625463,0.00956406761470946,0.00791223700556051,0.0323676316095189,0.00245370151985325,0.00121242651072801,6.7390800053481e-05,0.00471835948003867,0.00204595629235439
0.00113477662593477,0.000486975464059162,0.000148209803045032,0.0747855121613848,0.00691180232497612,0.0213436186772132,0.00106367508614025,0.0534943084006847,0.0203013470546323,0.0191246585413865,0.00269111322202216,0.00509904333820145,0.00165046325326667,0.000443059167825008,0.00369189114420581,0.0338585115781411,0.00355838171752119,0.00573701435446126,7.67854164706648e-05,0.0398102480212065,0.025244384505743,0.00108921996806105,0.505746358392194,0.143782814261696,0.00731061808795476,0.00439715403588349,0.00852508954692016,0.00303561357959613,0.00294192866905548,0.000161553486051501,0.000809317795317277,0.0015445523187493
0.000789075891705549,0.000708508256911711,0.000953033789676656,0.0613307274203803,0.0688218643636624,0.0147259453444569,0.0301408162369656,0.0590713454523117,0.009510758715107,0.00773690345569046,0.0374263376595784,0.00856245237521495,0.00787336045338376,0.000435922030944086,0.00197618171088462,0.0416299940409372,0.000471957146878851,0.0015193178787139,0.00322116260148459,0.182058315590435,0.0640836261219943,0.0238524899790637,0.0415414744428229,0.250589467613472,0.00590411256314284,0.0035426709569786,0.0500690981388546,0.00232103929690942,0.00544103394643204,0.0085631918032311,0.0015479209882164,0.00357989373355856
0.00694501080184038,0.00616348653957129,0.000181673030804197,0.0781022955357703,0.0889479655227097,0.0196725998987954,0.0708578263301142,0.0638971068481845,0.00275058259102452,0.00628264506865478,0.00563150224376876,0.000964596100872432,0.0141085949033538,0.00262933092897728,0.00340856278993447,0.0376959460525759,0.000892359640327638,0.00308256510865437,0.00548176955168245,0.0813230682867408,0.00512456744909047,0.0282937862350096,0.0259018827306279,0.0533331199326832,0.295623386555046,0.0301637254656926,0.0329069064574238,0.0187206242966319,0.00138280606987125,0.00101407057763667,0.000735790770415648,0.00777984568551313
0.000966315873664188,0.00378707710034697,0.000932990436981902,0.000664636834879712,0.100759666580588,0.00142384046454359,0.0829318388745709,0.00552591653634544,0.0155978650641803,0.0110380919841592,0.0147393696473062,0.000317817941873909,0.0119629876911749,0.00131952762391688,0.0026279669809559,0.0301255144598027,0.000930018628529213,0.00331627662180902,0.00137189501690449,0.0872898508132467,0.0253380302781976,0.00572628014938919,0.0420669264691109,0.0494034155923969,0.00326637063068962,0.450480299894237,0.0114287164962984,0.0128339594268771,0.0068133582156347,0.00497879940372915,0.00802232921337892,0.00201204905428006
0.00159122393822601,0.00356352471656912,0.000477505750561225,0.0104348077167544,0.0760173373756576,0.00760788409065619,0.0444244565862372,0.0253032236111673,0.00609650104366211,0.0112736550983041,0.0209669746362104,0.00498108531022799,0.0170361224230814,0.00110683165339152,6.73657736726012e-05,0.0246338980527993,0.00137810125674147,0.00291776804233044,0.0033898252747068,0.0619699003198182,0.047426348193093,0.0187996228597814,0.0467140074647798,0.0305159249579728,0.00349950248051258,0.0261574322631784,0.46661914481478,0.0139304566570556,0.00457989507895427,0.00328299600432012,0.0111691985445567,0.00206747801023976
0.000261638515605721,0.000472892564878208,0.000105847466493243,0.0300282099833836,0.0092272406653079,0.00182453172847771,0.0121389103983042,0.0155856862757329,0.0237862512073669,0.00579159034471456,0.0668689499671906,0.00750428901903434,0.0172617921486896,0.00224672127390818,0.0325719285391402,0.0206167875150032,0.000143145873277476,0.00145095720151131,0.00347887492719212,0.0517625383950622,0.0414444698218881,0.000225556818041995,0.0805973421865494,0.097478598564156,0.0180402271323475,0.0320779198475036,0.0358047107139925,0.359299462709875,0.00939414775753738,0.0103066093665181,0.00448495473939568,0.00771721633192102
0.000368014383793726,0.000662611376835879,0.000829453848386891,0.000633974080570323,0.00831296684220759,0.000969098711157724,0.00338109323825187,0.00541269982585286,0.0288891081148575,0.0040131603722857,0.0432572929058157,0.0227472629111392,0.00718347093555626,0.00508903003896239,0.0141450921584167,0.0136657935126337,3.22904748181374e-05,0.000144903353184643,0.0135221268835658,0.0214805510492529,0.0204665807580494,0.0414333858038939,0.0564118162103838,0.0476642224103504,0.0429366046750387,0.05967357431829,0.0317781537961054,0.0247928943049929,0.452059157131978,0.00556994222488326,0.00291645453996801,0.0195572188085209
4.56644074914284e-06,0.00417057708319586,0.000574214552124041,0.0395476784361341,0.010616831565434,0.0138992664654915,0.0108459140737489,0.0543754929352089,0.00961628878702051,0.00823390033656862,0.00214652416107627,0.00493519688158732,0.00176120057000187,0.00109560825713265,0.000115914509076113,0.0161390503806407,0.00146144146071797,0.0100579898640401,0.00128057483724615,0.00620457401188423,0.025238502988273,0.0160511603877145,0.0396511740666689,0.0139656716588327,0.00881435936082904,0.0230996459056855,0.0106550003434153,0.00308860569870002,0.00300603539078538,0.64031014999607,0.0110829668198501,0.00795392177409642
0.000626925796195305,0.00620944126661397,0.00020474457874159,0.00112955158901631,0.10161673932381,0.0118193702916241,0.0568016905393806,0.0230218783464132,0.0107690111596011,0.016228666696953,0.0280898403660366,0.00280535721773405,0.00384864274275708,0.00367691424463136,0.0153752436071312,0.0356985338882297,0.0016299216602659,0.00284581343314906,0.00575636443672324,0.00181822829065608,0.00316560377856201,0.00513213023394407,0.0105073518816884,0.00857230763898716,0.0125611097385025,0.0131442769202456,0.0015521100775721,0.0103657432310363,0.00416275898693566,0.00594485136779048,0.59045435972968,0.00446451693939204
0.00475321320249785,0.00225563028927983,0.000836471272879161,0.0315596244093981,0.159402884402353,0.016590675137218,0.145045815069305,0.0311858858404678,0.00666680008312171,0.00549810798462388,0.00217323530910283,0.00209802629901253,0.0111830560429373,0.000910867349058832,0.00159995572512487,0.0594180059460292,0.000340630249404215,0.0115665620633387,0.00636099561404778,0.0568540924765626,0.00217919001155825,0.0446753286752608,0.0945363426104203,0.0227897101036866,0.0143204427024409,0.0176620039400067,0.00790275931055521,0.0203469026508706,0.0014855708688435,0.000670465665217921,0.00260823661398343,0.214522512081393
