0.39694610078014614,0.010647180154856037,0.005520743114974013,0.01836163789986992,0.03294650458300455,0.014277401485055973,0.03627670470940452,0.028694589440908653,0.06430338707882666,0.009009991726467149,0.008917188729994264,0.008422589022398176,0.007363063980635162,0.0011338239121989279,0.00554433437669726,0.04928951127733473,0.022753186649995,0.008555249805649624,0.0017915014981307624,0.08375172095805727,0.012536898082471961,0.008085215443030975,0.03628320642644052,0.06530312636142419,0.009785838448197325,0.009188727946335412,0.005348694162080412,0.006886179364067851,0.0031968249526276873,0.00324187844030325,0.003909513751671725,0.02172748543674335
0.0061368779075454,0.328391755592294,0.010146957450351865,0.07473089673155117,0.020039603603501863,0.05485104093037402,0.04458300727740367,0.10416625552983201,0.06684251040460067,0.020505070197058738,0.007138225489507087,0.0095392907873619,0.004221473182841737,0.0008931465939799681,0.0032046738193797636,0.0311374192303266,0.006761306692102113,0.004574289943095125,0.0009605357302262951,0.035866564959698886,0.023655390696364013,0.008592144666562582,0.0279204865606111,0.04338225449202865,0.006150825099766778,0.005057777987213921,0.004623757854832475,0.013161839316409449,0.0036583467823136746,0.0017057484701720664,0.002697101991838442,0.024703424028853203
0.006933130826152149,0.004243536180189275,0.36042401771934324,0.09764393334391075,0.024683724040199466,0.021912292497940414,0.01866154595121661,0.0724646282809335,0.0480784212739821,0.05349055995558039,0.028028016456184624,0.0119281617539016,0.01053486077196845,0.0014456635806914249,0.007416449550498487,0.029635874946743926,0.002064391080496331,0.0031642645971931,0.002088963510357639,0.03393579469626211,0.017836463075947676,0.011962897332013899,0.031913999774245076,0.045361194218233536,0.008915802257079589,0.007878090864328986,0.0047017125286180255,0.01573673917262016,0.002289870401661503,0.0016416098512299004,0.004206115070535325,0.008777274439740088
0.0034348405960821617,0.0039225120533566875,0.002776605700181787,0.315273049858392,0.036966055250262676,0.019460399697087776,0.021600084428551488,0.15607379543625138,0.011171331996275525,0.0959476842164843,0.051409197054495016,0.061827276024789955,0.01665844706445415,0.0021119325906325693,0.009404706610724187,0.009412367143208675,0.001952605190404454,0.0022411810006712496,0.00057754592406415,0.032402520063811974,0.0131630535298597,0.006543592583262238,0.013603998627246974,0.03259666685713094,0.011904029517567624,0.004497921281977562,0.007157358823823364,0.04465895910572177,0.0032965541903308983,0.0011539067725960875,0.0013695565730568625,0.005430264237243263
0.0017362469722486751,0.0028513514472733627,0.0011711325386574714,0.06937987407944284,0.3565214903495409,0.02954708915618297,0.02528879129378877,0.10658403479178236,0.04932335589105047,0.026695605470507314,0.013101099175063465,0.020365040011307286,0.005500862833951174,0.002306158186455775,0.00680071634585045,0.06149558932382543,0.0015716265373879753,0.0026658532343422255,0.0005833524343459875,0.06012464440617482,0.015688998033948912,0.008594313153224061,0.0196097440137799,0.06933090110574648,0.00661166816433645,0.005849962731402463,0.004962987451983825,0.011111123867977787,0.0031346033874451247,0.0014777096621016,0.0024833866855533872,0.007530687263319437
0.006049738146132388,0.0056125785285070125,0.005014927413069087,0.06954195113376149,0.05384278211012638,0.3956592408406897,0.0318723947583566,0.10230601647606981,0.008999955292116614,0.03775485824117284,0.029821601840930877,0.009252458123802938,0.00933712995696445,0.0023800508138002567,0.004410556541345949,0.0219059735288023,0.0029021976681947582,0.00421560682957697,0.0014100878869862349,0.048301584259856485,0.01517792322384426,0.015717524223019336,0.02718518311676201,0.040403902834405835,0.0209882419443519,0.002381774643501775,0.0030786049413098126,0.004692174353845464,0.0016010896289203247,0.003015495270382451,0.006364917031717213,0.008801478397675333
0.0039025557507214627,0.006679021428458401,0.0027640407930977122,0.07865229032745695,0.05752815347364787,0.024488675968890036,0.3802547740772054,0.08496097627980771,0.0095486446452189,0.023414476714021422,0.007572278896729432,0.021191718181083972,0.005340278353933675,0.0030027872189379123,0.0063151234042331875,0.02157773931920457,0.0014515973549676083,0.0023752877166088896,0.0009290725440446125,0.062438108736007664,0.026084575481470557,0.008214229655435988,0.03796991270371361,0.0658248445029801,0.020173045264087076,0.007682733672370812,0.0027443559653080375,0.013106330320320462,0.003636806520029249,0.0015536330029802,0.00235903567483655,0.006262896052189225
0.005303500173540649,0.005527728705655737,0.0025851943181378003,0.09343568005950552,0.04277650530175491,0.015292032571740876,0.04219897335802036,0.367413117294153,0.011910009974244599,0.08105255392371193,0.04375329172825046,0.05859181723661811,0.02061455512719334,0.0019297289248615004,0.008154093436251612,0.016780867769243726,0.0024093185453866383,0.002745019954114798,0.0005854772286826116,0.03772044471776935,0.012796095160933949,0.006398251887407787,0.008808143225386674,0.03874319911473605,0.012479557634523812,0.0035418991598802126,0.00777972261245735,0.03510669499226344,0.0034061111470832543,0.0011224817359727934,0.0018099639616000625,0.007227969018916037
0.003761867178269787,0.0023590850983638625,0.0017572413522425252,0.033084413653057865,0.03298826653093079,0.013197862821965289,0.032249893069833314,0.042799873621568174,0.4842472674186731,0.01621141027749065,0.009214043029222862,0.03076960718049008,0.0041635939834986126,0.0006454824977290167,0.0037177398544948467,0.05908621493813003,0.0028483727773152747,0.007850415211845964,0.0008533906776339874,0.03608674961746094,0.009549639243163604,0.018034765500151487,0.03379783132049734,0.03898539186639339,0.011316947375746253,0.0075182035184993105,0.004050732173967286,0.03766426571007144,0.003986511506038823,0.0014039221986881002,0.0019172082154657428,0.013881790581099286
0.002948207862995725,0.0033821080032389998,0.002337688326905534,0.09684877068998937,0.05689785602432124,0.025049745124624163,0.015252318562779926,0.15922340200821916,0.017867847786077872,0.3245883299269204,0.052613518455665996,0.05210002191640638,0.012935008951509386,0.0017377941792955875,0.01896433542246976,0.014535899677399924,0.0010210616510639,0.002441922229511525,0.0008082051640731249,0.02062939881195565,0.012657505740082063,0.002807935138999925,0.009709843229836212,0.024016177606105336,0.010452695542965311,0.00348289747379655,0.004302094310546719,0.03900069569689631,0.003524973399475962,0.00131419926357255,0.002106733177866538,0.0044408086444317875
0.0016556099181760623,0.004772018806219488,0.006413906992857438,0.08356864937052824,0.054029212263964704,0.01824234973925169,0.02271674816080235,0.10644104263718082,0.017621134714825702,0.09148019275214186,0.31127671819093317,0.07003836401233034,0.02420276448547185,0.0022445754736792,0.014139643068325962,0.008772821307547037,0.001115200490105975,0.002424364097052337,0.0010191097829128,0.02325020476322758,0.009811235170223238,0.004093652496852067,0.017844143408062226,0.03479717821084609,0.008253758749997425,0.007009765105409338,0.004174782740798175,0.0328936837866496,0.004432834777784225,0.0018522919761715755,0.0033098837368119123,0.00610215881285845
0.0022043718275283676,0.0049932141349221994,0.0018884528377095865,0.04917977360260979,0.033224508832176924,0.012814576697454363,0.018313289320886512,0.047932418859240836,0.00996024657177708,0.03814441913224849,0.045568318764638585,0.37425151599414147,0.013665369179407999,0.0037678937399677126,0.033016317843734176,0.016135318004499962,0.0015554194298701566,0.0033382937367257754,0.0020380778346515754,0.07343538558687243,0.018704748492642653,0.013542087876751527,0.05050208197684509,0.056858775757971755,0.00686435404937778,0.013435850929522201,0.008604673212269636,0.015434348235562187,0.013060869168445562,0.0035661327276891998,0.009241174718677626,0.004757720923179928
0.0023336431086098,0.0061351707259999,0.00349871660532905,0.07162574028935854,0.04488463724606969,0.00789302802888765,0.03927386160853607,0.03801045015381309,0.026886701568032672,0.03411902341883747,0.04372434002452521,0.0478808614143158,0.29371448476245465,0.00403736300876995,0.03365343354230217,0.013412549504224438,0.0015974883625132935,0.0028979320196707375,0.001631462124413423,0.046419159026363586,0.016998855373415174,0.012963459827391,0.037342096858157564,0.06543276428680228,0.030089301112275826,0.010866163046461298,0.006255214967398513,0.018409746625142852,0.018460969805915512,0.0029369834534972565,0.007465464542039612,0.009148933558475025
0.0023821145422125625,0.004930786222013463,0.00124521554886205,0.10902718533533623,0.020651024304654063,0.03716326100893464,0.0093040114757549,0.1335892787310614,0.04517365288649648,0.04838359761166793,0.012064536975169049,0.017404137516055226,0.01501437232759361,0.37717411549756796,0.018157652680875574,0.02402981144753881,0.0017018590045957875,0.0009531122827461375,0.000664433784039675,0.025039972283030065,0.007601981576362524,0.004657739884146062,0.02014197240061306,0.018772806108396073,0.008697993485686235,0.008903647176501125,0.005505578326967813,0.009146071020301464,0.0042483010255552405,0.0008367195890900606,0.0045523110036262806,0.0028807469365477825
0.0025076662773040517,0.002365792695408125,0.0014656729700346202,0.059454591147773135,0.04033618446332456,0.02390124058757075,0.010720864553840076,0.0770563993290435,0.029898140241600736,0.023650269703163838,0.030602002154084623,0.032975631710069515,0.018085416644066953,0.003019530292293525,0.47713696453763,0.01368040218481625,0.00154093463909635,0.0034152115818181874,0.0024783232816240623,0.02669529285054944,0.010714900709753113,0.005052839389251975,0.01111902480444114,0.027696099447992898,0.010324028687500524,0.0033425691497015997,0.003918403760805912,0.0364597339374835,0.002501839481131388,0.0016481019137049,0.001741865156434895,0.004494061716684905
0.009888231977421186,0.0052545509820596005,0.0018701083648812128,0.057215835230185225,0.06491553736697356,0.017424497818455474,0.10139307130943581,0.07008144754961554,0.1215502284462602,0.02166822066100545,0.011667173912432714,0.025703407185726907,0.005087467840887851,0.0010959291966798135,0.00479278117004445,0.18881448865812248,0.0032669576377609504,0.0030077368566412835,0.000860867397093234,0.053956944142082165,0.015318926849617663,0.015982720880304127,0.043841944660998715,0.06286171141115718,0.029314646387012634,0.008079933458256788,0.006397692948452149,0.02639902471563365,0.005411899198211189,0.0023987879334441873,0.0019084717493071546,0.01256875610383864
0.00792745496847055,0.0038263930502794624,0.0028308981319051254,0.03551862318321046,0.03353313231988125,0.0070126416256129365,0.035156866519657666,0.0239642204342965,0.03848115196280693,0.013950500886813688,0.007972037660182313,0.011400516077111789,0.006585685111776275,0.0004983541051038397,0.00503954099566865,0.07958475469228189,0.3948589996467524,0.007259095930832963,0.002623488912618464,0.07002517887361631,0.027980789493723124,0.016849511107039836,0.030029445910869538,0.07210245741008235,0.018985630435235375,0.00394715953178075,0.0035763916840742625,0.007746232185841913,0.0025410497052630126,0.0020417837993681664,0.003274669743103975,0.022875343904737302
0.005941498059642863,0.0017253792181522996,0.0007840601803034172,0.04025329825393464,0.019594925341257785,0.009621607451416726,0.014485137481396263,0.03058181000902614,0.033503869405779055,0.016741637731481136,0.00804819394743514,0.017899863553498364,0.005728089511252363,0.0009321417693805125,0.0036529197726015623,0.02193573881819604,0.0092283046782366,0.3405806640932008,0.0032962420227094498,0.12586742883036078,0.03935806345982144,0.010323426107410924,0.0861169555413549,0.08784591532144576,0.008382593149958525,0.01735270019748874,0.005462679818637287,0.019033262620794838,0.0041522705991078,0.0024348842985524627,0.0021890950908709625,0.006945343665293525
0.0015948402829937126,0.0013748172184306002,0.0009390689487056,0.04653185667533466,0.023674013321431677,0.007545071018692588,0.01609189393882581,0.037648027648504084,0.014064972935268875,0.01361946326797555,0.0063499190821268755,0.019355570821202085,0.006765455274803576,0.0009586375155259375,0.006428995639959012,0.021686913786389664,0.002896386670709162,0.0031905867572636125,0.43382246494342347,0.08869544397915954,0.027573428657316087,0.010613982572386238,0.052785936849248184,0.09555987528704242,0.005787163411568349,0.013278095061991912,0.010066766677964613,0.012727059558006753,0.0030293675580555126,0.0027299602823694126,0.004760073103157175,0.007853891254166337
0.0014785367101044999,0.0028585640020498504,0.0008479522231086907,0.06908399878369921,0.0298314249248842,0.011403387099234476,0.019783211878369726,0.05588679618581235,0.014753127680358927,0.018674337862721237,0.008168117455276711,0.004036712360303738,0.0065219211751132,0.0008459550771609939,0.0019220622198618123,0.020860415175033675,0.0020332847710209626,0.002341409469482999,0.0027381049939721584,0.5231023833397731,0.014406596629543274,0.011920277898692386,0.0302575972408145,0.09615763001482956,0.010917778126022362,0.011423663353697188,0.00737272976831835,0.009127815455622938,0.002635172093473013,0.003569471954102675,0.0014973159400544875,0.0035422481374857125
0.0028742848409773997,0.003718272216542802,0.0019881464280037116,0.04561886506935588,0.05676708254988574,0.008420999302367727,0.04001765069518938,0.03196725949854145,0.033024922445244874,0.014124629728797314,0.005752920175963426,0.015522872930634484,0.008126507879167931,0.0005422196063440508,0.0021844054158692695,0.056930936815576254,0.004840210259936462,0.002707351805657062,0.0018321641420670878,0.08104022727912456,0.25018770535524737,0.02103387700192029,0.12979826103083372,0.08816943740026223,0.017433478799602598,0.02099406287977178,0.0089580598300076,0.023548597899716583,0.0033668919043794376,0.004304341105824862,0.0034965513517982,0.010706806355387575
0.0028895023411029106,0.003560199764861602,0.002128214699230675,0.016556422700253287,0.025957456879468162,0.004413626362065772,0.017286885796241696,0.024564439471624604,0.024430415591152273,0.0069653624585214085,0.008598893800144676,0.011934213197170038,0.007203403512505887,0.0010707631229379168,0.005733157117078334,0.03925928297709301,0.00211519415466495,0.006004602188027749,0.0016980570501643965,0.07908233153378316,0.02406451404834029,0.40494863426083827,0.07047629093746657,0.08067211263749138,0.048083159572495524,0.014544713189457298,0.0132986660627636,0.022352127543183664,0.002043782745861875,0.0017494454789583349,0.0034773146982581002,0.022836814106791635
0.0034501020226098246,0.0037103437801680253,0.0017198315143859874,0.020373508180066172,0.009126593318779113,0.00465984514473205,0.008064634083587912,0.024202894419507126,0.023194206420135383,0.005397330568869492,0.004773534822469687,0.0207473495885086,0.004679127453252538,0.0005314382843610875,0.003872212299988,0.018036362053222062,0.0023291891901328996,0.002108402767073725,0.0014263248944501247,0.10315096876191586,0.028222636921867092,0.03778544466396811,0.47211114404913784,0.10907146492634336,0.019033612000987687,0.013446930347106137,0.00400124828450625,0.022932233483933123,0.0030785288542210876,0.0024312707392326626,0.001631481678413275,0.020699804482066878
0.0013699823015936375,0.0034757582279408557,0.0010105674553856007,0.06484292808240011,0.042559136273534824,0.01606790574385454,0.02765542614379479,0.054478626901246587,0.019875181333235674,0.01879756715384192,0.009515338027078603,0.00940842682793795,0.006945941285489251,0.0009268825056090326,0.002163234668062539,0.03077255292898374,0.002268517774842362,0.002852290297658291,0.004933454064949637,0.25449249174273386,0.021362661479474663,0.017297479554242597,0.032607569655930785,0.27585297751157256,0.015836404600189813,0.011151122799283337,0.018672659138363627,0.017279969283754852,0.003538484676835532,0.004870117748084025,0.002202274513268738,0.004916069298824637
0.00966632470148102,0.0013475685584276097,0.0006053363093509723,0.0572118159981427,0.024837845028915236,0.00915793585129185,0.05324829726439597,0.044636429508897686,0.022172775142948926,0.016742641997088813,0.0049403438715205,0.02165671768625748,0.004618232646492501,0.0013071452763688631,0.003086352766708212,0.028692690300314013,0.0049325307178624996,0.008233009434748596,0.0016944104103091308,0.14909284513348406,0.016960823171130502,0.0235008086838405,0.04463789731956435,0.09131807425238948,0.2837520220631412,0.017361551646224188,0.010652361987505988,0.0253907551632493,0.004053922499679737,0.0020868419083145623,0.003367554316176,0.009036138383776813
0.0016697815770232874,0.0032763717080535625,0.00039766542101849606,0.06165449096580662,0.027721775128692453,0.01487953158186271,0.018828670725221788,0.06382939897546093,0.018273559273921,0.017344285857856398,0.010910738823510912,0.011322117958025086,0.01241767327518995,0.0009588080904271625,0.005169022449591163,0.017931498517387137,0.0017221837280338686,0.0011923609015459132,0.0013599998976722852,0.0865735249346904,0.01491175253585345,0.02162991235995315,0.027319725753296453,0.0564817304515958,0.006558893887563689,0.45903995053940444,0.010053882930370068,0.009639720334784463,0.003915109699547488,0.0027708849582221374,0.0061950305054016,0.0040499462530153
0.0017004788614951108,0.0029291015739241876,0.0003289657504312052,0.06585262151220057,0.020633116436054165,0.016653913768163962,0.017937548593663935,0.07799436983082096,0.018936640968664552,0.020756444211120186,0.013133259870946786,0.0076644252631711636,0.008244746467772724,0.0008692440242492089,0.005075670435266463,0.022499690045193078,0.0011922715711129201,0.0024027748665300126,0.00300494251388328,0.0746086936491912,0.02107101696768355,0.0400539368020596,0.03934155987494969,0.052717100870730914,0.008978385318020712,0.02820975199364185,0.39576162966819484,0.009577452133474424,0.0026987967237469363,0.0034999543921505373,0.010851975158775812,0.004819519882714681
0.0014416597222216875,0.0015227665070251873,0.001222103454185784,0.05001994204728648,0.05073980335817622,0.009850420034285563,0.017029476229374615,0.05267622604543776,0.03652665681743669,0.030657270735537666,0.041713660194737094,0.041137696347603024,0.015207024700194898,0.0014321885403225127,0.022002489965451788,0.02257002203472591,0.0010645630588445375,0.0023305175512813884,0.0015730982464910246,0.11054214228743524,0.008421177167948974,0.005980302592882562,0.05071558173713791,0.10253761191305263,0.017087718997218025,0.010965912218790124,0.006776178904399812,0.25372943951803983,0.018098261002106326,0.00437870289087275,0.0056747001858462745,0.004374684993648586
0.0018436410321417504,0.00083533408186085,0.0008977084842495249,0.04669873365354481,0.0487548946525401,0.016462915816169512,0.014598530860036962,0.05979980303785686,0.03192411467670696,0.02408321015080371,0.010350445258316413,0.013729510547360886,0.010724209547426762,0.0010612046214644529,0.006250305876161437,0.01579159098318177,0.001722314547292091,0.001484147142399417,0.004527964905621887,0.04529568620545129,0.01875528210860261,0.013300484733005524,0.01679422613822195,0.06551962379421003,0.022151348119167837,0.018506928558675362,0.02571689155573084,0.026418228948277684,0.4147721016267225,0.005914313057595638,0.005218080969563475,0.010096224309638262
0.0008793619939843497,0.004036734451371125,0.000498293997216375,0.0278964323705312,0.01351487977668745,0.004879538518463363,0.022268242495702223,0.02650682758052539,0.01663463500791694,0.013453497282571576,0.009969529029187813,0.009596402062082988,0.005556399552373412,0.001067719590311325,0.0023271580311976375,0.013187966112996788,0.0015475640998332124,0.003363880222070554,0.0032699568006056127,0.09882442570783778,0.011549138510515375,0.007941773211036025,0.037112750139797326,0.09981533068164675,0.008480340778924376,0.011821283126069837,0.0080821497512913,0.007132873474933225,0.0020203866922419906,0.5139314687473824,0.007841325587958413,0.004991734614734863
0.0031266950172422502,0.0034928997524453,0.0007479773010218498,0.026994911671912016,0.02674893449972524,0.008443471706397374,0.01674941004383505,0.042052804355865774,0.019947753239502923,0.019555318412657126,0.024523000564093483,0.02474997983299006,0.016776431309358564,0.00186718913284485,0.010457278709567835,0.016475619564692325,0.00338586667330315,0.0025213452446664376,0.005152159823608262,0.043707945911507264,0.008446162087708112,0.015760749480704786,0.03352474838086786,0.044827391015761164,0.008108970715136889,0.03573639927516706,0.0064553669923759875,0.024021162194764554,0.0029920083496882874,0.003978200495360875,0.4947002684250258,0.0039715798202008745
0.0034837429592742873,0.004945056352304163,0.000975630092355325,0.04966920792713138,0.03768170500413267,0.011633345262570618,0.04187241855405085,0.058188613406702755,0.023484376711844362,0.01248628945248179,0.006663502645601163,0.02941035893603396,0.0061225998520909874,0.0011640011043495375,0.0045219331652771744,0.033946645496315785,0.00274359968084175,0.009872643451726535,0.0020455100968378315,0.10393654659730982,0.013807517580858726,0.06538720756808077,0.06292684327528998,0.06711159857495433,0.047735097639475574,0.015021856057707837,0.006729384901842425,0.03050885593611205,0.0052155490620857635,0.0010790943737241248,0.002788322969714862,0.23684094531091973
