0.422148650510867,0.00320366330097802,0.00527280791265731,0.0142234049729308,0.037916697307363,1.17514423094874e-05,0.065255085913841,0.0116487615773762,0.101632627577825,0.0138132734600852,0.00284676959130896,0.00184687728050917,0.00508164752221006,0.0030780549537765,0.0139924274357046,0.0725383617000531,0.0432824991276021,0.00788691758024366,0.00201502125312499,0.044083838662464,0.00896663522335924,0.002190025414256,0.0130737910341283,0.0203190117228163,0.00738080110211646,0.0194244742483413,0.00519625367518449,0.00118697183022122,0.00235693648875908,0.00573189047511755,0.00683849234359115,0.0355555773588786
0.00184333348382034,0.147378163556337,0.000944337715316593,0.193081215911994,0.0174592336060132,0.0673665913059375,0.0172328967232646,0.178042467666099,0.0922398252896279,0.0761997889855152,0.0119929109510355,0.00240633882635645,0.00132886314667729,7.72764352240452e-05,0.0133737510638031,0.0850795776402227,0.00174817093391723,0.00200828457301053,7.1567417830359e-05,0.0178041636932549,0.0162982299249867,0.00123760862907013,0.0110252157739016,0.0175205366224056,0.00624279202820083,0.00300711174003402,0.00488450092508848,0.00168100878831589,0.00397927700386009,3.13592025940315e-05,0.00114726511718289,0.005266335319102
0.0117407850128315,0.00221208743836662,0.338233307288127,0.194876796748332,0.013438458880452,0.00635531234984842,0.00886331314113999,0.081823039957493,0.0367985287914115,0.119273791728927,0.00358187654383503,0.000276406015741424,0.00405966520866343,0.0028178885209237,0.0237434917122664,0.0321333062426302,0.000746265159719142,0.00264782567752733,0.000226021827644962,0.032948450929253,0.0108291777993281,0.0109839563386907,0.00601827750717929,0.0188406057354921,0.0096939289546256,0.00510160490662109,0.000526612070932444,0.00136822664808806,7.64956972231236e-05,9.22710279213016e-05,0.00289925724331917,0.0167729668954456
0.00338093722696051,0.0016174982785589,0.0012532298711249,0.335533942753016,0.0105396834718772,0.00104905737594166,0.0018518975598257,0.197712373238425,0.011903795548645,0.158608390732043,0.0633003086290549,0.0285910555827381,0.00589956932539141,0.00717383378953172,0.00960405511226669,0.00613430276069828,0.00247412934488195,0.00936182605248194,0.000431543152881386,0.0310753129219079,0.0127045982155922,0.00450524309161932,0.0122169423192761,0.0271774504405617,0.0338999662888802,0.00033165327835698,0.00728576808167936,0.00533088557879241,0.000415688489485819,0.00191656352854133,0.00329392119418903,0.00342457676477426
0.00115785061273955,0.00166168871388731,0.000439342746894682,0.0204848993915995,0.323761228707162,0.0106194003760605,0.000402512783819852,0.0408390443351251,0.0732202227591486,0.00925969043659051,0.00603383473281015,0.0139242353625339,0.00112864073129885,0.0036527670183635,0.00823350373957275,0.0927237070967992,0.000499131515634054,0.000621631830851268,0.00164801886852176,0.105952106806374,0.028803711068208,0.011828898320018,0.0557361251141069,0.161046504431584,0.000784659821264986,0.0052373326798551,0.00133074626479351,0.00824674197496721,0.000339192681773148,0.000980153426340597,0.00185617397414097,0.00754630167716189
0.00283827852274558,0.00310198879669976,0.00259607545767157,0.0635616310946791,0.0086481972716497,0.487012044496186,0.00557952766486169,0.0639832134364439,0.000211353181466669,0.0203140376950202,0.022085569117911,0.0270017782681761,0.0137421428642172,0.00111488487835729,0.000717333154778255,0.000998244859155927,0.00131821224840161,0.0170761517769109,0.00111151689688712,0.0508570151666843,0.000639219717977552,0.0247541577682275,0.0466014934800455,0.0478627869058478,0.0472418235531743,0.00376502676404082,0.00580026427058664,0.00268842552275083,0.000940584049655241,0.00656080287074924,0.0186355055231758,0.000640712724864651
0.0022594844590997,0.00456373886849505,0.000153561243290673,0.0572905790101989,0.0152155797921311,0.0170945294976218,0.298419234781195,0.0738793973053892,0.0107944465295733,0.0102072680600085,5.85744299664583e-05,0.0115327650332463,0.00242467320804317,0.00266760707868133,0.0101023620148567,0.00660933783915497,0.000569160970846392,0.000949326101747689,0.00120275577384863,0.100148704884472,0.0700926256553515,0.0102099212099923,0.101268130773567,0.160822995529251,0.00761197056266962,0.00823312093159392,0.00463158478666293,0.00126593633049177,0.000260714731269562,0.00220929278069923,0.00102790736577489,0.00622271246080969
0.00498419351755013,0.00303354721917987,0.00114311033423974,0.078416573256432,0.00555160304839919,0.00704888000602998,0.00237556370336222,0.477461531662606,0.0101881483859428,0.113030895442064,0.0549229137890165,0.0326551377688528,0.00752968879373976,0.00376685367765951,0.00713046285807604,0.00500781711641572,0.00233020828897548,0.0110288797484376,0.000442965771464111,0.037324363175266,0.0195950562332662,0.00340420142236905,0.00490984221235287,0.0343675128079931,0.0376187093695316,0.00243917065018355,0.0129539385099356,0.00922692685204375,0.000673885430956573,0.00219637541734781,0.004232798141011,0.00300824538929861
0.00174674789533313,0.00161379872596352,0.0028349812733455,0.111764595876952,0.0494721198584982,0.0221963744852368,0.0314018066023781,0.103501730841025,0.417007530029944,0.0448276891343606,0.000666841097217188,0.0104310471209039,0.000873814783518493,0.000275824011972916,0.015180931744797,0.105333531951469,0.00175923698657761,0.00314650407350156,1.8061574927188e-05,0.0171786959350706,5.27266153968322e-05,0.00280598125533599,0.00680230044013971,0.00899286782553094,0.0142714554372553,0.00412669585685339,0.001465729747614,0.00363124249101838,0.00283447720227168,0.000565307653787776,0.00177737786710009,0.0114419736047023
0.00102168927204817,0.0010244153244745,0.00064609746753608,0.165378862931911,0.00840142862706425,0.00801277238401409,0.00459377520231339,0.202789741445971,0.010470638790032,0.439702050981595,0.0504203191868388,0.0132701788243094,0.00373457918035059,0.00767383080637885,0.00581838587696865,0.00453201483048553,0.00100734912316976,0.00421628262294418,0.000663069322100481,0.00716929518300181,0.013553997249836,0.000693607471668953,0.00249284474067844,0.00783019906156686,0.0177646831620865,0.00147838365266862,0.00592859969778417,0.00574052233840721,0.000244126246998773,0.00156645250051087,0.0015146024081147,0.000645204086171406
0.000902291521876172,0.00193439928381942,0.00154925088589624,0.210753614816327,0.0108136928909608,0.011447589277633,0.000151970913479879,0.189867129985407,0.00605776666979396,0.232672618227938,0.160760531385307,0.000195385660592308,0.00837442688169016,0.00327415989009289,0.00965128118700866,0.00120282159939632,0.000912665643900087,0.000228698925900025,0.000482179614892275,0.0263646834793123,0.00950564248019641,0.00817106969478812,0.0380147859581559,0.026742368921182,0.00163868120327686,0.0152673831361114,0.00685372006173156,0.00889359061473051,0.00344016416765852,0.000896716850371128,0.0028734634998602,0.000105254670714036
9.02343733297396e-05,0.000361385064819547,6.22393301473928e-05,0.264445803615088,0.00485829315635793,0.0147623408460675,0.0162474047847477,0.196999795039787,5.21550931175053e-05,0.181695581742067,0.0140063906484672,0.0895789918673891,0.025382576652295,0.000877656264668824,0.0404449706079252,0.00423401953045612,0.000525383017572552,0.000535261686765657,0.000156831994586275,0.0135241648454927,0.0142722980792562,0.0103984995205929,0.0674638636152996,0.00843383252142699,0.00123552446688802,0.00465916223160174,0.00352196928082587,0.014680762630464,0.00270827683388895,0.000475768407232633,0.00287743433322833,0.000431127918146695
0.00179042596251812,0.00111883319848574,0.00223834245564046,0.0656420635905109,0.0495093200552647,0.00380997553333,0.016935908932192,0.0682999819490067,0.00505899051860468,0.0388406635632103,0.0334592466898805,0.0298325999867865,0.244738703127036,0.000475260335875704,0.0216436289565022,0.00680260569059575,0.00434357235307824,0.00147190026715659,0.000221461371756219,0.108049711986816,0.00512738390341808,0.00223512252088556,0.0298030720277893,0.129207574223271,0.0562191755539049,0.00820845336129422,0.00248329851831423,0.0239491180345946,0.0249893602464046,0.000229344384903932,0.0044578626163228,0.0088070380846493
0.00137342033788801,0.00457587416360191,0.00438698561892277,0.0417636461876224,0.00829132192812479,0.00517324294809642,0.00584516774704033,0.00772136170433555,0.0276872885127816,0.131320387959029,0.0101783964812928,0.0215042303789404,0.0407430861600028,0.501235788616931,0.0907275176033594,0.0078779505205705,0.001785584243994,0.00143093562013951,0.00108421137563527,0.0129312199041235,0.00039930312210116,0.000507659988989157,0.0097917395794766,0.00538316084505727,0.00633415025455423,0.0142098517380124,0.00196300122098485,0.0194503149841601,0.00090451249971895,0.00110303849171127,0.0040946761638839,0.00822097309891814
0.00140175598312612,0.000606643747173442,0.000695276432410779,0.179169863667972,0.00571817832230961,0.00139020568801744,0.0080716072702274,0.107313440957021,0.00107923215234466,0.0808850210311683,0.0172901449738329,0.022042990258941,0.0137794131919559,0.00197988747532826,0.475511306651802,0.00485263874601904,0.000833390826536946,0.000855175774809926,0.000150253925359273,0.0139457377443146,0.00531437889186929,0.00169015873067686,0.00195542190464662,0.0286889117625432,0.00106469141946852,0.0017342329747075,0.0059890940929404,0.0125930349728836,0.00207866026745375,0.000216451870037301,3.83936248416382e-05,0.00106440466726011
0.00281400190825705,0.000383102749185876,0.00102179021844399,0.140849282357589,0.0529588275148835,0.0174447318297741,0.0924337425059332,0.123250687249527,0.142198003471193,0.0439012278266355,0.000221624669014974,0.00731913175847583,0.00115628877216908,0.000735419013176021,0.0126623546260658,0.299202340524672,0.00246516314943973,6.23558873723687e-05,5.45935665597256e-06,0.00188130985182922,0.00510604378708462,0.000786588976848848,0.00936332395011707,0.00254317025097164,0.0189319437746325,0.00396196571220965,0.00228795898258673,0.00131071061053984,0.000494533966805547,0.00139773960003551,0.00147232212314336,0.00937685302473131
0.000952715850049155,0.00266236305434864,0.000394107534660964,0.00376124290229172,0.0291547008483667,0.000280744275325378,0.0282807170085933,0.00232064522534674,0.0842191415130246,0.00992767384940265,0.00163569951710697,0.00338108498429689,0.00191507145432603,0.00145350281083501,0.00968523710772914,0.125573540210405,0.499601354019651,0.00804351467821047,0.000556429745882198,0.0196905106378008,0.0276277195783225,0.0206709037832828,0.0241487381472667,0.00564697978975769,0.0150206316398632,0.0107002487356221,0.00495852669736851,0.00149928208628665,0.00340461572039604,0.0049018033321675,0.00974710444410428,0.038183448817909
0.00279562762714749,0.00189736182286634,1.02058145033397e-05,0.0556883821583165,0.0156040789995411,0.0137585337270997,0.0134194170928741,0.0759830649736086,0.043764598568041,0.0220513092848945,0.00676408518123886,0.00285401874442496,0.00251953670062977,0.000799188511263458,0.00712310739661182,0.0423375848561959,0.00591264523017982,0.260210791739338,0.00120605507087096,0.168710137361706,0.00351538776400658,0.00472439074554605,0.0180700215972451,0.128130760320068,0.0209243051761436,0.0404499664932455,0.014107852557191,0.0054239045298242,0.00676968585927711,0.00229224370959853,0.00462292470123963,0.00755882568526271
0.00252563624159035,0.00142727104469982,0.00081927360688916,0.105216996202598,0.00304097864521844,0.00265475134245686,0.00635719348750592,0.083285354441959,0.000707083091444328,0.0539918503359515,0.0124520844947958,0.00189331792061198,0.0026522612981934,0.000760908751987512,0.00342025415774321,0.00677925783683473,0.00453424334378581,0.0111105527413705,0.43832856842996,0.0428713832663939,0.033239833060826,0.0287200854099658,0.0930545351294756,0.0370475031440864,0.00109192211891199,0.00195512172891172,0.00184342190052384,0.00408188206212096,0.000579746374093683,0.00182216087431429,0.000488270731379196,0.0112462967833997
0.00190095928458572,0.000996088792663294,0.00276942057970808,0.167963601322399,0.0411270567843427,0.00794433255087374,0.0134486273515341,0.131173412679147,0.00172639053121249,0.0577829322720584,0.0134312567880313,0.0015425904440309,0.000820989348123872,0.000950861987819069,0.00427695232504688,0.0464482848891081,0.0029518269434097,0.00224542170337686,0.002286053908868,0.386608879176263,0.000431352846508126,0.0182473138237793,0.0336701516547813,0.0195596999264887,0.013805833933202,0.0119287294057456,0.00271249028846938,0.0030379902809782,0.0015609790536777,0.0031140389114143,0.00185273687349518,0.00168274333885967
0.00289978247952611,0.00148529390560375,0.00535582584715424,0.00372243182506108,0.0669078386254402,1.48152331419257e-05,0.0619505195956647,0.00642818796326354,0.034002002011242,0.00907088398315054,0.000439327121551725,0.00146781578745029,0.0197303977778827,8.58863030213619e-05,0.0126399130300702,0.0901666496618288,0.00383211613773411,0.000322892015273987,0.000369307757659081,0.128539686885889,0.173496249427323,0.0106181160970778,0.130338506102143,0.204502131851925,0.0094403349165449,0.00710513468568589,0.0011004652587462,0.000681231513352435,0.0064439571485705,0.00307188336673662,0.000251779001578369,0.0035186366827066
0.00197130984224701,0.00136567903539641,0.00346670826245965,0.0187928574632991,0.0175654580581923,0.00612398647004965,0.0225275789974057,0.0353371021728209,0.0110618447858327,0.00437146567697802,0.00447006499981402,0.0154924260848031,0.00734732890574611,0.00351796378765831,0.00491623892472284,0.0557389830863899,0.000233985903014546,0.00425082301302268,0.00171511934585938,0.0315088990928018,0.014252066205408,0.522804323766781,0.0321110194695368,0.0267342449392147,0.0735721082139432,0.0184893181359247,0.0148812986268948,0.0238302153310002,0.00189195345742926,0.000642100632426768,0.00398441731049042,0.0150311100024359
0.00373414978902372,0.00174419972043035,0.00289137101390618,0.000711503132201519,0.000959947076927168,0.000864165589966985,0.000518334591838853,0.00107035256371806,0.00406120392262535,0.0151155844615867,0.00157481993145374,0.0179618638220615,0.0127336432494754,0.000613605501009269,0.0116663033978695,0.00437363815969003,0.00166429879577798,0.00100166618302849,0.00158663598817627,0.0528294826959858,0.0252158170808795,0.0174563779894185,0.674084699432132,0.0662914603517258,0.0246417983881006,0.0164299229339045,0.00656976525954698,0.0155027855354725,0.0026690624879103,0.000560657144236018,0.00168086145640864,0.0112200223535116
0.00125886283279596,0.000682332147511054,0.00240065360174724,0.0936629290064073,0.045152849408371,0.00475197381410051,0.0184997503794283,0.0774255896982242,0.00321338173281275,0.0289856066890492,0.00732156033401788,0.00159569752803079,0.000676162178337234,0.000610785941901587,0.00220721776439221,0.0445362115587888,0.00167379359038356,0.00111182812370201,0.00544215902307371,0.11743434279494,0.00389957584462712,0.0128808628292304,0.0141338753767346,0.473151128583541,0.0165188631293132,0.00212278517547247,0.00596678675630775,0.00294403077574075,0.0026806174906545,0.00341037211564838,0.00185236123066389,0.00179505254404991
0.0104987227477508,3.31073341644653e-05,0.000974926570565184,0.0786659838803121,0.0109567511992964,0.011976003576305,0.0185931900567456,0.0611645557481297,0.00166803068489884,0.0287239752434378,0.00258034457170358,0.00475951195905869,0.000302375124221295,0.00153345269826252,0.0064873519967232,0.0166633766074093,0.00728012449511029,0.00370753327298716,0.000442248595928088,0.238498069079995,0.00322635102499612,0.00580256772023732,0.00734343824914202,0.148773205011126,0.27171782089896,0.0295017816905481,0.0110173654919315,0.00340973857229298,0.00295984236582212,0.00131062140859583,0.00591032341516553,0.00351730870817731
0.000923380264504077,0.000649456679020115,0.000209254344932568,0.18905326841271,0.0010972020235556,0.00831667963365464,0.00077185212106526,0.136019811078186,0.0012690542629128,0.0905601817162706,0.0225456368283873,0.00258566504432487,0.00948674665077086,0.000167851091616633,0.0137671408237,0.0150047242639191,0.000507041156512191,0.000609163299004018,0.000645061900413689,0.0215965394237143,0.0053333236791347,0.0193651753831496,0.0141718113566879,0.00994822979539387,0.00219204954913367,0.416042734709652,0.00443998457818404,0.00273579328434525,0.00292374850418764,0.00451392542973877,0.00176793757985765,0.000779575131360908
0.000456542179835523,0.000316254950573771,8.53761204269659e-06,0.0903951116231019,0.00325958983426695,0.00378842589983403,0.000972394362866596,0.0918067932589582,0.00444966015331793,0.0372162609301778,0.016643252687487,0.00523048515167033,0.00838611610596937,0.000177523580017882,0.00845231527949279,0.00926504255299029,0.00039990354499299,0.00693378440155855,0.000822281634825818,0.0311644125581097,0.00804753768531743,0.0620995858726269,0.0527171613339408,0.0814479155433047,0.00904435240539409,0.00855338464668251,0.409267080487202,0.0117442582593502,0.00216522195156299,0.0130857516914221,0.0146098800474272,0.00707318177367874
0.000264164815273466,0.00022759731527696,5.74735820220211e-05,0.233493602827817,0.00410902456501609,0.0112588185040854,0.0079043492878268,0.152417669283575,0.0105367789437718,0.124390244773651,0.00311319828761146,0.00457274282625274,0.0226846651052053,0.000145375972426682,0.0355675067029811,0.00360765854467293,0.000500962652335684,0.000264823657082697,0.000255644840942996,0.0157457332442756,0.000713307474666716,0.00447635687631153,0.0533928676039795,0.0141123399611625,0.00415874563194466,0.00416552061307492,0.000190584247851748,0.27247003705884,0.0097407852948487,0.00397601032786615,0.00024344174928949,0.00124196742806075
0.000298435263603257,0.000410554003118468,0.00101669101158492,0.0578698411572351,0.0271043576039469,0.000226492208189614,0.0202629729686381,0.0145157371376708,0.0372607973197274,0.0454569286222138,0.00397621142646438,0.00997716016797255,0.0013829945996561,0.00100228706827029,0.00233714832994245,0.0152044582265306,3.03841482696933e-05,2.73853862133787e-05,0.00233940720323403,0.0416837855112279,0.0308101870861138,0.019607528551761,0.0336580620322623,0.0396863770776905,0.0172510187903196,0.00812097660691455,0.015648219873996,0.0207174393071759,0.514398506056548,0.000235364263525288,0.000152155250362261,0.0173301357396216
0.00381360568987523,0.00304240695705075,0.000200166570618002,0.0230691630655212,0.0176622859270766,0.0131929046416057,0.043009580853111,0.0354151569121617,0.0156170493715201,0.00393457505224969,0.0166700008583441,0.00222381849447719,0.00843980834700293,0.000477861422413627,0.000306691699611352,0.00154916905348252,0.00355685507455311,0.00328169806906652,0.00490130098683967,0.14391817574395,0.00844839622392402,0.0116069684532299,0.040828824848782,0.131911986575285,0.0044522654158665,0.0114473632783816,0.00209216329028634,0.00421861038636346,0.00178313274594886,0.434452334248635,0.00433425467236351,0.000141425070402242
0.00110890109899647,0.00280966557263499,0.000780273197288166,0.072791227636834,0.0324380791484575,0.0173403604731304,0.0433878861785137,0.0871371960314078,0.00766650726031525,0.0365856701813415,0.0138419963859593,0.00744934322700173,0.0221420642977895,0.000115286400885099,0.0085922189424251,0.00423894138202131,0.00583319966963432,0.00215898320619335,0.00300805267296061,0.0259373730568135,0.0314256777240175,0.00590624945033625,0.0420449260016746,0.0414196979021637,0.00353948469879038,0.00771682801803524,0.0110238015633891,0.015134578815972,0.00379519530548661,0.00281239423876673,0.439601941347878,0.000215998912886501
0.000574668786252978,0.00354888271168371,0.000974378878406144,0.131948725554797,0.00727575857159236,0.0216637435384185,0.00198408872568947,0.11046608231683,0.00298161323160846,0.06144829834704,0.00715189944112276,0.0102828648808985,0.00379117187217949,0.00266938700708535,0.0184480159081002,0.0066572133411086,0.00356985078614693,0.00843677028070982,0.00118469868287435,0.121545600210702,0.000847507838134988,0.0426126152061636,0.0123850155345828,0.0570422150222088,0.0720420348562585,0.0153425311649963,0.00363454076234856,0.00485708905141232,0.004271758308283,0.000696548819543076,0.00617979642645827,0.253484633936363
