0.591505395479679,0.0101247213483701,0.0105204430162177,0.000486554235724802,0.0191859662230608,0.0399622065695576,0.0490399082156795,0.0116631613750209,0.00622637409017125,0.01106625218245,0.143135626543166,0.0129490040868682,0.0348401224918221,0.000501565881038591,0.000783773677173649,0.00384899082856056,0.00142936269113426,0.00246073192262568,0.000296592273509585,0.00171725325185392,0.000403075837068514,0.00837015456479669,0.00250165210017682,0.00668066139304542,0.00384951655938896,0.00270971911943486,0.00318927197171187,0.0124575615327643,0.0012324650259336,0.00100277761283757,0.00116058442995946,0.00469855346919721
0.00831116643474519,0.28034590510555,0.00173065141081583,0.0531277634737074,0.136115203312306,0.00832750402232722,0.0809906717976493,0.139108735284038,0.0233046758898093,0.0116412215946497,0.0637420920114839,0.0277572662459924,0.0173138411626882,0.000643768251167484,0.00590569960845554,0.0200908641234597,0.00133281136805436,0.000289237152675658,0.000594923436547464,0.0184428675555355,0.00850649055533376,0.00120951306540159,0.0293020675156284,0.00924713777308043,0.0041879979364758,0.00704808498115203,0.00310181925299332,0.0291296001620993,0.00118215816736986,0.000355184257192643,0.0024665179237466,0.00514655916786792
0.003053750249515,0.000530179812953738,0.314717663417498,0.0916686597353511,0.11547596703816,0.00689317343747592,0.107427238432633,0.195073803219082,0.00151854422218625,0.0114439488995823,0.0271837578288638,0.0229757527401345,0.00208273797706542,0.000464220849391168,0.00148256360424849,0.00483749829718584,0.000448012343534942,0.000724753283187386,0.00103569435069221,0.0348154904998008,0.00226644738738705,0.00290137272243633,0.0108205895318209,0.0138940105710221,0.00223048070934434,0.00387780496683021,6.65342644715543e-05,0.0178320809936249,0.000920321989265931,0.000655136907697139,0.000526486016436631,0.000155323701121505
0.00129714266678845,0.00280560202664452,8.95207297036105e-05,0.420424740277463,0.0264050610585195,0.0076806286990716,0.0145106386889117,0.0874207931627305,0.0266282904264074,0.0358347197024078,0.0412901381991249,0.0952295649605851,0.0570927733662474,0.00646010592993424,0.00288121892604014,0.00733603918719251,0.00144797031639103,4.0300382837221e-05,0.00034878693917392,0.000785632730852235,0.0275095076718453,0.00209818979835597,0.0313172308117384,0.00247924184458449,0.00127684597019768,0.00305058248094772,0.00773517340988625,0.076973845258928,0.0060255336847849,0.000155098392455793,0.00279112922933169,0.00257795306991746
0.00609478991148342,0.00229793667027657,0.000223507574236969,0.0277925010097203,0.330124925360282,0.00401571982770436,0.0394839599968912,0.00192138708143194,0.000402194341250945,0.0171540931222533,0.00833150082982317,0.257773618256578,0.019832668512539,0.000716468479995278,0.000999454728953286,0.000309901020641797,0.00145650685228122,0.000719359759189151,0.000544910415323725,0.00185200385054663,0.00124456838387538,0.00180389522471375,0.00490859506568465,0.00536135358808478,0.00924619186858609,0.00158175703681381,0.00345763665074581,0.233898161439972,0.00119700836395812,1.28979276856521e-05,0.00152037995073301,0.0137201468977451
0.0167073646447064,0.0129432817543947,2.91669290429958e-05,0.0165785061816977,0.0275354414027485,0.306871717079086,0.126887434274641,0.0182404715462566,0.00538556942756996,0.0113837510934367,0.022339554821651,0.176326688396631,0.0292692793915515,0.000109185015609761,0.00103078650631413,0.00616405275532239,0.00224957452862512,0.00274866042128294,0.00200752681082185,0.00114962090488195,0.00631937717042585,0.00404719132072895,0.0131807262662256,0.00202633516537328,0.00809911127899319,0.00391576396654402,0.00961724998633821,0.15291507764913,0.00478026884418646,0.000192261971547447,0.00231152702386957,0.00663747547036542
0.00378109288616667,0.000831444021087348,0.000400397136494483,0.0234931212382508,0.00424564070744003,0.00166945397249119,0.125482264787894,0.011356554265596,0.00033619458354777,0.0152460785238542,0.00850763582664362,0.373961096149699,0.0349727263465142,2.89353523596091e-05,0.00204486631856818,0.00240739342903282,0.00204048758752861,0.000271646238586222,0.000942477148503858,0.00580324057374836,0.00196857861794173,0.0044127435244857,0.0103798555928821,0.0070019663451581,0.00407919204062237,0.00530745047556578,0.00987867136484601,0.323020726555102,0.00262393096241633,0.000266830317511801,0.00466017645735777,0.00857713065210306
0.000640814590406046,0.000538114110516306,0.000146067594869521,0.0247918681592942,0.00811644609777259,0.0159282234455015,0.0175164203561471,0.275302652191208,0.0301770541573826,0.0271253366381849,0.0276158722504003,0.207088193432705,0.0686080377752614,0.00902634726572691,0.00108167068647817,0.00499145304995341,0.00105017820332366,0.000427653361922906,0.000306315844862568,0.00287654083421962,0.0210733885047253,0.000579964846940192,0.0204809835899821,0.00139785389998444,0.0104843836519158,0.00493402929211112,0.00991235450900287,0.189119801988456,0.00565497386881745,0.000117615551493514,0.00498187137019155,0.00790751888024319
0.0303085607443394,0.0293211098604355,0.000218253464801102,0.00220446855009502,0.0513873816862444,0.0132628169399722,0.0267418034065002,0.0303824382386123,0.346934663906704,0.0114627855359147,0.0289907143288397,0.0854170350020475,0.0162717167939771,0.000850646679438623,0.00675094454048633,0.01692389315352,0.0052439187708507,0.00389376127085812,0.00180766842809144,0.00177090919716767,0.0473273742460706,0.0132994509204508,0.0855770386668784,0.020869706379401,0.00502637640919736,0.00586428739747754,0.023708596913851,0.0520994607349609,0.0131487525329602,0.0030653299138754,0.00262293360049887,0.0172452017854813
0.00263219358551686,0.011981843145238,0.000209688996435836,0.0613590175722462,0.0267159874041634,0.0128031819610372,0.0257676903641731,0.0992589283678443,0.0417271288825297,0.16136730899818,0.184548762602431,0.0698736447969176,0.137295560901346,0.00945258790897985,0.000246786978388633,0.0124820627812803,0.00355620278087105,5.43582321589723e-05,0.000729575904519984,0.000103119909193735,0.0301216371190126,0.000549614347970703,0.0252182570132293,0.00119768752583019,0.0024177553553229,0.000646509373139098,0.00277643450599142,0.0585160234630299,0.00902393167134235,0.000409294227127899,0.00657744097995616,0.000379782344595857
4.19778706191267e-06,0.00191061283899748,0.000455966056896465,0.022005793786275,0.0207920746756429,0.00197440282805999,0.0153979209169399,0.0198576367353212,0.0146209601845274,0.0910778068624368,0.711833785172657,0.0143076367819798,0.0308843854792268,0.00347234178841557,0.000606751026437392,0.00481069152772232,0.000825617633780592,0.000278059136864814,2.83161637518455e-05,0.000254494554547765,0.00602067768064058,0.00143129151915453,0.000648001827657749,0.00552390087431434,0.00176608904415097,0.000197645386942613,0.00247073112971843,0.0138379044180935,0.00916381342944833,4.48039008742943e-05,0.00288930839529331,0.000606380456168509
0.00114848688625535,0.000494232774700073,1.17082916733174e-05,0.033736810817276,0.0126447936285902,0.000964824715399365,0.0019445901383826,0.0259447537006089,0.000130056873930967,0.00547871045051734,0.0144913746444415,0.615099377636711,0.0306355327331518,0.0039785022180966,0.0153277367272328,9.84800421906476e-05,0.000135558312928503,0.00103286935539183,0.000395780768056883,0.00107142063986211,0.0095898591143077,0.00127945816824715,0.00771886729173663,0.00889599283418191,1.62944633204693e-05,0.0044630854333238,0.00597388943771083,0.193384258880549,0.00241388367100982,0.000210744877915495,0.000766974580962938,0.000521089891336403
0.00598988280072808,0.00333820178048636,0.00101022105129926,0.0394674732056423,0.100071480836852,0.0103272253095895,0.0116123051400099,0.0652020751857103,0.0103768792786028,0.0508524281903381,0.00224632839225822,0.0565182079289175,0.430010605461317,0.0013671276880506,0.0106382496398848,0.00466562654404735,0.0015253914188022,0.00357047508921751,0.00100691015717673,0.00221773918563267,0.0396908704165012,0.00667254516602666,0.0340205783963519,0.0296720408290551,0.00046031535439072,0.00931343859587447,0.0191594900299447,0.0278025628832156,0.0166351895025481,0.000449387003724184,0.00330955424607537,0.000799193291728865
0.00594171178180087,0.00170608418462484,0.000736471251041562,0.0167260617390626,0.00394579770511104,0.00252998651777915,0.00301661946664803,0.0192452412711948,0.00458186295990312,0.014288949270249,0.0448368002353128,0.330709708315763,0.0788013673270179,0.162344022041214,0.0207301878232244,0.000895893013145731,0.000732903134150107,0.000292322672259237,0.00138422097117495,0.00246195040497371,0.00930752730370141,0.00258284698001051,0.011920062547595,0.00438083724465278,0.00160342569880249,0.0102306453592883,0.0172434514563112,0.215886743481438,0.00772924606455812,6.0515460467588e-05,0.00195883557600064,0.00118770074152337
0.00503756848897643,0.00120380766877533,4.18926166945474e-05,0.0139071904430539,0.0364525867377334,0.00550249789454634,0.0146752959993145,0.0499205289382587,0.0118731422884419,0.0513832117265532,0.030950052785416,0.287598345639085,0.0521175803373922,0.0243504334225036,0.0872537704060679,0.00581242974752565,0.000652066424208563,0.00120454831151771,0.000680296147775844,0.00181555767427673,0.0278787757567227,0.00365906272367214,0.0286084544487133,0.0117891826411887,0.00318757143010401,0.00951316598903196,0.0214746836874305,0.196981427545945,0.013331349792183,6.48297823336926e-05,0.000648043622434781,0.000430648882123279
0.038642268593312,0.0355198089828641,0.0010748593571013,0.031594166778941,0.0456858416171903,0.0177432755341076,0.097642276275427,0.068200018063726,0.0153024536320981,0.000134558743603192,0.0377314898004915,0.0720829063504096,0.0349395879178457,0.000346515097179386,0.00397017331798116,0.357715383660819,0.00491359997763357,0.00728719005266714,0.00122504268669031,0.000830119985947383,0.0116901360128567,0.00403340617177351,0.0178433146227303,0.00712992504285851,0.0148598081142476,0.00676846971053517,0.0102206585753065,0.0452814619928908,0.00399318355242232,0.00125480474829975,0.00382998230559726,0.000513312724445725
0.00330474816479765,0.00385052853236962,0.00325173831580406,0.0277507759191071,0.0319151983682627,0.0327853988780291,0.08512604902241,0.0529598229338997,0.0179995693583334,0.0159230800759307,0.0321651352635264,0.152372138948864,0.0167855597682213,0.000178242888709911,0.000180783232099981,0.00119524464094748,0.286646598886114,0.00168449729205838,0.000838663418344623,0.00247413867928862,0.00941718874140013,0.0040549107891338,0.0482241908621322,0.000587192355639868,0.00275058354736454,0.000244680848750898,1.82316718543599e-05,0.158667473944621,0.000123902485725193,0.0020899761597065,0.000260458237284769,0.00417329776926797
0.00494632871341195,0.00204562000420274,0.000409463231240453,0.0150673655487008,0.0657848028009544,0.00182369835770472,0.0374489162007844,0.0399354758127776,0.00422824907717014,0.0219289185869879,0.0582373054687846,0.165544131918654,0.0023479169533095,0.000407802037260763,0.00197266612139767,0.016730531698752,0.00433755195340207,0.305386942835815,0.00308940787257972,0.0311085096466799,0.00490052966208039,0.0490659969444533,0.0300022844968076,0.00550339611733835,0.000190392759037956,0.003721751899493,0.00080348495121569,0.114175838680167,0.00113944239828059,0.00178190701706776,0.00047995370475172,0.00545341652873587
0.0080259752221462,0.00756205597952543,0.000171474439462182,0.0557045333637016,0.0358056595295937,0.0319406224031584,0.128390675692279,0.0904798354254414,0.00597517350927925,0.012741454032536,0.0920779355904706,0.133588371871784,0.0535820655916791,0.0010518426086668,0.000883664610145901,0.00123413779190877,0.000163793494354694,0.00463061245255949,0.152800629184415,0.00141997143793769,0.00325451541324657,0.00170285724150549,0.0217605689293058,6.63811361801806e-05,0.00407328996915214,0.00657761296150272,0.00466666541428614,0.129741566501279,0.000690756234075607,0.00108085764680362,0.00469933053828781,0.00345511378333075
0.00271018977526031,0.00119207783054434,0.000933261207688711,0.0226799259094496,0.0223698715213655,0.00286521645618012,0.0235840996909512,0.0398131402293048,0.00813171210051603,0.00665296059283788,0.0204553621931603,0.277416232045558,0.0356410592252737,0.00104430149170843,0.00323795500895109,0.00615988811195155,0.000265432368391124,0.00140861833945484,0.00356202388528586,0.0915257865783901,0.0335045259173472,0.00711326436440544,0.0616903535464037,0.0232442819394549,0.00613329933217375,0.0160441646516891,0.0229322599176758,0.239620284580407,0.00366502266543994,0.00096062864415849,0.0034372242595316,0.0100055756190901
0.00350680847431441,0.00238723895379317,0.000474638610305704,0.0319881084689688,0.0299720827163189,0.00556317551981105,0.00261077721232641,0.0447958951415952,0.00640229803938914,0.0179229240995063,0.0304787495803895,0.13432785818279,0.0301458988721447,0.000108317424432266,0.00163845608712058,0.00706172123884452,0.00011154406352348,0.00132211249086399,0.000557116021890553,0.0128358550670019,0.320129019561417,0.0198792199908992,0.07149631747607,0.0394086642520808,0.0144820297649627,0.0111784013386576,0.0116893250391072,0.107744533565835,0.00560371696268366,0.00305014184112157,0.0147808753987699,0.0163461785430654
0.00128586619211348,0.00248563678224153,0.000425058419832833,0.000451320524959143,0.000194750509007274,0.00714632093143324,0.0196836266650836,0.000846880436245254,0.00152444506612959,0.0192129904440612,0.0794110574697862,0.0410738222485178,0.0210292949788731,0.000517293943588292,0.0078821660271151,0.000119963974678434,0.00085800663855424,0.000125166139193282,0.000450767798065268,0.0432291702051491,0.0271597797966289,0.433104201013006,0.0915990278167169,0.097581103765062,0.0171022895808114,0.0149735580282876,0.0179066184626929,0.0232158981016666,0.000539544580699573,0.00273108818492479,0.00121291862092189,0.0249203666539535
0.00388395897552902,0.00389434710424358,0.00125880707342487,0.0124994051089805,0.00627533595197956,0.0070072911011746,0.0448749165431035,0.00703959703895817,0.0018608962920698,0.0298395207303024,0.134707320610866,0.101451219062801,0.0691892630896526,0.000304437738950886,0.00208237771226673,0.00474402131697452,7.56177446998948e-05,2.75899099682639e-05,0.000541072166455846,0.0497716763800758,0.0118730161714172,0.00159231068818833,0.222887273014892,0.105111579891801,0.0096089725067197,0.0229158481157347,0.0214413821298437,0.0938139380285679,0.000107787112521645,0.00708207901049874,0.0136740065754107,0.00856313510192724
0.00219468384559032,0.00128850203382953,0.000642826340797772,0.0139373011171215,0.0180098518329756,0.00183495412536292,0.00985959637114042,0.0192414489221899,0.00916458542294003,0.003484250493072,0.0150107237472404,0.217992166309985,0.031755264318894,0.00142787445426776,0.00354699077699702,0.00667975592437301,0.000343547500253461,0.00133550156040336,0.00302643827001629,0.0198528208353199,0.0333291616256508,0.0106350903441086,0.0525474026203761,0.285511931610768,0.00546579459243066,0.015280186065635,0.0296047965662183,0.176218137602805,0.00530405834125563,0.000517984659698039,0.000441681925697744,0.00451468984258539
0.00654734381210147,0.00832648376153383,0.00146385987187813,0.0554695843451009,0.000280186927931436,0.0270328375432331,0.013279213407082,0.0491719733865544,0.00827519049570876,0.00981056215663596,0.0711104793538779,0.167886339520125,0.0342733947105583,0.000305187109560526,0.00420191497741407,0.00200025047986485,0.000365418903582204,0.00161233696604918,0.00412389081393128,0.00808528354455728,0.0156348520289474,0.0358582698327526,0.152748657580424,0.00478661661360974,0.13340662296232,0.00100559360036156,0.00411342162335623,0.11516267523763,0.000330875633493051,0.000841454786004642,0.000511537513769828,0.0619776905000495
0.0105068776703819,0.000257423757697936,0.00114631608379541,0.022296218454179,0.0039676575181715,0.000323222603184665,0.00196621511952733,0.0237823738649073,0.00216626772247747,0.000372465094745401,0.0078225456508146,0.261893385187524,0.0243204206831233,7.05014399892389e-05,0.00110572834651019,0.00214460961043441,0.00516027858194034,0.00442257613545929,0.0117144760681975,0.015691436873927,0.0120472758428902,0.00441026470055583,0.0307491674960529,0.0171222008558412,0.00545329917213041,0.271776636826337,0.0295184291673394,0.199422281860172,0.00179662805964608,0.00274802198383915,0.013062276261064,0.0107625213071446
0.00380845228759348,0.000366365061308274,0.00152597304781635,0.0103255568069587,0.00193081250997232,9.73339974247237e-05,0.00282310264833339,0.0088870623297842,0.00652878419477169,0.00239482939784509,0.026481887849198,0.383131652825605,0.0442900068735865,0.000857274460641745,0.000699397248615107,0.00376598844903159,0.00252525565984393,0.00233059676723511,0.00583114958433337,0.00798286782896349,0.0101276518715336,0.00304427055519463,0.0149235926790877,0.0062909772014643,0.00177157563232419,0.00538132750344582,0.128157810839695,0.298710679553888,0.00123139443309016,0.000820465958025625,0.00986078026062826,0.00309512368276092
0.00222441706588702,0.00065322990324565,1.44928965812166e-05,0.072278496765708,0.0129551063150067,0.00129500298405961,0.00450552839410246,0.0428003221440193,8.1132409903033e-05,0.00966484464784792,0.0505959839385215,0.538501600144081,0.0803656086111284,0.00864120800179121,0.0326008263555011,0.000385521158614922,0.000169624664886374,0.00218094681041137,0.00153857105177562,0.00207965233415905,0.0167867357538358,0.00354247910148702,0.0169133459153387,0.0163619501227949,6.92701696570565e-05,0.0101853071424531,0.0135596200565847,0.0512528730042576,0.00514250992556846,0.000629961801482504,0.00140596570379815,0.000617864705510393
0.011148164676396,0.00132462489657321,0.00477922898205254,0.012107553295286,0.0376738904947026,0.0100762995344554,0.0249589517337053,0.00688523022041239,0.00440905705624371,0.013900397914814,0.15026217368514,0.151934298040983,0.0819099896258627,0.00157150621304191,0.00167053604378932,0.00510629172722112,0.00368382085797993,0.0051833185224333,0.00434042843342,0.0108894484062083,0.00701133033810073,0.00221364584438373,0.0207425606174851,0.00227069188898566,0.00581765416265411,0.00502872286163162,0.0286338037238133,0.137965084479399,0.241727699580506,0.000187394119961178,0.00181295486265158,0.0027732471597077
0.0035572109880342,0.00417528906360049,0.000488307688458262,0.0120228755202286,0.0124606526429522,0.00348964311857897,0.011410226462446,0.0192551358422692,0.00511077625162682,0.0399026652354672,0.109048918324512,0.21221141295952,0.0574870172501673,0.0011028136227403,0.00132825623383839,0.00319546881391819,0.0011302570640142,0.00136127678980792,0.0109768405311488,0.00924809985034175,0.0178727432755548,0.00176151040239872,0.0282350287141487,0.00228648520749717,0.00173251901775697,0.0129085558496413,0.00689935755537272,0.1941306806667,0.00466232390763113,0.2010367039876,0.00400840699550462,0.0055025401665225
0.0149127222692413,0.00453162887843086,9.25219034710486e-05,0.0203190002820111,0.0015680263390704,0.00202177945773309,1.4089208869175e-05,0.00994190770436647,0.000497524442520005,0.00765409364651372,0.0954242819902707,0.124291105092133,0.0534878281324618,0.00253243653489238,0.00383448147396345,0.00205649880947006,0.000950810491704183,0.00328922289202349,0.013606046077952,0.00334668922964699,0.0266479191433266,0.0141565228256115,0.0522880215782862,0.0169301814723165,0.0156410790779262,0.0268344848319505,0.0232959566982045,0.13400554109703,0.0053630402078339,0.00236591509206518,0.308258644730729,0.00983999838797523
0.0077648185160116,0.0102779647781732,9.75164894185358e-05,0.01406891217206,0.0210511120804844,0.0144776079857054,0.00815029452726375,0.0111569814491245,0.0162265168939021,0.0120724685311962,0.0451325660436654,0.0585683557491316,0.0169980509641636,2.24350376461271e-05,0.000609452956820516,0.0215675420162164,0.00138507359480186,0.00198446871150429,0.00145146430041029,0.00101017477132832,0.0191377473546031,0.0326096007024212,0.149440041229981,0.00259822080384092,0.0253482637255755,0.000316745056852288,0.000280875788236886,0.0438257883264021,8.96641955056981e-05,0.00177395078035772,0.000798885249209758,0.459706439217986
