0.627209573416059,0.00588088219646861,0.00491175380098134,0.00442595262905801,0.00667121075037946,0.0004432436361442,0.011571030188612,0.0022246588805204,0.0682916567154144,0.000653477819068493,0.000436295950894373,0.00563194601143798,0.00557959096182476,0.0026487266671933,0.00157119419294168,0.0564799120818743,0.000538005954465303,0.0109004297402568,0.00415217343186522,0.0164416528397514,0.0551501092860797,0.00123801529847312,0.0131756819275029,0.0583620592795895,0.00213082318650274,0.000294732947517775,0.00220154719881504,0.0144596321819436,0.00235728086875337,0.00136306978980855,0.00194666394419405,0.0106570162256089
0.0084837689992067,0.640621226202387,0.01644362170631,0.0151284861225402,0.03778759048683,0.0156056158688512,0.0488929732955732,0.0115641713636131,0.00327386607313988,0.00196544926074904,0.0170627129369461,0.0041755840410319,0.00976438258523771,0.00163859537140018,0.00151344238990628,0.037844781691421,0.00890970403394139,0.000622873418905979,0.0038511946036219,0.0254022119809695,0.00579806918364253,0.0101668024020206,0.0183771437053688,0.0359669113141051,0.000425829273534573,0.00372043355195403,0.00161786015677464,0.00140072023847991,0.00657889172127263,0.00246064397695135,0.0025401770263953,0.000394265016918515
0.00123538063989295,0.00650361294385519,0.548266246430419,0.0120074393228119,0.0163374963894211,0.00929687153601516,0.0103390758355487,0.0298317029276075,0.0398948970936975,0.00922715895120571,0.0201599865702015,0.0171126869203394,0.00785062833149635,0.0022156668356876,0.000165928206004386,0.0165846035464343,0.00397271026557307,0.00494800125059403,0.00295687782777369,0.0388067470385006,0.00687668774910884,0.0146731859899425,0.0531438852408483,0.0679653769876866,0.00740573287309323,0.00185379249520177,0.00218303002345631,0.0271976383460459,0.00152666063062358,0.00242098159691871,0.00529183641459598,0.0117474727893984
3.48498910788632e-05,0.00203548291641755,0.00104297964780638,0.711599529539625,0.0110255151491044,0.013798325940282,0.0102118774244826,0.133679868909177,0.000586840901583351,0.0285085129740664,0.00044889145304407,0.0134035900928402,0.00762037662822554,0.00143980437101766,0.00118122393665334,0.00762026934404694,0.000579631729935841,0.00124023913456985,2.82542362744801e-05,0.00568599154596731,0.00697812138435627,0.00773213114972422,0.0144105378681458,0.00426799251877714,0.00342900298773273,0.00190350733119082,0.00139851738454296,0.00358389188899075,0.000632964790964299,0.000363310552796639,0.000560693567937789,0.00296727280864169
0.00505193328852748,0.0218683975026956,0.00282972646448249,0.0510144249343511,0.142822984087954,0.109338585284566,0.0416298989147516,0.150043465320584,0.059875061302547,0.00841896553399034,0.00724392517112437,0.0160304906972257,0.0106507443557916,0.00228740520834108,0.0130139241546366,0.181719755309856,0.00267260161737314,0.00577851147829795,0.000469748187164619,0.0112322494738398,0.00320789116638423,0.0200380113246282,0.0652586676812556,0.0360374444229652,0.0029944573513548,0.000608242867037613,0.000630215741829686,0.00159899408759417,0.00779843049075165,0.000204317278082351,0.0107446984894223,0.00688583081059464
0.000390112205337481,0.0116667980760511,0.00404714710450045,0.0390006989773481,0.0596969363037444,0.629499638013957,0.00656793926480921,0.108687098215566,0.00163095688593455,0.010438494961685,0.00269990564571328,0.00383842613864044,0.00103850499580299,0.00133566773979924,0.00429289884507177,0.0262535270640583,0.00155628954026294,0.000115665553159288,0.00118188930557912,0.00268139123302306,0.00512796045196211,0.00583710956651714,0.0401432477167356,0.00484650798952319,0.00848454910086758,0.00291370986202547,0.00153562065849353,0.00275310036806173,0.00245563966237052,0.0018553978475574,0.00210882620868936,0.00531834449715244
0.00217346877830729,0.0235333162661603,0.00190532506142649,0.00755074942487614,0.068755682368191,0.020838867656696,0.633465732745903,0.00654456354290706,0.0133796077261261,0.0158084634167798,0.00428824715093725,0.00701448805912519,0.000379117735996304,0.00144853492750155,0.00320571071283514,0.0699246677716327,0.00530994611240012,0.000767865048929956,0.000953516277068139,0.0150028925708052,0.00382595100353026,0.00719843391037223,0.0414637772516825,0.0238917054148527,0.00838765861074934,0.00105498061746454,0.00186027263366606,0.0020524481274985,0.0024028907955434,0.0021454123319988,0.00105444382768658,0.00241126212034994
0.000190278574059663,0.00809885082799927,0.00764108456327449,0.328085414353104,0.0457639900359376,0.0474706940268306,0.0346049529380169,0.106836414741104,0.0103271906802023,0.107900120874646,0.00223045251934617,0.0793413985796519,0.0468910055405751,0.00488655005058674,0.00105464653529475,0.0312793248421764,0.000719568479874288,0.00182707926386969,0.000226952615203061,0.00377515978663438,0.0170717358369327,0.0080423793839968,0.0299327360577565,0.0252198147285093,0.00361922801799476,0.00499016552442563,0.00401973381954709,0.0263838902331958,0.000506362456580364,0.00135303358657663,0.00656269569629453,0.00314709482980275
0.00509085761685987,0.00283281667992833,0.00173144704179065,0.0322318895187624,0.0449543970287372,0.0299631918458803,0.00949293378260926,0.0226966642145355,0.427400566502578,0.00257577977582914,0.00247779401202103,0.00432732417314394,0.0088382159003805,0.000651534083751641,0.00154321060634983,0.0396458138224471,0.0030399750930631,0.00327490242536034,0.000684993709580838,0.140540137149659,0.0155157752252362,0.00148092603411707,0.0120120783986923,0.147479256181153,0.00298144898522956,0.0102224818156356,0.00925885256223243,0.00172301518648431,5.41097967486109e-05,0.00163945802530683,0.00428806451840173,0.00935008828749459
0.000378701974160164,0.000129134689943164,0.0014725184187146,0.136187093870464,0.00732375485316859,0.0271151377941971,0.00782553023735397,0.192482326652446,0.00201427504506657,0.350037709989422,0.0041371691819419,0.00312547237055926,0.0106975880181623,0.00125892640911489,0.0199351947788855,0.00116413331558915,0.00103432589977338,0.000287263647130943,0.000224161187384544,0.0570464334615597,0.0179973656940039,0.0280235349223832,0.0652210749138028,0.050563977389875,0.00346163987964936,0.00114302788847647,0.000940600496444133,0.00146041606177319,0.00184436837844395,0.00241404975330067,8.32704524312316e-05,0.00296982237437804
0.00079910974481575,0.000635075812228996,7.93154207621637e-05,0.0469768614184886,0.0343813490419354,0.0141542777856493,0.00424660050342842,0.0880829808889496,4.70246792021879e-05,0.028045591261744,0.530528663075661,0.0214292143890167,0.0167136959387522,0.000227391777754152,0.0236809404799527,0.00333236539301514,5.44158456956624e-05,0.00146615183445527,0.000330079719760484,0.0378452615574147,0.0153764423822872,0.0321038211615385,0.0541259144034697,0.0140606386959459,0.00699354895983513,0.00369432801705841,0.00185489258670948,0.00702541846015658,0.00378822385170154,0.000363085628953657,0.00551542309731013,0.00204189618635113
0.00070100738291846,0.00183737497644416,0.000137799055121409,0.00729283280865696,0.00717576960119626,0.00517953593864541,0.0177677495604768,0.0120432704995546,0.00573073050736813,0.0053663674471582,0.0297368588996189,0.680229654657523,0.00384014240843814,0.00320214978225146,0.0551714403448968,0.00109132363629587,0.000127826583985685,0.00565465012374852,0.000531488442453611,0.0242546001864214,0.0149274455258665,0.00805682895206438,0.045470168563218,0.0299285833115606,0.00252268947993767,0.00167613323440821,0.0037624562209434,0.00448526705046791,0.00126814998891084,0.00600275552444251,0.0143023063427821,0.000524642962224415
0.000859106308169741,0.00347715379855653,0.000247291824316278,0.008333868642821,0.00862485040722334,0.00291178332823164,0.0316736102079116,0.00347831191453659,0.000254152916365864,0.00304326381528096,0.00682038915236632,0.0267591667232156,0.789902141536713,0.00122923761868329,0.045659096811507,0.007113120196667,9.20545360727352e-05,0.00550203339218906,0.000215960900884872,0.00461299164502244,0.00466422889588291,0.00755590512200889,0.0154999260702237,0.00280557042382176,0.00300176207407656,0.00197056428646222,0.00376772730187409,0.00472612485078479,0.000670867016809532,0.000223249258975342,0.0042384747040622,6.601431828315e-05
0.000171028339561042,4.34546536383215e-05,0.000510051993183578,0.0633186867014229,0.00213808269697966,0.0337605473440007,0.0261741056525719,0.119338441951332,0.000958547810386417,0.0300712763256595,0.0230635049828224,0.0202134539165391,0.00445567385562589,0.5653437880612,0.0120700254957604,0.0027216339033663,0.00191923621844224,0.00166832633807228,0.000227252810196079,0.0203248804364746,0.00457924889349651,0.000408631754198076,0.0034165299952452,0.0422283296511849,0.00265647716498968,0.00137270642054192,0.000139400810430143,0.0141246247699776,0.000222710772556685,0.000654976207560825,0.00113292865179274,0.000571435420789967
7.94847025641931e-05,0.00138253597845315,9.40256214207103e-05,0.0138626347031775,0.0864694670163148,0.0136435234516541,0.0473344977105709,0.022663369842551,0.0189696231436362,0.0155219490217665,0.0473249132743425,0.0330761846436278,0.0309574829817146,0.0111423176953443,0.391856128445187,0.0144641375392129,0.000835404306038491,0.000874433843572357,0.00519094120445243,0.00988810244718393,0.0238696152391018,0.0134859503516016,0.00817210142630827,0.00235922049386548,0.0369192077439274,0.0179967656174347,0.00502315675063038,0.118050926164239,0.00201762742227982,0.000197836170033263,0.00367412907096459,0.00260230597682832
0.000114164707886914,0.00188118796396089,0.00127764750078942,0.0594206310350355,0.0151149055296365,0.0259548451593485,0.000166805894172905,0.0776859745429175,0.0024544540338831,0.00719538390956097,0.0023685552280717,0.00468642796750492,0.00580390433571498,0.0012565421742208,0.00319176923253794,0.67432375006849,0.00623035725345578,0.000158856163773645,8.6062360361126e-05,0.00268927029102759,0.0065150108136102,0.015752675102663,0.0448810985843702,0.0021491702251662,0.011831649487009,0.00380348619204279,0.00282077034059418,0.00133695731428186,0.00074868043072483,0.00902127438590433,0.00687392275016603,0.002203809021116
0.00102823241563439,0.00511884141343336,0.0036389935448893,0.0269647728717299,0.0299908316763906,0.00174014772233738,0.0475903764292334,0.0178160455798618,0.0103114884830177,0.0070668694013835,0.00127575895517857,0.00210281905003522,0.0142321961728689,0.00226415178734986,0.00715658119159738,0.0315054220370155,0.73957881616732,0.00410870232224593,0.000223797830803283,0.00101466455530392,0.00529899368372521,0.00516911118239377,0.0108490603992426,0.0104407689913843,0.00346976396206679,0.00104480295077021,0.00232143903101682,0.00105565376984948,0.00147018575006135,0.00133457047832905,0.00230220260731594,0.000513937586214752
0.00257034768891325,0.00865384463389086,0.00220365281210821,0.00949156554575851,0.0634463894655627,0.00476624390408024,0.0410066617804446,0.000795646799287848,0.00173263934719203,0.0117356762019016,0.00505152150308708,0.0060459560726643,0.0176384003772622,0.000890223699492387,0.00427849886072483,0.0350177335679706,0.00330023208030587,0.644973999698382,0.000915796490810878,0.0380015874620537,0.0261349268004357,6.11787475463315e-05,0.0116060277466171,0.0243711668630758,0.00138123795861294,0.0177505402869671,0.000801234744191201,0.0049670058823905,0.000215040155755213,0.000230363931029357,0.00956002840295126,0.000404630488533918
0.00731297942696497,0.000571978875340952,0.00562768372113812,0.0794367861395679,0.00041926592074634,0.0322187303809609,0.0137593464163802,0.100326621143031,0.0729035716570899,0.0254086684776371,0.0124254183843087,0.0234949674126263,0.00134641169512023,0.00245749554423996,0.00443478083926519,0.0240382704798426,0.000541090269598056,0.00143529322153342,0.402911719257041,0.0181621600435869,0.0112239820550429,0.000708155901884216,0.000372105401578425,0.0166932305207836,0.00150841515507534,0.0433532511884463,0.019645736677761,0.0482102540428578,0.00299265056556226,0.00218063870066359,0.00124506017306376,0.0226332803112606
0.0016205130140768,0.000150910756940715,0.00226091307123433,0.0459083505683735,0.0480093016924907,0.00208481569552342,0.0996358188246483,0.0220323833414744,0.0082152887081439,0.020336700344273,0.00143808154381629,0.0538460726857111,0.00026794607426225,0.000522703034679523,0.00162604413851484,0.0298789161763337,0.00160295004284848,0.00302095203610967,0.00433163736257648,0.451637935565843,0.031358717059759,0.00978508803103646,0.0124799153676042,0.0578168881034565,0.00370777246095941,0.0215317929249758,0.0117232190353195,0.040235616610535,0.000571494174662714,0.00305384737680794,0.00754265783898332,0.00176475633802547
0.0046760511461172,0.00151102296399336,0.00303817407254527,0.0422643196724143,0.00634603228429898,0.0183338875147252,0.0076398202227593,0.0579214444293038,0.0279347133879066,0.00423319898485915,0.000932542737233024,0.00523457423312516,4.66701951029802e-05,0.000860807301588688,0.000129520878593798,0.0150161398628677,0.000565757856554489,0.00136736099201801,0.000632190543129381,0.026639874868573,0.571999928100349,0.00869626660648422,0.0861738136400532,0.092335268267124,0.0049551164865027,0.000623152424867527,0.00105968636360482,0.00576359384927567,0.000125308764876171,0.000379236304482099,0.000452883836260102,0.00211164120841129
0.00784941461969525,0.00414388747913574,0.00170822909451806,0.0285448769131747,0.0222836116093524,0.0080139931751764,0.0184358226273647,0.0126603840134546,0.0450576926154777,0.0071594894935572,0.00149165868193076,0.0152069209788157,0.000393710202535013,0.00339253539995964,0.00098219252724851,0.0522250866723713,0.00183498003910662,0.0129850190633484,0.00480687008085233,0.0277234042233293,0.0139102669702594,0.569991814881303,0.0268720284546836,0.0715028842719289,0.00722946194348221,9.89595212769061e-05,0.00969858508736049,0.0143022061526527,0.00207713101409387,7.26984349498383e-06,0.00206820705171388,0.00534140529734643
0.00647493935728975,0.000747019890925407,0.00403222884348927,0.046832521867143,0.0202017679701777,0.0189155696525743,0.0213725756078248,0.0453140775844006,0.0650922792778309,0.00710700774723708,0.00325058667085445,0.0248011864343449,0.000115756742463895,0.00336257447940104,0.00164174086319024,0.0456209743826657,0.00212160608870669,0.00808600835060161,0.00334480423949759,0.0708321483915021,0.0190843731783337,0.000642117190910752,0.402231236214992,0.134951360532179,0.00404773749687103,0.000351382286146124,0.00251566630957296,0.0239300126220131,0.00116197600791098,0.000159593176847018,0.000369613079516278,0.0112875574625859
0.00122132129320866,1.35489037530915e-05,0.00240360155994343,0.0171296234580405,0.0366764454851415,0.00129871458372347,0.0530043396875018,0.009136663361538,0.00809577547428285,0.00645192823643953,0.00200982000719502,0.0349011755113241,0.000155592549967758,7.47295652680771e-06,0.00117135252530622,0.0272608235367634,0.00098114718366943,0.00307638421693961,0.00591561144029953,0.0378764693122877,0.0259582137692327,0.010724471199274,0.0243573644413597,0.640883894986065,0.00723533236404107,0.0016289385373593,0.00634468321457295,0.0252176884445634,0.000264175746164988,0.00253335672253053,0.00490596440988139,0.00115810488110285
0.00264066841085338,0.00532808363978414,0.000273918480172237,0.104656693995819,0.0401393031679068,0.0458265018460219,0.0634196116799559,0.124881903456227,0.0165015706707057,0.00869280045093966,0.00283760309949958,0.00440404748882785,0.0041218949820829,0.00424218732378231,0.00153185635033463,0.0437416586724794,0.00253700635591716,0.00241680566437281,0.000850911102506825,0.0213298086308263,3.80635449395726e-05,0.00420513017716093,0.00342999346971983,0.00965941310955106,0.43793337100707,0.0189373968458399,0.00418933674363353,0.00450909516503909,0.00179967264389699,0.00415536616566096,0.00703897789568388,0.00372934776278956
0.00167679074374838,0.000460223951715009,0.00149670963492722,0.00982982439853563,0.0356074373321674,0.000531909509692393,0.0552606028722257,0.001356927845555,0.00434611840544816,0.0248599777263532,0.00205033966478597,0.0171336328559169,0.00366961301946911,0.00139963431214433,0.000721402856448809,0.0214540978101393,0.00101826416168562,0.00362251176823994,0.000958014433440063,0.0314936207140788,0.0553616144914133,0.0191331657646856,0.0748471831784177,0.0540314356520581,1.53105213619709e-05,0.496609580453744,0.0291167470986556,0.0250813047844905,0.000374107908482449,0.00500890036863313,0.0196652065475644,0.0018077892137762
0.00128731295885944,0.000583493382232171,0.00055083801089566,0.000349837364699059,0.0159457162147289,0.00231196922980988,0.017379297403156,0.00293838766972927,0.00436753314872436,0.00745742672906418,1.64688075893333e-05,0.00208553453948818,0.00680314223678398,0.000472630751796433,0.00373340709827685,0.0198993293867473,9.75757518802658e-05,0.00223770277713233,0.00286200067874618,0.0120369874952925,0.0400546962844955,0.0137003663927918,0.0567166488571423,0.0469538768861013,0.000210064871291966,0.0185398376303083,0.688095229860698,0.00453523548333078,6.37057539912136e-05,0.00265535855953106,0.0247340761227984,0.000324311661887251
0.000512797586016751,0.00277858197513468,2.09891720306704e-05,0.0272436464983675,0.0611760842468593,0.00635053532069641,0.0201111527924224,0.0352619173926188,0.0404288916621176,0.00694280146477746,0.0218951079695427,0.00202002439325058,0.00234965053884095,0.000855789623021511,0.0355318087706506,0.00894259762278838,7.8520131156527e-05,0.00286970215646527,0.00115053998351303,0.0211838104143162,0.00259990312077417,0.00175975191672449,0.0438814231652002,0.0228523772801561,0.00113495400040987,0.000756167282725295,0.000164602831000435,0.607582883366659,0.00144848118204111,0.00969446125450067,0.00805754976485113,0.00236249512037039
0.000949899536508181,0.000110350898079314,0.00199347693840909,0.0211951364915925,0.0116942306768453,0.00337653424399977,0.0113148489655014,0.0113489279359725,0.0228922780629931,0.026828146247331,0.0116486757789966,0.0294170878802152,0.0168979759474571,0.00186560418098906,0.00548930716333357,0.00682037648025775,6.28984894015158e-05,0.00214245736166557,0.000949234687309904,0.00967604856686518,0.011279317432379,0.00749152507569471,0.00674376020310625,0.0183634808432126,0.0107210496118371,0.0153981543873929,0.00562045363731192,0.0120425458642039,0.701366059558301,0.00492304357259181,0.00243703097032634,0.00694008230991841
0.00134967810928077,0.00235641775739916,0.000656520949935014,0.00730157951972242,0.00474478200790801,0.00923782816793474,0.0126484858380504,0.0295688693305046,0.00206990504116779,0.00539680771525445,0.00425585295976846,0.00938028503477911,0.000447304089632862,0.00206076369093917,4.93380231915834e-05,0.00369004946383252,0.000407719091551276,0.00468925253956646,0.0012853615810898,0.161443336420607,0.0267226606681672,0.0117961690935517,0.0239134845152972,0.167542720854017,0.000986025790060424,0.00971992715347481,0.00585746720165025,0.0133486753219077,0.00101927989425547,0.470311296675073,0.00551186363294221,0.000230291867487021
0.00186826325798109,0.00231332978429692,1.64295993452675e-05,0.0283133590387468,0.00136831277258479,0.00887024996818462,0.00096934637613584,0.0193517227358882,0.030028657824538,0.00550024577644044,0.00755276574684045,0.00539282942417383,0.00112499532133733,0.00335362334936398,0.00998055829483403,0.0139818087252181,0.000809983595706881,0.0115298446242018,0.000468261224788705,0.0499153975106866,0.0111878909628317,0.00928673013378233,0.0300488124910765,0.030484827585514,0.00312984514701082,0.0397217848672656,0.00500071178799963,0.0155038325621525,0.00319832726251718,0.00271520435249544,0.643024737664141,0.00398731023191948
0.00372819922995852,0.00518956647386896,0.000726366718017469,0.0510487575539865,0.0404323968190596,0.0257444540345904,0.0477031360173007,0.0497052145034143,0.00597372208975563,0.0120901707654689,0.00345094325350968,0.00470907314425903,0.00335552043349707,0.00195000110542224,3.73006525724762e-05,0.0328268261713784,0.000437992586080938,0.00594007619342321,0.00115271817933638,0.109688362366264,0.000539030902794887,0.0118212064589214,0.00840667905172141,0.0761064475739485,0.00710272786157688,0.0228892082996546,0.00521460641188752,0.00695303931609657,0.00074675531303092,0.000742723922871277,0.00144654109324451,0.452140235503087
