0.728755780904858,0.00883397260512067,0.00331049124967957,0.00129026483968525,0.00528861667401067,0.0020657875891362,0.00914661015955216,0.00321665964433668,0.0337266397271829,0.0108360771265085,4.63885760862853e-05,0.0341325904230676,0.0194991579237425,0.000274213589338731,0.0277268537740085,0.00632150862676051,0.00682286355194758,0.000163224913581994,0.00252058165752639,0.0272825427415247,4.7998395094137e-05,0.000682715833160851,0.0029036617349831,0.0209808807434213,0.000717563728899183,0.00561161424144508,0.00133740857309909,0.0255622841955282,0.000810708811691812,0.000116889617133885,0.0037757476724359,0.00619170015545236
0.00635104325699551,0.573500928050413,0.00518109763637618,0.0609627094419378,0.0368138800689306,0.00421837463887404,0.0220342800380029,0.0701887377450075,0.000227813788729971,0.00229194616433432,0.00346919841594484,0.0410291538137212,0.00997041510343694,0.00139132747950745,0.000694369896900008,0.0267597447558867,0.00167376294285032,0.00793819540617749,0.00109204681294292,0.0200887763943592,0.0217094939638901,0.0128459500780608,0.00195843084477402,0.015821114620925,0.0122747622175003,0.000603559203841048,0.00409127369113121,0.00373255964316116,0.0137953937896655,0.000286367921816912,0.00402613645992695,0.0129771557139787
0.00273203573894309,0.000352499207513492,0.546727876420542,0.000664457153987214,0.00172304206637997,0.00854391055671029,0.000593003429768945,0.00249363920695269,0.00834770305802489,0.00459767375794537,0.0064449016756069,0.0562647220879008,0.00897088202096703,0.000147896496525575,0.0278169155942502,0.000861234587915665,0.00100448027479313,0.00715328192049623,0.000831274519805453,0.0974968200549486,0.00208424459333139,0.0117378760354924,0.0245780556371108,0.0660048063222009,0.0133564831310036,0.0363228341643009,0.0125112694124831,0.029033209801979,0.0019541848316791,0.00429917926782748,0.0123973890359684,0.00195221793664557
0.0043292513989477,0.00256465435622432,0.000344199189689918,0.506359004567337,0.0242083183120227,0.00553288888942059,0.0192371363563586,0.0125747548958365,0.0580758688032078,0.00137151964630706,0.002849224119649,0.10744303261511,0.000343018719353677,0.000283849797111971,0.0187510412541267,0.0194659021969992,0.00388528750630875,0.000768275526811724,0.000158083784635978,0.0452098591355545,0.00567219294252939,0.0131317197449158,0.0407259083664656,0.0295356960299197,0.0245413835391342,0.00865106769229193,0.00090948491786632,0.0349401561729276,0.00563894638670149,0.00107483391165244,0.00141460084142649,8.83838315582687e-06
0.00283314653914279,0.000365594703866956,0.000240883339463535,0.0961854750507945,0.441635581419693,0.0193878313522629,0.0196302976344569,0.179454503979497,0.00393301853760593,0.0222344896566689,0.00547866392960536,0.000519859574361782,0.00240312800397601,0.000159973430435014,0.00736119822898889,0.0141018280508259,0.00203360559895301,0.00248883499913598,0.000230061280108829,0.0489094768122176,0.00400724897122944,0.00250851823196804,0.0182525750963331,0.0687121640210478,0.0162933952683077,0.00257990513758965,0.000999716463382657,0.0150195564927664,0.000856580093870021,9.39380278742388e-05,0.000155540825835649,0.000933409247734478
0.00222211085838385,0.0031312464180176,0.00715719127119056,0.0367498318119488,0.00342403528775412,0.553567650132774,0.000474337879096362,0.00423286101920853,0.00314865172278556,0.00536015074394777,0.00918557531559779,0.146572560416238,0.000579802989047906,0.00056507186745069,0.00405165939402668,0.00191770245705135,0.000279419676484159,0.000779841648364589,0.000206461523755544,0.0187429611321438,0.00423192853685892,0.0122112020354166,0.00872483362430986,0.0310663085001023,0.0107583984036406,0.00938402160319542,0.000573020962943199,0.100503183301624,0.0147045587233083,4.76740521115105e-05,0.00420572428890718,0.00124002240231411
0.0114087866721027,0.014409778885576,4.83585192060908e-06,0.0323203292387793,0.0588682842030562,0.00845774719826027,0.547122577083112,0.0335923679961851,0.0202059772510607,0.0154646860432639,0.00117458524370127,0.0135877818237979,0.00409889367553287,0.00166358690366796,0.0154071689804544,0.0494821821140896,0.000492067172994737,0.00158301326870051,0.000683171215837366,0.0391631744649145,0.00726907414393493,0.00883218161273447,0.0048009018938989,0.0752764067106315,0.0106981776263936,0.00673015547895611,0.000976647254935267,0.00420504348688296,0.00617963754780152,0.000129202134769465,0.00363938258301754,0.00207219423903603
0.00519067702523483,0.00214507917692835,6.4230793739131e-05,0.0148134140770896,0.00688092570084731,0.00590877686585529,0.00710819507643257,0.603799597105088,0.0224284403501329,0.000584743575147669,0.00261227365416283,0.120973375998578,0.0026840288970635,0.000280921089337093,0.0237968093064741,0.0127541536730511,0.00245578307693157,0.000535566096132211,6.79859056968008e-05,0.0319816467721855,0.00548229511432519,0.0074319166496209,0.0307213872209016,0.0230040632577844,0.0156234619356191,0.00502770115224822,0.00140407841567595,0.0367178244904473,0.00511255667140275,0.00115050042997042,0.00110086939586388,0.000156721050031803
0.0037904573175014,0.0113525817671557,0.000141628006311686,0.0408531172834579,0.0063262898416568,0.00435235966184396,0.0131529779109808,0.0589771428445114,0.556621869672152,0.00262506147792926,0.00111360439461624,0.0800809562455214,0.00415249352489169,5.23008594991506e-07,0.00165402784235737,0.0139715184237565,0.00382712564438804,0.0050977165138293,0.000997520581666867,0.0384510294337846,0.00470156983214398,0.00966044964267657,0.00212485859860857,0.0646995674676769,0.00152525991933011,0.0053826062819503,0.00833964265542892,0.0288917477034168,0.0120270718487856,4.46993308253868e-05,0.0112228480859191,0.00383967723632956
0.00144845554453669,0.00388456940411691,0.000317213819910173,0.0118027054023386,0.0143726546380966,0.00125894987161492,0.0134738465963868,0.018157592216451,0.0868780440793878,0.495728363815067,0.00323829837621087,0.0733403691066658,0.00202190998867315,0.000193054572665424,0.00393578746336968,0.0708994594807908,0.00232525874821486,0.00259183738413172,9.74058602440455e-05,0.0552505325533575,0.00169924229896997,0.00731901280282993,0.0221812001002694,0.0579460898855552,0.00651822676496664,0.000361656271673981,0.000482473737289022,0.032078466648475,0.00237013104057741,0.000985587874058105,0.000120754846588224,0.0067208488065174
0.000860747188784277,0.00106631542863542,0.00231954806296097,0.0180724708289799,0.00380361926652401,0.000309062260649948,0.00127464480872463,0.0159248871593127,0.0681680008282114,0.00889195559331553,0.679416144399956,0.0693781126168288,0.000230364974124598,0.0019636081823821,0.0136924349804677,0.0279668812971306,0.00399257934341997,0.00205872943522468,0.000181902418969333,0.0257369948569683,0.0014796863715125,0.000699543910318501,0.0124711873492392,0.0143164639735167,1.63492474143954e-05,0.00114083696394524,0.000256831993993963,0.0226489738843316,4.69650317670731e-06,0.000460144009771894,0.000645285223132674,0.000550996638075824
0.00354227174705862,0.000345470550435645,0.00134357562462724,0.000370562415341219,0.0138722706247058,0.000463348550638308,0.00498305260642861,0.000886341706749117,0.00729238161556723,0.00560943508311539,0.011909356425772,0.752094917885492,0.00368795089852424,0.00306927315054739,0.00791977146010695,0.00188183740258137,0.0021207540583921,0.000513180687276256,0.000470122866897444,0.0282189686249123,0.00558966917624848,0.000973616787241422,0.0181823211444585,0.0378775152741155,0.0156930976141393,0.00454334627726459,0.00142237247398695,0.0543375863646819,0.000947355215476018,0.000113420166174766,0.00382975191265511,0.00589510360838769
0.000761418112427696,0.000338364974265862,0.000885948240904146,0.0016236426691294,0.0332265488886486,0.000416014975596466,0.0186388399974925,0.0140609481030742,0.0348007319322471,0.00391937651799715,0.0156329165916488,0.0119755204775335,0.781291666260902,3.55941846559723e-05,0.0307833576986688,0.000768370408006228,0.00136028232492961,0.000391388767953431,0.000218480045368322,0.000424323086101915,0.00549837073657556,0.000620538085071292,0.00346612504352664,0.000536332962591819,0.00526087570191919,0.00289998752462396,0.00551168919933888,0.00326974441558163,0.0109084968794051,0.00159980870427926,0.00050652336061319,0.0083677731289223
0.000228730962101908,0.00109415773959642,0.00013350497310749,0.0118459539543007,0.0360140786731981,0.000973255108529945,0.0321663012005603,0.0136708615759351,0.00146405008896905,0.00904542457450957,0.00258539339658927,0.000840559376416745,0.00491411774550179,0.467702216789805,0.0147450836537896,0.0227712695976,0.00117153597137922,0.00116218303527804,0.00052988707180115,0.172030160052176,0.0121256528357766,0.00571145076340922,0.00544934148610297,0.160385547411437,0.00395992280147917,0.000946205095749131,0.00462706943227337,0.0101171029106951,0.000690071396471536,0.000185052944570226,1.1891742657952e-05,0.000701965638233339
0.00272342847177622,0.000483382833574155,0.00357752324713343,0.00847128627388068,0.0385091428775482,0.000775940674404353,0.0156715002314099,0.00945715427349663,0.084596382686184,0.00678390324657887,0.00299798041301446,0.0640785106264109,0.0364922349214868,0.00171847685349602,0.484986564428327,0.0335247999554651,0.0016046121642555,0.00396942781631103,0.000872254648935035,0.0376141596944395,0.0070059000983306,0.00349634563865213,0.0151727615879831,0.0144745208821136,0.00335005436054216,0.00937110636317437,0.0141781247644773,0.0749673827838869,0.00107486906585666,0.00467480221194905,0.00862258028697062,0.00470288561793596
0.00788815319841482,0.0132598801122012,5.09810140509996e-05,0.0427912554631645,0.00929028454416603,0.00486967187262352,0.00342960504305594,0.0801182115587608,0.0320057286533869,0.00303245091209147,0.00582118672668271,0.0628770236933445,0.00640730718818429,0.000239749055572056,0.00588760727893748,0.487604784843353,0.00340590320978316,0.00125136318823443,0.000397605184616309,0.0571596065050531,0.0094014518862845,0.0124943708650681,0.0087301095418162,0.0827982159092673,0.00437177189851645,0.00368541309339201,0.00819510512959928,0.0173157071744439,0.0136949577795361,9.37858582964062e-05,0.00780576296128481,0.00362498865681802
0.00749091450932942,0.00518132760771542,0.00101583371653582,0.0118183660564358,0.0780251371741967,0.000277261366740482,0.0809503091036954,0.00308009457442701,0.0106490970764907,0.0105168890928883,0.000719949761128815,0.0543710599910916,0.0184991790697332,0.000199112760116854,0.0083317074128079,0.0432733821084025,0.488707278003021,0.00722713771532483,0.00116798960457979,0.0114837745333326,0.00693621703122025,0.00208818334478875,0.000432817696566161,0.0142339390258666,0.0247495230104339,0.000649921094659322,0.00895083573932167,0.0945291057644125,0.00193200773382566,7.50081561311354e-05,0.000819804730724156,0.00161683543405599
0.00524585465152337,0.00292391188647022,0.00352988901403286,0.0129376562870048,0.0358526544004289,0.0049184288718472,0.0469758010129012,0.00248281263415749,0.00600693562839423,0.00302174633392654,0.00390202121762828,0.0353913227977344,0.00780229236969818,0.00105304357915047,0.00525229073612803,0.0188211972610924,0.0051976261687708,0.608127173776105,0.00640569962464699,0.048199712790748,0.00384331268639427,0.00302844938604598,0.000991155415630456,0.0150517488546823,0.00259278954801766,0.0221128809225873,0.0147084478686431,0.0555951787764753,0.000409141062950241,0.00382506132415501,0.010179545393277,0.00361421771875194
0.00270683726143056,0.00466345545194676,0.00193053917519123,0.0336675278416879,0.0249349051143824,0.00276353994859185,0.0147476932719821,0.0412909041374941,0.0076951487981911,0.000297040619219619,0.0072960899492656,0.0221103820850288,0.0121102340751681,0.000419733584686909,0.00274663732971867,0.0417887319458983,0.00346484546629252,0.00321867977093835,0.592712475218359,0.0453039347553625,0.00728695084101258,0.00250525841192174,0.00958021888250729,0.0656679515600666,0.00591952016783877,0.0223326005559644,0.00801644241947748,0.0053968125426965,0.00251380665876409,0.000809195888325821,0.00161567288962552,0.00248623338096298
0.00107589126142698,1.43233693668778e-05,0.0015674227491943,0.00598154166745216,0.0606263415989351,0.00171481889078316,0.0429816057111293,0.0166746773080456,0.013196780530916,0.00262009373958238,0.00438728832865611,0.00843300975884807,0.00482834389048653,0.000327832777372107,0.0028142557055715,0.0875561792872605,0.00208290070129341,0.00205265851992836,0.000123122897993008,0.218428539843234,0.00382402956751601,0.000266837688216612,0.0357525577378624,0.355236262518669,0.0223930307000616,0.0436217293331092,0.00582914892279117,0.0456501822523473,0.000414002742881391,0.000632069865850511,0.00632709538603481,0.00256542474718469
0.000269705585239838,9.27328733290029e-05,0.00036512619457784,0.00593736207754314,0.0514097803299211,0.00229107718397473,0.0262908963036228,0.00783090124641236,0.00135918133723781,0.000827130435347579,0.00180593889231087,0.0208327869559884,0.00950116170970739,5.96213279360904e-05,0.00068461123873279,0.0288154920458248,0.00150548402508916,0.00184236657300132,0.000184019188137111,0.0907184340261705,0.516267012815204,0.0038264373938881,0.0241165722142425,0.109647792990098,0.0114065638860324,0.0016238375498857,0.010800397991281,0.0611580718560168,0.00012010150239074,0.00247622019487882,0.000642866288887506,0.00529031576708965
1.95196382460183e-05,0.00578982074383217,0.000167068262068296,0.00284933612753045,0.0125350979685721,0.00105183796587622,0.0246971924049358,0.00103980194571542,0.0476635005342201,0.00423971099117953,0.00318782913013466,0.0477959831511715,0.00110366448975516,0.00105721083253314,0.00211741814313904,0.085192705937205,0.0037778655964718,0.0038204589149623,0.000980324988099522,0.16361708760902,0.00099129545777331,0.380286218230917,0.00987671765396122,0.0840535967070157,0.0147049184903162,0.046643998926455,0.000484618312726123,0.0257238321063379,0.00848856608095518,0.0001210051130662,0.00435663688555567,0.0115651606602529
0.00040128217209022,0.005023809052982,0.00131408262826859,0.00336130820170062,0.000691116774705397,0.00074884735899986,0.0039066501137233,1.90454059123944e-05,0.022114265472891,0.00256860599739087,0.0101043574734956,0.0729094986282583,0.003515281669732,3.45889738239334e-05,0.00246811142449899,0.0183557571391968,0.00200737116764553,0.00154111456595092,0.00062304001519565,0.0882163306964683,0.0037555725373728,0.0342983166192012,0.569303040589333,0.0474380780423965,0.00279465400601339,0.0336990304493969,0.00195218943593332,0.0347629240223022,0.0103199570902762,0.000184991743276698,0.00690826403741737,0.01465851649415
2.04036203779557e-05,0.000271186318950531,0.000593617195626015,0.00190280989627317,0.0336881406193944,0.00129138923729099,0.0224991200480472,0.00566251348465329,0.00769236447233031,0.00113594110942695,0.00135046419947497,0.0117941263266575,0.00361164140189017,5.65203321743512e-05,0.000465026529939009,0.0307366978149863,0.000912839973675586,0.000921233362026767,0.000322063457287545,0.143399924595427,0.00110863593986855,2.7139900023647e-05,0.0144667404047865,0.65396025850635,0.0112573236066117,0.0103057562410468,0.00221024838898577,0.0349645920123269,1.38365080783537e-05,0.000573448664882568,0.00258220612892954,0.000201789702199659
0.00654061258273655,0.00855850246232942,0.00225287211763644,0.0800489853618497,0.00610049805668384,0.0103305388929969,0.0466758309365729,0.053083782885084,0.0386238536767603,0.011608824142797,0.00773089940394252,0.0808776819353578,0.00538152429123755,7.22420671661134e-06,0.00925336612697559,0.0456600975803483,0.000550229265459793,0.00112787353267238,0.000468143573002604,0.000237625437069895,0.00753065496829912,0.00815257305124527,0.0182598207452698,0.0205482852269188,0.460724202838583,0.00105300861997014,0.000928043026946561,0.0465928205438363,0.00786580040728605,0.00100942722481053,0.011486834585154,0.000729562293451003
0.00106888111765521,0.000629755607974028,0.00141667684348689,0.0266462693032088,0.0264319802876496,0.000571295787181072,0.00687362260975181,0.0360267888240671,0.0349801698221844,0.00128413968816593,0.0146974360444669,0.0911939917914639,0.00194790767030318,0.000725407285059265,0.00880557972385013,0.0552086906042366,0.00163752665372603,0.00112265819693782,0.000297319189344382,0.137868651294489,0.000872629147263976,0.0118340858180027,0.0277065084999839,0.091608617554138,0.0195597266790044,0.346116239300689,0.00048950776916091,0.0340495767095886,0.00268474472816858,0.000871490134862708,0.0128033318238875,0.00196879349004742
0.00312852256616177,0.00175179263962003,0.000394204545754889,0.0174762224476814,0.0419954465714987,0.00509649446015959,0.024947595302782,0.0443571374008153,0.0427100785322216,0.00834565400826036,0.00025825810024465,0.00106875227108668,0.00778002723121023,0.000260495499985213,0.000259923458280781,0.0407590759907737,0.000371741078592555,0.00230335333530494,0.00141301669859964,0.0907759997281117,0.00960211042806217,0.0101528563966705,0.039008230137502,0.104019101582493,0.00580680477005781,0.000858514581031189,0.472237566022923,0.0145952920978997,0.000356861403326762,7.78824365935436e-05,0.00473548214165555,0.00309550613463977
0.0065046812514942,2.06871162463148e-05,0.00158419064483198,0.00133117898057423,0.0118413160360799,0.00227309679216709,0.000981327710705796,0.00449560233154864,0.0588288366931759,0.00687653223469244,0.00656248791172384,0.0122510851003493,0.0133169386612121,0.00343741623227173,0.0137558104177803,0.00828995314418336,0.0111312147998145,0.000926351646501172,0.00101134945598012,0.0490073730445303,0.00472300000920287,0.00122528849261007,0.0302845213632154,0.0636549865953249,0.0334137356916359,0.0283473471646259,0.00619116440159555,0.592464360909132,0.0061991627961207,0.00166385011830977,0.00662777648505358,0.0107773757673103
0.000722124806455998,0.00431594373770192,0.000526206885509002,0.0108003624844764,0.0286740621528316,0.000807333072972521,0.0261590519876899,0.0110023735283655,0.00797775032312642,0.000825214994236422,0.00260546022448663,0.0433425103483452,0.00402243360396577,0.00174643137026155,0.00370796307463054,0.0280712513388821,0.00386580339166588,2.04636351925877e-05,1.07102879141818e-05,0.0199812514408614,0.00163702715324813,0.00688723043594224,0.000449280993435074,0.00845099836005707,0.00273001127348173,0.027025615552261,0.0465936472698405,0.114132035930538,0.569377933748728,0.00732829969358519,0.0160493825405616,0.000153834358749495
0.000313374707952996,0.000335413570370509,0.000209176751285122,0.0140209782252833,0.0151239745913989,0.000119487892839035,0.00365582834197479,0.0133733536085971,0.00367549424388944,0.00917779031959775,0.00635415337805631,0.00289681546438789,0.00250422642794686,0.000117470821326922,0.00288226378821455,0.00429296438515457,0.000919043032368754,2.94559550405312e-05,0.000625867038071207,0.184386876607372,0.00227394396721057,0.00735730186944434,0.0240583876576594,0.145242877324361,0.0128319364961389,0.00037465414448851,0.0102717588847116,0.0214867556033288,0.00157828491603195,0.50234233560433,0.00714843603472379,1.93183464421792e-05
0.00233684839589875,0.000470038780604757,0.000299558396551651,0.0032552944720972,0.0378666858430817,0.00416630683607938,0.0199470833142922,0.0103202487000929,0.0337474270092168,0.00191029741744193,0.014828454424683,0.0748972904388039,0.00463290881956242,1.20177998436808e-05,0.00412927157797698,0.00852463698177162,0.000179132131926167,0.0024568169291899,0.00137564037544324,0.0536641411682039,0.0188416848591364,0.0157214636204266,0.0108251757231558,0.0558098472672326,0.00362826967640089,0.0242251045381476,0.00395018829218316,0.118007357677729,0.000323022204259155,0.00244154360590758,0.459502422870566,0.00770381985209303
0.000512779992260536,0.00742333632890948,0.000702904099759267,0.0140868126644056,0.00330465736972622,0.000711487236321901,0.0186770400927741,0.01115216391263,0.0194999525600617,0.000656624070624571,0.0042159824164984,0.0381504850899773,0.00363114990097535,0.00011168186967271,0.00145531360912693,0.0341576675569479,0.0034245279395704,0.00313917003843996,0.00185699358713444,0.0018328443663703,0.00207528820449529,0.0135167995357731,0.0028865511588379,0.00992886198589344,0.0116286451298546,0.00303855983449617,0.000121910056280437,0.0156288876273945,0.00654154901963797,0.00033253585845736,0.00315256068882474,0.762444276197867
