-0.03851915856744614,-0.010774327067535096,-0.0044938436538428,0.007416927210730201,-0.005378248027882698,0.005290315894033101,0.0266844485088724,-0.0026937901685382005,-0.0038421363205908,-0.0020538290848112,-0.0023772920031906,-0.0061051806060155,-0.0006850426426738996,0.0014169441711032,0.0012392266691851005,0.0024044795246109998,-0.009297797319285702,-0.006168660414094099,-0.0043231107574283,0.0009571295243557994,0.0144953612904745,-2.5868257950999174e-05,0.016081327736436495,0.019137909858967198,-0.0037527465123372,0.010503111368623601,0.0041443520625930996,-0.0027833261336069996,-0.00017806889642650071,-0.0016456191477524002,0.0005343622828231998,-0.005207850521399599
0.0104090547826325,0.0670964043374816,0.0026584700541143996,-0.0033467288472543,0.007105338011022602,0.021000449161263403,-0.004771435440808401,-0.0044686148576945015,-0.0418112068460736,-0.0032048934300341995,0.013473977394847396,0.0002692500424800008,-0.00026537507026270016,-0.00033644801261410013,0.0023115858058901,-0.0022622639359082004,-0.0005053740203952999,-0.00027189012703479967,-0.0002689665190478,-0.0022563954000647986,-0.0050789809769404,-0.011377207703150299,-0.0317915003259593,-0.012999354849842503,-0.003801533644081501,0.004850652322052999,0.0011360962393699003,-0.0007764489582335991,-8.123629432139987e-05,-0.0022762665647608994,-0.0009700714133958998,0.002610915086723401
-0.0030849616139044,0.0004713457287450996,-0.027041888308503848,-0.0028387113714316986,-0.0114619853564299,-0.0007026649296125002,0.0031682891499473995,-0.011295098131821602,0.0021765708158062993,0.0045159934149301,0.025379913934885402,-0.0045062537129256005,0.008436302541228898,0.00016287971062069998,0.0029004616958352002,0.003241381352976299,0.0014666463683245,-0.0007177980012998998,-0.0035481292144723003,0.0067697785281799,0.0128626599364589,-0.0002544057385190004,0.0045321466364388,-0.0021554197239779006,-0.007497723312751701,-0.0032219220759021,0.0028298118346155,0.004634983018943498,-0.0007352041167527999,0.0004649602916178999,0.0013496068491539,-0.0063015662004026005
0.00038713797408959985,0.0013515754177200997,0.0029434453763829,-0.0881474961616307,0.0421106873570321,-0.001709055967404399,0.0224787125512894,0.019536571086883503,-0.007262806118628099,0.004959658330198596,-0.01008322675683769,0.001414761546883199,-0.005877336360150899,0.0011229183873993,-0.002560815269503299,-0.0041955121389158,-0.0007152725941294998,0.00010160881537249998,-0.0001158310098365999,0.005324855514968002,-0.0019292052316890011,0.0006380494084559998,-0.0049080774182533975,0.030321289087984503,-0.0008154228016491001,-0.0022207755631983,-0.0011865588076838997,-0.0011799380926156983,0.0065598112391059,-0.0014446358223142001,-0.0004060021233564001,-0.0044931138559691
-0.0014392244749321,0.0005526931196461003,-0.0021895804551024,0.011103308016551301,0.0027273989907404816,0.014935519805470907,0.0123086948668122,-0.017136600044557804,-0.0040504939171495,0.018306907261901997,0.0015969448323081004,0.006133572832364698,0.0009693287463933007,-0.00037730663943919994,-0.0045644426619310995,-0.004446423745359401,-0.0027235031221697,-0.0013047894840066,-0.0003284022047562998,-0.0039019066130109997,-0.004398031879158201,-0.0031865217351334,-0.0143313385542616,0.0037675238056783036,0.003031165160321701,0.0027830975832849013,-0.0020621763339099004,-0.0009069593468982,0.0006139993430488017,-0.0021884707972121,-0.0045813829356022,-0.004712599419931901
0.0038898589397817008,-0.006707248082720701,0.0020787623771443007,0.007674710792550207,0.007464444440672902,-0.010121575507205494,-0.0059053964298787995,-0.008341900886093996,-0.0105472949530866,-0.005134302460456597,-0.001625434290113803,-0.0020106457196677995,0.0016491746983627,-0.00010730657724250005,0.0008753921360250003,0.0005847666293222996,0.0011016114176915998,2.8679851058800027e-05,0.00013005472769840002,-0.0014857822164883999,0.0074229972899051005,-0.0031368199842144,0.0057222937108905025,0.012742940677801398,-0.0036704549272397998,0.002422394603707901,-0.0012956220476764996,0.0054654013617257,0.0026948177492128007,0.0004622358003372,-0.0017659386835531,-0.0005548144382498
0.004155232333221201,0.0027079567074823,0.0011793572559554,0.0058353892572001985,0.019538300266115898,0.040577177681272704,-0.04990282171761179,-0.00024709881038260245,-0.008561544307241702,-0.008177038809109305,-0.019798510180921002,0.0034444700116646014,-7.52058221758006e-05,0.00031723772699109986,0.0029727294667978004,0.0145155741009644,0.0017624443902836996,-0.0008227395917406004,-0.00010561622354599985,-0.015275751740231599,0.0021532613735854994,-0.0037778881269882004,-0.006870149501830399,-0.0019379229362666006,0.0029437156351239,0.0027712456774428,-0.0009905177155983998,0.004823638857702801,-0.0007268480182146004,-0.00017197959742260016,-0.0012824037903661,0.0090263061478431
-0.0008691692028307001,-0.0012466008171060005,-0.0036264226884623997,4.091978304980072e-05,0.029843531327988393,-0.0091442284247379,0.03229123976057119,-0.1253443776186665,-0.0040921951040575,0.023301900768972098,0.030614243299523804,0.0222597865973102,0.0041956014618816,-0.0004148485862305001,-0.0060599330127029,-0.0007073600413713002,-0.0012547546160929998,-0.00034886035634480034,-3.2524017412199967e-05,0.004399133197212801,0.005635046026933998,-0.0039765373420208,-0.0092860584898336,0.0108597764249031,-0.0020192203774828995,0.0030251208660563005,-0.0012007278545157988,0.0037004821506861005,0.0080299124907321,-0.0025586440549100003,-0.0024328701000321997,-0.0035813614510104997
-0.0032376567787905,-0.0013517171354114,-0.00031338624639819994,0.0013116885828943006,0.047819611034855006,0.0011289633464210001,0.0435425927012458,0.0104039257600359,-0.1284420215288381,0.012170967698149297,0.0024267881272971997,-0.0011131456203606997,0.0005464474016116001,0.000674211031313,0.0037785636767634,0.0272560690949947,-0.006134251417041401,-0.003469370639575399,-0.00012275379143180006,-0.017476448406575897,0.006967603360387896,-0.0038394209614289014,0.0010193810926169,-0.0037667627900683023,-7.543504128609997e-05,-0.0015150485165873993,-0.0006588415408550997,0.0019468333314191007,0.00022204297504030066,-9.765264762700014e-05,-0.0021816408370899003,0.012579864684320902
0.0002996090457456999,-0.0020864986535929003,0.0004958908050293996,0.0098099695172674,0.0135982768301697,0.0025318587082675,-0.013500752774579898,0.018525918619828302,-0.0020882452338136003,-0.03634051676308814,-0.0273850572587771,0.015597450043942699,-0.003647954261275,-0.00016607961585869994,-0.0020829815365088996,0.0017437504879115,-0.0013410878412828,-2.4505205965600014e-05,-0.0005482453799290001,0.0019242954711882025,0.00013297556363629955,-0.0001922904568914998,-0.0033652555663691,0.0105496082935855,-0.0009278830545201002,-0.0030895004231858,0.0014191296466732,0.013607887202691599,0.007514351036130899,-0.0008204451043461,0.0011503388057206001,-0.0012940109478038007
-0.0018353270585887997,-0.0025676515410688,0.0006265427898358997,0.0032956090759404984,0.020020466023507794,0.0006557566262326,-0.009842681603570602,0.020470505801690804,-0.0095553511019212,-0.023714629247129693,-0.0386644394220052,0.0221255445936125,-0.0080505767760606,-0.0005544022952779001,-0.0041024431861977,0.0057965714136313995,-0.0031165057325670004,-0.0008226175860077999,-0.0009105840422226998,0.0024640262449565006,0.003299867804341501,0.0014413483143392,-0.0010077684530247003,0.0181380314174375,-0.0032794177181228994,-0.0082346030721276,-0.0017925992074474002,0.013680623535332198,0.010052474327040201,-0.0011911524194568998,0.0001308213320191003,-0.0029554388371203994
-0.00046832419734559993,-0.0008304315261063,0.000882408352507,0.004275316257818301,0.0083696496558869,-0.0011066299565774002,-0.0016132072914347984,0.011460046256317798,0.015142258073125997,0.014180282885235899,0.0094042906244287,-0.08159733941948882,0.008344531813191496,-0.0037731563086367,0.0070249668722831005,-0.0029915878713915,0.0005422361851671995,-0.0012225727510076002,-0.0021777825729219,0.020366125983034403,-0.015460975239470803,0.0001925283338938006,-0.018171109154265303,0.019708647361015998,-0.0080477026183962,0.0104833954790276,0.0143447501968549,0.009560123523130397,-0.0021440646190299993,-0.0007433554555608,-0.008793640477545,-0.0051396783937404985
3.841675035030001e-05,0.0012311371518371,-0.0005208024147035002,0.0004382148822262011,0.013963274609377602,-0.0027461601878503994,-0.0157351356585747,0.0231166732532612,-0.0057906340181026,-0.012358797786087002,-0.0024249451488684987,0.004952644992551498,-0.07002442128344999,-0.0016231532197443005,-0.006193534034916997,-0.004073566208850701,-0.0015829168657699004,0.00039064636707780015,0.0023178612413961,0.014960552939638105,-0.017356962576326202,0.0069554655256786,0.012734673961979298,0.0369167099802747,-0.0069975682851633,-0.0013041874465718004,0.012279503453570501,0.0166179978015549,0.011019683158985301,-0.0016177146858775999,-0.0028234609767825995,-0.0047594952721191006
0.0016010678872632996,-0.0016685883381653,-0.0010282377446456,0.006653294961859298,0.019890509737607004,4.433049515220264e-05,0.006291444830372202,0.013195661604301995,-0.010348334827772001,0.0148669387904702,0.0014480496110387004,0.008847999228842197,-0.0041619872102127,-0.0779017380945971,-0.004268440379414901,-0.004136156588731701,-0.0002911439983243002,-0.0003640324015131999,-7.759512629030001e-05,0.003197818593059799,0.0145616672023499,0.0008579214471197,0.006901649952450701,-0.001728389338777699,0.00039450615411050017,-0.0012012361351087,-0.0031315006160589007,0.0103952151750947,0.0009714296473064994,0.00047971924290929986,-0.0028920338491524003,0.0026001900874567
0.0006279314730490001,-0.0007287901979323001,0.0021425101974635995,-0.022498864075778603,0.002668325654528299,-0.0028274457530588007,0.004667302628717604,-0.010321312717192398,0.0015765313248168999,0.018686759302909396,0.0264078764210442,-0.0048293893259697025,-0.003200862127364302,-0.0004261070281146003,-0.0314005411487277,-0.0097218028478435,-0.0020599147843501997,-0.0005200380840431999,-0.0004256403052327999,0.016530439778596098,0.0007053087844470004,-0.00023667960938960047,0.0074652837649434,-0.0007393139095869007,-0.0032409799957483,0.0045479558823837,0.00970548613537,-0.0069733845149902995,0.005220843214411701,0.00068041342343,-0.0029717776537372003,0.0014898760929494999
0.0027539880596047003,-0.0035884482818230004,-0.002781984655654199,0.0024854713119235004,-0.015979250194746497,0.0050226840695476,-0.011782747018765798,0.0057384248291718,-0.0474180074957051,0.011957777987993197,0.0009258692473575018,0.006138569987047798,0.0025183991298381985,0.0027120121175915994,0.003465674587775599,0.0999482844187366,0.0010224260766286998,-0.005444715503067899,-0.00038840451041050007,-0.018891550173135,-0.005462774050030199,-0.0010505812927492988,-0.0234916288482266,-0.022691195514188002,-0.0008357512049071,-0.0005404507215521007,0.00036785056339670025,-0.0007591494302019997,0.0062568811869399,-0.0002504894777879999,-0.0012899047834894002,0.011332719582887398
0.0028931918379134997,-0.0058355409045979,-0.0027531838353681,0.0001375261303599995,0.0026990982105941086,0.00023478750226270037,0.011308313621690803,0.0012820729109916003,-0.0066434457801143,0.00022773743075479944,-0.0027828340590968998,0.0082240186184724,0.003054887071903,0.0013785160670786003,0.0005348759819463001,-0.009458940469155502,-0.03370783813508271,0.0003138447079440998,-0.0015909453436177999,0.0171017717248636,0.002887778392491498,-0.0144808812406132,-0.0178778555825386,0.019629254615551102,-0.0047657220564821,-0.00014645664729389957,0.0030387621413142,0.0041542571674511,0.0030319956134264997,0.0005686877585695,-1.3911655569998592e-06,0.017343657713939198
0.0049183570565590005,-0.0045796818321252,-0.0022168498864664,-0.0054247974293788,-0.016419639569366998,0.0012972304887803009,0.0068660360262431,-0.011609817714659201,-0.0064392051809766,-0.0020133745182135,-0.0010621596621069006,0.0047523455947397,0.0011612394632664995,0.0001863783481601,0.00038834964374780036,0.0032230319820602,0.012113823866477101,-0.07296497806639263,0.0014618230034423004,0.005715019569397,0.0046297054315772995,0.0167905812488195,0.027740908910824195,0.016348753567455902,-0.008494109617206601,0.0035764413420638994,0.003862049908925,0.0077312818363654,0.0015213553969587006,5.0382202357300045e-05,2.123870871699983e-05,0.006868279879955301
-0.0023266734259703,-0.0023562033961895,0.00016729523201509944,-0.0032845210086752995,-0.0121847094104607,0.0035196567764585003,-0.0053753279430618015,-0.0111650113438301,-0.0211860132480437,0.0026920975958260995,-0.0024418185002366005,0.0022476252000712994,-0.0009377706029193998,0.00042620774120399993,0.0026225188947189,-0.0008419382548296994,-0.00024780657421500036,-0.0008771531578638,0.0018095801266566625,0.0165684941035258,0.0091283439382048,0.0008640416739469003,0.003784499275758302,0.0178319071400923,-8.804982617749944e-05,-0.0036184308873051,-0.0014411952662395995,0.003709721572067901,0.0027626487750448993,0.0018895307705465002,-0.00013359340134029996,-0.0015179525687801006
-0.0015465004157866,-0.0018225534132928999,0.0025521823462410997,-0.0042046306103389,0.018795106724210597,-0.0006822668203950001,0.015434089691134498,-0.003098423528436301,-0.0005645634497696977,0.0002527243495200008,0.004266618387229299,-0.009506663826204798,0.0021934626814082998,-0.00024029326091980002,0.0039616906865275,0.011325307379758398,-0.0037103716686037,-0.0028646388991665,-0.0019372241597733,-0.09686834281745343,0.0164082613147181,0.0015922683339486994,0.027712620282366006,0.0065954946957335996,0.0057514967739904,0.002920970272777098,0.0004754320179873005,-0.0004494736066382003,-0.003876032508271199,-0.0015581728151846004,0.0012408927566113,0.0114515331060728
-9.835136034990009e-05,-0.0011002383925908,0.0029903466945117997,-0.0033758854360169,0.011824633904392798,0.0028312066747551,0.0238426813221456,-0.0027382233940988,-0.005044137124513001,0.0032186187008619,0.0033254184052086983,-0.004946800171136398,0.0036263535111366995,0.0001069631089373,-0.0004825064424229999,0.0167602618154838,-0.0023214628451638,-0.0009907173225958991,-0.00039104456847549986,0.008447873649037797,-0.09205704344815532,-0.0026103307429728006,0.032678180527334316,-0.016034494460596405,0.0080745071055179,0.0022048540344567977,0.007382930355923601,-0.0013346688630937985,-0.0013188022337831014,-0.0010897789460582,0.0005938054543037008,0.008025850488015901
0.0005085319220891997,-0.0009776405915034002,0.0020194639138889003,0.0009657392089252996,-0.009859383853092,7.521581962049995e-05,0.020218612624000598,0.002384813411985499,-0.005984706516610899,0.0018771127741877992,0.0008281699531038009,-0.0027085736837018023,0.0039259224111752,0.0010736773046302,-6.912853077240032e-05,-0.0021245584378992,-0.0007071553544153999,0.0022082660797885004,0.0003683768647722999,-0.00041517460127480504,0.009497092141550197,-0.03967431674334165,0.0015271954082445999,0.0060982997262762,0.0007119413175607006,0.001150353662107799,-0.0040783162366988,0.0062913886024622,0.0020418655253562,-0.000254282670227,0.0004432675709155,0.002637930976895894
0.0024042893183191996,-0.0009275653389497003,0.0028276742441576,0.0021995717558925005,-0.010764072783101701,0.0036380473140326993,0.0154057106776605,0.002878181394566498,-0.007517546200298399,0.0024643371005564994,-0.0023237984019719004,-0.009447178104854796,0.0016207934872089005,0.0007368240201347999,-0.0045642665531665004,-0.0015234901456922991,-0.005233916237889699,0.0030483069730954005,-0.0003756440470768,0.012612768753527397,-0.006473820893424499,-0.0080400262151793,0.031512541519785275,-0.022373199710761196,-0.0023627073820969,0.0008583977924047984,0.0054209899090499995,-0.0067180004075353995,0.002219747803879601,-0.0009350886556750001,0.0012695750276462002,-0.0015374360142440986
-0.0056930739843767,-0.0021519209549298,0.0019361119715008,-0.0082259867110279,0.0127252371588044,-0.00015931335390169995,0.010020196831995998,-0.0111392750985355,-0.000982193217595597,0.0021096042777940995,0.0074095119367445,-0.008792310844889399,-0.0015491472283030005,-0.0014101539499098,0.004544766076389,0.014928532051072804,-0.0077870209656351,-0.0013505318440142997,0.00020905410314600017,-0.009940834922089997,-0.002623527584188899,0.0022927869061888997,0.015447062093977199,-0.0350997955687915,0.007287093415753001,0.0032608908266293993,0.003910247477173898,0.004649399492494901,-0.0061269709899053025,-0.0009895041167107999,-0.0011718367857839022,0.014462903500924402
-0.0031599547364105007,0.0014214111937995997,0.0004347925583031002,0.0047798555911049995,-0.022432457057869906,-0.0037248991512672004,-0.0254681942569637,-0.0100588172400411,0.007648597575539801,0.0025574770843446986,-0.0028805331007645003,0.004807685742680401,-0.0006213950046666003,-0.00017340903641779995,-0.0019827668093027,-0.041086898507174195,0.0021344022077799006,0.0048788280148298006,0.00041078836345540015,-0.001082381135505,0.0238755111321342,-0.0044812971178179,0.009716243805102096,0.013806723694520098,0.0526807817932991,0.0005907050826503999,0.0015872515764635995,-5.046643723449935e-05,0.0020901646901076002,-0.0002645137406214,-0.0009008944667908002,-0.015052342307266695
-0.0026577069802830003,-0.0003414567855186002,0.0013416790153556002,-0.0096529781829106,0.000547757897112297,0.0007829228993936005,-0.0018632406767441004,-0.00017633795801489868,-0.0067886081979231,0.0041264219788556995,0.0049877649752627,-0.011631773388442904,-6.948134842379994e-05,0.0010887783544658997,-0.000621455211737499,0.007359372557464302,-0.0015217137343401,0.0031498946887300993,3.635909517940008e-05,0.0090291107814841,-0.013484974054888799,0.0059812915690362,-0.00024848524290809956,0.027277313217044397,-0.0003513951650143,-0.005906356340401375,-0.002225361140966102,-0.014598912451897504,-0.0002127966699170987,-0.0019743293258066,0.005983143232214999,0.0026355525945391005
-0.0017795101322751,0.00038036819580209986,0.0006401384980823,0.00040086201989840073,0.0063382895927464045,0.0031498663382322004,-0.0153882549028235,0.007781339454782699,-0.0078750610473503,-0.0031309924775404004,-0.0002507221881507,-0.0109396112118093,-1.0072765198997774e-06,0.0002446874562846001,-0.0017358517230273993,0.0031676170717785997,-0.0020193071342265,0.0022340897681022,-0.0033795213163255004,0.022723075290358004,-0.008030338085664501,0.0055859830926818,-0.0157817369530225,0.0281525385308174,-0.0022435413102675,0.006313350357856101,-0.009630765496646154,-0.010719334485304696,0.0013597937675442033,-0.0016355148454721001,0.004829871641389901,0.0012391995100696999
0.0001690584038839,-0.0005169147963531998,-0.0009668254132291,0.0014697608142575994,0.013574630542865104,0.0008019257543251,0.0023459918002500003,0.008446896285978,-0.004635654907021301,-0.0119726154231883,0.0035902307755045007,0.006694158820133599,0.00022550178133029855,-0.0018222131056901002,-0.0158548376761375,-0.0018979034249447992,-7.268036881110003e-05,-0.0013587498285904,-0.0010448788634016002,-0.004610702230242798,0.006490547325864196,-0.0005377124971747988,-0.014791169409560202,0.0210313376056105,-0.0019393140138793006,0.0032570051674355,-0.002590455766132,-0.0003959870568707169,0.0007731360030772006,-0.00031811509256080006,-0.0005160529978568001,-0.0030273982088715005
-0.00038732857099339985,-0.0008241429386607001,0.0016520587515186,-0.007179668495932299,-0.005775527810689102,-0.002399696885045899,-0.0245927510589183,-0.017288054423852,-0.011618048697631599,0.0015653739961552,0.0166086258370629,0.007732697955828399,0.0016355762405143998,-0.0005798146507393002,-0.005171579170309502,-0.0015542896384080004,-0.0008433814015306003,4.125530953620008e-05,0.0008888045125500003,0.014124963430683,-0.013391927579722601,0.0014846341154619996,0.006674295460968503,0.0052977136618114,-0.0034195852067622004,0.011546541856632501,0.012079637604603503,0.012454561153769802,0.010078880348667607,0.0003760931028205998,-0.010144133587602598,0.0009282167782137998
-0.0018002698735436,0.00023116249867600005,0.0005495559666283002,-0.00036662191804449993,-0.0081415109608043,0.0004094306975187005,0.0031824865445547,-0.012696563943714899,-0.0042062889405666,0.0036205508955746007,0.0118943604699293,0.0007238244658883987,0.004871178147576599,-2.5943679490699877e-05,-0.0020908413009629997,-0.0018819635158669,-0.0010940734509979001,0.0001734466647444,-1.164992015819993e-05,0.011491865569434594,-0.0158432066293813,0.0011529947457183994,-0.011281057890843802,0.0025223830206881,-0.0012641553738173999,0.00038308766098949995,-0.0012523156600700008,-0.003532202323308399,0.001530695026952,0.025684732872102156,0.0018271746838767998,-0.0047602645492809
0.0003296978604511,0.00015971736308070025,0.0007346012446091,-0.003379822866828799,-0.005996535066891198,-0.0011697234525343,-0.013267669399444997,-0.0035493167019436007,-0.0030646306644782004,0.0019575346125528994,0.014993374829815598,-0.004032875641366,0.0128671139956523,-0.0013136197209582,-0.006514710603484599,-0.0037426957334128,0.0006096514914280999,0.0011947877698844003,-0.0017545969736939,0.014428853166917398,-0.013337778863791401,0.0018798108376458004,-0.003921302496296502,0.005836419568442101,-0.0046137404980279,0.004472633242241999,0.003843810718729501,-0.0054993532226045964,0.006959791319355299,0.0019775760678760997,0.0039033330499289587,-0.0009903352328543011
0.0006156755587136999,0.0013018149197538001,-0.0001854404785277999,0.0064233215007354,-0.026998037855384197,-7.355879057959966e-05,-0.022204073810875996,-0.007750105745078506,0.005812668362366401,-0.006462126432661201,0.0015410164875358998,0.004965194422710099,0.0016961226990006998,-0.00033390694234040007,-0.0010548758085095005,-0.027460616182727098,-8.507060111500025e-05,0.0034521992813935,-4.129023067370001e-05,0.0090982174343158,0.020331328917277,-0.0005160735096345972,0.002150690786925896,0.04039320002483579,-0.0071764520980643,0.0010646577477706996,0.0027564337863840004,-0.004218554656930601,0.0036484896960290005,-0.0003858343799975001,0.00047426257159799987,-0.0007792766742458213
