0.578184020207099,0.00364807337291407,0.000818401674985042,0.0456988891126178,0.0364883267324942,0.00053102363821923,0.0390229647815634,0.0317619419102473,0.0359909368078771,0.0224249803477921,0.00847273655326236,0.00395494477326019,0.00132927530982536,0.000187139915186524,0.00388051802546312,0.0330551280694978,0.00934261879748007,0.0104285858169617,0.00171820733957715,0.0163994420406805,0.0130530013102854,0.000524517199761815,0.00220770947284032,0.0534564558019003,0.0117286925916002,0.00862199778544357,0.00402447995951827,0.00445563698866809,0.00310925628923631,0.000109678766943473,0.00330081993083779,0.0120695986759602
0.00801888607087207,0.462466716876424,0.0016319732257356,0.0220698229547712,0.0425159213739503,0.00771195449498086,0.0615940668739802,0.0278084817782854,0.0183138848276463,0.0218079102001614,0.0300212881353304,0.0689857065354422,0.0187701579617882,9.76048540725586e-05,0.000958494781659428,0.0176059460803078,0.00119987672262652,0.000259808085440409,0.0012308459867758,0.0197868211698247,0.000848081761995507,0.0149218873961494,0.0713313383431715,0.0110818898464724,0.0118982820394851,0.00667823739297253,0.00650503269072325,0.0300900322740942,0.000694294968744868,0.00106523483405535,0.00507956836403141,0.00694995109802863
0.00319979929400517,0.010622863845542,0.577263513295752,0.0209891161661252,0.00998717485460356,0.00634281499733654,0.00891912479089259,0.0104036639831931,0.050265409629866,0.0210988791776353,0.00407143508683162,0.0138894160363979,0.00176618341272064,0.00132648717032861,0.00601046325809386,0.0155176988171639,0.000815005924291477,0.0106801947593331,0.00141916761310555,0.0552016389579021,0.00877328300754677,0.00852826674910054,0.0548199675645957,0.0303239599113099,0.00886123159753503,0.0209951050692533,0.00561360336467321,0.0252485462445193,0.00290797129606444,5.73234502352625e-05,0.000683511334893422,0.00339717933915284
0.00112579836524778,0.000546277773022765,0.00371931911152763,0.569775866723534,0.040636150444246,0.00517448551871019,0.0322629503799363,0.081465076499622,0.067630914994938,0.0529701588703612,0.0302261047911108,0.0251110118359592,0.00292149388089683,0.000751023252082411,5.43962870830179e-05,0.00111777978976912,0.00111678071626884,0.000177472650434362,8.80313894696252e-06,0.0065563951406979,0.00272453720392162,0.00292262070623092,0.0180799414824384,0.00724232227106656,0.00939230821313764,0.00832611535256412,0.000141675959558841,0.0142700460206796,0.00216923481075692,0.00222393361288247,0.00874358773101721,0.000415416471350041
0.00306130391589418,0.00132008443056069,0.00305046479841902,0.196583453881781,0.338516130174902,0.0142318055319703,0.0363643347375443,0.152380932021616,0.0138446301662006,0.0469349676677534,0.00572764804571895,0.00559170363363101,0.00612650102352394,0.00161775624702131,0.00222899380051033,0.0383512120824284,0.00354706058427819,0.00020318057140272,0.000147007057131447,0.0442499619713578,0.00308998400890739,0.000134098239021106,0.0124805197788912,0.0489187940631068,0.00235649125080008,0.00138169848972831,0.00333797475791303,0.00574620182170598,0.00365897791739688,0.00127270801445196,0.000861514738973706,0.002681904575459
0.00114432633784697,0.00258231902730243,0.00328097933246045,0.152229906045844,0.0042270926042059,0.403619895212884,0.00486567901967211,0.0320892250280009,0.0559898360214947,0.0341055329538137,0.0204244588767102,0.0843655682935216,0.0110699622115384,0.00305738878153876,0.0313503114800182,0.0344647863489618,0.000992814408993149,0.000741713192088361,0.000731796686051549,0.00281710324762296,0.00322624236952788,0.00584208045638517,0.0219774206139783,0.000385935348063313,0.0325916974985523,0.00473255847424479,0.000479063668073206,0.00907097147363902,0.0185638843101064,0.00369590461014357,0.0125239311117811,0.00275961495493449
0.005910856334547,0.00928636545153212,0.000395794900340282,0.0537554908506397,0.0373956552540335,0.0155269314954533,0.530651367621836,0.0690636697369474,0.000484588591667076,0.00995066347545097,0.00678419199781017,0.00267977711832809,0.00636318370624334,0.000175769832296477,2.32861309897605e-05,0.0148880190934488,0.00244230810248352,0.00155397970651597,0.000250455643399244,0.0887358807194476,0.00776421969038167,0.00122398443658304,0.0169065560133917,0.0798105410574502,0.00177405252049436,0.00349945524927324,0.00698083051890453,0.0133698745903145,0.00237641608797811,0.00398010952248881,0.00365620834913874,0.00233951620019052
0.00324861449859626,0.00136342082169045,0.00254566580964063,0.0826749257026201,0.0442426680896356,0.0116879660732107,0.0199545300531548,0.167758525386,0.182700432919739,0.0749254421879764,0.0535888090847205,0.0838151248621193,0.00516395806015161,0.00301304518629998,0.00419038588306952,0.0195202134168931,0.0014958944557598,0.000892190977742463,0.000125781745437241,0.0286004671834858,0.00706450306990612,0.00785624109122613,0.0614748661369274,0.0204958729671664,0.0286778549124821,0.0230032932618477,0.000333155798303944,0.0254211793929313,0.00846057303210555,0.00620462195981451,0.0193453076111443,0.000154468368201409
0.00613787292133557,0.00528280405703499,0.00252874668313377,0.0382127088764167,0.0171171959531976,0.0113959780753436,0.0159967718653617,0.00755317561083941,0.651596349483118,0.00781933120078012,0.0071222094986082,0.000357293110746737,0.00119752806949881,0.000310546117499001,0.00869360354907987,0.0502630217341565,0.00245181658403653,0.0139243574875711,0.000357596201903225,0.04311957648824,0.0131035487137762,0.00171668626618052,0.00847320076009983,0.0457890420398449,0.000994574322480098,0.00197466444960058,0.00190511037563528,0.0170768554041796,0.00143459020504451,0.000106429500953828,0.00339926384963183,0.0125875505446709
0.00245234097767591,0.00562751430424082,0.00453167596056597,0.373292443025798,0.0550102679008931,0.00219671823652355,0.0874242982018409,0.264044429180593,0.0340237463340987,0.0349302471402005,0.0454411314049673,0.0269707722394595,0.000872809393057119,0.000438593623473108,0.00217428130943959,0.00638821159671848,0.00186353305078837,0.000289479988978785,0.000133277853158957,0.00173252568021622,0.00321522978229795,0.000255640321318129,0.00215829983075006,0.00640208560466128,0.00517099808737935,0.000916343765369865,0.000799359336891771,0.0237678510872868,0.000218397749880255,0.00211292571784544,0.00357268853647414,0.00157188277715757
0.00230553056094578,0.00328586074082699,0.00354740273741789,0.127384270919826,0.00607591498407444,0.00170720960365043,0.0126112215549277,0.11310956895219,0.0608304714460127,0.061170584161982,0.490379267883181,0.027017940049052,0.000297021682384571,0.00143109848418601,1.54429828360807e-05,0.0149643498127156,0.000688976433458236,0.00168484943732284,0.000133023198091576,0.00842427339004896,0.00148682742934732,0.000333877301630723,0.0114533541898703,0.0131602810958512,0.00757102703820686,0.00119853888194594,0.00118835747808685,0.0170825387211067,0.00159557155024187,0.00382232175489822,0.00312118036937745,0.000921845174306637
0.00481856067611041,0.000373314705743706,0.000988989604637639,0.00310618182617335,0.0723452500031537,0.00950236284209553,0.066046475619002,0.0114396921463297,0.0336150281582305,0.0371142477564011,0.00457948802071434,0.386125868552397,0.0169744204775887,0.00126862172024658,0.00674631032015414,0.0976904622301322,0.000939139775624257,0.00186220230699898,0.00191908326133169,0.0581518136455933,0.0136128264174859,0.00248805153379805,0.0426445676234289,0.067419128889167,0.000549288335589788,0.00944792751701871,0.0130131112923975,0.0130788833802226,0.00940680463046824,2.04346728727177e-05,0.00134217247459697,0.0113692895842942
0.000629092373739128,0.00345383946623597,0.000332343234378967,0.0257446119810737,0.00875782807131359,0.000584012978504767,0.00688360358413194,0.0236471592000692,0.0146350716310529,0.0183342223179207,0.0205058601298867,0.0629181762291226,0.508542019741118,0.000618269440007539,0.0145359702136521,0.0138298254079893,0.0012989664861348,0.00158684628203253,4.40709005007315e-07,0.0643319734159139,0.0089966863054465,0.00368490236089407,0.0162421810793296,0.0985763130514131,0.00437969697168804,0.00288247098877966,0.00710895468006146,0.0453669903230589,0.0167872625084315,0.00017517579880441,0.00233255953108473,0.00229667350772415
0.00453777793499569,0.00443615755700994,0.00123223397581956,0.0136536913472365,0.00551405173946869,0.00217969814401137,0.0113637512898126,0.00724609979299171,0.0328629286221012,0.00827840834307203,0.0423891158451834,0.065155515542789,0.00840493827574836,0.488519287748997,0.0652995864177204,0.0112376808585285,0.00239239135081771,0.000738466914831099,0.00190312055523845,0.0577980912078644,0.000265195247394191,0.00547702351947738,0.0415278210889283,0.0264010200913405,0.0239370690984052,0.00956487085319035,0.00325287904183145,0.0405222056669058,0.0012949756149291,0.00237458318734173,0.00217056332394695,0.00806879980207131
0.000646564677569971,0.00397404972284427,0.000439136279557641,0.107216838343923,0.0247697266235899,0.00145054663938004,0.0610862210237095,0.0636189783080479,0.00851100508769338,0.0134458418254256,0.00116935460895547,0.0589677994950962,0.0161636031866138,0.00227460597606531,0.323146714586536,0.0456092483300089,0.000614406258016703,0.0039932441754651,8.89486169359242e-05,0.0552579864993006,0.0047823286388201,0.0112748813556682,0.0381791429961085,0.0564638649990654,0.00588712524662028,0.0172645946907501,0.00961732256297253,0.0343937286654501,0.022156025638308,0.000625644836064115,0.00527195207957594,0.00163856802586146
0.00304035896274594,0.0036775799364851,0.000778232279959612,0.0285502370312253,0.0171378945098102,0.0025964648114476,0.0345999090322153,0.00467956116830722,0.0243873013890721,0.00530066948223849,0.000892127964994461,0.0236677772724596,0.00109685043037187,5.04780563386204e-05,0.00321930214133115,0.657131334662791,0.00222425432417427,0.000845842362988131,0.00026888840284775,0.0474071006989102,0.00330874825314507,0.00128324499410086,0.00724557223301901,0.0593803762807899,0.000109563513289822,0.00761518758664237,0.00425806889359247,0.0440033281908822,0.00141903833408339,0.00038503940547284,0.00423482796465465,0.00520483942961328
0.000601556756015074,0.00214312507694612,0.00024880147224777,0.157807102790263,0.0435732191067019,0.00549911147453088,0.00610884856191775,0.0999610278613401,0.000184765720736118,0.0588354617030053,0.00287448358179006,0.0374922865670134,0.00544726674160539,0.000658360772098684,0.00977039703513996,0.0249921298502305,0.369201878807558,0.00829270779008721,0.0019705656502309,0.0229115487966857,0.0159367486467379,0.0045313598924258,0.00909820765090288,0.0391866799837829,0.0441556550914131,0.00148933355140206,0.00327702733354702,0.000376040072044586,0.0100227319872536,0.000598645411165369,0.00184962724437952,0.0109032970188017
0.00199871995016521,0.00029269133474047,0.00236075356769952,0.0355814858800823,0.0128142857594136,0.000679452863378072,0.00146598182925052,0.00661295448283395,0.0175081984123332,0.0183616811375484,0.0118358388070832,0.0679900962241306,0.00053058836418107,0.00453259342135149,0.0517087395704018,0.00181134356065548,0.00299759526570499,0.431969566675078,0.00135112101798411,0.0988045590419644,0.0108653292607841,0.00202125948854193,0.0145726380051855,0.133220050853669,0.0062575269914553,0.0170939092457818,0.0180070252584676,0.00816580879864532,0.00448580902322844,0.00140066532242834,0.00129314443618227,0.0114085861496494
0.00819067909434748,0.0199832103870216,0.00119311376224593,0.0315182230811108,0.0818271690312911,1.16551022046063e-05,0.0857145644494874,0.0138834226610598,0.0377279238941334,0.0195984983581485,0.00808972803116239,0.00920791494828188,0.00163195041990197,0.000502485467872024,0.000197144789923222,0.155170778283235,0.00580971696325623,0.00228141485000696,0.258080409536996,0.096288625647713,0.0236186560370312,0.00664714930416255,0.028543343437043,0.053405409572838,0.00775966584696452,0.0130888158432423,0.00402133761703054,0.0237152178834721,0.00018413799741373,0.00053559132027074,0.00120445154307934,0.000367594838052811
0.00142404689958127,0.000618257981718241,0.000174054758313134,0.0695028528168343,0.021700948738968,0.00338724154987452,0.00825123495770217,0.0514132637194974,0.0189096827421348,0.0126926245183597,0.00312502789642662,0.0103865620582244,0.00591682998011042,0.000294511420635887,0.00331762785424748,0.0458448934654565,0.00781646422269347,0.00287371261404296,0.00260315262290735,0.430431344584299,0.00387294930926749,0.0036421450808977,0.0123482261614159,0.0222969602032493,0.0283098338970822,0.0889704359872869,0.0365301055831134,0.0648716107539288,0.000216098178159096,0.00706911823664611,0.0305390915983472,0.000649089608578419
0.00286482248109824,0.00650472396370286,0.00124987481005896,0.0253235850177785,0.0758887658534995,0.00736858981769663,0.0632987456603006,0.0390578463527029,0.00195206713836473,0.00402558792470759,0.00600016104700527,0.00235910772913779,0.00586910382365783,0.000730644997677232,0.00312607695330012,0.0570356535061504,0.000415765107488793,0.00164962357213854,0.00247856419381255,0.0388805295388638,0.488723581534261,0.0112173725849763,0.0444576653778236,0.0413665825170442,0.0215119672343614,0.00249706349527131,0.00637861728397176,0.0232577043464921,0.00346251776504232,0.000521348970112616,0.000366748248942214,0.0101589911525581
0.00256362645783284,8.15444465454377e-06,0.00357260899809777,0.206740476976062,0.0043731342147869,0.00315333169815756,0.048665223369984,0.108016771436441,0.0324925626020379,0.0540373697810522,0.00665952888485593,0.000427480359626669,5.61902819757174e-06,0.00123351631924387,0.0136443048482506,0.0150864669929667,8.15784673305523e-05,0.00215757574611899,0.000550671671023479,0.0233634665302085,0.010809231737243,0.355395435823745,0.00316808188286154,0.0219220453922505,0.0178364869378186,0.00529588813895822,0.0050747189447138,0.0120114633726444,0.00160257070488232,0.00231321735876001,0.00645834447479948,0.0312790464043938
0.00735378320120735,0.00397985758676718,0.00274722225677976,0.131052607968246,0.00379055174624666,0.00683699791460476,0.012829613908742,0.0814512022251802,0.0160164067585517,0.0329469325843011,0.0078360131180716,0.00141297280517542,0.00515100320185888,0.000140346444592853,0.00139406088139667,0.00554112420230027,9.16910826232624e-06,0.00311894850693269,0.00025159328287152,0.0780457185383461,0.00989480891550066,0.0115612953233825,0.450816085742791,0.0505746552339384,0.00406659790707854,0.0130604680323599,0.0208426030760622,0.0179617810523683,0.00379732260705181,0.00215790730958643,0.00241050504082031,0.0109498435186247
0.000959110032458063,0.000479579704320098,0.000439069013889608,0.0689134542552093,0.0227421608687321,0.00307754567281339,0.00376726159029084,0.037642919740186,0.00762782193216507,0.0146304628905156,0.000696541835128397,0.00626392880488535,0.008315067160581,0.000208239316407737,0.00207956540217132,0.0304160788542947,0.00461889541947963,0.00247706890521738,0.00324168345782101,0.0206422856187834,0.00357269556503515,0.000987507024523936,0.00184221419574309,0.573194639386134,0.0292260994325415,0.0421268356476667,0.025508005973707,0.0570184564548561,0.000633737202632902,0.00616193425131308,0.0198625357796336,0.000626598610862741
0.000828783837246164,0.00173140033259675,6.89205422784321e-05,0.0964744528793981,0.0131083339986496,0.00230255394964946,0.0537828721087315,0.0445244222697064,0.030363190941892,0.0262545249584394,0.0101771315700565,0.0302849256516285,0.00259347150767265,0.00203652123467233,0.0291693026613728,0.0756554894143838,0.00123901451861429,0.00346048658330454,0.000222930720579896,0.00788104537650008,5.75347871959485e-05,0.0027483267517836,0.00724138962641537,0.00547064709492313,0.519948661792157,0.0132525091671586,0.00823882190656373,0.00153547807242322,0.00348899584306013,0.00125537358490121,0.00254027441677605,0.00206221189926822
0.00237716139144854,0.00229155331442572,0.000506262195681321,0.0869041874038701,0.0596429720961118,0.0282266627634264,0.0106525081767083,0.175397910429179,0.0445916815578076,0.00742100797705229,0.0105493989161917,0.0151063040772753,0.0103044264797918,4.29271821018673e-05,0.00601067492966325,0.0549311993648547,0.00216495706862511,0.00278539399440707,0.00120270499908392,0.036444730777062,0.0079919368621961,0.011640746922565,0.0493451884955752,0.031497324155014,0.00731105835510367,0.231704361729532,0.0566604924059854,0.019417547756125,0.00573903646604973,0.00733248184528123,0.00879775235124188,0.0050074475605632
0.000222263731597326,0.000273025923491314,0.00131104982363443,0.0432517982547484,0.0235825957822514,0.0141556854056701,0.0210243456352852,0.0828885882934127,0.0215095867559972,0.00373247697487778,0.00138315849329076,0.010065969353191,0.00530751674322297,0.000568253545525897,0.00652924065836653,0.0353937940749112,0.000146700640223877,0.00224408595099915,0.00143475431556227,0.0528906568171187,0.0104718430668065,0.0153336905687491,0.0429690235912424,0.068506526406756,0.00977715957728913,0.012853632105586,0.479831401325499,0.0242940754088681,0.0013641529960634,0.00354291387713821,0.00310367871556529,3.63551870590934e-05
0.00596815696323979,0.000425347380586813,0.000384205931214464,0.0057638376072562,0.0158367948420606,0.00155527999792544,0.019042143864824,0.000592223835327255,0.0242415050007739,0.0141653830803395,0.0113607150104359,0.0576452747869495,0.00597820269340501,0.0014540968492351,0.00217274567118131,0.0231244196969832,0.000652661912879904,0.00105463440997089,0.00269434781782121,0.0779349962451963,0.00999458226370472,0.00212483132818503,0.0373888792520958,0.0889057380862517,0.0019645281669804,0.00454611798641519,0.0053210377099946,0.547184947507014,0.0175065083899043,0.000426491837261203,0.00723638333421236,0.00535298054037414
0.00184070262338084,0.000418041735647656,5.46255922101328e-05,0.0154486691702621,0.0799288257081941,0.000429407856048777,0.0980149797571215,0.0347331395009383,0.0131147371123033,0.00749819268838907,0.0691194787334774,0.0937657133290169,0.00959412319546731,0.000249475977261929,0.00153222130621737,0.0457844381453277,0.00026181686271157,0.00405259484783252,0.00132528257033891,0.0207245664315359,0.0073307867019824,0.023034854590169,0.0298771496329961,0.00960138803123096,0.0233596215851095,0.0153198178099439,0.0211469933356193,0.0148709503240333,0.349658880070572,0.00131071800864611,0.00464097428012816,0.00195683248588612
0.000317515770701985,0.00152270636314873,0.000242190915756657,0.101415722789602,0.0196312256497474,0.0145019088318175,0.0059681436886365,0.0806639878409022,0.0120690597692163,0.0263236056864282,0.00668622798736248,0.030762836586146,0.00447954423072087,0.000353274695316472,0.00547627582023141,0.0295900245033774,0.00084124423938687,0.0048804776390663,0.00110414803629021,0.125108979700199,0.0157874040023651,0.0123473115378661,0.0281670523422585,0.107194670918473,0.0104993044235586,0.00810073482874556,0.0101179866659642,0.00594152816889107,0.00857091416756127,0.320018737646624,0.0011603451346881,0.000154909418950574
0.000627540502765856,0.000841274446684312,0.00177268654438892,0.0788027973869475,0.00467914557718957,0.010866723494041,0.0032576695136562,0.109572563289038,0.00740585358484217,0.0095361225502623,0.0200126085899962,0.0186227975491214,0.00446953520729842,0.000788880971047398,0.00156315089570479,0.00128841849600796,0.000919124863930474,0.00644555124355071,0.0063610031926344,0.0101467358191087,0.0111524082494738,0.00781810215072958,0.0129898611372581,0.0186433958326272,0.00176316922326126,0.0198876244272329,0.000165823083738603,0.03255972737036,0.00185146569967201,0.0102812329389661,0.576775935334798,0.00813107083366628
0.000263774100296296,0.00287445665082763,0.000361653558945017,0.0372242381241909,0.00596082538584145,0.0076845469859599,0.0131610993213506,0.0433079007374175,0.0757105038130429,0.00636498674073104,0.00148485783112475,0.0100473698790275,0.00234027748358735,0.000168854234931126,0.00509808548195684,0.0569303818736135,0.00206429843387677,0.0042455991714927,0.000424044540027475,0.0215223893685017,0.000248611049209446,0.00460916656501914,0.00777026664827369,0.0142338017081586,0.000475158358851839,0.00385678434604152,0.00386732998583672,0.00075745012554737,0.00246259170701162,0.000789363341681489,0.000435932785732063,0.663253399661893
