0.459370605301524,0.00215945036720509,0.00146104195723389,0.0571982940805839,0.00387751657355876,0.00222118050253528,0.0104639055533238,0.0339388428059878,0.00164077022326895,0.00328519318091215,0.000192348812558286,0.00108631189609275,0.00988597782875699,0.00205831828560147,0.00144127408866817,0.0013998749482696,0.00982021078760864,0.000627978314944095,0.000148042929576289,0.160063478053046,0.0125286154799191,0.00589167434963175,0.0309857575208391,0.146215111577302,0.00285592514665132,0.0177941075154169,0.0133289427574139,0.0028045876714229,0.000961542944107334,0.00160033573846066,0.000808910462047839,0.00188387234553204
0.00179571921653938,0.359337760991467,0.00191858219115037,0.0964675315719683,0.0589597065839591,0.00922877127219133,0.0260157709942331,0.0796144018983575,0.00369591428769348,0.00193127412398159,0.00124606863620764,0.00655834836807096,0.00760024705130604,0.000521304446756757,0.000715245589994531,0.0372876972140206,0.00230065216025743,0.0149656075096691,0.000929887511585725,0.087610792292768,0.0360515412979862,0.0060259622168388,0.00546930933280786,0.0778667922558589,0.0272958363925237,0.0146892790223716,0.0114114555048237,0.00942962958488668,0.00246661542388624,0.00282203195605088,0.00265308226410374,0.0051171808356841
0.000279864357313396,0.000789948582915302,0.611699730195789,0.0106750889822572,0.0252334351682749,0.0112604182816382,0.0375799321556777,0.0258032817701648,0.0147148501642317,0.00270685517643185,0.00314972701746576,0.00760565959651569,0.012137221806067,5.61542934705012e-05,0.00140175435317109,0.0180384231582569,0.00695793249401398,0.00128776782939252,0.00263754457056056,0.0715451976221808,0.00365585466922503,0.00394231902146582,0.0148744775386893,0.0597919697695474,0.00716930122044524,0.0128907024842835,0.00431527986690067,0.0163838322020563,0.00203406490645519,0.000522006474878077,0.00587421099494259,0.00298519327532233
0.000913699858264281,0.00282407867224385,0.000930130881666319,0.500592967282803,0.0166498391054453,0.00533050839096478,0.0147531064905421,0.0467153209062974,0.0463015758510502,0.00247060318227481,0.00414734252468653,0.0849051187269363,0.00485789925572153,0.000249975097335962,0.0062277236769113,0.0537643905100425,0.00153895036602076,0.0096924646324605,0.000388591267707168,0.0411318999033298,0.00624793260536963,0.00538673901319181,0.00904329915934735,0.0601278218920276,0.00400851809488554,0.0109443825171206,0.00310512727154727,0.0530352206194556,0.00204729440467823,0.000547361695302248,0.000657028439951456,0.000463087704417477
0.00391484932220015,0.00411125879060607,0.000692426320599799,0.0852897304143894,0.361624301831855,0.00889609514758939,0.000388170410598262,0.12649944711904,0.0415916323036161,0.0130108347620206,0.004680625923009,0.00364379935404361,0.000489413881071838,0.00197996443728731,0.0037842128373854,0.102671397102515,7.00218072210437e-05,0.00237196030988414,0.000581651687902278,0.0608344656160088,0.0155801988654758,0.00355069698183893,0.0113056086008079,0.0603304631780201,0.0054509840537998,0.0264565298560729,0.015941276079515,0.0186887432709715,0.00265912920140006,0.00325123302389649,0.00739980409584231,0.00225907341351648
0.000230390683925527,0.000857622047332662,0.00612733812518304,0.0612741209254732,0.010686282127887,0.244882634017952,0.00841459549121217,0.00795630879433845,0.0164277451270725,0.0141305676574853,0.0173110419059712,0.0991761907118041,0.000880396409046978,0.00137872053095306,0.00587881293503468,0.0118550227806764,0.000940807944689836,0.00180448713627244,0.00089443807932958,0.187223507442533,0.0011100267227009,0.0128343622776544,0.0344575468750437,0.161778851370603,0.00947338531428362,0.0172970172303278,0.00458761715638957,0.0478775899016395,0.00782088692483371,4.80896575764113e-05,0.00292852913866692,0.00145506655610843
0.00736627433509311,0.00867843722001322,0.00148254478458703,0.0395349064151719,0.0800398768922879,0.0186961525688676,0.600997858131039,0.0467642991687616,0.00468864831146357,0.0114675672476566,0.00360356024742114,0.0322242094378872,0.00272950718576498,0.00311923491999536,0.0156781480879028,0.0226370018804596,0.00185416690573612,0.000478137730049763,0.000164936249756897,0.00167147101530367,0.0102929361560526,0.00234626572602651,0.0130569930544857,0.0169488771995429,0.0196535226418355,0.00199080981390483,0.00617654962561838,0.0150636077523372,0.00304874722061693,0.00211347131943817,0.00424117959826026,0.00119010115666188
0.000372940321978047,0.00153278813457132,0.00303617496115459,0.0586329040694255,0.00984723621769941,0.00748302082968739,0.0107455558188255,0.492470737545827,0.0329882805249098,0.00169665483261005,0.00669041181800833,0.0853173207613327,0.00289044715104974,0.000746215848955196,0.00526895750418964,0.0356448521029277,0.00147598599276747,0.00689507248890031,0.000218985366197125,0.0592217724730649,0.0074704024271211,0.00260107462782418,0.0172118845851087,0.092486959633249,0.00467738397349513,0.0105569099333077,0.00374564613031264,0.0321167755606531,0.00371896051788749,0.000153659789788803,0.00164628860862663,0.000437739448543442
0.0012089510921776,0.00132943850662805,0.000201887042585947,0.000933865045746607,0.00105866079969478,0.000377846129233475,0.0051701485900199,0.00229857762782398,0.203993563918702,0.00216171988002878,0.0095213522963927,0.0315598057962496,0.000328769383950161,0.000518730272099142,0.00541612376639155,0.0103462258824065,0.00102772368209341,0.002375699056006,4.07113552281685e-05,0.221871389941926,0.0174233152672526,0.0102142711233634,0.0779651698844978,0.276972498075346,0.0105779914961249,0.0405704593995935,0.0182323444057527,0.0183908559391936,0.00470327860188278,0.00704791139124738,0.0157785079270807,0.00038220642328064
0.00332712315380103,0.00449528778052729,6.75139387404207e-05,0.0451115193557175,0.0143334751115531,0.00430166317948095,0.0167871653870775,0.058485218999129,0.0079646225013193,0.469148951033959,0.00194179590226237,0.133982044965259,0.0128106013062698,0.000236977056550399,0.0104597867899624,0.0202617578250353,0.00431218970341925,0.0038080627977385,0.000210659561867041,0.0258347060691393,0.00102696498190765,0.00615129102631067,0.0006966346798678,0.0477357186940357,0.00910044032483577,0.00224468720003447,0.000142206594675757,0.0903679797062858,0.000694971628592592,0.000721438310764034,0.000708202689281988,0.00252834174459952
0.00333453742783439,0.0030280123944701,0.00151820833261415,0.00596847526455147,0.00417440617611921,0.00068022803899929,0.00555014879857383,0.00127197234044638,0.0153540122261713,0.00510920346664234,0.730246546013886,0.0808984414616558,0.000804130633296466,0.000898274153226493,0.0121028487195702,0.00506065694751803,0.00177369521584075,0.00312898619093209,0.00137939671482387,0.0165050687918021,0.00115558692956001,0.00149437932454549,0.00406383424806618,0.0392098813193651,0.000694089668348553,0.00223844178335756,0.00657320104778817,0.0420185000257748,0.000183924707666943,0.00019299246192713,9.73702367569214e-05,0.00329054893786875
0.00048140598245753,0.00564382365572082,0.00112003647701127,0.0220263468586999,0.0015528458504578,0.00299001205111158,0.00346187672287124,0.010755791843185,0.0290684837029959,0.0212960168861377,0.00249397760338755,0.778386288620816,0.00422070849337542,0.000681873893826249,0.00206391194711948,0.0338276630446918,0.00133636043503096,0.000881208102442882,0.00144735160333186,0.00595155312798567,0.00013281200272143,0.000711203881977303,0.00244312199595566,0.00292606834355556,2.26020683554193e-05,0.000234441448406847,0.00220213635773842,0.0428553439941019,0.0053523574662976,0.00184261097190547,0.00515979078795894,0.00642997377836921
0.000973068796643782,0.0031442294300031,0.00378735122816794,0.0542102455348404,0.0095737018001635,0.000802514852507886,0.0090754281246563,0.0239495842807411,0.0341699791098818,0.00411158258881445,0.0118776848447415,0.0129651034051711,0.704816640974218,0.000160257117636615,0.0221620593901574,0.0233419701618632,0.000693491746212615,0.00230372873097003,0.00230590723120213,0.0137714741456763,0.0064698031616422,0.000419337925452094,0.000181122172585135,0.00536491882749976,0.00320109242874291,0.0133017024800359,0.0116773789669009,0.000207041740953852,0.00587667424906165,0.00437290751253678,0.00458618939111853,0.00614582764920061
0.00233053382985731,0.000999277286530043,0.000623342654234843,0.046544718731971,0.00792261019454029,0.000892653402347564,0.00116665835757179,0.00271756826803613,0.0332737270389942,0.00941816039456845,0.0362877802666338,0.111619898228571,0.0217928010288264,0.500912698501264,0.00992547793569122,0.0245950022989672,0.00150929226942563,0.00263616306318932,0.000818909162117545,0.0107389517607583,0.0110625020275945,0.00408688887059999,0.0073657527101721,0.048415350994082,0.00331124582042844,0.00979794415452338,0.000110770708958165,0.0710648226818729,0.00510167282127926,0.000247990271288765,0.00316423338862941,0.00954460087647542
0.00870522067544093,0.005094146763639,0.00515354440483662,0.0342818874833183,0.0176734925950272,0.00133291034682979,0.0126656375002158,0.0195352109265279,0.049933609432938,0.00791741793537458,0.000171910926267818,0.0736181703319871,0.0453765315014642,0.000103168444235659,0.377001350602047,0.00765532324807898,0.00686068703645309,0.00102900611354811,0.00143555083272306,0.0638420807322185,0.00965544079792278,0.00195577708248661,0.0106624930817473,0.0377585616638774,0.000389790705419734,0.0417185274156163,0.0254295949834501,0.089506989175166,0.00123122628603563,0.00962053099246003,0.0164492805961516,0.0162349293864953
0.00127154734844917,0.00152508313183933,0.0005715973055887,0.000153832248959856,0.000667602393944653,0.000384004815616953,0.00736711068307801,0.00411149971690191,0.0122521869143588,0.00256084397063823,0.0142329075808844,0.0192190550710102,0.00138987092950931,0.000569866558362154,0.00337472963534313,0.45802819919324,0.00308104178170851,4.36764099101252e-05,0.00050095092011326,0.119382902914524,0.0244474687101947,0.00243352271661367,0.0384146848141447,0.186971406886259,0.00904814446038723,0.0314983476515118,0.0146818517272098,0.00863138589847164,0.00498039065849592,0.0104596982675241,0.0174104411562961,0.000334147528910192
0.000326170430593368,0.00101048048533061,0.00198007524773213,0.00660430811038524,0.0213444377681112,0.00273790578626079,0.00609780450186696,0.0143273553321051,0.0105343659878535,0.0140124481928747,0.00589497404876627,0.0794227537954661,0.00672177434880312,0.000716902725785524,0.00742623752758446,0.00522487382331336,0.281011888682345,0.00254121809246981,0.000202049245865475,0.168334990816765,0.00221897979956673,0.0141716682228057,0.0796096462187843,0.180625516771993,0.0284726374402214,0.00512932296343289,0.00223414490850029,0.0393761607609271,0.00273628050376407,0.000879646448783102,0.00247133717920437,0.00560164383173871
0.0020111463891306,0.00046514788334211,0.00051567816198391,0.0331807603910062,0.0149976132510327,0.00178048018970746,0.0082794005983211,0.0224722821000305,0.0340657844458288,0.00555449377032489,0.0034784542531161,0.00746785724688131,0.00266817875565557,0.0011380395306579,0.0033252535705278,0.0621246748631972,0.0106656560051547,0.604945855935624,0.00140225164453239,0.0520931173956225,0.00528056789825677,3.83839303279111e-05,0.00766235142395491,0.0360014827973443,0.00938425919041821,0.0316822080872523,0.00419076672373818,0.0148263150348134,0.00282110377175313,0.00651566444616937,0.0078674730064586,0.00109729730783552
0.00232422600094511,0.00174866512571139,0.00214306911501387,0.0173213254749101,0.024851531287533,0.00114886330370072,0.0222087365589455,0.0193779426618727,0.0120985837946881,0.00312160719788106,0.00123570389302763,0.00565269077031933,0.0136715048673865,0.000455309515965102,0.0014638327147149,0.0555377498345379,0.00253065902449964,0.00243505689534331,0.439010067483235,0.0923640663620882,0.0154169534985263,0.00881287084527655,0.0118393915888688,0.0809799433634275,0.0116682212766131,0.0659362526686145,0.0336678817629349,0.0427650257923283,0.00302521445587103,0.00152253300499027,0.00323430148236107,0.000430218377868116
0.000505277315085484,0.000424681474017812,0.00118829701298052,0.0121798456427232,0.0480929335871779,0.000825479933869382,0.0316060144649722,0.0394063123123147,0.0493044358856183,0.0014554630491496,0.00503619355247258,0.00337786859623239,0.0116156290019714,0.00147156299130121,0.000340710681793332,0.0933148338079087,0.00131964826919084,0.00569346860851371,5.88601438885661e-05,0.263767254248972,0.0073664849520362,0.01356074476175,0.070158777906858,0.274484579325649,0.0239139065609627,0.0175707503769244,0.00262171955308435,0.0113600703313933,0.0021797400449674,0.00175752679801978,0.00190870331710698,0.00213222549109481
0.00825517258398899,0.00746341015967192,0.000436110414376972,0.0107988348816941,0.071226011442938,0.0034382224864457,0.062939738358038,0.00414347894761435,0.00612354858444585,0.000820314164355879,0.00188654447243095,0.0157551339228046,0.0115049488889849,0.000104954040884164,0.00127981301858849,0.100468137685378,0.00296279749401848,0.00219443138275216,0.000527154341243083,0.0277911234591607,0.51021646229438,0.0177832524835956,0.0351447975819273,0.000633698907347981,0.0152018580503265,0.00626518238277646,0.00172198759418081,0.0623483271029154,0.00400562826454184,0.00394889514484571,0.00089847844135364,0.00171155102199354
0.000447164094231071,0.0027196785752823,0.000334901225826993,0.0156892062396635,0.0277328016962931,0.00135316837830556,0.0392729838887022,0.00799964796017546,0.0447597121854374,0.00928132896237543,0.0015462672256774,0.0343811261901751,0.00399467005517015,0.00552961407588031,0.00623545275741405,0.0276113967494592,1.76417104956344e-05,0.00163222710556954,0.0044463060248296,0.222673895132926,0.00136968406831337,0.193780962238736,0.115724636563353,0.153521078957838,0.00307827385415359,0.0416542116434373,0.000328610748915132,0.0144163639831502,0.00327470601252833,0.0018859761410151,0.0080710364345126,0.00523526912015846
0.00018344512128414,0.00043740168282603,0.00061575973335523,0.00502732238501811,0.000708475397261561,0.000705781009701117,0.00310333286692351,0.00413110155540862,0.0466053768324536,0.000849393387068424,0.00105305993317649,0.00517459905570177,0.00378647443910451,0.00191856301052364,0.00311267440438942,0.0103659654267616,2.78603712797507e-06,0.000190970700497138,0.000420479083102295,0.162040491954962,0.00678368642338157,0.027078390161209,0.514659879005786,0.14029654774684,0.000125479829789812,0.0344953438322323,0.00486680689389392,0.00691356290687423,0.0032059674432248,0.00135286195028364,0.00409896616353755,0.00568905362629939
0.000288335298976936,0.000780386797379527,0.000488224715712301,0.00382895855320298,0.0275730591397965,0.00023359108256721,0.0179705822052165,0.0114677735524726,0.0198184327951735,0.000896685747143572,0.00185464651304307,0.00192660392049578,0.00530239144662864,0.000905519922112338,0.000126805281624103,0.0481609541489916,0.000580299782629381,0.00368719310780926,3.28630530659346e-05,0.175744872690552,0.00169646914342633,0.00628916775327661,0.0311271235508679,0.606905422283781,0.0152677253825985,0.00288559284936585,0.000583736601135458,0.0103218572772081,0.00110602859340529,0.00123357161904416,0.000907728273072631,7.39691822391544e-06
0.00531570928483044,7.54049704704077e-05,0.00200440522021672,0.0227702053583984,0.0200077225110488,0.00277606292749174,0.0464020395104105,0.0274404249297529,0.00832383705234103,0.0113414380989634,0.00699796776136423,0.0229946529713526,0.00122307309043942,0.000676161426447065,0.00657556610144322,0.0501518516718663,0.00448359345246471,0.00152019341631918,0.0021251057354741,0.0547246616457609,0.0330070596151304,0.000418504418459899,0.0141124558649046,0.0705862378643672,0.536244568621149,0.0214859034371327,0.00444627554459429,0.0103793338552574,0.00524321049920832,0.000369025378214728,0.00190276491403253,0.00387458285069291
0.00236027790003326,0.000602624528901207,0.000967359615574256,0.0246763951512998,0.0131991064413802,0.00263349872843063,0.00273892951569852,0.0337420711529091,0.0176439895865381,0.000827170551708699,0.0054194145252725,0.0448888065582905,0.00788985941026083,0.000407383415285704,0.000280343098348287,0.0339131583095153,0.00246662562518114,0.00649724068030839,0.000815657861269754,0.252140545060475,7.83931958287623e-06,0.00396295169880692,0.0173214390505543,0.173504093265895,0.0114554431163135,0.313264623083845,0.00325871016189093,0.0117382041495544,0.00280147313796064,0.00084994503591466,0.0058927696664645,0.00183205059653692
0.00141192336703576,0.00511076985209652,0.00163272195107859,0.00461234905738015,0.0277947369055843,0.00210060269532768,0.0204193490531938,0.0166229601237262,0.0270640868764856,0.00242892616734065,0.00757724192625754,0.0129700358816622,0.0121784146218305,0.000654231387018606,0.00976526084089353,0.0542410498525886,0.00216686422193735,0.00946358329925487,0.00400313562824295,0.127165437390516,0.00321033809784699,0.00364458848602865,0.0249195743904957,0.101767168179305,0.02739622188348,0.00391418044962227,0.427667177180972,0.0443056496352623,8.68807311477433e-05,0.00043203441652778,0.00601908662067756,0.00725341882918316
0.00542870210038929,0.0109333898788951,0.000732547183297718,0.0307064402974955,0.00362541238202492,0.00434861297467361,0.0126551541481468,0.0253543621945838,0.0409734656308113,0.021390754750872,0.000153231350551507,0.00957812335028673,0.00947822093452613,0.000814214022702681,0.007153803821672,0.0618240410285489,0.00158742329870256,0.000264154544899002,0.000703608061240481,0.00195538997538285,9.41246890628444e-05,0.00104197588664093,0.000233039405675526,0.0081985803708777,0.000843580069252401,0.0116997211279128,0.00039235312752007,0.683691333944742,0.0169823740556276,0.00980141350198058,0.0136678388134556,0.00369261307754885
0.00359573141106155,6.49407495965902e-06,0.00364133398284144,0.00692071704905555,0.0110505019384587,0.00294850228107014,0.0381761308243721,0.00126346425055119,0.0216106081970821,0.00392465921483975,0.01911642681505,0.0132546350652323,0.0136768658896726,0.000343960524795657,0.0126750914983518,0.000772326385099633,0.00474059504242733,0.00079654612224144,0.00152620769040994,0.00765609811211815,0.00564893413144152,0.00059896667637665,0.00235178436315724,0.0113031813548638,0.012233117791907,0.0487482053161388,0.0361978276019082,0.0125816341394305,0.634267319938685,0.0140870529682287,0.0144771044544086,0.0398079748937624
0.000280093455961988,0.00156198474107907,0.00222902688955482,0.0445928749432702,0.0149614387684286,0.000637447889479845,0.0132021244489492,0.0372092516986618,0.00368381060783384,0.00805000648191564,0.00204124408286944,0.00409883959930784,0.00305560803952547,4.05177063730558e-05,0.00320563066419298,0.0174805290100612,2.18100870760699e-05,0.00173203983326729,0.000635268374195096,0.1278510045691,0.0055595921190058,0.00606838946345882,0.00867666970879603,0.161212375778392,0.0065403722482935,0.0103707906135268,0.00268543837968274,0.00591187861546994,0.000473048591356702,0.482155390896832,0.0147223939587256,0.00905310773535658
0.00204912385548382,0.000904976425224797,0.000359017399918818,0.00594441450735265,0.0545849916071169,0.00273124940513068,0.032946476540472,0.0202120328255154,0.0150946623155723,0.00182950637345366,0.0123637918737898,0.0662262866281202,0.000304214214157467,0.000234219460571672,0.000506923599284455,0.0100978803927235,0.00108928877505581,0.00666704208388202,0.000488064763775935,0.0139099213230769,0.0121981332969747,0.0158351727456633,0.0148168200171216,0.0302126870696633,0.0108394419149118,0.0290011011445233,0.0010624195558238,0.143271518701832,0.00141062356280779,0.00366140685207486,0.475833331308822,0.0133132594601021
0.000323270207978851,0.0019767586349918,0.000326184047148596,0.0177939795811462,0.00289981271412885,8.43773660243315e-05,0.00619198534056816,0.00550017061056394,0.0792351198443679,0.00710142594453575,0.00400432136069184,0.0864419857963466,0.000706368095302427,0.00544291669118959,0.00375441429165767,0.0494543489021778,0.000181014141132776,5.24800114420028e-05,9.28194367350625e-05,0.0951830852751715,0.009782838146043,0.0122612760027397,0.087889835549329,0.104892358310042,0.00527878797509758,0.00932374968341793,0.00280721060556352,0.0531120700333905,0.00120044772161469,0.000646183256467973,0.00623503002489131,0.339823374398101
