0.563444065664004,0.000863715951165432,0.000743224608766686,0.0155741696633545,0.0194788164099017,0.0113670833395928,0.0243705319657301,0.00895355416228941,0.0301537870503798,0.00882344434509716,0.00330453506954904,0.00355432460895695,0.013869751639132,6.78040330650719e-05,0.00127034428750129,0.0425350817529723,0.00475968709296645,0.000372527692397284,0.000156967736360138,0.01053227878159,0.055960865145802,0.00937359819547822,0.0548634671220554,0.069364672550872,0.0128691451060967,0.003610692577967,0.00421140151407167,0.0036130242356588,0.00302533011525782,0.00169373801461103,0.00786163984130204,0.00935672972605527
0.00261094959964171,0.557884498857271,0.002040403247534,0.146183231332258,0.00483163861425597,0.0222458322350136,0.018492613860054,0.072822263418477,0.0353216306942823,0.0410836176261649,0.0055553341570012,0.00452704346924746,0.00149774634761449,0.000176797149030525,0.00373726327540118,0.00721637310437712,0.00390215031070609,0.00247686056165067,0.000675438974911588,0.00207460538501727,0.0312043744712854,0.000667999069179126,0.00727132676422774,0.00105200855571355,0.00364325415134428,0.00962979825961665,0.00104455753412007,0.00387403376831314,0.000487404042462435,0.000117475748862757,0.00430631478991484,0.00134516062505086
0.00475646567950029,0.0116179245277457,0.481952254159312,0.0871831348964519,0.00699585054872059,0.00348181788410821,0.00865734090623435,0.0362574239718751,0.0741450632285379,0.0253644962405143,6.92824084067211e-05,0.00714033077949038,0.005192768440161,0.000294765173703348,0.001725695110186,0.00764626487894207,0.00253659325857516,0.00571710028415539,0.00206839167127943,0.0432764755033749,0.00851432547325286,0.0206208198163935,0.0696180508437134,0.0646150590981403,0.00515525445463961,0.0021998362588488,0.000784570500444412,0.00200474801444686,0.000931446606546977,0.000309666194668412,0.000344590781625598,0.00882219240600451
0.00118042514882031,0.00806046307444295,0.000312662546735899,0.515956920378083,0.0126469986384231,0.000186107157546362,0.0170146107112405,0.0354173814541693,0.0447854812202821,0.0283324903784321,0.00378858858203733,0.00126860029508966,0.00577058311491315,0.000773329303597883,0.00434896763093685,0.00244784820546726,0.00177141769319654,0.000774348111449095,0.00221171462234307,0.129876953298621,0.00373752937297919,0.00823981480346047,0.0177916705994384,0.111369082295897,0.00527934002535636,0.0095050653922749,0.00435890749609868,0.000792612761286697,0.00903262631930587,0.000341550317170464,0.000605704475428753,0.0120202045754759
0.000288763917695657,0.001207735903152,0.000307147765861985,0.327587396488821,0.166739253218254,0.00271788932486707,0.00443256624408626,0.153015974593443,0.00976075740280224,0.146808775875583,0.00593722132929174,0.0178132661086527,0.000844261186337449,3.2379860220345e-05,0.0284963925108413,0.0163439577197926,0.000257106967019269,0.000357470198571139,0.000272921486742539,0.0280578923048614,0.00938061810216788,0.00540229122619708,0.0267250777821426,0.0307288110960114,0.00836212543910948,0.00217769587798328,0.000889424279999139,0.000606118097423705,0.00128829009851344,7.67664578732691e-05,9.87118433687369e-05,0.00298493929231297
0.000146087268501111,7.51177033345951e-06,0.00127805296470947,0.108238983365601,0.0214456572668912,0.380695446003774,0.0132291937735137,0.0946314949226712,0.0145693733096276,0.0387120187425609,0.0160364027037899,0.000609760947656945,0.00376888306094827,0.00515494415843603,0.00449813755495597,0.00497354177272216,0.000183189819118257,0.00132324305826756,0.000397391733161477,0.0966322618714329,0.0036324021068121,0.00962916304898086,0.0485816908908875,0.0920244457464573,0.00588113520799787,0.0191791048492059,0.0014872706018305,0.00605166580894257,0.00441772771604422,6.67904888716194e-06,0.000977173069358646,0.00159996583592228
0.00122731869894514,0.00136646972562428,0.00107344047511385,0.222430648995769,0.000791899694890781,0.00470759348957062,0.251199617319002,0.117372749827944,0.00959404513820868,0.0813938185621128,0.00498624775123454,0.0103257165326798,0.0039676631334135,0.000405859383387477,0.0128681965652097,0.00155746335414763,0.000201185380256405,0.000614378525448938,0.000360786973166394,0.0712735492403024,0.028005302283296,0.0105420003553403,0.0653707251116431,0.0778055206801617,0.00731566103109994,0.00483338986549106,0.00165994022358853,0.000622697106743498,0.00145348895836047,0.00208757246449415,0.000249087335557871,0.00233596581779592
0.00388644203336001,0.00920677641839912,0.000901254699032939,0.0786320649155413,0.0126852673314182,0.00255074835992886,0.0342846370478715,0.266371136956449,0.0417741436350373,0.0564611786229753,0.00744559279213517,0.00629233791340533,0.00156878213962545,0.000873549722601989,0.00541886428704467,0.00240860361785373,0.00372017910917839,0.00102779737557741,0.00254166759516159,0.188398740126148,0.0135769317260966,0.0160598856855683,0.0368505121753599,0.147475119606208,0.00684311301577538,0.0201182046713801,0.00733341606148611,0.00259696828405806,0.00927775176074374,0.000903156486050077,0.00341800291422714,0.00909717291430175
0.00483129848683778,0.00144745219006235,0.00364938841744168,0.106392383686785,0.0143217734275216,0.00385443504978184,0.0249719112282276,0.0568652681982759,0.514448646814934,0.0512734796539016,0.00665716317083852,0.00339664253947996,0.00338031249952177,0.000262917985076266,0.00583118160623074,0.0610638221831141,0.000801426252562389,0.00140980664541868,0.000401778365568619,0.0387259086054021,0.00809302323663278,0.00178516264055301,0.0258082857079047,0.0371984760627292,0.00176737323950893,0.0085294929156392,0.00287607750878654,0.00704592935455028,0.000902945093364138,0.00013678952296397,0.00182782312629843,4.16245840860776e-05
0.00143316285287206,0.00776790346616039,0.000677316895776178,0.0882231552888489,0.0092814611433269,0.00271483413609091,0.00730307827303785,0.0653390634493217,0.074870770150582,0.262996512636059,0.00776668306591844,0.00599921948817299,0.0100847427079999,0.00315873612283493,0.0233415856164955,0.0200645124902163,0.00398919380841964,7.073030708787e-05,0.00201198255274087,0.137017517155272,0.0177458465823145,0.0147138193823052,0.0302228069500118,0.132007122923754,0.0193927632567566,0.00806194237859197,0.00621517236804377,0.00121666941352113,0.0148063369033145,0.000430339371754888,0.000600655458144377,0.0204743634042526
0.00497415034938268,0.00486786529231424,0.000984283945351423,0.0492447025800672,0.014711036347446,0.00127036149366604,0.0399560161936626,0.0255169307438454,0.000465472572390386,0.0445962919520842,0.594349172251586,0.00711333541040085,0.00301976665977999,0.000513193826455374,0.0121688962886917,0.0253133563977069,0.00998202745157068,0.00581198371364481,7.77702273071224e-05,0.0271067099088312,0.0143097187550304,0.0143482294133599,0.0101229218938481,0.0214191273843656,0.0144734670040585,0.00357266471766136,0.00232037283450192,0.0173870934843294,0.00811552841286666,8.81756697284036e-05,0.00543920896204819,0.0163601678620163
0.00157178756256243,0.00396816631971468,0.00142301276069846,0.0286106587794956,0.0524131829607082,0.000180964220020453,0.0135117589982757,0.018251561916072,0.0122363817260294,0.0189240496896756,0.0117019615136092,0.535991595460204,0.0145618813744868,0.00187839785908858,0.00191910533759918,0.0253964312029101,0.00171161723129246,0.0200194194457518,0.00254546176365987,0.013301812183119,0.013858873191349,0.00952916040545586,0.0328761558414757,0.0299154820048584,0.0614699220764421,0.000649358509713243,0.000595747184756162,0.0212597815258957,0.0181453164267277,0.00334298923454681,0.0136365483067404,0.0146014569870649
0.00411649743726947,0.00184388370889313,0.000355655859560608,0.0375450411081747,0.0273445787708078,0.00353561466323891,0.0161165771983908,0.0129317406173424,0.0267080554313165,0.0184072470546165,0.00720174472429553,0.0498741656855382,0.590402793872655,0.0020197286043418,0.00969253541880713,0.0594594292363295,0.00591751704335862,0.00821796349238512,8.43941853563001e-05,0.0114628917347118,0.0171493966420618,0.00181110505594347,0.00544208458056936,0.0065463369737342,0.0276212188629481,0.00711362124399138,0.0135118059621868,0.00755088453024334,0.00669740785330163,0.00187885318568981,0.00326364090837339,0.00817558835356635
0.000413323203528427,0.00232414997342205,0.00336736471797532,0.00569498573179625,0.00900988412012728,0.0233115583076353,0.00122634632966612,0.0416936582109966,0.0555094656055745,0.0730088033690626,0.00653489211019356,0.00647434685030122,0.000565502223764026,0.600193896484565,0.0111697169392479,0.00745443782785372,8.05478277798249e-05,0.0059503127424064,0.00348466826045201,0.0234012085339004,0.00148286149794786,0.017194666746402,0.0355998230510815,0.0324427220347053,0.0001637772306513,0.00634582536633692,0.000465011485361386,0.0188302080557074,0.00493607984879344,0.000456086043622473,0.000278044496221672,0.000935824772920902
0.0014793306341141,0.000251635879852993,0.00192047942794826,0.050493738290787,0.0132418899537761,0.00136117098746455,0.0139454015298361,0.0207439092800076,0.0370407271114011,0.0133548568308182,0.00608481279420508,0.0308083348903425,0.0057202434207904,0.00258500806432286,0.681649271006126,0.00494534560945596,0.00219633436904316,0.000326179284798558,0.0016292339655698,0.0278625535183981,0.00725400301681717,0.00204660676847716,0.00431708830068684,0.0107076877465516,0.000753531757691676,0.0145535049487549,0.00508389582068845,0.00997296836532951,0.00768462666019249,0.0038058999944963,0.00674477509759942,0.00943495467365618
0.00370874427460451,0.00059695603985945,0.000432650378783706,0.012889264077853,0.0119745015666514,0.00105733322481604,0.0210274361065413,0.0143916384726137,0.0267888857958259,0.00518046515679656,0.00319598637907313,0.000120398758627801,0.00124480942483582,3.93451284364441e-05,0.000596509647382765,0.781967503013789,0.000210819914423714,0.00155865731545141,0.0010257682018169,0.0333651544977192,0.00633174802803472,0.0113564255427408,0.0208171123394037,0.0298529907144756,0.0027965781947696,0.00416406487760596,0.00149986775307838,0.000713329318016225,9.56546807351128e-05,0.00072966581375707,1.46685246873565e-05,0.000255066836794167
0.017761348991857,0.00267264930504794,0.000298245784574154,0.0237944958465794,0.000237417226227801,0.00175672898659994,0.00571293520260673,0.0212167982930606,0.0295482376078517,0.0098291496706988,0.00328650580032336,0.00679465460990825,0.0226621008472532,0.000399138267577613,0.00214875642537804,0.0343128150833154,0.706429901506251,0.00564772471073044,0.000304360229643925,0.0074383302151473,0.0227047180049786,0.00211943335792351,0.0102256251032976,0.0181660174175093,0.00402068097215817,0.00821442824736177,0.00223106848464117,0.00351273253730154,0.0033443855850202,0.000676847598880102,0.00305511108920557,0.0194766569910897
0.00374279006737322,0.000371242522576693,0.000889835821248494,0.0453435041306166,0.0147853582022916,0.00297829953894091,0.0167329429094353,0.0299008751437906,0.0206417278522112,0.0188048197451238,0.00423347091665933,0.0122187964795489,0.0020567296689838,0.000744375835738634,0.00291871936696246,0.0250273638268137,0.00413569203883067,0.40838161073889,0.00169815537153279,0.137685244260997,0.00199178202751211,0.00304472570138356,0.030289212201958,0.141206734403325,0.0128214604171416,0.0341357373769622,0.0107710016904681,0.0028654711252973,0.00118702705950457,0.000875558785828673,0.00749728517097558,2.2449601077541e-05
0.000177025207999675,0.000946001729562159,0.00233431968480189,0.278159396006883,0.00234986808788777,0.00301459990500547,0.00140288526051912,0.120174363449215,0.013970044035462,0.123241917952445,0.0065310723091243,0.0202200281176824,0.00474108045354135,0.000171160479258068,0.0483990805829852,0.0339562214112585,0.00192365755381123,0.00894021403478335,0.26182447866235,0.00268658961056959,0.000643645286093138,0.0051473326129614,0.00807790078903143,0.0088938174320551,0.0047032347891726,0.0268660470123458,3.73105960575045e-05,0.00399131695801331,0.00023116309821756,0.00252401902065263,0.00347499272186168,0.000245215148393721
0.000808118047885731,0.00149707862091102,0.000675768443540024,0.139003918202158,0.0254375402891818,0.00440309354389996,0.0337569076507711,0.0619293139903267,0.0268002419946378,0.0926528036370658,0.00319709280240409,0.0182100426230665,0.00201757877180224,0.000160719998900861,0.0359747841621906,0.0752816955816789,0.00341546099104583,0.00831971592493159,0.00143197800241862,0.394342588557445,0.00282534396350411,0.00488872102299095,0.00880512483488564,0.00907837148484043,0.0112232649715549,0.0255168655536291,0.00086836414374737,0.00125752474261807,0.00417713467176586,0.00119998572477746,0.000679582324156455,0.000163274725268018
0.0023133487189444,0.00100617092458732,0.000278420656777494,0.214175816467969,0.00172414047214525,0.000743388476955554,0.00755092467616967,0.0834899262305356,0.0055869883426787,0.156389695275531,0.0174141116225031,0.00786893647303806,0.000918511774034665,0.00108447584956601,0.0151086888368979,0.0163460252822454,0.00152098238355094,0.00937523792320061,0.00130643114363167,0.00930837276079509,0.377985462628092,0.00731896293435718,0.0398456117355406,0.00437408665537265,0.00356960082720629,0.00179317899691222,0.00120135451191825,0.00447253621823593,0.002631634088336,0.0014475019742435,0.00157325948710159,0.000276215650926059
0.0016919042117468,0.00315995117872732,0.000790650914652845,0.108461824069524,0.0192154375502617,0.00178287503793797,0.00727910106188044,0.0391114126507173,0.00738532091666968,0.0654294441549751,0.00355873335386155,0.00685153255569082,6.23329128232803e-05,0.000959161191408237,0.00834492401802228,0.0428380185976219,0.000717420189874938,0.00908134775728463,0.000257105865584153,0.029532355252465,0.0127281684048811,0.514220543415197,0.0316710389175304,0.0308849192316085,0.0257468008026266,0.011730263848193,0.0075897020795947,0.00142741857189877,0.00130309199411346,0.000383607464485928,0.00232074992559781,0.00348284190254318
3.09694550547413e-05,0.000681370092341725,0.00019522641739135,0.136018848351464,0.00817292376624771,0.000829565298646555,0.0144349570825122,0.06630283090814,0.000572305631179333,0.0751984252943433,0.00830269073126848,0.00173441484311844,0.000286013710485724,0.0007054123762443,0.00800822404256532,0.0178726465553756,0.000164880426426273,0.0144489546820019,0.000174169756818902,0.113668436426411,0.00569315177098649,0.0244584334303683,0.340033323507649,0.112034070362561,0.0216099809843938,0.0165037154755537,0.00189142263141483,0.000619192060226914,0.00351748868787851,0.000792855650402837,0.000242258971077311,0.00480084061945012
0.000300160652119148,0.000539295194997398,0.00044424478906633,0.0705383157608641,0.0178582502139342,0.00228945994061528,0.0201425036609714,0.0249173944338717,0.0276156002674261,0.0523801044437402,0.00102808329358557,0.0124313612234158,0.00430405894142003,0.000380620146232481,0.021459444628366,0.0384435587241344,0.00179851765761293,0.00344946859695077,0.00324565520571636,0.0310603438451229,0.0047412789063978,0.00239669133874486,0.00148713672556095,0.636346815254214,0.00362425536847554,0.00778265461776348,0.000509763959633895,0.00222363096852846,0.00378049362720172,0.00113840835962704,0.00103885001366091,0.000303579240028443
0.00343054095188959,0.000805406719313077,0.000166361529065663,0.0692459955756815,0.00159507297832804,0.00281113776869371,0.018671373437211,0.0251592429512809,0.0333727941720095,0.0331526348185315,0.00272398801045643,0.00600770128865501,0.00645687442380969,0.000489418833031088,0.0123170183048961,0.00446714993860741,0.000599819057230809,0.0110863724716013,0.00122827329141299,0.0546289848607315,0.00378947249525752,0.00126426619103899,0.0355135395407977,0.0382278014893212,0.60098089850789,0.00576598684384359,0.00378720486811376,4.19759965999631e-06,0.0115728964958815,0.000100696317222275,0.00106982683817007,0.00950705143036694
0.00407444847854771,0.000140284254862251,0.000399928169061852,0.194252903130507,0.00977992211126265,0.00687748301989704,0.00746219359816471,0.0899560622082802,0.01831531979404,0.0453329069162259,0.00458054008729847,0.0273967172173367,0.00108086887309026,0.00252065187090715,0.0156358430634039,0.0374703987229038,0.000329806548473616,0.00323757531738129,0.00166837608582181,0.0355202437246793,0.0144031091048746,0.023159708480238,0.0321398923640209,0.0352196945671063,0.00638609431737697,0.341019678395307,0.0214768116353314,0.00343651415521316,0.000923922502071695,0.00200164490302074,0.0090677126015033,0.00473274378178965
0.00265610047487947,7.87924667280452e-05,0.000624529183215781,0.0487337347218525,0.0308189369324485,0.00184777807329348,0.0174820440481861,0.0289563951408553,0.00493987735082557,0.0146135038192201,0.0218874480171447,0.00344914832319479,0.00427043382786605,0.00343400880707681,0.00094428594880156,0.0170561138910081,0.00131323133217866,0.0015698594489172,0.000116731345092011,0.0286708863204577,0.0158875663016136,0.0180149594598393,0.0283289657235108,0.0300118024671308,0.00268667863662072,0.0148743476286923,0.623278830502274,0.0121205938497172,0.000184739723464611,0.00194112609587488,0.0167527403138047,0.00245380982421505
0.000897832653239806,0.00248274577587535,0.000185459324083509,0.0200844457353754,0.0587581111614049,0.00306023419985111,0.0371923371698284,0.0426803571549611,0.0024689599279262,0.00259653684023445,0.00767796222019974,0.0106102529470288,0.0225296319721714,5.01029906108626e-05,0.00222444620580053,0.046023841902211,0.00217710710205941,0.0267013156104295,0.00297047912784471,0.0143901556227571,0.00350506984333169,0.00789407950505358,0.020865510519265,0.00506360453531667,0.0612114350621634,0.00248744210074473,0.00286190695996904,0.53784892160566,0.0421419725352433,0.00346904740189854,0.000185168813534343,0.0067035254739263
0.00328781375211755,0.000437708058425969,0.000713536340267849,0.041962083799077,0.0429124628641988,0.00456654578037792,0.0159368109732362,0.0229419889090189,0.0429394126480552,0.067736076240666,0.0107070944201057,0.0164599307724267,0.0237999552636894,0.000572742415273065,0.0130421527678662,0.0123337876317924,0.00217361252381088,0.00226849212949301,0.0013105322834018,0.0441180751911654,0.0220592105912709,0.00128492196461092,0.0125776621313049,0.0525815158909261,0.0179478966067348,0.0306888065850015,0.0207020100328699,0.00783445953118086,0.455905469090417,0.00108164063962824,0.00468356053658201,0.00243203163500686
0.00675065959374418,0.00784914290056954,0.000238821877901541,0.0969289087417664,0.0287423972509664,0.00538301087742309,0.0464102179479313,0.0331382213603472,0.000323789426064553,0.0482168212003055,0.00405996010609095,0.00253642343370921,0.00218996090238158,0.000764326321973067,0.000194803253363208,0.00926057238487371,0.00056733418264428,0.00395960635602683,0.0090897767087074,0.0255970099718496,0.00319011184507161,0.0110442748230165,0.0257504149600134,0.0188327400864589,0.000479640578313719,0.00449443109091816,0.000147616566779573,0.00202760018516623,0.000710281330222712,0.599832488355936,0.000884948343760131,0.000403687035703645
0.00365478447387886,0.00182812496424324,0.000705605759424565,0.0553479591319289,0.00568630011572089,0.0013725605538696,0.00458716723893771,0.0306402597341689,0.0139933579264353,0.0148783607944489,0.00289310056869178,0.0134139054578468,0.000181998277545978,0.00294840059122962,0.0215983365155017,0.0115477512223431,0.00282151154448621,0.000437650801785689,0.00198703701825906,0.00336587829309287,0.0176785420047903,0.00557197315651063,0.0323300644559362,0.00160043141226658,0.0200520673402641,0.0179301571116565,0.00174840400642066,0.00175538469945028,0.000165944586008856,0.00487055604555919,0.680273633828373,0.0221327903689244
0.00492894095734594,0.0012788102537973,0.000665601229134411,0.0482251189633103,0.00793975439271045,0.0015010061825345,0.0051532693218804,0.02384621865952,0.00958954457968655,0.0286410266994187,0.00118230710586886,0.000808065963423769,0.000350313999029415,0.000258032058071323,0.00879302823507801,0.022707012089136,0.000523223358932348,0.0119709727736561,0.000237896966969402,0.0867375176101618,0.00491495524461524,0.0343959910866839,0.139219425459214,0.130301616839752,0.0412427281273997,0.00413385401351638,0.0039200400945842,0.00310034226357986,0.00199190060531211,0.000415298080509591,0.000788838355346221,0.370237348429821
