0.786530559326079,0.000803820073255372,0.00010793145334652,0.00931819244649252,0.00383127187118658,0.00385626587974259,0.0220281705050534,0.0032183533269187,0.0493213714830691,0.00287897104050848,0.00353934428634984,0.00439117280530897,0.000373978288541739,0.000574253681890028,0.00311837942714714,0.0298165426175874,0.000441744274663754,0.00235601864995386,0.00391821424652878,0.00799813390514656,3.44286930934225e-05,0.0107950754606462,8.88679913397463e-05,0.00322701695399894,0.0230430133899353,0.0028058956305881,0.00158849570532567,0.00362223291321411,0.000371572609077271,0.00412748195603071,0.00945052292879748,0.00242270617918289
0.00353074689362412,0.805302798414304,0.000277765020995217,0.00514115459830827,0.00216652750310998,0.0159957831896801,0.0326327562760409,0.00403769877192569,0.0103112981148584,0.00229045222283037,0.00052732225446597,0.0125718540820745,0.00534397208303285,0.00050620275517071,0.00471434656789037,0.0280682697344789,0.0157422083169029,0.000835143592921244,0.00453529931858162,0.00204767900374362,0.00202602366943886,0.000143472818482913,0.00283073206601779,0.00144208284606381,0.023595026036278,0.00475736144991129,0.00144132129567665,0.000674096115349727,0.00350361369896831,9.18379018038182e-07,0.00145570384798344,0.001550369061872
0.00302210428888003,0.00380374227946098,0.832981214718407,0.0181473823144649,0.000592692176881791,0.000309560215513922,0.00930977088977055,0.00650431136076196,0.00656692685732646,0.00820692119590477,0.00217539359911288,0.000751839280492336,0.00361019379340869,0.0119154294790122,0.000437287059160432,0.00361191909726335,0.000476671943879585,0.000101734158855701,0.00138359048471584,0.0299729203515205,0.00506324468903432,0.00111078965096978,0.00177394145036527,0.0161115867186063,0.000704475988649763,0.00966160453136332,0.0114240845424574,0.000589537818840883,6.69034392773401e-05,0.00267452902675349,0.00606191479921614,0.000875781799672396
0.0042395354779754,0.000777956649852541,0.00357420919707958,0.702023350937511,0.00148617926657888,0.0215763355572526,0.0624129999396118,0.0251562615355334,0.00241974747522349,0.00912147710659808,0.000117758772259103,0.0086190530684025,0.00131216355494778,0.0166862074439335,0.00522271426857628,0.00147025899744152,1.72679014874166e-05,0.0156421591829025,0.000168597742086031,0.0194980536687491,0.0168392639179008,0.0020165046320941,0.00132543965719678,0.00906625014480432,0.0321730023558751,0.0147695727095879,0.00428568344955324,0.00299415489391234,0.00499900221376251,0.0089020017823169,9.55870504994406e-05,0.000991249448494392
0.00146719074170542,0.000411896815810002,0.0227018220330295,0.0437328860455674,0.542612382251977,0.000916729976459561,0.168489604084464,0.000667783783098426,0.000640388252306081,0.0397779288875148,0.00147229098900681,0.0218907176998082,0.00396835326898893,0.00245087844795654,0.00243695473572148,0.0685350213200197,0.00279346911073679,0.00044965716102635,0.000635833474780408,0.00805894608627408,0.00887716187395307,0.00385700620296409,0.00244524985888148,0.0100408016674552,0.00229164493642151,0.0153820186250541,0.00357283660513478,0.000209101073676628,0.0152186054352726,0.000780419484264006,0.00123388711045881,0.00198053196021189
0.00572883372274772,0.000882545879459457,0.00150707003764847,0.0362566235269089,0.0324160595160147,0.752007174477683,0.0323580547999311,0.0260798597204444,0.00264425955915236,0.0060941755226995,0.0117084026631545,4.00654633403614e-05,0.000256214855989758,0.00298297760748568,0.00291783249211489,0.0307351770480686,0.00161512924951506,0.00324040869592709,3.00456231627106e-05,0.0185391685986295,0.00137896301812299,0.0102708642484937,0.0013068391821151,0.000251817406027027,0.00743043712161019,0.00388447871625402,0.000836212883108736,4.37900989619704e-05,0.00149859964691981,0.00194573275241047,0.0018718110112394,0.0012403748546585
0.00881496745452814,0.000595454623278968,0.0020109849143066,0.054665996254789,0.0394734326934258,0.00458358699317794,0.771307629119198,0.01393213039294,0.0239557805452474,0.0215172818508026,0.00666267542763424,0.00236760381581421,0.00211107331708281,0.000300410770070896,0.000938125792092434,0.00321987046655753,0.00416911167506379,0.00116076632025961,0.000164322416161088,0.0125293021024659,0.00277236392078064,0.0100231033252808,0.000930195812353927,0.00155825060338613,0.000716968029086285,0.0011791661739766,0.000784007382679777,0.000673112640942127,0.00194498391431707,0.00171835847223874,0.000725327043872605,0.00249365573618784
0.000821025500817755,0.00131461808887218,0.00642458214722704,0.0685718262787355,0.0666230567342396,0.0356438994313576,0.00659891535770646,0.653889763971545,0.0199655352556144,0.000455830817760727,0.000625679389287698,0.0111268040419198,0.000519996859218737,0.00270948234438551,0.000113437514625371,0.002671231991449,0.00927434528878016,0.0023741594512202,0.000510971581628342,0.012490199241085,0.00909546938100138,0.00622962031039265,0.00166536880907438,0.00974129144432527,0.0406729801307464,0.00058560709720282,0.00295815856002234,0.00395407182058124,0.012348612110764,0.00109230426535045,0.00273404718333927,0.00619710759972408
0.00246312970796954,0.00250809739797407,0.00169986833749104,0.0067198927105094,0.0144307363522416,0.0282242996984265,0.141201228187762,0.000134579482292246,0.676579483211267,0.00347900140970216,0.00465550112442089,0.00310175382607414,0.00146722063465537,0.000617437965780412,0.00302087041552585,0.0374306964394291,0.0014962916064411,0.0043401355499776,0.00210198466800669,0.0060012692416859,0.00751150114244937,0.00100774438508427,0.000248738916449609,0.0110860273322764,0.0187218545277696,0.000296601125371734,0.00272342872645306,0.00231982147503765,0.00132999915667278,0.00522385902216139,0.000185339254558809,0.00767160696808341
0.000919807998310677,0.000497956258077901,0.000286274434618053,0.00692748208224064,0.00255507796690796,0.00461051781362323,0.00136989032757619,0.00368798068170413,0.0134155666269882,0.814457602591443,0.00243652080825765,0.0374291765704798,0.0107724929783565,0.00309235846174248,0.0056167014280912,0.010489344820154,0.00104013755221392,0.00511583719200216,0.00301824709950164,0.00686193931492925,0.00220536902547488,0.00304415744523516,0.000869903248274017,0.00547316387752642,0.0133066821834631,0.0115111987601168,0.0110585533323748,0.00244338887322272,0.00847077452218395,0.00395101487352572,0.00274312593096152,0.000321754920421907
0.00038935653675246,0.000539014088634788,0.00104122312908742,0.00496636871822669,0.0342399474042427,0.0546349932328242,0.0635347803300077,0.00149266952338602,0.0023772735919186,0.00571155404691178,0.73018604253301,0.0214791440338145,0.00151439285605956,0.00319549237084974,0.00955747364777997,0.0104804421638331,1.92759729094243e-05,0.0015826400736514,0.00108277710662869,0.00163159115641226,0.000755021142184339,0.00047971652373221,0.00192920348899002,0.00360782670402707,2.66226781804404e-05,0.00411372359413378,0.00220623319011175,0.0198242542123352,0.0127154665393046,0.00407211584797529,0.000343858000048925,0.000269505562034877
1.42537232228093e-06,0.00114852712350915,0.000175918633420892,0.0210694482221516,0.0268310026924891,0.0154453461193051,0.00215716935227811,0.00817540109681461,0.00159534616330745,0.00663738965894919,9.50147196870248e-06,0.816050895007257,0.000487342217021471,7.17667025618746e-06,0.00846518302001827,0.00750663363943729,0.000275838258848632,3.19728625347396e-06,0.000983661386373487,0.00911951502042549,0.0010436973163649,0.00355577701698388,0.00290739137417482,0.000134274533413129,0.00459158959273517,0.0513679578628576,0.00182951184852879,0.00365357394131478,0.00034707633911075,0.00167411362873495,0.000486618443490927,0.00226249968988227
0.00155210140077752,0.00414180198722541,0.00411541163344602,0.0184964034722675,0.017107160151958,0.00132570863653995,0.00373467590401241,0.00942589835810725,0.0266447116233339,0.0264000505949667,0.00684019327542524,0.00343523390353222,0.781148701094301,0.000978359676419497,0.0153420844346181,0.00622909092406757,0.00433564488430832,0.000725687754708272,0.00142916263291511,0.00161480241389689,0.00612026723485413,0.000206523166251375,0.00145116092963769,0.00701324994436143,0.00279890219087167,0.0030343061650685,0.00697736019258319,0.0309424114975501,0.00346102532930855,0.00142953080485638,0.00140904497261618,0.000133332815214282
0.00107409611660852,0.00141816248333359,0.00485019072459286,0.000509054440214582,0.00970015213517195,0.0280500602660041,0.00443162643465452,0.000890985925400731,0.0161321954159401,0.0025897763013307,0.000434167051073816,0.0397733774111698,0.00247490360880594,0.793071066180131,0.011128518545211,0.00101494051148006,2.3668104106437e-06,0.000646824257002685,0.00116410313847813,0.0187536100500653,0.00290409013222924,0.00170569868789201,0.00176149888753917,0.00344437314959912,0.00246756631045249,0.0160370571702857,0.00238903565852592,0.00654902274945365,0.0110897260165316,0.00995314881512524,0.00346250120246297,0.000126103412823208
0.0032752156660296,0.00851675491926993,0.000314702640095768,0.0133160069689048,0.034764263023955,0.000606637746366822,0.00775791610341607,0.00451476661855031,0.00881445557198889,0.0221550573823514,0.00232396665304042,0.00563474476492434,0.0468091781088804,0.0016214109052237,0.746403211632869,0.00141040781870796,0.00535358283930336,0.00300606196497128,0.00456677915096515,0.0109931661908201,0.00635144704057606,0.00671506553004167,0.00452431183377128,0.0098831018172941,0.00534240703350296,0.00325215321572103,0.0116343498950067,0.0134911794854007,0.00254539493129872,0.00356959498304777,0.000455719666496708,7.69878972076164e-05
0.0102064061253887,0.00375977879174287,0.000314396186240936,0.00319709408587178,0.0135482510593192,0.00530477931923411,0.0646398105431861,0.000200938868701713,0.013071914247864,0.000574886431419189,0.003454206166003,0.000693327737918855,5.95245367530792e-06,0.000605127660611026,0.00463938066323833,0.846694619607978,0.00175362546385038,0.00112343003936986,0.00107129282111819,0.00340642513154001,0.00307530027137024,0.000961060540611733,0.00143734625067561,0.0057613872347212,0.00118971113128325,0.00127323910554731,0.00110761542864696,0.00236742959760908,0.000405478647586413,0.00258978325048056,0.000652053914675091,0.000913951222521215
0.0114472814008034,0.000925597967148204,0.00298261746409183,0.00231471209886924,0.000256759256080909,0.00875496584057674,0.0194910488270885,0.000143349148716876,0.00642710062408255,0.00727180675140309,0.00809820067291691,0.00512776620694992,2.67104073798568e-05,0.000820542849935972,0.00145822480514385,0.000692060412605591,0.844728812437932,0.00881826199372114,0.00376360177025833,0.0107717882264574,0.00231677337269571,0.00887148085466622,0.0020137297027538,0.00491512792402194,0.0229024174213324,0.000956327932453083,0.00127454151370069,0.00682482665226458,0.000754320674476874,0.00142737937462286,0.000592996776386634,0.0028288686384634
0.000959430314693209,0.00220852067223315,0.00607070902939427,0.00245044401119554,0.00925029184007176,0.00401744750852171,0.000210161460086419,0.00449299258993174,0.013375999333147,0.00291304213577196,0.0183750125069284,0.0185492529383822,0.00964636587464518,0.00466698878585058,0.00287349156440194,0.00474905732553652,0.00339146863606677,0.824995300724103,0.00987293937956687,0.00727057369663456,0.00388392101370595,0.0071025431802857,0.0044745544792278,0.00708922006197028,0.000519300484140669,0.00189124195298418,0.00491890402809485,0.000915324566933185,0.00370655459329671,0.00474105379472807,0.00249696935880942,0.00792092215866066
0.00169976894701277,0.00167037161508069,0.000878096922358695,0.0112874856111949,0.015883914332295,0.00589738072013594,0.00621134535391658,0.00264856065393068,0.0106435076227667,0.00932127172187562,0.0092456678568303,0.00459878069217554,0.00674713707969375,0.00099551791725153,0.00428297008989781,0.0020423854177938,0.000118464560927623,0.00445655513575655,0.792861894961714,0.0173082542621412,0.000562888803146625,0.00642396121455651,0.0381409397005022,0.0151684845530917,0.00129650611832495,0.0014155888873455,0.00158381190511411,0.0084985708635754,0.00018909945532498,0.0116720785892872,0.00392432613660961,0.00232441229837144
0.00146291010528011,0.00123031947808765,0.000414603057325116,0.00969892879058968,0.0100693695080718,0.0101918967829429,0.0221142355660249,0.0127281799736001,0.0218814856755271,0.000490919760421326,0.0119381858155283,0.0434183004622163,0.00325283659363334,2.93530548485908e-05,0.000464031954239996,0.00296504942099563,0.00816279672897187,0.0041352091380775,0.00473966777441741,0.698542262892358,0.00936926972840976,0.016163575968134,0.0216248792476432,0.00106469771132587,0.0162509785074781,0.00418247233180177,0.00714153340610409,0.000714239940120418,0.0349574058403062,0.00837859097226976,0.002449190974344,0.00977262283890561
0.000314038189397781,0.00181848328254,0.00022805418381472,0.00754047708044336,0.012848818139869,0.0091811181497481,0.0641645559845842,0.00809345784026592,0.00428315402336218,0.0014949422450682,0.00410005492476227,0.00471578288857928,0.00112392703887002,0.00095327121459038,0.00681800132176762,0.00694851472927221,0.00370908560263114,0.00192655779828722,0.00243254471724593,0.00123500349872078,0.799540504878129,0.00391029434080713,0.00379296712852417,0.000597243218765263,9.15055195422518e-05,0.0289924386200341,0.000445194699860693,0.00151362865786042,0.00288961670836292,0.00177269146538481,0.00422307707148106,0.00830099483742762
0.0119162796863675,0.000776793371797,0.00114977851353841,0.00557707357535307,0.000960420246576776,0.0376609853681489,0.0125836949799516,0.0134914102848851,0.0460493757524741,0.00434761770610644,0.00382844471857976,0.0188606596830945,0.00193089205149775,0.00215916664938064,0.000500419342162958,0.0308738064597465,0.00286622692309623,0.000985838329595752,0.00830781514853712,0.00825062925146285,0.000758254692014915,0.721888712176778,0.0133148316290707,0.00106910960745556,0.00118406682276214,0.016587442947395,0.00241985593522773,0.00302442937079698,0.0186852229944028,0.00171124965520614,0.00552960847176689,0.00074988765477034
0.0163092859362897,0.0154632039097587,0.00239162057353797,0.00178596460585885,0.00291730121768752,0.0142941402230264,0.00721716301317923,0.0046451707710151,0.0174628032048575,0.000305982654083195,0.00090678324599354,0.00315204866509591,0.0012910203886154,0.000321039077426776,0.00559044470153287,0.0206409760158984,0.000789225139769282,0.00737176248384583,0.00742104107530889,0.000813615077721785,0.00447254593524637,0.00424994275403938,0.821957429585326,0.00276300670727493,0.00374949160143866,0.00810710232414635,0.000851654943737316,0.00505073275533141,0.011490017093817,0.00187557409666733,0.00116366789983949,0.00317824232263266
0.00148880300471708,0.000440544119505821,0.000222621070577472,0.00108245029442092,0.00300056740871452,0.000770023888556546,0.00705303019641211,0.00776527560909228,0.000987497404411999,0.00184624981315373,0.00379802252798165,0.0104843763157949,0.00388126996913027,4.83132768249829e-05,8.74958428671179e-05,0.00965327753400302,0.00461080193377946,0.00152761625896413,0.00596518386470068,0.0106094078621168,0.0350353045988759,0.00258767050147803,0.00038455446706765,0.840025662570914,0.0131130094637806,0.0125371067052256,0.00161970211247163,0.00198578236149118,0.0133216262471639,0.00141423997238667,0.00135422795443071,0.001298284848988
0.0105172997185225,0.0137029536599651,0.00281747189251081,0.00371755363384269,0.01629793790824,0.0161084703160308,0.12831538220181,0.000785244877766129,0.0406255120299755,0.00115945294900341,0.000816111712919729,0.00376434092135175,0.000412935194472285,0.000981171561275806,0.000505114812295189,0.00717684553521429,0.00224185113473668,0.0168253704240349,0.00211846039929864,0.00135372487062202,0.00834052417666555,0.00852335391262385,0.00850907726072803,0.021675346010923,0.64930661211015,0.00561353239480496,0.000182518746785114,0.00710491214357583,0.00421189375106054,0.000210919123467647,0.00348279467149383,0.0125953099438337
0.000908270694089099,0.000903820242179697,1.50566323711342e-05,0.00316396964103502,0.00835933445749085,0.014507798603127,0.0493454604493017,0.0062338890398609,0.0113236337198585,0.00113085814923646,0.000286221409463388,0.0182741089041716,0.000842509597582018,1.37717076221823e-05,0.000196915237551481,0.000611364662134916,0.00243139672648476,0.00137686360855718,0.00236359669158465,0.023522666014627,0.00357451244051717,0.000722542383117788,0.00219959760245168,0.00185792668736237,0.0116304206922697,0.783264107344471,0.00759311183515439,0.0078128692092669,0.0188205946567872,0.00247828205101105,0.00538243585467828,0.00885209305458303
0.00328114276469884,0.00251578048993387,0.00433839887692351,0.0149519827586928,0.00898166553270168,0.0283972921920025,0.0544200691332503,0.0189068058680734,0.00567943582286594,0.00985687297989813,0.00131840996099774,0.00216191555534117,0.00134127071136102,0.000202996806774768,9.37057141464908e-05,0.000765528840401081,0.00339863750561988,0.000277568593303751,0.00169440147561754,0.00480074602642297,0.00136026014658158,0.00783530476455561,0.00406925757924696,0.00848789597141484,0.0119426472081127,0.00477270808739824,0.703021159121942,0.0054929096277802,0.0614780074050749,0.000183585514576973,0.0214455482879983,0.00252608867629037
0.000112845127965854,0.00193853436801318,0.000285849900345664,0.0128980458012877,0.0049328023473314,0.0108234736063762,0.00391627549085791,0.0149131952193272,0.00516803277206943,0.0108808752875216,0.0100809149779292,0.0038795223129338,0.00505392539516975,0.000122818126567149,0.0138802507239187,0.00379940304945009,0.00210096278501629,0.00183582696446769,0.000127395915069621,0.00263888205678325,0.000500491769478097,0.00195452536856628,0.00718625087047031,0.00103106862434131,0.00317106368900547,0.0172534442697541,0.000353254094196263,0.850231515956123,0.00196992123445745,0.00182935148821772,0.00333798650905471,0.00179129389793407
2.8224864042435e-05,0.00309437295975721,0.00360119796762189,0.00585402691258551,0.0274492849137668,0.00279614261768034,0.0216670819837523,0.00147306653237742,0.00211284694301538,0.000600575674704825,0.00387754387725866,0.0317045594427347,0.000789189660393672,0.00297645811115796,0.00405245848542669,0.030837060148273,0.00236124125945651,6.75062882229044e-05,0.0021306786777191,0.00121892758774262,0.00260978089362699,0.00385310310110286,0.00227455061864509,0.0110238467326349,0.00350665286637101,0.00692138730429046,0.0100494520167894,0.014262269074175,0.782646154140661,0.00181386737101162,0.00483525879524842,0.00751123217775299
0.000109976107264987,9.04852508068278e-05,0.00345602275733331,0.0141654625464416,0.00815640895545262,0.00645658496895127,0.0119858518652989,0.00107755065875416,0.00476630285017152,0.0155107137717686,0.00442530859062716,0.00383505345179626,0.00319938281287578,0.00757321223373878,0.00903142570276172,0.0117685383258083,0.00302250100420453,0.00142609351421223,0.0200003043858407,0.0108197955053424,0.00281361533473708,0.000588017833334553,6.66472731479049e-05,0.00470384736838857,0.0048453402198976,0.00709820554186675,0.000792363028730911,0.001456821859737,0.000396706619255785,0.830085048369739,0.0059893388236414,0.000287072468071961
0.00990661463685724,0.00410630028166976,0.0044796657702816,0.00128202875293836,0.00219169530165623,0.00703391136378728,0.00122921167024847,0.00236629230148966,0.000372711475869015,0.000880164939539633,0.0103889171219033,0.0187452446006619,0.00274677578983639,0.00459006316564341,0.00585678975314841,0.000707005786866862,0.00139640024751897,0.000640950224618602,0.00217574657117343,0.00347209287631123,0.0011763792009669,0.00726536930629986,0.00403743452354578,0.00342399197443211,0.000800181693999276,0.000804230511792669,0.016811503022196,0.0186206982433811,0.0240690380844735,0.00142677325161801,0.836344919368784,0.000650898186490921
0.0149638065980507,0.0139366937137924,0.00082906591296922,0.00220663437169613,0.00271164677448616,0.0104913157017847,0.031569338202307,0.000519997927572744,0.0010106846385691,0.000365098990478024,1.72505632277125e-05,0.00977858551840372,0.00108685273268982,0.000256848744605308,0.000263606087558134,0.00781566010800254,0.00628546413605862,0.017679306084249,0.00135609060695153,0.00350887953139162,0.00414561607417841,0.000866405165572023,0.0116835594450143,0.0149749835971651,0.021023406210993,0.00456210400760316,0.00300417453765754,0.0280084210430896,0.00438585739011191,0.0020454541177983,0.00176747628104578,0.776879715184927
