0.642289544306171,0.00304521239879197,0.00291262822977682,0.0199647080977359,0.0419266364278655,0.00128854638733618,0.0287788552754629,0.0576282876116702,0.0486726036803843,0.0168803889651592,0.00223798439652036,0.0235847742286122,0.00344935710376938,0.00220740544088129,0.00267798868054396,0.00492888103462099,0.00820730574052826,0.00521325751959616,0.000533526906807616,0.00242966231619839,0.0209987722957727,0.0108576631730725,0.00180397942726642,0.0169798883269737,0.007712341848081,0.00165079114386601,0.00235784561482327,0.000547571003101744,0.00709872724288338,0.000241377687123965,0.00167454108240078,0.00921894640620234
0.00202736445440287,0.442797663146104,0.00618365707275551,0.153779461294035,0.0474680550077365,0.00412633844939869,0.0152478942928152,0.0720347306067312,0.0551147602253908,0.0175086482387663,8.35854433580265e-05,0.0179451631323256,0.0321831154539663,0.000610644969089133,0.00283938898429765,0.00435499713462765,0.0096241777062356,0.00599073980573571,7.8647172463784e-05,0.00255596106254289,0.00941893432667623,0.000507618009737341,0.00380386007123497,0.00844395043697739,0.00730200083876661,0.00708917502112262,0.00047873081094393,0.0171130545742211,0.0177810911151488,0.000578760165617542,0.00979647025313739,0.0251313607236378
0.0171925095711999,0.0185651263412914,0.581182683359687,0.104622716938078,0.00871545815584621,0.00720670178332914,0.0039586952873223,0.0130432311943485,0.00756489683922049,0.139109920186276,0.0101363014476951,0.00540910616527954,0.0143097813125232,0.000145956428900186,0.002576615746306,0.00245331475600365,0.00625730393459909,0.00478491255620146,0.00024616610855917,0.00444721075600781,0.00787667136313968,0.00259712557149128,0.000101294784788362,0.00440617280732575,0.0047494708056173,0.00324009801355904,0.0020941607416835,0.0155083115116017,0.000948479359309764,0.000639759479665507,0.00409362240714071,0.00181622428600267
0.00426518513225176,0.000219999600882074,0.00515884759873569,0.532048841617298,0.0325848451052576,0.00137634831972019,0.0266613098488443,0.0817401144183607,0.0158795990877353,0.0503565434566997,0.023229130098579,0.0426435343323682,0.0488506237920659,0.00760215146228876,0.00102838423451361,0.00618731715735752,0.000215013043968976,0.00083927539584207,0.00172541347953233,0.00310263404606859,0.00449919393870513,0.000737575728053478,0.00166010733211871,0.000636905721681437,0.00389225678494793,0.00230961113371858,0.00492349687445388,0.0797564142941537,0.0021686112762405,0.00401701282866504,0.00810094679242721,0.00158275606646432
0.000772228211915078,0.00497002520576854,0.000761270991216927,0.0878678239680767,0.561765157913841,0.01715371896101,0.0679271720946973,0.0421418023154428,0.023077372994313,0.0730675066911126,0.0126584501034775,0.0349351692401526,0.00536866714410228,0.000105487879679688,0.00555239303757347,0.0176865718880768,0.00188287028588211,3.3757869872296e-05,0.000487471725154056,0.000346797679638363,0.000457872541385984,0.000300807036719197,0.00246708245810676,0.00191315994859076,0.00399909285435704,0.000451048605781376,0.00211277731474916,0.0180433803928698,0.00531617582121142,0.000576914555706416,0.00137658439851244,0.00442338787100605
0.00586162433675853,0.00364835661697438,0.000941005334170989,0.129743980204852,0.0363605563439953,0.512199470494883,0.00496754333887213,0.0147845909766536,0.00630868938626725,0.189271190559553,0.0233175117860087,0.00689027859082035,0.0130211478438371,0.000181974836455213,0.0161045487923936,0.00851477450212331,5.14614951621534e-05,0.00328599262667294,0.000529881982864737,0.00104136244615171,0.00677036689462268,0.000148438376217813,0.000756375117020684,0.00138494528786182,0.00265052235080615,0.00183617370587083,0.001835410702363,0.000778521383257141,0.000297053492817146,0.00119083900227222,0.00437519602255343,0.00095021516886677
0.00154381889668068,0.00385448232382236,0.00104216582926207,0.0871127091318359,0.267685002386628,0.00173154692768735,0.17462022855125,0.0830587531434706,0.167919246633152,0.0929537688627819,0.0244500659511037,0.014612540946327,0.0138380133445135,0.000312521256980917,0.000542120654299509,0.00600270578895845,0.00718012910037805,0.00186726733016153,0.00167246387632113,0.0027484782638506,0.0053952458630063,2.19753920030976e-05,0.00193422865808901,0.00455248965388235,0.00175877943228739,0.00342394987337261,0.00518756737248444,0.00783348362001593,0.00136206106353661,0.0012207160058064,0.00082283635753649,0.0117386375085138
0.00786397056478471,0.00425036206817106,0.00309539513344862,0.00708174258392255,0.0277868039753032,0.0347327475653779,0.0224537780221108,0.668053281640273,0.0204313860560674,0.00824712869549969,0.0142747750273326,0.0323140644910743,0.0267079194292088,0.0051072528999974,0.00365872670606422,0.00139081882863561,0.000584501298240271,0.000839512517971151,0.00120880172540415,0.004977637881134,0.00873277933521083,0.000474452411922143,0.00405304725710241,0.000998066760594688,0.00240629233155828,0.000155134218131605,0.0017513455804622,0.0700902027842925,0.00360740583419959,0.00576858504397828,0.00467672190090902,0.00222535943161665
0.0290522643716331,0.00799276501089647,0.000868015981692329,0.00088923114588953,0.00915649533237387,0.0116464414714898,0.107813613204244,0.00883205598077309,0.659492838331299,0.0102231489404712,0.0035559845620294,0.0173438886866465,0.00104038751940044,0.000178112232121262,0.00323000702814762,0.0287043766992756,0.00601249376825413,0.00481491228322892,0.00265487482065501,0.00119138984346035,0.0197187878226595,0.00364961708035851,0.00729136035507649,0.000606177398527211,0.0100855010108073,0.00331819472138513,0.00125272305949015,0.0165520307819629,0.0133359173729394,0.0039083191684217,0.00131906803940911,0.00426900597498104
0.00729066033176933,0.000445820152852164,0.00463968432971049,0.0147955990261199,0.0197863278907576,0.0121782958386702,0.0396388666510694,0.0467626859917611,0.00395040866620792,0.643033896857389,0.0270219842886248,0.0315974262939377,0.0496943732358362,0.00350845500884605,0.00112731027078853,0.0142933551171501,0.00140447834126212,0.000561908478364033,0.000828939487681248,0.000312156081258521,0.00251720801096524,0.00207728814835231,0.000934193038780038,0.000468586588558697,0.00144099901888949,0.000779602650036108,0.00399797615773735,0.0560435397792049,0.00155692825057684,0.00234193165412705,0.00304788274980389,0.00192123161291155
0.00967342871140459,0.00190188962131793,0.00259662781556831,0.0091888883414317,0.011827984721063,0.0285568761268424,0.0529664736383962,0.00278493505238581,0.00121576492174772,0.0534626987274249,0.610424938666758,0.0223683520694911,0.081904819714355,0.000755956848920808,0.00918693985013777,0.0293653966070801,0.0046683736385747,1.26722273822364e-05,0.00471466260778024,0.00785707420468128,0.00248001387529397,0.00409303870823946,0.000579143284440664,0.000936823963457078,0.00118965443235048,0.0149685383558202,0.00387625200176733,0.00300409536624875,0.00798021700441937,0.000729807356891995,0.00892273121843469,0.00580493031989232
0.00572665084808016,9.67442836433941e-05,0.000647358226082672,0.0252232381426083,0.0200064216034664,0.000643026692067876,0.0110639497983947,0.00965392729960438,0.00851674649980724,0.0789531359086224,0.0480803297512154,0.535098207637872,0.0668929841135449,0.00282173833371267,0.0042971645559011,0.00479585810478431,0.00759630022549255,0.00283050587221247,0.000987012937527763,0.00146257932113164,0.00112409575833726,0.000280297993146779,0.00151224667764767,6.34623742464112e-05,0.0108757829904273,0.0229357088462257,0.0148913876405942,0.0272098953218363,0.0745587787880683,0.00179256966677344,0.00914238202954225,0.000219511757381758
0.0065479070141008,0.000697712328813181,0.00143160173542578,0.0422968663805982,0.0264817497492201,0.00686039162669524,0.0177172982286756,0.015618796457056,0.0267165337730637,0.00569982973973058,0.0610164151385704,0.232538530382692,0.257132016665351,0.00359159524686497,0.00533186875864067,0.00107263593392203,0.00938856747905189,0.000953434767454044,0.0029720784084023,0.0158595779837991,0.000810962704080298,0.00126949689809823,0.00134215317603915,0.000796946951599464,0.00199248618516799,0.0229876015541271,0.00158373098614827,0.212070237760138,0.00343182087924981,0.000465789679235688,0.0104916146525238,0.00283175077546537
0.005948774803393,0.00108950676881365,0.0012902724718434,0.0403177338624207,0.038861559014096,0.000646296099164441,0.0216269415376521,0.0158273086014468,0.020838712549603,0.0104703839399094,0.00903475651532569,0.069273955202142,0.000445521268023846,0.626910050637695,0.0191638659191291,0.00544575723765182,0.00283851334605921,0.00201144932556395,0.000557524906967531,0.0059841840875559,0.00419456616539328,0.00171008748038665,0.00857429882798285,0.00094387778354418,0.00293268395789622,0.00439945114773288,0.000526665321382578,0.0682432037787267,0.00799609122802021,0.000339746647693468,0.00104166990034408,0.000514589666440621
0.00909036439351539,0.00391552425540041,0.000633649137163403,0.0217969854173679,0.0172609424712012,0.00376887213009908,0.00651966745566347,0.0143836006430176,0.0221177567983285,0.000168183864590707,0.0276732040825999,0.0826211140059756,0.0229942835901713,0.00128584383155743,0.630183293665749,0.00107105562525226,0.00754907313572965,3.22865514712721e-05,0.000595453637765879,0.0184369938866218,0.000288048664479906,0.00311581293726256,0.00184344612541779,0.000610915372770926,0.00016932603396734,0.0164801784207491,0.000161760717976945,0.0686282579366944,0.000785339942769807,0.00147725784435814,0.0109740934949017,0.00336741392940972
0.00533881933893923,0.00583239632560946,0.00182547465650129,0.0502640149012431,0.165520958896229,0.0542798025383727,0.00491661026414819,0.126923716740672,0.161418960190607,0.0486743367408542,0.00601910677846385,0.0110998731669708,0.00776654454493164,0.00099519344987215,0.00417214105459273,0.274780284181924,0.0108741184095783,0.000192003544519814,0.000772129372494547,0.000711914040754434,0.00597247284020065,0.000883050183526597,0.00748638348862936,0.0067882891125962,0.00460239755413393,0.00178493675954584,0.00414862022736948,0.0041647108006487,0.00534266380984057,0.00116815212281446,0.000218399867479003,0.0150615240959373
0.0284625320615222,0.00366650062401403,0.00164055233169571,0.0157292038596403,0.0698375126857961,0.0120373987907853,0.0317114519853085,0.0284568104831866,0.0908090068466709,0.00670397239745151,0.000827009181962034,0.0202015479238628,0.000767291480343732,0.00240106072076022,0.00407014432631828,0.00469061135952386,0.610974062958125,0.00691084507420355,0.000426845659075747,0.0026270228456024,0.0179922300286546,0.00579709831580849,0.000493905169730204,0.00684667553988336,2.12567820077156e-05,0.000409712679605744,0.00354529259638589,0.00537676011651445,0.00392862653537656,0.000527365801666577,0.00116811283801017,0.0109415800005078
0.0143737432701214,0.00240746042575206,0.00226529428761096,0.00703302723952129,0.0349564808463607,0.00674586538208611,0.00765234309069487,0.00941778052264568,0.00951816799039522,0.00636807814848171,0.00453465383036693,0.0246499517076743,0.00353241036471202,0.00101075582470883,0.000508776411222424,0.0203911982851459,0.0162534285180139,0.743325991416361,0.00454560136476179,0.00443816254256033,0.00464182916679113,0.00477568991518735,0.0196703633416778,0.00529448902271122,0.00234654941248407,0.00328885421240404,0.00332372848608753,0.0264839215850018,0.00108074254797147,0.00189334416874818,0.000332866872602491,0.00293844979913598
0.000915107453396633,0.000681196893840246,0.00209069246097563,0.00681730765694957,0.0377743589753444,0.00118259248789847,0.0241433417223017,0.000999124867183579,0.0144207753218902,0.0104111225224742,0.0118521383589083,0.0433440792676062,0.021446717799667,0.000430866518951083,0.0084696606231446,0.00640464901159896,0.00434906430411579,0.0101262150461776,0.655535998211214,0.00015104474265566,0.00991357074495517,0.000866555202429042,0.0164142823405048,0.00099914124035697,0.00264910047652971,0.00334993683603399,0.00783055970324035,0.0615672733689812,0.0122036404275248,0.0118683522351851,0.00940766919224641,0.00138386398571823
0.000506059576574815,0.00183120687189589,0.000820461546620016,0.0542424102018045,0.0149712317267609,0.0208437035695623,0.0190632512141537,0.019998012815822,0.0385623837914519,0.0108981943536554,0.00142238180508693,0.0097457441135571,0.00020608009939106,0.00837467902670214,0.00226354913800497,0.0120040775532788,0.00262013752362396,0.0064846786421151,0.00911300758466934,0.53413271543143,0.0235033573483821,0.0158386404842627,0.0345478601061344,0.0318870972539698,0.00274145019526874,0.0967312940005356,0.000883063473649547,0.00977818996461518,0.000710865228918453,1.46662497083664e-06,0.0147995194413202,0.000473229291811866
0.00345596785688169,0.000568143974746391,0.000714853721730457,0.0105420986042687,0.0219926634779526,0.00559029718971764,0.00936517378373488,0.00343338781200281,0.0236166232288648,0.00013733457438873,0.00291677352901984,0.0381631511975411,0.00302270091847211,8.2496145740817e-05,0.0014404008100961,0.00207522706590854,0.00209986159725998,0.014541921695103,0.000996857417955273,0.0327673031522933,0.591315130514709,0.00257001906839441,0.00161628078290963,0.0746995872702793,0.0182569451280201,0.013619556005395,0.0221401402920011,0.0226887267140631,0.0105148305447626,0.00191739621102621,0.00150686839405442,0.061631281320706
0.000316562869770675,0.00169964372423229,0.00309164951925102,0.0437069320324034,0.00792286283221668,0.017051451831888,0.0189926821054436,0.0301337398712985,0.0105993498437078,0.00172066161318622,0.000702590123358096,0.00128220419804424,0.000713710202350738,0.000588982187820171,0.00292525651089122,0.0149713155576906,0.00118283921561836,0.0328419597895724,0.00374650051654373,0.101356784200365,0.00624712533559572,0.566799144198805,0.0113675623319383,0.0190243532327439,0.0704918283045326,0.00745319954920779,0.0018868390837128,0.00209094497819169,0.000712591033044261,0.0050602092176015,0.000831003855289559,0.0124875201336839
0.0046038086758733,0.00052600029473169,5.50612413283698e-05,0.0275022833988345,0.0375361134961229,0.00811415977693099,0.0190121015879087,0.00922337441019441,0.100204272758191,0.0044574114558079,0.00104336383780635,0.104687879866992,0.00556651182504136,0.00431658991036096,0.00132105174948919,0.0161102639635426,0.00119738804900948,0.00180458989735009,0.00429311591491841,0.0179238955696978,0.0376185755717158,0.0187767622983046,0.426459563922965,0.00139000768482568,0.0264290738019727,0.0034375755253543,0.00808424182765775,0.0528588553109037,0.0305359770558087,0.00113651007522553,0.00419128920094819,0.0195823300441861
0.00650300669394115,0.000726941156374586,0.0003430084256044,0.0188419968100387,0.0150247318517402,0.00474582054599823,0.0136488719504028,0.013150627886002,0.0215027770583186,0.0135778946608851,0.00936267954967976,0.0148117860596949,0.00463295573724132,0.00163356934788855,0.000895056434877604,0.000823346912795311,0.00357507819748038,0.00348535878491803,0.00512791565150877,0.0272683772243682,0.0294298852873634,0.00252186440404419,0.0210331633682012,0.643864593580497,0.0303993348757643,0.0339229545771362,0.0149408420638644,0.00625311888482544,0.00974989395962628,0.00877483719094154,0.00370925119793768,0.0157184596700398
0.0481593820457531,0.00663005420635505,0.00010977739944122,0.0657278539279272,0.00196550114758082,0.00800051010182386,0.0084161516386736,0.0162402967796042,0.0411828866075476,0.0536231841634473,0.0162816185128588,0.0093143576046149,0.00161844804995265,2.05985680611753e-05,0.0038346976297231,0.0174270647706216,0.0230815875936161,0.0158417305446214,0.00374928681274341,0.0188355915500519,0.00141881941595607,0.036524129428744,0.0270729286103077,0.0182377513605913,0.531796605167647,0.00557625936404542,0.00797726177166861,0.00311665885679746,0.00397477511339406,0.000207568687718302,0.0028180885895289,0.00121857397858184
0.0005964038497397,0.000393445288109513,0.000469582999047552,0.0259625633231961,0.00600326655158614,0.00923709949950312,0.00907238730766492,0.0109150836089024,0.026926169883347,0.00695017509978627,0.00851843180927492,0.037846947680211,0.00185477637776665,0.00359760625697761,0.00259400065789346,0.0185778305647529,0.00273409541559402,0.00279942110597252,0.000515786237742823,0.00512209359334594,0.0275759980678954,0.00966169864578097,0.0387662422990695,0.0263495567710048,0.000501465344154838,0.670077677847149,0.00372496512425819,0.0314790170835362,0.000468160454982806,0.00278246433085031,0.00726545326531222,0.000660133655591496
0.00117858928686197,0.000335652252903078,0.000365821227955672,0.00163187427556528,0.0206977892708722,0.0143795693897644,0.00137330864966508,0.00784605573873645,0.00969128082651993,0.0118736711114797,0.0197165636199222,0.0565794459296108,0.0023597257115695,0.00199312333273462,0.00480697919747029,0.00351957791419972,0.00322582017523105,0.000387373763134192,0.0040873684138251,0.00969347871485388,0.0396106902829222,0.0078556925737202,0.00045909106558505,0.00593082242432083,0.020478827078064,0.030498727706824,0.64135947933775,0.0336470565033837,0.0370241180705215,0.000497639786445133,0.0065270007867118,0.000367785580876632
0.00340751854401589,0.000283145783641814,0.000203134287616926,0.0194757803565804,0.0243433923331662,0.00344434917826161,0.00772206245308999,0.00888559350327451,0.00944798661031392,0.0454618624055037,0.0462305048811103,0.0292692969834233,0.0402182264990306,0.000964627587577215,0.00357504613256707,0.00407684255885019,0.00599355757784564,0.000568603598664167,0.00114516709495359,0.000693338611467525,0.0014472181958036,0.000234759504127193,0.00117428740652488,0.000744763863511347,0.0102652947311291,0.00799188155127792,0.010636204880329,0.65660473146071,0.052582644828109,0.00200632040145996,0.000729726842599115,0.000172129353464147
0.0030295806937444,0.00540971497747821,0.00256285778478494,0.0153182701519557,0.0204603517487325,0.00432632364119591,0.00288985104246414,0.00394554729572677,0.0160931595757098,0.0257491663887261,0.00723556195174558,0.00970666416675751,0.0113217070679823,0.000220329268437078,0.00731905308765896,0.00410707477060927,0.00149124249844298,0.00104053016409888,0.000878486785060659,0.0264532934133698,0.0149544250494855,0.010154564099942,0.015960250253719,0.00697995174468465,0.0105143775430334,0.0313702016526387,0.0854590926781976,0.0261271248245913,0.453948821780457,0.00751047152681683,0.167269893313537,0.000192059058215418
0.000132688245332537,0.00176638823215243,0.00159325143159382,0.0351723267879993,0.012771050425631,0.00138776386247811,0.00899333298214467,0.0382248579118311,0.0147243439061969,0.0283041794621028,0.0294641344735666,0.0328183567332178,0.0200306116336292,6.6019716379556e-05,0.00378560345397829,0.0061489377454309,0.00169087622903347,0.00188471774878012,0.000970027251657691,0.0106509010911068,0.00334288237696488,0.00119678872630359,0.00298474563429325,0.00104491330354022,0.00060805252679092,0.0159127046852165,0.00762171606979578,0.0504194362139598,0.00374714172665051,0.65411488029882,0.00672413036773956,0.00170223874568155
6.91235055632757e-05,0.00670283394430047,0.0017799327673734,0.0179107932023816,0.00927991721606932,0.00481114495846637,0.0152983992055684,0.0172211565042378,0.0197747304232345,0.00996085845570498,6.64218910893294e-05,0.0204147490378479,0.00387216630601623,0.000478007671669824,0.00576896818679096,0.00187338257922302,0.000552493398494877,7.25441135435905e-05,0.00139809660871862,0.016462130401237,0.00295768981721229,0.00771542703500862,0.00246925916300516,0.000606786331122883,0.00413160859000318,0.0221546044226328,0.012209417234619,0.0285818574485932,0.0186880757604992,0.000316339440813373,0.74626628553308,0.00013479884587894
0.0183189628752832,0.00939345607056774,1.26743877935325e-05,0.0168749639220315,0.0157221772899494,0.0224664325384406,0.0481908044738092,0.0137785730707976,0.0337757077097154,0.040634110051725,0.0236843568858002,0.00589620656892463,0.0101901215967395,0.000874022713157519,0.00163258038129824,0.00109272690956871,0.00871154928523513,0.00144659370123505,0.0033912259539919,0.0182917922109546,0.0306140032464147,8.4401119725797e-05,0.0205916619713984,0.0328896805833594,0.106866779537086,0.0179644883245777,0.00303404566039173,0.00575621152182929,0.00156664689703918,0.00103281497690204,0.000847120773820064,0.484373106790437
