0.536814221165343,0.00189689188751175,0.00153136440803672,0.0397170564995832,0.0944398519461403,0.00746818727621158,0.0333927960477409,0.0595089912600704,0.0552817085396645,0.0156478386923607,0.00244135171359241,0.0200185068703948,0.0104799229005631,0.00206153250295196,0.00565620216168689,0.00765148246942057,0.0121048957565425,0.0016778927804973,0.000119562381658069,0.00157893056687004,0.0100784857849188,0.0105237947359801,0.0201453099913444,0.0259895232592519,0.00610483118762591,0.00277152704880472,0.000465606814047965,0.00058015053972272,0.00375897950286465,0.000574409846907762,0.00278182412937756,0.00673636933231252
0.000729108658978051,0.436643104543121,0.00372876227282464,0.0704114943077409,0.0150095911375369,0.0340631316894063,0.0160806444659746,0.0882362931093502,0.0290235667721254,0.00623901126206107,0.00314702405374629,0.0903326718672487,0.0198727672791729,0.00207949150401248,0.00260651036322298,0.00835603483727968,0.0175997582996013,0.0100900937824004,0.00212621736487496,0.0088475341681987,0.0108220998469662,0.00136822638770436,0.00113294936621901,0.0104601343877803,0.0108837215622212,0.020513517660276,0.000800562306584098,0.0201280156688903,0.0354814879517483,0.000112023077039667,0.0039133705112067,0.0191610795344861
0.0248446725919089,0.0212326169485495,0.534675727869776,0.0630993397947304,0.000335630505192755,0.0110946451550712,0.00386333166280013,0.0122194650157985,0.00450079542431221,0.12679068175822,0.0154174989842924,0.0136712304907208,0.0273202255674787,6.10278686441206e-06,0.00246733086477465,0.0010727204966687,0.0181806630001215,0.00886690539579706,0.00359333395297953,0.00340038156945221,0.0042936049735233,0.000936727636774959,3.19727510046245e-05,0.00403909209368664,0.00436799145574022,0.0143059056075366,0.00413695912247169,0.0204053994681708,0.0226932121507233,0.0014266760000368,0.0220339626506256,0.00467519625419503
0.00179526586587453,0.000316955898079504,0.00404107742894491,0.421381821457939,0.0191164670370231,0.000537695446390263,0.030478204493321,0.0832032094490879,0.00250633036550652,0.0190945736602375,0.0128830908112132,0.0616918951621502,0.0765030292213027,0.00387443513768919,0.00953102221515576,0.00944766531265397,0.000953850854827166,0.00151059029938842,0.00244530696063311,0.00836670122029023,0.00593221901793278,0.00491253899292002,0.00123171973730975,0.00520469753955005,0.00611692731765121,0.0078342580812916,0.00263568430006613,0.131786670803319,0.00667400940188901,0.00676792890264908,0.0502593531213704,0.000964804486342436
0.00178120653461208,0.00916288459115706,0.00174317220189518,0.0691971918426701,0.556964730052928,0.0667286743087429,0.0464891861390973,0.0255936697501179,0.0176337499937722,0.0590740724445447,0.0236401571891677,0.0181059271925209,0.00132179961740335,0.00147606907541026,0.00576228789138528,0.0223162571621395,0.00533385573177564,0.00322080894149227,0.000311438655045776,0.00807604021621705,0.00532056824262651,0.0025010172537208,0.00223662148904595,0.00625512289667982,0.00970347375584669,0.00927912316407762,0.00103351143829765,0.00838766109052542,0.00456357022310907,0.00032109405266907,0.00227077938875684,0.00419427747255008
0.00671758999059272,0.00572608717284886,0.00573864719236844,0.0666244425311946,0.0299784320740469,0.658107174257622,0.0103864725799551,0.0110860652719148,0.000691033947291829,0.0875155996567012,0.0131530894709352,0.0115132297846279,0.0183701976153588,0.000535058053927568,0.0097378568160129,0.0055542394249958,0.00151503428150154,0.0025939427592812,0.000831454748181231,0.00164914519213435,0.000489623843287886,0.00186982448619977,0.00155605056836108,0.00153902826774836,2.56490522784471e-05,0.00332079487160404,0.00231761999924616,0.023119441285094,0.00317593813468328,0.000315700040626263,0.0140600688272568,0.000185467802120404
0.000442821967258268,0.00590097823268094,0.00110386798722857,0.0485881237179392,0.214028083769304,0.0422394098610013,0.182352492074819,0.0451486349324333,0.0980151848842489,0.0730858773678131,0.0421845397233302,0.062530257900953,0.00926502498377549,0.000590546096629927,0.000708803164829327,0.0101098461146749,0.0219392860581871,0.0164638419146889,0.00153269363074255,0.00725067088865991,0.00895942468970838,0.00567480926890781,0.00296316020297195,0.0047703870755004,0.0141003349358871,0.0053874841261659,0.00499864024691445,0.033247739791438,0.00231837724010248,0.000845436895833749,0.0133665022729207,0.019886717982452
0.00281145169209995,0.00308006373468571,0.00116371713706398,0.00912994974368409,0.054186558403825,0.0284591381390452,0.0394584768469368,0.638428752170992,0.0103960601034452,0.00156647356367046,0.00493765957906014,0.0209661109286338,0.0318572112338962,0.00233152068602406,0.00443686723076748,0.00290732587462431,0.000544104788018448,0.00119118315606567,0.00178565546269623,0.00626038661080828,0.00395149478934749,0.00168069067187454,0.000366027132950411,0.00697819681479488,0.00481280313839066,0.0052485796443882,0.000884157185043626,0.0734480821283628,0.0079719741736581,0.00584304398862591,0.0225647117203956,0.000351571526124749
0.0187660534966409,0.00415171526983467,0.000511422058100076,0.000381451440024933,0.000864033227206342,0.0211396576398543,0.0514167780292916,0.00796474749133786,0.680569199940826,0.00868578161324541,0.00452057553854392,0.0208970394978291,0.00430619773138487,0.000314356335511008,0.00472007913435041,0.0178618938873353,0.00722721568116605,0.00331480407003059,0.00251181366893827,0.00588171279265039,0.0190008548688897,0.00431881074778301,0.00384480592594259,0.0140157545340485,0.0043366740215393,0.0171733111747813,0.00352573216328796,0.0385353213192807,0.00173866498626796,0.00248781487508336,0.0033960804128069,0.0216196464261869
0.0023465100959742,3.43712300653735e-05,0.00388854456161963,0.000128964523396649,0.00136266855327078,0.00992635282739283,0.0323083552017248,0.0249929673787845,6.04722093035051e-06,0.645815743320199,0.0136723652315642,0.0321932763965387,0.0738165361485267,0.00248821371622162,0.00439022767854771,0.0141862292245161,0.000765815906146395,0.00267121467157098,0.000402282226621046,0.00156282638718585,0.00423627192034909,0.00955979930621417,0.00027635971138911,0.00373599607106589,0.00472154715914914,0.00349171796485764,0.00197079994737875,0.0737165030539421,0.00229862235318423,0.00368691165619849,0.0248979935824465,0.000447964773027895
0.00402903066528325,0.000488649767728634,0.000183565632816202,0.0613400160229289,0.00674472284342053,0.0118230614508623,0.0829665317609354,0.00435383807726569,0.00379367046518441,0.00997354566482446,0.549439555516282,0.0247442253019953,0.12489202920197,0.00500821102628824,0.00563986135652267,0.0285284309043577,0.00268751198484503,0.00835052285117301,0.00082014277997859,0.00151900514583482,0.0101713044964763,0.0154339636810224,0.0018775790630761,0.00651635743775987,0.00439139285385796,0.0046518167559358,0.00437644157745851,0.00291103945819701,0.00473236504013062,0.000989116247493862,0.00392132605852508,0.00270116890956901
0.0146583330972327,0.00470774724055567,0.00149305130612171,0.00910061855192159,0.0332451267073455,0.00997718538569454,0.00688911687765487,0.0122304740746776,0.000517793852320912,0.0243871052778879,0.0192789816559292,0.572725563954364,0.0623837908772977,0.002056948207444,0.00201263277439097,0.0086246354471804,0.0194793264530822,0.00911710520619005,0.000278262022509724,0.00317043843731003,0.00255341699106841,0.000872720587860774,0.00116988884347879,0.00340929592576168,0.0154555264807523,0.0103781081727914,0.0163154140997983,0.0136790280424826,0.0890381165969066,5.72308354969767e-05,0.0303005585380006,0.000436457478490163
0.00221725298028145,0.0018240935976288,0.000260142018259738,0.0554281309203672,0.0364008055714192,0.0192829511711455,0.0284605002358601,0.0207290570273105,0.0262932551650634,0.0124919686575982,0.0444762090107667,0.25693217503633,0.264058406345795,0.0020408104950295,0.00249361846456169,0.000581629328417685,0.00435306098156407,0.00305792976877849,0.000498390266966555,0.00368112116104103,0.00268445169004131,0.00478820813232742,0.00141871191528732,0.00103797450337399,0.00135676009185634,0.00434427100897419,0.00186378208083387,0.183758219946727,0.00463222063068522,0.000308509054393436,0.00644807167465286,0.00179731106666219
0.0012022369409466,0.00205475532823271,0.00218203795573076,0.0459963509507804,0.0320071846313053,0.00136045964984166,0.0129427001755506,0.0160077886069011,0.0144789944369466,0.0263620258478076,0.00550942103145133,0.121479328164378,0.00686124081988758,0.51307401812689,0.0380825159092384,0.00252583193359576,0.000384076802563212,0.00104465493324388,0.000168277853096385,6.82980425775884e-06,0.00107332188456465,0.00105927953355323,0.00622907147908008,0.00171572609415751,0.00422094544749021,0.00115915204848976,0.00367870929493006,0.114830409635576,0.0219072164471016,0.000141736317306239,0.000170252891696611,8.34490234083723e-05
0.00980774518148175,0.00488306741806786,0.00155260339226259,0.0540696417695217,0.0316211628935458,0.0231210796015989,0.0195774266711165,0.0238963155070453,0.0193153643788839,0.024455659231395,0.0380815498517525,0.117885267168722,0.00310776669806713,0.00314262164710145,0.529524190641194,0.000573952594678797,0.00740123817684842,0.00208285454813603,8.14864182843311e-05,0.00367584364290635,0.00105762568701002,0.00914909876275512,2.64013551172822e-05,0.0015333911327706,0.000390477820335934,0.00301423409306613,0.00119546971148152,0.0517283719850688,0.000596168123474433,0.00178536813183743,0.0106611875620512,0.0010053682024215
0.00155414853346903,0.003852558799306,0.000843409179655141,0.0322419842248939,0.179350674414608,0.0610801299904037,0.0283118600192546,0.0812373934452946,0.107362323931044,0.040380959615116,0.0202017928974293,0.0459847960439206,0.00840010855458716,0.00110737473044296,0.00217823570047096,0.212276911972751,0.032195573180972,0.0188719135959011,0.00133343379868496,0.00670479725751852,0.0110751310978301,0.00468940456557289,0.013648148628854,0.0114031635260765,0.00983727225255645,0.0101303297458339,0.00332975925337663,0.0140626799571256,0.00506583338434542,0.000712999171570677,0.00401035162694265,0.0265645469041914
0.0138633977362656,0.00136647099426413,0.0024252029322483,0.0213336610470637,0.0699158030789352,0.0357236300328996,0.0208449408513161,0.0127929747305593,0.0517218389863696,0.00703888163295752,0.00204736596980753,0.0224095451173332,0.0129894423930661,0.00145272322585132,0.00375215781084574,0.0115648069340431,0.613610228714419,0.00265525455659788,0.000156777276522201,0.00453993089496763,0.014262395513892,0.00442236182454895,0.0234738339156384,0.0128886897706599,0.00143190762590728,0.0069074433277732,0.000916624692602401,0.00716558803465145,0.00298548447525701,6.19796824026556e-05,0.000513658710223841,0.0127649975101101
0.00256470150471866,0.010370009031989,0.00347442916340565,0.0250627804226879,0.0208229596791941,0.023014603091002,0.00698944613099613,0.0273100305921082,0.00235976856632952,0.00444013096044307,0.00142551413874493,0.05161895049238,0.00156808136751232,0.00545778634910732,0.00206281020563837,0.0213574035894247,0.00427645939505134,0.6633553162886,0.0026271140153774,0.00194742749501956,0.00794751632945041,0.000863033609124903,0.0415467486957681,0.00357144239994671,0.00857743254009791,0.00181730310082499,0.00172655840393568,0.0392323811525928,0.00753921587879933,0.000971791810687601,0.00155849663180605,0.00254235696723578
0.000187101025878466,0.00130030774422226,0.00194325881567416,0.0128589531094878,0.0297900479624952,0.00444142616394217,0.0126646878894006,0.00732093575496546,0.0145733169325796,0.0287116591314136,0.0319530928746693,0.0157790016046773,0.00853930984519388,0.00152187783421505,0.00685420520500584,0.00170016321335364,0.00108971166993072,0.0108385773115269,0.743029024561783,0.000933278961742308,0.00231326920293757,0.00214680600356923,0.00751647754389329,0.00527118307980671,0.00156580084333502,0.000442029068631434,0.00258377383890764,0.0226222409248827,0.00234717146686449,0.00605201772564105,0.00471274837826302,0.00639654431111041
0.000849169847557915,0.000384444334410276,0.000593450955520193,0.0693096755973472,0.0445932926407331,0.00537012274497813,0.0195100376801217,0.0567640632951671,0.071312632651986,0.00820700725242607,0.00481919218628493,0.00220588589677276,0.00134449043414801,0.0104191959892585,0.00146285805735766,0.0214157217004921,0.00362462126171857,0.0091304560607228,0.00340742474912045,0.476337919347566,0.0353383262742576,0.00555891577375163,0.0313766306591252,0.0389174045618489,0.000286373575126591,0.0543207878621453,0.00159219851995019,0.00936320381725934,0.00130739238352368,0.00502648527175654,0.00522088056925333,0.000629738048311857
0.00187961638053316,0.00321004525403082,0.00477201675800175,0.00161860553941479,0.050553865176535,0.00821587368727077,0.0269931724226509,0.000497070075670571,0.0213193574299208,0.000420483599036286,0.00233422877602233,0.0331635071006679,0.000649835285186516,0.00169553467854526,0.00114461323076137,0.00866742049520089,0.00540295998937503,0.0284399017079043,0.000403142867102748,0.0242104348392826,0.584577796004787,0.00125512681593024,7.41797378446648e-05,0.0771817781766263,0.00731643703042318,0.0137017880537608,0.0136838176957237,0.0172447154091231,0.00675810095502978,0.000885126524354031,0.00358649186268431,0.0481429564405988
0.00131248721338169,0.00216643205937275,0.00160644041210921,0.0948861132122212,0.045230704433519,0.0176060416221589,0.0323854123593234,0.0567890883113556,0.0392731968489575,0.00917870826087499,0.00237857756620773,0.00223825883581505,0.00038493687288687,0.000784854321329539,0.00370456443823747,0.00730512583073825,0.00370590179774867,0.0152379858262029,0.0047179207485722,0.0732190952299048,0.00501010501967797,0.465742448285121,0.00961713365509611,0.0153787967684266,0.0423294853345143,0.0063401101091092,0.00937703784621589,0.0041758945815541,0.000368964008299921,0.0106982528410683,0.00534558951368351,0.0115043358363153
0.00438699663920613,0.0052509720974981,0.000489548267989315,0.031997378498995,0.159199902895646,0.0319068464377903,0.0793484744082949,0.0565863930186495,0.166302730241388,0.00499765437530109,0.000364794166667093,0.0310518060859913,0.00123031138334279,0.00417979865182288,0.00439490812337367,0.0156172269040964,0.00388439311508562,0.00163842877508357,0.00408400242231873,0.00442295413299696,0.0127523332425829,0.0114643955449515,0.275253267269162,0.00358856424837209,0.0169621592477606,0.00738806646848047,0.00510166403867308,0.027071349878502,0.00884692668496435,0.00565465531427153,0.00597775602038091,0.00860334140036082
0.000454796747650883,0.000741608472211245,0.0020313184713115,0.0139084175836184,0.0313870827564716,0.00776873173835135,0.0205916269364865,0.0226178492677288,0.0334673594345266,0.00695103249018729,0.0102958749830477,0.038138534661015,0.0019109865132395,0.00821064143880409,0.0042231742204322,0.00536931585342468,0.00412900489943137,0.00799852500336804,0.00450992100099864,0.0187063326768948,0.0236822929153405,0.00104443859046358,0.0149758513879831,0.558922298668876,0.0222198976719573,0.0318613441792047,0.0330734053057607,0.0296472790453875,0.0112957298452184,0.00614381373997222,0.000665633145003508,0.0230558803556319
0.0407188641000437,0.00187734755480409,0.000251028001199837,0.0343792217390648,0.00586258856124048,0.00644060189206597,0.00667146223330224,0.00660353136955892,0.0220320861119499,0.0508778431907422,0.0211971967850784,0.0125344608508265,0.000368316608281232,0.00338804683698996,0.00573615431638839,0.00617131177186431,0.00792571711274321,0.00876500668707785,0.00293900892362553,0.0153870914593392,0.00928972248241513,0.0249818179073653,0.0484838069516996,0.0115336583617852,0.618690735746435,0.00463963821265026,0.0112602179327204,0.00116988911319115,0.00135060986054851,0.000212477182823451,0.00281497498866225,0.00544556515351751
0.0025761790453466,1.53792757794981e-06,4.00903069610822e-05,0.0133107150106754,0.0234910723110376,0.00385176375357549,0.00526203421037674,0.015664662154379,0.0728423392105345,0.00089946766725727,0.00224160562624293,0.00831231621549085,0.00850959798391208,0.00412239634713595,0.00306647554389686,0.0297261913666813,0.0062655363038398,0.00502219278766319,0.00312970800675516,0.0142926668215073,0.0466095226486448,0.00467259788894066,0.0314548007170769,0.0298643535261998,0.00274884230434415,0.631269923756429,0.00687603221021976,0.0109148756371077,0.00122651253749822,0.00220597870182866,0.00782130748566555,0.00170670398519756
0.0033328774745783,0.000516889365011293,7.56447852510633e-05,0.00220372823373702,0.016402986333113,0.0164933089109556,0.0142263231902299,0.0154506094826881,0.0144598848811003,0.00912293689868576,0.016791469208726,0.0575809110205001,0.0058114054424501,0.000420452430264787,0.0139624556071632,0.00105354236704752,0.00502540794116199,0.00309473861672809,0.00144733079451879,0.0313962394461013,0.0253783431738428,0.0122595562024123,0.00151194768021846,0.0240854130360829,0.0117610460990591,0.0890825976435889,0.527215329248878,0.0303878277583837,0.0320840690747988,0.00268005820708838,0.0144110202265507,0.000273649219083512
0.0168554784040819,0.00379613727687596,0.000197267276496758,0.0141863726990367,0.0291357841318659,0.000186254601499169,0.00655765468411329,0.0205475025044103,0.00198747175035629,0.0274659870694877,0.0296902576833313,0.0188818178936171,0.0451534387651351,0.00125813516065332,0.00103276016314994,0.0148925832337941,0.0225240272447509,0.00720418588144457,7.13918877848696e-05,0.00732615750191015,0.00413856891709656,0.000430460760962518,0.000715211458792899,0.00464485221500689,0.0233209476521165,0.00492481303288393,0.0178740761408404,0.581945123178307,0.0801805850742433,0.00158555388143206,0.0105001064316041,0.000789035442918942
0.00521275491658373,0.00246263820928788,0.00590736232794899,0.020627054917422,0.0374529002136127,0.010356267959491,0.00849987173998359,0.00625427056171388,0.0248978240131904,0.00835386717450789,0.00344275251950717,0.0714499779420059,0.024133816932798,4.73224896054453e-05,0.024826535629365,0.00916740311222619,0.00148446674874293,0.000732697063227256,0.00201149769841011,0.0109668772781819,0.0192347424828767,0.00289167503881863,0.0061813947295126,0.0227746338213425,0.0222226687516339,0.0383521663613502,0.0547991636030979,0.0647233159454927,0.302906124164623,0.00604952619738371,0.180906155806406,0.000670273649650837
0.00153169801314413,0.000228137421310393,0.00196435412918211,0.0427105046530047,0.0306434490257965,0.00604348739222367,0.00690926740480327,0.0375548060932958,0.0106000663271259,0.0152315987805875,0.0139967989344464,0.0282504865976287,0.00800560453054221,0.000828352286147919,0.00303058722908951,0.00466821723907107,0.00204838854200961,0.00268364383603779,0.00125815519398155,0.0126920788802262,0.00891433133137959,0.00601233131494999,0.00589240106031269,0.00846197507449026,0.000645724833321819,0.0184036361339753,0.00764132440260201,0.0713965387107395,0.00133961742608668,0.637808145492443,0.00102897737241336,0.00157531433763093
0.000950599362005125,0.00389388555994967,0.00452037385154941,0.012486855591797,0.0387817053236874,0.00486027887083384,0.0275392619501188,0.016926389358167,0.028998425225425,0.000665854792443157,0.00299511121153946,0.0030039759591298,0.0150931751484778,0.000353231512668973,0.0119181277713084,0.00299474858374696,0.00135471578385588,2.64574060117155e-05,0.000796878334121478,0.0110309795370113,0.010887757930135,0.00366082115780126,0.00230643959888219,0.0020601952269101,0.0164224096642489,0.0139733148955436,0.00731734249165847,0.0211449500649854,0.0074270820496002,1.41079657388608e-06,0.725129876055624,0.000477368934189095
0.00896676001273721,0.0192087043655192,0.000369621390734974,0.0121463171033767,0.105203899975338,0.065918855237086,0.1045155741004,0.0227931782399414,0.0773151772788296,0.0303628190658632,0.037672941670431,0.0297460290880441,0.00530146034504553,0.000963088750814104,0.00806010941261181,0.00483250752362309,0.00965294665634065,0.00743811715376506,0.00102517338366385,0.0246028457405086,0.00737857685225953,0.000833498353916617,0.0132165950486178,0.0324277641042092,0.0293727752843536,0.0275829771245073,0.00791612980367301,0.00123636984985535,0.0124759805000743,0.00120613187616704,0.00125787917814215,0.28899919552955
