0.200538987982268,0.000484676435684592,0.0055383578571496,0.0478704840535857,0.0411800763775444,0.00130327105632036,0.0122074512251704,0.000297997986250448,0.0491496685445716,0.0647872363821719,0.000545757470154223,0.00738897858591793,0.00796557460508979,0.000371025136604662,0.0165414465312404,0.152653343689852,0.0207669901812433,0.013447949672606,1.82757659107748e-05,0.0593288647179846,0.048060923354016,0.057325202996951,0.106851927775651,0.0335914115231316,0.00723989723874443,0.0104522226038498,0.00161297200176836,0.00615643573640384,0.000372157207282485,0.000685531768595697,0.00442751935436511,0.0208373841819218
0.000134509985965467,0.243644834842374,0.00395431754157054,0.111559884783578,0.0108797047158979,0.024620121556619,0.0051108491662442,0.0809621934428206,0.105602492656506,0.0748373017506705,0.0191395221572705,0.00597319752483945,0.000479341737887496,0.000773919480616037,0.0119634101827629,0.0682855788356832,4.20796280090973e-06,0.00537515546968898,0.000309621879172368,0.048140878138253,0.0235197086166316,0.0351445276589493,0.0628560231611352,0.045265637133025,0.00322440926823071,0.00149656098681386,0.000634755026561716,0.00275584716539685,0.00191142704965924,0.000125127004442627,0.000680018224827534,0.000634914893105673
0.00383513927976071,0.000304040709958558,0.391905038812336,0.0134703547872451,0.086937638222271,0.00130395672341458,0.052332677978201,0.00211327135467057,0.0488499423662909,0.0204822294011683,0.00688653391058021,0.000490711710530807,0.0436701346181654,2.88922843520468e-05,0.0112155971157651,0.0832757194070898,0.00587995722551089,0.00193852254883155,0.000488060840716997,0.0585331769244046,0.00372593678159007,0.00141937222393175,0.0333132864280749,0.0618431369179025,0.029927746582318,0.00467428782666211,0.0016686454245554,0.00917658303320006,0.0014087169338933,8.23859350723096e-05,0.00096275644589123,0.0178555492456438
0.00544851942153657,0.000778457258357803,0.000114937808797397,0.301037297915598,3.64443646546775e-05,0.00327404301532509,0.000436688384074493,0.35443150068446,0.0180811006946236,0.139471362669122,0.0535129373027639,0.0007094611708519,2.78639667088407e-05,1.94680796584186e-05,0.00040335703434276,0.00901035921688785,0.00046268451225941,0.00316782730744736,0.00102963831923172,0.0183858560680854,0.0126627226927651,0.0114908250337984,0.0246914395822123,0.019139140993019,0.00527933621382187,0.00183250586646825,0.00585130537953368,0.00586594783879879,0.000332348724041114,0.00213826583894407,0.000865096845672844,1.12597961374157e-05
0.00310672029634645,0.00063993513750126,0.000851089351734672,0.00673891936835361,0.364322925998775,0.0111598205405528,0.00372696179639355,0.00850265686879737,0.0753278996065057,0.0352039468377921,0.0160411292767279,0.00125987649485483,0.00144715309840591,0.00434645548317195,0.000262125570396269,0.128110896044574,0.00210810764491087,0.000793853581416237,0.000715464588606015,0.122815781552907,0.00317603143586484,0.0144710919342963,0.074015294183986,0.0854491889383584,0.00162471649318439,0.0156223876254862,0.000812263205463791,0.0014605090496305,0.0053263009840007,0.000707271293695288,0.0096103577850536,0.000242867932256281
0.0107097677583967,0.00276752639736804,0.0111744226848263,0.22469059865233,0.0415678678008806,0.320153447792206,0.0337269215819238,0.0370686216090402,0.000590342483208367,0.170887521647874,0.0111147676599722,0.00369997648024041,8.05359626506621e-05,0.000493311663140837,0.0111438493248274,0.0248912555318219,0.00340201595374877,0.0015157315480212,0.00305945618340376,0.0117481610636286,0.00810006226037869,0.00830956174638963,0.00289811004114057,0.00744394063857935,0.0257257201541671,0.00364655902032796,0.0053099547554453,0.00174710837038979,0.00117009567840691,0.0013523066850661,0.00436178623820378,0.00544869463199574
0.0010858845364367,0.00129391263782376,0.000567824456944978,0.0605325781112366,0.0216842587183965,0.015134005847633,0.337795313314483,0.051423195182842,0.0169563832782517,0.0362986137774369,0.00790588550307999,0.00237474822186633,0.0128070876495529,0.00427240064119667,0.0106935229738249,0.0212036044914658,0.00418567089989932,0.000337839398140652,2.10518823252729e-05,0.0856213110026706,0.0184734908501257,0.0294122957095779,0.168776654645241,0.0334821855424808,0.00841464621221117,0.0199767493062531,0.000121869904735245,0.0012682105332805,0.00276889722842919,0.000714447084473256,0.0144078481708961,0.00998761228678774
0.00874661508617425,0.00209044942705519,0.000281425051880456,0.102785543402334,0.00348087532126441,0.000359548461204302,0.00684805788589776,0.579314656787937,0.00461105224275952,0.0647718799792067,0.0390771543067267,0.000824565342208455,0.000466780172605016,0.000277327381611499,0.00143906507534437,0.00828159442917922,0.000234598013881099,0.00402724383470336,0.00159217050543227,0.0278444145405114,0.0162598631585553,0.0249093698830796,0.0376911973258104,0.0229844443190043,0.0148755207724965,0.00143083755399361,0.00877777410799199,0.0111452713736129,0.000224181161946838,0.00164849055274913,9.01824145868757e-05,0.00260785012825546
0.000690481096922563,0.00383448018946505,0.0038671037444556,0.0493164111508605,0.0159694552513584,0.00140268530285108,0.0366281687478482,0.0182866442366748,0.448245222917256,0.0801833839687318,0.0138505598100982,0.00195334258521489,0.00426065519553757,0.00033904136080089,0.00706895905614682,0.078970977449726,0.0019786793118384,0.00502386310684799,2.80507742914084e-05,0.0502226614235977,0.0281072654063944,0.0335107114940502,0.024884625463098,0.079098069119938,7.14309699794461e-05,0.000500310428913954,1.75964373302955e-05,2.68007757696225e-05,0.00184715937552602,0.00113862767583809,0.00175112535589476,0.00692545081674371
0.00179321788242899,0.000396528038447772,1.7566056863515e-05,0.251000997538066,0.00488452209728566,0.0152691429042316,0.000288218614097419,0.2836389242427,0.0168434539114473,0.326614137988124,0.0389621009328683,0.000677133668490767,0.00126472775721224,0.000319002678188557,0.000488342421404078,0.0124103652894743,0.000130833087586193,0.00247180318673808,3.72343250185444e-05,0.00455777462880638,0.00564584143247623,0.00514899785339966,0.0141296658681839,0.00627627827575974,0.000252553006154765,0.00121972220572196,0.00142018618385319,0.00269922912752415,0.000243904647000982,0.000441307301246652,8.91029936881315e-05,0.000367183855510499
0.00146770407164519,0.000569670661640818,5.1071858608859e-05,0.270604073163997,0.0163990518855418,0.0115031543535144,0.00540616027291074,0.257698414344844,0.00581329534166791,0.176017856048742,0.136048128117869,0.00196643253227922,0.00159646064209267,0.000182209228469871,0.00297047434864236,0.00810008302549269,0.000165125196480963,0.00312887187063374,0.000160477318565242,0.0128145627730949,0.00983891922438736,0.014468990284332,0.0300179802206938,0.018570169374307,0.00178273145095668,0.000966361202543974,0.00194236291068486,0.0062036939186037,0.000595878869597561,0.000143919928194096,0.00080848388271665,0.0019972316762489
0.000125571251423613,0.0028068169556983,0.000189700007398561,0.310988129030566,0.00785355854211275,0.00526198276465707,0.00226307820050616,0.23217953553027,0.0073653182972391,0.187569552816532,0.0133530753622585,0.157291539694557,0.00318278408790506,0.00181879619700774,0.0204408209134706,0.000402869404120715,0.000214231450737518,0.00175497915143192,7.67479167984011e-06,0.00356994042940255,0.00170598640199606,0.00389743493052577,0.0206767756837351,0.000165020168480364,0.00046970032750002,0.0021806464315062,0.00107554514200004,0.00239336373481722,0.000419573780738869,0.000712120244823328,0.00668452261118911,0.000979355663714547
0.000625602935214268,0.000353053972054494,0.000164799048585647,0.282515201296689,0.000316468066960057,0.00772205520563382,0.00318862548434208,0.191030409568912,0.0128794922051895,0.203169909591081,0.0363620815077631,1.76031332153929e-05,0.0691312437731549,0.00225078608466426,0.0172818471064838,0.0102814001074428,0.000241328036979526,0.000288036136850548,0.000114687682882869,0.0617977103853136,0.00438240694367689,0.00906831682544806,0.0141997241979838,0.0688644565375835,0.000139927290366119,0.000656180469093443,0.000529350789720962,0.000856696235906359,0.000612700804681526,7.03280233713953e-05,0.000231523103016734,0.000656047449738621
0.00243437638682648,0.000919856997434348,0.00034603326200177,0.0896359058298395,0.0140929260383962,0.0225822640737313,0.0114015340525668,0.0989808390789958,0.00360798331407347,0.0966306514516902,0.00552284484752065,0.00174166419844473,0.0207358083052369,0.461795314040755,0.0594154343757521,0.00836410513574216,0.000129435789548033,0.00171589159794682,0.000717359124665743,0.0242585594583458,0.0135902937038363,0.00390208254289972,0.0253614558254892,0.0189953166423636,0.00214008750815368,0.000878216249732163,0.00302941064351904,0.000593906549728699,0.000718066752726731,0.000342018581633483,0.00257532138773754,0.00284503625266573
0.00165150746862563,0.000508727351917802,4.10532841914517e-05,0.069384657017101,0.00687533943116687,0.00303563701745074,0.00649061697896357,0.0493360440696711,0.00231763617815885,0.0478519236032913,0.0121169110850608,0.000283221336971748,0.0131258777695419,0.000746712923737233,0.346938537718316,0.00157344778491919,2.9834871161049e-05,0.00181067577532817,3.2721722551178e-06,0.127162421585247,0.0284686050760869,0.0434486122121784,0.0802653777217801,0.134927784437269,0.00168265666209798,0.00302537180096621,0.00627387602823155,0.00703700308672147,0.00122490858499005,0.00139922431552756,0.000267728192703972,0.000694796458370263
0.00232157232847219,5.93991674513793e-05,0.000724444595153456,0.159074056959995,0.0140892044706912,0.00413052130791414,0.0565711176753886,0.0746672516518942,0.0934586727738882,0.137193609197942,0.0129446293975341,0.00605837919464685,0.0100896647743301,3.96277142634569e-06,0.0153684391314358,0.27849100136101,0.0031126722839951,0.00133306763914408,0.000596162681061975,0.01255904371757,0.0164025706200563,0.00975168128928614,0.0187715203911099,0.0451211841030259,0.00260402766739151,0.00737905505403461,0.00106176196193577,0.00450872647452805,0.000271331318666922,0.000549205131693182,0.003538079963495,0.00719398294383277
0.00191436275864794,0.000497631480705667,0.00187762345062757,0.014700528300718,0.0464227302508528,0.00121308307277037,0.0361376958734201,0.00144641472200867,0.0123423071196275,0.0288831068413183,0.00017821730619476,0.00509056724502521,0.006632939763899,0.000313292586967247,0.0106266397123584,0.100749593547303,0.164667322179995,0.0136408071218415,0.000242999593886113,0.125822556859131,0.0601802695731737,0.0795813978942921,0.150022688645787,0.0948405995604942,0.0108937320729754,0.0054393095959066,0.000850268268815357,0.00433074783604456,0.000580309281579271,0.00120066812287081,0.00259222483032586,0.0160873645304367
5.1331405590486e-05,0.00596051417412189,0.000190976078655606,0.052180027485721,0.0521404482141108,0.00724832785603405,0.0327249061702707,0.0442072040905619,0.00868788091906427,0.0198182561205246,0.000358340519539916,0.0112297116535807,0.000288879709529318,0.000360413855363879,0.00491847126002493,0.0132500859546415,0.000117214496434449,0.335028196032907,0.00163224066321528,0.152741461741759,0.00899338929072897,0.0143661463896515,0.0546260560852508,0.121218574272326,0.00650420369004602,0.0127316974401587,0.00702941603404128,0.0198427669390224,0.00142066176620357,0.00149125331856153,0.0027437097069745,0.00589723666538341
0.00599728645647282,0.00890392254935703,0.000891060243302714,0.0355486458386401,0.0031016433337431,0.00436098249484815,0.0135197622474721,0.0193649090103934,0.0165400137271946,0.0121965626334972,0.00657216773851194,0.000147155472531983,0.000596571887452129,0.000564367165222067,0.00429735093726468,0.00572246514320322,0.00924478941315819,0.000582257306996935,0.539293320035716,0.0438864502229558,0.0755483664068217,0.0147278381384707,0.0680928804465024,0.0829305783737852,0.00596006464456601,0.00614666595867518,0.00160685560330054,0.000486115695776604,0.0034965175994889,0.00272295725568808,0.00099348046182409,0.0059559955571665
0.00530441132157042,0.000832422955421662,0.00026652109168962,0.0911925443964796,0.0283951347123799,0.00778976357112429,0.0079714152438531,0.0775192193110352,0.0110444032455721,0.0125793725811535,0.00207892915427365,0.0025706904907875,0.00293178530304608,0.000485375297263262,0.000168029433168334,0.0289834794814941,0.00833889006307517,0.00340027142686002,0.0015532604903352,0.502644799705501,0.020428426604437,0.0140280814647374,0.0570867875290504,0.0509646704093926,0.0116554660590854,0.0214927055150085,0.00331399574126899,0.00406105176930968,0.00173123713086509,0.0114412184004289,0.00423257149222492,0.00351306860810726
0.00680111656406619,0.00342009503680499,2.47289458375091e-05,0.0282989406548287,0.00979184147058897,0.012688683622179,0.00397247008179662,0.0177066821646279,0.0832650964085819,0.0257437608922196,0.00648070860426208,0.00224432562188066,0.00216358388267762,0.00154178340028235,0.0105029720676641,0.0815559192821006,0.0136015227259568,0.00286522792461663,0.00300087191487271,0.0274007886146123,0.205330990751236,0.0641787252009732,0.300140037869704,0.0331444766619683,0.00614331896952101,0.0101302985525585,0.0128560471457149,0.00355510155232623,0.00182039196225645,0.00578926274052432,0.0100831612888418,0.00375706742391796
0.000957493048875604,0.00156409568455786,0.000255135459446067,0.063711304314121,0.00578501999204246,0.00492036486276105,0.000522985001942414,0.0325475713903453,0.0140168209990839,0.0428713960622812,0.00435346982901609,0.000443052508005785,0.00239830459780744,0.000717395796472024,0.00938687920310756,0.0282509379170056,0.00129788824266737,0.00332750120854775,0.000547781036330478,0.0462165374059582,0.09264191039954,0.240192423778152,0.300091898918673,0.00286457480467496,0.029600408015798,0.010452034877056,0.0112614439344905,0.0116056553629619,0.000318741207573111,0.00434629124155865,0.0012835071300803,0.0312491757690666
0.00158538376544351,0.00554754591674105,0.000255258711968218,0.0292537833978412,0.00228813964403262,0.0113510397373132,0.00412996170917853,0.0160360778780645,0.0145141875228624,0.0336604198214905,0.00271703039541343,0.000835163196112436,0.00100765311643364,0.00123642969221345,0.010212195726843,0.0119182244986431,0.00569607648275052,0.00275039679567297,0.00115106777565578,0.0160209960663992,0.0247379077143626,0.00409386063857878,0.755556585504596,0.00244688923348631,0.0119333028427683,0.00464974508500254,0.000500266950838715,0.00481514261317057,0.00112332941982381,0.00444260496258628,0.00345153395831809,0.0100817992253949
0.00410950471177342,0.00144093904083295,0.000477072716006562,0.113922120878805,0.0610290887155051,0.00896413381810186,0.03066840671266,0.0928536052448251,0.0174647058232401,0.019773745234828,0.00257779156829173,0.00649167595042582,0.0067720661460925,0.000382509174178751,0.00065005459788147,0.0525091069590248,0.00830417572069532,0.00464244127810904,0.0038314519633524,0.163104160028366,0.0102095154678476,0.0104766087917829,0.0389830987972125,0.279498491515551,0.016851767937471,0.00972910791036513,0.00207323203514241,0.00646283691198806,0.00086343513626127,0.0147644524768904,0.00589274424102254,0.00422595249546931
0.00216782102706556,0.0018224150737003,6.02682458761574e-05,0.0150438911851289,0.0558785619834437,0.000290878173613642,0.00939017824651618,0.00256076474884114,0.0652568828355343,0.0177386147898605,0.000963553707771321,0.00301639443316748,0.000455375055323032,0.00123642233748961,0.00375434442197362,0.049258646497273,0.000294854325176597,0.00985629329262783,0.000102320164049838,0.286551314091357,0.0171318499548156,0.00024991282004668,0.0265183103580507,0.17010203556707,0.215553213470198,0.0179404323128471,0.00493304786501899,0.0151717811279173,0.00133063523654088,0.000569370642993935,0.00273604746213881,0.00206356854657242
0.00387124125636386,0.00149478519321816,0.000604134868461414,0.131774441706441,0.0023346168157209,0.00367950495922771,0.00254073497727226,0.103072704097722,0.00257805275518355,0.0334089685808797,0.00282925081550458,0.00302419029721446,0.00144543277021105,0.000354875401723012,0.00670123459216448,0.00202182701030269,0.00124728366509261,0.00223271423885546,2.52674051616374e-05,0.076802155515033,0.0452246916705429,0.0167140743231176,0.111839709035987,0.0741682774572344,0.00826344674121028,0.332403843389974,0.00819119917240927,0.00383384769153435,0.00215831907772105,0.00655808921181107,0.00364557954893531,0.0049555057577692
0.0091651833114053,0.00440215233535971,0.00097817529046664,0.151939639089033,0.000820833932501503,0.00646647073718461,0.00596750115920748,0.138253628515103,0.0305972255666582,0.0422183462543887,0.00633820586989151,0.0077754516355621,0.00347668118044203,0.000388409497519489,0.00883486898618898,0.0113746016859635,0.0025620802044604,0.00124016389227468,0.000496917620514887,0.0474198904042295,0.0629249973434788,0.00672340356092313,0.043015513901321,0.0142732215240549,0.00882655675878624,0.0682113707888494,0.268759766010691,0.00738120714055186,0.00361982828253249,0.0127620150624858,0.0108834693004265,0.0119022231575434
0.000215939068927698,0.00570346701279216,0.000379899359922393,0.138788927571062,0.0223460012062078,0.000700840145527324,0.00929986594603371,0.102693899294412,0.140306972261445,0.0544742637817836,0.00081119255391653,0.00499928706932587,0.00370043118193603,0.000287288264208378,0.00638604306919977,0.022491487500605,0.00278016748615333,0.000844506995519343,0.00154845035158675,0.0528727468725528,0.0087999138613125,0.0183659854035097,0.0954516404981946,0.0876377255610061,0.00400391679575756,0.000145815302629509,0.000392732996912229,0.195638100668823,0.00612261890511949,0.00216951189048206,0.00121079218005652,0.00842956894307834
0.00931485876886062,0.00450590473876019,0.000156885243092304,0.0274910552231284,0.0207151210010584,0.00587170255254501,0.00192875165239356,0.0412754051189216,0.00980395022222185,0.00387125842335308,0.00462307226287486,0.00133496519476646,0.000348011184688474,0.000754639005314966,0.00790487343401612,0.0144771391228164,0.00432712667615947,0.00189062399469351,0.00204512206999148,0.00243228628509039,0.0389994120070106,0.000175030964447621,0.063038626193179,0.0256974722942273,0.0375796077973513,0.00320195107228649,0.0165046307572253,0.0108573698889425,0.619446914799799,0.00479157484894397,0.00377559674670134,0.0108590604551387
0.000923468989059427,0.00123891358236398,4.60636704079733e-05,0.0124665804505809,0.00922049385821881,0.00237362997830671,0.00346757072744345,0.0100596494600255,0.016850767129456,0.00983925674703936,4.98505022396513e-05,0.00422859923420862,0.00255809858826053,0.00168857626477934,0.00469010973494902,0.0069696213065976,0.00108368568253842,0.00177818333100461,0.00255337476935529,0.190231012076418,0.00983735256983488,0.00731295139411879,0.0301372361485584,0.152497800010001,0.00149473148671529,0.001657784995378,0.00108389063487207,0.00703671914139161,0.000717848448996973,0.496745185087179,0.00748868301158624,0.00167231098811475
0.00477510245499896,0.00204710484045734,0.000573756640920581,0.128428169413198,0.0021038299904264,0.00474411719479819,0.0071691146431907,0.134111669492526,0.00328189474716881,0.0276196300702417,0.00285303971225751,0.0029189801963182,0.00362757419460969,0.00229377780549072,0.00460138560166587,0.00364543274281394,0.000158503030461231,0.000733289114054605,0.00389254608092062,0.0331432580378424,0.0241034028674784,0.00159460874183962,0.0427596855323651,0.00970053008821098,0.00573729612843804,0.0188739548215556,0.00148209481139354,0.00382239942571402,0.00564344175204218,0.000225628000683921,0.506476992679666,0.00685778914625117
0.00121780567544972,0.00835345139362239,0.00109304060057377,0.0578105870302241,0.0593950825852377,0.00804299821456898,0.0358066556012876,0.015176423696075,0.00978093492645041,0.0618882690592681,0.00251121572428722,0.00865113888272269,0.00294248622066635,0.000698405176454269,0.0140361430565171,0.0377719996796238,0.00180640300428616,0.017151934115188,0.00141743843402683,0.0608188733834922,0.000327954431317284,0.0669679713291924,0.0570941429280228,0.00409982093327701,0.0298371608922879,0.0138250863612797,0.00348046307382712,0.00958616464410574,0.000957551864586809,0.000446000466111239,0.000519384267459822,0.40648701234851
