0.723834732382604,0.0205524781577947,0.00717420478768185,0.00377499060459898,0.00243713406628025,0.0111667197929908,0.00100760677061782,0.00283166173146173,0.0293758062572017,3.29679815417544e-05,0.000827832298866219,0.000191879209664743,0.000241692154448539,0.00257301155646095,0.0017523676900187,0.0363181301615582,0.0437301607483341,0.0134678423765415,0.00646627190153275,0.0133082012423611,0.000734804971324932,0.000375976210529326,0.00696839337619226,0.0113441261000725,0.0213684184771755,0.00150551867931278,0.00206962358386553,0.000832721810277297,0.0119162170332164,0.000246965646651077,0.0143329679144018,0.00723857432442079
0.0139430126660973,0.6250707735271,0.00765053357912309,0.000890029242305267,0.0191144201842032,0.0261118995290639,0.118897292993808,0.00422811102972303,0.00613116970694079,0.000477794045892386,0.000776607671298812,0.000204676517646041,0.00130055310645595,0.000315723289461638,0.000773095703998823,0.0576014467952996,0.0233024400910011,0.000376035977136843,0.0084410585657919,0.0211951240774405,0.00190714514100847,0.00099616378599338,0.00824844364205467,0.028985756010799,0.011313186446903,0.00437652278318907,0.000763760563976115,0.000298971935598322,0.00108643820188953,0.00202265686041238,0.00190141809220817,0.0012977382361798
0.00270302995577962,0.0191741428001743,0.669580318438501,0.0123369247705018,0.0631306777779461,0.0024376605662168,0.0558977150927854,0.0114166755211501,0.00326828443340619,0.00550568554117141,0.00945958479911225,0.0240051853341496,0.00564276903698762,0.000923196092511401,0.00858684861444003,0.0402853795278745,0.000501408161992036,0.00249781833215029,0.000733327391285107,0.00406334081315022,0.0170336747610477,0.00411972926621233,0.00461112334479147,0.00444878297110163,0.00339996464675337,0.00668375976235078,0.00143544510142444,0.00625941768342627,0.00688946894005526,0.00125843731831849,0.000767972302130596,0.000942250901102566
6.83206842538509e-05,0.00137442122384481,0.00945079920337083,0.621688443580404,0.0687080270623243,0.0167943408775395,0.0506859150060222,0.00487825181879034,0.0043783765032405,0.0127606033031434,0.00302771121380465,0.0447206995346356,0.00772683620673756,0.00597455156338074,0.0130780769532518,0.0190954747356069,0.000122429107089978,0.000286570540753717,0.000148185994113728,0.000995569488526625,0.0363285240994261,0.00246565685487814,0.000450112879177683,0.0118028622772494,0.0282937193533669,0.00243854517692975,0.00792073535743731,0.0015454786657505,0.0166970952058479,0.0018862208205409,0.0038593452295032,0.000348099479057439
0.00361846764222612,7.57172489129574e-05,0.0117708115241272,0.0378868894479624,0.767758511242854,0.00613744395722436,0.0231038747742617,0.000989556837784934,0.0121955676039823,0.0152295866469144,0.0112255175137763,0.00997670663164476,0.00167734336323371,0.000447574213108421,0.00393857775476578,0.0282764645082754,0.00815304510632347,0.000260134757277416,0.000728225305524361,0.00573951955623161,0.00430051851281804,0.00164113237304542,0.00550101818309963,0.000195937497263474,0.00840938428595895,0.0111168150676806,0.00210681641780845,0.00261275929987468,0.00763727233175751,0.00149225282635009,0.00193173878096526,0.00386481878696648
0.00536782725906649,0.0097622667701623,0.00822955054667726,0.0668743521300604,0.0134789626210977,0.454963253188691,0.027210998093181,0.088721938433084,0.0372448524654404,0.00660293972123938,0.0267947235064782,0.0365315637005121,0.00245796468428675,0.00114803460292774,0.00495037186375302,0.105371403962343,0.00386826845546389,0.00263672727298528,0.00137543537372403,0.013650624924956,0.00845166679685201,0.00522564740898398,0.0233471647303644,0.000699751557259638,0.00565519116893157,0.0173072862175024,0.00538279994206475,0.00357241793816114,0.00921231357796033,0.000875093004792102,0.000594057151458159,0.00243455092953887
0.0160044225067414,0.00295089763455223,0.0032795057994507,0.1281201567458,0.028753750766805,0.0219093466763912,0.478716677948787,0.0413376253797438,0.00670862645990803,0.041690526603687,0.036220643649022,0.0434907630344034,0.00139805393360526,0.000552596996475808,0.00429484865357124,0.0178803207153529,0.00513100037520229,0.00171801281357908,0.00199177085998134,0.0282658440133053,0.00238901248056386,0.0035422255289929,0.031731508468967,0.00388491088244442,0.00431073357058415,0.0177319866935419,0.00200321051073419,0.00222781096805435,0.0175617743073024,0.000390868329697546,0.00106245020373057,0.00274811648902135
0.000236160404062091,0.00282883628382573,0.00610810669740143,0.125467643624942,0.179606505118026,0.0273924334169136,0.0311463389436108,0.3171310961924,0.0066245628895571,0.0267578218912595,0.00689240284747903,0.0514926309978844,0.00970733079250084,0.00317906513203637,0.0111335959512088,0.0517210372186447,0.002408019698718,0.00598211639621078,0.000122500436987438,0.00171716602169096,0.022077627374175,0.00187576140827266,0.00259565096124391,0.00580608070338889,0.0678707791858613,0.000828434065016413,0.00484937735043631,0.00148843129874806,0.0145207892338574,0.000390115034158811,0.00308920307387759,0.00695237935560418
0.00618747483786037,0.00316119394061475,0.000300123508805025,0.0380498590012963,0.0245864433385749,0.0524224922507236,0.13265666337188,0.00454824732200671,0.476009296537567,0.0170909781009603,0.018762460096563,0.0228562569088324,0.00144693749052032,0.00049272500428621,0.000963596195430192,0.0807682105781667,0.00124287972540755,0.00161923764286665,0.000938453875263823,0.0294629370517106,0.000464557790097774,0.00099681037715756,0.0215307446154094,0.00887963150649197,0.0179211683956917,0.0120964830671402,0.00125901909619231,0.0015916387759712,0.00813078610143303,0.000215857485012889,0.000984576347228405,0.0123622596628364
0.000125249473130888,0.00230739173678711,0.00572004546279629,0.136234169103577,0.00470193084240491,0.0213464909900456,0.00356300021705275,0.0098069601799041,0.0194034461759827,0.571968556123626,0.00870557597255958,0.0938686036767675,0.00396324027478985,0.00267460329440237,0.00582343581714617,0.0103167296896209,0.000166254973588042,0.000264559148792264,0.00140993054188654,0.00453932996258649,0.0162558494409555,0.00693782939885074,0.00337883163772699,0.00206570664940125,0.0173776937317334,0.00571989850559858,0.00574528575664953,0.00371048690320614,0.0185374096637272,0.00391949596630528,0.0075668545154039,0.00187515417299416
0.000394359894108794,0.00464396312223477,0.00160484107573503,0.01504495533244,0.0831841291392448,0.035595897294215,0.00881130636817018,0.0447254740649357,0.0656352035670545,0.0163586798780279,0.56218918024218,0.0291484293974261,0.00212789334142661,0.000237394019087157,1.21956618847177e-06,0.00862339553360659,0.000281631925606587,0.00204502721991636,0.000672899856047738,0.00176179424984935,0.0016127796555719,0.0042113079264276,0.000998476883916145,0.000380965553671748,0.00394620121639111,0.017880353762122,0.00337075331004332,0.0161301751972361,0.0608347810012645,0.00300152171597646,0.00362650732324373,0.000918501366634136
0.00353083704693163,0.00816692779384426,0.000273057577412559,0.0321411555808053,0.0524208909029831,0.0251531860295573,0.0203092031754265,0.00888961049935386,0.00254601529932999,0.0413753440915059,0.0145469047839333,0.682528200555845,0.000796534052207827,6.02050311769308e-05,0.00404612336185557,0.0204832060699355,0.00491527312926098,0.000334218879355088,0.00155678766507643,0.000334054629552342,0.00105705434872277,0.00566500051064091,0.00724256866117514,0.00173886100601499,0.00320440073282019,0.00310220432278721,0.0180658485872417,0.00225476499927913,0.015922820391105,0.00118291028853665,0.0149288088967227,0.00122702109960418
0.000575389021874777,0.00409317594945916,0.0138293758753619,0.0623580130675519,0.216519098340881,0.0391902332159598,0.0187383398828302,0.00192662212544486,0.000375450074581474,0.0214417078159163,0.00254714489025694,0.0176408040717394,0.401911564478243,0.000267569031582621,0.0421533675518671,0.0221951411861552,0.000404386645813072,0.0123902331931878,0.00142741774778465,0.00532307755833397,0.00785764897270342,0.00273100181669298,0.0054093667583442,0.00562184149232474,0.0162411664571971,0.000441258832686865,0.00892058872622614,0.0337471804637105,0.0112637814888336,0.00122969010970978,0.0207580398783319,0.000470323278413094
0.000429125926090663,0.0016443850926786,0.0140065499211791,0.027222975808854,0.0563946349338904,0.0435253640708901,0.00115548903481907,0.00205789531192956,0.00145813690182147,0.00245440280465292,0.00035927774355224,0.0144693281629918,0.0253941722788011,0.69310462259174,0.0284499314054005,0.0100035349013987,0.000563130867344435,0.00151460558928986,0.000989882727688255,0.00246654242192339,0.00375408187429798,0.0143350714453192,4.36707051079393e-05,0.00120055030018567,0.0194149835662638,0.00256948797154355,0.000288378801202106,0.00645524390348935,0.000507341665478901,0.00243739813243775,0.0181253162965373,0.0032044868412006
0.00085728174178491,0.00193206160441709,0.00242346559465435,0.00235808063791806,0.0960323182026581,0.0328312891098354,0.00681168846413815,0.00100540855407425,0.0273734814543902,0.0120527978426957,0.00126763411915102,0.0145440670491098,0.0374267298298291,0.0011412502341961,0.646388984003157,0.0479862318259884,0.00114668240362486,0.00435966901545932,0.0020754408589995,0.000698299865955514,0.00433893362554048,0.00362983588211173,0.000775288014841795,0.00202747595148385,0.00314150388143404,0.0146005269835173,0.00194491990940238,0.00870845860774663,0.00548010229407238,0.00029361996926285,0.0142739329057431,7.25395628069841e-05
0.0312018612518926,0.0206788397780787,0.00193226948425243,0.0194685553987979,0.0557439453464585,0.0392863585622971,0.171368986859519,0.00267687415824673,0.0910153006462957,0.0107922807847444,0.0106214325046831,0.0173343898109891,0.000808079072702254,0.00122550687077411,0.0019405950829915,0.410869746379161,0.000392911300435886,0.00464565032547445,0.00288111277577196,0.0272262844028204,0.00177356739049962,0.000534269049587158,0.0214588693944922,0.00787727071979872,0.00482467176318195,0.0103268631723969,0.00249043358726389,0.000855080503994602,0.014116504249085,0.000139575742085529,0.000174195669995817,0.0133177179612319
0.0309475391136198,0.00332663351334641,0.00361870301053138,0.00109064061267612,0.00218119911870219,0.0174190747578063,0.0272426715774365,0.000890184944734693,0.00566109855344971,0.00149338873104909,0.000393958080851882,0.00163088402526853,0.00615288515157709,0.00288423960222505,0.0023569702655671,0.0146464252414249,0.798119024510571,0.0336375136844393,0.00077260909874631,0.00690077984621649,0.00322528475041206,0.00179666113150538,0.00419934891974613,0.00159134252430788,0.0120675696166001,0.000824637990302215,0.000946412684588712,0.00560900244311388,0.00114970564572282,0.00118226629811648,0.00118515380385238,0.0048561907514917
0.00111416299157913,0.000133150929956873,0.0012282548219698,0.00236638146469512,0.0175366180208597,0.0554202554359718,0.0406082708466258,0.00216217470731711,0.0125582086124859,0.00329750539245435,0.00472063637569944,0.00387196608469783,9.99218756845618e-05,0.000604743535579734,0.000813218365239617,0.00341431234865853,0.00368096627471943,0.772238255737737,0.00180631466977301,0.0102147187262829,0.0125647288006235,0.0123652268251918,0.00878740467622935,0.00357826588028806,0.0012430271832206,0.00749226672655571,6.7078632894652e-05,0.00766461283123964,0.00483432249429469,0.00160845431156562,5.75232320715571e-05,0.00184705118783705
0.00399473904268141,0.000875543740156685,0.00151420415863927,0.0104071272752713,0.00810899410517767,0.00506184082410054,0.00294382805973834,0.00472575528629767,0.0239685260429801,0.00482760744862677,0.000614185819862525,0.00275923107261551,0.00219801617273611,0.00173049886807036,0.00351550300175331,0.0053158918696555,0.00278618910327993,0.00149455188551404,0.700052260744464,0.0353026897006666,0.0271272790006513,0.0263950087763232,0.00435297404973355,0.0535671393845271,0.00811843052279905,0.0118964482052234,0.0215952511797434,0.00849130543054295,0.00493566705059491,0.00186009431719096,0.0047964421936861,0.00466677566669599
5.10847764797965e-05,0.00231194016906973,0.00062994368145934,0.000541176892748386,0.0028217301356817,0.00106583456182411,0.00320663665810004,0.00550055935722158,0.044943208055321,0.00139257683656124,0.0144101297880004,0.051663708328893,0.000500014910620344,0.00333801385528656,0.00303880315982195,0.0164730858262115,0.000733022949426074,0.000339954336567972,0.00943117474240761,0.709847147052546,0.0247686094733795,0.0077929924220289,0.00650569834776858,0.0251352086686332,0.00131187031483953,0.0149643256224098,0.00665186787484897,0.000259612420576771,0.0387642763126945,0.00101192095290251,0.000509047640961687,8.48238747080605e-05
0.00354684747606671,0.00247247803318873,0.00331170023949202,0.00351533510282826,0.0100544498898322,0.00400761562876831,0.0354522033320855,0.0073472869203734,0.015026533515772,0.00278844941795122,0.0175422235136983,0.0313718855456589,0.000487841493219102,0.00149928026614975,0.00027320018662293,0.00578149678921421,0.00256541943603022,0.00227826119032098,0.00404677256299163,0.0227528045692611,0.695445920160457,0.0152159945192327,0.0151950599133452,0.0167510207104049,0.00896036968187518,0.00417726911148441,0.00763858544236866,0.00125592470027147,0.0337333861995864,0.00167048496484479,0.00654592640152472,0.0172879730850788
0.00419675656909001,0.00286455313313269,0.00150328504746974,0.00400672952567172,0.000267524809487599,0.00218753963713231,0.00319961504659167,3.1591740756893e-05,0.10941864014626,0.00644815404272459,0.00553500439722773,0.00202867485113811,7.55336738592736e-05,0.00645507223001555,0.000572185295674565,0.112195131979073,0.0103022428306494,0.00322818222179261,0.0346461027292882,0.000900663883929259,0.0122117809040406,0.590724426181857,0.0238632446401817,0.00162538835036653,0.0196074948873249,0.0223822886499211,0.00158354651281328,0.000332986608233694,0.00746004563729857,0.00103201482325899,0.00726725746055323,0.00184634155318529
0.00944719190467139,0.013906269097043,0.00198961010757519,0.00119629868366646,0.00053394538855826,0.00789135385362649,0.0167853439960887,0.000762531987089698,0.0122321006107402,0.00252227130418637,0.00211073063012595,0.00694528831437511,0.00106453679036144,0.00193361738664678,0.00147570066778514,0.0329873143636534,0.0179938771869807,0.00110043868734953,0.0174694599239495,0.0224411312034773,0.00174639916748893,0.0233570541723838,0.720173593963186,0.00270080937899685,0.00917412183138477,0.0518154675841635,0.0012519103712702,0.000326695227301834,0.000660044333566195,0.0042526438013889,0.0064133003583438,0.00533894772257463
0.00559510000149566,0.00263289677685995,0.00185515100772192,8.31343840595105e-05,0.00757160754193549,0.000670673929797726,0.0184926388209856,0.0069325636400116,0.0225147797797607,0.00428007668444927,0.0291197012846912,0.0752130384442572,0.000772337843519527,0.00741156100105521,0.00223751575923356,0.00907544177817769,0.00321989598985747,0.00187363510786538,0.0170528017094456,0.0198088045649325,0.0702889815562895,0.0112134039884526,0.00288783125721198,0.599895308430331,0.00137952770231236,0.000304340705102412,0.00460529628413846,0.00100382968794018,0.0599927218353496,0.000847118685652285,0.00256560370760942,0.00860268010949691
0.0426873691463655,0.0761826320289879,0.000407700047399003,0.00320688907655048,0.00898590847085569,0.00806515435988468,0.0647045433117268,2.68533645594814e-05,0.0751326826575709,0.00360443531462745,0.00492179725151609,0.00478956669682274,0.00269333891856573,0.000536180574411729,0.00161442882104608,0.0294130413635337,0.0177816866887922,0.0312151292484952,0.00422430096591312,0.0268441828379844,0.013749450460519,0.00999409142326023,0.0152904350013207,0.0230714400053916,0.448359710674008,0.0386906683482205,0.00248362794852699,0.0084376847790151,0.00556746564231291,0.00149173913703731,4.47003604760662e-06,0.0258213953987306
0.00218720526905317,0.00239964777421293,0.00180686737098672,0.00267892460799144,0.0141274789545873,0.000390477280371636,0.00284807413905744,0.00810805301958796,0.0356058991448049,0.0052753253873301,0.0117153717665663,0.0222643736111003,0.00267690618501194,0.00152010699646335,0.00351795091517398,0.0170252094124062,0.000830671465658917,0.00160020232756307,0.00793777456681171,0.0305527816675818,0.0347829893067707,0.000535075813972688,0.0132473071454453,0.00792146874635356,0.00259089089477728,0.718900560377267,0.00148080314875124,0.00537254160452523,0.0202776325892035,0.00174658515983516,0.0139003078521784,0.00417453549859896
0.00610233588071747,0.00676829006598397,0.00471926381613945,0.00385522615992501,0.000155655345278401,0.00228215982022451,0.00276612148535501,0.0104925268774081,0.0121022672807492,0.00371125931063629,0.0089468082721332,0.0195824851312704,0.000580974268460076,0.00130855352777542,0.00190158787825622,0.00967419124080273,0.00534695724650403,0.000626987773323851,0.00191467637991177,0.00124886534744822,0.0174284516595117,0.0102512518630459,0.050498963211997,0.0290475548241625,0.0134029658068057,0.029016025243544,0.63767916706106,0.000301058085132057,0.0841640875745771,0.00376773681485984,0.0134343174705017,0.00692122727649888
0.00783616414102065,0.00296244329247925,0.00889927411720791,0.00326099643500965,0.00506548251906748,0.0214531373210924,0.0562196679656615,0.00660326010813827,0.00110525125620585,0.0187058137847543,0.000438082228123731,0.0561863507024575,0.0104321105625261,8.86386348531043e-05,0.0172783105316092,0.00872516118995375,0.00119806042078901,0.00425737813296465,0.00124677940459703,0.000786286572325232,0.000898769061427778,0.0041135582877613,0.000393248909288782,0.00342525237328098,0.0219471001290589,0.000569992480661165,0.016659045429125,0.647132134964673,0.0203422227881941,0.00345420491903502,0.0438378869748635,0.00447793436179372
0.0011773813039526,0.00107721197433985,0.00240817601074077,0.011850082626198,0.0119397691218509,0.00437751469452792,0.023004662120526,0.000130353402131101,0.00302142529869809,0.0222223873977088,0.0371785851241879,0.0576225712066539,0.00234958047437377,3.81394545600061e-05,0.00194253693083784,0.00303882444234585,0.00732225515077093,0.00249123372171891,0.000699556129015245,0.00361314025025714,0.0016660178283917,0.00235088216089441,0.0146866608373132,0.0337601457887085,0.00354304324869667,0.000786349456424505,0.0527747931001368,0.0518138214573588,0.617839466561391,0.00119271099510447,0.0154541678091052,0.00662655392107869
0.00125045571196716,0.00437133447420591,0.00551514499697983,0.000186807308212566,0.0164332973497351,0.000719608910159057,0.0353832380964928,0.00220714702554537,0.0117312644548336,0.000596462383558559,0.00227876409067489,0.00256375594015738,0.000472642778434536,0.00190355706205438,0.00246373618391377,0.000321584963337402,0.00689537188412361,0.000293394989718077,0.0362278713268259,0.024895446132627,0.00958617279162547,0.0299326853405511,0.0386066583997186,0.00151020261803403,0.0172449683670551,0.0105083413514261,0.0163487255850171,0.00837107601580921,0.000248026099286552,0.701706335891524,0.0077508376439717,0.00147508383242416
0.00180594975010205,0.00316047959134272,0.00184497559235779,0.0202232062789907,0.018614237975251,0.0120814858947197,0.000728445103360554,0.00264224893223224,0.001534176373875,0.00814128665661562,0.011599696062153,0.0497499731879679,0.00842819189573574,0.000943081059218243,0.0076412565463795,0.00943524584939862,0.011302217816506,0.00381638084174298,0.00217655209100857,0.00626099659922298,0.0118092958854243,0.00215513035598797,0.0102002969748104,0.0320961161099482,0.0197106824158012,0.00601465692084104,0.0612812357884555,0.114760848302872,0.0102183995335001,0.00673811441994764,0.540940545064531,0.00194459412970026
0.0254395914533346,0.0423016116205951,7.45165108482169e-06,0.00389267007415124,0.00165701410660332,0.0110975417595495,0.0274855519706024,0.00474105478549599,0.0207948792905221,0.00243612698710222,0.00236723427073121,0.00661496675376174,0.000967573295574221,0.002028999812645,8.45349504903277e-05,0.0134418065221908,0.0103702629020404,0.0237276109716931,0.012726418041675,0.00733284091537688,0.00148804023000542,0.00353871081210796,0.0592984607056992,0.0167525744235496,0.0196757638624022,0.0165023922938033,0.0071203162285446,0.000716069450023024,0.00796422065824227,0.00072046266189396,0.0107553519925503,0.635951894545958
