0.704098092503753,0.00249864024901866,0.00564902788403264,0.00249148021647559,0.013111412497706,0.0100082940409171,0.00201621321308262,0.00648026079460214,0.0115008624875446,0.0018593450976588,0.000585029998099445,0.0570889935092634,0.00346942891108315,0.00583020014134591,0.00859878572644935,0.00501153871121146,0.00158963757726545,0.00246348494227822,0.000174148916010431,0.00275833725321952,3.42899086602147e-05,0.000916507961053147,0.0181171589442752,0.039441261787483,0.0114423774917868,0.00387478569006767,0.00227537178584314,0.0208790346803648,0.019423321347048,0.000217037688692295,0.000902921309365102,0.035192716734343
0.00035850704754872,0.66478786599659,0.0229334045050339,0.012404837198375,0.0116159873563879,0.0251306502269247,0.0169054923345025,0.0105211917176092,0.0213113245770588,0.00655670634664231,0.00542000159466195,0.0206956574938053,0.00153838518590465,0.00259834914751331,0.00322605980430463,0.022704508780845,0.0215697460187327,0.000180952897587163,0.000224633087313284,0.00198463478590842,0.0149482494421447,0.00327330728938692,0.00569906343997969,0.0205629932030566,0.0428107232943811,0.000964388627264968,0.000443782452673368,0.00798164688239755,0.00161931608389124,0.00518665089733898,0.00371875698424739,0.0201222252999876
0.00575237647454216,0.0141163697171689,0.756271843455856,0.0109326122958225,0.000534368423485902,0.0055318853305127,0.00916655889676265,0.0161043900358563,0.00897265936259434,0.00564143873520148,0.0234580057319165,0.0286401295292383,0.00352502325459605,0.000905388539116402,0.00975484300450181,0.0020905273930042,0.00149915724995717,0.000475134423771937,0.0009660578328788,0.0049671213905035,0.000405396196084628,0.00193938119167649,0.000457355037064801,0.0207633181056931,0.00461596977003337,0.00305197665257631,0.00857032339282689,0.0413879951339727,0.00126933417468846,0.0025911055466933,0.00103611444893227,0.00460583927247014
0.000764277086467644,0.00104521973839265,0.00351728741461824,0.771872610096993,0.0230779453244449,0.000914970582011441,0.0237113423925983,0.0364384085979873,0.0328982541858877,0.00762117319625167,0.00192293919021014,0.0146095478651325,0.0178211457844789,0.0104432502967507,0.0119928893624821,0.0138540539704815,0.00166797160361861,0.00125130389230658,0.00443515665635927,0.000428145282178541,0.00131359000740659,0.0021045533657765,0.000249584694035375,0.00091808603626603,0.000805541725082494,3.58138516786399e-05,8.58117142092315e-05,0.00577300567571116,0.00664827641446962,0.000622530533368347,0.000241742034523532,0.000913571427820563
0.00265675106210299,0.00235428551626999,0.00396324262489896,0.0424935474235174,0.451953502173525,0.0881918569225181,0.0779415689110769,0.0342301752342234,0.00139955991889519,0.0449679695434638,0.0167491550115236,0.0267632194423488,0.00497744790533157,0.00336752312821114,0.0116397776503158,0.087279720191697,0.00616867005488266,0.00220449725894899,4.48532381250006e-05,0.000554584954170385,0.000295229630629417,0.0164163642418876,0.0208397681717895,0.017506648397729,0.00156274581828065,0.00650838523433437,0.000617053472100461,0.00455858846280827,0.0164209188985763,0.000564673193245398,0.000142259231002798,0.00466545708156941
0.0037184370267967,0.00177801332381774,0.00420036275752335,0.0241306706065476,0.0147902586824595,0.667991979576671,0.00984165390922506,0.0601183656423196,0.0142860928747277,0.00800084025264799,0.00553524642561962,0.00535413558256846,0.00590638821736951,0.00293420396432992,0.0212349789356494,0.0888839458070362,0.0115639673124112,0.000126071083761747,0.000500137799181347,0.00171164044334415,0.00605626181305022,0.00371018182751089,0.00476880070074844,0.0041691832191899,0.00133246687042658,0.00411661280344712,0.0043737566922404,0.0012933973495104,0.00503174775048594,0.00267433614968934,0.000708589004831809,0.00915727559486122
0.00558455232299197,3.83530171436324e-05,0.00244258054959305,0.0339244232300275,0.138038422044153,0.0299469306522114,0.443246782558644,0.00525984800712917,0.160013859896056,0.0147954848331657,0.000577862639104139,0.00567765121035063,0.00865453562102596,0.0140508341805079,0.018956026543848,0.0157007550643992,0.0155175645901064,3.7025149861595e-05,0.000216963024916158,0.00113975335061454,0.0122984813043286,0.00428034500056366,0.0228440807560966,0.000761608071054355,0.00497477993160704,0.0128861324039038,0.00106460348667585,0.0123692472647195,0.00682521500596269,2.01519691963334e-05,0.00540311091474254,0.00245203540529847
0.00355240487541082,0.00489087725647995,0.000704157204148065,0.0714084213357381,0.0211637622795172,0.0182372316723883,0.0236720294085325,0.628545128326243,0.0293276415577553,0.00492553327887993,0.0138192500658339,0.036452629125661,0.0266129038140511,0.0150950247681888,0.0146933736915639,0.00715442912697677,0.000719972544235129,0.000761042704851144,0.0136965656438189,0.000914512934514908,0.00250687274162601,0.00499050843416673,0.00158653994528817,0.00111686693746397,0.0104183721628386,0.000366792845908639,0.00107791553793138,0.0241313981332186,0.0104282684789056,0.00472364767374097,0.00189080198623512,0.000415123507887558
0.00596016935999929,0.00875895524067789,0.00052074541474721,0.0107942529939249,0.0243579392053879,0.0241963505869032,0.0362219661182727,0.0127562339951603,0.670327349948153,0.0123425553913833,0.00523300630414797,0.0138852154776143,0.00259342127971744,0.00403688313987371,0.0141612142198794,0.0811428705580601,0.0092175689807146,0.0025281135592828,0.000601011212639875,0.00519785818086476,0.00690556532577969,0.00470349993908862,0.000918776929277635,0.00988089832189754,0.00381287577450466,0.00234864834510138,0.000130669531177267,0.0181275801522494,0.00479903393673728,5.09861487229167e-05,0.00238943581292251,0.00109834861513587
0.00195712446341915,0.000133096627434068,0.000693876806826523,0.0476099339943026,0.0148951110875389,0.00151132319832662,0.00129047791114042,0.0301463017591117,0.0327945259332739,0.664666146258146,0.0741142403783792,0.0301008053312081,0.0044762313005614,0.00256194532728455,0.000589853200336614,0.0120697297583338,0.000687629045258978,2.62378667065199e-05,0.00159957088702853,0.00477820793483244,0.00188336034149913,8.20762327878215e-05,0.000296268961016784,0.00127740684594436,0.00479840502919653,0.0130489226390521,0.000819616113139563,0.0178234514153181,0.0150914572078099,0.000955109217612133,0.0116604752307544,0.00556108169641958
0.000322328720780536,0.000916956555340179,0.000431887938016261,0.0975815725577067,0.0109210034569429,0.00112624294480703,0.00759385826744146,0.0485814114875216,0.0334583719546674,0.00845869735713884,0.543139262349305,0.0424083814395085,0.0125076162887817,0.000484994381187395,0.0133922059336786,0.0222802702321773,0.001207561953422,0.000575114236227207,0.00369449411927128,0.012053723933961,0.0162310093430933,0.0010286947760161,0.00650805836659156,0.00534585758649515,0.0153274935643956,0.0188313466256172,0.000690171059867033,0.0468485895898498,0.00185596448604732,0.00161890957041812,0.0197710877841124,0.00480686113961349
0.00470490985376676,0.00212839136059614,0.00147499661129055,0.0361192681353625,0.118523544863081,0.00399150152960211,0.0461814251160791,0.0124997476501798,0.108346252082991,0.00595470009977262,0.00895820150151282,0.348870702824171,0.0287772249652614,0.00758896703682667,0.00762567900579899,0.0191857171913535,0.0012849203285518,0.00136613032941491,0.00238173600071177,0.0230213490438553,0.0165243856134549,0.00284734312404475,0.000423434627388229,0.00406298518327219,0.0137480197354429,0.0279273056819478,0.00674196162986387,0.0406017314141623,0.0466152739411757,0.00609432856146088,0.0390997170749029,0.00632814788270507
0.000907728833027685,0.00279427198529942,0.000189045338860133,0.0717086694051649,0.00494989263845516,0.00467474890508273,0.0313588674720045,0.0651100221926323,0.00273707479471025,0.0443333940480035,0.134104836494627,0.109426493950538,0.211539549148804,0.00465775716888539,0.0204850556918953,0.0278853705936459,0.00252788093128476,0.00119291066986615,0.000575455352724094,0.0245805850580174,0.0186619059432895,0.000990078968839755,0.0203662174907197,0.0173045459484262,0.00311391124039419,0.0474768060448831,0.000897056720728816,0.099504182284669,0.00453608248308806,0.00304405959630781,0.0115410486698303,0.00682449393529507
0.000277456482649847,0.00188113621698212,0.000177697628176107,0.124616074203171,0.00321596920697985,0.00143373232972935,0.0132674862759804,0.033142203131611,0.0274722219314048,0.0298266339272276,9.51184030279451e-05,0.00209624375316505,0.00241794737382079,0.659476423874258,0.000589392827373805,0.0274098755167958,0.0116828536854808,0.0047985907437329,0.000694032621019606,0.0139911909809893,0.00459583822064937,0.0064003578552297,0.00406265275671725,0.00534035927222804,0.00758071194853079,0.00127205726051334,4.66689560244807e-05,0.00719405192564044,6.29199280551371e-06,0.000811443279072238,0.00312415234249931,0.00100313307651306
0.00284906189568145,0.00163317699868527,0.00101685620360828,0.00382904561446262,0.0303399494049702,0.000328786026325153,0.0230030981621711,0.0330194914718401,0.018432578630278,0.0112024789013139,0.0680620838780189,0.0657811144302555,0.0109206448316576,0.0014031547319263,0.519040464288755,0.00301226408993153,0.00482786901924954,0.00159911409359614,0.000282827692476848,0.018843425447905,0.00631462464700846,0.000304932123020994,0.00772351812059964,0.00586262108019354,0.00267385521235054,0.0414098554346297,0.00574306665422945,0.0695151700798753,0.00296355714536349,0.0080104606561551,0.0158240636330621,0.0142267894004034
0.00799203621599335,0.000873697159228905,0.00356105479691891,0.0336261487246333,0.181078709138006,0.0291800622904408,0.00658195104206998,0.0968572409917215,0.288373281677676,0.028853889161659,0.00759574735746375,0.0107789142546805,0.00722679427909836,0.00327189558214913,0.0307801989817584,0.166166243055059,0.00641194119818436,0.00163021406494497,0.000270965089430849,0.0105646827913068,0.0121330583045809,0.00115665115539841,0.014274742995869,0.00242662742641082,0.00178355283699112,8.52151355666092e-05,5.79254387582568e-05,0.0235818703630148,0.00566969723092854,0.00250581425286182,0.00926387349854451,0.00538530350865114
0.063099758070142,0.00145815066966595,0.00249430573668875,0.00159221662570923,0.00117065951222293,0.0017779469277538,0.00314470951852107,0.00302541581514543,0.0180442014055014,0.00502314264412425,0.000615631158792525,0.020749194163595,0.000506757528964163,0.00493262352961818,0.00140980331954339,0.00470850198128367,0.650912398401796,0.024573268060645,0.0114072525275858,0.0052356894958248,0.00903738570964396,0.000428331548136374,0.00322857437046132,0.0181248891303978,0.00972866216196425,0.00824148755136872,0.00102782256940979,0.0260416819562281,0.00893277003918661,0.00161010273770659,0.000809808297753937,0.0869068568346186
0.0188436032637617,0.0117782189874201,0.00169912094669793,0.0141421701048523,0.0112748607006542,0.00422956183646321,0.00172145053426761,0.00677045897513506,0.0360126020562295,0.012772171255499,0.00646272449105391,0.0172106944581236,0.00350763140022159,0.000468915153785828,0.000947229091545576,0.000395215277749942,0.00333970444975282,0.717694858366677,0.00831874082010459,0.00815417466531644,0.0141572142638505,0.0107309233706187,0.0275843326660858,0.00191903504083452,0.0128347516003967,0.0101060611462849,0.00272219206034173,0.00314559608956008,0.016841489938726,0.00718241348661834,0.00558181489368407,0.00145006860768629
0.0155059605637836,0.0045505820994778,0.000608534784665426,0.00255582680401769,0.0573305039208083,0.0184216129737616,0.0190132200811494,0.00032941885842436,0.073164182825492,0.00958832380878986,0.00737713311426085,0.00151443440989539,0.00317855795984708,0.000257867541823598,0.00115449277357393,0.017514855677497,0.00302964296145747,0.0205570041810795,0.681359646510656,0.0024586933170987,0.00454829458956848,2.95079960362949e-05,0.0143887095976139,0.00155024799081211,0.0259830962360489,0.00571798171767753,0.000856714673993358,0.000202007946749981,0.00394727708071193,0.000611453943600768,0.000209612971306343,0.00248460008832135
0.000260850004612618,7.39437590892346e-05,0.000806414232075914,0.0372389546238515,0.0135362267194588,0.0123497425816495,0.000279794601836733,0.0193863786816893,0.0189609158232467,0.0125484735625114,0.00193988422980892,0.0158211101830343,0.016646311882997,0.00603406199309134,0.00464689190281064,0.0261863837271669,0.000546988869687952,0.00391876873139759,0.0087654074146818,0.601175390275931,0.006739062557965,0.0150978446398561,0.0116851404462936,0.0319218321191163,0.00497048906851889,0.0781467994597016,0.00357822174968198,0.00638192148611064,0.0115496487540072,0.00706457726691403,0.0212522615856787,0.000489307065527097
0.00214804346155329,0.00108977689554564,0.00500684659638009,0.0060944236257431,0.0105085096083556,0.00581814255430267,0.0115309676271293,0.00857921239583762,0.0543425900421256,0.000685846569887624,0.00260660619322684,0.01631593335302,0.000575355789976449,0.00145803027577621,0.00492670185481003,0.0129933793651896,0.00141368293041353,0.00261666602998109,8.45852322117659e-05,0.054868542807009,0.597802533209855,0.00156430641896382,0.0100396057694198,0.0635711968727566,0.0177268285309224,0.0169039555622603,0.0085078288956336,0.00146717487012568,0.00556507261150851,0.00335699309180422,6.19295330143142e-05,0.06976873142526
0.00743069804868593,0.00278212313326495,0.00214784720687421,0.0159719690178973,0.0435106733557907,0.00625487252819164,0.0492150460719146,0.00390342009310213,0.0875044475272703,0.0391150721319272,0.0255155997549325,0.0958146817186253,0.00205203115767989,0.00162346518000518,0.00281146576424685,0.000620974249366775,0.00139995226518938,0.0452370543451487,0.00798754905581679,0.0551788672047724,0.0104892379163209,0.308968978122727,0.00641599124013374,0.00911095371571408,0.0832644067659488,0.00450833849533437,0.00214300323787698,0.050141212412349,0.0220328351494494,0.000888276989492153,0.00252595765566713,0.00343299848828385
0.00211157109808509,0.00262384465132992,0.0049689813229948,0.0130569928090737,0.0114343808440126,0.00354261024654887,0.0177489724083581,0.0318699797486225,0.0772150191278149,0.00188261696664361,0.000196864533826908,0.008557326943871,0.00129019583370126,0.00139804387424562,0.00369168233401097,0.0243925768860978,0.00598347486099398,0.00227157220559083,4.05504020165273e-05,0.0295244550013089,0.0651012878087804,0.0287515109994673,0.552213135307302,0.00930361289445165,0.0351068388546991,0.0100934702383184,0.00280647711837807,0.00227522437714748,0.0138033379848381,0.00093210649696694,8.36564013069698e-05,0.0357276294191961
0.00207467666498494,0.000838645261935919,0.00908184512630462,0.0163284768509757,0.00875928958816839,0.0365795999030441,0.0316780057656225,0.00971347809048618,0.0306120015320672,0.0102388490173153,0.00840331092893544,0.0311154137335831,0.00310370142544263,0.00152153573729918,0.00182912675948576,0.024774093650286,0.000959276264913968,0.00112108433928623,2.39056503261139e-06,0.0359764007417307,0.0167841625492775,0.016075600338997,0.0176227992034455,0.58981530730397,0.0284865421593918,0.0259269749625088,0.00230597883224997,0.0151951859332094,0.00158395128633265,0.00301385143120569,0.0143679878204887,0.00411045623202276
0.0542423823999667,0.019887171119347,0.000804253201717654,0.00772047346984966,0.0554443965965962,0.00384985096462341,0.155345831784374,0.00505254740602217,0.0208439273664658,0.000561751495483521,0.00117272269223731,0.0145973186730492,0.00647469355149593,0.00139428513381932,0.00209169351315779,0.0357964382301861,0.00022647835346262,0.0147599248066027,0.00432251525975041,0.0391532433761032,0.00158853262902374,0.00402652321179961,0.0140082937308591,0.0142985086464708,0.43111255519184,0.0173042309765743,0.00236342650867775,0.0594293540018594,0.00224388021158842,0.000546577727691019,0.00348186224336846,0.00585435552593574
0.000199594997121201,5.83552658439019e-05,0.000125545526904393,0.013776929284407,0.00968888394037072,0.0148574419190479,0.000157208559856441,0.00753308764077095,0.00403768934427811,0.0147436822167339,0.00385278614772875,0.00271830332426245,0.0112071527487913,0.0109549536661257,0.0147613651455588,0.0134565486818077,3.36181073167737e-05,0.00239515015435302,0.00126172142222506,0.00292112374335116,0.0422983861135286,0.00359533392194841,0.0332682708663601,0.0203898034541329,0.00293081697851555,0.72019559675941,0.00182365586995173,0.00113484273612712,0.00685125227875674,0.0117868554396263,0.0262522839070914,0.000731759837695049
0.00415551058282095,0.000596874091596435,0.00029194928319742,0.0290279162607685,0.0289698018803317,0.00165383433289592,0.00270800488401368,0.0136989855274666,0.0810271419417993,0.0145826036165627,0.0136849554565307,0.0764631890464585,0.00229713002045716,0.000716870732247759,0.0111690648497244,0.0139029759696357,0.00286797436128823,0.000630544186472767,0.000133201946205123,0.00644628446345887,0.0519406286123459,0.00245363324184797,0.00595647387877918,0.000275040437364648,0.0343518850628888,0.0279900533186366,0.513186727451057,0.0360205947687989,0.00468670749844975,0.00225117563363335,0.0135775548810312,0.00228471178123466
0.00358864205413534,0.00346228520101307,0.00189282735498959,0.0384046103651668,0.0947324423807997,0.00953137624690153,0.0170356512083256,0.0265785812700778,0.0966967823391852,0.0169468512541935,0.0281515908223943,0.0180877756209752,0.0208150321042582,0.00144061899394953,0.0156214981762694,0.0372453684490461,0.000961725957314784,0.000147442484449115,0.000797902788286384,0.00370652572721876,0.0239823231167608,0.00297404701195162,0.00903078247297413,0.000618541620944989,0.0106485533114591,0.00266311936642272,0.00624626823521765,0.4554142196718,0.033891814791207,0.00712483714053449,0.00883919936372074,0.00272076309805631
0.00016064035679607,0.00200014398099238,0.000249495325801555,0.0311244471216776,0.0636170233955411,0.0144649028709285,0.000974165160632369,0.0188833016207237,0.0980828836887823,0.015741465886801,0.0160444812967756,0.017803445674718,0.0102156238753593,0.0051013555005289,0.00648673571704064,0.0456318525241762,0.00118982193720794,0.00135909424247284,0.000312430228377037,0.0236109286932979,0.0319798169301562,0.0050981125469749,0.0188746396687991,0.0060643727002603,0.019299433491413,0.0436192969883636,0.0497505486494613,0.0254569878584784,0.390402134485299,0.00378887412337677,0.0292702540839934,0.00334128937479292
0.000246349947728984,0.000810555124763917,0.00023541821464198,0.00475124358086358,0.0140988632946769,0.000176057342139733,0.005458355583939,0.00737356557365755,0.00453442319190622,0.000335195558862746,0.00161818014556145,0.0127576152320545,0.00360632293349021,0.00140726378690472,0.0186668665269498,0.00404063720009872,0.00196445452448463,0.00171944961216026,0.0060078707291041,0.0104241697764011,0.00166017099996679,0.000825545180722369,0.00814110970005521,0.00703206447259948,0.00575855312658857,0.0356858857556324,0.00412800247058649,0.0157419572863506,0.00249370758861362,0.799988069414223,0.0181751525204927,0.000136923603779407
0.00104436341301643,0.00251259200611365,0.000809517366162514,0.0254204661154611,0.0627855968611545,0.0105929854268853,0.00316136162864055,0.0155172814891118,0.0918162302922607,0.0141684950339034,0.0170569654432588,0.000754212978742269,0.00519572094249061,0.0034605023314229,0.0102036459953482,0.0417314720731278,0.000174965773938843,0.000290144587258837,0.000210685081742206,0.0134932071223113,0.00528642456378639,0.00165816388367492,6.71776834419473e-05,0.0118659773626263,0.0132193711683258,0.0186995796507823,0.0202086132550036,0.0039122744218598,0.000774655920880322,0.00423348403957541,0.595994582238116,0.00367928384957583
0.0134794402898668,0.00289027162148759,0.00490906852631645,0.00170772577796605,0.00437321509861633,0.0267670906046926,0.0891253165188763,0.012927241030544,0.00548494249888132,0.000973533819038355,0.00098079163571663,0.0666900148540726,0.00122719568878636,0.00265500451171185,0.00241796559530924,0.0517331886892166,0.0130707278772792,0.00723497307205073,0.00354922053035722,0.0168710037107554,0.040805905646639,0.00196494622298598,0.00465160832123956,0.0224792694010657,0.0326517553438639,0.00381871391442344,0.000230476789367615,0.072757516115664,0.0120661793149669,5.64736568208071e-05,0.000673453941584793,0.478775769379837
