0.684841523869067,0.0264850823831665,0.000762835389807279,0.0138737857973381,0.0109846819577801,0.0161691153059234,0.0142303685865602,0.0103819708955651,0.0164201819866618,0.00120112035355897,0.0185256528798254,0.0426657502299081,0.00411275783750712,0.00076955381927089,0.00803317159080977,0.0259516074527059,0.0431613129735751,0.0111701369501401,0.000646009489480508,0.00971894533180533,0.000426411767968991,0.00082351240836021,0.0136175207249487,0.00777170347679207,0.0047478102696226,0.00394232961656938,0.0015558297578975,0.000118715318762052,0.00187908430039712,0.000208114216873184,0.00297972972420879,0.00182367333714313
0.00291618151786212,0.499456746331058,0.0022762058210045,0.0184580661556556,0.0226930146251209,0.0656934898440923,0.112796396810076,0.0165380919998659,0.0249534660394781,0.00129978764683876,0.00812153865883914,0.031033717706019,0.00112478495190346,5.0090512954549e-05,0.00366389031006855,0.0822671361078815,0.0256716926550584,0.000941290850414591,0.000442537907993727,0.00978213185997526,0.000371921707189073,0.000900468332902989,0.012824752397808,0.0101675160144403,0.034840123847937,0.000410787035477374,0.00197061540405903,0.000252653217262649,0.00571030521167043,0.000699049149181871,0.000725439477124902,0.000946109892786644
0.0155937990436346,0.00807805862261416,0.680109694478217,0.00230177956725969,0.0293665707860569,0.0247413775645626,0.117645326723672,0.0110329823532987,0.00522569838754221,0.00281187724512669,0.00165432260548694,0.00822433595045953,0.00158495071534791,0.00383226810923504,0.00896027085187088,0.0148893566284176,0.00474976184359039,0.0036245112587309,0.00500905792924857,0.00604602241702777,0.0102727041362754,0.0034813564776285,0.003322663156407,0.0109939284863063,0.000852965389824172,0.00209366733970903,0.000397323108613325,0.00315701219663115,0.00164567422373204,0.000230510245931538,0.00239018124052192,0.00567999091701901
0.00185556419512716,0.00302082278204279,0.00756747997774995,0.622259337851218,0.0843345943728602,0.00297516393791923,0.0312285100263072,0.00805822767642853,0.00556606433173209,0.0220818827664832,0.00462859951269135,0.0331325867011091,0.00362870377751975,0.00296521729103099,0.00314938679533531,0.0850455199960888,0.00265229635116289,0.00182665724705644,0.00362243837719303,0.000208036764808126,0.0196559791668818,0.00198834485687959,0.00149423923730287,0.00458833751923688,0.0252549935873846,0.00107812307000177,0.00331759529475369,0.000302457235795951,0.00963644137987378,0.000354374697695526,0.00115284862811441,0.00136917459421474
0.0115369557891451,0.0140158194754638,0.0111920305823034,0.0198859420692421,0.789507223708256,0.00137609974882745,0.0570878463301551,0.00716052710917088,0.000720397164722182,0.0040857394299331,0.000493079460789868,0.0012730345257882,0.000852390621078147,0.000684033747016772,0.0111418152316802,0.00386177400524046,0.00938696260139338,0.000227051628884317,0.001291244598395,0.00457321669695295,0.0149385083843881,0.00195536152813375,0.00499058503741216,0.00888498217383075,0.00451554043283987,0.00158242177358277,0.000577013792723276,0.000689712717773698,0.00650722446319162,0.00026451395212322,6.74961478427557e-05,0.00467345507171939
0.0187454839307312,0.000639954680241204,0.0058744276473166,0.0260813992575274,0.0370379045683895,0.593016074303124,0.0815430102086038,0.0213113586740808,0.0161178512249148,0.010217182956386,0.00293521264930284,0.0198958462558026,0.00602137051057391,0.00301358407119541,0.0207190268128263,0.0562959385838762,0.0133188836425381,0.00147107987177032,0.00181884178534753,0.00102856648222434,0.0110949860853189,0.00262053727108223,0.0109780567633974,0.00507015536659484,0.00123547311850755,0.00986660802636128,0.000295256539355532,0.00197459815437923,0.0127815233186426,0.000706649529431634,0.00171512632013821,0.00455803139001773
0.0509233716591322,0.0217539672103509,0.00629685514204753,0.103191528104022,0.0471744628501351,0.0346347089905654,0.528179854049731,0.00947683841686725,0.0260119578676055,0.0102468069918218,0.00600627790672266,0.00210637387966312,0.00528471050098882,0.00351394237314992,0.0264753903092037,0.0428315317475408,0.0150680571102018,0.00305668603681507,0.000344882261353888,0.00377322064489084,0.0189982913317715,0.00360895385852789,0.00318939466580865,0.00979030594268883,0.00731482946024608,0.00120702399967727,6.68273383214908e-05,0.00181938697053621,0.00162799293363391,0.000276015443758313,0.00108684899431166,0.00466270500790897
0.000460954083011361,0.00247854502033558,0.00412324994585259,0.0834797731203641,0.109606638951105,0.0032887110354445,0.117856372429756,0.341099997137352,0.000748593889692944,0.0341690709108898,0.0168234284940534,0.0118983414452598,0.00521220344598528,0.00426041323028589,0.00889070189532729,0.146858528947135,0.00754324350290693,0.00529624046976581,0.00371685057136581,0.00199260489995237,0.0112044970706588,0.000776653575111452,5.72163158745064e-05,0.00533954214799703,0.0580097834233051,0.00510784093681143,0.0041639295806956,0.00080610677252308,0.00211499273047835,0.000106465745734484,0.000467432436658313,0.0020410758383097
0.0087401650544179,0.0060668196397982,0.000611378450119076,0.0378382773605149,0.031514212768653,0.0750024815250819,0.18770682129304,0.00694792542572395,0.418418411867705,0.00824021571833169,0.00969613659647286,0.00746422229595076,0.00239222680211111,0.00229677010167151,0.0109462210870522,0.12162720576378,0.000568387364173302,0.00648819570535589,9.99961936959376e-05,0.011199477422081,0.00190641482912229,0.00604414463501226,0.00567737375707253,0.0176419485138903,0.00449561434563525,0.00023803570748348,0.000650546897676199,0.0023369649118918,0.00288206058827941,8.91725253073973e-06,0.00215153362196895,0.00210089650370573
0.000876998449613776,0.000568129571281897,0.0121463477956514,0.0951282650837895,0.00861111745251183,0.0632561798854392,0.0095904655575805,0.0116020106083659,0.00345386655521514,0.597826417221748,0.000871633296538243,0.0774629061452511,0.00183004653331217,0.00273037311769404,0.00368911950642154,0.0181838137255805,0.000375765496398023,0.000361354215711786,0.00190323560631754,0.00162287487389937,0.0130890315527895,0.00540127092235766,0.00813358562807299,0.00658347219200608,0.00609647546325223,0.005269710808926,1.57833958496864e-05,0.000643349151506942,0.0415765213163547,0.000864524454113935,7.13872108151149e-05,0.00016396720563386
0.000241998886073963,0.00189591663612479,0.00661732779665467,0.00469698906636774,0.0482091153993099,0.0910127469815095,0.00333672900176924,0.0363023092662751,0.00400793100102339,0.00468628969201062,0.650100423548313,0.0184882413989291,5.77233143447518e-05,0.000846507008978903,0.00284260809882088,0.00267540619262239,0.000131728268185723,2.46012179749041e-05,0.00447634682970877,0.000680179082304488,0.0060249362773844,0.00219339395692755,0.00246211703190065,0.00536052005232933,0.0122212032943714,0.00733049468354806,0.00132050487088073,0.00267263753856291,0.0674067021320861,0.000283180829537868,0.00559054299914383,0.00580264764602563
0.000461858301621764,0.00300863706569901,0.00419193478124455,0.0169236878084658,0.0520821781927157,0.0182931312015428,0.0250244177786973,0.00746849254848971,0.0173881057175452,0.00329929585750208,0.000961338787735115,0.693792220934128,0.00123718272238432,0.00101591976090792,0.00733952091073229,0.0201252521148483,0.000168569996988173,0.00481435922549451,0.00663888237888182,0.0191617134702951,0.0126465018229817,0.00192802841533009,0.0040837713555415,0.00293339947058086,0.00162189709495597,0.0214535098019892,0.012020978806169,0.000195371997895593,0.0133404779172631,0.000688210159775873,0.0221290093726268,0.00356214422897119
0.00146073678209207,0.00104409166083766,0.00643539797937901,0.027676815819496,0.265529439375561,0.0044325198925115,0.133704154486471,0.00850426903188957,0.00389144564548557,0.0392791586332757,0.00106596321253627,0.0095125427842049,0.299679185452447,0.00197749176387434,0.0325219570765155,0.0228742608779988,0.000616215995434565,0.00279471707480362,0.00118547039262226,0.0059836442098543,0.0354795267990936,0.00471133342463998,0.000193072013210842,0.0231691915910651,0.0145530697935283,0.000850382178523125,0.00112606761819702,0.0346238283790945,0.0107153951290296,0.000220322082000532,0.00147962642892191,0.00270870641540533
0.000290770250529137,0.00413477139456419,0.0296545943090756,0.00479443508454413,0.0500312140673827,0.0287478727161794,0.0212435933284269,0.0125095573412064,0.00433383153265408,0.013554727476231,0.00253032779907684,0.0138685134995404,0.00665911555652091,0.697769249639006,0.0111687931617788,0.035993156722769,7.1121573531079e-06,0.000185943482339339,0.00594480469949759,0.0021237507420843,0.00813766570677446,0.00824195680467853,0.0038911595790524,0.00561272481287586,0.00582803166657355,0.000747251337852572,0.00427995000600276,0.00243031209813271,0.0136854762971197,0.00126764709041143,9.65777160106402e-05,0.000235111923755037
0.000718290195215277,0.00043775884157878,0.00100021699779271,0.00410189878133689,0.0900842915258924,0.00229335186782387,0.0458779847841154,0.00170516775731623,0.00577747892108451,0.0206027238937454,0.00430475351708095,0.0278331954293425,0.0327529627591904,0.00151790131453854,0.625784957278508,0.0405513572739443,0.000747061388685004,0.00319047910839688,0.00183843457934712,0.0020576064887464,0.0146163537513623,0.000328667666569688,0.00515861266739406,0.0360780104277578,0.00234319393067251,0.00286182285405119,6.59147190132967e-08,0.010736657587393,0.013052438792728,0.000122205807525587,0.000384613234003259,0.0011394846621421
0.026146723515519,0.0212511451764467,7.45831661258756e-05,0.0294284692433076,0.0627475357089668,0.063592142218267,0.294758358088137,0.00323504457735657,0.114884682548921,0.00763523821585184,0.00888717324787091,0.00567911687089972,0.00216764523927933,0.0027436663514395,0.0107166322610326,0.285002335835475,0.00293729299965142,0.00343882164378352,0.000372206053074605,0.00632334283627406,0.00162112486717803,0.00251228137621628,0.00584261689943402,0.0212894183656433,0.00826640053289322,0.000445243978619836,0.000363009923627149,0.00246653665893945,0.00224988709820768,4.64410022820709e-05,0.00280030858161558,7.45749176636305e-05
0.0176026140419199,0.0025203703683702,0.00082908679403657,0.0041466189429505,0.00308057708824807,0.00095869487967841,0.0108669024922291,0.00250351042591072,0.0344630710836027,0.000177250635462377,0.000475991272778711,0.00160826973125838,0.00104769856028453,0.000404672504336262,0.00324638716863761,0.0286017763893523,0.800266461601285,0.0164129673829395,0.000697922935050785,0.00200397401837523,0.00305046365386445,0.017788143368889,0.00337939684436905,0.00604450467366299,0.00411948860970424,5.01604516667539e-05,0.00342183495771631,0.00223840527519547,0.00788553348202259,0.00100487010412486,0.00105914753709846,0.0180432327249793
0.000129648965295377,0.000404427485436139,0.00240711939752628,0.00412585665233737,0.000843605270005759,0.0104784995868637,0.0633339900368529,0.000149041375159762,0.0221257431141524,0.000866604679705563,0.00321574296629734,0.00294896651610316,0.000678478994246644,0.000485107082746861,0.00260910640936557,0.0202533462418719,0.00131372768024037,0.790212147066772,0.00138486138636006,0.00731636533523257,0.0194623256884554,0.000580086024881147,0.000914237267001323,0.00780543772480273,0.00480052776308107,0.00976327130927026,0.00485578334929279,0.00978387547853229,0.000625390578031038,0.000938622166946328,0.000538561799776367,0.00464949460735713
0.00135023379578477,0.00656376868150353,0.00488435669259739,0.00747552482332131,0.00292660602628319,0.0161309058626928,0.00430354163838237,0.000527190706216863,0.0143882946841591,0.0065704014926096,0.00195029527510231,0.00336861798180715,0.000433350582246023,0.00314277756734778,0.00099786729713819,0.0427342602129599,0.000555594320749729,0.00351222075401949,0.737654424651231,0.00236125511018716,0.0169752636072222,0.00656313665616883,0.0147990365610664,0.0343836849409752,0.0296512895603944,0.00762795861853346,0.0150010025810506,0.00132949288514371,0.00115953626960418,0.0027168075816643,0.00182671783320089,0.00613458474863639
0.00162385425671689,0.000471957681497376,0.00300375660261147,0.0019543263076612,0.00544185207501373,0.000333110332622278,0.0246104058314171,0.0160891225191889,0.0658914233897707,0.00179171382708126,0.0311751512844187,0.0643087817697874,0.00420444308229557,0.000197130162161686,0.00774760945451513,0.0246300344851875,0.00235846969366984,7.2023614731681e-06,0.0138557007436295,0.61315676983738,0.0135031187064395,0.00429337690453175,0.0118539930443908,0.0048409305290263,0.00325099154071382,0.00850295425086044,0.0176072751528564,0.00446642970054649,0.0470929594520449,0.00091605411321828,0.000602145582163602,0.000216955325108436
0.00105919805998673,0.000458515458388482,0.00781741069447965,0.00761036689275037,0.00694052690177206,0.00438376226278939,0.022463907233311,0.0205919238050529,0.00610848523976958,0.00344581133703804,0.0285101223836079,0.03797219817069,0.00179420493231329,0.000432160506029534,0.00364627541881584,0.0097554365880471,0.000993770431459227,0.00249835525270858,0.0057918157997105,0.0114030645970447,0.722178727217815,0.0126740627296676,0.00734727358921958,0.00628245887785302,0.00298778234138828,0.0113089067803425,0.00309682388374129,0.000722591860223288,0.0208057575870592,0.00350113130186062,0.000742372825194203,0.0246747990398707
0.0186440484741728,0.00153369088138785,0.00289998840443489,0.000636549529937228,0.00958721564118217,0.00993950839434182,0.0552601814700676,0.00392145430150233,0.148292798868285,0.00203530294159001,0.00505603067781897,0.00925290675657478,0.000490283734458265,0.00234390124658097,0.000770226614375901,0.133814916741418,0.0228675018015588,0.00689016318906546,0.04444842355085,0.00832831198757307,0.00724133678733782,0.433600456107473,0.0237474641971329,0.015060183438952,0.00472490549292707,0.0143165330147392,0.000121248252759933,0.00716202144826137,0.00468400115366578,0.00197769097210434,0.000216799274585108,0.000133954652885795
0.00929807874383384,0.0128295792139198,0.000897914742111005,0.00137289469984258,0.0261844795242125,0.0239942656800856,0.107526001236043,0.000312736463350229,0.017294176583515,0.0036470507910004,0.00332847013546594,0.020923834816356,0.000801654027685894,0.00194220426171605,1.13280570506007e-06,0.0994563671683625,0.0139584148628889,0.000983836683582419,0.0147869626483416,0.00137913617456347,0.00222762847078591,0.0273697574282271,0.572562026770817,0.00416858295866607,0.0104648797326039,0.00720911899338122,0.0015461174595764,0.00407831156285138,0.000355529918662579,0.00383984440562089,0.0023673508564509,0.00289166017977494
0.0042544494867486,0.000415199943161441,0.00747516293278397,0.00357936538594516,0.0104531165133496,0.00144195223476816,0.0394902979935,0.0209431231937146,0.0209835343314333,0.00196499103088467,0.0393038725561572,0.0625710093042142,0.00406266876303871,0.000693695396793774,0.00763840080816766,0.00952145978248268,0.00182536760119944,0.00212239472773894,0.0337296464507504,0.0204131026919795,0.086784226406727,0.00357351559617341,0.0186473623031162,0.516422906284659,0.0172821847469048,0.00194947393112963,0.00249650844553933,0.000954902701776814,0.0482577890390019,0.00259600533776612,0.00322533542466526,0.00492697865372799
0.0402451173280395,0.0630497186912147,0.00244039356207413,0.0033282734584798,0.0145915554856479,0.00858151529059438,0.104543109271943,0.000846605333523258,0.0511266539595523,6.91786156570113e-05,0.00287391396446583,0.00272149319636586,0.000325868258540506,0.000940339228876085,0.000958028990853217,0.0685309494935962,0.0137306538833609,0.017831387279452,0.000117011915661075,0.0120209416971386,0.0186583666307518,0.00136740450453773,0.0222549964805826,0.00900781989984467,0.492577543837435,0.0124719573800404,0.00312892030983417,0.00712832997048873,0.00338501236732467,0.00117543787661339,0.000404762404967705,0.019566739432543
0.000662005066040774,0.00069942036566658,0.00133762445957022,0.000857362129310477,0.0497033378832087,0.00610679843413377,0.0273990516835208,0.0231034796367071,0.0139692204218817,0.000495917330989506,0.0128464524610819,0.010192576300003,0.00448130617157461,3.07120393213953e-05,0.00666460454908961,0.0244784834810993,0.00104378490913822,0.000352430407216047,0.00564504320559426,0.0197993859941231,0.0571760815266716,0.000291618586631894,0.0143671318625245,0.00735081758937271,0.004561418767839,0.684285819976052,0.00197202059674107,0.0032182271705334,0.0084598843711651,0.000198952411006891,0.00657860446214203,0.00167042575004839
0.000469444675857789,0.005682931369769,0.00315542693420514,0.0023119541794939,0.00630397309924346,0.000633718927117647,0.0167642933067338,0.0149337750226534,0.00451449425609903,0.00212284012484423,0.0143877396653704,0.00850023330496224,0.00302293910933468,0.000244298058253701,0.000687457821121951,0.00478177376878347,0.00026348905764714,0.00251476307815129,0.00462018619053743,0.0139647095044177,0.0737871825717515,0.019283557585319,0.0463515474840612,0.025859945171053,0.00810781196799604,0.0182433028537761,0.622399161368153,0.00595830359108031,0.0522810535526949,0.000343435631059688,0.0105300775562226,0.00697417921223526
2.06319270803582e-06,0.00505970140543311,0.0017010854051178,0.00814816291899525,0.00871073755738679,0.0163923715259111,0.0504238170990918,0.0123911342533533,0.00818997218177476,0.00188118959180136,0.0190794525995205,0.00107151504496309,0.00632228822825186,0.00128608707045045,0.0178810459082133,0.00695021830313755,0.000248992740819656,0.000439305372484288,0.0133118777006891,0.0466631627791337,0.00730401189093876,0.00167145466158766,0.0260267050787776,0.0204105062417622,0.00452275838360187,0.0322539045527763,0.0119122500602727,0.645275632385511,0.00550476367172424,0.0016066234173692,0.0152776445748544,0.00207956420158738
0.00109547144528275,0.00107514968139975,0.000747060374456274,0.000186213223735214,0.00577323877480651,0.00395298483001159,0.0076778484937692,0.000743890279419333,0.00216598208096961,0.011672528079071,0.0309959416032843,0.0322117504533801,0.000453686435236324,0.00207582586872119,0.0025573985089826,0.00690170053250043,0.000931688027559643,0.000546756502940417,0.00760401971403553,0.00745267641386021,0.0261095610422967,0.000911655627856174,0.0134156706788565,0.0384269535940038,0.00776557621337199,0.000263903078754896,0.0179600310766668,0.0229479559833918,0.719094209072319,0.00246421296337701,0.017075518833248,0.00674294051243535
0.00314576204768237,0.00428501829828165,0.00166068885123689,0.00329437326594144,0.00482110538793389,0.00637679280582394,0.0075450043188589,0.000618027648467571,0.00784290793638707,0.00493083776991658,0.00534084358161025,0.00451210791062591,0.00137534701693199,0.000709730738110537,0.000908726693669713,0.0126665261556854,0.00188078856826843,0.00065892717404701,0.0472394979301139,0.0442862197648507,0.00599915181477369,0.0107221618425065,0.0345055919564503,0.0228712210080593,0.0185339367983573,0.00364842381906344,0.00480391753436189,0.00681224480755953,0.000331435386841848,0.709052144864252,0.0170863226388139,0.00153421366451572
0.00131048042125541,0.000201914580523072,0.00383737909754721,0.00255927580804624,0.00133866766430193,0.00970330581253527,0.0182028205284057,0.000259358679386547,0.011569776434908,0.00061903723345791,0.00434047432735296,0.0218569782988897,0.00216900779294106,0.000809696340851562,0.000121873702449547,0.0052594673911762,0.000912710051056799,0.00229245809156097,0.0277295464396296,0.0186243372198963,0.00435970436279132,0.000964911628505442,0.0235029304448857,0.0693905616654611,0.00884572805953062,0.00314889812595178,0.0206031479815429,0.0569910351972416,0.0114373717032643,0.00478219703838622,0.660018554863303,0.00223639301296448
0.0203026056908607,0.0397162894758785,0.0157270511013348,0.00136343275520825,0.00318744336852102,0.026079495704582,0.0468414899323986,0.000100541454682221,0.0459760853182556,0.00105396494782743,0.00583687449224943,0.023370589836867,0.000642069119531887,0.00020125472152807,0.000556668017982456,0.00161282193864567,0.0255092570675445,0.020707066166005,0.000999189269529575,0.0166305319653366,0.0104443653335975,0.00470758180239749,0.0162758856673838,0.0150237707610683,0.0067583696504337,0.0137376957209205,0.00672152430421112,0.00264931321173594,0.0108923794894374,0.00225007172770246,0.000567474350026371,0.613556845636316
