0.591011368500361,0.00163041106616153,0.00319356506948683,0.0504960582928039,0.0565676448593591,0.0197784847620834,0.0367703034166218,0.0110044237207018,0.0539794648729428,0.0250526652553165,0.00193728799004139,0.0213045099626951,0.00249959368248453,0.00132885859748947,0.00424530386362565,0.00543225623166902,0.00154945394815958,0.00147996779310572,0.000980494306561294,0.00163105647930932,0.00294350593412375,3.83049384151992e-05,0.00302276338438621,0.0165097348305624,0.0185232870201604,0.00112870047662365,0.00229226038440005,0.00806941453784801,0.0214249953076092,0.000952356527253277,0.00243553623637986,0.0307859677512586
0.0413670714063903,0.50284744628946,0.00361095555079947,0.0224856298544681,0.0465903649725166,0.0174029575282092,0.0286152826433315,0.016948644367111,0.120211658418903,0.00106713059867768,0.00238653445420708,0.00506834660526669,0.00542087801153832,0.000146897309283065,0.00184300221680266,0.00652288370221238,0.00606353817743315,0.0162827368931152,0.000373296230141734,0.0113201799707699,0.00634221694338667,0.0031764071022793,0.00713072197627253,0.0103909537129768,0.00309063563938298,0.00300027780659919,7.9470888818999e-05,0.0145507842556848,0.000174549574989308,0.00301839371937495,7.91433065529321e-05,0.0923910098730444
0.00389835026398893,0.0140185330071747,0.643707067365595,0.0203465186049543,0.00593091219559154,0.00321919115491265,0.0062161547400734,0.0245625567214273,0.00117773575715473,0.0106711374348284,0.00129474743574603,0.053922711407276,0.024152461253141,0.000247473045040276,0.0054236989019306,0.0199973623097984,0.0198505259345829,0.0237039640553446,1.03066125665559e-05,0.00325114522952648,0.00621730419461845,0.00614454523497935,0.0188792784284348,0.00063346641382362,0.0102113806828552,0.000482993084770248,0.000657967159295076,0.0238812851355466,0.0319161599039989,0.000568956774369692,0.00590868473402095,0.00889542482263335
0.000354633524237793,0.0069837342587116,0.00285117751143604,0.637940964509066,0.0050989726823582,0.0185035921820272,0.0236046888647438,0.0618440082083401,0.000809475175154263,0.0706404868009114,0.00579824075511119,0.0220511407004205,0.00414320960813773,0.00739078382075422,0.00870880347243591,0.0348274322952076,0.00173699569611179,0.00388250701177876,6.4882665293966e-05,0.00608769886402506,0.00189660999587858,0.0031277157602768,0.0054466732794048,0.0159708132296059,0.000802089205918785,0.00020596777109826,0.000918189691170855,0.0154381350651912,0.00641649157799193,0.000390220006267428,0.0223426923521868,0.00372097345874605
0.00477852357216922,0.00107407240332535,0.000559570095462075,0.0886863160487534,0.50990920695646,0.0590696761135491,0.105808040722672,0.0130842388878418,0.0112143330351788,0.0606202229049868,0.00420178982014035,0.0149688903352183,0.000593941866657043,0.000426839440462214,0.00182813850467601,0.0488038368993214,0.00506957735703803,0.00108324829818237,0.00177558894216149,0.00117439634363982,0.000251793438208725,0.00588614529317689,0.0158568516936925,0.0114839677905682,0.000101486522718923,0.000104661928274901,0.000794370552601626,0.00173866483759887,0.0227705974229353,0.00010110044890767,0.00465412535291139,0.00152578617051033
0.0222751675167707,0.000804321568849505,0.0032207126316945,0.0572497860058256,0.00975074868652193,0.621768406077831,0.00297298792700288,0.0032088145974403,0.0632049294661467,0.0592923533845277,0.00754203961529014,0.00569990014720222,0.00144773188922815,0.000416560178392254,0.00482283595442366,0.0729013640405892,0.00195266953336482,0.00346023286823413,0.003186073946865,0.00108952612369629,0.00129279721932067,0.000907837765676866,0.000150740973522554,0.00822762565086006,0.00460603992465173,0.000375784145785681,0.000358058656099563,0.0151152118957274,0.00673174853254555,0.00187104117509884,0.00873626388531753,0.00535968801549637
0.0174591623954359,0.000340486586880829,0.00153015222500632,0.234566829591419,0.0948744617783516,0.0664795274277227,0.190650287109905,0.0639724378517864,0.0824010160543512,0.171042256122705,0.00407535241472442,0.00290933398913318,0.00705451383849385,0.00116932739071581,0.00267692288262863,0.0104026338971532,0.00283223139171718,0.00308785106461805,0.00164335754967869,0.000390462047894737,0.000445663471896551,0.0107708121400121,0.00731929771907406,0.00749610580078378,0.00330386683405724,0.000922211706935665,0.00047392438080158,0.0019023143170999,0.00236043081441679,0.000392304429474169,0.00171762582590756,0.00333683894922032
0.00242257720018729,0.00699891146864634,0.000659289456627625,0.0329636355697259,0.0285564422466048,0.00897041073939387,0.0368786210267703,0.674646662611061,0.0359982975253392,0.019660134360514,0.0128543613295925,0.0202956540814983,0.000417210865387656,0.00887840077762964,0.00681737746388927,0.00472868440463886,0.00237318688799669,0.00416447355634266,0.000303368155988725,0.0146881063942856,0.00174861990544551,0.00384583284985646,0.00094322456342767,0.0322942204528165,0.00359797433651887,0.00263595177109028,0.00151800380285088,0.00954338540405992,0.00694330800226473,0.000622715945411097,0.00447958638146168,0.00855137046267637
0.0192044849031243,0.0112240225626349,0.00201319523190908,0.0619964088679397,0.0781817524222793,0.00367435200191863,0.184100642421604,0.0111800490232548,0.37982376066411,0.057203618807708,0.00243031034141802,0.0279089699388026,0.00633526218135269,0.000609757684536649,0.00571205884304595,0.0307721965052737,0.000807358054429994,0.00942554591918027,0.000179761772425651,0.00519042547750395,0.0161302263586492,0.00377244524804328,0.00562417865072509,0.00845249173508395,0.0112550097305364,0.00298641690144396,0.000771086818408201,0.0283628020444658,0.020513955626708,0.00113239575517842,0.00145288463390598,0.00157217287239921
0.000370950635125721,0.00988518138196377,0.00117245135709809,0.119232270175627,0.00358914516434398,0.0381732875584156,0.0386564961160836,0.0450970419779116,0.00194315295253703,0.532377056479203,0.0216476802099577,0.00818397520185601,0.0189184405658127,0.00681412649506964,0.00982851426107731,0.0475582099709559,0.00206798388048007,0.00341638210217302,0.000747566788721101,0.00262963326492101,0.00330560002667022,0.000429871837362019,0.01240453987508,0.0110100223070293,0.00215065411585864,0.0010299059793986,0.0041001497456636,0.00563382251421005,0.0176979970969068,9.36030398273129e-05,0.0247653366174336,0.00506895030522527
5.42245463387051e-05,0.00162912730369715,0.000160984008587252,0.330386938753923,0.00487826650302666,0.00246070021704299,0.010168450691159,0.0568030845196672,0.00948425748101407,0.129577098340732,0.374240621227177,0.00220707019924204,0.00475490348449931,0.000862748402256746,0.00572174773725855,0.0206427035434448,0.000667866029941312,0.000638195031328905,2.06910806453786e-05,0.00194119634096257,0.0155670542629576,0.000859282249517213,0.0105800103678554,0.00566111496988862,0.00147585549781226,0.00313034753959754,0.000250762957283985,0.001600767946653,0.00111378565751654,0.000457848990596655,0.00167543700537288,0.000326857113004152
0.00251869868192676,0.00162650950715239,0.000463521924734264,0.0204913567802223,0.0162013893134746,0.00411413691991863,0.00956991864432648,0.00325511291187693,0.0139904937993527,0.0109781673719603,0.0214485205427692,0.329980270273661,0.132333353267663,0.000493549473742919,0.00427218804922796,0.00052677417620308,0.00214293731984659,0.000251620473859349,0.00329719407789901,0.0184882700170963,0.00262615066608689,0.00281859952907437,0.00160210806830185,0.0100219628877504,0.0116071720475022,0.072937559018428,0.0289374797704987,0.105902640576592,0.111708541724392,0.00399894768880109,0.0509457948528644,0.000449059642794487
0.000382001658050653,0.000709208008010498,0.00143052163126831,0.105484086576286,0.0232466727250465,0.00410240696914874,0.0309817926074155,0.0324758097185394,0.0177128380123772,0.096375781867567,0.0914139626338423,0.149045073765419,0.258472962953149,0.0012536664448807,0.011774231020552,0.00678458670929016,0.00114250527276934,0.00519865897794273,5.06039988780241e-05,0.00397559626272557,0.020354748037862,0.000818281241032553,0.0106111096967325,0.00146933468355643,0.00296486542441016,0.0164181601914039,0.00670728516506743,0.0841342187977872,0.0130085097792279,0.000835450567633458,4.07098109020965e-05,0.000624358791226329
0.00200672139033543,0.00445243549898647,0.00119479064996764,0.0108112798368007,0.0290942916621898,0.00741013013917403,0.00746391484247121,0.00953649944561728,0.0276487936927375,0.0503244349301544,0.0120578185917051,0.0026794218019888,0.00359966298688525,0.737865646614572,0.00332717801957311,0.0210082342668086,0.000451472231857234,0.000112530748445968,0.00128659804895372,0.00830919557679802,0.00218012182489661,0.000907215693619658,0.00208895503384848,0.0112626325281379,0.00176512272070941,0.00962583855946284,0.0108297333006697,0.00594735857490487,0.0109213452624047,0.00102799068313096,0.00183364064500777,0.000968994197184818
0.00306832910005937,0.00050828655844815,0.000491823582323737,0.0305387264579965,0.0139501193589059,0.00178632695250382,0.0218035069741819,0.0167476220055469,0.0160965020156294,0.024156462358051,0.0396625110716733,0.125339165970168,0.00028147009752186,0.000936055196177194,0.531594238708061,0.00505788117967163,0.000311024077948776,0.00713107357670601,0.000619733517342587,0.00956851891065822,0.00769092167980563,0.00168616979028607,0.000745673676940599,0.000902741971714072,0.0109092177778193,0.0110243340055732,0.0227862251562431,0.0680838335286042,0.0219654341944014,0.000829058554029997,0.00349706748445716,0.000229944510550817
0.0134796968149291,0.00229283405827276,0.000943919830940266,0.0744892953125458,0.0371407886135871,0.00796872500809071,0.0137691168397395,0.125041382956112,0.114150844463149,0.0301935493674453,0.00197246293820468,0.0181651359697034,0.00667377607328554,0.00105717001161657,0.00571009697537233,0.456512431133358,0.000390212339281746,0.0114015265164664,0.00112547500987886,0.00388315405396407,0.00547864030429387,0.00186062082871696,0.00670106311133575,0.0132723484849309,0.00195638277229592,0.00484980401459393,0.00122665685038563,0.0066938460464495,0.0209834761575146,0.00181970483639248,0.00521004481790114,0.00358581748924569
0.0045683670147306,0.0127089032349095,0.00102962846931068,0.152951351520123,0.0133986915545741,0.0350369733370445,0.010947210103639,0.0248197155656272,0.00504365716027305,0.0547573810633103,0.000128596788072237,0.00411241683606528,0.00524203099961573,0.000564451375772938,0.0111288438709302,0.00736268184656659,0.54933773276119,0.0390261009243394,0.000882400041169218,0.00220953518068103,0.0151762261689172,0.00259407659917056,0.00673985912731986,0.00266659112757604,0.0037515242676092,0.00336081980854704,0.00239801907277128,0.0143175235177902,0.00135139864665369,0.00077255582662249,0.00194182432381731,0.00967291186526066
0.00350289971855842,0.010503964944886,0.0014663022752844,0.00857201921217647,0.00134484015330358,0.00450902332834435,0.000756340518027768,0.000442798519043411,0.0127618430965213,0.0189668398271933,0.00936600986161216,0.0314605455577963,0.00116735383094032,0.00157545114426374,0.00100547338778428,0.0160187211593325,0.00159246641176536,0.739657952195852,0.00499879734211682,0.00227693974787549,0.0218767769938209,0.000626870793643866,0.0596375437582195,0.0125436609027799,0.00381912295642839,0.00187589683001417,0.00197406313743331,0.015276532855416,0.00534435325212792,0.00136250560716667,0.00120550721274712,0.00251058346752365
0.00802916495169235,0.000646335466164184,0.000252414020228643,0.00916477309605088,0.0358141492222562,0.000653563456191822,0.0055913085850759,0.00106578912603981,0.0211435287227449,0.0442542457339087,0.0117620340049131,0.00189276770470864,0.0171101384186832,0.000163740601988978,0.0195248650880143,0.00348646189873612,0.000272925075080547,0.00564797086474173,0.702823193566411,0.0172693365653362,0.0102878994366464,0.0031729183737638,0.0132356416031063,0.00483509014233738,0.000149806858419641,0.0187992804960832,0.0179714323843716,0.00164330290030147,0.00710083992347202,0.00326004035992679,0.0108287239910366,0.00214631736156822
0.000236125780956282,0.000748832712700483,0.000234681334783933,0.0021305857648848,0.0124210704632976,0.00189300959002895,0.00579252208920086,0.015476866321835,0.0268934359378765,0.00196333921615688,0.000854192915809301,0.00528416545849199,0.00129135168211357,2.70055965581027e-05,0.00514171861131388,0.0133323545793638,0.000676103365496118,0.00206260530027145,0.0157182871697317,0.671951323434954,0.00458158453629064,0.0322712993042321,0.0194376638577631,0.0452840338844931,0.000721964328299298,0.0794617861874925,0.0108763429823569,0.00838489002435131,0.0072749447567936,0.0035773984836159,0.000551771295747656,0.0034467430327392
0.0027462293294104,0.000415235263669356,0.000572466960606342,0.0111022204037485,0.000378005610970832,8.10689749264314e-05,0.00314470716834942,0.0205773814732763,0.0236951757191379,0.00318527655074432,0.00119080948151626,0.0608167294565534,0.000136605138587063,0.000479115998003866,0.00525050603714759,0.00127138893983025,0.00105551864204932,0.0025806191004028,0.000688999933700253,0.0293299064368443,0.576865820204761,0.00116675566845166,0.042521857071463,0.0720137297563221,0.0174965699872464,0.0177034031847005,0.000287178826867412,0.0208059899406778,0.00289050419860119,0.000523151004369239,0.00890465281104757,0.0701224207260175
0.00011902089143039,0.00194842082838923,0.00117109836995052,0.0292123789271519,0.0456557035759409,0.00828389153735095,0.066259953482883,0.00414668590218534,0.0764268426351922,0.0268759438341037,0.00809362177828207,0.0186901129415692,0.00937509319692368,0.000304270122070508,0.00151567176342018,0.00413411075278841,0.00647854983811784,0.0332310019488541,0.00581651413338253,0.0468614124657977,0.0286900892814075,0.370583273050093,0.0197839851774882,0.00935636948421265,0.147524804332982,0.00983795710126798,0.00314895450470728,0.000811749117017605,0.0119321910415223,0.000423476545038061,0.00133873711951062,0.0019681143189686
0.000549684159250269,0.000537951776608761,0.000253604979646726,0.010730092044465,0.00378131619859769,0.00278447043562037,0.0141639929586678,0.00640445185770905,0.0605377772360236,0.00132657510087595,0.00100368290596313,0.0376449319618418,0.00105340584986004,0.000646075919693488,0.00180455727329291,0.0199896373376925,0.00129526989143235,0.00119725076033662,0.00231447628703567,0.0129533515136226,0.0636176586333902,0.0313244633667097,0.602016528414559,0.00917492617102425,0.0369280734928339,0.0044896987287381,0.00574593882565011,0.0125782296209246,0.00272205062270324,0.00109005629939533,0.00404022997125763,0.0452995894045773
0.00360004657336839,0.000343952703777674,0.00196447831237363,0.074793871478922,0.0300560866591271,0.00557646769952691,0.0217672539963765,0.03437371561096,0.0544627291941609,0.0151292711616178,0.00093354844658403,0.00395669404487124,0.00952770097002409,0.00088334940653115,0.00618186432469176,0.0078167624745529,0.000958362869611537,0.0068994996784304,0.00398622034499519,0.0224512461020266,0.0161561302582923,0.0206327203476642,0.0118513814314042,0.531132854917412,0.0380920041177605,0.0522123550665536,0.0174740399218967,0.000593762969698348,0.00353610853419448,0.000500764111366478,0.00102292397397567,0.00113183229725129
0.0128391768604202,0.0126346243970717,0.000326168074270166,0.00425039947827351,0.105563142248597,0.00676846190324215,0.191165028124429,0.0105089026268792,0.00876307622125977,0.00223983683818479,0.000875811519206163,0.0480231512804942,0.00677219869805785,0.00078443747623197,0.000961160326516273,0.0189289796663507,0.00319154496858307,0.00640594608647897,0.000301540117809477,0.00271080417445447,0.00845970961641852,0.0261890361800476,0.0247989848852366,0.00387576341565861,0.438959145594008,0.00108568977791018,0.00111839344936976,0.0371096554024809,0.00641136366474845,0.000127659125215516,0.00340495904713351,0.00444524875496211
0.000670211387469144,0.00109724244791067,0.00078348930096982,0.0249784730752461,0.0296833010940931,0.000152278216339728,0.00471107466511485,0.0100460981959999,0.0290484917747195,0.0354125184679717,0.00802173057647959,0.0563100914525339,0.0143462884981096,3.05803829974846e-05,0.00143725649032927,0.00339179761500696,0.00640350596651386,0.00361546002541766,0.00587782157296631,0.00367771271985562,0.00129805555400313,0.000977005718361666,0.0345273920843813,0.0187549843473757,0.0295251809488847,0.582343140537134,0.0298767677076856,0.0499435333752977,0.00133292821966121,0.00215882983309165,0.00659458362728672,0.00297217412079173
0.000495600469822788,0.000203101443742134,0.000143337312085108,0.00162631030153347,0.0446568159019323,0.00159649885337687,0.0167284236267121,8.40202982231606e-05,0.0542211040592182,0.00620704777930706,0.00478117711912525,0.0773799929286838,0.035300862078137,0.00245717813158269,0.00293066700774376,0.00571249012720723,0.0022400173469214,0.00199437545312581,0.00290262275565376,0.00773047102913429,0.0399032454065002,0.000665604951419212,0.0108216462993801,0.00402101651041861,0.0321706689878938,0.0148151028927961,0.544578048497201,0.0336051415157344,0.038915224997738,0.000314489457189382,0.0035093200334752,0.00728837642698567
0.00176283702253426,0.000548035571485836,0.000290916549186042,0.0341233073131106,0.0212285122428238,0.00780674764454017,0.0130009424117518,0.00553263271829998,0.0185317410363565,0.0189264516346544,0.0235097603197981,0.0367982939934903,0.0623756707519518,8.46884776463156e-05,0.012891255148079,0.00255133482752143,0.00235477564301426,0.00323167783579659,0.00428746605832516,0.00444097663682672,3.3902667119662e-05,0.00633011387617113,0.0017849042483293,0.00781455678577611,0.00638551251868078,0.0452652923032509,0.00886402693773443,0.574633249598226,0.0609286611650271,0.00258603120868422,0.00906986371155938,0.00202586114224817
0.0027050985111897,0.00174099442248385,0.000500811964888428,0.137104879270401,0.0462929560843672,0.0201563591244771,0.0346301106407876,0.0127884353686976,0.0531582088728967,0.0739755190007023,0.0117662382361219,0.0226628565228683,0.0368280278999494,0.00036061315787428,0.0058302753540532,0.00311845476226146,0.0114383524337151,0.00772240645392122,0.000225108665717458,0.0214640232402413,0.0116777692217651,0.00795879921855544,0.000103456511426745,0.000386416646058849,0.0312932962679378,0.00189999183024688,0.0355349046647001,0.0438613100306869,0.315410014789004,0.000201384759190482,0.0423711872291087,0.00483173884370387
0.00240803075529999,0.000239268468539986,0.000612300779732365,0.0401752455434528,0.0182874423653278,0.015560341554895,0.0470696928185401,0.00542122098541691,0.0163025839202758,0.00728305617784053,0.00146969632287904,0.000614624410841936,0.0224953692160512,0.00330326589223837,0.00047147918714087,0.00857939950798754,0.00457769323350345,0.00263403237421481,0.000642350108311486,0.00781134704791297,0.00121308988000788,0.00645633040001509,0.00515434398659957,0.0132289065532669,0.00697537886224273,0.00624118731161625,0.0072546257584936,0.00694679497175527,0.00357320075497767,0.717534199287232,0.0163661237006756,0.00309737786271406
0.0012983675642911,0.000281549208062392,0.00284099861465212,0.0837448365287844,0.0175016745711006,0.0116047924663329,0.0326306857807488,0.00674206085553106,0.0161642496773419,0.0415931833842713,0.00629154032474928,0.00493554704154089,0.0156876890285306,2.2253346489729e-05,0.00368540435895007,0.00679333343684733,0.00733069622396379,0.00569583464089387,0.00279633760563831,0.0235504253741516,0.00157383302647727,0.00279403226261021,0.000536272799255117,0.00147031213173017,0.0139528223213319,0.0249934135054607,0.00528585830202323,0.0455514477628956,0.000895137221519533,0.00373163433088725,0.602883380676764,0.00514039562617273
0.0077410831798209,0.00162468378010949,6.39634856179205e-05,0.0437197461593347,0.0177341743040273,0.003032325099224,0.0758204746814589,0.00300573129788587,0.0299803968758121,0.0161381505221742,0.00265317028875606,0.0392958355431622,0.00621203461715657,2.88465458509986e-05,0.00384694963999604,0.000115055853858926,0.00035974839770689,0.00264240806725102,0.000470818180576816,0.0152829547636518,0.0241041092707566,0.0022893361555363,0.00868948639059598,0.0262528745209084,0.102455981119232,0.000505413529119584,0.00564952286030958,0.0805957999488327,0.0130086165997528,0.000141087460777046,0.000245337218411941,0.466293883642334
