0.03227700860951144,-0.0001011079912760001,0.0016841950119638998,0.002519234948149398,0.0008927939200584975,-0.0091407945562873,0.0031097033633783987,0.0073225241370156,-0.0124145007297683,0.007018173646905001,0.0030922003895278004,-0.0242872517770694,0.0045920881469301,-0.00012181562364350007,0.0058554065834890996,-0.0035414165521643996,-1.600337962650005e-05,-0.0017161953980395998,-0.0022563528725308003,-0.0005854786717654002,-0.005643763810165701,0.00030827999687429997,0.007728459965730899,0.0029398495925489,0.0039112277758994,-0.0009000011423809999,-0.0018874248663859,-0.0156465441291254,-0.008201705076606199,0.0001781623942519999,-0.0013025168714655994,0.004333564966066699
0.0018756427940706992,0.03350335185644493,0.0036845994784112015,-0.004452725259353998,-0.005414150423244498,-0.0123201168394199,0.006047424618122799,-0.0031883095878408995,-0.012652605870649997,-0.010495583690577497,-0.0087983542873385,-0.007772342232997498,-0.0011026822379457,0.0008685903276781002,0.0020920145056052995,0.005363975956308399,-0.0030134859346560997,0.0020621053152297,-0.0007396260815330999,0.0016891730629056004,-0.002630434284672299,0.0041913526312835,0.00033856665549210005,-0.001906046420724201,0.005927863054236499,-0.0010196652653566003,-0.0012989703313647997,-2.5626874579999515e-05,-0.0014496446566011996,-0.0005193029477945999,0.0011668844857807001,0.009988128485081797
0.0006726797036201997,-0.0003031981988488013,0.003329720613539533,-0.013278870330821,-0.0101962341448016,-0.0032000630170777,0.011231093833020001,0.005758772557127201,0.001866173955166698,-0.006056744422675998,0.0008868367161015004,0.004235868526122101,0.0001222148829367999,-0.0007391886958305,0.0019927462525343,0.0034252201722853003,-0.0008922022143672999,-0.0035414987418052003,-0.0012224006040927999,0.00036013252207689993,0.0040134115846666,0.0005954902274905001,0.004830230559963599,0.00027533763908399976,0.0023699213383753994,-0.0026327523578332,0.0029286500309601,0.005199936622044401,0.0013772321219468007,-0.0008094630195469002,-0.004819676158256799,-0.007779377953103999
0.004284791879366499,0.000141563330842,0.0013154972471986996,-0.03885736202594514,0.009884015648539898,0.0010337197825628,0.033655451219942595,-0.0064177215849064995,0.0036129994376132013,-0.009899009144836402,-0.012318879705054301,-0.008986489526825098,0.010656029039699299,-0.000638594535851,0.0003112080807188,-0.006653466046408299,-0.0002811040711253,-0.00018820720264089985,0.0012222173865485998,-0.00011388760242520002,1.5215554985900832e-05,0.0022723011608174,-0.0010493073110641998,0.0029791094805301996,6.884690035180007e-05,0.0038544705277235997,0.0009571938099563,0.0072033182808093,-0.00015424282590639944,-0.0004109332727964001,0.0028144975151705,-0.0003132414275919004
0.0020928952676845997,-0.0006828670942438,-0.0019619839567411,-0.010066754598569299,-0.07268601451363865,0.005739832841202004,0.0466359193867484,-0.0167482149893613,0.0007119214729650013,-0.014785955332617902,0.0012276063341127002,0.0304804728867134,-0.0008755191135933005,-0.0008144958702683,-0.0002353682812444003,0.012714736492382306,0.0047507901827499,-0.0012665429978015999,-0.0005281680221195001,0.0001312371998170997,0.0012153204901307006,0.0012749662049558004,-0.0029039884785038994,-0.0008423419483602999,-0.0010730676847826998,-0.0041674385683278,-7.577880042420031e-05,0.0203641205663024,0.0049638041544938,0.0010501458602107999,-0.0003545214503546997,-0.0032847476395169006
0.0013566379914111007,-0.00041143399802509996,-0.00045739758466910004,-0.0277282285703084,0.005098391194439802,0.0768673011890626,0.0039788528759797,-0.014837107566629704,-0.007023038703891496,-0.006075913421038696,0.0011607985709353999,-0.0095261173454682,-0.00029766480051430025,-0.0005663596130890999,0.0011529474565978998,-0.006290500082991798,0.0024440389388758004,0.0004450709930927002,0.0020120856999911,-0.0021434129476192,-0.0058036593536416,-0.001151079241464,-0.00013952767744989953,-0.0046137330067777,-0.0020095283788066996,-0.00039977685961600047,-0.0005592102338370002,-0.001264353776624802,-0.0024918396391099005,0.0012254383464069998,-0.0023746484897537003,0.0004229680345327995
-0.0015102636301642996,-0.0009620229055246998,0.00012837763479039998,-0.0025429138589237997,0.004393171863891002,0.0018886082322084998,-0.010990593591380438,-0.0018221859420814003,-0.0006494275800046009,0.0007150059896997001,-0.0013827245765044,0.0151072262356984,-0.0023376913151639004,-0.0006994456068995,-0.0012767456654263001,0.004935734345531901,0.0018063375477561999,0.0007354154189870002,-0.001568366740116,-0.0002809293945911003,-0.0071142371999258,0.00045681793690569993,-0.0067344959510046,0.00030858630916869977,-0.00032847293501640003,-0.0026300062924849,-0.00038571328028739994,0.0095084944614314,0.0058392266710566,0.0007728670597097999,0.00014847324230119982,-0.0035281064836372
0.0026015824735688997,0.0035005828954435,-0.0005040104441286003,-0.018508900279530602,-0.0474964056353291,0.0019962458714936973,0.0023850040395419977,0.08927319709291481,-0.0337736690957655,-0.0108728466639768,-0.006057864969298001,-0.006902327052420103,0.003831299349862799,-0.0026291975560353,0.00032964837812980013,0.001979179279141298,0.0006829384260177,-0.0015980284288410998,-0.0014916675173115,0.0006146238140887997,0.0021707733231035994,0.0006515311286514999,-1.0515293455699848e-05,0.0020131710909002997,0.0033120872018165,0.0025351181711887995,0.00040092287459100005,0.011626533525539804,0.0014932222501518998,-0.0012380033824243,0.0002628445791388002,-0.0005770694467692001
0.0005658250158510989,-0.0012944462434644,0.0006058240571825998,-0.014065500870028901,-0.00032997820456689975,0.0046539952319039,-0.0013780077399404012,0.019222069409511502,0.01871201001213274,-0.0110528548604578,-0.0006985848660857,0.0083704360574908,-0.0035615605855746,-0.0005574370283326001,-0.0027646125425127,-0.014343009605365102,0.0005008577171115997,0.0040659257555485,0.0003828955452144999,0.0011966731831491995,0.001704852528600101,-0.0009646626929589999,0.007643939980397101,0.0005836607267408998,-0.0118884518942672,-0.0039102176768896005,-0.00013625578894409978,-0.0015297038169039007,-0.0023590495432722,0.00029703498519180005,0.002092167654443,0.00023616609909540062
0.0064796075516726,0.0002672162089629999,0.0007122800457582002,-0.0096185133678338,0.015577232343232703,0.0021436073424067007,0.0303836949462234,0.004852706222072997,0.018191031661069796,-0.04828819537827672,-0.007803782690978999,-0.016840911599012298,-0.006522661551112599,0.0016210138162649,0.0003378389118764008,0.0037882785039073004,0.0014544278325555999,0.0016911339192745,-0.0008170321491055999,-0.0018044310282554002,0.0006979904482075005,0.00017631017048240017,-0.00016548468515950035,-0.00043430929152489875,0.006168399090016601,-0.0081976137742889,-0.0017464180237637995,0.013922178850281096,-0.0110720023727483,-0.0009851828564035998,0.0004277179295062001,0.005403872974692101
0.0011752981961066,0.0004491082125807999,-0.0011983116825095,-0.008642827803834099,-0.0036626797772958027,-0.00014395598547079988,0.0151525959592195,0.008962531792643101,-0.004511632448129698,-0.002158418843113099,-0.006369563673986445,0.0035433338033037994,-0.008683724746444996,0.0006232057172802999,0.0020644784093053997,0.0079678293142846,0.0009182966244467002,0.0005611909143033002,-2.601661928080005e-05,-0.0051227771994791,-0.0049138203415356,-0.0018502697215070998,-0.002155650086222,-0.0031013706467796004,0.0009564504537668004,-0.005158513611256899,-0.0024865785383432005,0.0149011424819393,-0.0009701753642999003,0.00040690908568549993,0.00022546620105069965,0.0032484499235720995
-0.0005315927565333,-0.0017499110038631002,0.0008184484051642999,-0.0134096602060408,-0.018147670644194397,0.0021192706157959003,-0.013105892343154298,-0.0037110727923483,-0.0013743838653795977,-0.0088197159387289,0.0008043421068841001,0.02645911139180357,0.0141636285070499,-0.0027536869050965,0.0016674384593658,-0.0008807576509554001,0.002409160842949,0.00031979568569790026,-0.0026326906452149,-0.003061071215374099,0.0011177421619271,0.0006278009344030003,0.0019317046067856003,-0.0017011006517868993,0.0023931200055544,0.005356308013419402,-0.0024242090492750997,0.002744527630967202,0.008767472597070003,5.771291621380005e-05,0.0012139798056799,0.0013318509812148003
0.0012512931685415,-0.0005114257624406,-0.0005721906796246001,-0.017121996187119397,0.022705351338659398,0.0024457154527964004,0.016614280639358003,-0.0110607758438399,0.004372224319652097,-0.0053273720624824016,-0.0056495796572648,-0.015462272462114499,0.014014331309552652,-0.0006395988165898,0.0022997984525121003,0.004781797671011501,-3.181118399300017e-06,0.00030436431746609996,-0.0003866659364960001,-0.0005764226886075998,-0.007789607449121399,0.0010802909236450999,-0.006192161425124701,-0.0015135444922708997,0.0024658743370304997,-0.0018417311380919,0.0015194928092602,0.006125357329380701,-0.0024703639463803002,-0.00038970290639119996,-0.0015505450563113002,-0.0009210344401960001
0.0010939389491083995,-0.0005353938038934001,-0.0010546044871119,0.0019179890101378022,0.0338734021463356,-0.0068029308048262,0.025062647378821204,0.003564033730732002,0.007062460216654805,-0.0164439447594071,-0.004777548383910899,0.017211986919400006,0.0026451620682161,-0.11870222071526049,0.0066495986030177,-0.0062079381846464,-0.0009498948607546001,0.0016312198467676002,-0.001302374232359,-0.0014362926493831998,-0.007181537794923599,0.003428301908037,-0.00022532330711180076,0.0024309947085356,0.010115660191149099,0.010314235210011301,-0.0005616359699161001,0.025705942979173595,0.006141948724323802,-0.002288013531862,0.003832735011436,0.005787395883508701
0.0030273357286003007,-0.00037842008303469996,0.0003560589882573,-0.015419787531505798,0.010115325875737102,0.0010009757881857002,0.019487617451292197,-0.015227431806335397,0.0041720611195727,-0.0018276854427132002,0.001882552814150798,0.0014684933893001004,0.0032849469216156,-1.99239261288002e-05,-0.001892634711715191,0.0013803460327498993,0.0042099319414836,-0.0011145383511543,-0.0011372987997694001,-0.0064681729108792,-0.0010507081785371998,0.00025184992881880025,-0.0100505819787334,-0.003873133441151001,0.0075788089349589,0.0021087567690038994,0.0007821516717028002,0.0004309310931680001,-0.0017851056752012,-0.0010859107669456002,-0.0005775567020412002,0.00037074585724740025
-0.0012758794750056001,0.0009419848243883999,-0.0008319937058735001,-0.006056163479864398,0.013857549132360598,-0.00018304502052839816,0.013225276052121602,0.010168164160184304,-0.0018866280661525014,-0.0058170319404499005,-0.0004994322516870993,0.0130180947872691,-0.0019655288756493003,-0.00038014414448290005,-0.0026044594856663,-0.035707386361483406,0.0017493992653983001,0.0019185787841049999,0.0008202075916463,-0.005974930364355701,0.004769415031890501,0.0010231609747027,-0.0027806625813633,0.0032406468772623,-0.0026694299559239998,-0.0033992827869704996,-3.276242074350035e-05,0.0038876658712745996,0.0013622579722412003,0.0007149357436817999,0.0026194035299847004,-0.0012519796823114993
0.003876869525427899,-0.0031482476049961,0.0008659635319339999,-0.018690634205347702,-0.013538508227160698,-0.0031276981380244998,0.0148033682254778,-0.010017840925547701,-0.0282488312366891,-0.0012137980479538998,-0.0016662805367567007,-0.006769494409920399,0.0029774979027134994,-0.00024407852061510008,0.0103866142672179,-0.0046683379420983,0.024524302510770757,0.009816872629309801,-0.0026019510849472002,0.0009479284804452997,0.0154275563755778,-0.0024703851494184003,0.006750462134582,0.004287573478631601,-0.0015621135374264006,-0.005318347262647499,-0.0006032409895311,-0.0066940883759944,0.0016698688813506003,0.0010211240393082001,0.0028238734048474006,0.010404000807480702
0.003549970417051099,-0.0018778903532079999,-0.0011497553775612996,-0.027986773082585,-0.009014606056375198,-0.005399406643240299,0.009578660771975302,-0.0195052031148341,-0.0181379622985366,-0.0041075507147292,0.0056526088575833,0.005505313639612999,0.004281859838772901,-0.00018670536057589998,-0.0020113013691104003,-0.006483407590523399,0.005860120530760999,0.054925018974031015,-0.00016760117455790011,0.0006041156026944002,0.003760043259915701,-0.0024941194487949,0.008608973922603198,-0.0075603670021452,-0.003906771774290101,0.0012594326038856008,-0.00022009814870630005,0.0009103975482069992,0.003882853883410799,5.3594512379500064e-05,0.0010801541200930005,0.0006964010267972998
0.0019572373713487,0.0024877701126591,-0.0010620892116374003,0.010403502629377202,-0.023232368608943402,-0.0006139002797205004,-0.008230335522470999,-5.188210150339906e-05,-0.0049871364599845015,0.0037131895909912997,0.0005736922823080994,-0.024652414874985196,0.004933617220737499,-0.0010827084872806999,0.0066192868948426005,0.0095460637332585,0.0009294075158197,0.0063039926122909,0.001033519513447767,0.006639110840635,0.007695537728764499,-0.0040122800994543,0.00018737527206669907,-9.147623885390026e-05,0.0176384792976908,-0.0027140749725538,-0.00012176375710159972,-0.0221340723703711,-0.0005709941047858996,0.0067020693482456005,0.002099622885845199,0.004094022239317801
0.0008003420982832,0.0028074605641699,-0.0006851738731412,-0.002087891036746,-0.0144898336437509,-0.011539643306676601,-0.006353528398034401,-0.0003957788133802003,-0.0100332639137515,-0.0009150503510834997,-0.0006557372759504005,-0.00015091320385069926,0.0025977725482336997,0.0008931387363741999,0.0037066984384108,-0.019374008093394998,0.0026736089874620996,-0.0018235880591268001,-0.0022452850409719997,0.04982332093359654,-0.0055078909128125,0.0043021330474608006,0.0004011396140969001,0.0038928501893322007,0.0062192946266064995,-0.007892025270089802,-0.0039667550769034,0.0031309299492609,0.0037315514885567,-0.0011819230922942001,0.0022995206744414994,0.0020185274656741
0.0026063114255736,-0.0018187206407712002,-0.00018149674983560004,-0.0117186519261204,-0.003058565676891202,-0.0063299680423910005,0.0026022909181635002,-0.0017460479277952023,0.013792123478439,-0.0030447290916525,-0.0017484506674494997,0.012804247810768297,0.0018302204931262,-0.0006743212872834001,-0.0015403010378134997,-0.0046039606155753,0.0007140230022091004,0.0031209750101216,0.0005495291229228,0.0243357473350928,-0.0806482558700265,0.0016443088056753,-0.0010466579149276001,-0.008067087554672697,0.009288738674206801,0.0074567253053811015,0.0040443521911442005,0.012052953693510601,0.004679182061936999,0.0013833025545366,0.003803292723004,0.01951889039739299
-0.0005454224295893999,0.0008700356659117003,0.00016818644129109998,-0.0112898597293171,-0.0010838180045304041,-0.0032310506695631003,0.011142632154711302,-0.006101094395806501,-0.012033912539944399,-0.0048094911445273995,-0.0047067613026239,0.011996354129471599,0.0017458999264569003,0.00021101506855619994,0.0006006793093309998,-0.0058598283058688,0.0009935745493018001,0.0004904062832018982,-0.0018846317033591005,-0.004300080351206603,0.0019230843086854993,-0.0037459653585469876,0.0006065007841122008,0.0022797714162199993,0.004793540029311295,-0.0039337149154187005,-0.00029224124618049976,0.0221875882553604,-0.0001994865646565997,-9.596489586320006e-05,0.0052983992970312005,-0.0011943440619514994
3.811386172740015e-05,-0.0030740555298397,-0.0001914808724304,-0.005284565836711301,-0.013591125817653699,-0.0018257271554606002,-0.0025403576067141997,-0.0031202849551110997,-0.009759470628931996,-0.004465964349427101,-0.0030763263567454005,0.023996577882585902,0.0061191445145568,-0.00040412101350960014,-0.0008540633160295003,-0.017195103223051802,0.0004590192268583001,0.0014705795449922,-0.00034425549040969974,0.0057768086409267,0.0060849824132468006,0.0105131768772193,-0.021234381826547688,-0.0073395647448802,0.0117426876737671,-0.000248778749384,-0.00018223546711299997,0.016839823110069898,0.0083448349014338,-0.0003784989412642999,0.0015193983613185002,0.002205214872512202
-0.00205886338667,0.0038357715579081003,-6.436957053610002e-05,-0.0027321764921002002,0.0100140665697649,-0.0040110170490463,0.023417283885275798,-0.0020578378594581,0.0032169503633844992,0.0004538140235861004,-0.0030273590590984,-0.0017401269469939987,0.007147876052433,0.0010752988650558001,0.0048517604203778,-0.0025006179278164,0.0009043700243288998,0.0017834287440262001,-0.0003880887747815002,0.0018173296986206,-0.0289436481989635,0.0122465811668117,-0.006847002485120102,-0.0071730886422199935,0.007963761261666803,0.0014385964849653009,-0.0007776892860819999,-0.0066010606628506,-7.896403628080036e-05,0.0013067034705201998,-0.0033748627261957,-0.0090968194845116
0.0006479454724894994,-0.0022590299709257,0.00018013261097090001,-0.0123118558324182,-0.0067540090690692,-0.0095696350484824,0.03616157396406279,0.005831162426321399,-0.0208929663865258,0.0030834189968359993,0.0011773425134917002,0.0129715301488509,0.0010642182464856995,-0.00025050593254519996,-0.0004884789358988997,-0.0018529151886964995,-0.0048481226218156995,-0.0004105214746579003,-0.0014673271805197001,0.0078932917845397,-0.0017341285685477,0.0029892646864290006,-0.0006458380799273999,-0.003748484053255001,0.009909003960878127,-0.0083245946778183,-0.0025591081296964004,-0.003954316230104499,0.0005121691425961994,0.0004929019673976999,0.0005994670310238998,-0.0014415855714687
0.005187687682246801,0.0011984813100300003,0.0002229929679538001,-0.004517135702933599,-0.011224410869413101,-0.002774542291446901,-0.0009203797510331999,-0.006401223615898502,-0.0002938656225967007,-0.0038255399707335,-0.0026162484515089993,0.0003657428193544997,0.004224948731577301,-0.0013462064946972998,0.0010488229355252992,-0.0135951268430822,0.0033994944569780998,0.0013744045566983,-0.0022262643949123996,-0.003993044993923301,-0.0016339910116821982,0.0089284672754395,0.007257710514673103,0.010407928726619997,-0.0018112600050060983,0.004206393245517748,0.0031221728300232995,0.011166216119582899,-0.003382781195095,-0.0003211834593517997,-0.002032160891331101,0.0008039013924251996
-0.00028022477227259996,-0.0003523726190371001,-0.00042253619769330015,0.0007847647082198997,-0.006040949954469008,0.0051994432254144,-0.004439770815263096,-0.0027465059230364006,-0.0342216956003021,0.008565892436904301,0.0015307061946528994,-0.009341200957235805,0.0037843602923576993,-0.0009089648200512998,-0.0018053647862312002,0.0025213228340853003,-0.0016360445350144,-0.0021547623611450004,-0.0007493624619706999,0.0043899971535842,-0.003994947627983799,0.0005016350590375,-0.005353974005854601,-0.0038257416379989997,-0.0052104164484345,0.008009397134711896,0.072160782740043,-0.003256760452674201,-0.004803661294420298,-0.004830570603114299,-0.006933612645689,-0.004138861259119499
-0.0011738836751169,-0.0024086062330385,0.0005779022534462,-0.0067995240858478995,0.008002118905800402,0.0019077815569323,0.009238654258345302,-0.0014700286235987004,-0.007234489453511298,-0.0050382247213267995,-0.0036519366444673004,-0.0018254751849818007,0.0018658456874892995,-0.0016456315109847999,0.0011591588510222002,-0.0030158470153112005,-0.0008609895484483999,-0.0018234554774128,-0.0038028426876584994,-0.0013077539459664003,-0.0028568856438087997,-0.0016743806551731,-0.004603160906070301,-0.0028870092638482994,-6.868983064770018e-05,0.004143452122684001,-0.0060908293549868,0.025137210096695894,0.0035421432886200005,0.0020466828701692003,0.0021383349209902,0.00048035965001140025
-0.0011026242840781997,0.0007564860437855002,-0.00010078188684510005,-0.0112918353816811,0.0009034980102461988,-0.0012990323804409004,-0.0032171794237135995,-0.006767166517482501,0.0013657096095319003,-0.0018578244939037002,-0.0039239532637947005,0.0047851961119347985,0.006554936939322501,-0.0008067914443365001,-0.0035004507888807004,-0.0019819523765483,-0.0004372692549026,-0.00020793064231169997,-2.2482115339967496e-07,-0.003885233009078202,-0.00029351616943129946,0.0009159071881715,0.00018302378712240007,0.0011568636346427,0.003660459183221499,-0.0050845773351436,-0.0008973995297002005,0.00011128685465669995,0.02742420191384287,-0.0021458309627737995,0.0016365824118527994,-0.0006525777221314001
0.0022107233175581,-0.0014588852337357001,0.0012447468042753999,0.007949561845991097,0.0012706600941847987,0.0005528061925454998,0.016509513343951294,0.005324917776409399,-0.018810369530159198,0.006542389038548701,0.0051766842099996,0.0056368150235064,-0.0036478639494753997,-0.0010229593397759998,-0.0028596617252531,-0.0038449886663992003,0.0055173854075574996,0.0018276868464218998,0.0009020482089942992,0.0073889179277836,0.003103165611758299,0.00013601749005599968,0.00031759683431089973,0.0011502422261170002,0.0007927457304811002,-0.0090759811521956,-0.0022023174909321,0.0029018978873092023,-0.0009062838591795998,-0.033195799963135375,9.042064743329872e-05,0.00047816844504800036
0.0024169415178175,0.0007867967864776,-0.00025866212846700006,-0.034208006085115705,-0.011780137319410501,-0.0069090336760457,0.011595646485182,-0.0063631368584520995,-0.0022568750803926042,-0.013907890178933,-0.0035300328148581,0.024069727236122,0.0027007129370677004,0.0005234571749049,-0.0019333651327615997,-0.00044276575861409984,0.004945583737045199,0.00014900633021910003,0.00019547194268619995,0.004520464120219902,-0.0037672444188207,7.245623920740067e-05,-0.0027028966032777,0.0037431655254592,0.007093771879013,-0.0019287053502593,-0.0014802514514086988,0.015728476183148498,0.0042031213581559,0.0004243718480397996,0.00795755108148688,0.0003422804745642997
-0.0008354375564129002,0.0001260839964629004,0.0005148445867226002,-0.006234743394946798,-0.022245951230883895,-0.0058872678240519,-0.0248716567370752,0.0086067704399293,-0.018981032244868398,-0.0008851526029178989,0.0011052827339955995,-0.0021684604949382003,-0.0017262104267213004,0.0014439780599437998,-0.0006677985807664001,-0.009218913106690601,0.0009985477998855005,-0.0010031677625747999,0.0027691827780416,0.006238332354608701,-7.956116300390087e-05,0.0007644246531332,-0.004955831404588699,0.0097293698462858,0.0101635082949653,-8.258137198630024e-05,-3.5655927986e-05,-0.001342493042988998,-0.0014984538721058002,0.0020211092478031,0.0017495172274637994,0.05648941672626717
