0.017322155134939288,-0.0017433289272736005,0.0006120038540384995,0.0019259652307783998,-0.002198455345946499,0.0013342284087488002,0.017205060407707803,0.0031447444653728007,0.00042291713939980255,0.0009581070527377002,0.0024639385894578004,-0.0021797993703002,0.0033993638923366003,0.0002457380695347999,-0.0012013355818260001,-0.006508053567106299,-0.0017598571210339,0.007980420733974801,-0.0009569873117697001,-0.004172180540360001,-0.008000917799408,-0.0076671657456683,-0.0007223029008008013,-0.020115416984809502,-0.004352081485548099,0.0040077288618043,-0.0008516575054588003,0.0088211925383473,-0.0017774329143695998,-0.0004944639506762,-0.0016557582656249003,-0.0034863690611982995
-0.0005648633205053996,-0.00468695231500571,0.004206394927197401,0.0066718642175705,-0.0103702728425581,0.0041279372686209015,-0.016766755169407,-0.0040540253385079,0.0048736890051655005,-0.00012121021286689952,-0.0020157225655933,0.0004383132783350001,-0.0014679675986272005,-0.0010956536327588998,-0.0011311658198474,-0.003140498257192901,-0.00023273461756349954,-0.005596691608504302,0.001005283779523,0.0094165819705076,0.0052597509867986,-0.005322243232695199,0.006552524927343701,0.007098575873631899,0.0058189840666862,0.0021820903692985,-0.0020454267225855,-0.007065286887389501,0.0007324023703704002,0.00010974925786479996,0.0007066934959824999,0.0064766343467119
-0.0082479154728358,0.0024978320737962002,-0.017155258573999244,0.0079081247167406,0.0120437281497814,-0.0092699253560175,0.027154680639158102,0.0207515554103379,0.0005964741252345012,-0.0004383020731891993,-0.0007966319424119999,-6.05868070105986e-05,0.0020792485593402,0.0011672793473581,-0.0002525551962404,-0.012532990107396402,-0.0008032829719832001,-0.005833553375258699,0.00017072262007160007,-0.005532631337521901,-0.0053895357329299,-0.004640950480400599,-0.0014688448864393,-0.0085325337021665,0.0069785444069069,-0.0005026915162576,0.0014168908135274998,-0.008667401320013,0.0030692341545917002,-0.0003280260284823,0.00343795166996,0.0011813501937493996
0.0016954028823,-0.0011162632621239,0.0013601052533107,0.0018471556795930377,0.0026856248127813,-0.0035803034108197983,0.0195958517571008,-0.023930487934205002,0.0099088526099178,-0.0056582581115662,0.0029229501498711998,-0.008767197307574201,-0.0046723490126207995,-0.0001881779186913,0.0037051309930596,0.0003986884770667996,0.0019085278327916999,-0.0009548586733211001,-0.0009125581300128001,0.008192418282695001,0.001962174487474499,0.0019627835856265994,-0.0014455821076639003,0.009006599099395898,-0.0014447575896031004,0.0018322502096498002,0.0029638882658122,-0.013506326433557701,-0.0053658581781779,-0.0008892321045225001,-7.303014763049981e-05,0.0005568359436437988
-0.0022097203326472995,0.004047809239523001,-3.134515199129998e-05,0.0038182028604152995,-0.03818628480098618,0.0004142090180237999,0.013115220539345298,0.009908824509462295,0.004164469284029901,0.0025484780504726,0.00021993150341809977,-0.0012473685950290005,-0.0019998248453861004,-0.001106252301683,0.0003525645891011,0.005809706007778101,0.0008644660373196,-0.0007094372696353005,-0.00014469218821280003,0.0056936553067431,-0.0048961982448607,-0.004866653866677499,-0.0004930628501842995,0.0034221475012927993,0.0042287566216144,0.0006147711594754,0.0001537892548508996,-0.0034039160962536005,-0.0009791172802510002,0.000113745338511,0.0003912753425469001,0.0003918516598750005
-0.002696952919627,0.0024067726896482,-0.00026068861564949994,-0.007097493181841202,0.0093155120683465,-0.04968007625264792,0.029578532685832604,0.0157460700658076,0.001584832110416599,-0.006004347717469199,0.0004748781265975998,0.00022368635873649956,-0.0006190003321734001,-0.0013406584857455998,-0.0009373073109989001,0.0021401911077568005,0.0012038036613772002,0.002301259620353301,-0.0015932141383258,0.017278058378877602,-0.00454880426779,-0.0016426701441887995,0.0025330827658547,-0.000257816089518699,-0.0031108135406973,0.0013796737210889,0.0021044846227683,-0.0064140591897399995,-0.0021597318989941,6.757868410990002e-05,-0.00012262618078639998,0.00014784359862120115
-0.0032957028893482996,0.0024487452168752005,-0.0009453433410115,0.0026232565973877,-0.0005307849320708002,0.0034931003335044,0.007318932615050899,0.010547588080750202,-0.0031549026829573983,-0.011848231693619399,0.0009619984881927002,0.00010711984947889969,-0.0046447655650834994,-0.0007343482407177,-0.0009421737124310999,-0.005306690140199001,0.0012541298529524002,-0.0004906555080169996,-0.00024384797451430015,0.018696735362502798,-0.0084838863392284,-0.0016777871261787,-0.0016766283172907999,0.005094605791045198,-0.0006898613786189998,0.0004565729225069,0.0012038264617609,-0.007761424189219199,-0.002966999230866499,0.0021345119282593,0.0015022891809549,-0.0024493794198489002
0.0017509928819824999,-0.0022144840388571,0.0019574054747647,-0.0033497637862368,0.011818775392608998,-0.0025956550470768993,0.018782166609678297,-0.01092331143323011,0.012746803935908102,-0.007865184770226099,0.002294782186509201,-0.005069703717085202,-0.00032953623545679996,-0.0004011103541394,-0.0005565974160539992,0.0035099066133366004,-0.00032096553463859976,-0.006685258516314799,0.00031578176420559963,0.005403554523988602,0.003758065576868001,-0.007092838178049,0.0009627539904613997,0.0026433367196835034,-0.007086078640099001,0.0013437326358267999,0.0008307614605620999,-0.0063257666722349,-0.0018698870145077997,0.00039482540038879993,-0.0014294132882781002,-0.0043980905242882
-0.0006168221052273997,0.0036632679345586,0.0013148153865731,0.009311136613166501,0.003455041760660799,0.0011895988231466984,-0.012794961361649204,0.0216271887939244,0.005778019644876675,0.0012938792594387998,-0.00021982959492769993,-0.006298348787231601,0.0016058699530758,-0.0006216932773877,0.00017262860159009998,-0.001903671425662199,0.0010097244866857998,0.0002300537996780998,3.0723352191998517e-06,0.018848697499427997,-0.0228666163173258,-0.008585751694984298,-0.018184091816278503,0.009915900855905699,-0.008346265432410602,-0.0020897678621328002,-0.0015603288964796001,0.0006361912495570984,0.0084319051704572,0.0038670340220250997,-0.0006788372694522,-0.007587040348818101
-0.0031740368721888002,-0.0005404376471990998,0.0004173426422870001,-0.007517860787818499,-0.03507330211590949,-0.014313432947289602,-0.008889381041125698,-0.0645658220006766,0.005835964535642799,0.17379299111720736,0.0010531698697776003,0.0087687656000336,-0.012435795861488897,0.0010033214533918997,0.0013043576070902,-0.0016889207740779996,0.0012768060509648002,-0.0028826897691734002,0.0014242048105916,-0.005290889051992601,-0.0011533327482699,-0.012345003265694598,-0.0054838813938552,-0.0152892778864617,0.0019519258719483002,0.0023786438148943,0.0006707447741577002,-0.0071744101736216995,-0.0034219502264238,0.0006641639265496,0.0025338988774142998,-0.0018358763886829003
-0.0032725028238204997,0.0001642746518128002,0.0019856333685234996,0.0013601182768156021,-0.025416502187337597,-0.0090936899716287,-0.014024107260949999,-0.023445417055920396,-0.001552749191744,-0.0013973596831121024,0.09873200784840364,0.0030299041103142993,-0.0041820347011763005,0.0016219821099269,0.0016032774663069004,-0.003268974840401501,-0.00043475179233529995,0.00042324342434719997,0.0010718247373678,-0.002849890548725401,-0.0017856725544021,0.00015316365770710015,0.002749574376398599,-0.018557959360087598,-0.0004082062443154025,0.0022373316162311997,0.0016373661627916004,-0.00022967575766390073,-0.0046901317025033,0.0007380287777296001,-3.5206969907400354e-05,-0.0028628979386454007
0.0006957589176382001,-0.0016149926385955,0.0004067737376762,0.0114489889271577,-0.0223074132893566,0.0007636753104174002,-0.0026504147682971,0.0113892797218644,-0.009187965142534001,0.0006391802394765996,-0.0030861738697889997,0.00858781993210389,-0.0021474888604056004,-0.0009704420446815,-0.0018407999169708002,-0.0004027447458407,7.343493201149992e-05,-0.0014355310109221,6.623974634840002e-05,0.0037471111857534005,0.0032423550408383003,0.0009612090948055998,0.0042949184591459,0.00044556077511340164,-0.00047268324195520045,0.0009156640256275,-0.0037070080515359998,0.0070949415184816955,0.00027174468695869997,0.0002836212334258999,-0.0009392775369158001,-0.0045653423670446
0.00014511731290869998,-0.0012997169972084998,-0.0001287030703475999,-0.003908225809560999,0.0283207369255348,-0.0034894545543449995,0.0025107136572446002,-0.010122519156837699,0.00038922455807669995,0.008310146218384,-0.0020649592354260015,0.0003916117249341995,-0.05869688989969701,-0.0008532236521158,-0.00023959011611730113,0.0026185919863041997,-0.0013721190627030001,-0.0005728975659413998,-0.00029480293118719987,0.006719874701702402,-0.003433386229808299,0.0046930622552891,0.00957471240283,0.0161919230542863,-0.0044713881777541,0.0020319433896786,0.0009076551631070993,0.017557568272386498,-0.008862173979459,0.0006915158397254998,-0.0018066662595472003,0.0005623192356633004
-1.3945457291200149e-05,0.0051154250265184,0.00681276134244,0.0043444182968092,-0.005545571131168901,-0.0002515542743336992,-0.0238355889295785,0.0047824982818137005,0.0016017375546509005,-0.00024714560454680047,-0.00017940737968879985,-0.0081321929572473,-0.0023942868669223002,0.07458553095284592,0.0039279907819599995,-0.0032864223060595004,0.0026568333340718,-0.0003757683586773997,-0.0016009684079568002,-0.017067127023475598,-0.0083397354564834,-0.0086161202924508,-0.0062773066848422,-0.038683789547423394,0.0126547807389217,0.0024925063237605004,-0.0011082350054133,-0.0101999144080876,-0.0014880033758522,0.0008935958017780997,0.0060338414646629,0.011741163567266299
0.0022583690313594004,0.0045688880435536,3.730171196580012e-05,0.0244913787902594,0.029805174352583293,-0.0018511231889654003,0.005642643334882298,0.014414594538895101,0.006033632128060299,0.017553622199029402,0.0006847988688463997,-0.009019496531983898,-0.0066420734361082,0.0023578547606788,-0.04129090500469834,-0.0025243233765465,-0.00037349418941520036,0.0007573217344767997,0.0004886425333063002,-0.0160123249509833,0.0042787828413820995,-0.000108622903033,0.0015971769460556996,-0.0324301718590997,0.0019155804681094003,-0.0006332091039595001,0.0005203958446264,-0.006311208194981899,-0.0017897055387337997,0.0008391484048198999,0.00018736349213049983,0.0005539882534879009
0.00024071180675920003,0.006661261464076,0.0002892846150525999,0.008093266548086599,-0.0003003700495389002,0.0062367394608295,0.0026107662796330984,-0.0049764053586176995,0.0042341199859067,-0.0002735258190179001,-0.0013387598325627,0.0021155862237127003,0.0005528761535832996,0.0006571041974759,0.0022076572202656,-0.057606440259091674,0.0035043745568505004,0.0013348565768969006,0.00014304708634210002,0.0022904274665669997,0.0028581401042005947,-0.0017033215936599986,9.872520814709941e-05,-0.0157401464948337,0.011390994226027101,0.0003736854826526001,0.0005621530993628002,0.0069767556883566,0.0007540580546931,0.0026675422381699,-0.0033042976268991995,0.0183891332905738
-0.0014793211873146,-0.0002443175649119002,-0.0012057375709736999,-0.0009866029049404,0.017850330472114595,-0.0036295213211008006,0.043664863472571896,0.010341467503322,-0.007162313492483601,0.0005276398430532,-0.001603887871884,0.0059107785684083996,0.0011123296821089002,-0.0008271013898440001,0.0006910815068845002,-0.0073575751604082,-0.08500241743335435,0.0073264850963969015,7.511385706000101e-06,0.007784040955471501,-0.001379138627222401,-0.0062843955847274,-0.0014252997896948005,-0.0024982626461457977,0.0175611151759948,-0.0019563184251111,-0.0003323772124285999,0.010794216157273098,0.00024887970250349984,-0.0010130193589729,0.0016974813342319995,-0.0011306133145230993
0.0024920658968846,-0.0071576512578143,-0.0015348051462208,0.0058971963120292995,-0.0005824142057174013,0.0046303381361589,0.0289709959762805,0.0149628380578492,-0.007723717970909401,0.0006503118276195,-0.0011103874393412999,0.0019214257719776997,-0.00023433523983400033,-0.0006996720428693003,0.0020250063300326,-0.003177767253889,-0.0003915051101495001,-0.001082780274818007,0.0013230372036133996,-0.005146370837327899,-0.012042590402291999,-0.0020737804729197007,0.007746113801558398,-0.009017606181314398,-0.0132585830339117,0.0013202565674237002,-0.0009362455891026001,0.0004890201069844002,0.0020395680113956998,-0.0020425362020011005,-0.0005804072781120002,-0.005675018061263099
0.0006801368932341,-0.0004127787183059997,0.0011033563624751,0.004338009566350801,-0.004974122261363598,-0.0008562181276673998,-0.008287253047011202,-0.004278563917867,-0.0068376323226387,-0.0034172917253567,-0.0031361499245698,-0.0091420449157869,-0.0014163952657642006,4.365427475720002e-05,-0.0001980620152059998,-0.005771842448538501,0.008506472574217,0.004871330862408499,0.06178630209121838,-0.010530180822722498,-0.0007709126022414012,-0.0030797888365033006,0.0082024924985817,-0.0180837031856787,0.012738475699620099,0.0017646686520014004,-0.002576714955744,-0.010531227111012101,-0.0023215205050313,-0.0016051941466749004,-0.0033744596856680998,-0.0024328429335124004
0.0005080963753081001,0.0007597510006928001,-0.0002377921971416998,-0.0049590834082954,-0.0073804564341651,-0.0057135379908907005,-0.008004635562572,-0.0114541452064333,-0.0020710996871708,-0.0010405734077097994,-0.0020304683862187,-0.011338337234667501,-0.0004536678467062013,-0.0011484307535891002,0.00053295194667,-0.0036895812148289,-0.0007803256694944001,-0.0017899846494549999,-0.0026102744794657996,0.09111266170565624,0.0038707322252168955,-0.0018553503620798006,-0.0015042958201124945,-0.023944853007289706,0.0019641341773984997,-0.0019270832120144004,-0.00041125372935460003,-0.019925809074753997,-0.0015967907316726997,0.005541762123270198,0.0065368543431716004,0.0050408861686978
0.0007298062795814998,-0.001176032051275,-0.0008693613509679998,-0.0036088290173106998,-0.0009547160510294979,8.208970231700537e-06,-0.0333907495076749,0.006143240418469399,-0.0015561183873263988,-0.0024207738625834,-0.00022952142257029982,0.012558975414424797,-0.0004224561199208006,0.00022172448455650014,-0.0029386270477909007,-0.010417969209492799,0.0014086143919424,-0.0034133726370656993,0.0008948786103663,0.007300893732124199,0.024447093223291305,-0.0004223189212066991,-0.0037340673933775013,0.024179264344493204,-0.024716186848349496,0.001562139409873601,-0.004035174997100499,0.028784349944115696,0.006005601781535999,-0.0019286241619677997,-0.0023758693889858983,-0.015634022629010903
-0.0012024918505372994,-0.0048968903349337995,-0.0009355644898327,-0.00016835805449729943,0.0170579314262113,0.0010792094637772,0.0330664798111561,0.004375194557168701,0.008134785108464,0.0007302556211041,0.0004447192181963001,-0.0031260878446284,-0.0004162632033409999,-0.0005171637257118,-0.0008762442097539002,0.003967751351598801,0.0016899223886105998,0.007363167770044199,0.0053607977373349,-0.014072976318866401,-0.0055941758905360996,-0.07720303891592672,-0.0012287744714953013,-0.0212211272983027,0.053190628196627204,-0.003053643885134098,-0.0031167889054263005,0.008220068724597799,-0.002551258871853,-0.0030048787227678997,-0.0032037191059046998,0.0017085347245586
0.0006519549924322004,-0.0004660883446333001,-0.00029325040543410003,0.0018076296459949006,0.009830611266554101,-0.00025320569518140013,-0.001893735536870101,0.008647321917191201,0.005812213138709499,-0.0013253312900151004,0.0011896648838413998,0.009043866388478601,0.0010208819490332,-0.0001767836893349999,-0.0017325074738383998,-0.0004046816592358001,0.0018741608643639,-0.0023384220677864992,0.0026236152267007,-0.00024105767995260055,-0.017016732584576102,-0.0130358296703451,-0.0183780991042527,-0.006705309148392596,0.0047684069368781005,0.005425225844425601,0.00021046514795679998,0.015184483389337401,0.0031731144901413003,9.991467332650002e-05,-0.0013933878855359,-0.0057091085199805994
0.0015629057649715,-0.0006286116539718999,3.6276313140099804e-05,-0.0018239314800112998,-0.0044583742271857,-0.0018743079208336996,-0.0018470769658500991,-0.008944246379139499,0.00018556475493859952,0.0005128597539392999,0.0013213898071899,-0.0081675611430533,0.0037603012318773,-0.0001820202285695001,0.00029937409212319995,-0.0018737976843067007,-0.0004854666604000007,-0.0008654648121099997,-0.0005600033853706997,-0.003640966424714797,0.004806807236989799,-0.0048165307267602,0.0022042328308231017,0.015417243204239983,-0.0061390110583912,-0.00020273858811400026,0.0012929660875754,-0.0007400615943800003,0.00019393468736299962,0.008027282197103601,0.009795072522097601,-0.0021660395512096003
0.0017941553651031998,0.00036285258015270007,-0.0003413825192801999,-0.005205663967216601,0.006573660516920498,0.0058300118236170005,0.014921929127861302,-0.004130503804158102,-0.009572366867619201,0.0006395640462028003,0.0026434758755299,0.0027780534853652002,0.0030265994866996004,0.0008523619696178,0.002567385739088,-0.0008231648035949002,-0.0003412267347693001,0.0031231221667394997,0.00042383551502160003,-0.014046836093132904,-0.0014578527914987996,0.0086517766621637,-0.004241471981696894,-0.031520398605867694,0.019436914772224978,0.0006180621219348998,-0.0029496077490187996,-0.006563475598480899,0.0054065076098018,-0.0003045013891535,0.0021158127732351,-0.0002676287317913001
0.00038494639820229985,0.0008515296684503998,0.0016940122843082,0.0009706675039419001,0.005549091051589003,0.0019015649864523995,-0.0025999510674025034,-0.0010237415041315992,-0.0035343967612757,0.0006528706642397004,-5.63679390280002e-05,-0.0062352748536694,-0.0054879331258885005,-0.0009616832027246,0.0009625410440631003,0.0025585926409087997,-0.0007692920771256002,-0.0016584439026244,0.0014162879532436,0.0016739918701748,0.0006724841583837004,-0.0060520239435523995,-0.0047542725234237995,-0.0112465520688141,-0.0106433627456584,0.06690014655929177,-0.00038273357698050126,-0.023918676753300797,-0.0033056071158128002,-0.00016548056967870001,-0.0019311688367134993,-0.0014617642154437002
0.00012554096317949996,-0.0006311656074360003,-0.0011441547989975002,0.0012360601451711986,0.004820381144403602,0.0020547105336599994,0.018763236062157105,0.0083938332406732,0.0015990065956634995,-0.0027819727619012003,-0.00014863263022460004,-0.0115456624165373,0.0013417108363405995,-0.0012937584070190002,-1.7344519894500147e-05,-0.0029139946326734003,0.0005758069239471,0.0047119009878911,-0.0002944306550736,-0.007297011687052199,-0.0024281419541704995,-0.0069796819850404005,-0.005966739921565002,-0.002713800252781298,0.0016932975867817012,0.0017524366082344,0.004824532691301786,-0.002634130316271903,-0.0013832293608503996,4.6796941054300014e-05,0.0009533691040596003,-0.0027187684570299
0.0012760776155919002,-0.0042339615432226,0.0029965470616546,0.017982246158301702,-0.0266315896190866,-0.0006328003330846998,-0.002456509818154401,0.013024423854576101,-0.0077511149483614,0.0011182676030742009,-0.004716384650187801,0.0262288203164998,-0.005413366505519303,-0.0019993799872393995,-0.0011214537415794998,-0.0011657543103493996,-0.0010336754442543,-0.0003759730486485001,-0.00025295561208009995,0.005312467954670601,0.0153345752592986,0.003193645838696999,0.013463262764895,-0.009324450303914898,-0.008901395736461799,0.0008707252740230999,-0.0028508687635159,-0.006809781485566324,-0.0017591473875725998,0.0026549187171699,-0.0049067904488884,-0.0111186247307645
0.0003040078110556001,-0.0006986872336906002,0.0005358213755969001,-0.0008474639371911993,-0.01196707271705,-0.0029325031466109,-0.0091699299868334,-0.0158350916736132,-0.0009431378286276996,-0.0038582779086757998,-0.0038665851187596,0.004180907566993901,-0.0013705347437482996,0.0005881420228906,0.0007890606547288999,-0.0013144004996374003,0.001630443151083,0.0020845151002755998,-0.00028181869485610004,-0.005630251299965999,0.0037009866253691,0.0020737829471595003,0.009237799394764299,-0.011533757794262297,0.007922884243710099,0.006007921905555401,-0.0069439377360038,3.0644408646501864e-05,0.03329054907584206,0.0004604204850713002,0.0037211899451343004,0.0006343736056491998
-0.0018717222744564,0.0003127963215088,0.001254767925867,-0.004638573349271701,-0.021674917502104,-0.0038987288804398995,-0.007333538730630701,-0.005466180556347601,0.0032016420509633995,-7.011324073090061e-05,-0.0034465417808505006,-0.007715878581166999,9.357964521700124e-06,-0.00021890628909879964,0.0012095816190651003,-0.0012302324698286,0.0010514233879811,-0.0008074492428014005,0.0036769024564062974,-0.0094982379295699,0.005709759068045299,0.004346953004827,0.0031264928052649014,-0.007756473819347399,-0.0026973053202207003,-0.006254972918368299,0.0012145437732676999,0.0016808718316769014,-0.0026414578166530003,0.060251317960707595,-0.0022232947010162995,0.0023981152327997995
-0.0008049899965434999,-0.00036205561297469966,0.0009929885869569,-0.0026318401647059987,-0.024419951390755198,0.0006297963338065997,-0.012675565225755001,-0.0065726728643869005,0.0015496740975677013,-0.0109927808206672,-0.006617622941989999,0.008488451014322801,0.000650369140183,0.0033222249406928,-0.0023018859380677997,-0.0020300593961827002,0.0022667751121591,0.0020502605460428003,-0.0020921397978996,0.0031505663941344027,0.0031185843271018003,-0.0015534875577469,0.0006319180432606004,-0.012205532581883102,-0.0027030049766508003,0.0025430917336560013,-0.007248606277105798,0.008559509718323598,0.0018207216354760997,0.0017941045901082,0.0547792658751296,-0.0011361065456066003
-0.0009112427681102,0.0016478363235091001,-0.0008511818805931998,-0.0011265583355395004,0.004529524897300002,0.0031492904374740005,0.012526307822512201,0.0111929421109507,-0.0022819071136546,-0.0012272835228549998,0.0012274489684599,-0.00013091257036810036,0.0034801551350837003,0.00020301586369909994,0.0025187914027046,0.0009304537873909002,-0.0005194949146037002,-0.0011194672746481001,0.0014942687114141999,0.0050637630066596995,0.0079428107827973,-0.007030795032361202,0.014832523871998,0.003156823211312502,-0.0009431573410578972,0.0011928343617574,-0.0004468437278687997,0.0011846498950666001,0.0022480833178837004,-0.0008071855199448998,0.0033674546559847003,-0.06449294856235332
