0.668804263551516,0.019592297726664,0.000273310372840152,0.00861611627667773,0.0058651464905674,0.0445305968456836,0.0244532044835213,0.00959429941154997,0.0600628596517734,0.00096748569359586,0.00676880031410209,0.0124285328888091,0.00646984719267454,0.00436232043953285,0.00169189001416846,0.047136273176487,0.0111876889405264,0.00277395060545963,0.00106298986528138,0.00963083047975672,0.0119563911721136,0.0019310313877735,0.0052017097280539,0.00953420420014609,0.00578816334008793,0.00271834965012603,0.000977551009340482,0.00275628490100393,0.00105979209838773,0.000535875402711993,0.00495100172105788,0.00631694096800985
0.00181025408600615,0.510556259418968,0.00389325865970289,0.00587709754204206,0.00334372199600114,0.0570669139976327,0.155590808362094,0.0107560629947547,0.0460876502960075,0.000520290326636633,0.00987586340945898,0.0235289954879028,0.000883251515698612,0.00118401325694696,0.000587819668419088,0.0751799099653927,0.00934280047725584,0.00852814744059777,0.00161295913555225,0.00364476250560806,0.00377226733313875,0.000195429746955862,0.00145859973628372,0.0088747155359594,0.0364654406425885,0.00636791452425512,0.000692001211191875,0.000204552259866779,0.00910223358369702,0.000343488427882869,0.00104062938779611,0.00161188706770627
0.00389708529998149,0.0136462850074774,0.580847064584093,0.00167805397776673,0.0222610247474021,0.00180970580168889,0.0377888610055926,0.00138652474362406,0.00854882708741676,0.0021943234415471,0.0176173115403076,0.129001938911195,0.0127953760588884,0.00288645193459541,0.00207379952448545,0.00869422786658094,0.00347453531954992,0.00369882918795903,0.0156446275570671,0.00989398419454842,0.00682861272788405,0.00790363636660942,0.0108113247713159,0.014144508983666,0.00836410330439217,0.0315027649397449,0.00335819825834453,0.0107951767117263,0.0179357455823254,0.00131949972667904,0.00712609834290764,7.1492492637607e-05
0.000403290852418557,0.00104519490381454,0.00323830999372645,0.645432869497271,0.0572814705232691,0.00600144283970815,0.135362967891447,0.0345055830578483,0.00157864470884026,0.00533338685513481,0.00124463920247378,0.0082805827442316,0.00781525474649601,0.000943775664696099,0.000495944377630833,0.0317738027234252,2.72004078874966e-05,6.64773342100968e-05,0.00022477207795721,0.00139321840076524,0.00801956544046482,0.00105975089073088,0.00398374206772321,0.0151013055713213,0.000640992028303674,0.0135593842617067,0.000282404916964337,0.00455393272719152,0.00464437719003101,6.55382726615737e-05,0.00474586682137632,0.000894311008273528
0.00133958667697672,0.00105554968546924,0.00267255845837278,7.58315559367713e-05,0.546874551543076,0.0403255014789072,0.128052670495436,0.0022766894733455,0.00620547023930372,0.00282899194039676,0.00243217260487402,0.0489427595177696,0.00192414956199529,0.0038841881398269,0.000905437555363935,0.0736742002238555,3.42134444342468e-05,0.0029617447413228,0.01195152334711,0.0200044657535808,0.0238952627838951,0.00153886342863249,0.000878640254389748,0.00439488785398253,0.000547931398762646,0.0166586941733967,0.00338223160456349,0.0324232746099314,0.0158560381370902,0.000593087017645945,0.00127890391073251,0.000129928389623453
0.00265204896084691,0.000256298924583604,0.000163079654667162,0.0133864578608786,0.032624319824009,0.764671399037463,0.00413280036050329,0.0101735019933561,0.0129935625867487,0.00398466092031582,0.00682136558035294,0.0164202735249364,0.00354103668992829,0.000502601562786929,0.00412230632775354,0.0333584631660578,0.0014723727385408,0.0234003549745619,0.00417012358759121,0.000472234404023881,0.0139670205830489,0.00462101058966376,0.00412932198350422,0.0070681076966538,0.012528468782109,0.004821402925917,0.000158222751300991,0.00137547009776945,0.00038667524253601,0.000785259778905873,0.0102922243690021,0.000547552519683087
0.00552724112032966,0.00521570649013042,0.00165888774871105,0.0308753878365158,0.0759910918441473,0.002466568590121,0.796351880317881,0.00198380659558111,0.0146938913009818,0.0166146381822217,0.00732885247041561,0.00305790665258678,0.000611107613791623,0.000143969954482906,0.000386858470641968,0.0033561475824483,0.00188894416288591,0.00306220005317633,0.000411481498040169,0.00177708217411947,0.009780903243963,0.000541279300913606,0.00113817164107114,0.00579090773146924,0.00310064057597152,0.0026724966346069,0.00039002926247198,0.000250270224383676,0.000558243498681336,0.000290083468441075,0.00197885887246396,0.000104464886352443
0.00406610323392909,0.00188169371568135,0.00424778316130315,0.0389377798123398,0.0770204178434046,0.0360828355357432,0.00398882171768051,0.461534949948199,0.0646251125064242,0.00100082291676646,0.00672285788851056,0.159439332119332,0.0024581557925357,0.0065757960533559,0.000222944294051229,0.00277558507295407,0.00122074704514913,0.0160255145993786,0.00159804403859738,0.0109866831854143,0.00462907344009447,0.00526308142448464,0.00077459956248984,0.00387412129385756,0.0312843421495175,0.0117760354795158,0.00112177002670249,0.000878779914974338,0.0263637943860234,0.0028394014865029,0.00932075490891326,0.000462265446173602
0.00321341761816817,0.0162305579911979,0.00487716551815311,0.016395979234174,0.00527620720276431,0.0863111393786556,0.238281917649318,3.50379737421929e-05,0.436072682188922,0.00666863236935123,0.00695351007854412,0.0116095170622564,0.000502487530477039,0.000622783038322733,0.000324063499645422,0.131540186477263,0.00205807124705174,0.00231590284255227,0.000241879265716897,0.00415570189501463,0.00142913496214641,0.00052988017244542,0.00162288889749741,0.0065657896183289,0.000268407816657204,0.000998351809472965,0.000112864528583038,0.00419953869580101,0.00182134553432301,0.00108995038874357,0.00158445283421445,0.0060905546804972
3.37202808929511e-05,0.000282923520139762,0.000676612474233733,0.00789407783147693,0.00253430454579238,0.00489503093296756,0.00793545942936446,0.00512796790632309,0.00745437593521812,0.838674562281804,0.020474419175637,0.0219498505174294,0.00168052164401171,0.00085147253104335,0.00162852871301654,0.00717778324198648,0.000573876643862885,0.00343153909585605,0.00218549026414335,0.00108431999755331,0.00310951349599421,0.00524153992434916,0.00416676907795093,0.0036778937184668,0.00311898117976955,0.0194933537694922,0.000644984059548729,0.0123618186405001,0.00859201370873999,0.00155977651574,0.00146177388225989,2.47450644358412e-05
0.000136099212822907,0.000525114684178319,0.000448778952962493,0.0112695135169804,0.0472933216470279,0.0127991275197884,0.00915748178523248,0.00876673678991276,0.00973670522172867,0.0116222098549723,0.673991118080568,0.0512170171886328,0.000520611082565915,0.00176689960986113,0.00223812006134281,0.0197023811771527,0.00190844439123459,0.00139155578383101,0.0026959550929409,0.00493608406639662,0.00733740812291639,3.07726234010918e-06,0.00144631891609275,0.0195933949130206,0.0126575081897224,0.0115094289904272,0.00461393302907856,0.0218038255857098,0.0290874610212692,0.000904770535127989,0.0185999899093441,0.000319607804818013
0.00114829083242918,0.00289865369865315,0.000947744075942932,0.0694194167416425,0.0356193838887329,0.0420977211644508,0.016270467330959,0.0562204567513741,0.0199078516951483,0.0774878979216543,0.00541242252221751,0.552088043195911,0.00217282533103122,0.000393449774995341,0.00141234008885622,0.00958487385729047,0.00341255130555138,5.1710076154567e-05,0.00413398023317268,0.0139316114612986,0.00165475978684505,0.000102218945613163,0.00489777829848913,0.0168139257307087,0.00571993926060827,0.0293638427867321,0.0058772290210892,0.00150334671448474,0.0100321487061043,0.0016611158914247,0.00463708830259643,0.00312491460783831
0.00163748252402934,0.000648008014319878,0.0155798181691982,0.00156218600693254,0.0271340671693826,0.00272003489098998,0.00147188498896112,0.000751930723746413,0.0100263532244197,0.00339916952819705,0.00209001610757295,0.0298107545158885,0.767847122720868,0.000513821261073099,0.00494714075436531,0.000525995292624265,0.00415725023151217,1.49395299964418e-05,0.00557846297438293,0.0032540978809261,0.00119982806965308,0.00567120580636914,0.00281660604400555,0.00814380188126525,2.66193210994571e-05,0.0170758482798492,0.00126645933983602,0.0778785242511532,0.000634706496181547,0.000362326076545046,0.000815130302807427,0.000438407621849161
0.0036799053030354,0.000374876139652008,0.00429932692657808,0.00882463698272435,0.00316722610718143,0.00251545830860917,0.00488223634255135,0.000860097485689819,0.0196779016545533,0.0035866570701327,0.00788825897144186,0.046266779009637,0.00262893856946445,0.822007025730899,0.0111195784083115,0.0180274075918485,0.00101995210777371,0.0077620061268951,0.000799556017290736,0.000304807829306648,4.86538617860845e-05,0.00318886733381638,0.00395126823319359,0.00274246311601293,0.00314380742307973,0.000930897047549679,0.000509312216292245,0.00281653822182758,0.0110506115782551,0.000731589313997012,0.00119308376877607,2.75201837131208e-07
0.000223106890930806,0.000832917124496673,0.000654474926116817,0.00221398137011404,0.0582139310141317,0.000388205439632463,0.043895480866431,0.00203092720685148,0.0705888339463337,0.00442630087511551,0.011319667187253,0.0206320911836936,0.0305996705687701,0.00150026532119446,0.623042961481899,0.0419401354547485,0.0073827237996328,0.00853019348600252,0.000324201901442175,0.00471946288951492,0.00583130913304825,0.016081387207345,0.000518692253583215,0.00652717703899824,0.00653833337165831,0.00244044241231515,0.00110165823996316,0.0147074929468409,0.0082160984650659,0.00115760439328763,0.00224533406182372,0.00117493754176505
0.00278454674538456,0.00816788932180054,0.0030358787459248,0.0121658134249359,0.00487706367330161,0.0470571397730582,0.130647839855536,0.00106235020597503,0.026607504631796,0.00391042435705384,0.00191753638843679,0.000463449498125774,2.40450458128379e-05,0.000692724638660164,6.43711119143322e-05,0.740254517029514,0.00133024447423475,0.000552481754437424,0.00074955232060665,0.00216055035700681,0.000166024954915526,0.00118527637355287,0.000441244019534256,0.00282602359828249,0.00460569836766186,0.000128816282390867,0.000717468950055086,9.88130118694391e-05,0.000510586045894465,0.000203433667522258,0.000585758605681508,4.93276912289662e-06
0.01477665594796,0.000772614678276314,0.00500072547462317,0.00571396293685709,0.00396018218302571,0.0182564545356469,0.0314221410287385,0.00382751022225406,0.0281583772816137,0.000770276983137169,0.00255548448726648,0.0182392965621425,0.00623072362381227,0.00147485308489276,0.00105435745303262,0.00846498914795065,0.7641249857041,0.0276678918176524,0.00072233352034743,0.00140358623213927,0.00390582402021272,0.00579627212580906,0.00130890826651759,0.0154293089290164,0.00108350618328687,0.000312879323668568,0.0089064208692598,0.0038742356935255,0.000353757417632414,0.00118886919911215,0.00567904016495022,0.00756357490153994
0.000240158372221301,0.0044907695231718,0.00143175310946561,0.0028727183235445,0.00543959769154268,0.0151466981033401,0.0114404576007767,0.00259897915666847,0.0119770142268709,0.00287590145505934,0.00512900268887003,0.00208649976330169,3.17629351208218e-05,0.00364778754760117,0.00277370798549751,0.0200803856165328,0.00732615263793141,0.761261022599964,0.00180448055406262,0.00147440472803521,0.0335005068879918,0.0139126192369659,0.0203430303714912,0.0346559577656369,5.1373472899544e-05,0.00188308530159129,0.00327582184993477,0.00104487750496731,0.00686792311652628,0.00187727677179118,0.000134387892770646,0.018323885207854
5.05758695540667e-05,0.00423487465415789,0.00460958235853728,0.00766219909805846,0.00458356916209486,0.0271948107008999,0.0268286224478798,0.00855751941729341,0.013062307751034,0.000189734304646323,0.00972165010737303,0.0409791696967803,0.00536054801086603,0.00128260157738379,0.00111807252587953,0.0179229670117529,0.000447968485145084,0.00351722317674936,0.74144261981519,0.00632178277536016,0.0077522515059713,0.00839854715902059,0.0141883773415759,0.00376312598468367,0.00065147572876872,0.00133179903223412,0.00355640916016433,0.011534571351075,0.00352923170011801,3.95287052136096e-05,0.0189638299044058,0.00120245348013278
5.26180811113474e-05,0.00158126362539076,0.00210754191727751,0.00479189855554598,0.0101838988255858,0.0115307901201913,0.00751855926777213,0.0224360285417299,0.00384653113940976,0.00136235168939236,0.0215033517551246,0.0688651076029936,0.000125176889109335,0.00115028370404555,0.00282551156871352,0.0024925617595695,0.000713092535886395,0.00456421030258189,0.00281810662711528,0.680059536745914,0.00317018798161506,0.00717815777201314,0.0136057967264438,0.0175106539157353,0.000322594837140181,0.0307718157331289,0.00374513177613703,0.00102092414369594,0.0119727651688826,0.000145315514694352,0.0596027349878581,0.000425500188194729
0.0152012285945494,0.00875990559880594,0.00204141445638212,0.00070299314559201,0.00622168984606821,0.0044000139653358,0.00983405991856962,0.00284095459043846,0.00638339774272922,0.00336712936991223,0.00295661628649912,0.0108177663714951,0.00017309337855834,0.00104939699633242,0.00169118709227786,0.0254589165697736,0.00155440196504562,0.000740793801852976,0.00099853802071717,0.000100528782187988,0.753941446489356,0.00110979692942575,0.0168096591931341,0.00149978995252257,0.00772404816020468,0.048649145003705,0.0163669570338652,0.0038080355842,0.0043570979900725,0.00104248628036325,0.0217380668231758,0.0176594440668518
0.00835031531203311,0.00070972453251786,0.00086751169985745,0.00220588376982855,0.00697625425402979,0.0213463811972269,0.110793742760043,0.000998776144325591,0.0489800450857378,0.00076384535984667,0.0064178142969189,0.00513623020411521,0.000698954922101972,0.00164300268546872,0.00525523249975643,0.120071411316961,0.0135854180719284,0.011258029536937,0.00475131152374294,0.00996704353787468,0.000458147614253701,0.583623771938573,0.0119044238577867,0.00720050229682868,0.0016063012981025,0.000286225881464766,0.00516137020202481,0.00242741873254426,0.00117310399391799,0.000351427235251432,0.0042340567193847,0.000796321518615324
0.00604810284790974,0.01354777049563,0.000322358646992194,0.00386462675530442,0.026137780019273,0.0371288644043786,0.164193192726977,0.0111111127519088,0.0324964749861986,0.00047320406047118,0.00074668824929329,0.00639803022210135,1.96153510468356e-05,0.000501272389439475,0.00513940417334157,0.0537434064999545,0.0103638675975247,0.00406352077306376,0.00312317564701235,0.0125370120485054,0.00305280969474741,0.00558270560823673,0.533607721124665,0.00292447945164268,0.00317674882692629,0.0197871215529277,0.00777421520868803,0.00527780756504022,0.0144956321758684,0.000448842777829611,0.011379866900047,0.000532568467053588
0.000147935346000844,0.000261730210208271,0.00172590678021045,0.00161710565902077,0.0136520594248638,0.00142496093691345,0.00517314793504822,0.0015513252579444,0.00459897470597756,0.0003295644429087,0.00943143352604369,0.0199156670785299,0.000169403303257938,0.000250150632568618,1.89236405084647e-05,0.00172164071268099,0.00100122394068453,0.00298703958214915,0.000869722891139656,0.000464667080675837,0.0436013983204247,0.0032117817171758,0.00265224006060221,0.77869685935652,0.000955060960151454,0.0668499241275902,0.00334222817784974,0.000797524270127534,0.00565495253610571,0.00011450882180377,0.0263890134640092,0.000421925100304316
0.00805794869012117,0.0323224564032657,0.000135109646119286,0.00557183299529734,0.00733176305278348,0.00389182457032196,0.0386509244211273,0.00616434991348492,0.0880044688006582,0.00132614132008907,0.00448369162433797,0.00281192303776072,0.000156074445166176,0.000527030978941607,0.00730325743858318,0.0347642709614518,0.00252556761444564,0.0332235367127307,0.00158193634594328,0.00180054734607177,0.0313289364329498,0.0025742089753904,0.0508652155311983,0.0315232446223607,0.560100952034484,0.0109637342272929,0.00146318213873871,0.0015986483319651,0.00306093963325225,0.00177605307910715,0.000481217845365188,0.0236290108291941
0.00632640457447447,0.000397161273294269,0.00401574828980563,0.0197674224394399,0.0125410218988768,0.00052383502459276,0.022204479038905,0.00289910773927908,0.00657157884549655,0.0297760557656234,0.00895173531305547,0.0131868279019091,0.0148152151990207,0.000647591792179203,0.000428014451084861,0.0111346765097722,0.00110827618888416,0.000868258746762309,0.000892574241930734,0.00313655198568073,0.00123016114421517,0.00886241412065536,0.00769723036803468,0.010785922018648,0.0194916129266749,0.662385546300695,0.0281092952246621,0.00451716866544903,0.0600569563433376,0.00187086561349376,0.0334690794149616,0.00133121063910573
0.00128745032150677,0.000339211861844647,0.000388646098073446,0.00544390452970594,0.00164963523586408,0.00242358663283714,0.0222170563896305,0.0062833638647707,0.00622160772807013,0.00649211069471136,0.00912160504064147,0.0473765516823764,0.00355587879640365,0.000264179773573857,0.000205323526668161,0.00214884531718691,0.00345706406390188,0.00111064627059827,0.0105260994717709,0.00167001718674608,0.100398223236088,0.016363595312546,0.00657159894999352,0.0396125205885539,0.00204975150203815,0.00329548224185684,0.678851686860726,0.00452433038837993,0.00393839924563509,0.00244194734017371,0.00842120841917956,0.0013484714279474
0.00230044933102718,0.00254033289394784,0.00255308128469536,0.0157714278737049,0.00223804979175817,0.0216300304889689,0.0158592390869021,0.0313839325879013,0.00627108413230308,0.0309758119627616,0.00290037204556114,0.0252389113504413,0.00258322704388087,0.000990724310282695,0.00962606973334216,0.0121752351048719,3.58904396189499e-06,0.000810239237341743,0.00428256719677892,0.00948008990802014,0.0123894275323361,0.000192752900855211,0.00833598185505715,0.000688729917238696,0.00148238866468642,0.0120729829712527,0.00767180159501504,0.736432992267135,0.018802752148975,0.0003713401554706,0.00137295284227115,0.00057143274125313
0.000162063021442061,0.00334803996663925,0.00186636006902784,0.0492477960518923,0.00401369711209631,0.0271884742440758,0.0273630611772413,0.0365594986603835,0.00170478362083975,0.0395489532599163,0.0201468582681574,0.0146857234462218,3.85026584594251e-05,0.000124278072754391,0.000877806684498953,0.000433936006875843,0.00156310515846858,5.93686520077854e-05,0.00716195300035933,0.00513821046364759,0.000632597712397279,0.00261670193434631,0.000415549596900588,0.0300316041502226,0.00112666958490236,0.0053672887922279,0.00594257771421809,0.0136141850052193,0.684467837316515,0.00127284650214815,0.0130890043696049,0.000190667726292257
0.000292243324482953,0.00259765570412984,0.000113198633704686,0.00407525146761803,0.00522004412188499,0.00204148970475134,0.00489937549108199,0.0131619020249395,0.0280221799684157,0.00213161639016916,0.00264785291106784,0.110670215483719,0.00126175814764254,0.000167432021299904,0.000174192629352124,0.00289153666590693,0.00231362226726519,0.00194877249612667,0.00281877254172334,0.0192157517469425,0.00209001065144388,0.00134953790153927,0.000861728010003791,0.0129403867296764,0.00628129627079454,0.0385457030171477,0.0139860203212112,0.0270812512421406,0.0141872937056853,0.675617196193539,2.16029668844412e-06,0.000392551917905399
0.00466911012980245,0.00849456525476378,0.000544905208184815,0.0116016965461104,0.00407596698651549,0.0145672264025373,0.0144738641311433,0.0151215048095475,0.00012857032144336,0.00969057145482566,0.00986560298281184,0.0500884584817057,0.000424350299735752,6.35563059694807e-05,0.000696238188957604,0.00130109029367334,0.00106227144015095,0.00250178340550633,0.0143696498455443,0.00367325118076133,0.00388616120898844,0.00411618830186334,0.0034359737737274,0.0112058550338553,0.00662913780978115,0.0266484851065412,0.00296376012521019,0.0349477754744766,0.00018191979663485,0.000394475457257418,0.738058167077951,0.000117867164021963
0.00363835496808131,0.0149318757521784,0.00191771589576769,0.0120581611899861,0.00601826615703307,0.00101659926298626,0.0306613568357563,0.0115896419445026,0.00443580817195422,0.00891880749343875,0.0141116077254124,0.00788849515361257,0.000876078234336592,0.000832532431760667,0.00391301329030579,0.0397723017166657,0.00189402680288177,0.00816455775909158,0.00191947725795657,0.0155555689603635,0.00150540429494928,0.00766331704672721,0.0733977379644125,0.021098265099028,0.0152088086466137,0.0177525914502804,0.0109908380737952,4.83559307512865e-05,0.00133370849536842,0.000437626875133757,0.00124199044560096,0.659207108673267
