0.753943432944499,0.0203506563815153,0.0032198402443852,0.0114879570247916,0.00540178222669765,0.0251782380478234,0.0316251636456849,0.0145476544782431,0.011512607620121,0.00254041819371681,0.00842558561608121,0.00468838095940518,0.000965162714504099,0.00496008653151336,0.00218615106244414,0.0116861813166807,0.021680007609138,0.0272757569348201,0.00181525525925409,0.00361594467933235,0.00671487441380952,0.00198699102472131,0.000142312919885761,0.00161105292968696,0.00568103279604454,0.00278935162429881,0.0017031560760249,0.00446497760263604,0.00231981709372691,1.45800272792275e-05,0.00262147818601809,0.00284411181521657
1.82394707505882e-05,0.81652391066806,0.0103330835226893,0.00909603759372172,0.00124376437239509,0.0138050651159744,0.0216513157304022,0.0241403222399448,0.0118676296123756,0.00054144071589112,0.00187167262061166,0.00192129292899549,0.000460664751222683,0.000423009575573043,0.000316549801200441,0.00547602466012495,0.0100335513480147,0.0128465669646953,0.001203371512517,0.00275746563939686,0.00298026646958336,0.00690156474792954,0.000299893765517553,0.00237571967981223,0.0319950946889932,0.00116480056646581,0.000730271701051675,0.00146193012996255,0.00320309770228649,0.000739703625849351,0.000141881401296012,0.00147479667669571
0.00491785222564153,0.00272965836337563,0.689774172853389,0.00783314848046834,0.0285958616541647,0.0192806475411646,0.0913602962141766,0.00235653343874609,0.00283661749214998,0.0055540962846742,0.0059279993108376,0.0154012045063877,0.0169336091969958,0.00328556260686353,0.000868451808793514,0.0535228772233849,0.00177536889656239,0.0020617889897036,0.00603153002471161,0.000663845233313432,0.000344006675604013,0.00207417565379774,0.0131057649842285,0.000704325084673748,0.0027083994352757,0.00483849106397371,0.000463874448271287,0.00362488575304503,0.0039790237371651,0.000957306584242249,0.00507832592769477,0.000410298306523951
0.00755956332421442,0.00437475716630817,0.00380515012162149,0.439895459756277,0.098938387254277,0.00663963690471473,0.204151386278104,0.0100140068825177,0.00482847541566529,0.0119507949514529,0.00365167192371028,0.0446649357009226,0.0111100710137759,0.00609269192847836,0.00371113192624902,0.0551688687485584,0.000838286335205966,0.00488928777373425,0.00261696981888486,0.00079744496177831,0.00241172343661064,3.32657547756275e-05,0.00350111587865301,0.0100912700187484,0.00346883107600584,0.00769990162525033,0.0102704900794455,0.0228950683206146,0.0106985758947162,9.79697049054913e-05,0.00268048848358707,0.000452321540236573
0.00343251951006094,0.00452110233104832,0.00194851893961193,0.0055129686060593,0.679720789858103,0.0265532849613072,0.110889214960708,0.000224684271372339,0.0251276412623228,0.00696260383739128,0.00113385103486417,0.00135863768343065,0.000318169150212426,0.000704807176506575,0.00238892917166475,0.0810653469087256,0.00334236626567703,0.000482556726266121,0.00227885565830163,0.00483866980060179,0.000852231151012549,0.00108726607222732,0.00922283338796191,0.00933657931064726,0.000300633697606619,0.00445252714794918,0.00685783351376493,0.00299547092137317,0.00180036670503788,0.00013615893549141,9.30404782003026e-05,5.95405644910118e-05
0.00232527809821236,0.000990633652090015,0.00371038055757449,0.0360887294728588,0.017461872767033,0.551735029328218,0.00473626413361783,0.0682462470207248,0.0782988303252296,0.0134483353661817,0.00031946862128071,0.00470148092238718,0.00546590004869183,0.00160453309671122,0.00528703694571289,0.163614675080669,0.000608491352108486,0.00752090412817616,0.00139046654867641,0.00121808011731163,0.00532920097586768,0.000147077554531141,0.00133288707572595,0.00129543562752351,0.0114391660619119,0.000537589438240891,0.00654383986652397,0.000129626796564061,0.000385143590965169,0.000365833970651555,0.00100485266788128,0.00271670879014732
0.0411265700352554,0.0206765324883847,0.00114032972715713,0.0842031239816164,0.0968950227852199,0.05161914268503,0.42785117501466,0.0255373113211643,0.00613410043330326,0.0273949864216291,0.00423278047808308,0.00288536900714027,0.00725981556412288,0.00197180205331546,0.00762347026575074,0.0794323919538527,0.0012328690276463,0.0195194327453029,0.000982486785478362,0.00207859656027249,0.0164115456554531,0.000514459828067746,0.029222697941189,0.00786148436337456,0.0148791176497595,0.00104633621429708,0.01107669156479,0.0026538792861981,0.00130642591171454,0.00106372348649466,0.00186819505502946,0.00229813370924698
0.00185535902913311,0.00417185714565657,0.00975644370585684,0.011063218430184,0.0577812773003851,0.036341942172565,0.0443338391955554,0.573686817982115,0.0307918342762294,0.0169538137376972,0.00300666644302191,0.0523670953866894,0.0011283059484082,0.0161320996785643,0.00770930479570194,0.0161034668013718,0.000920762857055035,0.00646098589005304,0.00555557099113783,0.0019295292044524,0.00113959566921529,0.00133623155352697,0.0019751480772391,0.0030456277929563,0.00940199832590119,0.0150095123711267,0.0160995252920977,0.0179769717516587,0.0282919686511415,0.000213261089792342,8.92464804028601e-05,0.00737072197310838
0.0149987925319738,0.0168447072230547,0.000911939705161897,0.0252223209348624,0.0137069727122356,0.059329484083869,0.103834123656386,0.00616812401817363,0.554237979658162,0.00681278765260234,0.00376776141031426,0.000836768080615807,0.00232168207506443,9.5330674170176e-05,0.000649461770642628,0.100335410808504,0.000915603409601001,0.0183765868031344,0.000627570787807184,0.00496360413785114,0.0060759709496901,0.00497940912492882,0.00810826746307313,0.0183592481193186,0.0113420682906846,0.0022498966092676,5.29917900697944e-05,0.0043150180168667,0.000921249296841352,0.000776663477372011,0.00259240418202805,0.00526980054567296
0.00730837978798892,0.00444306652071731,0.00190213523743586,0.0287611397376615,0.0508913007793193,0.00849520891746037,0.0735310078344542,0.00876466972291085,0.0181269709297376,0.56087290358329,0.00825912944295128,0.0797196838794227,0.00559366033941897,0.00409380684732293,0.00674602097835051,0.037798986609538,0.00082496438311405,0.00334023630071594,0.0081935122894634,0.00195329819473887,0.00366495034453128,0.000257085498071359,0.00638875121687266,0.00799379543252586,0.00224777321528865,0.00952019008638173,0.00341520195288615,0.00431364424375639,0.0398764522084059,0.000427316399326645,9.11372822621787e-05,0.00218361980367849
0.00628527368415691,0.00833425384927086,0.00145095234208726,0.0125530887798082,0.0523904820064691,0.01354040767911,0.0450349269970484,0.0458302259971772,0.0272560741490719,0.0267524618644495,0.432976093093481,0.0332866571755472,0.000895207903163165,0.00230721853313632,0.0079902965470711,0.0214263214608498,0.00321203233746846,0.00439114847417806,0.00225916874023029,0.00498197811439369,0.0103971261068287,0.00189041276986686,0.00656930226886218,0.0473143855435115,0.0244118595675429,0.0726045095683095,0.00579752475321818,0.00509217749497612,0.0620917741880768,0.00043543562792071,0.00249835949604825,0.00774286288667028
0.00154282945186152,0.00211764932057024,8.98666355181139e-05,0.0130249194938887,0.0628313567286049,0.0259961276448395,0.0867568039589139,0.00944456346670484,0.0185801328191828,0.0262067741198462,0.00440662224165038,0.533316880968855,0.00255065048370219,0.00330099697296528,0.00636990510543375,0.0545538271775309,0.00287533820578575,0.00959835668392141,0.00405995118795092,0.013828013078364,0.0167137292631497,0.00342502466319765,0.0011208557099069,0.0253005845321902,0.00656308682269913,0.0268968592724269,0.00769433390493099,0.0023531591734193,0.0162027533281961,0.000638958346120036,0.011305850198955,0.000333239038717276
0.00232553735221645,0.000785943278080204,0.0152509777100968,0.0126329773778058,0.0910015022673412,0.00434430079404545,0.0640568306618908,0.000870605725741945,0.00364236430029577,0.0296046650961352,0.0127108165043447,0.0043000181341906,0.510517351045213,0.00338739863244393,0.0707483265992872,0.011254609912915,0.00243580958308411,0.000304952963680768,0.017982641662957,2.40089658930745e-05,0.0106975119657733,0.000599575796561666,0.0036362443668326,0.0142117252172234,0.00383933053067974,0.0405251367614269,0.00806995788993661,0.013547925000657,0.0381571502043156,0.00123829285180288,0.00628164211854817,0.00101386872858328
0.00511802889756061,0.00123362719296583,0.00145582641239994,0.0106689655609036,0.0076411230971263,0.00153186539970805,0.00220108088740242,0.0153097828495535,0.0174473097908983,0.00769307945631116,0.000660345500663714,0.0189134177200855,0.0143112992515563,0.737947687439087,0.0498880684608937,0.0348720573139244,0.00132912990021921,0.00401584429437359,0.000197749953769468,0.000967985019849559,0.000211753919032726,0.00187612502578726,0.0269165733914948,0.00176733951261406,0.00176660743834581,0.00671859939834321,0.00746565042084646,0.00138016353868375,0.0122937146719338,0.00255349679208117,0.00216236984427215,0.00148333164731234
0.00128681888539265,0.00246746929279433,0.00127763228781631,0.000535592873961526,0.0384286842608568,0.00672892647304339,0.094915335569249,0.000823653075757238,0.0435972296459949,0.00172369802487385,0.0261528997588623,0.0551144288138821,0.0156560832413673,0.00369379766492902,0.557051324251529,0.102205153909995,0.00171480217779053,0.00608967903568062,0.0011178134518915,0.00163774545148427,0.00467004246869665,0.000858662437051396,0.00441031038647288,0.00311080082620581,0.00872887283776149,0.00058064091055907,0.00183095685518516,0.00517885815524642,0.00394865844561161,0.00229379757053607,0.00192184030993036,0.000247790649592109
0.0354445883923245,0.0342073442229689,0.00319715114621594,0.0256702087265392,0.0716062972289042,0.0606978030898342,0.219064110232759,0.00439437190298175,0.191521852874284,0.00717204790614228,0.00161968244180971,0.000594448662675088,0.00118965076084828,9.0689584794664e-05,0.000623633696055465,0.270655109833529,0.00257640416232385,0.0117792093561069,0.000655449701887132,0.00675208974664399,0.00155727094923508,0.00151052423779611,0.0114376977667266,0.0203323394917373,0.00214947059766722,0.00311441779774985,1.64676396690038e-05,0.00149212599999329,0.00159372317676036,0.000666276471104118,0.0022116541439876,0.00440588805794546
0.0287075497841638,0.00370832265857746,0.00303211052426907,0.00241835955003267,0.00289193646349991,0.00639951845245922,0.00671972982099985,0.00319155766632209,0.0374865233467014,0.000148515742718671,0.00733918348221457,0.0123916384639137,0.000800394235575119,0.00127891823373305,0.000433076134604092,0.0169508995903926,0.764462082606514,0.0201203410173082,0.000868839458209999,0.00667651035016111,0.00290494484575391,0.0228867222982289,0.0112838824956153,0.00688216004713051,0.0091998240601156,0.000877285468125489,0.00129604796255453,0.00186851505520204,0.00618871644191088,0.00108390373795737,0.00356211561802286,0.00593987438701178
0.00334110742110728,0.00382486197386485,0.000256697756929091,0.00092910982221665,0.00578917207618673,0.00765937650084795,0.0101370174095283,0.00763684239373403,0.000718257506364005,0.00202728541544646,0.00258377811452771,0.00268717138178857,7.5734404749267e-05,0.000482176414801746,0.00153802124373655,0.00104141110835344,0.00384074616846433,0.736621940908114,0.000336242277935158,0.0320775290941411,0.0252705497557816,0.00832837189054694,0.0176408379687934,0.0787351666643238,0.00736325889745628,0.0244215238500093,0.00179875952225676,0.00329420818739538,0.000700912666303099,0.00197905370526991,0.000322974665419764,0.00653990283360699
0.00166120214033225,0.00509352237668903,0.00841612142918116,0.00164108235078869,0.00380126120010021,0.00512079105250226,0.0377460092238751,0.00999743109177729,0.0158226759189372,0.00377260623379269,0.00284861275471646,0.00465763973548972,0.0013727943585489,0.000261352577420432,0.00134393568915763,0.0125857870051865,0.00159772490571219,0.000990179745223956,0.81475754106074,0.00527803648119445,0.00571125849664501,0.00587238360658218,0.00360376537048549,0.00857720493244783,0.00240366862828998,0.0067478056267896,0.00590611347615027,0.00938804529928848,0.000692591512004313,0.00139951487119504,0.0086644946426916,0.00226684620606401
0.000625094878858695,0.00226458212392549,0.00143135672568547,0.0045082756444236,0.00342764475856882,0.00948424737142489,0.0268403694822935,0.00306502775659351,0.00648088601620232,0.00237152871942711,0.00285977131815969,0.0138799910065155,0.000397595503554708,2.04408951867074e-05,0.000937806528477828,0.0113778025591088,0.00142621262121711,0.00131339411741502,0.0143056908718492,0.719158802260558,0.0129819629685074,0.00194329239115451,0.00206310080176723,0.037830482574374,0.00481452482080132,0.0278701584495785,0.0432750577588632,0.00799217074370688,0.0219734956842868,0.00144291475889073,0.0108186016585669,0.000817716230056507
0.00120396046144749,0.00362073936903192,0.000561647374539926,0.00278302000976827,0.00235810763303709,0.00426090198691975,0.00319457413251898,0.000877115077802121,0.0292630671710785,0.00599652381876875,0.012193484976443,0.0657547276731567,0.00079601563500111,0.000539892483818444,0.00780431198928507,0.00929367291569875,0.00673651739510645,0.00662143656515029,0.0057322585054065,0.02591994606598,0.608318174950244,0.00352384555529938,0.0214310250600967,0.0131381663641331,0.0017318093776376,0.0355005073583761,0.0400150124059137,0.00642297306015522,0.0473443649095795,0.00038909067287471,0.010410735893972,0.016262373151759
0.00566480032127362,0.00356994901254616,0.000184878460717415,0.000728164381186395,0.00289219725464689,0.00429221668174559,0.0451235608457635,0.00371788545327229,0.116886073881296,0.000292889402613859,0.000109643926743873,0.00346906419750441,0.000128222049953449,0.00150974717752224,0.00877501303721355,0.0298318109814473,0.0185924133788375,0.0102217985640972,0.0355952336276761,0.0159730691678982,0.000778960187697015,0.60250307946565,0.0478499703331284,0.0266647062776517,0.00129975410460613,0.00220755909382642,0.00647034473738906,0.00056889507264424,0.00128038813374627,0.000421109970516412,5.26310676514534e-05,0.00234396975153832
0.00661512758993583,0.00972042354454309,0.000197469654635227,0.00278415592112989,5.85458699582437e-07,0.00208155550030471,0.000468055806660745,0.00140760220122011,0.0153562831588287,0.00500401123209532,0.00147874324718957,0.04507423004929,0.000605260706899308,0.000405811996461806,0.000298534889465286,0.0226712849061695,0.00623271362959672,9.7150175777792e-05,0.0161725710590516,0.0556579151582988,0.00594625298002244,0.0118914943358374,0.615337228445618,0.064540429199511,0.00211968771288674,0.0251414830824298,0.0431456945983622,0.0038565134631296,0.0310041895431516,0.00124185378647735,0.002767624588675,0.000678062377645547
0.00281466610427333,0.00417960463413008,0.00226868826933383,0.0011251905705471,0.00502504954038305,0.00448947785804799,0.0087490112158925,0.00217006895901179,0.0287030047613739,0.000755448894703829,0.0167808474192509,0.086745901110386,8.81771488185975e-05,0.000402131858170925,0.00600466469302394,0.00145763738990316,0.0038619153622606,0.00206339304588206,0.017399546093485,0.0129961944435006,0.0267940611208125,0.00713904372263995,0.00935511837540684,0.55080305982624,0.00608418318003154,0.0746258227584704,0.0228265603196379,0.00698138512690729,0.0609877889566256,0.000583866774041301,0.0233989926667002,0.00233949780010712
0.0343126907718766,0.0810138245765666,0.00874853807697591,0.00288656798595666,0.0026633345060124,0.0274633775442119,0.0640989808507453,0.000993869904159411,0.0848313894323078,0.00252377441540861,0.00335247056879779,0.00772941395350268,0.00337914989384343,0.000285045961230515,0.00637956768083365,0.0330234615606263,0.00222196934852912,0.0269673949017416,0.00243630176316669,0.0249918652026961,0.0198530967647935,0.0193572101438991,0.113727136420736,0.0284820053840654,0.351390302171888,0.000178369751709294,0.00399864940607202,0.00655751596632219,0.0146691999945708,0.00256382773202625,0.00503969320803254,0.0138800041566956
0.00196727900564641,0.00248509730770041,0.00179653019073458,0.00589785685405337,0.00139099774277272,0.00152868729532337,0.0016495865348158,0.00652464168403246,0.00702224465977306,0.0106713882679136,0.00501649983353156,0.0372837819476333,0.00432939838066171,0.000557636029030627,0.000653068393576658,0.00512198169733284,0.000252777881820274,0.00725175267912528,0.00466854691165684,0.0285606557616207,0.00190863845366832,0.00995999225393114,0.0098700869548322,0.013651190904991,0.0324238049106266,0.711399231399329,0.0253157012767036,0.0115896759304189,0.0249681432983024,0.000729156032182498,0.0207291724540105,0.00282479707224831
0.000288918113519927,0.00113642092188269,0.00169697892217231,0.000399771222620638,0.00701649479255191,0.00704914814259189,0.0298472711903,0.00590734190581041,0.0184854080506555,0.00440945371958309,0.0488450836663735,0.144034673996878,0.00910107237482409,0.00217032960281384,0.000497804154359229,0.0136214240456364,0.00127256431631496,0.00141584311602741,0.0105370617873091,0.0130352229710155,0.0183466766853416,0.0154682517313941,0.124810450607552,0.0130242351179149,0.0070543430202849,0.0194037952286525,0.420371540882154,0.00422992461752419,0.0179068376102833,0.000230569022676757,0.035527490486999,0.00285759797598163
0.00251330858558306,0.00173426089405185,0.00200747947746726,0.0160236048931222,0.047913559248843,0.0356425179849073,0.0766966084686736,0.010028298247128,0.0107061351135132,0.0314083987688866,0.001969385515762,0.0215981356662794,0.00730452806386208,0.00729338231951791,0.0167103498897347,0.0418513699475722,0.000658145440454628,0.0067007637850527,0.000655699772513826,0.0223595177469495,0.01555022306065,0.00961396998823951,0.00159518898913699,0.0168347147637031,0.00484768962252717,0.0146195937526437,0.000607708020910918,0.541580921906358,0.0195570103274513,0.00308014131829624,0.00986135440543603,0.000476034014772224
0.000863049364961293,7.30821734157419e-05,0.00126319947240736,0.00958975110689994,0.0139332075527,0.00338007098813395,0.00252182394512155,0.0123232584734719,0.000794234107916354,0.00441244183439636,0.0238523065041976,0.125879733603115,0.000216011456210932,0.000270012839879072,0.000242828784473982,0.00217958669516089,0.00103483207480408,0.00273187166264899,0.0235153193354611,0.0254461177155345,0.00296450480479998,0.0091299186670345,0.00182179329999485,0.0284206056115598,0.00465461127864506,0.0132036799339199,0.0202945740743798,0.0472470682881552,0.570501891660543,0.00159977307949334,0.0392280195064633,0.00641082010410021
0.000780147040960324,0.000377812266667286,0.00129040441346546,0.0086233858437439,0.00568459857567786,0.0014782147728076,0.00113572604439381,0.00254098807437617,0.0114252409547703,0.00618552547883567,0.00953946282113339,0.00238532239550943,0.00382596690248283,0.00262773288211716,0.00648463306213988,0.00867870693742454,0.0023430861430074,0.00581062751308824,0.00106084887557775,0.000849133254156948,0.00307893609092765,0.0021635442228157,0.00902451680689988,0.00801457924352256,0.00750530186157952,0.0483661065458605,0.00803764823742796,0.00138761936192349,0.00136302012276321,0.810243313648516,0.0142139880357901,0.00347386156963759
0.00176541608344481,0.00334922294540441,0.00269315882295782,0.00224226453576936,0.002596525905363,0.00443325292924082,0.0278910128414684,0.000833352916520527,0.00191082780749078,0.00053241362317571,0.00309171295411402,0.023183663350207,0.0015648344328174,0.000206365902744671,0.00376414652112479,0.00603891254272476,0.000408037962346154,0.00493522177943914,0.0403613218293563,0.0346602307356476,0.00901750877108679,0.00663112208925929,0.00137147660859331,0.0349075694595489,0.00794529163365527,0.0590835656593086,0.018867999211525,0.0280585721364123,0.0044045504036548,0.00179903439390737,0.658665006341524,0.00278640687016719
0.0127539166508786,0.0185960965637939,0.000965111573751356,0.00240334425375006,0.00413117740609666,0.00669910372673847,0.0218463624773293,0.00214031045701153,0.0436402047686746,0.000106697498889025,0.000149831555549429,0.0111854274095462,0.0020760838156333,0.00035268044628872,0.00608490384276507,0.011978369575111,0.00217021885781542,0.0101273636720299,0.000374113941576831,0.016281408989744,0.0209192404089746,0.00922582798676481,0.0174644916790991,0.0140678796019286,0.0308843375075753,0.00137610333513483,0.00359621448131302,0.00297623258269206,0.0208090445175551,0.00017197071912392,0.00354683083739778,0.700899098859467
