0.677867147973679,0.00566363669806176,0.00680758618466201,0.0261370180346683,0.00596642327019261,0.0016777871982188,0.0197251679655865,0.0101641465723375,0.0173745846833091,0.00662669283849254,0.0100287538290473,0.00946713629600071,0.00245238955690202,0.00354012947428679,0.00282294719404536,0.0697161006238436,0.0114728826611148,0.017405543852011,0.00050535104464381,0.00558456632375742,0.0231080586531701,0.00893845126365669,0.00242859706566558,0.0163429373024915,0.0178454802747731,0.0062876875929646,0.00224276463999285,0.00397581410805988,0.00217236120100709,2.84586012532505e-05,0.00544291673359189,0.000180480288512474
0.0273745197861098,0.46303709947698,0.0300939895284808,0.00201465225765622,0.0150403634439875,0.0140635499287914,0.00223929879552298,0.0106509460659132,0.153630643381427,0.000693108276780962,0.00232234497259994,0.000254569493692785,0.000142695815922304,0.000891907915219663,0.000103997861745041,0.160481333558792,0.00639242143855417,0.0144839875157376,0.0011085417506157,0.00143098513432505,0.00129272266687386,0.00223569930812605,0.0141125818628262,0.0124262051253418,0.0507011726646645,0.00379981519515938,0.000959211344485322,0.000473366641410709,0.000749943279878589,0.000185710951082837,0.00022296270652977,0.00638965185476601
0.0169782486806939,0.0126754367989828,0.732709404726955,0.0079435542174139,0.0130509764789961,0.0120271867491781,0.0333998542416983,0.00167370207489956,0.0151108444186299,0.00305862189256506,0.0034850437085292,0.000287982316440494,0.0156547393978551,0.00145787199385706,0.000556026168331499,0.0520388580313663,0.00308597281457721,0.0145725203057196,0.00441394600619738,0.000158756206756194,0.0029139407928981,0.00157007803895653,0.0156491531897614,0.00747401332894975,0.00386632722589432,0.0104578594376237,0.0016175779059055,0.00450731189711769,0.000154943984703741,0.00367154562787637,0.00288637145414783,0.000891329886522163
0.0035282950968998,0.00332461134415143,0.0081294666322761,0.544957532976352,0.0481340126364435,0.00464941085810198,0.0638250399383821,0.0765494946200631,0.00484693511251011,0.0107914404812473,0.00177398886453098,0.0714219665468976,0.0103323276281082,0.0137862807387887,0.00523910439079835,0.0224038200944758,0.00211263246651716,0.00933353954080303,0.00951121886511701,0.0015488010625574,6.1500855494028e-05,0.000255769810328054,0.000363672440428633,0.00313771402065082,0.000812906799008649,0.00434956586716866,0.0184377010401976,0.0379044463027595,0.015672374914801,0.000167773294039879,0.000889267551316046,0.00174738720878502
0.0021042248091915,0.002823368829876,0.00316961166936351,0.00515702427317137,0.698265674044181,0.0441131820957905,0.0941779222096321,0.00169753554553887,0.0234411327760291,0.00124345800886364,0.00261382055914554,0.0110531374152914,0.000529675381894708,0.0017409773910924,0.00226670584307273,0.0707988222392733,0.00109167044563301,9.90921230535772e-06,0.00366114752123433,0.00417373049177026,0.00323125724016811,0.000488274685616241,0.00174582201475847,0.0125892043650655,0.00120844852873812,0.00122601632223931,0.000816663111606976,0.000974127045980476,0.0030050271501425,0.000341872531269835,0.00019275365466265,4.78025874014431e-05
0.000542739016048813,0.000420765853383018,0.0063656907962644,0.0206125339307624,0.0377078653538183,0.552718372920045,0.0254585988515218,0.0404759157366421,0.0922847887824996,0.00740948337252484,0.00217800635375638,0.00703441124320747,0.00634576890247803,0.000392395246899586,0.00161773959456476,0.162796279082526,2.66301082836271e-05,0.00518857910323851,0.000232186448917537,0.00170695949205505,0.0166882615052054,0.000437296238668274,0.000761659272743315,0.000627174424740377,0.000212022354748376,0.000872168633013959,0.00203556358064844,0.00345165306104784,7.08888933777975e-05,0.00178783104973523,0.00123349390577838,0.000306276890854861
0.0272493828019333,0.0137118104235083,0.00914554832068785,0.0245755719708914,0.143195430001115,0.0633948331257693,0.388238689986138,0.016113233191526,0.0408761579521048,0.0156743995243258,0.00255522408767702,0.0100132547055148,0.0028363275663493,0.00155611972680637,0.00510901517740962,0.163628868211465,0.00110879628255729,0.00431988071901165,0.00121036164955102,0.0060058867995199,0.0226332728540747,7.39121957505975e-05,0.0106545896968707,0.00455774688783549,0.00725350129628218,0.00669512654088957,0.00194074486174318,0.00114242076597943,0.000181229781017089,0.0040667022789082,8.98246395724836e-05,0.00019213597721409
0.00669042659454765,0.00339981193998972,0.0121872465920661,0.0130646445245622,0.0560272241148928,0.0199417094196689,0.0105845423772426,0.681367628108479,0.0197914659467819,0.026858117814586,0.00369106032806571,0.020199963821129,0.00496332152630382,0.0133168303559506,0.00788378140970274,0.00923344562204896,0.00319653013430749,0.00655444213708588,0.00531367668422177,0.00515748025637434,0.00632164951370196,0.000574243198814869,0.00346900880886772,0.000879543041446391,0.00581868746937513,0.00434882359931189,0.0129205611968804,0.00956878785973753,0.0128974342629273,0.000513682202519312,0.00175277589402091,0.01151145324439
0.0181723080866045,0.0159280909236716,0.00342544287379339,0.0193842905963798,0.0193317026855826,0.0136500126457216,0.0166785132164194,0.0065384101210216,0.688951010522203,0.0114495845747762,0.00919363554183533,0.00074183192718029,0.00150714072643367,0.000463545584132058,0.00089259685704868,0.0968546467209645,0.00363102717450558,0.00836486873020744,0.000944786053042088,0.000192915101579414,0.000710768347399095,0.00962780243812793,0.00973321064763413,0.0131721251483997,0.0136001215228533,0.00548451446653363,0.000347685665590104,0.00449237891445581,0.00186352489452794,0.000933866396458823,0.00228006536442829,0.00145757553048849
0.00205083220442099,0.000240992014198852,0.00356495822896278,0.0203670861639409,0.0233269181395212,0.0128751864159652,0.021773730664549,0.00315428039323085,0.0120250333679721,0.549803570202848,0.00345809531376702,0.136457798043607,0.00930563495241719,0.00618419209302497,0.0138459446508951,0.0251828939708157,0.000461390830803452,0.00796811613022345,0.00596374217365124,0.00116620186104442,0.00700454021430639,0.00782838061471298,0.0248625775455347,0.017596927412992,0.00470684527144107,0.00771764720372655,0.00714037060106447,0.0136851646961876,0.048769318496024,0.000257553187396873,6.38960728824423e-05,0.00119018086787159
0.0059324336153903,0.00646400341651421,0.00636893095859917,0.0573209168541485,0.0258240845562074,0.00824767746630313,0.0162476279208928,0.105187658150634,0.0169128126271481,0.0209944318134803,0.39103421678279,0.0342276034191858,0.00249059295937304,0.000500664698932933,0.00458537559456832,0.0610555827569074,0.00263240823789685,0.00218282446033596,0.0017954900063878,0.0169708122093029,0.0387480458338003,0.000816924626315555,0.00672974565045342,0.083852696256397,0.0098718172079495,0.0292836371642659,0.0010412846482388,0.00714841634592856,0.0313983367426555,0.000640228093998439,0.00181560766235415,0.00167711126264382
0.00184900975984078,0.00419148699036912,0.00123472407035209,0.00108098263790696,0.0234236096547253,0.0106493209562188,0.0502144682040923,0.00100900483930725,0.00664383748701126,0.0142789695942406,0.00577625170928257,0.736217147694771,0.00548795666766796,0.00467728038110405,0.00119984676074819,0.0147664960678792,0.00429317416784745,0.00534160721300594,0.00651828410826205,0.00116259285887219,0.012249917100339,0.00125861729390271,0.000342352813553811,0.00682305680582119,0.0046491714248514,0.0107086747772706,0.00616824241979658,0.00335225744299304,0.0444559890773016,0.00228797460209172,0.00595098804222391,0.00173670637634965
0.0011477683645515,0.00119158412565107,0.00831054144895195,0.0013815597903411,0.0463344746124315,0.0102006063074311,0.0571569234205362,0.0234349129608751,0.00133030864412386,0.026881852030034,0.0106054153404938,0.0049576971354401,0.446996622341634,0.00417149733119933,0.0699260256968048,0.0234703061694343,0.00325050799054653,9.09559694050096e-05,0.0127185316181441,0.00788087207046602,0.0228880773705472,0.0115549181115849,0.0123068884688709,0.0528091453443502,0.00152814483164028,0.0495863284613804,0.0132514232564338,0.0149926081079543,0.0427670409336089,0.000681603020121042,0.0153916757705016,0.000803182954510691
0.00516534418108138,0.00126238229223882,0.000279669843783349,0.0391872701368962,0.011968178783368,0.00952178130982885,0.00407996782921459,0.0105372783467742,0.0109022556771219,0.00864007141116716,0.00480234911854134,0.0238096588542171,0.00924028073080367,0.677510365060427,0.06630156527486,0.0257602458914268,0.00219734524403209,0.00165983858681221,0.00018265702425162,0.000998961004332895,0.00401395944315944,0.00613963034946781,0.016667321436432,0.0237226825183108,4.84211917948297e-06,0.0128148149169403,0.00388090100736998,0.0035695901964251,0.00992475573985147,0.00121599081151197,0.00347899560109914,0.000559049259073441
0.00185614331009196,0.00627616397756919,0.00209620880445665,0.00243373196628541,0.0130280338648693,0.00263464910236842,0.0453249873844979,0.0153422404014779,0.039894096139674,0.00240483601542995,0.0184937156419229,0.0476339718941986,0.0167606485196892,0.01130526073768,0.615847306519347,0.0648510784158749,0.0057053279499584,0.00304164288811837,0.000889313933398019,0.00361310689301703,0.0164315124568002,0.00917577067389859,0.00387545599100689,0.0197439632734832,0.00163137513080449,0.00228569016770662,0.000255128082034798,0.0165127601009768,0.0062095097553752,0.00210951999416119,0.002142205083547,0.000194644930279916
0.048625928178891,0.0482997442349855,0.0143566588609234,0.00500519771214961,0.0350533889576343,0.00287239737183907,0.116030164089956,0.0030515581025792,0.200286979215367,0.00516199113667765,0.00466752313969065,0.00162705657712686,0.00102685395050586,0.000775864754025381,0.000853212171936816,0.378287278887807,0.00511235972695336,0.00733769889946089,0.002191827773321,0.00254346994454185,0.00109977109657072,0.00397415169075337,0.0271117579918252,0.0130567440444152,0.0548499855602339,0.00798358998631629,0.000593458135193545,0.00132756248217788,0.00192200312084138,0.00191691396950826,0.00161564539197855,0.00138126284381334
0.0411582391820186,0.00819725377028245,0.00821925496371877,0.0309255164484689,0.0066896344041861,0.0176455696849691,2.64304791063464e-05,0.00621993265731766,0.0775271146323777,0.00483246042864533,0.00531486912295537,0.0146300819433705,0.000406295488210042,0.000826944685316485,0.00490124094389555,0.105663074696808,0.561537315476138,0.0128736636283759,3.38073900733818e-05,0.0111155713041123,0.012302069167344,0.0147308625968332,0.00376434370437071,0.027661580055733,0.00883797778030005,6.3869814653946e-05,0.000701966976898491,0.000620349800683766,0.00635074529516134,0.000551986280920027,0.00111549211527627,0.00455448508147907
0.00473306663165296,0.00092183207184289,0.00233648163623608,0.00699407096247834,0.00335156252070444,0.00821345876357521,0.0109289617234249,0.00524720451331316,0.110607111786113,0.00116396505875725,0.00165716083379834,0.00111971040461117,0.00030430893621288,0.000767890925792957,0.00012840594417241,0.0730765595472326,0.00158284602586047,0.595336393634666,0.0012458130763505,0.0217177965810611,0.0134026275901046,0.0230291109984741,0.00388602603143973,0.0811941429488309,0.00078112774873057,0.0180764172604866,0.00342535144493026,0.00167895350119811,0.000879164543434971,0.00127342736736067,0.00060724325250967,0.000331805734643086
0.00380750648916403,0.00385479567242195,0.00387433032397052,0.00386861425804665,0.00212494272570236,0.007279004494734,0.0187370550852415,0.0069517138099488,0.0196158583913969,0.00579919527916207,0.0152666742420499,0.0348905513362379,0.00426922105469477,0.00149325618962272,0.0013989116058592,0.00970823084660758,0.00216943918592386,0.00146795829897412,0.759454368409869,0.0127936006872081,0.00207214280473544,0.00805822041435858,2.28850795169343e-05,0.0118365716095698,0.00863395793850439,0.0133655276406845,0.00539054877938476,0.00607352260043627,0.00407726217961043,0.00691390193694693,0.0100188344847279,0.00471139614468834
0.000943486053946002,0.00433578898208567,0.000226223504924172,0.00565386283557766,0.00748261898925281,0.0135499939769851,0.0400251241737301,0.00170704530151779,0.00659519599877843,0.00621994358276335,0.0144382419680656,0.0131079970236405,0.0032705240589319,0.000793596264757605,0.00589248756394697,0.0263868289223714,0.00116260949148671,0.00143587346391017,0.00495125279734081,0.680442456317238,0.00982991490841833,0.00514717952338066,0.00593214038375334,0.0666397298933412,0.00214037227864918,0.0113350350362401,0.0289669692286593,0.0120076427675602,0.00777810716851877,0.0030347959414758,0.00752380749714135,0.00104315410161051
0.00214649040772463,0.00331507079067091,0.00128046950741431,0.00467981445340454,0.000354521538497742,0.00533277509422393,0.0128064185687152,0.00552386821153837,0.0107163884560841,0.00469708855975574,0.00877491667670742,0.0288699082960573,0.00176640142079183,0.00163689404005502,0.00531564479082834,0.0129914610212249,0.00441158835849283,0.0195751235975232,0.000824766802066827,0.0449722591716155,0.69995994761078,0.00182320173184976,0.00601155058667734,0.0573254660693039,0.00464866098550877,0.00152120694469873,0.0134502743143352,0.00656573620957632,0.0142774458655396,0.000131372137557438,0.00439833725329931,0.00989493052748074
0.00417736265938745,0.00264913873406614,0.000556072351280146,0.00221075344924669,0.00525684630874031,0.0231707036817206,0.160461803463908,0.00495296796729602,0.125716961464264,0.000467694730455351,0.000946098931415675,0.00121650772140671,0.000346595277301323,0.00150465549934778,0.00639851500248359,0.0155490542499963,0.00760709118863667,0.0150826786719833,0.028518014081757,0.0204278463092544,0.000539652131325375,0.477003858325365,0.067356748703866,0.00729472208941063,0.00361257939846638,0.000399329231119084,0.00147638020481574,0.000817983472797238,0.00214255553019224,0.0012507831001014,0.00060413786811859,0.0102839082004743
0.00664627587364964,0.0087272089814479,0.00088070613528258,0.00767932766140136,0.000656203128291378,0.015309693931608,0.0581174102722898,0.0112944291633799,0.0398835992034395,0.00560872860551314,0.00333802994823844,0.0314352254944094,0.000470658905104758,0.00176386415217142,0.00275400054809003,0.0243303593002813,0.0025707572955449,0.0164439041829936,0.0111688838220577,0.0304765610412152,0.00283259732025054,0.00809613098375987,0.644541632175341,0.00942238323567377,0.00563609261431273,0.00588936402275451,0.0172004996649808,0.00314023977129286,0.0190868661619599,0.00242850945730032,0.000819377772778564,0.00135047917318524
0.00415135303237966,0.00343901467965236,0.000328871275923722,0.00211180618969116,0.020004462597927,0.0108338608683892,0.041579933543944,0.0025674859631053,0.000166170364837741,0.00353027299059841,0.017993682867185,0.0629169315108022,0.00279117755894904,0.000622458872753232,0.00566887078460344,0.0288700521020956,0.00520051668408872,0.0122708704373539,0.013070721360119,0.0246700801466685,0.081589850433034,0.00254378969047762,0.0257706732999411,0.526139624083163,0.0100623149259969,0.00900976721272818,0.0194797707246837,0.00958168890857695,0.0340961018105115,6.84304597210173e-05,0.0153832086190773,0.00348618600102154
0.00880774311830406,0.0197213612931905,0.000986099479937774,0.0196640345871892,0.0131717800996004,0.013875572696596,0.0183732034289083,0.00553452444011352,0.0992867050987294,0.00577338108106798,0.0143368142375084,0.00758743660768282,0.000457907701933027,4.96200585783165e-05,0.00421053340173147,0.0600155123358153,0.00121064636048431,0.00816955815399441,0.00149762710151333,0.0249076084674918,0.0087693038329588,0.0189537153548356,0.0124068868335882,0.0263841818158108,0.581515374932892,0.00143985648265083,0.00172453379588271,0.00682749775975212,0.00635918029443004,0.00197005136156932,0.00345224088949923,0.00255950689576036
0.00381928869630749,0.00334877531750639,0.00119874984528972,0.00446310632786712,0.00687153900277055,0.0147394756541038,0.0368384121549896,0.00431750912549785,0.00124066439670136,0.0120303839792232,0.00030772296105174,0.0452967795281736,0.00508927924036083,0.000289450245962243,0.00227743539639294,0.0157406569007686,8.32572404624242e-05,0.010981893759512,0.00288264031641225,0.00574689534337082,0.0235413121943683,0.00105333213795506,0.00425897874508494,0.0012769591067443,0.0204377385995052,0.690794040929561,0.0252882172169235,0.0209228552553244,0.0156833173763427,0.000549418050383174,0.0178541161270496,0.000775798828033309
0.000411369925401483,0.00381919508004743,0.00788643009759496,0.000954259450698578,0.0132633793010891,0.00765034821718527,0.0286461859352384,0.0105345074034457,0.0029793476816032,0.00542951535398891,0.053304767086461,0.124032255827654,0.0107102484025678,0.00129093888825865,0.000216881054475774,0.00841312667020451,0.00189030610475822,0.00405754080478539,0.00585335198962582,0.0136493909462935,0.0042357729921326,0.00939633683337858,0.0700396945752701,0.0036218188248588,0.00555439529387329,0.00229192732771602,0.536686642147165,0.010970030771956,0.0097056298832157,0.00263369491143099,0.0366506299812896,0.00322008023633587
0.00163350261056454,0.0028994220320721,0.00429601142182437,1.55065100315377e-05,0.0311853458008154,0.00517961477785507,0.0261409611111515,0.00251906751220388,0.00645713404343664,0.0258633460589648,9.06962393083005e-05,0.0518473432748432,0.0146919749549498,0.00489171976786019,0.0156870293897391,0.00650307435160631,0.0011527777598272,0.0040027617275181,0.00389244433326657,0.00217125158663065,0.0092366736881025,0.00986182491070019,0.000196008854906891,0.0204802571793259,0.00685571981102809,0.0129368386890498,0.00266990493665419,0.671962213917191,0.0432758315762557,0.00782905930090407,0.00339872191452194,0.0001759599568906
0.000650729821313536,0.00203876930948257,0.00510612824594366,0.0184060630593428,0.0281983318625142,0.0150803679408443,0.033607512353794,0.0174426582842901,0.000464503413868621,0.00521458852105991,0.0169141992644353,0.182754158655692,8.34162301594181e-06,4.33678901517694e-05,0.000551464992101386,0.00651882074413735,0.00215424748940888,0.00443723770569881,0.0182405588759297,0.0519265810657344,0.0124855948558367,0.00601459082737657,0.0161306909537033,0.0171441042422033,0.0140413097456013,0.00384273666270984,0.0115038396230831,0.050139902453933,0.432328341060847,0.000783820472190268,0.0112673583664172,0.014559079617339
0.000191438726491369,0.00502742936929046,0.00532352619859916,0.0028908767088933,0.00272472016359227,0.00286130172696058,0.0012259804012161,0.00270354412289259,0.0214421233862743,0.00210440986302755,0.00209255621567585,0.0122814802432979,0.00451428844937575,0.00145961163146641,0.00584111491537138,0.0138713524506521,0.0017248921117837,0.00558253781655907,0.00287652950103885,0.00148102666701378,0.00526999080741734,0.000373855959417956,0.000646101557253244,0.00349823312439607,0.0112432144913807,0.0277595367374933,0.00621872374238405,0.0104019967587043,0.00384454801131716,0.794966619494589,0.0339870691488641,0.00356936949731068
0.000154923759960343,0.00134593173356302,0.00120324467297689,0.00236618555476409,0.00720008860194121,0.0193131300467775,0.0386949096626979,0.00293269662867412,0.00336923423646046,0.00100167176003405,0.00410382060904596,0.0712788402997474,0.00186996208386258,2.85411778252494e-05,0.00526783026583225,0.0014094944188794,0.00122090032999743,0.00337852021913828,0.0157416285877379,0.0194052895804004,0.0265764927925669,0.000505876083246684,0.0218001659420523,0.0415386978363401,0.00496370040819866,0.0226293503551246,0.00658604041119472,0.0261840797795346,0.0125410991423936,0.000575272915930689,0.630031923360539,0.00478045674256114
0.020492149704052,0.0105832833302928,8.92321473855171e-05,0.00668958906771226,0.00402532842894342,0.00202921431859493,0.00766468564821043,0.00879613045891826,0.0175034486342088,0.00245931046187288,0.00178741751735075,0.00611598410261708,0.00271481689468567,0.000294382607957524,0.00373990650171897,0.0236577166948931,0.0024997678514505,0.0156374744105598,0.00138290547134545,0.00816068787221051,0.035838234962741,0.0091840397975914,0.00254699889993578,0.00918690098827033,0.0134147286986213,0.0085619230264736,0.0066421200553811,0.000375754629902382,0.00948932417798445,0.000400134909857794,0.000848134380844163,0.757188273347416
