0.707438217576453,0.025984915298285,0.000224263486940985,0.00321681254134209,0.0114310457007888,0.00463897182696188,0.0106214113759764,0.00149270649485305,0.000545754003162426,0.00136713498407297,0.00045665110288556,0.00120422418370303,0.000537013679912092,0.000164816329159772,0.000689608941010581,0.0099621780165468,0.00974738199835499,0.00740505432541835,8.27900965257533e-06,0.0444922136516161,0.00128213480106708,0.0227840718737651,0.0774022189871731,0.00763056629017217,0.0188338376234413,0.0113639630765214,0.0124783951145694,0.00299686538433458,0.000293417219645491,0.000305150881159223,0.00277980569366919,0.00022091852738608
0.00135407433314616,0.82325547041616,0.00144406351918016,0.000580441734184124,0.00189803265780492,0.0185485540959775,0.0476706007893951,1.94117759106517e-05,0.00801806752054357,9.96291491626956e-05,0.00362472682291015,0.00382127302019072,0.00601970564316869,7.91696939949913e-05,5.74572817211401e-05,0.0146272794366899,0.00702315407952564,0.000945161859005947,0.000259175489633754,0.0140885273351624,8.42141077377887e-05,0.00400681999658378,0.022759043362277,0.00407623495925838,0.00425183532819988,0.00173272729424872,0.00247696469877931,0.00371517085625541,0.000984258479579446,0.0018104908655154,3.8742683250473e-05,0.000629520714846134
0.00314127043157812,0.010761353090783,0.571775195632145,0.00781802800060416,0.037607676934378,0.0153806783054505,0.101119319046566,0.00644950828538061,0.046346970983393,0.000496829136029364,0.00616463328216942,0.00985151315580497,6.33844664008887e-05,0.000839880175209722,0.00504564741363111,0.0940800097754149,0.00033870997544465,0.000195368393915098,0.00318490461641015,0.000143191766954876,0.0103017564624545,0.00483520629831952,0.00255664772680857,0.00331839206287963,0.0314746790335554,0.00547872572525726,0.00315908049229336,0.000469030621427216,0.000164834821725512,0.000172976217712801,0.017000149293477,0.000264448376426088
7.90074506373827e-05,0.00139098740821184,0.00415677223006666,0.733583666757798,0.0210172304982795,0.0116186381098375,0.0648281639152199,0.0385135417828985,0.00140740793577962,0.00168058624711267,0.000354978019329544,0.00598764882009556,0.0330442443847343,0.0011659651853528,0.0109060168287765,0.0222564857516815,0.00218019013355999,0.00072145783339778,1.23650930323733e-05,0.0037441192991225,0.000114210300649572,0.00110105147597374,0.00248462437522877,0.00992635214296958,0.003242464148949,0.00163366328455745,5.06565590546686e-07,0.00140385114838668,0.00739616892307452,0.00321815744536153,0.00923277197071371,0.00159670453362018
0.0010167824820211,0.00307868017319945,0.00573683915321495,0.0222898263305965,0.68829496791058,0.0128858794344859,0.0486884406633344,0.01501251982719,0.0126128842785151,0.00845644242124428,0.00108446410268627,0.0118739838119862,0.00378720282160521,0.000358394373284307,0.00924481181824407,0.0573027298871516,0.00579989019986296,0.00123850947851682,0.000642835509368275,0.028459562362627,0.013528044977229,0.000534391895861815,0.00133733803202766,0.000873814562072262,0.00814776175265404,0.017990255127443,0.00421464342832164,0.00248866049733114,0.0100894960875412,0.00175364652617999,0.00105505690621734,0.00012124316740635
0.00260688106204885,0.000942367233079747,0.000349048028607212,0.0162415459429552,0.00773128569258512,0.803729871284806,0.00695385770002144,0.0207723519802261,0.0128250045620021,0.00129543805314443,0.0158036689695648,0.00281794726292336,0.0015845768367692,0.000609197082737246,0.00565794251915986,0.0200845659107553,0.00404022049536862,0.000324464089740002,0.000685969363833522,0.000389257109609852,0.00652977619997135,0.00229950949692043,0.00021516195136759,0.000472216092714597,0.022829424057172,0.00384514681811614,8.48904787948008e-06,0.0106339819898792,0.00021812478738019,0.00192262763661916,0.0228238318820491,0.00275624885999292
0.0052266376366736,0.00499013969522495,0.00217707167882917,0.0411918351311358,0.0134563122863334,0.00117718338634464,0.749532595826541,0.008304995163016,0.00660298622882051,0.016184609263911,0.0313131276321172,0.00906178537320196,0.000110483915787304,0.000122372115558764,0.00710051614216197,0.00523767577729058,0.0069987611268745,0.000507937570532089,0.00187431572767695,0.00415965289301683,0.00713150673308462,0.0091997423079735,0.00757410302085654,0.000441181023899547,0.0171901130363347,0.0105924648115382,0.00236781286119038,0.000292649587799894,0.000143170976729015,0.00334780482204017,0.0254536760021633,0.000934780245342041
0.000782433605660072,0.00220916927202437,0.00623842167173558,0.0128546958628263,0.0288089168659827,0.0535756739703826,0.0237447891201147,0.711410196104129,0.0315736787234601,0.000789915349479768,0.00518941755308035,0.034799835199252,0.00150567022309659,0.00416812208065836,0.00108515169954226,0.0112082868252939,0.000400987464838122,0.0011260053192815,0.00165968399488154,0.00305746374992974,0.0012306876142852,0.000340343164983529,0.00479732192047078,0.001728310349929,0.0144032732213237,0.00531227333786453,0.00869611357677844,0.00378402618097806,0.0162184642209999,0.00125367947061045,0.0038576101539675,0.0021893821321592
0.00768130553998184,0.0127011933636919,0.015604590507762,0.0104783722417943,0.007807331956766,0.113807153604602,0.19679168728083,0.000594462135855802,0.367332763668799,0.00826661818621261,0.0113604361278396,0.0102704872029159,5.32656400794269e-05,0.000831518221580251,0.00105642257058181,0.130432682307698,0.00328753803267663,0.000237163112536363,0.00168746548756345,0.00257619940955687,0.0209136199607399,0.00878140457756325,0.00882010430847867,0.00423547659973368,0.00314084769351478,0.00229245625810112,0.00988054418133148,0.000456590496785941,0.00397891881676408,0.00585209062415667,0.0261850061153225,0.00260428376818426
0.00196222766190243,0.000839511638902698,0.00334682696582103,0.0157979358782605,0.0116105269376332,0.0412614168172374,0.105436495734042,0.00299752401122792,0.00387576834735365,0.588596827081679,0.0135587443554098,0.0214316396994048,0.0022284273428757,0.00162139854634793,0.00369137990329629,0.0789150878780167,5.61867198541152e-05,0.00099711413866797,0.000655997180210387,0.00193584684141784,0.00105069495459541,0.00129021390135729,0.000146411109883428,0.0194136337221765,0.00841897423540445,0.0243980922146778,0.0104405915078103,0.0221379574722695,0.000523588965004456,0.00658744552917348,0.00406156486753594,0.000713947840550328
0.00242280051228661,0.00406581038294178,0.00191840234728581,0.00283545197095459,0.0173688471111111,0.00645720217415625,0.0655165795698636,0.00140679231114305,0.00100401073422264,0.00601129987874625,0.739446415969554,0.0136348645022437,0.0073148266022577,0.0014904710375768,0.00228046800354047,0.0017219779894212,0.000100591709783438,8.32313807194662e-05,0.000247339203230422,0.016914089417415,0.00525947874517868,0.0117476644820153,0.016779619836657,0.00129529862962857,0.00182490114584031,0.0126987433153653,0.0194171327992692,0.0292181671887111,0.00551990271311283,0.00255710704819113,0.000550059723996993,0.000890451563580127
0.00201720083214326,0.0018656413581993,0.00192936217824217,0.0243019992442479,0.00295207986972825,0.00642865976706441,0.0389880787069139,0.0161087006790466,0.0141836841648579,0.0317035332714058,0.0154096932357055,0.604562933568083,0.0124092157317196,0.00540413871565373,0.00302223215198183,0.0106587929442247,0.000153692702059302,0.00045997662876511,0.00893759838518161,0.0181877642341374,0.0167097661159278,0.0292509672714482,0.0709007242229817,0.00297743390939838,0.0117548252675954,0.0153174540422859,0.00937895231200503,0.000442892471783445,0.0194645487756732,2.98287406665798e-06,0.00356017285234594,0.000554301515127317
0.000234114168366904,0.000746446218474568,0.003064930995322,0.00473768945759691,0.017748128029919,0.0290455702328022,0.0279469229988399,0.00129714375429552,0.000707563092262936,0.0124772645905103,0.00612249547279898,0.0061850597722129,0.806470093808292,0.000757970238206694,0.0260817931776362,0.0101597438719263,0.000396834537902473,0.000398257420136983,0.0023686153256372,0.00058115097643183,0.00166653213100793,0.00566289846437292,0.0155803181944361,0.00420549400377603,0.00196707768817018,0.000396735753708861,0.00176712316341171,0.00854478230283935,0.00110633195820691,0.000378090349235214,0.000995453954001924,0.000201373897261955
0.00232227413234249,0.000315724521335353,0.000713292494061705,0.0107733069838608,0.0299570586932907,0.048015714279987,0.0555024016284924,0.000254488084228681,0.00198738686868202,0.00416607932407309,0.0145145361252834,0.0365336937709531,0.000134653210247963,0.652395589548746,0.0349029437553657,0.0431433158335653,0.000189282303349575,0.000169382931142356,0.0107125973262383,0.0058411962504116,0.00142587949401434,0.000942068392196697,0.00240090146090639,0.00253521445599753,0.0163970444066746,0.00559346846619077,0.00129988835974354,0.00354782509362155,0.00133417051066766,0.000375901548408158,0.010218334175855,0.00138438557006659
0.000220263777124066,0.00114370511547422,0.00398464197146409,0.00402997385489629,0.0154610872778811,0.016150467357571,0.0184745371037311,0.00565427072339614,0.0118260691674837,0.0232520546989081,0.0005805607310461,0.0300722163570203,0.0425034066680965,0.00819774985000543,0.655733162634224,0.0213637597521409,0.000908543230982916,0.000710037599598339,0.00171079479034546,0.0102781328979632,0.0033483395878975,0.00597656449465477,0.0234662498531971,0.0206835555499968,0.00170706161175517,0.022197319625664,0.00842771071063698,0.016022279393997,0.0152389575811938,0.00956687804166305,0.00098038611726873,0.000129261872722526
0.00608081184056577,0.00728369539018556,0.00538540879899929,0.00346761454282221,0.0121401041548039,0.0481155154266142,0.105461860713794,0.00048421213456093,0.0269310767912336,0.00704756716568348,0.00776267273168817,0.00611355711816782,0.000301641716292395,0.000371178778666103,0.000375184421605784,0.687354905672431,0.00275652959365415,0.000230116434145271,0.00219225938640334,0.00151353875123045,0.00835200581713597,0.00327566839330941,0.00576109894217466,0.00213605242192911,0.0153741865198926,0.0088111900239212,0.0092522949217388,0.000960463625361274,0.000823150985044395,0.00142383620103257,0.0122111039782374,0.000249496606675434
0.00957542474538603,0.000397105588077375,0.00228439295363546,0.0149058084960926,0.00371104820755476,0.049976131097961,0.0667739370297199,3.92692306381256e-05,0.00467649740136315,0.00185818815642565,0.00205805059555632,0.0114129164523654,3.21369434658504e-05,0.000260332901109362,0.0015264386796242,0.00770662658565438,0.708117459873066,0.0120232905058261,0.00257831229705217,0.00964584427384958,0.00191814033229227,0.00644128048035573,0.000577671565844244,0.00097037147764869,0.000392743544889201,0.0298373949519214,0.0130214906879545,0.0204562159240899,0.00166972825893057,0.000906096827422839,0.00316407353036049,0.0110855804038664
0.00595666336871321,0.00388945397562727,0.00117224215770948,0.00574599378640008,0.00758790590311111,0.00600159768124649,0.0212941146766109,0.0194645661247625,0.0384439561426787,0.00243875968228879,0.0131176344770247,0.0189267038416587,0.000418511369958685,0.00101388589174968,0.000209888733505794,0.0269700406945864,0.00413155879589315,0.758091885488442,0.00408396756473111,0.00330314137622276,0.0120924526603847,0.00430680978799746,0.0027094324625421,0.00569652459545256,0.00045511572401588,0.00328307736609397,0.00420125603648208,0.00500103117413004,0.00110807337913957,2.82558494684646e-05,0.0157947096262828,0.00306078960508922
0.00503213788354108,0.000145785425239135,0.00401138397267818,0.00341490068758628,0.027645194081951,0.0267278307285244,0.123821937045109,0.00427143491875997,0.0203149613405451,0.000750121460109314,0.0133068425111435,0.00250669831858019,0.000231507738398868,0.000578048182779482,0.000722357226403232,0.0569447264695527,0.00208984787751544,0.000973020177741007,0.550800545697412,0.0222557220529201,0.0014563596790396,0.00669825582847088,0.0154268365800978,0.00177362713983846,0.00310897128566463,0.041680976556347,0.0348828984267118,0.0148991245123741,0.00367919651861169,0.00312661661750754,0.00651605677593883,0.000206076282907909
0.00305337001680766,0.00260452461756915,0.00065218155269,0.00353079857751379,0.00418614934407668,0.00583067473357557,0.0330623632692158,0.00320234105849966,0.00186144108005829,0.00164621954385966,0.0216133140509069,0.0200286854616827,0.00731954891682158,0.000807473070053248,0.00371441519421094,0.00144931022144576,0.000758757658159494,0.000707586849701447,0.00651868894781815,0.637117694816035,0.00270955358456221,0.0240935053715812,0.0328486794124799,0.0064346735667246,0.00735502732190772,0.0696961906113471,0.0796036599117179,0.004804915641569,0.00555443572667601,0.00222501430335481,0.00487435500180511,0.000134450565572753
7.69317570785842e-05,0.00254139123521017,0.000581314685375898,0.00748436343083887,0.00299505639789963,0.0339552859498753,0.0405456551383684,0.00302573460118546,0.00100251880195264,0.00102312497274447,0.0109729701732729,0.00427878858845398,0.00340519027123159,0.000308045906238289,0.00136220531382387,0.00174108034316868,6.60569252781557e-05,0.000717830357862497,0.00102881297845004,0.0284941109464226,0.623849809566751,0.0207765492119041,0.0689709922314406,0.0140465700430657,0.0059347284589334,0.0499222430062992,0.0623196603687591,0.00338069266017553,0.000719690566684625,0.000206318576851858,0.000723543937442149,0.00354273259696076
0.00838536254764643,0.00117666877214505,0.00184379066803972,0.00220443939645198,0.0168541833132281,0.0453100870517377,0.0552019752360418,0.000307958522243791,0.0718481258205527,0.000367447798872069,0.0043710003518828,0.00959335070406509,0.000566713367789321,0.000477840582327096,0.00258089553780811,0.137322444019819,0.0108633953386951,0.00234010398532487,0.0080568303266305,0.00639937102402276,3.01114601551531e-05,0.527894504799562,0.043662694021794,0.000679686851253289,0.0298288957389864,0.00307006324516534,0.00114434169885074,0.00067777979824247,0.00292790411140563,0.000694885999811585,0.000639918408710853,0.0026772295007378
0.00543602849918616,0.00703675607528223,0.000279803895785877,0.00362588591466724,0.0100956517634709,0.0187538793284502,0.036986127301143,0.00585146636987565,0.000967001121259564,0.000715725927912317,5.31802835840544e-05,0.00104129792039352,0.00591534261034125,0.00118893062822843,0.00819990123702275,0.0274304091149785,0.0134661008851369,0.000571454432976691,0.00970575043036558,0.00668455055023,0.00411928949917199,0.0248165963641073,0.709722982321883,0.00485028169250122,0.0158916850602081,0.0373506746972132,0.0288967218842725,0.00464115747756756,0.00164859063842999,0.000516150619589005,0.00156164014210325,0.00197898531266176
7.23852380871098e-05,0.00323773125566841,2.60273601979192e-05,0.00199966922933184,0.00162310443172726,0.00159151813844135,0.0118067821506457,0.000771311566298468,0.0172437485535449,0.00104757596292574,0.00862048252063913,0.0115971674597143,0.00266585528448173,0.00019998591579868,0.00542655864553209,0.0107622634081745,0.000446576024733339,0.00014746048472756,0.00356766095764309,0.0242482760493437,0.0101446751320788,0.0310385420607393,0.0269578740470139,0.647185587010666,0.007879247428993,0.0835286083231962,0.0715368718469875,0.00443581087105632,0.0036516636654308,0.00296966859434551,0.0027258131605244,0.000843497221311699
0.0121250147157301,0.0293185696149975,0.000444766691877648,0.0160539123133765,0.00460514562098146,0.0235492406914187,0.020706723138284,0.00391587361600253,0.107506430408244,0.00304066564067986,0.000233498618666963,0.0120002545821923,0.000296084514646605,0.00282455181126467,0.00292177082888957,0.0267598219772096,0.0059744548540999,0.00878103750462854,0.00338688068506801,0.0100938021574738,0.00387650228186192,0.00105523872922154,0.0158577184347172,0.00559940436596425,0.64255541904312,0.0105175201418766,0.00472383471532481,0.00850416658115733,0.000807840740961124,2.08194374095593e-05,0.00426788668038546,0.00767514886226815
0.00297542570042496,0.00098531003206501,0.000894665078602077,0.0112432323698992,0.0191639566689924,0.00147636423578612,0.0079991153983026,0.0036831447407339,0.0423735585689634,0.00232098322768088,0.0154600198080908,0.0231449249150945,0.00379946926246811,0.00492593495821659,0.00268825486631039,0.0390821930104916,0.00230204821577882,0.00105266614202181,0.00611904376148625,0.0363038558266594,0.00292122394944286,0.0226751811555281,0.00603242300865751,0.00417525591231327,0.028247098193472,0.561320853182022,0.0942836786941179,0.0114409625231627,0.00721632567489632,0.0145635366268008,0.00309189538410735,0.0160373989074109
0.000218055136345327,0.00137808048825074,0.00119842227848582,0.0101830662110955,0.00588073984447148,0.00898485593778802,0.032942766774558,0.00215814409816724,0.00151641295675359,0.000187118244657853,0.0101210693498391,0.0200865627848947,0.000283872528205976,0.00284730254806373,0.00125399013984697,0.000457316936361216,0.00126108860712981,0.00104958164061808,0.00310415108628043,0.0402396779945067,0.000366437139970335,0.0108346866453437,0.00293066631438862,0.00265781720472716,0.00992458321483935,0.0273284672173191,0.781926040130679,0.000916108463732506,0.00351581331455265,0.00240624294990464,0.00295941866863772,0.00888144314958528
0.000164129066179346,0.000639099366204094,0.000482178880700428,0.000321423845724324,2.2123217654107e-05,0.0316506133446188,0.0465500731505979,0.00116016620067273,0.00702569134538268,0.0335210423812479,0.00554693969039195,0.0262701608231721,0.0176581188141039,0.000236341147726947,0.0118532418528267,0.00355381987534858,0.00415482935622281,0.000102952427001461,0.00850473057999291,0.00303813015299831,0.00899053056948265,0.0179648996945499,0.0340301463121045,0.000394136412413954,0.0116788786568185,0.00852924297254577,0.00408979521308984,0.689830316877762,0.0154233996025627,0.0033012996256176,0.00235752617001064,0.000954022374273941
0.00416231464522026,0.00872827919830923,0.00184090522426889,0.0114759850713705,0.0014458118839495,0.00981998896932601,0.0517744992145481,0.00692136962615781,0.00438456732598309,0.00294602970852005,0.0085218832622747,0.00499549955082379,0.00111457052652184,0.00215188674322834,0.00286581468139384,0.0163654472682804,0.000537461266452699,0.000590954267623514,0.00522899500223371,0.00936186840744774,0.00368194743314718,0.0109904345600036,0.0071062183239591,0.00640627986219196,0.00358216203061879,0.000325668267803953,0.0126231173907302,0.0136818480192667,0.763732598821053,0.00109427791103531,0.0206487036248018,0.000892611911454932
0.00132228615393784,0.00138061886122407,0.00329709021016538,0.004280227727827,0.00770891147447711,0.0150561050964048,0.00965657157006025,0.00388793552559769,0.00256212760533834,0.000500960023449848,0.00722753402325522,0.00255402538555187,0.00141530519147541,5.26775004294266e-05,0.000651294145203005,0.0044410584205874,0.00196612222156267,0.00119717778598045,0.0145599178475025,0.00986613908376139,0.0170682517304294,0.00239809171578671,0.00338671434044875,0.00194170552726565,0.000878187403005766,0.000215939685247545,0.00133997675852049,0.00755542626913225,0.00728667518638435,0.849102061203938,0.0152103372561154,3.25470699334087e-05
0.00667339110917846,0.0127741549526752,0.00117637587234184,0.00160022676180046,0.00169367330985261,0.00868501588875564,0.0610686999369332,0.00246636543025136,0.00322832294614629,0.00448492062869564,0.025354692241593,0.0287770236683519,0.00216458533721567,6.58231618522759e-05,0.00780907538912225,0.00375631239381866,0.00103217655909331,0.00226687069655786,0.00209961520289518,0.019863614325985,0.00407443548880904,0.0221621702731921,0.00715301983877906,0.00296160806040918,0.0133151036767511,0.00288686590471686,0.00505168679021429,0.0154570803543193,0.00918326342587417,0.000629100033637272,0.712526117077382,0.00755861326280011
0.00938642397133807,0.0279649943764102,0.00129410983440426,0.0416534251422696,0.00614949710269007,0.0371409553117331,0.029066598607513,0.0149149823911014,0.0081533769520211,0.0165972520912961,0.00440440559811549,0.00263005175772158,0.000478696926521234,6.3238023905964e-05,0.00191443746077947,0.00972464969841331,0.00760826033528792,0.000303665758268353,0.0129186581076944,0.0279631012137049,0.0125376134720684,0.00807771280222548,0.0270127903632431,0.0029387300653806,0.00937671294598268,0.0159923427577515,0.00069641825588082,0.00488797106159036,0.000662594579433972,0.00123691302746239,0.0154050340962347,0.640844385911556
