0.773228369271552,0.000537081038155257,0.00623291455759146,0.000631683410400715,0.000310681022514944,0.0103488978491502,0.00827494971135192,0.00166094985375529,0.0498593777264952,0.00122362911259098,0.00175583781110817,0.0263049091666272,0.000131890594262569,0.00393194994712627,0.00221175232635486,0.0262455446086355,0.000716682080007997,0.00190721056678906,0.000745835706463875,3.34551839642168e-05,0.0168268474555523,3.4245274866625e-05,0.0146956739646899,0.0125052968809353,0.00276415944514966,0.000372125043867125,0.00972720989992806,0.0033371501630132,0.0227417309704929,0.000319973175719846,1.44965491882689e-05,0.000367489631699189
0.000587226203231582,0.695638713408259,0.000221179176294566,0.0333615365075512,0.0261047188510785,0.0222725200720504,0.0674407633626877,0.00218013191956172,0.0167229222162047,0.0212906315816119,0.0014851773423348,0.00219938749472945,0.000455933871413165,0.00454503086281863,0.00156217461866401,0.0369701582156518,0.000719311239674735,0.000463301390468229,0.00236968132722381,1.7297181192034e-05,0.00212858212873816,0.00143042679801949,0.00111145141685269,0.01233610387584,0.0190885215708378,0.00692837644611865,0.0136833470228602,0.00247059640242755,0.00132815570327276,0.00078861937474629,0.000708524188747929,0.00138949822883713
0.0234097584623883,0.000206062847043172,0.789792769269764,0.0179256243292017,0.00175867427907491,0.00571679322913616,0.042108155056133,0.0134375538413933,0.00236478432891205,0.0113844441855737,0.00795033665766682,0.0245931411469883,0.00222279581052577,0.000323029253014817,0.00497187727336814,0.00148079812070091,0.00339244377575438,0.00245313495125925,0.000898691220459273,0.00206698108575838,0.00473908992604855,0.000930698904457943,0.00056056252839573,0.00144174686459399,0.00156186121824342,0.00430282100143626,0.00157517019512977,0.00187040234252601,0.010890730596877,0.00631614318491054,0.00638633699875479,0.000966587114509149
0.000186411589967519,0.00232197292933295,0.0056517172179854,0.807891079252588,0.000208699577875384,0.0110714541027934,0.0426986352911904,0.0581965689924091,0.00234643210692091,0.000145380598421629,0.000678354946679664,0.00949143170372675,0.00852981214014986,0.000798699524183332,0.00118442710615915,0.00600463316939598,0.00683494674544533,0.000242670991628468,0.000834395685343124,0.00442845187077233,0.00435899799830083,0.00267688443385371,0.00187436305947509,0.00333732561147782,0.00717888234153812,0.00117190515801189,0.00099965246141546,0.00122728840952176,0.00442281466564423,0.00212199421234828,0.000762695223880323,0.000121020881562989
0.0021626576313607,0.00300639253649252,0.00289899287966417,0.00727684108583856,0.777925345531809,0.00919545714739682,0.0448009021308925,0.000613719539844202,0.00287012511453384,0.00247033153128776,0.00183947756586205,0.0325809202209719,0.00352834551874883,0.000539238189619478,0.00751922255281424,0.0351107108201529,0.00404434209045281,0.000816952586267744,0.00194534194851287,0.000137564004120554,0.00291206892071165,0.00212517567489435,0.0036383920734251,0.00621339391817526,2.70090484078587e-05,0.0015919485899896,0.00532923032940501,0.01063310363518,0.0186054538494112,0.000290455766496273,0.00551149414892544,0.00183939341833475
0.00671955497095537,0.000177538168229811,0.0028689645404962,0.00976622990969645,0.0188172151289604,0.835959439381017,0.029395302553903,0.00672064015599245,0.00225956528510723,0.000228699624240478,0.00303964506970024,9.80517414685208e-05,0.00258302408332138,0.00197498103760844,0.00400958175062003,0.0194145225478295,0.00049076910210072,0.00140440305413943,0.00146015641701432,0.000970354357825549,0.00253053684272859,0.00488607648577712,0.0120757673005168,0.00115868585561085,0.0065737900173781,0.00116579120996221,0.00191364912151024,0.00565442266661197,0.00232434882458759,0.00015442854384486,0.0057830583726748,0.00742080587857022
0.0158576679238471,0.00351867726538296,0.00300968777298019,0.0246438497826618,0.0221169641593768,0.0042172650955361,0.816205314584043,0.00380912042446636,0.0264960610345685,0.00205527097180382,0.00712060679647259,0.0157675995312224,0.00253048854234798,0.00243735364942133,0.00273731879630293,0.000673374429533916,0.000543838933647632,0.00315381474176345,0.0028535851642009,0.00146711899670723,0.00513618798331772,0.00567432028754642,0.0043114808954704,0.00550201208943498,0.00316698908873971,2.72762684623659e-06,0.000349983465709815,0.00652438589576872,0.00213738705071594,9.80151037196878e-05,0.0023820779198784,0.00349945399656477
0.004827315470627,0.000435923986252271,0.00224884374638858,0.0405571670424872,0.0440424511702086,0.0281571471812289,0.0011747808832105,0.685895506176826,0.0121600654968529,0.00843937832202453,0.00756222884452051,0.0244893180061186,0.000145456554106503,0.00521023805246102,0.0031104343652667,0.0350906340575302,0.000541421333362164,0.0118011564010956,0.000395611776631734,0.00102947997004703,0.000456002186487547,0.000555058716299128,0.00967727514802387,0.000871473338702552,0.0235866745979531,0.000918218332647958,0.0131310942224822,0.0135209739293495,0.0112846930185491,0.000103392502969472,0.00103604556024923,0.00754453960903926
0.00670728692405083,0.00716401171847275,0.00133422840561628,0.0143813043097761,0.00427106310549294,0.0323289142915308,0.107032815512555,0.000890560892789544,0.694557997606669,0.00205740386923127,0.00366985351719377,0.0096256810375609,0.00427626454252317,0.000707610525155629,0.000217892922960553,0.0208211034677485,0.00142223036166688,0.0162994509997189,0.00217222905367558,0.00708022153663013,0.0028598330608654,0.0100255176053761,0.00275441755190722,0.00500107342858126,0.0203089333495275,0.000135719631350468,0.000745643762623145,0.00305106707560545,1.79530645159553e-05,0.000289654957365372,9.54394857356674e-05,0.0176966224255287
0.000966035944610962,0.00112975968418886,0.00153022048194724,0.019888271500814,0.00121536982116792,0.00106464297394831,0.0251606719276589,0.00195800120762532,0.000481696471034184,0.859869770176587,0.0020675669285026,0.00858437022336639,0.000431901412574707,0.00248856735423363,0.0103791381171617,0.0038627507402262,0.00152736864780501,5.41727608065076e-06,0.000504845061857867,0.0070540136227583,0.00176245977321846,0.00929560156412954,0.000940405152066013,0.00118003664169117,0.00680218940009107,0.00440780255741331,0.00123982622574876,0.00626796306918464,0.0102850073130606,0.000172742841096879,0.0023276480780373,0.00514793781011313
0.00150120512618389,0.0043632258007045,0.00056224494642547,0.000593799933508323,0.0416977858238059,0.00072838321098706,0.0526003641164213,0.00761829064079547,0.004739624771966,0.00413498212821284,0.751485896870182,0.00727625880073878,0.00331427061857178,4.91966520187115e-05,0.00878929094293753,0.00715435840863157,0.000708941512978728,0.00102741150121988,0.00694589709240415,0.0146281962848663,0.00383965760743867,0.00454530725195054,0.00567485526185017,0.000767623342697746,0.00281028056866069,0.0115335575944048,0.00598441870585143,0.00787622366376231,0.0261792228809701,0.0021564944452506,0.0019601559686186,0.00675257752498407
0.000925522523273124,0.00549901356109773,0.000196718999535029,0.00725596281932593,0.0425396816529469,5.31095566239641e-05,0.0118684637450403,0.00138675680970411,0.00364320856018349,0.0220070063567734,0.00269351089447759,0.791294490669143,0.0101893326990483,0.0018366869371559,0.00150351061089053,0.00823104833731675,0.000836078491824806,0.00188858237832667,0.00188891666883087,0.00390399616409149,0.0104227071384326,0.00064984023971621,0.0136248356249709,0.00236192397883247,0.00335912350284323,0.0304892578901713,3.93089126370896e-05,0.00383749333684562,0.00287219647783497,0.000174966195846521,0.0118416894733361,0.000685058792923514
0.000649107621369274,0.000221854469666462,0.00154932955995522,0.000349706041382111,0.0823796862987417,0.00418334130661872,0.0846606357398119,0.000850142506737421,0.00709980445280263,0.0111540826170208,0.00193325556330567,0.00579275561664855,0.67976350869395,0.00264361414510731,0.00233122317215472,0.0350844473439484,0.000464667313852972,0.000587793090052705,0.00217104192570029,0.00131216203694731,0.00704990691786898,0.00234470825519371,0.000851819616109393,0.018599345267825,0.00496573620170366,0.00264738739248564,0.001538757409756,0.0268417697765674,0.00652688272605238,0.00035277837631392,0.00287620474367849,0.000222543800670818
0.00771747390413065,0.000176749601228262,0.00612550762715104,0.00353300662735358,0.00999933936813205,0.00447543352063354,0.00206357861467942,0.00570028043535148,0.00166416524117635,0.00768489320972448,0.00342159002650199,0.00656865702753123,0.000315211834042248,0.810418065409102,0.00953330745180119,0.00456760712867404,2.36982302734422e-05,0.00148348349114357,0.00182445904661326,8.58899364178085e-05,0.0130916941864743,0.0169622464537263,0.0372889994258621,0.0250034743874149,0.000396307467284739,0.00415235876324826,0.0051575677802281,0.0011621980441552,0.00561119068398341,0.000558729182626736,0.00276798153943288,0.000464854353901002
0.000349744322572554,0.000126787368820629,0.00031375694353142,0.00499987349321151,0.0749969772740578,0.019639383926731,0.143091516269905,0.000397637713103754,0.00462971499817893,0.0249062518743487,0.000366491409887879,0.00646949108472996,0.0206887484811217,0.000195963846184181,0.560712066578936,0.0392789451924843,0.000985705457296602,0.000295436931940391,0.000186427475509844,0.000755854003478614,0.0174863102752109,0.00424055024947132,0.00247127307582412,0.0331380297393109,0.000381136841976847,0.0033423458387931,0.00793553478149726,0.0220115932005517,0.000394277983666747,0.00120309914745722,0.00167688333625785,0.00233219088395054
0.0115843658494764,0.00977230795549443,0.000548682324590469,0.00370813851244386,0.00659589386029713,0.010454223353397,0.0793385701602365,0.00048344067075327,0.0312046208433978,0.00133336773989394,0.000965035258093554,0.00899923359889636,0.00517156665986738,0.000709315063892165,0.000147267570090829,0.793959976862136,0.000484817297685513,0.00204786280271531,0.000576402032550719,0.00456711452388255,0.000782327861165327,0.00165120460765494,0.00171367538433295,0.00672898684283988,0.000878453166403678,0.000702676084948988,0.000458182782958781,0.00894126283182941,0.00087000444809687,0.000692120991889612,0.00045280356021737,0.00347609849787115
0.00255297219829078,0.00113481500245635,0.00165542906930135,0.0070461663797389,0.0424335775320673,0.0134699338021651,0.0837611984849122,0.00530906298405661,0.0306087467202378,0.00294702560446253,0.00453152679714102,0.00311957327000875,0.00230616103261639,3.9861671835096e-05,0.0039121898959783,0.00236063792527635,0.726661972948616,0.00942836333099647,0.00171855035363705,0.00229183397521348,0.000240239790313632,0.0111370078932853,0.000288246654136129,0.0132824333271472,0.00295926565635718,0.000305239323070342,0.00453501309550316,0.00175789926891974,0.0138378831320102,0.00379641926664695,0.000549291211008455,2.14624025935825e-05
0.000697175392085129,2.87870259880691e-05,0.00160975376320134,0.00230662153628276,0.00735177949445093,0.00567215309162718,0.00428449778005318,0.00989642121891586,0.129280745469321,2.81828083316005e-05,0.0014574017399624,0.00196184289664247,0.00490370470691094,0.000409800069765138,0.0040447521046323,0.091357800777106,0.0188028528836694,0.62096060017695,0.0136939944539704,0.000277938543143706,0.018206042590151,0.0121671901209033,0.00297327779331397,0.0183871849928547,0.00812395497694143,0.0007787951550783,0.00833715404739171,0.00354212838014021,0.00152384778750363,0.00239481904056161,0.000516183267038645,0.00402261591511188
0.00121789831382982,0.000969045531659636,0.00150215753014573,0.000210499382438469,0.0146804660005619,0.00248151250733588,0.0243403757551929,0.00275195072331818,0.0437648254126403,0.00235107269570755,0.00506150612358171,0.0230865695421821,0.00498712692449286,0.00011984813699124,0.00159769761028381,0.0369906020747677,0.00032095147085163,0.0110392895670133,0.745461992900065,0.0112122791528739,0.00347758399249442,0.00605297292287153,0.000412780111466789,0.00470635705505254,0.00317179575664593,0.00238568029794335,0.00639719726186528,0.00263451912541999,0.00608687580857139,0.0202448095515642,0.00472504007271135,0.00555672068745952
0.000743131658842285,0.00111717813908766,0.0013651799014452,0.000857930603236973,0.00290795681958191,0.000959308832799308,0.00686221702108433,0.00982225096079935,0.044270763655804,0.0013739154961429,0.020457781463988,0.0551646090621751,0.00175149449646839,0.0019423284277455,0.00100529382792982,0.00240537368547341,0.000290084598934026,0.00302044217530275,0.00354428486507295,0.671797718218129,0.0242357425379838,0.0101869433414077,0.0312235894098097,0.00159479401882254,0.016932192689507,0.0112064075658948,0.0193666483511208,0.0028895837398382,0.0378486848316896,0.00136227112751614,4.43465799897643e-05,0.0114495518963767
0.00691428423890694,0.0017793610146832,0.00117058243039499,0.00199687028334249,0.00924056929904075,0.00727791600525312,0.0176940146582575,0.00718305553752517,0.00147617520921419,0.00726350411704195,0.00248063861709666,0.0112949069445525,0.000685925521690683,0.00174262984866584,0.0018366657281284,0.000541764686669636,0.004128106165676,5.6244079298861e-05,0.000135663158772429,0.000274051927552765,0.767791081918141,0.00311975153520074,0.0357215216637769,0.0152506166422479,0.0373971362651075,0.0192619426969781,0.00062356939606307,0.000953344010691176,0.00193689455483608,0.000243298305946023,0.000652424133264977,0.0318754894059822
0.00605503692715151,0.0010175218048837,0.00232323464411458,0.00225505282499165,0.0226017951229009,0.00392660068647955,0.0111235231627794,0.00478102894634578,0.097345427735858,0.0028975300751437,0.000509718420256591,0.00242803962261491,0.000669985566936582,8.04838930091901e-05,0.00596181799178179,0.0948934693007922,0.0172071044772129,0.00499182882553264,0.00964371982122249,0.00663821906685009,0.000861976532264649,0.626124612978258,0.0358859958905454,0.000209289763532766,0.00426079999707329,0.000688035774740971,0.0016619751972966,0.000167984257292532,0.0177673230287231,0.00454553026400559,0.010310579532675,0.000164757866734422
0.00454840312694201,0.00185842913772738,0.000103662588045192,6.37691993720794e-05,0.0325890970838556,0.0210349543228201,0.084551637292621,0.00245866429357524,0.0665157917126523,0.00179991910076031,0.000981910481783837,0.000102349107311008,0.000313887321862256,0.00458659704487521,0.00221793746064274,0.115608515836822,0.0054301222155527,0.00167230408150852,0.00471322078826194,0.00298211127597189,0.0093852715825512,0.0117003560461314,0.600634075118016,0.000566796652646764,0.00237528916440902,0.00491980591650149,0.00821954481161337,0.00148640445609697,0.00211086451648035,0.00169975058192718,0.000915278246061469,0.00185327943460099
0.000152029095969888,0.00192624692903622,0.000564766143230489,0.000505902773406941,0.00146655805740406,0.00558035844176851,0.0126357465650683,0.00032257681641015,0.0105963467690035,0.00287616674459994,0.00186914329228005,0.00732088365033188,0.000791748889508421,0.00150165406991899,0.000316032478403956,0.00184897429292801,0.00222228573220476,8.14040299957518e-05,0.00408255354708968,0.0206326774401012,0.0653112556246553,0.00352676934728578,0.00714932483802829,0.812094086749146,0.00539948166827434,0.0107166339410229,0.00208145840104668,0.00262295409208869,0.00446657676042561,0.00153200175133278,0.00398432645088122,0.0038210746171516
0.0123534373956253,0.0126971970532561,0.00119382241269452,0.00761744604532997,0.0244381576857263,0.00428376806185619,0.10152372160722,0.00406502898648055,0.00189907811618372,0.00735651612741173,0.00383379051616634,0.00114177326089283,0.00011928826422288,0.000947864833342235,0.00107319234487747,0.0298311503372965,0.000792313352121099,0.0109628844041498,0.00803500080236619,0.00103306582657158,0.0162598706395679,0.000189441709471798,0.0190693045565231,0.0159576327706636,0.673073531079565,0.00335543341750823,0.0052934804656899,0.00201330822042735,0.0150106952289123,0.00031865708188437,0.00763636254639434,0.00662378484960093
0.00219568820377316,8.30688512726188e-05,0.000941048197872719,0.00239055100769134,0.0131200013155461,0.00176012297767124,0.00845878696193108,0.00458055027284891,0.00166178739496425,0.00105083846480196,0.00151268044008527,0.0066029192587528,0.00127736913630455,0.00198522056405025,0.000148193250243345,0.00098642628583616,0.000127023880990167,0.000892707125483035,0.00106906862447696,0.0142410845516969,0.0592537241701308,0.000407456054989679,0.00435951410623744,0.0102670029261222,0.0039643082845264,0.799739728307594,0.0030169729742496,0.0129083557639201,0.0266351565319057,0.00197551164009844,0.0115503103000067,0.000836822173926398
0.00199339300541254,0.000672798133646822,0.002000687167241,0.00935125280839675,0.00336145557647025,0.000203412186679356,0.000339050178838187,0.0036548606221157,0.00646630211788295,0.00534895392033189,0.0061691075844616,0.0109688249937694,6.13909307804038e-05,0.00472964078044873,0.00409205809346993,0.00721258074350299,0.00193812689461688,0.00319482618737382,8.30827992011452e-05,0.00243451453255948,0.0160243193379947,0.00582768346162883,0.0181447402634632,0.00622487421120455,0.0108101478749717,0.0229198015203335,0.798180783748117,0.00193706988507731,0.0347160520948715,0.00452091943818072,0.0048223990586431,0.001594889848314
0.00327630633148409,0.00359347751797484,0.00140143172149877,0.00899475358163668,0.0255888593249049,0.000839673093720584,0.00588093258359515,0.00236944092197564,0.0321404323863261,0.0268251376957693,0.001979894415807,0.0101099950391129,0.00475908065688471,0.0015725076774312,0.0161873487943025,0.0189860097483095,0.00234262827779802,7.05684737628211e-05,0.00116941208629689,0.0180485782583648,0.0108908064325342,0.00235235153969021,0.0238636056847492,0.0299213544578671,0.00340727782901426,0.0282279894976029,0.00157697712881938,0.694554229818761,0.0152546503521777,0.000105177877446315,0.000400238872900332,0.00330887192148151
0.00233982440229315,0.00308072168267838,0.00458737905353484,0.00360263244760047,0.0019901453058725,0.00347404874521898,0.00504958403116131,0.000465333345469328,0.00565586395632258,0.00937971625465014,0.0036880334777038,0.00742645569992869,0.00311124743782624,0.00043172884045765,0.00124552945058851,0.0136351417764296,0.00209729774249706,0.00548822011257524,0.00297236643459486,0.00305475559243266,0.0431186892914671,0.000500323883152461,0.00205072676501588,0.0122134748797044,0.0266525765030087,0.00234925545560432,0.00627504058427491,0.00644653068503336,0.781676816340126,0.00424673794692584,0.0287801886842824,0.00291361319156842
0.000260569240094942,4.54547765641545e-05,0.000723380047911161,0.0063561202250221,0.0163512972329148,0.0223900580811254,0.0968714473990246,0.00726957737132717,0.000866432614515571,0.000867863794187524,0.00878607311387423,0.0117424378532869,0.00529569368734614,6.15463372380594e-05,0.000111532352880805,0.0195381796300553,0.000912248374030467,0.000913987707435269,0.0118090059861339,0.00609258009036994,0.0014518407629536,0.00262865831253245,0.00390674202940772,0.000122658101698148,0.000920601134949257,0.00244193176836922,0.00979272976411084,0.000167494358650627,0.00250488788796338,0.747692474908393,0.00789563307412787,0.00320886198150574
0.00077481066185154,0.000348897451275832,0.00480821639593327,0.00632756323215673,0.00571556846720853,0.00154438932877819,0.0049402274329211,0.00242462437293867,0.00316465236238785,0.00874377967593867,0.00302611042874679,0.00766550164643398,0.00267365768861341,0.000335236705322258,0.000485045263869957,0.00297964714666709,7.03584337989949e-05,0.000853270585197083,0.00530904938978933,0.00518035792342912,0.000513828796767878,0.000497973002176136,0.00198459234356988,0.0190736924549711,0.00171642817871555,0.000939422536574958,0.0115326842266032,0.0109207953322646,0.0198705959105779,0.00250930774955184,0.86129526740287,0.00177444747209843
0.00638334559694164,0.00888897250549874,0.000356827884400441,0.0018706723916963,0.00102778192131134,0.00180486812630238,0.00609260518719611,0.000575738543206813,0.00539690208539442,7.03670012625195e-05,0.00149762598294723,0.000682363434871967,0.00106399720541072,0.000127317086954274,0.000832455538508642,0.00865441911307305,6.23400396366819e-05,0.0102787508065727,0.0035046304234475,0.00142905939454256,0.00285018148455607,0.00125329392878882,0.0176950745357777,0.0111093701548672,0.00099678007191712,0.00390446137291632,0.00961308372045389,0.000439953589237371,0.00585631706771288,0.000472393195181909,0.00958916632402348,0.875618884285391
