0.7639847959973085,0.0097290519916708,0.001625577705455728,0.007787838622508325,0.006806259780235112,0.01470721691974931,0.015745300849274165,0.002867240970974725,0.026484772467855536,0.0021529153327573877,0.005691754531003975,0.01892148247631205,0.002826347939197562,0.0023594997146574375,0.001548138876208425,0.02426942160020426,0.009361115340801775,0.004464368701112375,0.0021699023149243,0.005758771121290165,0.0056166821050932635,0.0049713796710070665,0.008169497902082812,0.008230763097802563,0.010072210177100999,0.004555366186164551,0.002998818920910775,0.004828349766029487,0.011349473467861589,0.0016127634548415248,0.001917687571119524,0.006415234426482674
0.0011747463193070502,0.7083509822352994,0.0017526912922562704,0.008521600823160776,0.019693612372736462,0.015984460959039912,0.05689953238090216,0.0046153175005137995,0.026226029575927463,0.006544711042697788,0.006795972540640108,0.011697409275287061,0.0038275804416195124,0.0023032797963424625,0.0017568504585683284,0.03185635949832665,0.007046243298052049,0.0022379024245928,0.0019185106038551124,0.008229760274173742,0.0024127592520609125,0.002636303563270925,0.012199034785021887,0.004973377197762537,0.01299362483046936,0.0057269044295292625,0.00415092860458845,0.0077912592557415755,0.0032479113876618245,0.000704347445943319,0.003449588956911637,0.012280407177738512
0.00670780670188805,0.0023721540603330875,0.7639521382413238,0.008824390131888288,0.015500976897371226,0.006372364319797362,0.03305973859876237,0.0047030757958054625,0.009813569809515213,0.003192931788631125,0.005794595645543636,0.021487247972839248,0.0032546840621421745,0.004422803748454087,0.0055282884927820315,0.0257564079401139,0.0032990452378010003,0.0019531899045363253,0.0019180915558116873,0.007225260512938588,0.0036695940723573003,0.0018953782824518762,0.008788081669964812,0.007974285598697475,0.011025700080512114,0.00501382984006645,0.0012831114193070738,0.006533195499074839,0.008227538041506725,0.0031157900017584374,0.002291608588371599,0.005043125487651475
0.001115814238805925,0.0019510024959752989,0.0032230061707774877,0.7493236155342655,0.009565581359077676,0.011672560817487488,0.04324663206958129,0.056620737682303135,0.008879531280252411,0.008319834792634324,0.005374485039475137,0.017167907734225024,0.0037494301430414,0.0027759097377343,0.0022729600085414003,0.016811805376884426,0.0021978722843829755,0.0009013200751974499,0.0014930736347369756,0.0038123673805545624,0.008733993805382652,0.0040809920689235,0.0043364590277838585,0.006702048012767863,0.0038381199930346,0.005276452350808488,0.0023756825555180626,0.0034491551942919998,0.005814964040399186,0.0007294156459228421,0.001568875521034325,0.002618393928197175
0.002364517001209585,0.0032380710802656374,0.0055748086668164255,0.008953075800951739,0.655394159387195,0.016957549820221227,0.05178965133471009,0.006490113999065963,0.017644212546651376,0.004534534597524425,0.0064172565961262,0.03984099543343982,0.004828666974574275,0.004197100442079463,0.0057290656201705375,0.055957700461064463,0.003073200595634612,0.000979299927737925,0.0029248090499195997,0.009401763672044174,0.007152479321388737,0.0023628080118474623,0.005980529372693362,0.010168466415785664,0.004457096061094719,0.010837959031992788,0.0054258009918712,0.008386809263321476,0.020291644828595325,0.003639594128229975,0.004993565513886049,0.01001269405188955
0.007185993668839838,0.0018094234852048903,0.0025618024634828374,0.011105796306839139,0.010683127036577526,0.8000328245800543,0.015465957943003239,0.018264906150567615,0.017693883436108372,0.003336278233211125,0.0075583517644517255,0.01115050148364489,0.001532869562042225,0.001309456855907425,0.004287811744463249,0.03166501012730181,0.0017622414700849466,0.001791619241583875,0.0017471887082845501,0.0022622702922108374,0.0023991189919810125,0.0060286352878138,0.008866058658226587,0.0026511646538006123,0.0028304861574009374,0.003142689160244687,0.004264499343845975,0.002957882314953625,0.005411918558210375,0.0011148742587163624,0.0022531671769546627,0.004872190883985612
0.008994150728355013,0.005483967617166637,0.002787398029228286,0.03772926282164471,0.01805366514814625,0.01036036238933731,0.7860847609472827,0.012716658928049462,0.01253432770404495,0.008587916709460025,0.00974960759027865,0.0120783678179356,0.0020059727932379124,0.0018490418457001753,0.0025272228728727125,0.011209667431259349,0.0023849817042713374,0.0037091884046683,0.001875712813193225,0.004887228731427987,0.002493013493097838,0.003574808348725412,0.007538523765433562,0.0032963060868568127,0.0023040988877345596,0.005429690618593955,0.00294041108086585,0.0024796612495804,0.004363258440502113,0.0022548560626807486,0.002966379094981138,0.004749529843386138
0.0013721781203907763,0.0011103342139290998,0.0035850273666366626,0.028387336549751105,0.03818775630068315,0.03570889863507828,0.022559889337781903,0.6142371521676686,0.04475086264287702,0.011061610752392937,0.007679390066863199,0.04431761014627358,0.0015954910483708502,0.00406347740691335,0.0062953913832743385,0.02802350598625726,0.003434665709896137,0.004811281241774725,0.0016386892163736,0.006671328844651988,0.0020675807567160503,0.0037512090888804127,0.006437074627331363,0.00466695925981265,0.02020466599319091,0.008227935651791788,0.010576084239398525,0.011108483114239264,0.014055098122174012,0.0012887848497059539,0.0012636261926614906,0.0068606209662581755
0.0072389005167671,0.00698316210585595,0.0031256925224479753,0.01814582664854884,0.011452081255521374,0.04884745930856769,0.14922432041273026,0.0040986802196962,0.5444901089223493,0.00394217708355195,0.007036955869316063,0.017427839391003862,0.002525942232996312,0.0015030078467910125,0.0008146507664029635,0.08217547481339289,0.00303064973505655,0.0072538095053508245,0.0013057385320922076,0.010184420117574812,0.0039858245416841,0.0064397670777817,0.0059050239496608375,0.010312017230781324,0.009613621718330748,0.006796826853161025,0.0020216725603947605,0.0052569798931132,0.006947271738188845,0.00109413841309285,0.0009481436266688208,0.009871814591126911
0.0016200008707647625,0.00139057898700194,0.0015552391218809115,0.011151589954261312,0.008438030553346,0.011210779656151427,0.036402579724331974,0.0122892331423362,0.014820767552044886,0.7154554629991005,0.005203321459027919,0.05708170949920438,0.00133274618957775,0.0014660621771514582,0.00745451121689175,0.019669412197291163,0.0038723760463658372,0.0008259983459381362,0.0033499035995271376,0.0038268093299966624,0.004393844711873148,0.004572249122233588,0.008141903562513188,0.002601759022233928,0.004604170952904793,0.014156552123591924,0.0015239982969519749,0.009758340317391739,0.023234179581287664,0.0012875663485886748,0.004393057327930099,0.0029152660103062803
0.0011553818676467858,0.002840036099360338,0.001025256320292577,0.0028902330191595753,0.031936371907293065,0.010485442088254786,0.0301458160945582,0.012038403287107468,0.015155998123593114,0.005137759378322787,0.7057107016250858,0.03083889873742059,0.0059140253674111135,0.0006405574750441515,0.005870564467763137,0.012808483186998926,0.0019835870867745873,0.002031190654953425,0.0036728464663335503,0.008854653638207987,0.004841604628717813,0.004848336787205762,0.013357338664820225,0.0039617014875281,0.005259825534401763,0.023050092338967952,0.002950515874838151,0.007017910671286501,0.03330452459189017,0.001781932553746975,0.0037897288287575878,0.004700281146256024
0.00189847727394495,0.003474282850320888,0.0009684178219118395,0.012568122255082588,0.01952047517846412,0.009224580287001245,0.016790833064343227,0.007155886246594749,0.007320414794130939,0.030629785506056762,0.012315654467328362,0.74169642005528,0.005447207833546541,0.0026544689850665354,0.0014534900235387126,0.012412570661106613,0.002878359610165646,0.00272434030480932,0.003608764418639625,0.004706501314166388,0.0052020623787067755,0.005476243238751425,0.015052742968882139,0.009441357788357174,0.004655394293811275,0.03159301833048777,0.003297652993369561,0.004748739263583877,0.006269572372939987,0.001704354445253925,0.009419387764358989,0.0036904212099967875
0.0006344525072264605,0.0009862365337797376,0.0018850499061664875,0.00524861911597895,0.037206829862903065,0.00828932760198385,0.03123086021942595,0.003083051488019812,0.012429919891503277,0.010447580343519386,0.00325769859236375,0.004770301224401013,0.7661131258074663,0.0013432097691519172,0.010024636334571386,0.018921622567195186,0.001234281096468825,0.0010417986402519387,0.0010909924518499939,0.003292882772924513,0.0037399009708563376,0.0022657222723163964,0.0073806617599032134,0.0083580949240017,0.004713686754151765,0.011958506421813089,0.0016241256281515125,0.02355882434318175,0.006651598505215826,0.001342103692900512,0.003956201291962713,0.0019180967083924012
0.003626419879173825,0.001123046815050131,0.0071368680835946505,0.0036492541313274756,0.01333337285539375,0.00847358583164244,0.014694284544949974,0.0030100424466465627,0.014244348726020813,0.00985564096696615,0.007586371761061612,0.021164250068637813,0.003828574976646194,0.7681945843992153,0.014462159560662876,0.022223198556289403,0.0011900610990939928,0.0010223567280902707,0.002174517562674621,0.004673003823958414,0.0027184167496923997,0.006420380892294412,0.010547361096341662,0.006410867778836313,0.011373644309140937,0.0077536543554004,0.0022962487956020624,0.005490497495881462,0.01044565805819765,0.0016831785032318997,0.005987658818435487,0.0032064903298477253
0.003244994662499694,0.004355811159848662,0.0030790419725651584,0.003935946314915112,0.04019459706889051,0.005702793391792163,0.04451691867603306,0.004147682854876625,0.007414786624768488,0.013834830288283511,0.024733308229298537,0.06731744252673916,0.021840440899233326,0.0012175604413542374,0.6434893842211996,0.014207398081072714,0.0021048595004901863,0.003102377307220781,0.0041098811598344505,0.0037414552906342375,0.003712972887461375,0.003162441646781775,0.006345640064066386,0.010924629195986711,0.005826763707042375,0.006159031883619203,0.0044485937264736874,0.022434918070772285,0.011416964829135913,0.0018770647705923375,0.005757900626826775,0.0016415679196901
0.005618196574655026,0.005615508332570188,0.001574666150059325,0.007654314368902575,0.010119383358457225,0.01686468682049394,0.08339947691602073,0.0016558537941123623,0.03195893842783222,0.002203793665495888,0.0032088766375665,0.006557347670154201,0.0013683676185424069,0.0008267819171580016,0.0006694087086479499,0.776438485943224,0.0019151139890049929,0.0024976218042205623,0.0008987691642105625,0.004314207413820026,0.00251471310001785,0.0016526471867638047,0.0027972471477102872,0.007220947372514477,0.005211052249778638,0.003605123385380863,0.0016966850777988844,0.0035498304358375058,0.0029681214457197747,0.0005838530922050127,0.0007954544788796711,0.0020445257522438624
0.01097179329532674,0.006380840039280126,0.001083349312388694,0.003463362810245738,0.01495203205687081,0.0054220636617983145,0.03480801840423557,0.0020808327317747605,0.008837629186379224,0.0041379456090306,0.005043094357978275,0.019674248636003335,0.006008893970024113,0.000312523746440881,0.004133015348205887,0.013177486096600848,0.7849945700258705,0.008707466736476311,0.00276841896978545,0.0025845074870669126,0.0042907500033819625,0.005583248627990525,0.009004036287121087,0.0044794155825127625,0.009139226702961476,0.002713357983758562,0.0023674803248871375,0.0034774752874266158,0.007648019437810925,0.002648721523691475,0.003168102518076787,0.0059380732385965985
0.004379550865108525,0.005030159145146308,0.00233282199832135,0.005858265941112201,0.016601814624426735,0.0026215414100547937,0.013311090161316666,0.006436935553099412,0.024967829719445375,0.004760239543813162,0.008446503552798076,0.019941869738165207,0.0033251022964567627,0.0017045945963548251,0.0021218643729579876,0.03347339130900485,0.008422644350152487,0.6685992992007311,0.007077568616480012,0.012481405587776051,0.01612348837758886,0.022363068364489914,0.011346703327873176,0.019129303430224138,0.020527205474760113,0.015865590738927824,0.006065554781313201,0.0028663945788172246,0.009399030506291713,0.0010949224906710668,0.0028873474959564657,0.020436897850363674
0.004234187032466337,0.005308881820284587,0.002725426964226525,0.002444773581064059,0.008012381231812572,0.010745638612133986,0.021999986439123966,0.004163268966295825,0.020918313740545615,0.0025658065410527372,0.008174918994829675,0.03166536275140671,0.0014040542406255805,0.0019307720010977051,0.002995829384364575,0.023564824864009515,0.003841583582512175,0.00475646449735422,0.7018338457267808,0.032990452044588496,0.007504482458898112,0.010458147023471524,0.01038847935689405,0.016693343460232136,0.009863763925372228,0.008230332995520112,0.0043649603954143,0.0025515913010468903,0.008021717470066064,0.008630287742494224,0.009875013670021287,0.007141107183992576
0.0013266237327938376,0.0018757853290205914,0.0010914609298769374,0.0017823008725009874,0.009103331423685475,0.005170359661273775,0.009263724592565165,0.009195527375409813,0.020155107137013274,0.0021486371408619377,0.013723764847272063,0.045883841967681124,0.0033430124235796126,0.0020015670971338076,0.0031660122847818497,0.004517951820268713,0.001021477379547175,0.0020488276479645293,0.009707434071033761,0.6734379769677974,0.010187709165357212,0.018303725246364536,0.046180675735161346,0.005663689679386112,0.00791994543981025,0.042600098429113345,0.012141574317398787,0.0032616233898699375,0.019625894458692464,0.002366170740041912,0.007607675780355409,0.004176492916385453
0.001827706400863565,0.002641273372063975,0.0019884928166327503,0.004428905398875917,0.009471138414991986,0.006823654930930125,0.020653610490255325,0.01065360039399515,0.010326424422613925,0.002837796392355628,0.006248397603188275,0.01392643831680835,0.0019036162061919003,0.0012240876897213376,0.003532423657175737,0.011760125594632112,0.002833645626573532,0.0031354424700401075,0.0019925133320391796,0.020027042724006086,0.6959171054729669,0.01156436760343729,0.04904162547189319,0.036229146077185706,0.01340726506073095,0.02599371799401185,0.00485224597056095,0.0016937424266391,0.006394758374605501,0.0014624097495563877,0.0022919346666192874,0.012915344877836814
0.004582208999398813,0.0019781378383400125,0.0017599206994132,0.0013783660557339123,0.0076071624169324874,0.011323010219634173,0.01804054786914025,0.005017930387926245,0.05980075618736469,0.0013058059781519253,0.003154647802316838,0.011771664348563186,0.0024275781134916875,0.0014007010251334611,0.0023642454344506908,0.0674807758602713,0.004914901302953138,0.006748156463017362,0.015741269406480376,0.011128795342953763,0.0035129884365119506,0.6623589533116572,0.03533996197262518,0.004460507670945938,0.010673831131257663,0.00761827553078965,0.007096505893866425,0.004902630541525975,0.009508233644649061,0.0010697183058318125,0.006970995158104362,0.006560816650566325
0.0073846885306165875,0.017087731184684637,0.0022746031137358125,0.003102797130255365,0.011142242951712815,0.008869326170597661,0.02372382935140649,0.003986802162516087,0.016717030202372914,0.00588981307976035,0.0051642495617882376,0.011110285042355023,0.0034222741844230752,0.003431547535754413,0.002291656147548,0.03920227638509847,0.009309613819124575,0.0024636933776628,0.0071521443564381,0.008470143952813888,0.005496831506480239,0.01495330884353935,0.7139683536197758,0.007963421169087563,0.010131679273352375,0.012052432790641728,0.00947243542640165,0.008175476371866663,0.014469256692374062,0.0026008435129841,0.003959714926989299,0.004559497625840773
0.001124201852606019,0.0009001474870765983,0.0010607264014019235,0.0016424067042756251,0.0076601705391368,0.004029422172196813,0.007786364225084738,0.004867065695430075,0.013908143981560489,0.0022393367916736626,0.0070439042721337245,0.026361206871428577,0.0032739375551437753,0.0009171981113115455,0.00302316264640785,0.007429116705702061,0.0012151977098024626,0.0023603981598883435,0.005953789424932513,0.018577121629723987,0.030700410533487398,0.010952485623946337,0.019044079207762937,0.7059134500907494,0.00662540376696845,0.07240339091997763,0.00975518029928671,0.002450185101890413,0.013252327920946123,0.0012792932013001627,0.0038602253590840005,0.002390549037682015
0.010448791397734799,0.019759642502568425,0.0006822064613549629,0.00661022215196435,0.010053055288004186,0.006588615836618901,0.03785672477402897,0.005063311717526563,0.03475547499414243,0.005171434184649862,0.004213417609791112,0.0095821041335222,0.0031597012337311855,0.0018957080342942875,0.003193678164725,0.022675078112152677,0.0030041700055913625,0.012432097974470752,0.0032591066766916002,0.005377802439821149,0.011773807146403475,0.008576382268382763,0.014413831665738612,0.013171957463750225,0.7067853386184365,0.002585455640839399,0.0032021516829582896,0.005452393244121776,0.00518185280566765,0.0011576304052569,0.004602682042952863,0.017314173322105865
0.0017977233971586376,0.00200196951521219,0.0018927687981060877,0.002360409516358575,0.00935375342896239,0.004439817473948413,0.014376568882841763,0.009681614369294525,0.013879629828116389,0.004258636278183575,0.013474933797239862,0.029638487036452388,0.006227224949897789,0.0036786216662888878,0.004720552713750688,0.00878119254640541,0.0013710005063488876,0.0008725356675660702,0.007259213921282612,0.01673489032125816,0.013725221256951574,0.0075324738707094885,0.008396548987771976,0.0211263865018856,0.011438551411079075,0.6967579833312596,0.032020039972010444,0.007153775194393438,0.03296974006228954,0.003182901127381437,0.005217297347548313,0.0036775363220454505
0.0019319897650585,0.001999377316244625,0.0014713600468936753,0.0024063200258983373,0.00498632330028188,0.002768228968252942,0.007209024560494013,0.0049384735654829,0.012469404772415739,0.00238716028918875,0.0077984699831035,0.020333243634505487,0.0020992153749354128,0.001734167133741036,0.002978311526841425,0.0088988013411591,0.0028290592353710994,0.0011375641423622188,0.001740172937860443,0.012731123356171789,0.006239720493274125,0.0083034073653349,0.009703599281040512,0.00891473767218175,0.011974069893647937,0.05202588331739149,0.7655375895426898,0.003344333488400488,0.0189680663231122,0.0013820129436397752,0.001559853380448812,0.0071989350225744805
0.0023168463148402624,0.0021187141107150997,0.0010099577774006741,0.007170267382183313,0.007720686206364025,0.007079749424293563,0.015167437575599213,0.008734037129396544,0.011392867916521787,0.01552192028418385,0.00393779881739287,0.030443843422025323,0.007428851860744712,0.003678892248946853,0.01421090422414195,0.014003678586862262,0.002753278570911087,0.0018049979732575653,0.0028922688880932248,0.007288651265789087,0.0028162812233036875,0.0023487364993967,0.006723105419005662,0.007926818529976412,0.006337534783984624,0.02340048844418009,0.0039525998979708,0.7508169416852336,0.017814164996472627,0.0022519089236055626,0.004814936724725975,0.00412083289248025
0.00244479819948605,0.003787721270519662,0.0014891367689319128,0.009276177692889813,0.0036529726537426624,0.010822325083941861,0.016665012757727398,0.00450648187319105,0.011225573666784637,0.008970103971994737,0.01608539816597935,0.02573592886706465,0.004687356149339338,0.0009993294409862054,0.0032688295168517875,0.009628714067736698,0.002864526882069505,0.0031873755456210623,0.0020224864445120873,0.0015889169737915106,0.0072939091001117074,0.0030404273485945374,0.010887926160884524,0.01850058636374521,0.007548424451894738,0.0039102094066388975,0.015655408212703115,0.02337112850520825,0.7456616213242573,0.00185414521245039,0.014682239110217727,0.0046848088101306504
0.003597281823518662,0.002167779441354357,0.0017863083433304876,0.003923685653616738,0.006317072897127637,0.006452756934437775,0.023697212334572986,0.004177488272395976,0.014137573960738763,0.003711237416188562,0.008120045715208912,0.01656464780281975,0.005045042932948812,0.0017099614745846826,0.004282598375039088,0.012847043815052013,0.0012609141954478998,0.0024669119626165503,0.009808525347962,0.014318518472607601,0.0014888926527046585,0.0057204285273025875,0.010857075566421976,0.009619720620320665,0.004654598462663412,0.008536514094304963,0.005843637696875951,0.0032914776471517125,0.0054489649034097625,0.7881718993823625,0.006724120755766687,0.0032500625191447755
0.0024096103146139997,0.00395934492460085,0.0012024875695707,0.006981517937459324,0.006251019808838599,0.009796652753407225,0.015988672523784553,0.0020647030032732135,0.007892798040970487,0.004713370730348451,0.005617579488933463,0.03075120103395995,0.005517824421633425,0.0013891862859546893,0.005773528166811225,0.012422761353570925,0.0031001044087371615,0.0015002487328143123,0.00331266277193785,0.005281934678935812,0.0042737903960384125,0.0024977170099535874,0.008633491870773799,0.015263800585914814,0.00678088891375335,0.019555510466632474,0.008084057016686625,0.0413915401869314,0.008307071716113338,0.0024637080175767875,0.7429482053437634,0.003873009525704825
0.010132493629072486,0.015208337358334937,0.0013557516808596734,0.00669196539736305,0.007534631532129563,0.008277884433867101,0.023990727819413547,0.003109002324758363,0.010327129710256762,0.002964099710997478,0.008380916221420292,0.01439791772632609,0.0010992679928960695,0.000897914819256612,0.0022217014302468624,0.012016862776910352,0.00619440254308286,0.0079219297573477,0.0019866812223075874,0.016904062127702037,0.008081029288851812,0.015699543925834787,0.02458403488288834,0.015843473744366388,0.0105278670271044,0.006031846655306944,0.006891912202102275,0.010052141481471625,0.007662264013547662,0.0013969761157070874,0.004338512018431058,0.7272767184298374
