0.33918992772189,0.000412060579874085,0.00668587015437243,0.139520931253752,0.00898881601970858,0.0126228501291077,0.025592954129519,0.105431094116554,0.0637462399396632,0.0144899630309697,0.00477217493683029,0.0394329177671639,0.00783254324163639,0.000405087698686223,0.00471669726963179,0.0742685162529157,0.0152478002912334,0.0114482314502473,0.00137391480187284,0.00847613902599898,0.0110793894323663,0.00203969923037993,0.000901784458200861,0.0360178453026898,0.00222900386730075,0.0099187496304399,0.000609503683223608,0.0227444595762145,0.00463346753303651,0.00719695360644667,0.00412033656628613,0.0138540773017879
0.0137667819821137,0.182644280627976,0.00999688956679347,0.195064573416077,0.0202434105256331,0.0357775902738298,0.0860065813692776,0.20057173784519,0.0410945411205607,0.0210735509940515,0.00700326863037458,0.0592652130313394,0.00174670128341396,2.22713847932318e-05,0.000125354884033469,0.0359172039083611,0.00135320835100158,0.000127520221223342,0.000396386578697588,0.00482885647157298,0.00535698460820253,0.00735247920080149,0.00279468013803668,9.64943409273345e-05,0.000184168639126735,0.00742673884585184,0.00127439378518742,0.023746346649085,0.00714486160533231,0.000917103054575428,0.00185122005574919,0.0248286066108106
0.00858745822326651,0.00344681298485835,0.197383381361925,0.118047973366278,0.001804362518249,0.0134743604939508,0.0235131381174833,0.0849649541388512,0.0354618225286239,0.0521391933877794,0.0200633273628704,0.0556209145140641,0.00111657148219034,0.000416782401757926,0.000262453927175501,0.0383012936960641,0.000408496136772631,4.30644494765509e-05,0.000621865955619722,0.110997974188014,0.0052761355909531,0.00635024110498302,0.0196036871226844,0.0910016718659852,0.00189179666031244,0.0128477290637195,0.0094811803557823,0.0768423686326474,0.00444352813739577,0.00072799243600474,0.000561094168970314,0.00429637362529095
0.00373860082373727,0.00313075030407481,0.001322949947782,0.284760563986302,0.0333670746759853,0.00118595638777331,0.0312049750111439,0.169418435095605,0.0188379160775135,0.228532547200874,0.0624112631630701,0.0400818964708331,0.000411296962557331,0.00169273766245916,0.000256168203285717,0.0433937248591495,5.49147013799826e-05,0.00141556319854803,2.70337426641555e-05,0.00986192662057948,0.001706097970689,0.000753321396220054,0.0126575596092614,0.00893042204283423,0.000799441198552301,0.00283197581938434,0.00114817209637739,0.0327828211868506,0.00120037475212171,0.000541072777696676,0.000723378742919076,0.000819067311775139
0.000651745099354501,0.00263324752994297,0.000547987743584446,0.0573563767920957,0.274879925498285,0.0251198404233449,0.0822561366831193,0.172583080919916,0.146435562197453,0.00122337899380964,0.00042202046493013,0.0120582306456659,0.00343009978044619,0.000746978197152145,0.00231267045296597,0.0364468132394504,0.000786511940647273,0.000667820162717057,0.000462599415653813,0.0403974523289473,0.00152334991246771,0.00382363507906396,0.0206181525135803,0.0541358707890087,0.0110827799874433,0.00859251987145209,0.00201288615051683,0.00645062866810965,0.0106624635694689,0.00189560906039087,0.0114967384800058,0.00628688740901009
0.00334101791952792,0.00102537593958898,0.00456781394887315,0.105446883473823,0.00952727433546091,0.34324313446679,0.00506442615686446,0.121788551997669,0.0012743694446394,0.0800755232933932,0.0324291420967877,0.0486341456719896,0.021873543824291,0.00090319290904915,0.0030983764415211,0.00125033086323267,0.000485280904960711,0.00866608498154061,0.000643511266576845,0.0438977657973384,0.0109647729837965,0.00400007480968701,0.00474951510498967,0.0312367880588726,0.0304115470745232,0.00826399657817376,0.00376443889558499,0.0345455773373379,0.0199228402903591,0.00256578673404232,0.00785703621467616,0.00448188018404074
0.0051385245800319,0.00854695771602168,0.00159449703716388,0.0976331841924289,0.047300044969794,0.0333318837275792,0.402359501530215,0.180030666534487,0.0171591789686635,0.0521873834532763,0.0108132841529067,0.0280152775055148,0.00378952007923818,0.00395302612035924,0.00433397569014972,0.0223559621414184,0.00204138826473069,0.000221093157213983,0.000150634741072353,0.00785642020425287,0.00791545895300337,0.000284874009145774,0.00643229497252923,0.00706768892026235,0.016338331591716,0.00762839826343642,0.000413169373867384,0.0091160093507119,0.00291577818822522,0.00301765102687399,0.00720134092952338,0.00285659965418695
0.00525472869362428,0.00415388576413056,0.000156363123552356,0.247512642760801,0.0197479221013679,0.00241100263547248,0.0211832241478309,0.28648565290981,0.0126436749078944,0.209850129351825,0.0581530884767797,0.0299338432749508,6.1397839312908e-05,0.00237502965565801,0.000139403896982819,0.0433468552727527,0.000168569666776855,0.00208899436744532,0.000118469323962846,0.00442187598123443,0.00454483823950754,0.000281513994866176,0.00792089435543562,0.00567117431502442,0.00331884171166446,0.000559732456644889,0.000865968239688541,0.02154911446967,0.00288544870917107,0.000581823634630146,0.000347323581799141,0.00126657213973227
0.000746431994628223,0.0012758453941643,0.00194114566061836,0.0859793867759428,0.00425639783476862,0.0108946104512384,0.0121546358524499,0.0930024057003137,0.381261359482155,0.0266634979589451,0.00595694189692113,0.0472090863067372,0.00277077672895483,0.0014229477482196,0.000177244374813618,0.0259574769111117,0.00143541134243733,0.0115825532822137,0.000247382654851922,0.083057519594098,0.00387962623902681,0.0228122248589103,0.0107804037239029,0.0581094349127622,0.00347567933399557,0.0162936539843021,0.00589910337607154,0.057247695988421,0.0107969818702061,0.0024264534618811,0.0022961496159954,0.00798953468894148
0.00280842499450417,0.00444456010903657,0.00205753595205315,0.232886794506253,0.0293175977990846,0.000135414135513528,0.0442597884333202,0.157374502824295,0.0213812319214542,0.284045292656315,0.0597203587221274,0.0268841004420084,0.00134033756853267,0.00100593317933123,0.00371980143820719,0.0492148700547709,0.000200675396655643,0.00138148207520599,1.01622030009e-05,0.0170456415718842,0.00123066157628886,0.00124279020405048,0.0162012791612882,0.013979301617719,0.000244851639837155,0.00435577411591211,0.00118691690284905,0.0200412485063238,0.000350449094458972,0.00045392726360189,0.000383410471198472,0.00109488346291772
0.0019786139470571,0.00529313049353001,0.00550317348602873,0.159046015377492,0.0246896292987275,0.00111036485712277,0.0476928278554598,0.105318851917145,0.0142375868308595,0.186991004783309,0.189248682412712,0.0646194931587516,0.00497453966765145,0.00295968024607856,0.0135493996993752,0.0639829521677748,0.00163546583897465,0.00339152722316259,4.76625539007948e-05,0.0205873817703804,0.0061302876304338,0.000621350607368457,0.0156817247735024,0.018647417010519,0.00544278132961011,0.00394808570905797,0.00270439365454495,0.0278039275146203,0.000530117028413258,0.000737750148380473,4.01360574098733e-05,0.00085404495064533
6.14995734151544e-05,0.00190216782857115,2.71374588563618e-05,0.00490047253521413,0.00328333528348658,0.00309348950088146,0.00166456298300979,0.00018523187610862,0.00605627758074108,0.0431091544441645,0.00706416700081572,0.632872427148022,0.0104188125259766,0.00525484208242484,0.00107441668954718,0.0270796895384881,0.0018540151875504,0.00274195335983333,0.00074327880471445,0.075147962052142,0.0138212991709682,0.00508717630059504,0.00292479515484756,0.0397640408841411,0.00754794663888126,0.0102482107637793,0.000793854826301184,0.0328984698091889,0.0501274484281727,0.0029422776765848,0.00476279478274636,0.000546792109829843
0.000724079680855322,0.00126531560095654,0.00136284298963238,0.0992757943410177,0.0498851125278052,0.00584494142863265,0.0338933109524242,0.0663891864410546,0.0672885895708969,0.0348222370841833,0.00351398065139868,0.0107922250133496,0.171889920357263,0.00241093080806367,0.028376269966159,0.00203387454495924,2.56487328637784e-07,0.000264447074485785,0.000954035693243822,0.158715466591853,0.00688149351622335,0.00569512523767078,0.022773286034418,0.167954589728173,0.0152059045730613,0.00951602495409001,9.25282521675942e-05,0.00876707971333665,0.0178123778879959,0.000256979625986867,0.000244008477953176,0.00509778419335966
0.00385570233373528,0.00199514198319197,3.94018502813207e-05,0.108491989200756,0.00176177371542053,0.000646525615449675,0.00103795291449274,0.0530947106097333,0.0680369248460016,0.0416009770781474,0.0041231932154012,0.117036909402932,0.00783425070257856,0.292000238853727,0.00351293197742038,0.00631601808992347,0.00300980536687921,0.00249420348577468,2.22339963473712e-05,0.0814710340289069,0.0101978744870618,0.00965146632951644,0.032711909238462,0.0586936734727605,0.0289599052234309,0.0131964909821611,0.000380259117287858,0.0274592187714803,0.0145325667535526,0.00157766454505123,0.00374485258174898,0.000512199230384696
0.00308212798598142,0.00315722711049309,0.00101634501522878,0.0836994413365291,0.0103734403784275,0.00887701742774449,0.0139707932042445,0.0757467413666708,0.105227010882813,0.0535259899495349,0.0259598888121733,0.00201291372205095,0.0189506646338455,0.000263249739455424,0.317692074898279,0.0461144974140339,5.73268572671734e-05,0.000956365181539055,0.000354412688649326,0.0689802994499689,0.00121835930257877,0.00444639849160994,0.0319923780602499,0.0877462416280717,0.00634656432820653,0.00795951850729597,0.000426787386751544,0.0114660606180261,0.00662852077822165,0.000121858331106085,0.000230577681534422,0.00139890683141763
0.00697032528245601,0.0074597808889971,0.00061056141188276,0.146017689505831,0.00162957896007294,0.0206786131510988,0.0224033034002874,0.15840500591071,0.070957518780976,0.0417989439940467,0.0112968127322884,0.0235267769473605,9.49517277189958e-05,0.00142806097130159,0.000204334610921228,0.243028699094267,0.00208903595867019,0.00205982577513823,4.72337321818451e-05,0.0879023652433231,0.00103363212739696,0.0038322294694291,0.0120748349935871,0.077644147918264,0.000612242670296751,0.0230229992411542,0.00518315642849731,0.0126035223637782,0.00792194392330185,0.00244633253599698,0.00176317046502369,0.00325236978374313
0.0123319400551782,0.00497242343076224,0.00010651138696827,0.00574068608006232,0.0380953067804378,0.00309740280931764,0.0274759782351487,0.0135384852050077,0.0605809477099471,0.000253722522238205,0.00238339364374927,0.0159745769281355,0.000460644813667396,0.000420337913136481,0.00314757892278453,0.1412492609282,0.461127316344685,0.021447529081353,0.00272061845305278,0.0213402677436777,0.00220644204831137,0.0287114160514915,0.0127535288793899,0.0116869973361809,0.0519341265746306,0.0128745011669989,0.000549158418830001,0.00405746604872342,0.00321212682815604,0.00345013170439808,0.00708929342050621,0.0250098825348726
0.00590122079982374,0.000642685677054305,0.0005502858067746,0.0011846888358949,0.0140046383801455,0.00189938825482702,0.0164535918472527,0.00178357772394036,0.0513225131146587,0.0063595684522761,0.00792532767106782,0.0835521925642228,0.00299085563828338,0.000295527235455247,0.00197892209460345,0.0442034549630487,0.00958536253448946,0.466020231202337,0.000547031083409452,0.0857173816930803,0.0144818176881112,0.000246799758477988,0.018722601183381,0.0453016157863638,0.0369379115616936,0.00634782667747451,2.85528798938946e-05,0.0579608870237851,0.0111958946025757,0.00102299539476324,0.00140946953542583,0.00342518233540847
0.00485278704988684,0.00876828944305589,0.000642459524843855,0.0250027356308584,0.0265221081115703,0.00106891647231396,0.0317652662788741,0.00738387336457821,0.105719094587271,0.00545508953870471,0.000505735222321395,0.00110602517136989,0.00387451572921686,0.000298025153335306,0.00335934828060738,0.113335239784879,0.00148415390011289,0.00216143648273636,0.39576025007885,0.0466631980708265,0.0239307481660746,0.0194121219984874,0.0510497331368009,0.0581831184390422,0.0221004229740418,0.0166341689254056,0.00220284660378556,0.00911019308472245,0.00109008263941166,0.0016848720117231,0.00183381824281544,0.00703932590147611
0.00387871310106846,0.00738992743440662,0.00217630231640966,0.205789693939845,0.00169511978438815,0.00846904103932479,0.0347716841216158,0.110584981094597,0.0460325553567192,0.0442344521270182,0.00165991607009619,0.0157356549940624,0.00110739816793767,3.03889925267418e-05,0.00381749925690618,0.00682378290788924,0.00329215134651024,0.00332477745131927,0.000158329265552003,0.318002248179388,0.000251571826286401,0.00300420903775373,0.0179696671562794,0.103835730223131,0.0195076396546819,0.0127626461443707,0.00250221888072084,0.0026517289087934,0.00290124675064785,0.00839504726359875,0.00494094600174816,0.00230273120440718
0.0107461440041429,0.010885874546167,0.00226365456716111,0.0991465798962521,0.0352315416378041,0.0104002369090119,0.00196447919819016,0.067537267878262,0.0540079323459915,0.0311946172786996,0.00344468074650484,0.0119350346444246,0.0108229998838335,0.000336021114330181,0.000459178622130768,0.019721790906938,0.00963388318008633,0.00931961905695087,0.00158190365170207,0.116564498475412,0.246402543484429,0.0210319673990454,0.0128676166677456,0.129960728840606,0.0238226141655474,0.00236867594850738,0.0183876820823629,0.00235542369461579,0.00104338156345896,0.00751421779462134,0.00598020883982222,0.0210670009752425
0.000777284801820011,0.00196107919802279,0.00135992651714137,0.0059439822829061,0.0551601120610798,0.000766311389980285,0.0635216464048811,0.00754608387523769,0.00849830491125306,0.00226292730039053,0.000400649860547691,0.0906134973653214,0.00263738753789411,0.000184976534164088,0.00472904270897582,0.0838487198130516,0.000162361708997123,0.00956260944412983,0.00100472171164449,0.111020328379384,0.0225107555625661,0.228887546301405,0.00614168673662909,0.0664383249365858,0.059370787720034,0.00446068987423125,0.00244589045625432,0.137672956664834,0.00470275696664126,6.5642428029199e-05,0.000753298830154118,0.0145877097158129
0.00423473869945766,0.00341255235051062,0.00129646220233333,0.0240028005860422,0.0104535827613598,0.00628182905170625,0.0268034140247881,0.0290060731327295,0.0030340048409758,0.00183749653754515,0.000600687374457387,0.184009433709874,0.00608681035659928,0.000263801789918566,0.00301966513733936,0.0134394146453686,0.00171689380375472,0.000389879722604457,0.000471887528123437,0.175608684151285,0.00387221664185424,0.0632106563500536,0.121988204576345,0.0931893060834697,0.00589975058872546,0.00949659559034415,0.00230854318308884,0.160133944880005,0.0256875280394124,0.00133324392663989,0.00244047806161674,0.014469419671672
0.00379397901305329,0.00616093710268409,0.00155259226483185,0.145106084760369,0.00455934185645965,0.00746022019684863,0.0161849330887467,0.0780842453569275,0.0420013849727697,0.037233315621627,0.00156320669854657,0.0201826110079824,0.00214249706353655,2.20038165418579e-05,0.00350771724148342,0.0104589943710791,0.00369919024538264,0.00493307533945811,0.000296902128005574,0.164545833819048,0.000127125048820706,0.00312331132984414,0.0150938111164449,0.355321466401728,0.0257023758179282,0.00783513857468081,0.00265082117491979,0.0153591764251839,0.00310730868856264,0.00788570218720337,0.00563687126551979,0.00466782600378198
0.00849348489309028,0.000351842607360724,0.000251649192037456,0.000765096258710192,0.0272936167551429,0.000649732904361107,0.0866906816179275,0.00356456732954957,0.00826012654162491,0.0211237813581704,0.00967190055243085,0.115434516236285,0.00237639567260231,9.65430583321087e-05,0.00148560473340486,0.0557956810527917,0.00333450198380357,0.000139336192022895,0.000388519073788322,0.0928030700984877,0.019952745257807,0.0097275609654233,0.0237160633400316,0.104151500420399,0.272266690061147,0.00459819674239477,0.00771681660716578,0.104301626623516,0.0117963793830791,0.000572317941492934,7.71161466399073e-05,0.00215233839897916
0.00031632596699965,0.000278562237492333,0.000808645671875103,0.121100977732682,0.0215022536422276,0.0011578991196586,0.0169230287600664,0.0429270064312119,0.045549152300532,0.0498017198920838,0.00878443693917219,0.00112967388419319,0.0108364343580554,6.46763594926489e-05,0.0101472055561371,0.00939510652451362,0.000342552041947435,0.00163701224028419,0.00280841972054085,0.0232712576963332,0.00520442547754987,0.0544663356407699,0.0499013248212747,0.00638310971826517,0.0131545465559711,0.479167203461832,0.000271202959563297,0.00786687108129025,0.00546981699906503,0.00345311356618453,0.000959357052856452,0.00492034558987871
0.000572645110683404,0.000735773335835634,0.000354097811244838,0.0501386344630362,0.0132797368462227,0.00277969277792179,0.00470380793327043,0.0408367016881251,0.0214596345769758,0.00916056619569881,0.00323613749602312,0.000616127185319901,0.00199498149784889,0.000143288256557406,0.00416703471175222,0.0273990199975821,0.000662266116197437,0.00262182125351891,0.00410679514401448,0.167887614802941,0.0149493999027515,0.0568002317125641,0.0683587449649095,0.163538060010398,0.0126791791057218,0.0268632897422765,0.288078731323296,0.00378902675496176,6.5559147139657e-05,0.00170136881346052,0.0049547497526233,0.00136528156912777
0.00016945786380766,0.00187391349611505,3.7322042655802e-05,0.00234128759442405,0.00232794123652861,0.00440003838931869,0.00784234307057835,0.00649590224697909,0.0089596443756362,0.0238157272076331,0.00853292540187189,0.361099336500684,0.0181958056839402,0.00335343168533422,0.00464973677248988,0.0110668262891811,0.00183836172145662,0.00242168270014593,0.00106684274926219,0.126937466387737,0.00692840369384558,0.00727658183315602,0.011782654605078,0.0689002779602134,0.00195444929932693,0.00733107742491902,0.000929655875864595,0.197009314428472,0.0877037588147409,0.00333481957189955,0.00927244491522921,0.000150568161474991
7.16528210479528e-05,0.000126849054863402,0.000922805049101971,0.00992423413892005,0.0414720681424248,0.000766861049533668,0.0273472560748371,0.013803237359781,0.00480651876531311,0.0108740916094548,0.0158137340125764,0.076684562769765,0.00297303578680726,3.2748278674e-05,0.0201791855455975,0.0174034135853156,0.00126450477663008,0.00332584632081275,0.00199550168216271,0.0965584908056376,0.0167806344164094,0.00755407609233727,0.022085506126004,0.0827055598731416,0.0285122624677464,0.00338071052369846,0.00366480759871581,0.0564840049487298,0.42185527950406,0.00248693783578882,0.00573190863276917,0.00241171435134285
0.000330402931047124,0.000274301051021308,2.40245417297274e-05,0.0146682835019286,0.00777234638227237,0.00657033780352237,0.0246653357498131,0.00539745636711726,0.00479473320697822,0.0294345911823339,0.000779033170014665,0.0143109276993418,0.00268059091648729,0.000504371417800559,0.000221932406918719,0.00758571084511177,0.000215345378910632,0.000174661876260534,4.43065632393668e-05,0.202790577712165,0.00476561242031684,0.00118063277599849,0.0114735647925667,0.199092926561453,0.000146505574700277,0.00191020279815417,0.00142932168054403,0.0107241106363802,3.91299125532732e-06,0.439325325011262,0.00547550220160595,0.00123311185174827
0.00154870743592607,0.00155445520723145,0.000105733944975198,0.102362608142078,0.0133065925379846,0.00879739797561837,0.00988201064771451,0.0268641152023488,0.0198544556394127,0.0774887175464214,0.0143328740948828,0.0421449539445801,0.0134411251300876,0.00096970065376626,0.0108760846460651,0.026212363610254,0.000409327058028306,0.000805796127046296,0.00222193578302018,0.0821827749232236,0.00107572935253132,0.0191818693272213,0.00872915949336135,0.0532521649966716,0.000163777548236105,0.0354428371829634,0.00323566448193492,0.0459841761864182,0.00312629855468616,0.00341106398182024,0.365315957912235,0.00571957073125503
0.00107142696282949,0.00521610155508944,0.000550087395107303,0.0212662100372994,0.00838711263138195,0.000590787695238016,0.0163339103295086,0.00803667790308949,0.0321044993829357,0.00823943764934735,0.00333728957910106,0.186144495277934,0.0121689225781718,0.000177307641482464,0.0036924186621428,0.0361867725865785,0.000886469153835917,0.00204593728179824,0.000790177673956955,0.0795417276022022,0.0215653153576694,0.0415590035440404,0.0153485238719494,0.0965177106726973,0.0454590181868528,0.00627919802687509,0.0041916548967283,0.160214758898584,0.0267825622783667,0.000302579183127038,0.00157780311181625,0.153434102392262
