0.742317198872109,0.0107298860061275,0.000184389414178817,0.0167724122105462,0.00987417373773355,0.0572140549884809,0.0438904006424805,0.00509209457624343,0.00789277133749572,0.00294690743120608,0.00136292004733363,0.00539575332829128,0.000911199534286684,0.00279872498157289,0.00222573924194243,0.0397464453788935,0.0166916622987427,0.00248757918111997,0.000760396432887882,0.00137516390848826,0.000730125713371532,0.00202156717841579,0.00774921998673883,9.38545473537996e-05,0.00448457890740701,0.000955352592102922,0.00199874714582239,0.000690210860574324,0.00216843629449864,0.000163386187135289,0.00127238659707437,0.00700226043934392
0.00259313474863096,0.683846726816364,0.00288338003063909,0.00873565858831225,0.0325819552204117,0.0312434039570876,0.115647547524417,0.00566303566525908,0.0147390329926502,0.00336821612707363,0.00213503922971829,0.00360252348076605,0.0047994400148345,0.0035562877481521,2.51014975916733e-05,0.0295385893206869,0.00658508879957018,0.00517347901848565,0.00106152679336798,0.00674418271349138,0.000498990343104362,0.00246464116259352,0.00400381430214736,0.000465428144866772,0.00860160394549783,0.00142119145784554,0.00073666585424855,0.00643165373756628,0.00181609584755955,1.83698681557523e-05,0.00801636942700354,0.00100182562190153
0.00802348938718471,0.00640529517612016,0.76798821205703,0.000456276694706891,0.0179808141703711,0.000362087595171243,0.0553659586596449,0.00155958598997286,0.0128116975794208,0.00178684631975531,0.00750357888214894,0.0122753052643147,0.00367511573112148,0.00286462196421635,6.60506607200526e-05,0.0147369696599192,0.000139413610573809,0.000199900869709786,0.00774310307777662,0.0299746588484981,0.000224396808290516,0.00213978253647411,0.00778975332165145,0.0166018293717167,0.00115552143984482,0.0017580169238018,0.000104288511702179,0.00057742244847281,0.00592111279738412,0.00727839006623101,0.00428121313896209,0.000249290437091582
0.000519487071096913,0.000794320343449696,0.0033806010964825,0.708936767740514,0.0104122066100311,0.0155728757207467,0.0737019449483795,0.0390046265927674,0.00759239681037253,0.00964305036750523,0.00169213457725959,0.0481013458681306,0.000987515090847417,0.00287033312460168,0.00545173110344117,0.0271340668887843,0.00245220214469699,0.000934156459191523,0.000488305456112954,0.00102759270164582,0.00266025171716742,0.00303057718155119,1.70476223697696e-05,0.00143822421797191,0.000730751501799973,0.00394172703186426,0.000565760361060896,0.00570586297230733,0.0184396073650236,0.000147411640627847,0.000824345818586498,0.00180077185361187
4.35566072660785e-05,0.00259347929241675,0.00178368403751016,0.00739051232187949,0.640056317800517,0.0165192144182079,0.0978483375220816,0.00183210188930152,0.00901157528641194,0.0103083981989566,0.00247442484045462,0.0290979019941601,0.00528073193566761,0.00295417453045141,0.00112185675772301,0.0737092673768046,0.000129931593197626,0.000430874690344196,0.000259311870169153,0.00872053416032747,0.00571926139470771,0.000659258094128611,0.0247232250210329,0.0123494827992955,0.00137016869834339,0.00977118280115202,0.000673258945216967,0.000128708143808659,0.0117215058006684,0.00142157253114554,0.00697699148542384,0.0129191971612272
0.00195683024371332,0.000286030786440461,0.000115711068513827,0.0176117927332907,0.0132764202682012,0.818830015151591,0.0100840404703113,0.0299637156777363,0.0295261859895697,0.00336621523448324,0.0049220072963869,0.00124025403528444,0.000138914423387873,0.000136419751392804,0.00384751093138907,0.036598881992676,0.00216337341139425,0.000783679566202726,0.000292198387487767,0.00103457387657727,0.000706921395509953,0.000287617827186588,0.00761577711503037,0.00033318719414489,1.51490144271121e-05,0.00153774926295424,0.000403706488755081,0.000362226575667899,0.000505436341871239,0.000206484480629782,0.000454866856318354,0.0113961061514735
0.00298673824012443,0.00287102947739411,0.00311240131670092,0.0528265038866289,0.0147026373450195,0.00990713131077538,0.79856604191489,0.0162627695168166,0.00541128669225371,0.0142752061652607,0.00943394994716711,0.00508052409270379,0.00696629394809393,0.000869476786688652,0.00242743033755716,0.00521353015902551,0.000510752274618003,0.000242947162458063,0.000318896002370323,0.00499773557649082,0.000192365249809995,0.00308399601571356,0.023671686916209,0.00242105182673669,0.00019964162661741,0.000348794331705006,0.000122709014213043,0.00107143506043004,0.00431661773519952,0.00122310438684103,0.000869520514607005,0.00549579516888005
0.000204880988651139,0.0011855494398788,0.00748292822067906,0.0356883753286229,0.0500688650857831,0.0970378284585328,0.00500642044575241,0.598743670486121,0.0237461838612951,0.00020460328449464,0.00114306702970887,0.0595984973403121,0.000443201002381796,0.00533675049146487,0.000642472127412192,0.00977941872330593,0.00203508398882597,0.00417716429675276,0.0034866800751369,0.0178849231677722,0.0028592661384605,0.00622645446306502,0.00427371455875792,0.0185890935024797,0.0162667259651182,0.00243628319884983,0.00290121143497568,0.00139883813538081,0.015153989566604,0.00050136516419691,0.00513570667588056,0.000360787353346161
0.00413794417933312,0.00397266143143721,0.00669297888753058,0.00166378233204646,0.0158937995171262,0.0894043741341811,0.245921741800123,0.00254652330246247,0.387158465875194,0.00304127508796939,0.00215849687364737,0.0159710583387612,0.0068523349171165,0.00469262015814854,0.000962827208319904,0.163722170773573,0.005893134912903,0.00222286466639617,0.00107513290065894,0.000676450322042957,0.00253787760821568,0.00386376903589872,0.00386533053501832,0.00230686057984924,0.00112530320809568,0.00232244567306504,7.86157397096816e-05,0.00420660108582217,0.00704667165745565,0.00117457094460762,0.000392307469091149,0.00641900884420011
0.000972607043969814,0.00113242409126784,0.00106082016722375,0.00172377147673748,0.00383128607455734,0.0322188093658231,0.0304435466811131,0.0185373090114223,0.0249976546213762,0.731182469323705,9.31879259035551e-05,0.0296534360250017,0.000622251324462311,0.000400008308190673,0.00976415183780459,0.00390672813487856,0.0154894753037457,0.00172953058125141,0.00266317048717781,0.001384621302055,0.0102407335144186,0.0113625741050777,0.000398077038545356,0.00334720430282184,0.00528995708372839,0.0175611123932765,0.000290035382018314,0.00238610148850177,0.0278007460603977,0.000773216123214447,0.00777435632584817,0.000968627094484519
0.000557488306043963,0.00170534516231966,0.000933690561035689,0.00437364353343054,0.0362796954047835,0.0324014886407826,6.22903032521314e-06,3.02355582214404e-05,0.0143166849826691,0.0067150591831572,0.755937073053667,0.00978481358620066,0.00891410441995539,0.000702614200439023,0.00210843630494059,0.00371800828758792,0.00215718273591981,0.000786084961361267,0.00243397368997399,0.00867257679692699,0.00135256061782253,0.00485962342549187,0.0106858093116562,0.00521726765838218,0.000108312946244862,0.0112246158408427,0.00132471651066539,0.0102682924274873,0.0364912596646293,0.0042660118365508,0.0195205584604396,0.00214654290004554
0.00300795379664332,0.00096274319358231,0.000114699419849878,0.0197722123650266,0.0190715429582668,0.012831720721032,0.00282724271342639,0.0119454023442847,0.00489477800576611,0.0305441631534961,0.00653617725777383,0.74988391402957,0.00587570928266454,0.00049033859806436,0.000228957186709141,0.00077518170723698,0.00448191198647152,0.000404165681226836,0.00581484471234278,0.00943129668601804,0.00056601248679855,0.0320221796373435,0.00739677304457943,0.0172385734786249,0.00309084766746737,0.0355606111747242,0.000975794193184124,4.62812789657165e-05,0.0034262290006411,0.000857845278209473,0.00841516948747009,0.000508727472539469
0.00193778384519117,0.000327630826982327,0.00380290666002498,0.000224300388626317,0.0312309112670437,0.0132412337819347,0.0394318152503312,0.00494458981222474,0.0035445315316319,0.00535383875918401,0.011821680744368,0.0024014089810001,0.764500376096603,6.28898961610391e-05,0.0167492122473809,0.0329370479603675,0.000280311218794871,0.00158049319426813,0.00109939776065219,0.00765009998192204,0.00140811219247807,0.0069625897809295,0.00902553235614,0.0101585916671873,0.00536153394603394,0.0024957062163924,0.0016614212504129,0.0054506956904218,0.0108235535565409,0.000967243870657822,0.00214622351357119,0.000416335754541342
0.000749426776536495,0.00179997484693689,0.000460710409869216,0.00435759708704668,0.00464726033316958,0.00484912021678083,0.00113661169712805,0.00356897862830368,0.00178217012351089,0.00162518345568279,0.000145435747641832,0.012074288633213,0.00196419752230039,0.856229124461597,0.0134270211325309,0.00553717634993225,0.000284537838937695,0.00105684458487977,0.000485446347978487,0.00262272729106408,0.00138553766381046,0.00298947640036379,0.000370525863766968,0.00855493515208407,0.00215770405081465,0.0111178871909706,0.00744636628153041,0.00121209225360476,0.0199297979334043,0.00700690344889089,0.0176303183486453,0.00139462192707274
0.00261144741202967,0.00961646503990811,0.0023420040365383,0.00828295104997982,0.0198161597596141,0.000804936215874819,0.00882228080100034,0.00468556273322914,0.0304488671068473,0.0092928639552056,0.0281188903001067,0.0328621448620724,0.018338039881847,0.00299657278941599,0.703916161516252,0.0232245197505432,0.00170017146200233,0.00287667345699982,0.00602674453231844,0.0137828039018722,0.000916018145794854,0.00198568702181336,0.0157117951261338,0.0204285970984533,0.000498748726590394,0.00300621974209459,0.00309170204694507,0.0058840239999879,0.00583345037532513,0.00603187169738868,0.00530494143729584,0.000740684018519676
0.00454696949695531,0.00328268662476293,0.00111942260713684,0.000284236876367455,0.0160711320232176,0.0137818253236006,0.104960502045992,0.00241497306975694,0.0460438439356811,0.000677862973337147,0.00101717846210485,0.00883635542593777,0.00196164604147028,0.00171639768502244,0.000266322307855326,0.766958880583491,0.00198656051625521,0.000498987729442827,0.000354415344965984,0.00734717824926944,0.000730406847643365,0.00122979162048307,0.000224050117946303,0.00513505151146623,0.00170654345872488,0.00187665913422981,1.25302655477435e-06,0.00166284475959967,0.00173959220251532,0.000699589681728016,0.000721063327334825,0.000145776989151195
0.0247129626754481,0.00376270318666728,0.00201396219766125,0.00596632107766886,0.0105280216475559,0.00256877231119279,0.00770791286355468,0.00196515641452304,0.000150384607532216,0.0126115360279285,0.000464295924602727,0.00157229737297687,0.00104967146396285,3.38416635800354e-05,0.000582253853008592,0.00429465294404768,0.850277129181197,0.0156623202372795,0.00135238319362803,0.000207199389547738,0.000580443589950705,0.00992489707436748,0.00369965558756682,0.00388387576224395,0.000167098353378972,0.00183741685931524,0.00336288853782297,9.89214581050259e-05,0.00700111527363018,0.00500395087644895,0.0100807529671734,0.00687520542643327
0.00311072002154641,0.00844738189027741,0.000189169879451655,0.0154739709766094,0.0144290920557394,0.00705059405190431,0.0103123485521472,0.00139071149677971,0.00941167778512152,0.00366972400744436,0.0065621002624887,0.00920025865726509,0.00210768648631744,0.000362139350913081,0.00058833571176614,0.0151245684266664,0.00541943828902822,0.76320928217758,0.00172580980035316,0.0214852077482027,0.0208100157084637,0.00475442235384221,0.00421609392232934,0.0555109140527103,0.00104759638353011,0.00553591964247082,0.00260601299991928,0.00150697240973941,0.00135930605919544,0.000430329645383581,0.000108284248365266,0.00284391494644761
0.00720904369603862,0.000779841894499529,0.00220337203736796,0.0058238973628262,0.0110717667253325,0.0131050485255569,0.011199287489252,0.00518041627301249,0.023973088881871,0.00197797553993659,0.0291581064518859,0.0521479821733595,0.000673943552614869,0.00548326823728347,0.00070713138775106,0.0146763399028862,0.00629383457930431,0.00344324645693744,0.71080448323032,0.00761937896841645,0.00989955198058343,0.00859781039610244,0.0253723448704884,0.00824467358399596,0.00382745734325573,0.00203426778444019,0.00139931896369664,0.000503373338764929,0.000540975182900734,0.00222270268258804,0.0227559985707903,0.00107007193594071
0.000608434543574988,0.00369902465963874,0.00164108056522252,0.00078256177934595,0.00306129349149093,0.00310323335565555,0.00266906251859343,0.00233127383022409,0.0177740153817913,0.0029574646680625,0.0178326921860778,0.0135723957758649,0.000278249420399149,0.00133407057615124,0.00100654570177498,0.00543301253089648,0.00283002911883254,0.00332832459325496,0.001620782930333,0.789381755342728,0.00485841155954914,0.00593622773696517,0.0205078522828328,0.00468747268737439,0.000263072906837859,0.0324098390272188,0.00143041189032087,0.00762191562570162,0.00574802065507635,0.0080805617180636,0.033163686717885,4.72242222614052e-05
0.00011059862886308,0.00390184260269411,0.00171341589370131,4.39467758474325e-05,0.00260311634386431,0.000637045056777427,0.00188887862536537,0.00201070060868065,0.0020656427972702,0.000812034932317818,0.00290444894308916,0.00201843216839367,0.00481096377691258,0.00125349359690683,0.00144044812776297,0.000640907000632523,0.00302571849544385,0.00281482079238037,0.000404281588207772,0.0297695592546145,0.762897217928236,0.0189433404610624,0.0356412010034548,0.0515956104801632,0.00531262738456171,0.0171588359330567,0.000996737501203389,0.0017240788552,0.00620900232760594,0.00380204731415295,0.0107285875376999,0.020120417263877
0.00177140183683126,0.000808767755592152,0.00083162971337507,0.00437920899076502,0.000124137369903689,0.0187241009744836,0.017394854274156,0.00274894525910542,0.0249318533879439,0.00125319028077404,0.000139662055520578,0.000488037748415088,0.00378962368448638,0.00341590641659394,0.00282970269284512,0.0499233806968172,0.00413680319977218,0.00339913140931466,0.00595012212757347,0.01816702003579,0.0085598796011161,0.699540664142719,0.0996608687231913,0.00674686834089777,0.00120494826443937,0.00606038909471194,0.00153300930077944,0.00104800303264539,0.00651031349827556,0.00103840977586739,0.00276877629129866,0.000120390023999402
0.0124226277137811,0.0201421482719038,0.0031158329308599,0.00617967111312952,0.00087399160222554,0.0108095425375486,0.014705472829317,0.00163398829846347,0.0165531658920299,0.00411741949232117,0.00414580136365315,0.00459482575912758,0.0029747496909682,0.00673357694647057,0.00466355047547087,0.0624563081732616,0.0170632462728545,0.00142559755707116,0.00580005173858152,0.021938344445123,0.00866882287996777,0.0211031337351851,0.682819980301263,0.00410104908399079,0.00778553624840986,0.0153103333268233,0.0014578442357077,0.00306904864299827,0.0176986636466541,0.00130984651201458,0.0120743527247447,0.00225147555807916
0.000891740606241981,0.000327546278177614,0.00139469786164619,0.000226726587186719,0.0049951041689838,0.000103354066910123,0.00175169029585707,0.00202070787295822,0.00611155999651951,0.000265393812835203,0.00446427882092693,0.00128887188581978,0.00537028042325623,0.000548653321643106,0.00102183393715672,0.00413050540959274,0.00168235353261923,0.00249380148367424,0.00242729454869312,0.0291384587484478,0.017447176747291,0.00218927386616667,0.00729048182052701,0.793039266909651,0.0026696028068029,0.0759691301473943,0.000258378188015213,0.00707703307713098,0.006965739343491,0.00453704088889228,0.00916965736138191,0.00273236518410985
0.0194802477794709,0.0143380452915048,0.000398295181691872,0.00890369939294439,0.00591963906042732,0.0134872351801135,0.00568091581066086,0.00265840069391342,0.00696190842082946,0.00775159534641152,0.00102731563175297,0.00423208757982965,0.00827492271959128,0.0012049364296811,0.00581186549880416,0.00367201345512019,0.0115696714503856,0.0158609586568836,0.00209234187453762,0.0050951392798786,0.00654497378502568,0.00269468593971972,0.0115035873547769,0.0151627928152516,0.785678703846079,9.99183852444889e-05,0.000212034095900446,0.000859215464825185,0.0015777030908,0.00344288466027374,0.0032219489860048,0.0245803168416658
0.000550021431475733,0.000221813555180303,0.00426739372530717,0.00296100722131633,0.0098595340512276,0.000121106487183354,0.000796195180224321,0.0247116022888505,0.00660731472196338,0.000870797084870576,0.0166667302223632,0.0535841532157188,0.0289584121400615,0.00314958100960759,0.00307694607674551,0.0148123446865393,0.00227932799074076,0.00156736530398678,0.002857961159935,0.00310859337849626,0.0142931533807416,0.0357352682612418,0.00657345906728189,0.0153740495945063,0.016960315301101,0.615314065960379,0.00338209286446488,0.00793373550401551,0.087333583264436,0.00791137277314029,0.00632996157590165,0.00183074152099598
0.00144790097192085,0.00274109833638357,0.000644015867011362,0.00121645793594894,0.00339363969887731,0.00965716311705705,0.023023306801204,0.0129885738260427,0.0282600652165285,0.00172145247093268,0.0270022594474799,0.0560591777766245,0.00882301085655136,8.87147989446882e-05,0.00299836231770828,0.0196155386819232,0.00492714315214682,0.000758430582696792,0.000141077715096727,0.00566183599828319,0.0187585722886651,0.000768473350375169,0.00313239662092461,0.00244070711637616,0.000424382823120631,0.0371162321562678,0.68251290125411,0.00603698179570526,0.0348023471418428,0.000946912495958277,0.00122837413631269,0.000662493250979287
0.00386289093332591,0.000847651272433306,0.000190700068210204,0.0154490482770027,0.0022131944669109,0.0249825550487831,0.013856917209564,0.0324412048498073,0.01277899573374,0.0184284437959078,0.00590622721442841,0.0187448284048026,0.0151408550291573,0.000808115815127341,0.017202333308654,0.00521394778721993,0.00169195502573012,0.00110500566358301,0.00603717766904262,0.00456855100660435,0.000542237922426719,0.0057961272006522,0.000641512344220868,0.0025437949282601,0.00248154814118323,0.0308342425500562,0.00086740233401645,0.736482826326,0.00548397827915491,0.00128749394393373,0.00671084559336436,0.00485739185669674
0.000444685682234657,0.000938495170841462,0.00346141329839016,0.00327564463156003,0.00101188564691771,0.019918568135428,0.0148666229462162,0.0042165119627363,0.00624541039254428,0.00881286000798439,0.0260153531431108,0.0323678782458472,0.00810259945001292,7.8893679973248e-05,0.00180992497970584,0.00341042057326443,0.00240716564139075,0.000429163431334954,0.00286008620232995,0.00274347344366508,0.00372395736374963,0.00272718930104831,0.00599928604107948,0.0588964172434055,0.00316551015151749,0.00372434956501736,0.00590599113457874,0.00280318512662729,0.761075585233601,0.00256537066162297,0.00199648757221476,0.00399961394004952
0.00654201137665169,0.00558499347273058,0.0026117113623737,0.00288985769553691,0.00461059357144282,0.00226735626930008,0.00512976920609064,0.000627948882681446,0.0151484028870192,0.00076754682543492,0.00521988215492227,0.00888568863201888,0.0024639908139789,0.00194687243588722,0.000857909870871975,0.0105690745193732,0.0020144568816844,0.000906037399292742,0.00740530714465211,0.00317354958843807,0.000574407010655863,0.0030522062907483,0.000609734435622005,0.00630693398506771,0.000927068290756773,0.00904783722236395,0.00249509072628131,0.00933325576280963,0.00578120288972577,0.858756881295398,0.0115440985214205,0.00194832257876851
0.00185717662222471,0.00404487557827535,0.000647094302087021,0.00496453470593412,0.00136562344666814,0.00172201113877924,0.00059189004432599,0.00138450864453692,0.00507262469622178,0.00355593493729197,0.00912078777020532,0.0131177015289747,0.00231904311683438,8.01587149565143e-05,0.00397221749192926,0.00185311859683714,0.00562724865740189,0.000261814794426246,0.00118588593687478,0.00466852935380617,0.0091653451889662,0.00318387885933932,0.0011409735181344,0.0331755106751576,0.00285927037415499,0.0471442663782338,0.00781466430696321,0.0144534704473823,0.012154162631354,0.00592444814201369,0.794826831035987,0.000744398363721981
0.00073647759765014,0.00652533737813738,0.00462850747199977,0.0240054298288194,0.0299811422158299,0.0101555648312162,0.0427378480109965,0.00529408701104983,0.00201492082574068,0.00195957979090544,0.0110559339320278,0.00359691012483438,0.00234080279265381,0.00029791510083038,0.0095444964462754,0.0258488321815262,0.00282631660623042,0.00159485536003398,0.000629156344508533,0.0790590396208748,0.00820708993528668,0.00574176643074125,0.0442715928368011,0.0422907906372162,0.0174093617084951,3.04662886296468e-05,0.00834245163421423,0.0059932606574917,0.00150898579011922,0.000597982954403708,9.65129759460581e-05,0.600676584678514
