0.657570461970585,0.0042266405335897,0.000401872370531709,0.0044600723418125,0.0247355372079366,0.0437768593555453,0.00101951764071553,0.00606016336589175,0.0510275372073552,0.000997727985755558,0.00176614943820518,0.0180379550807807,0.00209182093453281,6.03540219976566e-05,0.00054952906820726,0.0920255857580568,0.00553362104806236,0.0223399958642447,3.20447461915047e-05,0.00184604787761222,0.0139441448874383,0.000527101174033766,0.00562846158064473,0.00292303056287532,0.0135897324862533,0.00134469533947795,0.000230834119224612,0.00784020030125846,0.00519777399031834,0.00175862943920708,0.00134858172969567,0.00710732057196274
0.00420141341849307,0.73616914300975,0.00704365313319603,0.00722325013531339,0.0191311351807996,0.0106252133908505,0.0249315573073838,0.0165025704838129,0.0228101773502534,0.00167625946289022,0.0108215532059876,0.0179170250625832,0.000291824627580585,0.00153009517856193,0.0032828934219856,0.0165975139333757,0.00272040886794567,0.0012928249983447,0.00219132645607397,0.0021646474907338,0.02106391299233,0.00159286452313241,0.00174465336721474,0.00563408499270754,0.0168727032738848,0.00430455577695988,0.000113872628687602,0.00415932253988081,0.00500209049194987,0.0019253376129287,0.0144072340464257,0.0140548816379823
0.00990311888996664,0.00389379847989753,0.618027018733589,0.0469875356371453,0.00159691658198981,0.00545550942254013,0.0305578028655408,0.0180798411363307,0.0219436361374585,0.0021955628460076,0.00114905524080108,0.0544549674479741,0.020547578248693,0.00431513066460682,0.0378277374852409,0.00215604124037354,0.000927708373112118,0.000201139081876303,0.00143444195824498,0.0133908397659202,0.0015500869937763,0.00767491688815933,0.00209502530122315,0.0152927329267524,0.00966044578858592,0.00279094056344415,0.000428151058262747,0.0383330169632658,0.0217311916597297,0.000129245165452989,0.00122962298963098,0.00403924346440733
0.00476620581184608,0.00243723320465953,0.00404956213904353,0.733653716301419,0.00075630377641279,0.000190091711828443,0.0019833562025219,0.0630230560147067,0.0285597758305203,0.00277917207561186,0.00263221657978467,0.000652907458712489,0.0216615804367871,0.00324549233950776,0.00942685841350339,0.0151795938878512,0.0114372405097786,0.00175259065405645,0.00589667758625795,0.026922952126591,0.0024482132387349,0.0115465668895281,0.00815411227465562,0.0119864411521159,0.00848454302467461,0.00398689287106614,0.000746632937125244,0.0024158929093666,0.00419342016989708,0.000972696184894314,0.0027834974225861,0.00127450786395466
0.00022509114535503,0.00386493514480849,0.000405956208853975,0.00250316659582968,0.521965230024052,0.133646394971834,0.087673811873467,0.00574782108743226,0.0120283751939519,0.00487089621498145,0.00708603361379094,0.00638326900569909,0.00529302513007352,0.000732276394600908,0.0106384120951638,0.139545106235756,0.00866120238758494,0.000531476830096993,0.00104525207312514,0.00419335096617072,0.00727438562313653,0.000324893787629769,0.00537711868378247,0.00542976559695393,0.000801460641497759,0.00185117464308213,0.00425637995470826,0.00245079389087631,0.00764441900224841,0.000133375810989522,0.00566375014486503,0.00175139902760186
0.0070213165310161,0.00158962081511078,0.000701244383497149,0.0150777111555134,0.00574411738038867,0.607679033605537,0.00609368328820729,0.0309094057290973,0.0567643507745998,0.00129405363740419,0.00448377869741902,0.0268179070603591,0.0238351487825665,0.000575285174674998,0.0233432965796828,0.110247964948435,0.000634684774466393,3.05264834596213e-05,0.000533973298436085,0.00210403503521694,0.00909097145960542,0.001759013798552,0.000888732508472121,0.0146382000797987,0.00972899683545588,0.000109417653264925,0.00616947939706142,0.00737067510831348,0.0112307473643048,0.00208541198485889,0.0085186376238465,0.00292857805137786
0.0152624107313119,0.00201719398138985,0.00305968191655538,0.019076625860293,0.0240225586114041,0.0439820996220918,0.423054694499377,0.00115752484856299,0.00967492637550189,0.0191662963800935,0.00997487586124264,0.134221150931985,0.0286940951607704,0.00109588345053694,0.0337530354437933,0.0381120417543771,0.000613431448240546,0.00178831931701225,0.000213666233592674,0.000560883180474691,0.0276718777861164,0.00114056476303228,4.08459145664869e-05,0.00420475938321905,0.0311503088038415,0.0029519903480174,0.00142550021100273,0.0514016281439578,0.0516018419838251,0.00337947865034165,0.0101952391399901,0.00533456926348278
0.00347521138573465,0.00324658108085838,0.000346658340479371,0.00170822957073814,0.0232846448237204,0.0273290065395067,0.0102360145064988,0.787280945204044,0.00815421818669964,0.00440907219580672,0.00103592407938855,0.00728614336974977,0.00571602755556358,0.00331055414363061,0.0046516380657505,0.002089564906297,0.0161426962602398,0.00091680459976931,0.0050084578104983,0.0270148733661194,0.0103490923145859,0.00845859772629371,0.00926958962277869,0.0082684702333313,0.0055958321505555,0.00455355165593415,0.00127684745412692,0.00360485139365545,0.00119923506921917,0.000994675682503739,0.00301351470403597,0.000772476001885606
0.00755458102368411,0.00428344543184025,0.000713399365883799,0.0191280658684955,0.02332206596361,0.0422700151076646,0.0601377779794073,0.0116456277321032,0.371263330908072,0.00363112692522382,0.00231266233260278,0.129098782003554,0.0250558128483283,0.000176623966269195,0.01672772429302,0.030917917915073,0.00987632988421258,0.0110650391512076,0.000352454973254348,0.000976215831990833,0.0589436685038957,0.000489589825014322,0.0160058990864559,0.00465397887954523,0.0367129325239319,0.00848372150343812,0.00381375474118463,0.0467307141083812,0.0367163134733563,0.00222430202140095,0.00928818033992351,0.00542794548797473
0.00115576037504197,0.00357209062302276,0.000538552407263314,0.0154562423092318,0.0592427859705281,0.0170313172349762,0.00584283180750388,0.0212445510651547,0.0251925167760549,0.602998502805421,0.0444671394464064,0.0722809008333248,0.00346513227574031,0.000171385636081398,0.00167779525444304,0.0346847137931717,0.00173339904624326,0.00121167058525902,0.000687808493236795,0.00149930065702775,0.00044518703670298,0.000177992681331385,0.00161351293613901,0.00518515289643537,0.00590249677881453,0.00753286951213723,0.00920553511544261,0.0385814141045221,0.0115960185231048,0.00257066894683504,0.00289235198327724,0.000142402090123994
0.00219247736949198,0.00919948314772628,0.000384666876093961,0.0520627904214635,0.034880519017035,0.00271310102667012,0.0170409126494699,0.010420836775159,0.00273627566258576,0.0361529594759847,0.640254621577378,0.0328866522750135,0.0469189004226087,5.67230862389672e-06,0.0105802868953009,0.0090209668763102,0.00409475620382957,6.35537464784317e-05,2.40027632053497e-05,0.00576879567791591,0.00575330829890701,0.00388863923129847,0.00245828851311585,0.00470443897363871,0.000384589019186763,0.0153639299376181,0.00165275557371843,0.0259994526790179,0.0116555082913752,0.00345267951878018,0.00618557608099366,0.00109860271400541
0.00152716485626571,0.00315511468865555,0.00035156352174726,0.00681694721121101,0.0386627214030558,0.00327497764831883,0.00672990273651139,0.00910004775507577,0.0518663246400724,0.00110704645057294,0.00930850527667432,0.651584314215408,0.0278418429146842,0.00271687271030436,0.00804455504834926,0.00462223435091375,0.00323234943379704,0.00734175332584311,0.00013564920011238,0.0158160367290902,0.00701274370843037,0.00290970259870301,0.00088788993554489,0.00918138661379586,0.00973464152184089,0.0275035620315063,0.00607744087179835,0.00499921675528236,0.0496376948771734,0.000174004956669907,0.0143086817010408,0.0143371103115509
0.000276976189173609,0.00036482291814757,0.00213655038235404,0.0435924590978209,0.0410534970789026,0.0108564218906648,0.0565117546891201,0.01220762257724,0.0288527676146894,0.0341229219188717,0.0932926438199785,0.0925137310795452,0.405688506418623,7.79662971874916e-05,0.0136182422762715,0.037894720766704,0.000508173946696151,0.00473715884102388,0.00142235718090223,0.00299143253881444,0.0122375523180664,0.00311022682180959,0.00746101595432622,0.0019514375843989,0.00260668642780715,0.0159049338571518,0.00103342847967808,0.031717122910546,0.0142614566070134,0.00407082319054706,0.021582085440441,0.00134250288548361
0.000233483501206422,0.000970601611193881,0.00559216766488245,0.00250546468174012,0.00552088736421042,0.0185826736809307,0.0101787125322245,0.00245692547092794,0.00355849992033777,0.00716355919621836,0.00277730541517737,0.0344531945574889,0.00675273882158678,0.80302891036529,0.00407004955325353,0.0196945791531481,0.0113553613529758,0.000960958915870061,0.00134953828920538,0.00255660358779256,0.00285552469375423,0.000679380293172984,0.00150611547408639,0.00677856589553687,0.00590242076384412,0.0200110014343664,0.00160803244334858,0.00348204990734192,0.00708281325307297,0.00326938349529067,0.00256321584534057,0.000499280865183172
0.000291426895598846,0.00030475313714485,0.00379684997418046,0.0341783995206394,0.0694240210547327,0.0145209753063082,0.00980687455681359,0.0252044714682802,0.0653590957343539,0.0296360068857649,0.0211430087454066,0.0191870191649804,0.00709780039221183,0.000967095344718361,0.551507165517988,0.0370685957094585,0.000920188726586865,0.00417878469709214,0.00144403962257061,0.00410918979589423,0.00471845287398188,0.00117289340420613,0.00665366914840837,0.00671171745818656,0.000958409928332064,0.027562481706389,0.00101069026419542,0.0142338181609977,0.0075835984010981,0.00453562452956019,0.0173749166533456,0.00733796522057443
0.0188052978774009,0.0036536895889474,0.000696832258313154,0.00659790669379792,0.138564724885637,0.0558895529252781,0.0013376595244193,0.0788768413090269,0.151592942343756,0.00511346349992676,0.00498887542359845,0.0614802399456296,0.0123146578590795,0.000292285120938471,0.0217948871899756,0.34071342316755,0.00383639477571857,0.0122844906589473,0.000164044169792385,0.0043502727214314,0.00536032144588624,0.000322811353299458,0.00235311029982304,0.00118164621213194,0.00701332650852369,0.00124540535561845,0.000987435959544703,0.0337006453872622,0.0186121422346138,0.00125307789008777,0.00247147407293474,0.00215012134110967
0.0173466851961768,0.000256638815339469,0.0023237564907367,0.00142457497816418,0.0180197985431306,0.00611046968626683,0.0407088019735863,0.00794474942570512,0.0386227698790735,0.00142504588881624,0.00348104241672297,0.00254149115006334,0.00838931611893312,0.00232259715690494,0.00175556835517795,0.0156144275599289,0.783524024518774,0.00167753452602765,0.000601281858522658,0.00517026062453963,0.00507361482519052,0.00249932933563411,0.00609646807855269,0.00198688498388579,0.00863206660647317,0.00260068934057376,7.11088359363884e-05,0.00691446419629203,0.000143564041482719,0.00122922680022724,0.00492424010344507,0.000567507689715554
0.000174079209328782,0.00555717487446594,0.000272204441117584,0.00078951088949699,0.00865562370489427,0.000766599077314927,0.000677353013057659,0.000191755545442157,0.0225927330415155,0.00891818601749199,0.00820511935068288,0.0273386156890415,0.000393240799875832,0.00187120852100421,0.000883340986211557,0.00741346264305933,0.000983469704234131,0.79803801502794,0.00526502920036014,0.00854164918945216,0.00279640040833273,0.00556221435918852,0.0185553189953825,0.0241802630990889,0.00714432224325377,0.00414160058998211,0.00217031624955941,0.0157855742861287,0.000281434978535561,0.000301258848987948,0.0101747548865271,0.00137817012904471
0.00517957069058143,0.00091309383652194,0.00122527877633367,0.00758584699442653,0.0143941391488492,0.000652819748096281,0.0120443690945135,0.00740497042271731,0.0147953929130877,0.00109661570964651,0.000861999409894367,0.00478044488320118,0.00451583942138477,0.00195015740711644,0.00268882925601178,0.000582961956548705,0.00613753594708673,0.0148459554613391,0.826796004453052,0.0104878224244352,0.0122807156372325,0.00549817218347043,0.00329515403365486,0.00129792395763239,0.0138344779053617,0.00221172811174494,0.00128877849966519,0.00582801542089834,0.00101868097292419,0.00694978371781086,0.000264773199110288,0.0072921484056498
0.00374781871867983,0.0061298326290781,0.00236485400735908,0.00853469890030633,0.00430283411836229,0.00111298992223531,0.00288107951400039,0.00287135181756111,0.00938507544203034,0.00315995083996552,0.00450139042291103,0.00750531995816228,0.0466888969203025,0.00630680396117574,0.0300027146690526,0.0050787854550177,0.0111047852318433,0.00315216647561103,0.0134696165874922,0.509797398474245,0.00931317379560463,0.0723422021564146,0.0082805308041244,0.0328542884617732,0.0035119192586752,0.125625881188447,0.0285019517752368,0.00269603264371863,0.00660989096621101,0.00660890614700599,0.0212798331738869,0.000277025563510393
0.00398586613769878,0.000297671745614542,0.000124965991714275,0.00171806198844696,0.00344435390352294,0.00132378207516727,0.00086795677080781,0.00367305148311765,0.0268690624396895,0.000192465288830802,0.000821933636379997,0.0119844027327771,0.00167309053561799,0.000347487227295583,0.00295537109066346,0.00703780458589422,0.00212306921126545,0.00104984524377843,0.000598868352101338,0.0264520295754703,0.756041347671103,0.000933755275167941,0.00446964117655,0.0498953471961461,0.00448896669581521,0.00276232637867972,0.00532656124112213,0.0028326797976746,0.0062123397773603,8.83537499654815e-06,0.00182719761687509,0.0676598617826548
0.0124644886944357,0.00249703009810669,0.00142998818442003,0.000965073326829148,0.00456522272067335,0.00659634835280009,0.00175165750700986,0.0012054300889781,0.0130670121144923,0.00226444605344756,0.00339352459329037,0.0163881980322346,0.00763026322606404,0.0042032766880936,0.00735207262608759,0.00943272352904058,0.00369101507071621,0.0530025486255761,0.0117710597461899,0.0516636754561076,0.0124023386669055,0.53434750428943,0.0260225342269471,0.0233058004396388,0.132131080440792,0.00390700549424506,0.005499008765142,0.0081448707864641,0.009987300768261,0.000972040134287811,0.000833141791400258,0.0271123194618929
0.00153127396513717,0.000646498002234188,0.00163393886176374,0.000299775544593409,0.00384383608326454,0.0101915973381249,0.011495047070554,0.000348650349311678,0.0801926918749806,0.000884167837171075,0.000721799565090712,0.00217740190066175,0.00320363176495664,0.00225703291255439,0.00370290257311217,0.0728864388477906,0.00236868628903835,0.00919016076403131,0.00139257992672566,0.00707846551063413,0.0164690084448421,0.0338533414902125,0.652820092497777,8.35326978181165e-05,0.0023216417664427,0.0183210072607647,0.00389788040636794,0.000743120721710595,0.00320692031839179,0.000791423483392463,0.00397931500356337,0.0474661389269862
0.00153224574844904,0.00155816100207195,0.000354755287212058,0.00344163271429706,0.0183860620398404,0.00593790699286537,0.00394820045189321,0.00485209855115819,0.0557638455241511,0.00680685018956753,0.00249244453473385,0.065127046898386,0.0028705968526053,0.00109273292313762,0.00169741178820562,0.0451784347652711,0.00499938106225526,0.00185166072365748,0.00141870292914212,0.0377014894182133,0.0176400327863896,0.023361435649386,0.0131517535694774,0.546590653078659,0.0209645079387833,0.0174427946354725,0.00277705304713362,0.0562025264180576,0.00262166190728631,0.000585267234742904,0.0312625469746945,0.000388106362804066
0.0239254306111224,0.0337643822609214,0.000542291296949578,0.000724130816673868,0.0082084983325602,0.0105719889357079,0.0623704600746311,0.00862834446306109,0.017486243757421,0.00469992000478605,0.00125336271735106,0.020185662156289,0.00336845156509412,0.00124434902640296,0.0176253966274248,0.0112883621860066,0.0518736288166308,0.015615279205286,0.00283902997406627,0.014032088870057,0.0130005330406583,0.0281169311575106,0.00951186722023714,0.0731398800074871,0.526123828725392,0.00435844930173205,0.000563469537635519,0.000449844549674746,0.0029340226018605,0.000640695889116801,0.0136099574106062,0.0173032188596458
0.00268261028161544,0.00202477194504216,0.00222600951041128,0.00989217816811697,0.00801635305720865,0.00345243229847815,0.00103941915690268,0.000657444087462982,0.0107873416831998,0.00213101077580585,0.00354601162451261,0.0408439458401308,0.0308027640082579,0.00528490153782055,0.0289884318346662,0.00781038269946904,0.00241981487424788,0.002407935356191,0.00404151211912489,0.0129998886921137,0.0094278589380611,0.0110080248090987,0.00163846578401425,0.0188157988135619,0.00140776551752727,0.715096048688206,0.0104818962636401,0.0319643438038253,0.00208221767916706,0.00654783215128128,0.00913563586232449,0.000338952138513782
0.000333083249729673,0.00030905780842928,0.000619572619363712,0.00219349784344737,0.0396228327415245,0.00350673529572789,0.00899702950373545,3.61807887847126e-05,0.062563431656863,0.0104600587729174,0.0184024006554905,0.187265130568246,0.00022624188314737,0.000890265792406821,0.000404466057221493,0.00468762759168281,0.00212275062263151,0.00102969733059668,0.000646474665591547,0.00354847318205446,0.0340545832368822,0.000459961123455439,0.000243241743521028,0.00158491660040677,0.0253027388864141,0.00155189409025141,0.447579001300211,0.0932580273442424,0.0266616259458893,0.00125456246456019,0.0161662242569104,0.00401821437766298
0.00330608762359266,0.00351312513211749,0.000516721765741336,0.0119815634869777,0.0270920030950657,0.016804971369588,0.00721459399327104,0.0184847717155172,0.0540909555208085,0.00423388547115696,0.0105894691261345,0.104891978262055,0.0168618816167785,0.00855742141570113,0.029295549630687,0.0319365850704904,0.00898262425543444,0.0029927088436058,0.000237622481456653,0.0244284572203239,0.0263947111870629,0.00449706031219588,0.00581963473999586,0.010416246294867,0.00926419805213,0.0246392456680769,0.0027403857825017,0.443409825855213,0.0548071089884072,0.00894649841056706,0.0104074499621487,0.0126446576503302
0.00185872034904095,0.00178534719027633,0.00526174155171604,0.00800093544638187,0.013411015297493,0.0325171879593112,0.0134813104670486,0.00977045837041858,0.0292329786091228,0.0190991118996994,0.00531833036369545,0.012602184352343,0.0259385836330941,0.00197979946434102,0.00270250713693753,0.0525342892316776,0.0122211911580699,0.00872988340218663,0.000331982158258461,0.00156721049364368,0.0174852692219459,0.00143002194296926,0.00214759252286939,0.0217754829037749,0.00951589865259185,0.0134892941376545,0.0691098199080553,0.0123223851318141,0.41740147805605,0.0192638854971479,0.154531099868464,0.00318300362190725
0.00445171844960631,0.002993648791781,0.000591087064881938,0.0168402839740332,0.000437481035734672,0.00174382624331301,0.0013398283287051,0.000287949824899766,0.0208459009385015,0.00243995096972183,0.0135976758027785,0.0109311786678934,0.0152601366273066,7.03261428165232e-05,0.00430547073187128,0.00998491411312966,0.00110976747000839,0.000923096864208628,0.00876297547221021,0.0067997397965089,0.00582047068473026,0.000901966293439175,0.00146518883210248,0.00190105662984306,4.65870920686366e-05,0.0380327917953375,0.0175967149264545,0.00675125751439163,0.000962335990903744,0.774911362121255,0.0215696859411402,0.00632362486842312
0.00143016729911464,0.000940384384467382,0.00105578953047159,0.00956296102203909,0.0235191245262473,0.0129784093265285,0.00304501250921558,0.00246157769617032,0.0371244189489163,0.00987103426615272,0.000364568432532509,0.0567720780790916,0.0060227598379982,0.000699934372738954,0.000767103518146922,0.0322662079941899,0.00249013944163317,0.00313073001526,0.000494383841587976,0.00175305517101678,0.00517746895441966,0.00145313892899133,0.000309107140553678,0.00954864360730994,0.000740430925062662,0.0132005549197483,0.00955922838695882,0.0260784732582333,0.000385100833233126,0.00630310242465233,0.717642331361106,0.00285257904621207
0.00592061897309017,0.0047790590511792,0.00189779280420101,0.0031742052522456,0.00169623156304398,0.00559269169561974,0.0128281033475928,0.00409410177985778,0.00797226447199001,0.00276104906719682,0.00321846085670623,0.0272641760620659,0.00480178846211576,0.000811053844084479,0.0228828191316021,0.0249476707084575,0.0594459913764666,0.0139845551645915,0.000687927221466363,0.0203141647634367,0.0651835059246353,0.00416073263089994,0.00263458039397933,0.120731561837883,0.0633352145847246,0.0053817888313825,0.000806077493002927,0.0227569304295651,0.00831637622986546,0.000770323539773957,0.00142805946860086,0.475420123038676
