0.699913371507448,0.000848921242551766,0.0274923830950694,7.02308345132515e-05,0.0125696620703173,0.058752769716768,0.0116773293485996,0.00419305085824771,0.00673773146172739,0.00455874558421468,0.0147094425796914,0.0100460634101378,0.00929158240700444,0.0015989801771017,0.00199860273489391,0.0346825644180171,0.00124464728201877,0.000938851888246424,0.0070935493879237,0.0255456045358651,0.00166705292672647,0.00214795614574361,0.00197508516132305,0.00685191472123437,0.00548119523961689,0.00850126003991666,0.00140577651422376,0.0175504617648112,0.0017927089023965,0.00196555991255725,0.0038856365053556,0.0128113076257372
0.00355368560078304,0.502644872872252,0.0263205811149591,0.00466245779497546,0.0115669171253769,0.0600556799848397,0.00923254292711806,0.01561346716165,0.00224907615255586,0.0155608741326476,0.0317249062732432,0.00457767795129881,0.024032587922535,0.000716989572068842,0.0693787165135019,0.0419175978874127,0.0375627474302635,0.00253633608573001,0.00409619728138278,0.0109143857354507,0.0280193426418046,0.000170880390889532,0.00735997510805721,0.00130977416874246,0.0220404508843139,0.00755558286329563,0.000554251289911658,0.0342587117372935,0.00653044293659879,0.000908803583728986,0.00022457494518958,0.0121489119301289
0.00113354347036947,0.0111925909365741,0.739772368480969,0.00262246145075075,0.00781419747684951,0.00282750487914853,0.000203633140171869,0.00458794988152043,0.00862505094221152,0.0164628490891694,0.00753460760512102,0.0268147438797825,0.0240652752537759,0.0107323814076783,0.00853973283284116,0.0102490993168685,0.00381494919381447,0.00568225561099969,0.000117416094778743,0.00998397459868872,0.00148849751422349,0.0174672772590254,0.00413868157112189,0.00179880393075662,0.00705156553461569,0.0153008689950809,0.00463547240399075,0.0338242504015666,0.00405968305044116,0.00134225812194168,0.000684166084618521,0.00543188959053376
7.16496343608377e-05,0.00230858823899828,0.0132037182499642,0.674289249938891,0.0201632160669772,0.0053718112675413,0.0236671315198262,0.117841980955128,0.00149196288374109,0.00612337851180522,0.00677201678703526,0.00645817964597703,0.00984415997973045,0.000573377902965004,0.00445027834833047,0.0015148689391682,0.000513210721287979,0.000182189599468467,0.000228722870285839,0.0256254847278447,0.000307150460331642,0.0188116872134082,0.00274235251886754,0.0237490752401602,0.0190045654539681,0.00144847148809048,0.001294507030112,0.00451766064073245,0.000872224183543807,0.00106216132293983,0.00172653515865745,0.00376843249986269
0.000703659082392,7.83388532156059e-05,0.00171940603838726,0.0157317503650314,0.556538170530502,0.0211357433909382,0.0304488867031298,0.0396645697109679,0.00363826523281877,0.00289608171248384,0.00245329095989644,0.0334592519799282,0.0104867798300536,0.00243139127844611,0.00516326046233244,0.0614278322391116,0.00155394774931243,0.00342989092423869,0.000137499598535382,0.0407262836965942,0.00414520801210312,0.0131723546957961,0.00505843276685408,0.0671652177688713,0.0055667941163019,0.0138343285205744,0.00301752268479136,0.0213385108488208,0.018380144204194,0.00944346656564241,0.00107543549170689,0.00397828398602797
0.00717717124538472,0.00649787222815938,0.0414683377328034,0.010034377070883,0.00800932052793503,0.631137466117198,0.00625771876554724,0.0386679507915088,0.0183025660315365,0.0105275181927013,0.0194097624302383,0.030618852273991,0.0137848803614937,0.00138397197916358,0.0100104085042585,0.0223016528251062,0.0021794364362253,0.000174884482571416,0.00127185557270046,0.00687125727008561,0.000602962445877498,0.00565519811080725,0.00535774376396061,0.0244995204082585,0.00877934513076282,0.00117828303458917,0.000572346240680684,0.0481157948751321,0.00857689878560091,0.00212521425214835,0.000552150298672823,0.00789728181401811
0.000359822444122242,5.22722502429946e-05,0.00130601678904172,0.0124781265592682,0.1554151760686,0.00507352113115268,0.711138488754262,0.000446451966185176,0.0347366637263187,0.00086441866379607,0.00321709575448197,0.00504584125083516,0.0158224433571328,0.00106090333651727,0.000695779764403154,0.0100124427293249,0.00328604406140987,0.000565144011402977,0.00102813711676321,0.000985397242673837,0.00188885189478579,0.00241318285243846,0.00216172683907506,0.00544157244301524,0.00591043299805692,3.01965491778896e-05,0.000543616799073447,0.00936430668392096,0.00472402381177507,0.00101584546040927,0.00209567341202901,0.000820383278307719
0.00168772628337299,0.000471386071461086,0.0150464386977942,0.0519027377908859,0.284188332192192,0.021744425207475,0.287411792322179,0.173906912713435,0.0408412706912018,0.0205833807453009,0.000412061601061669,0.0196045172473247,0.000625560762703704,0.00108330591741814,0.00485551756271875,0.0144425280743365,0.00486664366857716,0.000689506614272842,0.0035549120775733,0.000276306598563398,0.00708762636544289,0.00895607930331658,0.0051193710566463,0.00121851368631834,0.0144692321243263,0.00144085843876207,0.000686517030211439,0.00566882375699024,0.000986476576495467,0.00249613481815653,0.00274651485551612,0.000928589147970061
0.00573804926628139,0.00238442700939237,0.0067571167365668,0.0145456838112493,0.0454011754164734,0.0165674953209368,0.15665061044079,0.0122342718231655,0.531335989634782,0.0102019569832069,0.000377675884444707,0.0235468003123705,0.00603293628387666,0.00348115243361206,0.00496612625253851,0.0322051332746388,0.00146589863114184,0.00530117104617511,0.000960249115902564,0.0139741614980751,0.00316976996851963,0.00285639222539242,0.0129810081142536,0.0128096151001728,0.00702870702616795,0.00580418977311289,0.00060642531750455,0.0420732363571361,0.0029266157388448,0.00459191436278228,0.0106364979524468,0.000387546888045622
0.000374068731907109,0.000100059384815536,0.0112758897939056,0.126168157983294,0.0727350380329764,0.00453579683045631,0.0980734692352477,0.159727863375204,0.00191977995330175,0.363640411729389,0.0060909345417176,0.00315800857367603,0.0137102868884095,0.000167372591465269,0.00986289989102074,0.00837882524472595,0.00198921696338159,0.000459991286278464,0.000758365592479908,0.00489764020319996,0.0118605163716257,0.0034616053631435,0.00130560775588914,0.0310340178242928,0.0331670014103421,0.0103795589261615,0.00134582708096843,0.00687855910543694,0.00146358503387811,0.00117744506982148,0.00513417921263158,0.00476802001895637
0.000300332355593844,0.002799204771843,0.00172858027659945,0.0490991736893332,0.11982868500345,0.00187151649087587,0.102023119443448,0.035272006349582,0.0434388088102446,0.00940517034553335,0.534430875969902,0.0251428572651744,0.00718621973089292,0.000812242001082105,0.00343322437059507,0.00412554436699943,0.0011626499821778,0.000749529889465427,0.000489923037614436,0.00744268762437505,0.00134553883541541,0.00205930169267119,0.0126491102128662,0.00386224020623818,0.000610936100556437,0.00298141538461565,0.00221074190768979,0.015302141637902,0.00475756156307877,0.000209989985114083,0.00233110760806877,0.000937563091000409
0.00638064462777301,0.000107053256218437,0.00525815338507144,0.00399010551235606,0.000513499803797813,0.0353980519562822,0.0519867878839525,0.0261625523241934,0.00571746946599986,0.00914831161877448,0.011615366403757,0.242748842150053,0.129894340529349,0.00877500856778204,0.0764707272928084,0.0477854297170605,0.0103907392285528,0.00185890224782699,0.000728157311974719,0.0345793424373653,0.00426838200007613,0.00346004914091288,0.00517794544670791,0.0277906215304534,0.010539542809219,0.0122991075445589,0.0345815598511221,0.0820331657832602,0.102669007500329,0.00371744844940921,0.00240511158591087,0.00154857263709147
5.75760652167973e-05,0.00290046252086887,0.000700987663716386,0.0266707122256517,0.00124670434954055,0.00298136575716338,0.0231222672176753,0.0213677082178876,0.00278498323413005,0.0295343759453966,0.0551430630763963,0.0446192644560847,0.559610754151225,0.000795795485913788,0.00856308922576956,0.00197542735536198,2.87291237118358e-06,0.00603077578941652,0.000402256633428068,0.026360529928831,0.00125280433879405,0.0192697578668767,0.00434123805999226,0.0203678363169845,0.0285832442287415,0.0303555306345203,0.00770913581883124,0.0509294256143957,0.0103065488583815,0.000323321048700906,0.00369128784572638,0.0079988971560093
0.000746886431831687,0.00535381402293859,0.00521503834367254,0.0250762608118095,0.0677299926834413,0.00300362769823749,0.0945447898762077,0.012241861476985,0.0481197117271864,0.00924030538471453,0.00319092330384543,0.0142830144170389,0.0150626404960188,0.463894242695349,0.0290845998023034,0.0136783899035099,3.60442266532298e-05,0.016059135950082,0.000449164706835844,0.048429139094211,0.0383031948520159,0.0132732857132817,0.00431859396145126,0.00202310812173765,0.00112638051856726,0.0305081550892488,0.0215867179053031,0.00019411983961707,0.00922885257920343,0.00167124920944211,0.00128167093391932,0.00104508822334057
0.000910594678573363,0.00264284393198777,0.000546239337329648,0.00357440291207382,0.142943759061626,0.0107071233432608,0.0650317313145284,0.00743033233608693,0.0235298181806336,0.000609344598758062,0.030249331286496,0.0138581093545683,0.00364030298672287,0.000756998217469299,0.572451789502094,0.00257235125828813,0.00108704088195734,0.00811069124053277,0.00210647801719456,0.0167829263059402,0.0133520712543585,0.00842914097604518,0.00340157443631919,0.000504515846327722,0.0018498297114654,0.0200677334785505,0.00404914513509828,0.0203655056472961,0.00854592232196874,0.00600425419316842,0.0030753025374747,0.000812795715805614
2.76722122442821e-05,0.00214115969817597,0.000396432090119361,0.00156634895112349,0.186397883743983,0.0218616699955455,0.0829962238484945,0.0155468034749972,0.0538164965273674,0.00977551067530738,0.010913872442583,0.00993218782243666,0.0362585012170807,0.000842547881904756,0.00949209876114051,0.397700826210529,0.00389033724111825,0.00232290644129676,0.000751677890696219,0.0628680725563826,0.00897145306678757,0.00826813520170879,0.0039266143291143,0.0149805039068823,0.00599140039672094,0.00509137478657632,0.00203019043047468,0.0295984295781395,0.0029699108050752,0.000297911722413696,0.00665200322734761,0.00172284286623205
0.000475203814315562,0.00964079795619565,0.000223149522895723,0.0468342985586845,0.0189293110425541,0.00120264264297583,0.0316677758807177,0.00503641004930005,0.00873460935029006,0.0524822472835292,0.0064221634470341,0.00791475639307461,0.0208558221734235,0.000415787964989253,0.0477776939264908,0.0111564720900829,0.580277823672526,0.0126392842866781,0.0216914557219443,0.0300793443140077,0.0260463762760218,0.000972173466133571,0.00692375445909659,0.00148043255134933,0.0205601352912221,0.00194620805383931,0.00170245405559438,0.0202893850744386,0.00105047190396953,0.000857508648943259,0.00144240991957719,0.00227164020810442
0.0050720128884262,0.00251730584760426,0.00660291630043195,0.0493188296720455,0.0519683719485915,0.024374410761598,0.0766187216540556,0.0271218942203645,0.000584242486306072,0.0205743996152659,0.0416898209021966,0.0479258767687885,0.0566812495795679,0.00223368261433853,0.000700659545474626,0.0414058826125325,0.00635105607573495,0.354274847225588,0.0017921716811524,0.00378071666300578,0.000222184478790386,0.0035693848907452,0.000679119332682675,0.0105380775949985,0.0117277857338186,0.0128833665316335,0.000593122130130728,0.108056351802866,0.0018803815229052,7.93110144170711e-05,0.0220848566903401,0.00609698921360256
0.000287797492420019,0.00146918701684736,0.000432790536754504,0.00285967560581612,0.0391972181357349,0.00387158807657244,0.120983002828908,0.00154895490803224,0.00209360048211044,0.0038437374562305,0.00627210272284148,0.0206841111142663,0.00508971360732579,0.00525432253188897,0.000675877256251949,0.0439677954694331,0.00800457368032556,4.13554761555943e-05,0.621370028528581,0.00330627401790397,0.0205914054166612,0.00286709139013397,0.01368610407569,0.00375288971988705,0.0099396879076909,0.00711262449578524,0.00260734911586744,0.0188044292735942,0.00684363588282551,0.00550446807070475,0.0110180144419394,0.00601859326482014
6.14599589464181e-05,0.00024872729614844,0.00112356572761071,0.00329084133706297,0.0152650057223053,0.0028685934133936,0.0164366651399131,0.00377298753749654,0.00638843917639002,0.00511937175877149,0.00203684833682293,0.0164034655388914,0.0325544541056447,0.00425388243335867,0.0315169009107209,0.00450834949032883,0.00259477709419994,0.00211537904422348,0.0161890286767834,0.682121977696613,0.034275392205887,0.00623533059181414,0.011681454593027,0.0164521337182556,0.0263216267289393,0.011079608220118,0.00308197722266167,0.0168947279017373,0.00736821582962329,0.00150737489156255,0.010361328894285,0.00587010880646283
0.00270842397447269,0.00214090485975288,0.00699427500637641,0.0584520845932687,0.00742457761366413,0.00826389776803718,0.0279819365783635,0.0169669888157502,0.0162492044201743,0.0088930929035915,0.00843687235191851,0.0497251743143395,0.0159308702179923,0.000217499023072649,0.00266396371980254,0.0334267122368375,0.000233984318615316,0.000291918539692097,0.000539185449894563,0.0237441845369359,0.473388852245673,0.000326033832759045,0.00360051724619146,0.0711197932141193,0.00507217999879909,0.00409059756256165,0.0173641529280294,0.0802579622381951,0.00880252056313701,0.00485624569788527,0.0117344315275461,0.0281009617025512
0.01222457505029,0.00128811554897103,0.0103572148779876,0.00421892971252994,0.00415717491045603,0.00215439492681381,0.0279047394521419,0.00371862439364789,0.00328965261365543,0.00641112553196174,0.000579974270065744,0.0196032298448128,0.00014588098062222,0.003885069102641,0.00025323765759716,0.0232016326893683,0.00200119042518621,0.00655597603872262,0.000437674380131656,0.0375970498940104,0.0221281106294054,0.603404859289874,0.0204150918264963,0.053665755070498,0.0781516400804557,0.00172589228555152,0.00279990759622807,0.0261803212576555,0.000470747471133593,0.00362978341754947,0.00237100790463651,0.0150714208689028
0.00245713256685819,0.000177926924149237,0.000280171003976659,0.0730899665504576,0.00374303846826751,0.00462771124509532,0.00223202214108384,0.056236309706305,0.0753604096359422,0.00251838319520553,0.0182130909289743,0.0126605649185828,0.0430288750104576,0.000539277155906236,0.0068550717976096,0.0389623469387808,0.00109424327036305,0.000328882036131403,0.0010729055324532,0.00663072689402315,0.0121489213049946,0.0396691994170751,0.497076446123323,0.000465824193239982,0.00742500379062919,0.000415370690632935,0.0153833147193727,0.0155432196215286,0.036482239397031,0.00153949144300769,0.0161043663669441,0.00763754701159781
0.00708786928473552,0.00202755096461739,0.00666526487907807,0.00136858658341027,0.00201485003072223,0.0159219623329007,0.0142602291369699,0.000156864082963645,0.00711166112346071,0.000978571827527509,0.00327325618068113,0.0168720730859985,0.053778841502513,0.0130459370974033,0.0747762275399343,0.000786299152391803,0.00549383611646905,0.000617675606505706,0.0263889888381454,0.0623159728661866,0.0366674650219971,0.015418182687778,0.00424931943715149,0.547920602025836,0.0208470606002056,0.00802084811386934,0.00570724485912312,0.0215250078942668,0.00383214143210657,0.00171791900492085,0.0160198770859061,0.00313181360422417
0.00371870649772201,2.70564340571281e-05,0.0149993705375712,0.0114143010748768,0.0500005703378638,0.0210606820197481,0.15463889542862,0.00483575071904152,0.00719064842180947,0.00441158312850766,0.000437025760791903,0.00689638157197236,0.00515500394275742,0.000147308839885714,0.005001145141884,0.0165317418401309,0.000521074494939841,0.0024094034202755,0.0014962227863618,0.073837417695912,0.00286610692450679,0.00133507470814663,0.00714204151934079,0.076987587008834,0.43449118464414,0.0313285060597749,0.0042895822075306,0.0350426920332128,0.00375944409016243,0.000547900223883384,0.00484432606847802,0.0126352644172606
0.00345848450999289,0.000129470546148261,0.00164808818701192,0.0201168764154546,0.00501212700686057,0.00495062323628194,0.017622050302122,0.0144911363759625,0.00135674675778854,0.0251666397686686,0.00891094827738964,0.0109323256174456,0.0801849806970465,0.00128117932095804,0.0496598559048675,0.00126020182735282,0.0128272419904585,0.00163258989805411,0.0209726521869712,0.0185697813590394,0.004887980932661,0.00136352176344014,0.00813250754387645,0.00626404599075763,0.00393626192765765,0.60180819033255,0.0169124109289949,0.00274977809945673,0.0179213498961373,0.00702320405468508,0.0234895652318701,0.00532718311203791
0.00541657204576672,0.00404573972465808,0.00440543227821961,0.05844159906305,0.0183699248666881,0.00403970575654943,0.0262325419703111,0.0256078989170951,0.0241262306505676,0.0320942317550944,0.000379804261921521,0.0998564715878055,0.0254296592272215,0.00877259993991037,0.0626578941619929,0.0198166574926332,0.00681835776455052,8.58731305505957e-05,0.00389664127383126,0.00818102395339495,0.00864182426339823,0.00190423698804263,0.0342023997013859,0.00782633556979345,0.00181017535397337,0.00788161219939763,0.327339724277763,0.130659891856016,0.0211565830909068,0.00259092235809395,0.0160968049097355,0.00121462960968164
0.00384689058696927,5.33106119345398e-05,0.00255774669517852,0.00497236288025157,0.0154049597430298,0.0216447286166514,0.0199787062865121,0.0100506533434073,0.000357944808290926,0.0122811000564981,0.00755718499516283,0.0911875015138799,0.0288095948737607,0.00317353514641163,0.0364905303478334,0.015936410344788,0.00628925753149728,0.000433638477357636,0.000285460518989033,0.00490327188177474,0.00397885821001325,0.000235106663700705,0.00131326931403262,0.00426348486291267,0.00429485067274461,0.00325620152457938,0.00580681468818799,0.625769719782545,0.0490949062327599,0.0105589851604188,0.00367170839992127,0.00154130522800582
0.000461824824570734,0.00281320843419831,0.00526073436071264,0.0119553418877994,0.0435351059071681,0.0283386115706313,0.0282080117769451,0.026451420741246,0.0330604040075501,0.000739051561281588,0.00565214334262445,0.0364862455411804,0.046361365138042,0.00028218297370274,0.019399721381849,0.0354731238820298,0.00184896732996646,0.000125413654684165,8.85249732203633e-06,0.0208672431004227,0.00425708468338196,0.000912517290900697,0.0205381377294778,0.00694247969172575,0.00315149053367867,0.00544905506845944,0.0318869493862397,0.0497383044406842,0.499387948983074,0.00535345776078531,0.0206501506921679,0.00440344982549788
0.000144760437589551,0.00142757081701482,0.000667616420664848,0.0306001795901522,0.054002489449826,0.00813960319269027,0.034231825505736,0.0481963577547166,0.0114457207161605,0.0098181100372818,0.00478842735838067,0.0601936940566275,0.00945142739121526,0.000757335967221433,0.0165226755959545,0.00226242887301148,0.000805666341275298,0.000334508387651693,0.00576830828050086,0.00555860334915326,0.00586772273157383,0.00813020131643893,0.00556955407874971,0.00701827972596258,0.0115638922320222,0.000516914163415849,0.00248365813903349,0.0997510882413149,0.0162566972263531,0.520894846157843,0.0158787475289769,0.00095108893549075
0.00168332366386755,0.000949939272762009,0.00954535620945666,0.00648105078586688,0.0292269234265005,0.0217594206483005,0.0489558060893178,0.00421468212366129,0.0213453077811275,0.016075267606748,0.00018608730816845,0.0134604428471731,0.016939486210775,0.00169021442708606,0.000158008136347343,0.0382399203777085,0.0011431884241947,0.00454845403487822,0.00175494907565162,0.0411618975920386,0.00884229974576517,0.0104450187125266,0.0167335980366036,0.042698254621348,0.00123095098030405,0.00123726120917089,0.0304758804779048,0.0044692682516128,0.00130935642310508,0.018841673735204,0.579924013277483,0.00427269848734233
0.000282110093596782,0.000266161791940916,0.00437102721179499,0.0227675996219406,0.00282512626201018,0.0119652050789892,0.00725011811333462,0.0122830381014901,0.0152966157610766,0.0125965987906965,0.0110404139609481,0.00257238300158208,0.0332171893817286,0.00017095616012654,0.00248719414144868,0.00723824012572488,0.00140462031324036,0.000503035250567922,0.000426902169102496,0.000776317922291781,0.0651027176927711,0.00305480303725961,0.0512217669301507,0.0329194798007466,0.0133650870140556,0.0141702141221275,0.00507212054546882,0.0261588689928176,0.00274727763733951,0.000494077535686426,0.0106986871878534,0.625254046250091
