0.346140465454842,0.000449916010266543,0.0120352040771757,0.00256939215366926,0.227196580795147,0.0327546761395664,0.148435630993001,0.0193195076544097,0.0834346902145445,0.00342259805737488,0.000313367511135814,0.00433004561473139,0.000947262944418225,8.30236971165482e-05,0.0105234507314988,0.00232391221474406,0.00875092953467555,0.00400460383553646,0.0001968560747401,0.00101784979023191,0.00340407918031196,0.00740349742868375,0.00118103445782328,0.00564909283934787,0.0120307629448621,0.00285996437644446,0.00113589298107386,0.0158008170120171,0.00201647086999419,0.000647323498477926,0.000588836778228459,0.0390322641339097
0.0230976255906108,0.572238087964328,0.0403768398859909,0.000380595514821138,0.0359349862085521,0.0558716493926937,0.0510235700782012,0.00776892365733235,0.0434900032434371,0.00108346576184128,0.00211287632156125,0.0110327299083559,0.000878725562579418,0.00236717829139228,0.000162290598697552,0.030067098838299,0.00324641743451855,0.0027009175180097,0.00320322215829988,0.00016848773141586,0.0092436005456005,0.00214747592312189,0.00292742887644175,0.0078842918002942,0.0103762382583811,0.000480101905318453,0.00179429724745522,0.0119896371501087,0.00604839933863269,0.000612264598282997,0.00372899369253061,0.0555615790028938
0.000646126097574347,0.0382814180305032,0.685807266091713,0.0137522642403934,0.0235293136513265,0.00677295147872923,0.00402831625546129,0.00302009835309892,0.0232152770646098,0.00994600486966673,0.00811478947792636,0.0014975003196683,0.0232140337454979,0.00361698426555731,0.00676055322301652,0.00428779787923669,0.00293605892771226,6.77020793022272e-05,0.000476206876163891,0.00142758198922897,0.00837297068924105,0.000805691641030302,0.0227211511266571,0.00466819825621639,0.0229776103934649,0.0209319388612163,0.00456485240600085,0.00227887030295979,0.0014240698554504,0.0076199662213911,0.000326639985117062,0.0419097953448682
0.00150029418912771,0.000109890688178025,0.0349331385742459,0.595767024836597,0.030928787218974,0.0170528594982215,0.0730041522685654,0.0250694805943719,0.0449378811371038,0.0014435612371119,0.0206849815962463,0.0109353621773033,0.00244476127453021,0.00959988945749072,0.00252400738906455,0.0080723558952822,0.00569055083046629,0.000796848921506868,0.00318632844609836,0.00131295529534501,0.0148025928555049,0.00284493765004818,0.00790265910845316,0.000395609620690951,0.0297046651197315,0.0176284246079649,0.000782035527276622,0.00965548273706472,0.00618698036611904,0.0021714619897839,0.015210481917745,0.00271955697378612
0.0108269113521794,0.000950249522917827,0.0105242757516257,0.0043155107856402,0.526409559000752,0.141646519250083,0.035580823600289,0.0127152588970075,0.0325163064757686,0.000966514231712784,0.00292582438740908,0.0138693896307097,0.00163508283307823,0.00047495444167297,0.00320634856798904,0.121187942870447,0.000731604765082523,0.000273092769879759,2.16685401044482e-07,0.00475492936120971,0.0211036728580872,0.000359831857781399,0.00762999801948426,0.00116277148279649,0.0045440794411051,0.00203595329189899,0.000170433764047872,0.0133004285222196,0.00886189487710159,0.00222410209168814,0.00602159145578401,0.00707392715715091
0.0291604418685816,0.000794766249640583,0.000786201073971636,0.0102876348076393,0.0424965020752343,0.569926859542094,0.0491539993573701,0.0542562154859441,0.0758559322982259,0.00210892743740252,0.00471453245226673,0.00821630476998179,0.00355623843300514,0.00119250578140718,0.00596662785979076,0.0446561385299257,0.000756132884628325,0.00362657626540965,9.18027891343075e-05,0.00627699072881547,0.0139962995540398,0.00198793020724385,0.0208198417299989,0.000675646869263477,0.00707407979684883,0.000750306678375936,3.87621319527814e-05,0.013594350206036,0.00509163600192091,0.00727041466583826,0.0074330682250943,0.00738633324291742
0.0384247191791488,0.00195387144280393,0.0163763646593145,0.00160180765724905,0.00440500593291847,0.0868349352169295,0.547416167970367,0.00102428714796429,0.00620054377583379,0.00780027254245106,0.00468528499462234,0.0145910237147616,0.00458631106411115,0.000925631866145421,0.012080158603158,0.0491179960463185,0.000485194204317057,0.000173810725859296,0.00142946235969646,0.0128497760002358,0.0718329496299237,0.00151493239532215,0.0261793410848279,0.00389830330426865,0.0217569966303402,0.00724751066190486,0.00147560671512595,0.0113200094765067,0.00723198645594063,0.00825426991752839,0.00782271545509049,0.0185027531690149
0.0047313198040383,0.000179304325551719,0.026589685695009,0.012990268780267,0.0638555840316252,0.0844198090426774,0.0804965408179534,0.567665359853559,0.0236908428142058,0.00326777664232621,0.010090424312664,0.00728407369036588,0.000916961748050728,0.00496445033109541,0.00443451095498275,0.00837196909527014,0.00485994604096829,0.000381753957894386,0.00171216708393764,0.00320782980434215,0.00641433613255428,0.000231010370983001,0.00485731256269968,0.000962939268725195,0.0140668663202244,0.0153577837695902,0.00112265961006764,0.00293532362429548,0.0101250669586519,0.0031114381266446,0.0193192469809527,0.00738543744782616
0.0155051753572214,0.000523464480702334,0.00104057929860789,0.0203684836172058,0.248448609040964,0.00105863020049563,0.370235938258058,0.0332705432832677,0.128189505354067,0.00456752229612651,0.000739380181123565,0.0169730643206092,0.000100736375288972,5.13510323044368e-05,0.0111756548088923,0.0244132820306776,0.00182833363896017,0.00131406050075979,0.000528576078208615,0.00340201773451213,0.0191435129171902,0.00415495061228116,0.0112919253747041,0.000189664500238653,0.0309463799700084,0.00133071029631875,0.00119855564431937,0.0382828524854977,0.000798776852293976,0.00140457877852716,0.00102946015144268,0.00649372452912434
0.0019084747382308,2.0954911484784e-05,0.000617774799832381,0.031197118681525,0.239268916194135,0.01393767254232,0.0628993154885241,0.0411057214252237,0.125372444067982,0.355036303882008,0.0103839985671574,0.0193555273604839,0.00501425307376206,0.000596790119218279,0.0013847427518974,0.0323081705047444,0.00270652110897055,4.68899156668975e-05,0.00243870130752177,0.000749829760426857,0.00462689271804595,0.00190029260808953,9.80877100613625e-05,0.00107785259681479,0.0144618748481914,0.0136458341330446,0.0035414863981688,0.00802131377275815,0.00470097017960333,0.000373376265427062,0.000152748737617008,0.00104914883106261
0.000762899524164575,0.000717375414885497,0.007741167540217,0.0980743368243606,0.014081296476046,0.00195231379794609,0.016481222779378,0.015961417807974,0.0416763082474964,0.0152969993387541,0.564410688555656,0.0648319359054855,0.0219971628553597,0.000998321927459028,0.00208180055678901,0.0106384961579757,0.000192459175022106,0.00214664934463523,0.000544999882323939,0.000505694907740108,0.00725476717503604,0.00552206736627187,0.0100490493422678,0.000393966072923066,0.0147226812686891,0.00620231371911073,0.00333147426427396,0.0622619661448773,0.00373481626252993,0.00218877177418934,0.00307647534246672,0.000168104247695311
0.00518819114802978,0.000670590498399183,0.00279227914190719,0.0202774372252475,0.169712144584296,0.00165327944480281,0.0806367048214675,0.00514404849317038,0.0856486465146959,0.0105282496376482,0.0130261397931661,0.156201402851176,0.0273913330676764,0.0071570669288683,0.00766341539457679,0.000482411519728541,0.00403662701872093,0.000471391192331051,0.00336835513442968,0.0306251466000674,0.0234933189688209,0.000810784039724447,0.00218333907785729,0.000466277348115019,0.040643817346246,0.0806117785174458,0.0186136051275196,0.119853818973423,0.0142441105160579,0.0117891871237103,0.0546013151080298,1.37868426445798e-05
0.00190120476758279,0.00145072871644281,0.000986125138832622,0.0243743718758993,0.0732139824267533,0.0180075452206201,0.0156628499587272,0.0671881342100245,0.0865050565449766,0.0109378902535412,0.0741391855016139,0.134602255602845,0.274499804640932,0.000640954375759163,0.0340369451016854,0.0302072679394528,0.0016386093896536,0.00179790368459927,0.000212403029934284,0.00134238747022785,0.00373821920030893,0.00696651613224831,0.0205194045897573,0.00369336995438242,0.0081213263146397,0.00612900197018253,0.0040473739358943,0.0505927977893769,0.0150649613264204,0.00598230298825519,0.0206706457174753,0.00112847423095477
5.03348048152764e-05,0.00256723827906484,0.00838309362579419,0.0762734293464651,0.0137277063626171,0.00888155227788831,0.0190866659893885,0.0203368867828962,0.00929523827984382,0.00765312816439832,0.00115840191299818,0.0187759921534762,0.00563092560904968,0.666208785213002,0.0216919601239199,0.0461320454968812,0.00741899190672475,0.000477707542546798,0.000947025916284161,0.0012437199818009,0.00069126358075463,0.00186647226401274,0.0023523936923906,0.0111947072428933,0.0047256300129519,0.00585713083334338,0.0110883387523407,0.0097856640962315,0.00605055779584039,0.0099716014577215,2.51381931331986e-06,0.000472896682350977
0.00217284045071906,0.00203108964927527,0.00400388400968838,0.0256873690224297,0.0579953270916495,0.000869882900854803,0.0636125901123552,0.0557786699907139,0.0121505288501544,0.00416767318040748,0.0296950901789682,0.0141206507763088,0.00353860413607599,0.00425688162856075,0.636520936793318,0.00141050054318506,0.00428200812126197,0.000150416478050109,0.000150331259476851,0.000363660760180694,7.48188635852675e-06,0.00203280141433475,0.0143632055509962,0.00210411324466992,0.00142143818229092,0.0043489586325841,0.00182096612415087,0.00305156469311597,0.00517692640480152,0.00832519317992595,0.0337447650356751,0.000643649717461665
0.0335356437462054,0.000206025597926777,0.00566177974293082,0.00165130960903991,0.028459569040528,0.0104004054823405,0.189354699464869,0.0292684343612978,0.0152176844025948,0.0105157379681879,0.00465902510938316,0.0434174945090897,0.00443913145201632,0.00428207964070912,0.0212059221633435,0.379470097499285,0.00701420186756772,0.00364244648934675,0.00226399953768221,0.0003970120941653,0.0368092162645997,0.00381179300486854,0.0118101309405438,0.00670675798781127,0.0199738069598951,0.00529010930871342,0.0100623343198307,0.0772273256756734,0.00738862978069967,0.00262562976794678,0.00201010132601892,0.0212214648848891
0.0032698864702903,0.0174729563457781,0.00451810413753164,0.0249962943195971,0.0864287586917144,0.0056993167847422,0.0133646484795781,0.0388977650760941,0.078740560014764,0.00284288457782889,0.00031626588655031,0.000685674717387284,0.000305481434863894,0.00192667261364889,0.0242642124334233,0.0185779876725237,0.462177011365008,0.0256563712870711,0.000613439017412264,0.0043161529582797,0.039424016921973,0.0179425794335294,0.00484968501359797,0.000112875953903398,0.0232623769882397,0.00330446712935466,0.0016166878530533,0.0171296344318845,0.000960202012845816,0.00717131903006875,0.00771367098172352,0.0614420399657383
0.0163086464287352,0.00153020427425858,0.00185731439034197,0.0187116802688815,0.0387628507567004,0.00336856966295995,0.0595618243665741,0.0208249064150216,0.00584286094289057,0.00153640674234478,0.0168268920016739,0.00790953030081259,0.00602504757010964,0.00396670776140526,0.00532105160481833,0.00738303654845963,0.0157930966271374,0.681471171688712,0.00186973117965618,0.00334077124966141,0.00693560326886082,0.00335602505387522,0.0167320210987656,0.00243288985445496,0.00541709236513292,6.29878745682598e-05,0.000750127065854754,0.0062027895811452,0.00583129798588517,0.000144558861871159,0.00104633309610357,0.0328759731123273
0.0031241558217815,0.00177901020955119,0.00160047557575172,0.00181143747953395,0.0894773411089261,0.0215668062631168,0.0204332377978698,0.0106251236018456,0.0863923792751453,0.00483318855620086,1.48584326271352e-05,0.00826091348730653,0.00685180622043807,0.00652645576745378,0.0190619778958715,0.0230786910957038,0.00143669647890119,0.0148914739162353,0.530326072384639,0.00432921152576713,0.0289070114528289,0.00116717525827927,0.014646688465416,3.06264782274141e-05,0.0539103748460082,0.00264369467094297,0.00872264905079112,0.0188796454777358,0.000159787989139337,0.00674126831715523,0.00776705070583969,2.71439296920264e-06
0.0056080485461107,6.86481201515641e-07,0.00309201510515107,0.00415358259361023,0.015285717949451,0.00365601730667314,0.00328387010314735,0.0046401736447114,0.0411588787175958,0.0106151158316836,0.00464849589049052,0.0659010560622381,0.00127076725513738,0.00157562855021277,0.00140743726415402,0.00270225378686944,0.00142370530923055,0.00517479845723772,0.00257258485258617,0.580146080024132,0.0176979405345735,0.0121625538984628,0.00064717185944536,0.0239165156913823,0.023973553053285,0.0401038800481383,0.0438565548833081,0.0422616331408823,0.0125777374351476,0.00432426816066188,0.013417650585817,0.00674362697727107
0.00334586337336454,0.00393631399911156,0.0151401949217375,0.00399999374299817,0.0507434791708976,0.0243834622118724,0.00868758289731174,0.0025577555217986,0.106768365736838,0.00455973892000001,0.00362307174223549,0.015403309697392,0.00573888441126758,0.000136421973989356,0.00123263251924232,0.041081288656561,0.000572357496031529,0.00140665885277917,0.00286564586492573,0.0189488308811651,0.557693670011266,0.00117119692957871,0.0030782670617518,0.0253433076705293,0.0316760385978333,0.00587992863520128,0.00434549973504387,0.00691995066077243,0.0108757315786996,0.000750234683718762,0.0032557804219073,0.0338785414221784
0.00110990765977049,0.000649252842304217,0.00155544134007531,0.0098438166621501,0.017904602960055,2.89045752939588e-05,0.0366588398638843,0.0101042278912324,0.0381457680480889,0.000497214192640989,0.0112611576810988,0.0107799929986261,0.000249195916407797,0.00493572075734994,0.00342835997880038,0.0249270140169785,0.00178985421643695,0.0660101729288844,0.00208791589754133,0.0993369308625924,0.000573645462588162,0.39362493055076,0.00711526732647567,0.0228415610686065,0.16391740611695,0.017903032838193,0.00437363810686085,0.00795824750132319,0.00626093956343193,0.000546101594472651,0.00476077590018313,0.0288201626799435
0.00278979013388297,0.00138185106667662,0.00401882638285023,0.000231967648042898,0.0312354480388448,0.044174938149292,0.0126602678988883,0.000957998519854443,0.122966886660337,0.00452476003797222,0.000775873897087568,0.0103156954142394,0.00215417512965476,0.00176530222716988,0.00134051881919628,0.0922114927136633,0.00111904855301101,0.000795780377109431,0.00198900700502474,0.00894691609040539,0.0261086357482729,0.0212083517864952,0.554291038894517,0.000209338704483075,0.015446186836513,0.00146085813236883,0.00244595677508108,0.00454005661686428,0.00616844164164663,0.000271224824202715,0.00351695453385353,0.0179764107424982
0.00292068627092802,0.00185398681549834,0.00891406258453397,0.00519370875379552,0.000616106726492957,0.0213153431130429,0.0113817685508993,0.00315830102578836,0.0102069886761431,0.00251734624664376,0.00530408173786718,0.0331424787745777,0.000504590261075097,1.43177580529399e-06,0.00794136989047871,0.0179275462729514,1.67561318953712e-05,0.000747009806179976,0.0029974007922166,0.0244417870918443,0.0726395132031386,0.00549372801333285,0.0351480809746328,0.619080542042319,0.0142256420335875,0.00387030659537699,0.0124491801559075,0.0398290123599745,0.00611536686933834,0.00535211366752967,0.0237505452137769,0.000943217572427055
0.00481034230748271,0.000295342264585452,0.000138723962850255,0.0102857305701983,0.216930331270843,0.00201452733424068,0.277911737020842,0.0226155382547163,0.0453828848640138,0.000185911732070512,0.000944825475046409,0.0144863630188503,0.00130682566776279,3.01815564425288e-05,0.00371164565488911,0.0104820755359111,0.000417032400765208,0.000629465622785802,0.000233131580104594,0.00476417515525248,0.0143863684091804,0.000150084263804422,0.00444332803313607,0.00882647509482868,0.321700374883297,0.00398655194287189,0.00229692904085782,0.0243534683686239,0.000702867155065085,0.000606588544209286,0.000338291375640122,0.000631881638831895
0.00273390219948074,0.000455959473718575,0.00374602900759997,0.00773039214131917,0.0239599902917835,0.00600057572101687,0.0250114735769456,0.00674150169101196,0.0209674732922701,0.00767442486704469,0.00425917845113614,0.0722042090233994,0.00763790107632248,0.000701143686146476,0.00057722503148056,0.0108999746283507,0.000496682760869529,0.00164313741220353,0.000197527834928032,0.0198019941895097,0.00696712498424353,0.0043370655516159,0.00143245483542566,0.00428897833853497,0.0018067633973616,0.632714167950857,0.0191886715534231,0.0922553083754748,0.00478685439682724,0.00118812665933158,0.0040411375538484,0.00355265004651829
0.00219335874852145,0.00033934486261032,0.000194310995388851,0.00133313244100263,0.0555322227217172,0.0143781221302056,0.0228607634234663,0.000523864447355713,0.0525060480216109,0.00267851859931204,0.00258902029549905,0.0675810069871848,0.00648245138884957,8.04745036890673e-05,0.00460277827270139,0.0370356409119964,0.00353238011894216,0.00270808779797591,0.000915656959566432,0.0164137120089417,0.00583545965310927,0.00138937084730188,0.00892810256473098,0.00336440729587245,0.014732349144182,0.00931504657360313,0.566533345457785,0.0656514948358056,0.0217632680625721,0.000730724320664732,0.00393277666677982,0.00334275894105521
0.0046424866933849,0.00114467057824614,0.0017001369460163,0.0208828938486343,0.166690691585861,0.00213357979468832,0.0680028428735547,0.012279601519999,0.116006586256258,0.0117976561340184,0.00917800787981633,0.0104252897357309,0.00608331790419311,0.00446282601396632,0.00925305819345112,0.00423575284091694,0.00284078693800842,0.000958095863025663,0.000791520409736675,0.0141671600187169,0.0256766828246942,0.00112117130958069,0.00073248139921957,0.000320264728895395,0.0417634738957275,0.0388776673365768,0.00960489863324322,0.39118297761289,0.00704223191104498,0.0085588304698112,0.00734334204344491,9.90158066481715e-05
0.00157055981683243,0.00150996541651037,0.00089845650291132,0.0391785171610185,0.0928598254357205,0.000147046706627103,0.0883322250023924,0.0262511075139085,0.0677083274786409,0.00145037397339605,0.000973071139570572,0.00849854670535732,0.0189382835387083,3.71473817779094e-05,0.00643886495468571,0.00300210810038493,0.00254604329015367,0.0044222906169183,0.00440650226604962,0.0102710565192415,0.0101105125524521,0.000411717161899592,0.0122128416545708,0.0113733729275559,0.035188875440082,0.00560552714349442,0.0718139996263865,0.00317828376292788,0.368810630590708,0.00959323099194113,0.0915723762815966,0.000688312345578852
0.000395502627685835,0.000894922922506978,0.00623813052879503,0.0149547530297078,0.00569117064667272,0.00196424978959401,0.0182989371346622,0.0232367122319631,0.00317687198536256,0.000620136395383765,0.0120026804977617,0.0450225883673321,0.0119652354433827,0.000535127832923102,0.000372889816776216,0.0180086187444552,0.00318882801493479,0.00720160149136337,0.0193067198187994,0.0050580930634162,0.00874402733741753,0.00646611480552425,0.00149049807041909,0.00197182298056124,0.0182706329183692,0.00686671441930095,0.0207724232575187,0.0265604158997057,0.0063663281156288,0.693825539343057,0.0101081930835722,0.000423519385446415
0.00246442387067304,0.00246510764058171,0.00134354054848738,0.0206692236052923,0.0972688087610466,0.0026790328190307,0.0738772241827803,0.0195962696191785,0.0730294516909264,0.00158727270970987,0.0010448302880013,0.0168279283617422,0.0173272758706221,2.58247778914913e-05,0.00282949608451195,0.00227128235863631,0.00145059607943811,0.00244835241046268,0.00483926005326478,0.00433645098267862,0.0117694480079155,0.00186141458186581,0.0124415047596606,0.00923332076751584,0.0189384311947675,0.00881071253006192,0.0086400916008978,0.0183090334688366,0.0032528597696816,0.00885340782238431,0.549164103168049,0.000344019613407401
0.000552084778604043,0.00204976768528452,0.00138270699152924,0.00794820857474758,0.100155764520844,0.00654063862772663,0.181759572206761,0.012859463198877,0.0325060140276901,0.000172815406759773,0.000800870683825431,0.0165592037558987,0.00801343765048442,0.000671008832976871,0.00146259058376115,0.00351426932644321,0.0142605995770429,2.40464646791621e-05,0.00373410410105956,0.00290900986521,0.0951638628732891,0.00269210293306845,0.0584972630651095,0.0183583485802867,0.0708369327300156,0.00760157257028615,0.00316694190648233,0.0382041276511229,0.00161258154482275,0.00158898577354336,0.000122005264734262,0.304279098247034
