0.38206401086482,0.00111596782220412,0.00228546095988146,0.000203387061913714,0.017119273021984,0.00523688786304005,0.016005746331345,0.00379904211430191,0.0246085780083253,0.00168513110837676,0.00058891634047805,0.00123414251649708,0.00135158302825079,0.000619743055575,0.00287866234739593,0.0508897526493543,0.0071925586287837,0.00424274828704709,8.7397723285688e-05,0.170913999246799,0.0199621050836654,0.00290674391194265,0.0302149407801873,0.208683096703558,0.00242267545808734,0.0107742213067038,0.0160570723295732,0.00256739495958532,0.0086585291450168,0.0024425948039194,0.000160418929964304,0.00102721760813712
0.00280718901291874,0.374436005642614,0.00156795017879462,0.132981934619862,0.0187116599255996,0.0377302713330449,0.0153797964884507,0.193087301424953,0.0112757744243544,0.00569836886383502,0.00412186768539742,0.000983458633708552,0.0161879111523985,0.00137383336665056,0.000708450333038458,0.0227424074324218,0.00277266416457709,0.0056584062024983,0.00055401611895756,0.0088995037101194,0.0126936225632962,0.00171820304930938,0.0156548528817012,0.0171308378301156,0.0351965364152914,0.00415096291421896,0.00233793932095247,0.0213604427339653,0.000546410775833064,0.0121683221413001,0.0138150889639012,0.00554800969592162
0.012194880925935,0.00250883872234981,0.527851504740668,0.0435872652113046,0.0037635315144665,0.00237206907442689,0.0109266219786452,0.0185654901540895,0.0330823262559281,0.0775875487217195,0.0415581307261743,0.00904046216598235,0.0113026695211127,0.00177290119593793,0.0105322910245935,0.00920679811418224,0.00162306124513601,6.80326978674227e-05,0.00588665292625855,0.0134396404533751,0.00803950894012564,0.00351447254370046,0.0203987821414184,0.0306867933541914,0.00808086884244025,0.042683342539725,0.00365262233490314,0.00492562982573167,7.38070752076831e-05,0.0045824016578673,0.0314903430386031,0.00500071033593304
0.00144204618685412,0.00133024166322571,0.00133810422384712,0.573326888898638,0.0406976522368671,0.00152755573690199,0.0318411176824193,0.087728059947583,0.00202464891051476,0.0942175107340744,0.0441678671116116,0.024677304350149,0.00504127935739141,7.35035554537854e-05,1.58992834967952e-05,0.017619076679087,0.00045219582009675,0.000991737691595012,0.000187709553982981,0.0123481499106149,0.00695721528835367,0.00135371380808483,0.00383380430334974,0.0201898472635445,0.0092156254829553,0.000588466733700596,0.00212824442099463,0.0100521762480175,0.000325160486256634,0.00080151954527937,0.00347116616649839,3.45107185599142e-05
0.000913777020570014,0.000137608562887545,0.00298637112441918,0.152224752445299,0.264572123470563,0.0392981115278198,0.018287539645811,0.163988088318387,0.0203746505906404,0.0556119129714108,0.0141268102874674,0.0120643858139547,0.00793603277103905,4.14266519749682e-05,0.00176066377008084,0.059552379865752,0.000413378323654074,0.000636039453532,0.000180095342351645,0.0510620449037688,0.0216194878058378,8.58339955262249e-05,0.00278116710875831,0.0749573999902862,0.0121209603357503,0.00107234492317734,0.00354168354217559,0.0030953950221434,0.00211179471590021,0.00361164970946386,0.00644124442509024,0.0023928455645067
0.00557681396723798,0.00855135505532154,0.00179986899012135,0.0163510611275223,0.0215246934698066,0.558727708175917,0.032625260260933,0.114519464417196,0.00997986538623352,0.0259910057787478,0.0253231319086731,0.0156198158206689,0.000548210447490667,2.99839735286414e-05,0.00916304602105607,0.00941896831516844,0.00319478235891826,0.00263053712927008,0.000417938499829384,0.0579056581112172,0.00644071737678719,0.00389530284260979,0.00547076188536843,0.0349698895064276,0.00824886948082978,0.0014746355402966,4.70330130241351e-05,0.00765862180769227,0.00679437651162622,0.00152386062944841,0.00313756218135009,0.000439200009681146
0.00217295766416883,0.00399935353178121,0.0038270127695069,0.287616288696944,0.0212543962398012,0.0113788063253445,0.267395178129127,0.177942452663758,0.00712447829570175,0.0906532562261492,0.0106291546422911,0.0218208498249876,0.00218798132284218,0.0014372972939639,0.0163645544103108,0.00816850900773903,0.00426042371335444,0.00156129789771731,9.95595600718898e-05,0.0118074314623982,0.011686137520569,0.00234889931104015,0.00292808249240099,0.0125130783264468,0.00491469481227735,0.00040434950871438,0.00113290401443971,0.00239193840059032,0.00364714921466611,0.00141766774601867,0.00452091972704632,0.000392939247831669
0.00525687411304158,0.00537190268238304,0.0013493355062353,0.190342930773391,0.0785112021053367,0.00223939750478539,0.0641568004433188,0.0819337392201134,0.00163100263771145,0.175990312988498,0.0923881904160823,0.0894826172611194,0.00537860064169799,0.000110596445908553,0.00188053513512145,0.045361361433234,0.00138690854247244,0.00277614365459863,3.9490577070488e-05,0.0198691280210635,0.0258726147690213,0.0012860490409078,0.00359830740848896,0.0429413959431805,0.0187336984348554,0.000908489995713393,0.00667164434555324,0.0253687621098127,0.000417232899055849,0.000875567557038065,0.00746485767830601,0.000404309714883969
0.00177898657916742,0.00274598958297681,0.00595258356578745,0.0720531433039585,0.00650317255669551,0.00688289076820379,0.0146387324636547,6.92981818621762e-05,0.582880016523476,0.0592231761114014,0.00281770123654615,0.0377723047530413,0.00122373590066464,0.00447344681476958,0.0126742844491287,0.00972171059355955,0.00322429283839579,0.0198225802328073,0.0005117407383303,0.0303569008086538,0.000634582360321138,0.00562063091590976,0.00540903626090175,0.0429533815477844,0.00306953036810712,0.00926439750291956,0.00795060588626517,0.0156614717361298,0.0239525041646294,0.00340436292294592,0.00334904863347304,0.0034037596975325
0.00155558198682251,0.0040180156278686,0.00139980913816997,0.28764567654953,0.0542426762738936,0.00227107462440018,0.0724827331289094,0.235722465804089,0.00123142208408144,0.0114856384561621,0.0684998065552781,0.0277860370620375,0.00775246058115283,0.000241628520308643,0.000404175613866999,0.0418291768276794,0.00056783396325351,0.00309229427197051,0.000171037126193258,0.0601087568861121,0.0125475476333707,0.000422779815083642,0.00101713374368572,0.0694553134457482,0.0144778355315298,0.00184234340225623,0.00368630629593315,0.0089835834038031,0.000748006264879924,0.0012355339778674,0.00284663209134721,0.000228683312715333
0.00039654905777545,0.00405986442056823,0.00250295422794274,0.137283381422007,0.0184462826170799,0.00453200855693882,0.0380729702098932,0.117298791739043,0.00725092829648525,0.0966972370465218,0.352572876133199,0.0168867908429764,0.00591244394259727,0.000417433206480018,0.00208120880306519,0.0336932776170375,0.000278435565612953,0.00224760820913401,0.000374117626030084,0.0509251743429527,0.0131293463514641,0.000113668184274709,0.00391787427287956,0.0715355720176274,0.00949978538117825,0.000652801484789396,0.00304625627340661,0.00179257267020474,0.000228635033946035,0.000310313781153594,0.00169806228560057,0.00214477838013402
0.000579969563546883,0.000243355902423355,0.00425433787122535,0.160434782478281,0.00512857234207209,0.0025217163190904,0.00120094892857601,0.0811403011815834,0.00882335669377013,0.144560757318413,0.00918116776085042,0.4532430314488,0.0128825104857912,9.77416194373921e-05,0.020980046894875,0.00903750573977056,0.000640038299774935,0.00075297727472394,0.00017115862968717,0.0109831601439605,0.00259238858853941,0.00159730509078703,0.0107657246559913,0.00446854012469874,0.00219916241969381,0.020751052039015,0.00815162883874435,0.010256121305925,0.0083445711609375,0.000150218900335231,0.00142910398312967,0.00243674599555006
0.000270536546698575,0.000782444151722249,0.00116472658687495,0.161538103240492,0.00683438854548405,0.00890267528714174,0.00190501909147542,0.0470011480676805,0.00685996203810914,0.117025404683225,0.0119535548814476,0.00239497903539616,0.489798356589,0.0011670452678179,0.0664758773713805,0.00029619718483611,0.0006653369746825,0.000188416140198919,3.53748211211254e-05,0.0207483949783174,0.000961809295770598,0.000436441443172555,0.00500199956572083,0.0344597303687195,0.00125756644322097,0.000891115869613688,0.000240785343885667,0.0023800735699242,0.00156753095797178,0.000366988188847553,0.000660027517198523,0.00576798995285275
0.00550069535625363,0.0044290928208773,0.00289197407782345,0.0546939693352634,0.0666738873214898,0.000326586262797367,0.0625553627522592,0.0127928160631819,0.0392730316890985,0.0640029818704628,0.00761501555414593,0.00691885463367427,0.0409026143618127,0.476889827655211,0.0359754808041439,0.0121426951862535,0.0038972470866474,0.0013304942056107,0.000150700467497587,0.00230071221791756,0.010646453827333,0.00575242833566737,0.0113925749683822,0.00477949404016504,0.00733286406501908,0.00541740941257699,0.000780223919092424,0.0266874399365206,0.00298497328898865,0.00720240486551703,0.00900764118590839,0.00675205243240744
0.000799521139211645,0.00308228065313701,0.0010485866573665,0.00738792719519145,0.00549617590846802,0.00690843598316572,0.0196462872915607,0.0100490822348316,0.0714137589409825,0.00946064686972415,0.0156741670571919,0.0193728582597579,0.00595356678338976,0.00026467618398569,0.296082962406199,0.0855982525322406,1.15743533837311e-05,0.0137235205109474,0.00034348661379249,0.150784939500856,0.0208489662604868,0.00130935838698465,0.0284893886605054,0.20753341733307,0.00365615384317764,0.00228439796666664,0.00315767293592121,0.0035845258058422,0.000869682413033002,0.000540898055670312,0.00213432067904314,0.00248851058421506
0.000578497150579496,0.00243030517503794,0.00670320811368714,0.0530340926146505,0.00484690360760842,0.0144307288574585,0.0107057993792836,0.000841970798077517,0.0245120364121118,0.0624742878287714,0.000269268377873726,0.0110458241204711,0.0094268476486511,0.00333018797734757,0.0163552757180327,0.730774857220116,0.00504685077080752,0.000163102040325086,0.000957052559332155,0.00176961894907448,0.00111615845191598,0.00113274146643594,0.00137370070751949,0.00223027874643785,0.00573461061022793,0.00224908020486555,0.00104607486791526,0.00761215324714163,0.00826239631452912,0.00554555590267973,0.00145036869771693,0.00255016546331711
0.00320108151067903,0.00654988013741535,8.51165763202063e-05,0.132946057880424,0.0249548613976838,0.000135336395894343,0.0230127801192861,0.0660861753579117,0.0099222709824281,0.0369152926977548,0.0112690684301038,0.00182879008939267,0.00653913909978971,0.00010583799413253,0.00322957206904142,0.0332498975346994,0.332130602615206,0.00118194042341723,0.000427660920063379,0.106070366190182,0.0067945410534553,0.0026109945434968,0.0170381886611001,0.120631963915406,0.0188753568796443,0.00535621314254024,0.00378900991210327,0.00789321744618535,0.00655664209748469,0.000424653241748295,0.000903117328925866,0.00928437335608335
0.00249306011490005,0.000349297312153901,0.002050834005767,0.0181432461144055,0.0245036624291796,0.00106614145574027,0.000841576300323863,0.00844666228705048,0.141050116715621,0.031039194140606,0.00222707816260875,0.00665651018206929,0.000201091064316927,0.00307534192634849,0.0265444669056245,0.0180312793112046,0.00469504398537419,0.487207914602292,0.000810329454078771,0.034597695036627,0.00332045563088716,0.000850212165697495,0.0435853779960538,0.0609491431768091,0.0301557106598061,0.00602586979573108,0.00357075406530331,0.00960584923171777,0.00761713444328082,0.00125126554261013,0.000364433793278896,0.0186732519925318
0.0028499849496791,0.011698621156033,0.000431411386641492,0.0538609705046555,0.0977316052532061,0.00670573764040427,0.0399671085990985,0.0531640328520901,0.0215269722924389,0.0110185592838024,0.00409435058256091,0.00369745673420418,0.0131632384698873,0.000437228459216789,0.00219565180640948,0.113531685864435,0.00146798097907014,0.000205909499652042,0.149078468195134,0.163700880164851,0.0337620832571343,0.00430810422714846,0.0269455770761142,0.116849493481009,0.00521794533000481,0.0127417553531911,0.012404986460867,0.0330127582875953,9.99125134684857e-05,0.000885942931013887,0.00305008303978484,0.000193503369197143
0.00156143411186261,0.00559997872151302,0.000163874614918839,0.0917740559743391,0.0805366974447809,0.0171155093990232,0.0155068176169342,0.103883686170593,0.0458665566057234,0.02153050642611,0.00421995915466149,0.00194675777819807,0.00533565318882739,5.69941553751991e-05,0.000746866965205424,0.144166282224464,0.00391834085238382,0.00448874215684643,0.00100234295374511,0.295582419735326,0.00820806322627718,0.00333209091016464,0.0163773702283819,0.0060490193704444,0.00953791159537986,0.0434598947436202,0.0169121735939475,0.0302232975164781,0.000878603570117614,0.00107309093629281,0.00978454176638615,0.00916046629167784
0.000930746834081551,0.0114856927923797,5.84595603983089e-05,0.00255899026343917,0.0782918699484052,0.00186698748645685,0.0804985043243595,0.000943584453048755,0.00296838091926072,0.0112495613579781,0.00459094499934154,0.0121943249611163,0.02750898721846,0.000724740185142253,0.00720179325665985,0.0904721551458477,0.000587676603880901,0.00376053899248792,0.0020290228999351,0.0110913993929515,0.519100096538793,0.00649032215323271,0.00519799068169349,0.0344721490223609,0.0138148309447218,0.00303707315542852,0.00751424232831403,0.0455655834497725,0.00146582412828072,0.000489083570736426,0.00131856837374122,0.0105198740572933
0.00272942086757722,0.00174733748198024,0.00236760862439243,0.0706796155014829,0.00865493192711376,0.0031052653554792,0.0102723184601177,0.00269816406385498,0.0669917899428211,0.0891660284775033,0.0146145196443131,0.000362523977122199,0.0258009029510141,0.000379147199091064,0.0239546594479916,0.0504458692107339,1.20965731171456e-05,0.00483607510373365,0.000477460169633065,0.0543067300236094,0.00255063505152209,0.407779843673693,0.00735090459743319,0.00540974062082159,0.0192603441991078,0.0632827528009928,0.00674304782036053,0.0012672653840908,0.00124230293437938,0.0058068153513955,0.0370078248362993,0.00869605772722214
0.00172443353312444,0.00153512673293552,0.00062636363972819,0.106142373437853,0.00188158905478194,0.000394990719921677,0.00803540996390366,0.0365584731302467,0.00611808546157776,0.0666437409871228,0.0289465510166221,0.0043985939844405,0.0109571002902806,0.000403951111039618,0.00295742942834387,0.000192004239778689,0.000219533979481449,0.0039623274931288,0.000549191285002426,0.0629656362564748,0.0023130978966804,0.0210991175857343,0.505216018577979,0.0234656819267334,0.00331766711319056,0.0327811987292102,0.0140673799110506,0.00423151530684024,0.00620280459428602,0.00723635854809203,0.0254951354413171,0.00936111862309759
0.00146172111014541,0.00514057647593673,0.00029771666247154,0.0970094449753457,0.0743612944780993,0.00895332030957761,0.0193677298556797,0.092424604606996,0.030032390449693,0.0215175422677187,0.0061195001055544,0.00432647017940956,0.00611380673244198,0.000112775372107417,0.00013992825601264,0.122410972617415,0.00297768432271821,0.0041655812421944,0.00152390026602265,0.0138274278361534,0.00590888940913125,0.00316657088409454,0.00677932342591717,0.362703252585727,0.00981055792967515,0.0282109266879462,0.0122826257446277,0.0366699400907686,0.000603891412917805,0.00183991419827112,0.0135432095499235,0.00619650995930758
0.00177265439955545,0.000167774091084947,0.00218234906465993,0.133140104881378,0.00273439887010993,0.000451071308061247,0.0328263783233488,0.0464661372418442,0.0205304048737674,0.0713508100852103,0.0116900215714796,0.020445814002983,0.00156664075212306,0.00335137991260614,0.0263185642347972,0.0262823018235442,0.00024010730450236,0.0040380006504085,0.00167806339416627,0.00753322056650314,0.0032154101643775,0.00553030912436728,0.0257289512886423,0.00903748639879879,0.496052818049864,0.00928646863642684,0.00687323463883226,0.0119444249585585,0.00743875325297753,0.000834890155906997,0.00263925030213454,0.00665180567697957
0.00109806318641652,0.0102226832094034,0.000265552475268921,0.0871177900632284,0.0721665888855136,0.0207759326555228,0.00824548409663699,0.140442927923591,0.0709282548348739,0.0134553912975146,0.00832210789407957,0.00838853219561081,0.00543279257212789,0.000634790432856131,0.000188042329532742,0.0758337885155377,0.00152058482672226,0.00121811421545721,0.000659581309803204,0.0164629649263345,0.00754187608062657,0.0185377477433679,0.0705060488640512,0.0327927035170121,0.0039999868506886,0.244794318936952,0.0382856993612401,0.013161120077534,0.00274320221374642,0.0111269037630042,0.0121696256189402,0.000960799126804685
0.000944142967980818,0.00221571125545998,0.000705172133860027,0.00121553756502615,0.0216070168928679,0.00578702065535106,0.0103570253058281,0.0217784857965976,0.0235938415875577,0.0162997909135565,0.00133878591293877,0.0159714168761825,0.0054093393148312,0.000109296581255743,0.00704637361727011,0.0290515253820746,0.00194366325996605,0.000616505922263724,0.00107318492701582,0.0731501303935563,0.0116323176966995,0.0206611630373535,0.0602051997644775,0.152915340394597,0.000625699549219457,0.00876677008823234,0.467976855411832,0.0174073465058264,0.000772613542117789,0.00355162221079101,0.0110189455721717,0.00425215896524104
8.10631954696325e-05,0.000672666462543238,0.00353591836288631,0.10320645715446,0.0276076122979687,0.00093059821985913,0.00269032748229036,0.0190268649854292,0.0144893564656603,0.102496563278903,0.00237695264902573,0.00705817977595167,0.00727248592945971,0.000149895181772484,0.00917908079085726,0.00522494765024986,0.000975344063186038,0.000550127996267119,5.7084427853502e-06,0.0179087256183512,0.000573084376652544,0.00148066275540923,0.00101296131076237,0.00456075632339844,0.0052051662480124,0.0148710939033657,0.00964174743844815,0.624074912971588,0.0102342579482154,0.000508375024051209,0.00136729019572728,0.00103081550099252
0.00508895563888496,5.8440633627076e-05,0.0014053148787716,0.0481279352113521,0.0141815614898745,0.0116101798441673,0.00628783714646873,0.0066376578055963,0.00291622429855426,0.0686094709659631,0.0176905217950551,0.00762885554437802,0.0158411297855908,0.000764564070445938,0.0245240899928558,0.00170708142677752,0.00189284032018908,0.00336341691669371,0.000902829687100816,0.0454373805515859,0.000875546777936617,0.00136454175974557,0.0106049301963887,0.0477938899100726,0.00927617570914693,0.0538561013904145,0.0437675469737475,0.000284866392956739,0.538534223741804,0.0012351001219101,0.00307395239418048,0.00465683662776387
0.000721747606314459,0.000606479771524844,0.00111272107720198,0.00266358683902821,0.00216789537714835,0.00108702906108295,0.00902311093683941,0.00610711262016385,0.00208494351382723,0.00617822767350605,0.011070351892694,0.0248670651360455,0.00390317414675136,0.000455893353768421,0.00166914071794819,0.000526080095670097,9.96344211175784e-05,0.00175832314982591,0.000871081797488973,0.242638375152067,0.000965338780001208,0.0135980370163651,0.0441528212555373,0.169149045086482,0.00191163676451289,0.0201937090420042,0.00325815431611088,0.011831403882512,0.000811860656752337,0.407741553967404,0.00250972508534414,0.00426473980695948
0.000209209745856987,0.00229668252268059,0.00516744705968095,0.119819053445735,0.0132857200611704,0.00296225190517965,0.00350928674535352,0.0573477545084021,0.0451413375591933,0.0723863221712725,0.0144513984690674,0.0188666551954795,0.0083838054377865,0.00322260787972443,0.0139628426568613,0.0298440607658285,0.0014522318073725,0.001245225767069,0.00100418850802413,0.0172907056293903,0.00221710681620443,0.00435607861737181,0.0319217487837734,0.00549034565953884,0.000221407300672245,0.0436848406795405,0.00206637701600178,0.020241200844325,0.00196168301741281,0.0170305027960918,0.436743464377986,0.0022164562499526
0.000340323699108892,0.00164917039651188,0.000576904342475108,0.0180255148146121,0.0118997615589517,0.00233445093007422,0.00825240155710204,0.00682047920966737,0.0752715320380187,0.00953447631183511,0.00791486135922513,0.00451391544718416,0.0186006041946133,0.000148273533743092,0.00103461001109976,0.0206988687664647,0.0032642121651954,0.0100264861354035,0.000287477922078995,0.0258831200044621,0.00297467043968034,0.00978586996462759,0.0178193943815032,0.0397530560170508,0.0120571169097899,0.0275506210947366,0.00631825682953864,0.000425914259093855,0.00610395306077855,0.00048611703623244,0.0116596338008937,0.637987951808247
