0.541795274682411,0.00213246984326608,0.00268502437337075,0.0965610866873931,0.0181859752074212,0.0360631447136058,0.0159340658759706,0.0996829723226821,0.00824720420537423,0.0819838140564286,0.0206009600467279,0.0034743456719729,0.000248399609129765,0.00334902758369198,0.00216752085281003,0.000799408082347551,0.00187815974419773,0.00145965839209474,0.00235990817476385,0.00490463543713074,0.00887219417222459,0.00399246151347911,0.00458841289305126,8.73315518978092e-05,0.000687066612824442,0.00939148147590175,0.00138539806330839,0.0102177357682962,0.00028487608338727,0.00125658549670877,0.0117157756347369,0.00300762517139234
0.00169701222842269,0.669465120093148,0.00967262266106255,0.0424565799068705,0.0182457606624244,0.00440852867380706,0.024288813931704,0.0407677646463872,0.00229459231226983,0.0187798765779005,0.000362042847236022,0.00393882997868755,0.00572221812129957,0.0062536844807994,0.000429667206820281,0.0021374896717602,0.00706317467177423,0.00336888301465369,0.000111265259019906,0.0528352029011496,0.00752349767067432,0.000875587314571416,0.00238830859263011,0.0486515223702964,0.0013987236994252,0.0115728954917425,0.00380262311588251,0.00402943162295406,0.000939805779173994,0.00100816752844686,0.00170105013512549,0.00180925683187982
0.00261927417904077,0.0185306537536053,0.422517477779916,0.0314860729093439,0.0309387167041573,0.0257471575316954,0.00753239084327723,0.0521127130352316,0.0349603889946688,0.00310498076618671,0.00481759953638499,0.00406546555557313,0.00405656839180016,0.000885698732085856,0.00188890882725282,0.0113944445245787,0.00177915381684016,0.00521140291145022,0.00012957101722695,0.0492235554955624,0.0418571207371173,0.0186148546126204,0.108556528752006,0.0800558769332089,0.0027347299875243,0.0113486043959049,3.33976357056809e-05,0.00609448340021946,0.00646589313067088,9.61466304015933e-05,0.00258181217942622,0.00855835629931665
0.000910649148555665,4.6436816407314e-05,0.00101907247259111,0.691277245078947,0.00192228607812658,0.0238384284212653,0.0192193163953446,0.156658664662345,0.000151561796822162,0.0357227373562934,0.00126910237977741,0.00899787347553536,0.00532480386727696,0.000504383495988031,0.000252151042561375,0.0026898774588152,8.86697023376517e-05,0.00161478284476308,0.000258037325745792,0.00239987232777232,0.0040436222842254,0.000526144515878437,0.00019459669207116,0.0077525152738479,0.00351822725770977,0.0160620601853731,0.00103103721647834,0.00141483177680651,0.00474579822291699,0.00104650817761955,0.00490872985371396,0.000589976396087819
0.00222610058939764,0.00945486179001962,0.0019985911232492,0.167433261216681,0.168089640200527,0.099302160668633,0.0277920372522866,0.211251412364156,0.0515857082533376,0.0122084509156948,0.00615337206083811,0.00301491760162705,0.00190676128940663,0.00428350431679405,0.00321537353920996,0.10417399250476,0.00129490061187071,0.00307965190437073,0.00043711998843086,0.0454024828933956,0.00285708686964134,0.000689573234560238,0.00881913344768924,0.0415491310981932,0.000427595479717771,5.30008086771281e-05,0.00788804915347935,0.00287956978114077,0.00665238678628447,0.00184463476005233,0.000274413326105009,0.0017611241697739
0.000890828777931601,0.00419680499432035,0.00456088647700173,0.107745567980158,0.0507300707735045,0.483201592133407,0.067796087002117,0.157251979708243,0.00133025445672591,0.0174673135728664,0.0019446515765522,0.0202649196942442,0.00144523431177285,0.0034768229804135,0.00028119859400786,0.0275351943105544,0.000330286949743288,0.000312861986985583,0.000777854868648289,0.00421934368535257,0.000106592154503569,0.00238775520074437,0.00111371822872552,0.00455733064725546,0.00260062719164562,0.0078480594113436,0.014271241084358,0.00757661290256131,0.00054809973289914,0.00122070549486149,0.00113138877765624,0.000878114338896321
0.00143128681101498,0.0167850526952761,0.00127510174627012,0.0340129435703364,0.0743946864419741,0.0209412153877848,0.605223147569612,0.0453428397003959,0.0186240295330703,0.000165492768651336,0.011071043302399,0.00419608500479082,0.00372572663100047,0.00173175161183818,0.000403442853256008,0.0564639859117738,0.00263757505133615,0.00112644553389875,0.000865189245194702,0.0194719815685486,0.00335435621162819,0.00553983158725479,0.0256844520840898,0.021402000732794,0.00403063663840793,0.00268665080864734,0.00181879636412078,0.0039404995334788,0.0071812890490414,0.000663325990220118,0.00077372494063503,0.00303541312125949
7.10081131254761e-05,0.003543009427677,0.00547804029373216,0.306230192735324,0.0207047231714598,0.029281064074967,0.133795358971842,0.0579578050767302,0.0145537739098312,0.119656146166731,0.00131356795751563,0.0484463345154944,0.0222313376242095,0.00415528219019666,0.000373563665586144,0.0686744773590266,0.000823092617401122,0.00250059204081609,0.00396781570382644,0.00303092449232906,0.00190792476248991,0.00171625105709838,0.0242105808414487,0.000892190597204997,0.00172909913246545,0.0691754551470257,0.0219370107302147,0.00836458911134688,0.00830575478775522,0.0016670487189376,0.00678317308578056,0.00652281192041084
0.00322507743714892,0.00356476680248635,0.00429132738408769,0.0198324524742791,0.00541812159771622,0.0597720441945873,0.0458395001924162,0.0464231253454487,0.59103132392628,0.00290590431053547,0.00358693071542041,0.0213691314648211,0.0016333484427853,0.002321883539449,0.00312960893249347,0.0237103392546304,0.00296093329625487,0.00399822837958346,0.000271931025945044,0.0279192716802141,0.00653647430811226,0.00958297674152811,0.00021044493943991,0.019830403420364,0.00597723788157338,0.0395097796296065,0.0213325452998194,0.00982953444962781,0.00161667977368611,0.0014031189091741,0.0063992339334974,0.00456632031698782
0.00453716992904451,0.00094066082634193,0.000608083454715782,0.0559816358160095,0.0733280646704036,0.0280245495641461,0.0305237767275761,0.146176172924631,0.000556526490990329,0.421936369310648,0.00248457015940799,0.00292696702010855,0.00421712058919859,0.0017899065867629,0.0126451745910092,0.0286965494678577,8.23583617134418e-06,0.00214794602254047,0.000146591758612192,0.0226347559915437,0.0235842822827499,0.00610392906407959,0.0124092693041346,0.0645729243261748,0.0153783856513435,0.00116332880880785,0.00974779630999099,7.85686088749149e-05,0.00800099028144779,0.00434284202687654,0.0117898573735898,0.00251699822420961
0.00121193904894684,0.00232291421671395,0.000397426421246785,0.0327312283590831,0.108098410666877,0.0207344422611975,0.0324929929388012,0.105455278824937,0.00290013962087149,0.0156116954319905,0.545768699509334,0.00179853882079245,0.00277602030204859,0.000157554219821586,0.0116922477380174,0.033196552777452,0.000237747592884799,0.00378976397035893,0.00142754370024368,0.00203514656891883,0.0116679968870144,0.00587766203354399,0.0185395804949646,0.00916542724715352,0.00282221391821804,8.53425732235859e-05,0.0123958482350604,0.00153975332263484,0.00535996361259855,0.0023823779840353,0.0031988980217456,0.00212865267926949
0.000554585775875022,9.09594323808203e-05,0.000386529703233619,0.0125945406410167,0.0127651568131148,0.011021833323889,0.00983375771357516,0.0121450805406589,0.0119750892726553,0.0117615796501842,0.0266878612668647,0.596782967760394,0.0117102243674721,0.00169609457363742,0.0393215069253047,0.00324862175561729,0.000140938462194286,0.000895495591444461,0.000634566077241697,0.0602967539412166,0.0323740123595906,0.00409421442570162,0.0210293287583371,0.0924607794440732,0.00362082696587268,0.000765827354608,0.00260435726870687,0.0106296306554916,0.00231240911705887,0.00044958919392425,0.00288161060930067,0.00223327025936393
0.000599779758189495,0.00612043032475282,0.000634221152225677,0.0506699239888483,0.0424397169924613,0.0299278304599227,0.170016609413959,0.0387195658015544,0.00143045461367313,0.00706780328157772,0.00304951840046246,0.0244508365159157,0.461600872597381,0.00177231340147447,0.0225977295928978,0.0353717330371687,0.000329301652409004,0.000249391964022092,0.0006949108531958,0.0253577583691688,0.00262900690143484,0.00331143748369951,0.00814937380075935,0.0207100179338674,0.00106761122424267,0.012444382941364,0.0192204613511596,0.00297866071115813,0.000241083318704607,0.000360491183822372,0.000722745696257322,0.00506402528227026
0.000174581496359001,0.00126997190704295,0.000204775417917227,0.0518527900290791,0.0326441229711414,0.018022191139404,0.0274289063962299,0.0931861283916747,0.00364122068123615,0.0223511817345236,0.0156985712671539,0.0492152763279713,0.0145958302380545,0.513194382253108,0.00942211100486413,0.025484180996809,0.000853266229971443,0.00909015339648733,0.00149479790792202,0.00449022489917677,0.0135054326517498,0.0125863495021639,0.0050817471212402,0.00184052996646803,0.000473410787321114,0.0310921979951016,0.0345363613793362,0.00176767270139654,0.000969059133347522,3.40911903827604e-05,0.00220652311304752,0.0015919597723186
5.0259223676116e-05,0.00148489596787011,4.5632881763912e-05,0.0360900464370929,0.0265750255627593,0.0276894525123614,0.0274513293707311,0.0582198855303367,0.0168769356816569,0.0175225066999005,0.0336868154357962,0.0379656505296857,0.05955718902937,0.0143022823779327,0.391865238464168,0.00117085167442004,0.00065031912746595,0.00537848160018523,0.00127578413590494,0.0236454468850646,0.0662680848070999,0.00495911912404198,0.0026580023555945,0.0295264103503099,0.0150812738215673,0.034005024375612,0.0173264343059396,0.0331286926455129,0.00454955770861187,2.41339435430503e-06,0.00839822002670915,0.00259273795650383
0.00144692683238714,0.00031377916744883,1.55212810746498e-05,0.0408959314791861,0.0241861322744666,0.0239611608696799,0.0138560418509628,0.0620171258731212,0.00454656396591606,0.00849027921756736,0.00680064775866612,0.011194111093448,0.00174774595432029,0.000310485109384694,0.00328476041182652,0.716389400999551,0.00301305740428528,0.000364696526188656,0.000677675604913274,0.00356567020630176,0.000893381861491353,0.00774047519616358,0.0120727958592964,0.00903524545747363,0.0124151127501416,0.00677705284122473,0.00258812970169561,0.0131991180792277,0.0015819594286334,0.000422073663699692,0.000402226189624156,0.00579471509063233
0.000708137779979435,0.00527943327973618,0.00117487384109091,0.0372046244667568,0.0382068452870276,0.0338688324609472,0.0307313788174096,0.074888022854319,0.016493725845383,0.00162411406389429,0.0120725881121866,0.00155675221697509,0.000448927936392213,0.00168188830695864,0.000168187277877748,0.0329972955458681,0.601365786039695,0.0048427327147328,0.000399852349513423,0.00712590120813571,0.0165721714773847,0.00508733140227007,0.0186664778635014,0.0162265451409596,0.00588591066787461,0.00193409996376951,0.00679708816418726,0.00684962708287451,0.00373098698517141,0.00389837623888989,0.00765609650215427,0.00385538810608323
0.000771074863025769,0.00308201317066464,0.000481366779501434,0.0120011935440482,0.00988365763595611,0.00466927092987929,0.00934021000495891,0.00720846401193254,0.0121634357641393,0.00870670612237185,0.0111000284256309,0.00862807692395957,0.00306439320304663,0.000993149028703908,0.00308128254093337,0.0163742154738612,0.00563791674884602,0.649081816229851,0.00174631284882579,0.0369064079029963,0.0224289360325836,0.00167339689298781,0.00675502769335951,0.0863762298172712,0.000811253472947736,0.015996661827851,0.0497680396410739,0.00194092647664014,0.00492688871597324,0.000646522110191309,0.00336730931653448,0.000387815849453533
0.0030538418177223,0.00244872705139058,0.00020269438093398,0.100160644131642,0.00139225696787198,0.00980654391653332,0.00591105428155986,0.0707136209088729,0.00314019343523302,0.0147238126568241,0.00346317262255018,0.0586687219584536,0.0153069545874851,0.000180133532159151,0.00114007050368976,0.000454641209558487,0.000838944691070504,0.000361925377053945,0.469475215000507,0.015363040392676,0.0212945713020364,0.00266388246247484,0.00911599252460955,0.00790659678336889,0.00421848522660001,0.0850115765553559,0.0231415812792781,0.0272932926645668,0.0105273900008916,0.00714662461614246,0.0223018380605476,0.0025719591003404
0.00176182186134059,8.02313882665623e-05,0.000901723185144759,0.109678708988838,0.00592337468469598,0.00913373920633773,0.000967768570378381,0.0706181142671075,0.0125957464353212,0.0292447831954154,0.00302126922165657,0.0400505646299714,0.00431668105356881,0.000374022342144762,0.00170154913988871,0.00831587130785166,0.000288044078017345,0.00487726398645774,0.00136154567735773,0.521847666696143,0.0108471831670156,0.00810896302350275,0.00879649424686987,0.0277256280893291,0.00865554796346701,0.0567979583555457,7.18271241019949e-05,0.0120779912770188,0.000970480910021554,0.00414513132076553,0.0303094401066309,0.00443286449982772
0.000839678043695163,0.000517187493398339,0.000438037521520149,0.0421251657007514,0.00847800730121208,0.0178225547039096,0.00657964140380115,0.0561325119228024,0.0144311553991694,0.0047116816572761,0.00153644442835735,0.0108462049612261,0.000764895196216341,0.00299825562255031,6.58633808088137e-05,0.00510131284386081,0.000583201288681533,0.0013426796376234,0.000705619400331361,0.0768604791188613,0.510538536303507,0.00753474680389874,0.0606022345293595,0.14186455004894,0.000561686326393777,0.00627608404441742,1.51756309247835e-05,0.00763110990032878,0.00207982783399219,0.000362403428442564,0.00872539131201288,0.00092767681172991
0.00218042872451782,0.000194375307471823,0.000316569777679198,0.0748634544636222,0.046003310881175,0.0358083851806486,0.000417153304627283,0.0822610134746822,0.0382217072284191,0.0220106903600723,0.00782571004620238,0.00606674209527757,0.00131106566734876,0.000159577380254344,0.00319071790566022,0.0323910220609923,0.000968925637112675,0.0047362380185102,0.00173410249253032,0.0528745899736945,0.0215267376656306,0.3944553175631,0.0204002316512501,0.114716840046847,0.0151004012904677,0.00227242189007975,0.00480280701072121,0.0068382199627835,0.00454966881902082,4.99853735178347e-07,0.000913633593698705,0.000887440672165985
0.000937250933603311,5.78280583151045e-05,0.000726322811165762,0.0326741432234782,0.0422600414846509,0.0319069857700295,0.00628052640688397,0.0449165572537729,0.04171157681687,0.00920273602590206,0.0056107455637679,0.0130785811615878,0.000170127371186951,0.00106770766945272,0.000724309147350823,0.0233229877126252,0.0012964381164911,0.00468196471616789,0.000945026175143041,0.138787309145212,0.0369683617948214,0.00302372304750394,0.263658753057257,0.25675625462861,0.00833701966179209,0.00915078103993998,0.00329507678233716,0.00870647059963337,0.00478818215559127,0.000205175858654767,0.00209248135236459,0.00265855445783688
0.00131951805442816,0.000165494293891417,0.000547880473288821,0.10904742164586,0.00380680862693548,0.00962272669372656,0.000269779791844309,0.0720017975780561,0.0159954917051276,0.035046382903795,0.00378445438767993,0.0252506016094088,0.00375231938611766,0.000657148463072427,0.00236389937924265,0.00720926197973249,1.8517684182115e-05,0.00327159918754672,0.00235701111408545,0.0160518924327241,0.00487667467125509,0.0110559514044073,0.0269098792781167,0.601212536057389,0.00328716309593185,0.00887694341618061,0.00501913624895644,0.00814669980780276,0.000147422729155561,0.00186635143293887,0.0152870428554586,0.000774191611661366
0.00317784544972139,0.00325161543512509,0.000256521034003896,0.140022720915761,0.00940554407293174,0.0902149001439473,0.0920256876465972,0.189509559012272,0.00384740875500819,0.0469236928777441,0.0118199742612057,0.0115109861363958,0.000433063089573931,0.00156767958022624,0.00092813936817914,0.022564435384868,0.000359211709561176,0.000628727290879132,0.00395834538837901,0.00805274226804477,0.00260549781202889,0.00900145819751156,0.00818515771368943,0.0327887942026704,0.27071642838186,0.00944969114142472,0.0147538008812356,0.00583920398268911,0.00114442641099268,0.00121793884975428,0.00289492123545757,0.000943881370259586
0.00150601819595694,7.07472778910577e-05,0.000301410205560539,0.011741898873592,0.00557387898952062,0.00852524487943566,0.0275518568607752,0.0088861467131567,0.00300796036406667,0.0108928557900493,0.00571370125955107,0.098254006501467,0.0189867140025671,0.00300781397068687,0.00425080585902024,0.00879386704996496,0.00182197272741085,0.00695759552217685,0.00188747536325122,0.0716229245657933,0.0758464682959849,0.0145921665145153,0.0291146725596167,0.145445271818313,0.00410211819217762,0.364053466921598,0.0283318929717059,0.0153921401091032,0.00318784338662431,0.0119799577973026,0.00586797251917341,0.00273113394199036
0.000684011854235144,0.00101189483479468,0.000324428176824219,0.00894338866009982,0.00326003527294315,0.00152081097350351,0.00108918208228284,0.00185082677381415,0.0232701752386863,0.0172410239940585,0.00723503353717692,0.0406924474911287,0.0253557079313753,0.0014134765234194,0.0133614983305428,0.00309187714200691,0.000186601837845387,0.00427953761544895,0.00469628151763415,0.00798324211504517,0.0751742086486335,0.0175041916315834,0.0324419878358744,0.0298341877807992,0.00298288257901388,0.0373830629962931,0.629411153488439,0.00055406106094903,0.00277075516515159,0.00154333292535656,0.000889935360754817,0.00201875862428588
6.20147305396453e-05,0.00456847372858765,0.000150565901454675,0.0223276965774959,0.120264920249947,0.048208022721604,0.0237740848989938,0.0727927825365417,0.024629219805451,0.00839484158113455,0.0148899696964097,0.00599629438805007,0.000407040273775854,0.000556199446994546,0.0186551877399094,0.0476742874911682,0.00140176211038063,0.000881590121024808,0.00149389617978249,0.0529409288462549,0.0142123519763638,0.000563268188782889,0.0196107678859333,0.118350109345167,0.00376345229303035,0.0010287890999749,0.00291239873120447,0.362529817065298,0.00130164313909709,0.00115933403694925,0.00243490238383636,0.00206338682886188
5.44139321173548e-05,0.000237784110137047,0.00323945235754033,0.0131898877965258,0.0412304662145307,0.0231465784403628,0.0200727137786664,0.0182860300810479,0.0365167004518899,0.00561801575226131,0.019504137809156,0.0306307415573895,0.0634371942254848,0.000440280073294101,0.00253786219980823,0.00676603931471761,0.000305643110678175,0.00173397282041627,0.000773280611061393,0.0169460400880827,0.0134364613993406,0.00542248623511341,0.0233624099326264,0.0259281952130634,0.00601721658984917,0.0628672169528836,0.00820354836370867,0.00584095210852773,0.521709737000909,0.006450605044735,0.0132952913374284,0.00279864509664669
0.00272538730356419,0.00102309809889681,0.000354402477573638,0.000210279340979864,0.0122613894886863,0.0186567669908177,0.00858420769053813,0.0124370654412207,6.86738083964506e-05,0.00696956220591198,0.02340430336329,0.0340972417151793,0.00149024212919844,0.00138656002851292,0.00927245888194417,0.00572789239729297,0.00182389528928693,9.86996340467317e-06,0.000883947681809354,0.113690060088714,0.00929833383977545,0.0137141612308245,0.0294462460066377,0.0640835525314164,4.61886696052124e-05,0.0569497745635811,0.0159596758375566,0.0117505719193043,0.00145711138078216,0.532407183077411,0.00917748834906296,0.00063240820882427
0.0034010651089264,0.00173856635613211,0.000504996946348906,0.0317962579661326,0.0117908248696359,0.00227760873273531,0.00317906676529546,0.0139351200891886,0.0143141853479139,0.014051184156775,0.010852429992244,0.0549116148796767,0.0236859551514469,0.00274618202192594,0.00312475483064911,0.0150111753105853,0.00119792882573493,0.000170026399794411,0.00180679914606324,0.0209908032483798,0.00374024036958148,0.00357754379481547,0.00179766105957494,0.00902231794867913,0.00282598875944752,0.0581844028276658,0.00355751616238211,0.0150856410926223,0.00163766553203661,0.00969796449380037,0.657421887985587,0.0019646238282227
0.000658861975977824,0.000361229265190732,0.0014504833384398,0.111456593402444,0.0226453178717386,0.0785130752813143,0.132951986275401,0.134391908126544,0.00484356571972985,0.030061699903112,0.00130343376664413,0.0340735937869231,0.000377364798038965,0.000621134996757335,0.000515310103802315,0.0269185451876915,0.00015563180642354,0.00211374548573537,0.00144930575306967,0.0106002798550443,0.00647071658553192,0.017935522686771,0.0250315722798753,0.00569396440370125,0.00335240234294455,0.00852939805978765,0.00586350471993707,0.0182429012632524,0.000192820804447572,0.000629114720834162,0.00319450795678889,0.309400507476106
