0.425818336196356,0.00420713440089933,0.000354262457352922,0.0368874314570379,0.0268201406532589,0.0147129902857619,0.0457546502582873,0.00979856850972061,0.0104388767627813,0.0113709233150928,0.0332144778360852,0.0917469310096312,0.017201599721348,0.0007211439136702,0.00161182799002682,0.0259057482466187,0.00128719548941964,4.07596429797695e-05,0.00267015396581197,0.0315251501279695,0.0344406192846728,0.00261082959896734,0.0373307767554404,0.036329999192561,0.0118716984384252,0.00146180145584169,0.000991124038296551,0.0733742535031367,0.000754397025326525,0.00114166213559649,0.0017422749121217,0.00586226141950332
0.000624774724932494,0.183756744614654,0.00266564637783184,0.104862218210978,0.121154479419348,0.00727254298735695,0.0797984139828901,0.168156300864614,0.00957811975580849,0.0124286866662344,0.106229618248505,0.0415024059229355,0.0527898244685995,0.000474974375020424,0.000776696552045493,0.0206115646339099,0.00101784599077046,0.0023906520100665,0.000164469570551038,0.00360311879394119,0.013443669997938,0.0038272311192512,0.013139540181302,0.00260967001772034,0.00036045095435155,0.00046005034568007,0.00353239860122928,0.0376383879239909,0.00033029861836956,0.000335826378763564,0.00118254787048879,0.00328082981992203
0.000668655562458717,0.00244381160358568,0.303144368837828,0.0257201427749773,0.12964431004911,0.0280942641230346,0.103300177158934,0.0839235597661237,0.00708979623442531,0.0333209200246804,0.0432672559622475,0.0844805245310887,0.0322210537727292,0.00389698936442787,0.00219977526418283,0.0283980806450061,3.66163790635093e-05,0.00242609786360854,0.000767581912418012,0.00359972907075306,0.00397196614381498,0.00196185676075758,0.0123804827801061,0.00720865330371564,0.0011230694507339,0.00100108795260586,0.00354259905279527,0.0411529813336748,0.00271101973448615,0.002005149111157,0.000596203041216533,0.00370122043425331
0.000500860332867673,0.000951767748371611,0.000671335175483198,0.297715646736847,0.0278243372208557,0.0112725562257169,0.0502829717545991,0.043034454176753,0.0133564378663974,0.0173798130778756,0.0371277451116927,0.142774308936483,0.033252101400786,0.00689351818707209,0.00794217500261562,0.0150646049992688,0.000883073792733623,0.0009350133741566,0.0016413213923094,0.0350814163180691,0.0498284160371556,0.000916954490315612,0.0172090280798253,0.0789206179428692,0.008246378432024,0.00137749372371707,0.0060370513031226,0.0892825564199398,0.000279665223738634,0.000485743077473925,0.00135142322638548,0.00147921321247835
7.63910149682911e-05,0.00114028316900264,0.00388187431613849,0.09878235592984,0.353134904602349,0.00191835959841595,0.105176908763274,0.168355427033988,0.00663514183834977,0.0148469652112897,0.00544290907773608,0.0286008583059478,0.00705953558802755,0.00996110515315282,0.00322003735639277,0.0186941450848485,0.000932860142504607,0.00118281944907398,0.00223744546055326,0.00287592747097152,0.0419900031234277,0.00173241835315621,0.0159316985329722,0.0213813527991418,0.00140021597396536,0.00581389363452368,0.0207318292620445,0.0322176173117455,0.00910282707265872,0.000399536547293057,0.00169662822811164,0.0134457245941362
0.00023342438980173,0.000766972160291652,0.00154425876317443,0.0206040194489053,0.0804095414918984,0.360346410971254,0.164798721684536,0.0662399361137281,0.00618675558508862,0.0195248603648255,0.0277337951253058,0.0101489784946988,0.000539777864337226,0.00700462787104067,0.00322416080008031,0.0168597816597597,0.00103975047099308,0.00076175248460078,0.00189584964752341,0.010854363673173,0.058405499807454,0.00118096865083468,0.0637266321866757,0.0462997937727334,0.000855917816235672,0.00119012295600223,0.00470850056580525,0.00856995087957787,0.00298804517491234,0.000665313843906119,0.00037900048690804,0.0103125147939384
0.000395054450413312,0.000869376380130088,0.000802973191483294,0.0150819109527883,0.064278407853637,0.00459582437869963,0.0986065751485969,0.0497373161987694,0.00714569311253693,0.0220349138274987,0.192830287284329,0.131057903810151,0.0774733824890793,0.00696104702129749,0.00626730440565993,0.0196943594733197,0.000152592461308653,0.0011597417346825,0.00384406788836009,0.00161621404394756,0.0774795260061115,0.00106925898616592,0.0459686517655468,0.0420441076168884,0.008328504147555,0.00141802418686721,0.0161037046323031,0.0854868854290236,0.00826349790062508,0.00159507045377541,0.00123385181165575,0.00640397095679335
0.000538078066402638,0.00127401929132049,0.00182139938048895,0.0742607615224501,0.0563475183433431,0.00833906363375091,0.0549186806910721,0.223400964271167,0.0119271664431646,0.00744799770521846,0.0831415409640976,0.166005429353242,0.076681292155179,0.0071472150842663,0.00697854705974327,0.0163984117872185,0.00130331480573194,0.00141987051469501,0.00172284381027957,0.0128810439781118,0.0282718370063227,0.00129045806004906,0.00887620793871959,0.0332660184765039,0.0114699941729939,0.000506289811038643,0.00341792137374454,0.0965971588126511,0.000124629494196544,0.000262910381840801,0.000576026352042059,0.00138538925895316
4.52771158056113e-05,0.000996284325505163,0.000135262484452447,0.00698236856887562,0.00757572715674467,0.0132749471071752,0.0439990384104336,0.00620018225955625,0.110159683062573,0.0208338389680078,0.100543282734903,0.298120385634597,0.064747355855047,0.000519107054512434,7.26866263928498e-05,0.00619447849513957,0.00163473444148078,0.000181421596281872,0.000676074848305255,0.00191373012795144,0.0191232247205163,0.00139173681085036,0.0314020513357964,0.00246058832626518,0.000234724505128096,0.00181967266533271,0.00609574827912336,0.239530947212625,0.00212385477607255,0.000942984451183566,0.00206056945343812,0.00800803058992832
0.000183253299513501,0.000176747898173067,0.000560833484314936,0.0256338704173723,0.00601181572396835,0.0229240749082272,0.0510567174355021,0.0362069120095795,0.0171445366594614,0.125461016343241,0.0605336390348388,0.256666919869689,0.0202928652803675,0.000812073804007756,0.0121761711360372,0.0116028916946974,0.000107859795175522,0.000283647805932696,0.000813086307378599,0.0176447787039632,0.04655360619471,0.00078189637244982,0.0103319577269828,0.069631857048516,0.0145379625816249,1.98214809357539e-05,0.0107582568887392,0.17606819937659,0.00202520534573705,0.00037454340814005,0.00227547522133372,0.000347506742799998
9.29973689253303e-05,1.49586574597696e-06,0.000127062951043661,0.00727019904083239,0.0178678575614071,0.00524815453265289,0.0317457879305881,0.00304194395006443,0.0102708941664447,0.0274230588728636,0.333080128918309,0.25817556181578,0.0285374996075533,5.15172992020247e-05,0.00644226003466049,0.00767719964635268,0.000113766545941835,3.10611041567365e-05,0.000309174588574502,0.00484694338611029,0.0204833757495524,0.00216288842047161,0.0023685866009569,0.0233530791456033,0.00470772371344507,1.14087403861011e-05,0.0102332687406353,0.188572197608935,0.00321882386381067,0.000435529637766457,0.00209311833863122,5.43425259660613e-06
0.000119172276840433,0.00156963231356575,0.000237399772591564,0.0473061649244277,0.0211680667722,0.00599090651197235,0.00568253686227083,0.0194978094565009,0.00108948103894508,0.00855952092502879,0.0664240845440357,0.597416242273991,0.0447238753147944,0.00673377302967799,0.00867016649499852,0.00218182194591068,0.000658721600349524,0.000103871046525143,0.000545098637872685,0.00138999459143576,0.000802510229133679,0.00241012240596017,0.00656873370694135,0.00227010504710547,0.000576021621826547,0.000419131843967135,0.0072939085142852,0.132077456510145,0.00223093053739185,0.0012425009143116,0.00259721070827646,0.00144302762672082
0.000259648291162204,0.000589437207951602,0.000343032197837981,0.00540567278644757,0.0554930652813829,0.00403865910906662,0.0463057241211486,0.00449523359259844,0.00791098392189363,0.0139063667073592,0.0416940438254814,0.283018039307425,0.240789991098298,0.00347210856010815,0.0054159612307696,0.0119657606188883,0.000693368018169325,0.000281477940194763,9.4101050463948e-05,0.00273581049220712,0.00875921796959474,0.00419892342607174,0.0121224070045377,0.00535451750925335,0.000802666083496736,0.000258742114012784,0.00864742116338877,0.22260905902065,0.00473215122910715,0.000602804109952591,0.00280283627024011,0.000200768740839618
2.41215626107342e-05,0.00199625951551448,0.00516084704644982,0.0122169965609829,0.0967450799325768,0.0152538394150945,0.0396068655185938,0.0961742103078247,0.00595530151123195,0.00250820754882189,0.0788715511888373,0.208182056691677,0.0551806718657993,0.156042587637947,0.0138575306778184,0.0158294731980359,0.000186050933982896,0.000308545543091811,0.00013522932060442,0.0200168084611028,0.0122873442231009,0.00144567979917771,0.0115740585664232,0.0281971429414671,0.000740452831882734,0.00988976988413729,0.00422844202193296,0.103532877547318,0.00073315139619457,0.000939947508372422,0.000337185432465574,0.00184171340892986
0.000755009292596592,0.0077951517806846,0.00177638561515676,0.0269698374764505,0.0829117262889104,0.0339801992533598,0.0303386108095091,0.000697230165862092,0.0113238312793699,0.0342580076422451,0.0363782429394634,0.102494870785784,0.0164715234894505,0.0922985634734755,0.342385958659584,0.0153632260036266,0.00251305150456426,0.000226544981436306,0.000907470618894838,0.0204842818274195,0.010618588309342,0.0100682992309059,0.0302857836080933,0.0270957436238104,0.00221633695762356,0.00723122570081223,0.0136934789046807,0.0264200356742568,0.00552101228816421,0.00328557608104802,0.00177324397977264,0.00146095175364693
0.000349806693731159,0.000100421548965316,0.00087605906338735,0.0437619517268266,0.0855121088151904,0.00601561227555294,0.165895022430335,0.0805166565716821,0.0120293587801041,0.0173144209822715,0.0718575707650969,0.116411330305973,0.0416881287626289,0.00233490522429143,0.00167937159272666,0.177780622522986,0.000320088714055217,0.000363295495827254,0.000179435360291518,0.0025537346186284,0.0320592606926515,0.00305845065802535,0.0396930853671158,0.0149406817411536,0.00281127380817153,0.00179692463053868,0.00464923306202211,0.0709684020914207,0.00098230659987155,0.00037931866942874,0.000270735426313948,0.000850425002734718
0.002658556581791,0.0013313730638397,0.000790971613775236,0.0528383660214454,0.0165464255157891,0.0280446451980058,0.0873411732515392,0.0413573732689848,0.00576289467014457,0.0651543644773632,0.254283258651538,0.0999437232241287,0.0641122950876679,0.000722122107175894,0.00104337262403092,0.00792349279900605,0.145278375232708,0.00174937332965102,0.0003579172854829,0.00402571910706848,0.00583569809455706,0.000727779078736035,0.0123223586346385,0.00500397477471356,0.00215500462151003,0.00110553480804962,0.00194513849081584,0.0876169195319264,0.000411164064928398,0.000128099464201708,0.00142366802821331,5.88672965742762e-05
0.00126887045324188,0.000923775516175953,0.00144448195905788,0.0211143304568569,0.00887814402356634,0.0138658569498104,0.0137868818643635,0.016099369043305,0.00122064362188681,0.0051875198212608,0.0752331025477113,0.311795104781983,0.0682625938399797,0.00101057890996168,0.000312652203686271,0.00144749034919482,0.00299977782051551,0.109065993555511,0.000639798674911247,0.0208714377399151,0.00281084525315301,0.00902662282735339,0.00674326483924617,0.0182219668282913,0.00299486327590516,0.0015238046540336,0.00380729394024766,0.268317902253101,0.00102719967544995,4.27892012076948e-05,0.00328016427547413,0.00677487884364158
5.10095030751087e-05,0.000858799616554702,0.000121673690184396,0.0489684467461725,0.062837200956966,0.00603920588571332,0.0564224301692319,0.0505203608347026,0.00555339609119227,0.00820995378147703,0.133162888786638,0.185992292904258,0.106090465276034,0.000373929946499765,0.00178175648494923,0.0135473873850306,0.000730089190839045,0.00197782190056794,0.125054678331742,0.00583190012056627,0.00804387530004355,0.00441338330371433,0.0138583545581477,0.00983238476021775,0.00262103480896258,0.00409390853050985,0.00335852741690939,0.13223265769735,0.000735596101817889,0.00113237995833775,0.00175695469947041,0.00379525526212387
0.000741341217384059,0.000494193113320805,0.000284294121710735,0.021679420885432,0.0109647490574645,0.000888096399318203,0.00517659679676492,0.015039220985779,0.000372888583925845,0.0048128469318579,0.118196184654122,0.323680355651045,0.111253338460003,0.000236558520576821,0.0013989710137899,0.00175402434304048,0.000269989658716876,0.00101525769359748,0.00205848815306441,0.116875607923627,0.00299341568572743,0.00140262868599636,0.0010671519614229,0.00166987083865287,0.000799165099458654,0.000900583743705447,0.00932971547080388,0.236002925859407,0.00247751282726474,0.00231537763684654,0.00345089888639697,0.000398329139775897
0.00304949363447281,0.00512221505766944,0.000130091885068132,0.0480790647882098,0.036164794829825,0.0166339216483942,0.0311085555186849,0.0260278324209397,0.00794227547280091,0.0268936200324871,0.0356260769013579,0.0204133872921173,0.00516386328538305,0.0076945668440006,0.00718757348274916,0.0207778461244739,0.00310655297969452,0.00192955026660269,0.00640955714591243,0.0340753549940912,0.471057663234989,0.00212040832134569,0.0132610028310603,0.0438690348064868,0.000506666798455624,0.0107569579779124,0.0744972210894598,0.00934925225954537,0.0184046715402495,0.00569001833805647,0.00601041710483097,0.000940491092673062
0.000255800965924182,0.00223715996930617,0.000271556237412711,0.00837134262937071,0.0169268638702425,0.00854703562387722,0.00933631247249576,0.00359646855659623,0.00138238498289636,0.00348795080679622,0.0279408510620167,0.315812356620273,0.0382620399008719,0.000268481559865575,0.00569934848508536,0.00420335219851272,0.000672332489596462,0.000155321546902806,0.00286515721572183,0.0186827830059832,0.0253909493936487,0.194522396814952,0.0227289115798575,0.0405053389032189,0.00482794286415229,0.0166379236925122,0.0216217333479797,0.192315601509347,0.00191046878972071,0.00117353315287978,0.00341925429200013,0.00597104545998283
0.000648055334118496,0.0066560798951838,0.000281886702040832,0.0172778867236589,0.0338950576490994,0.0225297589464031,0.0175075350454559,0.00290401745341018,0.00416451135396218,0.0207890689503123,0.00341253502415026,0.0314733267560059,0.0125969825161433,0.000549563977083668,0.0044170321673158,0.00965456772340252,0.000725145187033526,0.000104575901780501,0.00868026301093363,0.0863200422910246,0.0244813761593061,0.00588753379601176,0.475528178972866,0.0800781410293821,0.018480040918725,0.0125188496277475,0.042651690277154,0.0356737987369776,0.00705925387976509,0.00400875938262695,0.00133007818202573,0.00771440642889283
0.0010427093604935,0.000654677046021334,0.000298582660059745,0.0329160729652017,0.0176172491711556,0.00179516830436776,0.00761974436885364,0.0240606324649483,0.000850740743537551,0.0121171885372505,0.118292436420831,0.269746135799991,0.088415497816013,0.000479991192442276,0.00213003195593476,0.00334568600161779,0.00050078089046573,0.0014340718467011,0.00274961804876278,0.00803305888267074,0.00600433865838,0.00316494513264476,0.00409912522715151,0.179325157218963,0.000411512728233793,0.000827921744450083,0.0219874254139557,0.179885205500554,0.00493251372708623,0.00252364877546852,0.00239236779300047,0.000345763602791322
0.00138788106374134,0.000630775690580104,0.0018778572525839,0.0500353718140207,0.00740116646201841,0.0250560951246717,0.00100918903919658,0.00933903675282369,0.0116466882319733,0.0210200781081757,0.261899332225579,0.0991907283402063,0.090721257649141,0.00435139535348316,0.000709072842709041,0.000544038127432618,0.00126550772597851,0.00052224621765283,0.000247574182299538,0.0040793666330964,0.03896236148656,0.000902263930418811,0.0245815468006251,0.0118754058454407,0.214367853174612,0.00588378041314181,0.0180689879679035,0.0835178474954489,0.00283049972730599,9.35784596868049e-05,0.00319179992939892,0.00278941593209362
0.00266375830372484,0.000162053630228166,0.000879569594387371,0.0528334550790911,0.0552111153552169,0.00839616858835599,0.114073487449666,0.0988212735110018,0.0100190370578906,0.011954656132959,0.0177258857063811,0.110749061695712,0.031230933304708,0.000164881557748352,0.000549616431812351,0.0141604937062297,8.36681396113251e-05,0.000809347163983826,0.00127979754732269,0.041116957073002,0.0444514388113499,0.000475542250019558,0.0595655553659641,0.039201473286525,0.00116459592633974,0.188904557060191,0.00761010920500464,0.0594214502705547,0.000258942214190662,0.00369624938370085,0.00517453257816433,0.0171903366189618
0.00358182362702093,0.000469763843912317,0.00208268385302463,0.0925720089137918,0.0648166608462117,0.00115335477419911,0.0838002956629764,0.125956276306503,0.00381484867612004,0.00575504259072991,0.0422808284185582,0.144389958869702,0.0338210456384672,0.000200213770041053,0.00108677428279171,0.00899713389883018,0.000229294425264086,0.00173748720093212,0.000686198062751246,0.0211334038973919,0.0112265107098327,0.000994161651481393,0.0133151218247736,0.00826409698543719,0.00183463852719857,0.0055575721533555,0.21173221489794,0.0908782792681202,0.000757545327021031,0.00333125417103151,0.00335368014420848,0.0101898267803801
0.000163040523389944,0.00270847505453984,0.000925136509722033,0.167569556888674,0.0446311395156916,0.0144243688441282,0.00967165196485228,0.115244380895407,0.00402519033721564,0.0209650894367202,0.128940242055165,0.275306319644849,0.0848242402158634,0.0112279527425776,0.0171064629436732,0.00441631781314279,0.00147453471065487,0.000142290386043905,0.00195963880919047,0.000817087084950504,0.00910181067254939,0.00289275405685719,0.00808666875755021,0.00737861949586622,0.00160894768541617,0.00200916178566885,0.0147654240464561,0.0274335000501278,0.00366688985686926,0.00292718770878793,0.00544822881443895,0.00813769069296096
0.00304658433958407,0.000805120570724734,4.29601841562686e-06,0.00805961042633665,0.00519747822746779,0.00119130141812545,0.0139017442846651,0.00665496689465039,0.0012737729428379,0.0222368868643669,0.130657386562558,0.191397694301517,0.0725992473493694,0.000790557288599934,0.00316701822179408,0.00151790534395064,0.000388911134150162,0.000706066305826054,0.000296536540539105,0.0018180332823452,0.000730823495975727,0.00157655774368775,0.00251579861946291,0.00190119644476293,0.00425278364110154,0.00044981012451611,0.0177372034931565,0.140427548697293,0.348235413778736,0.00183254622266523,0.00323810798791495,0.0113910914329038
5.96007790326686e-05,0.000199696379768509,0.000606461995253434,0.0336655143585225,0.0300180158722668,0.00601678100936446,0.0779937931637077,0.0256737639373235,0.0148859602481291,0.0255955413206439,0.148308766184907,0.17785123333067,0.0733577978588792,0.000655759492943789,0.000909940704821922,0.0142283122065074,0.00225819745827252,0.000292891994117314,0.0126263859875583,0.0167781687915815,0.0260971866801426,0.00076043122005842,0.044886462423087,0.00100556247160483,0.00014455726264339,0.00451831366186555,0.00660687756058528,0.131083187496794,0.000610419759522234,0.107720326656057,0.00179460924682939,0.0127894824865394
0.000156095719788614,0.000379900996430127,0.000193011178742119,0.103746303756884,0.0568953027351099,0.0155104437699512,0.113173549594343,0.153570206247061,0.0125013909732313,0.0295313966699151,0.0676390610577422,0.0356835328303885,0.0127652884818895,0.00282915401191339,0.00320119309535391,0.0132084029604583,0.000731160191726042,0.000904969755441819,0.0107565702596373,0.0385829021988479,0.0373262975513859,0.00982545804029476,0.0671916894744521,0.0136868276919518,0.00177834030746861,0.00292906182730911,0.0100165567053889,0.0271202928067025,0.0004706981986332,0.00138063688870542,0.134470094669794,0.0218442093530584
0.00188552112704074,0.000504896615573766,0.00309439580313002,0.00507422652887853,0.0846947086884718,0.0267946680615543,0.0807400268424914,0.0321495409883924,0.00391142625937706,0.0280534488474474,0.0612074027616756,0.00244780641179454,0.000463984161086715,0.00998713358464194,0.000205568650720816,0.0163190142768585,0.00105904284208471,0.00172184524870551,0.00167697240746044,0.00540947785619004,0.0318853045307357,0.00821283525795853,0.0450649253385206,0.0165852616827734,0.0148670824493144,0.0097541128372536,0.022671470365956,0.0076653365714106,0.00279716380279397,0.000371475404108578,0.00179110025381943,0.470932823541779
