0.682221670859639,0.000112540997394669,0.00408244674308454,0.0102263530929665,0.0261815000315182,0.0111703282210506,0.0173162053470864,0.000779437044315098,0.0150631052358052,0.0243479421257038,0.00125349471125663,0.00188768882624705,0.0122491735223003,0.00571003898118223,0.0245715216694243,0.025211780035853,0.00159169237309212,0.00883389154507664,0.00370846396283453,0.0285909857429832,0.0306737711497194,0.00971733704188926,0.00198657609330167,0.00647020037660953,0.00687494116460221,0.0168485705410716,0.00369067433341776,0.00320589742617062,0.00498613783478612,0.00813149299475912,0.00196383224520815,0.000340307729650456
0.00292966789149097,0.673259515139538,0.00431887748667866,0.00254393911405482,0.0294962943966518,0.0149073355373639,0.00310942706727475,0.0190311714286364,0.00472399358370243,0.00325561131367785,0.00416174800276637,0.0285174340227308,0.0509128374996234,0.00530721837169773,0.0324695636088404,0.00736947652863456,0.0064844508864722,0.001039229486582,0.00411210505843262,0.00758822677566565,0.000397855712471458,0.00152351774858531,0.00151610416174461,0.00577324837015471,0.017645590574733,0.00701329856888756,0.00412008314042087,0.0133264302394887,0.0235953100003526,0.000611664652094567,0.00483247660893881,0.0141062970216126
0.0036062615485401,0.00383221311653149,0.619679415074164,0.00703511795517865,0.0228583253835229,0.000152809637218265,0.0422049231978481,0.0204990718336905,0.0491942827799477,0.0259710196937641,0.00266679343087933,0.0415719151205534,0.00469710475989739,0.00243437565776901,0.00873528743948263,0.00932871558678978,0.00150262801804207,0.001236454903151,0.00133842133297485,0.00666977831224014,0.026597526218254,0.000541373168209769,0.00928610840165292,0.00552611853721341,0.0111888059321228,0.003351607245967,0.00101352461928139,0.0305293555631767,0.0160109709045182,0.00280049548297722,0.0179068060941022,3.23930503392988e-05
1.31830320234244e-05,0.000530748563370339,0.00480141872581633,0.7998707837557,0.023644712974808,0.000300701856646781,0.0236789088978544,0.0527310359558571,0.0154681316381372,0.00282270664542801,0.00157842684417031,0.00703897371265404,0.00897056698364136,0.00478356433001537,0.00936859322746183,0.00299614305315182,0.00084333208565134,0.000415628596123179,0.00278517035637363,0.00513600202540848,0.00586045551391654,0.000488402093515325,0.00118952633220991,0.00206727402872375,0.000425507520000662,0.00187468777198718,0.00527591991288039,0.000573400818443962,0.00101559531289113,0.00066517445035403,0.00637149516506289,0.00641382781972063
0.000672724262671994,0.00242878995871435,0.00510604294308047,0.00567864342791128,0.668124242376731,0.10962244414856,0.0660578194732175,0.0058630161283628,0.00632844374364875,7.1546827210272e-05,0.000820331705092041,0.00114118167519747,0.000949489293774705,0.000392497782139613,0.000863834360266497,0.0762734762229276,0.000562023508254443,0.000225177004466821,0.00207590864870118,0.00220742916182872,0.00166604031768209,0.00313302824356297,0.007900847780971,0.000859387230541769,0.00187862754005984,0.0017767403430919,0.00231440616752204,0.00472697127081012,0.00381020070282366,0.00774294479701781,0.00691718912102397,0.00180855383213547
0.0010269277706711,0.00119919218305126,0.00136119122517768,0.025327289607401,0.0207736587596168,0.61803942391393,0.0210813774537629,0.0607326001106147,0.0201516671447535,0.0164479610508536,0.010102932914649,0.00523053084485998,0.00113967999307517,0.000297541869576699,0.00727781616603379,0.0890947786921147,0.000243488471581763,0.00159707944654512,0.000309817985037129,0.00753507579584212,0.0174072752633236,0.00336318613161888,0.00494942625442126,0.000790239740030485,0.0164620787899667,0.00199552134672909,0.000210041334366831,0.00673250178868352,0.0133647898106619,0.00561401378583465,0.0166351603330314,0.00350573402218324
0.00406146904535608,0.00130402030733101,5.10364958183975e-05,0.00303525074096658,0.0448055474364396,0.00283662051232875,0.847358601873272,0.0026530768875494,0.0180803694235606,0.00227559468075472,0.00198678782948826,0.000613965117832521,0.00807545065829847,0.001673912492739,0.00231893545406878,0.00737058478827114,0.000934160507775528,0.000730797698860446,0.00188035815003681,0.000279121897629772,0.00212177189540302,9.72400814646139e-05,0.000562489542545453,0.000562775907259475,0.000845237116296025,0.000133836787696758,0.0012545416224875,0.000378760368720491,0.0138464799544564,0.00133305629680527,0.0176979671344924,0.00884018129399496
0.000288970745213019,0.00373884174589617,0.0023850602010181,0.00861680074568162,0.06085229928508,0.0659717172049127,0.0252638581443001,0.612759535977615,0.0640033844629433,0.00110555790592677,0.000322681119760612,0.00614775864259802,0.014846029293518,0.00511216585912281,0.00894097517336135,0.00370809586626769,0.000512249011989714,5.45451529863283e-05,0.000704853318419037,0.00437071634732512,0.00621127624883393,0.00352357416740607,0.000991495205734014,0.000231608918127383,5.81841008490376e-05,0.0185780610302415,0.00155582254309294,0.00203378675433826,0.0176410924791644,0.00273147683020486,0.0462132052592843,0.0105243202587877
0.00712756248332201,0.00181040151128783,0.000264257403210206,0.00265161983370844,0.00882726229559415,0.0513205529734593,0.0455434487804702,0.0200444375495985,0.567640953568159,0.00177231914797142,0.00154890549805555,0.052757360584482,0.0179021112422451,0.0047786175169012,0.0191602084090053,0.0304802833737396,0.0125475798498393,0.00476839114017199,0.00649101265956553,0.0168642967279055,0.0244483304932389,0.00416612600421851,0.0185885824919516,0.000694008475604185,0.00763957906692619,0.00924845163216175,0.00142869489842153,0.0288675604507918,0.00661940245550339,0.00132919175185912,0.0148775526618385,0.00779093706879274
0.00240650120294864,0.00141925086982303,0.00469286248403724,0.0605097902652281,0.0683250449247577,0.00703887490407897,0.0196827063717561,0.0528331033323864,0.0364676711127037,0.556821200671838,0.0121316926813024,0.0757819268061421,0.00622613463271327,0.000977478259058309,0.00260839765336756,0.00187571523945313,0.000649676834261464,0.00011347700322262,0.000163079465914167,0.0043815994059058,0.0032359306605486,0.00248102015970207,0.00533203228834361,0.00293127787443212,0.00234667369134242,0.0137839165032038,0.0019421611938141,0.0204469110829808,0.0139333338404392,0.00683595163026492,0.00860474107355876,0.00301986588047046
0.00155908729003059,0.000734647747369377,0.00452896902685804,0.00213898994092137,0.0373817870805877,0.0217866306657644,0.0217688795546471,0.00708417891902843,0.00898109010879191,0.0166124950550516,0.761849851570688,0.00548465183353998,0.0268286993319796,0.00215268240333972,0.00769572815098644,0.00138203777790572,0.000125016126750981,0.00552765285181482,0.00306573713462483,0.00402298149128062,0.00107559449466134,0.00193069351578327,0.00277160407081163,0.00275687989743516,0.00600276648592327,0.0169890767239607,0.00213651148815219,0.0134715045709568,0.0011935662918624,0.00864143641283193,0.00136146519521876,0.000957106790441872
0.00094730450134851,0.000644233637453602,0.00379329195402256,0.0592930067167051,0.0150287452731772,0.00222405684961979,0.0172704849227662,0.0300529192957157,0.0358163581731102,0.00947435402457643,0.0047947113635576,0.653273527149234,0.0384025297861149,0.0012693341170563,0.0157198337106396,0.00936260009349908,0.00474499004223208,0.0136490629178978,0.00470994229508082,0.00133167971462989,0.00234265535689756,0.000259469447099044,0.00183854573541353,0.000191377008777658,0.0109532408605043,0.00714154655861521,0.00587300501622767,0.00328066536099487,0.0128803971318178,0.00875299537927365,0.0156408391036723,0.00904229650226953
0.000656977779641159,0.00141916757241008,0.00292135635760997,0.0160828052475119,0.0324849087094793,0.00112014102750039,0.0413264128008183,0.0390477859424935,0.0143473239679851,0.0093744155390477,0.0370559664377179,0.0364077013640666,0.626810624314617,0.00108419115541662,0.0318352041022066,0.00989046013323293,0.000314179067132457,2.47621939881944e-05,0.00211955680478893,0.0144507662534324,0.00296280899356546,0.00250794400889649,0.00249579113555496,0.0142183229220821,0.00198184753784275,0.00705573714697856,0.00671377521258083,0.0216022384655067,0.0130692535509819,0.000354117678005472,0.00269490953576531,0.00556854704114302
0.00232351773782386,0.00131020576324246,8.96107377321773e-05,0.0619924508782813,0.0129872631323392,0.00564814554569353,0.000352397953177547,0.0144509933724826,0.0142696398953699,0.0280903481980946,0.000842387390802639,0.027225111859372,0.00350156598960903,0.673646455059421,0.0260720760412716,0.0126778218742992,0.00767399303506913,0.0131070435302145,0.0022169893889206,0.0124836839916893,0.000261782442841916,0.00103695419298141,0.00243315366155475,0.000599713780141827,0.000466386571574954,0.0121771503308159,0.000782307501697811,0.0227551519849067,0.0241268985832244,0.00110678229014938,0.00533710176699596,0.00795491551820876
0.00258279915208676,0.00206720205879331,0.000100428950686855,0.0164575638474836,0.0409270441371006,0.00334172759789826,0.0350683650746846,0.0117980266330169,0.0391870983316512,0.0157259864564101,0.0211088030651629,0.0646748066603414,0.0234125724657205,0.00320190615438203,0.581847851878383,0.0034823987922153,0.00534290529504789,0.00110056203472417,0.00348693523909284,0.000926576613736911,0.000247828196144687,0.000915181847285698,0.00741317442488062,0.011976124437857,0.0093837786457871,0.00543510053118749,0.00502277613839578,0.0199822945908257,0.0339946613396033,0.00169347190402412,0.0123721490836797,0.0157218984217099
0.0140436760375994,0.000763095206541163,0.000624247398781686,0.0139172322822083,0.0185191445109449,0.033995182411546,0.0121554991111662,0.0385393046237457,0.0449437324620873,0.00172790891188067,0.00842213840717845,0.0405366246952075,0.00577646829902951,0.00146599336475386,0.00825004807340032,0.695602771479325,0.000231622788996609,0.00100180739737613,0.00147306861231872,0.00263764258070359,0.000151074571344879,1.82579363639086e-05,0.00037593855920625,0.00234482555612732,0.000267950841752611,0.000201348844275416,0.00124465869634743,0.0328420016283024,0.000902519364245274,0.001067460467208,0.0148676507914258,0.00108910408860987
0.0371105522355832,0.0010572002035732,0.00807447757146456,0.0194055960669862,0.0980373360113993,0.0101156315801498,0.0119145514317176,0.00515487353395332,0.116276919710489,0.018651988162647,0.00840060961120594,0.0588929155880074,0.0159797953111526,0.00100191778179161,0.00247601530347041,0.00730631107143158,0.482997101774156,0.0158525283606753,0.00196004916977115,0.00160170471509712,0.0117401555577467,0.000247606139501311,0.000182361785216225,0.000572942054146122,0.00183089716389817,0.00804269621086646,0.00132483677400213,0.0151470155549291,0.00946751604557684,0.00119272364422208,0.0278582265260465,0.00012494734912622
0.00807127454223964,0.00669800859934825,7.35880477228193e-05,0.00924974257495221,0.10615987665102,0.00172207659551531,0.0349452995025135,0.000675518328666864,0.0923457986726989,0.0064028213496247,0.000771817150007267,0.0335865098975201,0.0172760385980508,0.00482986446425268,0.00138362037974144,0.00725465542525128,0.00178458647911399,0.520760605522011,0.00797206685790528,0.017854519766588,0.00581666116469116,0.0126119931837454,0.00481310338293168,0.0308960747377097,0.00298014461371194,0.0162873888188573,0.00276210006816397,0.00102246121151877,0.0183167646086266,9.1074338743545e-05,0.0141552125116502,0.0104287319549065
0.00163572231495364,0.00263130376179807,0.00511662926147355,0.0133053635381827,0.0133410788483899,0.0039704872967736,0.0110579202924321,0.0190849384949962,0.000365079556409359,0.00462504514002068,0.00634705237641968,0.00400833893937857,0.000823541338657414,0.00127127904931462,0.00912245929652172,0.032262139075981,0.00723230743240273,0.00969356202616231,0.756944816449384,0.00460944507260086,0.00701280446021031,0.00360217219675227,0.0058885282385882,0.00709324383488616,0.0129899264446516,0.0018814598229251,0.00917482409592819,0.0168165170906198,0.00497099178554644,0.0168772908934376,0.00542406230276483,0.000819669271436426
0.00200255090124244,0.00690550136356205,0.000453828052242414,0.00236097753768507,0.00182692986474936,0.0015396750027782,0.00648769320450422,0.0023998762938772,0.000443186016718557,0.00123598102311452,0.00274196404575089,0.00589786311287999,0.0233513751289978,0.00163991661139952,0.0228273077968725,0.00290567339675727,0.00528450332877603,0.00235902975306434,0.00535800687095328,0.781709824471985,0.000684146612746124,0.0179375140547443,0.00197462577099983,0.0182252903455578,0.0158609991528325,0.0483637553024466,0.00368667294910001,0.00734070962547341,0.000709575912634172,0.000273436444857356,0.00483497423334623,0.000376635817350812
0.000226521104432662,0.004724082825387,0.000304485621309217,0.0171806443042777,0.0458145576811813,0.00578823485366441,0.0376911201634479,0.00117380429365097,0.0561699888892019,4.08475697859981e-06,0.00166685685830459,0.0486573244294205,0.0744765858997837,0.000520876343972185,0.0159867166441052,0.00190360109598641,0.00212089660629099,0.000687593607153703,0.00201995991122149,0.0114749109584924,0.429947313435049,0.000229148849094606,0.0113172955878127,0.067914066131935,0.00257834202013037,0.00940349975286994,0.00391635569204144,0.00169614739627677,0.0528079450735968,0.0011210984191915,0.00481883465906728,0.0856571061346712
0.00168899482778028,0.00110977304071479,0.00116809418743286,0.0311355485673452,0.0149742514227828,0.00198306785033961,0.00165601498495772,0.0294037534897092,0.0702962938580461,0.0126648151369805,0.00176863671633345,0.00755071012253628,0.00907585465508379,0.00197745963794051,0.016455781692674,0.0416165109229951,0.00359466288768005,0.0227063368211303,0.00364029204626905,0.0228761053665191,0.0109158609310569,0.55976846577807,0.0194942225565012,0.016092761387134,0.0568282140367238,0.002789162906605,0.00630227190315436,0.00599802573014254,0.00350751120967181,0.00108770393537669,0.00125969369779359,0.0186131476925191
0.00388261103324967,0.003123633362697,0.00226860727696947,0.036993560754266,0.0307585057066394,0.000480321669696742,0.0294059832826912,0.00729094285961892,0.139870258867078,0.00560144386109395,0.000389266486953162,0.0190949044487441,0.0264721660545659,0.000153413520755002,0.00531537037823866,0.0118713125150125,0.00420500669212332,0.000562849285485908,0.00134153657384265,0.0034643603189212,0.0208632498061336,0.0270242952247649,0.504209679078226,0.00754610555887936,0.0122459429543622,0.000145306191926811,0.00283217118913984,0.00386572931608384,0.0419363737950249,0.00413269166330532,0.0105198986974334,0.0321325015760767
0.000182978413183404,0.00335902737346167,0.00546231174814759,0.00651462627565611,0.0146121412465356,0.0322823633960892,0.0316901513689911,0.00191415847217976,0.00502459279869089,0.00211497003452948,0.00424692094523079,0.00266548692628405,0.00254415982190237,0.00399846270953175,0.0143238994092814,0.0133736000236606,0.00113937949362817,0.00115545933426662,0.00447740703506148,0.0045675192096424,0.00223772444933034,0.00798466531919072,0.00579488654488013,0.764270332865757,0.0102809082661657,0.0217397703484539,0.00304151897516516,0.00391217673226752,0.0161196989083839,0.000764706069016662,0.00434003745855075,0.00386395802688448
0.0174123438215574,0.024236527412526,0.000480381970609652,0.0442799949892356,0.00954860797931902,0.027235386089142,0.018650964582599,0.000756013218558341,0.0236800223386755,0.00986695942734593,0.00089016715349433,0.0122837072560447,0.0185408312541884,7.59125753236003e-05,0.0100222683820878,0.0070114440586277,0.0430602666998536,0.00149672711038474,0.000569285504128159,0.0103837049071491,0.00526613974504592,0.00218204731480268,0.00140863355132754,0.0339298647051362,0.579045228309712,0.00321002287942573,0.000742767411624926,0.0227067066701196,0.0376185311786177,0.00155729158526552,0.0032468898635598,0.0286043600545115
0.00208208751144773,0.00433296904852534,2.54879472373488e-05,0.0161912281623935,0.017860584688729,0.0035492926956761,0.0110070538361055,0.00547822146282914,0.0345086588213335,0.0046783777990131,0.0107831902038909,0.0217628293073579,0.00274374820928163,0.00060236284138993,0.0124088159182648,0.0165331405558126,0.000829923966489008,0.000769335244553777,0.000223520605851718,0.00359878724435528,0.0183610860361132,0.0159019555250822,0.00455924104476428,0.0228811556436456,0.00190275632037265,0.723911867694549,0.00039088343292911,0.0331100271188597,0.000551871213023373,0.00177267950569447,0.00564585894964411,0.00104100144478434
0.00144835252777151,0.00134262793555703,0.0040208776009674,0.0090799528466984,0.0282562782259686,0.0339674533276475,0.0487562272013361,0.00580531131697179,0.00398866591416105,0.00541050169336135,0.00707976659701963,0.00436468863824676,0.00823123712316427,0.00197853914946934,0.000986974664644243,0.0321267971485699,0.000776092594988026,0.000715842297375358,0.00274499384767691,0.00142609653689008,0.00348010507426145,0.0115327097585421,0.0607720461549139,0.0315516846047768,0.0158714668705406,0.00279269733273263,0.646593296072906,0.000582775224164319,0.00726387740134876,0.00455291876409698,0.00684223474786871,0.00565691080536275
0.000184026462923232,0.000445503849645404,0.00282804062392074,0.0372924920975681,0.0170512623174788,0.00221601031400929,0.0489176917812522,0.0263139365891731,0.0166065456291068,0.0167113549203476,0.00840889702588555,0.0299513203334993,0.0258674775670896,0.000313172431018784,0.0286854695523625,0.0150357121577954,0.00248725924338855,0.00778925804455332,0.00165999218181224,0.000982021441744353,0.00241044784391316,0.00105015277523673,0.000297090634877228,0.00042310709413584,0.010101747783232,0.009060759123743,0.00130885268738751,0.644456892225244,0.0250521772467386,0.0076701414925213,0.00669070771420881,0.00173047881418746
0.00125291750257426,0.000631717341559286,0.000836308601280621,0.0219752326995809,0.00364685862347815,0.00342581522746181,0.0244159356720835,0.0256947206221009,0.000221618639069711,0.007305515664436,0.00682655907329433,0.00500054995541205,0.0217724556344564,0.00268656382062967,0.00476869803743881,0.0199687011361553,0.00235388901713304,0.00118633704207293,0.00153390022241822,0.00363275467071838,0.00187203205379813,0.00145476569979547,0.0158643740981775,0.0116189897771303,0.00402481314189337,0.00267867934745715,0.0131480148889343,0.00128956058543736,0.749871140267559,0.000335449842995117,0.036743737260803,0.00196139383266542
0.019553964301802,0.000883237753486626,0.000358544443773703,0.00579872564769162,0.00864395768258271,4.19322635184336e-05,0.0113997222529727,0.0255210280466691,0.00361354760464145,0.00310228454297189,0.00612597682172067,0.0646864105663557,0.0341142610821569,0.00466635908315114,0.027726860210733,0.00322332911105274,0.00185498171306458,0.00144896776641316,0.0211207532865796,0.0182563056630206,0.00284336923066871,0.000138957940198956,0.00255464851933136,0.00435878159883725,0.00323306460871329,0.00178501480636348,0.00455244225420704,0.00431098638876692,0.0269227763392744,0.680326371868528,0.00498809967232287,0.00184433692842925
0.000612835489810173,0.00103810102134314,8.72286132857275e-05,0.0152567416745527,0.00256021316121312,0.0098068403731364,0.00326698929973424,0.00876926824377035,0.0131318828061882,0.00377463128823985,0.00242384924078889,0.0281270836621894,0.0138406880061521,0.0025823132791433,0.00560521944195505,0.0152898808988127,0.000635097663706689,0.00141129481086512,0.00345914923499159,0.0115185984377731,0.000607573565654622,0.000379997125492107,0.00710064122984302,0.011606906993496,0.00327605100446923,0.0112709683937046,0.00303527014785308,0.0112004433833076,0.00421609829739751,0.00169236707867523,0.801576309965411,0.000839466167044022
0.000853218738498784,0.00439894722431365,0.000605771139671174,0.00778481105363176,0.004761127568849,3.6535590564756e-05,0.0243452808998619,0.00347402334520781,0.00337160815098737,0.00737149046034223,0.00792570785050521,0.0110609235153804,0.00951376139513068,0.00479606890725794,0.0128010134944169,0.0135696424480423,0.0175410927235132,0.000310037140346974,0.00275863684126987,0.00422557378007283,0.0233696043451147,0.0035638991106707,0.0117306173218727,0.0195467869053838,0.0229448040711478,0.0073863620136781,0.000255622889953374,0.0128022413296115,0.012202219887013,0.00180690620800245,0.0156195644757559,0.727266099173931
