0.678678794947608,0.00974552611967341,0.000286701254695947,0.0141063266847359,0.0533617418795351,0.0475206635337252,0.0230979866151421,0.00383813668176474,0.00716341248274314,0.0108975316504828,0.00230957026386694,0.00718873403356495,0.00179333200152046,0.00055079168436947,0.0014897289131283,0.0120896964728007,0.0296217974221275,0.024748266152642,0.000420812213727306,0.0111707428794148,0.00296509196887486,0.00830163119919989,0.013257279775754,0.012165454501345,0.0108448244803458,0.00637125437942169,0.000189642794873298,0.000695334308126418,0.0036439216914844,0.000675493445164597,0.000455182314628774,0.000354595253513057
0.000738765345197781,0.484874979987294,0.00479097083309053,0.0135783987573128,0.0041456149573426,0.120853625326914,0.163998221449307,0.00392858703211927,0.0514300054013668,0.00367511693114374,0.00083148643212751,0.00238512672957529,0.00122201515809883,0.00117218051977172,0.000413448484722254,0.0700000505344633,0.0113672591933649,0.00649651941042566,0.000912105116216129,0.00491598426012381,0.00198334973588732,0.00594503383295581,0.0137501114892605,0.000612055688848232,0.00660398368244976,0.00300155749965854,0.00279948359144645,0.00199092056307592,0.00692233969444628,0.000165784954179432,0.00335959512415558,0.00113532228365894
0.00145895800827441,0.0301577355694536,0.680864353015745,0.00184680901490408,0.0348771224801347,0.06162546070767,0.0122182162611884,0.0127625154259782,0.0216294656147331,0.00929675466576292,0.00161686667388898,0.00952590220602641,0.00821694036404986,0.00139783476509304,0.0077362900239115,0.0210170608156796,0.00195989546321708,0.00362779187387204,0.00713628346270311,0.00231182173481698,0.00169581894823878,0.00144279277267557,0.0060192519755824,0.00947146275063613,0.00211043205008968,0.00840925794451398,0.00840418255771081,8.48583680675644e-05,0.020028533731221,0.000442977521590795,0.0100337096653968,0.000572643567173877
0.00774385428590384,0.00659059714494213,0.00795884399576522,0.406390651390846,0.0962889440110795,0.000495075866574069,0.164288933228807,0.0416474928586978,0.00968561765652213,0.0290355265964637,0.00810621271639571,0.0204221004627999,0.000379334546200564,0.00354572137922211,0.00312190307381592,0.0635336538161022,0.00117934983143338,0.000343182110719241,0.0092741989794327,0.0242636941171119,0.00262786889572058,0.00983683744940504,0.00390040195254508,0.00458431904204039,0.00404889247816125,0.0113927419776548,0.0018022574537955,0.000403208948345743,0.0422779399414231,0.00291364522576027,0.00966661391951174,0.00225038464680208
0.00359071625324758,0.00141883332437817,0.00549081108183023,0.00914695580811091,0.759358268150028,0.0182546069080994,0.036640440433233,0.0119044418579983,0.0168760753004054,0.00597932745691259,0.000299866510480906,0.0110806140064539,0.00323812550991574,0.000679159981252494,0.00301225767207189,0.0583864906265185,0.00290568415461403,0.000540603652707396,0.00129520099216015,0.00438059961062816,0.00522656059598597,1.835507285087e-05,0.0032807436601876,0.0068683040666712,0.00175056526772163,0.00529288678184673,0.00467277511272871,0.00571226895599871,0.00979151904076276,0.000879711454266353,0.00197090983656957,5.63208633628035e-05
0.00490526189558098,0.0105974922257339,0.000635886076791118,0.0411814120534765,0.00739235560869194,0.686637191608507,0.00502792788183977,0.0547239523253555,0.0220945996928031,0.00478845772007496,0.000684563025485562,0.010479464759606,0.00477648217565868,0.000878241255810011,0.00573136441964994,0.0740294369277974,0.000905359137583836,0.00130463531380896,0.000985601842699507,0.000740679953800155,0.0131662869612753,0.00553811652659291,0.00457035436589433,0.0173882271207804,0.00635701282068812,0.000818748386715771,0.00632460474207422,0.00308722944555098,0.00227710182568335,0.000842413148283046,0.000487145119064709,0.000642393636642702
0.0251734452322533,0.0169228774205774,0.00597565599859065,0.0643185584441531,0.0194468305280337,0.00958752330855539,0.615557359237442,0.0123232617944528,0.0425707352146233,0.00940200053545373,0.00170103854421312,0.00772936668488829,0.00293436435740215,0.000679279934546056,0.00635829403222766,0.0190739031511791,0.0048885240298358,0.00546698748343911,0.000882599021576378,0.00835276324907112,0.0267984015870477,0.00257867067495214,0.02719586430623,0.0384302669784252,0.00584512480949221,0.0049709885658812,0.00274354162543642,0.00202199769145778,0.00190322322118014,0.000605812510218964,0.00571954976413326,0.00184119006303145
0.00637132695799503,0.0028138886046932,0.00255305514885349,0.00487969983395674,0.0534405069119121,0.0172607309672833,0.0149360505205951,0.606225583568586,0.0389876260312732,0.0204259324154029,0.00165564044481495,0.030726176481318,0.00611445873541514,0.0142258708746891,0.00483853131739737,0.00467517728917916,0.000515381372122055,0.00189965625433111,0.0135820921282551,0.00962411504389381,0.00106596084997946,0.0251967248182488,0.00341124161525114,0.00189838215157238,0.0209150070488498,0.0158562423234152,0.00823226918954626,0.00440097826059685,0.0533287791116503,0.000584321102438767,0.00910369631095291,0.000254896315531288
0.00827904632377055,0.0112502325849749,0.0129236263317879,0.00506035810180664,0.0132313667409188,0.0460994321048679,0.113864104053606,0.0045032654700689,0.59631743804186,0.000731820431597239,0.00166745816725962,0.00682656852681235,0.00100877868905097,0.000809624321325262,0.00518702459128424,0.119472294211253,0.000456011536549216,0.00784866649182121,0.000308822569416733,0.00647605378915062,0.000184447674473011,0.0010003727241323,0.0186633880971627,0.00604143807314637,0.00202581014169683,0.00270856883640629,0.00086881231416707,0.00203856135813376,0.00133573901018589,0.00099310983346374,0.00147050849892239,0.00034725035892703
0.00335190440647652,0.000844011672946825,0.000552884404562625,0.0111737622470293,0.020249699303464,0.0190023795372372,0.03332838756306,0.00111199405997662,0.0481975675807308,0.590496851519104,0.0207031431178638,0.06826354252131,0.00109817618795092,9.85093922637865e-05,0.0108888318454381,0.0439294208954718,0.00266680170875375,0.000905984488505363,0.0125593765022315,0.0165549699412668,0.00229479023736691,0.00355725338261343,0.00235347056203054,0.00591943457751711,0.0069940902270758,0.0168412994327585,0.000533463116685632,0.00465642890765053,0.0457684477389321,0.00263122215617088,0.000412401395143642,0.00205949937041139
0.000633167904978595,0.00734459910406235,0.0154378817488423,0.017577564350655,0.0387536101819726,0.0452068254458389,0.0099694857897185,0.0344545631908382,0.0681807980688096,0.0293140453931088,0.47161410205201,0.0549829186471062,0.00846893873919478,0.000733861054376866,0.0147770780257664,0.00709203763176752,0.00111790949144268,0.000895843237689522,0.0106302301494613,0.0026815976214854,0.0155434325441636,0.00549915619598568,0.00117167799605143,0.00755022159049897,0.0181618159462445,0.0331927402326392,0.0014199476636818,0.0169157022369895,0.0513684064151835,0.00105041563584958,0.00438484443530741,0.00387458127827885
0.00376665717925898,0.0141162597299978,0.00293372269273063,0.0108574648760889,0.011489405709543,0.0105459615571765,0.0235170318827169,0.00425569739394974,0.00810807972351656,0.0432707329065097,0.0105041182966533,0.682755030174034,0.0100881060659523,0.00200610558594292,0.00269731572821728,0.0405964572903892,0.00510339513243842,0.000193861427398105,0.00532868628121374,0.000577948358079883,0.0106180185120049,0.00120238646190751,0.0012188633318807,0.00398742511735377,0.000450196016836949,0.0167204045857355,0.0103501463364442,0.00170136263837401,0.035405770937971,0.00471360640199477,0.0146721393415701,0.00624764232611887
0.000142452332650545,0.00136609373888505,0.00420429154625517,0.0174459673934948,0.134792964901023,0.0031800214602299,0.0167980671705989,0.0178539701170634,0.0150840322287519,0.0333436907794144,0.00100904997773393,0.0596076823790651,0.413629501207676,0.000546942752887767,0.0684506349532586,0.00996249915215251,0.000224911004654861,0.000306541483888052,0.0109513595833379,0.00171673256281223,0.0262026180565072,0.0016033059488765,0.00600958558140591,0.0254352989115692,0.0187777061266912,0.0166211423324059,0.00802641933889411,0.0221284250123224,0.0583585336915936,0.0013609365808971,0.00120596404632929,0.00365265764667331
8.13742464472935e-05,0.00176163870645178,0.00198002225206362,0.0110664813378847,0.0130615301158999,0.051972555991459,0.102388431536422,0.0169157419031322,0.0119135558879899,0.000640751096835217,0.00405547370539506,0.0329062291317131,0.00295984966500255,0.583725538084709,0.0333672651345647,0.0545151689529223,0.00283303539867632,0.00345372047348022,0.00316653735194969,0.00302165063196878,0.00164334457163275,0.00918412879258423,0.0171248563773088,0.0052405066610561,0.00691963797664841,0.00249718422299476,4.914301030538e-05,0.00192214153801019,0.0163397121395792,0.000588630287801614,0.000121114199588451,0.00258304861752312
0.00155948488242705,0.00279211425352661,0.00309771432786202,0.00352271869515198,0.0281774347225693,0.00043568686845413,0.0152243253972092,0.00489037958607586,0.00623459694318506,0.00442663134155297,0.00531895446948382,0.0117212667190662,0.0352986357466567,0.000674946117421519,0.789161079422248,0.0124746653841703,0.000621518155393433,0.00154125796758193,0.00386496874543429,0.00935774622888105,0.0136755984904212,0.00378026937332366,0.0031564494338425,0.00314416011920082,0.00589832575953681,0.000671573889637124,0.00396097696579749,0.00613982176762277,0.0110929439099633,0.0038783485925337,0.000960611421380325,0.00324479430238946
0.022222146769552,0.0273901055676384,0.0103377394770141,0.00754112712053602,0.0237502621071578,0.0256975047836626,0.150788837373866,0.0139755733199717,0.236351496381999,0.00146448357841429,0.000958073090564751,0.0166053935077983,0.00237641930436935,0.00123588475465568,0.00334485211798785,0.397651972245886,0.00317725102970149,0.0047363788196515,9.52243912967943e-06,0.0114572763124646,0.000400574258238632,0.00127620345446282,0.009727164270893,0.00675337951707645,0.00510281738896793,0.00379393842551296,0.00250996798331276,0.00301038967691364,0.00287513620778008,0.000826284748970676,0.00204244637362789,0.000609397592222334
0.0170010749192431,0.00802234813955681,0.00171516070673002,0.00173290383296707,0.040688585433806,0.0131994786183859,0.0390824426080671,0.00436618156506323,0.0272385151138292,0.00119526963755686,0.00541402326457206,0.00149776287279219,0.00266702948332184,0.000172862799968805,0.000524864727918921,0.0760406096959724,0.705804917649259,0.00693288839318545,0.000155706735859721,0.00144050359069074,0.00151098082293312,0.00675452267361394,0.00929245404232107,0.00128289438330666,0.00615109351725825,0.00787691881309084,0.00181760605652399,0.000473543690486479,0.000745932854882763,0.00218308115091489,0.00147796763092554,0.00553987457499613
0.0215907147862126,7.4554802099491e-05,0.0126970418357067,0.00451445750921646,0.00378898140397489,0.0296858848717132,0.0557648411285882,0.007819782950977,0.010829858473856,0.000115364994811571,0.00259186060953907,0.0161389110351258,0.00583916906289105,2.89122025702491e-05,0.00191111056430706,0.00164137845205254,0.00132957580575346,0.710047574695359,0.00259582239876152,0.011965528722958,0.0101409524364914,0.00476785316201523,0.00807348632682689,0.0120753276536533,0.0185664247342202,0.0028363271798787,0.00110393752839626,0.00931376797167618,0.015068276808455,0.000625149767523346,0.00512254166255229,0.0113346284618378
0.00669447425126991,0.0132828179008889,0.000385143554283665,0.0130806687539357,0.00210298425978509,0.0101144349737436,0.0060004512016856,0.0238657607426919,0.00873326905605232,0.000104082995817679,0.00624342637689562,0.00440542433174033,0.00134989838783169,2.25765788348699e-05,0.00269147034512072,0.00649421777911182,0.00467653455544895,0.000549666230360801,0.648504794727653,0.0433808605233418,0.0120364686157178,0.0119020210552939,0.021091027814968,0.0613935095938471,0.0185246205144568,0.000576290870566132,0.00405152179710825,0.0156680976459071,0.0175335471993339,0.00239440913802961,0.0311805082423273,0.000965019985949683
0.0017031006478118,0.0053543666545587,0.00185254994402761,0.0158477461767939,0.000900492854703593,0.0199050421362017,0.0107585767162336,0.00241637701011256,0.0292509423842033,0.000935634935595889,0.00222334471980787,0.0158033911177142,0.00238425561964786,0.000116073479127658,0.00139502837531146,0.0230512848717387,0.00515675634821475,0.00290244639515908,0.00983133546777718,0.621957999666338,0.015832992144688,0.00906251599099355,0.0153147293642855,0.0435150026442459,0.0115461778023052,0.0406110756169928,6.6922122792986e-05,0.00504914660782043,0.0443746748034919,0.00231301775090883,0.0359759724000556,0.0025910272303401
0.000463997656750172,0.00675372007231808,0.00251403845040647,0.0353908079326587,0.0143683989811832,0.0264879763119613,0.0347351763883598,0.00151646520856475,0.0186444060014914,0.00887235398768785,0.010167119454657,0.00460252753559796,0.0094805652356592,0.000819392435313531,0.00426947523159952,0.0598583374303211,0.00889157680134991,0.00637877593185968,0.000680780900358136,0.0270494662463196,0.531695903455775,0.000514398020250843,0.0050716821545503,0.0679488734927094,0.0193930569676914,0.0210218541017249,0.00227828488931894,0.00838202877657336,0.00819426130448049,0.00203828415626787,0.0147535565386212,0.0367624579476189
0.0142879379074947,0.000999467565140245,0.0130250444312453,0.00415039587826786,0.0219838929394163,0.0055683446630384,0.0309484163884717,0.00206717497099823,0.100493315498625,0.00453437202556989,0.00591624239482528,0.00609575542446809,0.000548794220563455,0.00143865075371173,0.00365770521447615,0.0837081896395557,0.0221544266545222,0.00637404969023868,0.00713556994401328,0.00316701529187662,0.0101894639185527,0.60223729573943,0.00390712033270613,0.00210616633283084,0.0162073675148929,0.000853854010102875,0.00280711539338958,0.012280481997506,0.000315821700288562,0.00370059642939831,0.00143441896028668,0.00570553617409629
0.0155048979470024,0.00441236501928776,0.00336243382271287,0.00163575447421269,0.00936642085995421,0.00977882223799772,0.0296220772307198,0.0044687707706979,0.0360392018897082,0.000984356511109861,0.00209326226186385,0.00314758031538764,0.000965988188020437,0.000351590486875424,0.00154358623665729,0.0248822718012254,0.0125930494877784,0.0039581109461415,0.00162869192971105,0.0268323274678454,0.00380216011415604,0.00777491826557268,0.721093122182303,0.0192533716225605,0.00380994519726167,0.00177357169544948,0.00513188006160167,0.0107351716231845,0.0147707632328326,0.00169314373903308,0.0149964327474444,0.00199395963369041
0.000502626231551474,0.00858841510607289,0.000489249286573946,0.0145668502173584,0.00264512669775365,0.0093002321138877,0.00885619752821366,0.000220138310718471,0.021849304998844,0.00364964566114022,0.0171467086149494,0.0246161156176748,0.0134287511525032,0.00165132242659712,0.00196858574484776,0.013118249318546,0.00649653506408148,0.00314325185394235,0.00711536003884654,0.0138032084682765,0.0265251831060896,0.00587310731827532,0.0013306146708193,0.616040442272483,0.00679688583909961,0.0799995306734641,0.00419728695871954,0.0128280348630557,0.0376270232846356,0.00194337552263146,0.026098552658753,0.00758408837959409
0.00786961421479146,0.0320607362228452,0.0013394454013687,0.0106193028478139,0.0361791305277993,0.00973023088156783,0.0656943614771222,0.00703437922322362,0.0766653248104837,0.00222311357003528,0.00137507987305457,0.00711392504767631,0.00121088224387042,9.68960059724337e-05,0.00391776599994413,0.0526957971303223,0.00836054250494561,0.0109705440733732,0.0026871018428075,0.0146372671095139,0.0105631147740132,0.00877564295416876,0.0281105877269319,0.0194451379353003,0.539772252587208,0.00508015849521056,0.000335439374758665,0.0107561777498797,0.0128626407155005,0.000178115349146663,0.00327510517167389,0.00836418615767693
0.00129553705910712,0.00663333076442924,0.00281444214799115,0.00120015492523222,0.000278276988402939,0.00339302744954413,0.00947194062181837,0.00339287463778148,0.0232241011660633,0.000585663223229474,0.0138509251719923,0.0118195714301482,0.00626185229127621,0.00106271077091315,0.0019348918952287,0.0159143944695379,0.00484962739233213,0.000655672030368745,0.00844927085566909,0.0148621705782873,0.0106930604511111,0.0255998121806383,0.017408303190274,0.00862063699106046,0.0367770008926275,0.699932502798542,0.00131485163472883,0.0163928775023834,0.0238471547683904,4.92572005870162e-05,0.0233017899768214,0.00411231654348271
0.0030644887508479,0.000817085464743853,0.000420394487325272,0.00260578134906173,0.000596858519356914,0.00257504998586447,0.0435348457766884,0.0120065643121914,0.0356585058565766,0.00943370348428549,0.0502812268552908,0.0363662075857111,0.00974895162425236,0.00184033792225259,0.000236732631673223,0.0411841091823511,0.000276628763173678,0.000480077354602786,0.00987694818161139,0.0508402540885755,0.0300413232806538,0.00165857443722756,0.0239610628361319,0.0352477156770113,0.0118828552129088,0.0657440765699098,0.376485238920613,0.0813882118384073,0.0168017580973721,0.000511819015792665,0.042755976219423,0.00167663571811274
0.00187739136816593,0.00965524329701901,0.00205792945737901,0.00539850899475682,0.00105770182109292,0.0196655982340572,0.0603545366747161,0.00605292730115854,0.000993713199247596,0.0572341113345408,0.00322280808827776,0.120703161094248,0.0310966970498986,0.00757436308767493,0.0483788368752377,0.0396333899960335,0.00158080991830174,0.000639757515119502,0.0012289030310245,0.00240555097472778,0.000554231069312655,0.00146711152626436,0.00340418854914419,0.000856624515307048,0.00098119217203363,0.0122845913295948,0.015386340814066,0.473342941860245,0.0469868631169414,0.0025917096724454,0.0206168195202408,0.000715446541727045
0.0227717629230813,0.00890161442196105,0.00261636349676607,0.00113867603210641,0.028892027220452,0.00786194713621349,0.00345224332367363,0.0038647187788776,0.00918068786429985,0.0053284009575017,0.0140535232925553,0.0364152771308366,0.0106937857103916,0.00173515209799545,0.00208635757053283,0.0214560855100121,0.00144219915443693,0.00166902480698791,0.0189173712962381,0.00249113650449872,0.012526331673495,0.00328735235525599,0.0181053278687116,0.0966726746461724,0.00202195315238313,0.0115541100234549,0.019135079658449,0.00695339665949103,0.607253518535458,0.00261785788754772,0.00858188723319937,0.00632215507696351
9.8349724265089e-05,0.00456506499866104,0.000488552307414444,0.00281430392166747,0.00783701600211464,0.00236163064327298,0.00388166243434113,0.000379781873602315,0.00271700577077991,0.00790297952084974,0.00249888449658252,0.00291988882465296,0.0055055263313577,0.000267168839833294,0.00428090478995743,0.00698838849666991,0.00375000124954717,0.00262357915880924,0.0108951444631977,0.00920577775162108,0.000122410110230432,0.000169409372719549,0.00998155524361184,0.00937213757438764,0.0156692360281956,0.00749612781046434,0.00543995903701402,0.0096874272200907,0.0121772464265468,0.843180091895956,0.00425211123206139,0.000470676449524512
0.00714569990950645,0.00425733218934135,0.00553872175123688,0.000970810574969837,0.0160309720694115,0.00190397480135318,0.020002085772689,0.00368024036770937,0.0262224242862448,0.00111250839611808,0.00199260886649108,0.0158709953814299,0.00224718908699508,0.00123743159982009,0.0028012406480717,0.056625819765688,0.0014354212617921,0.00110656942846518,0.0175714950974187,0.00963354769589357,0.0235408154544262,0.000499273093634694,0.0120076887002752,0.0442979171230213,0.0022321433123661,0.0514259866959171,0.0131153348166391,0.0579476301712139,0.00730083801797161,0.00156345337244172,0.582628397253155,0.00605343303829228
0.00704243732719167,0.0112277549333351,0.00363347651217022,0.00544550440755306,0.0373529921290377,0.0202238657357238,0.0376475398380226,0.000146861713430692,0.0368235650114399,0.000990529965138613,0.00116810615823127,0.000206827600913931,0.000268376226461241,0.000537667366857467,0.00434287479275987,0.107315822869026,0.00144643801286449,0.0128970906772296,0.0016385828141676,0.0532528821773715,0.0114285446633242,0.0341270986037159,0.0431389197991053,0.0160705268613715,0.0474068648442449,0.00415184082392588,0.00488366800670746,0.00380274836499346,0.0032130535544715,0.00044546983267466,0.00563792977165213,0.482084138604887
