0.808457888586877,0.000674658530754956,0.0057158835253452,0.00221930985479456,0.000851415131241545,0.00204594662277416,0.00163174398564111,0.00558964667268826,0.00263002381007083,0.0175998616206258,0.0207590622069039,0.00895275036020844,0.000619158597015826,0.000553782380617959,0.0056217289263484,0.00271456828958149,0.00213306475004321,0.00117123850037241,0.00276937249746237,0.0289446244714097,0.00670771469128298,0.00691206638728635,0.0202792602552979,0.0243244405300783,0.00448419582037153,0.00231365763704731,0.000135627822921314,0.0011470109581426,0.00450888121790526,0.00214750817610144,0.00251260507308776,0.00287130210969963
0.000180195134972102,0.593814238544546,0.00381424960258124,0.000869344799948139,0.0322810429063656,0.0928370978563475,0.0802911971816554,0.0109464763834423,0.0491419433230906,0.000112957278695974,0.00387953800422878,0.00541832783954977,0.00140453236437841,0.000490412461730749,0.00154787114859305,0.0182490215433324,0.00189240028877562,0.000472572817492843,0.001411916708846,0.0166521814581231,0.0129819201399585,0.000201230299852413,0.0125601602081774,0.0229189209189945,0.00116789239931037,0.000491746249344505,0.00246795566171989,0.00411951481508619,0.00431971605553206,5.73569577208179e-05,0.0228047141806419,0.000201354466966471
0.000402124333827739,0.00258769784332057,0.580491234537576,0.0572222170939394,0.0176578672092833,0.00439586470433444,0.00434872049103353,0.00125498347246966,0.0124859118965793,0.141988458770424,0.020053299276112,0.000332381252102552,0.00020966960030664,0.00382583506627508,0.0117808869364207,0.000849923008853506,0.00170645532672005,0.00134804486069814,0.00883129536796926,0.0450737509000268,0.000216658654906434,0.00124909284271995,0.0100402648906725,0.043089447423605,0.00357442891284166,0.00318517955334216,0.00629713212729499,0.00172365546972504,0.00296903559666055,0.000999640755128467,0.00813197103884577,0.00167687078598453
0.00385992256100455,0.000311811639865377,0.00141060151332058,0.700557214089254,0.027761649509029,0.0254911787129136,0.0574159374190408,0.0142094113744898,0.000147109829120317,0.0849949555950456,0.00827937939743394,0.000865442219478361,0.00619287717335702,0.000484656646966016,0.00581802350387393,0.000465189776775421,0.000335713539441691,0.000356871205062322,0.000186357916908518,0.00815419734468482,0.00638435999663716,0.00484338049482712,0.0151152434486448,0.00435497968616461,0.0149174800928744,0.000336340482721966,0.0010325489508982,0.000369910156346019,0.000508899997062397,0.000255755123855574,0.000105989839974905,0.00447661076292676
0.000274237289114512,0.00284808479417655,0.00475954591051226,0.023889265163698,0.766296473468953,0.0469081266720579,0.0517083069278521,0.00357194067925124,0.00613344699937459,0.0166157141244713,0.00286211590447254,0.00147473685094494,0.0041238979010334,0.00218143256526737,0.000718930858349923,0.00464683321274918,0.00167602221592356,0.00456107870539774,0.000732084284631747,0.00693163618905921,0.00657814312215169,0.00325305883205718,0.0094427374388634,0.00770843105161779,0.0023933482752505,2.86701329004449e-06,0.00320223665711851,0.000824710902327253,0.00529553295699886,0.00133778938012474,0.00308880170602787,0.00395843194688083
0.00078094926426185,0.0142604721903965,0.011272268096408,0.0177505529404086,0.00867064746181666,0.575843518413653,0.000722656824621527,0.0137456354478179,0.00311317242032453,0.0110724513921878,0.0100312572114765,0.0138811723729948,0.00550507453606554,0.00184670408193912,0.00185759027172154,0.00603080418588139,7.04129424875193e-05,0.00373302792004437,0.000123664779017251,0.0535386700802839,0.00339597367472244,0.0048828759414778,0.0160699587355632,0.0656068646994815,0.0233226552116269,0.00358016701954996,0.0386019263293908,0.0149398071926939,0.0245788508396321,0.000723020256474957,0.048743461325414,0.0017037359401642
0.000478166579037075,0.00162070049307063,0.00438283845858309,0.0217563057978009,0.00255895600760604,0.0175114375764597,0.647536172713731,0.0155782342241134,0.000161037346203325,0.0136816212376905,0.00406243721525209,0.00548874684908403,0.00103063215135447,0.00245891612168237,0.009171616159195,0.0122383960197678,0.000273418017244954,0.00274625696803558,0.000221632608069334,0.0448437223256179,0.00145487789663749,0.0071399137437988,0.0239614138930873,0.0537941623185343,0.00861582281786056,0.00196045436275628,0.0266230225150643,0.00510554619144436,0.0132609649957484,0.00571630372696169,0.0419712808006495,0.00259499186785777
0.00375468235636422,0.00231422205222968,0.0194186098003892,0.00798791348908946,0.00176270174013001,0.0451561262833285,0.00376344993217668,0.727484859499291,0.00344409352087513,0.0358226978155885,0.00378012693985146,0.0084963681574204,0.00758153598804766,0.00473155869520374,0.0140446133088466,0.00859825274870661,0.00109234214062352,0.00254170236126759,0.00804423362571749,0.0091705164311302,0.017799857036855,0.0011063871204258,0.000699244792139892,0.00414518171419607,0.00235467848156932,0.0051290042491275,0.00368769476612256,0.0237808190131487,0.00447590795575197,0.00249190707607164,0.0143811091003888,0.000957601807925209
9.72501360516293e-05,0.0176557122180556,0.0121163285812241,0.0256473493935799,0.00552895665423368,0.0168022554114328,0.0041730668552995,0.00231118198692051,0.570476187636536,0.0204019893180425,0.00168274035660322,0.00588994670653691,0.00799288692638156,0.00373634710728473,0.0220320797483075,0.0147249361109659,0.00395947049931558,0.000504678715200743,0.00036324892570582,0.0794897877111971,0.0652866006369179,0.000392657116987096,0.042937273541551,0.0516117024333475,0.00491507484422311,0.00418601184134081,0.0019135104713923,0.00288447925137627,0.0041408880678139,0.00145260269212307,0.00207163670655257,0.00262116139749943
0.00237800840741313,0.000160917139347934,0.00716341439290303,0.0693028282849522,0.0620945563798072,0.0408789283193366,0.112070966264922,0.0318377954344174,0.00176684019417792,0.475552383258604,0.0110845713211498,0.0016443875456108,0.0193330709962164,0.0010926262986795,0.0376711194811033,0.000400615576445201,0.000161975116992085,0.00298516165932531,0.00119755689814015,0.00630355916391403,0.0114115421233223,0.0172144604337264,0.0253945443848904,0.00874907468583956,0.0284799727447886,0.00124164960879466,0.00269252224779319,0.00250591935810593,0.00279265493450373,4.99521175630842e-05,0.00192312394737621,0.0124633012798382
7.15063420815994e-05,0.000231126386894678,0.000163761932036388,0.0680540280347338,0.0540835556705733,0.0446632164595727,0.102429770486662,0.021807665312511,0.00557898505550991,0.107909224748505,0.554023803794405,0.00145821029500097,0.00557367489169378,0.00200394462321427,0.000908994295315946,0.00284704289562576,0.000156651020823579,0.00106183279847548,0.000212404784136162,0.000100792223028195,0.00459316829439441,0.00335422884151245,0.00800276816758408,0.000822534185263226,0.00159249473950004,0.000181121928944721,0.00109751727384194,1.84503851270787e-05,0.00311925507955418,0.000502479669792489,0.00269858779564622,0.000677201588040317
0.00019320683715683,0.00122133130644466,0.000287965059270819,0.0113107477023787,0.000853155715032457,0.0184031947555801,0.0129133230775592,0.0120858823057831,0.00558887338553863,0.0136026503009019,0.0011088241710997,0.631841825183867,0.00819303434338079,0.00590176227070817,0.0102379329186233,0.00424468551358319,4.90807715656675e-05,0.000388634437920807,0.000333959539197988,0.0129001391351679,0.00510995666379742,0.000880887368914268,0.00836929158917319,0.0138005823751103,0.000328218522459858,0.00143942551660046,0.0223107996097457,0.00936972363185875,0.0489838105202725,0.00133899878663544,0.132930490104688,0.00347760657998266
6.60903181115971e-05,0.000608512946353744,0.00310249890114646,0.0296556221700892,0.0365782328386641,0.00366087800603705,0.0505310075785907,0.000557174364741528,0.00108764556549642,0.0235626926757259,0.00329994164881901,0.0150493475546209,0.638036921393602,0.000803441982648947,0.000915356920173777,0.000187979746348134,0.000149354906619341,0.000355933903191568,0.00119704866718357,0.0231190035957405,0.0220811526393275,0.00824441317551185,0.0178160948708317,0.0379554695035709,0.00429995092865554,0.0140178688663979,0.00257659443030567,0.0431813583216696,0.00470617297345719,0.000272755891788526,0.0120477729498806,0.000275709764698979
0.0040265571120058,0.000117807516883429,0.0040107628482417,0.000636367913087812,0.00273716375395365,0.00256210720053792,0.00524278946223115,0.00300765290221049,0.00154298964397074,0.00686953669681458,0.00081469016778421,0.00605880299598922,0.0022895068536765,0.736540019293261,0.00353169715250657,0.000207956452560292,0.000199461535623171,0.00092716567538223,0.00872165954757652,0.0341225363960965,0.0173324543800717,0.00436257283033755,0.049277472848408,0.0434736093873357,0.00693752805500776,0.00123226399455188,0.00201437558956583,0.0116145826907855,0.0234687503759676,0.00363468671697459,0.0112670847605004,0.00121738725010007
0.0040931784634797,0.000622325213569557,0.000907371508471597,0.00258799551325827,0.0188203848678187,0.000363076854658751,0.020229877438849,0.00126692774587747,0.0118788812845133,0.0397114596739188,0.0187372175589035,0.0106069888687927,0.00982197566648366,0.00174886921686688,0.689916024763724,0.00251695383060894,0.00323940430409058,0.000643194695763987,0.00428322179312311,0.0192499785714008,0.0145030461852989,0.00222178028753876,0.0186207956942871,0.0263771606853049,0.000561387489574847,0.00239152172181753,0.00113791292472569,0.0189796938045339,0.0125148676496115,0.0065486227199179,0.0305166967460536,0.00438120625716179
0.000191922737687728,0.000529011972664989,0.000193556147426123,0.00039204630936751,0.00134528487152236,0.00752191320552109,0.0150333180887665,0.000846719512430585,0.0182839006272517,0.000183861785515952,0.000254583854916489,0.00683136776584582,0.00074987665737652,0.00232264910305269,0.00166225794751005,0.792132772816003,0.000890833831075793,0.00121312221712626,0.0035947244585483,0.0516707680424375,0.00758151559582932,0.00439786121288947,0.0108550663102481,0.0209056137492015,0.0111686457291077,0.00498537792731099,0.00531952775509375,0.00190379930042191,0.0119937286361706,0.00264718441717126,0.00989354235007068,0.00250364506443769
0.00244731181315678,0.00281179655768834,0.00378071350628898,0.00870099579082225,0.000410412725993553,0.00704907362832092,0.0137076212347854,0.00751571546701971,0.0105849266285404,0.0467400787956336,0.0213050430276187,0.00190107812022667,0.00245807475752829,0.000331441834083134,0.00297153525518114,0.00144660606968738,0.706639501558227,0.0107061014511443,0.00532163226563909,0.0426282588915914,0.0203041265411933,0.0103932954884311,0.0288773385855413,0.0224581352023199,0.00826400818183071,0.00129372202500422,0.000141143657858326,0.00343589624214935,0.000928354492577558,0.00107521454240786,0.00336971512329305,1.13053821692988e-06
0.00187139942000876,0.00136638101119521,0.00113197540644582,0.0445285204082811,0.0127860540919137,0.0226270156606368,0.057897323324328,0.00108618176898078,0.0175303060709565,0.0437511108662397,0.00623852147164235,0.00363493252449781,0.000547772305539016,0.00177872006485731,0.000279956426244667,0.00300821026258133,0.00440081339529339,0.622104564786244,0.00580599051344293,0.00342995191255184,0.0332501957635118,0.0074543135263846,0.0460279294897991,0.00499544213698095,0.024135454102141,0.00170662728378432,0.00261105397601828,0.00671996200160252,0.00400113233904761,0.00174054052379428,0.00232247125888781,0.00922917590616631
0.00410450906854951,0.00109798702803645,0.00327724537311156,0.00332166577484373,0.0161744006651852,0.0083844872742531,0.00282183718079119,0.000494217595688691,0.00396542967451258,0.00585095575223949,0.00796516281460335,0.00373560420682271,0.00274941223623651,0.000261819499303799,0.00118580834123965,0.00230909623772073,0.00417193345912163,0.00617000037113062,0.755270012100489,0.0513697408305973,0.00815466676715379,0.00824287582876456,0.00423698668386784,0.00864718776648239,0.012950121797275,0.0234086588938549,0.00123527718389913,0.000599874175510041,0.0142592402493113,0.0275759984798459,0.00451797887948616,0.00148980781007232
0.000263124214286384,0.00187043762623082,9.8398257794781e-05,0.00816327058076865,0.00226588078731398,0.00395529446016094,0.000637591169789919,0.00353732035712166,0.0026501318124317,0.00672803796520236,0.000322626062212924,0.00053699539203896,0.00641032260431597,0.00184312899260397,0.000600199647860185,0.00104089271265598,0.00291042508041601,0.00073388802147789,0.00509653665677551,0.764887744535955,0.0522563701836918,0.00679040796705866,0.0563539876728073,0.0225707569407534,0.0130648777255966,0.00349324972294484,0.00358300496418594,0.0112641837714585,0.00491084421381986,0.00526412506962055,0.00282226982279464,0.00307367500785366
0.00153431330978472,0.000553989355700049,0.00029791527797592,0.0128023661023041,0.00117409577048578,0.0104215950728193,0.0123987221793313,0.00426018770114495,0.000998426301278448,0.003069650357883,0.000358834991485307,0.00419345692408098,0.00889078102989101,2.23804499159905e-05,0.0056247156699084,0.00039029207721458,0.000180075660781326,0.00185804257921187,0.0172140939744586,0.027482668970576,0.73280192449451,0.0010562730660901,0.0103727916751261,0.0564711058118526,0.0298289215291154,0.0214381204282927,0.00420481075401311,0.00448120936483111,0.0015599327483154,0.00296491589243554,0.000820719204851026,0.0202726712743358
0.00119223292296049,0.00178215591981752,0.00128701472710685,0.00182467604877395,0.000858674316480293,0.00606744547563724,0.00302700533141333,0.000886068059605768,0.00506896768730758,0.0111604837588643,0.00115957499378379,0.0134448401314997,0.00228451923361044,0.00200365331760574,6.79005853448921e-06,0.00772164639660477,0.00318063269756635,0.00585959501313997,0.00577282881658915,0.0173224577423413,0.0111952168330386,0.759565469174864,0.0178819145180938,0.0190844374174548,0.0465734737048133,0.00896255494778082,0.00644991766478315,0.0193544683302535,0.00799566508199422,0.00186398562916396,0.00614481272865473,0.00301682131986225
0.00206836354671525,0.00309786876381352,0.000437197386917212,0.0292761966254751,0.00568629774897123,0.000522166663166726,0.0297176950260445,0.000350087910770125,0.00175965153148149,0.0141502621357847,0.00202562041632665,0.00200396910719896,0.00289892974150134,0.00294022685887628,0.00263320543660574,7.8610471943255e-05,2.27929972827153e-05,0.00566911103492163,0.00712692229432094,0.0150253196899914,0.00535714343663097,0.00313381180634679,0.782689810785621,0.0309137821430454,0.0031264883806459,0.0146702191510633,0.00828937609486706,0.0020723836496893,0.00553204438627367,0.00662937616387748,0.00292455370574778,0.00717051490808251
0.000719794224607197,3.91571720627873e-05,0.000229593836539497,0.00317052744776377,0.00412602031292039,0.00699198651242309,0.00172365715438601,0.0136236754715764,0.00484459016456248,0.00361412234359388,0.000681204672721766,0.00136463332383286,0.0222827515330913,0.00390989666508086,0.00409374986712957,0.0001992544144153,0.00218499143158528,9.25748991302721e-05,0.00475487015285371,0.0239994261960975,0.0785912979076393,0.00234144484288058,0.0625918346404081,0.66825824434604,0.0140854648784941,0.00565207479664567,0.00438186289842738,0.0364814478207883,0.00617906320655968,0.00271750048738009,0.00567233479141928,0.0104009515869438
0.00259795358779801,0.000480451136007513,0.000275310395317397,0.0363131276676422,0.00966707676304704,0.0035495159374122,0.00936618181234235,0.00498791104604576,0.0376826005346433,0.0654950494610141,0.0225125568497567,0.0191589711941264,0.00576943372657254,0.000351289888552262,0.000964522470041751,0.00175609222366115,0.00532690225600824,0.0177748450127135,0.00454803915515389,0.0145519217880859,0.0532227588229248,0.0312230265667942,0.00248892831812183,0.0414236742763184,0.410082006555973,0.00548076751844861,0.0118476478547186,0.0143400500874149,0.0125860692559283,0.00193302469490761,0.0547075560923456,0.0975347370501621
0.000639841269029277,0.00377839684397627,0.00179701885159448,0.0282916224177713,0.00180181521452532,0.0031557214999695,0.00392504282508965,0.000346979234813204,0.00011886170629149,0.052430309264819,0.0149502813832758,0.00461092139527989,0.00834681137277721,0.000546750713374716,0.000874448423966318,0.000214090489803566,0.00139190584413848,0.00124705920963623,0.015253457741992,0.209222928670073,0.00205883706244683,0.00190358097590566,0.00970073996242297,0.107497546757461,0.0110988623895398,0.473650538783183,0.0240263752716395,0.000412472659546837,0.00361666507714376,0.00171643139290515,0.0110601636930764,0.000313521602531839
0.000739759724044501,0.00503262980624492,0.000844295991530756,0.0102639468820284,0.0167743793159683,0.0130560863572665,0.00313091802565103,0.000824034491993308,5.53285890978524e-05,0.020944575418211,0.00286412227463445,0.0136748661163009,0.00977921255503306,0.00252496430145327,0.0068031039332871,0.00199168818074859,0.00236064033835968,0.000164276420246609,0.0105383325165324,0.20339590355104,0.0657942541214634,0.0052594039764079,0.0434776764396342,0.0556705594974446,0.0166993403753412,0.00244396584871484,0.438932587880414,0.00611067178603257,0.0126795156316999,0.00537733501057078,0.00869204866797046,0.0130995759746332
0.000864187982026246,0.00199542712611924,0.00191780446580621,0.00477508408046614,0.000374069971115151,0.00962069007789562,0.0083237011602508,0.00905947079549074,0.00160367019048145,0.00556233770277204,0.0157603799370161,0.00222872028411687,0.00828284312408844,0.0104140957224513,0.00425374780369364,0.00240332779194702,0.000851863655722669,0.00343364302106051,0.000413838301814242,0.0067970353573994,0.00323830722177569,0.000667180628068129,0.013408860824109,0.016193146274204,0.000477527791604413,0.026513392400515,0.0241242444330252,0.73379233471886,0.0285642941526673,0.0049532049803064,0.0471798132682972,0.00195175475483351
0.00383584729699087,0.00127080537131369,0.000996755435163143,0.00360066745912438,0.00301571715454212,0.00492128602770649,0.00368106320521319,0.00270110545657211,0.000510936568472118,0.00722106293818526,0.00334104117957676,0.0055703637879963,0.00344000923967109,0.00223073563267136,0.000663224093713164,0.00223636450257262,0.00181541136604901,0.00333611146052896,0.00209150917663799,0.0120306058471542,0.00498536239849484,0.00262854621781602,0.00427653680575468,0.0148393144920049,0.00695118502777086,0.00646941638162167,0.0466805198325689,0.00384571821395594,0.763517770448179,0.00125171270403464,0.074025563072843,0.00201773120510037
0.00031633483718265,0.00220603715266566,0.000893579980338887,0.000101686419630586,0.0053244742557708,0.0117209990103051,0.0012622440247359,0.000315217119032534,0.00843922514714362,0.00372389306722809,0.00866441577350348,0.00119489272961378,0.00677107107007529,0.00586843185443446,0.0136698111628251,0.010325304750305,0.00066370829634385,0.000645025449462943,0.031756181544824,0.0892916471159284,0.00132497527384354,0.00304098715600898,0.00019762463026803,0.0385525224435872,0.00208360899334696,0.0589545648734217,0.0179804988582718,0.0116418714639711,0.0140012491243755,0.62510401811497,0.0154495221786752,0.00851437612790989
0.00220821714015874,0.00697346089089348,0.000193007398781943,0.00341811486857201,0.0225483680768048,0.0312990896443943,0.0198008992753978,0.00782274934782909,0.0112820792525644,0.0136931426935327,0.0115482385176818,0.0325706517323038,0.0125605397396143,0.000211688129971747,0.00494239260734025,0.00254900996395064,0.0036155460073555,0.0041667928678308,0.00571727881616813,0.069799822647918,0.000376806654686993,0.00372356686148449,0.00108102229560665,0.0409320302565932,0.00432657053255153,0.030020101558156,0.0100782154553596,0.0123082717464331,0.0555975324662075,0.0106985812486249,0.563685567044112,0.000250644261119513
0.00100348099934839,0.00130984540193501,5.79719672812188e-05,0.00799344510489366,0.00163100538132522,0.000762194796336053,0.000978317028847483,0.000204442706271738,0.012678185298781,0.0277017311492361,0.0135441902370622,0.00540026541619376,0.000789250724437931,3.24338552988219e-05,0.00221440473361671,0.00393004356399196,0.000228698104651754,0.000724530931826114,0.000661108928343792,0.0412926938340264,0.00339432835524823,0.0106415615135113,0.00356159801356516,0.0677551042187552,0.02334726756635,0.00268929214303388,0.00182689495029525,0.0165111582078201,0.0104164482944478,0.000352697435371019,0.0148789770592383,0.721486432078658
