0.417053494433237,0.0196659761841067,0.00415600763954451,0.01720242701205,0.0426086604856451,0.0029811698988747,0.0157088500191722,0.0134966445068841,0.0454816672206003,0.00171420608344299,0.000315439161558062,0.0229903116364151,0.000530515624244369,0.0003345844782511,0.0009911791834121,0.071650585847581,0.0189179499736919,0.0169797598733946,0.0194915608584782,0.0896820632130116,0.00136421036444702,0.00409860780846757,0.0192148193628039,0.0919327233273176,0.00499571789704286,0.00491114001549861,0.0028356184591529,0.0156449947910076,0.00466922600334409,0.00203031602488397,0.00143503962223924,0.0249145329901988
0.0085527288584362,0.283210891280632,0.0071592204602474,0.112107958808028,0.129315415912868,0.00254790453885098,0.0715216723842894,0.0707237402616933,0.0244183469008535,0.00280420819329249,0.000140698712278997,0.0493177759086879,0.000854305669392087,0.000145212452357888,0.00209786359005746,0.0206088328253711,0.00868056119631496,0.000218910677160357,0.00426941659496367,0.0451340625610776,0.00188031695071695,0.0200679920928398,0.00924157585956675,0.0206812435958056,0.0151316761615026,0.00431880869522311,0.00322502227526329,0.0524766638202389,0.000537780730126694,0.0026624153853708,0.00371418980838483,0.0222325868381068
0.0206511115220106,0.00108523494882056,0.499525749351156,0.0550173063399551,0.00505307216086023,0.00398408116563134,0.00389132171599601,0.0257375097293107,0.0596337225626019,0.0166445199312979,0.000226516498106224,0.087834794305579,0.00278044971148396,0.00222485407942083,0.0063910177445703,0.0108931012591744,0.000425305616721765,0.00827938318097057,0.0035720615825851,0.0228192437779498,0.00268757358545843,0.0290522728244964,0.0261642684475578,0.00532950805300179,0.00670451402809732,0.00640317894833596,0.000564734947629515,0.0634053241499323,0.00549478725059376,0.00261646143926209,0.00841861299650617,0.00648840614492612
0.00313560845818725,0.00482568133011079,0.0039923240458014,0.17246162147565,0.000118502894308146,0.000557425125446179,0.0042197628462214,0.182767342419271,0.034960624718487,0.0619555023703716,0.0629852723419699,0.162655679812461,0.0050101762452804,0.00331553684016785,0.0312139901471304,0.0272984638527318,0.000758692057502184,0.000887936009659249,0.000210434622987166,0.0376173962258125,0.00031973754793835,0.000540173601812715,0.00769342667206745,0.0450474778763108,0.00159288789007937,0.0003570653417855,0.00290748179650606,0.131390712579784,0.00514258814061687,0.000582085669753583,0.00346497089012349,1.34181536642582e-05
0.00108959916573234,0.00128250574968321,8.75954258304003e-05,0.0151143538152863,0.425669504553239,0.0515697940048664,0.00503825443709199,0.108735438401707,0.0370759205032728,0.0118846006281177,0.00406012762152246,0.00258949731971893,0.00120821215282567,0.00164325160391232,0.00144788007820685,0.0745952541537649,0.000882058980785938,0.00346062460131041,0.0010222287038471,0.08819845337945,0.0173368891263758,0.00126574312282527,0.00394084463261611,0.121214559087693,0.00319950668036876,0.00249915033041013,0.00310002839021026,0.00223741554212403,0.000584655452572035,0.000254663379789378,0.000684162812829201,0.00702722616201343
0.00536336761873928,0.000522063815432603,0.00349054622956719,0.0844215891717271,0.0863774211350615,0.33763371500102,0.0375194717928625,0.122256926975261,0.0168429776335527,0.0512286642917002,0.0337136044718502,0.0608918553829327,0.000754152684348764,0.00365531359360062,0.00249638523741673,0.0481502518474269,0.00175301705148223,0.00186572948620591,0.00102581318860431,0.00324897292253508,0.00146031033078902,0.00798967605622729,0.0147751896192795,0.00501116498984195,0.00120579770691311,0.00132880480774969,0.00167464342048675,0.0360088103394235,0.00738432707033396,0.00180928848114398,0.0103534460652791,0.00778670158120369
0.00342291174233863,0.00703576408631456,0.000359485278911565,0.119744336477327,0.0539271778714872,0.0548367026537995,0.379597352843913,0.218322150323943,0.00812164684741499,0.00673463084502618,0.00164149301108361,0.00753417561022285,0.000355945820078432,0.00170476433372801,0.00226264028524876,0.0255500292964712,0.00141304307422056,0.00206850096292154,0.00151669235683571,0.0180715713781158,0.030487499532437,0.00407654554077937,0.000483443769079027,0.0354826156704333,0.00446940110707147,0.000490954872542792,0.00621649082533933,0.00139241862137154,0.000393623485830777,0.000649088377743412,0.000998742427330136,0.000638160670639382
0.00391796748767298,0.00211152476597678,0.00109223867767124,0.0393251770513293,0.0124921823969772,0.00208837168450475,0.0174262176520078,0.414698323685889,0.0229392659826386,0.0364897276928794,0.0421224180888436,0.156072510874766,0.00550109263785441,0.00305703460936088,0.029140941952504,0.0205548501578123,0.000833473385780764,0.00157522418263267,3.64513163186266e-05,0.0273722565123871,0.00013816594555004,0.00140278439063928,0.00936757854739392,0.0339811358722349,0.0011275877063303,0.000742728422845344,0.00212875288320751,0.101895399858613,0.00581344996641248,0.000444964609129593,0.00389423633213969,0.000215964669695766
0.00348646506550546,0.00868631023202264,0.00390175117648227,0.0333560602984315,0.0187758231905373,0.00391273405020522,0.0834644371401979,0.000833136042918318,0.641029468486415,0.0076509440341634,0.000517873905003092,0.0125129992870138,0.00700386286307694,0.000399112691999293,0.00161718124926201,0.0499809244977564,0.00082948629478351,0.0333117516987398,0.00444204475502389,0.00971842100672203,0.00344444077735963,0.0216421997825317,0.00476447693209265,0.0114425204984012,0.00141497997121122,0.00125942817298874,0.00252642102541437,0.01746345225701,0.000569318399760471,0.000580174648036069,0.00264774265156144,0.00681405691737306
0.00381660275805113,0.00232928668362683,0.00850999988361414,0.058420272596628,0.00242201440473692,6.92735314414228e-05,0.00351403118878586,0.114714126466357,0.0160037815031067,0.385811293155576,0.0749222740925785,0.10525991968646,0.00146992574181198,0.000250481000886519,0.0239446408930641,0.0135887764077038,0.00121599058657241,0.00125140609020845,0.000639694568858439,0.0319090341256891,0.00104493268034273,0.000143752463469643,0.00570577109463118,0.0528622525356173,0.00139130288770417,0.00156216139692031,0.00397871512653819,0.0734971525399295,0.00328921273114819,0.00198446352055039,0.0029551429394844,0.00152231471790625
0.00201869477309043,0.000399152289300365,0.00727269601629316,0.00299847550940405,0.0581203040155435,0.0135791390736947,0.0209165349126508,0.085918833967552,0.0083144633675918,0.0149825446839626,0.344985660201203,0.14607787860264,0.00111708630331741,0.00302105532039841,0.0393209372343898,0.0137285879603412,0.000499958177654805,0.00425008656173246,0.000949559832348712,0.025776556759038,0.00291620460375152,9.77526424964755e-05,0.00958732581996683,0.0620564162482685,0.00245405595799561,0.0178118063796864,0.0101096753621223,0.087371815675925,0.00291562443920963,0.00511014856425369,0.00356563245729571,0.00175533628688138
5.17566784851063e-05,0.000608835502221471,0.000630323336732302,0.0380835989747809,0.0408889391125418,0.00122595513567658,0.0109714306920944,0.00880845257173339,0.0171682304452848,0.0012400539333255,0.00152469193475467,0.379498613719423,0.00169042926251845,0.00210182177835261,0.00729655144993126,0.0205258162180881,0.000390723577578352,0.00871057090139413,0.000924831696510607,0.178253321807902,0.00367318735165447,0.00741525726147524,0.0319085942431566,0.16636853220328,0.00643299866454314,0.020009361036761,0.00439987531805533,0.0121205563734972,0.0119172088138056,0.00762196140214292,0.00424365625750758,0.00329386234479211
0.00541797402653677,0.00365623180205554,0.00395499720947459,0.0209736266233402,0.0717605134781689,0.0124972504456394,0.00854016189645635,0.0154161121994961,0.0433724284880074,0.00995279485858238,0.00843858115795299,0.179348427351127,0.317444433220776,0.0010340171522953,0.00581939512247724,0.00883918681573469,0.00162314087623639,0.00364425126716102,0.00137845317910349,0.0229016180592263,0.0142697575796085,0.00968490704247612,0.00518334019656405,0.0159076524708993,0.0132949556465628,0.0187999702285679,0.0228823303394786,0.121215934799956,0.0216009108571781,0.000938517805480539,0.000314457446762658,0.00989367035661741
0.00303917660990229,0.00132329826584727,8.88151671871401e-05,0.0477259933169686,0.0169089719193423,0.00907583751072747,0.0024294616315117,0.0522479640341378,0.00698084494307026,0.0346646808485604,0.0485967671625442,0.0401276522601983,0.000298333323367812,0.526440940379487,0.0352514835111544,0.00915133046243307,0.00134857095059235,0.000315521048874614,0.000639227985308581,0.0461926045933132,0.000761038774794584,0.00222459315664942,0.0182500119501595,0.033556559855055,0.000842906841927966,0.0184376106403875,0.00187614942204556,0.0268390982859987,0.0017791498212273,0.00320861173317069,0.00300181615964016,0.00637497743441551
0.00778777272890871,0.000868516552835231,0.00264252788471222,0.0251203996781534,0.0483214070270351,0.0159544526264443,0.0180154403106577,0.0659302429374622,0.0100411492097783,0.0168845459392815,0.0339093096506912,0.0686778357511121,0.00827839564179371,0.00308906154753906,0.492461498149423,0.0053847395302259,0.00333349692619014,0.00705542751460772,0.000174286294876184,0.0280961711379867,0.012732352644903,0.000762421043587698,0.0174302286734842,0.00954679437560639,0.00291269256079392,0.0199091322907132,0.0134011803927206,0.0360181789533144,0.000377618123622326,0.00152730105759573,0.00761119731621142,0.0157442255277329
0.0123921799166659,0.0133387126327067,0.00279279989958824,0.115730338520672,0.01326130841318,0.0190789288596037,0.175383793183451,0.0728486838839411,0.177928031759494,0.00994273937057666,0.000567133936093736,0.0139841422192895,0.0112010585072218,0.000619588856282221,0.00270226107528445,0.200486661919044,0.00565677220044899,0.0184685142212466,0.00370386765380432,0.0323012759494856,0.00466205988461481,0.00410320785524541,0.0133733212964555,0.0394404945346165,0.0198206473078122,0.00707406244971483,0.0029187031620261,0.00152164180336819,0.00117603945928004,0.00125569586813435,0.00150689709879976,0.000758436301851087
0.0190314215870827,0.0112801915237339,0.000182468294981775,0.023363250302562,0.0667697930156758,0.000137114547100214,0.0455601401983699,0.0192171720885105,0.0407844531552518,0.000710150957207419,0.000776139645972,0.0192575377550892,0.0041576443399244,9.96945232814843e-05,0.000934763524080785,0.0980177612693683,0.413245833919131,0.0102708653580381,0.0195168902235495,0.0244271502064019,0.0025568849606027,0.0109698831734943,0.00887821126035811,0.047264458414559,0.0569249343649584,0.00169466927993804,0.00495214802700089,0.0153145089787401,0.00060728784347052,0.000966772160327421,0.00156695833527292,0.0305628467659644
0.0006318089082831,0.00484882289026862,0.00145499714009623,0.0587644943370861,0.0242010927730807,0.0087106620342136,0.0175201558590231,0.0485599382886446,0.03807859862771,0.00468799421612048,0.00729887903347122,0.000933417343413011,0.00789882901413016,0.000887932777450792,0.00264981873017485,0.0246501345856085,0.000743431424709221,0.338294939039351,0.000992700431382766,0.231997308130439,0.00613754511381746,0.00361965200063576,7.91166884899998e-05,0.123327302625281,0.00224305826804447,0.0187213507499482,0.00448998755403761,0.00443023855209753,0.000143033538750929,0.0025634063291101,0.00450435719585418,0.00593499579927577
0.00858482445719602,0.00829043591765802,0.000513716110520718,0.0329916321356639,0.0270020703372574,0.000407218923718685,0.0153474429314549,0.0183357508222712,0.0325808725933469,0.00500164023201209,0.0134547628879449,0.00460876013448402,0.00853514247033817,0.00126964804939834,0.00369002730221025,0.0875948226393942,0.00644350550278738,0.00124394276649575,0.555960405407221,0.000681290009167318,0.0405698087827816,0.014138063426414,0.0419844881635623,0.00846305733460714,0.0192140188574517,0.0221479381273641,0.00397519300122911,0.00358422112602954,0.00104466576444077,0.00208896641999933,0.00277783945808851,0.00747382790749076
4.72251057163971e-05,0.000312226300288622,0.000175533281966125,0.000270260442972449,0.0230412752932089,0.00116578307918715,0.0197533042292547,0.000391037881754031,0.00551007602239201,0.000338802712221469,0.00126604785650339,3.02882992962036e-05,0.00662255765312172,0.000167596968512027,0.000240467467052323,0.0146865811506029,0.00147523739888954,0.00153001123043133,0.00111080307767486,0.639860665183281,0.00105923323391435,0.000765408963460871,0.00158910898623101,0.225399267001968,0.0348753096760705,0.00226902110468504,0.00123760820013769,0.00427985631914199,0.00121036542187514,0.0033237397862543,0.00429574402184343,0.00169955665009114
0.00060410463368643,0.00159113658666446,0.000685924984241274,0.0338454308348352,0.0591209868314332,5.60598804889653e-05,0.0453188060649434,0.0172494589126336,0.0200233673372886,0.0185219248509852,0.00855829209369641,0.0108554718493869,0.00516204399457131,0.000223960316609673,0.000754785558803091,0.00659936009286278,0.00259309850413673,0.00318685009424915,0.0046029080505458,0.3011263535362,0.167689151949458,0.019828595941223,0.0293449891253491,0.159695980012686,0.0229458701931918,0.00502156753456246,0.00717216305305282,0.0314168013107578,0.000185419741585486,0.00239157798964864,0.00324635200678762,0.0103812061334349
2.47060003305651e-05,0.00307649158629393,0.000851252176509099,0.0282299782069761,0.0195360178910069,0.000747002462464997,0.0184003541378048,0.0171988003969743,0.025013696443899,0.00524712993299101,0.0010251872065211,0.0192685292851918,0.00490436743817311,0.000223236311439326,0.00161073541806655,0.112155984301316,3.59484806210779e-05,0.0128771805342191,0.00233376791031628,0.159540009401961,0.0144855371203595,0.323061661572223,0.00258967734461373,0.0846556778537367,0.0893541090857977,0.00973487459099891,0.000252698463713337,0.00190665080801666,0.00551821866969155,0.000997634362250482,0.00345366494967404,0.0316892196558488
4.39319677356308e-05,0.00350423523246775,0.000848579884120718,0.0114183831353029,0.00241260477795668,0.0034741976886996,0.00212236079139295,0.00850850771740561,0.0234959607521776,0.0015208362089949,0.00297207641492901,0.0215068424927623,0.000585258444855529,0.000474861459629412,0.00176737714052549,0.0129634247233551,0.000685675008083582,0.00164383599605724,0.00491402988291785,0.292081814964858,0.00868843809000754,0.0801548137481303,0.28879878236481,0.151388997832179,0.00329794014741625,0.0166468364569233,0.000543101439328434,0.00927798187684213,0.00111666404896766,0.00364578265652205,0.00867525978281064,0.0308206068718354
3.97501826448942e-05,0.000142511839472881,0.000287626021800924,3.95482439263905e-05,0.0327130446888225,0.00112592786989146,0.0281909164357592,0.000440460015057694,0.00822014908963631,0.000643935710180865,0.00135922500350018,0.00106650205920616,0.00776049031016287,0.000123711100482353,0.000230870422309652,0.0164407902702025,0.00145463608295289,0.0027135148143928,0.00291543763364654,0.504125008586933,0.000538978490492433,0.000229305097489489,0.00226158670162204,0.311333136703513,0.0494690299858387,0.000443093178922656,0.00128613266073329,0.00937959786341335,0.00102719803149627,0.00417774268158679,0.00534062521573807,0.00447951700817188
0.0072309183537468,0.00195606286492692,0.00327875544048474,0.0206329739479294,0.0238590052067604,0.0020486942074949,0.084348454950301,0.00748030175788572,0.021551216311794,0.00482114688064898,0.00288227681372758,0.00451235542115302,0.00433161807480643,0.0019748716269759,0.00485972299161287,0.0370011527268263,0.00276792796619934,0.00278118104097014,0.00367369841609015,0.132390777076475,0.0219845838049142,0.00753718218547205,0.000260593102065346,0.0533771342327202,0.483272939626145,0.0098249227324048,0.000963552079448748,0.00974320920961698,0.00260156627605839,0.00384632795790946,0.0121366344375045,0.0200682422789311
0.000701755299337548,0.000413716440274913,0.000393242168401516,0.0430027108231873,0.000266278064540466,0.00114587815247729,1.51129041100181e-05,0.011372124590559,0.0215681637424727,0.0108217614057644,0.00498455234369483,0.0859994806917347,0.00156739836322138,0.00132020201486742,0.00322422029792562,0.0105636206480807,0.00166736731018373,0.00025537223502687,0.00152461126470079,0.129324911952366,0.00642500588369507,0.0266604284449102,0.00887477311256606,0.111934344136985,0.0037389755564337,0.41086866006024,0.00161391313196189,0.0801387441218901,0.00384815109946672,0.00284634490068856,0.00518504528556327,0.00773313355267279
0.000646042109498682,0.000156631858259884,0.000756897921281623,0.085612678618026,0.000250679805282308,0.00351897568539658,1.27464226684324e-05,0.0345635088534371,0.0438380913559259,0.0367417816179387,0.00331343511528168,0.0231087042236423,0.00166040658895476,0.00027970585863228,0.00060879847188697,0.0147797861458147,0.000874914680905152,0.000167010339416709,0.00337265207261791,0.0780277291830088,0.00470433018989849,0.0590525074328268,0.0747439947640477,0.0907416000438326,0.00186764693185786,0.0200893410518473,0.353354029343114,0.0431783115697757,0.00205695113479973,0.00336807548460576,0.00955820912319292,0.00499382600232438
0.00179562261446541,0.000619796378266434,8.08023378166473e-05,0.0210916620460834,0.048023541307179,0.00140813654737103,0.0115575667037609,0.00347750129817955,0.00719376825155966,0.00141136872993927,0.00128628845814644,0.0218015660402399,0.00486706821366325,0.000888267355275959,0.00742441637082189,0.0130394258153777,0.000862611970481562,0.0133370236178199,0.000619904975614292,0.276429240992367,0.0234118183441253,0.00550993700547092,0.0267240263384991,0.24986647696126,0.0169167677916982,0.00616526099635603,0.00622163826592682,0.2007584048788,0.0183262974322697,0.00553762343071655,0.00242368369852563,0.000922484831921841
0.00584425903183191,0.00308321925776821,0.000928790035148099,0.0183330797622038,0.00922421278751589,0.00152896972284969,0.00977236696300242,0.0155452538348567,0.00817162360405372,0.00912994001340248,0.0102813945584674,0.0125240579247402,1.93078812232176e-05,0.00111976943417447,0.00110613311712144,0.00190910420275206,0.00225386366054855,0.0049792686787796,0.0021172913347978,0.126928241761976,0.0134068806680706,0.00382342597900224,0.0114682103066682,0.149469122096579,0.0051877286245257,0.0309662541632378,0.0723352150259216,0.0877556080216085,0.313412092006094,0.0129571742478964,0.0513042582567878,0.00311388303639511
0.000178268017215564,0.000223454460156848,0.000713911854915208,0.0138358288608329,0.00372052441997293,0.0018121004967229,0.000254350999370959,0.0067483575591412,0.0549405148981297,0.0179098048580702,0.0071664923366157,0.00672479442202585,0.00314216008672998,2.76849541659873e-05,0.00170013424498937,0.0239566997917975,0.00116380267373103,0.00426834360558871,0.000860075710382599,0.270105079353262,0.0125390640472203,0.003777360813419,0.0281134947370951,0.250958347881243,0.0011566764569407,0.00586769531908212,0.0034226947415199,0.00951557384362644,0.00150193286463475,0.259874821864242,0.00370709590907982,0.000112857918080069
0.000634945973432371,0.000845853100740228,0.000640965296055868,0.0437899097802535,0.0054747920074207,9.20379764843474e-05,0.00343907169828039,0.0160104058561791,0.113427837366824,0.0253086408429472,0.00100992540564245,0.062665983943924,0.00258508875204037,0.000139526958597289,0.00134231265779763,0.0232138842129693,0.000974820119595335,0.00143217061566889,0.00808104512051899,0.103703318537907,0.00148421086592433,0.0196194383091236,0.0132982462828571,0.039830530163327,0.00364843399560298,0.0529711609490493,0.00821622704286494,0.101844156202551,0.00084055939597407,0.00373621898150686,0.33245006855704,0.00724821303089993
0.00298736539760127,0.0213164696936938,0.00364131505607508,0.0289016590793889,0.000927244816821598,9.4333696291558e-05,0.00579109941702056,0.0273471794221496,0.0450971834630123,0.000374657791164019,0.00164342816465582,0.0183269227087354,0.0141581105041206,0.000135450460285205,0.00143911754708999,0.0569535271995027,0.0038390389853509,0.0128717521605447,0.0169820987371852,0.174457274259343,0.00974418550511067,0.0591817801642058,0.042970017736735,0.0507718755621455,0.0889873875041959,0.00781694129692356,0.000514641286025377,0.00925279119109106,0.00543426160506295,0.00243431065335726,0.0106908168797497,0.274915762055365
