0.736196743508581,0.0155704103839559,0.00397153363931898,0.0113197861620527,0.00231203940139346,0.00462890443039619,0.00419159883307625,0.00591932632066998,0.00292826311561171,0.0100028981158457,0.00205906021401419,0.00103543826154575,0.00338924557551971,0.000476848308925194,0.0059590180381354,0.00227612356382896,0.000384644996171715,0.0554932242578868,0.00110392412076412,0.0035874294963683,0.0047634136758739,0.0380711690577053,0.0287393744716013,0.00270870532513503,0.00521261516963246,0.00307835782405281,0.000355061342974472,0.00495673033283347,0.00422225785186797,0.000856806953281155,0.00454183908581416,0.0296872081651663
0.00307484854878507,0.701093208232263,0.0187324536113136,0.010637743901469,0.0114154502808741,0.00167340346917479,0.00265285925008288,0.00294039754645723,0.0412282040890845,0.0125345967736467,0.013651078872892,0.000205205413323626,0.00350252634664969,0.00197761788152499,0.000190839951698049,0.0143745862805002,0.000229661329909031,0.0373685553109544,0.00231943425428224,0.000801788594200075,0.0158625659151628,0.00914543806679136,0.0281949946447369,0.00458871488411969,0.014581985283205,0.00295846832762963,0.000756087390837447,0.00895223022656328,0.00117918746294775,0.00068183038745811,0.00425797752065393,0.0282360599508086
0.0058375531561157,0.0205217788410455,0.636775370276512,0.0916434589764344,0.0115342220349637,0.010418791734023,0.0320982598795086,0.0232117604257165,0.00074239901059122,0.0558394559145298,0.00568257539214566,0.000136558921623886,0.013899391518743,0.00165824814229442,0.0111676423454759,0.00129815081319548,0.0020638871187923,0.00142995883661933,0.000577303059540742,5.955536178105e-05,0.00408649887587312,0.00247924646906277,0.0117251259189188,0.0102687421070099,0.00127594491194359,6.93596217387394e-05,0.00510426274374897,0.0100138769729367,0.0120320569583462,3.54235735712269e-05,0.0161689690654473,0.000144171021751045
0.000989459711429462,0.00505370627599295,0.0230390888968598,0.152607536567414,0.0782404211973266,0.0322142629528864,0.216586820599724,0.0912810834089979,0.0016891249343017,0.234118171221897,0.00499257959687095,0.0100370093131076,0.00213600121459033,0.00963361057966184,0.00552434059054269,0.000337374944644201,0.00164060117875422,0.00365280637700822,0.00866481656192145,0.000334143294550237,0.00548182351114234,0.00402687824351078,0.00356268258866946,0.0030794524443316,0.0117583405953322,0.0164924215664946,0.00450887615611359,0.00462776861936713,0.0229201880576682,0.000537510273790409,0.0390949296154391,0.00113616890965966
3.59951213480076e-05,0.000720880196437011,0.00161830699638073,0.0745189849816697,0.484491114839812,0.0527245060247238,0.11073384654817,0.0191876449621212,0.0352049606929859,0.0133639687446929,0.0391790677684542,0.00744114675166809,0.00746341997138949,0.00304977348173121,0.0117893145136926,0.00371102348414327,0.00102256598438904,0.00998210649941052,0.000737869054766967,0.00168008876225906,0.0144953748090708,0.00285001345715237,0.0727259870585716,0.00409267482906564,0.00058734730692056,0.00500967711914593,0.000274202221333955,0.00255673223576689,0.00415378380354897,0.0010214570629396,0.0122090145343908,0.00136715018184711
0.00337528723163806,0.00305022312622025,0.00206448049483916,0.06482782944927,0.00291928260115456,0.680126403223894,0.0162615461142526,0.0181997038639625,0.00481854012236344,0.0226323124473981,0.0193550086331639,0.00255154004180609,0.0256388718652321,0.0126535681089751,0.0485857565098226,0.00824225631479213,0.00198666816373542,0.000380880558775346,0.000382647851329864,0.00175720440949041,0.0146117789341671,0.000596477882468266,0.0147993394544028,0.00742411053361047,0.00323968555577125,0.00339457043409094,0.00824477584495267,1.76088796610506e-05,0.000861309978691773,0.00107239691253193,0.0026739312691965,0.00325400318833954
0.00257935798146361,0.00352161634983324,0.00667426843332668,0.0795604059911785,0.00535427804655007,0.00654185771232614,0.643203619203924,0.0147423782272774,0.00105009994304069,0.135719131505797,0.00184940958806564,0.00199895722516926,0.00701832170274555,0.00276165020752541,0.0164589105803427,0.00894525925830734,0.0011490787838765,0.00828198230847195,0.00161684707223112,8.55109084205161e-05,0.00234805352621513,0.00407882488289041,0.0060703069974409,0.0019541341000529,0.000644739528710129,0.00190952557616175,0.0063777383627546,0.00109702841072227,0.0161597652445538,0.000354270504418759,0.00978806788529732,0.000104603950908979
0.00065359951666262,0.00147263273720353,0.0118638956653163,0.0754832972413724,0.0193076688705117,0.0107342404633306,0.0259471661396683,0.620407324621139,0.0260704189524058,0.109601720432531,0.00731632242202837,0.00364588884392366,0.00898745629843607,0.00172285630685368,0.00301163834037266,0.00167334946143373,0.000596901941283423,0.00199609881512325,0.00278809049242269,0.00223543115486527,0.00357156202922405,0.00551823324148734,0.0184378698094248,0.00684234993653269,0.00300928480659063,0.000801655861324063,0.00452060679897192,0.0115653742719836,0.00308559195957422,0.000444921505553818,0.00427660901066378,0.00240994205178539
0.00194701150344725,0.000647820658522799,0.000715561440672297,0.053837057189979,0.0487523617774945,0.0373512723358305,0.0848046507581883,0.0877794374284735,0.498064905151645,0.0420780432393633,0.00541278084813875,0.00583460564497795,0.00439143099294963,3.29339345715874e-05,0.00458450646396834,0.00738180281797578,0.000194439058369684,0.0141425806202718,0.00467943474473026,0.000357745273288739,0.0584963908274847,0.00136328835889662,0.00810668706598478,0.00544961127239307,0.00347648676761291,0.00100385721423171,0.00376326047286758,0.000755686360507244,0.0016289006194265,0.000966421697142075,0.00457433433906176,0.00742469312153194
0.000585722328291487,0.00483185468425291,0.00633932287539946,0.069002794209376,0.0266266953774894,0.0118302415427,0.0768782721066804,0.0110213100291627,0.00245240593983053,0.692848233472732,0.00337933353022174,0.00779527723224981,0.00391287580717609,0.0099580988244782,0.00898714736802095,9.24121316615903e-05,0.000714770066900929,0.00112969068319876,0.0031780098680354,0.000386040873866338,0.000399612164274059,0.000931101885996952,0.000205938242946354,0.000357393375933244,0.00494974398531295,0.0119883494145337,0.00112625200454712,0.0013019838842813,0.0101718521260499,0.000232670958845156,0.02539834747182,0.000986245533734195
0.000145525895005751,0.00311930308576165,0.00144450628941729,0.134883219354178,0.0147873397842259,0.0334644948084752,0.0858149965053523,0.0127057795428373,0.00295772134243028,0.3480599793497,0.271049893771524,0.00320482398944349,0.011187864395745,0.0103078132927918,0.017283542437572,0.00270582852899327,0.000262840812324556,0.000289682902484608,0.0026325085288448,0.00106150647228676,0.000887746723089128,0.0012216972880249,0.00188982471995432,0.00101274886209009,0.0064334383738713,0.0124838394432249,0.000160020045665407,0.00167434278824615,0.00253376625443093,0.000284471519795257,0.0137817981890788,0.000267134703135065
0.00351908084112355,0.00026692955739857,0.000999449283735472,0.0488782590736857,0.0229799746009962,0.00723837636300225,0.0378393330321097,0.0207698860820762,0.00152836316325399,0.0709095311468548,0.00756608719926207,0.55028639001661,0.010020926486798,0.00040896446864603,0.0301963479664745,0.00141452823741184,0.00176115550379987,0.000531959838859642,0.00207295072998562,0.00202270487108426,0.0169810295840647,0.000831093998194088,0.0052782310056935,0.00907384531083129,0.0038207725219774,0.00438468146368348,0.037219829593494,0.021910835237106,0.00606708407868308,0.00459015753679128,0.0661121047546415,0.00251913645167122
0.00151380737092535,0.00595501981977079,0.0085084627051877,0.112944679232737,0.0319753041391142,0.00402667763404645,0.105061441732935,0.00409518928885391,0.000460374205802359,0.293484467901131,0.0153330137935805,0.0011744983872761,0.191822075865992,0.0268374750486686,0.0588360989635628,3.27291910698857e-05,0.000725500351912618,0.00228050863247788,0.00308851134238561,0.00353084148288085,0.00323749994113581,0.000791010166731448,0.0263110842723306,0.0109915294795966,0.00261545116049537,0.0216116832278198,0.00101139451838636,0.0201674604397349,0.00188693219873429,0.000864352452599515,0.0379167681998229,0.000908156852302086
0.00131365306279672,0.00195032184145513,0.0155881515750482,0.053559736937552,0.0151539155240611,0.0117530043427044,0.000794920327198186,0.0050129908375291,0.00860250320932295,0.11915234928898,0.00829141436889822,0.0095688715767304,0.00218525278316503,0.650419356153201,0.00981531762965987,0.000147540198970226,0.00277387204192201,0.00186679997535811,0.00485011203770174,0.00453699320771483,0.00263143356500932,0.00020345394562181,0.00535013035814955,0.0176358494467597,0.00330795381281842,0.0155622064786321,0.0105184754521215,0.000575990498418438,0.00753116020245816,0.000607754573992148,0.00748266066821262,0.0012558540778365
0.000735028599273336,0.000968439161270496,0.0034953338637885,0.0280417147156558,0.00192666694686486,0.00232626128661492,0.00231165753549192,0.00119221508573663,0.00512068012722122,0.130033641926828,0.0163706731675973,0.00998475468362906,0.0294666280244749,0.00289191465061735,0.654508452089501,0.000596655171224492,0.000795082991201059,0.00287542963694568,7.46514524501603e-05,0.00196556986280755,0.004469213204826,0.00327351048607465,0.0170522337816071,0.0185500162731454,0.0072234898063564,0.00592737914510146,0.000227988041244687,0.0149590984081235,0.00365879725951708,0.0015143654995394,0.0254331975440517,0.00202925957121748
0.00303072106442345,0.000415515830861574,0.00514535889083385,0.0419616215141878,0.00340530220207025,0.00430205135630042,0.0668252559056789,0.0507569254561257,0.0341164172957162,0.0303401532794661,0.00474949570511695,0.000517565198434211,0.00197858580796602,0.000185151755399639,0.00429825583501887,0.622116935501591,0.000292516330430834,0.00260377591453054,0.00585858309134354,0.00103262307737007,0.0244326883894268,5.71787112332113e-05,0.0229616070613875,0.00506747432881603,0.020708500793918,0.00784208443856868,0.00106900219993008,0.00374251867192435,0.00687313608245379,0.00183312457776069,0.00946874647238852,0.0120111272593271
0.000682544138289933,0.0125860425704393,0.00245672352718117,0.00569254623978202,0.0043573754453352,0.0219107911011939,0.00722263727638709,0.00734436256456529,0.00548099706956285,0.00131207120889182,0.00437260953676375,0.00309471076903768,0.00136623180954817,0.00233523250592281,0.00147922434291913,0.00324491045465008,0.722547331625535,0.0639319502274282,0.00168230445711856,0.00324233043092941,0.0346719671411381,0.0009162821897527,0.0482701129266726,0.000700949470239641,0.00130134811716043,0.00560662132593857,0.000686639577924305,0.00489417497182474,0.00192861263798619,0.0038796599166577,0.0128399372336544,0.00796076718956923
0.00340165254555591,0.00412102770675801,0.00169061916141827,0.0154071068056742,0.00526791634042174,0.027092797514892,0.0140432513825551,0.00926415765176459,0.0121170187117028,0.0136878375880318,0.00552120476036798,2.68901045423871e-05,0.00423004862339475,0.00257436975945703,0.00230908028327904,0.00590071325179881,0.0350653128270802,0.711241955344027,0.00586896845284809,0.000406394261764747,0.0440488084002584,0.0122941161732722,0.033854698030269,0.00105682743978883,0.0115405874876077,0.000116148610387832,0.00338366327102659,0.00230631144881164,0.00318025390601839,0.000181120118889051,0.00569144261015033,0.00310769942618552
0.00453340683989239,0.000599925584507296,0.000652536311486476,0.0158326083715894,0.00181266915016812,0.0028515485297564,0.00129272745147807,0.00743922835726356,0.0116945216216877,0.0184641206330048,0.000305152402481798,0.000683013582935305,0.00874226592301722,0.000934100642238493,0.00573399020528511,0.00228225600431493,0.004296402403873,0.0103058818334285,0.691239741848526,0.0125310175181682,0.0847358250807864,0.0310571491367166,0.0541027096162816,0.00696179497777794,0.0021993464654521,0.00558076887757053,0.00545818909465421,0.0022668612841086,0.00432250730315609,0.000591117787597169,0.000336924432838968,0.000159690727957017
0.00221034258193142,0.000374124151470566,0.00284235750225411,0.00530017358274248,0.00998724834743176,0.00485767999040991,0.00103790687603433,0.00306524903593129,0.00322071715976232,0.00630996239619774,0.00301388383026365,0.000378402175599329,0.00380441358740187,0.000646176035104803,0.00428490687618599,0.00338006228540559,0.0151125946745404,0.00599335821197965,0.00758306935258185,0.734102251222445,0.0329391392308574,0.00554736531153711,0.0196943160570843,0.0116302050751751,0.00672153930105929,0.041966832931514,0.00336056924515334,0.0156239455954153,0.0252146663173809,0.00220038193473876,0.0167855839020781,0.000810575222333182
0.00167549444519843,0.0048426986352738,0.000984557947129962,0.0076763676661702,0.00721567125029489,0.0139738960477345,0.0355422470904217,0.000987105999042144,0.0139357071595249,0.0348201420945665,0.00845402044398732,0.00150537925281512,0.00374991554660786,0.00059659915559466,0.000693081002813615,0.00207169784399676,0.0010255860472967,0.000759377726561784,0.00298018150125578,0.00838768423930173,0.574793895663451,0.00108826727954045,0.0923104879985253,0.0215263116600489,0.0158023727672462,0.0102531325958934,0.0118143669675451,0.0242600116261449,0.0498889950708419,0.00123936756981047,0.00355115962175441,0.0415942200836091
0.00385288805547231,0.00335012222241748,0.000459103845918109,0.00226167060703327,0.00315609975413678,0.00383004750393609,0.00212865552386697,0.00187297694471513,0.0151030620163547,0.0196313757601243,0.0047941915914063,0.000263892876839872,0.00110277507751995,0.00155344319763115,0.00404226754256224,0.00761504084270629,0.02006038656376,0.000957308766284679,0.0114849791972896,0.00108109538721232,0.0148715288133858,0.698967813049015,0.00409909748535332,0.00284987360301502,0.0765084490453012,0.00252631753996067,0.02427692232325,0.00465633596131042,0.0261713294014809,0.00119658571063671,0.0250596915422156,0.0102146722478875
0.000437341810687257,0.00190068664441069,0.00140862324244518,0.000260097677997639,0.0042701164737742,0.000414103705063545,0.0137680598698408,0.000985415322637434,0.0199681509412878,0.00320988648138367,0.00445543745715984,0.000422268101770032,0.00413216882736785,0.00069039769714351,0.00120859488025374,0.00462981826539719,0.00049012998716905,0.00470687644374968,1.49886126236392e-05,0.000969167078260114,0.00906202044325187,0.00114142542040593,0.769811287664136,0.00378292051758315,0.037880260452159,0.000291991504240685,0.0284046039803021,0.0192845072899442,0.0453109567420443,0.000222478011359029,0.00103603759920828,0.0154291808549423
0.00231255169650125,0.0012048857357193,0.000609747398363186,0.0096442777375164,0.0135667310603682,0.0131292888769932,0.00805676818487256,0.000668304891722935,0.00203849822610646,0.0118167838792863,0.00168205055661058,0.0004140886141595,0.00639675950346316,0.00209185365931758,0.000883914270549619,0.00129922240429663,0.00381383509679738,0.00411800560796222,0.00304440996617044,0.00175834447787954,0.181470930927817,0.00979648836502831,0.133072042342517,0.392376147540237,0.0388529802896499,0.0149911626714327,0.102187752077552,0.00644520908876742,0.00925747721736974,0.00343725576682965,0.0101016154576673,0.00946061641047449
0.000798533981270321,0.00191881589334113,0.000163013056203306,0.0296183987272054,0.00108310845792608,0.00422668428361298,0.0070726664919384,0.00680252045890124,0.00485756469837382,0.0664755406445187,0.0073491735962711,6.3586202985674e-05,0.0022760586374049,0.000139440437031393,0.014037114545974,0.00188125528640707,0.00433700605885688,0.0587016712475613,0.00722322978897317,0.00236385821630904,0.025771743614649,0.116325578525122,0.0626797726516423,0.00307198369361825,0.357020074753932,0.0093398085492784,0.00414317050213117,0.026101327382274,0.00184884191732634,0.000618406036874895,0.0412164860331294,0.130473565628956
0.000731962464309946,0.00148242843033559,1.66441840003841e-05,0.00389559301774864,0.00479599244528891,0.00493441212968045,0.00193584048035951,0.00839101066404173,0.00104671534081849,0.00354483900854107,0.00244375543027643,0.000234306087219332,0.00275459134508075,0.00570405776829349,0.00422020385223063,0.00136095778511587,0.0234193577665083,0.00524406811254681,0.00416769138028704,0.0541456169130476,0.0461955526926955,5.10748722827765e-06,0.00295982239748303,0.0171865648576316,0.0120469764844884,0.678946748407479,0.0493217126275544,0.00298314254481306,0.0132843937620398,0.00610671983365523,0.032384006802088,0.00410920749711269
0.000127442637311912,3.7763359429967e-05,4.2905297702905e-05,0.000633453390961046,0.00262582879614679,0.000916262388288646,0.00131573889939388,0.00207986535399012,0.00014514753492678,0.00541112545782253,0.00414702361586635,0.00830742849326316,0.00219005362508082,0.00343959195142887,0.00429486640737814,0.000932542801390561,0.0139169601178097,0.000981083664789846,0.00259633057118669,0.0274157285130477,0.0370622278941062,0.00111010279632586,0.0186731498631783,0.0281736893396048,0.00506428913397583,0.0195369206914019,0.781474785303786,0.00489898112757303,0.00241829559000248,0.00239619556896692,0.0175529577180242,8.12620958380013e-05
0.0026439786442037,0.000174507997959647,0.00745613052964476,0.0236068398205645,0.00937948928945942,0.00371036856880374,0.00465637139006161,0.0206782097732663,0.00220588038435512,0.0198121286878617,0.00250393313587945,0.00993180029890159,0.0033515809309839,0.00309846914532579,0.0238083253403331,0.000266044975138092,0.00213786811574323,0.00184179449454363,0.00212940793541023,0.000876496241936078,0.0231926102482849,0.00137802566535006,0.0253905190037307,0.0105433227722231,0.0011824086454042,0.00646225769559546,0.0653426577634083,0.7128600861438,0.00251694171557566,0.00540737781176704,0.00112896661148263,0.000325200223001888
0.00287158219398741,0.000423470121208307,0.00159143574866799,0.00499865892177875,0.013036770439043,0.018723984644612,0.00234075191378485,0.00528419505498841,0.00465948450083723,0.00023241445701776,0.0460200927202413,0.0040139546671489,0.0060574140829229,0.0107223994512351,0.0134119412574557,0.00082260415242422,0.00205517677212248,0.00272384294007876,0.000493793023590584,0.00883065020315954,0.0449513718290305,0.010003312561662,0.0071296859264963,0.0109060982413683,0.0012378957464502,0.0264265429753108,0.156557122919242,0.000214259383668775,0.495076143578474,0.001820531786865,0.0855935540338688,0.0107688637512581
0.000643803960262205,0.00112119402039971,0.000584523577384514,0.0016566723971557,0.00158406812023191,0.00709506957695846,0.000983781759190935,0.00383291837357416,0.00614529909128756,0.00144826222052147,0.00124038194490722,0.00698474042685559,0.00267292878640901,0.00406665624148272,0.00548769048925346,0.000134852893465502,0.00168292215356523,0.00559607624973245,0.0204312763119859,0.0188554148771004,0.00914807869559311,0.00145724697854523,0.0260259963286291,0.000307797105351926,0.00269566364669704,0.0230266461623438,0.00271379467118161,0.0016275017271177,0.0014749360119193,0.832587390537134,0.006287419094062,0.000398995569701095
0.00369913722772691,0.00108977303665663,0.00544931036962897,0.0114999707924833,0.00256404405895635,0.00640069215566291,0.006110472249156,0.00351704922371143,0.000503603431143809,0.00782901812789397,0.0109583323669318,0.00542845646570481,0.0142112786510487,0.00360937572346497,0.0393931680605669,0.000239362833172881,0.00710514327411065,0.00214395666788721,0.00223863484586239,0.00608171502165394,0.00337403902054033,0.0112385149260072,0.00503632605731565,0.000476490124820063,0.00479235720526495,0.00489459483342823,0.00343267602050621,0.0011870790436192,0.0121832109742543,0.0036252490632434,0.802304541027056,0.00738242712052033
0.00241793015416589,0.00145941679065381,0.000437392520830995,0.0327410657147286,0.00228336714331359,0.00646395409753654,0.0129999958622797,0.0173804458811498,0.00467443745301042,0.0370399509985418,0.000764181837039722,0.00151652759389027,0.000473347564581083,0.000468909187645736,0.0113318364041188,0.00466235399767238,0.00228604955067884,0.0545064280316712,0.00182059842196349,0.00132684837791759,0.0212107216577861,0.103661850115837,0.0924341655617657,0.00119608961984833,0.0149990532410899,0.00107845174736043,0.00924575376639622,0.00884072264704292,0.00445824661079379,0.00107145651072982,0.0141864137416618,0.530562037196297
