0.712507171887938,0.0013593144883657334,0.006069707172067357,0.013036412370884706,0.030949273442081357,0.0179689658851029,0.03570229767681964,0.004322046430878475,0.012980649355813225,0.0052939181829053114,0.004950442531645779,0.021837372102101644,0.0076224645492271,0.0027647494578936,0.01064970724675628,0.010432094004957333,0.0070727024474587785,0.004883661206460467,0.0046359152533198555,0.008410551479925855,0.00591473712094313,0.0015652250197089508,0.003873604218230522,0.007090176885888943,0.009170596069280378,0.0054040708319757665,0.0017161790874239665,0.021606006053258377,0.0050261310123768535,0.0027741508644553445,0.0041385939912527,0.008271111672600633
0.004341594620607322,0.5735891489003335,0.011152095137453513,0.01894358711578817,0.04321240308144751,0.020297495140047354,0.0282938241260455,0.0313325122990058,0.052215812416771014,0.011550350154802701,0.014913071359299198,0.017851266301901356,0.006476658101436443,0.002086146402330223,0.015326876159647765,0.021591392604495344,0.009819454299070045,0.007031983352130656,0.0035131533427641246,0.007357524986399012,0.010947356650440838,0.004181986330654987,0.006606766127088055,0.007678599300491943,0.014887361814193277,0.0057672963516156445,0.002447314380774867,0.016091803325501877,0.0058901030364287,0.001313143611194181,0.0028339220530656053,0.020457997116772323
0.002002823342291,0.008936998146800554,0.683067619852808,0.026637820530851713,0.031177619420356406,0.0022930197801974,0.03498616197030332,0.02420854521165126,0.027060924344548612,0.020314896945827023,0.0034249848038587554,0.016076231804683056,0.007050141498423945,0.004008324246076045,0.0055908531939826795,0.005995753444871256,0.003270168411633322,0.002986994291034208,0.002967850333247575,0.0039428085516494335,0.005689188670700433,0.0035285756428946554,0.010232181311907555,0.009415127086991456,0.008046768372397867,0.0079334049455948,0.001839182750209078,0.02140659387794271,0.0038055605827878223,0.0016551851331383332,0.003310381499851833,0.007137310000486722
0.0014312586042285042,0.002712426783706911,0.007812197240763943,0.7526650773398381,0.014696900970046325,0.007950236100843337,0.022014818913661544,0.05027444546483662,0.010425917017017132,0.013495108654841277,0.006295961082607943,0.018290222108874713,0.0089602218155311,0.001855453552850367,0.006418255518284045,0.0029148736511985223,0.001547635221027224,0.0022175564562460313,0.002323266852653867,0.008728562776902633,0.0036395916968453667,0.004009556897036486,0.007431046320308412,0.007297153541880476,0.007030283327059316,0.0035013993207503443,0.0023908134215644555,0.008803219890194044,0.0051773873072677,0.0016825688873439554,0.003546172191807264,0.0024604110719811116
0.002548924473257186,0.0016982152344726784,0.0019451977400628496,0.027500521938091303,0.5532883550959724,0.047192551184481124,0.06931327343747387,0.03441339406429106,0.0304808216213158,0.01868718092921121,0.0040845597297869555,0.02623465505412021,0.005429400652725763,0.0009047134502059588,0.0043227590248925,0.06529974719420231,0.003337986910582711,0.002406698967298422,0.0020255656178728666,0.008901816593189968,0.003647531596076817,0.004536639943778166,0.008872478316333665,0.01494598325504582,0.003294314292879372,0.006541941348419254,0.0012415601974341038,0.016263198981337247,0.01355875801330337,0.0028062246140302225,0.007452480045812413,0.0068225504820413445
0.002823867415686047,0.0059713894745263,0.007863173563526223,0.045036749644277625,0.047187334758443195,0.5706766086139251,0.03584923272261341,0.05803087868720394,0.0364500564712921,0.039933272464264015,0.005722540409656559,0.013679657455787633,0.0057662477738898,0.002268729836122678,0.004815161012887138,0.03447458770461811,0.0015240295633399447,0.0022308925087382,0.0005625208813592273,0.004299713813336851,0.010984438348650857,0.002118028817514359,0.008590885148650737,0.005362307104939555,0.006000643782243177,0.0033309268523620448,0.0018535331504921555,0.012562657700145578,0.007835859187380912,0.0014359262954024,0.007850265910309025,0.006907882926414122
0.005263423369878766,0.00349436741576122,0.0019438443551946624,0.020086536105522655,0.08084047473606742,0.005807539390718145,0.7391792616335482,0.01482106253362142,0.03856853107651903,0.011492028473526443,0.0025818839533869225,0.005169531349797234,0.0037252048705583452,0.0008757087322481176,0.002858664658705356,0.007598501988286133,0.0017252307049131503,0.0010843790275514775,0.0010917899771745497,0.0035656647231725775,0.007617357597891217,0.0014801519464368175,0.005889895279240285,0.004157322704591711,0.0036803625740889335,0.003822928397378288,0.0009576361203590231,0.006361474848605133,0.005255163883841434,0.0009007385826426188,0.004153063496489866,0.0039502754922815225
0.0031328946219766887,0.004349722665388911,0.007356298616609731,0.04752813471694993,0.06702166524667535,0.026852767085655576,0.06432522547263693,0.5534092550944387,0.049288045549678354,0.02759367284906201,0.006477176149157822,0.01943938362725122,0.008662455533961446,0.002220757226041611,0.008881697849810834,0.0070749179849022015,0.0027839351638432163,0.004328365987069577,0.003183703780205788,0.008275517051727879,0.006910407179422,0.004495801277203344,0.007545808597299312,0.007386829804831669,0.008484625525242144,0.005328546051924666,0.0023475098084636222,0.011632271850590322,0.00823365756557441,0.0033193200325644778,0.004978744668389761,0.007150885365449412
0.010951384737037132,0.002621418755290689,0.0019409749867136657,0.010925937319985276,0.05074916568976965,0.032982239651954806,0.10270417822728097,0.010155266314380943,0.5599134516740986,0.009805209789575076,0.0045708826591825775,0.01665490823169048,0.004689906560000604,0.003157944320300159,0.005709628137272467,0.06091156519832616,0.004443417867814655,0.0038777194290666003,0.0017105282536815445,0.0074928577420786,0.011574126900134067,0.0019124831480513667,0.0102497566709759,0.011222361273276558,0.00766243629457301,0.0055669348094242775,0.0029414947514100668,0.01879353215221013,0.0091870016791792,0.0028269450710387114,0.0061744203093662565,0.0059199213948585554
0.0018549314145524997,0.004446887705644478,0.005143368524690433,0.10081023863325282,0.07822946605907581,0.004595748971582433,0.042424006389115844,0.10626522048963168,0.0367437580794192,0.4795495981558462,0.015928118343403387,0.017520433255106577,0.013327651100330844,0.0033052310804452664,0.005728981090111244,0.005857940767695535,0.0020173307724908446,0.0035425827018875297,0.0024029899596323115,0.006170807667337222,0.005385768262840612,0.004886859150622523,0.002455581923128626,0.006268693722711133,0.012500432350249077,0.006557118480318123,0.0019565978768892223,0.0065664720413852,0.010313604733714146,0.0015001147149145556,0.0029102257418411777,0.002833239840132387
0.0024440470927201774,0.00293681544095855,0.001622693882714475,0.03568598213458308,0.05045339627960552,0.0031716974406083443,0.034760048413989754,0.021160645608390545,0.030616868060551344,0.02049102301885151,0.6834888565963044,0.017038157778326433,0.0177147230257793,0.0014185712994135063,0.0029498096519730375,0.0044154364748875555,0.001670192706779911,0.0030681302417968665,0.0005786275783750651,0.0043609577437500775,0.0026692135603234557,0.0017164954104682665,0.003170091501729134,0.0025602246792205668,0.005347969930983955,0.007608334614916011,0.0029433312160166668,0.018334164749538053,0.006904664685961678,0.0022335173405239666,0.002947986916627978,0.003517324923329278
0.0018808391706187028,0.0018675412824983853,0.0019825856395379333,0.01909929087620789,0.04029792922838178,0.0118550239264325,0.026703005185090167,0.01809836182725767,0.030556555822937204,0.0067472453006309,0.009805302254184477,0.559303559117406,0.0431467766502788,0.0033016574718367445,0.013666004546960424,0.008066778561424355,0.005356313686013432,0.0036025047032814225,0.0014750965662583444,0.010933306191444435,0.006653671779536611,0.004875539554160822,0.0030836308424003994,0.007535092958368277,0.0066098537536504656,0.015064827353993178,0.01319560273898541,0.04147556940428657,0.06162819054214008,0.002375104395827078,0.013570741826383188,0.006186496841585122
0.0014039995436303811,0.001477185851152211,0.0019408503692071003,0.0237124888221681,0.024263311706701256,0.0038029769717023284,0.018648379745686235,0.014705197824466285,0.010020168505600778,0.011803079762842977,0.03853883831163977,0.05356838328632696,0.6545205607516983,0.0023291122987563672,0.013537301164540688,0.005658196673637767,0.00269869656252764,0.003445899387229844,0.0012609317365867494,0.009580565575444554,0.0025761009921315223,0.0036677196560796783,0.002418867699111477,0.007806972046455444,0.007884252985900446,0.013891517362599233,0.003187658904982611,0.04183022591273686,0.008605222094663023,0.0019221196217746224,0.0035414180127535002,0.005751799859264156
0.0015952853606847554,0.002426844017981001,0.0013706169830964856,0.02892268120123206,0.04449030527532648,0.0054499547074577,0.04602650021872519,0.01504456101140281,0.026543693047176648,0.020543879536075456,0.009008868899921621,0.02105079887875778,0.005106745710179222,0.6536737263680011,0.012009075080374021,0.010492511326242389,0.005855602305271359,0.004684686177554912,0.0015018924351877666,0.010021968250823913,0.013494209386879777,0.0032869787758679782,0.0031445845737413888,0.0015273231821721295,0.0036676211798499325,0.005374974103669644,0.003661800369822001,0.017997136842345787,0.009460182100922835,0.002829723812024744,0.005563388666531387,0.004171880214698511
0.0022820087600382444,0.0012017162831927666,0.0036298914357836337,0.03025640561494048,0.053164599069854046,0.008965357592864166,0.029187507069126553,0.022700664836793564,0.022587330827266133,0.010881512585432811,0.027314522721292367,0.021573967727083046,0.007061432482763689,0.0022160516914650225,0.6577513036040141,0.0057021914209896335,0.0020473100521830666,0.005422695872091767,0.0017515637753139164,0.005041408515666711,0.003927079585293461,0.003993729667322867,0.005325807972628844,0.003587691334976011,0.003964209094565611,0.007412249031858732,0.002973740993659448,0.01754796882960559,0.007771544907999522,0.0029859569283497266,0.012479737277060234,0.007290842438523112
0.005981976762830154,0.0035237909884135877,0.0015070308165666625,0.009608584066651368,0.069208293728358,0.011425587255937767,0.021704751710769223,0.02765069130383588,0.05969315482809861,0.009050531572720354,0.0053652053693297,0.009381592256843447,0.006065728306320282,0.0008266012444825698,0.005124156740651923,0.6874194491396297,0.0012109388189552777,0.0017106340441973768,0.0011920647985686715,0.01116802329514998,0.005420028359169059,0.002998480060655544,0.004074377291589079,0.0070341169346557104,0.0025694489848458227,0.003035061111540578,0.0014664152425163666,0.0137118606681584,0.0019513179960042335,0.0010258657770634298,0.00389774202048672,0.003996498505003167
0.009316819509658722,0.008468930101615377,0.00043608039942330225,0.0239209202185667,0.025339762505822868,0.012107286759642732,0.016766469727328644,0.010602609881935579,0.04185380288093706,0.02273250451264222,0.011162671821040505,0.01646028454191313,0.008839590070488967,0.001878056974823985,0.010719845282535221,0.013615231347614378,0.642546741304155,0.014360705686314154,0.008510601715609346,0.008676656174215555,0.008868637926708833,0.0032623828602557107,0.007967259580762366,0.006965142278975944,0.009173472814959178,0.003364977568820584,0.0028212257881051555,0.024532382138759506,0.0027217114595035332,0.0014813597780869861,0.007310832016901323,0.013215044371876422
0.009018713910209,0.0053483837684295665,0.0028665887281398832,0.01939173864604843,0.016882633575469833,0.007213495035750244,0.016496905238565535,0.009176149468981655,0.022596011198976276,0.011877320552116245,0.014742951104645864,0.02484540135252791,0.015823029099187366,0.0009821993502868332,0.005342661379649522,0.010839977833042067,0.007362537212521132,0.6742393559803586,0.00327924562371347,0.0065770276363427225,0.016634458552839477,0.004502268269025712,0.02680602240890818,0.005107049618328221,0.008851796491935621,0.003778009877306356,0.0027925971008614667,0.02970149565208695,0.005169254401967378,0.0018444504279310488,0.005688355247635966,0.0042219152562102446
0.001899727443034822,0.001183605625068311,0.0007895383864267576,0.01810195082614024,0.030586455444558576,0.0032745869481856666,0.025580889539240603,0.0091750109926691,0.029703892467485844,0.011587802753622832,0.0045440342217642,0.02547006213227586,0.009157865000079722,0.004204992873211426,0.006326774591600856,0.01109208429806698,0.006361644023270944,0.0035164970584913324,0.6754969343778869,0.005056372192940622,0.026956099585519564,0.005109340166997889,0.018409699864176107,0.005895606584339878,0.004054541340267422,0.006330601135954956,0.004504848498023155,0.022634953021602566,0.0068889732362204335,0.003848179904357445,0.008610527528174745,0.003645907938343133
0.0014090964932978354,0.0020888758548768885,0.0010963745202326074,0.020192759023677148,0.012684161912634632,0.0020839243218949287,0.013646980140964613,0.013052144010860446,0.014289441654362458,0.006765272064873532,0.0069156474441753385,0.022648622982759478,0.00926363371730801,0.001017808773374577,0.007057445054617844,0.004433737845259888,0.002107557120573334,0.0027460186308982475,0.011198615120287244,0.7161091337888765,0.011604534210133821,0.012557945772737576,0.008957643368497756,0.01018612041142078,0.008666416738087355,0.028598192720025,0.0064165395746821445,0.01928401346118037,0.00782131750952341,0.002663347079288333,0.010280226124254098,0.0021564525543624384
0.0054822380087072116,0.0035950814636945996,0.001973794969724751,0.020842306559781035,0.03552140196315011,0.005313955672113572,0.03070401435572658,0.013425330834849179,0.07129895263948698,0.00667681063927809,0.00284527324326713,0.019395567339149367,0.008376875788346635,0.0008937197841360445,0.005586506430868433,0.010551937228335353,0.006171936663336978,0.0031876892023748223,0.0008361998308210086,0.030230164151071676,0.5027374622395896,0.0015211479823822286,0.007099054260782144,0.07035645927110791,0.015186237756081756,0.0067740714615683005,0.007208485772042278,0.014886943955264338,0.014574436947230877,0.0022752841365181664,0.005659865407044322,0.06881079404216756
0.0036008528716744443,0.0013111875982570556,0.0021658873420901128,0.020657321365307745,0.018238915779744864,0.0070828835098810106,0.010471927669466545,0.01027420458784591,0.03822404091372343,0.009109084325726177,0.00231021041616295,0.015526808856990188,0.003084561159837811,0.001111873753079375,0.0019129683061921113,0.008076706759408945,0.0029092676306418665,0.014706226362440665,0.009103584435696466,0.04284182953029279,0.0068896250019725444,0.6359942393658355,0.005489365148727067,0.01773127739849089,0.06630909872605101,0.0033559890799322164,0.002750361958218422,0.013986377748409155,0.00960282890087911,0.0027076050908900326,0.003940082813660223,0.008522805592471944
0.0028175155580112826,0.0028158649070483665,0.0024533017513577444,0.016754105142685147,0.018553105463791523,0.004112383866995478,0.01440765866787391,0.013392354252098667,0.1066415042290022,0.007125079546451756,0.0086498321105813,0.01830664345039218,0.00938284113801448,0.000688671704438241,0.0022991798686319005,0.02706444192137894,0.004326110856277922,0.003657052017186311,0.0022871748054113334,0.008718232350161233,0.029201597707307545,0.01926362322219914,0.584347057163967,0.007757206090531722,0.023244769455664865,0.0012350123121293638,0.0037994650550873,0.008018722563885798,0.016917645619088765,0.0008996034298545496,0.00644679420786291,0.024415449564630255
0.004821287467750223,0.0035628578789776663,0.0023936513489196333,0.01926996177977144,0.029214366655991135,0.0034640793509288443,0.028044635294547458,0.009796977276648867,0.0318846200663957,0.009607309818696723,0.004358697879451855,0.020762947840196923,0.010738307849091066,0.0028506272332866557,0.011066055070141174,0.010423306903873577,0.003496400159307654,0.0007160326976483075,0.008233600330320211,0.022620677282380545,0.04362586895420809,0.010007257669173368,0.020411606931887726,0.5845608491547862,0.025791511391761036,0.013541849662871834,0.011761642596507579,0.01900741069660542,0.005608760048502777,0.0017732179945462003,0.01618893145877042,0.010394693256052568
0.012605221910901136,0.007946174176336605,0.0030862964233701064,0.013279946446770365,0.020889709469859442,0.0072637016401215105,0.06430758457992047,0.005673035597964511,0.031615446739426005,0.006665566091011833,0.003183600065125,0.01705300719574392,0.0056554393424227325,0.0006715108878495538,0.005876871743066,0.018662550782909855,0.006560227678110411,0.004883919887767289,0.001675218126381459,0.02131392741855913,0.0044967862604355,0.010817506675738935,0.00899359718473267,0.032915350627481715,0.6340928664153617,0.008783204118399411,0.003192413006693111,0.008253394536299433,0.011813973731935965,0.0010375552460251715,0.0028480276712943117,0.013886368321983644
0.0023000426677206444,0.002548108169647475,0.0014976875619219837,0.0250743570783851,0.024012245613892202,0.0076262368172745005,0.016264325342062468,0.011898643243706555,0.02285929530723601,0.015722254784741672,0.008435224844645423,0.022553597979022722,0.024375005985878266,0.001266626632822859,0.015601798737420899,0.0031991029228350446,0.004216117385729411,0.0019251695122924999,0.007199244401962051,0.005931351899437256,0.039229291164286376,0.004562533156707378,0.03768415362622786,0.018003613838206912,0.013988483783850801,0.5930021296427752,0.006871415224187656,0.02281775699574321,0.011761903201516048,0.005264960380462934,0.018715448224272832,0.003591873873126722
0.001270000692004,0.0011162817415867113,0.0011768722948407668,0.044570452691693636,0.04748730173361903,0.002379693036839903,0.030942127930604708,0.019642706220450327,0.037268432182430866,0.023489304033007277,0.007793229203353856,0.06470051779811362,0.00804421821893691,0.0022870350211664312,0.013780441702839213,0.009164087226280223,0.004955245572595499,0.0018199603622955775,0.0018417981947675803,0.008705215950613823,0.010851821947627401,0.002921361841074522,0.01332504747975998,0.005646244629819712,0.020700932419004926,0.007467924962673168,0.5053501950493184,0.060351589582503445,0.024699901286339622,0.0047774563701193555,0.007406042580586035,0.004066560043132622
0.0019993134918412734,0.0012747270741552408,0.0018328111524729554,0.020955755884763512,0.0420140933910471,0.010012434075382179,0.01704864342552158,0.010959982664444479,0.03108094953861742,0.011633551690099855,0.017619984054064286,0.04398154006191696,0.0217858944257972,0.002540714139772278,0.012329920034591572,0.00427289781175531,0.005551884788566778,0.003196974961835322,0.0016408377339597556,0.00437015331650031,0.0068220640379888335,0.0021241263639857583,0.0027299853271514998,0.0039746013628323,0.004978595901550589,0.007832265296754645,0.0048858348817584114,0.657556292440018,0.03224405002583732,0.0034818140910813774,0.0034571983031045,0.003810108250830178
0.001233290496013321,0.0018487962337429746,0.002733554885588555,0.012137799483050368,0.040701326247805154,0.007240530147681745,0.029532565512673612,0.012204833234402532,0.03349188980326283,0.008332467379870433,0.0069095908212066,0.01018771237628,0.012157814275319999,0.0011437621850573032,0.006816011448388167,0.01430493819234051,0.0021257816468422002,0.0018443972424627335,0.0011190266451436119,0.01808040290694106,0.004399604048324287,0.002706746976714478,0.005270379383673633,0.003823079981031744,0.011584835052468377,0.010569000559533555,0.015243682208442176,0.012805083148603612,0.654168681900823,0.005531819467108411,0.04645229193792892,0.0032983041712729222
0.0017634402325799226,0.0032758034423225005,0.002784608341214267,0.021945585591280087,0.026049404847715323,0.005229987591005912,0.013669035717883336,0.013672911744966269,0.032896748875941934,0.00908928483873931,0.007552455646830525,0.020048733581324904,0.009296354152332435,0.0005474449847048778,0.007845760148769067,0.007752919492103444,0.0027204214249556885,0.0031067095650172223,0.0035563871295356325,0.008361024259818876,0.011927242808742801,0.0031105885444490545,0.004444045456797167,0.005524669571035422,0.0043878685747819335,0.016832030155526423,0.007830462413313567,0.03257985850711924,0.010654232674442233,0.6771267799543634,0.0173507671131751,0.007066432617210945
0.0019637988742460147,0.001677710743560209,0.0033319821270759113,0.017072303127931437,0.04557847298850998,0.008149872633303726,0.0347538909270781,0.008452477722087055,0.04271998230060732,0.014681534158307166,0.008462181379997567,0.00835088344848852,0.0075738894455816335,0.0011254480425143777,0.007187298046550278,0.01410219361643318,0.004210316296871358,0.002502670439140344,0.0033541074354919644,0.0203476701833919,0.007119775310851845,0.0023821772726916445,0.008772359638042923,0.015400962530544198,0.013788222685242144,0.02066905524698258,0.013449201600304533,0.015054099510163156,0.006631354331123056,0.008386956254572055,0.6276098580657262,0.005137293616586311
0.0020780158442502664,0.0012713712517174224,0.0018610756751794866,0.013836489961116756,0.030216093621772036,0.006881081561886799,0.021587326951390783,0.007504723269182046,0.021506876399673133,0.011054204592268253,0.006831400389255255,0.0175581560737237,0.009273304945457701,0.0014483960715009228,0.003651744590900122,0.005468043332070825,0.006776369022385776,0.0020734512135631416,0.0009430637497389667,0.00974828239397451,0.015191697813605264,0.0023167444883073554,0.015866288047625444,0.022496800814161902,0.02269065601197152,0.006417894728234211,0.0025231598389766226,0.01859028129238975,0.008162774551889422,0.0022840764655843015,0.004725490854648021,0.6971646641815974
