0.751374316295797,0.00610390729454664,0.00547009141334071,0.00535828217167008,0.0283314601975415,0.00293397209670801,0.0265223924724006,0.00158487773318907,0.00416167740002438,0.00388735008823492,0.00901186147903002,0.00504325698322867,0.0333292055367876,0.00112344543817746,0.00215829423530175,0.00481376166036899,0.00679186832367249,0.00795311540774051,0.0145327275212838,0.00489335462163984,0.000159909601186293,0.00247333843966538,0.00796981408175426,0.00259164709718631,0.010693966329825,0.0147950668546373,0.000749309206660668,0.00669459963965324,0.0148147743935052,0.00506267313390632,0.00285304312697873,0.00576263972435669
0.00334762904408658,0.697060148408498,0.0136015632344654,0.0220952392048354,0.0232664482162144,0.00577146732514294,0.0157970269129861,0.0221396644907861,0.0320500464647993,0.00128989517426356,0.00734690687528423,0.0116662973646037,0.0193298030637932,0.00199112370238514,0.000212041360123565,0.00304134023386918,0.00608108356327873,0.00201803876774192,0.00117527852189367,0.0128928536275163,0.0111038628853459,0.000297320476636347,0.00793386997567329,0.00377023052454632,0.0181014861540009,0.00313049091440205,0.00399220820967401,0.0016232019492276,0.013511807942965,0.00135697897696734,0.00271418586084473,0.0302904605731496
0.00406978697844297,0.0011727952038692,0.804169716934953,0.0117916262352217,0.00332475260564373,0.00220602261744261,0.00906923374194968,0.0150737015853331,0.00173250591835468,0.00352913321652108,0.000747329519390755,0.0436906977450191,0.00168027027036339,0.000620567564710043,0.00362257687503538,0.00351153921241275,0.00346751399314508,0.000523077551929132,0.00115786616068873,0.0066385365526361,1.6999504444093e-05,0.0014892375264129,0.00181486919476739,0.00152817096813816,0.000339998017098595,0.000348757209616417,0.00198327362922935,0.0597179759162616,0.000968554213143175,0.000183878011986013,0.00881737924474474,0.000991656081095501
0.0022228577082912,0.00199367021400733,0.00624615023494511,0.805754766474513,0.00124535783861397,0.0112954938108433,0.00876429408996624,0.0145670331706751,0.00477414196392312,2.91901228712858e-05,0.0101012788896169,0.0117836040904962,0.0321226429937422,0.00412185192565801,0.0333672415309633,0.0190574820139159,0.00105873197373532,0.00150559439707263,0.000568785465742766,0.00196437714866014,0.00488530046719687,0.000210475056861269,0.00109443610542343,0.000681204169055834,0.00340143887049662,0.000575942083388049,0.00074203407546318,0.0118394018584599,0.000319185376984647,0.00235176543415425,0.000422541336835717,0.000931729107426994
0.00168626822266184,0.00348816448410267,0.0038355594847698,0.0213150953740324,0.576628399654774,0.04601037358196,0.0561184090759526,0.00560359025013791,0.0174246776265618,0.0256184605069876,0.0018982553540583,0.0338812648021884,0.0025143566765927,0.000832945642877707,0.0337727631742847,0.0342359169784866,0.0135084091824376,0.000749178969927863,1.48753986032587e-05,0.0104036194174393,0.00221785068698434,0.000629369793335171,0.00943950859003736,0.00702674536487907,0.0212446696441625,0.0173136541945407,0.00102361134996609,0.0420905123404183,0.0031028976533551,0.00349711205170804,0.00197151034536843,0.000901974126407623
0.00206936869901065,0.00576179631605695,0.00110992824636246,0.00735695032480432,0.0762584131046917,0.655408344259788,0.0378001338229787,0.0420990970634865,0.0178742387343236,0.0120366402314983,0.000176053122701295,0.00167095749139721,0.00269184719370785,0.0028206779062126,0.0159441736572554,0.0381585242679496,0.00511276814002707,0.000588577708165885,0.000279732772641543,0.0206867590233436,0.00299458995588284,0.000682493988292203,0.00150234652051571,0.00321529334392998,0.0136250964621418,0.009250944423597,5.21868293806948e-05,0.0161209619812445,0.00164892194959619,0.000405832310886151,0.00385837852681281,0.000737971621316517
0.00105163005545618,0.000551407119938485,0.00172050033525136,0.00210437780457159,0.0304249178308855,0.0100048629971716,0.807697363611151,0.0123563549967826,0.0143268521922499,0.0027342416173223,0.00255859279645829,0.0136602626137326,0.0019936569888497,0.00164358088797705,0.00483616612394426,0.00591639618255788,0.00603819745576336,3.21276317410864e-05,3.04101298576204e-05,0.00190413448138816,0.026762051697731,0.000316556585661054,0.0117375394834002,0.0132753684334888,0.00117849151386275,0.00721933019824555,0.00092419297721416,0.0130243125230864,0.000298659494071679,0.00077135525777817,0.00165942215524526,0.00124668582716436
0.00163556129957844,0.00415424973073847,0.00235967200107544,0.00448785723512492,5.03898173324699e-05,0.00486173635504451,0.0172424060531248,0.804133703598894,0.00852714674108243,0.00574976332585833,0.0109111047683965,0.0135504504413851,0.0260799770612245,0.00519601934717653,0.0223915463834325,0.00730709679162415,0.00180446291060481,0.00119896158883761,0.000980076475464911,0.00041676548912115,0.0169025928914498,0.000895172587448268,0.00240225640503279,0.00560828019281538,0.00662302464930386,0.000771028744201688,0.00295474834224843,0.0129376543453778,0.00152154300886562,0.00147313819833858,5.14292669181959e-05,0.00482018395287743
0.000793629408238103,0.00350071742787793,0.00196841089636602,0.0136014809192479,0.00611300567882271,0.00307527638891774,0.0549264792966142,0.0047833013894885,0.767785557920221,0.00171878278864739,0.00969884253578495,0.0125827062406005,0.00250228479308055,0.00451378701178607,0.00587665158507217,0.0095081156837522,0.00335187841725209,0.000854785811006116,0.000212585502701215,0.00889501830189209,0.0306676341297217,0.00172499906442537,0.0153796668110533,0.00389276500241317,0.00812314483811528,0.00303819930294045,0.00028733277574257,0.0190503450671212,0.000367823286826563,0.000685264279622441,0.000200045943388514,0.000319481501259822
0.0004715833075301,0.000758712582485116,0.00117738458538274,0.0039917143938956,0.0409511956789387,0.00128609707978699,0.0206343418229635,0.0138280978201249,0.000302396720103261,0.727584627046406,0.00127234076324763,0.0654621829363882,0.0126907598551336,0.000628039125184197,0.0166694400783118,0.00477737915190437,0.000178706764611082,0.000279342468384568,0.000285385831035058,0.000531710380729944,0.00226925986000624,0.000179854571971949,0.00143090687594293,0.000179436475404268,0.00419962376521144,0.00019428094651099,0.00212482431673774,0.059380893649164,0.0156786798640797,0.000371602375987136,4.03151289824476e-05,0.000188883777453801
0.000653131981786388,0.000638019509687339,0.000521880207252138,0.0104519640796657,0.00158795206617455,0.000308922106703869,0.00503029874372463,0.00455095410540299,0.0021417337639073,0.00518896326016673,0.875338422367598,0.00985461631340358,0.0133130217567726,0.00318377560844626,0.0166132953932504,0.00247846397119387,8.65414311014495e-05,0.000854284112973636,0.00143766247106635,0.00600294139978801,0.0024080028448848,0.00123086382390063,0.00148118137066845,0.00401142487986154,0.00174032481295452,0.0040085368103855,0.00683415284856603,0.00188644862863426,0.0119513003951071,0.00177815394348068,0.00166905969380552,0.000763705297684854
0.000850449793734273,0.000572831519913426,0.00847140188181906,0.0236800551881345,0.0349544971718313,0.000785190175981239,0.0141720784319671,0.0335021761114425,0.0257241253094386,0.00752327067838695,0.0157561602376629,0.692616835466406,0.0360317329919007,0.00740813779099732,0.0112884023772059,0.00478127913012833,0.00520969761801204,0.000454124866536992,0.00445130099236692,0.0100046010026576,0.00556413844579132,0.000792867239043366,0.00273440096980983,0.000416480373799933,0.00958847605666888,0.0160922421844494,0.00146861327635335,0.000138312063076837,0.0164748610208668,0.000647145849478437,0.00303424182225806,0.00480987196188034
0.00115192250145774,0.00474426622779375,5.91019901053034e-06,0.00214069471364856,0.0105056447415345,0.0241908555016339,0.00313456044380365,0.00198997383817216,0.0117474127986048,0.00208867633686385,0.0236308714240369,0.0226264240395433,0.792525160492462,0.000962028803136888,0.024823981647651,0.0178667841663689,0.000169420938902316,0.000990542342403949,0.0013284907228939,0.00641225045240827,0.000588190363455339,0.000979082629897742,0.000972701937989498,0.00174101720034933,0.00103404116013915,0.0129021895756192,0.00317928900974255,0.0157669637910668,0.00562119581245024,0.00304899094041344,0.00084515270883841,0.000285312537707008
0.00344671048997731,0.000678298224594553,0.000558610167859621,0.115177294007481,0.000251954740391881,0.00401086890641893,0.00792215201908037,0.0327976603256709,0.0114324630463411,0.0186892914279356,0.00650929589251629,0.0272189955619272,0.00193410597598218,0.663064082227992,0.0250133932446533,0.013125219052619,0.000663332075674627,0.000943402050634613,0.0048060031165346,0.00129546148415149,0.0127151655256051,0.00386924311776096,0.00699963885338598,0.000186280574855885,0.00441646457372344,0.00315444284214031,3.95518293473982e-05,0.0217205904452906,0.00417709937971771,0.00171092061379509,0.00055008250384941,0.000921925702091969
0.0036765130267842,0.00712584170855401,0.000255852806816409,0.00428648162621092,0.0297482999200287,0.036150258245322,0.00142351006519643,0.00213096345688448,0.0598801640392295,0.0161815045162286,0.0137008987726361,0.0102089057912568,0.00330492495205087,0.00554024228768178,0.706666801442175,0.0457007648373393,0.0022690449460204,0.000457740114709222,0.000296847787981448,0.00656170830507272,0.0024664282816733,0.00490534208009483,0.00684040296381063,0.00205131037460753,0.00278983114096956,0.00936532094725856,0.000767515514921346,0.0060226354305744,0.00127220555357837,0.00281839226040184,0.00197553886502051,0.00315780793891051
0.00491270113130397,6.80015108607002e-05,0.00125814147269822,0.00577729537757375,0.0148287626399641,0.00258261848887801,0.00849161225863668,0.0157009073883709,0.0166909426486895,5.83364938983133e-05,0.00394167284925079,0.00958579341744467,0.00447317927409824,0.000118856509103727,0.00128759303458833,0.828180104296437,0.00199779540497992,5.40701934892978e-06,0.000136161169634242,0.00869834026424735,0.0251130048540146,0.000473864216998537,0.0100453087977331,0.00626133449594509,0.0123429788020396,0.001621071752768,0.000544796596999291,0.0114085477488328,6.57242076408487e-05,0.000438397252770223,0.00112023256017509,0.00177051606407605
0.0322622101184077,0.000922059643522872,0.001543490378574,0.000210589148845551,0.0245472016794479,0.00856866453780601,0.0246757634860585,0.000601779262948291,0.0192811578793462,0.00130760187941207,0.00056741467546291,0.00457233641184541,0.0095224144721067,0.00086189727267307,0.00435550252891374,0.0115831358515326,0.777048958832811,0.0119652061823602,0.00204767746024142,0.00174166419559403,0.00709464768947536,0.0039183018335729,0.00936675989176702,0.00130267102855438,0.0045623592750066,0.00497031056939728,0.00423506561323326,0.00518533549373564,0.000698865125185611,0.000496619520394897,0.00755953909643123,0.0124227989653354
0.000973372289877043,7.85701279167066e-05,0.00362192384905561,0.00619640569867081,0.0154495615340047,0.0049612881125635,0.00382693418332109,0.00154363129916382,0.0141359263978364,0.00603954184349481,0.00221107711957456,0.0198884133077294,0.006945860973444,0.000805186871439386,0.00193750760783434,0.0051077104193854,0.00126078370818572,0.77969076607823,0.00232065699903648,0.0196460580344293,0.0170327080254082,0.0154999250392623,0.0189191175344591,0.0125703383030191,0.00217542426818887,0.0102237920001797,0.00366473938345565,0.0068081568492353,0.0101684781839589,0.00161128846056258,0.00093423925622609,0.00375061624085061
0.00256177522423117,0.00134142684536393,0.00089155676951182,0.0138821923799045,0.0230161360937501,9.26387536716658e-05,0.00927765588617198,0.0167537682862527,0.00993312908086297,0.00749313020967625,0.00662659085498569,0.0105807464368642,0.00299637532804233,0.000428026118411809,0.000408929282630091,0.000770671678664896,5.05016908482355e-05,0.00408716041461702,0.851756279434873,0.00589648640292513,0.00418131353149321,0.00219512955899646,0.00115908359944114,0.00149831996218046,0.0024075259779741,0.00215493038800277,0.000923081016336178,0.00775193130619938,0.00136322817533591,0.00308387230707889,0.0027891473092248,0.00164725969547776
0.000960298908146339,0.000295265570911661,0.000345941158557443,0.00202866140301297,0.00909229493741464,0.00433889871648411,0.00431585392356895,0.00656559244134274,0.0107390396466991,0.00427159071543914,0.0103809236172987,0.00159617807015972,0.000486759195582848,0.000333493265481783,0.000781046852758107,0.00434070142074886,0.00166275807613442,0.00295938156611542,0.00136643801454444,0.842230641304707,0.00527591200091876,0.0180467807046213,0.00287139516449511,0.0201342695745276,0.0012182065098009,0.0201805434560257,0.00284873079147643,0.00273118348172438,0.00101222677420873,0.00520398960362929,0.0111271340186583,0.000257869114804899
0.00188561821338615,0.000278608633151297,0.000457061442258541,0.00430170562349274,0.000952908810802457,0.000416022892546421,0.0010283525631275,0.0223467170546212,0.0166842376748192,0.00153085843972101,0.00536292648095404,0.0420018802536369,0.0035724068436539,0.000172914176498077,0.00102303271342953,0.00919425350816245,0.002309217483231,0.00619346031312534,0.00213053367587381,0.0449226256735476,0.609208102117445,0.00627870698274978,0.0092382962533237,0.0610802792632036,0.00391631575318933,0.0187434370024789,0.00490180150210725,0.0249866383500145,0.0200835322515151,0.0082797088009068,4.74896375829978e-05,0.0664703496154442
0.00396033899146401,0.00153851336036832,0.00579253690825977,0.00280806873148942,0.00614748018303077,0.00341686077885267,0.00205200635282348,0.0106757254744434,0.0124350632274937,2.37499010266475e-05,0.000464203849266924,0.0237718880841209,0.0048006164728467,0.00342911676572908,0.00300435146847589,0.00872632098296693,0.000299747745033153,0.0211165029218221,0.00315998572477553,0.0672314101927629,0.000199741961615142,0.690783981779521,0.00357858134926115,0.0233865366663907,0.0439421574933595,0.0198105529478283,0.000610230975100427,0.00937322501785318,0.00814469237127181,0.00313441379040894,1.13200379693185e-05,0.012170077492368
0.000804814194830854,0.000165262107580087,0.000351220391302001,0.0026207232773672,0.0126134605676584,0.00255626220195172,0.00646945047306049,0.00175024056909362,0.0479919304813937,0.00122602924341794,0.000158614635118655,0.0181940964958395,0.00407082613791312,0.000400071204218303,0.000262020001042226,0.0259430760933241,0.000759970255329225,0.00188635281801494,0.000356395672642125,0.0192788708714183,0.0618350595816872,0.0152351870090882,0.71590418279259,0.012775294195326,0.0116250895284375,0.000325221846177773,0.000571893005461978,0.00721698317332895,0.00909435779420136,0.00161774385766023,0.00034418814604107,0.0155951113774835
0.000621099697953523,0.000617484392882918,0.00202042718113715,0.00193907345167032,0.034808940901495,0.000133547948178028,0.019323856367215,0.00112218536591512,0.0556805754823445,0.0146439355134733,0.00651629916951911,0.00259752042107182,0.00516890156682646,0.00212349781907398,0.00345277752191819,0.00670614991261336,0.000848722803782288,0.000624031101908715,2.91376088075509e-05,0.00271157364854404,0.015049612385335,0.010302139427424,0.0176840732639065,0.713259174350108,0.0449797730846781,0.00182782521092176,0.00895918696453668,0.00886230637752745,0.000188459217794839,0.000927822955813761,0.00822438243218423,0.00804550645343962
0.0192040420608605,0.00609301802923582,0.000699423764343656,0.00145284319057946,0.0483843967848141,0.0099636106541877,0.0767658825369097,0.0177354558247002,0.00300804332986401,0.00544461399844786,0.00163543105586183,0.0412066296964572,0.0126807883498132,0.00311441825599491,6.64023501428472e-05,0.000574235103320287,0.00419779289969581,0.00243150374876687,0.00046594817715604,0.0231275301982662,0.0253604144899054,0.00154451279604311,0.0150897088852433,0.0210336996191148,0.606498910417932,0.0079960233511904,0.00134370487874864,0.0114548679664061,0.0258380082542569,0.00114695052730608,0.00323672983180443,0.0012044589726305
0.000944938290944602,0.00214537276457553,0.00043002201863077,0.00862787214793302,0.0123145343276824,0.0097357129197322,0.00558484015863635,0.0048361119995354,0.0258884479501822,0.0059110024079852,0.00766631047133885,0.0310793872837338,0.00632337744420682,0.0025254079961296,0.00406384409644509,0.00707770145786571,0.00573368128797702,0.00279767912732605,0.000802358493345344,0.0142663605893114,0.0213258021373839,0.00183783558751475,0.0128611800336885,6.11508693345502e-05,0.00765302777936263,0.734995979539695,0.00478813516425751,0.0167724186654337,0.00287882620659448,0.015474084872347,0.0196393784899118,0.00295721742095858
6.13614526728259e-05,0.00290301316510596,0.000404172766485436,0.00231918916876713,0.0696685963372357,0.000781664001282766,0.0260950838414606,0.000401983827967976,0.0567378012737704,0.00729406448843702,0.0067636993449249,0.136074200511718,0.00276069910643228,7.76179908502321e-05,0.000492162594978879,0.000743592972434915,0.000630754970926769,0.00211012333795462,0.0016865248613969,0.00441022348068088,0.000798519346325796,0.00694589916384874,0.017907464515949,0.0108556641972702,0.0234638697004216,0.00785686151345542,0.469243468598268,0.0730791813984145,0.0445238288527058,0.0129251062232699,0.00590246206443989,0.00408114493014671
0.000532060832787129,0.00241053071730691,0.00103704549120063,0.0113153693118251,0.0505539904064068,0.000260519900958588,0.0151482846360627,0.0125759163317909,0.037261797828443,0.00992819147100343,0.013725431425559,0.0163432137095984,0.00795120342775875,0.00832096767136149,0.0137207614716295,0.00357724863877696,0.0060936531973758,0.000631532231842266,0.00217621918029415,0.00476099897686915,0.0089745761753453,0.00134657888090523,0.00161791990135499,0.00197974530700764,0.0128566573987245,0.0150942148876226,0.00124366183021448,0.724402553440815,0.00729738575610924,0.000280181765513651,0.00382902116504114,0.00275256663249558
0.000167163492608573,0.000432334164061497,0.00304372367997855,0.00599622434319533,0.0368545876395499,0.00387641669931215,0.0218775779926197,0.00286633970434491,0.0286999457451107,0.00265368402487961,0.000386948602542405,0.0154787065380075,0.0242509924062339,0.00201839403719214,0.00376040468542003,0.000373755701817431,0.00237638225677907,0.000195944675183427,0.00455273736755277,0.0175189544599221,0.00398739996613602,0.00108857953272478,0.00406986987550553,0.00450764797680777,0.000503367849739237,0.00747293465153848,0.00156710795666518,0.0231938264294364,0.74692275477837,0.00344951624922616,0.0233635239868305,0.00249225253070828
0.000395784652905219,0.00448091288594342,0.00574030274335134,0.0125782566090568,0.0017367574245616,0.000414198950512913,0.00152364540269327,0.00816256755945921,0.0198638339187684,0.00255137342508869,0.00130848684136093,0.016925246329432,0.000406414012113824,0.00322610578419175,0.00112706227483559,0.00357011384251024,7.01873763865396e-06,0.00587177698534435,0.00493555673813896,0.0141175860571285,0.00693656873936979,0.00494235588857557,0.00215337904322757,0.00274457570847116,0.00498642399849249,0.00592344809836476,0.00628615585381529,0.0111059374004113,0.00246985484531206,0.831849787828413,0.00439066573343473,0.00726784568707639
0.00128635829737177,0.00326085572205967,0.000149805263310699,0.00889468821233909,0.0490879835297093,0.000305590091785793,0.00935595341919939,0.00772057594003996,0.0239088471666266,0.00093281645270387,0.000360055840082116,0.00742414152423872,0.00956825729224494,0.00158769646952175,0.00130189008249649,0.00141938294114152,0.00714243873431052,0.00118255316409264,0.00181311621338854,0.0143378835469445,0.00758454294509302,0.00562302809340915,0.0186090093171064,0.0146209402559048,0.00400276504420934,0.0109744785730992,0.00703325150174711,0.00716724760312409,0.00303938333135921,0.00222784643500272,0.765408547402893,0.0026680695934439
0.00113273858283987,0.00174466302118615,0.000270983954989338,0.00696742358385775,0.00185322436092813,0.0077193520369843,0.0071393508922711,0.00196253076244063,0.000632443641882805,0.00059237507379561,0.0010251089746953,0.0461836009413581,0.00312791807809435,0.000462839204528596,0.000477537395255879,0.0015646320416345,0.00147204339114582,0.000215024450978338,0.000914849327756129,0.00813465024422977,0.017124454898714,0.0002174545877719,0.0275375391756929,0.018902983208185,0.0151280557356669,0.00488771241816753,0.0017820981178681,0.0229985640721943,0.0228491895142771,0.00302603765878799,0.00348982694887859,0.768462793702943
