0.565707664842817,0.00083706838161277,0.00796209344018952,0.107488705784481,0.0335509287052907,0.0124218203710658,0.017267731750067,0.0643346353430475,0.0213981345408727,0.0215935692148717,0.00163426502291183,0.0343747141048331,0.0019582814598214,0.00197996161562265,0.0171388757882168,0.000865062928921734,0.00416186504949513,0.000354131921525059,0.0032173190633798,0.000687828743487557,0.00268860532441358,0.00141518479580875,0.00485233594420916,0.00303966807906565,0.000711129471338875,0.000550701442631944,0.00619687355457847,0.044793184392636,0.00596217632920664,0.00344622768716734,0.00254313722209186,0.0048661176843212
0.00904785076273201,0.544614927299483,0.0103877363306738,0.0428093619605919,0.0759147256782411,0.0168363088017634,0.0403432042038537,0.0237878347474869,0.042411204829235,0.0363650390500565,0.00793250354541539,0.0276378944352308,0.000713048993619706,0.000478200736154075,0.0027130874301393,0.019016643772708,0.00453225022609279,0.00442226586364015,0.000147506899191456,0.0036774187553377,0.00280195963778154,0.00290404454404365,0.00186269612221168,0.00462893752710885,0.00871177435029321,0.00151077382880812,0.00146357468860739,0.04438562181572,0.000730698942883365,0.00339563923266717,0.0056995386875317,0.00811572630069606
0.000996972517612067,0.00835545869238278,0.748828252022158,0.0183078245087334,0.0213727585020969,0.00176428940136381,0.000996740351209976,0.00493219893554371,0.00260927696173754,0.0415387781150788,0.00197107336242306,0.0589745793221236,0.00726084661211836,0.000291292243445037,0.00800883148090357,0.00141403496726893,0.000535345929832106,1.03898094154574e-06,0.000143785751871504,0.00073921623146651,0.000319599554601066,0.00323822490374349,0.000811254593143341,0.0015491414334019,0.00268828870403715,0.00352621322393136,0.000163643348598432,0.0369945637039939,0.0106068507589812,0.00390002396180721,0.00615182200365972,0.00100777891978969
0.000250577161357621,0.000405862147004005,0.00807097044315177,0.730621535706613,0.0157576547667038,0.01856082876824,0.00255785935881257,0.0616911491193956,0.000158232708356974,0.00054078077217057,0.00527287186634888,0.0264353723290178,0.0168556547448084,0.00502596065790175,0.00684646333376655,0.000998744201868493,0.000630484422619673,0.00157799094116579,0.000740963062748046,0.000170966758769836,0.00158607701984861,0.0109595039027998,0.00120408547069975,0.000807814325942108,0.008880761135582,0.000741309358631358,0.0107114483327594,0.0470988271079801,0.00858761677981979,0.00217004518279165,0.00329203687241265,0.000789551239911633
0.00873407983560032,0.00614828851492765,0.000654494136737373,0.0160391517722692,0.300175945137813,0.0164717339409825,0.188001667504668,0.00264182024140892,0.0780347981251697,0.0222047340159394,0.00493840666486294,0.113457707242067,0.0150892016657487,0.00010870404498993,0.0168789569838176,0.042970355966045,0.00845638747780282,0.00206434705885221,0.002044348033367,0.00047104038580682,0.00643933185669702,0.00164289534446482,0.0103291567774241,0.00556623213362686,0.0049396631991411,8.95588433048544e-05,0.0088224094809649,0.0996805521182862,0.0110868345575128,0.00136823149915882,0.00305591081567552,0.00139305462486838
0.000209364432425587,0.00124781979600164,0.000569720879254928,0.0233177257769015,0.0647150287172782,0.66972304293239,0.00671540968663773,0.00442053055376573,0.00165490943544159,0.0825113139896849,0.0109076770549754,0.0305850231545753,0.0210432392112469,0.000486640589110108,0.00995821570155329,0.0205138051650382,0.00169251091854636,0.000645434946979283,0.000892165832004971,0.0035486812284907,0.00249105462111895,0.00731258019974896,0.00110464545301683,0.0064308625021636,0.00216641356938886,7.64731835162657e-05,0.000271594402722393,0.00795431917493234,0.00373325050066234,0.0106721767619402,0.00101496343124968,0.00141340619723749
0.0021001903002942,0.00207109097592429,0.00357375443869973,0.00359220693392537,0.0887718079890835,0.00584715751719893,0.775469497037858,0.000517415007654253,0.0373789206850272,7.86596241067127e-05,0.000935063417242463,0.0259010267156438,0.00233687031181447,3.65926285221787e-05,0.000312338707912555,0.00103393770233749,0.0107877297887156,0.00269260379434399,0.00179809808348821,3.43977210348302e-05,0.00108348116702842,0.00035666955878997,0.000964279095123313,0.0012818957331729,0.00162846847365937,0.000281856102590541,0.000144706145612008,0.0209282588621905,0.00154496203983897,0.0030848128177594,0.00327322281988757,0.000158027803519243
0.00120069344210814,0.00190175576890166,0.00862830888497038,0.0309482627510535,0.0214262730433523,0.0796542580068165,0.0043597294982504,0.644799951523321,0.0156643172889964,0.00190905184323018,0.00400126404597872,0.0476142630297,0.00594088347528001,0.00115367142912885,0.0308559304746744,0.00342736473793051,0.000664993467895427,0.000583244634890301,0.000229255059396728,0.000584689717313839,0.00486361160355272,0.0037284296333657,0.00601857744417947,0.000929732850841246,0.000424764940434909,5.65199708635268e-07,0.0198901911165685,0.0347470029138979,0.0185663448358173,0.00108895195692621,0.00291860552620437,0.00127505985531379
0.00570576936669088,0.000464581267327336,0.00305078693944056,0.00380454161625387,0.0646678263830777,0.00219894035158265,0.151848427515689,0.00856053059120061,0.638816826921893,0.00391927799392018,0.0063962425234254,0.0139582510239418,0.00574564199134189,9.37584051587802e-05,0.000230613852867735,0.00526295416428807,0.00576920588029603,0.000993214922877199,0.000189318177062099,0.000374520538968419,0.0170634677566194,0.000223905084542023,0.0143166398836137,0.0158083975410984,0.000992256823854073,0.00107984345449807,0.00393028757661061,0.0200817069900057,0.000304872038146203,0.00175992267533045,0.00202401632937103,0.000363453419007001
4.45650291083973e-05,0.000494069714069814,0.00678639835906415,0.0688546188401936,0.0615901577312424,0.00567254053796253,0.0961097001807243,0.142676956308605,0.00997374142300064,0.503436628801593,0.00023680777425418,0.0107513414758905,0.0146696598890586,0.00440035962817043,0.00506417717822723,0.00105265888797544,0.000604911601145565,0.00228930844846267,0.00136192669338691,0.00134932629548834,0.000631469456109479,0.0023435676869407,0.00637859193983798,0.000767227439954002,0.00165541153337109,0.00236684032668348,0.00805251211044378,0.0169177298406877,0.0121700196353416,0.00131679443279406,0.00939658527393845,0.000583395526274445
0.00148858973051318,0.000243727935637536,0.00459697684517464,0.00557938559887877,0.00625491679524684,0.0072512012128816,0.0402788271690103,0.0172828275779901,0.00496784583160395,0.0223659087208813,0.784361539100816,0.0086825566728412,0.0266432889877333,0.00065542066527281,0.00424013231254505,0.00880649505484461,0.00660229123432954,0.000151605913794444,0.00386269800771935,0.00119811481384786,0.000426394187673698,0.000667398592358333,0.00314173753327519,0.00270354767093344,0.000531120998638891,0.0083319781556239,0.00302458284209903,0.00637414784061281,0.00378112406306017,0.000424909931814532,0.015047613457673,3.10945446744176e-05
0.0122971865892813,0.00180802199262048,0.00230098772737272,0.000756177177513648,0.0389249535915049,0.000683862989803685,0.0207589625675529,0.00537668321360112,0.00658556946508874,0.00201751895248124,0.00183018701699658,0.621673519547429,0.0111197949059599,0.00307628354628027,0.00984024407367737,0.00491773842957008,0.0202040776507951,0.00358360517808373,0.00106763594862305,0.00752872929230165,0.00203515381606077,0.000713118248943936,0.0178856773171686,0.0242302935547396,0.0110379322864777,0.0546383513214223,0.018769683205042,0.0234950928688321,0.0585464472681683,0.000468671014577525,0.0110259559323406,0.000801883309688984
0.00113877211034605,0.00330403344164564,0.000398304196036395,0.0713725578379966,0.0143689708322148,0.00210837224135628,0.0102600137236669,0.0910779937192043,0.00327325437352784,0.000813347351034003,0.0263356076982257,0.0243868188076421,0.676335805495337,0.000166313451932828,0.00469914702647623,0.00799505109917985,0.000973074790133401,0.00122260042741741,0.0010104714224158,0.000491889699753504,0.000199463324196829,0.00233540924692135,0.00761234904399228,0.000137310617429712,0.0045542690628337,0.00125079357963104,0.000659377765334811,0.0335725328365176,0.000291124883127759,0.00454907035340583,0.00298919751463224,0.000116702026435045
0.00117042231458619,0.00242421831134614,0.0117676767174472,0.0915476894555742,0.000476286777903382,0.0106330826164481,0.00169136986646769,0.0245649918305383,0.00168308784457913,0.00107359092757182,0.00448686280626018,0.0263834519059039,0.0016839447575917,0.743570302049647,0.0111789417879217,0.00148942088937597,0.00331742766304526,0.000388204026183784,2.73967989701704e-05,0.000992149158669803,0.00133456560933348,0.000112952490444571,0.0022398230819984,0.000377782978274036,0.016149300249131,0.00104143098218936,0.000839885441993649,0.0100638620071473,0.00774566147348235,0.00170962202615208,0.0138240310768126,0.00401056407700982
0.00150113320726123,0.00118431471893033,0.00028826106125668,0.00176543148024193,0.0396433492081027,0.0111730949904965,0.0367180692920701,0.0226099445166049,0.0210773211608129,0.0185518245563174,0.0108603386923211,0.0105378442050982,0.0013023743246342,0.0018878128770825,0.764269769206114,0.00514100370192531,0.00264938740987147,0.00179140368793921,0.00314751090869724,0.0022415522003136,0.0011924421018514,0.00111990461392734,0.00698940954695445,0.000623767331260701,0.00902759864621069,0.00162638561440896,0.00323356311601119,0.00318156335787498,0.000962789301866236,0.0027584875016846,0.00800548718370712,0.00293686027815035
0.00520538673776935,0.0024134027756504,0.00981957488600822,0.000346607987187468,0.0122081413693829,0.0253003925734178,0.00687146831972232,0.0115409229587412,0.00906342110122097,0.00215263348965837,0.00103904849574347,0.0303973537452698,0.00242833512150704,0.000311665866015586,0.00334483558393099,0.781291449096131,0.0162621924007412,0.000749683142562338,0.000660447315058512,0.000516091422991676,0.0167301300666778,0.000143721780624577,0.00712334586825746,0.00593144813177673,0.00100615340918299,0.000950560690757452,0.00841909670081518,0.0333059690734217,0.00142599401563317,0.000230399290303216,0.00170561220657771,0.00110451437726202
0.0217594169311054,0.00182986686274565,0.00746495962784518,0.0663500278713558,0.0123374338489571,0.00513922452215594,0.000270298550077802,0.0250197136707635,0.0387641747300985,0.0132876716673585,0.00338168239186863,0.00426406609574959,0.000472587240746646,0.000584782574160741,0.00169424526144899,0.0140988371522326,0.761001566199907,0.000831809909235493,0.00469340235872172,0.00014214471948475,0.00154272776265519,0.00013558619119481,0.000692827757202534,7.63885283457859e-05,0.00101038758681839,0.000501912897480484,0.000381931599371929,0.000209824051713747,0.000677397139575734,0.00366762988296228,0.00443439471653033,0.00328107970012919
0.0257877621643816,0.0138689832528968,0.0038267811180407,0.0431106796277635,0.0315582257521298,0.0133035986594216,0.00920602456039406,0.00936245395328033,0.0330722955786525,0.00338904004467387,0.00498221172531985,0.00761122360649964,0.0206321328095884,0.000516767616388937,0.00407369709370916,0.00489075463307751,0.0383049617337256,0.566025485400017,0.00299260126433427,0.015931323347891,0.0393626593759555,0.00385808482954938,0.0196287439568092,0.0193108892337741,0.00903454462197845,0.0134793026900512,0.00173272357518688,0.0121073070042149,0.0266122764485368,0.00139074249120421,6.8182313111588e-05,0.000967539517440909
0.000195673818713338,0.0013103658580237,0.00127007777489057,0.0253363498145686,0.0125267636917826,0.0122208529557181,0.0301437919588361,0.00218617020212871,0.00751633673831392,0.0220202761052064,0.01523829985823,0.0173212218317804,0.010634785240114,0.000885113684610663,0.0288753066121872,0.00958185367570314,0.000801162497384408,0.00476429138123497,0.71712114664751,0.0151012343212648,0.00932514382880632,0.00237507983562829,0.0129781571053946,0.009392394218984,0.00539360194455981,0.00629143565319426,0.00043912115888846,0.00652621280919458,0.00334103463593002,0.00321798636081523,0.00381437841482132,0.0018543793655815
0.00400293345087856,0.000792628220509541,0.00194539630924096,0.00619788852835209,0.000514808450299723,0.0206683448757961,0.0179330326938891,0.00882777979505353,0.00235091708533528,0.0243835653955617,0.0219512022638457,0.00764766826622536,0.000842839215278914,0.00100965089060004,0.00258625892413279,0.000338011791114844,0.00624896125885113,0.00305157149457884,0.00165537907599336,0.720840749942655,0.000765181203929951,0.0525710421023936,0.0033599897726436,0.0225672380317319,0.00134990317779203,0.0459399355389727,0.00137491452844878,0.00189222897206728,0.00878114291579324,0.00157631178283281,0.00452527768578824,0.00150724635941307
0.00211596817578887,0.00251265804411452,0.00263061750372636,0.00722862615829071,0.00465147080649392,0.000175598880118768,0.00950187563847078,0.0313829428625713,0.00219334294140222,0.0147000991748753,0.0202254781492473,0.0796225125552198,0.000481688278081693,0.000135270250215598,0.00218208246705651,0.00217171578191704,0.000418065811686435,0.00870923703873467,0.00169987313377175,0.043167426366869,0.477560572324115,0.0020611799084435,0.00105482504285549,0.0996389813148495,0.034030487878744,0.0291612104093234,0.00443640152961763,0.0493873390567908,0.0108811061240943,0.000155570593544735,0.000905771440179212,0.0548200043587898
0.010921303162026,0.000195054391389995,0.000229999252614537,0.0359429583020539,0.0138992847517081,0.00504777621440595,0.00429990633039902,0.00518538711713533,0.00925728724521068,0.0383491548926967,0.00689658011316957,0.0284475537179379,0.00152661859313471,0.00032590752946933,0.000588678584191594,0.0025853094811252,0.00488399305833215,0.00875958813831553,0.00846980629390619,0.0491415663795196,0.0109800791325242,0.648710241364964,0.0129958377059976,0.00562917651241163,0.0212048280485368,0.0135553717374437,0.0047758005576829,0.0277465848429256,0.00947359548921028,3.29065285376693e-05,0.000474811456443681,0.00946705307457965
0.00115661230213792,0.00194533070879914,0.000657905212448713,0.003338971313021,0.00280871335662288,0.000750177395579108,0.00448689390199302,0.00555689146511913,0.035019500173388,0.000763907494799012,0.00405064432653194,0.0913881735053138,0.00570957582708025,0.000513565250739173,0.000302292974629705,0.000700519906805436,9.57172234510629e-05,0.000452291395604446,0.00415841331672077,0.0108779795564133,0.0212949470668582,0.0175976873081033,0.595582288134232,0.0144061483082443,0.0366779570213395,0.000610654732965184,0.00471940754801623,0.0741318872525024,0.0291715120705532,0.00105414109155514,0.00243760258795033,0.0275816902704827
0.00116017838159811,0.000580057248420183,0.000735869897916349,0.02007986301395,0.0633288715998903,0.0102523822790195,0.0321979971029403,0.00839696768260727,0.0246508822207448,0.0215509646078786,0.00889688159509493,5.68817500488028e-05,0.000886908481598189,0.000523067484050684,0.00237112283842898,0.00158525954077087,0.000978284429598766,0.0126610396949186,0.000418645819437615,0.000314677596572799,0.0311628612531296,0.00199464970971962,0.0126277834055124,0.687370053671784,0.0185235093692921,0.00152485953148599,0.0126760489423075,0.00648219545047146,0.00120081187262842,0.00516017096125038,0.00624671257113034,0.00340353999580233
0.0215140458415744,0.00787203250158845,0.000258028290159,0.00736857708387538,0.0162875237576489,0.0103496861136065,0.0775397710029136,0.00977508582971885,0.000257933578751067,0.0471962612883621,0.0256409799319657,0.0266733624098456,0.00102580290036364,0.0029269826923397,0.00475077558957679,0.00612684067037657,0.00641204197663814,0.0048269246539339,0.000249246357238251,0.0147143782987568,0.000422399721977059,0.0131000648513308,0.00366445325833138,0.0345628168355162,0.623381484247643,0.00778666271645429,0.000351246891676326,0.00523012235737052,0.0103769181958806,0.00317315263955944,0.00294702678431471,0.0032373707307123
0.00169332044887168,0.000565714507086278,0.000122766285122344,0.0240269054022488,0.00314048269433813,0.0496162541507125,0.0649400186181264,0.0083672360683457,0.0121486947998623,0.0326839690116174,0.0191324368979713,0.00417256905382431,0.00340913029899782,0.00457254699939084,0.0130006459021302,0.00317581475492762,0.00115262286413202,0.00816473093050971,7.49542104954707e-05,0.000151415783043554,0.0283095209645098,0.0660091659886768,0.02302791269669,0.0124803732441688,8.85738905591572e-06,0.579894136125509,0.0113395988033413,0.00919846810966008,0.0059026241375275,0.00208526750400453,0.00474254801755256,0.0026892973375497
0.00662554310178395,0.00455499343550287,0.000275515674625689,0.0828671461579315,0.0398569031128291,0.000736105866809915,0.00822516425364996,0.0218657759327865,0.0111897401977823,0.0736845029708116,0.008006406981302,0.00957593468351331,0.00517079424754693,0.00371362131340415,0.0110226325315423,0.00851505342001979,0.0104237079032813,0.00179486374085934,5.10522675316993e-05,0.0165462802114045,0.0310667535971945,0.0124869235011516,0.000213522260079641,0.000814156353523171,0.018994744846675,0.0177179697172605,0.532518274726771,0.0188492691273841,0.0178330112092132,0.00171274857723282,0.0211946912255876,0.00189619685300832
0.0106857055720582,0.000150623208462156,0.000235810956433683,0.00791615027039759,0.0499242460813769,0.00276911901070971,0.0430574491296612,0.00172477827677773,0.0105607806191662,0.000114422195639044,0.00306160263782243,0.0525404936076625,0.00263522793336934,0.00113280144224438,0.00541251595564076,0.00634065347887533,0.0125569678294179,0.000983127880936142,6.98370143074851e-05,0.00277128355542145,0.000167772356319704,0.000486846741518257,0.00536653559692619,0.0180372099449616,0.00445497776066675,0.0165709239919187,0.00949958245386272,0.695904568272964,0.0286568487455833,0.000830298102373264,0.00312027560630507,0.00226056377022032
0.000850665499960036,0.00326265455228752,0.00280365383458689,0.0620389146707022,0.00123838531188231,0.0159147625778626,0.0029095315835651,0.0141691912760555,0.000887957950446828,0.00156590632670405,0.000765705898680906,0.00539374290305386,0.00482432295968557,0.000257801490264931,0.000724076637995432,0.00810351595421491,0.00193857696853108,0.000726826889952166,0.00293427696918469,0.00308281075041648,0.00842997121374409,0.000355724498765173,0.0046440481072442,0.00320166230113839,0.00175561820153491,0.00364311404085725,0.0183287795999826,0.00735258949713508,0.768085753488631,0.00436142169406101,0.044271319659341,0.00117671669153206
0.00127226309022519,0.000491433125502141,0.000871173211917437,0.00311413847218108,0.00749384836243641,0.00621158752132446,0.00748124603772658,0.00101475388928759,0.00172912811051897,0.00386885467010301,0.00951634653226262,0.00226556635800377,0.00168647117480156,4.60168954754319e-06,0.00421036792221106,0.000549799330964637,0.00999923248465792,0.0043688906211063,0.00276037585258368,0.0071166297585859,0.00911909546366557,0.00300083757412198,0.00363973269521128,0.0391590485463959,0.00137550822918742,0.00354035651182048,0.00797178852229252,0.000740391972757717,0.0105728985020379,0.821942909591456,0.0224645233100652,0.000446200865039523
0.000826340494974069,0.000852880962422631,0.00677741563278754,0.0407724982608212,0.0147628822485309,0.00338571377538484,0.0067336713023251,0.0129365103202297,0.00230223256911835,0.00638272258189549,0.0161441715256141,0.0136182583365629,0.0086906672712316,0.00670568763264894,2.37944965642317e-05,0.00176377866738022,0.00250169211281189,0.000516595076524954,0.00587278800126854,0.00473399490338409,0.000729145874420493,2.52263052976793e-05,0.00107334196133177,0.0388771244004846,0.00660851644806725,0.00937340398441094,0.0291867415001434,0.0256100262738837,0.0149443130781571,0.000284111561982187,0.71337965413579,0.00360409830355
0.00200956134723338,6.0888003471352e-06,0.00206889116970214,0.00291588773264193,0.0246597888088805,0.00327507018613461,0.0993173377670602,0.01652663449713,0.0270572505152889,0.0405840756625619,0.0193625890648774,0.0181988058626301,0.000900035663860306,0.000343169978270369,0.00702324279390742,0.00405546874169815,0.00101591215040679,0.00208967595119973,0.000367062533258985,0.029724949847977,0.00393666069866915,2.76076903515794e-05,0.0089953279021106,0.0194490305290624,0.0109966459602795,0.00797172001687412,0.00144771642198623,0.0162610172751888,0.00371568023508774,0.00116989701655391,0.0098495654337355,0.614677631745033
