0.544131178671567,0.00494900368243587,0.00106307437835503,0.00519374823532201,0.094444489283679,0.000655935174647518,0.0910621274762452,0.0105575273542802,0.0272328190164977,0.00131699353047199,0.000757445217739337,0.0347519641110115,8.24063937068579e-05,0.000616278529958399,0.00143466954607419,0.000608711498291145,0.000149546519398639,0.00234915793499278,0.00185779423298919,0.0114331456452432,0.00586670577361095,0.00260784322713748,0.0105401498542708,0.00727950057291485,0.0430911390121835,0.0111912558395434,0.00126181690663503,0.0584870040695054,0.0016206386555169,0.00605593707101591,0.0104233051322922,0.00692668745246715
0.00772790681002829,0.541703175092261,0.0187388269608439,0.0197962862574252,0.0729319707398948,0.00650871228004079,0.0720525616153063,0.016278889436356,0.0144061995164024,0.000434458512372359,0.00803072817729946,0.0220908156539813,0.000573786379597922,0.000528857319612871,0.00174337144364671,0.00363032464152794,6.3274764905626e-05,0.0196427798745409,0.00642367901178345,0.00453546516210514,0.000433271115197292,0.0126031256927749,0.00310945883573529,0.0219134894706454,0.0515065077795728,0.0170058332190714,0.00137285069393515,0.00435248938135409,0.010899433935129,0.000368652446249857,0.000709152733265592,0.0378836650471368
0.00182212267113164,0.0129305150971828,0.705449745533421,0.0239853579818697,0.0251394948792356,0.00447190360776484,0.0506400438156046,0.0479428445308656,0.00862227390688553,0.028699860562887,0.00269139692019968,0.000469754890990308,0.0234574042168511,0.0033904214272583,0.0108912429279742,0.00594944763767577,0.00245518596010189,0.00196453655753814,0.00030669836460931,0.00135361592043325,0.00174515496647102,0.00320790925290489,0.00617161413816889,0.0052001256700846,0.0098951894333325,0.000237140715739738,0.000146458352291602,0.00150352199436513,0.00113776521743589,0.000256778720738212,0.000929237636960727,0.00693523649102617
0.00169967463697167,0.00199737353581077,0.00330462974391708,0.74633245194339,0.0345334180009224,0.0184086251195682,0.0686776218562821,0.00579100354120929,0.00326007971532024,0.00307186086172187,0.00116344651579302,0.00942123786316234,0.0131049631314996,0.00237840119528405,0.0105936566717164,0.0115538950184867,0.00024477641743334,0.00277875116647841,0.00194317994768525,0.00566462147028032,0.00915224499178722,0.0059588305175183,0.00351520838812628,0.000178319468596626,0.00239505828930741,0.0103958165091631,0.00189797084391202,0.00832116709560021,0.00180897942959481,0.00337248378733403,0.00209889319694714,0.00498135912917913
0.00268052840645005,0.00421830139060935,0.00101776950133361,0.0168994923945616,0.54806813785988,0.0140106811796207,0.00521573868160766,0.0495342126553249,0.00378745030364442,0.0106142940101853,0.00653870351269299,0.10185416706243,0.00791888455218718,0.00374421232670323,0.0299437804868712,0.018518290463698,0.00431866261573415,0.00357533739659334,0.000815723356277685,0.0239012099563148,0.00791078269585671,0.0103265270876621,0.00810236078220256,0.00956583155619272,0.00527608979804412,0.00573346989886181,0.000899886736959587,0.0552951713473318,0.0181493422271327,0.00690009916850763,0.00915257181165788,0.00551228877686943
0.000192687026816156,0.00221274254742049,0.00514561845047156,0.0477417459969757,0.0435124805749,0.500556919155368,0.0875699081279103,0.13640233336634,0.0127944674427396,0.00612145517920205,0.00174086766014984,0.0227665357751336,0.00737653490535253,0.000460866028106824,0.0149874881009327,0.00449188034003367,0.000411160065759297,0.00230167675527576,0.00124803242296872,0.0114142515236423,0.00234305815539585,0.000364282725301451,0.00530127669246272,0.00178697881259,0.00630071598160404,0.00195106039411152,0.000764163489926049,0.0528781091961771,0.0114488424329503,0.00069543965981144,0.000110361060361612,0.00660605995380899
0.000499981358929451,0.00105224128681449,0.00326884472054182,0.0240768988027127,0.0710681335006905,0.00545630081657192,0.663924939643614,0.0169185529917379,0.0164216083412853,0.00229189329404421,0.000795061896854027,0.0487711941403697,0.00721706850143928,0.000935796527025788,0.0134166548015035,0.00797012380971226,0.00110416087830525,0.00684639006203618,0.000588583392206884,0.0209678274145876,0.000456270486798037,0.00157332804906733,0.00165702155187297,0.00592692219966164,0.0133614429408155,0.00739199115810253,0.000923902171255961,0.0359077982753591,0.00573160691873825,0.00647920651783882,0.00189766079016311,0.00510059275934421
8.2759536842847e-05,0.00158253285383355,0.00163481190722384,0.0463701740158293,0.0421830632097571,0.0613422201022143,0.0574032836725864,0.691356110304344,0.00189970203912957,0.000418908183198705,9.22665548929715e-05,0.0177315614653788,0.00239594055136514,0.000555952042265821,0.00545802947419252,0.0123077960316153,0.00142849314008579,0.000768647302502085,0.00036692316591054,0.00386463812394226,0.008025503781786,0.00059322285962672,0.00100537159806764,0.00082000030799346,0.00417992858093343,0.00657551593389252,4.10498369654977e-06,0.0220294807583524,0.000524049008367831,0.00439204383300277,0.00230743201902738,0.000299532658142137
0.0204642590879068,0.00269942049710039,0.00318092414702133,0.0299429240630973,0.0894161398432288,0.00260738712417764,0.147989999996872,0.0309282697048436,0.558208398900646,3.48268299915128e-05,0.0143789460433387,0.0125226608878239,0.00392626821985307,0.00159467906825622,0.000287157003410889,0.0184381232762944,0.00511656181608722,0.0100061651708533,7.38708423338316e-05,0.00387104711324277,0.00665576939662816,0.000596386533159518,0.0046139306255941,3.33380407639753e-05,0.0109585797203089,0.00183239613123869,9.72286439559131e-05,0.0039165054757893,0.00334489173310669,0.0015848864756224,0.0085896855321923,0.00208837205525985
0.00866220365807664,0.000115377956499448,0.00083970953191827,0.0667315984465447,0.228248234916423,0.00107259118447828,0.134974207396326,0.0819915153224229,0.0225513652268156,0.227735469065404,0.00169156239705118,0.0860699741909233,0.00348634527755748,0.00390646566387939,0.00992514490301022,0.00487956420446878,0.0131578546127057,0.000335137796983512,7.54956886912046e-05,0.00330154388344421,0.00044919306296407,0.000748033725971367,0.0050926689840778,0.00303905629895724,0.00477332004049469,0.00527394893852346,0.00842151067590137,0.057089169435561,0.0122910079601726,0.000319412896982232,0.0021230354080734,0.000628281248697545
0.00745262220218183,0.000262369304133917,0.00108255077897211,0.00324461094581915,0.0234420620552324,0.0151686626022501,0.0463647694339844,0.010514283783617,0.0101174458724565,0.0058134931553845,0.710167350022112,0.00690849086722829,0.0456769085074406,0.000738240427742913,0.000260019826217706,0.037332925203528,0.00734869344411016,0.00845258402426582,0.00050989686105655,0.0130877022029907,0.00767472311325438,0.0028083192204522,0.0024341572125162,0.00139305700246796,0.00299242443182029,0.00859003567406944,0.00674157309273499,0.00882985034297405,0.00174025118756439,0.000131385839114642,0.00159348783828436,0.00112505352402229
0.000383719515954385,0.000429012187536559,0.00249343173475151,0.0161974737502892,0.106471358344786,0.0153415662885955,0.0650754061176129,0.0145160991574889,6.3823298813177e-05,0.000263988838372163,0.000394928229679937,0.561331278889531,0.0044767378865749,0.0085935754986682,0.000949521508499834,0.0134406492969715,0.000721042003779684,0.0021998906259749,0.000832062368375632,0.0790859339657403,0.00744600789439924,0.00731029633396305,0.00332261075686515,0.0190446050206497,0.0037717893392211,0.0194735766640277,0.00151341181217257,0.00330567975352443,0.0264373989881235,0.0130004588199254,0.00154435210898982,0.000568313000141783
0.00553128910063813,4.31140156976412e-05,0.00161493176838887,0.0461901083942463,0.00456582824307652,0.00205689397037955,0.0135865191844897,0.0401111157017995,0.0184010125653479,0.000470265926019189,0.0374381346017098,0.0692609306012331,0.578817978725241,0.00536684655740977,0.0234420582429835,0.0397966338198799,0.00147999528968953,0.00259653127981796,0.000851015698277261,0.00395675900673812,0.000247925395532941,0.0016001472618161,0.000702596366478463,0.00827522863565468,0.00984106119363052,0.000976096032087846,1.66186232148158e-05,0.0607058538778484,0.00481438192091478,0.00126901305757389,0.00102561759439549,0.014947497347789
0.00340456227657762,0.000188286556943619,0.000327619682306199,0.0294838169941927,0.121409430044985,0.0131416733842385,0.0450287259540364,0.0278579219117784,0.0301504031008011,0.0186898272296676,0.00063397802583848,0.0738945240211461,0.00301004142894142,0.451827332691098,0.0251602577077855,0.0056757518311344,0.00279740298672876,0.0011268099631771,0.00763041142239225,0.0148306127432743,0.0138540213159768,0.0153565322827245,0.00256631077480709,0.00982298922204709,0.000257218658251677,0.00406236656136978,0.0011264496212428,0.0560159432999394,0.013411151117409,0.00394208413431605,0.00150301117660615,0.00181253187826585
0.0114031112340954,0.000886793204887099,0.000730393923139686,0.0684757446315577,0.0143308520734208,0.000369096363120224,0.00111918716371843,0.0571220359230116,0.0146912125538917,0.0206976906168161,0.00954164937656002,0.000523945101220914,0.0175565745175491,0.00913321184871233,0.713455166413943,0.0107627889011004,0.000723167939510434,0.00571195085216543,0.000640729748955484,0.00230600162574144,0.000982294132261693,0.00157216605107122,0.000659762590040707,0.00643664228614946,0.00709439567303851,0.00272728986334479,0.0023472600964474,0.000471214499884258,0.00435909540113419,1.0911122418323e-05,0.00184684582023827,0.0113108184508544
0.015388499825559,0.00214789421157896,0.00601453341596132,0.00870806408650271,0.0473342946166976,0.00100602892237363,0.011967860455659,0.00792067975870834,0.0405706144537563,0.000247917435243233,0.000820546634062412,0.0321743152412916,0.00146664054868521,0.000397769434388829,0.000152020451079225,0.670956596955775,0.00178225330907642,0.0119169912132674,0.000546192115908625,0.00904581315112844,0.00730245043157374,0.000283442389036936,0.000107266718247694,0.010120417195942,0.0355255213408644,0.000667577499805963,7.3992703037319e-05,0.047849840608365,0.000250573917645125,0.00366391160329806,0.01904865538049,0.00454082397499059
0.00155372061854715,0.00374518464633209,0.000354623893468081,0.0303877741167319,0.13768382036273,0.000174199475996496,0.0972537143237973,0.0365177960179893,0.0599203458914839,0.000302673122809083,0.000673728628911215,0.00464534028478789,0.00379818740578019,0.000310864443937125,0.000498577094980997,0.00733615756813197,0.494336937645539,0.0182200053503211,0.000732620588863345,0.00249758438092458,0.0148401820710744,0.00145252388333906,0.0025839234357901,0.000769006828376146,0.0509507643256453,0.000786838628047807,0.00505434598488086,0.0145996950096142,0.00413706299463181,0.000621790636859188,0.00212602905008857,0.00113398128958929
0.00606837285558225,8.01285662093509e-05,0.00111234512629185,0.00314427999091582,0.123483615747115,0.0294134506022813,0.0751901518136849,0.0111867356996694,0.0789544267761758,0.00896173341099259,0.000667506091460984,0.0587457280554366,0.000407063264130104,3.18363402269659e-05,0.00346151945840703,0.0058174732599492,0.00951770518874167,0.376379252693566,0.000611940342923068,0.0307067740447881,0.0035591290341592,0.0259105973999607,0.00445643570024025,0.0263906352796501,0.0215447709678284,0.0032779209918905,8.20545784452017e-05,0.0663056827667193,0.00324460152784369,0.00604259793427061,0.0141603707095243,0.00108316378091922
0.000673109737593369,9.99385691932684e-05,1.48968951160858e-06,0.00659106685117185,0.0737111664945898,0.00488805938235659,0.0570484314629445,0.00271054766393361,0.0147862305744367,0.00309627808597722,0.0043262936044162,0.0380214294454292,0.00508214894836458,0.00327534102232385,0.00208205290887572,0.0024886281604267,0.00143787349872528,0.0010764961954826,0.668056534231092,0.00570064462468237,0.00677865758803159,0.00323500873254644,0.00131288766026657,0.00217776354566796,0.00243885904691027,0.00609843103851839,0.00886820745824138,0.0395862511586204,0.00232835431467093,0.00643597413325156,0.0253148133181914,0.000271030853555271
0.000675775264395068,0.00416485275610915,5.81835698681887e-05,0.00172697599486414,0.0334424812092175,0.00387043071527609,0.0332035788813706,0.00356934768481626,0.0168240140423318,0.0029847394325572,0.00131757894613359,0.000930505157793301,0.0033430762715726,0.00179628281009648,0.00703036741272116,2.22655727715203e-05,0.00322008489737602,0.00171303628373837,0.0117332174575029,0.786796410412242,0.0157284764448892,0.0281950148123349,0.0029489746228153,0.00437826196233339,0.00586882988486139,0.00344768233754424,0.00365078007607895,0.00403800124426804,0.000217059244900156,0.00897351704985121,0.00235258176466961,0.00177761578269928
0.000202670853855789,0.00215134209620819,0.00123018446915939,0.0191497432527612,0.031790101928376,0.00194953963010988,0.0157462760724746,0.0319113184103586,0.0483399891500303,0.00092423210625502,0.00177108736368925,0.0034976521011091,0.00424234889198982,0.00274834357333597,0.00893288524497701,0.00911423704484207,0.00467436292301015,0.00734778549307227,0.000879793980364093,0.0547695003858598,0.491372330541962,0.000414826909712475,0.00567085461732192,0.115490885614681,0.0250997438800629,0.00456650767151068,0.0220150486461208,0.00397412250107617,0.0135689704592364,0.00643447625853912,0.00727475520354963,0.0527440827243887
0.000337729836227467,0.00103097815594698,0.00277569538663182,0.00838899043918742,0.0309537569880814,0.00145585018701853,0.0649607085887929,0.00338502743924786,0.00273417226378225,0.00471767688887942,0.0165067717810439,0.0144539845956259,0.00410995857508941,0.0029528336532446,0.00188399058720933,0.00670132982232874,0.00631652684061913,0.0143435711555377,0.00700137201416929,0.052071199440381,0.00175233091035849,0.669640597683977,0.0105643975667935,0.0257996360693649,0.0124532024678351,0.00322023027532645,0.000898051492673014,0.0139789461201189,0.000218152220852499,0.00358143406382899,0.000910117781471237,0.00990077870835464
0.000509742821482492,0.000447457127943081,0.00132403854827943,0.0532026975740569,0.100285725825716,0.00217576738205511,0.103234332663008,0.0819853149060499,0.0130040032346657,0.00792531604050528,0.00474135638349773,0.00380527544824956,0.00640489167754188,2.63217433824888e-05,0.0107268347069579,0.0360674856642941,0.000694851520527071,0.0021198959858,0.000601851873666159,0.00110018626456443,0.00192868077466109,0.0286719214791549,0.512596921752391,0.00423356851596273,0.000779305294759493,2.51769580697908e-05,0.00109949440233895,0.00124520518318145,0.00462664898896388,0.00293526772022059,0.00674290608534678,0.00473155545270592
0.00142734237418164,0.00517427608393808,0.00326281583269359,0.00708430612834758,0.0783995373491295,0.00132926290042294,0.0681031300587381,0.00347584492813813,0.0192436106999561,0.00151135620300842,0.00117575602250627,0.0105408529342024,0.000364365753400253,0.00251220186741204,0.00238585236081178,0.00910777727251832,0.00250985530956902,0.00278459048881113,0.00425702935275524,0.0341116188236334,0.0258257969978554,0.0164457742022804,0.00949012429643354,0.580217405173163,0.0469538113683679,0.0065085685942598,0.00936752354350262,0.00197675263627855,0.000586925566521244,0.00739548073301638,0.0273135092094228,0.00915694493472506
0.0218182724843088,0.001874828938345,0.00290055702401436,0.00276806872141504,0.0907973004999628,0.0289429600532272,0.116132039772165,0.0097430647236798,0.00556557249662722,0.000650339602791123,0.00137174011289557,0.0333087802589761,0.00962566588983131,0.000883419667982361,0.00181748430794356,0.00534200613801032,0.00224428458557115,0.00665514374147907,0.000822985005431797,0.0328909714584741,0.0112268522122543,0.000167188616012791,0.0183472795018775,0.0459656238925057,0.491065643119742,0.0208899003229372,0.00814775903395056,0.00505672046551265,0.0202094690192162,0.00111789047087131,9.95457044678444e-05,0.00155064215751972
0.00013768230894062,0.0010296481747225,0.00130242281737729,0.00272413190839202,0.0522057204568034,0.0236794253530249,0.00798240251656347,0.00195161758288947,0.0744461550893803,0.0106253595261059,0.00180048577796615,0.0488288319246091,0.000544669829988086,0.00244881982943347,0.00803244750029554,0.0148295018850619,4.63966688178074e-05,0.00104723532312382,0.0116047723051424,0.00373268538196563,0.00979506597551678,0.0240450788920587,0.00150868367336119,0.0419076200332629,0.0351258572274152,0.480221679442496,0.00122394841742571,0.0877466771438089,0.00175266614216488,0.024530139271902,0.0201017220274996,0.00304044959248428
0.00386651887998059,2.30241630867134e-06,0.000750270685168814,0.0187424490775257,0.194136799810501,0.00628397804580001,0.118594688069543,0.0317805580348043,0.033061515419748,0.000749010663020559,0.0142297280553703,0.0191841401680657,0.00949708948628205,0.00030189379630616,0.000445239639914937,0.00704632320423549,0.00196817734987459,0.00123630735153811,0.00623327445190738,0.0109102103563072,0.0275525191699424,0.00445114672756176,0.000455484806374077,0.00971404511290183,0.0521936310667684,0.0448597021742641,0.333960653017611,0.0194582638402877,0.0121274869832865,0.00318301494900906,0.0104883189358996,0.00253525825389131
0.000190485159356696,0.000384707205070525,0.00203671483387675,0.00640060170433211,0.136440273140752,0.0155876713704793,0.0645543776568702,0.00582843416506096,0.0192155181776087,0.000782009777484585,0.000784600504805709,0.0424732288141342,0.0023186827214221,0.00165281643604263,0.00235695927514605,0.00314435457417791,0.00386633965345436,0.000345946022364724,0.000893646430736028,0.0163223269535173,0.00177656330337033,0.00012355298662359,0.00104455268442418,0.00244082452093964,0.0137810285012851,0.0111265960432991,9.97387653966527e-05,0.595689420838565,0.0142795606228322,0.0211622114881417,0.0118895138567816,0.00100674181164717
0.00335205381243894,3.98118269647239e-05,0.000392722231281489,0.00365602719375173,0.0661006885941943,0.00137249185730206,0.0386338924172737,0.0100976812232553,0.0359971384266137,0.00183222916998777,0.000967480806201332,0.00262357691223068,0.000409520163449907,0.000899703005666886,0.00516069202492846,9.58992120645884e-05,0.00607234472305348,0.00380269037509681,0.00109837631451243,0.0405129511005428,0.00212235163552176,0.0142719337744587,0.00592822148271695,0.00549040373150041,0.0284725792599934,0.00228236333931958,0.014712860776926,0.00549847313171687,0.650440238295807,0.0161049921882989,0.0298414326056807,0.00171617838724885
0.000115031305152132,0.000292898776827794,0.0169758841100704,0.009864685103277,0.0886081138962572,0.00735371671032672,0.0541749356411642,0.0256706264358135,0.0216430189618247,0.00300689432356894,0.00312291407028942,0.00184372605195072,0.000634069133482955,0.00219131970183382,0.00424852080940017,0.00149484016347554,0.00660399656478449,0.000220123138721354,0.0184865985740932,0.00278164757671824,0.00771315402588737,0.0206898427942696,0.00127543928935368,0.00519135728650298,0.00826018905852549,0.0190026102256002,0.0206348290553314,0.00883393549507408,0.00226765412565349,0.610802527099223,0.0256973698350453,0.000297530660500672
0.00593389452929688,0.000402263721624562,0.00770877214180257,0.00117987790496834,0.0464772256037454,0.00133662313088287,0.0323547580250799,0.00160526242392867,0.0101374232483501,0.00211890116298292,0.00544042943746647,0.0100811364815565,0.00107175953933625,0.001053982475614,0.00453775842505596,0.0182412346550942,0.0325661699764221,0.000578112558603201,0.00961290371452424,0.0221272321180377,0.0152314870099326,0.00792560043865041,0.0336786541756263,0.0104329166046895,0.0209964525377362,0.00933926471210741,0.036115105524572,0.0153094664040247,0.00403883225989635,0.0595058718796576,0.57244030789656,0.000420319282174244
0.00496352708410822,0.00266241348405612,0.000791444688372239,0.0248256901795935,0.0978384999113544,0.0119198802027214,0.050134237071109,0.0324877360909757,0.0279321063592467,0.000471112350479805,0.00113481593748896,0.0109269824689007,0.00312995870218944,9.22458909271712e-05,0.0019573807414628,0.000535983956714657,0.00211295655802396,0.00176061780559868,0.00290920684808744,0.00179074844392289,0.0311059818125694,0.000497768366427995,0.0337546488028772,0.0300476895860741,0.0161952566997371,0.00176020101828035,0.00282757876762482,0.00514820373046346,0.0140082023815206,0.00087155482650151,0.011553816479225,0.571851552753365
