0.813100119859137,0.00470969094736613,0.0132224867083704,0.0196487219131601,0.0028159174224291,0.00651094577770137,0.00143182520210923,0.0102325747084384,0.0242138670211243,0.00404325203727551,0.000947517733582455,0.0159100247832587,0.0003534723149973,0.00384620117827707,0.000659981610579447,0.00259602193009458,0.00203071279830384,0.0129294908347267,0.00178977912853346,0.00291036026809071,2.51629370466344e-05,0.000869440673796372,0.00683040638700881,0.000164200070253463,0.0372401614452325,0.000290333677146746,0.00221612575383397,0.00216449227288807,0.00290199219952172,0.00156909785254522,0.00120842763781421,0.000617194915356743
0.00416700597007006,0.747228603678645,0.0156146101099177,0.00156319211551287,0.000156004408646123,0.00779219390045299,0.00208831458307493,0.00896119922670587,0.045919372261143,0.000922372959631371,0.0145880424025795,0.0185069504181041,0.0014679842824395,0.0125490656808467,0.0028902077655478,0.00526428288416366,0.00162087189380613,0.00984504157904132,0.00983673466400343,0.0163192933150805,0.00575081444025329,0.00120820400219482,0.0143050539031044,0.0206092847419026,0.00851041806359603,0.00891990109222434,0.000178526423323763,0.00021394503981707,0.0105590025230596,0.00203686633048142,0.000127085878586078,0.000279553462044619
0.00529555249778131,0.00223609047904665,0.811473087091502,0.00333683659217676,0.00219074087787921,0.0171199100092697,0.0329915606440543,5.79120667470093e-05,0.00947662093261278,0.00209342201515053,0.0105949148790724,0.0492800401797105,0.00679062863425701,0.00177100210743034,0.000114178462431983,0.00184131958047688,0.00312354487422718,0.00190925350084568,0.000489322983469194,0.000884771211671834,0.0154486072582476,0.00131856961750287,0.000573300834407457,0.00730324679733141,4.54849039352029e-06,0.000100300692274836,0.000397646927467196,0.00288473778908746,0.00351281089870009,0.00236525645715717,0.00249693649286758,0.000523328124749722
0.00301023533361487,0.00595852456437827,0.000435227324584399,0.733334595832657,0.0206120527784374,0.000696354781577597,0.0885539913482706,0.0359717277664761,0.00344791231166093,0.00349754022526642,0.000323044189557806,0.015749205981762,0.0167027729884223,0.00640677305630918,0.0020703793841301,0.00402940038958827,0.000379756462193629,0.00134558302496039,0.000565899961317384,0.00463414553771023,0.0016998964156696,0.00395751207182595,0.00370022978274508,0.0186052328445677,0.00410626515765578,0.00283197245177544,0.00575712580431697,0.00373873537142018,0.00641337455388381,0.0010670740105741,8.11525059698008e-05,0.000316305786720888
7.61301549594903e-05,0.0023721302552893,0.00416800714702946,0.00252896501902289,0.698963610081373,0.0124410281942851,0.0613890914539463,0.00881492098032743,0.00947127980378392,0.00537658986529037,0.0056843341494194,0.0105182479179,0.0087181905278496,0.00449989589527793,0.00215533534223108,0.0574838218203146,0.00160348227809727,0.00238540901898542,0.0123737971649162,0.0251888569473932,0.00403239319972721,0.00146298244283302,0.0159816486633364,0.00533970581450783,0.00015832429741902,0.0116225629984647,0.00321060556411142,0.00985925425220112,0.00826690559795406,0.000568219802502892,0.00132773632694028,0.00195653702231004
0.000999674209175095,0.00145656945065271,0.000146254193322391,0.0291163384992335,0.00868250344406029,0.708155925758306,0.00800876939436685,0.0306803630309339,0.0468057861216433,0.00193124318376736,0.00364941633231033,0.0370640246022463,0.00526504281526221,0.000327019136909232,0.00119456527268783,0.063755802121542,0.000786411228722881,0.000149436676562041,0.00113929973129254,0.0101718870790731,0.00410971461592792,0.000740684499988695,0.00953575078793921,0.0112624103296446,3.13627241383565e-05,0.00204958067749356,0.000183596364282918,0.000217121823577556,0.00150475699680151,0.00198200689167509,0.0086177261298044,0.000278955876655785
0.0033172919525634,0.00396727151238928,0.00188462931689281,0.0492945983166525,0.0103208838133918,0.0173789614208216,0.773399310670502,0.0150881499020458,0.0266304077865527,0.0131774729115307,0.00295358436150679,0.0217373012033648,0.00376834113041887,0.000684193475908605,0.00155191749518851,0.0112074844631269,0.00232109396526743,3.3238471221978e-05,0.0010374161414928,0.007827306866472,0.00220844461103421,0.000346052700307997,0.0156326139373564,0.00500581248470975,1.34413503686867e-05,0.000209054889571393,8.21881287412789e-05,5.05300277385347e-05,0.00293435279552156,0.000937313878519527,0.00475998052696259,0.000239359491856733
0.00279557749429776,0.000506904917297956,0.00884561020406281,0.0402415538052569,0.0175976669510237,0.0926094329969374,0.0169508640470317,0.668036201693739,0.0132318516481067,2.18670430837682e-05,0.00504040918372832,0.0308642743958232,0.000634017250463252,0.0143190639880594,8.9034025778733e-05,0.00882486684014329,0.00028573197472499,0.0089589949252302,0.00310911960850103,0.00343945501166099,0.00712903077669215,0.00013742607293255,0.00029825205853106,0.00656564181931124,0.0229964791983901,0.00396022596678063,0.00392867120981839,0.00166335649923175,0.00965885180320125,0.00157503820113562,9.01329521937832e-05,0.00559439543683004
0.0133527624777054,0.0206195988360598,0.0142877571699361,0.029686950168521,0.0114355247985009,0.131631497641983,0.181784552176489,0.00480267718159985,0.266462237129297,0.00830652588076354,0.00473144908740753,0.00927679116993085,0.000474860422622787,2.51292312541352e-05,0.0034549182505759,0.186473191907709,0.00223038820344841,0.00226094378656369,0.00131843535280549,0.00474825859428435,0.0345859664378337,0.013728549122049,0.0029334334730136,0.0347543516288215,0.00642885934503261,0.00123903279243607,0.00170960402167347,0.000827711135424303,0.000697280017555989,0.00130504688656307,0.00236627544263758,0.00205944022950077
0.000505540710654867,0.000316083775538211,0.000859812548037527,0.00214221106308459,0.00226006533836336,0.03741916714178,0.0397433365072614,0.0140723235061262,0.0155003652374528,0.760264113631914,3.43286242307353e-05,0.0244853599776174,0.00115230742307331,0.00101700771810346,0.00364106663208833,0.00656526516275729,8.23561398311916e-05,0.00162750326820018,0.00391392177747735,0.00848211108629613,0.00506179454110216,0.00525013541872638,0.00854888231194514,0.00578390583834956,0.0109009918551356,0.0155529922513894,0.0115727858282862,0.00162122371558915,0.00486516340594711,0.000715681609554318,0.00496977383164146,0.00107242212244516
0.00211512810906159,0.0023264659415687,0.000125936732593561,0.000571969237577293,0.00766621185397103,0.0296539977839942,0.0705991149205576,0.00145453632454047,0.0112891745143471,0.00239184560728331,0.669444201461311,0.0054162068249568,0.00093991523322989,0.000162928780483317,0.00537542237147689,0.0147169477990002,8.96862213404001e-05,0.00301997189380205,0.00690467560855405,0.00710123223090843,0.00647773843283881,0.00526971763350188,0.00351490354014341,0.00643451837479365,0.00276758230721308,0.0529720637999616,0.00916502633194559,0.00721116759679832,0.0394965050945149,0.0032495693236549,0.0200570942113017,0.00201854390277443
0.0061402680562173,0.0106802111526733,0.000775257463423083,0.00769159866372323,0.0114716846020561,0.00757728797864532,0.0367093445301643,0.00268074070343851,0.00740890412312048,0.0168609908688497,0.00171504440886891,0.653033684609684,0.00777904017323885,0.00441836094211782,0.00670133307519558,0.0326328946433098,0.000479701912998742,0.00869639431461018,0.000608113431675654,0.0171603522164182,0.00556319442087002,0.00466776446580465,0.00871454181864899,0.0495891491936843,0.00543754622471532,0.0170307472954981,0.00748077919412101,0.00991442762128188,0.0309804522542017,0.00997749490196943,0.00770154029839875,0.00172115444037713
0.000267761537956457,0.00246302840539121,0.00373361710364533,0.00171139412130211,0.0165723922597825,0.00225193959205104,0.0140321115269613,0.00219553798388144,0.00534777993646882,0.0168113875800434,0.00136143057562789,0.00280918062528607,0.828630578420284,0.000969194610937238,0.0243819298385991,0.000214061101527098,3.1777779555804e-05,0.00128200856454822,0.000244825462523881,0.00158101682656146,0.000305803831385714,0.014822930889463,0.0103422425177861,0.000404207763169006,0.00414301680060494,0.012353260829948,0.00102627446904145,0.015122155896852,0.0104482217285756,0.000823602197850406,0.00256988200107855,0.000745447221310512
0.0087712267630066,0.00882638018047267,0.016757002179226,0.00196233951683426,0.00675451697832516,0.0112870733493415,0.0026135820990559,0.000364689249524063,0.0068025259192516,0.00222725201241679,0.00900750653297008,0.0873044774465552,0.000655810311252391,0.699669242321802,0.0299079806802719,0.0021190233157095,0.00280589290933236,0.000246228880899102,0.0111629348445085,0.00156316832073809,0.000801742452974547,0.000932011494586185,0.000822881933709818,0.0325737120555739,0.000976019164715651,0.0121346476899307,0.00970676224929805,0.00571115001039349,0.0102830271100678,0.000259965976569671,0.0119418865051949,0.00304733954549142
0.0011504348278546,0.000800707383764472,0.000275339472460319,0.00222134780151135,0.0174066783323264,0.00028299959907177,0.0152655419592633,0.00982453609769007,0.00372990931146727,0.0225371985817691,0.00812699576651346,0.107862205357594,0.0386876090117673,0.000750327122994744,0.663230386090781,0.0133547854823694,0.000113814859033041,0.00225044019073671,0.00324569943992864,0.0074604729765234,0.00312230388071725,0.00417759116116803,0.00259731522473286,0.00231452623380741,0.00293574541886066,0.00128388038975771,0.00171268145377871,0.0565629257601586,0.00354362977625925,0.000318639738405644,0.00146224155815792,0.00139108973877508
0.00991289756455239,0.0139228899821031,0.00612086041953538,0.00231399370572408,0.0152025007095624,0.02403361565148,0.0814262504656061,0.000859121939874193,0.0802978943965146,0.00109517655225898,0.00164025473860629,0.00119027402476667,0.000206904187911851,4.02156603231028e-05,0.000705385464675447,0.72770286075542,0.00103081516130329,7.72290747832674e-06,0.000641052287496021,0.00284312771142329,0.00975724812837806,0.00118348594498021,0.00056437187824791,0.014176636390392,0.0011304317812614,0.000317041054466414,0.000437004056612909,0.00082702331826561,0.000260283909055303,5.71444596109075e-05,3.67933344651135e-05,5.87214576485669e-05
0.0313618748446696,0.00252329790685385,0.00275476810071365,0.0072349341845886,0.0190051195381615,0.00314108802154338,0.05000130048543,0.00145066744956068,0.00564444373797143,0.00472785925358799,0.0060557988615917,0.0096808196236981,0.000204521013549185,0.00263837336638069,0.000735854718471517,0.00586125468612992,0.771253261875015,0.0216857762937635,0.00176217847501101,0.0191715681571397,0.000745706168822475,0.00366556963339263,0.00632615858322161,0.00193706014160178,0.00600751295165808,0.00225199720457635,0.00190400917816593,0.000710341925645084,0.00184200099032464,0.0011342459177948,0.00585229171646842,0.00072834499449686
0.0100743999702324,0.00220837713502185,0.00270297085420346,0.00667298634299671,0.00548789684638547,0.0183266741092005,0.0353590337709235,0.00912157460949477,0.0170206795972725,0.0021737634357784,0.0023723134608066,0.00274614906288926,0.0035929240065055,0.000260548125142007,0.00465473144041136,0.0306546140862314,0.00141262616674236,0.591393722484417,0.00495619522578566,0.0148311273351303,0.0704906563383849,0.0127340682879308,0.0102784219826769,0.112994955088747,0.00443362250341337,0.0035255533897494,1.70998119118533e-05,0.00157685442877193,0.00364231180189823,0.000473748654055707,0.00527266716421307,0.0085367324826764
0.00855068483718361,0.00991912386861674,0.0036881648028963,0.00728666290001802,0.00922320613802164,0.00999087271832524,0.00555927929536959,0.00319736455468665,0.0377766359808192,0.000862484527305848,0.01896583564739,0.136393418190762,0.000139802391609883,0.00118789169282536,0.00236001962114019,0.0128624445782326,0.00441587801876504,0.00417606111081909,0.577355809375114,0.00422133751034078,0.00828006460194777,0.00243334734027638,0.00570109903819571,0.0330013978121038,0.00734636422899892,0.0154345325335339,0.00491424013596254,0.00974065075043488,0.0271557313857167,0.00277692443172349,0.0229478304406364,0.00213483954022711
0.0104644140340274,0.00299494646752506,0.000853935583052804,0.00178466251382326,0.00530202593891129,0.0156185480228768,0.00311501392158956,0.00053883779955356,0.038751745583035,0.00459750552348971,0.0072584029819633,0.0195716750994301,0.000572080959604772,0.00082896153879152,0.000874608733198248,0.0332912920991798,0.00819975484731307,0.00880003317671829,0.00383691239546682,0.757765486374135,0.00163888088916054,0.00308709844768794,0.00424895771549832,0.00140579429176769,0.00151601072532018,0.0183721100069516,0.000833171537318215,0.000965842015592024,0.00855635624806226,0.0041583264981679,0.0290806099024602,0.00111599812832809
0.00441133644132918,0.00246434798777931,0.00660201108766752,0.000487704864267495,0.00165124608823525,0.0174610519438619,0.00497896502286977,0.00228928228591557,0.0515418447764103,0.000256808110632542,0.00155900264610052,6.85929138762942e-05,0.00179167529630438,0.00570911207734895,0.000650505504880604,0.0710798252880016,0.00558660648817119,0.0163448646121708,0.000820857999068185,0.00833495620101122,0.672007850459833,0.010381737176729,0.0421734376335279,0.0119871306132459,0.0044148880210694,0.0222030911272388,0.00696601856297722,0.00716350153513617,0.00382700462003744,0.00325844303842521,0.00899661882395795,0.00252968075191962
0.0111770529666085,0.00256602899375518,0.000182660187510266,0.000153719178199461,0.00647942637982078,0.00392697816491967,0.0228295502405132,0.000761345736740736,0.115748716416753,0.000694189410070423,0.00278360953752718,0.0103015190666321,0.001262648972626,0.00323374480908221,0.00202663781933025,0.0998579418853027,0.00650776110515588,0.00335609577430176,0.0226927284726822,0.0303748082290116,0.00325211505027097,0.547098608903676,0.0366383566936361,0.0505046770825122,0.0049777489052489,0.00110340237932036,0.000771964759077037,0.0013680776549525,0.000945823623945836,0.000160035388139981,0.0055624655379308,0.000699560674746422
0.0074035991948507,0.00879043444906857,0.00182758400992943,0.00342374132214216,0.0197361270338624,0.0279675220177874,0.0856719631517458,0.0015342373278998,0.0165817203599565,0.00373421951128942,0.000207642025566651,0.000322010509194052,0.00380358914278375,0.000256167896858402,0.00110159076307455,0.100717732603834,0.00380650636953036,0.00116805076342572,0.0101708564464084,0.0268887904549197,0.000148868287541648,0.0182277862881855,0.56020683712018,0.0101873811875836,0.0208432102685395,0.0144179007954145,0.00967461688635232,0.00206173175809347,0.00744597999197022,0.000955403298753588,0.0231851043799472,0.00753109438331059
0.00265982349919511,0.000540369308844082,0.0013153969121462,0.000533196437296931,0.00130748168863905,0.0128986649122711,0.00604623593762168,0.00131653885325343,0.0105572907439838,2.96965988009032e-05,0.00141036513978985,0.00876333664743351,6.04944757930405e-05,0.00336224643329297,0.000855575332524247,0.0245114985819649,0.00395750712843746,0.00294857043261116,0.017830986907817,0.0108947807618702,0.0327901843560485,0.0153246858291387,0.00523795375220721,0.724060595953188,0.00484221062105275,0.0766068022283065,0.00467831434659353,0.00121053726148678,0.0121277518844069,0.000565428305143082,0.0093228577499464,0.0014326209788955
0.0254139423351438,0.04045012356233,0.00976415725866361,0.00504559078909467,0.00789858781400302,0.0374291883314379,0.11368920887432,0.000117793528528523,0.0217528868287599,0.00205706825052016,0.00453677295429476,0.00297768541550362,0.00203240653241193,0.00189107058183791,0.000222569189333675,0.0108536159224908,0.00131924423468966,0.00971550592073622,0.004333474319672,0.00633264198471799,0.00642809694395084,0.001638423847145,0.0292115435608334,0.0241071854641868,0.600502179976751,0.00327045043279868,0.000720834659470839,0.00031805872424072,0.00517953422465366,0.000512987763635137,0.00975198269706319,0.0105251870767816
0.00162992416766407,0.000486329697329195,0.00138690732104463,0.0285193193653611,0.00012320919200663,0.0596001512539228,0.0328172551236042,0.00550309823529967,0.00305858781206661,0.00189869167400904,0.00207000838612094,0.0363455602468502,0.00146371810622592,0.0015554613869056,0.00154096165851513,0.0289659296694111,0.00334111796275091,0.00412776786062197,0.0341314116048621,0.00846856989367069,0.0130860433731409,0.0125706677089273,0.00224317196650321,0.00493684335653843,0.0158884095617368,0.533821316795409,0.0357390785431081,0.0118845261475274,0.0902578765509737,0.000262009426962187,0.0165209491677811,0.00575512678314898
0.000154643275545006,0.00230363305580657,0.00503690813443357,0.000816334771555375,0.00446855057137357,0.00221072203091042,0.041964321466345,0.00451976384162956,0.00934595768528367,0.00436678825945904,0.0180201180767376,0.099038977527695,0.000275272223582395,0.000131628308119027,0.000329081761668451,0.00943257831775038,0.000693988159225606,0.00361362188260288,0.00128078516168951,0.0413178172801646,0.0292527949690334,0.020468563735233,0.0681154005110498,0.00657295554650696,0.00413262700725132,0.000765434020072108,0.593055281931652,0.000706463074347655,0.00704552540534198,0.000946431781402372,0.0189802366183195,0.000636793608212041
0.000668560361516896,0.000928942603820816,0.000314600241502857,0.000601724634856879,0.0061550917067883,0.00228798849460732,0.00936645275286807,0.000203539065217354,0.00374431038797684,0.00990253606552885,0.00492196546015863,0.0369189792626428,0.00874025992221976,0.000818374795799778,0.0313243193791398,0.0023729267243591,0.000510027102274097,0.00139487917648479,0.00200768266387717,0.00526664533807653,0.00815797656912696,0.0013905921263711,0.0103320600512566,0.0213480176278802,0.000526987815114156,0.00504885495018118,0.00683917372182652,0.79334198013404,0.0169318045631627,0.00413004332122165,0.00071242762137984,0.00279027535872214
0.00052290990583447,0.00980221045740938,0.00309605259231261,0.0112345590817048,0.020201244894602,0.00243681676621078,0.00879086045136295,0.0138411705241586,0.000529139645736214,0.00336277994585526,0.0199661478339424,0.0603970237664552,0.00298396392463053,0.000589698004088185,0.00178392109295622,0.041615298923433,0.000322605062515878,0.00576781455816351,0.00330509886859233,0.0108984539045898,0.000762354547350757,0.00140715053765494,0.00999419973075032,0.0234493821613276,0.0196402154762178,0.0123389296938009,0.00250069184002958,0.00855313088497971,0.69150402865216,0.00327933122599777,0.00243724983196549,0.00268556521321109
0.0078429375525547,0.00598179336640641,0.000741716764647603,0.00139530448684011,0.0069101896151537,0.00399459586402952,0.00172903797740749,0.000815550335551544,0.0228215484047079,0.000713147485648016,0.00613513949281163,0.0683186842088498,0.000977245490916122,5.00813671824301e-05,0.000485304995525586,0.012156193197243,0.00170133460539096,0.000919888014063955,5.95799858387761e-05,0.0067882534498063,0.000763331409745872,0.00340598825094508,0.0206726932116045,0.00723837926278505,0.000682169239885963,0.000178180942961738,0.00428311414082247,0.00422030603562594,0.00585271804077058,0.801231352281136,0.000762070778183502,0.000172169744957721
0.00157727935920621,0.00362635085775206,0.00624226392403119,0.00869673317528244,0.0239428868127241,0.00181147693736002,0.0217745688242784,0.00163961111241907,0.00112746947518721,0.00646537791068688,0.00575725933307682,0.120601469926825,0.00102067157479651,2.75385633613507e-05,0.00163298873114767,0.0221646093278912,0.000389084046451121,0.00454005268012808,0.00473300401243713,0.0178242663472688,0.00926774873101697,0.000297472644770387,0.0107492536196157,0.0201316253545861,0.0192223604527356,0.0250362311736765,0.000968086290416647,0.0457370154376138,0.0110683728396675,0.000211883735470248,0.601397387714588,0.000317599073530949
0.0164372638342835,0.0224170929803091,0.00335326779864766,0.0040966804058722,0.00603582718698053,0.0118580645853644,0.00465343954521122,0.00556793313147777,0.0208877396942268,0.00151486296900306,0.00681214245673518,0.00413927679434445,0.00176122244228187,0.00659686106312185,0.00282726514193669,0.011775463037033,0.000249691677573514,0.00692855877258754,0.0020849589252353,0.025653850214586,0.00442519304251853,3.07755595984386e-05,0.0203623417419676,0.0793752394869485,0.0384789214712771,0.0099744425838556,0.00986971912610117,0.000852534783034966,0.00302298522377602,1.92203725370328e-05,0.0111641404111274,0.656773023540446
