0.755740042688793,0.0141992809510998,0.00317649537618236,0.00462351591847752,0.0211538175135972,0.017474855753428,0.00851001111321509,0.00177673963236449,0.0192405284922024,0.00278117889564214,0.00237700787211193,0.0105540826115145,0.00743019547927367,0.000107293712455489,0.00779517961520623,0.028525741543485,0.0115125487326458,0.0129540999517174,0.000435111231028538,0.0079607878643599,0.0037649464393864,0.00236799203288838,0.0113795195385438,0.00109144138179143,0.0135916350792934,0.00708396594118019,0.0035371176254733,0.00826515793372102,0.0023618511277044,0.00099084506313431,0.000312145276425563,0.00692486761165707
0.0131972599325888,0.754482297017128,0.0169931310044969,0.00106777459959224,0.0100559810226838,0.00423442025867669,0.0449160706059902,0.00794200635860728,0.00369519710555708,0.00474229188031103,0.00291563212067882,0.0255349110868407,0.000633576989774223,0.00160909192357623,0.00170731878964544,0.00497189288424783,0.00185641804793435,0.00199840579788143,0.000209043458580222,0.00273056400896206,0.00408277096599924,0.00243544732517043,0.0109403650010373,0.00814663940139034,0.0370811668066031,0.00123805360896688,0.00199881872906405,0.0120369034859682,0.0014563363600807,0.00106658347761964,0.00410176658106711,0.00992186336327952
0.00330215686859319,0.00139020510158632,0.709045783649153,0.0298880384967686,0.0289501037454555,0.0220157010200232,0.00112067347653515,0.00350721208283098,0.0130481228159754,0.00140431776271354,0.00659124344926144,0.0671476354868503,0.00462209278393326,0.00406583397258373,0.0169506234037251,0.00488555209271515,0.00266404245986223,0.000375856805618251,0.00226909860464352,0.0047859342875071,0.00207866287720215,0.00122747809341626,0.000319288752572499,0.00293788380260699,0.0147225691958408,0.00035829304142143,0.00102125319232733,0.0430838364164214,0.00388787273691319,0.000320622730278804,0.00135637913120334,0.000655631663460578
0.00476865074687165,0.00504346908731385,0.00491677860317188,0.60962266917372,0.00599422196630531,0.0315060179863173,0.0150023701498304,0.114704919818758,0.0319433329298067,0.0118801544250253,0.0045655790985952,0.00421795888265789,0.0507253080234955,0.00212657379115393,0.0213538595786634,0.0107325613911321,0.00437084613426884,0.00411705914685225,0.00603845638942526,0.000738516243217567,0.00476857984651141,0.00164758397611301,0.00425664990816735,0.0105850283245836,0.00123263728788989,0.00395697126589963,0.00127542624411618,0.00947105073437741,0.00785633746874867,0.000304963873113484,0.00485557791478099,0.00541988958911663
0.00312593859969183,0.00753180061916916,0.00514464706254078,0.00227497545963858,0.434318265124773,0.150107411593323,0.0527144086979411,0.0355197347261729,0.0610229716455774,0.00631590316992956,0.00456460727718186,0.0137904464435212,0.0144234571637475,0.00422567325953333,0.0144921581962712,0.0901078078365244,0.00129186965763254,9.32505697543416e-05,0.00261116879032305,4.9283226244615e-05,0.00502596547311806,0.00470679782486127,0.0165905561937548,0.00107895707160949,0.0157267351273542,0.00425920304621479,0.00131637906524864,0.0282113873818687,0.00824110519228963,0.0049436724915276,0.0012776429517902,0.00489581906087098
0.00989410148386888,0.0101240517022469,0.00307927337119728,0.0211367501734503,0.0134359597787452,0.627400906111652,0.0156268753095731,0.0360725766308439,0.0794055528424078,0.000248910501351402,0.00610876608118059,0.0118344313568808,0.0324473257440147,0.00139501948362442,0.0221696126301747,0.0413046528695125,0.00353025478265333,0.00289533492948031,0.00303417943191927,0.00109875008448392,0.00709594145467661,0.00589634346397316,0.00176338951626216,0.00228217715179151,0.00544282921132999,0.00221991874325708,0.00103344530566871,0.0131404316979235,0.00732072487767005,0.00217919232945604,0.00573046893230689,0.00365185201642272
0.0222317747089672,0.0213934168786827,0.00555493294695444,0.00658616260142977,0.0566634810129827,0.0279515405474558,0.530347853499003,0.0287117552946411,0.044580558042376,0.00398927839536288,0.0141612956206235,0.0161378809046904,0.00835564445685408,0.00860837762314517,0.0128419754045599,0.00957575332560652,0.00186947817233916,0.00579151475645083,0.0167542346521751,0.00796482492921552,0.0100343199295167,0.0140794254858312,0.000203754211138771,0.00911478005924579,0.0185578336823385,0.0149966743315546,0.000881849512270535,0.0510911213752607,0.0137619382695234,0.00484100746260633,0.0120310609448835,0.000334500962314006
0.00217962463091585,0.00121564812622931,0.00170382887738409,0.00342259986278978,0.00910559771959231,0.0408884989985129,0.00261455633781972,0.840493843105819,0.00746264341802083,0.0171301105235375,0.00480077176101773,0.00203189418904264,0.00886923057395814,0.00293713429997266,0.00254287117499215,0.0240044496326264,0.00159795847248864,0.00047173378188723,0.00401395758214771,6.94678193836401e-05,0.000337549190811201,0.000540085320355078,0.00181796247827037,0.00456773365864647,0.00356354629987245,0.00210932622775594,0.000504535628983614,0.00454693310785952,0.00147862086343813,0.00098296829970393,0.00183804963610916,0.000156268400055928
0.00174028659375377,0.00225388183202421,0.000204124999342617,0.000218545886135167,0.087910324768184,0.0513252366131764,0.00504092033851783,0.0126659634608926,0.684692258122265,0.00175865119492592,0.0109378308899758,0.00472760693041659,0.00204155430342758,0.00323900213631392,0.00242822318291105,0.0336655531982058,0.00461334756045084,0.00502379572724342,0.00659059980657544,0.00205481668476615,0.0223670166513905,0.00226255141667546,0.0103078841929055,0.0132634341284082,0.00771038955355407,0.000617818416309881,0.00121605088025098,0.00454098294148302,0.00594697120057378,0.00104504355377347,0.00589986742098477,0.0016894654141869
0.000159873618154241,0.0013259570905409,0.000146653744991697,0.0103257844768694,0.0165554795870892,0.0336176390760017,0.0150402085593357,0.018113153030435,0.0123503853251893,0.656140198818458,0.0270535103151343,0.0649482738232694,0.00488251640445758,0.00290889104740593,0.0027455583728763,0.0328469604909868,0.000387860823695911,0.000243563469543963,0.00380164912280825,0.0022517688113898,0.00187230353384404,0.00214647964388443,0.00332505219349834,0.00126255422249725,0.00393613409844893,0.00669349817401352,0.00966341207717637,0.0527550830601566,0.00653176573519462,0.00123294084489313,0.00251135235757614,0.00222353805018334
0.00350195346979128,0.0057839125381904,0.000606051509222593,0.0364084017515238,0.0115690278471982,0.0298199864775952,0.0161791306853505,0.0263176152936055,0.00164296071450403,0.0366193428098574,0.579882598869091,0.00212989192482511,0.120394463404936,0.00479671345391634,0.0164907730782908,0.0156128300173167,0.000662275610050053,0.000839822481523967,0.0234149392186539,0.00423846819347022,0.00251215182467131,0.000109798063321976,0.00382596759376407,0.00329338273857966,0.00490918987537207,0.00650714642365751,0.00105349918671579,0.016165741412727,0.00250079510659576,0.00130158698218796,0.00882011486162877,0.0120894665818647
0.000841352480815014,0.000719223265677308,0.0049531503830668,0.00160349578758578,0.00893689900146683,0.00378736390787906,0.00504474246696924,0.00438868733016411,0.0118898785085422,0.00409897404429696,0.0029542843411397,0.769582091984869,0.0262731191842355,0.00183279759092404,0.00918112870412852,6.31282087816864e-05,0.00744542628445841,0.00463036199894961,0.00180228334563701,0.0115125922039849,0.00191135306922837,0.0104902348320615,0.000142554430931747,0.00116866252413253,0.00185880295270348,0.0158677281101238,0.0214600351935477,0.0110231876371098,0.041743784753955,0.00272921397482316,0.00213523787620577,0.00792822362160513
0.00528407899362923,0.000355451032992557,0.00103708450064032,0.0138131236342027,0.0602651876049382,0.0104347763472448,0.0385862824296156,0.0169588788344028,0.0404280129806311,0.00629742943297039,0.0526874390315042,0.0647934346324802,0.49750105624051,0.00101445303463382,0.000618991368851074,0.00321603157789148,0.00134981625123734,0.00370555384827984,0.0109273440956667,1.8428518878683e-05,0.00882669807240766,0.00578841810601044,0.0286412153633363,0.00342395853459414,0.0104045050171566,0.0152877016453725,0.00234728215449863,0.0826310829225957,0.00184851623498202,0.00483236997308961,0.00499648916328039,0.00167890842147434
0.00101177887030933,0.00666135623130319,0.00342987169992344,0.000840850674435081,0.00609606920201984,0.012819617607091,0.0131759489611597,0.00439417083631307,0.0188667842728785,0.00402794855881602,0.00301632965595558,0.0388467118954407,0.0349889070081556,0.715645431470741,0.0360559608401088,0.0100261577756449,0.0105046432213853,8.81551089711153e-05,0.00123002548815783,0.00299076349111587,0.0174310888906941,0.000310011930753769,0.00467122651772292,0.00345645062555538,0.0178002450194926,0.0023621832067628,0.00127157653253759,0.00198464180115257,0.0165489516798667,0.00242021061469787,0.00497823965873061,0.00204769065210739
0.000570218331947534,0.000910806221808099,0.000826335430097892,0.028051241052926,0.0508059083301233,0.0125325846537725,0.00332130237528785,0.0359204792614275,0.0513078084386524,0.0162348446659774,0.00113801766159509,0.0206254796611379,0.00464610469814796,0.00238442839474405,0.617541438217507,0.0172812328588192,0.0049546097743623,0.000427646022297534,0.00821583531916065,0.00403593029625305,0.0102950808388937,0.00160187479530685,0.0317137861707721,0.0090973477629708,0.00852990795135175,0.0123845503757551,0.00756510479581016,0.0206624825365632,0.0103072259466331,0.00225120461446181,0.00367307830554562,0.000186104239890902
0.0247570439088288,0.021117454839666,0.000430367787923887,0.0263983689573623,0.248931440784636,0.0855669221720242,0.0495693745908933,0.0894733547364475,0.270382336765966,0.0102440262514943,0.0110964596251878,0.0053655543387587,0.00480098479246135,0.00296604460766192,0.00422843415266886,0.079109569076095,0.000775198153860072,0.00894419246018297,0.0053448597053624,0.00356356422246185,0.00522382585229905,0.00630798946999477,0.000528365033923227,0.00589550391262744,0.00691590607051792,0.00280714173755415,0.000524322378110923,0.013711243807369,0.00190603623065258,0.0003629149084285,0.00185825683614059,0.000892941832438436
0.00878777873824264,0.00540335929244853,0.00447438589010726,0.0121716983527041,0.0620509302453567,0.0145386317592985,0.0271669392820965,0.00224367696994909,0.0709365435040193,0.00540150128891409,0.00191883037352854,0.012504088711181,0.00272585770156101,0.000321466042093893,0.00159191119680852,0.00767714134107233,0.719547155842911,0.00812161846197335,0.000641726132159562,0.00287758516157461,0.00531218534227458,0.002057663709114,0.00194022325610548,0.00225004631283996,0.00886532218394018,0.000221349394784107,0.00145644122146242,0.00179744550710241,0.00419196690382897,4.03227589583914e-05,0.000610075884199668,0.000154131237389035
0.0131193919449722,0.00729974836812227,0.000316077865658185,0.0109308499814497,0.0184406572036847,0.00103422211819667,0.00344928940359826,0.0126576558190315,0.0215090626570394,0.00418380537996694,0.00946042431423615,0.0258809862263472,0.00459734901740166,0.00026196672168072,0.00373209153469651,0.0108539519265174,0.0219844253042858,0.622873765043355,0.000269091774203794,0.0204372636026847,0.0362881862602499,0.00338847175597594,0.0764436422735554,0.0123120730671102,0.0176784602585624,0.0115659405985527,0.0019207467888917,0.00825197931709183,0.000118050998739465,0.00098958023748553,0.0127923713315301,0.00495842090512614
0.00302311820218093,0.00325342104874618,0.0154341773958246,0.000106313543366156,0.0170140901973634,0.0109923959938474,0.0168319438435212,0.00860686447486013,0.0182193103890632,0.00147860889947616,0.00404451090535544,0.00684456006500714,0.00219990113359609,0.00237166472017579,0.00221965326813122,0.0151531902222751,0.0227283703920099,0.00850944915272669,0.794521652693977,0.000889427259201112,0.00799922712662359,0.0030516412279544,0.00099747263919527,0.00461374410209338,0.00883581226791383,1.07996790649646e-05,0.00174665007256268,0.00198938099702711,0.00153835906423425,0.00383341463259529,0.00248370454785509,0.00845716984217522
0.00699071464557037,0.00502097966913728,0.00310398662215922,0.00136029114824441,0.019120543179428,0.00355095270666205,0.0221189413583885,0.00401814619906696,0.0312260563646574,0.00024127876200427,0.0137862429500101,0.0271185786785043,0.00827431034175471,0.00649901256564533,0.0183945580468164,0.00171270983818973,0.0117325448817686,0.00345075392454471,0.0107611277469137,0.614036652378718,0.00592666380245524,0.0430060621104395,0.00715113300057799,0.0267437258650616,0.00184429987847501,0.0480893102612683,0.0110202424933879,0.0113600337940183,0.0034183331219804,0.0117471213428777,0.0113236116555988,0.00585108066567495
0.0022997961490327,8.08696878893858e-05,0.00226150881897715,0.00617862988908107,0.012257413546511,0.0066152605856993,0.00418537203809799,0.000356056485257379,0.0333776409127578,0.0110801700631655,0.000606134933553349,0.0356790333825512,0.00264978760546978,0.00917914057172792,0.000751982678677552,0.0143081147347359,0.000313614054039957,0.00255440596032189,0.00371636828194421,0.0634627981674527,0.574161298707638,0.00184668718362247,0.00509579862194798,0.0711455869814983,0.0194865112265911,0.0392738941501921,0.00267078040104456,0.0105459547624668,0.00878340239593121,0.00660776451314367,0.00236077668954698,0.0461074458194325
0.00329314870263977,0.00290833693234273,0.00286898634456394,0.00199690286274994,0.00048601833305641,0.00966332398033953,0.00327986131165041,0.00156087597797801,0.00667840953657723,0.000521225536029144,0.00402914430339678,0.0204674605697549,0.000608493864630285,0.00539840307513649,0.00400904931645696,0.0026824938863965,0.00485351660472359,0.0100291968470041,0.00801614051823948,0.0464856870723264,0.000606924220111074,0.623609119793728,0.0148763973791242,0.0284460571065228,0.121045744933143,0.0183650940831813,0.000691478586153375,0.0189299447539368,0.00326868458270866,0.00407705492043911,0.00818435924612997,0.0180624648188281
0.00875022561724115,0.000514281046884249,0.000818618548921573,0.00677360052540684,0.0437598278232866,0.0035325191621417,0.0141234511437475,0.00293636251793614,0.164210334231556,0.0134735353106962,0.00180684489749031,0.0147216051859755,0.000793725438731198,0.00601671717753428,0.00278212822234172,0.0353787133498055,0.0068571666181505,0.00383744872306982,0.00196392738218944,0.0274801764636829,0.0157482499756583,0.0287994494066549,0.468366947745257,0.0278643781046399,0.0172563321983208,0.0150786473696924,0.00146048295951929,0.00171857854096757,0.00426611925325407,0.00947957625390237,0.0020125316070132,0.0474174971983315
0.000432269009601422,0.00203409742341381,0.00270979087201598,0.000875723198000812,0.0214322000821971,0.000904684219402963,0.00878055223218195,0.00389935025508455,0.0752923115626369,0.00113761952433981,0.00287485459569328,0.00143783150102815,0.00290290502908557,0.0049230919290174,0.00302479139716214,0.0117972459355149,0.000649101882980512,0.000301414553227996,0.00962849440019983,0.0489468761677372,0.0127411910410412,0.00910145768713517,0.0184565197497014,0.635739165396783,0.0489157072177279,0.0379907642948224,0.00544815495122996,0.00521939143899929,0.000906344110307195,0.00531642452468657,0.0153938980039095,0.000785775813133899
0.0126723468163634,0.00606900944487416,7.49441301956626e-05,0.00343367948212418,0.0108739933150997,0.00334502908115887,0.00433331458820933,0.0150157533315307,0.0172700320982966,0.00759020203629958,0.00967859248845026,0.0813291728583134,0.00219991222544493,0.00650717699593179,0.000757491640265323,0.00778875817840343,0.00723866314577026,0.0123363375792975,0.00604715866963323,0.0128699663288774,0.00230159954679933,0.030926985250046,0.0119792653147179,0.0766234220306582,0.571174170292834,0.0171344565489952,0.000772726594219587,0.0213374375899472,0.00542312227744295,0.00448686057359236,0.0160806321137871,0.0143277874324203
0.00637155173192271,0.000683389977103515,0.00145288279628127,0.000966161402446529,0.0115888310338033,0.000449345279496053,0.000961456786682848,0.00461810693114292,0.0259938033393205,0.00494612078065819,0.0136182561232742,0.0380394098130574,0.00351066221117494,0.00192029262946569,0.00516356897018291,0.00260587642127639,0.00562189334798854,0.000886889853209995,0.00289337462195907,0.0686247926676035,0.0287359947574355,0.00944172058248987,0.00208925278353524,0.0305069912219851,0.000694659237382361,0.681890143954265,0.00801437499665943,0.0234375849557237,0.000856589345463558,0.0054831538652578,0.00696845786839717,0.00096440971335496
0.000202595419506491,0.000823880956793775,0.00177575533966337,0.00903357776813325,0.0298754529094485,0.00130194225139939,0.00138223962316357,0.00497253179936522,0.078397288262314,0.0115360752064826,0.0211042944831958,0.107393383160521,0.00715988294469786,0.00150359895375399,0.00792476839512845,0.012837458689116,0.00125007847763179,0.00167245400012343,0.00140700517087747,0.0513827797782286,0.0257294440082176,0.00156976727164337,0.00911061513222176,0.0150291865832801,0.0282775237619951,0.115001770453607,0.399733375316404,0.0293913876543868,0.00686271124410611,0.0112448758988771,0.00266064418066571,0.00245165490505039
0.0018052230148654,0.000644717039725587,0.00690698149703412,0.00221392331254279,0.00658359540858162,0.00922686082980609,0.00628676792697592,0.0010687715409307,0.0110358088219636,0.0115416877906097,0.00179522126401174,0.256988360088007,0.029378664464904,0.00478432552588675,0.0208362951824637,0.00037779341809032,0.0103133628728311,0.00529083955410585,0.00694411584941032,0.0311946457204135,0.0212257155074605,0.00774402056897324,0.00611525480011647,0.000551663335454085,0.00572635572390223,0.0277547733537127,0.0284877025916548,0.342133694098685,0.0708055516559431,0.0248692205076598,0.0252483401530376,0.0141197465802406
0.00187838656634054,0.00126959383807478,0.00258620997717325,0.0167712982978327,0.0121778034201004,0.00467628290674188,0.00936039337988253,0.00379029915910197,0.0279454403467733,0.0116474884718797,0.0151352478984073,0.0185129777416278,0.040276840125987,0.00121584024878763,0.0132987608096825,0.00312403027496113,0.00289682646865875,0.000945259469736323,0.00474897763232877,0.00484527242723013,0.0426456494744052,0.00474809778831442,0.00493101887350982,0.0111202909801459,0.00401008103102252,0.00309424148606199,0.0448352320128562,0.0203660549699022,0.489744450202409,0.0187803925108192,0.147943647640508,0.0106776135687376
0.00503606695697778,0.00253345971634526,0.00399941920911248,0.0205263186869238,0.0269027428936709,0.00260387711924822,0.00313035985239586,0.015289787970997,0.00832245833825048,0.0037480666810638,0.0118370392700016,0.00734706514421947,0.00122793071417409,4.15436319812452e-06,0.00596218444024377,0.00237875095678704,0.00172537754059376,0.000707942627272228,0.0107693513994435,0.0194956708268764,0.000599572854111176,0.0119787688675422,0.00376612088558182,0.00866400556063791,0.00117246908009615,0.0108376796226356,0.0067405253656375,0.00512813956265506,0.0100448594089278,0.756352422583705,0.0308525326638376,0.000314878836836444
0.00315088857269091,0.00128454866396225,0.00292142098608357,0.00705893774878878,0.00502380655225787,0.00401884480231433,0.00251800162477257,0.00130319743543561,0.00175934408910765,0.00902340588913422,0.00326472785007931,0.00184055827020717,0.00985295816673286,0.000477878830301236,0.00635399621212644,0.00949714586888482,0.00451601709791921,3.44419392111849e-05,0.00206100804241174,0.00101901590095142,0.0151537660316826,0.0042790553931476,0.000518111792747648,0.00450914732900826,0.00211150335358172,0.00406903923948816,0.00703493593682301,0.00297787393580835,0.00580258218483927,0.00678610456179719,0.867859028412566,0.00191870728513707
0.0106266188509358,0.0076646615961887,0.000455232527954661,0.00196069903844539,0.0395098281735021,0.0141999941905716,0.0132254439639995,0.0122526352813474,0.041952173465215,0.0170777657798045,0.0256074700603047,0.105072413805999,0.000922266178417757,0.0025977412716162,0.00172339718934156,0.0195412101137374,0.00887160055824794,0.0106407603302185,0.00235047124149074,0.0198208956129854,0.0426833292259435,0.0151727788606484,0.00217193247490271,0.162328216260458,0.0636621521387758,0.0268836822192388,0.00380112362667418,0.0203235862627575,0.00967249504940639,0.00235661007230272,0.0103692305410816,0.284501584037486
