0.66615135864474,0.00921329246494196,0.0128375849080645,0.0100517505181428,0.0113645813365213,0.0316268613273847,0.00425215030264476,0.0166408286694407,0.0410271772615414,0.00751929152157836,0.00695316235796863,0.00862811658756113,0.00456034985025585,0.00173919234665792,0.00791270899209259,0.0635722014928624,0.00358682361220278,0.0142518485986535,0.000123314848982522,0.00735827333415321,0.000329008263800301,0.00397175207062369,0.000612540597353697,0.00791513911299305,0.0022662651862873,0.00172618432785542,0.00135681240493215,0.0171750915043768,0.00639705638970256,0.00277614792043164,0.00371604103861914,0.0223870922066335
0.00957888893143876,0.418968195294069,0.0214700668682463,0.00125538723930615,0.0731336500842855,0.0999838155103898,0.0658904051445416,0.040512461669062,0.0905146681572461,0.00224988457068734,0.000108934969008623,0.00734905025549849,0.00275356080339477,0.000218571968778742,0.00875298008480384,0.0422499952824406,0.00206790561919035,0.0099484376202254,0.00163309135275246,0.00957506447025622,0.00534022030822348,0.00553208145785821,0.00169572204841843,0.00335347739979671,0.0323231942778162,0.00917466743792832,5.06799476320095e-05,0.0101056437249487,0.00311087191502522,0.00228127834890662,0.00104823289366803,0.0177689143441561
0.00744745970721289,0.00842179868110187,0.674579556742211,0.0141537971625701,0.0333017877236904,0.0390411409915215,0.0241909672646853,0.00821511840879589,0.0260124002601947,0.0415880519041292,0.0156017176432097,0.0167856807644896,0.000162377784600296,0.000668495151384575,0.00496440434897603,0.0147939793058364,0.000875836328315318,0.00249903563511207,0.00107528889932585,0.00649495495593071,0.00344376585012389,0.00213161871787251,0.00263166428091142,0.00472175704220828,0.0012766122305425,0.00468912810058982,0.000851095051765293,0.0103453214578415,0.0145715865076101,0.00535410087680646,0.00847010220083629,0.000639398019598894
0.00522420558341586,0.000994839035497807,0.00624923485906668,0.514710495407278,0.0287711298359779,0.0351688227193267,0.0196221567722688,0.0928790924907079,0.0323887960804818,0.0199054866378066,0.00898592936917221,0.0545277814510877,0.00778261861068549,0.00212774604539581,0.000969933401056303,0.0100039454252067,0.00562920847797682,0.00277703354413303,0.00135637535765466,0.00714964303251227,0.0168085001864821,0.000151893498239873,0.0108704803000182,0.0181863921514019,0.0126631578799589,0.0142128749007658,0.00142778403979687,0.0516430623554906,0.00646611733674113,0.00100311161157193,0.00691685574441803,0.00242529585840566
0.000516475814381795,0.00433624931048368,0.00586210646344176,0.00647273476440884,0.326866114296987,0.154884211217215,0.0807138642068504,0.113895176889323,0.0672080255829423,0.0132108993505336,0.004929369141889,0.00258055489749251,0.00663905866329874,0.000433425180293232,0.0007706794575847,0.144100755793715,0.007919892933639,0.00597994827074242,0.00104326243690953,0.00546238325295152,0.0024763402473075,0.00285109118426435,0.00190643256322036,0.0126079707558582,0.0004066806513514,0.00694681461913994,0.000138829053887011,0.00546469490262277,0.0126597401473789,0.000374189802812695,4.83283586332621e-05,0.000293699788440962
0.00406612807632552,0.00201859653615509,0.00760060047921829,0.011676806145524,0.028737110348247,0.593009566892225,0.0241169513524499,0.0746746745814118,0.0483250697416824,0.00852938944018234,0.00638028150834699,0.0484991056814022,0.000217865357183208,0.000502982787277714,0.000893877729880285,0.0426324185682826,0.00102262496280297,0.00985304230418762,0.00355614425861126,0.00202017371968195,0.00170789625162903,0.00540050224291656,0.00455258661948005,0.0155310951838365,0.00211091075416312,0.0119387354647339,0.000430798933345978,0.0126057801535643,0.0259368671589056,0.000468601161588211,0.000225215603142303,0.000757600001616144
0.000184250995904871,0.00339822546429017,0.0054299345311701,0.023308662437027,0.0686478619156634,0.0982245571543256,0.328301831551433,0.101284190088338,0.0382968720161523,0.0140778218250368,0.000502624281970432,0.0333499615981862,0.00534321393712107,0.000855002601153897,0.000343510279209355,0.149958207087267,0.0197198591952829,0.00537712126298491,0.00498538183950424,0.0147579762945294,0.0058722895604433,0.00792638390764464,0.000309917812984783,0.00797670637122257,0.000708750967095481,0.0127637142630119,0.000236426081415147,0.0113291014049747,0.0330156849558956,0.00137467857857334,0.000962686955289165,0.00117659278489921
0.00385455110493881,0.000665446807506588,0.00330119143840728,0.000331882039109595,0.0531935706359895,0.0553179767062421,0.0512189390246553,0.663146714676596,0.0414199301221688,0.0205720658484265,0.00794426711457529,0.0102128892156699,0.00269877963353023,0.000493821330412075,0.000165795884567947,0.0139593156719499,0.00103321780680919,0.000279075024026131,0.000746405648179465,0.00313620564653719,0.00217082002505767,0.00105765098145774,0.0101988171181373,0.020992947584813,0.00432380281985653,0.00565335969619828,0.000386273716243086,0.0145983294833171,0.000153810661948701,0.000946317197260001,0.00274164425924717,0.00308418507616601
0.00505327425227359,0.00218488924300734,0.00534923733129817,0.0128929164120533,0.00119229481964676,0.0252427526138638,0.0499092276018912,0.00742167688251502,0.631062069708362,0.000536590357259571,0.00882808848452541,0.0359533247301231,0.00775581353576587,0.00049265609361958,0.00060256621629397,0.0194972477539275,0.0259357792010529,0.0254632773988209,0.005054195145295,0.00218436212526139,0.0143127413240541,0.00368395282915175,0.00681726744576852,0.00452697693761549,0.0177320767027799,0.000101374356183257,0.00166360611358449,0.0642428071049223,0.00717530267456676,0.00110318339484515,0.00186970710315212,0.00415876410651947
0.00255049285378051,9.15345883430933e-05,0.00167463785026484,0.0418642410948884,0.0101266199731346,0.0195802347839544,0.0155408907560402,0.0445974080071157,0.0266177793956479,0.533422904146724,0.045064451236345,0.0956076032999252,0.00048235748972721,0.000769964050436255,0.00618166241393072,0.0441487791522733,0.000392915182691562,0.00198066701071537,0.00259040831539155,0.000137194811472757,0.00504671963103725,0.000169519300822557,0.000946121718871889,0.000439149153563976,0.00203257807100229,0.00556530808935487,0.00378955654035264,0.0595251856910589,0.0211141478880003,1.74355681582382e-05,0.0055393811978562,0.00239215073711882
0.00566458752795177,0.00162534318013935,0.00133336036432668,0.066161174823647,0.00375704455620506,0.0173144150311908,0.0178542996941877,0.00800534323378337,0.0356203387259353,0.046067460328053,0.471325846009277,0.0619609460925121,0.0287833483071883,0.000956596857745797,0.0032971810382747,0.0268024434883829,0.0106721443020153,0.00937076408027014,0.00151930350282016,0.00243665775555512,0.0304568862310489,0.0029643258531408,0.0131292846982799,0.00343531399912405,0.0143013337184164,0.00425705416647002,0.00308944182212653,0.0813396267148406,0.00587250020553585,0.000134057887458409,0.0199162434553736,0.000575332348724051
0.000302357368600544,0.000870991180644194,0.00882927813025974,0.00279954212467957,0.0173868125026262,0.008443127938175,0.045033844525437,0.0212534695095407,0.0448098609709786,0.0196905414296267,0.00308966388722854,0.503414744813864,0.0553026761254938,0.00118544306760569,0.00101151192025248,0.0448399390988987,0.000231299925204016,0.000383601908275954,0.00102808020375401,0.00706267724695344,0.0156435246028554,0.00273534191347437,0.0181356436091932,0.00192588565711262,0.00598051080892788,0.015228263139719,0.0118276894691587,0.0971175992539453,0.0231651983036898,0.0129350267140714,0.00719768137924707,0.00113817127050689
0.00479045272132342,0.00191453555400276,0.000181216808373131,0.0487546799528913,0.00210675425867327,0.00780793795275016,0.00899516152666164,0.046158192684825,0.0155072225048492,0.042685359210262,0.0622840925794932,0.194209692008293,0.329426848372173,0.000624126549817922,0.0064999329945268,0.0264628221249433,0.00949677673336792,0.00016210426204785,0.00169445836265546,0.00483424425143534,0.00723911800458793,0.00238207470596917,0.00857907992585615,0.0135896835583272,0.00333720892221119,2.0619559086317e-05,0.00170005720462508,0.136065538746765,0.00229116178251071,0.000290582780268839,0.0065135577095312,0.00339470568689524
0.00436907888520481,0.000447944282588557,0.000480892227162524,0.0864845814428022,0.0157163567040112,0.000539865658306047,0.00687590521395788,0.0379084231198885,0.0236706380293911,0.0086095874551437,0.00117586614917773,0.0738205396595413,0.00871617628703405,0.540198903434997,0.0239890944505309,0.0208916449354611,0.00778802996187495,0.00376525507022623,0.00211733522588643,0.00821136223931848,0.00610935758740911,0.00238710079214696,0.0072190649802921,0.00859919422093977,0.00680246627515261,0.00325577495310031,0.000443883961383922,0.056385232929445,0.0212815708382551,0.000288240633529289,0.00388862679402376,0.00756200560181747
0.00439678263618857,0.00193018395202946,0.000292444690300069,0.0169086315992709,0.00346535544499327,0.00879026897561934,0.000733902520730669,0.0339646190369696,0.0382245341944316,0.0148927255790408,0.0015530145351388,0.0516135858182061,0.00512679161750082,0.00181856277792315,0.671364035466813,0.0280049882026376,0.00727416562817549,0.000240076142984053,0.00168499727196464,0.00654522758279994,0.00147889320195835,0.00360752540257216,0.00944637250764115,0.0175394085635183,0.00179751175667499,0.00367159867042156,0.00267492209456286,0.0469957496044874,0.000216485254907496,0.00219572020083541,0.00556036043991663,0.00599055862878545
0.000872781134487238,0.00373649299085582,0.000547966965186445,0.00610147135688193,0.103292691559429,0.0271799032832219,0.0706560123731105,0.0655143541461344,0.104709007924782,0.00302836291842924,0.000113672119532717,0.00339524978382334,0.0152158158477537,0.000876574071687135,0.00101708471273471,0.45937144464948,0.0167863774734488,0.0222058402256209,0.000414963783630046,0.0117387595393822,0.0077214866916143,0.0144933932364334,0.0175916907377388,0.00730663543406392,0.00271542943388349,0.0109965643966546,0.000465782814859767,0.0012359503417217,0.0146963436294054,0.00403611689203777,0.00166427983622087,0.000301499695755342
0.0140157917269183,0.00339778976691736,0.00226493862933303,0.00311339584306841,0.0282930693348019,0.0285512194762123,0.0202941062355868,0.00758591800215133,0.0548850102741211,0.00199287667595176,0.00502096275682892,0.0396502585204867,0.0125435042275559,2.20735453261808e-05,0.0012856857104403,0.0687537149670873,0.584102234165543,0.0090601431070731,0.00105018813630201,0.00189008362810546,0.00983845235721546,0.000512403734748028,0.00237394530080943,0.0017746085013923,0.00240188233740482,0.00374422584102528,0.00217760053131089,0.0569351871952679,0.00403407397452669,0.000507696746673393,0.00111256103347057,0.0268143977163441
0.0316060015745367,0.000562176976613343,0.000208485530932614,0.00774105557894745,0.00468324942516265,0.0092019534797735,0.0110352314529728,0.00659266186080224,0.0120090397403787,0.0196408959862539,0.0369251303559423,0.0353041059741773,0.00335555817156938,0.00627406069777507,0.000834770706630657,0.0255023032539991,0.0195473232270842,0.680175110338952,0.000634075179537605,0.00179609722524705,0.0159391334421782,0.00196322204996671,0.0118319805462821,0.0067121526124817,0.0216017023192004,0.00297665733998231,0.00074575552687278,0.0118034173976129,0.00277517547015966,0.000967367270784893,0.00106489550569904,0.00798925378149071
0.000112442873119199,0.00161349515955337,0.000959123645801584,0.0547264501944112,0.00135264363548039,9.10654218408592e-05,0.00975880853244715,0.0173143228622959,0.0102528374303612,0.00699637622449118,0.000117724259502511,0.00316693198428129,0.00132133889149728,0.0025213945871112,0.00892031647475634,0.0252111230745032,0.00194927529363571,0.00989029339268313,0.660024456740007,0.00369387812075749,0.0600144265425384,0.00274103114061703,0.0121009987522204,0.0117107297064155,0.0228652422229418,0.0118669283909803,0.0134846795418373,7.81564076642945e-05,0.00379208369194055,0.0204564004802462,0.0146898725393274,0.00620515178473369
0.0131657516821623,0.00190358879793965,0.00557784071285744,0.0155749606994822,0.0233872712564804,0.0157451163603495,0.0316138745659637,0.00156220360320984,0.064738250040245,0.0035017831281323,0.00557649571790644,0.000974109852877838,0.00140150206574934,0.00998254047992499,0.00661113925764569,0.00856962292879683,0.0238358434327846,0.00129215136999654,0.00415484049689862,0.560788060832673,0.0150081704617464,0.01770843559245,0.00732312182379869,0.0131331739123685,0.0150948510375035,0.091500129953929,0.00384436283375003,0.00957557764037975,0.0160463909713025,0.000633300976572676,0.00226082140990788,0.00791471610421512
0.00367928330154616,0.000349542542322757,0.00112996732267609,0.011049530030323,0.0567765343880887,0.0150209920102729,0.0229073942182924,0.00847354822520372,0.115488595720509,0.00333118797580885,0.000391647816596839,0.0138833346698404,0.000569271463813753,0.00195436174866125,0.000347877884728764,0.0183164953751006,0.00690700720565352,0.0231289917872541,0.0051253239215374,0.0396611925738886,0.455026562049658,0.00281251426714869,0.00719699333379251,0.0850363648295036,0.0106864053709434,0.0108653245142432,0.00485669144460601,0.00730000068595878,0.00735552027550504,0.00492559171349092,0.0131393239876045,0.0423066273454266
0.00708287812388516,0.00186792736082762,0.00506465022070839,0.0108090305354964,0.0370546190399637,0.0130553128700186,0.0549551896093097,0.0118923538423127,0.0571511807546272,0.00689026989716685,0.0125347956823579,0.00712853536187561,0.00290288190319874,0.00174409984946821,0.00184699615538678,0.00496619977981083,0.0135948164049142,0.0104838201639077,0.00104928331177411,0.0544386709083731,0.000468988599816194,0.549314988033229,0.00465944727834215,0.0154399873031909,0.0762152585395268,0.00841924431331653,0.00253717881734705,0.00394139961439522,0.0107028163080991,0.00379357425688505,0.00566677006590568,0.00232683509456301
0.00224897379769121,0.00037796323407393,0.00411816909101075,0.00195715811784258,0.0543005148290237,0.0572991105231296,0.0171853636145691,0.0125572523532684,0.174447863441093,0.0114258928137996,0.00735270596005938,0.000724296441861619,0.00404944113935697,0.00285318768025028,0.00295928545547028,0.0460733250576318,0.00282198509948841,0.0200186312897046,0.000331164434949393,0.00412002808062498,0.00397148842043731,0.0129873352282804,0.495733608483853,0.00482417363360316,0.0263654256919153,0.00682694534563087,0.0023310902611182,0.00425947279644202,0.0041228042769693,0.00265001597669585,0.00347614379191811,0.00522918363823718
0.00117527344179959,0.00140552301282756,7.75209797467026e-05,0.0047109991713556,0.0687030774435792,0.00420375115404552,0.0460829216377867,0.0225602770663358,0.0568518468599397,0.00969000077136052,0.0107612129798204,0.0173283586149986,0.000633450285834811,0.00225606665462797,0.00217545141608552,0.00172248205276805,0.00742196221163037,0.00271615789745621,0.00347599594232675,0.0211184193941727,0.018020202461912,0.0105545537430987,0.00727799934512835,0.578398652997809,0.0227294664521254,0.021878963574989,0.00993259967589661,0.0177326481409794,0.00153186712192149,0.00319071575907566,0.0138298259300978,0.00985175580846832
0.0335631277649836,0.00396119141097314,0.00503602612766909,0.000768096626526631,0.10588877429702,0.0079343106011997,0.144547696866745,0.00530349386462092,0.0412141594754375,0.00255164368985633,0.00486464132831035,0.0327609173465062,0.00164290628973412,0.00102927978471364,0.000660359409571975,0.00434822856860472,0.0184947452795068,0.00850459467551296,0.00447859695863536,0.00138402524589943,0.00479075891407403,0.00699731273624919,0.00171914438658371,0.00995075449598594,0.492299700968952,0.00469623926293698,0.00186775064073388,0.0272896772344085,0.00427297730591901,0.00083422746875235,0.00214794661574902,0.0141966943576271
0.00427901242588441,0.000157996898633818,0.00328895548675228,0.00384979589948397,0.0234428104966649,0.00493947839830455,0.0231886849236028,0.000407268787379074,0.0567865080167775,0.0101216616544117,0.00909550781791019,0.038961192619635,0.00240591364851729,0.00106027004476607,0.00503495748500703,0.00750656027063292,0.0124689602182063,0.00148175701136312,0.0117437084435193,0.0393651965261853,0.0561367365942851,0.000425483336044114,0.000954314314279281,0.0112824531338798,0.0342532424954143,0.573756856827493,0.0132280633936315,0.0420358474259527,0.00611723898032573,0.00193570707361808,2.03366702137098e-05,0.000267522681225357
0.00154461645586754,0.000234361081376768,0.000175002207792134,0.0315723675719412,0.0941026083112747,0.00359641436253726,0.0263637058114085,0.0178456817651416,0.109966625938095,0.0235162556168165,0.0188786260365778,0.0528170822815263,0.00513108948308814,8.06537300083101e-05,0.0018489110601891,0.0034569480315305,0.00932603190884015,0.00301966596437386,0.00216637690219567,0.0378280030707729,0.0215826951285092,0.00205623053456969,0.0128450581727092,0.0158119523467095,0.0397965236025381,0.0905173300731937,0.324297441950088,0.00968742852158757,0.0191069568018262,0.00295368996224231,0.00151633513938064,0.0163573301752923
5.11969056725099e-05,0.000343853523022887,0.00579272803362138,0.00334435747052964,0.0353694988539223,0.00129824584579625,0.0460066401049249,0.0212663251431821,0.0316728601747177,0.00594636558218027,6.06224192372441e-06,0.00279029689763665,0.025212110676965,0.000646006966522101,0.00207467661194195,0.015039366231376,0.000201030205286806,0.000389114637510268,0.000224369237072762,0.0101561487833074,0.0160460056617247,0.00161625325029005,0.00857366110322759,0.004856562751598,0.0090661448442618,0.0215166250425907,0.00987319758518054,0.678904632008688,0.0127374919206696,0.0151857249558391,0.0128628661742669,0.00092958057455053
0.000178132861262174,0.00102709101265773,0.00105117993041583,0.0426302813387125,0.144028537192542,0.00978380014527393,0.0515399015879133,0.0301947986823726,0.125206542426613,0.014744329043874,0.00997216316869267,0.031941444862126,0.0215976898243086,0.000423692453272546,0.00033480480834084,0.0018875781378154,0.00292551152449626,0.00675351112199505,7.52539693018003e-05,0.00995564580269412,0.0143157941918702,0.00286354948688757,0.0160461743527915,0.0309515915397222,0.0492413457248004,0.032447714318947,0.0207897084212209,0.0149132847336959,0.24591457774653,0.00266777324329528,0.0535004723008645,0.0100961240446954
0.00205306141971262,0.00341634617105382,0.00818397603462291,0.0110698032447115,0.0235652142598706,0.000373449380627137,0.0218559215200584,0.00492088220125561,0.00481040703050623,0.00272535662994035,0.00967186633009392,0.0201772606969021,0.012733983809344,0.000775634596230747,0.015725528937236,0.00316116922255779,0.000288816068807056,0.00153545834846352,0.0097276361609659,0.0175790156537057,0.00477776307320133,0.00339452984347,0.0114054305216048,0.00593127707799769,0.00517969221220124,0.0294258422014108,0.0172313752478615,0.0149823556118694,0.0215854022441147,0.629821228158404,0.0691210522197654,0.0127932638714326
0.000969279923520113,6.31708595332392e-05,0.0010272632180181,0.00872478386680625,0.0324813830850397,0.00160960493500927,0.0297657332991549,0.0113523818007749,0.0244313876928202,0.00491746489217863,0.00124692683933337,0.0337309565505441,0.00783068594025698,0.000193757455329797,1.42357982795867e-05,0.00081051227760133,0.000565989237997436,0.00345284645520864,0.00032768109374638,0.00576254530626241,0.00508482215910485,0.00131231869478005,0.0175287503556705,0.0231836332805185,0.0298097345853971,0.0051252550217225,0.00756906507898557,0.0215736075884149,0.0145977728091369,0.00288203791180048,0.701988916012587,6.54959744667071e-05
0.00120414652747398,0.00205289830909175,0.00284647448806367,0.0074363689344491,0.0856321910848866,0.0280166342621201,0.115839602009413,0.0585611671860774,0.0989495832131441,0.00241709825885291,0.000648981489125836,0.0431454146951903,0.00232021667216344,0.000756238247207584,0.00394135260796633,0.0248340161086693,0.0154002828246029,0.00452330544585177,0.00262757652370534,0.0190239961316012,0.00362117638038421,0.00206558918225966,0.0046910656655793,0.0506080865075657,0.0312167160812493,0.00114447026756242,0.00217516163030922,0.0243561630522873,0.0224320376042594,0.000426687672074428,0.000684381618744818,0.336400919318067
