0.351945396606805,0.0316391695650305,0.00246969770223444,0.122222082349387,0.00361370018414834,0.0154909103327929,0.0112884622942114,0.105762978865302,0.0969431325826751,0.0176492268759459,0.00136473021134032,0.00858590548567083,0.00172802052705702,0.000127254599182802,0.000761886131290804,0.0731308674927162,0.00247863062151695,0.0139192459793571,0.000427546605196952,0.00378569629994657,0.0332395102495756,0.0131400436306841,0.0474047352268174,0.00444310289605042,0.0112427915857141,0.00550909714998502,0.00649344847215703,0.00898839902757834,0.00275632431615981,0.000351079991293261,0.000767872547474286,0.000329053594702818
0.0010682427898906,0.213922927210414,0.00112191709908071,0.0659397933332159,0.0314077475989527,0.118560481452092,0.140458891476413,0.131099610893522,0.0198000071892357,0.00895386792034442,0.00487290070357801,0.0116918985584335,0.000297379167112939,0.000215424363664668,0.00077513161920299,0.0097082214537058,0.0129394410914533,0.00268201679077603,0.00117402596957341,0.0465922059543034,0.00517742883024348,0.0100333323872954,0.0140433544389938,0.0995170660504995,0.00815907674048962,0.00214389650131184,0.00209010159409566,0.0158071752504789,0.00501331231961342,0.000305099187980489,0.000715886985825028,0.0137121370782086
0.000399857232040843,0.00381326868822082,0.209034379788365,0.182210501167247,0.0765017698528659,0.0402564279888953,0.0198031481864094,0.198273880810316,0.0166179152503302,0.059036394793624,0.0136184576896401,0.00354738001926481,0.000516137089028471,0.00136733926479538,0.000694059100008926,0.0380580350234214,0.00335741328466461,0.000534456346323753,0.00031612032071187,0.0455474132550151,7.84407628506191e-05,0.000360408849146572,0.00214784899076228,0.0601129205436386,0.004276262592658,0.00180198914143892,0.000181975957503554,0.0101306731521473,2.74414921572829e-06,0.00235753502594572,0.00235438091222727,0.00269046477127727
0.000115828353737156,0.000738860821028919,0.00173566251087557,0.295484938394823,0.00314466957776535,0.0488747469552438,0.0323380255189871,0.371911328539133,0.00238158090118134,0.127533283987329,0.00084784452386179,0.0324870708032887,0.0200869328239883,0.00257941035412917,0.00105221390574962,0.00410822796176505,0.000143498246920062,5.41688868697144e-05,0.000109875314635836,0.0123759007502019,0.00176903012317671,0.00387322161898429,0.0103080521162048,0.0103079493350225,3.2193900223137e-05,0.00273209308703079,0.001332896048266,0.008513136809009,0.000661282435473318,2.17943100341179e-05,0.00119773913655109,0.00114654194851045
0.00503325325214975,0.00867755741193064,0.00410428187400755,0.0403740178857081,0.422006109634478,0.00843887538708914,0.0331332950002472,0.0260369526604704,0.0981310687079103,0.00516752608318946,9.21884627088673e-05,0.0344518939148616,0.0127921559323099,0.00181851785778007,0.00328114625664863,0.146925676280268,0.00168891991293234,0.00753830614918092,0.00029137916827252,0.00607547223923539,0.000427544578498776,0.0104631059037113,0.0537882915709255,0.00327496053742221,0.0055889839928531,0.000799446463656122,0.00647486424407513,0.0264226030087021,0.00113970436535332,0.000268551612315107,0.000338226581817775,0.0249551230692908
0.00317654054638955,0.00856318872773996,0.00132716498168097,0.116856377488374,0.0638332913048991,0.476819465197217,0.00615495796478282,0.143613901831702,0.00337785579579122,0.0301449428666691,0.00742102103849957,0.00577709873097289,0.0183052576242457,6.55203948218896e-06,0.0163423756543877,0.0154691784240518,0.00123650658462101,0.000220216049185193,0.00113968291860696,0.00321952193110311,0.00221715328915184,0.0040806927318192,0.028440689872727,0.00227287285017212,0.0100992656794971,0.000490721273693353,0.00702692462623417,0.0105117240486051,0.001758500401142,0.00214533855326868,0.00370645352971249,0.00424456544357563
0.00737140362093608,0.035403226068039,0.00580693563475055,0.0582761343809727,0.151584142880356,0.0152712040591104,0.231297335985705,0.031534631937436,0.0598804471990776,0.00270732807966686,0.000688166317908445,0.0807998435196973,0.00588067840390611,0.00435417099495093,0.0053720380936423,0.119883850910199,0.00464318653170631,0.00128606844193066,0.000254594245880295,0.00332219478655171,0.00281371924566258,0.0163584687135775,0.0742845774346091,0.0023736259479888,0.0123272297856158,0.00172941607515748,0.0068046710192737,0.0488942045476923,0.00209607668979748,0.00273802832315797,0.000697615646538317,0.00326478447850489
0.00241950307181039,0.00469516897726524,0.00404436988451878,0.230872299627105,0.00959737045324631,0.00960515783010534,0.0300170471065282,0.411239441429929,0.00505960310876552,0.10978549327432,0.00265699281288918,0.0377073243525569,0.0389603244876119,0.00254761962210886,0.0015041374058883,0.0358071119411993,0.000452624927925376,0.00050560709204749,0.000430302195634341,0.011193561591337,0.00308057962078259,0.00614725741531547,0.01742215446483,0.00665428913208676,0.00139377067704229,0.00173297817229393,0.000422812436201968,0.00883125405222216,0.00109619725532543,7.42735890211612e-05,0.00249401325913384,0.00154935873295205
0.00759482746195021,0.00381703240759671,0.00397285851015545,0.0226017025069579,0.0196272670579163,0.0153912900221699,0.0140932241492166,0.0125048553005625,0.606363306795175,0.000419149238966113,0.00564693717798274,0.0234204276778716,0.000994378163409259,0.000950340203168505,0.00118399540069971,0.0429330797883663,0.00713763742472581,0.000515450198085926,0.00615204432246794,0.0534787680987375,0.0031418669540737,0.00133273931427599,0.00591103075120368,0.0667328420036788,0.0194328947316518,4.08982639299108e-05,0.000527239925778472,0.0235301749009239,0.00120446135726719,0.00197309152919602,0.00274213812323506,0.0246320502386035
0.000482292635636474,0.000852401792990917,0.000636598407001103,0.278665625076274,0.018304631647745,0.0738892870768017,0.0111592467602856,0.335174929198475,0.0101801018589883,0.210920053906903,5.64152569007638e-05,0.00798747373742652,0.00862244934757627,0.00119395378025889,0.000174218435413149,0.00398180643938077,0.000129426523495653,0.000784159212677384,0.000163294991738782,0.00763004281679902,0.000750619283195331,0.00417369382859778,0.00840205141221646,0.00901496336150227,0.00137469137267012,0.000985924658007986,0.000729075591043397,0.00271390707786761,0.000487848610197514,0.000175045045176687,0.000135970189963393,6.78006667930262e-05
0.000590214062651586,0.000850258195336764,0.000570325780062354,0.28050322837208,0.0154663641713591,0.0606615584581926,0.0161343727931291,0.31802361231776,0.0107457760814062,0.132537665535475,0.0743658033504958,0.00122853729229725,0.007916900268972,0.00165566380091163,0.000422874376618524,0.00126764480637314,7.68878244081663e-05,0.00280992205471542,0.000513255587658248,0.0165597771658613,0.00201546777549154,0.0119240568957822,0.0232270915744972,0.0159484064980704,0.00134790740967824,0.000991628063647557,0.000239910992573803,0.000315351205617302,0.000416883852713903,0.00017728814295934,0.000114460243871378,0.000380905049332339
0.00514883172361765,0.0159048103504986,0.00264474091865841,0.0563103167654847,0.0617331270755816,0.0322359799430244,0.0231807330146654,0.0698172476373181,0.0231792181319252,0.0222065708410281,0.0170753494141542,0.276700357857306,0.00825050614452546,0.00096864343270098,0.0293369475249167,0.0447408143237161,0.000266457024015353,0.0182570946649416,0.00204595457057751,0.0496780406510971,0.0202560881598514,0.0223785472477369,0.0545454369034781,0.0459430756515396,0.00301714028876346,0.00459512216718685,0.0113281289356968,0.0441656266936616,0.0169196726597797,0.00492217842459996,0.00999776606886004,0.00224947478909218
0.00626358294077544,0.0203546941557175,0.00130597585267161,0.146240974139429,0.085643122280823,0.0298296574637189,0.0504679229432105,0.140264450270969,0.0287354924654943,0.070405524385923,0.000160499200705442,0.000156174824101831,0.201092344974426,0.002154508905564,0.00635360317640366,0.0723754934260069,0.00052459278356687,0.00975502141216761,0.000954428694591308,0.0177810330647007,0.00510981123090961,0.0238517828647877,0.0381617276428612,0.0240567431826909,0.000815440709785948,0.00122386678080069,0.00155388045133562,0.00665956191214917,0.00394861168556269,0.000938980694915623,0.000725383195403769,0.0021351122878303
0.000184671220014779,0.002641873258407,0.00433954927255648,0.264336651217081,0.0119142583663556,0.0991671895824773,0.0217269329405443,0.325100596374726,0.00262619734643736,0.064603480611346,0.0044847908588207,0.0057081063428753,0.0044997024687944,0.153634470620057,0.00434348574024799,0.00584216898032448,0.000109473253181041,5.96661760961057e-05,0.000490126340264774,0.00304841704308201,0.00178535531187602,0.0001621717182727,0.00244210753524405,0.00586334980782437,0.000745149127876381,0.000158113057544567,0.000857281856597392,0.00553892232924769,3.71726118919208e-05,0.000625425233724012,0.00211417838902729,0.000808965007183717
0.00370443763171748,0.0135126365380124,0.000277655936681038,0.0578341192911876,0.0722417946896575,0.0533515113808404,0.0391343860561605,0.0769949884429205,0.0275549120757652,0.0144178315125807,0.0130362960527097,0.00853091720734754,0.0282306649742431,0.00388152145898439,0.37298776549241,0.0470848826794538,0.000210083563330052,0.00238976165061605,0.000643826101599717,0.0130185922666524,0.0193195807243058,0.00832978540221106,0.0117522932480675,0.0319031398605767,0.0186624547091613,0.000672002165018274,0.0103241878095133,0.0428081675494032,0.00422011586613159,0.001272989929441,0.000360733155023615,0.00133596457827659
0.00328378946985724,0.0269459926590876,0.000849605173727717,0.050305092280654,0.000684015876674751,0.00124823227182075,0.0432653872897753,0.0222795231708034,0.00553628512078056,0.0105386345315368,0.00332861140598198,0.0545628203674518,0.00157205394166116,0.00428327027832007,0.00501949825539444,0.473197725350931,0.0114557671656006,0.00100962685087815,0.00203976136797576,0.0325771465783904,0.000498829715881683,0.00965251749461751,0.0247591639879988,0.0417756642000509,0.0944655634241462,0.00316684202205464,0.00163021430589479,0.0272130297736937,0.00336574169423536,0.00845477115220551,0.00449630766084337,0.0265385151610745
0.00869915240286048,0.00308584430937483,0.00039455237542022,0.0549527274013986,0.0704130663642666,0.0110945381569272,0.0352372026902562,0.0592139980738677,0.0193666566039002,0.00959544831851973,0.00331730689853164,0.00487884389785762,0.00257004004888942,5.28365914786075e-05,0.00218982376538145,0.0812193525078288,0.321171323479408,0.0145667018058549,0.000356066073293617,0.0964379008728908,0.0172019223035169,0.0185347090087403,0.0143154315886873,0.131445400273001,0.00698356951230948,0.000716110464683663,0.000893207521589401,0.00649260678973194,0.000861735893429237,0.00108148155232155,0.000627395018270763,0.00203304743551233
0.0044401968812482,0.00408734519454247,0.000763191499115212,0.0156356319744431,0.141002925202338,0.00342598822577118,0.0988120648079461,0.00613273678766736,0.000959388206426547,0.00978904895046383,0.00830844140638107,0.0249898667494731,0.00897218844991429,0.000386464127644361,0.00147460745965063,0.0757885947850885,0.00960344101892447,0.293244305106953,0.00505475125776895,0.0582400957395222,0.0213907009325213,2.78063218399212e-05,0.046015444121976,0.102068709712105,0.00981998409287788,0.00451634020360391,0.0019429286788345,0.0341639237744557,0.00210308371548062,0.000245237107253482,0.000979468431361498,0.0056150990764065
0.00140597614923853,0.000112405821951416,0.00148219715207196,0.128652410138167,0.00578977921833159,0.04591207883274,0.0055561991396199,0.15252770564575,0.0389236249536449,0.0361112644416479,0.00429095663605696,7.67132947972322e-05,0.00102993122118001,0.00105613579046549,0.000774214414105931,0.0189399885666191,0.00109013185914463,0.000652941214287127,0.214604639628189,0.0963109791107345,0.0432461121095553,0.00514259004003297,0.024217659056832,0.137488983029463,0.000969060435750313,0.00333617007074037,0.0143542382570062,0.00547279942460413,0.00274603976048847,0.00237795801864895,0.00296452431756745,0.00238359225056759
0.000502414368451152,0.000159586704624477,0.00265305841569346,0.0931753319010565,0.0126598200113914,0.012313669585525,0.00130395663315038,0.0635408372869834,0.023537234606806,0.0430037335967888,0.00351649493836653,3.00971201404464e-05,0.00169515760674352,0.000128424402636852,0.00188957946611962,0.0173802664875145,9.19819468418383e-05,0.00153817903324036,0.00210607005575456,0.440324034546739,0.0569290401619988,0.00491288902850076,0.029761962383033,0.150078650253746,0.00771231614064351,0.0162917231789736,0.00296474356157269,0.000218671591546552,0.000348607471365524,0.00132534834102588,0.00445206598764806,0.00345405318537844
0.00301233114193405,0.000670617067576229,0.00424950775422876,0.131069851646016,0.0482534614806781,0.0228531206963984,0.0155696515356074,0.0962655039880209,0.0939982890977523,0.0214381495339387,0.00253565010015097,0.0229928418043248,0.00361613864983604,0.000283775957461874,0.000247854256453564,0.0628328395581479,0.000814397210039996,0.00339997919449501,4.34087899353142e-05,0.00176083626143682,0.265533361435094,0.0105085888736544,0.127286261227341,0.00920336628781214,0.01325288465236,5.19433500278471e-05,0.00312549171779379,0.0209471960987151,0.000822613798098836,0.00191584031432551,0.00173722526232064,0.00970702125802363
0.00880041978472593,0.0059791841489908,0.00185861591323176,0.0966814082459042,0.0265122682685807,0.0161591540092367,0.0125107579105806,0.0713392286041863,0.0706437943868206,0.0189920964751548,0.00222022513436101,0.0409677298072415,0.00160935812645795,0.000857255864352935,0.000190673685296557,0.0553819677633862,0.00650836055368844,0.00414363376984589,0.0055581541879103,0.0267766808355594,0.00703912550624133,0.343387978641669,0.0834102988416367,0.0397432061428753,0.0030852684649117,0.000267441956984608,0.00675239216632552,0.0357236301913882,0.000663374142045892,0.000159074926024247,0.00167625777809711,0.00440098376628757
0.00474800878331043,0.00232623897436952,0.00248009301290584,0.0957951976555839,0.0275862963363931,0.0224699270164648,0.00724499130246461,0.0691240382651207,0.0746167273686182,0.0135615529571988,0.00282754085988682,0.0415423584671823,0.0015546780587564,0.000573037056128991,9.05180244042465e-05,0.0490493562487422,0.00442982471857622,0.00152568461134612,0.000461101430518801,0.0144584776222022,0.0088257139535168,6.66185261204368e-05,0.454020984030943,0.0551630741268062,0.000133664278328146,0.000801429148997983,0.000826814078386767,0.04017490343796,0.00080066833534596,4.31623954547648e-05,0.000353722846842259,0.00232359607112374
0.00100164054249787,0.000560456144747923,0.0052817066271231,0.150217459496306,0.0215726153001837,0.019390688969909,0.0007203418256289,0.108369308624258,0.0614539853418978,0.0533089556195413,0.0050899098708094,0.00370488523635771,0.00440538972834078,7.56956079463651e-05,0.00322911127393967,0.0366171864199898,0.000164890045031536,0.00351174457037184,0.00393374923373927,0.189958044259663,0.0957233847660648,0.00745548574619467,0.040177778296132,0.122319214032177,0.0124695689259919,0.00592829641893668,0.018686069943573,0.0048557816958908,0.000475858288447406,0.00306433690735869,0.0068090457882331,0.00946741445271665
0.00967404434924095,0.0203515632605607,0.000205790767369022,0.0700430865554314,0.146727498316187,0.0224245343497997,0.157697669671206,0.0546830969490509,0.012311476451876,0.0171334630268028,0.00634519540481234,0.00373195095912688,0.00592041792725054,0.0022729262263059,0.00414124499880591,0.119700376916604,0.00313407824305368,0.00117077920025375,0.00548201333272026,0.00847188036696704,0.00288508072041884,0.00957552422949479,0.00327208301794855,0.00539653449863734,0.23830232118431,0.0131693127460006,0.0134707723678396,0.0122634116907254,0.00423866423841775,0.00468325450471298,0.00249519000058989,0.0186247635274798
0.000315550779183834,0.000316712709696368,0.00108059302148072,0.0667979292439101,0.0144395414143139,0.0118572677307439,0.00120827529998599,0.0466561370922415,0.00207255929836773,0.0521443198796854,0.00624970640036962,0.0188110899108439,0.000817932279218176,9.92748009425811e-05,0.000302897960289585,0.00691368083308145,0.000187173267225667,0.00102821709720739,0.00193866533112238,0.108454336778493,0.0404524676364756,0.00173930944176308,0.0508736842366085,0.111824862511684,0.00318016758844912,0.421948688807727,0.00740306723047718,0.0159010803085569,0.0022501680351062,0.000894338811341676,0.00181999011632337,2.03141470842104e-05
7.70881017914219e-05,0.00136017687284772,0.00188489689018241,0.0925013848719258,0.0116436462239741,0.0172452162010888,0.00137143970362145,0.0796437432183829,0.00471485568053223,0.0489097532744009,0.00754308308632793,0.00630066435448005,0.00276474018406462,5.352469808453e-05,0.000756058317254522,0.00724001473140146,0.000739548240927849,0.00101597096895119,0.00592081749930591,0.063115115490142,0.0835383114886361,0.00697391494541593,0.0636457397524505,0.0485816245581575,6.23292973378688e-05,0.0800893416917773,0.345065244574217,0.00971087961971467,0.000780835505699472,0.00228191426520476,0.00437615767238483,9.19680193164735e-05
0.00164658660662832,0.0056505830622971,0.00098412698686452,0.0256824737161568,0.0475800845916877,0.0146607888607375,0.00564488216944737,0.0189488698482263,0.015631336265371,0.00209811643577175,0.0613305136887908,0.0176170888321044,0.011279906583686,0.00135899371178118,0.0267813431779528,0.020498691697581,0.00016293001373413,0.0174739002591033,0.00430551704357394,0.0885399633973111,0.00291705458067106,0.000283869632929296,0.0159584466760794,0.0548997427043378,0.00756478386461837,0.0230477204585936,0.00654430769452042,0.452046581330646,0.0247613619077786,0.00760459875404577,0.00753335824468974,0.00896147720228299
0.000200892467292392,0.000377122323771746,0.00344976819603147,0.0719867162865601,0.0496611624314579,0.00033039355294997,0.0236401039646003,0.0256721046209896,0.0685116275270718,0.0829295397888398,0.000998218409090132,0.0337766539422326,0.0156920192042608,0.000166637570218575,0.00295987820561768,0.0013344013147304,1.47354902193632e-05,0.00152346795792005,0.0090707228706825,0.0048588776452254,0.0338086896516088,0.0578294594424112,0.0512567807595361,0.0114115929451084,0.00253151222175519,0.0118130287058245,0.0102959432760706,0.0276730430898863,0.376842057101076,0.000996217938530729,0.000107861737601886,0.0182787693608272
0.000423778974683824,0.00206557949081927,0.00106252444210794,0.0122043526876509,0.0253954316053156,0.00341143750550166,0.00670945560908308,0.0187055169862561,0.00886279578898167,0.0149185023751343,0.0119440366566338,0.00838875088326599,0.0104963771145932,0.0028071473169989,0.00242016817512475,0.0172532349796345,0.000326998155876409,0.00282928682526947,0.00342493618671453,0.143340198795902,0.00538891716006617,0.0253728198524216,0.0504393126175094,0.137779039206531,0.00927912803216455,0.00189153331065122,0.00203493919801258,0.0497676668798438,0.0002320531097225,0.408789072579133,0.0098859545683205,0.00214905293007546
0.00108151671904112,0.00544049720624139,1.55556736482559e-05,0.0332340571704466,0.0166243625155196,0.0251511260202217,0.00431430702612282,0.0335469031032127,0.0111382049586014,0.00684714176138699,0.0127971199618087,0.0107135579244429,0.0206127953175847,0.00160752054820168,0.00764335145172373,0.0249449638000336,1.58547222953499e-05,0.0116353457324385,0.00288056712090644,0.0276293633788226,0.00932695301295127,0.0160032017165367,0.00708068184131054,0.0190144385074166,0.0060022821658786,0.124350530614988,0.0131185927699283,0.00462195477366865,0.0159278035988356,0.0229692464660687,0.49994824863442,0.00376195378529641
0.00759592051518343,0.00610534802723789,0.00187604431715663,0.0594890033834105,0.162873744406463,0.0230933336084802,0.190293589199879,0.0383422718439795,0.00694767527609805,0.0174038438389156,0.00277947757407033,0.0064118884734609,0.00428507925519413,0.00166698230824408,0.00198292518704292,0.0939981244848154,0.000215815322683813,0.00858472445343251,0.00497569331821351,0.00186792529278535,0.000356204643372677,0.0166332314309094,0.0315634219937745,0.000302996959602843,0.00202455602824587,0.01037552427824,0.0101161315060274,0.0196033580886588,0.00277886507373539,0.00211354313162798,0.00219436148324408,0.261148395295815
