0.662375088432367,0.00734536778636362,0.00278842393101625,0.00507314710170005,0.0720122326112979,0.00424975958661361,0.0537083731477931,0.00475809067187545,0.0213078670969362,0.00387013363335941,0.0114919886879904,0.00164668274751191,0.00943431130137795,0.000216595409332075,0.00982854363122415,0.00751082566827993,0.0109754361737461,0.000975577028693986,0.00111176109257177,0.0105945358028599,0.00188945446141952,0.0015422861471399,0.0105626192215681,0.0212277078223946,0.00788763016810975,0.00587030514600067,0.00100846219044407,0.00834604993280591,0.00573051883954059,0.00325453962782283,0.0153760086455393,0.0160296762543039
0.00768184539525602,0.635103529844342,0.0637168168891242,0.00318611679511315,0.0224450336813177,0.0265863807082338,0.0440977129901531,0.0159538452788928,0.0112367764700978,0.00210305897374851,0.00534567437144036,0.0153451767742311,0.00226877690355845,0.000476956558849708,0.00583769513473637,0.00707942673550211,0.000267994235314374,0.0047305079443984,0.000906885133834796,0.00520462467383387,0.0121920063961307,0.00444751757445703,0.011412159459195,0.00488180964636362,0.0406475158415849,0.00288298487194612,0.00151946213500588,0.00957114191645603,0.000317647685735029,0.00116011473705984,0.00154449794058238,0.0298483063035043
0.0075529157987859,0.0147685530654616,0.758868616545372,0.0138114394435251,0.0106556337092639,0.0133353237053006,0.00797750685779313,0.0185150633818201,0.00972403699570857,0.00265830420353671,0.000794353247004095,0.0193806629163699,0.00577391383626344,0.000545816291011065,0.000748500479009531,0.00774740372574028,0.000958261013797737,0.00110007186416474,1.24281441014915e-05,0.00482985364296583,0.00451356764465787,0.0138607397727912,0.00929464725834348,0.00765562705590727,0.00746006379475259,0.00682946543547088,0.0186027460266255,0.00361509301738908,0.0194370467393337,0.000347901138627321,0.00140137458435749,0.00722306866474772
0.000568848868494958,0.000382113900775904,0.0157566069763691,0.604115919559854,0.0295367267941609,0.0607262168494437,0.00545792349741875,0.0321429550690108,0.0874566746388031,0.000696617847985958,0.0116421156186102,0.0227380742548871,0.00798428700335272,0.00372573995089703,4.81511072132407e-05,0.0352597714194154,0.000669991677958566,0.00167432886498391,0.000191512348640885,0.000288668164983919,0.00988455751364506,0.00678641699058181,0.0283596112827038,0.000986169491219109,0.00370175724930976,0.00104977478533693,0.000823057043672633,0.00463493652279346,0.00953662454399614,0.00101553564122696,0.0078474837406893,0.00431083078156507
0.00342774432438795,0.00254225128162913,0.000150205421598614,0.0651683018087603,0.271233609460741,0.026062941970988,0.186860577033208,0.021056601162829,0.0168187379064096,0.00633536056458259,0.0211361186532618,0.108758747362592,0.00620605948015303,0.00116145884649439,0.00598882003905317,0.105711726111466,0.00432852709373617,0.000414910810317763,0.00138763154830965,0.0103631695979621,0.00212199006431302,0.000331646543227451,0.0104644663914189,0.0119017289961723,0.00812599792670965,0.0051640919530495,0.00273519899337794,0.0772601644201652,5.00747749787582e-05,0.00666553390019215,0.0018299618692242,0.00823564368868994
0.013529217368361,0.000319682493018883,0.0104809754973698,0.0159500814244291,0.0367538201145636,0.744781919744661,0.00540514234253241,0.0121068331157715,0.0188622889247294,0.00527804561076523,0.0168043538286508,0.00512835849817326,0.00224210625315303,0.000616535641646773,0.00365729057556394,0.00444194560748149,0.0034589805513602,0.00280887307353554,0.00287773733546405,0.00295867109098935,0.00315509367453625,0.00342526939331575,0.0304330624907884,0.000515318276975921,0.00141273285247328,0.0005949347342281,0.00486267834155219,0.0254637042585805,0.00120604594541326,0.00382443096049178,0.0156443726917698,0.000999497287654669
0.000779240904774073,0.0015553118452286,0.000427029550411413,0.00101551424923041,0.126889156241881,0.00459714398636753,0.754896902093006,0.00278176349893166,0.00877392128824297,0.000325370598048765,0.000275852697656544,0.0237935596253026,0.000346935707457323,0.000171785761735151,0.000772598430817907,0.0262741938315107,0.00068171268407443,0.0019130187872263,0.00028047442210021,0.00582164957749722,0.000608481768563321,0.000143693454249446,0.0019456351500609,0.00262091681723254,0.00440138616139658,0.00243360211053697,0.000613273730845024,0.0175327981123768,0.00173314743665134,0.00145319503068406,0.000197830998680876,0.00394290344722044
0.00287637047589319,0.00361806646797841,0.00604289864009354,0.0041354986208059,0.0122975013393351,0.102736648462499,0.0124732608553822,0.506466923804129,0.089464966246001,0.00325483352931587,0.00647202820771014,0.0510415438800865,0.00279480538138525,0.00220309949298472,0.00303809103819868,0.0589741543374883,0.00804415395369311,0.0019632757403222,9.27733657370818e-05,0.0012383098791547,0.0270840855522894,0.00420973917802708,0.032143316116819,0.00122723791351908,0.00204553426831438,0.0025176053215257,0.00128189992642399,0.0162738443335056,0.0172046370004779,0.00364495986254948,0.00752979604375801,0.00560814076459761
0.00313107797411849,0.00119026487524324,0.00015517526199024,0.0738492627603614,0.152619086380564,0.00385111699858911,0.135278117244488,0.0926690429238705,0.476046566136632,0.000667054842225295,0.0126081095587475,0.000698665862996541,0.00626217384147303,0.000471921437005582,0.00031935006702561,0.00717886512181032,0.000526094628362377,0.00859663858501861,0.00222756269612928,0.0025378997176959,0.00100818477356797,0.00339413375122309,0.0014361151778749,0.00110255647765848,0.000753293119939908,0.00108046222197949,0.00714431896398081,1.68647642839831e-06,0.00234039088802262,0.000254207836579654,4.47604833928495e-05,0.000555842915004878
0.000350814696929406,0.000690383288296317,0.000213033814340252,0.0343583829096932,0.187680572987831,0.00115979912109703,0.0900926977527789,0.0619511639752233,0.0699837702781178,0.255387732443005,0.00658967844245451,0.119225706678723,0.00202384542549472,0.00109897097368833,0.022233943589988,0.00876000388677318,0.00621996083914837,0.000566917284219086,0.000574279032212395,0.00311355035561457,0.00116305838914323,0.00263900470902576,0.00137859395243851,0.00199846851164045,0.0168436130130101,0.00672236804459464,0.00106099439750512,0.0900465884067722,0.00104959749792726,0.00174349804587804,0.00122163068588819,0.00185737657054697
0.000482424960166495,0.00130553844390335,0.00179245928843314,0.0220764187013996,0.0152114207336602,0.0125352828260855,0.0286587788567748,2.88230783193085e-05,0.0451523579213309,0.0117477438264717,0.709489080945278,0.00410352549413731,0.0395190939009314,1.51380987974659e-05,0.00282563477821144,0.0354028752010419,0.00312380142755953,0.00111043764868874,0.000227864129965541,0.00257595668352349,0.00618756949705449,0.0013377942342293,0.000225019449319368,0.00133127043939764,0.0232638136784503,0.0021408848878778,0.000740342154445991,0.00818383700767636,0.00139068114990549,0.00155999578066645,0.00575835607572274,0.010495778700574
0.00236594878786418,0.00173910110176212,0.000980177454939221,0.025687783641526,0.120722107204984,0.00741538782664073,0.0528297842808276,0.0103396216770508,0.00993409952564228,0.000368979348600617,0.00440646313420009,0.61009404416792,0.0123251138105753,0.0020898856384745,0.000306077986823018,0.000731452216483528,0.00136289050913395,0.00118857138219854,0.00184396820795651,0.00505900261635012,0.0246591277157096,0.000927199754869889,0.00133172061695117,0.0013339917602805,0.0113067367109141,0.0131778215812551,0.00793750266481153,0.0238403913176779,0.0361709404126594,0.00522549014925489,0.00191413643476698,0.000384480360896227
0.00376924434315663,0.00357558717049808,0.00186271941439663,0.0238685706969712,0.198764873391447,0.0470761821520352,0.0550522462119359,0.0399643235424092,0.133606941511516,0.00117887564589639,0.0135006560224731,0.0812150997804699,0.231972921455015,0.000262523895774747,0.000473979613364011,0.0190483496296353,0.0029655027262707,0.0021908883662538,6.78673296042932e-06,0.00818705799520732,0.00384994911360047,0.00982591506096206,0.00188922131327289,0.00451827452342858,0.0487470200201481,2.55417332746132e-05,0.000263625952311805,0.0529450820743916,0.00694205122699913,0.000845758133553127,0.000544252658017577,0.0010599778923538
0.00972858471565363,0.000469822785869888,0.00542214845701228,0.0892068638216053,0.167433600985623,0.00468535347535761,0.0845072085742688,0.0552154811593001,0.0950051045605911,0.00055665737521358,0.0156469656736009,0.0866232326983738,0.0124899225263735,0.259564302087856,0.00315333165465515,0.00461862182418239,0.00375563815613031,0.000613471314201691,0.000340807959631515,0.000371151956147556,0.000622114186554778,0.00552940585971606,0.000309564157347991,0.000222320056537631,0.0117992658776595,0.00152196706057451,0.000215526608054848,0.0709749235979971,0.00364867713092821,0.00380491940964869,1.62271848235916e-05,0.00192681710850869
0.00144505304685447,0.00117216832036834,0.00543700994271871,0.0252707728384149,0.119459258064667,0.0310873184934492,0.0525649560481616,0.0442040419044762,0.0554916844255857,0.0187129162794143,0.00507250048777103,0.00651926003047812,0.0320777472553327,0.00363336090281008,0.523382226646792,0.00342633121673933,0.0060627158071358,0.00305258620653532,2.02974713554696e-06,0.00373772061627518,0.00523590748417292,0.00107077939492733,0.0031505166856247,0.00136451724290748,0.0302022094558791,0.000669989890301032,0.000847355858800982,0.006501346604731,0.00183726125026484,0.00167968568684045,0.00315285824792715,0.00247591391650748
0.00141080854581978,0.00622530501867015,0.0016585322638623,0.061088776885875,0.0504669878675655,0.00487346007733622,0.076054684058735,0.0568653509029522,0.0197044414489609,0.000810824231444931,0.0191839887043292,0.00597073123523407,0.00731446153244836,0.000665273670219997,0.000260537459370029,0.572158167642246,4.74898365114651e-05,0.0215619715273681,0.00909175284438276,0.00153690990668965,0.0132139538893569,0.00109912880689352,0.000433394068137437,0.00102803255851061,0.026336006396526,3.55818202826855e-05,0.00603043318170491,0.00566669368690577,0.0156259562972878,0.000444359495180478,0.00462213733465303,0.00851386680453892
0.000488457059069223,0.0040985898520993,0.00212394149256361,0.0100415172719296,0.00795369027088454,0.00971913160808405,0.013518194885461,0.0091331974691207,0.00158862447505392,0.0118807414078604,0.0348976252496627,0.00915761493494188,0.0178996386459877,0.000247160779704492,0.0303393554568171,0.00851701418529835,0.72379258255428,0.0266270809979464,0.00115478316021512,0.00945981734048738,0.00345180388904962,0.000380752861597479,0.00277598755274873,0.019131118791072,0.012396468017472,0.00246836862683385,0.00232374933836266,0.0138490435341766,0.00441515258486811,0.00374369608965536,0.000234390251973502,0.00219070936472186
0.00270073004997294,0.00105804074761765,8.2094159449827e-05,0.000657327344150811,0.0873035753988212,0.00421653082370312,0.0493723269469443,0.00803446073391234,0.0140266325996217,0.00267736710008245,0.0119726323068761,0.00182206567586059,0.00217129862789318,0.000404958852502494,0.0106631376068256,0.02017224923619,0.00664367082440459,0.674472976041679,0.00664204246617519,0.0189260168507482,0.00190821427189781,0.0172776284377181,0.0029811390223016,0.0128922827445123,0.0171325613771538,0.00133883794929002,0.00707359571432496,0.00119365071010159,0.0104031011253388,0.00373388419488566,8.62974282455688e-06,3.63403162195228e-05
0.0105865162554449,0.00977265787634421,0.00109958900414216,0.00681814215806797,0.034142587541387,0.00399629798078933,0.0660957608549403,0.00887032382629577,0.00907449572202717,0.00373561844604954,0.0115962201343901,0.027003271621737,0.00968380476378934,2.03868816667589e-06,0.00251784809199658,0.0252502210327437,0.00507310923205036,0.0162503889688086,0.59296189480849,0.00496331451802727,0.0357970727137082,0.00226331243196093,0.00419927743409405,0.00154116474918254,0.0366670123946369,0.0185514810231357,0.0153711673710913,0.0271552842722857,0.00143662277473484,0.00324440539534587,0.00367806919507483,0.000601028719061744
0.0022691571474468,0.00691364615586706,0.00144771041328712,0.00188032042425802,0.036106310531719,0.00098526753001101,0.0488035414844826,0.00245636528993793,0.00226889916272454,0.00184375462227809,0.00102720148814392,0.0455923967824549,0.00868843021562726,0.000435299927139982,0.0100919554743069,0.00660179064472548,0.00540381329414886,0.000268029155854539,0.00189105477781678,0.697065740710349,0.00480233272135471,0.0307180490767329,0.00666260479091098,0.0100514095742575,0.0119502594494629,0.00366757542268887,0.00800709900366036,0.0240095100337519,0.0164432573610007,0.000386413258265895,0.00085245901331977,0.000408345062013792
0.00189084870705383,0.00340985316473663,0.000127830203713171,0.0357978343979957,0.0594332676347664,0.00607058492088781,0.0171591364576882,0.0107129108294687,0.164048562154933,0.00167727214775246,0.000571068827607123,0.000609296316449066,0.00596065545068055,0.000110585764657857,0.00061381522126701,0.0343735637414941,0.00905297128137872,0.00275059856640369,0.000253225384345646,0.0937507699672372,0.292145342867966,0.000569124269309634,0.0138791346919324,0.1054466304629,0.0156685043895121,0.00829080431562934,0.00738104573365073,0.00540928094850697,0.0294746444241258,0.00414507166737771,0.00879190394796699,0.0604238611406056
0.004268832791791,0.00113033033384493,0.00184338832463121,0.00619847824355658,0.070740941724748,0.00172900909358641,0.0655673352897364,0.0133102991382304,0.0403973972239197,0.000438772681083634,0.00305446707983847,0.0321328426735079,0.00192516232586126,0.000235734949507812,0.000215972728743761,0.00716697824834412,0.00399659284437854,0.0129320001213819,0.00266422573929286,0.091532130515082,0.00283617054876169,0.530697554218974,0.00247935361877842,0.0364536782092453,0.00674047373186292,0.0110590852960297,0.00388826551772937,0.0363470759174913,0.00388108825440611,8.99230438899763e-05,0.00093105900809985,0.00311538056366475
0.00279425961258314,0.00132885805576298,0.000723186614905195,0.0190134337779732,0.00711802740007268,0.000583629219193032,0.00960532885912807,7.0563196774124e-05,0.0798103615433675,0.000165174942861481,0.00195317906373718,0.00872108616798776,0.0201835837600552,0.000524212015856057,0.000949367452556121,0.0196430678876322,0.0179537973492588,0.000819152670239349,0.0014766631006013,0.00368467305123738,0.0135582563043168,0.0467976163341241,0.639055281276903,0.00347796806565304,0.0132480823189254,0.00169056180726186,0.00146475204562281,0.000495659918793334,0.0522933565956581,0.004938942249423,0.0111317058177315,0.0147262115238047
0.000649421791960057,0.00580501493208922,0.00210637797756496,0.0359567459219523,0.158904593367368,0.00405174936528953,0.0972316385140648,0.0275477235924975,0.0738636301487423,0.00565417955614129,0.0119206228891099,0.00976331504349303,0.0330365575703439,0.00050774101064919,0.0146083809163381,0.00131318394867799,0.0113006540487757,1.48668047561503e-05,7.69345411753127e-05,0.0176005437496727,0.00420143004982823,0.01969126718141,0.00386200503319538,0.368200739654643,0.0573975160598228,0.00233832842857121,0.0115902827691065,0.00150401496008364,0.00809455472581534,0.00166716631092833,0.00772713722158659,0.00181168191434732
0.00114390643882338,0.00238482299036158,0.00126294040966119,0.00100963391490761,0.105365942106701,0.00156057330847974,0.204344179249483,0.0198457552565944,0.00586159014097751,0.00156510257078807,0.000499093566188956,0.0152483072805106,0.000353263437926272,0.000284629625558654,0.00171592916706985,0.0324290731729397,0.00187089300223184,0.00457335461382201,0.00103352261549541,0.0359888780420324,0.00329757579560199,0.00613614075762065,6.84779729264843e-05,0.0480646429738404,0.477163717067718,0.00621230419341422,0.00290299955245361,0.00160545622869258,0.0112352961018324,0.00211737368199518,0.000118872704149017,0.00273575205920229
0.0270962475539242,0.0079615424738273,0.00188485527409481,0.00967335070729308,0.116911607744081,0.0136356156506403,0.0319445674590607,0.00176661063761088,0.0541392447367764,0.000499553761055909,0.00224261441759572,0.0137888278355609,0.0224127344327955,0.000226796009546677,0.00665314519542057,9.14507501678859e-05,0.033363228916939,0.00394238668442158,0.00858306736935823,0.000586939044538152,0.0123652119190238,0.00752988863772189,0.00525636892470963,0.00169531003277714,0.0440505052955075,0.512672455805585,0.00545521224141858,0.035612566288754,0.000492901756255426,0.00559888916782948,0.00981999542058043,0.00204630785512888
0.0103109394066632,0.00145522497798381,0.00026421109746671,0.0061956875376437,0.205631267167484,0.0228312011478201,0.105205883284141,0.0214515537945427,0.0153806272561914,0.00304466285128726,0.00187256507376457,0.0017772062179798,0.00691376737576837,0.000264963363661813,0.00168065132204664,0.0181281098473818,0.0125528191916465,0.00192637110288764,0.00893829774480899,0.0109149711836862,0.00482614283700528,0.00632124861114855,0.0054052670258816,0.00217894474653228,0.0183860896591444,0.0383230535846209,0.452684130833079,0.000279336789757072,0.00128284642180058,0.00180175120590493,0.00946952989555523,0.00230067744471371
0.0025207822177259,0.00273249991197099,0.00188972358216756,0.0212786819374045,0.22464647515606,0.0115689229586284,0.109900907438279,0.0139949979409953,0.03321306671553,0.000292032539866712,0.00704296908952622,0.00767006980535942,0.00387496046878847,0.000304512539227868,0.00152472547498866,0.0028979058150867,0.0074177205143025,0.00176512832600327,0.000212837507778839,0.00056782274865702,0.0111798274945137,2.25150199652173e-05,0.000675464654644231,0.00437002832225651,0.0217339899021934,0.00610112271075643,0.000286281736527769,0.469490147301381,0.00581558777794099,0.0176856572243543,0.00724644936460537,7.61858025135391e-05
0.00461465046254148,0.00150225071294568,0.00025704539533117,0.000317298196382924,0.1249520108535,0.00226450690319228,0.0873709415203585,0.00297277098830678,0.0374992561219308,0.0102143652882886,0.00072510894841454,0.000286133402287346,0.00458981039955381,4.72072918736156e-05,0.00148488262189099,0.00984939627221455,0.00978335832449024,0.00128968589946061,0.00402745779541898,0.0235012430356302,8.90829250143885e-05,0.0104210720928316,0.001653300546086,0.00072579823118357,0.0218115476594682,0.00632321232456678,0.0277740663483126,0.000220850163115601,0.558741857611292,0.00792192585109738,0.0363472072809605,0.000420698532058312
0.00793068535302979,0.00524577488604424,0.0025456888631141,0.0295754120215235,0.0949619476886613,0.00023480401219639,0.102454177650331,0.0286836303074349,0.0273043486226984,0.00497785158515661,0.00170641889836011,0.0342738263296788,0.0189829504371466,0.00192575716817131,0.0069198511293849,0.00580261637109878,0.0252285006589553,0.000963259243173682,0.00367034290046381,0.00144119480954309,0.00191047448120548,0.00341943016624819,0.000558029160865328,0.00270635388839772,0.0314664839004438,0.000661431444333802,0.00299873111766448,0.0571382375582023,0.00236781166174335,0.45686467836929,0.0349414777912481,0.000137821524191167
0.014750979426252,0.00358984101953339,0.00174973051547179,0.0107120711644217,0.103543546091992,0.00553366944101814,0.138687642319859,0.0215425899862558,0.0244574298099483,0.000755498778691549,0.00167894781905058,0.0317668011512317,0.0282891166871353,0.00208225463729858,0.00594542898261165,0.0211953379637272,0.0348272987553362,0.0037474249886783,0.00491257592233339,0.0269324726203879,0.0163091326356307,0.0118206371969188,0.00469410358525973,0.00530749003140776,0.0306521330830687,0.0198446442155422,0.0078421469274524,0.0168134469688799,0.00849165263925137,0.0251406564329521,0.366337696069438,4.56021329628736e-05
0.00117849922029609,0.00349681965666906,0.00514959521922225,0.00924639402822897,0.0181397945831528,0.00323307487308852,0.0452582568593612,0.032839248048302,0.0271418353898093,0.00486902244496927,0.00718445587591274,0.00774424940701352,0.00198296968009531,0.000357667208263084,0.00768747145202578,0.00827566548740872,0.00425109469847061,0.00177195781867776,0.00123106167357073,0.0118759600200173,0.00694618225586986,0.00456883370404436,0.00487495398429903,0.0458383562097176,0.0357294981545718,0.00241281638607059,0.0037918919675262,0.00418849044441996,0.0210894682132212,0.000347741377869592,0.00652540980797024,0.660771263849865
