0.750148494297961,0.000532841981924213,0.0039480096328925,0.0021519278562588,0.0033925753284482,0.00981382485581039,0.0282370235042289,9.40646761673317e-05,0.0664244449113185,0.00185195355882533,0.00167473499183856,0.00391936228709325,0.0020387339206109,0.00219963603995943,0.00403076368188854,0.0506968886057111,0.00575786384049154,0.00026051874616679,0.00147937062654009,0.00528932047633049,0.00317330487332881,0.0109466649837749,0.00558088453170377,0.0145819127250233,0.00988387143919848,0.00483609014556523,0.00141530357782782,0.0011370337110969,0.00205412165969143,0.00127042586035466,0.000488230822215376,0.000689801849753939
2.91255873978122e-05,0.774949007659752,0.00283771047037029,0.00416400732702716,0.000752522869311902,0.011366519297541,0.00637974851038637,0.00088575567879672,0.0183582697040627,0.00392149480197304,1.68185771035802e-05,0.0009163591739703,0.00261611300728616,0.00402744790430788,0.00985069109566988,0.0369955986475723,0.0084299507664193,0.0035814919662561,0.000431751701674505,0.00220290278214213,0.00685221883861736,0.00713046358806978,0.0112767368140532,0.0068064988674911,0.0596158288281344,0.00468911450786455,0.00294693562803865,5.96609304486939e-05,0.0059584001577047,0.000954066347906602,0.000986460124842838,1.03278378078457e-05
0.0139380999413593,0.000164210745783573,0.825137652709088,0.0025114494088722,0.0139797133618588,0.0014433275470265,0.0149524867375183,0.0147315975881667,0.00223195318540526,0.00153255520657724,0.00556806669090687,0.0136218040051539,0.00239280572232872,0.00854443710540365,0.00412098418301593,0.00580649748234945,0.000760771513077199,0.000133978611264893,0.00488978163225225,0.000918577458151473,0.000268574628518238,0.00474811532453136,0.0380276851654902,0.00151195285593869,0.00706274071614215,0.000367916047284298,0.000231006328141095,0.000458652032932186,0.00307306077556546,0.00468926771661719,0.0014795027997586,0.000700774773520232
0.000717493342268175,0.000814254269379441,0.00488048572163408,0.713794941575741,0.0135961432233048,0.0208692669907195,0.0593984652009255,0.0624253105385112,0.000364814843811061,0.00322859331157375,0.00138669560114388,0.0263769916770771,0.000704776077202405,0.00393591054867374,0.000400060456627297,0.00451099929416092,0.000181418016016466,0.00183869196459094,0.00163577316468058,0.00195994320232714,0.0229963123533718,0.00427614010826507,0.00612494782926707,0.00835558746301287,0.00480898730525305,0.00197336598419267,0.00744384548603522,0.00156250256871864,0.0128760634623886,0.0016278519670444,0.00429738545123897,0.000635981000842472
0.00174767703964756,0.00152115048440423,0.0318620177588973,0.0176317009694302,0.598055686571817,0.00360296730866496,0.0959207583151756,0.00314998747330801,0.0204351421507179,0.019708656378077,0.000191134291114515,0.0270322470731614,0.00674045648174455,0.00669178003219331,0.00526032997625384,0.0831893828457716,0.000366669158704809,1.85002430442837e-05,0.000720177730644083,0.000809351278412437,0.00413805876766516,0.00499863394888132,0.003627958342162,0.0111000630453308,0.0015244652215383,0.00196919595203664,0.012519663195713,5.8980632303638e-05,0.0307364507155448,0.00198330369373868,0.000227755382519862,0.00245969754138082
0.00644950362250421,9.18472188208954e-05,0.0103348555955967,0.011003744796574,0.00775041984561343,0.810713005613543,0.0161619109309749,0.0176730082573927,0.0112723967659597,0.000934308077693824,0.0157696075308115,0.000783452214958138,0.00194451716340365,0.00135025886850871,0.00591657582535467,0.0220637657750437,7.54337459040719e-05,0.000654198127295808,0.000800550935983404,0.00075514747492703,0.00344399716782961,0.0021810851023118,0.00106617274947151,0.00372073151642515,0.0121730901294277,0.00145096932458369,0.00401375621045114,0.00250903496505612,0.00138817728181252,0.00241166798898292,0.00730441313219672,0.0158383960445867
0.0185022366848684,0.000889005472244224,0.0113407814324503,0.0375496374225683,0.0119160012009381,0.00187722443157233,0.794365733884408,0.00589216095934299,0.0203415143438371,0.0149757461771135,0.0242946704573678,0.0116758495203864,0.00150793146414439,0.00269672347607356,0.00400082200578139,0.0014538239348335,0.000979703161189228,0.00264539954110997,0.00141131428771834,0.00247019526711778,0.00341365203297076,0.000232772885752488,0.000340016656384568,0.00214602798784939,0.000340170242694269,0.00262866559042336,0.00282859454418294,0.000644473185440229,0.0047430948361101,0.00170743124748222,0.00158749348123574,0.00860113218440821
0.00677574665447671,0.000146821922585983,0.00762362065778551,0.0487646965853287,0.0443761330525018,0.042506726559604,0.0411943744563055,0.638193545219335,0.00704145174687476,0.00363527937441349,0.00468406574160325,0.0165823170166081,0.00191021126078206,0.00726338139924607,0.00151792566072177,0.00237937889694962,0.00162736309169697,0.00567677234568382,0.000287728572084838,0.000121390179582097,0.000101526459914352,0.0095863590949534,0.0158528396144009,0.00609631934976951,0.0224927302203564,0.000114229758208907,0.0217750101234648,0.00996989192977054,0.0211197618308527,0.00175396337476166,0.00201732608493079,0.00681111176444561
0.00888288686052129,0.000669538913531732,0.00125079929996211,0.0105056559939947,0.0120878887589047,0.0234165493505259,0.101340824944479,0.000624657305805387,0.5707775304521,0.00573379998331905,0.03408409019548,0.0155142215718201,0.000983590771054231,0.000397720108570198,0.00421700757217308,0.0677111982558532,0.00116438521150332,0.0166154199876551,0.00164089982358326,0.0121037372885819,0.000598023145605027,0.0218615032702733,0.0241937608907246,0.00025041421486675,0.00873016071513696,0.014485726193194,0.00170892405797709,0.000802235234701946,0.00616774190020195,0.000301094852886193,8.30275218177618e-05,0.0310949853531963
0.000778977404131201,0.00310183617534211,0.00117723839362289,0.00959310442871252,0.0039283976132368,0.000263742832733643,0.025352687080941,0.00161975386605758,0.0125115375674692,0.806495098456332,0.00326229569333068,0.041409658933108,0.000267205552254049,0.000268122299937583,0.00325213007936349,0.00942039809729217,0.00088989093234396,0.00069752113761757,0.0025994247077652,0.00321173836518697,0.0236691628055093,0.00486717992345481,0.00557534827841952,0.00442379813103072,0.000260530452154213,0.00337618538044924,0.0017783796352072,0.00557726688510513,0.017880945460951,0.000329189475459169,0.000887655674695002,0.00127359828078571
0.000347096604948292,0.000916105280212837,0.000535820472432254,5.21761257428498e-06,0.0446274739563694,0.0021453892210361,0.0346033576310733,0.0072884400040449,0.00594863304863285,0.00288689988801852,0.777132382005534,0.0128198653845616,0.000588565674941715,0.000454757936293645,0.0027582767220111,0.011028448071662,0.00142361119962593,0.000586413065578108,0.00223828591958614,0.000328079857872123,0.00762848695704901,0.00595648132842884,0.00773004209535492,0.00633252532783786,4.81920050264494e-05,0.00799766783708151,7.11830999512798e-05,0.0170264338427979,0.0329360896872363,0.00125208829171857,0.00134528219254768,0.00301240777796098
0.000273717055596353,1.15387534737462e-05,0.00311029475909366,0.00472983303714816,0.0433539767188068,0.00182138206459319,0.0098111419648378,0.00144338517364095,0.00401367704401146,0.0179555087825647,0.000654321054845968,0.744787263932465,0.000784429679184814,0.00071433314024716,0.00322528937811954,0.00780770793205774,0.0017765655352502,0.000605132332867003,0.00634817879117054,0.0123035045642102,0.0150195170674927,0.00267957739952953,0.0439647553264469,0.0114013934104152,0.00120843079614093,0.0426772987394999,0.00224418944322937,0.00204322762902004,0.000940245920899757,0.000126636185243796,0.00577609975355963,0.00638744663433763
0.0043592520721649,0.00807339183742307,0.00527772606022742,0.00407275314518866,0.0271017779842619,0.00288696031775471,0.00707216914998178,0.00951131428961469,0.00672841586643919,0.0293686621820094,0.000590990412189657,0.0010196524730568,0.716732111770066,0.00168261664143563,0.0245541991675446,0.0110434801310057,4.12458143631177e-05,0.00398668246642916,0.0013333691594592,0.0325611316912929,0.0235751838123045,0.00104710661209645,0.00514780265157558,0.037773194897895,0.0159545762244564,0.00494211272622151,0.00166807950790832,0.0033832524407163,0.002952675357648,0.000699257394667741,0.00130230130355466,0.0035565544390468
0.000750985708768603,0.00240476499312477,0.00249956640941878,0.00418402817423782,0.0142890593641326,0.00478782570874433,0.0296508249800681,0.000342550159203532,0.0286909335997658,0.0279898807150342,0.0115174699293552,0.0320528194147654,0.00152146424636215,0.630947445813963,0.00255569082663014,0.0252372979032666,0.00262767615221844,0.000182227064547446,0.000459250706017869,0.0022543236749929,0.00529174496966466,0.0549131619255798,0.0548632911006216,0.0248561599843564,0.00204601619963342,0.00384352605850743,0.00195386927801457,0.00265943334302868,0.0172969498010738,0.00638453301743326,0.000753426275064094,0.000191802502404335
2.70070941869531e-05,0.000575839476051356,0.00205277679619365,0.0132038384222071,0.0287604315976342,0.023839590711061,0.0808963967155235,0.00367253423387085,0.00249595349349896,0.0230775309075987,0.0207493285569455,0.0847240142015731,0.012296794365825,0.00215908010785472,0.6263543650819,0.00203581215307,0.000658695766624771,0.00085997542170884,0.000280928321803113,0.00403470635938445,0.00198421279029088,0.0121265200569784,0.00296260829097741,0.0097272544039744,0.00197305340869025,0.00815135567428988,3.34289015962503e-05,0.0104607788636364,0.018425428119156,2.36726069306877e-06,0.000380871518291404,0.00101652092691017
0.00937141097689899,0.00091142345503773,0.000400622523128022,0.00172521071951495,0.0106219887075475,0.00849742111665081,0.0639512577878933,0.000906698024531287,0.0551119547717868,0.00182946292552282,0.00814043923040536,0.00297160856456125,0.00136714730560792,0.000116127587867798,0.00155074834074586,0.79633211530036,0.000326887833251856,0.00282148002909433,0.000619619223130351,0.00484233567722678,3.27173483145528e-05,0.00542828934247383,0.00851336084348011,0.00214884575537179,0.000491949109689778,0.0026118243088474,6.46571336074803e-05,0.0011163201882446,0.000437925878723495,1.15162462370905e-05,0.00111410575123113,0.00561252799301494
0.00407407110334773,0.00207039532789436,0.0086119148020684,0.0130977101200698,0.0132417995983991,0.0301116333176336,0.0796704139037839,0.0047775090683166,0.0140536582652859,0.00280670462731574,0.000446992969232254,0.00190637496292362,0.00211057824374182,0.00263359543140413,0.000119949939519753,0.000948503837808492,0.757405111087623,0.0147458760963544,0.000918031598042226,0.00721055825581627,0.00154625681443922,0.0048186591092214,8.62385658902156e-05,0.00717941644717882,0.00537948502273762,0.00407708661671632,0.0110689178834037,0.00248863794476492,0.000154293795957821,9.2232496248928e-05,0.000281849746809766,0.00186554300005034
0.000365311657537234,0.000567251271146272,0.0023257575916432,0.00115208744005756,0.00174115507515129,0.00548763839044181,0.0140637552866444,0.00469836969137684,0.0928606203334456,0.00350977431296528,0.0143625664845543,0.00508862799267855,0.00120482257897419,0.000109809564699688,0.0113741070836483,0.0445481374408392,0.00311344958696092,0.651297793010152,0.00486979091329512,0.0204032842327333,0.0122100261507681,0.0263431358577528,0.00403002619727835,0.013686513990972,0.000984070161378979,0.0066650906316387,0.0118609829521252,0.019612500514832,0.0183189708967039,0.000678992788463335,0.00204053921515226,0.000425040703989089
0.000928072996492683,0.00422602796778176,0.000726475001424322,2.87789662976281e-05,0.0401625504800065,0.00748749235962835,0.0406160768530082,0.0120463138368679,0.0235149033840888,0.000409411190767945,0.0013009984889496,4.46980273914717e-05,0.00156191679639637,0.00390780578968896,0.00145876049604094,0.0765216813668301,0.00312215658294193,0.00756925425796747,0.691245659513751,0.0253752763400356,0.00344455497819918,0.0168029537485368,0.00724800739453159,0.00980709002450458,0.00763715925429091,0.000120932691266158,0.000441872588429455,0.000484831269527556,0.00040032245916835,0.00859169804326282,0.000199629843870675,0.0025666370080538
0.00225790530410418,0.00228811463792529,7.13280158767851e-05,0.00608311019894011,0.000849309863703498,0.00661729648304233,0.0205604194111279,0.016142700484361,0.045757820357742,0.00316005999766557,0.028690914813021,0.0553481960874239,0.0010867310473046,0.00471382895679464,0.00174663887729052,0.0140077199200909,0.00124665710468585,0.0036904927110884,0.0247928107243915,0.575425222101562,0.019253711964945,0.0323394419983757,0.0265356584324229,0.00915710661965905,0.0123171402172439,0.0155285640474574,0.0151060321700108,0.00407889524991792,0.0370382859188317,0.00608852919202751,0.000758144903885443,0.00726121218708118
0.000602901905230363,0.00482922626675527,0.00397204738764811,0.00825142539341525,0.00334702377491868,0.00250930856741302,0.00337003092132035,0.00540685960961726,0.00610046162236867,0.00193311610994058,0.00802322060674083,0.0129775950291582,0.000267107958457127,0.000200901167422079,0.000658385479083076,0.0286822223985388,0.0097362121418654,0.00853889383902224,0.00264250882717462,0.0108962180669703,0.737479897426651,0.00187104972963924,0.000350260429998648,0.0267324226099854,0.00264510789421261,0.0584929543556948,0.00338746930249751,0.000373136416004287,0.00169099214970956,0.0095261848049427,0.000914888899982906,0.0335899689076207
0.00512323697964278,0.00334971414025343,0.00269375076587518,0.0041491506949471,0.0046166770122785,0.00708049618784175,0.00593470646338035,0.000640283871186992,0.0592337057241915,0.00219606461397524,0.0017297924390417,0.00846083701195602,0.000175735898265039,0.00378135566125364,0.000535640245253956,0.0596301953180721,0.00607420882004871,0.00588069231639357,0.0188930280333025,0.00731365507690869,0.00557901435021065,0.702519428527365,0.0620374966923169,0.00322927512163056,3.96916477055658e-05,0.00378954203499106,0.00351188467256177,4.46719077753925e-05,0.00702086675449238,0.00246611457842023,0.00157500580052385,0.000694080637938058
0.00530195107887182,0.00643960307437783,0.0112308522825156,0.00109274436806997,0.0335171298011815,0.0290135014374896,0.0935961368223107,0.00483150430144179,0.0218027909107985,0.00121923976079388,0.000612850188512739,0.00470124391231818,0.00234673776551057,0.00184871758533988,0.00125013596464562,0.123275357538846,0.011774328991172,0.00105072862061805,0.0162064526901648,0.00221459458921666,0.00210633383993829,0.0222261120707177,0.581808168131385,0.000398228295719388,0.00723370434303838,0.00525447321607786,0.00147212751101171,0.00102248416715416,0.00152011143465589,0.000655758929229523,0.00269835240048947,0.000277543976386012
0.00352848618946882,0.000821437657456754,8.87609966842049e-05,0.00227885170345109,0.00179573104089599,0.000701700688670352,0.00102247311273314,0.0017626966628688,0.0132306274317018,0.000822871150235125,0.00797113516323768,0.0126589364216706,0.000746908161042401,0.00149189305333957,6.72549434302869e-05,0.000614954437627517,0.00459485895239062,0.00213042229683074,0.00777606422450873,0.0114460200855728,0.0745010723281561,0.00623236424664751,0.00106148083482422,0.800964414998062,0.00427161083361883,0.020443666774685,0.00312452336825292,0.000517378498104471,0.0105830616050653,0.00136592115681371,0.0009731886724917,0.000409232309461027
0.00550680681941705,0.0132954241708749,0.00187477457165528,0.00056846178476896,0.0231586165369305,0.034121462209785,0.174979183672027,0.00153813885538718,0.00451009618218669,0.00391734526466657,0.000617816439508973,0.00130847711146472,0.0010831020721038,0.00333512433171093,4.51497774943241e-05,0.02093395761001,0.00298684115778603,0.00489512152217171,0.00244817040325834,0.00242126311534396,0.0184236953717814,0.000425515106603577,0.00988792810067596,0.0194606724902143,0.618029783671666,0.00304159233946546,0.00150286480194636,0.00393886319348911,0.00863494247991784,0.00154019020097754,0.000148631310478362,0.011419987324232
0.00818358150720806,0.00609174678129017,0.00029947238015728,0.00316025469935574,0.0117670456812118,0.00306482606644255,0.0130178570786855,0.00289338941282381,0.00060407522067495,0.000352473797413502,0.00405528776140701,0.00725819836690593,0.000174128310416688,0.00168306086180799,0.00049684637751691,0.00321437401867565,0.000804137219787442,0.000209362731638215,0.0123677364966467,0.0308335708487298,0.0293038336422966,0.000515251963352976,0.0046136505856693,0.00322486062100853,0.00484855053752899,0.808384671798902,0.00067226701904202,0.00855758582994158,0.021928999310014,0.00310618534359151,0.00330606643573408,0.00100665129412227
9.18637317876574e-05,5.83709257960053e-05,0.000287999848100761,0.000139793248821897,0.00081376159957966,0.033080987967897,0.052529970144453,0.000291251763775784,0.00624312681779085,0.00404894523145147,0.00570122162287869,0.0195635100670072,0.00111332369326856,0.000267462353729496,0.000406774880772761,0.0256537605286834,0.0007754034858845,0.0012211895538887,0.00126729379041583,0.00898632474247639,0.00862263962596694,0.0174539164827652,0.0301296685789969,0.00492156591411882,0.0097114506608791,0.0148337089833496,0.729686230179718,0.000480413103653433,0.0196465256834037,0.000207746090934976,0.000895299669395755,0.000868499028358394
0.000167828663141726,0.00117461947850951,0.00183326371440847,0.00534997677417469,0.0251328254385793,0.00116323865880616,0.0207987935550091,0.00594567093552316,0.00380506902007574,0.0206447752756809,0.0159269250048559,0.00189063448986544,0.00294345255184817,0.00628026671690564,0.0224333305349287,0.0128019148789263,0.000161365353534441,0.000141859113533972,0.000350807434815364,0.036865579438012,0.0111057915086653,0.00343861108684093,0.0305032836571235,0.0189758153270895,0.00551952548187788,0.0598286236655502,0.0036778353368217,0.671947750089224,0.00332557672951394,0.000652808142612493,0.00154337909084984,0.00366880285269594
0.00025545405061632,0.00431759791031761,0.000267032238465351,0.000480679478882378,0.00850336720949203,0.0037881615947004,0.0240351777701971,0.0010122093434137,0.00147797933007692,0.00478286651938584,0.00102301793729193,0.00510443566767358,0.000506826000416931,0.000870148665838728,0.00134015811972723,0.00768372085861655,0.00388306999159421,0.000737132935828023,0.0141222257489429,0.00326874805237981,0.0206413746095314,0.000587055206379838,0.00679956836851915,0.0105367818144105,0.0130942928950487,0.0217618815336189,0.0202244638630933,0.0203388315314862,0.785901947804564,0.00120101355951142,0.00779056006976432,0.00366221932021491
0.00297511781141097,0.00305168906176679,0.00293132918942641,0.00064700507242982,0.00129393909869202,0.0123349216035691,0.0138652374788753,0.002141764082329,0.00310360718943212,0.00072190206738854,0.00931105813934878,0.0351257025841736,0.000697814901286196,0.00012147470598875,0.000387691966551847,0.00615234363111707,0.000565112956886871,0.00242161144182757,0.0108409949597493,0.00288404121599503,0.0381722641243448,0.00596728302622142,0.00571417404039964,0.0156558020419432,0.00789917301307729,0.00664035782838272,0.00583954325885936,0.00363584741712677,0.00442552422545923,0.78105565909797,0.0125972406807632,0.000822772087207487
0.000683588571349763,0.00147429440985456,7.28904147741714e-05,0.000183221678995712,0.000471025180615138,0.00134215324111044,0.00136716344769667,0.00328252150360897,0.0213749086128199,0.00213843095482022,0.000163137962148098,0.00670064243122142,0.00198520687414342,0.000398844854576437,0.00117089404797985,0.0222149148738666,0.000759850936064853,0.00155918025757086,0.0107341273980166,0.00263921113628773,0.00832534534539838,0.0015778453990906,0.00298643404255252,0.00824483113212548,0.00163803692953251,0.00774581298402815,0.0133700456798052,0.0471773973399819,0.0140358147779521,0.000550250935045726,0.812251717245633,0.00138025940133316
0.00541869154931614,0.00577675693580057,0.00220599140277876,0.000218175027268412,0.0129483828713826,0.00443981689854842,0.01723245307028,0.00161241373308985,0.00823788220673489,0.00056967001808093,0.0068515326816285,0.0209273725170533,0.00376187009522183,0.000949020038120306,0.000203369588882768,0.00916307730314614,0.00613374694662117,0.0107789301650314,0.000329169913685142,0.00344033848475381,0.00221197943485586,0.00056751573627873,0.0218439959830153,0.00600698883839262,0.0031856603129117,0.00565771191844306,0.000911018978596968,0.00151708625354435,0.00455406515018086,0.00125089124677776,0.00096388849419348,0.830130536205384
