0.585716232202289,0.000816217253852407,0.0070007351504722,0.10331396800374,0.0139129716525512,0.0097678549491455,6.43812182317991e-06,0.0368893070065817,0.00019925568686618,0.0853441065823748,0.0460689240065464,0.00498939100801638,0.0235634943017201,0.000862038674277094,0.0252129779962066,0.000508055187918954,0.00599486020400256,0.00227229537063126,0.00155988000305015,0.00147701032013934,0.00281318372047377,0.00533156049688128,0.00539832379415367,0.00122760264953699,0.00864029148070806,0.000907748536658473,0.00108693227320211,0.00896988613081106,0.00641068009895775,0.000919617904656925,0.000346118008989253,0.00247204122276659
0.0230988371863808,0.627517311652691,0.00778044980077626,0.00714566061423842,0.0615878630428535,0.00505567812461642,0.0327179097861548,0.00527839186874605,0.0284100218823996,0.00222316810005142,0.0018629492914969,0.00679976151407485,0.00270288412273548,0.000201868733805861,0.012617027071576,0.00270316849098704,0.00664045790647238,0.00535919915239873,0.00173198143799073,0.0160465947748529,0.0310683647645564,0.00218031164738038,0.0287054903166761,0.0151913116337034,0.00169658893057404,0.00333100849420923,0.000954070060108031,0.0061689911172746,0.00487205099806461,0.00153292935515163,0.00662677896098659,0.0401909191660162
0.00468978841055933,0.0104918685502481,0.817158594521102,0.00469769810541506,0.000813013685775751,0.00103264542450404,0.0292968295759902,0.00259154315126623,0.000631483270536002,0.0282380634954601,0.00520135910593098,0.011232265796855,0.00342838647116289,0.00127984975859444,0.00647516341407158,0.00210963226816264,0.000698814456313403,0.00191531970816659,0.000938389156050573,0.00288858645516859,0.00304467476765757,0.00715451637423761,0.00741722151704719,0.00587945984255267,0.0044385541004166,0.0056962854988856,0.00149951174380769,0.0209861585162281,0.00239579164849903,0.00101253154769946,0.0016561622119807,0.00300983744965441
0.00127945718832856,0.00010428080134312,0.0116269842792841,0.719564122008041,0.000381605921435847,0.0199702857293457,0.002193852043422,0.0474340472978124,0.000729158563763179,0.00321086006847648,0.00111815373360769,0.024138662136365,0.0276911425431845,0.00366452028057913,0.00224974714545423,0.00104143921546646,0.00232206680388884,0.0011504115431684,0.00582099322544342,0.00122877192218314,0.00506651448750546,0.00830734314333823,0.00112559633861022,0.00330279246017316,0.00913154088092323,0.0189653844394893,0.00695942035690022,0.067733692469016,0.00101960030033971,0.000780551399000337,0.000121927791476767,0.000565073482633778
0.00851690212570494,0.00817894510909789,0.00270202643424659,0.00523774540642117,0.515451911125491,0.0623664531838689,0.135232943268877,0.00344615320698346,0.0600079259670542,0.00316598410977477,0.00181841708362581,0.00351989170034771,0.00604612734321492,0.000713648549731033,0.0024634396030697,0.0713924833613891,0.00443974327062373,0.00467201862286114,0.000105781941182765,0.00661163523713031,0.0229742153200252,0.0101219401417028,0.0174567862756627,0.00132622151785099,0.0103230125780042,0.00530321581519767,0.001711583720994,0.00269603610000433,0.0100374897254268,0.000597161225383915,0.00564926247996723,0.00571289844908343
0.0213252716572035,0.000680317419215899,0.00565033719706324,0.0193894065154843,0.00844252854478813,0.779877916231426,0.0127893761183499,0.0082059408873433,0.0023325522206978,0.0486935657318202,0.00193802742509934,0.00440045751762147,0.0123296629185081,0.00219159767151139,0.00486893105757164,0.0219369184354521,0.00158769740004826,0.0014362761280055,0.00822521903237458,0.00126917928102005,0.000246685962907562,0.000332590112228312,0.00113364662895395,0.010382462444339,0.00394624451709518,0.00068290013770348,0.00139326386530007,0.00204085870284029,0.00373364169007794,0.00365254792926462,0.00409222234153206,0.000791756277153565
0.00304254259805789,0.000657275112549758,0.00374776290279359,0.0058894066122069,0.0806498908338991,0.00149644983651824,0.778270680577539,0.00239157240074827,0.0571616959397236,0.00484558483197861,0.00125667339685597,0.00665743640287459,3.00908640925597e-05,0.000129535156935128,0.000282831002288259,0.00604235633255963,0.00301078579263669,0.00508726216738578,3.60237894707542e-05,0.00102748592162584,0.000981131813916376,0.00361591903545062,0.00105775541862864,0.00450633796905399,0.0058918662130869,0.00217983491311149,0.000520063728468118,0.01117470624397,0.00681187590490328,3.03348263864822e-05,0.00013988409314846,0.00137694736713546
0.000841430747388885,0.000596267141337382,0.0118137704295924,0.00686052576112365,0.0135199755923124,0.108698903651996,0.00248782050536527,0.564329537639002,0.0261520009299098,0.00428893751162873,0.00266735235674322,0.043738135969527,0.0144077445560284,0.00293239652378118,0.0120556113950058,0.015102458985949,9.02820337080027e-05,0.00017081516598668,0.0028851199434127,0.00110301582282513,0.0151261067058491,0.0060772946706943,0.000799834288422309,0.00308121324549075,0.00481871428635154,0.0112878001378907,0.0107494433715976,0.109335265944312,0.00191495269492278,0.000705409022695375,0.00122846718213477,0.000133395787015614
0.0079657787951072,0.00245104453114788,0.000422004907953438,0.0102372694770555,0.044008046613326,0.0107961124112563,0.115388820383527,0.00771510771178306,0.657313586573135,0.0213494409280069,0.0102562080363351,0.00123603438116484,0.00445574241291141,0.000335400340460801,0.00101808857046256,0.0157210625697342,0.00206873523614087,0.000580420370656911,0.000197174779235643,0.00284619968741663,0.0276603965333053,0.000471290516040629,0.0269034619741959,0.0128214415973412,0.00224077941949125,0.00379442065035257,0.000207024392543877,0.00129761306681567,0.00175202848610215,0.00113733437299971,0.000960702500908903,0.00439122777308506
0.0137926170358862,0.00025393344401294,0.00832793505067187,0.0805862218170773,0.0475734478020076,0.010595834266859,0.0814595587782835,0.101127721094841,0.00114663170299568,0.529439702411071,0.00283841751516985,0.00681562778814987,0.0146279977595822,0.00622726873775583,0.00182603237899305,0.0227840189235541,0.0139204397031195,0.00214218550490727,0.00594439707168101,0.000132764089158826,0.00085591446403914,0.00397578836568572,0.00311241439739568,0.00593326012465854,0.00183410580193139,0.0120451888650274,0.00323598617449648,0.00644906846845436,0.00663935551100468,0.000204819404672176,0.00117691501650457,0.0029744305303525
0.0093118165758854,0.000382472287648869,0.00338393903353731,0.0407099305744885,0.0421125087974254,0.0126343454124012,0.0706094162023386,0.0398294898317744,0.00544572037937282,0.0273497926270644,0.575545867572403,0.0326471066830342,0.0102473809817299,0.000871075638047778,0.0123060234633508,0.0163108730653772,0.00776078375608054,0.000442110994047288,0.00172314456737713,0.00378688513149459,0.00392977966992764,0.00134464979997189,0.00205112717725521,0.00238913743862873,0.00208424103322726,0.00190575386353052,0.00187971236437119,0.0604383209962685,0.000293181328391022,0.00437980513836499,0.000108780120711857,0.00578482749447217
0.000876590892838709,0.000221463360659261,7.81390498952554e-05,0.00473508212576288,0.00428181078881741,0.00406534250937637,0.0103467278348645,0.00907430516391566,0.00228046245680661,0.00430572825029348,0.00694301679613318,0.736522062675205,0.025402478220299,0.00633310861603205,0.00115734905079845,0.00882470020969188,0.00456630171633059,0.00243023091535236,0.00464157408932556,0.00255345911207898,0.00418307779106424,0.00122685900995087,0.00528490332353228,0.00738621056333322,0.00515462951973672,0.0293673312894291,0.00268780733979818,0.0748989599378713,0.023910356393363,0.000424507544568076,0.0055141552498177,0.000321268203058573
0.000179710506893319,6.28252259922027e-05,8.91259637472e-05,0.00333762394164907,0.0372238905387558,0.00205596300876578,0.0267065982328604,0.00119474692699054,0.0118454256888426,0.0122996161382427,0.0480359719503809,0.07643530314108,0.607225087700082,0.000100313497959875,0.00441725562706306,0.00412192647465083,0.000218188446578386,0.00162359645395003,0.000118858289673673,0.000982684044905439,0.00131930956287371,0.00294498615229105,0.0044787846302469,0.0025094840524016,0.00308257153874492,0.00525136227420115,0.0042939240746799,0.118280428919589,0.00343746937643051,0.00421441582929138,0.00730527187216724,0.00460727991801948
0.00180667472442245,0.000522172281835785,0.0010804170782377,0.0178630082572929,0.000348460368330638,0.00103836592319838,0.000691565060589585,0.00578018191473906,0.000605826008179043,0.0103225100108961,0.0166116432523471,0.148145415344771,0.00257766524480533,0.640127239891193,0.0121353224052434,0.00348060931883812,0.00130727432535349,7.50863712842567e-05,0.00177256546643455,0.000179956023343402,0.000479558509703323,9.1762574113446e-05,0.000194431077906242,0.00533344629248888,0.00831262267421603,0.00749871034392159,0.00135218217651423,0.0571375931371122,0.0413172002994741,2.51355671808584e-05,0.0114516824186675,0.000333715657365496
0.00800536981581952,0.00186142700083752,0.000130499878619937,0.00731425217470701,0.0339714944273465,0.00147423075729894,0.0189624529271784,0.00483236388065021,0.00678123985463522,0.0109723712833093,0.0128047360342521,0.0103907221901104,0.00293141621199819,0.000577501235070828,0.788725548294506,0.00547791449229452,0.00137814634643456,0.00120088345782765,0.00057448525156414,0.00704773062414491,0.0166880449332373,0.00465411764710729,0.00220878167109629,0.00175537642155889,0.00227306854774807,0.00888592529575979,0.00336323884496839,0.0169834912822208,0.000427764897554857,0.00469986707269219,0.00674283231568488,0.00590270493176559
0.000380745502861567,0.000356711792421872,0.0013354965506396,0.000796762059410772,0.0946496306761725,0.0251338252235355,0.0522320446657575,0.0176472328849013,0.026658513646876,0.00276326562803144,0.000124690526298124,0.015336010347538,0.00426830680712176,0.000367915996252619,0.0012167990434382,0.693724545582168,0.0100984865794558,0.000863711382892746,0.000764604464721541,8.53956214761065e-05,0.0138835894080542,0.000141448332164256,0.00294784634333685,0.00299699209264049,0.00162530794802622,0.00130798579977062,2.18839143933113e-06,0.00655653664740653,0.0116474081724791,0.00197293847283047,0.00547008889180423,0.00264297451807678
0.00818389202567786,0.00236609016814727,0.00253835768380034,0.0218869756349278,0.00581577667594075,0.00422943666596346,0.014385837915098,0.00251407849033353,0.00725202001009302,0.073898364778789,0.0331859104462888,0.00816833000639885,0.0212582753763584,0.00120587851249452,0.00969820201760223,0.00222819503402598,0.729011000248005,0.00317646374873027,0.000727148011806004,0.00173092590407234,0.00315902698292427,0.00795939351689637,0.00221059570890585,0.00472203114401997,0.0054743498321517,0.000822729202741457,4.36989345341177e-05,0.00649973586889234,0.00158561872496894,0.0034680863965568,0.0026209378283862,0.0079726365044683
0.0038481052293722,0.0017941246278081,0.00167944597714245,0.0103943999213699,0.0188538421056137,0.00390271338415841,0.0196737951674181,0.00233075967231757,0.0146426790809968,0.0311599950387695,0.0351422282475301,0.0197776986211533,0.00379002266827353,0.00081494149049317,0.00200367024244921,0.0123671060864894,0.010673359913043,0.636590226736792,0.000409372936455883,0.0124344640364214,0.0338588738388194,0.00244335306456409,0.032767074421178,0.00987598513276835,0.000150821240336328,0.00866325728263582,0.00358533738035025,0.00200796990178459,0.0311016217821023,0.00197162191638294,0.026511542771659,0.00477959008335149
0.000356653510501587,0.000534578651173826,0.000413683816689636,0.0296633477508546,0.0448143699519665,0.00264721937657026,0.0351843221059214,0.0182143900078664,0.0222213795824794,0.00968769187438796,0.00340448091870134,0.00655237768420586,0.00204585645031365,9.1769420546949e-05,0.0197402097894203,0.0154377891261838,0.000731421873199699,0.00810835549359302,0.658242036828569,0.00349593348531952,0.0329058893422828,0.00144582168104695,0.0236621792804312,0.00176940872830271,0.0226345979865505,0.0036758745676671,0.0095790155330566,0.00913098306207769,0.00170381601788827,0.00332362301957939,0.00261034489413584,0.0059705781885166
0.00373801622771018,0.00124794693971478,0.00229671666419645,0.00477377083943706,0.0204621954411408,0.0346934541043632,0.00456418056566839,0.00310179511651877,0.00915901316190695,0.015313999661313,0.00754124166106103,0.0226543557045352,0.00831460476332116,0.000455701204983252,0.00115856314490276,0.000194420125410621,0.000967658305324018,0.00228599764929219,0.00110801778763584,0.732877914065363,0.00295439377442229,0.0170027863389992,0.010829820098871,0.0117483944149027,0.0190375626982563,0.0287537434186662,0.000836668615938587,0.00511914052743922,0.0111559316466111,0.00209152169979246,0.0102743369198673,0.00328613671243552
0.000270336899727576,0.000281135215479637,0.0015832922428169,0.00512652988532083,0.0113110068231379,0.0056205912611563,0.000974249942027228,0.0119814513659238,0.0114467563957225,0.00691128441281681,0.0170047756013005,0.16318305152224,0.0156958947906909,0.00184746989643835,0.000218971907839606,0.00320087450605246,0.00245005060956377,0.00667491931831638,0.00420785020596089,0.018635393093914,0.398918172051504,0.00185813947367733,0.00100638342301027,0.0578670386026426,0.0303488665247735,0.00573052941020085,0.00661740373585963,0.16249015457142,0.00940399556582654,0.000672937007006972,0.00194815173300505,0.034512342004627
1.19451508281928e-05,0.000327160238480491,0.00120057628738921,0.00331198793423073,0.00141511367470559,0.00202734033689281,0.0186870421479942,0.000710304046346757,0.000214422924959501,0.0023183556707804,0.00425477672262092,0.0083810278315379,0.0117698532890691,0.000197231101775976,0.00509875674676049,0.0111085845545787,0.00356562160580758,0.00402138416114659,0.0048913393059219,0.0308922187459836,0.00641929311692197,0.737707596356545,0.00807427627715967,0.0043125823385055,0.0503566977258316,0.00540031626789123,0.000551878209765989,0.0163458132732909,0.0114592286091581,0.00417652749017657,0.0310153164214936,0.00977543143544913
0.00304306215775787,5.22646445933742e-06,0.00370424246602324,0.0137002354594935,0.00256288496082691,0.00247505253550781,0.00286083311917621,0.0115372058425994,0.0244409375514967,0.000533324998632138,0.0170368648334597,0.14206074441923,0.029936540881201,0.00218240689944868,0.000995121768735525,0.000213119530326286,0.000577244095924188,0.000676313909343927,0.00937366092136071,0.00887820048968402,0.021091173723167,0.00705749411935587,0.484108113341726,0.00301126044939137,0.0287784392181125,0.000806479421838147,0.00114497879806794,0.1496253267131,0.0103929592362107,6.04645177844814e-05,0.00088489964097739,0.0162451875155804
4.89352651378406e-05,0.00133095634682504,0.00163713567327936,0.0100535770678601,0.0232328518521268,0.00105941694264998,0.0569956943895469,0.00362553148781416,0.0104944814033322,0.0154423516749161,0.0045313383447159,0.0154327965160879,0.0230801970539002,0.000112353700393849,0.0111860172525883,0.012811648580443,0.00953464362900099,0.00427153692640675,0.00157675596067121,0.000100059748210537,0.030673028660201,0.00803812794455419,0.0109800439073294,0.650010461090791,0.017435231568169,0.00094879964124194,0.0137393037906939,0.0114053145961847,0.0136870933828607,0.00375395421958418,0.0309609672239004,0.00180939415858174
0.0305663997623145,0.00142419427640806,0.000564578565296565,0.00496077522458756,0.00973634262572254,0.00155224998122168,0.0358667210734599,0.00608854148893949,0.0062501263996068,0.0688679334930183,0.0542055856045103,0.0616716491599979,0.0222902409674867,0.00634149557999659,0.00429209693762702,0.00322532790932498,0.00489868777700997,0.0044443399143801,0.00231863099423839,0.0187917430766334,0.00157866173309803,0.00299488976926572,0.00387049849212915,0.00836849998026452,0.586666913334213,0.00326991595063971,0.00141093750398538,0.0293947461273504,0.00460356921154962,0.00372828351373493,0.00327451808340032,0.00248090548858835
0.0013983974438913,0.00205663663956074,6.9284704180752e-05,0.00888298380571649,0.000273315857652049,0.0343070486593368,0.0330774986114592,0.00334501194591622,0.0141783009743187,0.0132118308662006,0.01025296014409,0.0100713602513716,0.00464721573869317,0.000570661685493734,0.0237990948630432,0.00771455144893219,0.000809745896235732,0.00409313299225874,0.000109977032067999,0.0023904811969013,0.0940379689957605,0.0253610249687582,0.0732865290630333,0.0283752170918041,0.000266081101696642,0.548601717735,0.0276685143994238,0.0179578864386453,0.00148999277358867,0.00201020945203439,0.000123426126177718,0.0055619410967567
0.000964828810956249,0.000366310240172448,0.000793894755118001,0.0631515018640208,0.0351757223266749,0.00392918589200646,0.00844388162394211,0.0121171502328101,0.00542913192311144,0.0505363804719258,0.0130550652722405,0.0260700571700354,0.0066767451670125,0.00438750906865329,0.000192826438275237,0.0207992355182214,0.00451714089327854,0.00125561241001339,0.00157116884833997,0.0147732389869406,0.024213425766569,0.0093127548065879,0.0026238936085509,0.00169296440596095,0.0201145294124495,0.0288278215759799,0.534844386887523,0.00666707716168025,0.0615823497424036,8.39023387454846e-05,0.0349929076699678,0.000837398709832377
0.000864227077787779,0.0001784306073946,4.00748646129156e-05,0.00906981727712108,0.0220558554007369,0.00918757832785681,0.0414656164227234,0.00527404150434585,0.00762551426279332,0.0135264368325011,0.0135387605047868,0.0112906490683195,0.00804832871288126,0.0052907762524816,0.000504210314572662,0.0170777212288554,0.00803933063228849,0.00261449760994875,0.00478964964799413,0.000816782613067761,0.000924587085363348,0.000115208282203901,0.0077587618526523,0.0118089911103115,0.0132143371606665,0.0318298918448338,0.0019699591260613,0.707653292185576,0.0206018348527121,0.00368507374698232,0.0177034925235179,0.00143627106604887
0.000889622027675367,0.00223749402051885,0.00175492985622272,0.00570701377668868,0.0049856188310114,0.000174942336366936,0.00345586920844361,0.00233963954145966,0.00400770250046908,0.000833333033556834,0.000417211439643893,0.00424385558600016,0.00734877186802268,0.000738543545418357,0.00107564146816235,0.00140527117433461,0.000874850224463846,0.0007274037021728,0.00568789117099464,0.00983714458358774,0.0109970790172708,0.00106976682734229,0.00478229309468678,0.00191276866522395,0.00401867094637244,0.0057024952630221,0.0247818942109198,0.0127433985403417,0.806502606474319,0.00655282310099525,0.0589110220790419,0.00328243188524991
0.000753049050130192,0.00457398276485131,0.0033577079410202,0.0994862072470334,0.00895946839503144,0.0074167107378293,0.0005499656636994,0.0359766719833629,0.000420603069349077,0.0838049315243293,0.0347358816142915,0.00238182678701087,0.00354621346798244,0.00234286680898753,0.0135856460092928,0.00129931628948819,0.00201088459526119,0.000374250412399527,0.00197186316346698,0.00104987002859212,0.00013373705326005,0.000806338227473468,0.00100690529754362,0.000850423527848807,0.000644711791534119,0.0021474471275673,0.0124773910725827,0.00648855547011065,0.0169725337227913,0.625557001754083,0.0237793279416961,0.000537709460098842
0.0046038566759206,0.00206070510485129,8.80509621366001e-05,0.0265883418744624,0.0189241303695684,0.00193535527079534,0.0152517209579585,0.0115226735523001,0.00192266994165738,0.0356043604043034,0.0124612180953382,0.00250341546322969,0.014126710423631,0.0023429263999043,0.00703620049175418,0.00552995023701365,0.000158006022210772,0.00186388777097684,0.0120108457087534,0.00899093140806205,0.00712520937864164,8.56061537718146e-05,0.00230652350068027,0.00116223314693778,0.00315261002267125,0.0339930864311657,0.0184770628247107,0.0224996252908676,0.00997816480367308,0.000521270167010656,0.714225094853956,0.000947556291085652
0.00278266229547222,0.00376600193340932,0.00139534832109822,0.000788841308897885,0.0100583191772526,0.0027531341657153,0.0213734623841571,0.000699141398176796,0.0043438202594712,0.0109010876307816,0.00795098326934658,0.00718348074860957,0.000115844984845635,0.000237292250035482,0.0014950566847699,0.00611885869557623,0.000442359030826091,0.000336275874479731,0.000490492727989072,0.0205075496320971,0.0139246644304241,0.00315732744319527,0.00331781912602807,0.0175467002875097,0.0326376668900989,0.00543383513246955,0.000164853391322655,0.0067616010268188,0.00178209167902184,0.00544618602950021,0.0116139822337418,0.794473259556862
