0.771501597410114,0.0131565802424756,0.0044241944208222,0.0227281758290314,0.000965172878376029,0.019501888181962,0.0207348929952216,0.00279084433370856,0.00326540170156629,0.000682046457748295,0.000580829324752328,0.01685258310489,0.000311819725339144,0.000200290696733843,0.0050556056331232,0.00463017039633539,0.0121223265819613,0.00506721728925971,8.48458519977722e-05,0.00403591335563485,0.0130401615821783,0.00746417988776892,0.0255561450674807,0.00343490242750432,0.00521498086520418,0.00297620753275409,0.000224832915724464,0.00938195472186499,0.0145122278833482,9.73847703456342e-05,0.00870892595303644,0.000695699981736514
0.00641047562856633,0.638919828123173,0.00788320958815726,0.0126472399446404,0.0378621247030387,0.0167781805821535,0.105920374100491,0.00366105687667139,0.0123240770590727,0.000174852847193159,0.00252718445001308,0.00509923004177845,0.00229333130380763,0.000366151966290093,0.00304461945387081,0.045045892476027,0.000477806004240459,9.56907678279268e-05,0.00125961868636949,0.0046343885065677,0.00170850953155757,0.00181894269632573,0.0206741774011063,0.00863697745827453,0.0146233059420894,0.0131696704823082,0.00590942912093256,0.0141395120291818,0.00080540817367019,0.000223198894056284,0.0100992179236994,0.000766317236848295
0.00360410276487365,0.0288192174360582,0.700862463313118,0.000916900790279251,0.0122874912319923,0.0022533450682497,0.0397813840373765,0.0119626483321878,0.0152686277150809,0.000561543320712095,0.0040631014752445,0.0293992611644305,0.00176182575994876,0.00112934505207086,0.00115051731364047,0.0291282234363201,0.000138568706166049,0.000309738680070441,0.000114744894216435,0.00437009807363465,0.0421618234668149,0.00564539320874043,0.0115597104339824,0.0120078641769668,0.0144607704841638,0.00225015321843666,0.00507232393735462,6.73989012270791e-05,0.0125347867161534,0.00388289820417642,0.00158261511849224,0.00089111356782038
0.00335087599715199,0.00164445145797962,0.0169077530016966,0.682632573456612,0.0032407581053926,0.0431406482580186,0.0852749982090253,0.0235699182700405,0.0011611085405463,0.000559215431841623,0.00388400082499638,0.0424402522719706,0.00247760621739957,0.00365714338854607,0.000110223575937082,0.00519187086878939,0.00137508039015903,0.000414530323739673,0.00349172064407882,0.0217672360222045,0.00012302886834312,0.000676823044609163,0.00640654666033179,0.00414693888922793,0.00173900588708765,0.0113548981372226,0.00693877094027657,0.0152239913828521,0.00401656234062854,0.00109879773164944,0.00160499969818018,0.000377671163464519
0.00270115407438345,0.000553045734252921,0.017050105908192,0.00975447344800395,0.725698507821606,0.0387169718782913,0.0108542554452138,0.0107022038773592,0.0015143309062698,0.00331741989187842,0.0119463596915429,0.00369947407712195,0.000908518528068208,0.00472672399857466,0.0031574796494626,0.00932608487549522,0.00230391157432264,0.0012618455996716,0.00428178696190689,0.0147675728077015,0.0136606438757641,0.00358245204183555,0.00929650321519146,0.0531269394690212,0.00846667685461682,0.00897614759301943,9.65315187540372e-05,0.00203493605850066,0.0055195453920171,0.00868848134048759,0.00895296474096605,0.000355951150507426
0.000692457319791989,0.00021840019467275,0.0118123619764977,0.0435930909670319,0.0058615884851209,0.826870074405049,0.00829017988616921,0.0366628544926728,0.00241245977693509,0.000929016917935833,0.00884767834971264,0.00374669227325173,0.000469510340587607,0.00168585368883989,0.00117037621593768,0.00945043978506421,0.000419462438398876,0.000118946751946035,0.000673522279081575,0.00258203637263435,0.00504185628825979,0.00134293095220733,0.00276403257270521,0.00484706020225274,0.00136932656851474,0.000194348472455399,0.00778413819735757,0.00132031623393067,0.000514445835027805,0.00424741391895528,0.00328016722323886,0.000786960617763056
0.0017808550377347,0.0027882391596635,0.0103335807236672,0.0747095414014011,0.0256480500170191,0.0287637203000463,0.729921962890652,0.0274280346213155,0.0168069020139243,0.00848701323902284,0.0107183892438954,0.0184282038192122,0.00123140594163979,0.00180387699673624,0.00094109874952482,0.0025210013177892,0.000748446348582825,0.000151349644431665,0.00114421806051787,0.00114792140443687,0.00277470595141082,0.000316127244669946,0.00313522469074795,0.0030614582310246,0.0074705172924422,0.000571389153320566,0.00506876719109473,0.000496221055847578,0.0014243648274167,0.00539123030677872,0.00403855785412193,0.000747625269911271
0.0016534852923252,0.000604500115588387,0.0106710675813019,0.016680427805199,0.0253166708227845,0.0838787950299905,0.0127682394385352,0.630776333440869,0.0277434348186028,0.00232687492620895,0.000802540525203735,0.0863801669890443,0.00309080219740875,0.0127493376613194,0.000520972743565582,0.00479680430994587,0.00538717967766193,0.00130025870854415,0.00279497401495363,0.000812374594360573,0.000120708265628907,0.000307334947457906,0.0185588988206739,0.000834970958400869,0.0104702191571816,0.000912852811432879,0.00495947696557476,0.000162824706451476,0.0224703604322213,0.000813481723020281,0.00372108898130277,0.00561254153723971
0.000232182096223072,0.00422157662421829,0.00806177480058729,0.0138369019085964,0.00247596275746976,0.0461586955291628,0.0981708863275342,0.000408691154845367,0.719348056551074,0.0043264280540046,0.00464006412850346,0.0121819413595742,0.00162308568831589,0.00164469591190032,0.00147406730072906,0.0286377077667266,0.000488340302314641,0.00125812830837493,0.00238188452170025,0.000616003154486749,0.000398575985350884,0.0095925863721625,0.00496874306635387,0.00353898721784558,0.00124346617273919,0.0104052925852202,0.000186863120631709,0.000485820296975894,0.0027505825606431,0.000461049356142737,0.00802001973035663,0.00576093928923565
0.000693890889543892,0.000561057468867933,0.0181195018097825,0.0110255651374435,0.0222467253508163,0.0133436315924805,0.000449062286117331,0.0019258166032928,0.00131056830013125,0.755110939898131,0.00151747142163131,0.0683359260765713,0.00219000369685795,0.00113034851080684,0.0168676255955932,0.00698633467178841,0.00178183504119769,0.00210445776454037,0.000179775225648132,0.00584342983376194,0.00248068013959522,0.00411482648073359,0.0121463956016998,0.00205056296550433,0.00530901926919003,0.0167502389934728,0.000470605753208482,0.000679520734846515,0.021605345845901,0.0020629701286003,0.000513788562243969,9.20783499997315e-05
0.000425468670014503,5.35693088362234e-05,0.0071114727344635,0.00649610400897955,0.0111105366378133,0.0230675971090159,0.00937424501581782,0.00704085798046129,0.00415165592935577,0.0111025199322545,0.729033963952949,0.00722007356357072,0.00175437240744579,0.00127269000430089,0.00167103374890775,0.00959161248526096,3.39711308430235e-05,9.85715435230922e-05,0.00188730644184453,0.00895313751607765,0.0130633970575735,0.00540761910361427,9.47531253128926e-05,0.00591624890974432,0.0082032103093708,0.0040828636294434,0.00921893680611987,0.0298149882277286,0.0694521488147933,0.00046594994936797,0.0124901789455822,0.000338944999613159
0.00187287496472991,0.000499939119313691,0.00512132108123427,0.00549047321941408,0.0100115094612959,0.0143453087729961,0.00109653779958187,0.00469829094927769,0.0337627381947836,0.0179064244130974,0.00727224599086605,0.759066316140688,0.000766566278221049,0.00472618828175403,0.000527496214090071,0.0174342645939693,0.000322820750465213,0.00591746573228361,0.0041520258116957,0.000806291181138422,0.0112621901207791,0.00524232529994162,0.00794302985802474,0.021801351150707,0.00224305300506562,0.00777891146329945,0.00915370358506433,0.00631891789697246,0.0222086699583095,0.00203526372688364,0.00432983941292992,0.00388564557112651
0.000210331053290939,0.00146427912374065,0.00291290413192614,0.00340457692763596,0.0228677407272727,0.00386062897888435,0.00698720879721796,3.74790339490707e-05,0.0097214127602856,0.0124160578989609,0.003896933205698,0.00233170697458279,0.840673874863024,0.000872767386573002,0.0455598418019047,0.00319283128749601,3.67484337740842e-05,9.05314948041341e-05,0.00350360085433793,0.00130613402971165,0.000167633199716138,0.00154526691399395,0.00510470155790602,0.00389549087930121,0.00404088834374015,0.00198419247224906,0.00148867012386724,0.00633731722076168,0.00531353242324712,0.000280451130494699,0.00422533423874184,0.000268931730910749
0.000350235821511618,9.39507231016968e-05,0.00276181223286885,0.00856398995826253,0.00228499214827238,0.0144142284143985,0.0612475126811629,0.000130189438017008,0.00505490292801306,0.0359948670733216,0.0163518085103979,0.0380030579612042,0.0174405832128157,0.657159490273829,0.0207538134609246,0.00622348970230662,0.00027900766132135,9.04923741017922e-05,4.45485267456389e-05,0.0065750433249123,0.000217265837524905,0.00130791732400279,0.0462837673660185,0.00673938324431907,8.85529897227366e-05,0.00462389194057019,0.00822824464228822,0.00245401290589335,0.0253977090999529,0.00992032248188876,9.90418057752316e-05,0.000821873934553809
0.000905405341918149,0.00128039389907748,0.0551714145940365,0.00997886282058767,0.0071510152524363,0.00607815380834327,0.0175685042573064,0.0102881241643291,0.00421503094131898,0.0266121842389468,0.0342116328947335,0.0755275436686858,0.0204675649470053,9.6624739745815e-05,0.653474569765811,0.00974702688849299,0.00284116071856038,0.00177290954994638,0.00048634844980781,0.00222605862602393,0.00160360267363241,0.00489140141710346,0.000706037987008428,0.00611323896438593,0.0142674263477929,2.24820388601394e-05,0.000541622287121748,0.014377710742535,0.00744182691142835,0.00785631954203837,0.00160478235645595,0.000473019164523536
0.000960874568436964,0.000885903441299976,0.00117732522038902,0.000480741748425099,0.00268535999609109,0.00779725553472424,0.0511275553418179,0.0013503692058604,0.0236229516486444,0.000731884743255633,0.00197694076858143,0.00699863770021512,0.000174380894477086,0.000662062011467563,0.000506142151994417,0.823441992902256,0.000598971533228186,0.000680384190072894,0.00163343355668206,0.00215435061305592,0.000763103523121822,0.00327358362560379,0.00807909995520145,0.0152744649464954,0.0284363395430435,0.0102580709085211,0.00025420064756338,0.00227466105073921,0.000211941995755239,0.000213083364794918,0.000953285940901739,0.00036064672728328
0.0197051871247068,0.00340043571103175,0.00135931882269594,0.0166429274485026,0.00929701554618527,0.00453224953339025,0.0210477751808873,0.00998357540470648,0.0077121175652494,0.00791650359872675,0.00248667577269341,0.00473068110081469,0.00153937636456611,0.00310116205946949,0.000629127631807906,0.01918376622197,0.762128012744504,0.00744872293659368,0.00122318662556069,0.000793510807636028,0.00556849363939334,0.0181998594983342,0.0257198190726423,0.0153012805304655,0.00840737897194307,0.00204033564683244,6.05169137587262e-05,0.00828372561819366,0.00869114695807605,0.00121091041195191,0.000375706497020388,0.00127949803968987
0.00312476006921338,0.00675596418134664,0.0151675204665966,0.00218775730890038,0.00144435770742856,0.0346062985464391,0.0179308670189604,0.000773284942916507,0.00792711776764407,0.0104942246656458,0.0117202963545666,0.0173347230632637,0.00181303205080317,0.00107160764523746,0.00102840024471469,0.00768850858352584,0.00365421326017425,0.711225665864328,0.00201131382355378,0.0363786003613648,0.0119659525210612,0.000205536058917386,0.00229157612240808,0.0497337730449366,0.00530802333586437,0.00727671357630988,0.0181376370480824,0.00118380835944701,0.00367348885282586,0.00023018450271493,0.00553173342687163,0.000123059223936813
0.00250078744146051,0.0023340385037307,0.00232903802510873,0.0237993375585262,0.0220895516087551,0.0415459966100458,0.018909282449689,0.00815392546345391,0.00758310840993064,0.0164207615098557,0.00615860274703989,0.0685830715388106,0.0103955046832035,0.00195583022930686,0.000212540862603629,0.0116654244906253,0.00157085115637574,0.00118103216766293,0.672659257107091,0.00321488647977851,0.00756930229190918,0.0131313622691746,0.00521176416890814,0.00469654082666726,0.00506040864028601,0.00161493074234808,0.00941924042545554,0.00653265802778068,0.0149751750658567,0.00524693925179186,0.00209474162506113,0.00118410762170645
0.000355792317798013,0.00147532011414554,0.0011417838423547,0.00702129600605523,0.000632809949653997,0.017420247249792,0.0189518603488726,0.00701087271095396,0.00382754607639367,7.32851171764846e-05,0.0170108703236657,0.064108367055164,3.72137066903269e-05,0.00015641585715665,0.00206847838621245,0.00195378314488626,0.00106047010015503,0.000879783845761413,0.000823245120622903,0.636530106975989,0.00884290377283261,0.0277786451582373,0.0228735746784375,0.0149925587995341,0.0100023315360244,0.0604202435932541,0.0383093997498364,0.000116574793450645,0.027217656466759,0.00145176023384005,0.00524160956943578,0.000213193398857982
0.000297385159651341,0.00219686207898616,0.00502855800308687,0.0152967824751167,0.0178834201338986,0.0117195410424099,0.0127109610991723,0.000946205043777444,0.0031686893931404,0.00648014898565242,0.00275860471254768,0.00744501800635179,0.00211694603720841,8.63334456271871e-05,0.000814676187327886,0.00955099735531814,0.0041679734687818,0.00060229672865702,0.00143104760219261,0.0137133392626658,0.726332839161754,0.0132080658186727,0.0362059543065374,0.0333757492287729,0.00979160997105358,0.0217202567464484,0.0195847793167914,0.000874721984765019,0.0144754382802947,6.92217323295332e-05,0.00203720372753402,0.00390837350347598
0.00252281154231324,0.00119823051582758,0.00140651125135425,0.00484286841295922,0.00958373881900079,0.0199899737197267,0.0407470602310327,0.00428634086055167,0.0934433765831691,0.00333118180787867,0.0011293402524502,0.00362195869562345,0.00152044613366773,0.000657599023501506,0.000968973360506516,0.13260167895963,0.00659774051454065,0.00251613534139567,0.00680318488485775,0.00103695511772103,0.00177634437334872,0.585217007545476,0.0182749107611744,0.010073048049518,0.0309427107226913,0.000153281796651079,0.00444589003949408,0.00427344826368878,0.00147020327850634,6.53301160764444e-06,0.00280206984374511,0.00175844628639067
0.00270981248483357,0.00711659020857442,0.00336139470501481,0.0126344753502296,0.00353557606831887,0.0771520019615684,0.0859830827652638,0.00546797091559938,0.00260305970361244,0.00377902089159319,0.00657235151482783,0.0272850259365723,0.000631787456389409,0.000418391010619346,0.000984110908991758,0.0256337516584282,0.0115151181070981,0.00426087678423766,0.00800542401069228,0.000157890963769598,0.000336327474140377,0.0204958366134378,0.659229254621533,0.00268596669727896,0.00364839951637873,0.00409502012768534,0.0110634611592075,0.000314193262763341,0.00272117721163233,0.000247298014645452,0.0047772802739254,0.000578071621137294
0.000311226900245047,0.00224621995500148,7.02557743487449e-05,0.00553934567857159,0.00305264265188169,5.42853450994215e-05,0.00219605825794489,0.00298037578861179,0.00211504567048988,0.00108300140401877,0.00459059343876501,0.0333105032833262,0.000264804427469506,6.53283854686497e-06,0.00215613882728424,0.0149755777009353,0.00385774591355984,0.0019726795795496,0.000767327817022786,0.0308117543471564,0.0233676768422236,0.0164569573413763,0.0079573671862176,0.662405626011177,0.0118560140706315,0.0982388548144036,0.0382814119814698,0.000173664053322923,0.024086710191484,0.00154191439156135,0.00155031491531873,0.00172137260098483
0.00513749789099584,0.0256917694822427,0.00109724978766625,0.0114273242406995,0.000100868235310746,0.00416605438883757,0.0465011765475308,0.0012426030688986,0.121069782763203,0.00255469776908418,0.0102295214873473,0.0128495193500972,0.00300528080094119,0.00152288586467696,0.000352583389248656,0.056888188605074,0.00632215034805269,0.00431206454877112,0.0018337508708668,0.00290227211723978,0.00531042544365254,0.00526938488138052,0.0137215277817567,0.0202271863926559,0.607043041181999,0.00534334279866195,0.00073241062265946,0.00975492550852765,0.00175286796874969,0.000552266201332643,0.00210283101146242,0.00898254865037695
0.00177360673744934,0.00702024439845433,0.00549508245413251,0.00371119378919784,0.00252116683745734,0.00541405718409451,0.0124714922765462,0.00298585199636333,0.0147862413150696,0.00303934341564027,0.0276875626650429,0.0268113292951782,5.84023985616176e-05,0.00147808255582351,0.0147634753874214,0.031254182922574,0.00390573058899522,0.000743712546103013,0.00312369738935676,0.104594095472403,0.00050803318557801,0.00118183455536699,0.000797916432766929,0.0599244226775601,0.00186697771552385,0.487983870072325,0.136098829084976,0.0192322848925686,0.00171066478795148,0.00559765547101708,0.0109111106864356,0.000547848812065582
0.00127773990659295,0.00154927771574434,0.0011054660779664,0.000458980353980779,0.00124667319534667,0.000137576018565542,0.00712525616454375,0.00263440008395646,0.00440300530636097,4.90191125665885e-05,0.00843176227039024,0.02778048705155,0.000302675326242036,0.000310971799728903,0.00427760618366969,0.0127021487913656,0.00086399535444698,0.00157577380764533,4.17949391956142e-05,0.0698237317659428,0.000136275179838023,0.000890138777223275,0.00416145316955431,0.0323800243150279,0.000137264251322031,0.0450708167964796,0.752558463663887,0.00420086079289526,0.00397439054708526,0.0009558797562513,0.0093024540661845,0.000133637458449367
0.000933763707877734,0.000659005227854048,0.000146120845542185,0.00148005686790109,0.00339318485952375,0.00151659289870013,0.00291443101685601,0.00220744368899254,0.0129825435870199,0.00383772507597184,0.00799556190167293,0.0384587198546867,0.00154999750376742,0.000893153167485867,0.0142053969956235,0.00221263895918904,0.00010794721020303,0.0058222468062417,0.00115044995239136,0.00278379165721332,0.000185443633798279,0.000310927697492542,0.0103730453803134,0.000555874667598435,0.00222787256855159,0.00514054582658086,0.00237721264747781,0.851568588887164,0.0132755946589595,0.0057619745007703,0.00263072711803722,0.000341420628542374
0.00107627074203723,0.00262543323076896,0.000621555120745146,0.000937395562135477,0.00215061909275546,0.00683101020081544,0.0169407197883636,0.000282320870521976,0.0154739901187801,0.000969732492566642,0.00468278393660211,0.00966374875322228,0.00202823431042481,0.00105078795556742,0.000157379375745493,0.0223438478330697,0.00253222491875462,0.00228965166671195,0.00245734453734539,0.0022033559528646,0.00917696757302348,0.000763700112304768,0.00690061473669103,0.0172902740854664,0.00152905414447611,0.00683180982537533,0.054702016107243,0.050666316191404,0.737520781630269,0.000347167272719302,0.0147766074100601,0.00217628445116947
0.000539436530845802,0.00550431055374974,0.00130506147025793,0.00320462221248274,0.00817669255630625,0.0231471986008628,0.00555191618077094,0.0136882811073985,0.0460342653542358,0.00870438862674702,0.0336022573626879,0.0192370271634101,0.0129547856358566,0.00235779338859244,0.00193456781224374,0.0141956067374422,0.00263772333702726,0.000839601253769259,0.00187957689134831,0.0561039735448536,0.0035949775446835,0.00266970982979794,0.00529125255102955,0.0248164084925723,0.00137609365398715,0.00725656966354444,0.00322599339405428,0.0270277677714752,0.0189497102913752,0.640222561592259,0.00275658271195088,0.00121328618238124
0.00237839628359717,0.000156013080433982,0.00237651555595977,0.00291807267974549,0.00257464248369267,0.000469621686767845,0.00266960728860301,0.000415529466106853,0.00391421880263057,0.000682050665574162,0.000714317452735091,0.0211499133191547,0.00302070321021726,0.000928760626418229,0.000677684854374405,0.00493992346220571,0.00160873478786195,0.00123364446787018,0.000474578194639601,0.0126608361049862,0.0029743459791287,0.00217428002534977,5.2613330516521e-05,0.0160648015959575,0.000119131423524671,0.00335877946411404,0.030192704134141,0.046025896368035,0.024340287531798,0.00217748961293403,0.806310447132003,0.000245458928923234
0.00900707518799601,0.0196293035028284,0.00513944437944567,0.00347802498371209,0.00429799335255164,0.00688323692118509,0.0052362676051987,9.50756696792502e-05,0.00348741153064649,0.00354543580311583,0.000354061848677596,0.00211091892474813,0.00749024466578001,0.000561246440848447,0.000579391519821466,0.011904417879261,0.000341131309686899,0.0020814618832826,0.000240703138027966,0.0622497100810014,0.0123455356451568,0.0195301780628452,0.0512286798190359,0.0229943944217112,0.043191137778361,0.0104179254033416,0.00537795914313752,0.0126362744283453,0.000591112706941626,0.00100002047488693,0.0013972125884635,0.670577012900279
