0.313772580393736,0.01093084996959,0.000460895488613805,0.00154889768434954,0.00393073946477856,0.0223142115127445,0.00217190127226778,0.0116244295814977,0.00504820260124865,0.00343900210533447,0.00437334129616114,2.06710906946509e-05,0.0145276046093301,0.00256209437424439,0.0113726845121159,0.0014088313828797,0.00300016934745128,0.00293040983758223,0.000350254254501914,0.169842321817945,0.0301129440471048,0.0257885374260242,0.0813353277863677,0.189884804165632,0.0272730575639139,0.0338676722518657,0.0122893789988747,0.00227769923161487,6.276410187467e-07,0.000154581337613557,0.00205549678888016,0.00932978016402313
0.00183871612060709,0.375107135285976,0.00165622208428555,0.0183330618438026,0.0295501434233459,0.0733368316825729,0.0288994755865489,0.0810394232595525,0.00137774096219293,0.00195913474430132,0.00332759046598535,0.0220706976641167,0.00207815084199757,0.00504232747313324,0.001766618993768,0.00305415874366673,0.000740905951375261,0.00668615007774111,0.00150239959829943,0.0571535614651499,0.018877644218391,0.0490877221353297,0.131506644220893,0.0454794327643542,0.00298773207214001,0.00200643524683378,0.00369928458502498,0.00638361964672004,0.0155638946294317,0.000177325666754529,0.00256825086497914,0.00514156768072914
0.00115583873737348,0.0056098648671076,0.367647618241075,0.0564434131924149,0.140197398571705,0.0859183048779568,0.00442437549072391,0.143117309591557,0.0108829726096527,0.0196399704006052,0.00859684680918578,0.00989936681141998,0.0004054386367801,0.00107993478306629,0.00295485115116031,0.0386940116511899,0.00132231901106941,0.000673589484689783,0.00134674634807084,0.00632226207380542,0.0140791484812338,0.00220571916938237,0.00173551762841678,0.0177714888791597,0.00500606463496623,0.00367427198186569,0.00786581227342061,0.032759885662382,0.000316361918918286,0.0022310430436402,0.00529577180787939,0.000726481178124391
0.000444018500904649,0.000551265397138888,0.00143160878026834,0.478047115599459,0.000489951933835619,0.0596124761299045,0.055742569294726,0.151530176739298,0.0232092337995925,0.00250058499888363,0.0182668103546418,0.00966733659648128,0.0204653568567125,0.00140167025475159,0.000254188245278385,0.005392297294143,0.000124487370958441,0.001965090609691,2.34567621702739e-05,0.0390913667262032,0.0266563124970605,0.0044420976642219,0.0129679630938756,0.0533966512990688,0.00467337795157347,0.00579843751677889,0.0074213022981618,0.00833267717502404,0.00043334483464855,0.000104923650727223,0.0039825697384702,0.00157928003534702
0.000249507641864078,0.00611836981597759,0.00122913331703464,0.0110893681410477,0.450243518982411,0.136525167926421,0.024533842235727,0.0495265233243341,0.0108442186768663,0.00327500497402985,0.0221945420758069,0.0137220073104495,0.00186379075439717,0.00183094483860826,0.00958059597736876,0.0199397139199393,0.000750257523617014,0.00167813508558396,0.00243178555035703,0.0397001755171859,0.0198409981725593,0.00262506923710764,0.0141035745575608,0.0818835978117822,0.0373495320319102,0.00128843635987228,0.00388755005265091,0.0068313762529309,0.00161934219794027,0.00352725852471898,0.00357829098689156,0.016138370225048
0.00055655482981865,0.000297004159545791,0.00256304030339095,0.0202811048213884,0.00932381128638294,0.712797549390028,0.0815160820679213,0.0506684631120777,0.000656631613704863,0.00192045805289651,0.0367585752972894,0.0146220936551709,0.0198169977396465,0.000809554690589786,0.00032525896022657,0.000534265909054177,0.000157068299809806,0.00202500040990101,0.000368203734412547,0.00698506946437857,0.000571223406365131,0.000754532060492885,0.00203613147901263,0.0104445204984525,0.00944900365082231,0.00113007288773412,0.000415173731704436,0.00503799077503708,0.000551247748122447,7.33349399198411e-05,0.000409224689444566,0.00614475633525801
0.00105409314187578,0.00595545150690497,0.000967469797273408,0.00377684540310314,0.0439557799344551,0.026110765953629,0.717845164937845,0.0255879722755702,0.00550882272174023,0.00256228039764566,0.00377835731961564,0.0134130409683511,0.00010980381527142,0.00221827005151861,0.00349616770588367,0.0127441614873012,0.0013539466685989,0.00133722178303341,0.000251518967404245,0.000832910447511844,0.0113675441870198,0.00260230232576066,0.0203708146374822,0.00983660614244212,0.0436027979923806,0.00348308042704015,0.000730027595483121,0.0112884132150422,0.00120527342604253,0.00335240080042568,0.00176852417707396,0.0175321697892748
0.00206404872097931,0.00369834264855459,0.00756115780799476,0.116760730876601,0.0159949195493432,0.034788449394729,0.137241254937522,0.121500529619736,0.0224518499849981,0.00841318457240335,0.0612992456388772,0.0395779624113107,0.103920996116656,0.00500296261488925,0.00921278946182273,0.0329661667274662,0.000340952803563285,0.00537997481493844,0.000549738520650777,0.0403226398174153,0.0584205833763179,0.00967566727747049,0.0249429782526259,0.077039381631833,0.0140826571950368,0.00352224127776745,0.0094619474690574,0.0213675201456192,0.000237503890777456,0.00194660542725749,0.00887347808183425,0.00138153893395135
0.000271214783178333,0.00460746595470635,0.000795045582915428,0.00063399367135206,0.0119761346803436,0.0286224694625224,0.0216662699612838,0.00267541277454964,0.561899317566693,0.00252638772532536,0.00866231506427491,0.00213393816998937,0.00920523499650428,0.00231834224627878,0.00213592988891414,0.011426701949888,0.00123480784984336,0.003482634595656,0.00668778257986594,0.0467969921586501,0.0327159302363151,0.0238641649317692,0.0759911798511495,0.0859324043661961,0.00313038019758065,0.0137985784990322,0.00980221798433738,0.00601130418458149,0.00693638846021439,0.000312254063494139,0.000700261582889477,0.0110465439797056
0.000512825040957051,0.00220041277080336,0.000524688546930834,0.0439652051529023,0.0173675946273709,0.0666097177858578,0.00809758992990774,0.130780690308129,0.0225999332936088,0.273109661358297,0.0220913784717566,0.00080706190762954,0.0185453055013316,0.00076741497136883,0.003502786157764,0.00355426886108139,0.000100574123220032,0.001912319528681,0.00183283843980588,0.0727642652858338,0.0516997046484789,0.0073099336423804,0.0274739085779703,0.134620176582795,0.00557142696106665,0.0167859008678967,0.0403194028947326,0.0134387462425732,9.48781397443413e-05,0.00162025138005119,0.00605602995980927,0.00336310803926432
0.00201249599845678,0.00284483416897252,0.000197550558089345,0.00151742400278231,0.00886906646224335,0.0153455391185556,0.0419652155095842,0.00748304704709708,0.00421506168000294,0.0118560715568595,0.246468923794884,0.015200445882686,0.0209492810064755,0.0011417265151983,0.00719217866451387,0.00342138472759169,0.000305091969841497,0.000479256380307933,0.00104770593607537,0.135731982525159,0.0571528786584514,0.0176254892096088,0.0748233167967371,0.228358149463961,0.00944603546365088,0.0346509327655343,0.0412226787833797,0.000689664478217787,0.000231596336263563,0.00151703951588971,0.00430417058957325,0.00173376443335549
0.000913447532615678,0.00128132148099667,0.000727981157032934,0.00713376508005914,0.00517111105806475,0.0276358055401363,0.0253594849470854,0.0242626621190097,0.0152780528729572,0.00202818441062827,0.0349794139144053,0.335436447724842,0.0111780913755476,0.00156959899755633,0.035117927859287,0.000305494453058448,0.0002591556538026,0.000933295749299573,4.39839880063065e-05,0.172499951755714,0.00624278708079753,0.0262904346158273,0.0480755671860729,0.11545623103324,0.00598615024914644,0.0428384366284567,0.0141496252744199,0.0179357303293627,0.00433673150568217,0.00240143304886832,0.0126036664212716,0.00156802895674948
0.000602184041770267,0.000134851444573269,0.000312326376408315,0.0161105233389331,0.00434410864893136,0.0663205748962663,0.0891694535485531,0.059136435277295,0.0166576113206077,0.00623593657904116,0.0004892995139554,0.0153273339916109,0.218172657224626,0.000741722825096888,0.0106781593267448,0.00318537374057675,0.000179404266500787,0.000229783741914545,9.34252281905602e-05,0.148269792341477,0.0175474641771215,0.0193100611707451,0.0581789597335779,0.191660611002793,0.00266744178203865,0.0237224074502855,0.0180570846193801,0.0095356051064894,0.000205416847586692,0.000547897002646785,0.00151442567549234,0.000661667758769765
0.000236124166441021,0.00280660872475034,0.000849406580411998,0.0700181436455844,0.00928781910901584,0.172972223059588,0.0936542843614303,0.220380724114699,0.0315940639765636,0.0267958845253548,0.0297036989798841,0.0418859353183986,0.000738472526172177,0.16325231038925,0.00175084421995679,0.00498796854738113,0.000626671252686531,0.00127638120376117,0.00106992083800579,0.0272660649297215,0.00247786589050984,0.000794208837975796,0.0019240625208534,0.0456010744243015,0.00599058171858006,0.0045038164116034,0.00258944608214453,0.0233158188322546,0.000239715693403718,0.00190659505912235,0.00282913867914897,0.00667412538104454
0.00141633689158774,0.00575253094801873,0.000173794239090513,0.0229603819337209,0.00872853379252612,0.122007669461078,0.0327892665004615,0.0922410604602774,0.00518450662659977,0.0117845933890196,0.0167942062638537,0.0195217000473679,0.022351086999448,0.00358458215101628,0.193509990371948,0.0053474777537824,0.00184660494724953,0.00118260026769175,0.000438183256536503,0.181546227988228,0.00882924675842504,0.0140900781533563,0.0251462998806497,0.154476573998226,0.00696608563981362,0.0134352905653823,0.00804360335172887,0.0167811170125491,0.000167182600671744,0.000394756200215562,0.00241232855407589,9.61029954034084e-05
0.00024256514787223,0.00197570318413429,0.00112631977144049,0.0259256460478293,0.0112230449051081,0.108777747416084,0.113640359678877,0.122911602813606,0.0225425310970754,0.00127742050183601,0.0127674456156883,0.00367414697396354,0.00867243282966066,0.00053131582942391,0.000200394209969699,0.461799166318128,0.000911521927673905,0.00176156380137585,0.000367988236525434,0.0118649870684506,0.00376674404896346,0.010420201714143,0.0267351529415416,0.0103789610809825,0.0129004753665886,0.00431143620680997,0.00222997045389228,0.00270703192030643,0.00205838116282086,3.52445519721364e-05,0.00228615982285304,0.00997633735440389
0.00116812875946471,0.00397427510663509,0.000636085587666127,0.0172480068753753,0.0264875344624663,0.0346717627746718,0.00648143014032012,0.0465801587844354,0.0138353442739853,0.0016273926837546,0.0130441496001349,0.00367993878166271,0.00937179505881611,0.00028628557018365,0.00471809447524403,0.00919491840316471,0.309150276036836,0.00180285966862797,0.00251328666402807,0.167494337243183,0.00824435925741517,0.039647100938559,0.0781619684704355,0.154222488685576,0.00074647538316011,0.0257379972668515,0.00902897782767864,0.00472817813764974,0.00162446435759229,0.000845381390463776,0.00142893886707472,0.00161760846688846
0.000566177837146672,0.00716099052164649,0.000430866413685053,0.0122425228983331,0.0321961617981534,0.0417295280428836,0.07793750581996,0.0400527623276926,0.0358898288540613,0.00171613401639568,0.000514246559869398,0.00599579711974577,0.00128944065307654,0.000362986503860951,0.0042080784132964,0.0204701756930858,0.0037331916302572,0.334208568358287,0.00287162366192894,0.0518588868157734,0.0448335369527297,0.0138799603988351,0.124661499256392,0.0836744546554312,0.0167527482117033,0.0076938841751361,0.00535456833863962,0.0101267903384245,0.00039294902145178,0.00283218638609782,0.00361521903139163,0.0107467292946286
0.00032854686667814,0.000415182845898366,0.000688995440021109,0.00414400223809311,0.00840060142886956,0.00962841230652672,0.0199161154195158,0.0104664217824276,0.00271100488420842,0.00751607914005833,0.0178644181068493,0.000801615040397661,0.00608228876626318,0.000605021909017848,0.00234514472988784,0.00763405794535282,0.00306323145128578,0.000368997759221112,0.259729636034306,0.239953666839447,0.0226637036286095,0.0199391561563102,0.0781332669730638,0.261016533537023,0.000131645992962457,0.00234982285686701,0.0069985690766379,0.0038796707405085,0.000544122015152221,0.000280789589937984,0.000796486350173665,0.000602792148427294
0.000273041511424795,6.7768028735631e-05,0.000235354324307991,0.0186647351100464,0.00953669095726658,0.0242723718735683,0.0370169287500667,0.0379832585302449,0.00350785554122542,0.00108450083464361,0.00422274954749383,0.000670022551258293,0.000584855716894693,0.00328214352597919,0.00127443147180067,0.00634637566759237,0.00015402389696682,0.002357362302828,0.000411187769004548,0.0777008986261541,0.0505365251948693,0.0322010733183945,0.0967875207842829,0.471601669802742,0.00173070326091424,0.0431128123131593,0.0681095608222091,0.000111857637492479,0.00200001535064921,0.00160789524354318,0.00243638687240465,0.000117422861835842
0.000568146200641798,0.000693661820809764,7.6666996848728e-05,0.0369820972449529,6.04472725870801e-06,0.0696310793488914,0.123420982286455,0.0734887158839282,0.00659267300622756,6.17480482840009e-05,0.0188871590579125,0.00356548560761146,0.00778483591491222,0.000599257171018577,0.00210336404002162,0.00700162791935847,0.000112690362678492,0.000693775874808936,0.000246274844569374,0.143450146666894,0.223287849498216,0.0148761526268912,0.0477849713099908,0.0954390816849668,0.0187588831835507,0.0455469799963998,0.0397237974081009,0.00898908418359496,0.00140049252927401,0.00113271988834409,0.00252095614367016,0.00457259852291686
0.0071004312815502,0.0103175002609812,0.000857644891223849,0.00905139041789001,0.069053740090064,0.0491321499444967,0.0396706350503673,0.0287312439830252,0.0275616099128761,0.00243418291401947,0.0340257103226651,0.0229560785502198,0.0083639979249657,0.00010896066207365,0.00316026072794086,0.0300097059298358,0.00650619282951209,0.00789317069040253,0.00197835176257906,0.0550481781070037,0.000222837965830779,0.479871593000743,0.0158456337037746,0.0203365677438628,0.00261813469042748,0.029801963128452,0.00887732395059641,0.0140412344964618,0.0085942368695592,0.000244268477171891,0.00384777020274785,0.00173729951667957
0.00307068623323029,0.00511372120453461,0.000829261245080722,0.0261961297262811,0.0118550519415851,0.0429652849756251,0.156469778402478,0.0519285654637306,0.0307614232039226,0.00666057566144896,0.0572786027005428,0.00995130625206573,0.00619603971686026,9.57525997338227e-05,0.00454858044247314,0.0217042936395567,0.00277987920347695,0.00594173115962411,5.64855984977107e-05,0.0120638645165169,0.00153762999777998,0.00243188322957785,0.440279718772524,0.014509407761449,0.0123794130373472,0.0339105036393965,0.0212680533896419,0.000517442795917202,0.00650103380654303,0.000347727616591315,0.00229914665862148,0.00755102540734509
0.000110423056781774,0.000164821355593871,0.000131625958484732,0.00766172636465049,0.00470477000962492,0.0113534968038119,0.0119030027586533,0.0161778995222213,0.000652038791403982,0.00177439208740338,0.00151502478954233,0.000161891568374368,9.34258794818134e-05,0.00119107732313855,0.000465472246074813,0.00237457134558085,4.93606214051764e-05,0.0012837245300073,5.26628596662341e-05,0.208949855294723,0.017618329434944,0.0128944939966646,0.0320219608097451,0.613320529864725,0.00062315871179392,0.0213767703391715,0.0293827709895073,0.000242158214712502,0.000401421453008332,0.000508394693795854,0.000575543964440408,0.00026320436086719
3.44132795104329e-05,0.0083408876447712,0.000244134012875834,0.000163063253893666,0.0465291092291698,0.00151364304078395,0.0497424165081578,0.000290228184165073,0.0218784115100123,0.00128631916309315,0.00715733105742503,0.0375840307249278,0.0142912959353854,0.000124955641485182,0.00180298382938988,0.0425438394249926,0.00101186962571588,0.000285741457759388,0.00670308659754915,0.0488406994284451,0.0251105695229476,0.00129004618367376,0.0478364380496023,0.0582894175255938,0.513439194687986,0.01924481126451,0.0115406497892233,0.0133380486476997,0.00137727812043174,0.000929193201845312,0.00378990703347545,0.0134459864235025
0.0031592797566807,0.00380221605122045,4.01910104800455e-05,0.0129324835271377,0.042277121353055,0.040730468904276,0.000140147929591788,0.0421137966907238,0.00102530963702457,0.00318056657822962,0.00389115671067689,0.0041590691672436,0.000123249749709763,0.000672841716883306,0.000186513738696258,0.0123073485815456,0.00191809146752832,0.000585978665973434,0.00224639662696478,0.265739831833973,0.0208569993773675,0.0102694565236182,0.0572359674480147,0.236383803840947,0.000445361455317687,0.221268941119083,0.00110248077354141,0.00618275351358111,0.000661520787360421,0.000215728764154808,0.00157874624898472,0.00256618045041488
0.00440423156606132,0.00513730613729802,0.000214150290327579,0.0311611529988446,0.0588216418236253,0.131100927480619,0.0283879805653101,0.110536101227744,0.011006771015554,0.00556537679355123,0.00718780605091766,0.00106639055148306,0.000181893632773545,0.000332583892048534,0.000257792172197257,0.0132682980305835,0.002853821198608,0.000250848869107489,0.0056597970750495,0.0645748594857962,0.0108119863223268,0.00233963404074633,0.00842573484395491,0.0162806629312526,0.00679571998696132,0.000656652135462464,0.440536451629926,0.00148040617412928,0.000625430615588478,0.000147005360330147,0.0076724143873635,0.0222581707144577
0.000832119434389948,0.00126139664860392,0.000292259410239509,0.00203878958337836,0.00598045412343195,0.0191751096508683,0.0174990779952321,0.0104572417225868,0.0440193364539912,0.001087922505766,0.0709147665802924,0.00474095026917833,0.0183131345837091,0.000847089464122359,0.0275783518900408,0.00868047372698789,0.000365034247754489,0.000884744826893638,0.000343856068237728,0.0531674294612671,0.0112332514901591,0.00503028418031443,0.0203754188833082,0.0544708362573359,0.0039153526808728,0.0110089569911063,0.00492785766458726,0.569400749543777,0.0119983117497054,0.00269673136962623,0.00790637267888042,0.00855633786335559
0.00170196623836032,0.00477513117690723,0.000703665772459469,0.0172265334964949,0.00142797220411989,0.0109512355418102,0.00678924730240703,0.0193632405143,0.0103512835284095,0.00256784673798032,0.00572492632404007,0.00422370855160131,0.00761364008755256,0.00267030353924897,0.00432160055602556,0.000779777213219589,0.000136136715328742,0.00150701441520785,0.0039241548436666,0.313854812934804,0.0165306398835935,0.0357442731668555,0.0539652053766899,0.219867021950289,0.000476556072162963,0.0202862313161008,0.0103697224628093,0.00237991552064796,0.212004159948047,0.00069598421929519,0.000796685611364019,0.00626940677820095
0.000982725430296657,0.000923541115086611,0.000394807776378046,0.029816951919706,0.00513931532325985,0.0134992498437606,0.0446621031189588,0.026085584482501,0.00561751211749219,0.00235722572870362,0.00780001220529885,0.00687152066915437,0.00289703515039969,0.000389613911099218,0.00130430989232814,0.00777001539729917,1.82102613303517e-05,0.000668648166933791,0.000621719374377985,0.163375353470405,0.0209044816090063,0.013041763517778,0.0406133170890538,0.196712176424025,0.000574592774208148,0.0521135631926492,0.0307743229793356,0.00782145955801382,0.00825444401705764,0.304489555547187,0.0011396906191513,0.00236517731776405
0.000599876011829813,0.00149650815928176,8.27957591752331e-06,0.0357328965821066,0.0246616875045433,0.012599301764264,0.0140800555677644,0.0334671184934963,0.0112938381259097,0.0133713253214359,0.0129756057294117,0.00467601842052224,0.00176518039885655,0.00178961450814527,0.0053796594707334,0.0190319664440939,0.000840453217041485,0.00211824471845616,0.00284310581875515,0.0777908626409113,0.0207327653991712,0.0217003123239229,0.0562306163988516,0.0720403575929423,0.0111825306011392,0.00822381235658783,0.00266705387633112,0.00511455677132446,0.00276795155260398,0.000869434239568302,0.517508768588448,0.00444024182563317
0.000472597230319456,0.007198751566358,5.35015841353233e-05,0.00071920920706874,0.0307918428283484,0.0169722477739634,0.0652995513898697,0.0117420264250276,0.0207066267245913,0.00165431926210518,0.00591237713702385,0.023561368520936,0.00479456340060884,2.72781539052805e-05,0.00130472705028616,0.0164780119456573,0.000965615108532916,0.000991296793625999,0.00656094291216579,0.0214681326347765,0.0170559463326144,0.0139452536152161,0.0782657133684475,0.0285540887566957,0.0387077026466288,0.0177574516073167,0.00402859739821838,0.0147950770228054,0.00059111747598574,0.000400885926857961,0.00379553511533375,0.544427643084574
