0.248392349358409,0.00530984183211101,0.000178438013450889,0.0528562756134176,0.0520054097618231,0.00255823559094977,0.0729364268866566,0.0920210296651584,0.00319775740226808,0.0143367464040083,0.0485878787863344,0.0715491384574927,0.0337012364124305,0.000140139666929819,0.00209212277369352,0.0168618866286141,0.00316869300729625,0.00126425132600638,0.0120621427169597,0.00215492124017117,0.00281808562559182,0.0104335113957738,0.0336153662035059,0.00412708454214631,0.044537788934514,0.00382221431967962,0.00473125746136677,0.087612877544074,0.00106180699369763,0.00127745371250218,0.0029463953263614,0.0676412363966054
0.00216182585616194,0.150264396335874,0.000764716038995537,0.0095916994215935,0.029367145034809,0.013799240586477,0.00545159809033992,0.00177971121608402,0.00760547540935302,0.0172132499049791,0.112662291122224,0.221421867609856,0.0645330172954303,0.00136972471076514,0.00259545064643079,0.00684934990526493,7.07194974434008e-05,0.000415793289016065,0.00311316052673584,0.00728014112561071,0.0067115190973421,0.000377894004395983,0.00820967552581254,0.0218161224085752,0.0234195008182989,0.00122879979445257,0.00242811180497154,0.245712542487175,0.000130991874714899,0.00118743791979804,0.00341013575156484,0.0270566948894538
0.00328895959126376,0.00183315323726278,0.276732989363552,0.00885015188765368,0.0223094734632203,0.00352472686364801,0.0738037662313835,0.0276446204619995,0.0090341899751805,0.0225466038839717,0.0970184280736597,0.145322226490207,0.0373128809965582,0.00275213836076521,0.00713591006365467,0.00512755464828327,0.00580732054650907,0.00110841198793033,0.00197538969060638,0.0110674975749092,0.00690864719988492,0.011016165564373,0.0323978109375932,0.00363374546221057,0.0109282638521571,0.0111265243176284,0.0141887328221335,0.138692392867942,0.00212595395687508,0.000381899610499893,0.00391264336914348,0.000490826647340067
0.000247218252759446,0.00247367833253919,0.000320182702712437,0.256115184601063,0.0200786736012648,0.0082983094911704,0.0209326006422269,0.0250122099110211,0.00162715720358879,0.187733720917667,0.152339685104174,0.0458989245206413,0.0188742616016878,0.00294968931453315,0.000207855475028225,0.00594944686528426,0.0048818316108182,9.08132710329203e-05,0.000878142074718279,0.0202053960715163,0.0380877786090524,0.00403650427372858,0.0354167663316637,0.0706557778063994,0.0209884601782816,0.00116987012126283,0.00937017018411077,0.0364825041309252,0.00294779901538469,0.000198418123251756,0.00306998984712155,0.00246097981337013
0.00178351419561039,0.00678716443517393,0.00818630971570088,0.0414588116509004,0.436705277766989,0.000931127664644543,0.0573116926365526,0.0812489045763748,0.00272998313331034,0.00589237076300958,0.025836278938932,0.1486902914143,0.0121105945150532,0.000710393787173078,0.00195614621407667,0.00493931405655382,0.000815597630390794,0.000554819785748957,0.000897756025144142,0.00500062686641571,0.00593883433927738,1.80907617711408e-05,0.00954040592546922,0.0191560467864463,0.000448051358389838,0.00194130889285901,0.000317278741478892,0.109099361627376,0.00102383601928904,0.0013725610013154,0.00145620657627784,0.00514104219799509
0.00271164393816226,0.00287712307989336,0.00447627526202803,0.0547045659072571,0.0168008031212796,0.239655069367538,0.0902381975151971,0.052253902130976,0.0423621545100904,0.00742718400432998,0.0998321351258715,0.0863068945273184,0.0380210253128429,0.00439753244740727,0.0117838862351448,0.0227654067811351,0.000549250523485225,0.00175123032271135,0.00225324377251914,0.0131111055884749,0.0307202606566871,0.0046325044929766,0.0700871681838023,0.00423545181005894,0.00702561827584764,0.00791623860799229,0.00338488458034578,0.0723639067140823,4.19230272322744e-05,0.000525718590346112,0.00305848612997234,0.00172920945699388
0.00159903130869737,2.33845898854066e-05,0.0091443133093689,0.0396373545633004,0.0361385408822613,0.00111263231339203,0.268953657370294,0.0704535406280681,0.0371183729740099,0.00818089510816685,0.0358425346843521,0.138312678402078,0.00950803966696002,0.00377677366450021,0.00877348467504529,0.0188351328146409,0.000764425989177852,0.0019947607003464,0.00113978935747813,0.0233681228141862,0.0536999615076302,0.00353562791124875,0.0801461663252903,0.0102011600973272,0.00715276775876927,0.00515653902804963,4.90416431390624e-05,0.111157169081058,0.00121820908043381,0.000933375717856499,0.00310030523808067,0.00897221079490689
0.00104332599270534,0.00458378301731066,0.00296456423468034,0.036554008428211,0.04598524282535,0.00530074436346364,0.0279757355564672,0.0980906217027536,0.00215317546127038,0.139484496976495,0.110888231868142,0.132252942926534,0.0329009800905974,0.00123738515417691,0.00101245248770963,0.0110870252620196,0.00612871869900399,1.1719149826629e-05,0.000152583441413244,0.0202015345620582,0.0428929614454315,0.0022138278116247,0.0329042892157246,0.0928490962856752,0.026045352283433,0.00347615505258657,0.0119910866996821,0.0982243106924382,0.00247023148672259,0.000155823790405369,0.00225756048912513,0.00451003254696248
0.015705696204575,0.0380321489525538,0.00228592874565814,0.0273001947436413,0.131776654288669,0.00848560223560222,0.154136642463109,0.0911126978558144,0.240311842044199,0.00336182364813584,0.0690888319081851,0.00791885313781376,0.0327109644757207,0.00540740805214303,0.00746780015197121,0.00644301579269659,0.000828342383300293,6.15038886289166e-05,0.00105223354178711,0.00236133329423238,0.013357132707287,0.0203514420330741,0.0616220713960876,0.00827278023974094,0.00421671921228139,0.01105299364267,0.0120766323272307,0.00975719512036386,0.00249014566093065,0.00571122741047009,0.00110589788701743,0.00413624455440859
0.000590517250937585,0.000413530376472436,0.000229448635525261,0.0386520007947998,0.0104357597623015,0.0133886200963225,0.00374081369628916,0.0674601396648942,0.000490330473496057,0.207436537019084,0.207164660776625,0.0687318528304875,0.0442467507184581,0.00137505288256579,0.00198667122416131,0.00303880128986121,0.00241983405601224,9.66924892235981e-05,0.00186211372873227,0.0362543105164183,0.0446433058779598,0.00310051902606309,0.0287567380438285,0.107629238154809,0.0211146569688575,0.000956901917036712,0.00884128229187153,0.0615707277864973,0.00129450220777941,0.000647060914009316,0.00604035391846618,0.00539027461015315
0.000116344135227019,0.000729264015932178,2.27550021168073e-05,0.0274746672144666,0.0266076725545999,0.00496052096215646,0.00513165190380927,0.0284486263448947,0.0024719876732376,0.0899911545527038,0.402313770027,0.0620177564743193,0.0224493644132562,0.000547777244122981,0.00207550415784146,0.00407016519362095,0.00112742681064576,0.000108508184488865,0.00250952817435127,0.0444875900353553,0.0499291624697697,0.000778292586072284,0.0205498908719789,0.120623939984666,0.00985938409730269,0.00172734823094131,0.00974371251926156,0.0524401636312478,0.000888696150060359,0.000303600606063751,0.00367482256694933,0.00181895121153947
0.000107950854375457,0.000445597975924946,0.000152375336846979,0.0367381982959365,0.0708395270669572,0.00821110214360601,0.0215393553109995,0.029456192544775,0.00248327523326094,0.0729753789138704,0.104967292205198,0.0840397887760981,0.00549746459983854,0.00683706494772484,0.0326824455490699,0.00762146200132458,0.000223334492932692,0.000134241835551265,0.000889043317427541,0.0889800527724966,0.0858230036306735,0.00233283412315022,0.0474034112954893,0.252583709106081,0.00216338098312803,0.00442635753055708,0.00433953766377578,0.00445523841221237,0.00176752345764751,0.00361154109832119,0.0154880449679376,0.000784273556811589
1.707160560116e-05,0.000800994135214153,0.000319736174725177,0.0435765092518389,0.0630174451514302,0.00368481622938175,0.0141819689705844,0.0585100961879455,0.00478053746560054,0.0499474465878845,0.119679405932817,0.11682176058977,0.0266641862209087,4.53520140321395e-05,0.00522320648195302,0.00654773632148886,0.000165230008351772,0.000108943219318631,0.00351990465360364,0.0727517789517381,0.0743812234643608,0.000232490672241412,0.0243786512686105,0.187087222041475,0.00583804079221341,0.00369218742298079,0.0131307201231658,0.0940647880922639,0.000367526261501682,0.000554642464283032,0.00506214852398146,0.000846232718734
0.00113167894568158,0.00761717357477802,0.00125397257815499,0.130411880469612,0.200511602192658,0.0458748537250184,0.00609505251789117,0.219492603663013,0.00414058603767711,0.0757821366436287,0.0507980846485774,0.0211415641243416,0.00620193765817885,0.0776478064294304,0.0380009041427869,0.0257114682913245,0.000272441863929149,0.00189499982093181,0.00275464683131694,0.0136913615473145,0.00308435462969526,0.00151080025663871,0.00106538429822405,0.00669598982936247,0.00131434146393692,0.0134733158459451,0.0239356221214204,0.000485102759248065,0.0116393773757123,0.000717137926299604,0.00179536494830058,0.00385645283897132
0.00305434874767628,0.00182121217183655,0.000933737529490177,0.0581910828109157,0.0191216498337263,0.0426670089669173,0.0170562550539242,0.0638238589786587,0.00090901139907895,0.0394405065007784,0.147804536279292,0.0822631889642334,0.0547810197391002,0.00952563650899407,0.175771500976475,0.00484453945987981,0.000227217909722925,0.000625099128257115,0.00140424213295565,0.040933581490249,0.0145754929160596,0.00323541775418603,0.0151874821807903,0.0778622513175668,0.00917107450141922,0.00157485752813229,0.00498184144374494,0.0884510752661773,0.000238648388159147,0.00330177632229656,0.0131476865701397,0.00307316122916624
0.0206018793627616,0.0475448939142163,0.00330630553133856,0.0117527591653625,0.150870642255392,0.00303079379909949,0.183017789525936,0.0894483644059554,0.055854441621065,0.00750177056417676,0.123826260786319,0.00986922528493466,0.0466906479682226,0.0049168681101873,0.0057580353202256,0.125663597967473,0.00100592181455685,0.00142862591813625,0.000348861685797503,0.0118462483383263,0.00710925051004693,0.00286830971439661,0.0263383369623456,0.0262754646621026,0.00129748618968987,0.00645582309780703,0.00438877998617465,0.00992936014474579,0.00142874428329117,0.00554411271561332,0.000497611002386648,0.00358278739191818
0.00160294161308761,0.0107996907422876,0.00684757290298157,0.00768685358276354,0.04846492829092,0.0186559928523151,0.154505373849142,0.0256633891557463,0.0311062915949353,0.017452405981522,0.0153528361253542,0.0857978714377165,0.000767000754645406,0.000430117648606336,0.00544131642984982,0.015211897254608,0.285502658124005,0.00408187431999435,0.00781157062576004,0.00289461068323758,0.0348869202668909,0.00388508649536343,0.106265748239445,0.0160201513674656,0.00523928618372113,0.0100544250713179,0.00372062501469109,0.0609600171820726,0.000661286866708255,0.000769157861345824,0.0002916513420298,0.0111684501394696
0.0111717874272062,0.0123832073327896,0.00557136725415495,0.0424920984737972,0.00583948486538903,0.00718824983332246,0.0199048338486983,0.0256239978173095,0.0130296831877335,0.0309308410479777,0.0404372024339925,0.00694580366326086,0.0126399061429844,0.00161784375288534,0.00461653257055234,0.0037232497537889,0.00246713206627922,0.424911733521399,0.00522878447902713,0.00792991895977745,0.035116859367178,0.0560868630023124,0.145466110114568,0.0390844065854876,0.0159452784540861,0.00264355666872265,0.000472597460197132,0.00133826875214541,0.000795271165240339,0.00190586143326761,0.00148944712823676,0.0150018214362324
0.00515822690316163,0.000807744571750353,0.00205143890508654,0.00452903273695558,0.0922490547526544,0.000287689469684647,0.0477186093239478,0.0750535257701218,0.0157541441770212,0.0500928899498863,0.0151268224753165,0.201243364510998,0.031465836032252,0.00122670157864218,0.00430549370195665,0.0221316094786724,0.000214906236162786,0.00791817725656318,0.129899640079383,0.0588712936401391,0.00320937539968918,0.00952495421862162,0.0150886569752059,0.0187123467329956,0.000326519747179773,0.0378313055015517,0.0209324082899858,0.124703493705712,0.000632080555652742,0.000881233366445954,0.00149523589327852,0.000556188063324999
0.00111006853771132,0.00257454979858381,0.00078316553033049,0.00191049952605559,0.00598076623052874,0.00169209550191148,0.0217052880577635,0.00171957147531436,0.00113472662216462,0.00987158829445293,0.0238779338409129,0.378574466026246,0.0483323644263818,0.00111244367267914,0.00381629501010023,0.000400407514469042,0.000201944347863649,0.00253894237460239,0.00385429998397619,0.162102873050992,0.0011862102667983,0.00250760723694362,0.0146796916604122,0.000949832218712167,0.000411490459463327,0.0109196323965776,0.00284811143183559,0.284469756408143,0.00619279614563586,0.000428668212909799,0.000529692189023647,0.00158222155050467
0.00309806044878143,0.00851543966174946,0.0103765083462961,0.0112265221436027,0.0806286887532569,0.000545546438760264,0.084129661340062,0.059622743202421,0.00350406388303435,0.0365051491648422,0.0159404765910398,0.158406837967437,0.00772103251665311,0.00060196055268049,0.00368191674525894,0.00274459378281307,0.000944837048866459,0.00392396164206637,0.000568315029275942,0.060838339872354,0.120526808293578,0.00335900534569714,0.0410370049261503,0.0974343620718841,0.00155852698105714,0.0054342000987853,0.0206865606243904,0.13845858614124,0.0106208981773961,0.00390972207390862,0.00286535128363018,0.000584318851031574
0.00988501904753809,0.00247903201503963,0.0139892406752901,0.0226602447183252,0.01616244061006,0.040429794964985,0.0509004142135538,0.0486918167442206,0.0124744327544122,0.00839218520845107,0.0111747401561782,0.0583836999921666,2.26484191276672e-06,0.00195694234773015,0.000400539371176609,0.00275620796825191,0.0001373728590773,0.00300480939930777,0.0026191095141134,0.145868034618235,0.00513901580316605,0.239118987846034,0.033567617997703,0.139242247540899,0.025528747769987,0.006424723799958,0.00227753117045217,0.0732778678276358,0.0025287989327133,0.0021366213926766,0.00487218606864971,0.0135173118300993
0.0123397036631365,0.00269078019277255,0.0157398138826354,0.0034272998458132,0.0147967504526382,0.0337364581921917,0.0571582764527932,0.0251898702018202,0.0322064758229173,0.040094819883301,0.0755992144592302,0.0223541393368987,0.0126682166892348,0.00348072020324129,2.35221929080459e-05,0.00404917831196567,0.000897405423188617,0.00457823763014463,0.0031571254442649,0.130476519238591,0.0122793168340633,0.00310077692746555,0.278320064260269,0.101267691130443,0.024436692978376,0.0192500299464001,0.0125035546993259,0.0366371016486345,0.00610430994161884,8.09475546838667e-05,0.000251057209097864,0.0111039293499348
0.00114529824619944,0.00329635616589992,0.0022562240247004,0.00442576556785963,0.0422305810093385,0.00242496697396237,0.066762885752716,0.0211030045694319,0.000885292026253645,0.0077643421178831,0.0248385069663446,0.298197355829038,0.0397148306559994,0.000988292369139282,0.00343511501084048,0.00381630232786141,0.000496417165062256,0.00179077203316289,0.00242664490335849,0.00535399320853675,0.00538589126371003,0.00508438575275456,0.044409613882644,0.154407629483678,0.00106539084083899,0.00482229740285987,0.00905461155454793,0.231459505190073,0.00541707190713169,0.000640378492345413,6.2801258652317e-05,0.00483747604717515
0.00150426372087017,0.00570189020255129,0.00158120181347044,0.0180510329151214,0.0514786017492502,0.0126773335149832,0.0978469516199415,0.035637015782741,0.00808914212047893,0.0156543941439527,0.0454555032219667,0.122985651930858,0.0340380084498115,0.00135567096262005,1.67637495122943e-05,0.00745592398910313,0.000134591913254716,0.000104938385940731,0.0050724025101825,0.0187841219380936,0.021430566450954,0.00649466582246134,0.0592788671833838,0.0479444571351703,0.250155431345839,0.013416947672816,0.00520080584231433,0.0791062788334936,0.000405620591149455,0.000725137133025133,6.50033975920507e-05,0.0321508139570975
0.000214019922059872,0.000402606738254537,0.000218651534755955,0.00137864493979689,0.00335390291405511,0.000715194687333938,0.000916175469632977,0.00696923927207608,0.00231881544511728,0.0374707467481563,0.0592890901486621,0.336048711426312,0.0772097146909946,0.00247396379764063,0.00753411296418337,0.00208574477331938,0.000152191171010013,0.000821053641085815,0.000226352303422784,0.0144504833644398,0.004246247454567,0.011933708685964,0.0388936699131263,0.00441685214091668,0.000572601470081551,0.0894249483883639,0.0128851453245155,0.264847140189793,0.00572233036535558,4.2526866027926e-05,0.00724930707334461,0.00551610617563446
0.000313937170741611,0.000122521517259386,0.000132373070519343,0.00380684331917864,0.00564525692962952,0.00037856068628737,0.0148612937606607,0.00270162595451159,0.00237105698585539,0.0261095347847877,0.0638136473284144,0.26898598052186,0.0695036604261008,0.00253927198413966,0.00743703254446779,0.00603506635626266,0.000902508462414765,0.000566054779580665,0.0010843112294807,0.00451107800486943,0.0133268134907207,0.00921644357918603,0.0655464941870155,0.0254982228524308,0.00056184882451819,0.0044779799278778,0.145847110825456,0.230923629636693,0.00421243565129075,5.41597491691142e-05,0.00602008058559157,0.0124931648730288
0.000353704429586375,0.000378451031827921,4.15987306203085e-05,0.0345357667355077,0.0532881637071791,0.00703992250730342,0.0164148242628081,0.0204514566743078,0.0017075108890756,0.0818688503927015,0.0830612376635874,0.0391394911121628,0.00136229267608333,0.00721190618101093,0.0337885188782769,0.0048193701139855,0.000273005121585431,0.000198496038647429,0.000448798225591202,0.0575093935189177,0.0626468078271633,0.00443049836678474,0.040337203911985,0.184545481754293,0.00128694748738606,0.00331227291434473,0.00151269738869476,0.236177659768058,0.00261512435884293,0.0031823589698777,0.0151766249754834,0.000883563386320104
0.00172768919433428,0.000843163499099297,0.00021486719865659,0.00793046564131932,0.000673388108747804,0.000758522079252344,0.00782953077721599,0.00406054827682771,0.00151361255849571,0.0202656178472967,0.109075330177551,0.233536496562016,0.0913303217363082,0.00256065729092505,0.00541792880434582,0.00966053896102232,0.00122214449644288,0.00100694721671342,0.00228288930477267,0.0425616090652219,0.0149231268009359,0.00493837942280922,0.0731578374260292,0.0568908590246867,6.72316696781753e-05,0.00180804841879417,0.0244045555198393,0.220136411563144,0.0401152840472315,0.000190020718362041,0.00303811225992512,0.0158578643320003
0.00150074070487035,0.000123212439895316,0.000537203755363591,0.0555241059222785,0.0650322834860125,0.00450887729529788,0.0140623278686723,0.0963599767895928,0.00055587350722869,0.0118277182011034,0.00260362014523102,0.267756384275582,0.0280309304354803,0.00326736633933289,0.00821659995974474,0.00127225858883133,0.00086639118667684,0.000427355981028229,0.0124243980750483,0.0464333012071502,0.00199147631936657,0.0195839199081753,0.0118776954559043,0.0138279228207926,0.00780867779133915,0.00156325190998956,0.00732511629030437,0.164173682925824,0.000626278213969353,0.14176413189251,0.00704371763216943,0.00108320267523356
0.00103694339395913,0.000325257791635256,0.000861936706804093,0.00201465377391371,0.00403389763406133,0.00966194123636194,0.00496416436510104,0.0143075306743579,0.00176735085549194,0.146201119548244,0.143480056216182,0.0562842300884241,0.0561955889095778,0.00620911542480729,0.0220823541513101,0.0013940468455171,0.000568262454584145,3.66533128833119e-05,0.000790857102219922,0.0067434129191866,0.0535029305091661,0.0122597502018942,0.049132996685774,0.0592064332057754,0.0126503668213906,0.0213673717249023,0.00505183203375874,0.034902718901341,0.000769776460863954,0.00372193641532941,0.266670565487886,0.00180394814729574
0.00501582557180148,0.00552161786554157,0.00064386482506558,0.00526100074055027,0.109967028993766,0.0112223273550151,0.157826652251552,0.0492573659133452,0.0115558944865513,0.0113207093487212,0.0553898509581078,0.068989703314363,0.0320738731143016,0.00150861393069578,6.22073393930096e-05,0.0202827257588866,0.00045794577209827,0.000160305880884066,0.00242009670911841,0.0310308433326236,0.0346344476640613,0.00547419812097402,0.0570237442439622,0.0779838675416728,0.0238768818224205,0.0162963483266178,0.00762231684055554,0.0358486326024076,0.000627745310374432,0.000631894861215521,0.000915028828304975,0.159096440375051
