0.675551546594586,0.00614900629716183,0.00245647097886971,0.0046640612209869,0.00673313686329045,0.0351969059536384,0.0666233729645701,0.00178370320633425,0.0381104873112654,0.00524932746236936,0.00587347453317381,0.0112394997174091,0.00309320707172216,0.000471415174941478,0.00204102831126263,0.0443281523104432,0.00015163201358127,0.0118675139000044,0.00128024469666525,0.00190526509252803,0.00109341710911383,0.00181609435961698,0.00173605888072551,4.66514102088414e-05,0.0503138093363528,0.000104841048774876,0.00253391131846998,0.000763781202331178,0.00803983220763462,0.000402462368666648,5.02987039731825e-05,0.00832939037932784
0.010484975279076,0.576691477492561,0.000695980590840037,0.00331656537559753,0.0229125822399444,0.0465496117526377,0.119651115345603,0.00600151506145088,0.0143762470995651,0.00413551102943437,0.00911825726113675,0.000379420280762124,0.000145407923477799,0.000733298057002864,0.00523507425411358,0.0914026191176103,0.00803438239128108,0.00297849654531143,0.00969890606797375,0.00140968112011682,0.000520413715976016,0.00186650564362686,0.00111918873824057,0.00159888363291082,0.0443477911179432,0.00157390908568916,0.00231182000994171,0.00948669441595243,0.000612924401125086,0.0002271802573307,0.00228132645217944,0.000102238243587765
0.0277260285919167,0.00234889731231888,0.78386034307364,0.00936596149266845,0.0217884582917133,0.0072748089558772,0.0393977034099434,0.00761922361928397,0.00668603291863441,0.0233926089994722,0.00876689920422731,0.00493721781709291,0.00292906171037108,0.00090793125165927,0.00276718289594034,0.000618199668927032,0.0159846366621361,0.00261766003528691,0.00210609495603326,0.00398723914518847,0.00529290849960148,0.00158489213861878,5.38339818125762e-05,0.00450058459863697,0.000441437615552066,0.00549604206988528,0.000972252592531152,0.000177053297156511,0.00467038304989497,9.37597555065566e-05,0.000936289503631598,0.000698372884840467
0.000215339724464524,0.00386498211891945,0.0100149794659883,0.633879597140882,0.0711765234315021,0.00804305678341643,0.0586604986556606,0.0143433895207695,0.00260992238889141,0.0438880994769899,0.0124440345110565,0.0328601527164454,0.0056134964046517,0.00651713061565873,0.0122085147011368,0.0240332965302213,0.000528954867504567,0.00513798387435062,0.000105895659882929,0.00269555554731157,0.0110669639196552,0.00336666337492468,0.000415854484307811,0.00501586018963859,0.00854078696219997,0.00166248532128169,0.00218492230485539,0.00194286416724619,0.0130238726309634,0.00157076485506793,0.000969716233258024,0.00139784142089676
0.00325761776474289,8.46382169039387e-05,0.00351422732742636,0.0710891017534096,0.759503152705234,0.0120177246659074,0.00418129621452689,0.00336952482914533,0.0104576323604651,0.011867536019452,0.0137171314479357,0.0180391739950862,0.00212913985330149,0.00275996394989193,0.00721157889052458,0.0108546036516394,0.0037703118702623,3.16782359902763e-05,0.000254141375096706,0.00373787803053802,0.00532099804277089,0.0060452711836671,0.00919655405479617,0.00625268080997081,0.00162080751793566,0.00508030160679949,0.00735162031034815,2.84728947002393e-05,0.013145315539265,0.000171075240986474,0.00360151775070888,0.000337331890570929
0.029864731091954,0.00435260627319312,0.00412151434955825,0.0379831752945721,0.00577814846152061,0.596351782004484,0.112533817374428,0.0605243201110737,0.00536114298069304,0.00132181086976281,0.0156454069676988,0.00532445002713266,0.00116261530852619,0.00073092847734773,0.0187520562323208,0.0116239577647052,0.00781994512609477,0.00105516904177333,0.00258669759694675,0.0014978883678828,0.00848522807561049,0.0134573263628306,0.0157819657962519,0.0147171285839163,0.000923255288724784,0.00506711641639361,0.00431015962388831,0.00895157119014499,0.000687960688928324,0.000884478967253434,0.000802443127642075,0.0015392021567468
0.0264430805666992,3.63053111922074e-05,0.00197375279318074,0.116639513206128,0.0108529561625782,0.0370613239417179,0.59387352122969,0.0267883040371828,0.0257957686273587,0.029535475520903,0.0301673281530642,0.00426694742911963,0.0023685822465115,0.00108775084175436,0.0152337243786464,0.0090510490898682,0.00103852883045274,0.00195154582520195,0.00420159041701381,0.00263995920115423,0.00327627412083431,0.00670437971443149,0.0198660554299832,0.00275764993106103,0.00149925435942955,0.00264343208220959,0.00525445921911081,0.00807053790948227,0.00420198042986585,0.00188549587991776,0.000114826778447622,0.00271864633580894
0.000422332647001187,0.00479216435388337,0.00631360783099836,0.126746747104586,0.136124517700392,0.00933535860683947,0.0804981953858983,0.378556626325877,0.00138186834764674,0.0562420786003412,0.0211043276122783,0.0232500336128895,0.0061655738806638,0.00473513781216473,0.0122089550270525,0.0676669520047561,0.00280010686022473,0.00186495431374816,0.00179281737523077,0.00389071613172399,0.00330295168297083,0.00246901272110968,0.00332418013093019,0.000781346813117367,0.0257258897325459,0.00241242581276013,0.0046322401674176,0.00347628431298277,0.00678289798062426,0.000226761016862763,0.000291686827792187,0.000681251266690051
0.0117804492211755,0.00144732872416684,0.000367714522066323,0.0459165449625172,0.0360992017995273,0.0797914052839179,0.205260841032127,0.00896895751051123,0.400795525364451,0.0218706329545364,0.0162659109634709,0.00345460096079829,0.00137238070358174,0.000877912684915714,0.00580465692919613,0.087084618437591,0.0023269693821146,0.00528012428133526,0.00723457456344848,0.00422662638852937,0.00693757293339095,0.000794722590916476,0.00947727083134211,0.000717826737343264,0.00877511613146051,0.00246160857053188,0.00197757290750805,0.0120984672979756,0.00160291534581256,0.00147823975993386,0.000787931708253214,0.00666377851555413
0.0012930475354929,0.000521382658639966,0.00453309654348597,0.0325077103587133,0.00255925872361612,0.0287406747537542,0.00357929867839957,0.00393254008958965,0.00961268689730811,0.68960913676298,0.00777059990114999,0.0597695681520199,0.00387525771487839,0.0017717997462866,0.0111838952958808,0.0228508409815601,0.00252923832573292,0.0014682666657589,0.000458734779607867,0.005893091697486,0.00879860740188616,0.00351603492408974,0.00104496994833665,0.0151744461350848,0.00580930582671281,0.00460109626379939,0.000866786375387621,0.00109542224303629,0.0571169832857417,0.00267664137683586,0.00456468861099406,0.000274891345753351
0.0003667930970566,0.00142366639804506,0.000399920115369918,0.0153135774444398,0.0828816753886025,0.0258297440081351,0.0311375221865629,0.0183563448831434,0.014435865643404,0.0341078490906845,0.522575101278119,0.0327384930852078,0.00959693849953435,0.00234188906321904,0.0222180837265619,0.0105582764064566,0.000941553114065272,0.000395412667545977,0.00142748262041001,0.000793491943142969,0.00390560421106863,0.000933412051881678,0.00152537487168045,0.00342142335513536,4.27036951172899e-05,0.00618215037064892,0.00464554263942572,0.00104311512743681,0.101694315737702,0.00323484058912751,0.0444199873456301,0.00111184934543871
0.000184021856709422,0.000622448125796257,7.29758751203517e-05,0.0318810621295293,0.0335707391814644,0.0149449446681628,0.0318583575088892,0.0105903420155546,0.00715447752238558,0.0301953213226544,0.0155487972776406,0.71149563196333,0.0134369877810522,9.2765124840018e-05,0.000820504288743207,0.0120943772729263,0.000712712804547271,0.000970518394129052,0.00103647098991821,0.00163827708190383,0.00444751641852872,0.00346549202885616,0.00265759136252707,0.000201132676242458,0.00406107016555215,0.000940155492200014,0.010700419831003,0.00267282861451278,0.0303156443042403,0.00265930449946929,0.0181300697591268,0.000827041662444318
0.000634681405168712,0.00137688327677737,0.00234281204704334,0.0318985268758301,0.173100767516831,0.00598600328700595,0.0396585525142577,0.00103655381701425,0.000674063071167152,0.0460366304514573,0.00828879725417773,0.014330786597494,0.504339572586415,0.00331999967762993,0.0632982289081166,0.025229699127533,0.00374830809204391,0.00204734869034352,0.000448120022818664,0.00255619161329764,0.00309747559867925,0.00890362655378811,0.00486759568757849,0.00403315083955369,0.014589612869726,0.0030648440274001,0.000592923009610751,0.0127842212385567,0.00966969668833819,0.00197780147629364,0.00584461468927341,0.000221910488779166
0.000191204407532759,0.000679424714298537,0.0141263487523949,0.00333762195720384,0.00121129364170654,0.0182019674720342,0.00876762989664168,0.00864770269486408,0.00146844795228815,0.0124789082221472,0.00909143340814608,0.0281017637039581,0.0108558647801875,0.811048927541122,0.0272742861023463,0.00266096176612812,0.0059572123317328,0.0033730763650728,0.0017420640162945,0.00482941870904552,0.00154113540717191,0.00453945312952445,2.63856286993766e-05,0.00026032923069395,0.000660144731524542,0.00635778384876993,0.00318862285759254,0.00123748490508706,0.00592047441733285,0.000277678998962453,0.00139247197048146,0.000552476439014406
0.000172152365545678,0.00063908901213527,0.00172146285892541,0.00510652221502605,0.0484815531999015,0.000338964224841773,0.025145168576916,0.00065247716376537,0.0174991941813866,0.00673943347299572,0.0326167573778563,0.0393886394676857,0.0112304662999781,0.000882664175869741,0.698574080988293,0.0383939553996588,0.00312715156526926,0.00433371748365791,0.000722642448459746,0.00171473263769977,0.00170018172643065,0.00863816357150886,0.0138944927113893,8.19928560372661e-05,0.00356622739255972,0.00605526375629471,0.0015937410882265,0.00246127254903573,0.0222997126101637,0.00156749080249011,0.000524434439475198,0.000136201380520478
0.0334336377315505,0.00468602123459862,0.0015030799459288,0.0305395019789711,0.0459097810357021,0.0789278012314956,0.220871244709067,0.0101668597059436,0.125383905660329,0.0142132600476236,0.0106396893537601,0.00501910921814376,0.00158716053555478,0.000652060840645997,0.00568932337503373,0.364807381694201,0.00182675126461846,0.00914180877778263,0.00439362060935031,0.00221456687133517,0.00118241663164077,0.000108570345216667,0.00705608961031249,0.000242471504896594,0.000290620160397244,0.000767096207103575,0.00183853982870336,0.0120202184212633,0.000711914468000425,0.00161508998081465,0.000847019365268446,0.00171338765474691
0.0117663816591529,0.000539672649580569,0.00154282792971683,0.000591124869621867,0.00158254895616794,0.00252687719333766,0.0247033374498711,0.00145060503293795,0.0229134947514435,0.00169911103110542,0.00095793647069925,0.00333297113373427,0.00120937323406054,0.000609256545041892,0.00029536361042094,0.00633613179326144,0.850890246393815,0.0158292482912058,0.0074291658266236,0.00950934262611965,0.0043046839959769,0.000167339934892355,0.00279880058891979,0.00324804153120216,0.011228297984182,0.000464247371199475,0.00160230011257496,0.000752755795658742,0.00411569959443501,0.000784070500796172,0.000455245833070443,0.00436349930917339
0.0039062517184767,0.0026315070231141,0.000868322093276562,0.00353653693528392,0.00849228221434433,0.00627403617859169,0.00576579353815158,0.00045820923585457,0.00779763927533271,0.00294918141367645,0.0020429480551392,0.00112053323247088,0.000358629667186386,0.00140693592112624,0.00159124357259293,0.0148946132225178,0.00723741261662389,0.856645195825677,0.00232409789892786,0.00459030182169316,0.0122676862468945,0.0153385939757909,0.0129819453974506,0.00413002278337747,0.000156443637220216,0.00219683926431728,0.000931843011740305,0.0094074643452503,0.00400940440853235,3.177127720477e-05,0.00239802228943612,0.00125829190272749
0.00182039081425277,0.00594557867805836,0.0010518191865949,0.00441682311909738,0.0128930043809432,0.013150026782717,0.0367296932066689,0.0227410631612204,0.0394535224514104,0.00202144395201522,0.002574679585156,0.0157225319411711,0.00215501401666568,0.00133953092817409,0.000930158857917073,0.0352677057905919,0.00306118900408314,0.00143762184371131,0.647353098301347,0.0456361472165042,0.0265634049729392,0.0135859094314702,0.00186699274571108,0.028062198549953,0.00177036782045908,0.00746068304313592,0.0124960273021963,0.00132297674313788,0.00787567851789321,0.000902615262541936,0.000333805296256701,0.00205829709600588
0.00119277550942122,0.00096164154167948,0.00124267447093333,0.00171909029684126,0.000448329790454017,0.00572193678233249,0.00686196091374447,0.01775774483863,0.0459928171296695,0.00104151139472559,0.0155680478944155,0.065475320059661,0.000937543227872639,0.000412910875187246,0.00529375171384521,0.0167431713944206,0.000358834693160993,0.000245949145645423,0.00123283162020359,0.64724541856938,0.0177223719274271,0.013419943405333,0.0284551565752168,0.0177717575037651,0.00122777019810657,0.0296509354063037,0.00944001231049039,0.000575625789123158,0.0398302119223051,0.000858025744942839,0.00144537692538758,0.00314855042937495
0.000244573629026533,0.000750150548619181,0.000243200245898185,0.00185230733745602,0.000559820537750657,0.00539142898015155,0.00448799042407239,0.0236953389259784,0.0418400207668177,0.000487123275376332,0.0172178423284087,0.0209484399244769,0.00167790074919889,0.000634094744128525,0.00100182789739073,0.00229567579923928,0.00127189959246111,0.00599804390653953,0.00806321778647846,0.022295954183186,0.725256250816986,0.00489102117141524,0.013696262182137,0.025354436067589,0.0210914846361157,0.00496521817254736,0.00461692406324737,0.002263520558736,0.0170791110921113,0.000630036573070743,0.00228308179492445,0.0169158012884644
0.00307470312952994,0.00086349318530738,0.00260410903980194,0.00275083051541012,0.0178050484016987,0.0220772846883312,0.0568467112556516,0.000663150822096414,0.0735279076236189,0.00370249332632238,0.00370899714411529,0.00431663740733067,0.000384772273952256,0.000378351077488023,0.000294971270434884,0.112005358732132,0.00655124190371729,0.00258042076408058,0.00866205405907088,0.00809834869549708,0.00478103693555861,0.602766470075727,0.00588800783552542,0.00265733175756827,0.0343863523391857,0.00627731046183875,0.00276325895771335,0.00125234574344647,0.000216017843503743,0.000609009266817445,0.00432059939030133,0.00318537407722686
0.00371575057267437,0.000942777041796671,0.00149870693582005,0.000609797490873914,0.0264161768167194,0.0428405157782806,0.129973446566452,0.00387862603305237,0.00425281570417795,0.00774981285613747,0.00482462946533657,0.00767588971364509,0.000281691556464362,0.000536646097830851,0.00167470444707571,0.0516905601794969,0.0147611114560889,0.000188493041171937,0.00366224226371051,0.0163606090496717,0.0156158399010801,0.0171552638879308,0.585571016334845,0.0102057136326823,0.0237536000008483,0.00687069857605227,0.00238040420376464,0.000511216803332849,0.00103734575235072,0.00195422940289248,0.00702620090248395,0.00438346753525955
0.00102511005566584,0.000442163336932366,0.000884623588999041,0.00153510381559858,0.00210695605723747,0.000632651253605818,0.000820691899872412,0.0223764202268795,0.0526768113306294,0.00440048757364561,0.0255936201719792,0.0728407639418151,0.000664742048166126,0.00377982105017112,0.00456905610141773,0.00283643236174907,0.00135134832231901,0.00480942980437101,0.0042612235254809,0.0464861135815582,0.0659533499821188,0.0140701348936079,0.00828305944493817,0.57026843916296,0.0065475150279098,0.00369023621456802,0.00401183015003736,0.00225513105252978,0.0627181500581143,0.0011757591305344,0.00207032824455871,0.00486249659002929
0.0174151771234065,0.0332155671546736,0.000840314579159682,0.00446294747811201,0.0135807659832622,0.0151257721286336,0.100945995199034,9.68164581577752e-05,0.0310572720621742,0.0046223478873926,0.00540649628160297,0.0017653674292721,0.00025580029315556,0.000319162390930552,0.000127073041330484,0.0217101321975667,0.00254732588992742,0.0201900735905957,0.00123545338493217,0.0379607208143306,0.00659235510346405,0.0153135886527552,0.00380938441469791,0.00528718707007745,0.583980880271479,0.0296131754914399,7.75389223833678e-05,0.00439956768845957,0.00284893821593728,0.00127448883823563,0.00422986055717503,0.0296924534062452
0.00401245341240211,0.001854010700471,0.000623765962210891,0.00232032166718835,0.0183175140719958,0.000454042590151672,0.00209815150026627,0.0149179279740687,0.0110696732179362,0.00292085548631942,0.010565216880296,0.0275600615481025,0.0108168049235724,0.000558769200909298,0.00502221278069959,0.00387177889278091,0.000426268619908091,0.00178715775121643,0.000625683098184038,0.055177067453163,0.0389223918154591,0.000895183476255516,0.00881678449164197,0.00711394631337287,0.000629937870762432,0.705234314470206,0.00222031710251367,0.0193720626195503,0.0193215745995149,0.00216374595560542,0.0156864511359173,0.00462355241735801
0.00196109212995218,0.00372236889917307,6.15989013685027e-05,0.00669967066421436,0.00313487519495237,0.0226387245113361,0.0369479587112277,0.0141682024546289,0.00213484832854935,0.00381740560398475,0.010468966388699,0.0258532381620995,0.00213561039389727,0.000726927587050992,0.00419515728486197,0.016285182209516,0.000779383336128498,0.000637633231168094,0.000999173140115023,0.00192072588615476,0.0174940683509321,0.0128013876964389,0.033794992807126,0.0249558716465988,0.00328037854660854,0.0153367203958737,0.623890084563716,0.0243912723278168,0.0584464924856418,0.00255746300433109,0.0197069244008575,0.00405560075498007
0.00103162428958214,0.0013318157531138,0.00136790147413757,0.0119822561186207,0.00835132493415133,0.0200926274311695,0.0728657637713824,0.00846817571084577,0.0153182792239372,0.0298520387140259,0.00131799029792289,0.0297290631270341,0.0203137174623848,3.96507819579597e-05,0.0172528051957302,0.0208421166604943,0.000173242076782693,0.000178029606319497,0.00427399262909991,0.00614527001656616,0.0058186478000825,0.00197718780780099,8.63584515657553e-05,0.000889506942371439,0.00456027785448989,0.00822904823093211,0.010187023828354,0.654560891847214,0.0226149510899583,0.00432713042544031,0.0119217463025436,0.00389954414398845
0.0011341361134244,0.00104758686203811,0.000176199624728769,0.00303248100684435,0.0236868492925471,0.00272160720841859,0.00409211536898431,0.000587161958533027,0.00458560392949704,0.00423677091598079,0.0268967602138712,0.0967493525432007,0.000333706871248288,0.00108403757552334,0.000805107426126677,0.00522910945109914,0.000255837032814293,5.07132643327376e-05,0.00234486808131376,0.0123408156971483,0.0354183265304001,0.00216376703214515,0.0282903738781896,0.0170695546646001,0.0205496647532217,0.000313023235695518,0.0117465850239863,0.0322768423167633,0.631704533416219,0.00168646560960684,0.0181209638692695,0.00926907923222766
0.00261096852957325,4.16073872042461e-05,0.00596019076018201,0.000281691436802479,0.0134941879117792,0.00289849766249678,0.0447517786763721,0.00124201470658753,0.00461451090335295,0.000714628223062844,0.0021786592698004,0.00307011214819233,0.00242153590414808,0.00492542821916828,0.00203513829989574,0.0114608703983288,0.00121512307662828,0.00321762613431583,0.0338110050944654,0.00345019633125173,0.00398125859703615,0.00377150795177425,0.00304568220912364,0.00359238482538132,0.00227499126563456,0.00687236045570453,0.00752439116486007,0.0150365324652199,0.00279460406398565,0.79616536656664,0.00576132162274982,0.00478382773828247
0.00155985426174987,0.000394587116354515,0.000291591318115183,0.000986091857639222,0.0229937613832319,0.000535062205651542,0.00552012693082561,0.00337764439546956,0.00185225666488713,0.010137757838355,0.00311555935633695,0.0579459667202856,0.00585008522599517,0.00225250063229372,0.00373913321778983,0.00124335861722595,0.0007114967304862,0.000776236779955252,0.00588870242248014,0.0143740902800003,0.00315729112543613,0.00062616991043279,0.0206805130119957,0.0391089279671094,0.00277843021313998,0.00192872959771067,0.0279915864039413,0.0483066489051215,0.00252465558071022,0.00161398172236546,0.701700614834121,0.00603658677278688
0.0184067034859834,0.0183929921677562,0.000213701442007715,0.0112209761318834,0.000337762693722544,0.00574462343446218,0.0165226107543491,0.000944913271685412,0.0389963205031907,0.0052345462830128,0.00107030061161907,0.00371364772836493,0.00174323749538809,0.000337702070074687,0.00079943451374774,0.0195641305835098,0.00337229979831233,0.0169582410810314,0.00212901235524376,0.0504768331509881,0.00875196508963895,0.00168479528683855,0.0247145122493115,0.0134002693375791,0.00756812685030956,0.00699086925858802,0.00430651783443584,0.00154736373368173,0.00579205103796739,0.00414278620885005,0.00127017873858172,0.703650574817884
