0.665590119926592,0.00417355980932076,0.00356443093706441,0.0146284297249008,0.0083909345566319,0.000941117358820105,0.0049136070513957,0.00263959530789162,0.0166837790726169,0.0413199443202364,0.0112901713012407,0.00883133494121384,0.00284155528556307,0.00195112764139436,0.000757711112755508,0.0440436639534458,0.00897245377654836,0.000703293768642957,0.00116241354901637,0.034726937940709,0.012703284940664,0.00717156563998724,0.0236735791976113,0.0376312915825977,0.000132813509276755,0.0160338236186045,0.00474042847273775,0.0102166865836918,0.000420844773982,0.00163961706400502,0.00103919626772052,0.00647068701312136
0.00816186963370597,0.642713421676146,0.00700234281146525,0.0200555419401819,0.0223220239846047,0.0219611526394559,0.0123383241554575,0.0340183110429269,0.00163797076319864,0.0433851616807852,0.0345491092925684,0.0107935918052815,0.0224529641347187,0.00160699869735029,0.00157523614682546,0.00978194231788469,0.00152904892212378,5.87490929534088e-05,0.000105898878767285,0.0163147083248797,0.0237724791739398,0.0159994429212781,0.00290570364884551,3.93556840915968e-05,0.00106357947182748,0.0118438322155559,0.00063041116448456,7.06480568917252e-05,0.000324335001320675,0.00094489049959885,0.00102598317848809,0.0290149710423967
0.00336947455992714,0.00214745207912482,0.523086411479888,0.00028555958702331,0.0273959026136552,0.00580203930078146,0.0271361923533088,5.27410253397052e-05,0.0961808737566183,0.0123330928931565,0.00152367666911402,0.0111465384517811,0.00785518986310704,0.00129477995317253,0.00600673649021659,0.00255239568069983,0.0041417395592473,0.000809993132765363,3.69320470474316e-05,0.0869807856283037,0.0073590933270771,0.0094523450838949,0.0483845813786888,0.0690839492930053,0.0101583463489638,0.00996316663076337,0.00328239408637288,0.0142620347023058,0.00293562555822782,6.40060150198852e-05,0.00139635472448105,0.0035195957269216
0.00584685445663257,0.000106969798211945,0.00471707897967808,0.685392715883811,0.0213240737123838,0.00142936484683811,0.0185840764581414,0.0121292441366832,0.000448249223145868,0.045079414982316,0.0240795003830979,0.0427492734095345,0.00724823179561351,0.000268872566273404,0.00889398877381556,0.0107411280359583,0.000524558202000391,0.000845134693093508,0.000115582368209796,0.0256737069687623,0.00561315732127403,0.00333753307716251,0.0028752187255882,0.0202502716511723,0.0160195979074994,0.00297424752338671,0.00281621824714159,0.0159884684623908,0.00204071749890159,0.00266154750065379,0.00388772667206386,0.00533727573856344
0.00932784799887781,0.00208187541997838,0.000458236330033163,0.0273889934040264,0.482645354035295,0.0188662402418265,0.00287080808720164,0.108309522226827,0.0269101315823514,0.00470794550583735,0.00236102368239052,0.0210471300250731,0.000110010796158431,0.00098366573913554,0.00397249400506865,0.0951540564423584,0.00748160789191741,0.0116450222991454,0.00327942532284449,0.0371458490722813,0.0273730036834113,0.0124091631726086,0.00555119371607884,0.0560518889131688,0.00986108837464363,0.00154237628532505,0.00192886201631059,0.007405114672891,0.00118986360902524,0.00155016599375762,0.00146127253142912,0.00692876692272214
0.00451548135752412,0.00206125742757567,0.00693134669639279,0.0517529622099712,0.0167818336881059,0.55562498676647,0.0293064744013295,0.0660016788538189,0.00167513743498462,0.0278777672318525,0.0209860065798279,0.0459952141319419,0.0244647143579963,0.000684349954169074,0.000763230319222946,0.00879901648442638,0.00341638419468332,0.00637213721123222,0.0032281382366818,0.000629594194269097,0.0269269689809102,0.00139085090424623,0.00632519968421688,0.00805614480015238,0.0241995253411001,0.00440432718774131,0.00136453144582851,0.00941213802820974,0.00412244290300649,0.0162881847664494,0.0182851408070234,0.00135683341863885
0.00348624175306853,0.010781375819963,0.000258890644716919,0.00937024642391612,0.0609559233469694,0.0178380561669315,0.620712440984662,0.0365953742540447,0.00114845204296889,0.00770572215497672,0.0121401909478258,0.0295910337010489,0.000451143396547366,0.000257459877217216,0.0027767302306638,0.0240011981681188,0.001498194964696,0.00791963046088204,0.00171921596765675,0.0358689415279498,0.023567303384535,0.00816111747328405,0.0065431627101362,0.0326477764632306,0.00158626356258004,0.000741199029917298,0.00119485802374792,0.0269450354808446,0.00465019624520586,0.00200876813530518,0.00139503639741984,0.00548282025896884
0.00774971534820654,0.00101942282514967,0.000663339468551086,0.00191725311976471,0.000959178325189294,0.00361813944182145,0.00609868376631912,0.574112986583515,0.00149629677984938,0.0352036240675829,0.0353926996554732,0.125082515958677,0.00990640823039607,0.00029677892250604,0.0191569017869297,0.000822469142147324,0.00185837892083881,0.000302444041695687,0.000372649623161109,0.0409151676229082,0.00391176278134025,0.000944483924819601,0.00473028030011657,0.0308082529012683,0.0143161180728766,0.009352876230811,0.00284700683034166,0.0501460401949111,0.0066159883130842,0.000392208016015914,0.00349920389659155,0.00549072490714127
0.00402626200768989,0.00825400883165214,0.00140940769361484,0.0372260068547098,0.000153297922022979,0.00436254867711785,0.0384787675415303,0.0337738437398706,0.748226017270165,0.00500895370596947,0.00864439514383871,0.0131251166925888,0.0034046027448576,0.000290541381327756,0.00116759254333598,0.00764545684129052,0.000810714655179188,0.0220996570313624,0.000964643869127287,0.00457163228451462,0.00181185725757672,0.00974264601108559,0.00931950508181976,0.00099410833548719,0.00992761503618062,0.00164782700289815,0.00610486290472247,0.00485380209809022,0.00313161472854404,0.00166250623346872,0.00161821653927277,0.00554197133908835
0.0110655033923926,0.000528212528141187,0.00651066279503343,0.0331725475766483,0.0654811481531576,0.013571116373908,0.0464956151225267,0.0148393280201191,0.000542372138116424,0.582108165937855,0.0181192232328919,0.0376872210517098,0.0393580962834079,0.000974863453063555,0.0014797344225734,0.0247978184502804,0.00235306430379356,0.000248862230267846,0.00018270461395137,0.00125724511949854,0.00719964466908107,0.00619119344932525,0.00149475703640761,0.000935407194557895,0.0174679402948955,0.00105146742258078,0.00356787387005726,0.0334539709887066,0.000973726001248705,0.00699143369913271,0.0160869635363341,0.00381211663833548
0.00742923679977579,1.53032216747261e-05,0.00103345995938201,0.0356206610211524,0.00452816824964024,0.010498683548785,0.0058871784969724,0.0188255964470083,0.00327699458896834,0.00957654647660771,0.809809401926662,0.0135391788901275,0.0201993174097404,0.00130321838744548,0.00333464492426987,0.00128558473233781,0.00442150434357628,0.00183191055203808,0.000848269956941805,0.0074453151455386,0.000996687536875782,0.00234885403759602,0.00538464448913879,0.00419500470978389,0.00281120312529851,0.00327590194023947,0.00421335352823399,0.00673504202162818,0.000406495760978699,0.00130267701025854,0.00282027233196094,0.00479968842936236
0.0051821280641039,0.00167967596873181,0.000163475724815308,0.00088543448619502,0.00444587211913149,3.32003564994097e-05,0.00289420933098797,0.021668243346613,0.00253359862239189,0.00919590651614462,0.000531107668583152,0.6548203900064,0.00585317842511765,0.000753266086205213,0.0077910831944746,0.00445826548948796,0.00215590350684133,0.00152649016701689,0.000233346711369479,0.0641396642662,0.00388543270209753,0.0199853613961786,0.0270785354597688,0.0306077443389495,0.00939296140869014,0.0494010367890481,0.0207228073145796,0.0154890495146883,0.026580312206731,0.000880957649048163,0.00359117154498466,0.00144018961792537
0.000461335054148376,0.000341091190828526,0.000647299372751555,0.0145779201133122,0.043050129812912,0.00321409795413732,0.0357007529449587,0.00502046722044855,0.016771506572282,0.000105492320887403,0.00414017128067964,0.0402488409985002,0.569694473696768,0.000330549859535344,0.000427021762026429,0.0770901720514835,0.000450168548852121,0.00532204931570639,0.00227181793749543,0.0468905319473809,0.0175190577499962,0.00300978306441112,0.0148725432677113,0.0431854800387832,0.011525370051616,0.0038509261220191,0.0133143699462254,0.0165133353038184,0.00425754785586831,0.00311482914359683,0.000578395927840771,0.00150247157301884
7.94230642976236e-05,0.000756553397676585,0.000343960479735745,0.150869982156095,0.0209045946594352,0.00127192796173537,0.0161847213337178,0.0677312226197195,0.0112832243076991,0.0679162300580597,0.0206966771130058,0.0154160509349963,0.0065854765893004,0.471573567105171,0.0107267847019309,0.0230397500978691,0.00177096063950204,0.0130970426962111,0.00115193811229302,0.0231362831801236,0.00644582332139602,0.00118520334940466,0.00457501006815502,0.0210124813971029,0.016828494354696,0.00354141302147055,0.00584098147542573,0.0102976452144123,0.0025727960672362,0.000380928672906226,0.0019151185876984,0.000867733261520771
0.00913000632631601,0.00171452427060379,0.00421725780691187,0.0175492400952061,0.011927491706132,0.00450654665863851,0.00432664665271309,0.0298735855596514,0.0738975078911545,0.0376367285154729,0.051165841348738,0.0319901927370167,0.00170484790235093,0.00290920940235613,0.469767281554648,0.0785668822092072,0.00648978395218364,0.0177050372436855,0.00196765690373995,0.00790671972587118,0.0196434834202557,7.27288132603098e-05,0.0368354996223569,0.012205958190545,0.00408389272895007,0.00292413361231636,0.0106735410286383,0.0239343526820406,0.000611810486514522,0.00314506883466922,0.00444074079882554,0.0164758013190297
0.00671291973720361,0.00819355183102044,0.00097637474246702,0.0159425020139457,0.00350592980392525,1.44000314709967e-05,0.0232197000948966,0.0129199249627362,0.0267124851843712,0.000580906606345916,0.0021980716115796,0.00433541762317757,0.00167610911543521,0.000412910444854059,0.00238826335876082,0.830674792300912,0.00026070932757008,0.0082328484710838,0.00118271009736137,0.00340384275805681,8.96995678047231e-05,0.000825001916394829,0.00690827563708233,0.00598995204301927,0.0119849242285185,0.00633547407432487,0.0058713541606699,0.00313804346830217,0.0016590029345136,0.000275104273300055,0.000409839001145816,0.00296895857774987
0.00045387057035428,0.0014896012399596,0.00175771619262997,0.0147935979439794,0.0402796333008212,0.00192812344954946,0.0199981689179505,0.00986733977929048,0.0481096233061657,0.013050579855738,0.0022032103026091,0.00591650881497758,0.000444618512581113,0.000134415478425926,0.00226682301974565,0.0949710849277571,0.620664258619317,0.00216768358297534,0.00170989567201966,0.019728919947487,0.00250959106307354,0.00190197774578234,0.0227879728752141,0.0266929654016042,0.00308337988119119,0.00813175673580671,0.00482969748274419,0.0243256976190666,1.2305895288847e-05,0.00192843541396173,0.000356773096878922,0.00150377335505338
0.00248661429236987,1.44739170858504e-05,0.000596403198110525,0.00965392573986566,0.0469286257598179,0.00185666558112309,0.0197046804107859,0.0185781298056661,0.0247636675546826,0.00055524816531389,0.00077073244749106,0.00808255040654795,0.00936741636683941,0.000478902866815712,0.000462066659984106,0.00997375790471027,0.00740823538325385,0.621172263243199,0.00109064452987224,0.0549155297861621,0.00905180724195889,0.00163541117156937,0.0582479645870804,0.051121030546409,0.00891540119826064,0.00869015044343757,0.00256361673267871,0.0033002455715362,0.00167227011623148,0.00102392507469985,0.00679344633045941,0.00812419696598141
0.0138750706173406,0.00279544082381255,0.00234271748386789,0.0445699021798999,0.04230559123116,0.00685291182687513,0.00212818315108398,0.0760044228801671,0.00583692222500156,0.00100723843091998,4.7448412070085e-05,0.00314324370249634,0.0295625718845141,0.00116775361300071,0.00226305231331064,0.0077647348688977,0.00403360541198704,0.00100196635241642,0.643551477832643,0.00437117689469408,0.031193822282174,0.00439549707445604,0.012823956298107,0.00134752183237001,0.0144671816881052,0.000775127825487683,0.00568301968154913,0.0270803895312569,1.57684288376841e-05,0.0018203182229812,0.00576040542727707,1.15595712391574e-05
0.0143246909417048,0.00476189481738636,0.00344841012383844,0.014958518915549,0.0302313975163205,0.00151568527225112,0.0103420152267204,0.0116801473321901,0.0522365685561404,0.00160916707778442,0.00583838296146062,0.0233105600684418,0.0044046123622402,0.000678196575069694,0.00202428670436553,0.0479555850105127,0.0103159390205965,0.0164597621106061,0.00055647207038229,0.23506843756176,0.0318964501638084,0.00238525973174638,0.0855446016100387,0.254249349433318,0.031758026586004,0.0193039551766649,0.00223470759052846,0.0451927819089617,0.000103749061217478,0.00314174527405835,0.0106485428906515,0.0218201003476818
0.0154756736954694,0.00387644705052214,0.000410336516863476,0.0132851637635322,0.0431294024057267,0.0011068463452551,0.0342803794139202,0.00598879218870883,0.0562160500309633,0.0201510669915479,0.00917451664973822,0.00965245186996897,0.0287889796799719,0.000284407450751492,0.000595009088168427,0.0329462083439288,0.00391920624263918,0.010812024496971,0.0003568518860813,0.053544445090346,0.45159197674511,0.0190652211125217,0.0926081258137928,0.0280531374495711,0.0127978565467129,0.0172361815417167,1.93137725653192e-05,0.00827371710614701,0.0062507592399272,0.000147882141884917,0.000575569946790141,0.019385999382185
0.00767235275348395,0.00842748044997765,7.02283228022935e-05,0.0221655893309121,0.00851112353864879,0.00184083225272174,0.0281672707301155,0.0147928184238148,0.0368801106039088,0.00680372186522809,0.0171790337727762,0.00283684609690344,0.000763614247429967,0.00126683683478389,0.000426946809088305,0.0440433030078157,0.00871659248178943,0.00716763386861542,0.00138702252524197,0.0582348270132429,0.00389907420114124,0.555868902084151,0.0075122413389327,0.0290192525553564,0.0512047883178666,0.0112685493582156,0.00485383620740678,0.00658478403491147,0.0024288231346421,0.00713740590662001,0.00146168391221591,0.0414064740192394
0.00453266728700003,0.00266850557586301,0.000293666728862845,0.000850998981937958,0.00714585345715615,0.00669002057636665,0.00302350169391993,0.00115527261798305,0.0118462452904331,0.00014969850128699,0.00568938583700286,0.0121298508380894,0.00382023811227819,0.000405702024782074,0.000366195861264898,0.00822327434062789,0.00500598430622654,0.00292034114319678,0.00195353330922925,0.0244138752803597,0.00772926296249783,0.065931107031467,0.736066308409555,0.000954467134254666,0.0080840851508919,0.0173759109909666,0.00155643827006156,0.0143256850117588,0.0026256387876799,0.00657439141881383,0.00156948798900818,0.0339224050791776
0.00680740792582397,0.00269262463290682,0.000809718276220032,4.34233679606774e-05,0.0173304541888798,0.000893790673567251,0.00981137181305124,7.45018333649033e-05,0.0195882081434288,0.00188840696616065,0.000498259815410444,0.00805888880387444,0.00266384005912235,0.000262023255288431,0.000514235450906185,0.0209516847357701,0.00335872432992622,0.00778319118376928,0.00013853491998432,0.0947070346801522,0.0170517995895599,0.000175330005229643,0.0344102523007318,0.704306711424194,0.0122998232932165,0.00195141182106911,1.74656254871698e-05,0.0128250867296173,3.70581234911354e-05,0.000831604635332622,0.00325498851466182,0.0139621428818415
0.00185199314349928,0.000330594518211778,0.00167727733662795,0.0248306180166235,0.00678683080773173,0.00159798532232124,0.0388308088020947,0.0280510388462537,0.0150504617379159,0.00997712866203915,0.0073673891986014,0.00183987651145815,0.0029637912002754,0.000318171017661013,0.000313921573671055,0.0244947185085742,0.00260304296362898,0.0173109497143105,0.0014924255016924,0.0910448039233594,0.0178680731569603,0.0139144250439248,0.00844254628989178,0.0516343890587577,0.595618805077225,0.00235169627077272,0.00168197048858709,0.0235683398757476,0.000818005926866066,0.00161585149969847,0.00278758138962293,0.000964488615393906
0.00543029650344059,0.00193183195662598,0.00182662199322933,0.0469757432786863,0.0209679554152483,0.00033484651306079,0.00982161690505675,0.0351457479611944,0.0137690580312663,0.00645376639413903,0.000536204067377414,0.00396066474854899,0.00613903342211033,0.000335595761950022,0.000138396087281171,0.00546685450268184,0.00259777194740346,0.00148525718112895,0.00040846643163607,0.0788010290254701,0.00405325721824357,0.0269261229975427,0.039011001985936,0.0492681565854367,0.00750508431517268,0.582570590888388,0.0118397415740934,0.0187979887964253,0.000115251088086618,0.000476555639384657,0.0168408940976877,6.85966860665956e-05
0.00149092738623933,0.00396990846622336,0.00225457970793795,0.0436474987757816,0.0140018628404887,0.00919466958046565,0.0166997906107652,0.0496939375634399,0.00590589957797043,0.00194421943460674,0.00110212325011514,0.00225823247446443,0.00326051146157741,0.000151754732006862,0.000830573352774751,0.011959634908343,0.000390547309395694,0.00264772356668465,0.000842282849431632,0.0366746005890048,0.01594883695204,0.0144879357923519,0.0432314036945913,0.0551528531867971,0.00144043918899293,0.0017318046426385,0.62337003265376,0.00454519856591154,0.000171582763334899,0.00120050012609904,0.0267866520017969,0.00301148199396834
0.00719460127116634,0.0020346965374617,0.000570443313934899,0.0303746835750752,0.00900903813474346,0.00530259882664214,0.00699002785275019,0.0534557905861291,0.000540064955446929,0.00762805672116702,0.0022928565004816,0.0127024739500628,0.00344006282386716,0.000680174503706634,0.00378456240844054,0.00367821867535241,0.000755428294317058,0.00733012058661065,0.000419743299434442,0.0623070176880979,0.00538945491419461,0.0105301448465724,0.0216462465108529,0.0323042440444288,0.0147065886494896,0.00849718697850756,0.00318037977437125,0.662833240208038,0.0185766405066574,0.000326814896097896,0.00141981558997822,9.85825759234903e-05
0.00426997240456263,0.0038482590772368,0.000916360134094766,0.0122349499749166,0.0232915735462016,0.00773513589988487,0.0110990323316288,0.00620347504187499,0.00108877492323373,0.00741914138980696,0.00756461443545319,0.00298403653913171,0.00207993675398358,0.000334857637376361,0.00181668771188629,0.0152783242172496,0.00314130037113597,0.00990604416317786,0.00171102489539028,0.000899193745880241,0.0189287696511631,0.0147391587318763,0.00315766587485588,0.00557876905050069,0.000796970691291107,0.0638707688193323,0.0596212664375903,0.0116223589957055,0.65828718795744,0.00892241319714018,0.0243975471095677,0.00625442828942995
0.00030207531221646,0.000308085325040798,0.00016143385035507,0.00148712030213688,0.0224507342281004,0.0124719167055573,0.00200803747189312,0.00196719955938066,0.0259619031227572,0.00349780666697596,0.0187352683601923,0.0325769682433756,0.000330300289351563,0.000229038492957211,0.0030387752836453,0.0136433148770068,0.00119630696017997,0.0020875173906393,9.59921246628976e-05,0.0539232007764506,0.00947141437339662,0.00299501557772438,0.0376967138294247,0.079388900933074,0.00385620834702624,0.000220935883718561,0.00944108077539836,0.0402551243656374,0.005050051001471,0.57457807044943,0.0404658057213679,0.000107683399455195
0.000180736217039818,0.000618494329319699,0.00111772309107484,0.0179483842505457,0.00944301148839783,0.000752335899426522,0.0106020584503498,0.019524682170651,0.0450145496572942,0.0027111706207898,0.0224498231885629,0.0724209622327764,0.00469717115849482,7.70550291313245e-05,0.00223411530496093,0.0336088297101429,0.00043142291243998,0.00053621437327846,0.0025078969285088,0.00176978221059822,0.00921928631536587,0.0059399942581604,0.0415508453769827,0.00529679542909527,0.00494836683835468,0.0215678603772176,0.00468418038585837,0.0717235005497158,0.00172913694172169,0.000452682883274809,0.578013952308226,0.00622697911224313
0.00300233637208288,0.00663842544906128,0.000243589936352702,0.0177475936742227,0.00568994190701487,0.00822841847852404,0.0156775484403734,0.0252901208939945,0.00836020218928187,0.00239972468471019,0.00289002900364389,0.00169400609353699,1.06690659492606e-05,0.000274554306914448,0.000156576792116344,0.0113357706401817,0.00558273096455443,0.0112349539754211,0.000131771735168453,0.0485182531743634,0.0231564006068304,0.0200332866729525,0.00510885364236435,0.0396153035367757,0.00607286909687069,0.00208203513949362,0.00259530712713774,0.00960473205769216,0.000400764111102854,0.00423487142440163,0.00303890571451245,0.708949453092398
