0.402837511713971,0.0163135794755084,0.00700227385609127,0.0180357912856814,0.0360357512194756,0.0158591350085558,0.022030120671921,0.0184666156592491,0.00517919412943244,0.0002582832956429,0.0066323850357688,0.0018263176145145,0.0162823428407031,0.00213220306338002,0.00722621964670452,0.00748052225795561,0.0361267528786411,0.00341412110226079,2.69948073001997e-05,0.11057871629929,0.019513377813979,0.000433809379842557,0.0505887043686105,0.116793752355662,0.0130487364486884,0.00556791034047784,0.00267571553834913,0.0104742852847623,0.00972382383352387,0.00146750261462615,0.00578728554217016,0.0301802646172609
0.00708888501676624,0.368071780667102,0.0153486552148614,0.0134675335685157,0.00675465223505517,0.0273648676627897,0.00047388381348832,0.054931944441599,0.054787652453018,0.00384310312267831,0.00769473382654593,0.00357096061738992,0.000254024712517843,0.000639489553678689,0.000836575128613582,0.0561575511102237,0.00680692495741505,0.0103712177387637,0.000588598053285994,0.0488308113551243,0.0698892999218934,0.00792848138287488,0.045189191767732,0.103218070035669,7.73162594918266e-05,0.000333143185358621,0.00972236459508572,0.00524989442125381,0.00312599220388046,0.00654406611185161,0.00653289925370994,0.0543054356117662
0.00164305438002323,0.00968537594363325,0.35602906612245,0.102243836276589,0.023136693686964,0.00756342780409399,0.0145640609878401,0.0549848081026698,0.0738253471491124,0.0160447098909122,0.00125915434495197,0.00647574427541318,0.0122522155209817,0.000349103942741571,0.00112849170586593,0.0319274144029323,0.000948568555215512,0.00290314470856301,7.79489853948133e-05,0.0604420689502064,0.00963001121292234,0.002355743536944,0.0603849104583692,0.0928370262595247,0.0149407749081354,0.00664962875293171,0.00345401227127269,0.00846052617615477,0.0119715385742535,0.00178668875604917,0.00301700614010478,0.0070278972167826
0.0028503737494272,0.00135523455210194,0.00356582360252634,0.497422085306817,0.0507249611899741,0.0244776296586142,0.0976445853371771,0.00357013826409427,0.00540049802862588,0.0151567232588757,0.029167482306154,0.0596491707759955,0.0124242630300963,0.00157495425335267,0.00101276769247646,0.00594043040787929,0.00121487885003868,0.00149572122141506,0.000681031015440979,0.0154224288368381,0.0265453030950583,0.00593364841506872,0.0220795570760791,0.0193063933429843,0.000247551636873421,0.0138834503291719,0.016546501053095,0.0582622471318244,0.00146863490364607,0.00171986987847732,0.00116983435626137,0.00208582744353931
0.00163730332911995,0.000658461226607509,9.14369520635239e-05,0.0829381807601438,0.49869504543395,0.0337271694495711,0.00722726945060402,0.100902781195059,0.0344654618055485,0.0100454235524869,0.00570643422795801,0.0030365257707849,0.0125272590345125,0.00103887705140887,0.00633859371788519,0.07936082825581,0.00477850753087183,0.00768548266600127,0.000355755511577838,0.00845898569750207,0.021046145056084,0.00293952767101785,0.0256190122098289,0.0116456621936369,0.0181536807886711,0.00260481767245136,0.00582938970453141,0.000253949395390078,0.00664322781960211,0.00176110742338972,0.000505425154823129,0.00332227229110603
0.00169721497929173,0.00561719933584212,0.0129917205110287,0.0181747650473026,0.231403585369735,0.333311075131455,0.14345711376497,0.020680785169396,0.00233036001851003,0.000862978883629384,0.00229964943499272,0.00172427177463894,0.0048440815785703,0.00019305478944955,0.00436101578457806,0.0827269720534583,0.00595417850296767,0.00486077655168664,4.19719247208784e-05,0.0112160373184169,0.0281404568472052,0.0142653797591613,0.0202638316091177,0.0115054213267961,0.00396217632946312,0.000185067809870964,0.00341413324677401,0.00339968330284987,0.00263370377117311,0.00855673117849311,0.00613920461662663,0.00878540227782761
0.00379314181346835,0.00222425378626923,0.0010026524202942,0.0767812920270712,0.156058120628937,0.0363759445095574,0.34648451965945,0.0661182005519285,0.0110774753389313,0.0050711840982483,0.0137005474316302,0.00585207959965435,0.0120203275682368,0.00312888584315083,0.00235292089159827,0.0431032619178468,0.001199707839694,0.0108224057047206,0.000887287621863139,0.00563167091218405,0.0541116794290604,0.00357523444628122,0.0772967054204347,0.0104268919920823,0.0161675651907588,0.00119093549907397,0.00190391706790539,0.00176402826297701,0.0117586080210053,0.000415681737012354,0.000760569707783024,0.0169423030608918
0.00716723050147737,0.00210306622958083,0.00053951289930073,0.0376824247848876,0.191437032684314,0.0276549381451361,0.206126147056012,0.259979584968488,0.00439159906879156,0.0239550490426949,0.0214774844854906,0.0417612613031456,0.00548162956585984,0.000904238857840028,0.000582920911901223,0.0311290255382883,0.00358592368676319,0.00323710611296244,0.000200996254191489,0.00252217416567729,0.0343033556467326,0.00276358408045921,0.0109828177501638,0.00790820383636345,0.00558235783873693,0.00874230248957795,0.0125774635381554,0.0348019414030517,0.00103501175935335,0.00283197572455392,0.00130347264294351,0.00524816702710455
0.0112263602033503,0.00187616505820026,0.000935813767447619,0.00181476226652618,0.0982725747619355,0.0107788039451195,0.0491791934131937,0.057993680972662,0.466734572120564,0.013898950631578,0.0408304947192524,0.0283539746347686,0.00131625705771457,0.00191982072744975,0.00690852534924876,0.033549151812286,0.00119538329805517,0.0174301918639766,0.00169117628046575,0.000474715697040411,0.000109520761735045,0.0026438392219323,0.0538001616281164,4.03375068783278e-05,0.0155557243400109,6.70507981599226e-06,0.0043110344506059,0.043956934250372,0.000246672239742906,0.000211170823048805,0.0019235244093131,0.0308138067075941
0.0077919526326484,0.000509220302933651,0.00374429454109091,0.0101673825002625,0.158774380765678,0.00458476415272757,0.0529944182904203,0.114029008552133,0.00793256722602019,0.324144101532952,0.0406131881418479,0.0630759120995451,0.00198714729205148,0.00201661168482177,0.00790927602132242,0.00695155891420085,0.0036974803130247,0.00137705940376127,0.00109480260633576,0.00790523125702734,0.0239608932750106,0.00267621268182393,0.0189516484273001,0.0130183673997897,0.0112967059196501,0.00363067396932261,0.00615523881740456,0.0925583297430787,0.00250027516913959,0.00153006702002074,0.00071842294806884,0.00170280639858482
0.00378800010018814,0.000630869662176536,0.0119386145375728,0.0634452801840826,0.11186201981603,0.00171697207344603,0.0703953478371558,0.00652165641434649,0.00684025631230381,0.0252724236406372,0.487822299199001,0.0193262380539561,0.0374754072396827,0.00235370551709723,0.0011561877941239,0.016263350198526,0.00326796460355999,0.00286122391810943,0.00158924386352679,0.0108289212059415,0.00515682332731903,0.00299603980417474,0.0264405587504999,0.0194570443507934,0.0113245628647157,0.0155893875642002,0.00504461865898765,0.0098305550914028,0.00529650242211983,0.00448380870773396,0.00791092219482819,0.00111319409175981
0.00396958159212778,0.000291651059443678,0.000979351215963202,0.0247363033485604,0.152762118466199,0.0226677108935251,0.0385362478533639,0.119820799700042,0.0161569368842217,0.000817826533822844,0.00126674431920645,0.277260849031665,0.0130608727256863,0.00163240218875013,0.00562650379437273,0.0867312879060137,0.00591308562078431,0.0112123900804275,0.000359372207565716,0.0838887041773703,0.001533689996032,0.00177109109719315,0.0147059057462373,0.0712101721907755,0.0167162295267517,0.000719148421473437,0.000495430101630769,0.0159590073566734,0.00406124713361922,0.00282457401314331,0.00130435195595217,0.0010084128614064
0.000828616416667793,0.000738324717018651,0.00275482594733189,0.0407503470071217,0.0880684835873916,0.00109092921493158,0.0234792520865422,0.00886001158227964,0.0240516628092433,0.00725489760817655,0.0670340948772765,0.121235045778258,0.30278021659903,0.000804775673471106,0.00950139235776407,0.00757766817120873,0.000594384682653153,0.00314842422934374,0.000110608311556916,0.0254566075860731,0.00287496808051656,0.0141498340205907,0.0336214195619566,0.0537143487256093,0.0330785776421823,0.00321355878846886,0.00172827463073462,0.0646277600484645,0.0365262224212737,0.00216104009521209,0.0181292311396868,5.41956019644922e-05
0.00190569647961941,0.00673577201836132,0.000352653799147368,0.0481101799538861,0.0149041187359413,0.00609381031524633,0.00928642989552317,0.0544584519228997,0.132672394249743,0.00511304940966132,0.00442233669808338,0.000601885149932702,0.00115292790776874,0.46451018471065,0.00383913423273386,0.0812352953038217,0.00266753078163888,0.00356839322171128,0.000105088751800605,0.00471323338311481,0.00595604772770402,0.005309097897421,0.0781176585886864,0.00950069217871319,0.0120930753124988,0.00077070934984487,0.00981858440741692,0.0208035382867922,0.00223455766225806,0.00116145396204017,0.00236356256321799,0.00542245514212239
0.0030559227916947,0.00152374025426701,0.000426435592329851,0.0987656119510613,0.0153276281853455,0.018166296061951,0.0104896067174825,0.181925449064173,0.00567501588113545,0.000731903705759718,0.00333646944101166,0.0121434225875916,0.0112747541601906,0.000828543198778169,0.368535911205438,0.0236692250850839,0.00463494977192019,0.00489637095115271,0.00141174954177345,0.103338682406311,0.000160680376905286,0.00209162269719585,0.0117027195808677,0.102287934751228,0.00388390006220705,0.00153938823988054,0.000440076240733994,0.00373502795603735,0.00105180251183283,0.00040816571601873,0.00232868684080326,0.000212306471837613
0.0323376706858904,0.00258983418948122,0.00118186472628349,0.000484314119390928,0.246614253582846,0.0284587289611462,0.171016717641996,0.107207210925569,0.110898691207789,0.00863563805491223,0.0380009447219926,0.0169831754359256,0.0024934737184891,0.00292590418340665,0.00847541034225719,0.0816135861103655,0.00572087790817234,0.00917954026406508,0.00174340683975036,0.022450909739896,0.00886062950347028,4.47279125470111e-05,0.00157521708304447,0.0151000903746275,0.0269572977235313,0.00136602626039106,0.00395311843567915,0.0195068532133193,0.00454967722890067,0.00202272141899145,0.00354968019290744,0.0135018072929655
0.0085031651107182,0.00778986462144634,0.00152450304009543,0.00493822982088373,0.0351412742358809,0.00049776745901965,0.0178293099908574,0.000631156094320227,0.00599796228896246,0.00525635925923573,0.00602996022614217,0.00558105213613955,0.0153098588615759,0.00156774049384442,0.00726763990748578,0.0373751842217503,0.371623024084714,0.00433799810441951,9.90940702421138e-05,0.154149572589959,0.0204151699690466,0.0032063833534173,0.0214735272546125,0.175320822444557,0.033452631393484,0.00221701801318598,0.00188637199929808,0.00934735802084329,0.00442898754760486,0.000605809223828244,0.00320272309879247,0.0329924810636361
0.00447330019585033,0.0011948081183284,0.000667744008562604,0.00258877608411397,0.0179991486096726,0.000796235127883926,0.00772191689771283,0.00978098509013579,0.0573965621887433,0.00465761677386002,1.43888398790698e-06,0.0238705501845053,0.00732917758574568,0.000886584829135148,0.0022001276815209,0.00631773199231706,0.00706517196325116,0.382222480579003,0.0102550091130244,0.0989074380364941,0.0517458321732345,0.013268740556715,0.118600427318705,0.0912726891384286,0.00111725551255564,0.0146293319657339,0.0068135553690997,0.0324635780711313,0.00617180766717802,0.00518417269416022,0.00335216462501788,0.00904764096419145
0.00215209978879814,0.000169603188312893,0.00118857836912097,0.0872088171752216,0.0532496963030974,0.0150531234620826,0.0181039772373028,0.1014076124088,0.00505618706454058,0.0034452191188061,0.0199340088063218,0.0339105281829108,0.0383972544153987,0.00217596840210253,0.0128010834702668,0.0164539094427037,0.0113201989149291,0.000793052312914398,0.33808391273961,0.0761021099643999,0.0346559173784927,0.00841539698229801,0.028247702692587,0.0604704724537758,0.0128838878512528,0.00196046602249089,0.00109929022086656,0.000551484481064312,0.00395698123564061,0.0023160012826236,0.0064376123935803,0.00199784623768619
0.00251866835639843,0.00253580776078936,0.0010774327156345,0.0667864114125825,0.0204478777260809,0.00778061216572262,0.00220253082625678,0.0750082504898935,0.02399327583675,0.000289983418514969,0.00679213803401059,0.00315956307760126,0.0263558311939462,0.00126267564854586,0.000709715522997883,0.00209258339079204,0.00777264008459197,0.00075756378251722,0.00238137699923566,0.567169248434237,0.00319067271377387,0.00426631426643322,0.0091837062717654,0.130411763039275,0.0111666897452205,0.00256888081025504,0.00131776134083561,0.00202441332630206,0.0107590967923172,0.000894536060122782,0.000125477836054536,0.00299650092054534
0.0023656742756479,0.000707396105932407,0.00573675444413432,0.0103654380750531,0.0687383881469775,0.011542205962632,0.0307112772749333,0.00424845598299544,0.00828837376359308,0.00108733663428853,0.00547452959228771,0.00800590312154875,0.00291331604464063,0.00321039224335294,8.75188654763586e-05,0.0166451209645822,0.0168861179582149,0.00641350931475553,0.00101995641008883,0.0392992604774517,0.477621462365691,0.00218574851588507,0.14547379042689,0.0341953809595596,0.010083906033172,0.0543022886850675,0.00721778875873807,0.010376541729709,0.00631750750908332,0.0032628882394881,0.00344016928926834,0.00177560182886071
0.00116617206596724,0.000672368454975971,0.0022512533177423,0.000260477033728886,0.0409926351838556,0.00142500164028289,0.00398178181738014,0.00814860901315279,0.000895633340162344,0.00232335010223163,0.00473341679119025,0.00290313921024818,0.00210701425272273,0.000150898318798719,0.00229451508571154,0.019981489617749,0.000908508114731637,0.00398536664741955,0.00129782429437821,0.0764710620953055,0.0215910829326181,0.344719651821762,0.132749969355325,0.171277277535509,0.0547669795257259,0.010104500971225,0.0214218132918826,0.0124907919291465,0.00758001699229444,0.00457783877886149,0.00225783355466468,0.0395117269132494
0.000338016738520971,0.000354965975203461,0.00146312279823584,0.00492601593165459,0.00644068060988286,0.000620066289095323,0.000835324501289932,0.00844759474190778,0.000249284059345864,0.00138162740105329,0.00450054201660148,0.00721966276090557,0.000171430214673309,0.000337435980904916,0.00128100869151795,0.00165230254367411,0.00209995003939303,0.001170687575782,0.00183221303894169,0.0654923540721677,0.0477143189025761,0.00828095183695512,0.599992179342729,0.1513142051186,0.0166994164215299,0.00206130246540118,0.00385223758674832,0.0107933935120469,0.000784007121723221,0.00347076778847627,0.00157152926285222,0.0426514046596101
0.0023279245577051,0.00293192886165191,0.00242604833982784,0.0609312520890041,0.0174716284186697,0.00793283304715864,0.00415299313794254,0.0559242523327065,0.0184785512956472,9.2870562339749e-05,0.00539343916107143,0.00101512703409671,0.0198171779120355,0.00222161460743692,8.00909667223121e-05,0.00219306906777135,0.0105242138352566,0.00173026187841068,0.00591598913055875,0.414468960743017,0.0118912675299594,0.0110551371086264,0.0194968856090974,0.268294236086073,0.00851778958619416,0.00314974231311578,0.0186530114453627,0.00175422632412512,0.0151910657822104,0.00244883469268262,0.000909210486468517,0.00260836605705315
0.0140509860567481,0.0013066237305059,0.000412496332244288,0.0205518922597612,0.00771346378686511,0.00471627604779333,0.0369030041044922,0.0368026680879647,0.00390902459948885,0.0140893681655758,0.00148957306622634,0.0248764185129901,0.00404419993578657,0.00164048532198759,0.00175274469840871,0.000912747360900017,0.00471535998974553,0.0157648260850677,0.00143637218100321,0.18584257044545,0.0190755742564876,0.0172793804975368,0.0846594430902771,0.101379971926939,0.292763443849896,0.0224106924248692,0.0155538751798579,0.0384254713427868,0.00553337058751931,0.00286424574677563,0.00416961983286597,0.0129538104951836
0.00710164639140932,0.00554705005214855,4.18345869432684e-05,0.0926104876315877,0.0312378351467372,0.0131808405004066,0.000351968825505193,0.135296474928873,0.0173430519553956,0.00405473620575255,0.0141035825854067,0.0174361240431712,0.0471889145406966,0.000631473057620261,0.0030176563215491,0.000997906304351825,0.00719048106521484,1.6680747274005e-05,2.66539532052815e-05,0.188848386657233,0.000777248043308168,0.00454456311126607,0.0105330940136277,0.160867228143382,0.0102101072287554,0.205168844033444,0.000595234252584544,0.00176732024465489,0.0096927037391332,0.000966215924070218,0.0076748114934944,0.000978844271797943
0.0067198903094592,0.00791202501734583,5.91016197466105e-05,0.0761203491922958,0.011514322420474,0.00811739169982033,0.0120492743001965,0.114415382771072,0.0205157535833605,0.00218737702009037,0.00858213703880012,0.0234271779943486,0.0332227835961569,0.000482259454605864,0.000622474727757222,0.0175066204862433,0.00484091566590396,0.00143800681717396,8.38209147652415e-05,0.139055879772389,0.00959840244530806,0.0213526847417918,0.00538077347297251,0.0905538254123556,0.00368154881439441,0.00621117116704564,0.349146678858366,0.00875555519501358,0.00804281385318408,0.000358510164778244,0.00797697419052167,6.81172822633496e-05
0.00362776765998157,0.000769995420115265,3.27754667175217e-06,0.0234784312884086,0.224215476013993,0.0273489309617922,0.0605448549830102,0.119748426299496,0.00300280812336274,0.00607645399322725,0.00745953148794024,0.00813637209120136,0.0061101302363067,0.000984357328219388,0.00146485086030724,0.0949652943448653,0.00295295003149655,0.0114203740969062,0.000610380836254938,0.0861161604006722,0.0051227289448622,0.00234563612099898,0.00291398946006237,0.104683862932451,0.0462307000737636,0.000258997604630988,0.000441182641260274,0.137584494270279,0.00773214426263247,0.00277074259675774,0.00082803252155773,5.06645665151835e-05
0.00314880511312626,0.00021141129406059,0.00176531176438364,0.039849743721117,0.0686356798518846,0.0160082033658991,0.00450949225518071,0.0689123891231587,0.0289836734255901,0.0167876810333194,0.00230535265213338,0.0110826678556393,0.0202986717599832,0.000640718777217695,0.00173153004006993,0.000150505296587611,0.00045036891070817,0.000315579460041438,0.000832992856690323,0.065142599658911,0.00240263337510647,0.0118214124098908,0.0013410073600622,0.137328341693402,0.0155185250220139,0.0171272942255545,0.0494361858579881,0.0216832068800939,0.375396120663964,0.00697786240231416,0.00830310651053151,0.000900925383376493
0.00011523885774768,0.0019224819678358,0.000557324829531404,0.0110907635240992,0.000794246371534384,0.000210416703736836,0.00309120498681083,0.00500215342145955,0.00942092215046922,0.00130910163540457,0.00850538569584529,0.0210202272055691,0.00712150540938439,0.00158897281491529,0.00900960534636049,0.000822559568670836,0.000589680012309027,0.00374580621720233,0.00296150375066753,0.00880284659579105,0.0081858537436598,0.00411145238983043,0.0428652666408524,0.0312408396984417,0.013056960484662,0.00982284343193718,0.00564648536278764,0.0135265190923765,0.000214892610795783,0.760793164135713,0.00666138138845145,0.00619239395514704
0.00582623971183872,0.00242850076182254,0.000820620438128361,0.0426420867498559,0.0279452633798608,0.0137829858959531,0.00331932288126544,0.113238113639484,0.0035147193748222,0.00710811469875801,0.00815146978059763,0.031688195032936,0.037316516471024,0.000197772691087349,0.00446784704515614,0.00432589779479617,0.00612495337311723,0.000833119574858382,0.00524233616248461,0.0805665106242823,0.00556919499674589,0.010116652898485,0.033658573602327,0.110030776125,0.00508579429132114,0.00216181844803101,0.0038618469924758,0.00837452359890133,0.00320089037776737,0.00611955947230624,0.408130700392104,0.00414908272240631
0.00229880637174377,0.0107635600336373,0.00180519620702312,0.0571310358848189,0.00464566618176868,0.0067378892176269,0.00609229196285766,0.107653986499909,5.48613972021256e-05,0.000258274343788273,0.00153892360783898,0.0133842785060259,0.00210072606072977,0.00145373169593175,0.00262389877117886,0.00696873314847191,0.00265638462838582,0.0138960447751944,0.000135305301888347,0.196061335391019,0.00553359412434624,0.051396785859041,0.0495793975679163,0.069919836164115,0.0483808562388237,0.0378022159963652,0.0112256188243168,0.00222496630836531,0.00420681242404256,0.00054527040085615,0.00305758858898732,0.277866127515784
