0.768933325978474,0.00732265121088453,0.00349687356682653,0.00791263024675855,0.0186245017773084,0.00467080141334533,0.0203237755557026,0.00280926367548347,0.00438547594210576,0.000517543729638683,0.00017957189258178,0.00821353430115118,4.51981769513571e-05,0.00446331239783153,0.000286746996601746,0.0361267068313967,0.0022374628917444,0.0129648664219297,0.00020921638331013,0.00492657999174471,0.0140661963017953,0.00237826984245246,0.0180533624184887,0.00445389383750715,0.0202175784749417,0.00349249540442812,0.00460946332609305,0.0189984078949921,0.000859235333420205,0.000977249689926281,0.000905874684665502,0.00233793340951816
0.0065128604199908,0.76830893967122,0.0128288019200468,0.00599002085019139,0.0131521220963334,0.00523498069320577,0.0778777388258227,0.0149275490221348,0.00713736999149105,0.00317789483120023,0.00352126196867062,0.000829318254732516,0.000428499752526437,0.00262739025778444,6.39384671961901e-05,0.00495981339939631,0.000777951404607672,0.000191519098170002,0.000230309311317894,0.00705279437849697,0.00560255392795987,0.00493492554227453,0.0263929009555994,0.00628638317308765,0.00693396032081066,0.000725505282756777,0.00443451649971362,0.000235033974036156,0.00160855832611501,0.00225319512249861,0.00347108519004091,0.00129030707057049
0.00102385518861262,0.0133463092052159,0.773358355287597,0.000103449748424641,0.0030688735975702,0.00287859921671013,0.0488191699988669,0.00192125033948699,0.0426100862772456,0.000281079960314927,0.00410513428722182,0.00955466242181852,0.000789844184557816,0.00212067352995447,0.000303743850586212,0.0610316271509465,0.000377226707736909,0.000258161456485583,0.00143267854834521,0.00474971061435566,0.00244238262938883,0.00422205192111105,0.00252131335020446,0.000137346686700072,0.00332098191696868,0.000176331304706478,0.00326648715162957,0.00267983555730261,0.00201642359616775,0.000436711622190674,0.00100988407851888,0.00563575861305702
0.000677058640115857,0.000977083946317498,0.000517195535286181,0.704244584595683,0.00450515703570603,0.0163168080517673,0.0599123269876394,0.0366997977216719,0.00157057436883306,0.00664588928747147,0.000541887952474195,0.0686123514179896,0.0021092669987464,0.00134433905543086,0.00150715827112908,0.0090402287066948,0.000504021954965985,3.36537471514386e-05,0.000410033987149075,0.0076504566052061,0.00124607714707923,3.56643088812429e-05,0.0107794635520999,0.0104524061029866,0.00238281657789641,0.00153008151832033,0.00725080852777983,0.00648109821716668,0.0320111884336208,0.000439103949507441,0.00187673152093028,0.00169468527630173
0.00845260209988578,0.00205010212101503,0.0111046372011394,0.00438119930091873,0.748437822816085,0.00929808293986462,0.0443340336187241,0.00553820259145646,0.000699465285683032,0.00233347751512928,0.0077169466082141,0.00247315087459433,0.00085677975868131,0.0127307744627588,0.00327658026289365,0.0423149949962012,0.00833952944276216,0.00735075364202214,0.00391589518029933,0.0177071046633366,0.00426102785383621,0.00143945199331055,0.00182517115188646,0.00173795702463279,0.00383678087915594,0.0116483056524764,0.00381234662018106,0.0175554973377145,0.00493792701645924,0.00360524674105282,0.00181104235363259,0.00021710999399658
0.00160930729852752,0.000736383988263322,0.00575326445187287,0.0169124656066555,0.0144646232729202,0.864752970780424,0.0079963234626163,0.0252458432270466,0.003369597224073,4.14053300152344e-05,0.00641801086808285,0.00205617023541247,0.00233342854993955,0.00395613159247357,0.00145758425836792,0.012275842010493,0.00173145873470947,0.00139007461733667,7.34613423458863e-05,0.00213122084834566,0.00108772272439562,2.76902215248825e-05,0.000763918281095665,0.00373351494371904,0.00357767943932973,0.00357362513331677,0.0023302569490195,0.00525494975397223,0.000144232483221412,0.000432832552640076,0.00409140609677748,0.00027660372106635
0.00253472084751943,0.0050628181403785,0.00151394857855911,0.0526041111987823,0.0235322754743662,0.00795518024773579,0.788815006750115,0.0246835292971119,0.0192244780509402,0.0130449231871544,0.0113475680064949,0.0111835919631005,0.00102246579856731,0.0050164886458561,0.000692089662218761,0.00242824976973577,0.0011763430504584,0.000850100758511122,0.000113592557686126,0.00143352930929233,0.000411165541495755,0.000112156352589169,0.00752449999606822,0.00542893468959323,0.00191781426303163,0.00172188311486801,0.000485630536274119,0.00181506971489739,0.00218188009720685,0.000146207523130005,0.00216106938911002,0.00185867748715145
0.000476136394809779,0.00211964469582603,0.0033635249946696,0.00753023803628022,0.00835790680009565,0.0866863233326154,0.0185563325986227,0.583922502736742,0.0338450403508772,0.00589726973692877,0.00113780651056428,0.0672547548227178,0.00206042555415824,0.00957348939039883,6.29238064698668e-05,0.0345513293810424,0.00417673149089066,0.00155711803641898,0.00266938417496622,0.00861867790090541,0.000332437079881556,0.00509546061361476,0.0380022183596308,0.00309293835618908,0.0126406942537304,0.00341866971961473,0.0106253825808998,0.00165904927994945,0.0330502918046134,0.000423870413488732,0.00766191464698147,0.00157951214540523
0.000665045286551731,0.00238454222215215,0.00119250961936388,0.0100700539371564,0.00735897573011543,0.0486341524748149,0.142654694738383,0.00294233968848396,0.627020666870329,0.00929798421972906,0.00935495197050981,0.02137930155975,0.00287688134561011,0.000656913115003134,0.00368981281480273,0.0519905661788139,0.000171810360205973,0.00113357757096445,0.000146649740862965,0.00992190204322618,0.00239534882136275,0.00425257878801853,0.00626728314531392,0.00820104330587173,0.000668292286916214,0.0039945417320262,6.67583152859286e-05,7.58676834574426e-05,0.00243354279001092,0.00354134320828628,0.00383161163059402,0.0107284568060275
0.000339965220574379,0.00385829574013645,0.00178608463714136,0.0141027086133298,0.0194181565300993,0.021419907150184,0.0217403363692839,0.0134151196825311,0.000955364975374897,0.80694539940109,0.0018180325701041,0.0351997297679843,0.00158754840867328,0.000598607306565761,0.0072575085179845,0.00804718062008299,0.00167073491214962,0.00169277461268781,0.00289864347827714,0.00169316568770739,0.000555765961186381,0.00244520484892203,0.00109168759684078,0.00538602293882369,0.00457866317833155,0.00184313221725268,0.00233390075320333,0.00173533792716271,0.00797298569410818,2.90538253830808e-05,0.00203940040920377,0.00354358044761999
0.0016485520904781,0.00187751823702872,0.00454809097564285,0.000643532286028689,0.0442874123293457,0.0332428429189695,0.00198100319807902,0.00566794315119625,0.00809353977278253,0.00691231716004252,0.783243290457906,0.00372836658681133,0.00270597776506266,0.000230831717990974,0.00548162005889628,0.00611833509738839,0.0124592227774089,0.000159888347896408,0.00290629852984054,0.00881391003612618,0.000517015880532094,0.00336795849948134,0.00330114802398215,0.0108298584230195,0.00143053431491079,0.0118442792873807,0.000951661621583913,0.0118959315814376,0.0111714446376396,0.00104636889948939,0.00324069759141503,0.005652607744206
0.000102208916884292,0.00692245547354502,0.000261829114852789,0.0658858692929451,0.00965168650367464,0.0321407625724614,0.0125549442108499,0.0364572754837379,0.000975028614944885,0.0445690858467423,0.0120112856098345,0.669273791598193,0.0038330428741222,0.00507790792591599,0.00829493125296928,0.00238090657310278,0.00696876210153564,0.00179657588643757,0.000636024130317743,0.00783007294328493,0.000119995044215583,0.0162684575556563,0.0278392392083946,0.00707325914075517,0.00323272415291446,0.00497310353387309,0.00086547878414565,5.79251093212455e-05,0.00215164714664391,0.00559287270350206,0.0035438755709329,0.000656975123293251
0.00134533398964717,0.00186023196321159,0.00300845414433604,0.00596182494521584,0.0279757110037068,0.000594648685527211,0.0231116625079337,0.00376711261727385,0.00590371975611029,0.01150694058438,0.00884169924985917,0.0187667852350596,0.834647942990064,0.00175224114022553,0.0191694777260724,0.00414369202900619,0.000950347652922186,0.0004613369438714,0.000152028047765602,0.0015750587272593,0.000547559885523227,0.00193668500410183,0.00262112584303459,0.00038507528353383,0.000705719650656656,0.00170622910974736,0.00245640690930669,0.0121510154856027,0.000530264205948733,0.000357250457095745,0.000383460321999164,0.000722957904002134
0.00740392349440359,0.00219283933640647,0.00441105259669496,0.00411620723912949,0.00183169042064985,0.00561751012728874,0.00892052968124385,0.00302872045351997,0.00432135043144987,0.00686218176149044,0.00334374374754619,0.00838231527312587,0.0018819439078199,0.83561955233015,0.0142202974537453,0.0175350190897135,0.000413477673318386,0.000683391557636209,4.20514517782757e-06,0.00141429577006279,0.00168735173030228,0.00114395088900458,0.00298622417327116,0.00771546787583138,0.00129990892486454,0.00326754711694779,0.00178651413962911,0.00548465947552068,0.0203324721266541,0.00244156281971272,0.0191099065832078,0.00054018665448065
0.000304230597158814,0.000418863618919451,0.0115366561486047,0.000274343170990109,0.00972257103856395,0.00299749187207234,0.0151381850850592,0.00341653115151366,0.00153211034922005,0.0137630534781119,0.0270265534611527,0.146140586045734,0.0152529628531151,0.00015696786646265,0.648156626725108,0.00898490550107324,0.00498171525577275,0.0022799899305778,0.00421478308324788,2.45376003857416e-05,0.00925857209623815,0.00287296877283676,0.00531861477261852,0.00299233674686858,0.000523558530421896,0.0122601496653618,0.00426540191852581,0.0146352356061613,0.01308880883932,0.0117841516194233,0.0057959518164132,0.000880584782967209
8.54751428840637e-05,0.00112274311875727,0.000839850768945684,0.000551029432317113,0.0152958138509429,0.00978693026753745,0.0720968054678068,4.60849702101357e-05,0.04427481925682,0.000451599704912511,0.00290098443488138,0.00937383896931044,0.000210711200301249,2.29444735260067e-05,0.00160617465610491,0.807741136732418,5.27655416142664e-05,0.000732046581089813,0.000136806610430656,0.00351424780785078,0.00342673613207432,0.000454710614637407,0.00166262793402917,0.00274531092198462,0.0144332662407071,0.00202970299878988,3.11864648676377e-05,0.00157928109602605,0.000917422354393893,0.000512728641532364,0.000123848971373371,0.00124036864092255
0.0163848277222649,0.00625041730564178,0.00199595804431307,0.00135420082149655,0.00923709047397622,0.00268073604280434,0.0119095349615125,0.00166887320392729,0.00577560299170137,0.00171181664913677,0.0126059894073705,0.00390148669760389,0.000515759873929887,0.000419275930233989,0.0083034821940975,0.00902213956988562,0.828926990033281,0.00778184513699346,0.000662373386712696,0.000942022607213572,0.00925938605550354,0.00466921324309888,0.0244167540778234,0.00101064872312076,0.0107155244994959,0.00131676968248263,0.00170956839988591,0.00318356848480181,0.00240518879449939,0.00335627003056903,0.00291557487245281,0.0029911100821688
0.0118757362063155,0.00168386950437155,0.000744381006723401,0.0112355745791364,0.024739212384999,3.26596868682652e-06,0.000283628107371407,0.00453630142265838,0.000685401172710058,0.0139499187601293,0.0164641457700866,0.0162238504055389,0.00250425656009637,0.000979681085802804,0.00611645413358331,0.0178119578226306,0.00595872373271939,0.75052143019777,0.00170746491387133,0.0100372296321288,0.0164872440002645,0.000620322476128546,0.00411898211592869,0.0102278501437867,0.00056433945163379,0.0134880255470812,0.0266948887203484,0.0115491126307477,0.0059937871498504,0.00367989096365547,0.00486442627359743,0.00364864715964679
0.00130057099711343,0.000196996638414889,0.00653887507523281,0.00866924509626341,0.00318431850305607,0.038145118986553,0.0438715280169223,0.0028549491373372,0.00613841675850806,0.00125354985505663,0.00463459364446257,0.0308270194632655,0.000487071221641981,0.00112019890239073,0.000162750502042898,0.0131614726744991,0.00112332744384031,0.00114496572106014,0.708958410641169,0.00425713591861857,0.024704859073307,0.0138617398685528,0.00681979769958609,0.0334617113102195,0.00652091861697035,0.00796397485613362,0.0158017922339691,0.0044833461997521,0.00344278455367891,0.00123960184967421,0.00304392928661256,0.000625029254095427
0.004282295539711,0.000651695036375065,0.000321439695662296,0.000508616532341371,0.00227937576770285,0.00878094409143647,0.0121049202631604,0.000329446230552402,0.0048174922094399,0.000333085226637562,0.0162799590434567,0.0291470747545892,0.000365082090570318,0.000159586242296684,0.000578640503268633,0.00586563980497464,0.000345181893165677,0.000160152328716779,0.00282662254718575,0.707850414270185,0.000404954111358143,0.0156477725685217,0.0428866480505297,0.000403028847498771,0.00313110321915243,0.068468913143857,0.0566291288524185,0.00326221741298563,0.00697304894510233,0.000959936245584551,0.00269628566935198,0.000549298862210768
0.000591072155884382,0.00127638378802031,5.82406564284032e-05,0.00603908138061749,0.0154896801222062,0.018981430838027,0.0102508897292832,0.00302272901275833,0.00471677826686138,0.00082879313662455,0.00175321688969782,0.00461586847220887,6.13369930715883e-05,0.000148024171742181,0.00123840739194405,0.00536492062307938,0.00258417998460767,0.00119224626591267,0.00126773028324749,0.0180345623626468,0.728835002878264,0.00514655932888309,0.056912599475874,0.0407455385797563,0.0175803160889201,0.0208161189225984,0.0181452101375043,0.00377708269338689,0.0013575033471016,0.00041766749500814,0.00167080232029323,0.00708002620754055
0.0089555858740348,0.000172650462856885,0.000357803597353286,0.003768843548269,0.00522718438635006,0.0197029789680039,0.0296558213213058,0.00103026975115073,0.122056774774564,0.000527779873804268,0.00309231566933228,0.00931549533246135,0.00358586221561467,5.41797186498496e-05,0.000424550206716739,0.131726658783231,0.0161211028815737,0.00172186546282062,0.0193993545971532,0.0204375750845779,0.00145216565142127,0.536904790998936,0.0158953261162875,0.00710305904300644,0.0133178734628451,0.0102528728774305,0.0134132983312335,0.000262607654971638,0.00188516525308388,8.73319377770531e-05,0.00165055097027043,0.00044030519291378
0.00593424687197236,0.015652282550065,0.00223473473670189,0.00384469226089573,0.00384141685963524,0.0273198766960651,0.042750660318987,0.00138562119660564,0.00161478278120016,0.00479571022061907,0.000501546014039358,0.00856997414858876,0.000146478825114047,0.000380097287208198,0.0019874847562342,0.0104999356324778,0.034507296337643,0.00108571085299788,0.00716778814739087,0.0017148258967707,0.000106264859943149,0.0260045814443945,0.760751998627161,0.00551572384409643,0.0124913178275787,0.00612372247005696,0.00670918631141281,0.000266183344720235,0.00014394941031741,0.000475947609551051,0.00399037067465208,0.00148559118490349
0.00137911248945161,0.00226934830838427,6.5004912252494e-05,0.00179410230183523,0.0148617102469031,0.00168550068342709,0.0108116833377908,0.00327428215777804,0.00551446622931331,0.00414818385205848,6.8671403239642e-05,0.00443221115328498,0.00171688148118762,0.000300463586626985,0.00035496686172172,0.0126101933127705,0.00210982246694822,1.76822135041054e-05,0.0053759470395755,0.0512970500501615,0.00553839098487465,0.0233826152191452,0.0585488746841187,0.573645150005723,0.0114569516238311,0.143120021239225,0.0548998555743576,0.000551078488974251,0.00073125743456437,0.00217110858284659,0.00141687595181757,0.000450536122305709
0.00582306913711568,0.0316472120175403,4.87643023671475e-05,0.0452395084173864,0.00920090656057163,1.59973591031311e-05,0.069938440921113,0.00718297639709247,0.049031580781233,0.0185239341376192,0.00275216231172653,0.00294787462469777,0.00475145746522109,0.00123912424121229,2.82837907619062e-05,0.00389730267526262,0.00981359670104314,0.00450558275670004,0.00106784692044714,0.00451788303852645,0.00481127737349535,0.00179851873880438,0.0134072002759613,0.019210764029835,0.647424914335714,0.000619872497747915,0.00670224521359583,0.00725733991268984,0.000993225058265036,0.00338826839671412,0.00271554171348289,0.0194973278969535
0.00111750968734391,0.00148752822892735,0.00746086992992179,0.00161930940023396,0.0435991704229174,0.00378808104012294,0.0119331658858558,0.00292537061282958,0.00168240273745309,0.00307330242085975,0.0210025942944203,0.0435551130831831,0.000683696867482855,0.00260781428550515,0.00303951662929534,0.0150940807405384,0.00253608605790038,5.6060802554685e-05,0.00217137866276038,0.122363568077653,0.00625871759695497,0.0222974224272693,0.0671976310774703,0.0562612477210633,0.0407489616026864,0.368415422956974,0.116299594673141,0.00485439396282529,0.0123657901345118,0.0052307170142884,0.00760058241777516,0.000672898547281653
0.00040054600677477,0.00215122720546829,0.00213697935060101,0.00212616923042711,0.0197400301692435,0.000672918812500541,0.00348103138048259,0.0023691262234008,0.00120950576657302,0.000368976895229424,0.00772652884964395,0.0209345834123815,3.57381058955535e-05,0.000277867562429383,0.00186441805224059,0.00568505068997448,0.00114971176812909,6.81132286600656e-05,0.00133439937583921,0.0921820202657482,0.000478660517995023,0.00501231602542517,0.0150876371741933,0.0258448516151528,0.0148787149551689,0.0576835389056894,0.708639679846267,0.000122982750089538,0.00337740622714173,0.00123402290106226,0.00171164239304588,1.36043371256728e-05
0.00864378629283264,0.00800106218365131,0.00103752691057756,0.0251823786895295,0.00012134829805711,0.0227904606033663,0.0254117971710919,0.0205927691095278,0.00284133536034099,0.0206753881454108,0.000852133374733836,0.0492694170432614,0.00310360071500051,0.0071037736729336,0.00740515529467947,0.00764087122248486,0.000684792321437893,1.02152862239672e-05,0.00423912368685783,0.000389769774155589,0.000998143468921505,0.00248169914812914,0.00591077376205932,0.000257578063843596,0.00787401667627696,0.00701147574187043,0.00422723876051816,0.733954784423578,0.0119065926696429,0.00617100733797835,0.00180841968638143,0.00140156510464506
0.00166950684161814,0.00757464691490747,0.000604254227423222,0.0404186484721025,0.00451960852058329,0.0256057533529415,0.0219487966835425,0.0128509865908981,0.00611083534975582,0.00545251459536132,0.00523251916517638,0.00554523449088511,0.00240581138483228,0.00232491572331363,0.00351993294436587,0.00566754476217332,0.00843729090278888,0.00300001717952411,0.00133793712361095,0.00394882348499453,8.22045784152847e-05,0.0215911072766698,0.00923107497365097,0.011406637838058,0.00432205861217352,0.0267284376334967,0.0214358996815139,0.016311425549967,0.711310497084412,0.00504013851072179,0.00292072715623963,0.00144421239388242
0.000509001910430145,2.09709983141634e-05,0.000302054217926033,0.000689193153026824,0.00453041634465103,0.0216650766265847,0.0326188360660971,0.000779032274294851,0.032011086759031,0.00417044512110777,0.0315761206710383,0.0487718474325864,0.00670885187736979,0.00234196914682859,0.00184385117070683,0.014218813110723,0.0026066950870097,3.62395242636558e-05,0.00443141981266125,0.0331026281355727,0.00517137100827502,0.00100457210650217,0.0036289470247979,0.00505005264402499,0.00218752297338066,0.00846162653003,0.00531605712714591,0.00705500516107477,0.0101802889224119,0.704996612467235,0.00376648431524906,0.000246910279649017
0.000487107326917093,0.0105044147104963,0.000892430523577143,0.0304113257942753,0.00810068838862391,0.0522899709520975,0.0498813006958812,0.0119109465253236,0.00285903116922392,0.000661488288602044,0.00987637614971815,0.0114906974636438,0.00335829387119562,0.000360656598297599,0.00603363555137659,0.0112742469670989,0.00291080719354256,0.000804840514321336,0.000387352254123155,0.0217765566714089,0.00428139573678512,0.0193640719367995,0.0243084090952928,0.0120273925626927,0.0142290811495346,0.00330152078456251,0.00688139664214548,0.0165576548484863,0.00880678822768136,0.00185558190617903,0.651650595267311,0.000463944232785229
0.0132558750666885,0.0195640444914542,0.00975382452398447,0.046675472081161,0.00395061025344099,0.00115200586005713,0.0107273059558141,0.00590209746004408,0.00239249038084185,0.0385315027602633,0.00778257070059521,0.00986372167082489,0.0107986813078524,0.000637242131387979,0.000604055957611793,0.00488167031837003,0.00669826115889747,0.00109133723668896,0.00038040694011047,0.0436328291208506,0.00367131583673419,0.0151843911809223,0.030202634710767,0.00661092672143991,0.0154612999967921,0.00093728343292988,0.0175103512712705,0.0136865538271636,0.00385483798606246,0.000560543437504188,0.00505832912967531,0.648985527091799
