0.683292169045474,0.0139187810151803,0.00138304690957845,0.0126605472172258,0.0219147648637066,0.0545279996999499,0.00581149188161375,0.0101831277661904,0.0314769483870878,0.000415558201544963,0.000103178366223307,0.0284889864614459,0.0102399455963937,0.000455474765614602,0.00716143007109537,0.0206712649729187,0.0320754109249435,0.0129771185677636,0.00090851886579097,0.00354309424940719,0.00226774518486117,0.00210819845654344,0.00702655063029094,0.0017136998142741,0.00279248191610709,0.00321237282385425,0.00213202154652285,0.0012450152719285,0.0114737350281394,0.00932836403240052,0.000247680056209617,0.00424327740971972
0.00435793628374003,0.476649871245375,0.00134103605894837,0.00505158419300396,0.017343580796204,0.0832290410770525,0.144178401149938,0.0115340587997865,0.0404980499058265,0.00151337168752982,0.000254079613315565,0.00154526610125973,0.00173565361091481,0.000201649988778579,0.00381632670627603,0.0800143570001984,0.0170000321460654,0.000314824947754686,0.000309728593275259,0.00554572788525563,0.0315423080581688,0.00273212895316064,0.00457361609300741,0.00618106423348968,0.033540316273219,0.000149641749294312,0.00484408799401131,0.000154297079426251,0.00545693189238,0.00391499463548629,0.00250939778402574,0.00796663746383227
0.024589120016626,0.00824893446637213,0.696661999622121,0.00925878224416076,0.0205003676577476,0.00985025633573487,0.0826658436307948,0.0104375740256636,0.0154301403563997,0.00479269514014509,0.000424325622373014,0.0230425812138123,0.002099502279179,0.0037178606567669,0.00933046665488524,0.0116931717714537,0.00471074640153858,0.00182923831060458,0.000810577219157787,0.0055958323712892,0.00656890298862578,0.00654173918059558,0.00851823567220662,0.00624094256107974,0.000274768860647233,0.00017288400117753,0.000868429383704111,0.000555009947090857,0.00455812404360621,0.010108627178274,0.00416622279583005,0.00573609739033623
0.00180178772299405,0.00419997436518279,0.00469160378088437,0.596978918425649,0.0875048131278326,0.0114088631279873,0.0483519457182433,0.0127793095861449,0.000368026374363577,0.00960281933606319,0.00319722301841951,0.0320628678593267,0.00230869836843889,0.00544741623638031,0.00349261492018558,0.0478507348375697,0.00284981030394508,0.00306267922257301,0.00399727903668001,0.000278251765708925,0.014229141534591,0.000276503959037578,0.0139283586050515,0.0106846542392625,0.0312150801012918,0.0009235836915538,0.0185952365426754,0.00165764740121477,0.0174796859194521,0.000331936145120178,0.00260169965041019,0.00584083507576657
0.0236240047112285,0.0231116515562143,0.0140176914379321,0.00773498303230455,0.731130986447439,0.00119227088147553,0.043886888675652,0.0113000507325281,0.00993303424645446,0.00388342754351593,0.00493318285575247,0.00341499111573687,0.00200979202987179,0.000770358124297453,0.00868355255584277,0.00819435579680513,0.00876847743452472,0.000848806233626946,0.00214245286107512,0.00132082865825272,0.0138581801798435,0.0034932307783626,0.0283380019985161,0.0102372162379941,0.0056391709259151,0.000262063918922677,0.00607384151376691,0.00223189495515768,0.00986908708705135,0.00086221118018147,0.00365623000924449,0.00457708428451352
0.059725697062408,0.0107673256303654,0.0214139827000315,0.00531446271554965,0.00998745644013338,0.594314053675659,0.0709648356942135,0.0068686860931945,0.0361538232231835,0.0123714355542422,0.0112355067650803,3.6938160564155e-05,0.0100744562544361,0.0087309636802252,0.0230585660036522,0.0282169452857717,0.0100940112086563,0.00393249819684656,0.00141537423893749,0.000846474172952937,0.00242340373529397,0.00928074486292572,0.0181578698432589,0.0012531966026942,0.0060356454033294,0.0029607911694794,0.0011900136576255,0.0016738687872753,0.0114406882401655,0.00538892002000128,0.00367046397606436,0.0110009009457831
0.0593696506316098,0.0318726995197775,0.018222313707665,0.0408402722259756,0.00683321188651839,0.0211497392325353,0.621226574154969,0.00439329730910788,0.0159325944362524,0.00264704131440684,0.0108611266205727,0.014771721245137,0.00703384541075754,0.00773259969181556,0.0194237831564461,0.0355826580676746,0.00438776856402249,0.00264206903936706,0.00261940216761493,0.0026374452507634,0.00916272435872858,0.00663392941343013,0.0234557217470641,0.000379137525769396,0.00648747115149797,0.000806834417984168,0.000263841896971105,0.00114428898134575,0.00449462748791075,0.00208718117002675,0.0100568089330816,0.00484761928320115
0.00277040510811176,0.00702208806962227,0.00411044070515605,0.126951299044701,0.119607058780229,0.0169668521191171,0.0912145806958708,0.334059817580955,0.000356737543746272,0.0305516558095346,0.00764487113656812,0.0116925204732378,0.0029836466855114,0.00475197018104374,0.00527411841474436,0.0955036888055745,0.00787284070028449,0.0065753791919777,0.000381105368806912,0.00141392956589397,0.00786550086078526,0.00284115804702361,0.0112326334924893,0.00978769708459801,0.0581246267325742,0.00386490453203932,0.0135991144634905,0.00264122083798923,0.00419059151628464,0.00121386259529392,0.000843997779796114,0.00608968607694922
0.00266026106607065,0.00341073940641789,0.00442321059466712,0.0249744176558695,0.0332369267388078,0.0795802599503573,0.197034129362805,0.00429500046119254,0.441036411062606,0.00294423669823295,0.00372579071736111,0.0114170592856595,0.00300103153821541,0.00494236293359899,0.00823467837201901,0.128761379593577,0.00326247769528434,0.00553927844143693,0.000837666362594218,0.0036960981096847,0.00312218256358692,0.0072013260344006,0.000303699685355455,0.00639693880445463,0.000817540004385155,0.000200772092421033,0.00236903684222849,4.35118841373879e-05,0.00169566213266188,0.000180428256622598,0.00659560974745213,0.00405987590583692
0.00170897885233189,0.00135513713959343,0.00684179032145781,0.072255237159236,0.00615398315034404,0.0195874213358348,0.0183457603953992,0.00420801431133756,0.0126032425363332,0.625130347315232,0.00138811497327804,0.0483576915447867,0.00144218669372418,0.00368250737962729,0.00201620191239528,0.0131266104705041,0.000236065114642928,0.00290170777888776,0.00462145730971966,0.0046994004355325,0.00981639343589111,0.00493904590407974,0.00556551324192406,0.0175752995670298,0.023153988499158,0.00183854656905441,0.0207508181740472,0.00768666358359062,0.0501109017954125,0.000108814729045762,0.00220968635566655,0.00558247201490186
0.00120431900921652,0.000945525044816762,0.00198218792589588,0.00243817411409138,0.0490871099300886,0.0739564147356814,0.0116127955735658,0.0251873890612511,0.013164668521064,0.012875949010391,0.585680776806647,0.00380763248338302,0.000261326744418835,0.00664315805077395,0.00662764183007441,0.00495211295491184,0.00239601579714443,0.00135076476483124,0.00078148180568562,0.0143470612245365,0.0120317295166527,0.0078926379942098,0.00178200269276493,0.0305265655228059,0.0106571250950067,0.00193363431437841,0.00596251743529403,0.005444984433402,0.0700666912037401,0.00112088583201528,0.0310788052807273,0.00219991529053369
0.000440313616592391,4.16112462247993e-05,0.0027794745781238,0.00665048490885494,0.0426469749434387,0.0129839899127099,0.0230562743684211,0.00596335539300801,0.0152466439639037,0.00863854108012541,0.00308934026663619,0.672970423110211,0.00352167924473821,0.00571023823304946,0.00844810071706991,0.0366394075826557,0.000514838173884954,0.00098279164715758,0.00119976025248076,0.0121759929137972,0.00672805085533985,0.00581191365511247,0.0272011720666926,0.00254068259685917,7.13968932466441e-05,0.0274514611485937,0.0145676530412645,0.00418176367336437,0.0236964709263996,0.001378259934522,0.020468840299692,0.00220209875582937
0.00997405294990831,0.0035884145290477,0.0100869009419028,0.0369123532625725,0.220778702859354,0.00262989580154938,0.158533573949908,0.00612326656131469,0.00237739975267165,0.00298818043165039,0.0116302066157863,0.00638185596980991,0.276760673121564,0.00160926648525835,0.0250025301891343,0.0471451739001794,0.00058793691899089,0.00233450471133323,2.43718579561312e-06,0.00265524036123043,0.0171057767827042,0.00459607301764309,0.00738928549529814,0.00346037889201786,0.0472262737049621,0.00686780400618522,0.00772750720033933,0.0570523837132383,0.0103651946937288,0.00158834366697959,0.00588459715394409,0.00263381517399807
0.000629473124701114,0.00110411101557873,0.0160648493432383,0.0185830012762612,0.0158377172675694,0.0566154548715375,0.029527685426645,0.0031231482092579,0.0089919338163558,0.00905114568852401,0.00730115986836054,0.0172043413078425,0.00459028162039274,0.694512660817371,0.020660801418248,0.0186873015643711,0.000435993928777836,0.000486678703139289,4.75618094049393e-05,0.00489233277655987,0.0123454850878611,0.00783302576120786,0.00260750536623369,0.0394723330951164,0.000933476344301279,0.000279427720210026,0.000863040228749739,0.000470192765643984,0.00557577919809526,0.000610779696994267,0.000612678277622121,4.86426038277941e-05
0.00937716285765772,0.00315315196387905,0.00363500643518336,0.0014454506489889,0.100445720665627,0.00201038181661408,0.0838715319036719,0.00414174956601263,0.0088024666921395,0.00466805913701565,0.00948228326438426,0.0291934726873366,0.0320138750999591,0.000459229355632435,0.564709881052015,0.0551826344320822,0.000912939771018525,0.000889022024316525,0.00490925910639327,0.00482818188610128,0.00532230304036481,0.00765178010286689,0.0128815796919741,0.0043219103562423,0.0174520956448094,0.00255267756985772,0.000622691885654449,0.0153298890886234,0.00826858128486418,0.000116969859592592,0.000828982884741163,0.000519078224379934
0.0169880888893926,0.0192200207226951,0.00375724581005584,0.0160706616459676,0.0943475669114022,0.0658087181359313,0.330781774765252,0.000902175587264438,0.120792510397532,0.0029596824587495,0.00263643534982415,0.0140724315815382,0.00162894687042179,0.00577726881882812,0.00735609794526209,0.244515699723988,0.00232856154611341,0.00312759675866184,0.000969551957754108,0.00246466059924973,0.00810997768656241,0.004254567454413,0.00138580716266946,0.0069425234090828,0.00794009332593516,0.0010754362279615,0.00466406460694951,0.000403127284108299,0.000750724299519755,0.000167354600706574,0.00633956125851182,0.00146106620769604
0.0227911972394566,0.000865357887228112,0.00352267989127516,0.00376345447208819,0.0238982465971606,0.0128490341396955,0.0138183985605417,0.000276536163931092,0.00953275197667738,0.00961388580811176,0.00551128821199841,0.0195810094202277,0.00856132715875255,0.00283249792222449,0.00715555121046514,0.0183545262556002,0.705553088018631,0.0162406243923411,0.00290826077109965,0.00584860085059782,0.00483341886556463,0.0154446782054488,0.0133482256294918,0.0111901894200434,0.0145244681220402,0.0111352426628845,0.000825782238232848,0.00126397443512953,0.0131519648831677,0.0024200258434323,0.00161982551991339,0.0167638872265466
0.000729032554951328,0.00132275199881559,0.00105567068410571,0.00535605636903786,0.00175791954982147,0.00291940519386873,0.0498269400563832,0.000361182700431571,0.000472683773447793,0.00108146274601079,0.00633787413159365,0.00560923351354553,0.00228850785953312,0.00514205004893591,0.0117107119378022,0.00531288400028564,0.00413518819123171,0.826023346632018,0.00222701406466484,0.00830144633706987,0.0115416109892588,0.000938363472278603,0.000973536328772104,0.0123240616643402,0.00473772399323188,0.0107425965805308,0.00352158246859456,0.00392140302070846,8.45380292724582e-05,0.000527075440610507,0.00413911622569406,0.00457702944315267
0.00313360425252566,0.00424390467703264,0.0015923700135792,0.00505298705390864,0.000881120464411118,0.0056109285901071,0.00443025833569941,0.000493336548191634,0.0179663164657258,0.000777216065327903,0.00179916840786032,0.0179788266858941,0.00350650721705398,0.000733871377792236,0.00259936703456757,0.00888313315245675,0.00171903347864998,0.00310180680376984,0.771407053378998,0.0104706577448742,0.0190636073101341,0.000911469730930609,0.00331861807616509,0.0559348866525702,0.0033543926775951,0.00347439214158805,0.011863714426457,0.000791252914877454,0.00570295306379823,0.0155530356396764,0.00838028952615238,0.00526992009162935
0.00103094529199041,0.00101329750928343,0.000271454275423056,0.0114117384486988,0.0123877255522967,0.0013494029626275,0.0114649873804043,0.0123896045249003,0.0173616978761855,0.00760394341684869,0.0173876896160111,0.0842859895612516,0.00209256849846911,0.00114799215607636,0.00081231139001301,0.00417507575231708,6.9289511231755e-05,0.00187786379519628,0.00823274734642991,0.683618483197724,0.00359277297526627,0.00870296675130247,0.016105630383221,0.00330570618478672,0.000964764705572904,0.00836638204974717,0.0181944282384319,0.00151972769107012,0.0566502382817804,0.00102640049316197,0.00150509706716674,8.1077115113059e-05
0.0034044147560999,0.00561021390974992,0.00188635081203404,0.010214994437036,0.00121696736342067,0.0063025678563815,0.0246290438624529,0.0129889432602178,0.00353513862029146,0.00568254047720328,0.000445920386799426,0.00811549137484348,0.000456430561339775,0.00126238055063858,0.00291190487508523,0.0248045156939012,0.000672536312439973,0.00118708526756702,0.00570608390949878,0.0164039201221353,0.761986917337834,0.00310884814219941,0.0143427828712113,0.00486786336754014,0.0114918334331629,0.00649305262123945,0.0125235257106577,0.0015483816004407,0.0117498983651743,0.00683512209491565,0.00297241949931215,0.0246419105471759
0.0155961368885276,0.000698216398327468,0.00127671121128911,0.000196980903071804,0.00154112243018234,0.000740017542263553,0.0117343168167475,0.00540663634483256,0.118250301829999,0.00181203082152814,0.0139711853399144,0.0123017284866721,0.00372811478945138,0.00539469987389599,0.00293123886241253,0.0884446261993484,0.0160922239744408,0.00360694584931042,0.032262652084029,0.00555661662958647,0.00455430758387133,0.544219346706342,0.0133060546098533,0.0166701207224144,0.0386017287251736,0.0226149230551982,0.00123793223357688,0.0020543595747227,0.00834799237461523,0.00107695327387774,0.00062080576751394,0.00515297209701003
0.0195541060850435,0.0142941113924896,1.42868877651117e-05,0.00151439931023046,0.0105347561791081,0.0108148002938125,0.0659795749443689,0.000340078991405344,0.0266532708004885,0.00090940215135208,0.00167633951902052,0.00332335052871386,0.0048854738255012,0.006180369023599,0.00138381908081389,0.0805842869784438,0.0111460929976977,0.000531376388936281,0.0092635688062648,0.00380616755707178,0.00335295820878542,0.035732744177506,0.621590799046481,0.00388767906171511,0.0213769398599003,0.0209296776091917,0.00432367479561102,0.00105582360194829,0.0029765179854991,0.0028637194600316,0.00471420983746041,0.00380562461374329
0.00252518710406783,2.44214256842282e-05,0.00105685367927867,0.00999725511767496,0.00813233962323623,0.00326146916077981,0.0240241502686483,0.0144524703321653,0.00203836495221712,0.0120918633959754,0.00397642507150975,0.0220508636245198,0.000779177085021554,0.000411465319777062,0.00398339519392151,0.0144658393898407,0.000575500716487249,0.00145801516569061,0.021283917049374,0.0525481016701459,0.0551516299813625,0.00337689204028026,0.0140650123720128,0.638040678133482,0.00385346680500786,0.0105982055310208,0.00475582536961726,0.0124700934423226,0.0344114000044106,0.00639936264603198,0.0106851293053022,0.00705522902313347
0.0480020856690381,0.0757260147032918,0.000811687049362158,0.006196227753232,0.0203067716198269,0.00476785372545274,0.117467894603322,0.00165185556628552,0.0450267774038672,0.000178289890139608,0.00479797856158612,0.000759510895506488,0.00392463719878559,0.00433904616758082,0.00461513996614673,0.0281019363713092,0.0069723316266864,0.0219215433957931,0.00123592313213844,0.0128050151271076,0.00913866236964079,0.00369605359724025,0.0236082141627776,0.00435859331453463,0.497740200170665,0.0141017580596019,0.00257532400693488,0.00417007110308458,0.00354491418536937,0.000569988267338958,0.00086402585129134,0.0260236744850622
0.00159656532943102,2.89174129901952e-05,0.000954735953722526,0.0094318959653464,0.0258870126817574,0.00732150412634656,0.0279866102122616,0.0230532402047503,0.00140613489807475,0.00530200866103278,0.0136866387996008,0.0259949180213056,0.000257188661783136,0.000361714388191986,0.00193872177050528,0.0332448204210179,0.000345824421613244,0.000465545326043553,0.00591581217472411,0.0369064860614967,0.0489011455116001,0.000360123348732358,0.0130626954161134,0.00808253551297704,0.00467271969147697,0.647355728595821,0.00179141765606122,0.0131009104565501,0.0239729709075271,0.000343444562725328,0.0145658927056509,0.00170412014276866
0.000630203286459659,0.000160610121906656,0.00137779257087246,0.00319541825173344,0.00244166792348324,0.00746515505837496,0.0120359182812801,0.0158265456534867,7.82929654949289e-05,0.00664790727060238,0.00962339577628049,0.0322338369015003,0.00247232534472696,0.00339549059684744,0.00058872526214634,0.0396823972423376,0.00128565972183034,0.000537451567714061,0.00424674327895703,0.0182507794741236,0.0497895804052569,0.00211642324439111,0.0294634321301626,0.0226786957790768,0.0168526920435631,0.0145265961913891,0.60238936669253,0.000418830747327175,0.0734045432496206,0.00143026085164729,0.00788999306142317,0.0168632690534536
0.00370439702220575,0.00265505880504359,0.000324959207585479,0.0107315966277267,0.000232338041922735,0.018629100825831,0.0752360733544859,0.012054522767384,0.0156131938768551,0.00343972646612188,0.0116527040924325,0.0054792956589116,0.00441542255801795,0.00280119434397953,0.0158081497144117,0.01472922806132,0.000308759399706661,0.00116937646361085,0.00220756767378237,0.0293734441206,0.0034668982650296,0.00815127175035266,0.0313999416747841,0.00271720726703753,0.00602593462360051,0.0524474567460793,0.014457206489746,0.620071178039779,0.0109219581049656,0.00156916188302305,0.0161070780725197,0.00209859800114759
0.000810775929602347,0.000504408630853799,0.00119501160549558,0.00541239386172943,0.00188626017932817,0.0279101595151095,0.0296057005995333,0.0004211472267349,0.00581895490681038,0.0121709534375723,0.00203750479523045,0.00707739857574658,0.00302983019939647,0.00112059558142683,0.00641611149800129,0.00338376418221227,0.000229730016959309,0.000912733579782148,0.000506699632276926,0.0136881523772929,0.0248842907659322,0.0077971373966201,0.0158329397008608,0.0281305213366756,0.0149169104118032,0.00662530304229941,0.0168220750732672,0.0365763391890563,0.693034180286374,0.0026603314837115,0.0192997633797761,0.00928192160252888
0.0112247980103569,6.17091862836959e-05,0.00905997393467921,0.000416961527860147,0.00374927139758811,0.00134694986622775,0.00129558389439086,0.00306069027098361,0.00803806713871979,0.000218720128306314,0.000358626170659715,0.00613307632032209,0.00216899345394219,0.000211016355792708,0.000697363185651539,0.00549326944173366,0.00232107002389333,0.000220241922282038,0.0324690693505657,0.0349545089304437,0.00278337754610889,0.0198309636636405,0.0415702367838178,0.0110864908761171,0.00334339918288946,0.0115254399900596,0.0116307323009812,0.0195566089324455,0.00278271008996265,0.743568397365362,0.00876645711561719,5.5225642315365e-05
0.00138060915228894,3.02579254031896e-05,0.00116931779689401,0.00471855619486468,0.0132598546492826,0.0293213135520184,0.0529324678903031,0.000972993876983494,0.00640768767978611,0.000153166281995938,0.00420044327893831,0.00212463676506632,0.000301623268073069,0.000791572434064195,0.00134056545925705,0.0297216138743951,0.00101827395274789,5.50755588606388e-05,0.00445804379607775,0.0148628262961548,0.00590647427873089,0.000224334048916225,0.00263476984380492,0.0721194630290564,0.00488594315917749,0.00769553080545858,0.0280235739371473,0.0736260505412274,0.00735141653568962,0.00255774664546959,0.624200136822167,0.00155366066969937
0.0311143763131826,0.0405197511971593,0.00410147107587602,0.0105687147252325,0.00442459095543172,0.0149298339359376,0.0700619319792851,0.00369667717138194,0.055318911539321,0.0116912174249502,0.000895812459767476,0.00335103461535065,0.000605679245124749,0.000587728320786712,0.000961596194505925,0.00334459725159498,0.0129503769473778,0.0251824677787563,0.000744320200270305,0.00252569399984163,0.00464774454004834,0.00496440559789499,0.0151040288319763,0.0139588727124505,0.0163388085699705,0.0044298535273812,0.00640973749224185,0.00227490504918936,0.00516665774088954,0.000360547167404087,0.000118489519254842,0.628649165920164
