0.357183730244997,0.0107508493053873,0.00287687970651388,0.0373060138868733,0.00488235608259295,0.00252953186238212,0.00838099348537983,0.11245616664984,0.0144033366068118,0.0435331403802364,0.106515307112222,0.0690811957371214,0.0183442883959109,0.000254515306839541,0.00191875703855913,0.000630584299978361,0.0068315948690824,0.00483827928658388,0.000343131220258322,0.00364055096809789,0.00279449770086322,0.0234147984777536,0.00692783069362637,0.0123035096689055,0.0239066278638279,0.0111925755406911,0.0148901948545399,0.0560328389449941,0.0022740575387596,0.00121671445960729,0.0024658890532565,0.0358792627575071
0.00886866905787862,0.292176136295973,0.00280048558744443,0.0018467738516355,0.100510990139575,0.026503918048243,0.0282774946685021,0.0118128990845096,0.0180691963459978,0.0266334642595515,0.132950126821618,0.0618749295574004,0.0647854604421463,0.000315196999976851,0.0047388336522432,0.0117033479259429,0.00660197458541153,0.00502232524208761,0.000157243638914969,0.00285556875545748,0.0159117846750176,0.00055674090452475,0.0264311498134625,0.0135008495225504,0.0278435127057674,0.00294365884488842,0.0090240400819215,0.0599043899037791,0.00213763375853364,0.00154608901740261,0.000630435793082848,0.0310646800185593
0.000388039432501544,0.00972512696298498,0.16746167631791,0.0898923087326991,0.0204837457463529,0.00319257368215786,0.0992499864389821,0.065379454487323,0.00711082775210847,0.00689545632024445,0.0307252530865561,0.210611222926636,0.0415855030145415,0.000521664470745231,0.00133878385789551,0.00358691874894207,0.00287101329753955,0.00119325934627078,8.6980586511931e-07,0.00326119459021503,0.0121475594175919,0.00887560509476758,0.0393653510591927,0.000506677276901155,0.0145123645731193,0.00381076547360753,0.000369698724782234,0.152559265851273,0.000409186200138256,8.18005843747025e-05,0.00155645806307044,0.000330388662709503
0.000787718149350884,0.00280809636750068,0.00290937470645883,0.344282972025492,0.062389934433925,0.00247496027796257,0.0370108248407597,0.102990177577102,0.00015111270758718,0.108619731080617,0.180459643516229,0.029960399303545,0.0301462023816619,0.000219816895191563,0.00270589796645725,0.00263951990835461,0.00329059646297456,0.000700882349418043,0.000180127915425631,0.0146655998288317,0.00197608201253907,0.00254985272098612,0.00284313628807562,0.01351161552247,0.00813702068767746,0.00199960700068128,0.00413880643109412,0.0306183509265218,0.000430457506205678,0.000865009051682978,0.00162320151967757,0.00191327163754361
0.000995693691904828,0.000296360739108864,0.00325878283874711,0.158275251870105,0.281938268937165,0.000907925038065478,0.0342230292044997,0.0915481830943282,0.000540275846988586,0.115833664124588,0.138501008037959,0.0287470050324933,0.0272612433836608,0.000564987151772595,0.00218699629631132,0.00150749062839042,0.000210418847185695,0.00130914661488984,0.000821887486051211,0.00166930030135397,0.0078594178461443,0.0118105271908263,0.0385578638763046,0.000389364428015835,0.0017078661639173,0.0120416783049932,0.00130767449728698,0.0220470223871108,0.00274174675999183,0.00073994799400621,0.00188985890973992,0.00831011247609484
0.00808528119130368,0.0196984271281781,0.000823264903290903,0.0948350656921688,0.023907672068161,0.194743974599201,0.181817188748575,0.0315941320145067,0.0197724605119419,0.0412137244963095,0.0345931706688278,0.0568861291257009,0.00554566935018615,0.0036020953418011,0.00275583282468538,0.025493206197518,0.00684138116148849,0.00177100835556457,0.00055561078843533,0.0142557550812082,0.0178906469968648,0.0192868693967715,0.0876297975104211,0.00615593875751371,0.0112201706113946,0.0234566074600263,0.0120926904527625,0.0464791517551912,0.000575981539138376,0.000126519297455827,0.0013080199287482,0.00498655604465981
0.00342691632232006,0.00473434925108213,0.000845259703928892,0.0372479421544418,0.00673004705681577,0.00465550710026251,0.359700166854497,0.011039945113992,0.00711970283965703,0.0940997371784338,0.130245312947095,0.0626325688490053,0.0347484049396017,0.00220169980077165,0.000783011731176286,0.0147858925800209,0.00460024284041005,0.000571761704708721,6.15286869023903e-05,0.023490517244572,0.0161783807634507,0.0143717680147466,0.0679681617539624,0.00835894972813141,0.00880454908726555,0.0184518694716502,0.00317820732573528,0.05309942376198,0.0010784008132755,0.00012239525974672,0.00146605448162613,0.00320132463873447
0.00227650098518088,0.00413630017517758,0.00850671144139039,0.212663515360152,0.14141203466106,0.00301677720360356,0.0519622965328291,0.00957907493859004,0.000527927849633639,0.133549401554475,0.206218854862414,0.0282978007684474,0.0257992844826307,8.94622537396487e-05,0.00642884376023268,0.00523873426315148,0.00667066743112568,0.00216329745090708,0.000499159167803403,0.0314959544694323,0.0025062978800304,0.00707446600041193,0.00912565505611332,0.023546988907699,0.0224995363178535,0.00260464686866981,0.006476241821593,0.0317051694818308,0.00103879216135997,0.00207168989987528,0.0030739547980594,0.00774396119452717
0.0162542289211923,0.0258074505511007,0.0104607597593601,0.010927718450095,0.0737057008588285,9.3277699189571e-05,0.0820167483601898,0.0516341509339421,0.15384773886718,0.016859796728217,0.0407079516755556,0.205398281655911,0.00472364589893936,0.0041413289647437,0.0109621910939834,0.00721183927412363,0.00623679099274226,0.00293163759089942,0.000293816930451937,0.0121834599600478,0.0150026795000009,0.0130795995718691,0.0349514701502246,0.00761242153873874,0.00115217494047903,0.00927108523362484,0.0123460619339587,0.136380097643659,0.000709575445379538,0.000343542776284881,0.000758946901664983,0.0319938291974221
0.000458432578628645,0.00172456927777797,0.00170148582462873,0.0651453079085463,0.0334072712224963,0.00605661943964395,0.00729782878203538,0.0747598350276244,0.00144021257275928,0.241017105009944,0.277882376401678,0.0606178356946097,0.0418507607556944,4.09894265886055e-05,0.00937148708761767,0.000580489488367222,0.00520514775008485,0.000446988923283844,0.000463258859046503,0.0187619476604576,0.00735705917468387,0.00372164666116571,0.0200836743317189,0.0171277543771482,0.0111178912244422,0.00632446798894087,0.00658368323962417,0.0669082528718901,2.77204235186464e-05,0.000610678128985449,0.00278744672336466,0.00911977516300474
0.000373695833701071,0.00200559206004484,0.00316307279950546,0.0997448182611232,0.0608427313869427,0.00568356959568665,0.017023565955486,0.121520494612964,0.00021591081112557,0.107675953469853,0.3779879472715,0.0379188090693189,0.0246098408331204,0.000127651609445354,0.0130352122085492,0.000229548853177753,0.00406395144140792,0.00060137732534123,0.000617727970488926,0.0136270883771308,0.00306440735388077,0.00230807827325499,0.0142502615298568,0.0118504511148045,0.00567466392982173,0.00575165177035478,0.00599445474366865,0.0502366172357085,9.52770360419936e-06,0.000536195245808165,0.00278077118421924,0.00647436016910615
0.000117235625908747,0.00121904498797419,0.00290151914438012,0.208532916351246,0.0637255242390729,0.00244225526573492,0.0159594798933734,0.192338530712613,0.000918266611201154,0.0534412643995052,0.105455246712786,0.119735507620305,0.0269859157240877,0.00896553424969885,0.0525990719954604,0.000476084125957508,0.0014755060232183,0.000249835741843961,0.000249708906422015,0.00810730466043139,0.00172416869054094,0.000998839768769467,0.0157411278475995,0.00366602936778236,0.000981231881230611,0.00611510598626209,0.0158847972620278,0.0765463693438473,0.00285179019295441,0.000605839401644065,0.00499313514643974,0.00399581211968157
0.000250500414460431,0.00188290950633719,0.00422180356019952,0.136353733826331,0.077297430337482,0.00630551662329956,0.0196488250266693,0.189170437577646,0.000171767889261909,0.0820604588866876,0.19763080248655,0.0556145496291411,0.0338531080914537,0.00133239490516945,0.0252317243373028,6.87047254279039e-05,0.00344277133288307,0.000576345036540932,0.00119431928315815,0.0125120152043247,0.00158367959424321,0.00219357959863559,0.0155311457033511,0.0121912732488329,0.00353156394388446,0.00780993371243991,0.00692740820574563,0.0865931382335356,0.000128153946910029,0.000793224125324645,0.00589535102142453,0.00800142998534641
0.000663300303166454,0.0040250425373247,0.0100567713143642,0.0873656454222035,0.0133129293958515,0.00924111299666351,0.0288184185343936,0.0910187868511699,0.0179053089608471,0.176386699823781,0.186612616644371,0.0284764313903299,0.00443929788308561,0.0974150323773529,0.0444334389943662,0.0023298278695089,9.54012901065044e-05,0.000966831306805278,0.00214917462335273,0.0177902142388129,0.0204883743942609,0.000391264706765625,0.0447358881045724,0.00041000002840003,0.000576933718777048,0.00194278182763729,0.0187165143230938,0.0760942477428727,0.00872148439692401,0.0010076860191057,0.00122970364707191,0.00218283833266067
0.00126027883490667,0.000582209709128021,0.000804508395626767,0.0468250982338637,0.0199958377073663,0.0112736333290641,0.00867683557786442,0.0448895856831976,0.0097563053427505,0.108391983268963,0.195685235772177,0.0205361791776672,0.0448928426256772,0.0195143674387293,0.331515564336246,0.00240962383328697,0.00217393772302713,0.00121252031433805,0.00133284962799205,0.00258452276427292,0.00388357875969903,0.000576583571101483,0.030639575985744,0.000600120695503911,0.00911177209310354,0.00661972856835649,0.0082360857361936,0.0423338021877235,3.95154896145109e-06,0.000667361255355214,0.00662782710506252,0.01638569279705
0.0216060883247344,0.0351982384278362,0.00834199267929768,0.0133493865439739,0.127438996877232,0.00273086059687449,0.127273307298894,0.0923485579672234,0.0353318860158683,0.0319489559451915,0.131500225238915,0.098933851008698,0.0224750375037798,0.00379256361637154,0.00814861992927376,0.104203452612521,0.00504925516379382,0.0071239280669902,9.64829626186897e-05,0.001907611213196,0.00410799438169316,0.0048258724836445,0.0168141911401424,0.000381757341933955,0.00582966336572842,0.00246693414478905,0.0032613478195739,0.0663398873241312,0.000469449433983263,0.000407792783477994,0.000291137671525537,0.0160046741160921
0.000358146004954131,0.00772851334985162,0.000152548635456202,0.0123087850238497,0.0165765629840113,0.0138850940008691,0.0646117014988341,0.0380203221702355,0.0164931871045297,0.0265068652660338,0.0664572695022128,0.251075433219049,0.0267903793158873,8.50813465497839e-05,0.00139791714893416,0.00517628908295529,0.113199502976508,0.00230966146028565,0.000257488658228213,0.0075536976483757,0.0212248824849889,0.003075659518244,0.053355214110199,0.0213702901674361,0.00151048201852233,0.000790709816144188,0.00283122543290649,0.217808668248055,0.0001588196240664,0.000123190442227754,0.00203567932205955,0.00477073241753904
0.00897622315568602,0.00313392710832406,0.0014625609457923,0.0486142343661545,0.025773239219552,0.000269701216946964,0.00677665908182857,0.0825794992326703,0.0173987243710117,0.0293539439170646,0.00527461321117776,0.17129891960174,0.00607086592025806,3.60186637610785e-05,0.00106974560515079,0.0066972538491303,0.00121900355319143,0.298643178561603,0.00504791056642725,0.0036663582080783,0.01384738491035,0.0206005284887393,0.0651463352506154,0.0117101353166535,0.0034147971350441,0.00224993068972727,0.00234594010307825,0.148602726633636,0.00253816519993858,5.67195994660352e-05,0.00154302418974459,0.00458173212745841
0.00403833671283289,0.00185558542192886,0.000658348488514038,0.0241968076204712,0.0092876914233179,0.001079188698854,0.00846020455339193,0.0174415113011642,0.0113006204702743,0.0143853516169188,0.0265058243145865,0.22727884633309,0.0332508529041154,0.0020956147250026,0.0058965995474051,0.0116290624179004,0.000371409193739202,0.00687087462974043,0.13011270543004,0.0952086779010547,0.0248626855939811,0.00844914489238091,0.0583253587422628,0.0529695352317758,0.00440995872395814,0.0198956778150628,0.00803353419680791,0.18453392072377,0.00116533776306114,0.00165283838217388,0.00172008184918841,0.00205781238123456
0.00148306362391753,0.00276641344934017,0.00816487391817826,0.0815064477896889,0.0392736520484721,0.000229279570085151,0.0230522992043317,0.104150363724572,0.0024764899714744,0.00993889652008771,0.0284324155665145,0.145666857451905,0.00351497476216065,0.00138153651594343,0.00436328232954507,0.00234424318430183,9.96933490227971e-05,0.000685254050910756,0.00470947353815259,0.294487809902985,0.0178819673406409,0.00072296068012508,0.0171976781050898,0.0185492674126289,0.00224747131993615,0.0051970653382942,0.0136963707076228,0.139513365245865,0.0140530489617906,0.000388743085609135,0.00091735311157637,0.0109073882192321
0.00773052696111859,0.0041472855086444,0.00131070024451561,0.0488431528576322,0.0112304263068363,0.00306091779088967,0.00770245399466572,0.0268854132108481,0.001968371208678,0.0186830105486327,0.00146068842050899,0.162611303819569,0.0159670139463388,0.000460358051465514,0.00391909293426672,0.000244973936000134,0.00159714765879696,0.00568499106859781,0.000914100032639584,0.0604451999743605,0.295335018478312,0.000675276429347911,0.0265247923199145,0.103514567412414,0.00249439750204653,0.0182294834194307,0.0152684518528321,0.131931034947542,0.00906196094542813,0.00176667328642681,0.0102913546958742,3.98602354262032e-05
0.00513944600800481,0.00158342904278385,0.0012122685134772,0.00469028511688855,0.0268323668257398,0.0045467967300512,0.0387804484494345,0.0350728190948495,0.00121723855355644,0.00595453564748622,0.00284260664024409,0.0222497503646165,0.00190354346289625,7.27420478043635e-05,0.000746076350051048,0.000622478171521456,0.00292678493689595,0.00282266625095059,0.000360818962026167,0.15823566713534,0.0393539996266536,0.15629967818942,0.080687925259007,0.245872726111727,0.0334602876819894,0.028290838307792,0.0238775012916291,0.0245698427021234,0.000114113588017622,0.000265495486743979,6.10458399285076e-05,0.0493337776103502
0.00592736174746626,0.00135317688774828,0.00103965141101379,0.000945135942763915,0.0224269611671889,0.00120271936899889,0.0585272394827235,0.0102151907048408,0.00205384371617414,0.00557488392782777,0.0061818076708595,0.0381295446770605,0.00326899903917006,0.000625048608614073,0.00062554644560294,0.00106823308352571,0.00481298762457065,0.00357214643772325,0.00158529583404944,0.176262966768066,0.00823802962467616,0.00254615519255692,0.256245270507779,0.213144510302614,0.0366872151709998,0.0375465738675031,0.0152249679193103,0.0485890988258431,0.000322139034567142,0.000383589879747318,0.0046574771070104,0.0310162320214033
0.003287867449049,0.00542333818470743,0.00957799857220462,0.0783664165492059,0.0547249309057432,0.000666696456147207,0.0336207738802912,0.116134942240705,0.00114617619223844,0.0115933542839166,0.027113630175269,0.181432460284501,0.0030607378918833,0.00124209089182004,0.00447311085059953,0.00120307882069935,0.000419567969969643,0.00131539046043347,0.00490393917392769,0.0308367228384959,0.0114462659596573,0.00153012767457588,0.00050492036313581,0.162497595127078,0.00490036367346763,0.0044109771578631,0.0280693869740205,0.190359772321439,0.0200436794586045,0.000318762575756642,0.00184063495082592,0.00353428969176868
0.00233837106112575,0.00406074215227284,0.000166079202585172,0.00233530638592504,0.0297070217114281,0.00851314453974133,0.0265899362152507,0.00817997146207116,0.0198979069315612,0.00928344807186499,0.0652120877742895,0.159967741685255,0.0336704296379772,6.94725257671723e-05,0.000684560493204125,0.000645224516123542,0.00331815691329029,4.54093183816888e-05,0.00170110153883737,0.0249029788712636,0.0226518558222117,0.00234095442156781,0.0600206667937667,0.0349919534002017,0.305218844621622,0.00318590765013132,0.00117703150005069,0.106431066499707,0.000566995704327488,0.000668692589694528,0.000433905296934342,0.0610230346915688
0.000184591324493351,0.00159191876776117,0.00491739748766037,0.120711095913463,0.035173409837131,0.000670494824009406,0.0121342600288405,0.110401008457332,0.0110247547035946,0.0207422217725358,0.0128958739910168,0.225347314785689,0.0098039628412246,0.00218969895229208,0.00983434678092668,0.00784094369934666,0.000136662817840885,3.9354493463796e-05,0.000232212391114488,0.016109375349715,0.00501234011664462,0.000163452990022232,0.018328041814831,0.000185532007585621,0.00119398262270843,0.105954549697814,0.0322328244941929,0.207221585247517,0.0158703764702511,0.00110248216148889,0.00200510495896838,0.00874882819852395
0.000253476589312821,0.0017388599730654,0.00492038435221126,0.069046984150024,0.0398416556530629,0.00121300851725367,0.0262472335014391,0.0864854645053388,0.00518371389064845,0.015592613159071,0.0180717466032288,0.236607538875983,0.0119268383382029,0.00229705220610282,0.00684756552172817,0.00281710620875638,8.00662963318379e-06,8.12850870359573e-05,0.00102251016360647,0.00851907057113743,0.00103855934847186,0.00185721002827196,0.00145752322314903,0.00583342737696265,0.00118964606170021,0.00562220531108296,0.183890368370061,0.238866059436846,0.0146947427081614,0.000237110577166016,0.00537980581063224,0.00121122725065192
0.000190174891117918,0.00118171646717171,0.00251213397047589,0.198461508730831,0.0525845721415836,0.00126450290267338,0.0127920045774664,0.16512839038418,0.00102488149281503,0.0424217079600231,0.065479544101238,0.11705569249751,0.0231244337713853,0.0081828380096533,0.0452473304901755,0.000598145060559945,0.0010286333063777,0.000273659321994252,0.000157820767355694,0.00833018292100402,0.00289863119309119,0.000550601358745982,0.0147698768216232,0.00493087164219426,0.000464301964119759,0.00413632248804554,0.0168427869760048,0.198406845005217,0.0036180925814343,0.000473669058105391,0.00327467484822644,0.00259345229760086
0.00182908523754937,0.00186810656800312,0.00130241651587444,0.000854974544287054,0.0111685047563576,0.000386146588442616,0.034919510576617,0.0164203239917291,0.000851247206367951,0.0147946605447499,0.107584348972454,0.242864504359694,0.0665801536631537,0.00314972404324278,0.00557774438331268,0.00309452378811109,0.000375667433750707,0.00053414085501339,0.00263074595629938,0.0144611463632666,0.0076790710978223,0.015673507534372,0.0505952335529351,0.0288317654162322,0.00147586934617046,0.00343891606131331,0.0390680768811107,0.245324300155366,0.0613530253863529,0.000220089101160413,0.00722945646214636,0.00786301265674168
0.000288502716827524,0.00161513510343377,0.00152479107164116,0.199861482496457,0.0337926741318305,0.000840494825300176,0.00966947718015328,0.122105077914587,0.00223813299857744,0.00926702389456447,0.0428720043501571,0.119105333365874,0.0358720969020127,0.00319866947787418,0.0163203831387376,0.00127773605032658,0.000251179265039573,0.00114934869392651,0.00799628445195751,0.0976026701414138,0.000802723804033309,0.00680839699411581,0.00443891666366928,0.0333025268175103,0.00243932878067782,0.0234898791704481,0.000541757191593251,0.064274035610532,0.000458793397624129,0.152036245833384,0.00444434830513363,0.000114549260586794
0.00039749424791811,0.00276367104238642,0.00202205139812996,0.302576815372205,0.047216006742505,0.000232328782292879,0.0226202547933727,0.203473804958837,0.00334388800206494,0.0265212967243239,0.00778807679865207,0.0125647972559532,0.00708941128787864,0.0114908947218652,0.0443285660707324,0.00321260493750194,0.000379331412437764,0.00121146898803596,0.000792863577786292,0.00453342471165449,0.0157257330276629,0.00205493904521237,0.00172403672078181,0.0226903724008982,0.000612803244081302,0.0223971034552413,0.00532012345578557,0.00083629221147351,0.00312132843822608,0.00114099039232978,0.218977283753149,0.000839942028623787
0.00455049687748695,0.0063603946668695,0.000829678431654346,0.00932458718409734,0.0893695782714006,0.00468470593714849,0.076803555709067,0.0504953231225807,0.0144573606066631,0.0206045410727659,0.13231630357668,0.161224401165316,0.048646277150491,7.54751657381808e-05,0.00109052378694945,9.86009625199576e-06,0.00500411219790828,0.000163130305936125,0.000883869381988142,0.0168079919154089,0.00182928471778994,0.00135900793960178,0.0149469020239858,0.0227903380279162,0.085268181651741,0.00495227419703002,0.000872810024299606,0.0958057808357246,0.000216091755769172,0.000125108448323362,0.00215612458865534,0.125975929166761
