0.707229338373483,0.0181930322741442,0.00318511610363966,6.39113116786656e-05,0.00371621856936867,0.0202891098336338,0.0178807738961336,0.00700120021400802,0.00857707843233199,0.000109356356309832,0.00340303268966593,0.046285962247386,0.00570352022316992,0.00107621323651082,0.00246418013357063,0.000881847642884815,0.0053323178154804,0.037383597799026,0.00038343273823517,0.00227561451395947,0.000140112553011247,0.0198578966466934,0.00568704773403446,0.00276506849985067,0.000913844031121154,0.000461803654455247,0.0110188012209201,0.0170988625818166,0.0107885300070403,2.3108257717261e-05,0.0206099411068057,0.0192001293019128
0.000355743142684035,0.446508448205924,0.00561866458937916,0.0439140342694967,0.00108090646307698,0.0418455095517115,0.0252424710863323,0.00807621716645318,0.02771535772675,0.125956407142378,0.00559043029237451,0.0163286003554548,0.0245138284546166,0.000586469086095548,0.0583890423391725,0.00437817893384281,0.000174975088071671,0.00664617050452216,0.000732458719027202,0.00151160353970825,0.0255835197572083,7.38835427118814e-06,0.00874384002011322,0.00448105954124864,0.00874129673647649,0.00336155429424833,0.0252851053798205,0.0231486564527677,0.0173123592896788,0.00141103583639385,0.0240850120887658,0.0126736555919351
7.5934707825239e-05,0.00118572461964997,0.615595854743973,0.0348494677438377,0.0160702831547627,0.109728981034936,0.0781660617664887,0.0208247866121897,0.00466653383382631,0.023883339693524,0.00364993902959542,0.000188438589085293,0.0190323391836251,0.00158256090375222,0.0136220517757937,0.00294748314448283,0.000541974122039375,0.000972775420953715,0.00205776321173274,0.00691936585165861,0.00248076785479298,0.000285441321569822,0.000419960055171761,0.00313511009655887,0.0101292904260228,0.00010694409966553,0.00406404016832083,0.0013387949069965,0.00892568021446555,0.00525437068197856,0.00418174480139266,0.00311619622933147
2.5585903301973e-05,0.00123752083956511,0.000918246815952078,0.643543663716158,0.0407052244926047,0.0631727356620245,0.119776941341635,0.018810288661368,0.000794703256206769,0.0259076785667159,0.00104341231538593,0.00856229555508256,0.0132033231808274,0.0070954478520363,0.025287036360157,0.00185584660528671,0.000995371973491518,0.000825747900268476,0.00383137485260232,0.00234735499975524,0.000895741952395121,0.000172288345001675,0.000829113830530098,0.000994146772846882,0.000699314388338843,0.0051701771504024,0.00396454519301143,0.00482998105644406,0.000312141825976141,0.00153503609509422,0.000375708203755238,0.000282004335778679
0.000982216630326763,0.0107369094007678,0.00158841262111314,0.0121842985636637,0.698196806923013,0.0617348529673964,0.0918375788778964,0.00672184245351205,0.00907016875478404,0.00138202616402764,0.0159790102720428,0.00431137365429397,0.00633372118061389,0.000452621997505897,0.000608780069079885,0.00203126201713396,0.00346271019395402,0.00999792216578289,0.00222046547136133,0.00313341997835099,0.00301200650545029,0.00999121793441019,0.0208173812082323,0.00259009723010031,0.000350920972155254,0.00184399548000965,0.00209142728759696,0.00449445041338791,0.00931368019059974,0.000214598780063924,0.000718043332103552,0.00159578030926893
0.00260557167727322,0.00872069958326634,0.00382686182417281,0.0193485210493395,0.0206725199643788,0.626096292870064,0.0715248422595933,0.0245444467728873,0.00936410298616925,0.0494479352303304,0.00918185172719105,0.000403495129855647,0.00887821917872006,0.00151226353838841,0.00226297847989904,0.00280338801857971,0.000448931098216524,0.0081944561756063,0.00421793840481869,0.011640818508005,0.00168698527434461,0.010220517142064,0.0215844865203306,0.0114066717361079,0.00899741168915888,0.0249554929910145,0.000338258798156511,0.000227832009163263,0.00488517236710891,0.00173650997154628,0.00488192290617092,0.0233826041180786
0.000605578297905679,0.00159234995161179,0.000130631232530458,0.0174760657890434,0.0287913019535692,0.0544744027522204,0.731448007638931,0.0109862787635397,0.0041555868729792,0.0141515921202842,0.00075967567334899,0.000616215022311773,0.0067149390480115,0.00156092631232863,0.0040056008602,0.00142479100550317,0.000699576142210943,0.0144541882494036,0.00336229594024275,0.00977455664028827,0.00289147913204262,0.0188491312841413,0.0273547340652859,0.0164891112220913,0.00255449543290084,0.00389687052621743,0.000750657379083709,0.00253276259938356,0.00332828289246288,0.002611536951439,6.47581483231305e-06,0.0115499024336537
0.00132850346446059,0.00186466047628716,0.0107753924291231,0.0189406112690443,0.0346060910352328,0.142909182040093,0.0943980974952772,0.446493845855538,0.00216974868964336,0.019022270372398,0.000273337639142813,0.00897115129789661,0.00876722414485542,0.00290857015559622,0.000995096923474755,0.00230503617796868,0.00197837359216932,0.00283854537595207,0.000136484469651175,0.0865622715011423,0.00260858128726161,0.00585056283735323,0.00450229186745094,0.0419276244973518,2.41098250166782e-05,0.00926764975931361,0.0114205609686585,0.00413389734889423,0.00864574137965265,0.00443233865173408,0.0180140856416374,0.000928061530727973
0.00382187282195,0.0118948260429608,0.0172205259082263,0.173919208014884,0.000436074353758335,0.000949260758612841,0.00736334668904291,0.00339602690347703,0.390005350763847,0.175416944127168,0.000326299671128051,0.0217801833823429,0.0337548472471185,0.000562968193726614,0.0312197332507759,0.00745334751295204,0.000215581183880813,0.00869413367377531,0.000282596355925506,0.00663983918723739,0.036503867015513,0.00690165267491112,0.0254290103671802,0.00320930906595708,0.00478982914225585,0.00417258328227159,0.00337821858838929,0.00535310201168264,0.00158562165701163,0.000235508198017269,0.00958257629077296,0.00350575566324657
6.89272261169911e-06,0.00222775378880053,0.00123497235533115,0.0350878295987033,0.0489605829543011,0.0517740827820042,0.165323429705599,0.0262728067124531,0.000859207617957305,0.463697779237258,0.00122663725920849,0.0114858022564489,0.0222667977269116,0.0167592640360234,0.0636065952016722,0.000333229500910333,0.00229290875170357,0.00200578053081493,0.00726174176610753,0.000210180911998156,0.0018297932223464,0.0021634813813241,0.00527674442091798,0.0159226198441901,0.00734737406355015,0.012814378558227,0.00940129546750919,0.0104341986050996,0.00469147676941178,0.00636783908593717,0.0005812879407265,0.000275235223942159
0.000251161382072311,0.000179346443139516,0.00210608735961296,0.0140016310755909,0.0081443875418131,0.0072352429059417,0.0354824981519847,0.000654421162625197,0.00532069387717495,0.0315042311429291,0.743204116916383,0.00907080090526173,0.00178283366443212,0.00405730770490109,0.0288166659262882,0.00163836699204355,3.82074067409588e-05,0.00052438902325915,0.00264161004260887,0.00149310578711431,0.00468374036026917,0.00359986622030157,0.00420218214004685,0.022332709209792,0.00623250728186011,0.0146906503959645,0.0106779612401036,0.00223142509976914,0.0119213237275482,0.00220610296556983,0.0190381543551919,3.62715916660104e-05
0.00121689596651049,0.00298594327042481,0.00541525124331794,0.0746426270333428,0.000884258984523606,0.00785618735136486,0.00861714202798996,0.015819124686704,0.00708822645569698,0.0881012494594552,0.00505426332267983,0.59823696428112,0.00683493719711504,0.00333045493835055,0.0138020531829006,0.000296105599967432,0.000581866454260892,0.0028952439404233,8.0801800500266e-05,0.0157864770151635,0.00107956007485368,0.00317566431613597,0.00544776866085407,0.0188388886211452,0.00951954413778814,0.000383786120695107,0.0183472840870856,0.0168280868321121,0.0131296601457186,0.00372457865714368,0.0495846844500261,0.000414419684630212
0.00326521781417531,0.000527731441407807,0.0019245650443847,0.0466393836096344,0.00259410499203237,0.000828162772639102,0.00631697163848618,0.00517572989833717,0.0122351739901985,0.164571674032597,0.0233948479439525,0.00506316956046325,0.58671298303059,0.000848678527706516,0.0356156497768497,0.00527973092131144,3.74902863417082e-05,8.09423540353435e-05,0.00168824808896682,0.00496008900250085,0.00365872271208389,0.00269080049945724,0.00899237842364034,0.0128157090814294,0.00914357745249923,0.0193465428166541,0.00932059440877071,0.0193273490692629,0.000518490940622293,0.000517133518313615,0.00188227560594529,0.00402588074471067
0.00231714264419233,0.000131452466708347,0.0104664393204005,0.0764771721103214,0.00317742947809168,0.00319006255281325,0.000587074904226076,0.00800328019000133,0.0041687833459832,0.11434474389745,0.00675497380225177,0.0162815223657542,0.0304103570346396,0.553771108634322,0.0692316276514377,0.00166230385924318,0.00189010537463588,0.000769199618043291,0.0103937780595709,0.00891462727987979,0.00321212204907882,0.00759101845515134,0.01396541187015,0.00489564066801191,0.0107824929899439,0.00253055015505079,5.06178462820877e-05,0.00335402257137528,0.00263919113482094,0.0114504081498664,0.00711439871752136,0.00947094080278035
0.00179003334589097,0.00151519534230407,0.00755118556602912,0.00433182128159802,0.0151152919557476,0.00336380770468979,0.0246385829010257,0.00762213892613912,0.0105819486550401,0.00359120210403176,0.0156065414652062,0.00504916743236159,0.0119013391542854,0.0132232217671758,0.717583246951346,0.000311252299017032,0.000538248237667419,0.001941620145118,0.0016654968494323,0.0253544838617401,0.000636694663315542,0.00167606379898107,0.0020890094517737,0.0310846818613123,0.00275193241251889,0.0109677680717852,0.00536457890052393,0.0149208675589627,0.0164703786114551,0.001540157726146,0.037650967288383,0.00157107370899583
0.00629236842848455,0.00430484356603196,0.000652254688472534,0.121605983876725,0.00455931823799541,0.0368997556984143,0.0416323982819323,0.00228622767321794,0.0155390164488077,0.144404710379411,0.00386851019761616,0.00362482256395662,0.0120279849115021,0.000132986735806959,0.0239746643301342,0.490453263855768,0.000541156124588481,0.000801728296991029,0.00108322548394976,0.0130732651789938,0.0027289630401833,0.000180848301440344,0.0119224946019613,0.00018542684516101,0.0266115157353791,0.000210257109958253,0.00235571344861124,0.00836800267210419,0.000282685656559367,0.000416726312156291,0.00149871365640743,0.0174801676612784
0.00242400267205968,0.00221373457931509,0.00343240404738508,0.000666040995242101,0.00801330379617845,0.00693265529898141,0.0101861380318063,0.00519876788645397,0.00206923204472748,0.0140048295247634,0.0029005965190493,0.00250597486672109,0.00142177360261782,7.10661319868779e-05,0.0154472176102826,0.00876647801605612,0.809591931228856,0.0350902276269047,0.00131433134659029,0.00252563898606441,0.00393188941748394,0.00150374564434475,0.0145572410408536,0.010484300075607,0.00359951074103547,0.0021256513072476,0.00637652096635693,0.00884654243119483,0.00610675428378715,0.00117763080404969,0.00321990581205325,0.00329396266394373
0.00295072289830631,0.00698947122437827,3.76018369395365e-05,0.00393118251283154,0.00299260117493054,0.0072236507227719,0.0283752791993797,0.00415431628918923,0.0214910098082188,0.00607573776735524,0.000523254859672414,0.0233629210727853,0.00560381922524821,0.000209007696677397,0.00326876739606277,0.00338924706564709,0.0137717886949328,0.776731755309009,0.0133829778485917,0.00983149258517125,0.00834377059459918,0.00546972605185909,0.0200996550700417,0.00557711882876908,0.00448802353464305,0.00281354533574251,0.00220130499359557,0.000468828337697142,0.0126986804531944,0.00233522750814952,0.00117703872591001,3.04753776999441e-05
0.00168804975317038,0.000191766813661558,0.00189762554566086,0.0144138981085677,0.00319271155604504,0.0135800365241484,0.0155168461246065,0.00914839769479827,0.0229638007857768,0.0251522096475129,0.00367804474504101,0.00559580781870087,0.0143634317967541,0.000912163610325711,0.00828173804752792,0.00604024771236122,0.0023541133168939,0.000702100921924685,0.617692982688525,0.0540457554564945,0.0118616654051484,0.0216353939073376,0.0328645448778974,0.0238936347648463,0.00604046126552097,0.0115775516186455,0.0221400757960068,0.00965001152688764,0.0151752944859466,0.00595126009466828,0.0123907681942883,0.00540760939430894
0.00359605514256066,0.00480631141255375,0.000690925571962723,0.0087521893554578,0.0392267792403104,0.054856162436499,0.0718611591240761,0.0136995798924879,0.0354342051782064,0.000934230874092705,0.00295998628315358,0.000284835208457899,0.011190641656683,0.000125725817497595,0.00319559490006395,0.011197599345974,0.00153159293271211,0.002706164990984,0.0133605516579301,0.536857223173045,0.023253686906514,0.012000399604999,0.0251834388504426,0.0125113407008861,0.0169241848971852,0.0111053293829536,0.0367606810273771,0.00520486260183338,0.0115846286013056,0.000925484055341756,0.00153060815121868,0.0257478410252348
0.000324417020996728,0.00193426911209294,0.00105159995621039,0.0165737005504212,0.00102992343338872,0.00824996959909751,0.0375240547528437,0.015475740925099,0.0100192023401381,0.0832448815474635,0.00327433394770747,0.00375928230838382,0.028219509709604,0.00454217317439742,0.0463216508026411,0.00166636690663187,0.00406645087723561,0.00111339864063702,0.00509320130964326,0.00102677445047713,0.647704606502324,0.00146796220911221,0.00909855386899918,0.0252333223549945,0.00162296224285311,0.00438798069725329,0.0105811046506704,0.00855024120915966,0.00199486993765459,0.00692469611958405,0.00531259403748392,0.00261020480480086
0.000697045947425497,0.000115070231744856,0.0026168396658689,0.00268784505970052,0.000351939007195195,0.00288562110986622,0.00493286428494527,0.00269788419232765,0.00334673484041545,0.00642637462262577,0.000498471553347243,0.00509496591111727,0.000848919874139582,0.000762146803570835,0.00428383325158037,0.00276038412667319,0.0147008150894248,0.00227920853659821,0.0115643863199308,0.0634164060005133,0.0148833541110688,0.65621389428926,0.0147143051496511,0.0997539342559942,0.0241166518868102,0.0315165087713377,0.000616380759966446,0.00347846243491495,0.00194140975995581,0.000320418694398253,0.0168422965139212,0.00263462694370999
0.000341389018836367,0.0011706128206166,0.00145618605986055,0.0177442668462866,0.0161776482879972,0.0108914050374334,0.00458020403380879,0.00679273589309527,0.00117375700193509,0.0811506321267547,0.00412239547184509,0.000581265362957861,0.025016975990002,0.00313024973071402,0.0208689045314399,0.00237536402930396,7.41786253785141e-05,0.00605024231869062,0.00300518991519634,0.00190231324557777,0.0150416634356168,0.00329549393475163,0.725900958603466,0.00692267976111407,0.00345373030680992,0.000737054233476542,0.0128719368341207,0.00476409738748543,0.00174007776259778,0.00396979014614982,0.00729353596623087,0.0054030652804499
0.00332125662345409,0.00399176231990589,0.00025844489856577,0.02435984077824,0.0335305117824539,0.0509156789154142,0.0845775337629606,0.00562109174858892,0.0238699187552469,0.00634919571203772,0.00116775004281487,0.00512242065329107,0.00108748464188214,4.83506322613474e-05,0.000261039902564168,0.00510159681720206,0.00173182617633719,0.00154659551004942,0.00342697499810362,0.0195541726439607,0.0294489797208325,0.000238347729037277,0.0114837309324925,0.559778677946702,0.00772492621699303,0.00494116574466417,0.0574004981397348,0.0064134461008309,0.0229284967252988,0.000267113607156418,0.0149545294090442,0.00857664041187874
0.000509749416207568,0.00173201425622856,0.00521354802095054,0.0246314326777355,0.00211151690979647,0.00322221667630738,0.00164222688934076,0.00179244500808897,0.00394312052903256,0.0843588263959503,0.00678970182714124,0.00332997814312657,0.0310676513103247,0.00355632088082936,0.0402806594357566,0.00233977830698543,0.0103910949838367,0.0207968480723895,0.00315985007202861,0.0679655125793767,0.0206094173216745,0.0321951111711185,0.000642826034510682,0.0322772082083274,0.489831935368989,0.01459508123759,0.00298731294210669,0.0135794364472999,0.00690857904608184,0.000598206394842829,0.00762219495017973,0.0593181984858453
0.000820165109112699,0.00104793761875969,0.003015205139504,0.00788695166331887,0.00882287274464071,0.00870943897882719,0.0051371416648244,0.00400719504204672,0.00233623906813126,0.00620725876346606,0.0138325354746659,0.0180056799169066,0.00110352013218902,0.000819087468874737,0.00304831621006423,0.00559740807417668,0.00282380427991999,0.0003565907627112,0.00269885201820019,0.102012086574735,0.000123480014165341,7.16865271539579e-05,0.00123019018555267,0.0929018125614264,0.00232906844070183,0.627500234982029,0.031676528206052,0.0111332343751984,0.00316809449585099,0.0072015862086113,0.0216904925256909,0.00268530477249214
0.000386732359659065,0.000518562650521729,0.00169442737810651,0.0216811374118753,0.00659523243943928,0.00931851577353894,0.00294904305929357,0.00552645279225401,0.00044342285700577,0.0248876552374529,0.00869757466203739,0.00201648903574639,0.000980755339041363,0.000205557243767078,0.00946494455402289,0.00446316825511338,0.00111440919596306,0.00109561417781994,0.00102797840895302,0.0615707015337945,0.00857021317027899,0.00102933525147913,0.00138550736968256,0.0384294570601056,0.000640535990367948,0.0139204801056669,0.74863305917121,0.00820946584286913,0.00119246894380903,0.00501532840726458,0.00650606441199343,0.00182970990986658
0.000635128058435253,0.00194771542638799,0.00535544081241784,0.070077858758298,0.000621043929888161,0.00795109402710319,0.00407329452866564,0.0112505710247681,0.00320076605484246,0.116909625206481,0.0123742639271204,0.000247902883531528,0.0150378063291244,0.00147828046139871,0.0310479055328629,0.000602875293629679,0.000419320886852776,0.0034039858691444,2.20170712722484e-05,0.00224486549808897,0.0031349284783951,0.00503153987659607,7.23916984510702e-05,0.0163086091138411,0.0113770764976052,0.000925090954536362,0.0438088447177673,0.563307790708541,0.0259731766054422,0.00549067609767154,0.0350370387724767,0.000631074898363046
0.00113260296034843,0.000146515285941948,0.00117787968112,0.000309792545709331,0.00725671293463398,0.00540286881677666,0.034434720908241,0.00533208180422363,0.00600385650119447,0.0246901624875802,0.00561386221086791,0.0112292339336778,0.0108124566383912,0.000702288052478623,0.00731150658050128,0.0023900185901529,0.00144768587447992,0.000973501300698873,0.00442562964553792,0.0303988021244926,0.00655958181528666,0.000666461855647287,0.00524756949663849,0.0342223232938462,0.00440121474785034,0.00291208647052636,0.0370583606943176,0.00175429171866509,0.728400554558374,0.00542387535504523,0.0112109602557959,0.000950540860958241
0.00173561762872463,0.000752132038146377,0.00343628497821874,0.0149398593024087,0.00807819201276152,0.0136679120939467,0.0208378939579559,0.00317677529292109,0.00406783112776888,0.0748328246944916,0.0118977023174212,0.030690520152781,0.00439310359415303,0.00290625206179755,0.00579364399369125,0.00283100473702069,0.00345234979979872,0.00013548930871431,0.0214987723517412,0.0997222932719429,0.0168313382716454,0.00199780879893838,0.0136425874836929,0.0596570315735234,0.00842348479698302,0.0076950850423526,0.00299770901039158,0.000285800903617985,0.000766603827562264,0.520263396811298,0.0373043286285226,0.00128837013506539
0.000639402602855489,0.00340127568731329,0.00192990228017253,0.0184062385576392,0.0128845961041194,0.0100287909262719,0.0385416769810277,0.00730153811454385,0.00103351462588801,0.0393238865114959,0.0151024809004292,0.0115340050198214,0.00372013520179347,0.00375441418843478,0.0213348468972492,0.000932844123859487,0.00245593345922761,0.00306060104944842,0.00217497163105638,0.00109855193855734,0.00425234132155283,0.00567157564072159,0.0117126408250561,0.0126961102229163,0.00244690473286713,0.00194116590328523,0.0103545478654773,0.0123180988527922,0.00527983672880953,0.00136344314403989,0.730824247525688,0.00247948043558985
0.00122846373392383,0.00421742536335601,0.0103380801882328,0.0514174792719985,0.00826613671123075,0.000394150519782834,0.00362774003172244,0.00294377764369043,0.0025118265244183,0.0872349858830489,0.000549110900138428,0.00528524482707035,0.0204741627080507,0.0054256621102184,0.0377992463497251,0.000351470140311234,0.00769885675456283,0.0129013333058522,0.000276533336872812,0.00512177867139579,0.00965618007503281,0.0332251342994155,0.0125018710309284,0.0119113376803771,0.00307528741529346,0.00107535223074213,0.00629759464621635,0.0115692655970836,0.0154714922687614,0.00134764766430859,0.0106338521274988,0.615171519988739
