0.453979723786154,0.00293097920441203,0.00242525960008913,0.0367140105913526,0.158689726636573,0.00861271815750812,0.0867624040545344,0.0336526263958534,0.0608729757018659,0.00326495024572433,0.00344167407846773,0.00377992929338615,0.00910405617258372,0.00267981562568101,0.00222505247723535,0.00924166223541393,0.0196289921505664,0.00265987463637994,0.00180198548494892,0.000930587444966735,9.03433333528844e-05,2.08901152722801e-05,0.0022796363228195,0.00306654418564376,0.00255403384309787,0.00494587136386444,0.00199056000888753,0.00768752714075899,0.0344669284099364,0.00200068917894413,0.0319690179869587,0.00552895413676609
0.00037781104946223,0.187187957563264,0.00440261289394692,0.0135393136773715,0.153116083345022,0.0417775570147892,0.0523487357221991,0.0328401235830754,0.19712233778249,0.0114500419994147,0.00829658223023934,0.0463746651055706,0.0107684733262,0.00414966958074281,0.00211550285533543,0.0402378862956303,0.00122753379705955,0.0029589524287498,0.0160793743994857,0.00176830855441557,0.0131170712263003,0.0113066717606974,0.00898778498540633,0.0204149964930759,0.0247490662796434,0.000821286643868679,0.00644083492065883,0.0685454148947418,0.0099867193202435,0.00146829288689398,0.0024840278933655,0.00353830949064023
0.0205573439476382,0.00116730235696725,0.398305927622372,0.0172857422394444,0.164688495089858,0.012485870482878,0.164513357865461,0.0221753461612517,0.0483907119618468,0.00830825761495951,0.000178544134390145,0.00628880122903465,0.00495614967410485,0.00287679037598676,0.000887723339596586,0.00836852627140069,0.00428906223063245,0.00906696434172319,0.00247843534993477,0.0184169789381226,0.000535636018463047,0.00970849595642678,0.00258052813140827,0.00294774214120072,0.0113294899658473,0.00531590500117422,0.00242244853733306,0.0135909786788938,0.0199439625826712,0.000729505791676391,0.0140517247987627,0.00115725116853911
0.00273788340255996,0.0053826606840853,0.0027250039141443,0.554977551768083,0.0715144937404792,0.00425767842848005,0.100298953264915,0.0326995248558288,0.0130340369501435,0.000641601595584081,0.00191857326234743,0.0288986699020366,0.0184497839394582,0.00883470019063757,0.0268396486040417,0.0424436016692545,0.00546191791602754,0.0010672029294339,0.00583116783959172,6.29502682108176e-05,0.00148231902219958,0.00515109188712865,0.00241566849996431,0.00197294220115856,0.00169199236020036,0.00147767382108418,0.00161038279366256,0.0303652042679156,0.0042693420025678,0.0165796950409074,0.00356840181420234,0.00133768116366553
0.00858182470224554,0.00310184842665368,0.00480214877794741,0.0035929737437429,0.475162008776689,0.0514465594940166,0.0770039284184649,0.0553193286447305,0.0120570898436448,0.00877360081398497,0.00234041822681173,0.0276952840373755,0.00486320270842763,0.000480502176217044,0.000167871286764081,0.0834593162074063,0.00155178501153331,0.00775486030128637,0.00875565784718522,0.0152331194919872,0.0498558373702442,0.00790581716612033,0.0278131730558815,0.00208334765923862,0.00340064438769106,0.00664618071505073,5.88664633304232e-05,0.0402942330387222,0.00248495528513415,0.00357823119950533,0.00184597724747027,0.00188940747449686
0.0220541948226303,0.00385223066260175,2.3157717047181e-06,0.00485236701532295,0.108773452304533,0.449977824677465,0.0681611256982543,0.081317639068339,0.0605979392517788,0.0111111866480007,0.00697350932556648,0.0151736401574232,0.0117797978718378,2.68337183884272e-05,0.000103924031314585,0.0233828108450134,0.00659071227175012,0.00207770444047045,0.0137976915566856,0.0126235307037884,0.0125208256448827,0.0182960259326457,0.0046322271395697,0.00456536347171956,0.00193524314865656,0.00931152166646614,0.00112906940720314,0.0327307225172988,0.00339388806105522,0.000431156453978431,0.000513973237318458,0.00730955247633605
0.0215352777676816,0.00148816038794181,4.36357207640636e-05,0.0455279447047059,0.162413180415731,0.0118376092228332,0.499461027485906,0.0602957612260564,0.0812703793285524,0.0170639350505813,0.000583480438156174,0.0122467469248695,0.00407429837197876,0.000472657288653979,0.0097848095048668,0.00636799845007594,0.00358373070961017,0.000118266084970708,0.0103937759059873,0.00373126644369759,0.00101841405971024,0.0128844910141642,0.000205023634579025,0.00017634630709678,0.00375392348210794,0.00246805431595021,0.000423083979242008,0.00363869577434539,0.0163137069693996,0.000161265243073008,0.00343901512149675,0.00322403866521429
0.00176125690677987,0.00160749347199804,0.0109779846935611,0.00136675481518511,0.0434143020368964,0.0345989513095453,0.0911648707612455,0.525977671824905,0.0250341009664434,0.00498108018812856,0.00465679991768211,0.0615862755254689,0.00779507774120801,0.007682218031277,0.00973443700354738,0.011245208704853,0.00202818141132263,0.00613793126852328,0.00285426346922344,0.00138869395657696,0.0112472903772331,0.00238801694163791,0.0190265982702686,0.00671083583858569,0.0022101514653318,0.00210857039811902,0.00417988996450582,0.0724048288256126,0.0075144108340736,0.0158157735774958,5.28516379422973e-05,0.000347227864822822
0.0134363209581215,0.0019944834098226,0.000247593017102208,0.0254921342159755,0.17713062205549,0.00634288940783722,0.164342546170866,0.0154886205503725,0.398054439582001,0.00620392347275401,0.00111184480974079,0.0129259692610749,0.0118209961277089,3.31360511884787e-05,0.00445190660124035,0.0086558084543778,0.00265640246689752,0.00114144557914392,0.00179114422110861,0.00154977613137031,0.0227170138169877,0.00313122492820053,0.0136647955818507,4.28818434718775e-05,0.0226181926027388,0.00770882363283248,7.09875329286354e-05,0.0551052124446515,0.00650287401586864,0.00117617829678019,0.0106772642209562,0.00171254853853912
0.000484383691337572,0.00444898819265136,0.015367585833873,0.0192511151522404,0.103954736517388,0.0505473758811227,0.0155437885691059,0.0430218892418945,0.0551919297036309,0.456610591926088,0.00352032761761816,0.00376009995469762,0.0115561376740202,0.00593563111883929,0.0172517093243564,0.0448211785466384,5.47683410512167e-05,0.00921388706101172,0.00110585685460482,0.00515855146299364,0.00861401323242407,0.00228030495167383,0.00455496171435199,0.00363030661381476,0.0439667641859319,5.86043087533266e-05,0.000218265229145616,0.00505646282485296,0.0247385991375853,0.000183026259891131,0.021815051756793,0.0180831071196187
0.00141692066294497,0.00278217853057507,0.00210015336145246,0.0467312738402565,0.00410045645782026,0.000994040704245185,0.0153370103719464,0.00239626166711973,0.0051328302204085,0.00553242364865023,0.767071368642035,0.012755815024007,0.0646444240683704,0.000645720457209968,0.000584229948556788,0.0314124604550203,0.00157417398743388,0.00206595520593112,0.00308549154202232,0.00166027286280047,0.00250598560660366,0.00203074002665309,0.000778321827211576,0.00243263343386673,0.000936062185203785,0.00165065563703731,0.000712953663592767,0.00546214699864069,0.000998798420753658,0.0064841290656318,0.00112182677056999,0.00286228470542873
0.00172957667943386,0.00150904809249374,0.00114530077344406,0.00565074625237143,0.0198756586358775,4.49861236266651e-05,0.00735583778440805,0.00135783640133182,0.0082532667712157,0.0107558476435329,0.00468937535940143,0.600264085344985,0.0543215953328448,0.00442006795886008,0.0218733074761378,0.00414897835951574,0.000946630956475059,0.00253396232127392,0.00147043471660223,0.0225686474079036,0.077465802202135,0.00349799024761608,0.0219859813634576,0.010210678092026,0.00267344933611201,0.0130887065211058,0.0113578814073738,0.0101183727718878,0.0506356369562065,0.00373564049516463,0.0123953484226192,0.00791932179256022
0.00222304521412952,0.00109128849552814,0.000560495224685277,0.00251348676013714,0.0113968369531956,0.00399594197827008,0.0250446122986835,0.00313216194500886,0.000368772988687233,0.00398868932193873,0.0502595458440038,0.0874626193845993,0.662678016411401,0.00185070339426853,0.0430584183190133,0.011921117780001,0.00625769025782881,3.37345782411869e-05,4.09558664943237e-05,0.00247071296663079,0.00152097708042147,8.41670128057548e-05,0.000202058682629476,0.000648814189901705,0.000121529996002981,0.00412384384303411,3.16076634520222e-05,0.0597586144176817,0.00187830334589261,0.00307899862143964,0.00816043281453438,4.18063494577915e-05
0.00471750182555653,0.0146015829996019,0.00350046433390997,0.077509426755021,0.10995648497533,0.0017407514319775,0.0776212020808113,0.0351327601307504,0.0652224958070217,0.00820160960708213,0.00475528576293063,0.0128304320958442,0.000673017008603381,0.437852096715897,0.0382871099801305,0.00106704755505993,0.000476837587051203,0.000907989179316667,0.000253912362155814,0.00595581172623174,0.0104897781221619,0.000841676732219328,3.91979826162441e-05,0.0113860196648622,0.0010187086998041,0.00483506755726731,0.00491925767367684,0.0446877478788675,0.000694413729872147,0.0103364308765791,0.000709769056175333,0.00877811210561396
0.00122720969969716,0.000159487089545544,0.00184334929532488,0.0283802811636426,0.0278575615474053,0.017843685322176,5.13139766336338e-05,0.02318289560948,0.039348407241243,0.00419284707274178,0.041107228381601,0.0468770009160766,0.0034906608795391,0.000461402179553534,0.628611814036437,0.00816522097223792,0.00162463762232008,0.00342629196261265,0.000497771853887231,0.0354032563792012,0.00428068555122685,0.00133628970058805,0.000971178911345167,0.0249572455789394,0.00528566346520731,0.0108517478761027,0.000384331294212578,0.0291075330013233,0.00182015286974876,0.00409962040318968,5.27336892106738e-05,0.0031004944575494
0.0112559841147338,0.000373401100023591,0.000655711935310105,0.0420550487950749,0.164485893185129,0.0081597239001043,0.154966500506647,0.0211260414231929,0.0746345792152346,0.00797467419971378,0.000997446809880764,0.015676355516685,0.0109405524237864,0.000428039821063549,0.0088914013952239,0.355961048168179,0.00127521359821348,0.00371399846185925,0.00463936688199177,0.00254383150819257,0.00467138280283517,0.00719304085882538,0.00391829884839705,0.00531239847068374,0.00916484941977469,0.0113257578493125,0.00201566730925064,0.0277336173652256,0.021644146350292,0.00209549643034461,0.00773444367606308,0.0064360876587563
0.00472738999046489,0.00649328675625767,0.00161856035069083,0.0432356366937,0.0175126440868881,1.66419681477872e-05,0.0252708307533114,0.0456279881047507,0.00673020670443258,0.00319786419512159,0.0145340354987154,0.000206771719217513,0.015080499881626,0.0016892464363567,0.00229349363084327,0.0303710498542133,0.635072730557962,0.00584823019479156,0.00734445620573323,0.015954894451816,0.0093084933455362,0.0269131341244218,0.00328150098616006,0.00729813852426623,0.00518070325396877,0.000543143025258347,0.00110923888207993,0.0071831217298751,0.0374549023769196,0.00555068515567143,0.0107123890567422,0.00263809150405942
0.00273598276240943,5.50072776950198e-05,0.00445765917107386,0.0365626463007025,0.193479637415379,0.000355607533797958,0.12168551537327,0.0723438460650117,0.100462031383899,0.0215562568982866,0.00329334976717688,0.0295361324990058,0.000282581804979055,0.00249408279001599,0.00780884265447269,0.0143382442081061,0.00927566652272332,0.284185693192735,0.0158961531412221,0.00970554784043435,0.0031538333170556,0.00867713702151676,0.00383420270667185,0.00437680010222831,0.0112680517025459,0.00409835245333706,0.00191198047813558,0.00811788149107731,0.0105080830493218,0.00044344554392018,0.000151529550117039,0.0129482179816761
0.00581310699265899,0.0164077225796451,0.000434462022947118,0.000469979788834208,0.115891190715212,0.00738848360234654,0.0337965303400236,0.00348021992299245,0.0386368971903887,0.0131711682248368,0.000877803588214645,0.00940608870665484,0.00703945244093084,0.0087507446801476,0.000418825621098608,0.00130373382764692,0.019512457941694,0.0115684902090852,0.609038775209448,0.00207368024656772,0.00419881119749048,0.0068436229893116,0.00924476414040018,0.0164555489154152,0.00240089525850363,0.0257713040711489,0.0096366094326941,0.00562477848755697,0.00427998563513465,0.00247463839984282,0.00133208663289351,0.00625714098823354
0.00470556761365036,0.00277435232054128,0.00688436639307064,0.00047159135463701,0.0215081070395161,0.0248635203994136,0.0563207278573635,0.00124952633379582,0.0539342926952209,0.00104152502366497,0.00192548193988097,0.000272127943938221,0.0362583004688551,0.000159891263660466,0.0128167456900626,0.0430234136523757,0.00188560312984068,6.1166605918318e-05,0.0106544038847602,0.551512445742883,0.0643232575513026,0.00298991201277257,0.0350266538033731,0.014696085428523,0.000592468621901875,0.00131345811782949,0.0109525004798439,0.0254895143978296,0.00332966655235231,0.000639781635062015,0.00589344893281566,0.00243009511334483
0.00124523185304162,0.00136984916384487,7.77084426221181e-06,0.0546799374586188,0.16809173443411,0.0011081527321262,0.0975549094258281,0.0385890468204776,0.109291976607682,0.00779410825875372,0.00349353874686282,0.0132129168031352,0.00499054537286783,0.000429910005586238,0.0505064164542905,0.000541539655190598,0.00137661124973216,0.000991810940139762,0.00117065118819928,0.0389657158570223,0.258429083506298,0.0138495542987944,0.0171290184785117,0.0371133168471945,0.0247862695134237,0.00101755771951631,0.000995910131017417,0.00503667060474192,0.0150510594041745,0.000572806780055241,0.00160445965637608,0.0290019191881238
0.0101405387952586,2.26851413836166e-05,0.00165084471277413,0.0125324845204022,0.00784306528184347,0.0133506949968141,0.00231208180621435,0.000900479627732048,0.0172906348898915,0.000221575325779581,0.00463864273327217,0.0230237900840713,0.00394692895878061,0.00145900588465365,0.00149777696014394,0.0176372492873612,0.0216946584465532,0.00419953022086252,0.00838691113790118,0.0519704239606019,0.0231378883814026,0.639844368654943,0.00172063180362599,0.0179864945172827,0.00923083152162805,0.0148984256908577,0.00125717725931017,0.0695528318117477,0.00462156180660317,0.00731093084542745,0.000577723872893059,0.00514113106198347
0.00181466062295353,7.9035324734781e-05,0.000960905290849467,0.0240458926820677,0.0308942086666979,0.0041770356302548,0.0100189292893422,0.0210767437507159,0.143029489426944,0.00309870331041343,0.00341393368157552,0.00531108677550903,0.00192114647830514,0.00224650723936573,0.00439756355399461,0.0251751197852046,0.00261039164651054,0.00149360539426329,0.000185279565841948,0.000572831296432711,0.0249986872649198,0.0296774204202741,0.615333233977967,0.00221774888372133,0.0204508643146487,0.00289317290495611,0.00173422002385347,0.0020525775439099,0.00592525632223888,0.00144855310303058,0.00164832210039825,0.0050968737281051
0.00212849086772531,0.00195396842896266,0.000358347530664086,0.00238039010418853,0.138668429626476,0.0148567362543199,0.0828956563347519,0.0232531934262262,0.132373817098937,0.00311247936193779,0.000842003464091091,0.0221857282498434,0.00392963998672232,0.0013014719445563,0.000150839588891917,0.00472271952404036,0.00392626145533162,0.00112475947887524,0.00394683823612405,0.00713094534441196,0.0265360342996628,0.00815485673654057,0.0292607168414479,0.439302884917169,0.0260714039019846,0.000455045026452263,0.000476080813204215,0.00455907322994747,0.00097460035215379,0.00150439298015952,0.00850240350770342,0.00295979108649739
0.00595728627627607,0.0102041005086677,0.00690283631837552,0.00505507153305029,0.00222036637593198,0.0113743952680629,0.0123160814068743,0.00928374083137138,0.000212125478205815,0.00258557612714359,0.00344445348485238,0.126938807010272,0.0126876178115273,0.00155191790973431,0.0292365123876844,0.000147851544552278,0.005488451211392,0.00264673475990451,0.00172028457112671,0.0514426394132108,0.0181311280849262,0.00616572404104747,0.0113461364313733,0.0717032100123754,0.422228219330657,0.00992005329991312,0.0034854784905494,0.101099616834561,0.028757988774604,0.00102102294194955,0.00214542429073897,0.0225791472390881
0.00102422019613816,0.00302628659936961,0.000337401756818147,0.0127987574820079,0.061095357575284,0.00737647638893484,0.0972531877789554,0.018298364024378,0.0182456366737607,0.000660297125879919,0.00119020502659682,0.0026170248293727,0.0365592869726978,0.000802344755795497,0.0130849696953865,0.0260163932229992,0.003329439470593,0.000143591616398987,0.00645616503147945,0.0271249459492987,0.0544456372465282,0.00159053338503889,0.0165976787203826,0.00806312128904249,0.00301221979037766,0.534211626107794,0.00421905053133421,0.00458718151155638,0.0102192838282687,0.00966639051429233,0.0149387739678353,0.00100815093540435
0.00134297397637396,0.00473333576712445,0.000178591529176236,0.00191757565338773,0.0175968893050322,0.00254883933027854,0.0189326430283262,0.00572780886929316,0.0244905917294505,0.00105025679467689,0.000600699131230419,0.131009934034046,0.0393062999361438,0.0020741203967619,0.0340043994686976,0.0178394611928586,0.000961509811579798,0.00129466976188266,0.00103955408941154,0.0232963504828918,0.0020996798733433,0.00630149775508675,0.0356074816924185,0.0040938739419211,0.0143005530418435,0.0587520101947933,0.271914823825689,0.100591799785012,0.103017923954403,0.0123252833890386,0.053160174338486,0.00788839391934123
0.00112324518022372,0.000546384765877442,0.000580419016017674,0.00210057366182385,0.0114777466336134,0.00013214152702165,0.0084743101626805,0.0132271724628921,0.0043649885696547,0.00726267298131818,0.01040273238071,0.0420927498939846,0.019928378818731,0.00338465183575282,0.0139462573582773,0.00103038001381686,0.000728340371486784,0.00110494631312531,0.000231100487995039,0.00758014627016551,0.0695848407008489,0.00358774885007478,0.0218839465057635,0.00374673823498562,0.0001163818733053,0.00399905535200547,0.00724706367139134,0.695835010090579,0.037907764872101,0.00435886970840411,0.000113257604846167,0.00189998383052617
4.08147794421145e-05,0.000283955108445852,0.00163444225338577,0.00374817200703741,0.00881338086822698,0.00290186116678245,0.0352975235339919,0.00777062590436378,0.000860418710919163,0.00758750120901274,0.00338814391925162,0.0199044127927959,0.0257525730940227,0.0010973366079004,0.018067970358618,0.0162333876831229,0.00113870017925945,0.00490570199709951,0.000117231260996202,0.00764739985018457,0.000238332472453016,0.00348954532139894,0.00192932527884382,0.00127063578291177,0.0300000894517626,0.00660681834911225,0.0247079337504983,0.0211490311016662,0.679747973017583,0.00662478888793153,0.0562822157222645,0.000761757578714522
0.00502861638037243,0.0142433763306168,0.0101772364751958,0.00897534000266645,0.0122115227201627,0.00385304254980465,0.00142565172441346,0.000720229168041028,0.0179981004881307,0.0134084878080901,0.00926605661336291,0.0669209670024151,0.000533872362543598,0.00554544828159432,0.00220762470122513,0.00954027683928091,0.0122314348696568,0.0024524291898916,0.00484747970503703,0.0159782581487314,0.0454604837148573,0.0121207435542706,0.0565181255121452,0.016128693031071,0.0157041584273053,0.00369420731472829,0.00471760442906867,0.0483587420334843,0.00830348850167403,0.539933254693626,0.0269296137743927,0.00456543365214347
0.017350420233931,0.00749975696194546,0.00500837338742428,0.0239472214951667,0.0636580491097779,0.0189809081573356,0.0364421274105783,0.0257233719118965,0.0614560708255011,0.000951496382625088,0.00821349708797073,0.0405054882544977,0.0035727831113945,0.00140445717223165,0.00446957982530386,0.0105950278531668,0.0220401740632334,0.00111049437177757,0.00139154995902159,0.00132116102941221,0.0050238817584759,0.00171476724035996,0.00357818629093945,0.00642220712183727,0.00852609865265685,0.00810623087420952,0.0117024908966715,0.0685392430936828,0.014211371366814,0.0180388538202443,0.494494991006859,0.00399966927305759
0.00203421537173968,0.0067510010957392,0.000225593871300066,0.00175027361520091,0.0699907631736165,0.00159675365965458,0.0161781860926025,0.00551739857504557,0.101056554195317,0.024652700157826,0.00112834107627776,0.0347985756244153,0.00175969965266678,0.0054404601547658,0.0232568559480192,0.00820102688719951,0.00504374431991349,0.00340744426118884,0.0329909839686826,0.0032922007663788,0.00745201941275071,0.0490336427961039,0.00915555640630947,0.00872171294602254,0.0258270039529063,0.00414904621309578,0.000544632089532929,0.00117983464845377,0.00312371538398029,0.00040489344844149,0.0100488569653332,0.53128631326952
