-0.006623649093382039,-0.0008879050920164892,-0.0010092245043589402,-0.0011581214733177498,-0.00043363431612807973,-0.00087913388998373,0.0025284973466782597,0.0025809746051031405,0.00037171204934592986,-0.0017040226336485901,-0.0020015548546237897,0.00465194039356728,0.0014475790057273102,-7.4735340248200095e-06,0.0009507332409509902,-0.0020145684977423296,-0.00295054112271572,7.489322731551e-05,-0.0007682013605977098,0.0008040380376537111,0.004828824846473871,-8.924889501389383e-06,0.006025888349575528,0.0008195075258741298,-0.003522615651717141,0.0013995684098750503,9.01019689719994e-06,0.00503877584005343,-0.00043653983479985,0.00016303972115300002,0.00020294001883496986,-0.007491812066520859
0.0017348330840982501,0.0007440355063231569,-0.00032183453313197987,-0.0010202746734943803,0.008226460376280994,0.0016849435847848793,0.0079685141580924,0.0011729327179187405,-0.004146389399273911,-0.005447705378310722,0.0003524902759595093,0.0017212119283529896,0.0006999495924189306,-0.00035846377087043996,-0.00016170216579924996,-0.0031570945864007197,-0.0017272621229852104,-0.00170726164766795,0.00018626153575525994,0.0039022064433988693,0.00456106834095494,-0.00028669244155390034,0.004760343622343869,0.0022925253330020497,-0.011522401128430258,0.0018279679594891004,0.00013639702126608003,0.000585338033882639,-0.00037009282377009015,-6.091508518428004e-05,0.00043570387245594,-0.01270509362990559
-0.00161849277658348,-0.00197431162634502,-0.022162483602632864,0.0032199570740980704,0.013320917420536418,0.00045864473670122994,0.01302666791454501,0.007542992439639022,-0.00126971891459993,-0.00654588607363589,-0.0064496978610454805,0.00583473074198509,0.00033527791041256986,-0.0002545812913012001,0.0011159604109923099,0.0002079428985375201,-0.0013896481869680398,-0.00032334163171409986,-0.00037155321285944,-0.00018899214313295988,-0.0007901902266881899,-0.0015784307569578504,-0.0027398489856760707,0.0005055900688080401,-0.0005144766167961701,-0.0007421514699342702,-0.00052030920553821,0.0038410447500347193,0.00206735767211962,0.00041184644807863,0.00172756811518161,-0.004182384019260651
-0.00036815404547294994,-0.0005546628149743399,0.0005080864756348799,0.0030573493081987257,0.007864525605838658,0.0010442404889415505,0.012028535938553797,-0.0013952937130000509,-0.002239231607264311,-0.0143164435101681,0.001646236551895401,-0.0023495252270458117,0.00221723365426683,-0.0003434210641411599,0.0007382873148591799,-0.0014864142974701801,-0.00066144674974597,-0.0009533425806588298,-0.00020957240598170994,-0.0013178691719347708,0.0021986329996368,-0.00249485636014589,0.0003689745492195001,-0.0004803351699560001,-0.00527631883488157,-0.00014966940305945016,3.307620327789979e-05,0.00022150767644571936,0.0030690619841696803,0.0003927549316146301,0.0012850593548064402,-0.0020770060814587904
-0.00025336682959888003,-0.00032180631462281993,-0.0005787552316696701,-0.008838065006740958,0.019683767301398664,-0.003763030556119579,6.422068179573782e-05,-0.007069769050317748,-0.0014493230370292202,-0.00328142102604317,0.0002608219123600805,-0.0010672446527902097,-0.00171811971578631,0.00079302798735927,-0.00160813944271318,-0.0036084231167984398,-0.0006222237704484302,0.0019007969443118403,-0.00059484802686785,-0.0014316924391611884,0.0022057497359006507,0.0020295549598257504,0.005342873402285272,0.0009796278543223714,0.0008494392747096103,0.0007203560617443898,-0.0003925865199452598,-0.0015551899811065192,7.69606717093991e-06,-0.00022026339564367,0.00017198027277550996,0.0033643556574430903
-0.00026620061304916,-0.00011154510978633996,-0.0007834263042383304,-0.00534978625471868,0.011522530877478997,-0.02282804072815383,0.00397883400993273,-0.00952024072784979,-0.0048660948258996495,-0.00012966670949903026,-0.0010406618444116207,0.0060501797575218605,-0.00032278898986765986,0.00049229352520376,0.00026245355327807966,-0.00502857403517424,0.00032378893078723015,0.0013785947351789497,-0.0007099718455886299,0.0009157722012966407,0.00537243487462881,0.00140877729811356,0.011974430603003369,0.0038223589714996204,-0.0038155388997512486,0.0009525272545549499,0.00016930026485926998,0.00487299879241202,0.00276818719315996,2.9735805549660016e-05,0.0005351457251762699,-0.0020578074856475704
-0.0006429853800318998,-0.00045199031696152017,-0.0003184167983350099,-0.006352156671684152,0.0023284343835272697,-0.0001731423337107487,-0.003838911275689111,-0.0030452176139332903,-0.0013983267596180174,-0.00204078858918712,0.004554323084449939,0.00526826802507907,0.00181694718662724,-0.0003414000709029699,0.0013497679294232098,-0.003200616028876449,0.0014992184054928304,0.0014204342203422398,-0.00050570269778151,-0.002032682886570111,0.0008903995800595102,0.0010676431412445404,7.132916882614873e-05,0.0007867080724095709,-0.0030908181438286,0.0017273687673376302,-2.0119037733109905e-05,0.0022480012556647397,0.0012719505609082298,-0.00020470154979787,0.00016519480009642967,0.0011919875731528605
-0.00031642389489281017,0.00045638254010235983,0.00013329312299535998,0.0034290592301711802,0.020868927701532813,-0.00053788757826226,0.01514316350077409,-0.042584028860599664,-0.0003649739151634189,-0.006909096240539689,0.005845905970247469,0.0035014998117730476,0.0025641083513700093,0.00015344085486424005,-9.655300230651015e-05,-0.0009988905833019205,-0.00028044194646643017,-0.00055574629970143,-0.00022332519750845005,0.0002925615552908,1.3307005041679823e-05,-0.00028065522524713994,-0.0039017995564893998,0.0002600348810658512,-0.0015619742794811405,0.00041635306327626986,0.0009839607087859096,0.00224142126197562,0.0013772102693472398,0.00046686733514331993,0.0010075306640081098,-0.0005432312478050504
0.0006828672540471098,0.0007722929443320697,-0.0003771456623952301,-0.0036935297994789796,-0.001901804634303541,-0.00045018660836455073,0.01292990511057297,0.00173701984916442,-0.01087909911070362,-0.00262646812483388,-0.00812866308358294,0.004220821857021161,-0.0008023991354937698,-0.00023695777771417007,0.0011168410590089801,0.00029457487597284865,0.0004939610870667202,0.0003457333270121503,-0.00011895814747808005,0.003837976559873158,0.00521317788571188,0.0012475114352887313,-0.0011884716561203611,0.00656702127932558,-0.00428768219714124,-7.397985298145011e-05,0.0001535352787866001,-0.0020249995733228093,0.00022909735573151997,4.258303755415e-05,-0.0002887007517197599,-0.0028058740808357702
-0.00042306570976764996,0.0003427030789419901,-0.00080772049185731,0.0010041848449675018,0.0037483591798720987,0.0022795058541457696,0.004583978521667831,0.0064134194388486086,0.0029462823866707216,-0.00813423144795199,-0.004622697687597921,-0.0034205746205294802,-0.0002481099989106902,-0.00013821218544411,0.00034342538909116024,0.0024882012728236103,9.285236622149006e-05,-0.00045643805566716,-6.156284619112003e-05,-0.0013544665926183302,0.00185412417265454,-0.0009808890624557198,0.00039577720161014073,-0.0015607944132236301,-0.0025296071013104693,0.0020619795782380003,-0.0008687665602492001,-0.0029870483388401503,0.0007180189065182004,1.0331460605799964e-05,-0.0005136844964009496,-0.0001752740438615404
-0.00092663262926195,0.00026271558654927,-3.658535030332988e-05,0.0036713065502319265,0.004435257431943872,0.0036235025558607305,0.0036718605995311607,0.011983352195160297,0.003649524227645169,-0.010033641027539267,-0.0032743433588597105,-0.010694554210399429,-0.00126746467023154,0.0007900637083711598,-0.0026936274391539707,0.0036408345507319196,7.136804582090986e-05,0.0003126067952325401,-0.00031785302354829005,-0.0014579078887654098,0.0017324292952130306,5.368872474620992e-05,0.0035432115895412896,-0.0045571469349149196,-0.00248267293081932,0.0015070773870140702,-0.0013294383705076602,-0.0025799504739827213,-0.00109409730015409,0.00033103739941355004,-0.0004970389588805403,-3.6882075685040324e-05
-1.9794958266999666e-06,7.32766593307196e-05,-0.00020467427345669003,0.01124309547389965,-0.0005421902519990899,0.00311437403086265,0.006809168984986019,0.01013669458970479,-0.00456650579860753,-0.00358516466349179,-0.006460817580697981,-0.013758356316503729,-0.0013774260320864999,3.017321309884001e-05,-2.7035181672610283e-05,-0.0009014926379428096,8.73376739085599e-05,0.0006043851210061098,6.4806744277999194e-06,-0.0012470750633524204,-0.0015059194861615898,0.002515852542837279,0.00861013770547873,0.002446970949312971,-0.00270502821798995,-0.0006715264671032996,-0.00262912229564718,-0.000945271368099572,0.0009005915066010899,-0.00021579434265537996,-0.0015870887193311894,-0.0036460709328291403
-0.0005635008240970201,0.00028979821433598003,-0.0002753354362554401,0.003163752056374132,0.006344504960571359,-0.0003044229092966198,0.003996757358707749,0.006874107700831097,0.011253091137130859,-0.00498433534007867,-0.004425855335092939,-0.0013128985218814513,-0.0071567948471892824,0.00017756212817171996,-0.004310012683126601,0.0012589156479818598,-0.00106828660953237,1.657657987684002e-05,0.0005065236804255999,7.820671149371956e-05,-0.00380416582617627,-0.00098726525102265,-0.00158599009407216,-0.002871043804730291,0.0015194023967630102,0.0004532877371089,-0.00168259333966378,0.0015809055564149823,-0.0017797741188746497,0.00020550318341785995,-0.00052167268475352,-8.494742376224055e-05
-0.0009678098960881202,-0.0006366936424895901,0.0002504487601876598,0.004964935972329443,0.007943987246355779,0.0007658780808553606,0.011942519936479778,0.010014586683887022,-0.0011873316636846199,0.001650496269758989,-0.0039411362872635814,-0.005631875446374923,-0.00042772192350777025,-0.013128682503183919,0.0004832827577076905,-0.0007214186506220601,-0.0007339004647905101,-0.0004403431066864,0.00048159948181176,-0.00026585265589488036,0.00042652940055177896,-0.0007377649237488195,0.0026792171663716294,-0.0025662785553604898,-0.0016084497391900098,-0.00199555225932342,-0.0011128967673392303,0.0006781751433668791,-0.0021816355587746003,0.00021598695846092,-0.0018950732904439993,-0.0023172265233579003
-1.9176363623019957e-05,0.00027263450251202007,0.00025141466271905004,0.00419089510804186,-0.0037518298914891992,0.004876764703675531,0.0048204687176291085,0.005863325881027162,0.0038484203025583004,-0.0009568278394081683,0.0020399738748125298,-0.0044415723428865485,0.0029182279472851204,-4.851798036571999e-05,-0.01601266178843951,0.0004935425209986901,-0.0004441328910344501,-0.0007065647429064599,0.00034115777512796,-0.0017617009991498505,0.0011254163030110904,0.0027250720418102803,0.007145217136821399,-0.00517657440071883,0.0008204285242307001,6.754065082060019e-05,-0.0007006037025678602,-0.00601372072298319,-0.00044845980216406,-0.00016557900165438999,5.3552028118550225e-05,-0.0012061302118087501
-7.585860778465975e-05,0.0028421460132830104,0.00011307329574768018,-0.007576615338101872,-0.005114362897243653,0.0005632123294457101,0.01254385065551207,0.0010635888730229396,-0.00043553955972403316,-0.00388046092918065,-0.00468600162199032,0.0019872242047900995,-0.0001953961057632598,-0.00026608607396915,0.0005517573822590498,0.007838862477156872,0.00308825923523189,0.0013999056688120501,4.460005315024e-05,0.0034570440639585497,-0.0013239057357971509,-0.0038337094115818405,-0.004003236314361181,0.007523895697183281,-0.0035473140919650994,0.00039510696491175,-0.0006517454054060899,-0.0010293957932037607,-0.00032251612244665016,-2.5545610339530056e-05,-1.0665723391949924e-05,-0.006434171572214441
0.0005123723427294198,-0.0027260864695004307,6.838543145694003e-05,-6.432650601161036e-05,0.002188473602878288,-0.0020924438700039003,0.0053739075177164,0.0022568552100161615,-0.0008577098551247303,-0.0014764367810576396,-0.0036885259626263005,0.014780916110070052,0.0018626768674276702,-0.00013176461406542002,0.00021337173597595028,-0.0031050480661966784,-0.04269161613597302,0.00019296662818731985,3.207862158634979e-05,0.00500470035238142,0.004567704413626079,0.0014937704682935094,0.0036829432397345215,0.00602773997760347,-0.001830050661617829,-0.00053539934254964,-0.0005256036071748701,0.0129638955434726,-2.314386806505015e-05,-2.2333023124969995e-05,-0.00130944651947404,-0.00014282278059003957
0.0002968720975635099,-0.00026576435238997987,0.0007362984923115199,-0.0041614551164759605,0.0028374067718692107,-0.0013972569471627002,0.004079134807263071,-0.003016482311298141,0.0017837825981091213,4.8506243373210715e-06,-0.002276071295864249,0.0072807981115233286,-0.0007340341270349602,0.00013914248456942997,0.00045797031932705,0.00526534286374335,5.4318548762010385e-05,-0.01105852946301766,0.0015650042507347902,-0.00490604120990404,-0.000412378048999631,0.0005868311928183793,0.014972579798925165,-0.0037889831282305305,-0.013156426143849972,-0.0009961682585999602,-0.0008893269184947503,0.00852107644413691,0.00058872968703065,0.00018384849169481,0.0009760179661840102,-0.003271088229581099
-0.00121745477920619,-0.00013243907702822016,0.00034310593816645003,-0.00204927346026101,-0.00234246939938151,-0.0031080419966146894,-0.004854376251221371,-0.00064415767764375,-0.0011718065503523595,0.0002988896857899899,-0.00175140702721812,0.00250778512089462,-0.00278228338983112,0.00038507809981089,-0.00041565025254352016,0.0012904417524060587,-0.0012392575154556596,0.0027521498644999297,-0.003914156895880416,0.0007689699693886286,0.00458677118194931,-0.0025343628412785495,0.0043261525473054,0.004196663604645752,-0.0005036757109312497,0.0007808637969875508,0.00129951324909569,-0.0018059927649124608,0.0010213475442093396,0.0005911212291503201,-0.0001952718667662402,0.00551322387222686
-0.00043875597979834,-0.0013032830732157695,-5.0744380457610065e-05,0.0025732162845881097,0.00656354704890966,-0.0026115528528821096,0.00831353662613463,0.006397368383885792,0.0004702093521603204,-0.0023690942020198197,-0.0056136976450604295,-0.0032729348011494097,-0.0015457528031446403,0.00040679973696423997,-0.0005238138241694299,0.0007477260835752201,-0.0010068948754070898,-0.00045390011120415973,-0.00114673016585709,-0.025508758337227183,0.013426792084658518,-0.0014336351765119296,0.010271157496486612,-0.000547003232580001,-0.005072110619100509,0.0010137007305126807,0.00021537790316469965,-0.0026087665936375794,0.00154159644322724,4.71992555606599e-05,-0.00025337195756844995,0.0037725732011634496
-0.0009706419162859298,-0.0011858409034867698,-0.0006277351638630099,0.0009705574717186197,0.01257702061119162,-0.0011082052536448,0.01211692102358847,0.005472752434322939,-0.00528813750059428,0.00042927977147574973,-0.00336815781803447,-0.004730380693346979,-0.0035225774486616207,0.00013312182112593,-0.0002400863458024699,0.00310468660624854,-0.00277710382756992,-0.0003995363298132399,-7.525921872360069e-06,-0.0018891521462087702,-0.002713506341048638,-0.00244136583893828,0.011267128558460668,-0.00220531891557475,-0.008350245106083173,0.0026314148387822397,0.0015374407894988193,-0.004290540681831619,0.0016892422714282803,2.5756276157290092e-05,0.0008806871619624202,-0.0067199514833005
0.00023344659928839972,-4.341692131324994e-05,0.00060997783970617,0.0016178664247739692,0.004615260230751402,0.0019260409127123512,0.008940166000466942,0.002625343268461779,-0.004074748906818361,0.00176196286812266,0.00545622405527325,-0.0065007422035224275,0.0005942656001783201,-0.00016966449832140997,0.0004440950968357499,0.0009517592489122894,-0.0021202196588617204,0.0031150693434419093,-0.0029825281751588197,0.00716391771339262,0.007836905647147391,-0.027529262043139668,-0.006996425347567681,0.00542747648623188,-0.0003559932466397707,0.0035405181316025005,-0.00104241688536252,-0.0023908638289392103,-0.0004165004422087104,-0.00036897860471475007,-0.0013139166337999002,-0.0005546180709312398
0.0005188242821955097,-0.00093869576836722,-0.00058171945549395,0.00023043461738773003,0.0005136659223265903,-0.0007803660348438995,0.004601812600835869,0.00221886194857079,0.003081201865983929,0.004558544750069371,0.00037815120202608024,-0.00656304076852351,-0.00068127124755315,-0.00015387949568057004,-0.00012114381533166983,-0.0008268050153972901,-0.00130345390035195,-0.0016984925196578903,-0.0016174602907709904,0.00418911501470858,0.00827639266538852,-0.0030436840248125596,-0.00496364598530521,0.00393391448628951,-0.008708768515186979,0.00399193591668248,0.0020117016511261203,-0.0026455655831922496,0.0012867432080863898,-0.00029432159105155,-0.00048252604503251,-0.00438646007512439
-0.00063282115806779,-0.0015159781660542902,-0.00040817938393916995,-0.00044671406184043,0.009195684534527671,-0.00435366372192542,0.01181207598144628,0.007356131128433749,-0.00506584117808323,-0.00201299520715211,-0.0052160821731598896,-0.002366202101531761,-0.003392696897223191,0.00020695330127632996,-0.00058822535177149,0.0022860215874388897,-0.00136013726092729,-0.0005959182112679803,-0.0008740927101170602,-0.0028483309932212353,0.006594339601279251,0.0007652138075016302,0.008476667086443717,-0.004589540006616055,-0.006491918321013468,0.00020248434226533978,-0.0031964981261554002,-0.0022364638314426393,0.00195494861539875,1.5756637676049883e-05,0.0015857778400092607,-0.0022597556021871196
0.0009817135292512899,0.00046158342927387,0.00016089764707500996,-0.0033232230206111297,0.01710087821093236,0.0018220244246488506,0.007115803139542751,-0.0025954410990413498,-0.005675838185259749,-0.0015116805869023998,-0.00206439750512291,0.00435394350873018,-0.0007964351257976597,6.366870219324997e-05,0.00055638368699169,-0.0022229191534288498,-8.350945868138009e-05,-0.0005518162555381995,0.00014125498870588005,-0.004087220364791201,0.00919013806247065,-0.00391837114400865,0.01528467190007483,-0.00414013875094031,-0.024157916930623448,0.0011310561392363298,0.0012147517799049703,0.006009436664734339,-0.00018264684232957993,0.0005774698904725702,-0.00010755753897609978,-0.01074656374218596
-0.00043038478099853995,-0.0009473517038272501,-0.00045358104096275,0.0002597091229387002,0.0072764331055359425,0.0019829028715299003,0.00892843477785468,0.0027195192871593992,0.00336869363631042,-0.0010614833826310993,-2.7568533906450163e-05,-0.0015070936079144704,-0.00139117008112633,9.136183864433003e-05,-0.0007992389543195602,0.00391384420233591,-0.00038938881437889023,-0.0004552480331278698,0.0005471151305638303,-0.006219763744959161,0.003508946410172772,-0.00297284270056557,-0.005471267169305009,0.0029469814980868005,-0.0009410310711149495,-0.007077856761628021,0.0002027946407995992,-0.0043056629103564404,0.0006151103658433802,-0.0002439196002062399,-0.0001955238689421295,-0.0014714701275049598
-0.00024241431296936019,-0.00141874499643538,-0.00058380444298211,-0.0036288369968421703,0.00713751809390976,0.0014575115207599502,0.0061830292287441396,0.0034413089357462705,0.0006937797081726605,-0.00400554801075278,0.00045948457073405975,0.0027120946204469806,-0.0010825328111048103,3.7070293263060004e-05,-0.0001839177493014702,0.002386534098010271,-0.00106173429904727,-0.00082705703656566,-0.0002296895581912199,-0.0009730783137185605,0.0011614251604601708,0.0011553542755739893,-0.00202283812178202,0.0017408444779386093,-0.0009017234241452496,0.0041660627767054715,-0.014201619270226567,0.0012161525535517703,0.0018579753957469198,-0.0007496220793299499,-0.0011744245522513103,-0.00251855973411824
0.00015845634822275,3.990894811291001e-05,-9.653062092979982e-06,0.00776027987324905,-0.0009045081517484607,-0.00046837405408355965,0.003235102159791939,0.00608510285206954,-0.0033030271805261206,-0.0018583856195292397,-0.00449833410893407,0.004610967589557383,-0.0016953822691266197,-0.00026092999708422993,-0.0015465166619006304,0.0005772176094365397,0.00018241918719775997,0.00042131169655974007,8.790601881265012e-05,-0.005974072449789,-0.00026194706482124007,0.00209921295416724,0.0019572233325726523,-0.005490600155897482,-0.0045385078390901305,0.00048374522616116027,-0.00012241798259470974,0.005854031532493776,0.0015992739644744506,-0.0006875534166567399,0.00031648455870985986,-0.003848433837714159
-0.0003848384531074501,-0.00032175745553633005,-0.00025763152975073,-0.0004739363794789895,0.008779203786028021,0.00198398827664631,0.009763277712486279,-5.0601462567659644e-05,-0.0004682173703669898,-0.0004255724195160097,0.005957088093080843,0.0008186512047917277,0.00455966426702868,-2.4146057941869963e-05,-0.00017238168930384994,-0.0010497820696731505,-0.00136661921522294,-0.0007076492375881798,-0.0006437610443543599,-0.004343229597336499,0.003006674171315989,0.008021873504552569,0.0036103909206092904,-0.00017926233857044077,0.00024108645351452964,0.00103594987554333,-0.007959981133482142,0.004360514952804251,-0.024291989390526986,-0.00087474263587177,-0.005458378269178877,-0.00268388546902653
-0.0005133001166648902,-0.00037873365275781993,-0.00013197299886324,-0.0014395728056490597,0.00620842437052237,0.0011760013470462002,0.0017116231792384696,0.0012673425625336502,-0.00019218517185357002,-0.0032426895646084095,-0.0009248865111567194,-0.011208050310627873,-0.0009483250094901991,0.0004041621850065999,0.0006041037168659898,-0.0005028257147642603,-0.00051210569932145,-0.0003375968748061799,-0.00027672180767215,0.00561872048984597,-0.0007072139104021699,0.0054158861097929,0.0069388366163132004,0.00490276609787821,0.0008549848269691102,-0.0001547708567095296,-0.0021653103909227,-0.00972107803035983,-0.0012275738456588498,-0.0015992968886105797,-0.0011002493588907897,0.00218160801777766
-0.0005956294827313101,0.0002590372904360301,7.899350520792002e-05,0.00342754151219841,0.003960215934117598,-0.00014478946339361985,0.00770468587198907,-0.0017933980868889,-0.00253638211393543,0.00043195136301513013,-0.0003204869494785495,-0.0024835708242090305,0.0011580118794565996,7.610820754885999e-05,0.00066135517819266,-0.00263396144916045,-0.0007335735007973998,0.0005806342841362399,-0.00032575971335119995,0.0005870892787309592,0.0026233573254713207,0.0035521030073776606,3.8282470188509814e-05,0.00508636646669493,-0.0020943183030507602,0.00146103205778404,-0.0021704172516698195,0.00037039162744926873,-0.00326570127923681,6.015325823161999e-05,-0.01199039002151541,-0.0010289320788082806
-0.00017486627575289993,0.00015486344203132976,-0.00046265977084704,0.0008168800197800401,0.005427126197931119,0.0002503291286021503,0.008719200818310749,-0.0015539300642206503,-0.005732327151694119,-0.00109409928114495,-0.0004354807581942899,0.00013549507782340022,0.0013620048217932498,-0.00061049017782509,0.00067371749778733,-0.00385909962518189,-0.0003763634330816696,-0.0016809053768009595,3.5046595490419944e-05,0.0004499090022031096,0.0038309877566984384,-0.00717310519017899,0.007601127947391863,0.006186938207331148,-0.01283053607014456,0.0003406388712527901,0.0021609728260888797,0.0019287166896840696,-0.0023430467351399902,0.00015961276650274,2.6823746861699692e-06,-0.0019093401311819649
