-0.019871731691689695,-0.0108836230180513,-0.0032394175576195006,-0.015855451291094197,-0.017353232823837605,0.0005064545687184993,-0.015599276417735695,-0.017358382304341592,-0.0066139093505472,-0.0176418992360183,-0.007254331317549101,0.0683625042908866,0.0079487121588621,0.0009989428934502002,-0.00020531551853489988,0.0038284414264661004,0.0019901278988903003,-0.0036835618263921,-0.0011011275226767,0.007418034127157001,0.008885263629232698,0.0001915897960912006,-0.0012665681744001983,0.018286395331962496,-0.004541541172392399,-0.0029062455377579996,-0.0040594748817388004,0.0412058035908157,-0.0015814759837972001,-0.00014889613768270002,-0.0007470371843343998,-0.007709770764340602
-2.2189586639600328e-05,-0.0356177769190478,-0.0024519483634962004,0.0045475186167576,0.0413738498131583,-0.006081244018113503,0.0253394263275298,0.0314107005978487,0.007428773367111998,-0.023238961058947603,-0.021215448445168206,0.004298760919748595,-0.009019891900897095,0.0001663324459282,0.0004025772681883,-0.0071639604348499,-0.0013484093974484006,-0.0012426823804028999,3.907514267799991e-05,0.0038529062444357005,0.016812840233914703,-0.008726534361640701,-0.0036382899621725945,0.017025986573471798,-0.0210000112548485,0.009482537888862101,0.012269770239541601,-0.018362146283006704,-0.0007330000713918999,0.0001339933160671,-0.00044747862576719984,-0.014275075931403598
0.0006579058244383998,-0.0025322535378297997,0.019344279310221105,-0.0008586055471127979,-0.0019492680573999083,0.0014924672729235006,0.04329317535145211,0.01819272056126041,-0.00011520358324759901,-0.0085506655372244,-0.04549094786646841,0.004360657414026692,0.0007436005654700012,-1.6657687937999752e-06,-0.0020704569452699,-0.0130500626045788,-0.00033453438865410005,0.0003901264339131,0.00017747228751430004,0.0005939401526033998,-0.001291985281062901,-0.0075991945586328,-0.0070358899648921,0.0011553408752299002,-0.0061496491901757,0.0002962876238397005,0.0024816982744532,0.0075510552037865025,0.0014285384653229998,1.2180671209499963e-05,0.0003507650846078,-0.0054918285409289
-0.00027434531646059997,-0.0011216275893708998,-0.0012283093506615,0.05116753429114271,0.012354645276655099,0.002622197124346099,0.004514917183133398,-0.061834788376946795,-0.0062842792467041,-0.031074495396555796,0.029361860479891505,0.0041571598110155955,0.010716090435527098,-0.0010097836218757,-0.0003763974473924999,-0.003826995072658901,0.0007937777763512002,-0.0011972042244068999,0.00020161262297430007,-0.0043485667899402,-0.000688960856986701,0.0015400343754986999,-0.008418386225664902,-0.0007789839146902997,-0.00025537881337940084,-0.0002315750420084999,0.0021529298133822995,0.0053265393439373004,6.453216748389997e-05,-0.0001568742487197,-0.00036017793228900006,-0.0015067012346267
0.0017871868980773998,-0.0008054589269397001,-0.0013126083220487,0.019389840711357097,-0.002868254154354599,0.0097492719878365,-0.028622424502885394,0.0071735622431051,0.008476903454244102,0.006309107044485802,0.028399450964137804,-0.0455433029845993,-0.0014452611254891987,-0.0010809937807267,-0.0012151496840438,-0.008118692380959299,0.0021082071955119,0.0006357939411752,0.000718271154844,0.0051268846522242,-0.005897287131599097,-0.001486467368993499,-0.0250159012276645,0.0096272813260148,0.025423599444632898,0.0035413480147732995,0.004629230621183499,-0.03324910115233869,0.0023799307640576996,0.0001635753520967,0.0021948547604596,0.018826602212424902
-0.0008904515503453006,-0.0005840460585812002,-0.0015791005600723,-0.011316244282516999,-0.020581348693697106,0.024181091247555714,0.0292055389263826,-0.009263729047988806,-0.0019471256766426005,0.006300062524551599,-0.0011651976649764,0.018920927986737,0.0098954397530788,-0.0005017456804903,-0.0010383954426719,-0.0063255427181205005,0.0008718321991443999,-0.0009873016771129999,-0.0005053027022151998,5.20816787009e-05,-0.0122148810463873,-0.004101155723715999,-0.011819681419287208,-0.0009315484832097994,-0.012268906561766695,0.0015045013022765997,-0.0021078554710637,0.018249895250065706,0.0018201579759452996,0.000497196662635,0.0012499974075919997,-0.012619162453803602
-7.908353871820002e-05,-0.0009575918838681001,-0.0032329887655090004,-0.014096917948693104,-0.047214480982485194,0.004298187510337101,0.0759184923482118,-0.013548916570206203,0.006225808057545201,0.0147174708539464,0.03240887542477239,-0.0160299084626368,0.014198059333778601,-0.0009349785167134001,-0.0015159464440714998,-0.008827890938729398,0.0005606781838786001,-0.0005739872510851,0.00039178426519340006,0.0038330652902486984,-0.008020712112066203,-0.008005799514863899,-0.03371868491533331,0.0012909143570660996,0.004770357471434401,-0.0007643881961286996,0.0003456277576539997,-0.010272763578065003,0.0037707051209370005,0.0005513261028674001,0.0007437197537109,0.003769967787591002
0.0009056642866392998,0.0003251359713160001,-1.921191887130011e-05,-0.0032686257953803977,0.041202884705078796,0.0045584674452379004,0.030083128205465104,-0.1280664215845044,-0.0005912277925224987,0.006828706589710701,0.044276591522524694,0.0010854552627293929,0.0016205715985917989,-0.00029516077672429994,0.0011384319556561,0.0009811029642305992,0.0014824136190497998,-0.0004534584131071998,1.5569614847900023e-05,-0.002060893574441001,0.0005346125503079991,-0.0005931558613739008,-0.015026922921739398,0.003325278941078102,0.0022116968473146984,0.0007728981597076999,0.0045750008341063995,0.0017956167533881018,0.00043428477906270004,0.0002819227452133,0.000995355122983,0.0009442881644243003
-0.0061334309008945,-0.0030869534706346,-0.0022757219883581996,-0.0091907038284036,0.0184177134753861,0.0034860895111658,0.0007907010000120021,-0.017179645555865798,0.0472922113594412,-0.012070467018780503,-0.0640238504876509,0.05669430175191022,-0.0073797598235725015,0.0001053447585294999,0.0016361929198343,-0.0014716140922379998,-0.0028531052373268005,-0.0010458272165939,9.285711213999999e-05,0.006579098893110499,-0.0038322482146456,-0.0128424818093014,-0.029915438122670696,0.0132952949948806,-0.0032443260632346003,-0.0014522696698651,-0.0028799705261659,0.03334115281392021,-0.00010950210038409994,0.000320065824914,-0.0004107387432081,-0.0006529695454500009
0.00039349744263769996,0.0011464095242440001,-0.0001778485386614002,-0.007881047759547996,0.018129176683359297,0.0059494202298239,0.010688625359591905,-0.0222224130109413,-0.0011585451871424,-0.016037504323256235,0.008375903692473985,7.225653036990048e-05,0.0017728254520529008,-0.0001100097919169,-9.32733690024003e-05,0.0034113121595719005,0.0013145237951892002,-0.00033780514457370007,0.00022617967334549998,-0.0033486174245713,0.0036303405210290993,0.003598497929546,0.003339965850005301,-0.0004732812561371001,-0.004787173629013099,-0.0012544695797076003,-0.0007310824819087005,-0.0006814388905896016,-0.0002834006441302,3.4418560468400024e-05,-0.0001490510762829,-0.0023563912963261
0.00046514063140920005,0.0006632693915764997,-0.0009086936119339999,0.008654634745476605,0.028091304097516902,0.0026471203692208997,0.025201641823470296,0.008529110689364183,0.004139546648271,-0.027090164050920393,-0.0274297046284101,-0.0003744408047233888,-0.0062294923361901,2.0825659602300003e-05,-0.00020422673454970064,0.0024735157289635015,0.0018494157507616001,-0.00016747421239349984,0.0003211890519953999,-0.0061701418672371,0.002902895142523801,0.002352052102498099,0.0023900728652406986,-0.00030340450487410103,-0.0104926456755643,-0.0005444114039014,-0.0012410151600865992,-0.0014708561992392982,-0.0006545013009689,0.0001253690727404999,0.00031718254128579966,-0.0078631138209253
-0.00018470198489490002,-0.0003755215304698,-0.00027662316463900006,0.018336593586547996,0.0309694728774888,0.0012751301064801,0.03964177504681869,-0.006043231737178301,0.000999497748151999,-0.031075742595681098,-0.0342515121683563,-0.035810821303015786,-0.015372644625077099,0.0012232346640326003,0.0060811580666283,0.005489650142314801,0.00018639044856450003,4.7553250052099994e-05,0.0003938704092483001,0.0010316181105001002,0.0100409610331618,0.0093640242128617,0.0288583553128604,0.004521971447296399,0.0007752033441579004,-3.364592795829929e-05,0.00014186702819709955,-0.03913343141814282,-0.0021953713860950004,0.0016960369087173,0.0061441402326288,-0.0024652561352010004
0.0007312282177891001,0.00037781459648639996,-0.0017770204443451,0.04237874493456931,0.0255027784235849,-0.0010394961573069999,0.043566782728706496,0.0398427745837021,0.0039447668988369985,-0.047424929607623,-0.034911799371179095,-0.019035550133872398,-0.0380974248747034,-0.00025161905339879994,0.0008640815327213003,0.0021716721843526993,0.0012721187931233999,0.00025364323406140005,0.0012187611412144,-0.004607161496294901,0.004759824368795499,0.004077818870379999,0.010234270904217104,0.0015316746192176982,-0.011885788820889401,0.0014639690991922003,-0.002893661896066201,-0.0158520068625337,-0.0015055394598733,0.0008043662038157999,0.0016079942461486004,-0.0073230874028298
0.0008025583429042999,-0.0032263397222813,-0.0008870663286991995,-0.010509441458947402,-0.013989745299930786,0.00020696996728530002,0.004890614868277993,-0.017149688710804592,-0.004818733133941901,0.024561297492186003,0.01977386810794289,0.016249176303895385,-0.0005022014353368021,-0.008100792330527802,0.0010775786624592013,-0.011466573597993501,0.00036878452173600004,1.7741792546499937e-05,-0.00033177292390000005,-0.0015159592951052986,0.0034155054117192985,-0.005154902276406199,-0.009336723070370301,-0.005467408251858699,-0.0008743735338848993,-0.0008904858491735994,-0.0023093611491729997,0.02226372277138429,0.0007390793505358999,0.000412283839244,0.0008963405701243002,0.0008560463660940995
-0.0019241125378057999,-0.0012828063822813997,0.0008554643988468,-0.0002974444800898923,0.031633395817020696,0.0016922802679491013,0.02867376027838861,-0.0019659325097631936,-0.0067922873066876,-0.034732007793242294,0.020918800395366505,-0.03974112748292599,0.022597632990872602,-0.0006699990813109997,-0.023021520296625103,0.010410241607804701,0.00014569147183540005,-0.0009424496887614003,-0.0002055013987521,0.0011792226225455999,-0.002023344684116501,0.014183956299643898,0.025733976688386798,-0.0015596649820384997,-0.0111641996605186,0.0030753155824441002,0.0007062257694326005,-0.036720947322752,-0.0007768432708193998,0.00017611464952300006,0.0029925364089191005,-0.0011544263704885002
-0.0077809858268197,-0.0034644533292235,-0.0009698505890896,-0.020754728616803803,0.021333100981719297,-0.0059417052442561,0.1027817283863942,0.011869686152508795,-0.007999058107881197,-0.0038908848606298008,-0.020822174779096092,0.021612822463457096,-0.0071386898351005965,0.0002936787991036999,0.0005323871077304,-0.028363158989888698,-0.0006590551684713996,-0.0034869432494001006,-0.0002978488205637001,0.0032849079946718,-0.0055062706937699,-0.0100241873368219,-0.023699193460865603,0.004435478802787902,-0.0217117236381869,-0.0063517342723199005,-0.0059032846787325,0.022193346625972395,0.0011043601724894,7.381370548249994e-05,-0.00021399473267310004,-0.004535384961723701
-0.009177709286731901,-0.0058916189548387,-0.0059194300524688,-0.014718400655612598,-0.0220044392742383,0.0015235557237909987,-0.0300552519783392,-0.011272593740854396,0.0065938859853454,-0.006196315148605098,-0.0198993566911215,0.15078638709707143,0.009128849846804902,-3.579081453140002e-05,0.0012911767878834002,-0.0034366119146854003,-0.106403399156166,-0.0049107401685411,-0.0024243953748542004,-0.0036980079864033996,0.014464656569743897,-0.015069175629882602,-0.015050125199125894,0.00015571628593809977,-0.013010988613167799,-0.0038456188685555004,-0.0034690386711177003,0.1205369050446979,-0.0006956942770923,-0.0002339843365337,-0.0005860880351739,-0.006476358512634299
0.0010427232597910998,-0.0015396700766798,-0.0007580542691949001,-0.0039008634459235976,-0.01728153241741289,0.003716211031698601,-0.037483652162051406,-0.0111045666368434,0.0030101992923983016,0.008587578319369304,-0.036321982194444394,0.0524917700172282,-0.012923607970435402,-6.466783675949993e-05,0.0003060436798449002,0.011057968291641199,0.0025885240258693,-0.014744397273461302,0.0023124803514947,-0.002579642068307502,0.007217026974205697,-0.0058719823454297,0.0460045122184083,-0.005098664065438695,-0.021052837068937902,0.0035963750836697003,-0.0019953652869497997,0.03974923536695621,0.0020484499252512002,0.00020958967594289995,0.0011461814919237,-0.012363383887423302
0.0017844504449754002,-6.997464321199993e-05,-0.0014966478424286,-0.0141148635459259,-0.0033874674531746973,0.0024767314595517,-0.031736047716329804,-0.0030527200156941006,-0.0002551507724771994,-0.0015940235626901028,-0.015581406449873901,0.006391498624853803,-0.012219646394619699,-0.0002526905409801,0.0012069948359049,-0.0022519149038001014,-0.00019518553286399995,0.0019559446311996002,0.0398378757648505,0.02438857925225099,0.012611936667180301,-0.0044477926710038,0.0024268318174322998,0.018323186606935007,-0.015262483650250298,-0.005004742251932495,-0.0006903788013985016,-0.0009564652386655076,0.0017421269926220996,0.00040274914394180004,-0.0012060243318257001,0.00022672007744850044
0.0015603045748809,-0.0010123476393880998,-0.0002850397549532999,0.007893138076117297,0.030526479630676097,-0.0073717747454874,0.009694534272143202,0.021233421323653003,0.0005457696224576997,-0.010665009542939599,-0.030029624038405204,-0.0211721569794701,-0.013420157626116,0.00016560637289680003,0.000335591101304,0.0035498266751603997,-0.0011281265407272001,-0.0006945521232164,-0.0007800862575864003,-0.035104902160287,0.0233696604208453,0.0006791933246804993,0.0348670743892217,0.023294082900059396,0.0007145970083034994,-0.006393330733246199,0.00018399888730370045,-0.0315462902801637,0.0013087573518169998,-0.00019123133311939994,-0.003662615747616,0.0035352095712021005
0.001475800367103,-2.255945376330006e-05,0.0008984871117627001,0.0088333286876695,0.048642246026896194,0.0030985414170368007,-0.007196002075198701,0.0335713057961959,0.0009250076761328999,-0.0002913349067938005,-0.0363343512086868,-0.07420500202982949,-0.0222049424488199,0.00017281603098320006,0.0015429868448400001,-0.0014963839247980996,-1.4166444375799964e-05,-0.0003041766076012,0.0006879926644348,0.009505809506671896,0.0925710660803521,-0.008107391353445199,-0.0343157959462123,0.005992107385783901,0.005263404861467501,0.0047862334009543,0.0045903073870845,-0.0414156019631476,0.0037251769049638003,0.000728756942334,-0.0013469192540698002,0.0002432525240754005
0.0005855207489759999,-0.0003150675189406999,-0.0016855019205939,0.0010614210386380996,0.0011127365876767992,0.008904521951522198,0.0028227124544962998,0.0003707481253434966,0.000910639859032801,0.0197530350841689,0.0343079148233337,-0.059310256024167896,-0.004008517072656599,-0.0002955283972069999,-0.00021320416125599991,-0.0049607197099222995,0.0026753466772523,7.164529917660001e-05,0.00037695175614380007,0.031275384061606605,0.0052990324096039015,-0.04171775821185089,0.0218826497738579,0.03756043567457909,-0.0046354324963674,0.0025431072678986,-0.0033445745249527006,-0.04493343449756371,0.0001285439426978001,-0.00021826973257219994,-0.0028793300742224995,-0.0031247531937309975
-0.0003201325020256,3.353490768620007e-05,-0.0024274446129093005,-0.0027350121513127976,0.011410733821992002,0.011552502571165102,0.013153218601636596,0.0048032469143935025,0.0034092512292488997,0.0199436352849134,0.0066620297422802024,-0.0687136832151102,-0.008733207311369302,-0.00021253488714350005,-0.00025502610344830005,0.0018502274661253999,0.0019839574225474,0.00016598420543239992,0.0005057624687360002,0.0383671290378323,0.005843812473495701,0.0014602905448487004,-0.01719069879900731,0.03701281472201519,-0.0097507831634762,0.0068149917347625,-0.0023581663698112997,-0.04137444013520889,0.0017308833928782997,0.00024863642891120017,-0.0019872882759859,-0.010894225444092099
0.0010390910724274996,-0.0038445376525536,0.00025257094069929984,0.0200119654702604,0.0612294750090391,-0.0041780243019514,0.0282588476385926,0.0537639255150426,0.0044683530108522995,-0.0147197657003718,-0.0506915790483966,-0.021187138808162004,-0.021166920771604203,0.00018046205525389992,-0.0009664866044561998,0.0031615678526445996,-0.0019273113816701995,-0.0018086585575542006,0.0006452749588335997,0.0311985083835993,0.0287558054341026,-0.0054678496131309005,0.007271737003151195,-0.0876975421522262,0.004922174993708402,-0.004117196269705501,-0.00010907070715210354,-0.023882242851613694,0.0031367429272752996,-0.00011558230092,-0.004602872683375601,-0.0018137228606386994
-0.0040265475940488,-0.0021849798559208,0.00035219360626670025,0.0019589144498981005,0.0132348992264067,-0.0032718628962605002,0.011066855214676007,0.0033135926533851,-0.0114008841223387,-0.0048236515168790985,-0.0048709721772959985,0.0666693499781462,-0.0014695228191448986,-0.00016027601001640003,-6.010851690899967e-06,-0.0010126598663809999,0.0006873856362674003,3.540793485240002e-05,0.0023684894549935998,-0.0115831317872171,-0.0027530272602545,-0.0131482376695558,-0.0155004706257214,-0.017778135809795297,-0.0683102015485692,0.006271152964842,0.006513910290482601,0.05424115908438849,0.0009883800922652,0.0002597692745092,0.00031864682362019994,-0.0059795342739096015
0.0008054490906490002,-0.0014762287354895,-0.0002776999409994001,0.00023903592933589846,0.0025635467181609056,-0.0040609653488322,-0.002986717961000307,-0.010425306635064802,-0.0040743483834341,-0.0006498631043467002,0.00033440337372810103,-0.015322872595653,-0.003046990947146902,0.00039937166950979996,0.0007204225223067,7.100182649319962e-05,-0.00037911985485389993,0.00048207012281920015,-0.0014564050973846,0.026813680162930897,0.009391574688646202,0.0017774720427490998,0.028674984733641495,0.0193384312317657,0.003985586207166599,-0.0321488949341906,0.0013169608667977992,-0.024448438584537505,0.0003072780279819,-0.0004257246567945,0.0008040617586652001,0.0031542458063802993
0.00023860121902579984,-0.0011539816597611,0.0014149395152691997,0.014583182076538102,0.0120539927261415,0.0047245386243602,0.014741724633389595,0.015081937502556,1.3129606242900244e-05,-0.0012455313955441003,0.012525768987816502,-0.01754112563687829,0.005517851363086197,0.0009902720987565998,0.0014373803711191999,0.0016111706952068993,0.0001221965919456999,0.0007885704733626999,-4.8795707236900035e-05,0.010534374521684702,-0.0066977439387211,0.004200113446680201,0.013994055620800402,0.0016932406834937012,-0.0019295231006248009,-0.003732306701214898,-0.04660078833114539,-0.030075725886079097,0.0006969423334849999,-0.00039940776665409997,0.0005990681522689998,-0.008138121119370501
-0.0003252795064370001,-0.0005480426795768998,0.0003765903555916,0.007975927881493601,0.024217754235644595,-0.001462265734323,0.0292404733272505,-0.0068834717076117005,-0.0005633389510818002,-0.0254098439904736,-0.0319144684591971,-0.0005184612063406924,-0.008581848095482802,0.0009797151490449,0.004013909757930098,0.0040549404206976,3.9435289040399895e-05,-0.00017015459108700004,0.0003553641213830999,0.0014921945704647003,0.008146232662997998,0.0066573552523782,0.023236766752523296,0.002083019354299099,-0.00018108028016169953,-0.0006787047144389997,0.0006802836282383002,-0.033529203429062016,-0.0022978991304215997,0.0011800460407911,0.004207335947021,-0.005873282271093501
-0.0020104659417104,-0.0024253188603106,0.00017531321492329993,0.0008562444351617009,0.020597899117495502,-0.006469942075237902,0.032778310743539193,-0.004799032014267297,-0.00011444391467509921,-0.010565531529892199,0.04137575778660481,0.03613016998973409,0.0251418054221327,0.0007814892971021998,-0.0010317716877392006,0.004269336848179,-0.0005123415422626999,-6.634630794700004e-05,-0.0004308400837435,-0.004625782647814099,-0.0007042430408621993,-0.0044518109816176,-0.0067296564073298995,-0.022280985804165498,-0.001010763750187802,-0.0147309093085653,-0.0419662572004872,0.02037269565659401,-0.0489333475540331,-0.0006137724610706999,-0.0019839784183644,-0.006021480979182599
0.0007945823693970999,0.0002939628411599,0.0008474146694595,0.0410707933857885,0.0412485666046037,-0.0024689083786705998,0.014393546747690403,0.0572582188639528,-0.0009486105660263004,-0.0099867969991404,-0.028391223966766695,-0.08681202961549872,-0.019881644655743998,0.0010001867250022,0.0018748047456241998,0.002948200786128,0.0020540783706353,-0.0006110535508765999,0.0038598775414621003,0.0027479990175093977,0.0114424191707591,0.008300357013071101,0.023873764866585795,0.012929337015831002,-0.0007667323235237,-0.0016797651918570005,-0.0039006675322309997,-0.0807173862200568,-0.0034115761038483,0.020571013997169096,-0.0015747438203250006,-0.0063579858072640005
0.0004979722485370999,-0.0006375385069460001,0.0007845162484696998,0.022392817520767196,0.0248325054976834,-0.0047383674563456005,0.0230664468827462,0.011687965189733099,-0.0009451687213928002,-0.003565690218839601,-0.026311138041507497,-0.010090936463671402,-0.011188042350463601,0.0010640700554196002,0.0028837024013687006,-0.0018684610844955998,0.0014380513711574,0.0003647314070879999,0.0011500439560157005,-0.004558167094105701,0.006220383179445201,0.001478070017586498,-0.004965937349746798,9.644384014969795e-05,-0.0213203812677576,-0.0019716401158105003,-0.0014381562188612983,-0.016496459658179502,-0.0029996682151833,0.00024184093175270006,0.0389120448974504,-0.024015852882064002
-0.0040053699621926,-0.0013765580715821,-0.0013907167951628,-0.0041630858485735,-0.006149298291129306,-0.010255324325709799,0.038923173526418595,-0.0067586324922526,-0.0013694983686441016,-0.0173072018705817,0.0203386807266124,0.026693401728129604,0.014184812512987699,0.00011984382905099995,-0.0010970819956492,-0.0005101650664021996,-0.0003843687686715001,-0.0001794180541519006,0.0026008035286193996,-0.0096880717070148,0.008404341558262397,-0.008491106487665899,0.010471493498692204,-0.010138286128269607,-0.0372351042458281,0.0080397466691383,0.010282051949485498,0.004943378492897096,0.0005942881277484001,0.0004010510439937001,-0.00041056802252669973,-0.025087210690027797
