0.0076192309043818796,-0.0134166957608765,-0.00027549931031620005,0.005334666146524898,0.016996000962366496,0.004755998694799701,0.021416271221736692,0.0070867109478776995,-0.011267324055974401,-0.0106761612389277,-0.003449927708118701,-0.0003537524699934007,-0.0015385191090623996,-3.249045647199999e-05,0.0012218600687575998,-0.002309818305925398,-0.008936235577184402,0.0016569835106593992,-0.0031867962292487996,0.003694213898355201,0.0020064816049367024,-0.0024168452104658,-0.0050599277675182006,-0.010531860000784897,-0.003886575692895301,0.009248472393658601,0.0026306057498618005,0.0056213550396921,0.0024487682820546006,0.00010115358229240016,0.0037689353903826005,-0.018269279504574597
0.007880154407680001,-0.0023218442354027147,0.0011037602950708996,0.014010672058258,0.0369897887112539,0.009326582103419398,-0.007972772877542701,0.0137035454766536,-0.0180631156586355,-0.0037266796816217,0.009042179092504899,0.0009421171072463985,0.00018751525565200051,-0.0014358669600081,0.0012772104393551998,-0.0100512044284483,-0.0026013133105835,0.00023098757248300045,-0.0008060515961567003,0.010779305695367298,-0.0013384864423123012,-0.011269277726861301,-0.0381350342312549,-0.0021826115868913004,-0.0045674122585473995,0.012836383026886302,0.0042465104091262,0.0022110048347804973,-0.0030149599932381005,-0.0010412796876009003,0.0019703742832344997,-0.018210180093866803
-0.0042560230694912,-0.002505168856680301,-0.07543676367825014,0.0290740176501436,0.0139249085612426,-0.003970053880511899,0.017760074487224303,0.023158060259617905,-0.013321390154877799,-0.005321953584678501,-0.004451514485791102,0.0065160823741612015,0.0010621203802026,0.0002399865975361,0.004137064746873401,-0.0023692807968509998,-0.0027765842832921,0.0003160080978605001,0.0008170069396986998,0.006475804182059501,9.116290498989953e-05,0.0017447184101139004,-0.00044631617475050095,-0.0008666805881393999,0.0009113644292755001,-0.0002192667692611002,-0.0004994598161703998,0.004397169240593798,0.0033890569287321004,0.0005992427165276,0.0015035987846757,0.00032300844721649957
-0.0012434000634495997,0.003938749281472499,0.0058155693388584,-0.06577112340839397,0.025145567230143898,-0.0012202619074325,0.022690186085811997,0.0017136137018351968,-0.0060553586481372,0.03131695532506479,0.0032968913057244004,-0.008591505541034801,-0.0014961944371547995,-0.0013394545940173,0.0007759681205883988,-0.0021044617407729007,-0.0042759714169821,0.00047397274847859987,-0.00025523260524110006,0.010585673425717899,-0.0104109255666205,-0.0010889240826562003,-0.006843292608167101,0.0053034868084258,-0.0033509904814151,-0.0014975401735513004,-0.0008597826138153006,-0.0037054928773951005,0.0022433218901351006,0.0016147956062254002,0.004888913225098801,0.00030624867265539955
-0.00024076625379920009,-0.0009321562440460004,-0.0018604444795591,0.01116473826745,-0.05213869056771692,0.009251196287509603,0.045833607988886194,0.0161524139946169,-0.008449335370360099,-0.0049364786988840975,-0.0025765640745818996,0.004925141931332002,-0.0030733131971889998,0.0018809966279999,-0.0027744296592228986,0.005237515708815901,-0.0089076918478059,-0.0004359552028745002,-0.0012059412910093,0.009818162322683503,-0.0050917864055583,0.0022730780916126,-0.012312232355361198,0.008904280857122002,0.0028235173350189,0.001528403493185,-0.0005130160774029988,-0.006363947326785,0.0015221504466712988,0.0005925341208206998,0.0005145975295351001,-0.0106095859511027
-0.0009109445514533998,-0.0084641893637502,-0.00044191235056470057,0.0233947263272158,0.002798350466995201,-0.018085736748958303,0.020307682521117598,0.013291976922345898,-0.0174891250751891,-0.007948402548563702,-0.007898833381872899,0.006874907382469101,-0.002271017550207699,0.0007618487952278001,-0.0018083867619380998,0.0048878352458096,-0.0022605753387712996,-0.00042697561982290005,-0.0008163650882858,0.002478674182796802,-0.004816326242636702,0.0005948538143478004,0.0009979454782623985,0.00015968157862740126,-0.0084890098556567,0.0004724326259789996,0.0007135901593048003,0.0052092961462336,0.0044142571172331,-4.898724776800133e-06,-0.00026345690880639995,-0.0049619026527114
-0.00017153663443730035,-0.0015213553417072999,-0.0006439852377366998,0.020764444165003997,0.0128001275171679,0.0492371754267826,-0.13469441018515138,0.005021516121059798,-0.003118882291467201,-0.009999453262176897,-0.009473811148367903,0.024022164662331702,-0.0047227383682539,-0.0007714283167353998,-0.001123900764904203,0.019730798668232196,0.0038346981980687004,0.0032318386930354995,-0.0006429943612652001,0.013640432223420297,-0.00047131555097019995,-0.00017632100104899955,-0.0269416594171499,0.014598616491430905,0.0043634335407548,0.009126585870249702,0.0039522811151216,0.0070710583332763005,0.005091549579869899,0.0004227734447591002,0.0003537425479732993,-0.0027894447171660994
-0.0020900749657407998,0.0024567185585435006,-0.0024996223324927,-0.00045310597433059763,0.0470734611340885,-0.011874330197135699,0.05072889156772871,-0.05500810679887064,-0.004424899181675299,-0.0015863044917447978,0.006292152892082896,0.007046696415157098,-0.0017174002178595004,-0.0012365482388487,-0.0029730662186428,-0.0008589789383888994,-0.0050166013768883,-0.0021105714054523,4.996237439570039e-05,0.014632769033577499,-0.0149955953449507,-0.0029761415922185,-0.024903835838816498,0.005259021209937806,-0.0017681774929129003,-0.0008582103310950003,-0.0011609704146163993,0.0031866696796818,0.0012909549845840987,0.0016476544524687998,0.0028490393372302995,-0.0040014502867951
-0.0023171690702118,-0.0017708979457179,-0.0013019947765667002,0.013366163478482199,0.024076792375321697,0.0003129492810483997,0.0245596870315668,0.0079063294710374,-0.04377908349257692,0.0009451210373821999,0.0046911413963363,0.0060942670327643975,0.0007118573937917004,-0.0008864203300873,-0.0014742488823819996,0.017671983692113098,-0.0010068937037822998,0.0006353592015147999,-9.71545713313001e-05,-0.018889779858209,-7.821236350959854e-05,-0.0011381740807050976,-0.026876790419297997,-0.0171156079261353,0.005571820295430699,0.0016176743335264004,-0.0015220382033457,0.0005304889005128006,0.0006947589336161004,-0.0014973810592048,-0.0006702679175533003,0.011035720746171901
-0.0006979741555107001,0.0008477242613735003,0.0020928793595032004,0.0035796319087666034,0.0100981142859515,0.0026783010277819995,-0.00011333871567959994,0.014331864030562396,-5.519894119469966e-05,-0.032764908741404586,-0.021723421119307196,-0.0008334320929240004,-0.002828832035129801,-0.0007499982754018001,-0.00025194896454030016,0.00031321742686849993,-0.0019331832622807,-0.0009403171075517999,-0.0008044508002404,0.004864370168687099,-5.0370616141199795e-05,0.0002977390994509,0.004508873663266499,0.0057146483991004,0.00043657393286359973,0.0019961961960985,0.004226596181559499,-0.0031693062979905005,0.0060999563953790005,0.0003315663796805,0.0031523814693040003,0.0013460469390994996
-0.0030840931531863998,0.00026522930798110033,0.0015866977728525,-0.001176995473139597,0.0322693084112683,0.003013625098372,0.0116469069336969,0.019875936546802593,-0.0035110804098363,-0.057800668497289875,0.027096387443845404,-0.0111669019850462,-0.012022070587833798,0.0019854432638858003,-0.012038034387483403,0.0019190706831910005,-0.0045476534861265995,-0.0019501558494801003,-0.0022838479373649997,0.009136004473040298,-0.0016190392328765991,0.002050483215524,0.0033059937910888005,-0.005278982625095699,-0.002086522293023899,0.003941868867164702,0.007547598956079499,-0.020399909081201505,0.005262298352728801,0.0008679543898173997,0.004323618513810501,0.0028715289778352988
-0.00030864129724310005,0.0009140736275227001,0.0010190776873973,0.008910128425517399,-0.004626711624076699,0.0024326283564346006,-0.007094425686111898,0.013045266475830899,0.002029852977609197,-0.013413341938897698,0.007180151132920601,-0.030840889349399714,-0.0037273128293433995,-0.00039944284588749965,-0.002053661046254901,-0.004088748577953099,0.0010757816287173998,-0.0022103572800346,-0.0006707513247124,0.006703641005905196,0.005143809409889094,0.00012220580784179976,-0.00034103418645010236,0.0383972642590992,-0.0034847030827377,-0.004187730630989598,0.0019884174385643993,-0.0015697114381291039,0.0003359031839156,-0.000511480621435,-0.0005369854364529001,-0.0092322722210559
4.921005780300029e-06,8.239775160290004e-05,0.0022270079040776,0.030784479417775196,0.031409740027523794,-0.0016217310991209991,0.005960498271614996,0.0582591757009028,-0.0073841089931287,-0.0141044258950099,0.003968714744727701,-0.007441834228476503,-0.07778259668613091,-0.0023742390893849,-0.009944842433673301,-0.00014050566088039985,-0.0020643520159505,-0.0016652103393959001,-0.00020885922514879982,0.008024751719152595,-0.018129740959850097,0.0032901207559652996,-0.002224135987951202,-0.0009716245603156037,-0.001033882109243,0.0021385718394869996,-0.0030680197297132013,0.0003374168918132969,0.004626288118548899,0.00035542393629799975,-0.0007978086201769,-0.0005115904517198006
-0.0022446332689527,-0.0009738762159635004,0.0032687988440517996,0.0023623695067937003,0.0223084359908799,0.0035771301580018004,0.0170704720961967,0.020698206313775704,-0.0009630474915234988,0.0064595204692483,-0.013120689043923502,0.0031744578835206996,-0.0027828233639353005,-0.03279597501700848,-0.0001767667857715989,-0.012173364129846802,-0.0011295232799056003,1.6196184008900136e-05,0.00041183053615680013,0.003505108045811398,0.00013745543287589992,-0.0020116363590234002,-0.006546780264107099,0.005217719745986799,0.0031429288372470995,-0.004268271361303001,-0.0029552141838328,0.0028880945856176003,-0.007792538049468301,0.0004649366226497,-0.0045069580245331,-0.00026156441372439995
0.00017092157591680002,-0.0006390327133528001,0.0013775468021983998,0.0070429961926287005,-0.013175065516764,0.0029086446538019,-0.005073205374038096,0.00015829303714049933,-0.0033029362150637,0.0105328438778445,0.010262699109858098,-0.0021428860985467004,0.0018336819760075996,-0.0020171265719768996,0.0108938403710368,-0.0130679191508482,-0.0004763544934717999,-0.0017846894372817,0.0001640320712520001,0.014606704005624,-0.016999427864176596,0.0007193973934376992,-0.0094776003586081,-0.002722162283471899,-0.0006581154691511003,0.0015039035010052009,0.0046871191614614,0.0096935531556595,-0.0012977260872590003,-0.0003386121199722,-0.0021875997536915,-0.0011957173771986003
-0.002688941425398699,-0.0037366194208179,-0.0045730325503481,0.011605334669420202,-0.0168207958381357,0.003997760374892199,-0.0159244258776481,0.0088681432213626,0.004079622092746205,-0.0022779321359724,0.0015288811175230982,0.0087440298462493,0.0016688216015565,-0.0015563921371441,-0.0016585766801005992,0.05103207677154642,0.003959946502335899,-0.0025635007049906976,-0.00037569321924699976,0.010000941696178798,-0.007381135802816401,-0.0021331566061688,-0.0354869377271481,-0.00036062970991619647,0.0004949616950463004,0.005277486315193199,-0.0004947455175622999,-0.006356342796192299,-0.0015280126441724,-0.0011263436206178999,-0.002278272971162,-0.0019365185184913002
-0.005671450836434,-0.0044116936193928005,0.00012015311337710026,0.0013444226224305009,0.0367948621264279,0.0071514761910888,0.0257069803106363,0.0027121482402876,-0.003273266861283401,-0.011784551855562701,-0.013414455202214801,0.008747149253609398,0.0024304869719798997,0.001250892260622,0.0010104461733612003,-0.0094974516961574,-0.005004782213886061,0.007924649665017701,-0.0020129110720108006,0.0019103196866264022,-0.009540892725238597,-0.006455492473707601,-0.0319340111775841,0.0017295556175397006,-0.0039026697339233,0.0026874160737041996,0.0029977396495395998,0.0018454344720405004,0.0019200200369230997,-0.00012710376845949996,-0.0015414373292520003,0.0002880180998955026
-0.00010306295866630011,-0.0030758039429680997,-0.00027611328891140015,0.011576952924528702,0.001022300554613699,0.011320277832319401,0.012089897304788197,0.005014760066981599,-0.007548115517471201,-0.004398810194954698,-0.0018832184268135002,-0.000368665854718701,0.00042046075688220025,0.00035583485624249994,0.0024227294787096,0.014542844760662098,-0.002143336946883099,-0.031914420894489315,0.00014255145570700022,-0.0049179909414492975,-0.017658726877188405,0.009225079237979099,0.00700178687129531,0.013422073360055596,-0.008460306952258799,0.0004223582822528004,-7.735021039859992e-05,0.001622186236144501,-0.0013861023259787997,-0.0004915892850532,0.00017574236627860033,-0.006074221727237601
-0.0014358725721308999,-0.0022259302585703002,0.0027217952258396,0.006256429098769601,0.025022364532697003,0.0008893932629075998,-0.004050048761330801,-0.0016890450644880001,-0.009299608983830301,0.0056905763399292,-0.0021181538462198,0.011720222305914199,-0.0007501385518250006,2.8619139554100174e-05,0.0013504688654087998,0.0011460337315103994,-0.00021005938641479975,-0.0021084856000043997,-0.03706421139617788,0.006268705045123099,-0.0120432869873363,0.0025243444047091997,-0.0007922817092850011,0.001300816194985406,0.0020460013633518005,-0.005740146638686099,-0.0007945654035805003,0.0046369589220621,0.0010173260189693997,0.0011275493518494001,0.0015884212458071004,0.0049858101104922
-0.0032747882727199996,-0.0041119193596386005,-3.862944932940017e-05,0.00040879109881660023,0.0201145804430353,-0.0014451358407638,0.0117001561216159,0.0063424554574029995,-0.0094517940849199,-0.010703435241953599,-0.003054038914297501,0.008425145505515201,-0.0014122390689691004,0.00027966070659359997,0.0017087493082838003,0.0094719043286264,-0.006947934540248999,-0.0014481561936745,-0.0004093895840030998,-0.021696920607235604,0.006906427162220605,-0.006512910104451694,-0.0033058219759352914,-0.014115036866791601,-0.0018328984246670996,0.0009399705702914998,-0.0015458858706735995,0.012005597670279602,0.0016385563799625,-0.0003702791886383001,-0.0022783183922997,0.014013537228567102
-0.0025657610760144002,-0.0032772937749924002,-0.0011992712347846995,0.0020384966811255005,0.0294541959939249,0.0013357864554045997,0.040850235120274594,0.014160601397412098,-0.0201293916484451,-0.008469086498235901,-0.009071178168121702,0.005684205270814698,-0.0035707652594938006,0.00021629820699429992,-0.0027343090902855996,0.026540041040307404,-0.0161016220493529,0.0017599483828189995,-0.0017262262861135005,-0.0181648670675812,-0.09981714226507571,-0.002161273104245298,0.03948188117728291,-0.006696176027726403,0.004395038134062199,0.013787001468487898,0.0035537798280678,-0.0014756047362644992,0.0006451327719620009,-0.0005900271129576,-0.0013527457099586,0.015200099180708901
-0.0021084372015302004,-0.0012081765895373998,0.0022510136363634,0.0026366827830539997,0.0011176827418916992,-0.0009700245187049001,0.014854686682534306,-0.0005948433485485002,-0.0086026132651996,0.0014742415455757003,0.0051588946214262,0.0066990304756787,0.0021946806939637,0.0005010718277347998,0.0007672224774090998,0.0018404695795338991,-0.0069127632315062,0.00031660697267059997,-0.0037910962308612996,0.0192152654490861,0.0099432714584019,-0.08009894657806738,-0.0022394929586006043,0.023302022665852996,-0.003635931239308601,0.010670914650587702,0.0020333020015640994,0.0128952431516679,0.003267224292267899,-7.650532359590001e-05,-0.0005787085947205001,-0.010321988627084104
0.0019849887195695,-0.0025689755902593998,-0.002849837190568,-0.00012338930062650005,0.0032503384067794003,0.0020250971942708997,0.0177828229837568,0.0015448282165093,-0.015370931371622001,-0.011021117303302599,-0.0127816840035168,0.009878515903686502,0.0020541197606528004,-0.0012224568285018002,-0.0044499859833650995,-0.0008630057820007992,-0.015632492829914302,-0.0039840461161556,-0.0011083824611995002,0.010824966795350402,-0.0016573114087258048,-0.010610919488547902,0.017133995928166335,0.015830118510230806,-0.0021856776182021,0.0153635094412355,0.0045465338771786,0.006650672935128402,0.0040864319083286985,-0.0006254014071521,-3.202507801239969e-05,-0.025869300819171805
-0.0019108041345391002,-0.0027513402462684003,0.0010540800020939003,-0.0014086490444894968,0.015391046833693401,-0.00034303592084110063,0.009369234874398398,0.0035241496254059014,-0.0112790796717773,-0.0052340121335757005,-0.006975924886240201,0.006912919828534899,-0.0105830171555912,0.0004373108211031,0.0015619129469263996,0.0170680018433353,-0.007598964958872599,-0.0013900680953058998,0.00018535414343589986,-0.0010060298339783988,-0.0006104916097055962,-0.0012547384369129971,0.014714177462732611,-0.03787784283216522,0.0005141999114455995,0.0061571654946661995,-9.581589555729929e-05,0.010557607975568303,-0.006063370548044801,0.00023751133357840007,-0.0005542337802898001,0.009252746087236904
-0.002202822078908699,0.0020516517453192,0.0008160114120052001,0.0054687037519995,0.005849945046373692,0.0033655325357915006,-0.001965264436395997,0.0021280592979985025,0.0082953622281206,-0.0031635383604969,-0.0083895237167666,0.0096081244809043,-0.0037345826007313,-0.000593860001864,-0.0015387718264967,-0.0316930527391418,-0.00012464795566530067,0.0034059781568869033,-0.0009118351630656996,-0.004557505542288901,0.0013770670854495008,-0.008515878807384698,-0.013737023247826996,0.006191359375642705,0.05520583641821819,0.00045610111351929985,0.00025624614621140053,0.006388229911116899,0.0047439330201314005,-0.0003089607802008998,-0.0005182673208938998,-0.033652607147560396
-0.0008351559570954998,-0.0008008739312955,0.0005562617751507001,0.004647528964068299,0.011343398185915406,0.0044253510389077,-0.0018445956828143997,0.0073247617887769005,-0.0116066414458718,0.0023679161723052025,0.003102803955612299,0.0114772901789576,0.0012420231671584,0.0004956004018833002,0.0019648430049731,0.0070587959316323,-0.0008144563046335006,-0.0005144966260280997,0.0037686273490154,-0.015309456751390997,0.012862603787314901,-0.0043307743263915,-0.010929128973914695,-0.0011498882038833008,-0.0037954462853772,-0.043733998120181916,0.004303398941582999,0.008445028997968097,0.009135628502118302,-3.21696288353001e-05,0.0012770171361965003,-0.00010179704182380206
-0.0013833711154682998,-0.0005397180243646997,-0.0008980698548078001,0.0084477373428239,0.03930433192428409,0.0027931124896215997,0.007607150723961197,0.019222376670733097,-0.0104236951736796,-0.0030484063242522987,0.001566310534711901,0.023062679191249803,0.0008132953137292001,-0.0006286810951428,-0.00022378586560930017,0.0055714803606626995,-0.0017871634944494996,-0.0008420470656858997,0.0017827816089896007,-0.008299607110907409,0.000817745779923898,-0.0021318647408963016,-0.026429841270390803,-0.0038683564020621022,-0.0013871463652391997,0.004830197593508605,-0.07668268155545482,0.011499298822529598,0.0077832161156083,-0.0016775681768073998,0.000332789590734699,0.0048174995721466975
-0.0023947177888381,0.0003077670509542001,-0.0009924623999827001,-0.0037931314377422,0.019848606883018795,0.004803388895611401,0.0072495384211754,0.0046423660599548,0.003620597881110396,-0.014288787611768897,0.0074376458925196,0.0313010028542557,-0.003969755688218699,-0.0011873997033538999,-0.012564346879232698,-0.0019745217146042004,7.113691232130039e-05,-0.0003205756988181002,-0.0011623161119732996,-0.024415294635085003,0.021012699692548098,-0.0014105765519732,-0.0072233520775113955,0.003929539673578897,-0.0027689163900143,0.0035034332435453994,0.0024533083145059,-0.03760864891269633,0.006962651342859701,-0.00018918104812129998,0.0005028073714977996,-0.0013825058395226
-0.0005416099547142,-0.0005017422954461,-0.0014664888208363001,-0.007541195668811496,0.0656087077200031,-0.0016045509251962002,0.019648870338244598,0.0006271747680662021,-0.0061038231605447975,0.0140939015888025,0.0258675965447535,-0.0107574149823575,0.005642191478394799,-0.0028453387353291996,-0.0118631013955759,0.0031279451988951,-0.0005615288361067003,-0.001149922529606,-0.0026628782878764996,-0.0218876256679834,0.0159896083944309,0.0004306224610848,-0.0091242587702078,-0.0084384880935151,-0.0021901750958123996,0.0088075182372402,-0.006051648116849899,-0.0182445129791666,-0.0371802247290392,-0.0005104003087417,-0.017902276887882693,0.009285069511684101
-0.0039752698528974,2.098560879979991e-05,0.00019335170944359992,-0.0041079853584848995,-0.003797708282330701,0.0021636503055143,-0.0032548139417554016,-0.008658136371685901,-0.0045807183892261,0.0034246555898873998,0.0173302984459228,0.00045101722301309904,0.0037538620396457,-0.0018222792637963001,0.0038269657584682,0.0001049954032527993,-0.0024783081480221,-9.577320462519998e-05,0.0005102629236502,0.018442837039293905,-0.0068609624381685,0.0062648490827658995,-0.0022908436493713977,0.0288808531218245,-0.0005024428841569999,-0.016036795498421498,-0.0046135669773443005,0.001157536415485598,-0.007865986371380099,-0.004697364892691791,-0.009171709073900802,-0.001715456068708
0.00018185987508320006,0.00016199457458210016,-0.0004449675378202999,0.0012705918063448014,0.022336716731583897,0.00039869605417290014,0.003924577972672101,0.0026061224905849986,-0.004083145009311199,0.0137037642381877,0.0320849191039883,-0.006335469225526601,0.014517208581767499,-0.0033150971911064,-0.004682088276449699,-0.0009368999338109996,-0.0008005807713121998,-0.0018072649863475,-0.0013567176855432002,-0.0017184833742052014,0.00012864334202330324,0.0007269809422827001,-0.010615192693148699,-0.007981351409344702,0.0002870479533272005,-0.0006422411881208002,-0.0037833065124544003,-0.003966326482627604,-0.0057566639540496,0.0014801161368127999,-0.040783630850179775,0.0052001872779453995
0.0016429404424384,0.0016356433672092005,-0.0013354477177611,0.006861968108743901,-0.0004637521637607042,0.0032980784724062004,-0.0019153987236655984,-0.00033623977431429877,0.0036337457135174993,-0.0084288349771543,-0.010607797255504899,0.0063584904589169995,-0.0012813065662741004,-0.0010325668446721,0.0003621702048297996,-0.0172613437026905,0.0005183539911131,-0.0009684948818039002,7.407279549599992e-05,0.004047410457087598,0.013393607256090598,-0.00029591151848910174,0.013635381737566801,0.0250127628030824,0.0012507822128788992,-0.0001936779675250997,7.449790435930031e-05,0.0029936869034954995,0.000115890561708,-0.0001083743739255,-0.00047029871005340004,-0.04021003821334618
