0.017677902353784414,0.0054509156657652005,0.0022775759811530993,0.004517586153770199,-0.007853213307744298,0.011349087856671498,-0.0078347497770761,0.0081940339304476,-0.010509774113786202,0.0010686399969452001,-0.0028801127344346995,-0.011884581743230298,-0.003545237411713099,-0.0003794689644989,-0.0004733351533131999,-0.005510969132079102,0.0173814752522975,0.0023790719255934994,0.0004613289272763,-0.00037055862604550016,-0.0112863249104631,-0.0026661863165751993,-0.0036338526959098,-0.0038144846344101008,0.0090357440654712,0.003334577811436,-0.0017536226654040002,-0.0008941787534286001,-0.0047415670553564,0.0013212613995536,0.0024368378958755004,-0.006853821220571999
-0.0027518007212825003,-0.003302259498357163,-0.0009236445111378,0.0025223197629473003,-0.0057441237996033,0.011271524192595597,0.024123632812031903,0.002828914833421,-0.017439114606837405,0.0006014912186008002,0.004731702705319101,0.0018912756152561997,-0.0025604461418831,0.0006947916705541,5.1873266397700363e-05,0.002761115373301204,0.0026992389898856,0.003549347648480099,0.00024398732248480013,0.0028855838418585,-0.0020154974397543993,0.0008213530852606002,-0.0043026661910739,-0.0013338583128937,-0.0182291103734599,0.0021523476161668994,-0.00012783793725620017,-0.0010717269310329,0.0022619190360781,0.00036156573899710017,0.0025734641505359,-0.0092253624156004
-0.0012168735201738999,0.0017714215236831997,-0.03837103252922136,-0.0023472532336794,0.011890788699898,0.0008089646725563011,0.0057167467659224,-0.0008781569133235996,-0.006608547743005198,0.0009139368209258006,0.0030828347509255,0.0156857239498336,0.0027112077305869,-0.0015585570621657004,0.004458475249215399,-0.005853669946813099,0.0017393755416417,-0.004328327283690299,-0.0007021336842830002,0.0001759686438666001,0.0012197237527723998,0.0015938377476886001,-0.00044335090628680116,-0.00013703383352359991,-0.001886247474219599,0.00030670198850489983,0.0022619141028239,0.00029269084421429956,0.0090055082624831,0.0006704004216589,-0.00040348035981739973,0.00042844302100209994
-0.00016334519550439963,-0.0006722202920533002,0.0009101405372323001,-0.027883840824833306,0.010268943305880303,0.008051076923077601,-0.014800279991406498,0.016491931849657804,-0.0002789577977984001,0.004443960120123502,0.0025748203360494992,0.0003470460133392986,-0.0017716320887504002,-0.0007610437426054995,0.00040029194314079993,-0.0050112950540286,-0.0012384433874384003,-0.0013300663860232001,-0.0008592578699481001,0.004182365283248101,-0.0025559038842228998,0.0016571220554241995,0.0026267249962894004,-0.0013535479815562999,0.0019216597504294,0.003120065927687,-0.0006260000885481998,-0.006948359008518701,0.0139576299252204,-0.0008493372435909999,-0.000950123070217,-0.0029001250597559002
0.0014713024729528998,0.00036155079785470026,0.0018367033196442992,0.002485757471803001,-0.008994544558029838,0.0031996734678636993,-0.006009245529693303,0.0017177497609776006,0.0027615386693813013,0.0025257973169223995,0.0023560677639047,0.0035308881364860996,-0.0014151900222758996,0.00032549437832769985,0.00014417615864810007,0.005377581630877801,0.0041082614007944,-0.00035866135061769994,-0.00022552740714020013,0.0022464764386854004,-0.0065635947310018,-0.0016324607926469998,-0.003852969594644399,-0.0036224268673985,-0.003255101198950899,0.0027654830320764,-0.0010248799389762997,-0.0024109293021434006,0.0064120302432037,-0.00043151556073339997,0.0010097664234169001,-0.0048392520295686015
0.0051415791676807,0.002390413162164401,0.003977671154511299,-0.006278707569096299,-0.008155473647504304,0.047880617961332694,-0.015806146795358203,-0.007951086208125,-0.015144737197246898,0.0004316175496270995,0.0036017573555801,-0.008642238564193402,0.0009903336597742,0.0007181521155985999,0.0020494152746546,-0.016240355570137005,0.0011088674771478,-0.0008587290545699999,0.0002629320441162003,0.0080426891852966,-0.0012313119711845006,0.0008290324891079993,0.001434428520735,0.0013148211106706002,-0.006030062373868099,0.0031104748170496,0.0006797443216565004,0.0002537971276939995,0.0024202223475951,-0.00033793127925859983,0.0026872897061774995,-0.0026490763176282
0.0011557938756656012,0.003214364560152701,0.0014050513444963,-0.008062710443544903,-0.0038143784450998044,-7.374431222239436e-05,0.0014288160881995582,-0.0003465766023272995,0.006449169993264902,-0.0019084925144496005,-0.006534317685243699,0.0022742471574224016,-0.0008269335883753,0.00041712470571300003,0.001304399571016501,0.012163095369412007,0.0052223966116739,-0.00035318129677779997,0.0010818980583118002,-0.000219856416108501,-0.005535709929942699,-0.0010096303974439,-0.0003102911662845008,-0.0017691402120942994,0.0014339946789202005,0.00025949192554799994,-0.0016748021161425994,-0.006929232626055101,0.0005527847000331996,-0.001058972339573,0.0040241733931526994,-0.0019588319412974006
-0.0022296326194823,0.0015569901885887,0.0017409862157855,0.0002046904307042019,0.003081317522161106,0.0035452807638254,-0.0187227578638061,0.03850780539852827,0.0082194528027562,0.0009914759236895991,0.0027086880941854,0.0061312867567297966,-0.0014210287419647001,-0.0005395583392900994,-0.0031382559504983002,-0.0110875090220671,-0.002075440902354,-0.0045614812141309,0.0002935759952113,0.0026772698214041,-0.0038993083845108,0.0008409301405940999,-0.002696523023005701,-0.0027843173480595,-0.011984286813713902,0.0020452326714798,0.0005591437282139993,-0.0051160391436734995,0.00046295446332869986,-0.00012714022414819998,-0.0008191599160011004,-0.0023646414104800005
-0.0011176641907235992,-0.002138905905185699,0.0015937003543540999,-0.0027076532321545013,-0.0075771323833075995,0.0302425314431047,0.0368579569155553,0.0030955379761473997,-0.06252945926900622,-0.0019002830179801998,-0.0029575496372793997,0.004162827156146501,-0.0024945117927561997,0.0005440896768482999,0.0013871141930620003,-0.008769052217063505,0.0022559938375594996,0.0045107360524296,0.0011147617115248002,-0.0037264078935701998,0.0039423265397408,0.0030750054991896996,0.0026668489857497,0.0007859357185062005,0.0080235706923717,-0.0027675730002403994,-0.0034473634280383,-0.0064450738347742,-0.0007089163175804996,-0.0003011919287859,0.0013514809999019,0.0039783202962539
-0.0027015178828708997,-0.002518130932093,-0.0019878558802069,0.009561953320820198,-0.002742057143728301,-0.005409584985807899,-0.005395014738336501,-3.993136230440002e-05,0.002932180997150601,-0.005662544806436132,-0.0012772379638762987,-0.0026338779845530985,-0.0009282144577073999,0.0001332122419409,0.0013877076773339998,-0.0028862023577726995,-0.0012159198847499,-0.0011432488758018,0.0011327754561285003,0.0076724144986856,-0.0011410362715254,-0.0043634732390634,-0.004532162149495601,-0.0014144206866047006,-0.0022844130353691997,0.019591920737184198,0.0037571745060771,-0.0009674305476846,0.006227236326958603,-0.00044824176099440014,-0.00019033433412479935,-0.0005137244811721006
-0.0019170117491243,-0.0022230819169962,0.003600118702502,0.0143214210322136,0.00024102369313520194,0.005201829069634102,-0.0030752862578861014,0.0117182807028408,0.004455656205384198,0.0021223325235417995,-0.007025938166615009,-0.010723013674332,-0.0040840980900229,0.0007759430352800999,-0.0053981135127862,0.0041983894130731,-0.00048000064656920005,-0.0025209634207400996,0.0010327263972848,0.0012136330637249,-0.0036363660754215998,-0.0027070927805937003,-0.0091603637139132,-0.004137494206082799,0.00013725696697799994,0.0126500924996307,0.0042931532127511995,0.0015176600887704013,-0.010481097498329102,0.0004643947204948,0.0009713595501480003,-0.0013453491679751
0.00038872865737269975,0.0011336877464013001,0.0010607691238912003,-3.8556047444199965e-05,-0.0007238517009338016,0.0014994212219884995,0.002291059975208898,-0.0045069861751124,-0.0282607817209396,-0.0030660605920873,-0.005895541849948,0.053251420380840186,0.0040091293280465,0.0006016694516010998,-0.0025198824836937,0.0011810872125030993,0.0012873846072903,-0.0014302729917141,0.0005188677526316004,-0.0017583919410422005,-0.0053654636389688995,-0.003598470774467,-0.0148043965928717,0.0013731343527243998,0.009059053623488099,-0.0038074716649500982,0.0036642318413397995,-0.0012944690455910998,0.0117805223685401,0.0006330773235518001,-0.0143048186403231,-0.0023578291073324004
-0.0036649692157987,-6.337653925890009e-05,-0.0008694258090464002,0.002781004494308202,0.03037828990284079,0.0007230034048013988,0.013203034401883598,-0.0020463862741692002,0.0011777766621927019,-0.009343348119902402,-0.0008055350183354994,0.0105729464426851,-0.056068777712681206,0.0006233755108316997,-0.003088731870173403,0.006114819859235,-0.0014319896100477001,-0.0013825805233031998,0.0015240234350594002,0.0017925268578869993,-0.0012924625500470004,-0.0022205099710852,-0.0100020089294038,-0.0050046254949333985,0.0101274350320354,-0.0050087880103841,0.0023126589792056,0.026583675626153006,-0.006182542594861298,-0.0001768393703313999,-0.0013458172284785,0.0020841442331218
-0.0007809202919366997,-0.00037722775235280023,-0.0004699615186370002,-0.007708769882744802,0.006069395124087102,0.0124671350240192,0.0452121143258478,0.0018107098708720001,-0.001520833632398199,-0.0016073929519531995,0.0044277671183454,-0.014936267951122403,-0.0011514762272721996,-0.006113833046200501,-0.023159285435925298,0.014040861734014101,0.0002626717474294997,0.0015261073106117,0.0014672660099871,0.0008464643951491,-0.0018168909274403995,-0.0006916250527974001,-0.006610493625747,-0.0030072356314588006,-0.0023030890404702993,0.0024715463406539007,0.0025889114519641997,-0.003556982464921801,-0.0070344897479211,-0.0005587182470036,-0.0024057480373027,-0.007379708987375301
0.0013488397686502,0.0023821064958987003,0.0007714056032698999,-0.0002491407102543997,-0.012943668678666,-0.0061797796745241,-0.014128911602478103,0.0010115514909856001,-0.0100347165026522,-0.0010570776553524997,0.00043172514051070116,0.0152279912610746,0.0086328054321511,0.00046982710979090025,0.009156317009594184,-0.0018430252363555027,4.979650747899975e-05,-6.052295855529994e-05,-0.0004314319184236001,-0.0008474461204090004,-0.00041528220591580036,-0.00029435115560850003,-0.0047478202099206,-0.0013436648161840002,0.0036711836153318998,-0.0007939470987457006,-7.729605765740026e-05,0.008678730554602998,0.0045167443852434,-0.00038876117086000003,0.000975907288968,-0.0014880878909881998
-0.0025629664129485988,-0.006821633905861595,0.0012351811360335006,-0.0066585522775242,-0.027849194559336,0.023818110708496994,-0.0013370840652199845,0.0069829513560239,-0.007728738776030697,-0.0025658248370296005,-0.0068093207058135,-0.001571039009563199,-0.0044468789430948,0.00027908036223530004,0.0006597454136369005,0.05199599001024671,0.0055920597272241,0.0017152730526399998,-0.00038491753893270014,-0.0016193177849442002,0.0031245786579812,0.0022180445822198,-0.0021987252966514,-0.003395064186482199,0.004340159438282198,-0.0042172723531074,-0.006352803120521599,-0.0118252055322359,-0.0039823696307502,0.00034024687561310003,0.0031148510246565,-0.0030893634092418005
-0.0026282112676301005,-0.005205612992911201,0.0043136723673909,0.0016688406082739984,0.0047016237864460995,0.00011602213682729984,-0.0004208073032792997,-0.0013848923558149994,-0.0152789403529487,0.0022431944459146004,-0.0013423374428625,0.0043317870604792,-0.0025785364484962,0.0003785304077675,0.0010609203223256002,-0.010993465011977191,0.03409956227363986,0.0063307083404004,0.0004814191846161998,-0.0023033121639257003,-0.0011252950255494,0.002486209767768,-0.0011639902433577994,-0.003910162300473599,-0.005973635532715599,0.0012155636441227996,-0.0008827558619879002,-0.0004372490140103001,0.00029676998706849953,0.0007151689120179999,0.0014727412879789003,-0.0102835312150974
-0.007180876477595801,-0.0020322821655234,0.00040575763406649947,-0.0020423105246175997,0.0080414319385889,0.0037105965956207004,0.007485770536011904,0.0007830404525650003,0.0033210245964233054,-0.0020824500464872004,-0.0051059195312721005,-0.0008007389818561993,0.0014409173128051,0.0003942151080719,0.0032877473714892002,0.02529944820512131,-0.0016712325261081002,0.00853434405092579,-0.0005578188506849,-0.005922939071502702,-0.0034621775063116006,-0.013082284617251003,-0.0054485807593938,-0.015556532335758301,0.007689981254279199,-0.004312404475458701,-0.0014257010156085,-0.0020921564137069996,-0.0002599973653223003,-0.00016901427365410013,0.0004029626335666,0.002408179248578401
-0.0041974290184914,-1.2475308086800502e-05,-5.8648303155499956e-05,0.0014594603687935002,0.0026262807668405008,0.0002455248680757992,-0.007957343642860801,0.0028369503610094,-0.006022303438069303,-0.0008813182811090001,0.0011214076193468998,0.0142771273001231,0.0008348604134776,0.0006031824690413002,0.0005583270532784003,0.018603311782817496,0.00047975935399770025,0.0040885007811041,-0.05098422942791814,0.005160604804703201,0.00012119860174940019,0.0111867916523444,-0.006171221249795401,0.0029115065735999986,0.006706933383769599,-0.0007135715687860006,0.0031375971913828998,-0.0013193875556405995,0.0042160604408777004,-0.0016031632332644003,0.0002972831186778997,-0.0015515778778335994
-0.00017344407343359994,2.0344059977600408e-05,-0.00043664498755150013,0.0073344851141876,-0.008247831335975899,0.009598001480963798,-0.0019337248566736014,0.0057089931847742,-0.0016872174689873988,0.0008700565280950999,-0.008544027299771901,0.023497603319441798,0.0014023099814543995,0.0003820730539849,-0.00043169635784069986,0.006732957269716303,0.0007585526952133001,0.0018847001858247002,0.0029110365661344003,-0.015199762801649364,0.0011003780778006001,0.0063824343454822,0.0029531672230293984,-0.023728608995428897,-0.010219051033988798,0.005155880634077898,0.005480091954203299,-0.014562051732499899,0.013523059558361798,-0.0004163569603298995,-0.0035855659623206,-0.0065301413662713
-0.0015221172974582001,-0.0006577688019247002,0.0004443662015070002,0.004503801390536501,-0.0032491271989072996,0.0119300120048409,0.008030818754403604,0.002549716424054399,0.010014585776240502,-0.0011639486135516996,0.0008214908215162988,0.015233257163878997,0.0006426679571890001,-0.001262911716555,-0.0006528219942844001,0.0081905345554521,-0.0018952321470508998,-0.0018048280965347,0.0009036731402353,-0.0051684435295835,-0.01278382974564285,-0.0034754732017641,0.0011471343303364,-0.006630102064236202,-0.023484684656705904,0.0037506998182783007,0.0010813670027697998,-0.0031822137193238,0.0053468146635072995,-0.00019481091287990005,0.0018475474960456002,-0.0093101738043887
-0.004822078948953701,-0.0036453887801129003,0.0024572950833208,0.0008703865352383002,0.0091398728161553,0.005562863497302102,-0.002951152364176396,0.0033329359862376996,0.009876717719449299,0.0027142520684831006,0.0047654437026156005,-0.004782909283567,0.0016843045475912002,0.0004956041804136001,0.0004583474301716999,0.034699579368523,0.002561865082712899,0.0013372189993459994,-0.0145071961760329,-0.0031210756280198003,-0.0006890974738471998,0.015101178771666723,-0.0516357820901741,0.0007415465191772004,-0.005668011387128998,-0.0018355592740927004,-0.0006365579601516997,-0.0031593754509387,0.0013976594931490996,-0.0009798545341617002,0.0009675046217746998,0.0002694629280299999
0.0030730374099474005,-0.0015970572099601003,0.0017717497159702002,-0.0016981383901015995,-0.00016067451668710063,0.0016296893029401002,0.009183178426879799,-0.00043625903464339973,0.0114083722038834,0.00012972754905340046,-0.00031097902650040025,-0.0025938722763675023,0.001629748888905,0.0010886419778306,0.0018288179767291,0.0124482968747932,0.0083056842758738,-0.0023216661688149993,-0.0038338709261688,-0.0016318512181176994,-0.0033800908104573996,0.006183504994007402,-0.04819536091053567,-0.0002344634386384995,-0.010195520619890801,0.004836297937795401,0.007217863046484899,0.0016920320046116002,0.003962649985750801,-0.0009015352936590001,0.0008330051304634002,0.0002690421386235993
-0.0015076033352395,0.00020616303133260024,-0.0007139268537694999,0.001735727338295,-0.005187716444702799,0.0082613957717963,0.0192437906855013,0.004710871155443,-0.0042717466514651005,0.0004047202312306994,0.001655552286490499,0.0118594122713951,9.409560585750022e-05,-0.0003784593179874001,-0.0011446133212391,0.014422779308500902,-0.0013453079402522,-0.0016600276726137998,-0.0023150610421206006,-0.0010498679484275027,-0.01928061195876389,-0.0027428965629247007,-0.0209955083191984,0.013050699517364484,-0.0046582129156205986,0.0010858907309895995,0.0003217117850595006,-0.0025232413988138004,0.0043506879804363005,0.0001205914062081,0.0015277601995560995,-0.0132770476223176
0.0065372833076729996,-0.0005379053198155993,0.00010258720183959984,0.005354071818554098,0.012753372475441501,0.0085757779514407,-0.011562910035041202,0.0044585081887276,-0.009942586443735496,-0.0007676736746170002,0.0022196390898205996,0.0171694422223376,0.003492483220221,0.0011381681778743,0.0014115614632125,0.0164877234241741,0.0046314468852454,0.012739516941184501,0.0014638158049394999,-0.0005283905381481997,-0.0025452155380201007,-0.009447360884571,-0.0009496488308903999,-0.008541137300709,-0.0708100366248316,0.003988428845674799,0.0020913029156025002,0.0034978763160655995,0.005127653675924299,0.00020600676771619997,0.0013831131543929,0.000803085342316899
-0.0008415364111916002,0.0016942401398373002,-0.0012992480694839,0.0016821731059320005,0.005477905840824599,0.0127233918012753,0.027924360807288204,0.002194153441193899,0.0108923199278796,-0.0015669291092099999,0.0032835620115483997,-0.0037590191020943006,-0.0016011214815559002,1.4223087357599943e-05,-0.0021008288164023007,0.0250108386476171,0.0009364931687634002,-0.0004977303185181,-0.0006197545567341997,-0.005324967464261601,0.007497095285177606,-0.0016455567591769004,-0.0132512420280093,-0.001866606770259599,-0.00032460993911159926,-0.04919763994217885,-0.0017942615644819006,-0.0037566479322764003,-4.351734191899992e-05,-0.0004113329592562,-0.0007479884552132002,-0.0086802182433599
-0.004079682566632201,-0.0019147065276185,-0.0009818541503855,-0.0011841458885747998,-0.0027583758300623006,0.0106256005702542,0.019310621200595,-0.0016745734447367,-0.0013355989055803992,-0.0019065017721641999,-0.0061112797366858,-0.020722324599297202,-0.005882282807751901,-7.95550634677001e-05,-0.0024588998769875005,0.018697063882390903,-0.0013427679289981002,0.0021803116177926997,-0.0007988620000098003,-0.007615431655705501,0.027008760920026006,-0.003952897693918302,-0.010008646457196901,0.010323779484877902,0.009653460426976101,-0.014431011122423197,0.0013616441687100966,-9.76928729927995e-05,0.006299317477495101,-0.0015095782447287001,-0.003009440880588899,-0.0116044497226114
-0.00032581052877299994,-0.0006126473602452998,0.0012354617437735,1.9837825455400193e-05,-0.012695064731080799,-0.0014787211851967994,0.006890814663459997,-0.0070919985242760995,-0.013694644676942199,-0.006765691679922399,0.009382918355743501,0.006730682493809301,0.0068642795279391985,0.0009473751793441002,0.0061038446953341,0.007264169967473699,0.0006490806323849001,-0.0025386805810259003,-0.00024408458184489983,-0.0045026055245095,-0.007204386868871601,-0.0039125404440306,-0.011869972325362499,-0.004218447449385601,0.0100321049563794,0.007547400225204802,0.002529648863189399,0.005645396457895746,0.006740679693175704,-0.0015440009868539998,-0.0015545167247415,0.0016701188924998999
0.0033821337348143997,0.0032231593045883,0.00048643272844909984,-0.0023438199717716,-0.012289892393583801,0.0048838548599969,-0.0013579611468387022,-0.0016713119742975003,0.006204554241547401,0.005013796405842,-0.0016179506049914995,-0.015651621933794803,0.0033016809599682,0.0006706012443192,-3.8152100724700346e-05,-0.0057203924137332,-0.00026995891844250005,0.0021799784564976,0.0005322376973651002,-0.0036410106753281997,0.0009702724846861995,0.0012878219844965995,0.0047541398505496005,0.012606452881941496,-0.0061610480298942005,-0.0014677855882882992,0.0092171267901219,0.0095637832370419,-0.005667385218921073,-0.0011026685900644999,-0.006639358015533801,-0.0026377092860176005
9.089802835219978e-05,-0.0028704502823839,-0.0008509860070052,-0.0024503352355822005,0.0062735200107317006,-0.002514563348457099,-0.018231589864516,-0.003931721034708399,-0.0030745873308881,0.0022217516589949,0.0014635385067417002,0.0045298114011526995,0.0008905330312388,0.00034858967610229997,0.00042616266760410037,0.0017734438477640998,0.000129607189847,-0.0011920359742308999,-0.0003192546509255996,0.0032062308078408003,0.0011606908275769,0.0062680698406116005,0.0125258030255593,0.0017508776148611998,-0.011553587618805199,0.008528361746227401,0.0025217368351807,-0.00044976410570200017,0.0012160605868338998,-0.0074063635192263,0.0026409020958759986,-0.0031213504266663005
-0.0008422371261626004,0.0023734438476983003,0.00040531016984430017,-5.0674472404600365e-05,-0.0003793919756518004,0.0061961259673943,0.0240520759760525,-0.0011235822185192003,-0.00033645067171809984,-0.0013220169229808004,-0.0020001347683924,0.0118172734908145,0.0044885791877973995,0.0005691433624905,-0.00019056804541130005,0.004219086414780001,-0.0012623508643163,0.0020177137747477,-0.000992316089144,-0.0027163524546455,0.006920975203752799,-0.004443129432270999,0.0006959094837386999,0.018112642412293604,-0.0097756763653786,-0.0022426083083625994,0.0040525275281729995,0.010780095015371798,-0.0022346738316881996,0.00020525637033040004,-0.059386975627856664,-0.0076070190303761005
0.0063469746315625,0.004634016545203897,-0.00015006522022310018,-0.0011455376543034,-0.0020611065296278,-0.001745590719074699,-0.001342564956241403,-0.00010575888377590019,0.006260258767519799,0.0008098866408869001,-0.003875073923689699,-0.0002696368793074014,0.0006779665083986998,0.0004214494422081999,0.00020358309297399983,0.010227830143663998,0.007672998138714201,0.0060144627586675,-0.0012047398920045998,0.004464603801276499,-0.004187788811963199,-0.0066448234307136984,0.0044998143282068,-0.0174014254591439,-0.005762119828869004,0.0006295076831763988,-0.0009579166350844001,0.0027708987572995,-0.0038834618216819997,-0.0005248203638584999,0.0009990623098659998,-0.0053708825400626825
