-0.056161268809412856,0.013544884060169498,-0.0002396264227473,0.0058688802933458,-0.001503482552447203,0.0022766850454418,0.018356920751446404,0.004986294178130899,0.012491478086034898,-7.116864387929963e-05,-0.0014610296282871996,-0.0024401439655585,-0.0005958916456275001,0.0009301305453507998,0.00028743203034060005,0.0022666612247058994,-0.0031884143922022,0.0013808685260656003,0.0004619573981215,0.0003868515854750995,0.001091435034649901,0.0020632933477787,0.0033095726474627997,0.005992187654259799,-0.0060674470011867,-0.0013639858948400001,0.0021215629961900996,-0.0044163253941517985,-0.0009019530668862999,-0.0005960821324486,0.0008871471739716999,0.0003025769707339001
0.0044029315929827,0.05442356737352272,0.0006629813272106999,0.0050832919198573,-0.0098425090952461,0.0218427064265332,0.008387258644165,-0.0082216029062043,0.002321130319969401,-0.0012571051036451,-0.0026428415750559997,-0.0015614238555192,-0.0099672842506478,-0.0006859768596622999,-0.001455045554618,-0.0105603110232121,-0.007005153880874,-0.0166735855103923,-0.00033307557737120006,0.010779871355953199,0.0018739133344015998,-0.0119408299084733,-0.009891417954702499,0.0172350554492763,-0.000643192815501,-0.0008673011052103999,-9.653807630420012e-05,-0.0393016414752232,0.0016395583867094,8.997871586510016e-05,0.0023907332079915,0.0018138584734248
-0.0067403968942443,0.0035992538523037,0.007280240058098353,0.0009294586107894999,0.006112601620419199,-0.0027403775729717,0.012776120699219295,0.0013644787794295996,0.0003144922806691021,0.001289713504086,-0.0034220109514720995,0.0019311114499049997,-0.0020021401623777,-0.0005287438104079997,-0.0007780307725840001,0.0014708933783298996,0.0019202380576664995,-0.0033201246815585004,0.00042399320373530023,-0.005010725455339801,-0.007326743259268799,-0.0048982162195313,-0.016491276672527498,-0.013449702675422299,0.011432503038547499,0.0007431207958106003,0.0009492629611799002,0.005837487966086498,0.0020855460185193997,0.00037075426506819986,-0.0003186666847836998,0.0061958852726264006
-0.0006382379360353998,-0.0028401615793652,-0.0003105036297506999,0.048887058755499424,0.011463469048141293,-0.016582958623704104,0.0088351944678468,-0.025974241415545503,0.00018106573023409997,-0.019564355630426994,0.006558082490296699,-0.004781863484113198,0.001271475073342701,-0.0010557927106602002,0.0060626770227618,-0.0104571758934205,-0.0010018357767716001,-0.0040308917885198995,0.0012429314946704002,-0.003928989186059001,0.003745290889866101,-0.0068175643765314995,0.0063089825188524,-0.0035773190735729,0.00026769304484959913,0.0010235807634108999,-0.0027959323995103997,0.004911795319019904,0.004047648075938902,0.0008347740625168,0.0015933732155682,-0.0028772684688285997
-0.0029755333534895,-0.0026900363583870993,0.0033234618193916004,-0.011814440639126001,0.042165020326693226,0.0066173603534652,0.0013348948014332979,-0.022410393988517303,0.004454970983991901,-0.0050425222621163016,-0.0006329217358490994,0.0061009870484205996,-0.005349069067273099,-0.0005797989492767001,0.0012572765645821999,0.0077965313550605,0.0029595541221213995,0.005319481746071098,0.0017808717438009,-0.007005480024518399,-0.012542054531184902,0.0006134015953121012,0.002172941778941199,-0.0159051874036138,0.012515574520596501,0.0004957840588428997,0.0010074514561413004,0.008975133917652,-0.013461629769526499,-0.0031739835715333,-0.0081291704757588,0.0028215239376526997
0.00021037826565329992,-0.0019980682165868,0.0036083379357628,0.0023253914305760987,0.0094358112718286,0.011918603845803122,0.0038705254016097035,-0.009350677561580398,0.012166070368942001,-5.666519805689815e-05,0.0012482515711080997,0.004533400910189601,-0.0056852386706443,-0.0006015375392298997,-0.00041725076341820027,-0.0006663602927439007,8.127754079830136e-05,0.0038933566732586994,0.00042527548618019996,-0.011150226784829098,-0.0029530636260746996,-0.0006717564912400008,-0.0029236396752194997,-0.0147152146948566,0.0007542739291663998,-0.00011331965435210003,0.0023181883226732,0.0063903864006480005,-0.004911686075895099,-0.0025351083627711,-0.006781158729657099,0.0023514429829572994
0.0002754669501036002,0.0036714120173305005,0.0037120051975203005,-0.005746841913616199,-0.00038405882591319856,0.017265067844198803,0.07059264601061388,-0.0151110822056503,-0.009818666987463798,-0.005769854649590199,-0.0005387985996657008,0.002037016650444999,-0.011655231569037798,-0.0016825882372718999,0.0008943837135217,-0.003395796628921201,-0.002143613915124,0.0068008243024184,0.002106474971244,-0.0097583579860086,-0.0130043780767068,-0.0023439157179406004,-0.0065603900511601,-0.0199106286194775,0.011744667277753402,0.0015072103092427,0.0034164724182191995,0.006551314952362199,-0.0055635630538442005,-0.0038066384462058997,-0.005509513428210299,-0.007871043703165402
-0.0013744347703773,-0.0012106141316526996,0.0006060562975384,0.003815439297477099,0.010808402191807495,-0.0018352402477242995,0.011869123368104199,-0.003605225150087654,-0.0028439357449139002,0.0051069128761249,0.0085663501062507,0.0019493604153184001,0.0005744058528175978,0.0013492835447413997,0.0050499477153301,0.0007936141585498007,0.0013592392668041,-0.0018510669389065005,-6.402908581040019e-05,-0.0095400135882874,-0.0029140281604055993,-0.0028394169202347,-0.0006032891336025994,-0.013107369760562402,0.0023507718090406,-0.0003240178590999999,-0.0020934193445882,-0.005722864927871,-0.005629768987155099,0.0005490220608491,-0.0003112740647595001,0.001122079855285299
-0.00048201109097409985,0.0120745619641829,0.0031873597592849,-0.0017242966892960006,0.024231962375419296,-0.0070553573710513,0.03939073582092369,0.009456388731226398,0.08476094346535834,-0.0032047677325544,-0.0027744291744841005,0.0004277528963659988,-0.0087820680890545,-0.0011114449481465,0.0013382108231508,-0.0021871074716008007,-0.0023479393746911005,0.0007927172505686995,0.00048749156893359994,-0.0121319897490764,-0.019348286746336204,0.0019116572911201998,-0.009583594028743201,-0.0221422736575075,-0.027225028200321202,-0.0026541372272378,0.0006830145035829002,-0.013348406791758898,0.0024877289594452,-0.0016773608552871,-0.0023062540662289,-0.04114377214521371
-3.99544250548002e-05,-0.0003848068834569002,-7.666201913090012e-05,-0.0037697595510068974,0.0013867457783642012,-0.010897017483208097,0.0220390383963021,-0.017031756191609015,0.005254467455749,-0.030101096680458905,0.0034639784747758987,-0.009682849090049302,0.0019537154281033045,-0.0014286567149566997,0.0037961077048864005,-0.0100264927559904,-0.0006926975031853,-0.00025969810869570006,0.0008362296513625999,0.0058231409397069,0.0036412196508148996,-0.0029576862407406004,0.005558561918776399,0.0169240056011037,0.003589682211511302,0.0007799193625644002,-0.0019157270851067002,0.0077154557661165,0.004476590537472101,0.0003216620228172999,0.0017621194479761002,-5.777961575259994e-05
-0.00032153933106720005,-0.0007425427875892999,0.00045585280189609995,0.0018073727894182996,0.015684452834073895,-0.007453843217494899,0.020166746438783294,-1.4814714569294507e-05,0.0038695721660512005,-0.004725689384572199,-0.006667108489398388,-0.0044264099513492,0.0012459035009154008,-0.002177135225104,0.0016762312281440998,-0.0077401017377317,-0.00038335533756000007,-0.0005201265188488999,0.0004650717824625,-0.0022388827788634,-0.0021785937400320998,-0.0037197754942977002,0.0076998112457995,0.0003137256313120035,-0.0105040199589722,0.001464469402004,-0.0022209535103533996,0.004729077556634903,0.002933550478254698,2.74761064292e-05,0.0024219327575065,-0.0089263545418823
0.00024289596085829996,0.0005255555093134998,-0.0015963251008249994,-0.005917717404979301,0.0005383725635890006,-0.009624755112756301,-0.014778574349350999,0.0041664193365618,0.0046423512059116,0.0013216984485647995,0.0019722019654838004,0.06902180453460993,-0.0073641189220622,-0.0011682421245662999,-0.0008257843547047,-0.003354297788931499,-0.00023567221889400029,0.0012284771982180999,0.0007084276072921,-0.0054299882010647015,0.005872881169992001,0.006751569112727399,0.0020203099240273994,-0.010301146125928806,-0.003879631417007201,-0.0017923440558777,0.0051326692424828,-0.033429599745381705,-0.006934731002883,0.0019865268397504,-0.0007321214632930988,0.0012328887691235007
-0.0014862684129960998,0.0007451213021757999,0.0008558847734417001,0.007456729829245102,-0.005526775906107298,-0.0020305656785861003,0.020109624629715304,0.022697768327937,0.0016857235297700994,-0.00017206577022550046,-0.0130681893782329,0.001546826693986189,-0.07610458136878334,0.0011390534874636,-0.003479057475230401,0.0051798908633063,-0.00039502847866379985,-0.0016477509975339,-6.312193472210004e-05,-0.00033114008486839763,-0.0015485321933670984,0.0019333760975677001,-0.004111385995322099,-0.011989294409915197,-0.00042301872826890075,-4.480001326260001e-05,0.004937594524560499,0.04793269015246901,0.0026411324722195977,0.0005666592519748001,0.0007641327195726999,0.0022293681706805
0.00028474468733040003,0.0010347644496430993,0.004733397261946501,0.0005849629808618011,0.0118287674890237,-0.0048369282703876,0.0079006629487475,1.9211423522999538e-05,0.0063687077408857,-0.0012143100193892,-0.0014961643780081989,0.0001446473353843014,0.0015025848094894004,-0.06599111846213446,-0.0009995143549417981,0.0044219622492893,-0.0006850850273584,0.00039383086650490035,0.00011875216956789994,0.002589772509584101,0.0026860171094049,0.0011653481215398998,-0.0020406142780814993,0.004011252053227901,0.014691406667301699,-0.0011637073454601001,-0.0003990573572695997,0.005971123112170303,0.0038286918948231994,-0.0007944409916471004,0.0051973411140036,0.00014299149042510013
-0.0012037007776961,-0.0001868111682083,-0.0008650229943138001,0.006116684548251199,-0.011888894211735602,-0.0002298773782256,0.006099894199936,0.0028963955243565993,-0.0009199668303543004,0.005675574491577101,-0.0037174415570537,0.0007963891552216999,-0.0022581073950102004,0.0007604983197774,0.037541485880084546,0.0013902995535933999,-0.0009965506403081998,-0.0042153746569639,0.0005482490729084998,-0.006330726982303499,-0.0067228756075453,0.00027449948583879984,-0.0039007432047596996,-0.003842176297973501,-0.004899228300155,-0.0012044932431133002,-0.0005215318279581001,-0.0022251835805200005,-0.0024117172629264,-0.0014496095426506,-0.0023921747686699,0.0002822379968991009
-0.0003287484877015998,0.020108303883521,-0.0008526913811553001,0.0038445621959115003,0.003388624178028401,-0.00011785007192869831,0.021403100289492903,0.006593603723389598,-0.0097376412388047,0.0002580469609406999,-0.0013414484215441003,-0.008561370372763402,-0.0034143931639874,-0.0008542466864698,0.0018965856664876998,0.021835132717136607,-0.0024396008318500004,0.0018301389674996007,0.0002663111466208,0.0030180100728649985,-0.012204135135291498,-0.0090814096878543,-0.008748377567471401,-0.0029611575637132,0.008645337673232195,-0.0019141219474421997,0.0014999829337015002,-0.0062911734177249,-0.0007112265693176999,-0.0015296657641586,-0.0042751978214887005,-0.019223284278160502
-0.0033582157660258997,-0.0042222660810342,-0.0006624957622846,0.0008096242178978995,0.009212292834406596,-0.0057858338792167,0.008438841094466992,0.006340781321982798,0.0005648992671170999,0.00038108279430649995,0.0015807023394147001,0.0018507854303438003,-0.0007759663852006,-0.00020485532321670003,0.00014406596135790005,0.003550755549311199,-0.0879859804983325,-0.0005542151654386977,-0.0018197423810782003,0.018187274504998,0.0019840992356633,0.012551249261170402,0.0005374673626591005,0.0316765245926301,0.009966372047762202,-0.0014891344935022005,-0.0005874886934755001,4.0640005306000204e-05,0.0013883273047048,-0.0011219258965608,-0.0011867524911299,0.0005490876909972995
-0.00030149454185,-0.0008470323059249002,-0.0010292881004249,0.0006151019382340008,0.013420230441467899,-0.0044809949141804,0.026047396871604997,-0.0020836270695861,-0.0050471778624882994,0.0013865502717002,-0.0012438707641535998,-0.007017987793845399,-0.0050293795392937005,9.79803523648e-05,0.0014447039517036999,0.0087013655869397,-0.0013448321077559997,0.022730837678088922,-0.0035247309217920995,0.007885309543310803,-0.010231454512766802,0.0054253135200562,-0.0052066510260536,0.0262518859159599,-0.0226455410245358,-0.0050463381661667,-0.0024606602935717003,-0.025154446767718698,-0.0007206240166270999,0.0003639083677521998,-0.0007360913699765003,-0.010218361340471301
-0.0022770269932984,0.0002519686994798,0.0017507818193109002,0.0067406199693168,0.003997453651385699,-0.0013692930532862996,-0.004226099072215701,0.0029026310006387,0.0017954749995088993,0.0069819670012986,0.0030647418679154996,0.0024226684772649006,-0.0040170508800353,0.0010383137100450999,0.0028054462362455,-0.0020259807901776,0.0013043512313931005,0.0031540599262903004,0.041437430699079125,-0.011303191469621797,-0.006354451050818902,-0.005741909162074099,0.0047604732047626,-0.0261771725505663,0.0051242926761515,0.0004864436388326999,-0.00015501480216880033,-0.0121910178683705,-0.0041649037296071995,-0.0018311895380682002,-0.0014306539557212995,-0.0067541638928893
-0.0011024831349094,-0.0005834479632432,0.0009707793137637001,0.0027123885012330998,-0.012962930899328099,0.0007977830606544995,-0.0047957355252714,-0.0039789366796413,-0.0021025752257815,0.0028330444283054,0.00029091638308399986,0.0025622239790853004,-0.0026052560078848,0.0007227053219003999,-0.0004894064676108001,-0.0051350146764209004,-0.0014639512241063002,-0.0007626137055024998,-0.0029928992783897993,0.0530600957051357,-0.0006934371500038998,0.0022831978975854997,-0.0025403603022936053,0.0015873359604266987,-0.0022525048731264,0.0005803076891353004,-0.0003093292333202994,-0.0112762150556221,-0.0028729805481258,-0.0017911986288704001,-0.003411941395200101,-0.0042775602656571
-0.0010625032467354001,0.0015551834550773,0.001658673079343,-0.0079982812374509,0.014439349605018999,0.00025061872127039994,0.011408665173594401,-0.003186320014238797,0.0050893916577987005,-0.0020082503623433,-0.0016338987193043,-0.0063049828239567,-0.002089789586257899,0.00047199185360600007,-0.0014189775895052997,-0.0015786130726674003,-0.0017996886274859003,0.0023612458578923,0.0015526381038111002,-0.0118664053268129,0.02623559639727646,0.0031851422823437,-0.0032925013849474,-0.010119870172377001,0.010568186616701097,0.0025309373393361013,-0.00019109922020069982,-0.0164689645200691,-0.0016304691315257996,0.0010493278130294997,-0.0043202642805031995,-0.005386068639717398
-0.0014899569372309003,-0.0005700822872611003,0.0006413809156262998,-0.0012868051405274003,0.0004258478973196006,-8.249530446919999e-05,0.005595686384312397,-0.0002504956005003004,-0.008387182377889702,-0.0006836559753062,-0.00037685445756639995,-0.0003623670661683995,-0.0003612020239901,-7.814208395999977e-06,-0.0007956013419526003,-0.009628843201226301,9.772014001789998e-05,-0.001379003300370999,-0.0008257612036920003,-0.0038155871278315046,-0.0070834145487579,0.01597661605839673,0.0009865045590351012,-0.004524985503542703,0.022027842792522206,-0.0014188889242852994,-0.0013275209645379005,-0.00363766528287,-0.00018994879577880017,-0.0010261327193812,0.0007175116442942999,0.003043153902009198
-0.00039259190317290004,0.0023720305775832002,0.0014139903863077,-0.005953595014053401,0.010648133070601301,-0.0023657793329385,0.0268988449088334,0.0007965348326435997,0.008020683827475499,-0.004498159816734799,-0.0031763509329469,-0.007388427366702,-0.005013752001395099,0.00022205503731820004,9.947410194830007e-05,-0.0021951609953805,0.0013982122294262005,-0.0016962530923822,-0.0018221688402969,-0.0111356311156482,-0.0382743015893554,0.010171446179546198,0.04384335890201113,-0.005075832157480004,0.005975195635899301,-0.00015819617569499955,-0.00011264017009230028,-0.010662275840790804,-0.0015200339279222005,-0.0010061557695281,-0.0016474017656820002,-0.007765251881397296
-9.943307284079991e-05,0.0006218636109433999,0.0018198519224632002,0.0007564031549154001,-0.016904167586181504,0.0031199692368968,-0.0183745225151968,-0.005795273299039002,-0.001761295740958799,0.0042787939692263,0.0015546619027640997,0.0049502929470068,0.0008617002216236014,0.0004364591749313998,-0.0002593411686561001,-0.009965704627236498,-0.0028237422469915008,0.0005611891162637999,0.0008809424200201003,0.0028318873599989004,0.0036543785058597983,0.004484516172937599,0.0103919958857987,0.020833275177436494,-0.0017794210898855987,0.0029532859757001005,0.003142487895197099,-0.003949729131631496,-0.0019143629193425996,0.0010849697064052996,-0.0034678649042530997,-0.0021240660541753994
-0.0007197660867747993,0.0003495078572828001,0.0018745469351376,0.003498507805953799,0.0079426520813699,-0.0008884376311738013,0.0232676666792319,-0.006265656236165601,-0.012320479396081802,-0.0016323095843868,-0.00015290346278189985,-0.0063292835720714,-0.0047850294482595,0.00036710278966349996,0.0001762837240636998,-0.003837868708502102,0.0003726573865293001,0.0002651327628236007,-0.0005694154784956999,-0.013656774798783904,0.007797866562652602,0.016522938234715498,0.005674378080166902,0.007651292647122901,0.0019059073601244148,0.0003420016095013001,-0.0042168884114625,-0.0256802629216197,-0.0005252535647980996,0.0002829381258256,-0.0007379550402020001,0.004026903699394499
4.925387283839994e-05,0.00045476045662799997,-2.560568218309999e-05,-0.001234002664087401,0.006283889183652998,0.0027351806263174,-0.011267206439520101,-0.0059332533143417986,0.0115721442504642,-0.0017924941239367996,0.0003507603565778006,-1.1812955963003136e-05,0.0027579892187075,-0.0003227667259391,0.0047758305794592,-0.0045626193225103,-0.0008920986063327002,0.0037198149819020997,0.0005255433921542004,-0.0090066430131234,-0.014438182623878804,0.004031102086845199,0.0006919398702476005,-0.008922114464268098,-0.0023199029507992,0.019715745010824293,0.0013094106936935995,0.0014167172294494,0.0010025652767528,-5.505475259580048e-05,0.0005972878858909996,-0.0012061773329261
0.00029670412317369993,0.00143471924007,-0.00016995435110469994,0.0020953873858577995,-0.00024241485311390226,0.0009427407827425002,0.009075638307180105,0.008997438261066401,0.002615254301845199,9.284200462499927e-06,0.00013193034844840006,0.0007377297033804003,0.0007611048932715998,-0.0002945802582419,0.004448715378154699,-0.0019660211168073,0.00040458854967919994,0.0010709144565519,-0.00013756038419009999,0.0021430973116636012,-0.0063084960084234,0.0008175073690352003,-0.006805449180795099,0.01688159681709031,-0.0005651745515318001,-0.0052049515533301,-0.04191708107536818,0.013099572788949194,0.0025372344519214995,0.0002192183945625999,-0.0047732950604721,-0.00033539867172819975
0.00011814573139319997,0.00025458539941179996,-0.0014536378587218,-0.00014109571016199945,0.00043555621240840003,-0.0031730989204963997,-0.0148959291969613,-0.0038422936491405,0.009784537451701799,0.002153343859107099,0.0022683344766923994,-0.002619143540944599,-0.003764656678821001,-0.0011911047772659002,0.00010815231923729982,-0.0037961203249237,-0.0008199672909502999,0.00046985267318000023,0.00015523818111899982,-0.008084405885785599,0.0094186909656295,0.0046912766614322,0.001197290434341601,-0.0023459496972891986,0.0026734705218355997,-0.0022455448681560995,-0.0004948207834552,0.008914734656849443,-0.0039432866167274,0.0020134240423762004,0.0018630425912674001,0.006291379621818501
-0.0009964944665340999,0.0009140389237389001,-0.0009110546612185,0.0008943901838347999,0.0015039096034228996,-0.0014945006457879008,-0.008254321630275497,-0.0068795708338566,0.0081594964987396,-0.006738830256553301,-0.0075689164737099,-0.0022808499323539004,-0.0027047684143464996,0.0002847228603936999,-0.0017197001294849,-0.004030976692347799,3.5356656895299717e-05,0.0010878765814937002,-0.0007499702597317001,0.0174273674398792,-0.010925578666400499,-0.0051831975556501,0.007090192459383901,0.017056488944576204,-0.005924365064844199,0.0009780858928608027,0.0036039057222604,0.0089996312775498,0.012010573287038417,0.0005277799792279001,-0.0027959203888131036,-0.011414800239387301
0.0010188904610019,-0.0014385312715748,-9.649323053790009e-05,0.0031152251958885997,0.003605537377703201,-0.0028897265137167003,0.007207481312058596,0.002692776062061201,-0.004835849744688799,-0.0016859336012570994,-0.0019170964486804995,0.0006054731035601002,0.006302388419141401,-0.00030108721114920013,-0.0003011551344111001,-0.006565236314599,-0.00013326552041749993,0.0022665188452184,-0.0065451380109116004,-0.0159968726635226,-0.0004794479309666016,-0.0031366631520919003,9.395367908100055e-05,-0.007450109186703302,-0.007805872871475203,-0.0021835851872516986,-0.0019667940077723,0.0031128581604645995,-0.0014998295689799,0.04558591884034047,-0.002945315006214701,-0.005433018879596999
-0.0013313831483114003,-0.0006516912188392,-0.0014452102171375,-0.0007215298860725004,0.013133930325172101,-0.0014787264291860006,0.012035207702408299,0.0033507080393404,-0.0027403350135684996,-0.0032537318245427,-0.0037736307155457,0.0026562242461143984,0.0007874007676916999,-0.0005555408651719,-0.0008136700103549002,0.0011680225775703,-0.0004361995333072,-0.00118120581379,0.0008018077400122,-0.0015698185747758005,9.609946708830086e-05,0.0009449023930916001,0.005687753817019,-0.0038372696056635028,-0.0081331742630607,0.0019591851559046976,0.0008634181118541001,0.007500442774699002,0.000874082038980201,-1.367553376099991e-05,-0.018796134186452762,-0.0011262583174052997
0.00040905721241639957,0.0004147612605501002,0.0014505799975861999,0.006351948538462801,-0.008173794071903398,-0.0009816895588614007,-0.014272359899210399,-0.013674556946385304,-0.006707691923860597,-0.005191501365592601,-0.0010405972502429,-0.005020964402185902,-0.004388277762769001,-0.00024334388323230005,0.0013858815148652002,-0.0138900346018219,-0.00021978965988309973,-0.0041007473533377,-0.00043428365793380004,0.007087866125166601,0.005461325779772401,-0.0188632810828762,0.0096278044331835,0.0345444318957926,-0.05087755747873149,-0.0002408416511606999,-0.0051663954384522,-0.0279662722826974,0.0019557893733629004,-0.0007663801622725,-0.0028624809807492003,0.11639339528300097
