0.847405928384217,0.00528905051560726,0.00247972962160663,0.000250582403844018,0.00210302158640218,0.0147362256341884,0.0256155697235472,0.0064169807470634,0.00839120316661298,0.011512410711829,0.00145251251911682,0.00128189755400924,0.00155319557878801,0.000428684239735042,0.000980841825540985,0.00352804847008879,0.00884453753919754,0.0011590597540368,0.00175442597794818,0.00131724685238666,0.00108677519867455,0.00835633530105552,0.0248668094084688,0.000349347462495611,0.00180576919175587,0.00591482285785684,0.00241719839259182,0.00278342879887494,0.00128351152000301,0.000601668070592821,0.00399206210702876,4.11188848349881e-05
0.00290291280358522,0.702524184551383,0.00815155740700949,0.00690356919609617,0.0249682752057067,0.00878173258684701,0.0586632214811704,0.00807476523657304,0.00432184555274101,0.000534485214786929,0.00191953685103218,0.0121120191168423,0.00100213006600017,0.000794858411024045,0.000917600548547112,0.0366354516405714,0.0055509924129359,0.00644107546713017,0.00337041736115917,0.000303515993575137,0.00474416764082455,0.00452004892395563,0.0352229934928909,0.0049319385257761,0.0355765192806412,0.00371087692224946,0.00086060415860813,0.0023407984704704,0.00165744780270484,0.00142693161821654,0.00527466182140293,0.0048588642375431
0.00129563213784425,0.00429266994734515,0.727010251266028,0.0137453328877158,0.0148754317108787,0.00285906557273676,0.00131757171363637,0.00381592226383949,0.036576021544426,0.0267376606941624,0.00280312259795881,0.00394115546627623,0.0132494137403585,0.00435624429011535,0.00261262813523933,0.0528070558233802,0.00128434387429036,0.0010137473991434,0.0130554228348125,0.00632477304518393,0.0091781110011256,0.00287105596301276,0.0041816616804605,0.0200589033351304,0.0128665357878089,0.0021272370794801,0.00855158259328549,0.00374819654385839,0.000635831368093217,0.000342475611421146,0.000419510586100633,0.00104543150485128
0.00180151284601332,0.00089924601840021,0.000698480427355568,0.706391488353617,0.0102466789232444,0.00306156073924389,0.054172113209701,0.0726491861800945,0.0192588414868419,0.00737122168420506,0.00111879552411396,0.0114061437905096,0.00215391581351601,0.000367004066085653,0.00112187051475365,0.0785835913303053,0.00515278180177852,0.000103568479921996,0.000237444638696857,7.05412698823783e-05,0.00097970503942731,0.0046312431764343,0.00633448500151706,0.00111413101893853,0.00230933248856862,0.000371692083331626,0.00137452224642874,0.00110540716721122,0.00411320232332346,0.000115944651194618,0.000682494645747429,1.85305959619433e-06
0.0049381836052009,0.0057440711437495,0.00748161970660513,0.0260173111319148,0.622377299289826,0.00770601539882813,0.0536684343849145,0.00939122880621997,0.00611260711721221,0.0224039293107416,0.00320115942135744,0.00861016984196213,0.00540608004315015,0.0034813084991158,0.00827606602933629,0.107977947356746,0.00461805159287284,0.000479313824497435,0.0037503682730357,0.0110539300496645,0.00582276624927356,0.000155799502908895,0.0221290569376223,0.00135855308542015,0.00666884824728328,0.000732127348132432,0.00854893349415017,0.00374452484666598,0.0214267749108423,0.00139055763979145,0.00443149372646804,0.000895469184490501
0.001086348770598,0.00412838621028524,0.00187698345797753,0.0119891868985451,0.0311052418981778,0.768748189564856,0.0300559302019332,0.0174686705462772,0.00845094957795384,0.00029794783803744,0.00283240630806594,0.0163368413242329,0.00446121819015496,0.00142366081063811,0.00179627506313184,0.0353623377920924,0.00177911535806041,5.49932641836143e-06,0.000208410519449313,0.004533088943561,0.00311379982327945,0.00165053824703998,0.0200175596497831,0.000648955828558852,0.012199578080413,0.000628378822991141,0.00380196068564721,0.0105322754479775,0.000162390711507946,0.000925952442989707,0.0023470944897323,2.48271696331609e-05
0.00587235887696541,0.00377463128644604,0.000747706846439099,0.0156564955937544,0.0503507930572605,0.00541857546052969,0.80796589838851,0.0020031158437638,0.0125346740510738,0.00804277618275209,0.003026696378576,0.00393006209654752,0.00120555133029298,0.00234818042475319,0.00215572316734094,0.0351167419531861,0.00495108436564448,0.00215815706861487,0.000308968856404134,0.00536794270302372,0.00105645726084005,1.00201631454133e-05,0.0137301852206122,0.00141447900306108,0.00445845961405903,0.0011149375146127,0.000845199366729445,0.00200559970833089,0.000521346675001278,0.00154098096097361,0.000206883078190342,0.000159317502565463
0.000936446086141165,0.00145011873752271,0.00538070294235554,0.00839532652969455,0.0291512749217895,0.0255847942805317,0.00253502216382811,0.680152441174117,0.0360507438535132,0.0096333708012066,0.00380849704591184,0.0670220817371227,0.00668853199663408,0.00221835078140017,0.00798980625805224,0.0150382354260341,0.00193509109323076,0.00666492288146095,0.000409595614449658,0.00241644332922817,0.00704763264927821,0.00287693476879469,0.00750847672721571,0.00142973966154844,0.0164501221446127,0.00240672639663016,0.0119217731659559,0.00189384787449006,0.0318157526565348,0.00101389567612956,0.000538205040434126,0.00163509558415072
0.0246885166276458,0.0194832567211551,7.35885811409033e-05,0.00286379167783654,0.0126984589469848,0.0232577933686318,0.115596614073042,0.00215668186429909,0.532541300744711,0.0114858770442624,0.0122969206076465,0.00250864737080775,0.000725646661044688,0.00230634833945263,0.00407561221419197,0.135114753986642,0.0091510832664165,0.0145308588861327,0.00111825712626217,0.000641623250390211,0.0130537147151044,0.00174974507202115,0.00019034779590226,0.0180045374258595,0.0022675171021112,0.00608370214244419,0.000178136240336939,0.00241970652598125,0.00798486548741107,0.000893552688578399,0.00855356125853235,0.0113049821870214
0.00283465590062331,0.00061811166166059,0.00338270585239961,0.00933697666780127,0.00351044837737636,0.00143411501783333,0.0288800543286423,0.0181240139829602,0.00483965766246008,0.806717789092303,0.0244396746771737,0.0143935280177922,0.0014182449412044,0.000774759234528539,0.0103294121014282,0.0138641278741934,0.000301287101046976,0.000823687930924567,0.00241335200723648,0.000233624590859125,0.00338867603269603,0.000722443295117496,0.00920078545908383,0.00229621486248916,0.00183814256210855,0.00504618189790644,0.000280854491062403,0.00670737263883116,0.014740714537393,0.002230581715071,0.00267308913496357,0.00220471635282945
0.00198176951955096,0.00282167391347641,0.00664733338982292,0.00125710934957025,0.0228591776481581,0.00170388702341823,0.0516130431858725,0.00428482399248425,0.00663258227503708,0.0094769196841344,0.748984345910339,0.0123177660708083,0.00083432780237608,0.00106337992625934,0.00378787481614141,0.00540581419237166,0.0123867363637354,0.00134128358291847,0.00400896534567556,0.00677877724395929,0.0101371157440544,5.97193651297238e-05,0.00542774137126104,0.000551736433940243,0.0013275223227525,0.0178991149236837,0.000782173980672584,0.032167253795468,0.0214224984397905,0.000394071503983038,0.00310878050965533,0.000534680373499828
0.000259261963805887,0.00160806623607475,0.00241678228217091,0.00153508625358676,0.0439158940223688,0.00263179617341889,0.0219210559196249,0.00379610136271251,0.00164922096227371,0.0164506343453862,0.00211727121836506,0.764697239339453,7.74656037730687e-05,0.000602934549310966,0.000223483287703406,0.0174271834859429,0.000520631278492951,0.00135206607121529,0.000169304142110561,0.0525344029089272,0.0014471627881376,0.00765861131582455,0.000584366306773613,0.0085879104534861,0.00924358385821781,0.00644026583069697,0.01671985123684,0.00250068356304926,0.00516038598933757,0.000362427511144085,0.00186888843011849,0.0035199813096565
0.00136413970861589,0.000693594322469487,0.00102756427198198,0.0119072324740093,0.00322027808112567,0.00107798968428524,0.00293436232777679,0.00897473653683459,0.00482760678350025,0.00940262044684641,0.00785415118612307,0.00659613897645634,0.83606705244424,0.0014917299316429,0.0275887484204815,0.00209486337078281,0.000123375438522715,0.000152753914599378,0.000854992652221173,0.00114266205256247,0.0125157110234786,5.1233462954633e-05,0.000792523735163541,0.0108016578789308,0.000142875615622789,0.00886984800962061,0.00903566497465231,0.0171815445147528,0.00883662529224114,0.000511184640553801,0.000858058666234347,0.00100647916071626
0.00264794295509883,1.55982594124787e-05,0.00434534551311349,0.00420020945557543,0.0151244484519419,0.00562819464630033,0.0314146874717845,0.000882414018119647,0.0111181812617979,0.00800827676186535,0.000690531920692986,0.0351677677682198,0.000767109987683769,0.762300584732259,0.0105322026379049,0.0188514726574747,0.00265665945349386,0.00318460706348606,0.00106924180670074,0.00127667772348811,0.00568011515444116,0.0082281191471741,0.0131965019135507,0.00452688027943365,0.00573723889899993,0.00651804673557393,0.00296409140337614,0.00949101142629512,0.0180704490286373,0.0001418033531904,0.00326822715048902,0.00229536096242452
0.000261789166929914,0.00147484461858439,0.00956183834320143,0.00373750296548465,0.0367451784468621,0.00198846331056208,0.0344961894789751,0.00746147665409087,0.00595474191191703,0.00975693190642447,0.0080233115326035,0.0263109452161881,0.0131447824494367,0.000137454945902256,0.730523944286739,0.023715909382694,0.00238177699079861,0.00174450954222697,0.000989260381371425,0.000820677222325914,0.00988423534342986,0.00325875321549741,0.0187100902424451,0.00572257630630576,0.00138446223038877,0.0198140239684969,0.00486582622810772,0.0127132230634569,0.000329852447303086,0.000583029909387603,0.000329092014587136,0.00317330627727533
0.0102640355944175,0.0107521213471834,7.63704071096895e-05,0.0041973341674859,0.00656010142404407,0.00399806252617264,0.0432249106543382,0.00154448223210133,0.061549199821487,0.000163809329829901,0.000700056361825682,0.0100325892905083,0.00351328206324568,0.000745180371956393,0.00261479159045149,0.792892739371154,0.00257325385268299,0.00453150709426341,0.000694896214672291,0.0025944817594074,0.0055731449804815,3.62918780861507e-06,0.000409901912495478,0.00853025576049759,0.000324623898105803,0.00187980620127342,0.00255769304753192,0.000194259502806124,0.0118404640023169,0.000430169204589852,0.00380156106124885,0.00123128576650699
0.0035423210296163,0.000547893566043358,0.000450355112811997,0.0025969978383906,0.00572380600425854,0.0117492946314778,0.0210610825138487,0.00385430302489814,0.00527572148148863,0.00542692472342031,0.0269618657727122,0.0678212653927446,0.000979233607081098,0.0035732161679681,0.000236558176593879,0.0147290460139024,0.740365170709006,0.0101351525057539,0.000205004248271403,0.00523099565192802,0.00192037321540525,0.00569644608349501,0.00840700903766427,0.0094576338967745,0.00851193760872597,0.0032453896679115,0.00274285365296924,0.00214949058519371,0.0208175150210813,0.00282784847441489,0.000481197317057635,0.00327609726709073
0.0013416093852063,0.00330189009706976,0.000203015964278761,0.00801735976954483,0.00665062922514746,0.00404350550516106,0.0191109533712781,0.000175128602922125,0.0486200804594458,0.00532406931412657,0.0106872750646764,0.0154653105617394,0.00166463760413093,0.000445190806652467,8.3547810040092e-05,0.0222284850417673,0.0063849727084273,0.760248610988359,0.00294635211590525,0.0183401336543935,0.00891468054668753,0.000565029119233117,0.00256631549662874,0.020680701849914,0.00079993472656462,0.00812708301108251,0.00284534396650567,0.0092560644196217,0.00715710290910118,0.000611876221925183,0.00106898875342306,0.00212412092904034
0.00416424534680785,0.0046842066874063,0.016064365038259,0.00540208063271342,0.0158399703630646,0.00451564786609532,0.0454269557385666,0.00245380101924358,0.0167510141737151,0.00457023585750984,0.0127418194348481,0.0523975808991044,0.00914378637525949,0.00477452473773719,0.00100100768254147,0.0350172713997627,0.000776070993109818,0.00158661758770852,0.675556757312667,0.0012013366893131,0.0188957844594155,0.0051100254906419,0.00647005938608474,0.0116298937201057,0.00403698174249303,0.0159083511479609,0.00362699203494606,0.00515773372636174,0.00633360468986964,0.00143394752145321,0.00687604339062222,0.000451286854612526
0.000445173746916797,0.00141070707533329,0.00541627552636915,0.00337804083477303,0.0144151495551211,0.00222290978718681,0.00848888351961917,0.00096448689193827,0.0163189712345219,0.0101793383827407,0.00493498610264376,0.0259981670483595,0.000262878742496185,0.00505662138745086,0.00252793751365037,0.026623688868926,0.000891981967887729,0.00387544895581928,0.000573746681885998,0.770461441280026,0.00751699698836109,0.00191672916567253,0.00107534502197972,0.00855828394759647,0.00686879594723978,0.0321661232147412,0.0118260614909135,0.00121995628893301,0.000265119809747651,0.0016463816138181,0.020211656803641,0.00228171460368978
0.0011489265024386,0.00492695753827203,0.00332818020110224,0.0203570358798592,0.00211658504205148,0.000799891509210325,0.000377180981568239,0.0307851130353655,0.0186795831231445,0.000479704697678803,0.00245845368830986,0.00978095471388515,0.000487309790423547,0.000898584719725762,0.00410120592184283,0.0153234797661616,0.00173329905940661,0.000767360691694868,0.00295359465189709,0.00169821914601502,0.780877710614727,0.0107387097418792,0.0385061775035742,0.0126947767617131,0.000271963023884592,0.0141893387073525,0.0040314235438421,0.00074087794341066,0.000171898705728951,0.00120722311415187,0.00968784491413202,0.00368043476555121
0.0098605554829864,0.00811371240729915,0.000690174113215171,0.00617104877052898,0.00357985845139782,0.00362532324084326,0.0103758477027659,0.00271215553319192,0.0609206460911651,0.00827335953459134,0.00772812532181206,0.0229648494686838,0.00202447565691279,0.00149366424696242,0.000512327145055982,0.0627178842691977,0.0079896232669115,0.00618068987043843,0.00617072711381114,0.00307018402945687,0.00133547723530547,0.684906003878517,0.0425091816475888,0.0115120349854175,0.00582425147349163,0.00327735523814865,0.00821074019377997,0.000284712840696988,0.00431746712081154,0.00115238281188559,0.000851613868933523,0.000643546988195476
0.0100960451461476,0.019683837538228,0.00219092166854741,0.00127195764715076,0.0262621202185469,0.0032904886999015,0.0108862340694972,0.00619296501729194,0.0313661159124042,0.00923585794958705,0.00246628608362741,0.0183787346148194,0.00190736463878749,0.00345120670137145,0.00361433160329274,0.0585333914486942,0.00655405024304599,0.00587729850417767,0.0081318772026495,0.0170993274919969,0.000411629886904144,0.0148632323091685,0.689512497894836,0.00284233576276046,0.0267950581280675,0.00103118416683467,0.00946702567090015,0.000926121708687462,0.0016821366970784,0.00238406170799265,0.000645147541432356,0.00294915612557194
3.07997398780724e-05,0.000287449901580505,0.00214333714583579,0.0144504124665058,0.00179911699403012,0.000352050632701592,0.0065944236970991,0.0102747043961257,0.0224268655645927,0.000403874101429712,0.000462007954638242,0.00109422501746015,0.000758496828883368,0.000242980898627038,0.00111565705060687,0.0506814352004431,0.000274401775782558,0.000349006721932794,0.00606954751202153,0.0274273999100271,0.0202985004585903,0.0146497036155148,0.00609917475579188,0.673346041469643,0.000507690110289619,0.0886273763369195,0.0230572991607155,0.000963726069425059,0.00396399769456624,0.000461140482209865,0.0190696291285369,0.00171752720759493
0.00537704611075497,0.0133495324948949,0.00151012038084551,0.00437438579782107,0.0144177266878218,0.00984589892537502,0.0544786806959356,0.00943902041737352,0.00231519347244487,0.00972686226646634,0.0049481010695947,0.0075289988336521,0.00429797109341802,0.00133752404567294,0.000783586460959036,0.0141049088424879,0.00160917821537768,0.0109486915671234,0.000746425248728508,0.01412814160084,0.0026724807015589,0.00724214278946527,0.0233335757360921,0.000290283461926007,0.765355562103729,0.00100916690981925,0.00361001510115744,0.00358301500835827,0.00375761167850399,0.000133267735227952,0.000615528315547527,0.00312935623102623
6.92152939466554e-05,0.000225370141093068,0.000594429915760172,0.00400959095341125,0.00759614356349021,0.00328277623885112,0.0194128898649557,0.00236352262131959,0.0400265224858064,0.0131823956475963,0.00130724636896919,0.00471351589635078,0.00537494139193682,0.00154291257778635,0.00306421328990872,0.0384225028694036,0.00533290146301411,0.000604710335269274,0.00800922421546645,0.0319387464445886,0.00327845378577562,0.00471505979015086,0.00389298120033867,0.0152184140449853,0.0003228173177029,0.645697901864491,0.0581860124110782,0.00704498282439985,0.0356814835003596,0.000639192506352882,0.0340494311400206,0.000199498035419426
0.00024313878966439,0.000574732677828505,0.00171316858904459,0.00377028713136428,0.00332842649283995,0.00382195856161396,0.0186757559313348,0.00125786323011993,0.0163003008805062,0.00301775135342698,0.0031488793869664,0.0223602698313462,0.00120120478475284,0.000235886411079281,0.000871381717058059,0.0255493594947355,0.00568007587787714,0.00016110198209334,0.0059389002171365,0.0138097117279558,0.00198258843877376,0.00167353029894519,0.0120688133799635,0.00285702297924891,0.00254577949954951,0.0271757220410501,0.797757468039781,0.000510359240869008,0.0116512892138545,0.000288167995969643,0.00821930838641518,0.00160979541683545
0.00099431657378782,0.000619431111493288,0.000233597448419146,0.00699091587033817,0.0207099758565431,0.0187659698456792,0.0173686009803313,0.00144532904359248,2.51117291258501e-05,0.00723982235011624,0.00318556270665727,0.0284758804346597,0.000249483843784993,0.00263501675982031,0.00652882591942278,0.00523037454528085,0.00295799425426894,0.000323398484706819,7.64276675990532e-05,0.0328304141850947,0.00955161664951046,0.000620409473923371,0.00023035091058082,0.0127418808260033,0.00127108850764842,0.00459789442528801,0.00933445679823413,0.789602284166635,0.00912248501585095,0.00103325349797223,0.00364169014957423,0.00136613996805763
0.00148096090543393,0.00206396069388971,0.00189060136354829,0.000694320376241967,0.00632332800613455,0.00243605790122814,0.00368018776591816,0.00129411118554406,0.00139897547177708,0.000226228540200807,0.00666616815965324,0.0144809360655793,0.00873896207148719,0.000144202453430825,0.00096077912174194,0.00640661358763596,0.00176397812509639,0.00129984281653094,0.00125599623648804,0.0380370076604834,0.000360457820696526,0.0109061328097159,0.00475517422411009,0.0131210500201246,0.0108253154899301,0.00625295798773801,0.049893010459688,0.0490340088216897,0.730545179007664,0.00110186201030246,0.0200778675314069,0.00188376530889001
0.00244839363460311,0.0044314472007697,0.000569674749614307,0.00409884654865852,0.010211924942651,0.00124688683865657,0.0492751369983753,0.00528605571684654,0.0281633136338258,0.000149632323881783,0.00459826079197934,0.0108512874150878,0.000133245013904203,4.96224974335022e-05,0.00341888979864824,0.00709254770718214,0.00505067208064885,0.000278250937081999,0.000598328461285105,0.0216171827187723,4.09826550838508e-06,0.00348746690969906,0.0101603270539956,0.00287169093615192,0.00222129819489154,0.00148319172939419,0.000779996583756576,0.000780740005863434,0.00334420439272057,0.806432847128677,0.0084609543789158,0.000403584410519604
0.000343355777671172,0.00133672049179521,0.000295735061575733,0.00904136030120261,0.00518191946746718,0.0038212235851203,0.00597746687045371,0.00102102630310143,0.00279840206622718,0.0121052010664164,0.00708412504186636,0.0262913786181346,0.0118502809737508,0.000369760234702045,0.00592945075670455,0.00135017619707433,0.00133589589894297,0.000352731892992472,0.00172363224540927,0.0111236928158778,0.00520400063398351,0.00252333738918964,0.00520112146519892,0.0116749352703918,0.000965266044627655,0.00635052344785863,0.0442589281223121,0.039228329158564,0.0171834790029855,0.00123768382033945,0.755138027887247,0.00170083209081576
0.00427332790313081,0.00213844425722012,0.0011078132800154,0.00516468224198401,0.0232807788084795,0.00656768279449469,0.00621087800205748,0.00629150077364931,0.0678650152153192,0.019443977678274,0.00193065533555127,0.0248720073596916,0.0047672847752715,0.000951174067751459,0.00344454972597015,0.0398896299378789,0.00845484005474718,0.00250974865052062,0.00319501508490015,0.0155517942415402,0.035099280370508,0.00946613152820923,0.0233430411288594,0.0047778090426212,0.0345006233783036,0.00105604814778394,0.0115610376406261,0.00737630345143006,0.00653989755888224,5.34482867566063e-05,0.0106750052044379,0.607640574073134
