0.284913183929053,0.0210557738216716,0.00331149842552022,0.0194319220640243,0.000527340234747809,0.0390290430403925,0.0703549808669686,0.0416843397811523,0.000475663834613878,0.00185802159409285,0.00350069077528017,0.00161395089143591,0.0071738634515946,0.000175555392642619,0.000128888221582601,0.0190859299577912,0.00115061789904633,0.00135861242722107,0.000696913306881744,0.045815571200591,0.110648852663968,0.0355003022986907,0.112025777985623,0.13690959142875,0.0167358693193727,5.92213977514461e-08,0.0116507639514122,0.00181380418472418,0.00360001484171097,0.00268322252435042,0.000466876355173589,0.00462250410852238
0.00662892352488392,0.295508930624796,0.000529398071798214,0.0606805787230626,0.0112278964202876,0.0101970009668289,0.0250095636321964,0.0507383418788774,8.79932641529623e-06,0.0266209189626822,0.0124847424764388,0.0121998681249787,0.00222234156808637,0.00178972426855499,0.00863608764709256,0.00166791633814419,0.000535188800909685,0.00308066974061111,7.81036535838472e-05,0.119706865553608,0.0640734951185854,0.0200096976373437,0.0435043441195657,0.150846263918207,0.0269214696809406,0.00724170316215679,0.00950373980129655,0.00782750881025835,0.00228430696125903,0.00308206363243189,0.000389387527358825,0.0147641593267597
0.00610537417110933,0.00315052012125087,0.223232697257021,0.181319317005259,0.0283299208060871,0.0345062116069774,0.00064460577496149,0.182201179137019,0.0203645936853468,0.126732120901983,0.0579508315789442,0.000414845425300927,0.00214894292889242,0.00301439041255996,0.00025665700400002,0.0331032929504103,0.000680840630279528,0.00266495541345129,0.000747143851163627,0.0178942430354088,0.00405585001439524,0.0038660621634392,0.011324754597838,0.0246627413812313,0.00947037260931552,0.00343036764957351,0.00516479887195922,0.00444582420055415,0.00157526117602495,0.00255880359619644,0.00142605952952243,0.00255642051252438
0.00110415269785374,0.000655946730750554,0.000983255854410679,0.543245756754099,0.0120728907889429,0.0169099142503463,0.000648911463327826,0.0933206659097578,0.00331795069624372,0.0213773580319403,0.00365276382186957,0.0194785111678794,0.00409365646270417,0.00220949883548511,9.0900081826001e-05,0.00197871604206962,0.000126212862357789,0.00207806553674779,0.000681400010349475,0.0498049929809464,0.035938439068134,0.0037718985569845,0.0379104718354382,0.127920155245397,0.00264091716189157,0.000103162503395333,0.00517300722512899,0.00532743920966719,0.00122572291042709,0.000793197767346626,0.000555070907108558,0.000808996629172432
0.00153771568408735,0.00341800285061392,0.000108259606050527,0.075932757950829,0.374440612741181,0.0592918311726742,0.0580984698236881,0.114367182562714,0.0374588396300491,0.0132388258848644,0.00416666020126892,0.0107028272375401,0.000870051602701852,0.000228303196172193,0.00367670631583844,0.0367461558603996,0.000622751911445438,0.00211811969037146,0.00101795790865927,0.0278052560426093,0.0227568978099086,0.00808884694844795,0.0726084638689256,0.0384243816438249,0.00587118855732156,0.00274075175142401,0.007216324578443,0.00527682632253225,0.00799800450760539,0.000212052570555734,0.00113358506095526,0.00182538850629758
0.00202443587584337,0.0126945039234609,0.00177371776179637,0.0346366317225235,0.0558372099475932,0.487694051383313,0.137055388132535,0.0903398434891275,0.00125449274702199,0.0227618280642809,0.017356658428518,0.0139849398643234,0.00382531236215501,0.000338946569114053,0.000973449173702863,0.0591472302628349,0.000564702534736546,0.000175466387897225,0.000276296105299212,0.00263151783589313,0.0013130307038601,0.00423557345415089,0.0139008975476305,0.00765009166368479,0.0084339243564323,0.00285242330326463,0.00542756468246718,0.000763060621757591,0.00474046231529936,0.000614728447665567,0.00299836243202866,0.00172325789978862
0.00155178150026993,0.00634796669991865,0.000560517907663442,0.0721376758235557,0.0490558438820852,0.0256412381816655,0.403621160125734,0.0620395041231944,0.0113980672116876,0.0731434099291122,0.0403880572998215,0.00290057345125885,0.00084088634122495,0.000296970141194732,0.00137642232972482,0.0362593890340206,0.00105936225202735,0.00200496623574401,0.00162452044170879,0.0571712905767012,0.0073906124302687,0.00681380002636804,0.05050653460767,0.0452960264305524,0.0135524042254129,0.00419787944850645,0.00321474608506531,0.00393343451047176,0.0108475445322775,0.000978455029397515,0.00010254956114475,0.00374640962455093
0.00428552748181013,0.0105730145575002,0.0048423197530253,0.192417448803654,0.00281064364172195,0.0449557119781244,0.0545059567320865,0.0950155499864539,0.0027886964269777,0.0510886325473138,0.0127087651230733,0.0724585416760112,0.0259958200534399,0.00296375580040317,0.00140900536970494,0.02596901170232,0.00173110342261967,0.00523897730514893,0.0025779319063911,0.0721911025577228,0.0502325734159738,0.00399845817108212,0.0506638072678006,0.186908432828993,0.00113008347933505,0.00213828431214506,0.00144366315764888,0.0112256722901822,2.54107346774664e-05,0.000285601364672209,0.00458489360155253,0.000835602550434828
0.000856766378156428,0.00099233910329465,0.00206115003282941,0.103700566587581,0.0140587458387409,0.0933865043481107,0.0808237989375005,0.124992941541732,0.2166968696932,0.0305440472528569,0.00607499427078517,0.0143699099698422,0.00269038974018263,4.58267638369869e-05,0.0028743125661061,0.0128285930258024,0.000268817648363311,0.00389015524647722,0.000505933531943662,0.11780380340222,0.0184018745923476,0.00142897268050438,0.000320128071303012,0.102998102856678,0.0103748528424235,0.0148530713897494,0.0046879856680999,0.0090813648951834,0.0012590648230513,2.06479810944071e-06,0.00115559069013056,0.00597046081285614
0.00136347580507913,0.00229010341961809,0.00149811826030878,0.0673856576112409,0.0775636127508453,0.0352411510963791,0.0156147899572743,0.119007011760765,0.00384391385453262,0.242715791882016,0.00318422509134162,0.00675750422666656,0.00238613333930878,0.00272314242537621,0.00616289417958665,0.0216433890636675,0.000243940081329583,0.00385137152756759,0.000334647914527785,0.0435109363754579,0.0737815849478724,0.0075425433229653,0.0540097935371132,0.168502847772506,0.0133336366136935,0.000867623023019425,0.0115650345466597,0.00299080453695196,0.00646731460585562,0.000954827677876983,0.000912937144869201,0.00174924164772607
0.0012907491542899,0.00415436870909799,0.00187706004273552,0.0496948561235501,0.0898794395627996,0.0243771803533384,0.0166443687019308,0.102108178860812,0.00694976922361326,0.0452726042041212,0.420034387526519,9.01007161214649e-05,0.0035562755798155,9.45769919623058e-05,0.00457742085750523,0.0383496683413038,1.49467636022312e-05,0.00420189562672577,0.00153593132932606,0.0250167487778231,0.0291963195551955,0.00777528266483656,0.0308035590394634,0.0580543853682344,0.0161627336984527,0.000104172781813005,0.00413732133744342,0.000141712933716248,0.00938441626501915,0.00126320067560444,0.000878469566621832,0.00237789866660545
0.000754415629113835,0.00255293081743984,0.00399041488060583,0.0615556080262683,0.00357619066549389,0.032143913309502,0.0495305935271094,0.0529584877275358,0.00396302411312351,0.0144547711870563,0.0339022334907277,0.599227442190444,0.0182716245084327,0.000888230193597461,0.0439012970998216,0.0114017002664471,4.3819496912647e-05,8.01716951936817e-05,1.90049851685475e-05,0.00221832970794309,0.00789524317543721,0.00219376305694619,0.0138380057214479,0.00412277324880212,0.00423662805211239,0.00873278253152414,0.00475695567245615,0.0108820483257451,0.00294372398668795,0.00258934159082797,0.000991260036801584,0.00138327108327375
0.0029585433156035,0.00227109546426226,0.000779540507217909,0.0138186378465652,0.016847500957386,0.00927559639352104,0.0502136049341824,0.0199405004456804,0.000839864860645946,0.00198345726596433,0.0194262544839099,0.0111434711165261,0.698110324143804,0.000758533816787377,0.0475970845589198,0.00945387991572609,1.52970971544442e-05,6.55257321741513e-05,0.00153288126409483,0.00387335397439988,0.0179149907554872,0.00993658448878951,0.0327558405219799,0.0130116416746887,0.00303532944171073,0.000559641357845812,0.000985578159978969,0.00603800355849943,0.00133289977454918,0.000294251021334978,0.00285632448040375,0.000373966670206978
0.000345161716274415,0.00139971043736493,0.00105798790463217,0.0217506651895281,0.0687962189609191,0.00835952174483509,0.141794928912155,0.0301491886341099,0.000224285516397576,0.0110408646402765,0.0087352957507575,0.0118406691855453,0.00838697960827163,0.350607528304931,0.00694700291344148,0.0693213363152014,0.000483635874503873,0.00100907285836367,0.000521280577895979,0.0554912683959202,0.00384279132008203,0.000768388779902239,0.00280556263856507,0.0818184263555803,0.0301346070037395,0.0203726057138318,0.00451332748188031,0.039353545198836,0.000806767761431707,0.000564241991559918,0.00263097087171292,0.0141261614415533
0.000376869953790173,0.00771631635904398,0.00265826688153265,0.0299308263228889,0.11292403952339,0.0375791736076358,0.0888191979793743,0.0968114482707672,0.000678136920399856,0.0169150248527549,0.0926112977592509,0.00415195215560228,0.0461634595394381,0.00427969686922597,0.244405318155459,0.078046524377184,0.00014543069321983,0.00105937898995594,0.00114894278613014,0.00401242922084941,0.0194895613498035,0.0113620550274511,0.0123251806614945,0.00905868633039841,0.0264055112892682,0.00117928222234692,0.00165526088938016,0.0365489598501106,0.00638093508701404,0.00088026281795907,0.000498981497796208,0.00378159175908324
0.000358658727468204,0.00215325289436508,0.000642605290944766,0.111721372477431,0.00212331555624941,0.0563217407284734,0.0223418920437047,0.160261058966333,0.00653108195522102,0.0573944939153142,0.0399054131408427,0.00195549284628879,0.00440852572981839,0.000802360877594085,0.00681292624003735,0.341901006432812,0.00114070304882013,0.00137360112889915,0.000602294376814716,0.0699904783625988,0.00973161957356004,0.00107449893504993,0.00126972914666328,0.069573553022979,0.0083867983464979,0.011583744092171,0.00183765457611589,0.00134832578030793,0.00139712993668176,0.0014286567584651,0.000559208029413895,0.00306680706206386
0.00148715595603926,0.00199726551364189,0.000440684061320843,0.110453531870436,0.00865492800104901,0.0924943474260269,0.0136822235213474,0.213570525230054,0.0304771686513644,0.0136649473964567,0.0102565213761382,0.00705505179151297,0.00275572254603953,0.000928840622455455,0.0053389173236078,0.021793042645596,0.363125266786421,0.00203034167224339,5.46041327850872e-05,0.0202263879942776,0.00695099947074165,0.00367114990518084,0.0251494910854559,0.0224873195152921,0.00359000958126766,0.00133194046137653,0.00136295448465079,0.00861202551298506,0.00077301866380693,0.00197897414933823,0.000960963355535854,0.00264367929555561
0.000584335654005208,0.0038282214343857,8.68545671408702e-05,0.0691755725835602,0.0080540427613409,0.113396852439544,0.0457367096467632,0.125641890320953,0.0115507031890874,0.0127991102443397,0.0163345710742237,0.00136182378027581,0.00594406163868043,0.000705941402661259,0.0028064182461607,0.00317675026089262,0.00348812974891465,0.406307811559599,0.000912167457051084,0.0176259641541503,0.0264314189599213,0.00792798355665788,0.0671360577511756,0.00607729564883721,0.0267589144119783,0.00245336210667839,0.00053486650662772,0.00286967766353553,0.0015090321225879,0.000693817003130623,0.000150147098797149,0.00793949500634336
0.00406859806629313,0.00666666635835355,0.000495322870410518,0.166250906662054,0.00397188305064531,0.0451934527714819,0.010146277022866,0.166765379884778,0.0266791602315776,0.0448262617464789,0.00834515367597729,0.0304110758624785,0.00563240542740382,0.000620992735944345,0.00299019870900735,0.0111723451823661,0.00176955251290582,0.000369296534222904,0.32894539328537,0.0010943706783717,0.00150778973866071,0.00575249237157192,0.0407046490298261,0.00318957975949029,0.00174323109770912,0.0207597221684923,0.00346574153525529,0.0325222514538852,0.00519718699884692,0.00127252145487946,0.00467808477081481,0.0127920563515808
0.00204714150732638,0.000178986249804858,0.000583028228981331,0.0690435554055583,0.0140288550655367,0.0163374559595952,0.026014613849225,0.0543663337990465,0.00582889429897259,0.018374520856144,0.00404193680894836,0.0185479772831916,0.00182325032508018,0.000823733873157143,0.0029647941576371,0.0123354383227569,0.00265403839842589,0.000841390372356764,0.00149315278355743,0.50300264469504,0.0304066892960102,0.0383989165771711,0.101667882337662,0.0107005832633065,0.00302178927292308,0.0267141031075237,0.00550665326531436,0.00974764553097128,0.000876698743627797,0.00463219819725846,0.0072177444020595,0.00577735376582946
0.00385796116126843,0.000920866431526913,0.00063656347808788,0.140306168086651,0.00542612457346837,0.0334169080222371,0.0164846854235244,0.0983842569685831,0.0324440026598608,0.0315894226216436,0.00262474767027843,0.0183058650969596,0.000559572497904696,7.79493029042786e-05,0.00250963942995288,0.0042427698733431,0.000644850295912761,0.00304208304164707,0.00282948574715697,0.0395793709853277,0.428437090212214,0.000224378795598061,0.0302607252692087,0.0458377931568033,0.00315394064137771,0.0154489446065939,0.00385777723417476,0.0252868581583602,0.000252254819656779,0.000499605494467736,0.00242633305242675,0.00643100519087924
0.0094496926963362,0.00245721609258348,0.000163188421662373,0.124158849684774,0.0373752265892041,0.0467167309682869,0.0163752967896975,0.11720530069862,0.0317094701766698,0.0202463897547233,0.00116906831234514,0.00655952512400931,0.000909721399324584,3.44382097703691e-05,0.00123902443204856,0.0421007744417532,0.000202702470899776,0.00765453501879365,0.000230248594205461,0.0134516809871178,0.0350852740774263,0.396780640582369,0.0210616364717647,0.0401301338400192,0.0109682745200508,0.00450293043099599,0.00280140739140817,0.00627289607082406,8.00680041700195e-05,0.000410757251378114,0.000950423841216254,0.00154647665555176
0.00673516070662533,0.00011020673809918,0.000169015855673025,0.181224005497703,0.0129760991635239,0.063919145675825,0.0133824875311012,0.157364970063698,0.0380442557516311,0.0416761281154063,0.00239600654460875,0.00941564434229426,0.00219823844625468,1.17519758748989e-05,0.00124663406317992,0.0160298793797028,0.000250015462391318,0.00699350331124623,0.00176506134365301,0.0552202059172879,0.0182178651483442,0.000782314776805805,0.23304728404879,0.0860681039441841,0.0130088092961433,0.0152646702430498,0.00303342067115255,0.0128906629244244,4.94488837345648e-05,0.000211001444391162,0.00033060162523725,0.00596740110796335
0.00104497244316336,0.000316432105572327,0.00062910215860636,0.0617318918768386,0.0159485622124578,0.0153857701574067,0.0161478456537313,0.0523946291325786,0.00674481100792037,0.0145145983566505,0.0037345942055849,0.0193727956634879,7.1793227157001e-05,0.000565734317810039,0.00328315194955488,0.012405444127773,0.00211019216801659,0.000772178930304003,0.00245149521684367,0.0156916198941569,0.0239845643872283,0.0179632220468796,0.0618037484177425,0.62352576757814,0.000924909796054561,0.00500738900642597,0.000130214904801707,0.00958484598475658,0.000113011729761291,0.00417064350287869,0.00472560728177325,0.0027484605579428
0.00073963857265387,0.00162108050640945,0.000708567531935918,0.172049506996893,0.0133524775781292,0.114596112198444,0.0431998058173427,0.250013940108581,0.0068589405608499,0.0463149355416216,0.0251698853020799,0.00154000417234373,0.00533596372717546,0.00173731838064922,0.00613297076917336,0.0110894574721279,0.000205975118195936,0.00101881400663436,0.000709102821081121,0.0285594565575417,0.00369860885246442,0.00434782734099539,0.0108391236309209,0.00625327816898484,0.221606825293893,0.0174144432433726,0.000939268004812161,0.00106872850838183,0.000659524351842786,0.00144302838068953,7.01408969705603e-06,0.000768376394081777
0.00755498646846131,0.00426149263425139,0.00302054731117922,0.0140613739375254,0.00975281161991558,0.00987086307652842,0.00117668532770072,0.0174640449486157,0.000285317704697691,0.00586338894173998,0.0020276750451003,0.0509063384428781,0.00108004142658531,0.00276859695142187,0.0144990961151087,0.00276874250261349,0.00237104466742953,1.26203029249209e-05,0.00119398308394815,0.0284514707798578,0.0510792558833634,0.00422895499882841,0.0332824531273147,0.105351036400027,0.00138680615970939,0.490886544459678,0.0594433815770293,0.0556678687767171,0.00225473087217011,0.00502348589522759,0.011314163707163,0.00069019685428817
0.00119624100070383,0.00187915269863035,0.00167064856969835,0.0469180868888471,0.000611869030572829,0.031789467673667,0.0180442819397387,0.0578942521371912,0.0070139481063987,0.00196982032558066,0.000501162721112827,0.00598993796817269,0.000247892237476427,0.000930995805687408,0.0116996338584864,0.000740268578174328,0.00168639843721787,0.000115618750751992,0.000389822062062037,0.0134389137764564,0.010518965627718,0.010136115720662,0.0495626207798869,0.0567607339866581,0.000135998252281167,0.0183365112933864,0.636069910352095,0.00129097953378436,0.000518498304699511,0.00175620589920465,0.00862567481520504,0.00155937286779219
0.00081894335391297,0.000543622305220233,0.00657533992924477,0.0944290007297482,0.0195266706795778,0.0570398948833561,0.0190849303590763,0.118149885308614,0.0102332349567471,0.0263348333201074,0.0168975384612353,0.000955163438858378,0.00538460004470796,0.000840544254487574,0.0160296868989546,0.00671577431130159,0.000152493947830199,8.52858306868146e-05,0.000129268685428332,0.0156876174065201,0.00635070901300615,3.16489204677363e-05,0.00338119080698318,0.00564126563356084,0.0208110485605909,0.0204125699374638,0.00950899418705177,0.509037562183752,0.00352221117921078,0.00149444555834231,0.00277818262206645,0.00141584229188779
0.001885223992382,0.00472398104475816,0.000619655302540809,0.000137072946321247,0.0622739410450911,0.00299827128700914,0.0129861977234769,0.000806774501757968,0.027746960166314,0.0141309676469075,0.00999336295637615,0.0100451199693017,0.00883468825184451,0.00634556132434151,0.00445067472159756,0.00736997868320382,0.000295883536207366,0.0001429600919736,0.000859629513437118,0.000379110558163896,0.0502936702145764,0.0157701610027929,0.00764674694792249,0.00449249100596361,0.0175039088756433,0.0169572868730542,0.0023658214817121,0.0232343189787992,0.681859353864533,0.00140967609818572,0.000649270946024245,0.000791278447787164
0.00704884779483989,0.0106686021153661,0.000651373812490179,0.00172867128607309,0.013086116640497,0.0109308847571335,0.0224101662997136,0.00432075281143831,0.00358206230957502,0.00131519762024584,0.00217281399173344,0.0187832109027315,0.00042595875522814,0.00556095790607989,0.00120168647912889,0.00895417674855833,0.000760208989652274,0.000413300644824584,0.0027234275415832,0.13274035884807,0.00851608792553913,0.000532949914964559,0.0125173748556493,0.120679658373389,0.00274823196752023,0.0473254411214488,0.0047909491203652,0.0107371260533385,0.000293931106103546,0.52687299239323,0.0142655149074186,0.00124096600607036
0.00462471301379665,0.00575499028743927,0.000348777315784919,0.00865618934544478,0.0174884521572255,0.00119716647277909,0.0307502393549281,0.0146001081648563,0.00513646766395767,0.00552228412185746,0.0125020585136011,0.0268197266860315,0.00966775101846422,0.00380270102362659,0.00303834809595418,0.0293298192639515,0.000425938609134436,0.000189035692134614,0.00154004887129045,0.0469374103907136,0.0559491903269604,0.0149702036187586,0.0475594681061973,0.06566437930761,0.00927693092386791,0.0474510298648019,0.0156180271790637,0.0469210607946316,0.00404037661007872,0.00447029867084659,0.458566461513041,0.00118034702117094
0.000239609451426621,0.00361705309120279,0.00110309822959294,0.129205769137172,0.00413815651394824,0.0868362483698272,0.0316768656836491,0.143988073777203,0.00155261451122527,0.0353033290465078,0.00715605649688647,0.0289245162935338,0.00876916096762944,0.000610780766928682,0.00501081592133834,0.000453637352134757,0.000115458639004113,0.00350983536821103,0.000913208296613645,0.0258324512658451,0.00191611442468028,0.00779726518919119,0.0173182293387274,0.00412295578806512,0.00159993483046052,0.0147459093231728,0.000679440944112559,0.0152672949365801,0.00152006632970999,0.00193619721599311,0.0033571324866862,0.410782720012741
