0.480950282796538,0.0150489010299372,0.0095302977377434,0.0296603997461225,0.00955101537118669,0.0458000267317567,0.104375817142956,0.0196588589656282,0.0300932210202279,0.085764986953744,0.0110498092692399,0.0128888008963822,0.00978115505680693,0.00684193876727441,0.01881858572331,0.000596411415394546,0.000505268637124532,0.0135258985111842,0.00422634029094019,0.025749033523397,0.0135774463099662,0.00160431223589674,0.0103694550511659,0.0152865343789448,0.00964681011533622,0.000464054460037745,0.0008765441083049,0.00581651669255793,0.00330702287584126,0.000749167987608153,0.00373487075298681,0.000150215444459444
0.00572503715945852,0.537995298596945,0.0286984824011259,0.031204906050609,0.00658096605879178,0.044391564758599,0.105516936196793,0.0127093594769363,0.0593040033334055,0.052636088999957,0.00609062965496999,0.00397142128165094,0.00395326051104347,0.00159864343000352,0.00525150876142631,0.00871305689361294,0.011791271448607,0.00107825944610088,0.00344113668904901,0.012946788509742,0.00626014251687205,0.00835909143149964,0.00545228249145596,0.0101164736913968,0.0164400584921624,0.00252990104189797,0.00340463640543029,0.00257654978154639,5.92724776436798e-05,0.000866620350134465,0.000257597300181286,7.87543609521662e-05
0.00128909015817702,0.0244218259081134,0.651184667402532,0.032578026736267,0.0253504921706291,0.0160118768463538,0.0188321048677836,0.00378975334303082,0.000717911073827059,0.061554837128933,0.00449921147036556,0.000792419465558182,0.0108975693655116,0.00386158992679362,0.0057528121073089,0.00108156096598512,0.00268777062065204,0.001736623092075,0.000122136887188947,0.023459219600822,0.00538071921195409,0.0018966893508658,0.000353696158257559,0.051150925931467,0.0195022436334417,0.00258755364558115,0.0107007955296269,0.00218113014101327,0.00312220160514085,0.00180265328314991,0.00988075201679775,0.000819140354796236
0.000244062401907872,0.00534972185134344,0.000209257353768698,0.405208176400247,0.0128815491605176,0.0392438287149177,0.133093679150983,0.0907602119436,0.0138089963747716,0.0915059875969357,0.016650585846795,0.000146118890644338,0.0171081043430265,0.0112970862599377,0.000387294996751544,0.00688359783800563,0.00158618606298231,0.00175368299088168,0.00383751081339408,0.00444673797281584,0.00952202179039486,0.00566068575273833,0.0140596333913341,0.00923138126526669,0.00825672844518685,0.00369300259188907,0.0445405986327494,0.00122724685209398,0.00425833221907581,0.00601790280701207,0.0282355797290195,0.00889450955901134
0.000541197575117558,0.00773200183314749,0.000539828051344817,0.0663017795309523,0.427436813376842,0.0684242552717752,0.126945505918277,0.0545653841638463,0.0153160051773823,0.0310587487484209,5.01320578112656e-05,0.00710111872079381,0.00965738051660617,0.00136065230388015,0.00975341753843883,0.00580262714483322,0.00677271152211717,0.0151502986531694,0.0127181077335133,0.0144763829590658,0.00368647657065979,0.0359398002645139,0.0393730550089629,0.0157474134758588,0.000715824447377052,0.0023248136550384,0.00686504331046957,0.00361984534136716,0.000293491445360263,0.00264761106994925,0.00477347614148904,0.00230880047161758
0.000370673014827403,0.000561659199483254,0.0104498641803814,0.0420608102405141,0.057676420623177,0.692455940608972,0.029919377378908,0.0244912710552391,0.00233431717656844,0.0400429230308779,0.000730965353041839,0.00290578967027361,0.00497903489684103,0.00229787002915708,0.000408442462141601,0.0224599009655643,0.0131623463822591,0.0044168821412711,0.00554648931793764,0.00868486179006664,0.000360727204597666,0.000206320295763156,0.000893918043599329,0.0254235550899872,0.00124247308936263,0.00165688050647738,0.00180553030761644,4.69551205331568e-05,0.00113861745701944,0.000218517859357811,0.000669298062216348,0.000381367445967185
0.000589757207081274,0.00476271170213151,0.00222434739106608,2.1884981591247e-05,0.00759021934825582,0.0195372038434323,0.695496014234172,0.000157492187203876,0.00239136531881603,0.0148673040119473,0.00483702851523151,0.00319497828088666,0.0114687796561481,0.000977811020984036,0.012807260244923,0.021560267828668,0.000852860983289283,0.029643197108372,0.00577296841244523,0.0207866003648909,0.0208754535068789,0.0194057600314186,0.0495606085404215,0.0169310016668065,0.0025298754479348,2.69574425003221e-05,0.0163102474025078,0.00367189966099548,0.00416941682495474,0.00102871458832386,0.00340112426602695,0.00254888797969413
0.000449109325696313,0.000655291171449926,0.00951049859384747,0.0025292895697979,0.0040037883564442,0.0575459012128642,0.0372288715398761,0.631391491977138,0.0205457672112335,0.00287027800196999,0.00126627129383179,0.00312356495429205,0.00854434312516179,0.00241876454125021,0.00335260182686685,0.00502669706404672,0.00185637657730877,0.00276137649824835,0.000613199265387847,0.0165713239758503,0.0110982159732046,0.00430218301107066,0.00821601293175065,0.0372634522385862,0.000310885911023783,0.00498025657220309,0.0295714785407285,0.013286403723475,0.0114623292836133,0.00614782773842564,0.0592827876602908,0.00181336033306583
0.00128069707426748,5.63816794620769e-06,0.00516877795039332,0.0227359631019201,0.0139134846187416,0.0170767489905207,0.00490314901070102,0.00909828000548689,0.581745046683682,0.0636450159198706,0.0130759873825579,0.0147639347398359,0.0216209990263545,0.00616553964676876,0.0240613508162031,0.00613035680502572,0.00184015867368489,0.00999636938307043,0.00151007724554289,0.00177796528470475,0.0940559263335692,0.00299083004470895,0.0539968197605068,0.00393774559313853,0.00599990872123344,0.00236851145894487,0.0043703955659083,0.000159045880843973,0.000596823250689046,6.60825047185259e-05,0.00158784684051329,0.0093545235179463
0.00149310096345737,0.00463178853670704,0.00427434632705148,0.00389367444218297,0.00989972212410459,0.0211965825999103,0.0711942472225487,0.0237900492346848,0.0022708993613617,0.726696422545334,0.0131147107817022,0.000511333114409705,0.00913939183601098,0.0118105680454278,0.0112374543630451,0.00299481392827787,0.001264610517552,0.00126005647073395,0.00502756530931479,0.0080176867036947,0.00190864365269069,0.00344402798992451,0.0151154637856309,0.00107205701154815,0.010231136967306,0.00190072202728165,0.0172962629275401,0.00119200362778294,0.000609992024559157,0.00171100244170492,0.00270626289936028,0.0090934002171585
0.000427972736005849,0.00377282096882486,0.00153447968110397,0.0186036406999269,0.0179994961755068,0.0419272097667952,0.178436618857707,0.0766335984977386,0.000423591795259174,0.187406108619793,0.333213720521304,0.000845901881709749,0.0100954481795312,0.0189771904881739,0.000750565280848276,0.0007179887788929,0.00127292062439626,0.00149223681460047,0.00477055000963241,0.0123708966791462,0.00106132473143352,0.00261290363744284,0.014220916390263,0.00276529093167359,0.00746019068949537,0.00234785102237569,0.0316564019865122,0.00377766831102731,0.000922528258430645,0.00359137294263113,0.014656435896225,0.00325415814559257
0.000271344847713884,0.000756613242983461,0.00546893611392815,0.0651193555077371,6.10775817469636e-05,0.0180715817693611,0.0153807309212445,0.032018180585233,0.00711542054045654,0.103498951898859,0.00116739966870205,0.422301746059637,0.0294476919516886,0.00188037294645979,0.0240471731166385,0.000790441695179223,0.00131763606032631,0.000496568734701054,0.00105615924340717,0.000806212503385565,0.00129001257385586,0.0026257553112212,0.00640334661940417,0.00338149577191574,0.00241909032455985,0.00138981296530288,0.0468713542837741,0.0186608291502358,0.0501926824685893,0.000490139058139347,0.132064363323347,0.00313752316026579
0.000215114589265251,0.00102346985101135,0.000679477431173694,0.0091128742647914,0.0128930991292444,0.0198691157222645,0.0291211757367447,0.00253898840014821,0.0122596583085333,0.00712831754939277,0.0236528847025043,0.0231616373661038,0.585045663161325,0.0043933909393754,0.0016288755940346,0.00337058197113955,0.00252533862951362,0.00197944070252171,0.00450369371431158,0.00406356597820322,0.000621905762955559,0.00727407514294264,0.0211306171496515,0.0100512712854062,0.0101293250980332,0.000763181208612673,0.0198678769373013,0.0849202203485304,0.00623635565844728,0.00545876794221229,0.0802362551094227,0.00414378461488178
0.00303910763520468,6.92066872596496e-06,0.000363777466087679,0.0110079643829839,0.00354410663399369,0.0129660058454707,0.0295747620762479,0.024869999466028,0.00511322107982764,0.00273894689820786,0.0359032425680539,0.00118746628059514,0.00910350234508501,0.734470714914521,0.0156622726905261,0.000749143152762772,0.00025195037768379,0.000675921446429896,0.00408783323977033,0.0260776806351943,0.00116675139791518,0.00127196963189202,0.00321126611606512,0.017343388051744,0.00275577029631776,0.000934155803746202,0.00933773419710649,0.00750610102448075,0.00632946678293364,0.00358905446910899,0.0242170460168504,0.000942756408439256
0.00413101670802051,0.00360074431501397,0.00259384307882944,0.0104345320344413,0.00063262244705662,0.00527308738922275,0.00243069369997018,0.00774650601336737,0.0146367973040991,0.0428255730896681,0.0136303745502428,0.00398664938332047,0.0207455499475045,0.000617525958306818,0.621296187467659,0.0107960482924485,0.000553452380623332,0.000587528426459977,0.00761264177737471,0.00759122460158851,0.0114233454296939,0.00401138230070796,0.00939952687669526,0.00943741910616826,0.0114750773854644,2.00605927078442e-05,0.0262487358197202,0.0113933425224381,0.0375290075231102,0.00334225137260819,0.0840820178793437,0.00991523432612435
0.00148434989211783,0.000755533924621454,0.00316389281085505,0.10187438089773,0.0124047674041871,0.0107910328701741,0.0403900523084183,0.020042530321014,0.00967257082216063,0.140148239952888,0.00514680642266256,0.0147986786980169,0.0346528357685316,0.0021754038711117,0.0292191755658074,0.493692218191147,0.00139593515177131,0.00327081943489976,0.000566420065027968,0.00116043207211194,0.00124711786762855,0.00161212324228112,0.00950137592146197,0.00812918495971662,0.0214389565835637,0.00342246496561215,0.00346616608981,9.31382670564404e-05,0.012619772547494,0.000741207256445156,0.0104118255058064,0.000510590347869135
0.00239110122946342,0.015063961742842,0.00341184038376388,0.00170366779858705,0.00771194580473117,0.0243675444724185,0.0192730129463033,0.000587959873965182,0.0141019517663201,0.0184952826406389,0.00885168079861372,0.0084456344686166,0.0123002143731248,0.00326872518479146,0.00689382304459378,0.00171594883792473,0.70009581192511,0.0226861907247375,6.18417642332691e-05,0.0125306351919928,0.000897108963693582,0.0178266456822938,0.00426694359588272,0.0156682519301555,0.0377254579454631,0.00326318690401145,0.00396091110704579,0.000916793634916483,0.0165572103784999,0.0019870901509599,0.0095191880219786,0.00345243671232713
0.00110722517096918,0.00456394414145117,0.00144360231777171,0.00398548149937101,0.0095079836173627,0.0104669123313589,0.0234693589173311,0.00405084383200179,0.058198725003902,0.0291372286117552,0.0184179327111289,0.00719040480592344,0.00393699677868643,0.00222482964631158,0.00539886506880609,0.0104482244917832,0.00470901294414829,0.71460129784554,0.0128065331556778,0.00258443628706016,0.0046365716136879,0.00433921584161943,0.0127690023158951,0.00164877764915974,0.0185539757042429,0.00428395206334606,0.00562156542261946,0.00230250794210241,0.00578847255710592,0.000992769536032488,0.00306679749882945,0.00774655267701853
0.00506794479523929,0.000227047930953424,0.00582264217198663,0.00227322977067309,0.00118089543576549,0.0295086727102961,0.0118285738930608,0.00517667146573865,0.010129823749617,0.0226168893676931,0.000543499144001222,0.00272870375101767,0.0182838370839657,0.00179887209891368,0.0223432110880866,0.00404077750300896,0.00270689637204722,0.0185509781723425,0.621734991071513,0.0430501407296766,0.0282094846143449,0.00505077756708184,0.0136633745064534,0.0468433673983437,0.0067178080522219,0.00213248395714426,0.0390518147973643,0.00331555482593404,0.00200863472728253,0.000217184949965493,0.00221891564275025,0.0209563006555169
0.00328692239837028,0.000708446624167596,0.00461211363887122,0.00866783976349073,0.00562553526070858,0.022794151362164,0.0144867270301946,0.00339790943409741,0.0258271155816402,0.0231992738040299,0.00108622041228413,0.00620003406272952,0.0110039689409589,0.00217396171198695,0.0013643185998847,0.0101952497390035,0.00222889476748424,0.00243459533186666,0.00507846353134136,0.433679360989112,0.117765940503653,0.0214556925725317,0.0982652467834351,0.0158654988809072,0.0238502618666198,0.0139476893684982,0.0611841528185159,0.0059609076168253,0.0156496583765619,0.000379532255615426,0.0248807721446315,0.0127435438278178
0.000511941334122527,0.00255365946368589,0.00397690175439308,0.0317922211942608,0.000335535133261836,0.0304549451151429,0.0222947060183437,0.0208910650951169,0.0486216220964564,0.117133969452431,0.0077619235790304,0.0144080787960997,0.0182894093173235,4.40196101648696e-05,0.0169990016468869,0.0241752354298487,0.0020662813020057,0.000358187176326938,0.00187398365921719,0.00948618418625113,0.455123947531469,0.0109745922740599,0.00096016128838184,0.00585663814605924,0.0238333321382424,0.0260546449085756,0.0357582152208523,0.00749832301701476,0.00566623146905328,4.78360124376329e-05,0.00959657110279975,0.0446006355306848
0.00212309829211747,0.00188145464612727,0.000608409368058847,0.0011415372172056,0.00411734006182185,0.00365339243506116,0.000454472741161975,6.03380430339231e-05,0.00894314820286914,0.00130535511805079,0.00336750497277912,0.000293184074874721,0.000137715021081037,0.00161727029442813,0.000204067405995071,0.0111557376137197,0.00540230545447915,0.0169841594530632,0.0121960600538521,0.0993555628560373,0.0104676381708299,0.516271902265615,0.0436157552712538,0.0809286443814273,0.113822164254181,0.0313953824392094,0.0038235371516247,0.00298528389071148,0.00450852097850891,3.90992498904583e-05,0.00921771663637625,0.0079222419845541
0.000965043962929142,0.001045314142858,0.00120129740348086,0.0312184706538486,0.0124675959952667,0.00295238431061779,0.00250832275975448,0.00453697403407057,0.0167025719342537,0.0879158662786294,0.00572501577064169,0.00486891059390815,0.0117394636341405,0.000137782388436349,0.015299440774543,0.0183861584495054,0.00226190530749421,0.000222167513392307,0.000137345366825427,0.0108359349797216,0.0411208109833193,0.0246614497946365,0.594993221598104,0.0211350776830876,0.0151943563164981,0.0187086390573672,0.0113448948566028,0.00285722950567816,0.00178539208278538,0.000121708066377297,0.000602289027616031,0.0363469647736094
0.000709223508682975,0.00175600349913178,0.00452539660472329,0.00976049780546479,0.00770399340678143,0.0223511390832298,0.0169781363893217,0.00643507727894615,0.0316884921282619,0.023121452268151,0.00103754477122866,0.00726676434370629,0.010187895653104,0.00136585947570318,0.000824239473369907,0.0101088702006978,0.00157919386702642,0.00319895247351698,0.00213183215407894,0.0116255189768105,0.111032931429108,0.0131335085811232,0.0801197357652433,0.48597804047929,0.0223775329666387,0.00706104408161883,0.047495671444397,0.00813044489004013,0.0151427467150926,0.000272266618517602,0.0226091655770304,0.0122908280899626
0.000677714735958861,0.000911482679073195,0.00338459089212198,0.0306032043375383,0.00554688575148679,0.00156119206136572,0.00558123725307665,0.00152328208803315,0.00821035737810657,0.0545337862781093,0.00200212570219885,0.00336434078749758,0.011369373072093,0.000893113546613239,0.0112456933785487,0.00167649107566312,0.00423193545036111,0.0264789979419879,0.00300785812823412,0.0847481878828926,0.086336644223829,0.0322828495047514,0.0470661793104734,0.0387158545856297,0.450941345574141,0.00254771200721869,0.00323404039208496,0.0109936001044534,0.0108258146551796,0.000371641732060322,0.00605886536305668,0.0490736021261616
0.000872424067500435,0.000697231367013414,0.0010712218410425,0.0072743294805409,0.00442892859763814,0.00580957500953822,0.00451819052453143,0.00560461472944234,0.0199714969029675,0.00365408069437388,0.0131810425143699,0.00187942429075637,0.00739627822955727,0.00247236835971262,0.00261090800824563,0.00967413351062654,0.00981686572213299,0.0025246189484162,0.0173727686622548,0.0339811951962169,0.0286366398047965,0.00283008967063893,0.0367983240047189,0.140475872353531,0.0172389839661999,0.24425045206616,0.311743491567279,0.00142060888717496,0.00311442101884979,0.00116793891901953,0.0385517208672378,0.0189597602175159
0.000427084836146762,0.000908578446972007,0.000112622999159297,0.0165282218144403,0.0133561543790882,0.0181040714333008,0.0268696496013538,0.0148282389868457,0.0320735128834276,0.00685686467691381,0.00444391723324577,0.00522928538416237,0.00475410348212574,0.000630129796360638,0.00114749517429702,0.00965672041624953,0.00533017260031096,0.00416524079461862,0.00482958148394244,0.0304924695243231,0.00996960033084326,0.0005743016476143,0.0199351390605762,0.119780909192623,0.00180082554707798,0.00385272630395686,0.608025518176484,0.00270372457313674,0.00472590689756993,0.000249448598920184,0.014475950424896,0.0131618332990172
0.000159635062515798,0.000913192082971848,0.00341998950732883,0.0397602891366284,0.00314731917654054,0.0137196688484864,0.010941586403083,0.0240871241242822,0.00494840820096716,0.0645162115252958,0.00307384443070001,0.0135755559982844,0.0111979562886159,0.000575737334694106,0.0248584695960031,0.000241846996887022,6.10373529530547e-05,0.000387175869742261,0.000591252725751739,0.00370654348262477,2.76474352477449e-05,0.00358301186994403,0.00167051708846451,0.011475938501651,0.00593635201184351,0.00110637296980738,0.028435932225455,0.663299369398969,0.019067486072333,0.0019882624278562,0.036597434219213,0.00292883163485936
0.000653631458042547,0.000428122602877557,0.000210733923282489,0.041423429979877,0.0162283081380932,0.0041494993399972,0.000824190144751218,0.000462607920378517,0.0166477431890528,0.0266105195270985,0.00396876602113648,0.00682398682869363,0.0360864292524767,2.01462580089315e-05,0.00305523692774401,0.00770225531768635,0.00804299006264406,0.00333016013588946,0.00437386886582713,0.0095632826109699,0.00511011748027469,0.00712433728806774,0.0189853501312516,0.0508623074223823,0.000456168848848349,0.00132720847157591,0.358174259468911,0.0358496254301903,0.0825687479480027,0.00438595210002393,0.24093309859621,0.00361691830973327
0.00163973284134577,0.00264463629293804,0.00563651477770352,0.00276323400001339,0.00338384251692336,0.00533199237395907,0.0103618838580531,0.00389580661881493,0.0171561111830325,0.0149604726976684,0.00549344778344519,0.0106550092813635,0.00494088650827241,0.00180392905220928,0.00169404476424013,0.00179648778853893,0.000948822223094384,0.00151862408045466,0.00324100631743099,0.0296590426505317,0.00214701507716746,0.00169492221497089,0.000210301218818933,0.0282303316259201,0.00289051646304579,0.00478967176948174,0.0309892844333795,0.0320170166233064,0.0267226471362959,0.628801359325906,0.110025172572805,0.00195623392886967
2.50231618608721e-05,0.000264402681107931,0.000926817593712497,0.0030690007122777,0.00187613817663177,0.00907773870540508,0.0234731797269351,0.019092143459056,0.0265114542410863,0.00290630057018595,0.00170289317989614,0.00829628104123927,0.0192529767356514,0.000109311789005223,0.00097932531547219,0.00648079655908697,0.00074858986345451,0.000709690298990657,0.00142757556904874,0.0121888186030449,0.0023021564344059,0.0109151029405786,0.00812589661905844,0.0292271754126612,0.00259480245703363,0.00179600707095394,0.0259075086579944,0.0317109177249153,0.0509915167855177,0.00556293088139806,0.690324136056787,0.00142339097554652
0.000867157695970446,0.00437384776883692,0.00352574923032834,0.0199934773194457,0.0139420614734515,0.0080525696685812,0.00384655034097739,0.0112334846825437,0.0247322503697773,0.0527911393655427,0.00313509793914303,0.00567680849865859,0.0202786108962279,0.000946740636885151,0.0139435138429402,0.00484961226598694,0.00102819484045619,0.0168016931257941,0.000434652370401756,0.0339139215223322,0.0194363337059283,0.0559265360811709,0.0527124896322132,0.031781415534903,0.0498884922438296,0.00448276485940923,0.00281124902575013,0.0119812671563605,0.0153108560929962,0.00242425290997514,0.0131682472170096,0.495708961686173
