0.752886651873124,0.00432043105920549,0.00280989365275242,0.0124826021307738,0.00588721495067906,0.00848945204065899,0.0243043389812108,0.00313061437694127,0.0412403981527869,0.00552000022535749,0.00821628453946966,0.00992170228660683,0.00139228633778203,0.00180848131621291,0.000569193741639484,0.032692923031724,0.000673998157731202,0.0127095369256861,0.000331915068163932,0.00114113550095593,0.00211358456930828,0.00387645976605679,0.00131598470387368,0.00150896291847542,0.0392927805813529,0.00465281465881913,0.000340039854560294,0.000988976999770865,0.00668314120990094,0.000176244266752939,6.43478267114192e-05,0.00845760829495568
0.00742657004462513,0.61358939581205,6.75158952591372e-05,0.000160151897817446,0.0263117611774744,0.0268651871770679,0.115774581011841,0.000205643131632119,0.0136275655736609,0.00231182250777486,0.0010662836276303,0.00639268577856535,0.000308831460322503,0.000484041109552185,0.00191058415186286,0.0909543925163829,0.00995390201215769,0.00226361447620924,0.00128849514749058,0.0179788063105833,0.0017986808266054,0.00179930609567412,0.00243971562630039,0.0101724217739488,0.0247694298622128,0.00757997999092526,0.00212818663110176,0.00138807241795785,0.00598943388836878,0.000506050858002967,0.00176631499777062,0.00072057621117168
0.0159169274480328,0.00256783061763857,0.789731483409895,0.0216562920008295,0.015124223309853,0.00601668841502921,0.0119562789685741,0.00531751642487278,0.00872875396385996,0.0145192506812341,0.00435585739575606,0.00499105651180733,0.00310662842188709,0.00179191320151201,0.000512105622991725,0.00583677240807254,0.00214774445814952,0.00175821990063174,0.000800113714269451,0.0308632131048106,0.00177343416371727,0.00104006761134883,0.00183012976282708,0.00205984409999293,0.00931308907037866,0.0228008477805012,0.000946066753752325,0.0034916793491627,0.00114023280340371,0.0016384462367209,0.00525581902293208,0.00101147336555522
0.00110951395564616,0.00512602338249131,0.011460977981167,0.614604084507475,0.0638108822511445,0.0108511035515869,0.0728232597087035,0.0136066767775725,0.00478148637549062,0.0520205861741896,0.0228727671670943,0.0176278409456316,0.0062011426082639,0.00956037662735101,0.0157615195532156,0.0156138523524824,0.00121237521819504,0.00314771850966758,6.80078266466294e-05,0.00260617857159342,0.0108876382747775,0.0035272625318985,0.00827806828443356,0.00435873724424019,0.00584302889580923,0.00178006113405945,0.00240088617262643,0.00137044393825711,0.0068753965830034,0.00154510212015207,0.000931893653480008,0.00733510712165407
0.00308485179004209,0.000150103494518465,0.00381259919542768,0.0322813054541482,0.84565970526269,0.000296045960299675,0.0014615269531807,0.00048099027952325,0.0124720943888565,0.00714791113760401,0.00577412640547903,0.00650843257629054,0.000784577945958951,0.0021939385434003,0.00566484072579058,0.0147676975220032,0.00182233121560348,0.00255977338970607,0.00122306206835843,0.00399087501792182,0.00562086148571604,0.000101286174841036,0.00114469074347232,0.000119325333660168,0.00176725571778571,0.000921305977537536,0.00348879472528731,0.00378905312846241,0.018502367002403,0.000925285145085059,0.0109902349446011,0.00049275029434569
0.018251574237556,0.00562517542608954,0.00688631528560616,0.0417511082799223,0.0018762399913692,0.589994222295188,0.163192647357591,0.0643638800559518,0.00195248936397162,0.000352191706377663,0.0086934995773083,0.00639787343428776,0.00479181659989669,0.000369454031118917,0.0150510759180091,0.00127814646820294,0.00287122804158976,0.00377934894997057,0.00012470111619338,0.0241395367995101,0.00486182329628649,0.000598925489219999,0.00469898414350923,0.00313742107640948,0.00129533153775379,0.00218078041165604,0.00351112516211841,0.00549356361200235,0.0044380099810903,1.20686427929891e-05,0.00709688156867995,0.000932560142770459
0.0135758858987792,0.000484432405557566,0.00151290838614154,0.0912276930576178,0.00220606772914125,0.0129244652439101,0.631560607781273,0.0145223783802796,0.0324656145336186,0.0338920503188199,0.0311750682374692,0.00668094133320556,0.00212805418102986,0.00105163279768006,0.00865203407835136,0.0343846349869131,0.000411462185175984,0.0012368740079133,0.000245496869791144,0.0206211707298523,0.0106760907806381,0.000202101824358137,0.00857119145405693,0.00170896651240471,0.00183653183198229,0.00952462161964741,0.00319500001210282,0.00490516243439541,0.0124606602273006,0.000483675242875427,0.00440251620439497,0.00107400871332311
6.50111807952037e-06,0.00539751766003234,0.00712558763040965,0.157585038863642,0.108657745595478,0.0148645005703598,0.040029787306535,0.391256896218142,0.000100936305215855,0.0780465366195823,0.0343533499436757,0.0199344468834331,0.0101896338644423,0.00738886123010562,0.0160240682054383,0.0613396414924383,0.000900361100262333,0.00269317974068813,0.00103835322131794,0.00205037093320966,0.00244156303562004,0.00149162416232892,0.000937803412560129,0.00408894866996406,0.0131781210486842,0.00436888583326733,0.00154831906704638,0.00341362387065925,0.00680156787672046,0.000632824604293394,0.00132915675586646,0.000784247160501133
0.00350344271647969,0.000567377096135619,5.17777318278477e-05,0.0416695038762479,0.0370109696337839,0.0452229433421904,0.177890294356066,0.00591098717635883,0.410326837454285,0.0304103471649156,0.0309119146556536,0.0067109830164436,0.00179723234993259,0.000562330912555803,0.00310203967094988,0.101680988383577,0.00436729146541893,0.00284824572710949,0.00208603762869281,0.0178466392708148,0.00426353744608407,0.00167135597120042,0.00787508347777278,0.0023523916891734,0.0108673935637412,0.0210526062232712,0.00124773204655224,0.0106255563002436,0.00433573584466268,0.000968505549687909,0.000311086580299433,0.00995083167787227
0.00117689597045872,0.00323281758178078,0.00623696214842046,0.0542004347962205,0.0033955945095941,0.0232920883417535,0.0046737757113935,0.00806691725250291,0.0050358297957276,0.679523017760443,0.0158563839071506,0.0695545925075526,0.00370946673313954,0.00218829724521857,0.014557210332237,0.0121055183441169,0.000122435793303395,0.0029540514995556,0.00115102878634187,0.00038287802149786,0.0207884063559861,0.00851412754431286,0.000396143524536164,0.00531608339150746,0.0043895548843909,0.00683072115852718,0.00156234883257304,0.0120454996276101,0.0209115124798796,0.00448452478825861,0.000301510636270707,0.00304336973773809
0.00067723071113504,0.000702601113255641,0.00615103638816535,0.0152769680141219,0.0597657704242168,0.0229898629558015,0.0338397066466507,0.0339677924547715,0.0186495908117075,0.0306157080976958,0.52851425826666,0.051393711201746,0.0146634114192804,0.0033586483272277,0.0127546141645694,0.00811169885445779,0.000106655113500514,0.000680555519886531,0.00110608107246331,0.00226441298324398,0.0089211343386889,0.000138636777589067,0.00519014790520488,0.0039816888834217,0.000239239033802798,0.00791317504297482,0.0120170965595847,0.00909019955382505,0.0856128588972503,0.00590859548668705,0.014549128160014,0.000847784820399016
0.000213535530647468,0.00184096216855355,0.00308940590070703,0.013958799705851,0.0197039251020574,0.0103205307331122,0.00953457095308705,0.00417701223120705,0.00373848915272003,0.0102668563528692,0.00939766057702338,0.76727678572776,0.00714463825080588,0.00088759260901652,0.00100851980784734,0.00475795125160301,0.000849344252608298,0.00135203915549764,0.00241785821400318,0.00335094568040606,0.00527037642829514,0.00690027600926317,0.00797895637094879,0.000741135793532533,0.00876821487094502,0.00647720940211824,0.012228773076561,0.000436922098992344,0.0332019196612489,0.00254405711834892,0.0377281385710515,0.00243659724131078
0.000350942020176508,0.0026821828819863,0.000769958852182611,0.0143527324664409,0.23822505152591,0.00155253226181342,0.0679182260647621,0.0186760743648392,0.00496935162753701,0.0642504047403917,0.00507292245564968,0.0131811569891616,0.418119525917136,0.0022204832071563,0.0411701142403334,0.0186347346284358,0.00227407486851196,8.22596844271106e-05,0.000568943747044984,0.00448065310372767,0.00279298648905646,0.011095784418885,0.00116817045430939,0.00939155125826396,0.00504973623214417,0.00585374829864707,0.00292667783361297,0.0277178460000105,0.0076937377085346,0.00240402347084192,0.00170787985512591,0.00264553233294276
0.000125857535431983,0.000984023765350193,0.0103960440172978,0.00348533850511677,0.0366488286590297,0.0133446951531118,0.0392900456031164,0.00961227944757756,1.91904222806987e-05,0.0039356063422491,0.0136288291799048,0.0430941120749237,0.0146110642821718,0.707472053625285,0.0272072416131884,0.0173661833217971,0.00150792945901475,0.00018455671276214,0.00196048033433206,0.00113856094819731,0.000746863415167753,0.00385101823354493,0.00314784166052887,0.0212358143858152,0.00405376821739864,2.68849691537953e-05,0.0102973813257547,0.00155370108680391,0.00800813283500825,0.00037628542561933,0.000109319651875974,0.000580067791189453
0.000254747759056639,0.00373845652993614,0.000230939475235435,0.00125099107173755,0.0891169283985111,0.00279183686284963,0.0778988434761632,0.000519159384337186,0.00154801764412117,0.00858913040105955,0.00666422260007497,0.00279033057072517,0.0237432258695898,0.00156018661491115,0.688730989842103,0.0288754183780268,0.00179203776689587,0.00170833372311012,0.000444299544908146,0.00224137441537937,0.00556240966661892,0.00890733298222814,0.00227920890366853,0.019093052493779,0.00884151473464263,0.000816554827288419,0.00030193439412519,0.00414036447643394,0.00364113601189637,0.000767660405615615,0.00105821991839868,0.000101140856572532
0.0198067303873268,0.00318294748086769,0.000190375695603181,0.0281397349941328,0.0769470462694035,0.0318981261397149,0.256726412446632,0.00454025604584508,0.152309503117014,0.036121728760772,0.0275423085921584,0.0109630467405668,0.00454057967400686,0.000644490813916329,0.00238495097723262,0.241526330315864,0.00439623470481689,0.00544579306856686,0.003699090957422,0.0105770833236958,0.0115974154356516,1.52640840857772e-05,0.0100632567988228,0.0073782236344525,7.73192361064188e-05,0.0148768419120998,0.00097832199104174,0.0214257816361687,0.00335534532480109,0.00266118111223243,0.000112758506761001,0.00587551982221757
0.0103641702226764,0.00265766273049765,0.000222291005948166,0.00336111353959311,0.0072025972291786,0.0169217030096657,0.0557328828209888,0.00476012848364265,0.0201806541029264,0.00280214553584234,2.39599077592008e-05,0.000524654721463631,0.00497605398522978,0.00133343931257979,3.0663852258118e-05,0.00873464024360251,0.780983834389642,0.0120431608535123,0.000587831084958594,0.0054338066639225,0.00300558099227327,0.00238386331453982,0.00346156057744876,0.00816609106667114,0.0309000451073596,0.00122621292020659,0.00409224632069252,0.000189754952671286,0.00245172800610858,0.000937941938198225,0.0010852495922288,0.00322233151571343
0.0173494430366832,0.00218948719021644,0.00194123789402939,0.00241146755300801,0.00344582266549429,0.000491009107952575,0.00335903812093989,6.27781214417044e-05,0.0151733340510632,0.00131296714034864,0.000212119726859638,0.00435824596658929,0.000508224632931708,0.00128134502454706,0.00443143894588527,0.0191442889622103,0.00757129477458265,0.821582102954234,0.00151737928039533,0.013294342235098,0.0333540445326693,0.00229136390036043,0.00242093691340245,0.0125074509715273,0.0104625383689916,0.00136710184886704,0.00258361686075996,0.00541521313400212,0.00251561379591187,0.000404373301565565,0.000838692942254325,0.00420168604517731
0.000258773333468622,8.82969358093661e-05,0.000131768445692819,0.00506266315034179,0.000474308838147422,0.0016905369570064,0.000490075981661684,0.00948519788595918,0.0291361899571115,0.00208483230389007,0.00406599761533757,0.0262602252987905,0.000620130005440835,0.00316878008533596,0.000141066466177422,0.00512549138908588,0.000395436551239111,0.00231742560958867,0.66589342099954,0.0485890407406931,0.0433758135843003,0.0128059819022905,9.73078509574119e-05,0.0923658387020668,0.00216658698244371,0.00421840022144451,0.0186210683225891,8.78587737948369e-05,0.0108674221709456,0.00834620667204839,4.02600736291587e-05,0.00152759619317245
0.000345440236851663,0.00299957270796061,5.27174471947329e-05,0.00276178784207106,0.00200752652365068,0.000377781375273645,0.000166652431573724,0.0121664518566789,0.0166253142521138,0.00628334112020434,0.0228663913568836,0.0461605121312832,0.00125377516235287,0.000318842136969706,0.00197180930653669,0.00387615208526144,0.000115199844264874,8.33855504820382e-05,0.00262543587142994,0.713420342528769,0.0211505967643696,0.0099326800729825,0.0230741523955876,0.0485973656416774,0.00352375945496738,0.0156959896161657,0.00989479747774737,0.000651625274395884,0.0253793169462768,0.000213145628531171,0.00252527351895262,0.00288286544053955
0.00192462505449342,0.00107357529147849,0.000584758222896329,0.00250367837666884,0.00040528124669596,0.00703458400610928,0.0143798908508731,0.00877255197622531,0.0089494568964532,0.0026372073288012,0.0120783682947286,0.00134260610002627,3.48686444547376e-05,0.002637663101622,0.0012566183842299,0.0146630407351653,0.00816431187113715,0.00440369849180923,0.00363947477987548,0.0247624003197059,0.753637412787256,0.0114456268928153,0.0194945636053102,0.0146718052379008,0.0321848179530522,0.0019926669852265,0.0069073792693276,0.00344357954840594,0.00704178887026391,5.91993854861264e-05,0.00321900040390426,0.024653499087602
0.00307727341225633,0.00135133135177668,0.00145678404499867,0.00136554813039017,0.0203238585845077,0.00875018134154158,0.0343309002829754,0.00177759867603917,0.0750299894342328,0.000968775786804322,0.00351731390504299,0.014196932686147,0.000990474007258565,0.000478797922018459,0.00107565571200287,0.0824712833245957,0.00154171819517941,0.00566700795283937,0.00571281403797928,0.00134869591936743,0.0052289344314303,0.684076313277019,0.0137361870777786,0.00141167257525567,0.0129568553287473,0.000552003824738752,0.00344076735365687,0.000963610692658581,0.00139707423691194,0.00122008890999903,0.00512283002238837,0.00446072756146116
0.00201314787813997,0.000718164750956699,0.000350317249337683,0.00375402991717518,0.0522899384643055,0.0111327080005274,0.0792078126517927,0.00541298648323953,0.0204785278281332,0.000565193390902786,0.00478302894353353,0.00904105184044488,0.00139362253032024,0.00107725401102562,0.0012275702387009,0.0659895715406924,0.00251930951542391,0.000197737268789305,0.000577478822970326,0.0244373039266577,0.0175295046135053,0.00687819424806251,0.63092036408604,0.00541521043553348,0.0161893295619148,0.010519539134272,0.000485832775293931,0.00355213041257528,0.00229261888794332,0.00371274099530455,0.00909113080642063,0.0062466487900644
5.51130306813987e-06,0.00229488685154454,4.56638661166188e-05,0.0116769539053228,0.00397150688094566,0.00499963169908273,0.0185959094418776,0.0106779072715593,0.0148557227579602,0.012417215400684,0.0350697826200884,0.0337645938126417,0.000144042199905608,0.00173612706214128,0.0031610908948228,0.00575009655596578,0.00268025484415163,0.00274919245518021,0.0107887021197688,0.0314449300352143,0.0473549064300917,0.0147045623603938,0.00288480782663906,0.686025286891077,1.55592420444732e-05,0.000928586973270257,0.00518355262325466,0.000541578520340984,0.0290833280264247,8.29017057270091e-05,0.00257027511879046,0.00379493230390417
0.01166254894142,0.0267838594467628,0.00096791392473433,0.00455430542090087,0.0398212447648215,0.0141435330372053,0.121705183387255,0.00213621905012197,0.0588115457926533,0.00469211336153575,0.000291401694206869,0.00232305148684179,0.0107526234329173,0.000678741682266085,0.00277961225245078,0.0277202263262557,0.00306114335131061,0.0151553386672261,0.000724889457889609,0.0302250214044326,0.00521913665575252,0.00569663037009294,0.018655446101325,0.00575206830191245,0.518665304978715,0.0213421670010227,0.00020857668352436,0.00435213829385157,9.7366447592592e-05,0.000751461887929306,0.00213757502317687,0.0381316113718954
0.000713750192982223,0.00120946783174679,0.00529297090952784,0.0042441881247784,0.00194048836336804,0.0226567971362154,0.0196308778043157,0.0100116494421925,0.00650934822185806,0.0021084985143508,0.0136458861920214,0.0280567251708472,0.00218911698679285,0.00170457199573616,0.000777009809679856,0.00432029427808562,0.000386558189691955,0.00192536093501396,0.00132717340746748,0.0261471559115299,0.0234539857189054,0.000780765170279412,0.00222016614906353,0.0128824335761495,0.003528866051788,0.761395161656985,0.00257416587514776,0.00580663106211552,0.0160462017097174,0.00143366550913293,0.0127747639936865,0.00230530410882679
0.00285419031328066,9.78105599363592e-05,0.00473802798861855,0.0113932890356448,0.001534715090551,0.0437748154523549,0.0479228128124587,0.0173076906194599,0.0126401742337619,0.00168620663015959,0.0168450274025032,0.0441289423347814,0.00105361902938229,0.00347950770737251,0.000965654438195369,0.00889022459796731,0.00230101735100957,5.72987943055911e-05,0.000612588189883206,0.000553793123535929,0.0130305762709545,0.0126447163430477,0.0295155440780887,0.00632047518489554,0.00207689116479986,0.0418717530857176,0.60803482402436,0.00986631130634771,0.0435235369845957,0.0015773997047242,0.00438581454418103,0.00431475160312497
0.000288588210959575,6.35637366724425e-05,0.00323472853956992,0.00377213913116648,0.00027782950938347,0.0071128588396157,0.0307224183245971,0.00837631831838971,0.00702041834240485,0.0206861769667925,0.00133693599986581,0.0263208349282288,0.0169232698251887,0.000277966710800399,0.0203528572826818,0.0132351620431737,0.00162918182176292,0.00304162429933544,0.00230307375142645,0.00306398132039806,0.0011953637589606,0.00212312877086595,0.00635249209259191,0.00142359510353004,0.0193193567207501,0.0214639678673001,0.0162873563385452,0.706557253370196,0.0346065676519682,0.00480916564088983,0.0133285999839273,0.00249322479806053
0.000192545928220955,0.00407102053986443,0.00328117534556666,0.00638414677405537,0.0268356565951062,0.00504193869167088,0.00236861077546856,4.2397344754992e-05,0.00209928983036357,0.00503158513018288,0.0366351290824368,0.109003709811926,0.000154087468387875,0.00198389174454698,0.00066733665177224,0.00981415902565689,0.00114198796152014,0.000130955928743702,0.000824174733752976,0.0347901003590799,0.0132359976119209,0.0161974535131799,0.0290395460698221,0.0104119753361528,0.00810161021116748,0.00317631381463997,0.00487079418299779,0.0250015736226613,0.607576277184092,0.000172503460976833,0.0191645101737555,0.0125575450955548
5.63791357033787e-05,0.00428559330515146,0.00828210241294432,0.00549027415809118,0.0103797288480106,0.00716845300639417,0.0298202961917606,0.00235214872488126,0.00201789790694255,0.0138788123908995,0.00577227855432796,0.00727360404942179,0.00295066154866042,0.0016218953238885,0.00117628708766078,0.00383344047118442,0.000788831670620567,0.000265583523261879,0.0381762735498683,0.00897312869184954,0.00888209523988195,0.00690560261911595,0.0156348809988089,0.0159494730595024,0.0162006920869335,0.00258547370960216,0.00459144332906961,0.0284765071566124,0.00587040798366817,0.73052121337426,0.00862052436796846,0.00119801552305384
0.00152965119360733,0.00103917027834543,0.00411972337868093,0.0161056204869415,0.00897598062224361,0.0117893016463263,0.00770648854763702,0.00743654455609,0.00104409592051227,0.0164543751254249,0.00701930154708896,0.0652634968132392,0.00313824970187008,0.00136207361337977,0.00131147774160205,0.00418418505151068,0.000539692144547572,0.000249707785318252,0.00027165408487479,0.00148664096539947,0.00971305329062658,0.00106206988547933,0.0208020117273998,0.0341871606738921,0.0010788735819183,0.0143602122004832,0.020063837175499,0.0486703327319911,0.0148083365983304,0.00590811560575205,0.66023193651258,0.00808662881140731
0.0144476212338479,0.0158355138796639,0.00669640711461891,0.00106692763191469,0.00115587959363092,0.00674549050145361,0.0242917266107471,0.000210126780894222,0.00744612615162955,0.00400289753885853,0.00167764269924532,0.0095837281331648,0.000565936754576816,0.00153143494398488,0.00714820992333777,0.000296914206176099,0.00429405439447513,0.0116694610205747,0.00175332534099273,0.0546741626653689,0.00534395292663408,0.000115326642377506,0.0216689782095945,0.0252039021912943,0.00741318680772172,0.012743018093047,0.00694122975254575,0.0011325611616088,0.0111610225541398,0.000702962929211807,0.000461589744204,0.732018681868464
