-0.07078894525420087,0.0017235364356812995,-0.0024842442312536,0.0034486831236488994,0.006006614961932,-0.0009127313970079005,0.0092657613473679,-0.003050847578862601,0.0006412729514260994,0.0026335015847553005,0.0015897313988612986,0.0181862243623451,0.000457859212985,-8.545340087599991e-05,-0.0005926107212382,0.0186942140484532,0.0007149747825693003,8.594515322140044e-05,-0.0007835062873300003,0.0014160869631233003,-0.0055814412386942,0.0029709038415812,0.0042463330654159,-0.004652824462607901,0.006627375627508,0.0011563406408012,-0.00028524257431179994,0.0033372386679484996,0.0040979096230852,0.00028878293440459993,-0.0021463530409705006,0.0037749094602396996
0.00013515259397029952,0.022250296674574455,-0.0029927018944965996,0.0033382180675205,0.0005576167321720005,0.006812589935215099,-0.012575680634545602,2.7865268667300394e-05,-0.0084927130579633,0.0005261860452745997,-0.0004253922347734005,0.0015874159668834986,-9.464375478300015e-05,-0.0013672148886431001,-0.0006966302501073,-0.0103546051048579,0.0009218525468543994,-0.0019115613523063,-0.0018134093754,0.0009508058268434,-0.0037770787563082995,0.0007719545553799998,0.0044331156468049,-0.0040771084578000005,0.006779096247419701,-0.001348370769689201,0.0012649957356249,-0.0001020014344835004,0.0014104973173067002,-4.753355801810004e-05,-0.0003809272896374001,-0.0013100863466986995
0.0066986359087254,-0.0009294466269342996,0.05922062323368227,0.002429072288165199,-0.0015000214540649998,-0.0081196309981609,-0.0250601968586859,0.0014716509125552004,-0.016362643136880302,-0.004187503276086401,-0.0053946261165435,0.0033336010213785017,-0.004172926697978601,-0.0004752950863680999,-0.0006436761032550999,-0.0081842613469118,9.131544611679998e-05,0.0020597993759576003,0.0012618793697065003,-0.0010591322273207984,-0.0018986719266446007,0.0022753232050475003,-0.0008734695839819999,-0.0039227444729242,0.0065915555289498,-0.0038603854637123992,0.0014659265611433,0.0021874986687296996,0.0058502350629090006,-0.0005526877457989999,-0.0049359098500631,-0.0028038876107509994
-0.0005670542877308001,-0.0009061089438208002,0.0006165521287320001,0.054909438895792695,-0.006619790782901499,3.908623438700007e-05,-0.0168342552379837,-0.009765445268882698,-0.0077895777134148,0.0012865820810979995,-0.013068507745828,0.0006641308960961996,-0.0007217152771547006,0.0014733403483032002,-0.0013176517747326,-0.0180765380276427,-0.0002876465206056,0.0014074075655838001,0.0007267273464770998,0.0017253659602895002,-0.0035509006071545004,-0.00035994708501330044,0.003660361508628,0.0017264884394784996,0.00034420441150980006,0.0021134698365482003,0.0027234322932652,0.0014708029573645993,0.0026176063922775,0.0036776292889622005,0.0033142238771405996,-0.004631711189069
5.04089906385001e-05,-0.0068951778177436,0.0019404982512128003,0.0031091987446508988,0.005947308138902541,0.006057317125193199,0.03148596667131659,0.0003805333583172992,-0.0150180420913433,-0.0026511526138429005,-0.003929602049342099,0.0080643019041036,-0.0025566333859898998,-0.0027755994354666004,-0.0004628631475994006,-0.0038250802693843983,-0.0006575152584534999,0.0006748920448989,-0.0006853825928589997,0.0018750856459814006,-0.004997479226320399,0.0029273816920566,0.0017215527457547005,-0.004596417579054201,-0.005777664683486201,-0.0008291043299113003,6.36478165553997e-05,-0.0005500696848755996,0.0009630000084623995,-0.00027810579575999984,-0.0016424515872410003,-0.007132751589371199
-0.0015546086708258001,7.926914865990023e-05,-0.0006616618297192,0.008125683356600999,0.0011712948863630002,0.053890816905695416,0.0005318573893248017,0.0129337744528644,-0.018924935431310498,-0.0002351303656919,-0.011990708649889199,-0.0220587297264324,0.0007496289647019,-0.0008607120046139,7.641613902750017e-05,-0.0194773645987485,0.0004847599051434001,0.00135872497093,0.0006693553462902,-0.0010901400343945001,0.00018153839388580003,0.0014130547097259997,0.0015544186570094999,-0.0020914960881419,0.0014535343283289,-0.0008658566445187994,0.0017859886621843,-0.002711514230742,0.0020241297372337,-0.0011121676066832,-0.0028288912796136,-0.0020203287926451002
0.0027276086911084997,0.0018246278364232,0.0002938732954596004,0.014450962798471304,0.0015374021926179982,-0.0008340837369660995,-0.055557233097561776,0.0097939789788389,0.010646354654581698,0.006676248834968801,-0.0040009806759913995,-0.0018896171352945999,-0.0013606978391433,-0.0022679473033465,0.0012797872988830998,-0.0067205725392238,0.0006561715896044001,0.0003460113159972,0.0007430974837079999,0.0022959689376786004,0.0030429097677857004,0.0039251034437163,0.0035889473209755,0.005445213439196601,0.0076961052698237995,-0.0036233313038370003,-0.00010610277275950033,0.0007346107302369999,0.0003589448212898,-0.00035143777884519994,-0.0021631775604212,0.0008112530420242995
-6.184083125389999e-05,-0.0008592701326763,0.0008248700884366002,-0.0012063818288396005,-0.014344236108081502,0.013387210379824002,0.0038199513684663983,0.005728027124790924,-0.0152226371533766,0.0013861486508528007,0.004746078501719999,0.0017478030948469003,-0.002163837239465,0.0019276714486454998,-0.0016952870875763001,0.007065016143071701,0.0010616352810208004,-0.0035494842113893,-0.0008621663313499999,0.0005600653417966997,-0.0011126031746892004,0.0011174544261306,0.0017711033962767991,0.0010244185444602,-0.0037960095217091996,-0.0005422951525200998,0.005218734323293999,-0.0026878572018344,0.0010887757740557997,0.0005164961789022001,-0.0003113700404764998,-0.004576184051354501
-0.0013714859105772009,0.0008444853243441,0.0009719621923991997,-0.0018857787209810989,-0.013106841478417498,0.0267082734555156,0.025108749040004902,-0.0005087861662108999,-0.031292718211005766,-0.001377611303559,0.0030428181122026006,-0.0032149443396597005,-0.0009291025268168,-0.0010705784806783,-0.0020952473285104,0.004683856312827098,-0.0009946184668367,-0.0040296863202506,0.00010483380454450017,3.7302987305099997e-05,-0.0048347472644992995,-0.0019861593499319007,0.0036933993017815,0.002521925003723899,0.005456513395550802,-0.004131095851456301,0.0002754099430407001,-0.0010437062098614,-0.0011729133973335006,0.00018987419969710003,-0.0047311218607237,0.006137740114372401
-0.0024708864389158995,0.0008557673511958,-0.0016164435920764002,1.050284194800341e-06,0.0029525845350229004,-0.0025978674664949,-0.019563505116822498,-0.0016248135073147008,0.004614371138876,0.04531998848627117,-0.0023149156531658,-0.006693186224747301,-0.0012138867476461,-0.0016176228393428999,0.0003633221981421998,0.0018711796328102978,-0.0007301780103631998,-0.0010630648629636002,-0.0019299873613151997,0.004075815731387001,-0.0068941705192634,0.0010018330089436997,-0.0041111301456915,0.0031522960292937,-0.0013046083221772004,-0.0024390397850440997,0.0021513726251945,-0.0009438770017457,0.0007364830636490995,0.0010141665089723002,-0.0053019368834088,-0.0036791101154543997
-0.0017890537048273,0.0024226204252649998,-0.0028578804814703004,0.0021671243136164994,0.0038370289067650998,0.0066865087280783995,-0.018511583334212503,-0.0045768291909602,-0.0004679811371629001,-0.00020027707941060006,0.05047572421315383,-0.011773510631484803,0.0018920964929517998,-0.0001171603308275,0.0018823822427144,-0.0020287672057451023,-0.0010219367358949999,-0.0008136039199916,-0.0009867766831256003,-0.00048005015808240056,-0.0005348860617495001,-0.00012974230468479992,-0.000833983388601401,0.0011295303077594001,-0.0054514179043608,-0.007997067244449,-0.0014867683498398002,-0.0035337454292554,-0.005125227413328597,0.0018455385094037998,0.0011057406868863998,-0.0027260461371300996
-0.0013995946382390997,-0.0006376160748168998,-0.00016146442051169973,0.012874869981200101,-0.0113863079410437,0.00032798593099479974,0.0041028891894745005,0.005666961270848,-0.0020040179990791,0.0020053508902144,0.0054146724380533,-0.0008389284219846305,0.0028390800335887003,0.00014543917865990005,0.002838078884578,-0.0011149269352905,0.0008724848113772,-0.00010206550084780001,0.0020314770999827,0.0035078185290906994,-0.003812440625886101,-7.3807033257001706e-06,-0.007047758482157199,0.00023302713218849996,-0.006556835449341599,-0.005100655948492298,-0.0016784689293262,0.0017856727967965995,0.002390566685030601,-7.622620879700007e-05,-0.0015875043868205001,-0.003524182186118
-0.0016110545172562,-0.004602179991925,-0.0004252468252154999,0.0012997593103754998,-0.0083529028461004,0.0021473200191265,0.0034226763773718,-0.0011398398532688,0.005067913292183,0.005365730335508101,0.0045691375166782,0.0055071973594680995,-0.0005422410849283965,-0.0001436507547901999,-0.004452761563511201,0.002304013646948499,0.00032246909882389994,0.0010409086905113002,0.00021807077512260012,-0.0018195484141670997,-0.0011272798141615998,-0.0009898772979193,-0.0025703480599120997,0.0024169004894265007,-0.0029218925894429005,-0.0036435729478771998,0.0007059981865976,0.0008968742861829998,0.0007335831555835993,0.00015167418437899989,0.0017874892531108996,-0.0036153194169217004
-0.0004627194088915997,0.00015719954456129993,-0.006281252832705801,-0.0056501737490773,-0.0007652782943788003,0.011088660541411102,-0.0027514956937822015,-0.0029555218274121,0.0113398245676277,-0.0019705039124248997,-0.005334368420138001,-0.0032354001950535005,-4.118667035129999e-05,-0.022770293651137474,-0.007163556780219198,0.0203224049720201,0.0008541259364582001,-0.001770392343889,0.0010907382598670998,-0.0010359907126028002,-0.0029250083756130005,0.0031334908632857997,0.0106453892554863,-0.007505008251089299,0.0074766809330787,0.006667555442547701,0.0049035206726323,-0.0013397180194311001,-0.0050091323140371,0.0023021258277656,-0.0036162367874614998,0.0026015214229543
-0.0003508019496792003,-0.00029187929581160014,-0.0019823947842644,-0.0019796442299301,-0.0172712605909122,-2.2925291121005803e-06,-0.0176148656959684,-0.0007933586562574001,0.0005878078021601995,0.004178482321736199,0.004886772603121,0.006518584925444597,0.002235099061008803,-0.0008782979010849999,0.016407613022927037,-0.007329513686596701,-0.0005869436170188001,-0.0006162092469795002,-0.0012041585575861,0.0051982755334580005,-0.0022245632768883,0.0049916670313532,-0.0009986801099614992,0.0029797954489778986,-0.0014276299802000996,-0.0009215458204246997,0.0008300890547469999,0.007757649058272399,0.0022616876470990003,-0.0001481052003393,0.0032603297693954997,-0.0054717081506859
0.00034961468644890015,0.0008147640560392999,0.0012285145862551,-0.0023627921770648,-0.008247443972114,0.0106513136717759,0.0065116661984607055,0.0006574057880813001,-0.0167766500272448,0.0006603579114276999,0.0011704612424519997,-0.0022617494754420004,-0.0010058126011517,2.5177091347999944e-05,-0.0007294649135518999,0.005979780974222693,-0.0007722997198627002,-0.0009917562224112,-0.00023854396854599994,0.0004784331977323998,-0.0017559414912076,-0.00033142351752819994,-2.649387753140024e-05,0.0018165870525639,0.0069157768879076,-0.00035947727151260014,5.594486925149982e-05,9.165275703599922e-06,-0.0013516412122793,0.00028443945732469986,-0.0022545491939622,0.0018566366944154002
0.0012540521908157003,0.0005799417937941004,0.0002733593225562,0.0009171888866328992,-0.0106080823119402,-0.0013206876965610008,-0.010973340448606702,6.874044145329956e-05,0.0021596006778447,0.0030883487962194995,-0.0021894230416342,-0.0107154990112942,0.0007122579670438998,0.0013592037390817,-0.0005427644134854,-0.0123457892230293,0.048001699751900606,0.0053255635764764,0.0010529000064527002,0.0017430054500145995,-0.0033935700849337,0.0025005969055920006,0.002335724546769299,-0.0022871597393807003,-0.0032177175148620004,-0.005975391598566599,-0.0040709566787956,0.0025269288532709998,-0.0005897583151734005,-0.00035697550651160007,-0.0007711350965400002,-0.004540862224604099
0.0057628669802413,0.0016036710228835003,-0.0010204327237509,-0.0035395429200473995,-0.0015306004780992997,0.0019422163886161003,0.0049720017980922,-0.0013353419423283996,-0.008998686888086799,-0.00016873028312040014,7.133337262760046e-05,-0.0057111648955666,0.0016137847631626,0.0005148031819052,-0.0004069777081822999,0.0017108329563603995,0.012929464356745,0.03999670943019229,0.0008558728278599001,-0.0012731043981123007,-0.0007954878847570984,-0.020201368035718197,-0.0338976598524893,0.0098376658126315,0.005029928280832501,0.0035365246428317003,0.0007880684405520999,-0.0062867919342226,-0.0041668256067531,0.0007570250933845001,0.0006205320047826999,-0.003210585802466
-0.0022836671427943003,-0.0030128564737646997,-0.0014149035259815,0.0054134709981799,-0.0018968206407145999,0.0026190282217025,-0.010633149410964202,0.0042095190740589,-0.007964908712172999,-0.0012120978678737005,-0.0050946115802195,-0.0233596639731125,-0.0022079970941119003,-5.1496316519999714e-05,-0.0028075004012565,-0.022804764510255503,0.0012840460261565002,0.0022613621320643996,0.032868780449734736,0.0224552753108608,-0.002514343186709401,0.004916241191371301,0.0032153762135006,0.010275458473132201,0.0007187800749481991,0.0027113599018748994,0.0037850850113944996,-0.000581671118546,-0.0008365705051682003,-0.0066096114734256,-0.0031639096659567996,0.0017167605205679008
-0.0022361639343499,-0.0027122976932825,-0.00024002728033769996,0.0026801025664751005,0.004050863277798201,0.0019908673501002998,0.0026420547004561996,0.0062163874804749,0.0040080726524958,-0.0026285877368505,-0.001696220538635499,0.006835720711067798,0.0005714628859434003,-0.0006466778823491,-0.0014545075158842,-0.0079836951561492,0.00020945609279760012,-0.00035543949774779994,-0.0004015949013510007,0.0009110024719073406,-0.0017004797053397002,0.0080546818788508,0.004027774697097496,-0.0022767308469678997,-0.005755787467593,0.000853132711207398,-0.0001261322616789998,-0.0021001549176417004,-0.0007333568539825003,0.0010041692986953,-0.0059314721256812,-0.0050764224595451005
0.0002853099178678001,0.0012028767350500003,0.0003327920423991,-0.0038136623580641,0.008091017282883198,-0.00013821484649280055,0.0006130540872169021,-0.008297915488488098,-0.00032607022853940043,-0.0023493473310989,-0.005744359667310301,0.0025905948437277993,-0.0010236946330614005,0.0007226928701431001,0.0008245821425111001,-0.0027794936749868,-0.0004882343707453998,-0.00023921099693979993,-0.0011686401319436,0.0007487056221540996,0.03163712950035469,0.0052608599785685,-0.010010152299139798,0.0011196448168162981,0.0006060487785353999,-0.008792714687171698,0.0017647528877983995,-0.0028175162498908003,-0.0019842818163161,-0.0004167203266662999,-0.0038245843128292003,-0.001585248086341801
-0.0083323436876786,-0.0011995708218799006,-0.0009705663346709001,0.0020891842555464998,-0.0008849846332464996,0.0093294922834442,-0.003519003829668299,0.0005197918816893,-0.010609645101376595,-0.0010489397969917005,-0.0052512892196809,-0.005491372628527599,-0.0006615606063243001,-0.0003706188686324,-0.0019258604402060003,0.001941469932328202,0.0002186222037740002,-0.0021471904529677,-0.0036399897766013992,-0.0014572010629314994,-0.0002668675471398001,0.035203947856263795,-0.0073930575768589996,-0.0019059542999209002,0.0005528084304029998,0.004687026995362001,0.0009497949798228,-0.0007700378429955001,-0.00019333729974040093,0.0005575712313924,0.0008823145091131999,0.0011073672689004
0.0016984822216931997,0.0005872827034623003,-3.83786490046e-05,0.0038551916909464997,-0.0112893382859048,0.007447488804595599,-0.014804792349846801,-0.0009218603997433999,-0.0115468009738455,-0.0022098584796063,-0.0080616415992259,-0.006146409470435099,-0.0014170851051603,0.00012905531791370002,0.00046955451953819985,-0.020519988497456607,0.0010538146854972,-0.0016643026316409998,-0.0019706266016191005,-0.0059594975322851,0.0012148053741655998,0.0061987069393490005,0.07683766844924222,-0.0042995514515991,-0.0013541325238392004,0.001544047165034099,-0.0012478340366075995,0.0029375242225821003,0.00016904269268309957,-0.0002459313626646002,-0.0050074555536681,-0.005437179282550099
-0.0013573047926163,-0.0006165277931636998,-0.0009782311876203001,-0.0015676970795398,0.0039089672505861,0.0006776458116216,-0.0011886521093499997,0.0006124527979876997,0.0057052057702274995,-0.0015412368992409999,-0.006110395565338499,0.008095561801178704,0.0026854573291046,2.8793163344100012e-05,-0.0003843753840123,-0.0098448600052431,0.0012876556361920998,-0.0009093896232664001,-0.0004357243064480997,-8.82004237175004e-05,-0.0030326748887156,0.004760668180039201,0.0010400988545564982,0.026518163311115894,-0.000516716109044699,-0.015314874941598298,-0.0020356226178587,-0.0010021218124348008,-0.002682142870627402,-0.00033342324884420003,-0.0041781648862407005,-0.0012023333610327999
-0.00046230808741299853,0.004582289326614801,-0.0005641463675893,0.0031251142337492006,-0.003920168120425,-0.0019889717172287998,-0.023285389997196808,-0.0008525727785044998,0.0286421208130025,-0.0016150824777075995,-0.0026778518597860004,0.004215769480543299,-6.245787254720021e-05,-0.0014315812588286997,0.0005046318131171998,-0.0088297199775985,-0.0023100813448375,-0.0003346438217368009,0.0016993658525337,-0.005299052733381399,-0.0056711119746327004,0.0009573533435454995,-0.007768949015568098,-0.00012828927087329967,0.018907096230423415,0.0022636233000912992,0.0009066910994432998,-0.0020355577140340002,0.0079366517537031,-1.42371675799992e-06,-0.0021078767859797998,-0.0023934703541397
0.0009034798566353998,0.0010717625106677004,0.0026254542521022,0.0005125244386666996,-0.0007730945017575003,0.006172232565732599,0.0091402101929134,0.004987672964954001,-0.0087450494021337,-0.00233433755401,0.0017002705712490015,0.0077778603731628,-0.0036716671493303,-6.796669806180002e-05,-0.0026927177862822,-0.014300161024593597,-0.00018062315211889992,-0.0004434679806825999,-0.006196407614063301,0.004008767602658,-0.0048564165011706,-0.0030299414386803,-0.00033777248348280074,0.001985311287752898,-0.0005461299970064993,0.047162758195330556,-0.009652293434877501,-0.005219856878423699,-0.0182915846668244,-0.0004787805463615999,-0.0050634373870863,-0.0011665986148775
0.00017131112799570036,-0.0017515206621113,0.0015292693203317002,0.0030873855835052,0.0016783686035025,0.0082269830010386,0.0112854869369486,0.007815016380403,0.002483108428854801,0.00026411328502100014,-0.0007407128345628998,-0.0030623130576637007,0.0036608028433527994,0.0018251750478263003,2.0902940344100056e-05,0.0037866585456600016,0.0013405592329036999,-0.0010264849293664,-0.0007322338824275998,0.004591454622354701,-0.0050776909102832005,-0.0025541861875925005,-0.016349042372190502,0.006716588004235101,0.005320549687053,-0.014866425183235797,-0.021826925653406604,0.00036244514810830023,0.0013993424597794,0.00018084084424280005,0.0023191138963075,-7.794026692810015e-05
-0.0009189624383169003,-0.0010242280503971,-0.0017341911544099002,0.006040128479443001,-0.0014600991683129004,0.006463509153261599,0.011211599642640901,0.005714567913296699,0.0081172839855496,-0.0007213588603519998,0.0032311001222332,-0.0009119279925801013,0.0005332099401822001,0.0011476123819918,0.00021158289557770063,0.0158541323586322,0.0013348328053717,-0.0007893087839626001,-0.0006629265074090001,-0.0008194083497898002,-0.007686293334361501,-8.845128244210076e-05,0.0013709545501329,-0.0035128231268899994,-0.0034309230585302993,-0.005023321929224198,-0.0014827050741019,-0.03048430529250734,0.0032300392616839008,-0.0015216188752871002,-0.0003006890752704997,-0.0018870111358523997
0.0007272147390513001,0.0012994766946822,0.0019705473973234,0.0010335320291830997,0.003504273970331699,-0.0027384054730317,0.005686821323036502,-0.0004567332477059998,0.005908228930611501,-0.0021916485921147,-3.9100055221900215e-05,0.016903264855419,-0.001424694791076,0.0005384798874154,-4.027243626899884e-06,0.013138938995525602,0.000499588260409,0.0008970511133834,-0.0014889967563105,0.0033994513332569,-0.0033676741217059,-0.0012360256461744004,0.002746813057860599,-0.0019983551563802007,0.0021437891767252994,-0.0019060089566334997,-0.0023486314389644,-0.006050670792972699,-0.02704238893029509,-0.00016945904398999985,-0.0079127926249243,-2.185889308690004e-05
0.0005316796682278001,0.0013071492423788003,0.0012817096328962003,-0.0032001911619570006,-0.001633806394750201,-0.001360548499231399,0.0123223373120246,0.0019762275005884,-0.0072370537893499,-0.0006193040342118003,-0.0016237357164704007,0.0132993296056818,0.0002000436558639001,0.0007635481734579999,0.0023316879658187,-0.0080692643822755,-0.0009125605634913003,0.0015088822709802998,0.0025391962093963003,0.0125055531886543,-0.0045953145287166,-0.0010481586046899999,-0.0078341960515976,0.003467952437853,0.0024126805382013988,0.0024604676700651987,0.00014689343143049977,-0.0021855668183090003,-0.0005767205971238002,-0.013701295597588592,-0.006777709170033399,0.002320087406276799
0.0004520876585998,0.0009602628840350998,0.0006852906152476999,0.0041110521360035995,0.0010604644796040003,0.0060528170813871005,0.0044723676659609995,0.0017808017714464998,-0.0072464597690379004,-0.0068516876619831996,-0.009096054698021,0.007854229219828101,-0.0024018868124053,0.0012245494399558,0.0020458700539457996,-0.0037735142690756007,0.0014902213798804,0.0003679261101724999,-0.0038490367192688998,0.006388418111441901,-0.0054657745499039,-0.0009879652484395002,-0.0030067687118784997,-0.0058748966469207,-0.0088372916598736,-0.007113969650446399,0.0021044578261668993,-0.004152494342568001,0.0060417993175997005,-0.0011771946206433,0.029795109116363294,-0.007052729507173799
0.0041781621110973,0.0052090330661208,0.00021838683462800006,0.0017839967741748995,-0.006164013356623999,-0.001320559295910101,-0.011071899637115905,-0.0015687919458339,0.0072090438237463,-0.0012465962521698995,0.0044771923658795,0.0006929311592643993,-0.0030787342658078,-0.0012524001423261,0.0007147532763340002,0.0074900624499082,-0.00237754063101,0.0035647408914958,0.0021563057774095997,0.002695059356217999,-0.012175073745324299,0.0077155882481544,-0.003940031411618399,0.0020398601102837,-0.0019533988479878,0.0045921136271581,-0.0005031617803119,0.0026240546223936997,0.0022617734083552,0.0011748924609621,-0.0036842814922015,-0.010461467559342186
