-0.04039641682721651,0.001978133958439701,0.0011229859860426997,0.008526287738361702,-0.009458565957712592,0.011620351585826201,-0.0192394703649213,-0.0004312780345318984,0.024244123601384702,-0.0005883406692464002,0.006833720258117498,-0.0013959901277649008,0.005446248697467599,5.079485873939996e-05,0.0014331856928014998,0.0201103308025462,-0.008744434913755102,0.0008938142121683,0.00035846942960379995,0.0020968222691435997,0.00031314224400010027,-0.0054880378673885,-0.0003364773835468999,0.004780168130237399,-0.0160858468849093,0.0020432492898907,0.006171331142052199,0.0039297174241969025,0.0017842743849241995,0.0008152013333655,0.0005595811755301999,-0.0029470751838463014
0.0006739349656911002,0.021736194887945093,-1.0188006266200617e-05,0.0011329017989243004,-0.0282762218406587,-0.013279360518497901,-0.006364394193822599,-0.0014299024175059016,0.005849268726782299,-0.0008827734892169,-0.0049327440423270995,0.012356085567937599,0.003110538282831801,0.0008922792433998003,-0.0008913269466512001,-0.0210544860778248,-0.00018131822764019985,0.0001799525500472002,0.00019997947228680025,-0.0031071592018702,-0.0072318315598829995,0.0024577114215061,0.0101686180741822,0.0050872781555161995,0.0144890442421733,0.005253852198420999,-0.0034157016778844996,0.0055115143337505015,0.0034201519531365,-0.00050129451239,-0.0007965090167419999,-0.00016409414535040016
-0.0019071404551142999,-0.0005222593901939997,-0.0042742855880653075,-0.0224657304828341,-0.004895506967348896,0.0119833234479552,-0.003078363733976304,-0.016497465365767103,0.018719579166469498,-0.0016454677650358995,-0.002322942115872001,0.0019226059534244028,-0.0051741543517159,0.001364843232423,-0.0024062134607978998,-0.0078159659466966,-0.0021935952415594994,0.0037163486630345,-0.00040026845548049995,-0.00033678923424689975,0.0006577392924783003,0.0083569038934943,0.0063846806451232,0.012228481650973597,0.007096853175025002,0.002490090539637501,0.0004301117052757002,0.0018440519728110012,0.0007119438623755994,-0.0006740611753290001,-0.0027016045859316,0.0014042571154651
-0.0005649629748507,0.0026526581866056003,0.0024969112394838,-0.08479606035642195,0.0636619711267869,-0.0142974672479132,0.0501155235995613,-0.005512371230569701,0.024345436313988198,0.004472320913118499,-0.006162278266902901,-0.0099880600203381,-0.0036276070553519,0.00014084024730449994,-0.005286365150097099,0.018686384436429303,0.0041600634252412,-0.0004053974959046,-0.0007613799283464999,-0.0008523246382799998,-0.0030271580981339995,-0.0057299532074037,-0.0025674595943687,0.0037762045275994997,-0.0011924046165967999,-0.0057581246770863,-0.0073878111766284005,-0.0149813351957188,-0.003921709751311699,-6.253233762139993e-05,0.00016061742126620014,0.0022138315824614986
-0.00035945136192909975,-0.0024161677204194,-0.0005060702116445998,0.0078858251057667,-0.06015778870167571,-0.004953908242838,-0.008273080872902697,-0.010484094851283002,0.020258453760579602,0.012473778634349699,0.014226605024012597,0.007559880137664199,-0.0021237702839143995,0.00027805761509299993,-0.0026914851571492996,-0.001324563730616797,0.0013655355182976992,0.0028553763579855997,-0.0017747785915028002,-0.0030110216940303003,0.004245693481904301,0.0107590238955803,0.004310816884548601,-0.005062111891009498,0.006143621537760002,0.00021009201239209976,0.0011009541952331,0.0168138146720293,-0.0029627746201526008,0.0017523191840352,-0.0022348273067917994,-0.0039039527793719025
0.0034304324247758,0.0013268528124769996,0.0027084070406612998,-0.0035991687043358048,-0.0403471167853427,-0.011408393541164186,0.0037982935188838017,-0.0382108979833891,0.024427655167484297,0.011407408519560099,0.0110023981716405,0.0080939911831696,-0.0007702149829963995,0.0009199703008272002,-0.0020738716089001,0.010084536293804,0.0078969035091731,0.0020318605056809,-0.0011669917347859999,-0.0009537628678108999,0.004244231788072699,-0.00015542387369749978,-0.00019665058125479997,0.0017754136968662002,-0.0034584536997107,-0.0016253890480329002,-0.0025062494240250003,0.010034185172432198,0.0015753397690246003,6.851640377960005e-05,-0.0004028008072728003,0.0020489893644060012
0.0003321341038754,-0.0005187038313229,-0.0001244125099095,-0.014350120186887298,-0.005105155054972096,-0.0041013777537826,0.010691479403034054,-0.025792850094685103,0.015351645565512197,0.0052533879504162995,0.004941603501498002,-0.0032574310281313,0.0050372094809998,0.0006961312806715,0.0024682875809495,0.0056688094982719,0.0026352401535745997,0.0020564812997707,-0.00019681466353679996,0.000689410282767,0.0035848659535330004,0.00026654239697659985,0.0014887913283247005,0.0035390371760413005,-0.003002951607694501,-0.0023023342282823002,-0.0026209497743729998,0.001393036703373601,-0.0014438952097851005,5.469446544850004e-05,-0.0008026745634124003,-0.0025291176182633997
-0.0025750958456532,-0.0013886649045837998,-0.00037254021828460023,-0.017159853085549,0.056241220914664006,-0.016396176185285202,0.015201628606028101,0.013474843951053805,0.0170705493574499,0.0050487311393440995,-0.010311291314314304,-0.015380911029075699,-0.008317242354617801,-0.0009871841738303,-0.0081358095231074,0.006978662902741101,-0.0022302730240149004,-0.0022341090681111,-0.0001241909161891,-0.0015668028876156,0.00025430534020969963,-0.0013673677763789,-0.0013811938831241998,0.0019518575445431003,0.0029290533563164,0.0008231039811815999,-0.006624776965420701,-0.017251166469868302,-0.0080287127644691,0.00034301350463,-0.0024063778510966,0.0039227696424281
0.0026362202719091006,-0.0036175413854832,0.0004610022942210998,0.0045718113707028,0.0014221706308409979,-0.011005729306040402,0.005567391056248403,0.009096160914334,-0.009361871356710738,0.0024562282584870004,0.004805349377855199,-0.010542082346575202,0.0024436126069114,0.0014025264026364002,-0.0042220260812,0.0053960101928524976,0.0009122920912941,-0.0021307839793264,-0.0002999959158851,-5.0872032705800074e-05,0.0053606951011836,-0.0061903159764406,-3.53565924814999e-05,0.0005254843035528006,0.015639979081849897,0.0019035981935854995,0.0014746547484825,-0.0179884899500288,-0.0023823889551103,0.0003519392516272,-0.0012904634151157,0.0026907911445287966
-0.00028944639308079974,0.0045696159296625995,-0.001339463749561,0.0041707962216651975,0.03724090561776789,-0.007827356992229202,0.013164135871102309,0.021504378676592002,0.014359201035024007,-0.07611261025013794,-0.03927277383727679,0.003647533537153601,-0.0043260963054573,-0.0002818995095266001,-0.0052113104246547,0.0107838818779822,0.0025385543927047005,-0.0010900717501147001,-0.0006458608194475001,-0.00015541342292420095,-0.0116150215329055,-0.0002672989804775004,0.005856174839136601,0.0007607416230225993,0.0042808360902828,0.0015028736711869004,-0.0017135793299023995,0.021359054944650402,0.006617060656229,0.00035655267600490006,0.0028315252672488,-0.005395619629720398
-0.0008192204830104999,0.0002523310975934001,0.0009915400955882998,0.008734400228916599,0.010079370339269596,-0.0114867867545199,-0.0002994464306067014,0.012512972058261,0.0224000421623423,0.004997531970431096,-0.07286825907014471,0.0010967836917078998,-0.0020358596479814004,-0.001698226151503,-0.001470814289864,0.007287790024950301,-0.00020190072032890034,-0.0011371447008222996,-0.00012804948409680006,-0.00044663931623049966,-0.0009440842778228997,0.0007050114912454004,0.0027695137802277994,0.0016774306282982005,0.0098013770126886,0.0018813678228563,0.0007366084221880997,0.0055513464201889,0.0007089413750023003,0.0007442672662933,8.227906339909998e-05,0.0005255263754827995
-4.725823278789996e-05,-0.0005553748757627999,0.00044997327756109997,0.0256759121699261,0.0267627306345024,0.0031776328880366994,0.004011850366501101,0.019739176465239497,-0.0034155715707957987,-0.0028506014132685005,0.010732006017607695,-0.06125111669227867,0.020635634060911602,0.00023552149463580002,-0.0030535630257044,0.003755629772401299,-0.0024210381397546995,-0.0009400777773697,-0.0006002524862487001,0.0009384323801699995,-0.00019467036228100042,-0.005782159225700001,-0.0046976727079202,-0.011700247876298999,0.0002734380290271999,0.0013485658623152005,-0.0032408977977598005,-0.012796032903751094,0.0008458953258979997,0.0015283118311122002,-0.0036350797469385,-0.0029290957412250003
-0.0007352568539395999,-4.529643103469991e-05,0.0045595224101411,0.005818455933528498,0.017985965248072402,0.009770794887113101,-0.006676233476516597,0.0090055086081774,0.0081816184403888,0.0034712924036874003,0.0016218053394952015,-0.009744321957175898,-0.028989496447809016,-0.0009399147899666999,-0.0017976965783009016,0.0192542789427207,-0.005124753126216601,-0.0012789893268231,-0.000374356120871,-0.002142738524563,0.0023256009028002995,-0.0008111639688168,0.00023701063507200037,-0.0054360102860112,-0.0014991846551310004,0.0011712845786358006,0.0011589037641166005,-0.014082740411988398,-0.0033498269401814004,-3.83452204290001e-05,-0.0005722354949074999,-0.0009234814832675001
-0.0009647095687941006,0.0015121289465017998,0.0012980773277260996,-0.0264735398489287,0.013954880684050205,-0.0095818385422781,-0.006278533914593199,-0.0122213363775867,0.013297422513644,-0.0035665352910306987,0.0021530046808284006,0.011668773476464701,-0.0044509502214566,-0.0351185862356731,0.0024297833561655,0.019031335460748797,-0.003107765457363699,3.376176863060035e-05,0.0011388318020652002,0.0024682318903401996,0.00021927915209239961,0.0033860063695215995,0.0016932615801811008,-0.003882007256664599,0.0014606451765750003,0.003629080202389099,0.0020185121651519,0.010558972968685798,0.0059245154830151,0.0015591847668398999,-9.185514448510016e-05,0.0063019680872373005
0.0010924732562427,0.0028850200473712,0.0026967318438594,-0.0258826394143433,0.0023844269597165027,0.007063465904064998,-0.0148349584972696,-0.005306499427144801,0.007754723102383201,0.002564337555607501,-0.011702795400829295,-0.009332022552513402,-0.0042683901497131,0.001324812898898,0.05074613430243746,0.011850039653144299,0.0018250759822169005,-0.0003176990273322999,-0.0009134637321599999,0.0027181919877069,-0.0018254859848693007,-0.0026599153610423008,0.0007195668120985009,0.0044224621486677,-0.0008140848171775995,-0.005957049103667999,-0.0008751815903818008,-0.006018185021209498,-0.0030441051540481,-0.0005434361184649,0.0040973193281733,-0.009848870430421399
0.0010306789216710998,-0.0003971296811243999,0.00039148488283900014,0.025394335951032004,-0.027823242860687603,0.0013522800709309009,-0.0196821241510793,-0.004588491578687098,0.006353505289422797,-0.0009549913357784993,0.0206862736410411,0.0081003320953573,0.0149332566948211,0.0003768568395393001,-0.0003774014931723999,-0.035736022596540296,0.0036212573365266,0.0013028231950467008,0.0007950996071533,-0.0026971871778002,-0.0011121500612455999,0.005106658621893601,0.007607318474672201,-0.0005602748137640999,0.0082834578393581,0.0051081896319563995,0.0005157872600410002,-0.011584447845728998,-0.0035327045471513,-9.91034955928e-05,0.001203857977093,-0.0030181826920428027
-0.0016652434585013999,-0.0005008895180408993,0.0012197238420363996,0.020386454483447503,0.007440239131844502,-0.013391433035747299,-0.0050511010479053,0.008840110084009395,-0.0063782193466695,-0.0080215979625444,-0.004061867932189902,-0.0009818988781082998,0.0035835492561202,0.0002695698502482001,0.0009350220410267998,-0.02136845950890691,0.019594374611954124,0.0006494866766133013,0.0008637134195531999,0.0010122529654368003,-0.002530953495601,0.007032558398331201,0.0010620070201684002,0.0030217638875481003,-0.014321004147470501,0.0007546131153291996,-0.0004523909525529996,-0.006402949243494899,0.00047799165041999964,0.0010463347726741,-2.9185169923400152e-05,0.006967428490895298
-0.0003120015174214001,0.0021018797319592,0.0025377670279368,-0.012179982585826601,0.018820558768017394,-0.000535641146495798,-0.0024762502642838996,-0.0091225987288274,-0.006261022264787898,-0.0006118594631030995,-0.0159955492510644,-0.0034233901734554983,0.0023080231436549015,-0.00017795760193810013,0.0025056018322617,-0.009631817869673195,-0.0088787448660516,0.0007568204243623144,0.0014391660647527,0.0045055302574939,-0.0039314732907429,0.011559627328235301,-0.00031217928812089964,-0.001823271822811499,0.0030429765119737995,1.805518071840064e-05,0.0016019886195668999,0.007797186752886201,0.005606210504192099,0.0022681416933474996,0.0029584820396522,0.005845724253592999
0.0009002776939210999,-0.004698091037381899,0.00032207695990020026,-0.020671488995552795,-0.0011098380905953005,0.004701872576223799,0.004282001159954901,-0.023843863400679698,0.004362691462459501,-0.0037825311749395,-0.00038374105857529907,0.021856968966295298,-0.005101796861832899,0.0023038056729411,0.0004223604491161003,0.0025792879438265998,-0.00014043729826490083,-0.0033872827258865992,-0.023671270316671156,0.0042665081684702,0.0030578456276524005,-0.0018270246168885997,0.003242433632617399,-0.0042951287758166996,0.0009814140125200994,0.0064398078699535,0.0044462160868917,0.0194351107895468,0.0044303867283455,0.0020012191080413,0.0013400892398139994,0.0015401202045937003
0.00047161163086320004,0.0035481227535067,0.0013212353779351003,0.0149230815778378,0.029656373249233703,-0.0012045278972882996,0.0042162715885027055,-0.002542689653482401,-0.0065829281395178,0.002383531249593101,0.008998222239301,-0.005285778272737195,0.014757607118811801,0.0022968872192681003,-0.0008415633957893002,0.0075429776605263,0.0075371647246405,0.0014271879008725002,-0.0002547709847374,-0.09114577646810795,0.006413080899139601,0.005254439796525401,0.0012587080629047013,0.0007009214585085976,-0.006125299750795999,0.00030027856620879964,-0.0021830992218897,0.008203821693414198,-0.0010101815650590002,-0.004422406935616699,0.003683050168707601,-0.0032955526512793
-0.00011107064089010011,0.0010184918225573003,-0.0009646016592477001,0.0083414086013457,0.04186204746287869,0.0099780226929938,0.0069096086365879016,0.0052086289350349,-0.023539087008658498,-0.0011664531234428996,0.0016226174913026,0.006617255695414602,-0.0021473460746408,0.0026282621961059003,0.0006542867978693002,0.010733777384470499,0.0031807219310622,0.0033147331610350003,0.00041089356390009986,-0.0027099240434149997,-0.06447708513847084,-0.0048345942441104,-0.014828095139517099,-0.0093191146509441,-0.002085846051638399,-0.0027211847768318,0.003585499381318,0.0129888766879438,0.0034630287020318,0.0004477179965220999,0.00032093264979590015,0.005617590761637405
-0.001253031119911,-0.0006921656892685999,0.0001779869455098,-0.014228454851917899,-0.003786944024002911,-0.009385989845005998,0.015134747392020104,-0.0190073709286484,-0.007347813710178699,0.0037713680811880994,0.007509117384875398,0.004654473415720298,-0.005009354430782001,-0.0011219015643114001,-0.001824343169313,-0.0019400164841746025,-0.0030210362796412003,0.0007344865827777994,-0.0019229629930886,0.0017232300516272997,-0.000408447775037301,0.040730105867166744,0.002989516608064499,0.0038546546522153,0.018107112179261097,-0.0033811484423488,-0.0022704725399810997,-0.0036489111159742,-0.0011003402840381003,-0.00023084224823410014,-0.005494942988066999,-0.0123103086765016
-0.0013255888705464,-0.0008237946505206001,-0.0004674998705095001,-0.0128395103021572,0.0011826696778652057,-0.0140293657247825,0.0024863772286267995,-0.0180615994632244,0.004631929984293102,0.0036740060496965,0.0146590586351662,-0.006974501696893301,0.00808515986749,-0.0005385581576550001,0.0021958588433546,0.0062550791616708,-0.0029231257582251996,0.00033008819120470016,-0.0004924786632106001,-0.002599726559236,-0.0047544568980588,-0.0070403498436401,0.02849661544947313,-0.00015569732422199972,0.015051391593720001,0.0008162260745277006,0.0007668948164207003,-0.0100614827561725,0.0015389664343961,-0.0010655983729305999,-0.0022496341002226994,-0.003767352995697599
-0.00020843036250449984,-0.00014304661751800025,0.0017301982766680002,-0.0035108475176410994,-0.0176739043447832,-0.007168232865280401,0.001778199952003099,-0.0054816795135473,-0.0025937216256429023,0.0025407388533669004,0.0065095317122391,-0.0038341380633204,0.0070425218605947,-0.00010677595160650012,0.0017384263639068998,0.005534118418009501,0.0050234925410553005,-4.140488325419991e-05,0.00016490840468059986,0.002558705814357999,-0.0034767738478123002,-0.0051379248587907,-0.006388686730721297,0.010023526019142914,0.0010549686695106014,0.005403098570376,0.0037289380400017,0.0001731950214246998,0.0009759607894258004,-0.00027509572970530003,0.0017633877442571,-0.0017032541388931014
-0.0015403030830859997,0.000722376584374,0.0007766177550740001,0.0123700425049587,0.05266890926678049,-0.0029606984429765004,0.017409802507938804,0.0196322228330073,0.007025180069420402,-0.0038057408546840997,0.0020980355547810976,0.0031842862018138032,0.0030059675904019,-0.00044522334933470007,-0.0013578498342798999,0.0004938598369726988,0.0010064337936585002,0.0008350732745838994,-0.0002892817508778,-0.0030613649833468,-0.004493622905708199,-0.002209527301700799,-0.00026888861794739996,-0.0036128260120683996,-0.0826304278897374,-0.0032973926492739,0.0011010149922097,-0.006316312475845999,0.001950194871691801,0.0001544652751435,-0.0009167915821543999,-0.007228231179788096
-0.0014460984554618998,-0.0005374264032169001,-0.00024995547989810005,-0.0048612392456577995,-0.0021270521928730968,-0.016100218170562,0.009996337455505901,0.002022474187742599,0.0017467832125097997,-0.00022125987697490038,0.0026813732996317993,-0.004696967790214598,0.0054242728901233005,0.0010051313122045,-0.00024728353259939953,0.006597451419181399,-0.0023369940007318003,-0.0037781221969553002,0.0008197595934065997,0.0095859634907935,-9.462535087929966e-05,-0.0043222954839728005,-0.0011470481952738,0.015273711649142999,0.0129218286303415,-0.030452854558754572,0.005753799490982901,-0.005021919512305902,0.00023790490121029968,0.0008618365658021,0.0002715653382959994,0.0024411670094567003
0.00024369087204089996,-0.00013290463062519972,-0.00027362668247579995,-0.0101276805547424,-0.0018666269804125009,-0.006313428335171501,0.00862906194234,0.0029185807869390006,0.0197751453962886,0.0014458174607355993,0.002503044528209101,0.010705565234170301,-0.002786755739142799,-0.0007753465915950001,0.0014822060415226998,-0.0043302196794821005,0.0016167551203542002,0.0037931757173497,0.000999593910088,-0.0030797527284007007,-0.0052437721412699,0.0081240296275996,-0.0020591594003623002,-0.0184069624988933,-0.0017882805945570995,0.0005665478967160978,-0.005190216550813087,0.001543901519048499,0.0010557473837586005,0.0008342067257157001,0.0007104414142252999,-0.004572778469158299
-4.0017284331500015e-05,-0.0004056286385622002,-0.0014110795135854998,0.0158914747987337,-0.019616052500968498,-0.0012249539062864998,-0.006636925467935801,0.0044530188001306,-0.004600548308503398,-0.0037981746313574,0.0021251356124648985,0.0084463914698754,0.017572289120294703,0.0008775423344123999,0.0038923974426126008,0.00028246816848049965,-0.0012943897501088001,-0.0002839614916587,0.0014158602622126998,-0.0028195988940467,0.0013052772056301996,-0.010037630548689,-0.0202831462383906,-0.029043535391475396,-0.0022190257426398996,0.0008983102195291,-0.0017103094440422007,0.040905111449859644,0.004406847063797499,0.0019186732723233003,0.0005200898363682998,0.0005140906958568999
0.0029135313627954,0.0005855446863989003,0.0019697025386058,0.008321875243711703,0.014887086739297,0.0009648773878050999,-0.007657817851186598,0.014988498481856198,0.0019936804728073014,0.0007143755449232998,-0.0012135627823128999,-0.0306763860491248,0.0009953226145815001,0.0006707053839877,0.0020085278742028997,0.0085792426824053,0.0052042256832674,0.0033123800444626,0.0006620929498736001,0.0019344002111349001,0.0010414439307367,-0.0005471839250468001,-0.0067931428732109006,-0.0046348397276166995,0.009545684804393802,0.0014235253721198004,-0.008760995746687601,-0.0315989417258036,0.008907641968008417,0.0002634084952323999,0.0007199777558648014,-0.000724881547482497
0.0020190288637028002,-0.0003538610619319999,-0.0027600983239116,-0.0109929652802081,-0.0109068533327571,-0.005882051246467801,-0.0002442474621809007,-0.0005542074258560997,0.002455239662789304,-0.0031696113281086996,-0.003842686012130902,0.0359058982248472,-0.00039054516525590006,0.0006510880768987,0.003868143050809,-0.0039295436086686005,-0.0024214831426351002,0.0018970471816867,0.0025362184857836002,0.002099334790377199,-0.0036084460586338993,0.0023137965594718004,0.0121857174577514,-0.011345182306940201,0.0102517109137684,0.0008203919140876998,-0.0014202828977837997,0.019694954441940898,0.001865423282729201,-0.03910144815570982,0.0024873002093280996,-0.00012778030679170063
0.0035450876653946002,0.0023395313198397998,-0.0015596845879782,0.0200628815773221,0.018703437618331,0.0043211975704099004,0.0070821539074278,0.012184239872184699,0.0015943995435498022,0.0017763160926971,0.003979167488910499,-0.0047025175753374025,0.0031204999427131997,0.00035896420185559975,0.0036160480281663,0.005289718509603799,0.0056731542847091,0.0017319480103091,0.0001733321515157999,0.0053481061988627995,5.137497104970058e-05,-0.00124470529438,0.004248864384666999,0.0045525782996001,0.014310934246052301,0.0044570663682480995,-0.008889271936416402,-0.022238284893750702,0.00031705354318319924,-0.0023837580964808,-0.09589942552545738,0.0080795921131977
0.0005361130251803001,-0.0018246575152735,-0.00025925292290869973,-0.0035193637739373996,0.018613975371306005,0.0014308010908627,0.014582750656064201,-0.005561854851809999,0.006189500589917699,0.0025033875488348,0.0068775282769655,0.017786860279231202,-0.0044631716854148,-0.00045277063128129993,-0.0020523464484673002,0.0036366797578901,0.0038208940450946997,0.0012207816872670998,0.0005243594597433999,-0.0046135295827482,-0.0080087954894717,-0.0050097592349845,-0.004218991173271699,-0.0051539397406663995,0.0048736504405917005,-0.0050324530906054,0.0009867671436114998,0.011450114163675203,0.0035090005122343,4.415445556430007e-05,-0.0023326305255428,-0.04608380183765126
