0.64855963267718,0.0195302605959018,0.0115574774777002,0.00746466335625456,0.00473755554193406,0.0308272413146664,0.0360975383600224,0.0223862146291145,0.0639673492904643,0.00184161112085465,0.00878826237258235,0.0101752870960344,0.00165832067540008,0.00365097947797799,0.00203067104095137,0.0156316136550012,0.00109969946693233,0.0113761933329536,0.00110479068837985,0.0147275764419063,0.00663687752514075,0.00963217506619044,0.00458920781453015,0.0214722872839502,0.00458407443853244,0.00802509100466772,0.000219031363146202,0.000801727479465678,0.00978161889938769,0.00124265532671746,0.000928529031902598,0.0148737861541563
0.00631074514304755,0.503458772776953,0.0106496015710126,0.00116122340993647,0.0116273806008916,0.021122707178865,0.0851121266139383,0.00371565045428154,0.00373513286864279,0.0173819356603871,0.0245293826840021,0.0131574574264953,0.000763729159843671,0.00447841133434612,0.00202877013393428,0.0361651561240121,0.0292231992707474,0.0317233126738671,0.00127144715704512,0.00561395980557455,0.00707346697646428,0.0139716833322336,0.0103139346437067,0.0216525691591008,0.0896816083010116,0.0143123537876898,8.0139652073321e-05,0.00181549197780566,0.00911029318487208,0.00122835016281563,0.00141543771194192,0.0161145690624616
0.00181521942542366,0.0113569291060156,0.797347697994782,0.021181269903873,0.0137450155551365,0.00747117982326543,0.00696099458357946,0.000141366330058151,0.0305283183891872,0.00400904764902912,0.00252412302433009,0.00214839222908516,0.00181170744524045,0.00010799849176939,0.00485926013491418,0.0249079349312073,0.00121534377517164,0.0046750643577981,8.82850498442907e-05,0.0180242448172053,0.0113200058950617,0.00296841349598113,0.00606630729398959,0.000139336975668623,0.00382371320189823,0.0143239930076746,4.50266057403726e-05,0.00486508730176388,0.00034693065432201,0.000575117003539993,5.93718273874047e-05,0.000547303720056539
0.00793212311311887,0.00367722310083268,0.00528520888508704,0.433973874558763,0.119885537793826,0.00514474231090811,0.04758159947039,0.0623171354263483,0.0297638923540505,0.000598431253510465,0.00122511914560793,0.0648576906574216,0.00935198870572614,0.00862507591642351,0.00758003292692069,0.0415712312796531,0.00420842475143258,0.00171009583098785,0.00338006696261878,0.0277168473255594,0.0232665811382348,0.000626889647728623,0.00576268841026105,0.0164833880486956,0.00515217409567215,0.014483089773082,0.00559375733447609,0.00274578123843979,0.0323992067020791,4.15902550050711e-05,0.000815426998528656,0.00624308458861098
0.011444309245796,0.0113800814927236,0.00273345968953669,0.00279079099887127,0.711388681685132,0.0344478145627726,0.0900518346461621,0.00938163237067212,0.00335360416667403,0.00048437964038886,0.00208747070566636,0.00413593847604864,0.000892402802893112,0.00122363901934778,0.00090146527738141,0.0515698548541999,0.000577756108101058,0.00155530315858481,0.00080523985183534,0.00704479822203438,0.00457086597947644,0.00533485351854557,0.00129340444774089,0.00959784666414956,0.000243584010610418,0.00824642194468338,0.0059117016284707,0.000527135200122509,0.0109111582207626,0.00230271368724869,0.002180310818775,0.00062954690459149
0.0185747262634779,0.0318574079593373,0.00312968830081373,0.0447663041478349,0.0152149040497844,0.516663971065257,0.0189926831737168,0.0500466898872776,0.0514013825587752,0.00676436374979488,0.0297302686439052,0.00194701734848859,0.00370403139069036,0.00345114649484543,0.00926701974151632,0.119637448019988,0.000694759936535774,0.00628661856042323,0.00169757784846828,0.0131710321160723,0.00329333111178536,0.00651246886157703,0.00443746289341761,0.00331071561963939,0.000505604650917036,0.0195202678392397,0.0054460108178049,0.000323330745867946,0.0063613804027329,0.00148938891529679,0.00115962176604176,0.000641375118675427
0.0301052230682542,0.0479155667338158,0.00133692955096419,0.0463094145254415,0.0269661793272908,0.0126903803246329,0.570186317723609,0.0130195652964369,0.0226060864760742,0.014447073476143,0.0109635811319514,0.000678104424456436,0.00168097429221131,0.00381501339832473,0.00584929986007515,0.0365033836184376,0.00133380647095745,0.0105456950372277,0.00090412400514573,0.0180794330165093,0.0091984235628329,0.0182907042951304,0.00694712643445154,0.00996847816571168,0.00955698313655087,0.0389826004881658,0.00581112247240225,0.00051142767471632,0.014165192547914,0.00216300479733188,0.00627679244981997,0.00219199221701285
0.0111657652193297,0.00413370858463171,0.00171719894033371,0.0854646535018589,0.104462498267371,0.00783786969416517,0.0488177897568878,0.517939058489031,0.0243190563153448,0.00163959605264348,0.00682963931809609,0.057076425970814,0.013324424904987,0.00800694456666887,0.0160382818780547,0.00808050315909696,0.00423098015665607,0.00312246867430451,0.000145843322328043,0.0217023794255562,0.00358848519187622,0.00104142547115262,0.000897321176313911,0.00341080165504274,0.0103721709985724,0.00315012283445722,0.00837494849778502,0.0010964812075164,0.0211934407627266,0.000351138123059149,0.000348296835200348,0.000120281048138083
0.00420651613948967,0.0090383125804085,0.00113287176262936,0.0206421446754498,0.0443591785517174,0.0337887352469816,0.209587062633771,0.0143830675885589,0.469005023152774,0.00674005552063361,0.00128318775695517,0.00694615380223301,0.00250832693287016,0.000902149967181958,0.00437988006778141,0.0885459863348706,0.00307447336655351,0.000728177554758047,0.00219793562647095,0.00411794255582267,0.00206114820152038,0.0186741635685256,0.0159591053371696,0.00492064318587538,0.00264985424323486,0.0116746745717498,0.000503724210935241,3.76619580792343e-05,0.00091710447660727,0.001786824369479,0.0063729763922034,0.00687493766670944
0.00191522932363076,0.0045296156121351,0.00317424046581925,0.0517676940089967,0.00431562071128087,0.0106739210918415,0.00372218204177671,0.00322565292596026,0.0769944041367706,0.548918235915926,0.00688634992009091,0.100676876644874,0.0015952486014246,0.00161119095372123,0.00620572954987854,0.048696219216261,0.00102317377898001,0.00149160412599774,0.00860265561418569,0.0152651079961564,0.0139861945576895,0.00231205501671608,0.00128706744395518,0.000382627334906325,0.000409850710680526,0.0177411714848195,0.00302164302577708,0.00571462369589557,0.0422132542623079,0.000262731200094734,0.01108649797959,0.000291330651859528
0.00447762077747893,0.004150403392475,0.00270208914373103,0.0318656017121522,0.0789298029458145,0.00631728660600825,0.0313855839546711,0.0470885132709707,0.0234296576639996,0.000597189602164274,0.577341883755849,0.0410119991077049,0.0107708904835568,0.00487834508246303,0.0172611718073021,0.00586464430839089,0.000108797900054638,0.000494143917501514,0.00557320821676288,0.00773396131370102,0.0085405613690892,0.00482363427961133,0.000820397950480546,0.00833477052167122,0.00135334288459159,0.0133399550375486,0.00136798438074041,0.0109728628993578,0.0425345789913867,0.00145739500220862,0.00312776576015309,0.00134395596040839
0.00100616865646159,0.00175038223021939,0.000863239589284412,0.0107888968953249,0.0625968239153965,0.00143132722926972,0.0210696408002426,0.0141950977822704,0.0162730987529781,0.0111091815729713,0.0124047729219088,0.662214616326119,0.00111661673131988,0.000325800093518172,0.00130439409536978,0.0220396647547879,0.00165867565968357,0.000737581331689977,0.00306115621393542,0.0308610701537737,0.00111543679895449,0.00133511275314749,0.0143480305344998,0.00649615182277394,0.000504195188801433,0.0594467118086644,0.000550260712807257,0.000209468698434866,0.00927942107372876,0.000295249078485337,0.0251862302053258,0.00442552561785161
0.000435602898168979,0.000514924331660629,0.001222255172951,0.00359952703635695,0.216512130066572,0.0094113610275798,0.0861807682865744,0.0274543664502625,0.0341775210874104,0.039693615665962,0.0293746608662942,0.0206994267779096,0.398259234268732,0.00257729611239846,0.0226868544531632,0.00354648219467286,0.00356201327233732,0.00355099755095152,0.00499594738975256,0.00599385367698425,0.00904025651421296,0.00015476612693186,0.00378139587636862,0.000705407933653428,0.0145845512280077,0.00823848534232511,0.00200371847756706,0.0233601615162602,0.01254221516936,0.000504138868565051,0.00654545236661971,0.00409061199343406
6.18795101711913e-05,2.53920498391512e-05,0.00193570177094078,0.00565499346074052,0.0137334256119867,0.0055218125175414,0.0209879762887473,0.000455032815876754,0.0210237321450314,0.0463157514647312,0.0106800470934788,0.022621476811266,0.00363985741810399,0.71624243103777,0.0389299616923029,0.0352253783260063,0.00247561753688383,0.000200015982579297,0.00128194204785251,0.000356809490820704,0.00673892495292617,0.00911805498582585,0.0169642926084194,0.00174462601085353,0.00542001176274763,0.00102990593711398,0.00289173712466212,0.00036200056670636,0.00341980092278616,0.00316179489007199,0.00142759736027074,0.000352017804945124
0.000519730730458332,0.00532824098249605,0.00198745739895449,0.000873349969361465,0.111296818480452,0.00458362020440174,0.0795431812815889,0.0007318580535453,0.000540755174077713,0.010398391226842,0.00742760018899053,0.00641460134758854,0.0367665620712864,0.000562664649704075,0.624103624376093,0.050745343564612,0.00553986125202048,0.00101399241898343,0.000730095612714982,0.00291584395096262,0.00534227934326605,0.00158086546322526,0.00159225725182736,0.00903773163722556,0.0138226244728388,0.00277087124451511,0.000826986369993751,0.0059561889800465,0.0045551022902976,0.000320560019113228,0.00141857900694885,0.000752360985567888
0.00811707168204115,0.0243211636875965,0.000494695432354246,0.00855366342101672,0.097622221652529,0.0273792738612773,0.338692871686026,0.00427615487835819,0.0991149498951882,0.00295223317832009,0.000587713869459999,0.00396214182112021,0.00230156135378585,0.000353752885390175,0.00395622330060575,0.275563345137472,0.00113697835484541,0.00432336931020817,0.00105619471739877,0.000514154039972882,0.0116984038991112,0.0143336965508105,0.0104935807971244,0.0160372508753275,0.0185078850431646,0.0121119819729051,0.000651278153761222,0.00067671069472619,0.0027605142699889,0.00185147130299219,0.00394615868094387,0.00165133359417721
0.011551743631569,0.0138258640375271,0.00152875897715419,0.00309517906975931,0.0208396163535264,0.00129304376149583,0.0336534667466107,0.000900533269760703,0.036439525231911,0.000528558640282907,0.00199933637524082,0.0114430956608732,9.65134832448654e-05,0.000938288823648063,0.00692528425638768,0.0437085490547267,0.699805131452893,0.013344943298088,0.00265259350838147,0.000190473686696381,0.0245697777364149,0.00872048684721728,0.0130847408109358,0.0251548577928315,0.0128226243257137,0.00116100858715372,0.00107963358873531,0.000920074964079141,0.000669657990105273,0.00284984640572452,0.000213121847401093,0.00399366978391087
0.0129761575207906,0.00885934817649907,0.00479905826676792,5.12989770714515e-05,0.00119673718909714,0.00714266424934013,0.0331652713391889,0.00109969323378343,0.00201766722097373,0.0017693043268779,0.00279289284932512,0.00525282934632421,0.000554643092989626,0.000384764655109974,0.00228999834670144,0.00236285026210334,0.0122224691587948,0.770268698909543,0.00331294553030832,0.0102299193082416,0.0348355037418072,0.015798695873037,0.0214534595986326,0.0110869686075199,0.00811721793418566,0.015409172064615,0.000361923488223005,0.0044922946307157,0.00306799259024337,0.00110590520370555,0.0013389528531676,0.000182701454315294
0.00647808548961042,0.00801955676108041,0.00112646511487715,0.000616773637924305,0.00715850322170978,0.00300546436087363,0.00919341960122717,0.00308335919020894,0.0214731295514028,0.00435307028182872,0.00798401783682037,0.0103467567374814,0.00109756003310161,0.00397590083240046,0.00209963029692424,0.0263780661391537,0.000186095839605724,0.004866393298142,0.652682274391354,0.0810528836156413,0.0139535868784517,0.0075897852931176,0.0138652371043501,0.0383795260654026,0.00227007295387815,0.0106741747163177,0.0190107795743812,0.00286198546936228,0.00679020064365239,0.0061101357150755,0.0035308438699335,0.0197862654847088
0.00117924028042365,0.00814828931941845,0.000811705277258471,0.000658314412933646,0.00347293249565628,0.00148900079986631,0.0158914129968845,0.00873379920500537,0.0362816114559536,0.00109165532176859,0.0147555374008868,0.0238668503131878,0.000810228365960302,0.000217522272176307,0.00569799794783455,0.019114860540472,0.000732068334617543,8.56543244563528e-05,0.0115094029974559,0.690828846871695,0.0387846734320906,0.00738620232555684,0.0188579392507737,0.0595720960028918,0.00168787033697679,0.00874529957641602,0.0047411619084646,0.00614212102335712,0.00645817983146201,0.000167045042652135,0.00136442528081073,0.000716055054636204
0.00967981168706657,0.0149221118772117,0.000779182260770878,0.0019078421056407,0.0274338559211145,0.000496843857866954,0.00689249413746679,0.00283364050187384,0.0189454634434831,0.00340382054914739,0.000639228391385108,0.00352090426945927,0.000211336515910327,0.00406980641246104,0.00122630207722044,0.0272260912398584,0.0105060857546963,0.00379297418765715,0.000673061226814473,0.0159080510460808,0.705035573791741,0.00283621258471851,0.00256651120693647,0.0191860033149881,0.0363826326455855,0.0268195479966582,0.00956839181262391,0.000818157094434508,0.000696543007543431,0.000544794404587324,0.00305545483689163,0.0374212698401059
0.0344954435844706,0.0573956006307828,0.000776966859068586,0.00229610933131281,0.0245159822036376,0.000203436034342091,0.0185256254637274,0.00422371249218588,0.0973717585514511,0.00382411470718599,0.00120145396965588,0.0127987159722771,0.000534214232748996,0.0003307308672869,0.00186601254308375,0.117475319972953,0.00085763691931708,0.0133027858590368,0.025239035818344,0.00444481109899059,0.00741459705726236,0.499989209187466,0.0338101235936792,0.00401175651060255,0.00691431169839543,0.00446281450401837,0.0125600496070743,0.000907450542524336,0.00308092512305496,0.000909362483848512,0.000781592085797925,0.0034783404944173
0.0124369620760601,0.0209630582364554,0.000875400374768521,4.62223443930255e-05,0.00983104981537116,0.00137365683638702,0.0108418579137169,0.00364153751722909,0.00578884344709711,0.00601994148340891,0.00026786480994463,0.0110504532261078,0.000421856390352684,0.000756525554417959,2.42296051659075e-05,0.0109613397664759,0.00387358420397995,0.0034388775550065,0.00816344066517128,0.0132469733720815,0.0164620843567898,0.0248082609040435,0.787104513089174,0.0269856067816929,0.000877416072067221,0.00771578461336565,0.00340448926192095,0.000423896384078621,0.000723776987544252,0.00320615468735547,0.00113354939308119,0.00313079227529542
0.0170119008817011,0.0330610830630259,0.00211826304080623,0.00476759504487777,0.00527568025306711,0.00999284224901338,0.00548431271915592,0.00250773593787725,0.0644826754162429,0.00332750985274868,0.00154498366005952,0.000749230583348512,0.000263175568179958,0.00842658333190088,0.0031523357938032,0.0283480027895249,0.00280593042849365,0.00460093365918297,0.0317281398580782,0.0611235457869075,0.139377486021827,0.0116440394126466,0.0166139869618887,0.471536452898465,0.0122853113864749,0.0227916498751671,0.00994926759094095,0.000187637465438877,0.000337512893520801,0.000335428102040451,0.00387423780322602,0.0202945296703685
0.0256538877064713,0.0697754132314225,0.000123880457059029,0.00568128564891211,0.0384334955680377,0.0160164093499176,0.163048425121791,0.000283331909431728,0.00275218041177617,0.00375806386563968,0.0146980726040899,0.00192257873314628,2.86637966431426e-05,6.20581272463989e-05,0.00374513480353986,0.0214383523986647,0.00300938111680182,0.0193068388722,0.0016790274791479,0.0372216195311365,0.0370242350506735,0.021039537890075,0.0290956607556361,0.0204552800174338,0.391928756281357,0.0370975648562291,0.000715177135001158,0.00241853477936218,0.00551932792699305,0.000132889786623205,0.000919159567258644,0.0250157752202821
0.00238926460974936,0.0116680330458208,0.000739362549442883,0.00488683206502955,0.00613198525885666,0.00844769515744222,0.00721308213343114,0.00357139745099077,0.00458165301376511,0.00212105819641425,0.00326494817490276,0.00269449530556501,0.000289521239147561,0.00208929706285409,0.00103141752908024,0.00866853986716012,0.00124017195486175,0.00104116953148916,0.0088298786622605,0.0119810725036351,0.0495931336688592,0.000378678555715472,0.000915271255737602,0.0253161323431686,0.0041859265088128,0.808312409673332,0.00776604379396762,0.000343871284469978,0.00498265576807967,0.000965286047591366,0.00415790143821896,0.000201814350147605
0.00862120844656889,0.00559010375258466,0.00146247828170376,0.00525623969102174,0.000547725434918872,0.0227464708692431,0.037918587166621,0.00585982164393918,0.000877407026111171,0.00891062178232304,0.0230037316966272,0.0115784822773383,0.00117774809290863,0.00498771507301259,0.00132652925052758,0.0225505656570506,0.000659732845940425,0.00063562583454171,0.0067623149519549,0.00991731254699832,0.0168275701662604,0.0317426143182177,0.0632615511279072,0.0113935683304136,0.00737851851966073,0.0599040193067706,0.56588294253426,0.00223851470150694,0.0474809426472614,0.00341080360979211,0.00984707160521432,0.000241460810799122
0.0038712649571774,0.00311695456512612,0.00563058403521763,0.0045652854247744,0.00291627230215966,0.00236263986480484,0.00455224584451457,0.0154938340400392,0.0319841499049931,0.00519395435016607,0.032015064722925,0.0192783373542833,0.022086059259925,0.00151954141588105,0.0551334863454426,0.0236450484589292,0.0015822727586338,0.000947860710165508,0.000252021804870745,0.0150648938789189,0.0109704539558815,0.00391238648055997,0.00767371367020884,0.0022669838108419,0.00657029306062585,0.0437802257370525,0.00588704963703006,0.62453242642478,0.0292084441994129,0.0018182382519647,0.00666274916315297,0.00550526360954083
0.000297272293301498,0.00281245109926864,0.000566928875011284,0.00300137123769524,0.0288723164761718,0.000806617950715127,0.010837061735292,0.0056250254041368,0.000754507180374688,0.00393663030571692,0.00305191243004642,0.00281517608011086,0.00208556522401986,0.000318118362681551,0.00394629430085306,0.00103348867361161,0.000182168402049947,0.0011225021172351,0.00129099495811386,0.0240094043842661,0.0145121921446071,0.000687301771043144,0.008689434737118,0.0117138728495996,0.00354466783732665,0.0108777132413777,0.0319062042020191,0.0233380392074635,0.769962943355814,0.00376218156000511,0.0153855871376598,0.00825405446529435
0.000766340081277129,0.000338954553564042,0.000678848284471813,0.00237600372436368,0.00827812201043885,0.00500012063595222,0.028953043917719,0.00109946109002781,0.000973656147648421,0.00340947027422959,0.00287251181571738,0.00195219929322675,0.00109267462263313,0.00102671523117933,0.00249842972087816,0.0251521742204829,0.00266891545316227,0.00655664562113374,0.046670301688086,0.00468433704907373,0.000369659483009796,0.0201217723531639,0.0430800455727498,0.00563171366363118,0.0285707341796693,0.00047574661865042,0.0181285834113818,0.00312906170091787,0.00290357051552102,0.713121374790877,0.00872209240680901,0.00869671986835327
0.00330255844821745,0.00365287362515558,1.92655284399431e-05,0.00255458484893862,0.00452384704304167,0.00129368182300276,0.0012139564196225,0.000669596606281338,0.00466161667525915,0.0269760506209324,0.0150455066775493,0.00122357770059278,0.00778470003923754,0.000997326478795179,0.0119783646620267,0.000806357294612145,0.0014211313955881,0.00169963948906764,0.00786927531799269,0.0103147526146008,0.00833454048835486,0.0123190505755578,0.0287729778989142,0.024030358218342,0.00418561569823962,0.00802761306385574,0.0473960635095217,0.0344131244219185,0.0300152929941598,0.00740016060519698,0.685471432359333,0.00162510685765155
0.00177356562780496,0.00914200056728008,0.000574937153072842,0.00282483837061594,0.00253287141935335,0.000652589777557187,0.00273902972375988,0.00244247000720065,0.0599609998783419,0.00112341890169822,0.00649919781907076,0.00810934288328395,0.000827461550320864,0.00380954322454536,0.000290830844277973,0.0391867456148316,0.00296368663685918,0.0044017764994181,0.00309060687079248,0.0566385005393289,0.0331922381987598,0.01721084767432,0.0316395710862046,0.0429848575610079,0.00429676752758604,0.00842082192514114,0.000962908068879816,0.00372005486776095,0.00615889559862285,0.00111451507735639,0.00181315756359624,0.63890095094135
