0.747315688618853,0.00499987131988875,0.0249473071065102,0.00713407390106634,0.00322427171772553,0.00619841318193013,0.0150835406144688,0.00678625527095362,0.0528590410237478,0.0234398202762775,0.0119735783060817,0.0147358756433691,0.00114249427296169,1.53637436085458e-05,0.0017367887953884,0.00123891197441849,0.00871681837453369,0.0108000895783044,0.00557345273200718,0.00504941598765153,0.00823708669652585,0.00132777345236885,0.00495129187821548,0.00426354752420234,0.0154062174751952,0.00051826214501047,0.00119988947612401,0.00170450532853927,0.006466267878377,0.00116092243571985,0.00159371059228742,0.000199452677687559
0.00459251577077186,0.789952089935646,0.0207123229370802,0.00234437707048772,0.00448797865741429,0.00331949311189206,0.0245553272643117,0.0207584923588162,0.0400317092846405,0.0031748055850651,0.0152671448714867,0.013367502212663,0.000533886583498243,0.00107833979400265,0.000431820709499976,0.0105620534362136,0.00583103829045916,0.000917679592602696,0.00165295561967962,0.00356916206725217,0.00358526265288399,0.00127043548294619,0.00182367483330281,0.0023146975203969,0.00621179404410872,0.00223987156428349,0.00200073474116524,0.000527274320633249,0.00539601839884727,0.00229760637038575,0.00339612571738356,0.00179580920017931
0.0184767586845279,0.000687309501506279,0.827858603684336,0.00795659289091695,0.00504866315823703,0.000860172811726381,0.0113518991252402,0.00515331887313675,0.00591220949450604,0.00190253162624606,0.00867308996363667,0.0290799465379906,0.00463605406415227,0.00247211566690329,0.00337560580567565,0.00184210247899252,0.00131941654585616,0.00398240840199626,0.000261086561380082,0.00343662503959287,0.00427096451951165,0.00466651175910869,0.00716417467897392,0.0107059317011222,0.00432743757262428,0.000390157330927981,0.000483532888956324,0.00816218467633502,0.0112012637571514,0.000687546460966291,0.00300330908362227,0.000650474654143517
0.00179648232961384,0.0022840276008456,0.0020217480651416,0.761083741469501,0.00895798462150503,0.00240911333900599,0.0379627493748857,0.0452081660922238,0.0070255384004723,0.0109679952519005,0.000524730695060872,0.0416625571103095,0.00109261473799954,0.0018709786704011,0.00159250636502491,0.0087218335186167,0.00279939236223356,0.00173336184975856,0.00184704687348302,0.00282200344918803,0.00786877271826016,0.000666388441933424,0.00406172695310298,0.00355332951755894,0.00103027926479627,0.00968208222749667,0.00582752123360541,0.00490080308568091,0.0156675809166414,0.000236090133450357,4.48413805593482e-05,0.00207601194974347
0.00142328951851258,0.00221157410416435,0.00356777472727896,0.00841684760075933,0.657876304961096,0.0126363320730976,0.073153517944848,0.00102326111929953,0.0122149342219959,0.0200968039875998,0.00364525806609068,0.0336431008812502,0.00330618330842243,0.0007687199540623,0.00172045981802931,0.0468345545868894,0.000457645902642423,0.000621781145458541,0.00429609260872085,0.0200518084010622,0.0113471469552956,0.000355134995495258,0.00985289599268486,0.027790370214654,0.00095505218124533,0.0145559194954101,0.00313580669139575,0.00138192500062452,0.0209326198140078,0.000360605163183664,0.000779061669166546,0.000587216895556558
0.00291346412655846,0.00257881255601589,0.00755092651457567,0.0092986246233032,0.0233671344265471,0.766948977786022,0.00801580652286313,0.00331475457033424,0.0298454517217739,0.00134461580171575,0.0226474683242758,0.0211427986769867,0.00118431325598693,4.53765331226781e-05,0.00695175678369127,0.0532208077627928,0.000204750392152893,0.0043069592204507,0.000630360024565521,0.00241224186282679,0.00240299475847587,0.000167395329826965,0.00174606822150887,0.00336352881472914,0.0109065004388482,6.2551395528384e-05,0.000290400748587768,0.00445356766908905,0.00639432418383271,0.00112601692060104,0.000389358358418923,0.000771891673991963
0.0034192500217918,0.00355013956461451,0.00630625592721061,0.0382245253751787,0.0188650094019511,0.0104295097924878,0.803396908300671,0.00426624136997458,0.0178350652548636,0.0145143640989685,0.00566185114000956,0.0088466141086049,0.000795655615693839,0.00031965601322822,0.00136647148817896,0.0216358153611295,0.000424865682902374,0.00102454601196134,0.00213036623190212,0.0071167694715492,0.00390891804800408,0.00052419761721436,0.0019523330271573,0.00532573889844153,0.00488118320852584,0.000590642218451596,0.00217704908045591,0.000281358237611625,0.00829016631137154,0.000869873458425402,0.000629687231666295,0.000438972429802115
0.0107448366119124,0.0014410487023534,0.000212558912397925,0.0479241324355896,0.0190818183151852,0.0491244310900279,0.0111123558907793,0.677738544391054,0.0108881155621467,0.000499019687020172,0.00582963598574201,0.0722313901789589,0.00135170449591762,0.0106305770736516,0.0013727212025532,0.00111256404911672,0.000323115485310118,0.00676223416733919,0.00156170648268856,0.00606312772123414,0.000491031952430463,0.0018110955019177,0.00367921805130241,0.00374003444238569,0.0193125243974834,0.0105398742057712,0.000478385352169716,0.00259080997036166,0.0130755391271839,0.00084932906944118,0.00406377209535196,0.00336274739322178
0.0134507451917677,0.0161318789915994,0.0203708470167435,0.0220347991394181,0.0147397199171951,0.0837037154855036,0.138813419488935,0.00842811016785758,0.344402374271854,0.00439711985125833,0.00145604142181088,0.0124852841758634,0.0042521245289626,0.000696213598709527,0.00394316199371402,0.196152929931052,0.0011814392306607,0.00411704261742726,0.00790243717130238,0.0160523258152384,0.0184427341250334,0.0122952524067604,0.00116072944266375,0.00170286221954271,0.00984184297237516,0.00373226902517376,0.00448643190925661,0.00529927266753421,0.0135056952882977,0.00555232555977234,0.00261082458577036,0.0066580297909459
0.00832746107717885,0.0013303112871657,0.00761915267446328,0.0348982841738179,0.00750857873951718,0.0235258448829814,0.0136694460451712,0.0101005206314885,0.0038788513291769,0.671994963868733,0.000783076032834248,0.0844602854382059,0.00187242802532766,0.0041129766817591,0.00736466780212895,0.0224593941048675,0.00338291536402986,0.000669416959898579,0.010475255943045,0.00961957276252917,0.00632892366872997,0.00017874467265943,0.00163974972145788,0.00512372265817892,0.00446547842971107,0.00485770888887165,0.00585572101832246,0.00940623546361788,0.0310420560595412,0.000502899873616595,0.00219269086355528,0.000352664857417157
0.00150344497003661,0.00284947305068636,0.023142059293795,0.0214245898137012,0.00492863110820597,0.0242827989105983,0.0113951872140227,0.0222960769467037,0.0124838929328972,0.00987150533439325,0.676504728669775,0.0424493216120648,0.000128091174862226,0.00291485964821142,0.00240667055263531,0.00796747672910437,0.0038984301833674,0.00510290448008896,0.00759360415186325,0.000740208278500543,0.00143125398271764,0.0100650533196894,0.00762231014465707,0.00776926159767905,0.0203823590362894,0.0141162495547406,0.00686828002362651,0.00229285520354081,0.0427005215697204,0.000215398814456981,0.00204913092211682,0.000603370775251177
0.000391873442101528,0.001037851399243,0.0119447952100676,0.00352142868995818,0.00402108887322052,0.0180885693066768,0.0118801403252841,0.00658087916714727,0.0169027429781504,0.018988759546843,0.00241153362387421,0.683214202075658,0.00120245514098181,0.00597074028486277,0.000611262402921195,0.0359812253424555,0.00341522624229875,0.00139980565336215,0.001607148169659,0.011898483217404,0.00383851267166569,0.0272462650952423,0.0361287675082089,0.00235295799488182,0.0184103618125932,0.0346954764500745,0.00229783393860656,0.0173220626297647,0.011352051654889,0.0029264722434783,0.00235211567475111,6.91123367353734e-06
0.00471636884356008,0.00821055736445412,0.00377855125443194,0.00772418229751983,0.0053376756046578,0.00387660488004252,0.00777148105335757,0.00399082036600327,0.00847976253034137,0.0105950480883884,0.00772699185602157,0.00218223824659617,0.817547730166336,0.00461172147869969,0.0324793378235402,0.00123095157904896,0.00262842112360034,0.00185916289284354,0.000200635977921874,0.00203840437703914,0.00415389349544642,0.00416525183745056,0.00136639087479714,0.0146062806440733,0.000586554929643573,0.0118427801503751,0.000810597393389663,0.0148813217126746,0.00689411473904729,0.000102344914826443,0.00356033938847634,4.34821153946618e-05
0.0018128245982178,0.00619345623703566,0.00320231867006381,0.0209774068290237,0.0132372385222987,0.00538567587284887,0.0200399307894441,0.00568703237662563,0.0139002451704408,0.00354300383152319,0.00240993554532312,0.00361720931604986,0.0128704138435415,0.754792704642306,0.0228374206297659,0.0319401043664923,0.00771396706265777,0.00501973153633516,0.000563666506121064,0.000834769639524129,0.0113910195439753,0.000689495469226884,0.00359365727371575,0.0155004927347321,0.00863035303160008,0.00270644798367102,0.00322979642352555,0.00428079747323918,0.00581667686857225,0.00076606022745405,0.0047136982677732,0.0021024487168756
0.0215769208023359,0.0176897076095161,0.000148619436397362,0.0278741990612564,0.00801721425163934,0.0295710996172264,0.0406026059011694,0.0027448465459394,0.0201882380225594,0.0229810291090655,0.00488881610397471,0.0515147349601085,0.0108192950165882,0.00215740144170858,0.664393517805495,0.0144856119805974,0.000159195235671219,0.00328735613083172,0.00555787983189806,0.00314680819861701,0.000908816412533375,0.000704314646353226,0.00329531222736796,0.00647913169826292,0.00926562183238603,0.00643122851852993,0.00207518334617583,0.00695740242952895,0.00501707340654698,0.000344922371299999,0.00366686714480274,0.00304902890361683
0.0164948178651467,0.0137101418963665,0.00640090722776271,0.00792454132179758,0.0220860596981885,0.0144495687887759,0.0636325526868086,0.00314551903517139,0.0671864618120039,0.00171530035822786,0.000448874930179152,0.00296396097295347,0.00196419802183049,0.000255443986262638,0.00159914648541961,0.741188547491432,0.000717964229115557,0.00108163531613107,0.00181827282708417,0.00598590954049382,0.00852861975646005,0.00118108778547255,0.000345478948834663,0.00217815006778922,0.000720985426339636,0.00106743643850502,0.0019678249211344,0.00139699164102234,0.00413269519547178,0.000833541348560529,0.00214842911181613,0.000728934867441604
0.0202338959589955,0.00150203565507412,0.00563032895322557,0.00667248553743843,0.00501867738034824,0.0400414761382703,0.0217376406604569,0.000693827774389065,0.0037940263035013,0.00227131799679611,0.000440198495301144,0.0215639755918924,0.00141372407402821,0.00132655538263318,9.07075308351026e-05,0.0314136116895195,0.757834510347039,0.00908247340159976,0.00397256703450874,0.00157171829433065,0.00848971116339399,0.00512800813151453,0.00511975733749238,0.00256145124674524,0.0102449117538278,0.00688667332612646,0.00782905794314659,0.00265826765829478,0.0124546272188323,0.000944201711576179,0.000986448778434759,0.000391129530431985
0.0126480868886491,0.00126056518126362,0.00630221628092182,0.0229203250297777,0.00247569761920137,0.0196355388713784,0.0233965325155231,0.0204166334421813,0.00635124202543173,0.00269830291730695,0.000639224911875848,0.0164581173869058,0.000475038365728044,6.88990743630277e-05,0.00316020792378142,0.00462727362586539,0.00127306353060371,0.731558274903273,0.00944807963077771,0.0168429503358321,0.0267222413905293,0.00738129780247007,0.013151173650311,0.0250423911713451,0.00424539915017138,0.00305807433195753,0.000594809404866782,0.00317081762162471,0.00596180232204989,0.003432086425003,0.00220422472828853,0.00237941154074096
0.0125841509051317,0.00170051103111481,0.00172583034057303,0.000579540013863322,0.0246960095121471,0.00351323773453106,0.00307083209319144,0.000673139762411512,0.00628922510927525,0.00293928069193954,0.00900017670950362,0.108331802742495,0.00714280234887764,0.000378285958216916,0.00940114225530726,0.0213852063425824,0.00196244039114492,0.00177651120322202,0.689056322837556,0.00053099854825256,0.00133502829332923,0.0105350960372115,0.0062488100361556,0.0108641538462642,0.000826970439601698,0.015791418516116,0.00462171414965444,0.00522381788519839,0.0135133298203207,0.00159686507991648,0.0213124727556792,0.00139287660921572
0.00953883493253589,0.00158481064060693,0.000552967786124409,0.00320825446534717,0.00107865823241357,0.00953477979662046,0.0202605695240665,0.00386882238732346,0.00151986124203873,0.00902282279857187,0.00502941825148061,0.0162905374037791,0.0073260201424172,0.00117928975287625,0.00193965887083907,0.0217279399977337,0.000748095661766907,0.0132661716785437,0.000579259236188437,0.725481919660119,0.0177491039791738,0.000104324383716316,0.00677100154370579,0.00636337791958937,0.009527172436814,0.0236603909150653,0.00730123823076946,0.00188935572822128,0.0370744105032435,0.00494372295124318,0.029306701416909,0.00157050753015648
0.00317209553110098,0.00483189954395609,0.00306349846508553,0.0061287480607733,0.00476689260897409,0.0162817263252298,0.0293180389833425,0.0256737198843435,0.0108533059157942,0.000577346285423731,0.00223288502189009,0.00397934979838102,0.00237852137628445,0.000650928439959997,0.000227325782403998,0.0113110049148697,0.000205610997782492,0.0061945292399432,0.000213653965188222,0.0177551556240963,0.711115466699656,0.00223915654945871,0.0340673530953185,0.0187851118525689,0.00417145094520429,0.0205412015416516,0.010787998306141,0.0178204706611008,0.0117469635015297,0.00479287705295903,0.0120916507456535,0.00202406228393484
0.0218962211933007,0.00586225797225574,0.00736074913034891,0.000767491124287229,0.00206925828168294,0.00663760194196968,0.0222309273432761,0.00253372424288648,0.0979247595394953,0.000817005559369961,0.00280884631074248,0.027330563159653,0.00166597109851996,0.000228595192347583,0.00419564028907779,0.0634470567097318,0.00247777109044239,0.0144781508138666,0.0334656535142673,0.00683440591800101,0.000618848998667149,0.598156924126174,0.0202097642327224,0.00554983611733677,0.0112547988912046,0.00770846285406834,0.00426543558094365,0.00544688655038077,0.0110577009114646,9.67683710514612e-05,0.00851669074940429,0.00208523219105839
0.0113909243555574,0.0189307496742903,0.000298708248958412,0.00449961068184665,0.00039962549625043,0.00996656219193875,0.027109659985545,0.00347490401747124,0.00836901455298886,0.00138012801111131,0.000171827187901731,0.000264301037135869,3.26288059363251e-05,2.90553349899508e-05,0.00034707889689738,0.0219001743976885,0.0057462322962222,0.00565520157624419,0.028128155081451,0.00776840261408885,0.00448407202035635,0.00908232719187663,0.757372643063921,0.00302997107673594,0.00371519984933347,0.000636940787703738,0.00543155980178451,0.00240809630205794,0.0182433664608568,0.000655050454673781,0.038046830322394,0.00103099822379117
0.00468259177574972,0.00401368781257075,0.00227208955620835,0.00255549344296818,0.0046724149040394,0.00305778863583367,0.0113873959815961,0.00228735346325004,0.00345243590031549,0.00350844026743591,0.00377332203709455,0.0278582107709774,0.0103569044816563,0.00191946762175892,0.00147470579040921,0.0347486886031014,0.00105293854791067,0.00911882477588292,0.00926418017246157,0.0203866276170178,0.0290789616555826,0.00164951126283507,0.0142947976073939,0.635772169661292,0.0143175644113274,0.074961931397476,0.0110399924798236,0.0060105240922293,0.0380693276284578,0.00272213442239943,0.0101811859445063,5.8337278438132e-05
0.0200126673330082,0.0193857273367282,0.00104488462637544,0.00164546030042496,0.00329340325684147,0.0127483284321208,0.0724755441380517,0.00452957291500651,0.0139372097021428,0.00204169938278911,0.00862649014713423,0.00858722212550416,0.00087005582973412,0.000168063234480149,0.00393303895719752,0.0122877496430156,0.00190959100587168,0.0278865493886478,0.00285026065903322,0.0153035236419939,0.00896676772432365,0.0105093768735574,0.0446114837616856,0.0121386822019708,0.660810909940591,0.000488518785299999,0.000453231747603437,0.00514870615197578,0.00399502274474362,0.00105636988061411,0.0149457925766021,0.00333809555493082
0.00253810850950789,0.00150524038921147,0.00139595630573692,0.0120366424291597,0.00145288650962092,0.0231981629279612,0.0299503473330613,0.00816366126045236,0.0149578145748988,0.0060210581554506,0.00165265544141687,0.0316808283162234,0.0160492978086037,0.00181457420620099,0.00854907448526026,0.0573455540469316,0.00250279011739241,0.00647784414674325,0.0382744813314176,0.0189184877717066,0.00829249306418521,0.0131608916381683,0.00509866573238637,0.00967323665374539,0.0171107082237609,0.475861412529861,0.0405176529953642,0.00318800522840913,0.115497491514677,0.00165923494193016,0.0238650530103171,0.00158968840023697
0.00348897914829302,0.00158374128432793,0.00225158894008375,0.00105709191635405,0.0121305218556962,0.00807037912369781,0.00366250637326897,0.00281074405010983,0.0137816848020484,0.0017919402847458,0.0138691939572156,0.0741791166655103,0.00324914164423619,0.000347051577895018,0.00105211894281213,0.00824088866552351,0.00099304501390349,0.000860177372744969,0.000689435247094751,0.0181279090033005,0.0543709491531243,0.010468068265826,0.063279901363375,0.0055133141827043,0.012168005734085,0.00763065965526192,0.652706554613636,0.00355353622398868,0.0103188980584376,0.000650681122093806,0.00694615461944008,0.000156021139165012
0.00201129006819453,0.000506849395459342,0.0115220619869343,0.000364685432176028,0.00212976238046673,0.00555839416594623,0.000206504633790796,0.000809543926282315,0.00067291893804856,0.00810917418879539,0.000317341432581501,0.0515982815895543,0.00227822046398731,0.00201859108702063,0.00563601008712283,0.00143400686407079,0.000520388613330823,0.00170086581800113,0.000752548476897636,0.0018024609490824,0.00699391672773625,0.00840214654702447,0.0295911541357442,0.000992209357573362,0.00589833079135504,0.0196763262957697,0.00279953317183668,0.807733851179914,0.00689724260636596,0.000568074385712073,0.0104574703791628,3.98439240616204e-05
0.000506702576458939,0.000603365031870359,0.00123741197960757,0.00372129518748109,0.00252165432451925,0.00381763016246082,0.00862501611451099,0.00159319696631964,0.000719005731888237,0.00396266541695898,0.00585467786295691,0.0162442430304032,0.000708115850855252,0.00204026991994799,0.000502202882690023,0.00885072500935191,3.27639466723715e-05,0.00288575075880275,0.00614062826967058,0.00162228211177484,0.00738489454591072,0.0166811969891381,0.0149152941223937,0.0260811322526164,0.00588707751638814,0.0155190828585512,0.000377171920369484,0.0160594566894812,0.816113366167671,0.0011230133382558,0.00710274288127874,0.000565967582743807
0.000210702346338743,0.00254382721481149,0.00183280749027745,0.0271765281479894,0.00644350156308093,0.0325832029258747,0.0176396983002723,0.00138395331213141,0.0244673765405666,0.0103896062713173,0.00204438738024627,0.0121422155083366,0.00299448972791727,0.0075162549977666,0.000269545568252473,0.019158470330749,0.00576737734841979,0.00101646082909484,6.82785095891429e-05,0.0259229173878712,0.000844735027795557,0.00912547709897684,0.023966359333227,0.00367858310649983,0.0112097007795143,0.00823148603208388,0.00394012135385125,0.00278917090666948,0.027517051991332,0.649461105998031,0.0569097528283966,0.000754853842718708
8.94207503258886e-05,0.00248602483033065,0.00507638704436683,0.0031867827865774,0.000268323218542374,0.00882156420657913,0.00680115710444625,0.00244845096109861,0.00103144566052032,0.000995117298519507,0.00222635112060721,0.0202379758611979,0.00186607545920903,0.000176539164441443,0.00352417465195754,0.00570460744507137,0.000798749191111941,0.00129999487900277,0.00635326865391289,0.0104408663134583,0.00462156565093117,0.00261792503535542,0.00767946912308767,0.0214800044906946,0.0195451500504525,0.0429338576324418,0.00136062569769488,0.0281131528316472,0.00711739549210028,0.00424415040988532,0.775654767373182,0.000798659611250213
0.00592561528901129,0.00932192576409157,0.00195371934292769,0.0069359097428504,0.00079614413914851,0.0223390779228661,0.0309809439003033,0.00199991538650013,0.00648636551980902,0.00940422595118232,0.00366585845141558,0.00225397589756533,0.000191187358955152,0.00252036056679193,0.00545915691375815,0.0442351710411522,0.00197199331568586,0.0105520775952287,0.00859545964561303,0.000385388697347507,0.00384635924792198,0.00155345269150913,0.0218070045475146,0.00456048545386982,0.019655304428018,0.00457594541278093,0.00293832917052677,0.0125456359790481,0.00715291951001492,0.000248218119675949,0.0126868058235806,0.732455067173335
