0.009007073974063029,0.008661207531029096,-0.0015637000108239003,-0.0149291153531773,0.0055253486565639,0.005378749424930901,0.024370176341772194,-0.016436923144172097,-0.0014263989966809987,-0.002818537720491201,1.543340023999959e-06,-0.0054673302470459005,-0.0025670317802459,0.0002362483734516999,-0.0018691313421601002,0.004623742236728701,-0.0042057944414171005,-0.0042611621400012005,0.0001361846281151,0.016632852261568805,0.004380460914465201,0.0064395838991814,0.005460338158643101,-0.017824870394444498,-0.005325140443391999,0.0009814071265211999,0.0016740320771546002,-0.0125559759587781,-0.0018953382195823999,0.0013300249472281002,0.00041311155658840023,-0.0021056352556162988
0.0079681306545187,0.06784355241290979,-6.912413192459999e-05,-0.0077994917384472,0.002115406950991102,0.017517036964106003,0.011450182316365999,-0.0102637516350076,-0.013417789553229597,-0.0022991288050734984,6.278262917279974e-05,-0.012731033887969902,0.0021875294252968005,4.951350359670009e-05,-0.0017918481629477,0.0024309628321690004,0.0027388162827033996,0.007551107065461101,0.0004642013665326001,0.005296141660491898,-0.020546177246611702,0.0024571531320775,-0.0210219267063139,-0.010722372599650705,-0.0050971691663502,-0.0036830351571462997,-0.0032038327834466,-0.012920491119126399,-0.0045850345451738,-7.400326659689994e-05,-4.025837894759991e-05,0.00013395168757049988
-0.0031892467093596,0.0018386512140927001,-0.01358751449524842,0.010936455714623202,-0.009752814340550801,0.0010929695726936,0.0197390889090492,-0.0038972058912750025,0.0056407167859632,-0.0289187728635169,0.0008326589210997035,-0.0052874330388324,0.0031063127731318,-0.0002491402635651,0.0003726527233691994,0.0029466047169801994,0.0019374725879381,0.0008980868642583999,-0.0009173020324079002,0.0233204584519025,-0.004014362843800398,0.0007531217555111994,-0.001367877784619399,-0.0108726397268903,0.0015444681342934993,0.002780978155612299,0.0009073499232646002,0.0035383554331091006,-0.0032528221537389997,0.0007746257566597001,0.0023425888096082,3.514940645500328e-06
0.00016688988646109998,0.0009447643634698001,0.0006908525314683,-0.0682909955797853,0.013182090247971796,0.0056040770446929,0.012145926539773099,0.0119116040994863,-0.0037721650379316995,-0.007114211687409611,-0.0077754610837375004,-0.002283972936684,-0.0018721824732419005,-0.0007553881324090001,0.0015868766518667993,-0.0014135073211270013,-0.00010014334669079979,0.0010905249775523002,-3.0477809940200086e-05,0.020060837935107,-0.0046104602878540984,0.002806709482973499,0.003842563306949598,0.022801977700162398,0.0008443823517038998,0.0080411600994748,-0.0017479059740846004,-0.007255071614588,0.0013393536803166985,0.0008311913371438001,0.0009377104404700999,-0.0018075493915605013
-0.0016385009540223995,0.0019268374486082,0.0002024259831112001,0.004353418039126197,-0.02720357030511039,0.0071041472903659,0.017164382440546203,0.0177589244113959,0.0038217323375704998,-0.040113423275297794,-0.0017461361001425008,0.0044996916217003025,-0.0021708253231509005,-0.0010825057975701,-0.0007397476615439002,0.003065094383769401,-1.6153329955299932e-05,-0.00029295058301800013,0.0005566136691369,0.018096437413596397,-0.010910190304668999,0.0022312450483410002,-0.013595704998724999,-0.008710249359157304,0.0092661934327952,-0.0019485767912863,0.0010285332255286,0.0085193313774192,0.0025157785930092005,-0.0012045812141968002,0.0009858660582845007,0.008276463223540401
0.0028459584543438013,-0.0031888065548631005,-0.0019680788233090996,0.0214769683737783,-0.0112080446665349,-0.020322883816698112,0.007455514962990401,-8.071227278839965e-05,0.003188859449525199,0.003078069998691993,0.0246257325773174,0.023664721073205296,0.0034841383031881,-0.00021288853315550005,-0.0012401617724958998,-0.006059168467205601,-0.0032674513577497,-0.0017243880061956001,-0.0003724878551971,-0.002628934579377098,-0.018224968213402498,0.0022060008799551995,-0.0228285665018629,-0.014757422487317302,-0.0085040872191836,0.0028650719722427,0.0021616704793830997,0.0199985640992048,0.0069096916782881,-0.0025358770155857,-0.00013796524383849961,-0.0046980689153532
-0.0059380526846662,-0.0048037594750022,-0.00010540809430649965,-0.0081736501633576,-0.0226166432631001,0.0214215731610067,0.08512920375850741,-0.023463634510414,0.0040240013215247,-0.010346543836984703,0.011766706482739697,0.015093253230703998,-0.0038164877686423003,1.6664729999500087e-05,-0.0037203881398172,0.015514286604031303,-0.0002732406980694999,0.0012421811713898001,-0.0002617256862401001,-0.0170639127298534,-0.0202656418628653,0.00027478642789930015,-0.0284642829703577,-0.032444446156557304,0.0034886653026442,0.0015974293179451,-6.628525482799998e-05,0.023415482799003698,0.0003613847398592999,-0.002684714404692,5.915089624700023e-06,0.0011572835628746005
-0.00024903641085120007,0.00033065274316310036,-0.0010165940680261,-0.0013283884155298985,0.007408851952249905,-0.0005277001371365997,0.0001551070264291035,-0.025622473133337875,0.0006780022952982004,0.019306350500927497,0.027396149470617297,-0.018509123869117197,0.0011462149063459007,-0.0013496180954481,0.0025088598391701,-0.0020557653556751007,0.0005216062418856998,-0.0009894865748673,-0.0019526490374368,0.011775168200907703,-0.0094648557726386,0.0007284207290331,-0.015559180143437996,-0.0017050893180402954,0.0063959457455305,0.0040871276066568,0.0035031812234442,-0.0077085884137536986,0.00011156703574569972,-0.0004954444399554998,0.0027312302452431997,-0.0002504425773962003
-0.0018403488816984,-0.0011507078437234,-0.00018377105777350007,-0.0030510086922578995,-0.0073978426024238,0.00012748347211420045,0.021645844640101997,-0.004571181851425101,-0.1178844247373581,-0.0119844045193122,-0.0141447124185122,0.005521478717691602,-0.0015833404692834003,-8.659023942029999e-05,0.0007869218637631,0.0550231250433064,0.0010439727980991998,0.0015563810398768994,0.00013521915252560001,-0.0036943278383491963,0.0009739800238901947,0.007133836833070799,0.025202056595461306,-0.0054199017557571005,0.0012763748042630002,-0.0012601240753042,0.0002849203235497002,0.003660695818235001,8.562854324379969e-05,-0.0010481083311788,-0.0002914261546049001,0.051134301799190304
0.0006141976688989999,0.0007111396081710998,0.0003046315357966001,-0.013173722638535498,0.019550264840319798,0.0023796666932644006,0.011594066832706602,0.0102478236644504,-0.0043508791784206,-0.030205942952170384,-0.02271360219106211,0.005473787439984899,-0.0047009700799491,-0.0004279236272662001,0.0025503928481039008,-0.0021741687111895003,-0.0004890801756992998,0.0006880527724474999,0.000305283836534,0.007123786918491101,9.944309376950025e-05,0.0032304924493423005,0.0033019198707721995,0.00036594076108630025,-0.0012516426558932003,0.009616734560307798,3.606538133239974e-05,0.00014542849048270086,0.0025423872203391993,0.0009988546033013,0.0016063661724422,-0.0039987950521595
0.000170790605085,-0.0006384764528586002,6.420165138319982e-05,-0.026757425468374296,0.012115699767810302,0.003574614454226299,0.0041266594301841986,0.0062066934362365045,-0.004974648282874899,-0.02399114734475069,0.0001342362754766513,-0.0009274211770851012,-0.008142960680206202,-0.0003706513430148002,0.0025733677266596006,-0.0044767561096526005,-0.0006625427908418002,0.0009805989428277,0.0003181655322278999,0.0179516186579923,0.004800683294729701,0.0026213210109871997,0.008335269935900402,0.014655283936169402,-0.002554114901782799,0.008966759860893597,-0.0012616245850462,-0.0082294200500991,0.00019350047897120047,0.0004463318880642,0.0010668493610452002,-0.006315457060283901
0.0018698472348431998,-0.0006441971014554998,0.0013941495156567,0.0066400673986846005,-0.0027581285190782998,-0.0025932854157222004,0.010377161061570297,-0.006514552543770501,-0.0010042909737359024,-0.0035229651358757007,-0.0002136458517089969,-0.043935163388812704,-0.001177907382611497,-0.0009150452750366998,-0.004793918235404201,0.0017691015560721002,0.0022132163124986,0.0009793403603761,0.00023712251079890012,0.008427457854507398,0.015033442975843303,-0.0035089322225656007,-0.010178300443126401,0.004987201056057003,-0.0060101175079199,0.0030213317660411996,0.0101566617504074,0.020120477388629102,0.0007796092757680001,-0.0018459850857873998,-0.0029593290059326,0.004569576070790501
0.0008217715451876001,-0.0015940503683445,0.000907405076803,0.011918057579248003,-0.007616868669343399,0.0028426512222679,-0.015953091362724305,0.0076118385836428035,0.0056302972883596,-0.0005894587287774977,-0.0070411495239304026,-0.006427663954926402,-0.10139258175208832,0.0009211475463218998,-0.0007296868379355007,-0.0026086081916740986,0.0008012137781653003,0.0023373764598386996,-0.0005009596676009001,0.0416947999943747,0.021953058977224202,0.0040692676653429,0.017240180342074096,0.030216561872005197,-0.0023204751196625,0.006691083486437301,0.0017476889250186006,-0.014799409687696604,-0.0020635272181946003,-0.0014584660638014002,0.0011908613041058,0.0065007355002823005
-0.0006453528807061001,-0.00015830571794680018,-0.0008319786421207005,-0.0014809613993501947,0.006992367030940895,0.0047365297691974,0.0208210526160413,0.005275230389922898,-0.0019166551994067,0.0015263470952795004,0.021764449188112697,0.014650138641431998,0.00010614602797649926,-0.08452169447729574,-0.0014064439258024003,-0.0024161335579476993,0.0007055685563947,0.0008788656756364998,0.0006718463130866998,-0.0022070946659397024,-0.004068768863777501,0.0014062586274859994,0.0008902913465043023,0.0007650497495752043,-0.0007123750371774999,0.0047087673713529,0.0037277154335519,0.010363294794422901,0.0020851556179776014,-0.0005205089677857999,-0.00019450523644620006,-0.0009942956731888997
-0.0007250988301790999,0.0008075303074899002,-0.0007891698794775998,0.0091033816915583,-0.014791936850223904,0.0019428966773314994,0.010833376679012501,-0.003102028336944399,0.0007697325220656004,0.0011245279335742007,-0.0076605499675058,0.010872789358417002,0.0037844433074607983,0.0003247500928715997,-0.06843000396092547,0.006910414175672201,-0.0002723593390664002,0.0010947552056981,0.0005200358671002001,0.021436504969108296,-0.005763733478180901,0.0001753569187985006,-0.010372592143998898,0.0191428403955123,-0.0057553727983142,0.004181276492793699,0.004610322323438101,0.0222781064675707,0.004973916454120801,-0.00014343376021640013,-0.002031975108645,-0.0050487033859159
-0.0020781261760362997,0.00031867559512960015,0.0009004896368020997,0.015495852629730699,0.001484146600558501,-0.0041918309906563995,-0.0775406933004672,0.0098521012175443,0.046406857034754695,-0.007528339646664099,-0.01163319154807,0.0095828616118224,-0.002487989583456999,0.0009574798224529998,0.0014824129445375998,-0.0240554704340597,0.0083745845554387,0.0015287035217327015,0.0008916668831262999,-0.012170865979368,0.009207785569949504,0.0005175948930202,0.027392685936620108,-0.004649159147757098,0.0012052528241191006,-0.000659686454924,-0.0012337810930256998,0.0036639659115466003,-0.00020980189545089997,-0.0023777412517650004,-0.0010220645731726001,0.012575624885987902
-0.0188596618709932,0.0028454173939034006,-0.0008292019621494,-0.0009529835352819014,-0.002539679263906594,0.0017969347131924001,0.0258305625773136,-0.006318023779985301,-0.0078502243833583,0.0114242945952754,-0.0024949053160955997,0.0119966011703621,-0.0043593448593105995,0.0007872031189225001,-0.0008897363388555,-0.0118321958656286,0.0014333993478820028,-0.0080210965226587,-0.0013610285693850992,-0.008731062547676603,0.008900687585334098,0.00034979203201969747,-0.0014402995241006994,-0.0025533125035532983,-0.0022360879517620003,-0.0018008379072743004,0.0033980495006210006,0.012466060789580402,0.005309228414104,0.0006755017719496,-0.0003432370524066998,-0.0038008132560775967
-0.006839588765014699,0.0034458756730074,-0.0011156554283650996,-0.0039192390525688,-0.0090092665935658,0.0023576210675205,-0.0016140377490474998,-0.0080669374067541,-0.0039639855993162,0.0048115084931601,0.004723733557785301,0.007421705988088299,-0.0018186830338342997,0.0011750289971176999,-0.0020026201428951004,0.0083652945729821,0.012376994563530301,-0.042625762785086896,-0.0022323495609828,-0.0029924105295827987,0.0001919893641237,0.005763992023385997,0.02515318441984961,0.028277732080083003,-0.0077812026510238,-0.0039903090364496,6.46908318149e-05,0.0091105964710333,0.0061729942193637,-0.00016151143244700012,0.0017264256409502002,-0.023005808196861703
-0.0015315942970690003,0.0022296794843594003,-0.0040849739023447,-0.0078718857449224,0.0164190198299319,-6.682920876369992e-05,0.010959081946082899,-0.009798243869270598,-0.007881460720022,-0.0049693498442663,-0.0107511114912235,0.0011335542022210994,-0.0021117032107762002,-0.00033485269033950004,0.0014115995955234,-0.0036195904836247,0.00030405716533829985,-0.0013527917475447998,-0.040837951788962545,0.0158081282843127,0.0066756399685396,-0.0004919143049872989,0.011546538986042396,0.018992636302419603,0.00036391424944439907,0.00036494627626989986,-0.0009370702937373,0.0055912432586871005,-0.0017658171835132006,0.00014318167255290013,-0.0014970140240400994,0.0079609335836826
-0.0007969863423395,0.0006839781500995999,0.0023444028179248,-0.0024138466799086006,-0.0081848614074609,0.0057051141907514,-0.0049389210517022004,-0.004980235588291502,3.7060801347001127e-06,0.004831231627195301,-0.0004724565608048015,0.007301693424697001,-0.004191953192849499,-0.00032126172480859995,0.0065095732886539,-0.003520632942923301,0.0005512305738338001,0.001747960973028,-0.000437465273918,-0.12749576449700484,0.016073010632885507,0.009942829126455499,0.030337448373377096,0.027806971677864896,0.007536727917931,-0.0052240709022484,-0.0031344176348318004,0.035498926916805104,0.004167832657326197,-7.77181052796002e-05,0.0008876033992877008,0.004260350076120301
-0.0012973619571313,0.001441200458129,0.0005972138026479998,0.0107059683071886,-0.006630959620228898,0.003821104617233,-0.005942333592648501,0.008095318479460399,-0.003333350800791,0.0019222737628202015,-0.006668056384950299,-0.009002185379477903,-0.0031542769669291003,-0.0005634135597317,0.005366058526922699,0.008716682340999,0.0005817501163686003,-0.0009079804085080009,-0.00039995632098219994,0.0019771824960471,-0.026871339091580876,0.004295494260540099,-0.013347298982234995,-0.011388941083042586,0.0080270768085905,0.0035627426264522,0.006157097473885698,0.023905932437265104,-0.0012486444024299992,1.3530074663500521e-05,0.0030182362110233,-0.001448764249570099
-0.0023224814752514,0.0017260402338624,-0.00013717419978319986,-0.00044766559845419926,-0.0028161181675025997,-0.0007542398833343998,-0.005078351568230501,-0.0032693059084296996,-0.0026908784952417997,-0.007321369285476701,-0.005878014307258601,-0.012519994784515698,-0.0007446523900913001,0.0008008005716283001,-1.1141683692699779e-05,0.0007944793020862994,-0.0015306555576294996,0.0012484946202860007,0.0006352418729924998,-0.003777426895323205,0.018770605027946703,0.027090749162413275,0.029857481035398904,-0.013707432587251295,-0.0017830461394634997,0.0022342515544400993,0.002911996640898199,-0.0118960146582371,-0.00031668437644099927,0.00040124545804299996,0.0011974317881814005,-0.010666169306568697
-0.003049393781158499,-0.00040272197771889996,-0.0004236795459026,0.002463320873184599,-0.0063103217499531,-0.0003383237398505998,0.0028480035250576,-0.0029605829457436048,-0.0038945840838372006,-0.0009034918625301994,0.009435816942797503,-0.010877107617221597,0.0008964273625685997,-4.433447691899999e-05,0.0008622294432528996,-0.0031602156633459,0.0082111787439377,0.0018967688563154002,4.944264722569992e-05,-0.005407994272280808,0.011913866661693598,-0.0003809310736648981,0.018321162380647904,-0.0214910699267305,-0.004972253522107201,0.010582239969562902,0.006799485183794801,0.0002751346747463003,-0.0002787828164151993,0.0012019147142389,0.0026161158109717,-0.013477318734616606
-0.0013287652561668,1.7937566493000066e-05,0.0025124960996991,0.0026465598758647,-0.012474953152813602,0.006252258506627499,-0.004781761310472501,-0.0015350561516377995,-0.0014018982630589014,0.0024625078727186006,-0.006705083257456602,0.008336535560841202,-0.0048956723136061005,-0.0005978542658278,0.0044140543419795,-0.007233708213353902,-0.0027660542615764003,0.000763018415039899,-0.0008777737413399002,-0.0048729048265571985,0.0027641957823673034,5.051146799590206e-05,-0.005976232775615896,-0.010433575425035202,0.0090430948220223,-0.002544271443878,-0.0027777741749488005,0.0354504722650432,0.002294678433893301,-0.0011867031082219998,-0.00036189738033010066,-0.004256381688688301
0.0014379308307416998,-0.0033955046973944,-0.0007807906637064,-0.0026784837603129,-0.0535141041577205,-0.001621637742190301,-0.0272762435761792,-0.016680677850951096,-0.0011434784340709995,0.0069710535295412004,0.002117277217211399,0.006090305256572899,0.0026281120574403,8.772608543979998e-05,0.0003215176152696999,-0.012499019877591708,0.0023680464841158,0.003250122242902701,0.0013239784071002,0.021044417530991896,-0.005959228883473298,-0.001144288283728201,-0.020321774431542296,0.015539745989844998,0.09334590254205544,-0.00030089516507200015,0.0026090422376563,0.006065722911111699,-0.0016973620538955005,0.0007327041956143,-0.0013831442401651003,-0.015536971315616405
-0.00017512067337159998,-0.002257030544655,0.0013544545418852,0.0095682635544685,-0.028220264878392597,-0.0001465162454413996,-0.0127243183843841,-0.00035825103082639913,-0.0015162955498651993,-0.006702901577541501,0.0183544233279191,0.040573827611754,0.006023760405485299,-0.0024583503838399,-0.0020201248456327998,-0.0083405521279341,-5.89885939545e-05,-0.00011668500945069982,-0.0012965253371878998,-0.022137415353004695,0.020664203634153493,-0.0047779092400988005,-0.0225128863022256,0.005749071761796398,0.003761088807452099,-0.03639043277179954,-0.010869502689352599,0.0460470099241298,0.011441541631538304,0.0005791491386882,0.0009090914323126986,-0.0019458142326243006
0.0003414272018802,-0.0013663671720022,0.0010892659125923,0.006550358073278001,-0.026203514677417897,-0.0012812530171511997,-0.0148439946330397,0.0010517860346839006,0.0014649950662008002,-0.006377820550269999,0.0126125871154794,0.019480921691230897,0.0073182720111642004,-0.00121828388594,-0.00020736094031020055,-0.006169920731979001,-6.66342759101002e-05,-0.0005301637742418999,0.0014844501517786005,0.032028474727841996,0.0258726563275999,-0.0042258088855898004,-0.018636602532121897,0.004234588993561092,0.0027256693901290003,0.0027614964619636986,-0.04546083273093959,0.009124155114540199,0.0004167409167468994,-0.0009933938177338,3.207137056300026e-05,-0.0010079649365868993
-0.0008436343157739001,-0.000776088840866,0.0011307730786625,0.004655120422667599,0.009209488991762896,0.0019772286335726997,0.016558237619748797,-0.006217479467168498,-0.001619763524832403,-0.0024367807652614995,-0.0036149066087910013,0.0119338969285262,-0.0021209092820929,-0.0002505375881484001,0.0022694993799131993,0.0043285050037810005,0.0001124022323996999,0.0011153091524001,0.0006736579249287,-0.0189158040422747,0.0021685075107423027,-0.0056161887733663,-0.005703181749695203,0.0182396324016508,-0.0037041529548659997,-0.0022992552247616,0.0026314961911959,-0.026958111172588783,0.0016141210934943993,-0.001377506798937,-0.0017988373597233004,0.0056352619037005995
-0.00031158894073040006,-0.0004490587653526001,-0.0012333299538607,0.0033838817134602007,-0.0138890862056305,-0.0027214008199132997,-0.007974345429222901,0.0001174612429565014,-0.0030270831227889004,-0.0095454148184503,-0.0031707989257429015,-0.008809294928605299,0.002689612483477299,-0.0007042733868941999,0.001076906552931401,-0.0022960369810125997,0.0022271609204983,0.0018867658941924999,0.0004880094882538,0.031694756834612106,-0.013949660539766002,1.2053846668700144e-05,-0.0216501923187093,0.012128891498318299,-0.0026004305303634,0.0067858599810227994,0.009882918415413,0.00040426032119110153,0.0305871873517497,-0.00026923949574239993,-0.009455782741439402,-0.0013087086405208
-0.0006318431264718,0.00045457226687590016,0.0010044546227255,0.001000501803513,0.0003195009091920987,-0.00023302735991580052,-0.0058101759428728,0.0009827573997553997,0.0015353652327253003,-0.007862147843314701,0.0020298975862592,-0.0124654687104849,0.0042681108286016,0.0003036138338911999,0.0012196339351907997,-0.004102362137573201,-0.0005299564848126,-0.0006716811120242997,-0.0015528974295728,0.013358627260355894,0.0102189654010666,0.0021235624498294,0.0122884442437119,0.009120161235432203,0.0034498452855691005,-0.00015618729662050107,0.002471626765232701,0.0045304610388101005,0.0011769343040155013,-0.04349264756655713,0.003040074166418799,0.002611284441048599
-0.000742121491731,-0.0022990451769599003,-0.0019889187525958,-0.0021396540919680004,0.0041841334349123,-0.0023902962673089997,0.0030116402815852997,0.004420895747048799,0.0021501206244295005,-0.003850919089539599,0.0036096788409067,-0.022743314114627197,0.0084391185871959,-0.0010416720510135003,-0.0042145775149912,-0.0011494520147958005,0.00037184103392220004,0.0008580468138302,0.0011389799011512999,0.0303639234870931,-0.0024107144348759005,-0.0008423548136668995,-0.017845202315150098,-0.003968202810730202,-0.005457586647902001,0.0004062775780675999,-0.0015423282884681998,-0.0227931997419724,0.001431685614142501,-0.00029138210618709966,0.03677322323061882,0.0005513765495792
-0.005265566414790401,0.0011553857755219003,-0.00014309225500850004,0.0100596249933427,-0.022519716305893903,0.0053390515042959,-0.036703897030323895,0.009519961106213295,0.004368175428425601,0.011352882235929201,0.0111155563477211,-0.00022685729256640037,0.0037017739299185005,0.0012202293968415,-0.0002680388687980001,-0.0254997109783441,0.0045407268313363,0.0009538965496779001,0.0014043987520535,0.013281706948461498,-0.0193921375026632,0.005813622944608,-0.022443879651764705,0.021872152223741198,0.011106171026251799,-0.0005548579078235999,0.0021716078333075,0.0018452109018470986,-0.0002838133528065001,0.0001005890955034,-0.0003382292725469002,0.012717073008332025
