0.02230370004417037,0.0049583162813732,-0.0026923491848573,-0.00029051417921519863,0.009101465484679098,-0.007277127174366099,-0.0010397284547713978,-0.0006516605827206999,-0.0033827157624729057,0.0002039270743707999,-0.003845534531079101,0.0113039857293737,0.0012480128567059997,-0.001065437265934,-0.0006999845339414001,-0.007379293505380503,0.0041705013416901,-0.007923733589317502,-0.0016088320971976,-0.005622723310806899,0.001925411492829,-0.0018442430884983005,0.008376792105498201,-0.0093866716901206,-0.0100492502060678,-0.00048141609824050094,0.0008159851574129,-0.0001690495063863002,0.0046602644910394,0.0017398273822659001,-0.00014144853222410004,-0.0052564761478106
-0.0001699220001137999,-0.04129987773292121,-0.0083709282038018,0.0126084268841423,0.0004032189748450002,0.0209090277306955,0.0306733505276445,0.0091793454391414,0.0074724702724304,0.0030888579139646995,-0.0023469822768094,-0.0005325819181440997,-0.00047103199927269997,-0.0010450907410947,-0.0021079272701669,-0.0065422403222377,0.0018710444084512005,0.0005951913123225993,-0.0013568543050630998,-0.005002506591431701,-0.0032155791916501,-0.0025850608849545993,-0.0049923655092179,-0.005931660827059901,0.005086888279383802,-0.0031742637575859992,0.0008951824515659001,0.0004974735503530002,-0.0010769418237154002,0.000836889238922,0.0007406238418334,-0.0046361754704549
0.0065876233843485,0.0012088503114279,-0.04082362549082286,-7.140626773390057e-05,-0.0170714362989237,0.0086890227143035,0.024306823172850198,0.004889652549575599,-0.020753155270512504,-0.0017247169081040996,0.0037225953445166994,0.0162978207534131,0.0007179211299196998,0.0022111034886687004,-0.0015719746025658,-0.0129550700418029,0.0032408057770357,-0.0006185817728392002,-0.0003567813032589002,0.0015417385073398003,0.0073564069110979005,0.0003178835555757995,0.0015314166208813002,0.008812686749848298,0.0025623392666782006,0.0007401925635229997,0.0021607904122111997,-0.0015130006181068006,0.0018097495780273008,0.0007699570446767,-0.0011614431553605004,-0.0008541881058880992
-0.00176709233949,0.0028135138328328,-0.0014933089842268004,0.009122837142275297,-0.012700712359824298,0.006464380506603201,-0.008197027403195598,0.0030214821406666925,-0.007752678718901999,0.0022932225369652996,-0.0141182116523423,0.021436930018455,-0.0010817665051174007,0.0010760493025921006,-0.0015543510499063991,-0.0190643114656021,-0.0009002403920417,0.0006574880204081,-0.00019240853621540024,-0.000682468618569701,0.0048669461798912,-0.0013733508437572999,0.0025725272612587002,-0.0040369137974439,-0.00043033766659210035,0.0077782709027198,0.0019009778718077006,-0.0006443130498635001,0.0090041712055634,-0.0005906946260984,0.0025860814538615,0.0009853096332875996
0.0011030859337245002,0.0032873260841266997,-0.0003531017227362001,0.0093310934274603,0.05043175491144136,7.63527587029772e-06,-0.045253488666539304,-0.0015568909285685996,-0.028437563720144297,0.0035328994149355,0.0062084838167484006,0.0093551463017528,-0.0007768641053049999,0.00037282347314439995,0.0006175346269960001,-0.054296845765968896,0.0021211512395603997,0.0006866218038836,0.0019461475471107999,0.0006033876719159998,0.0017474459850624,-0.0023455684014124997,0.0034970138626662997,0.005019977232735901,-0.0021003179893878,0.014046647474157101,0.0033716795391092996,0.003979463899058599,0.0079266667668923,-0.0006052429322335,0.003778531150405,0.0027533667935379993
0.0048181489446915,-0.0029029864635919,0.0012184714207043998,0.005698088298949501,-0.011798163453662,0.053537171835584874,0.033283505708799996,-0.004939525819136099,-0.030875930840023397,2.827556725460041e-05,-0.0038259839966885995,0.0005340900230506006,-0.0008247393216086994,-0.0014014510403954003,0.0029000158332409005,-0.03939319141831671,0.0034338666909026,-0.0007694059706352999,0.0011106124110609999,0.00019683801485259958,0.0012677394105784986,-0.0048250105567384,-0.0095619493142039,0.009438115612768002,-0.0053072601664286,0.0011072548945833,-0.0011617382636008003,0.0026828891904796,0.0017239228172604,-0.0007936166009536001,-0.0007161936455689997,-0.0038818598032097
0.0005067399567891002,0.0016624497829384015,-0.0011548182642358,0.028280192184042797,-0.0568883238621285,-0.017787013068705802,0.11848280531817074,0.0083874308467459,0.018512404724710996,0.0052261723411799015,-0.003012637089322999,0.0018198604376050004,-0.0043389586959807006,-0.0028252662707452998,0.0008093496102547998,-0.0534293623648403,0.0005908966765339999,-0.0021221167000963002,0.0019083152925615998,-0.0069062953552622,-0.002832837151012499,-0.007117506181956201,-0.0014437167189131003,-0.0005068002862331014,-0.0031277299101444,-0.0075767599290931,-0.0010186895471818,-0.0017202654837748998,-0.0037777684278426007,-0.0020118262295602,-0.0040611602974301,-0.0025267653370734007
-0.0027916612555524,0.0013755855937206997,2.3899118883500235e-05,0.0045376949872347055,0.0018455718736956964,0.0027797548861748997,-0.012314374793964699,-0.018778542662177156,0.008252035354022302,-0.0031277864586342005,-0.010404212706074601,0.009069740972722402,-0.0018834586534681999,-0.0006663704926246003,-0.0007392749679101997,0.0195979270929336,0.0020950160730418004,-0.0002888284327296998,0.0014177380478164001,-0.00011635704570060051,-0.0053788852980144,-0.0003489721247585003,-0.004147888593998301,-0.006124046453855,0.004059704723205999,0.0017718305815149007,0.0047433296029961,-0.0005991103083394997,0.005586020825083901,-0.0006006930368266002,0.0007646910079141002,0.0003899225436678
0.0010758535667148,0.0030395758903774992,-0.00010586596170409994,0.0116540851632425,-0.0076223237122640015,0.03486737296896439,0.016195868401686714,-0.0004018679096695994,-0.08200859491285156,0.0030555710723195,0.0061710729429706,0.002840578103901899,0.0001750555191570003,-0.0005977206969579,-3.1754345015800375e-05,0.016864682655881202,0.0014683905847428,0.0030349508561646997,0.0005677002835794999,0.0023656728836941995,-0.0034652836777890996,-0.004612911550342,-0.006494284151533,0.0008235197516082999,0.0064368664587894,-0.0017338776708733005,0.0007403633255860999,-0.0012148178330018001,-0.0016405749754863999,-0.00021315660974340002,-0.0021053873431688,0.0008712409210197003
-0.0006785219877992001,0.00023822441697359973,-0.0005226329912785001,0.0239143251154551,-0.0098813835564864,-0.006287110788915102,0.004856843175032998,0.0036615965576222015,-0.014707819819210204,-0.060792659807034855,0.0037166546709821004,0.028580811002023795,0.0028380700347061,-0.0005438448455019999,0.0045332837190831,0.007054564610658599,-0.0028393085730325004,-0.00015460363987479997,0.0023762118943045,0.0038941626333643996,-0.0013105393372194003,0.0029285285713602,0.004000853678137999,0.0061342392083786005,0.0006815273120860006,0.0011724191277287,0.0007949856844287999,-0.0017738310104354997,0.0005976999187854021,0.0002829750991456999,4.450801179300013e-05,-0.0028102280852622
-0.00012338286843169982,0.0011005251519760999,-0.0008122620934348001,0.006710806419325699,0.0001221999001985996,-0.00035565092428239964,0.006558928535541103,-0.002542273835086699,-0.002605891266579497,-0.0013136156227501004,-0.015428347059668557,0.0093391473060862,-0.00043472723959159937,-0.0017393658879775,-0.0043821277617191005,0.002696758851791301,-6.563578982470009e-05,-0.0012758590420859,-0.00023903697212409973,0.0032214632447044996,-0.0022641024022354997,0.0008161811369616998,-0.0025532533300616014,-0.0038646622043432997,-0.005997354987781401,0.0034848298217487993,0.005724907558621699,-0.0058744300075906,0.0105718323001558,0.0012525094929471,0.0038312670664178003,-0.0035593774909074994
-0.0024889557328940004,-0.0013681979430083002,0.0016755638088153,-0.0018710539283742986,-0.008042863699555002,0.003073500099334398,0.010069649544254801,0.0005663335344309999,-0.012317222894191399,-0.00033320841092180156,-0.0032908780653488,0.03423297816396764,0.0017809563007852997,-0.0005913013706112001,-0.0006568243790885998,0.0065505252577932015,-0.0003744620111669002,-0.0003869910617989999,-0.0020066681075831,-0.009000330712812601,-0.0020707114312153,-0.0009674481458249997,-0.0157646775298423,0.0014952692004587993,0.0021768371870381003,-0.0140330626136898,0.0012106618523612996,-0.0003919872175665003,0.0128867244804951,-0.0006004410170749,0.0034339901102747004,-0.0025957032674412002
0.0006918164521292998,-0.0005138592258446999,-0.0008134703310497,0.0026948440253217014,-0.044796693652626784,0.011093357148783498,-0.0232314900362061,0.0199627996437245,0.009843553071179102,-0.0041008590709911,-0.009592395527764301,-0.0092591933702386,0.012063706125388596,-0.0004797597561224001,0.003957471920308105,0.014641176789940199,-0.0013141759117053,-0.0007549831012329,0.0021393486449831998,0.006048513685161001,-0.0012798077566052004,0.005121653737668999,0.012607733310012501,-0.0013942338773057002,-0.0066730446838428,-0.002978936714226301,-0.00013914244533419972,0.007903425570156802,-0.005961200791217199,0.0018986890300425002,0.0020744737138182,0.0005406833836948998
-0.00033803871150399996,5.378702506599986e-05,0.0026231393542036005,0.0041446861455935995,-0.0014771253733785999,0.007984279395751099,0.0161068924992571,0.0004125583473044,-0.006964604790903899,-0.008624157161001598,-0.007940675256366601,0.027366994765493504,0.0070822908552661,-0.04328025443873962,0.0007495434680976007,-0.0123133956243088,0.0006131554819233998,-0.0013784764644106,0.0007229297530411002,-0.0020871696233793003,-0.0007317973439007995,0.0021133724368889995,0.0036037337600503,0.00036679388720100084,-0.0024777596641116003,0.0058065117643618,0.002241222678743,0.0021417012378891,0.004791824486122099,0.00053456829266,0.00041738022209359977,-0.0022639114050016004
-0.0019548282323468,0.0003791658833631,0.0013023645401681,0.0019662877224875,-0.036267594314009506,0.0003975896489968999,-0.04320297657743671,0.0023557736565329003,0.006065575044874999,0.0075163234578993,-0.002833162071090701,0.0006122851217953001,0.007587107086491799,-5.149214360999953e-06,0.06320661423942797,-0.011252653723126699,-0.0019922996717250995,-0.00010196532829420007,-0.0006636974017064,0.00025013725004200023,0.0009211558916790998,0.00033294658732899987,0.0003828081330065989,0.0004033670126674998,-0.0024371766717173997,-0.0033639706112599996,-0.0009583636034565003,0.008893156391992198,-0.0003691820118796006,-3.121803969090005e-05,0.0032028223924131997,-0.0003412425890657999
0.0026911340040241,-0.0017507716304641999,-0.0015265793923790998,0.0090260531500346,-0.042447693802137,0.04941679560702911,0.0021036353085839843,-0.0002663032263953997,0.015792191849402892,0.0021065921586405,0.0021407074094888998,0.0011578457864965,-0.0020320251278314,-0.0014829448128640997,-0.0007327433600380004,-0.0073551382102192975,0.0010704166551732002,0.0004100506057801998,0.0005161431994433,0.0040455039051093995,-0.0017405675342035006,-0.0057777309453586004,-0.0042274409968695,-0.0005209399540929,-0.004892424052241301,-0.0012980499280601998,-0.0009071614531059001,-0.0019854592104406998,-0.0037294290699984,-0.0006621308087990001,-0.0029875770180647007,-0.0041539591056434
0.0059215198749026,-0.006374199490129599,0.0047302183631134,-0.0004121052387729002,-0.0016796533335144987,0.011789685777387402,0.024700164018082796,0.0033856088428964996,0.018315884127190197,-0.0008495926605674,-0.0039863287617206,-0.0029610294843188997,-0.0012619814925950998,0.0003835605667149999,-0.0013108358030808,0.0193578219337625,-0.05152220950751729,0.011412506723931,-5.231953868319993e-05,0.0010114648300361987,-0.0024232502943182,-0.006016290048501799,-0.0160403950842549,-0.008077638408169899,0.006468504728796001,-0.0006255230110743994,-0.0012796605674282998,0.0008064205133759004,0.0019160865262735998,0.0005049577594128999,-0.0007894775462128,-0.005041914315015
-0.00037793858449659996,0.0021743913306359,0.0022099419755037,0.0007768450225164999,0.0020185410239581987,-0.0036005597668778005,0.0004568660716565004,-0.0013282732876342004,0.005418939687788497,-0.0017361974409972002,-0.0042977415561076,-0.0006788050893440003,0.0023132818711046003,-0.00025752212686310004,-0.0008116655282571,0.016590038323980406,0.007801245635709801,0.019565516929752724,0.0009598023302683999,-0.0019524447204363003,-0.0022774258111776004,-0.007444401774231099,-0.021983011212809,-0.004032947083108399,0.0005151599476221,0.004176174894362301,-0.0004116307323605,-0.0039439959357873994,0.0029942196737868,0.0007146301959268001,-0.0011777140945178001,-0.012373320169567301
0.0008554290066240004,-0.0026526310279736997,0.0003910855244905003,0.002857717945460801,0.007332849164950899,0.0054516786542879005,0.0082761138257195,0.0077663313429304996,-0.0046499249964853,-0.0005373256816682001,-0.010000937391667599,0.0002546105943424977,0.0021206266487442003,-0.00010235449926829991,-0.0017569023096546997,0.001858353157886898,0.0006852146455888,0.0017458760221794002,0.056473027597974346,-0.0160700118183214,-0.010420162109067701,-0.0011789213916990997,-0.0024159251857569005,-0.0360865568980208,0.0066382231193898005,-0.015038537737625698,-0.0026843392487664007,0.0037413402426732002,0.0030732473125552,-0.0010390259087974998,-0.0043218042205568005,-0.0005663643804682001
0.0010112918898685002,-0.00026270943795909983,-0.00014023594803050008,0.0032077274738199,0.0014277367353645997,-0.005243402101062501,-0.010559802939705598,0.0047803791560606,-0.0078464342561978,0.0017953505798921003,0.008562699649900198,0.021663406825580503,0.0038746423181903996,-0.0007173309359814,0.0034377764354306,-0.0056620018912566,-0.0009263731219760997,0.0008912963797821998,-0.004363028883911599,-0.06287275908137191,-0.0097952569536378,0.007806310513294801,0.0235607083391313,-0.0223559559003386,0.0056175791484486,0.005683990852873702,0.004208600164184902,0.0024342529481317992,0.022383161727404,0.0013977357103001002,0.00631317458468,0.0006874700190908009
-0.0021729188048308,0.0010852310074654994,-0.00030075578709510024,0.0027360968887203997,-0.0083961166929682,-0.0013296871865603986,-0.016020388559625804,0.0031533721211654993,-0.008224371585429902,-0.0005578425831599997,-0.0036879501540415006,0.009283486195471098,0.0007564065950808,-0.0003746332862771,0.0027396612890566,-0.014649208596601099,-0.0041625842932877,0.0008501819860435005,-0.0013563383190598002,0.002651656859341201,0.014915326637156334,0.006373534936061901,0.004813237428696002,-0.0009129316768426016,-0.0095929332444804,0.00023290336312080037,0.0055925106295099,0.0005221863538620005,0.013829682832528901,0.0004870295175601002,0.0015320451318361992,0.0001841109975828023
-0.005384575071796499,-0.0081480291919578,-0.0008140608345303,0.0010359984394741999,-0.008012961119471699,-0.0061900609058124015,-0.0215382461804909,-0.0024582379947795004,0.0106938766940008,0.0011184670251865002,0.0034671030353191,0.0010155080416455985,-0.0011176032172549,6.847498590400016e-06,0.000600591679372,0.011592735012202302,-0.0048361937146037,-0.0041910799427077,-0.0035980586313010023,-0.002120690307075899,-0.0011768288395093002,0.038386031532517406,-0.0020723845256118006,0.004531905534403399,0.0023039487127684997,-0.0040277979395449,-0.002057164322337199,0.0017617894709450002,-0.0011675100427446005,0.0008618550504762999,0.0006662400396649998,0.0008685850149631989
0.0009094488736884005,0.0014814269917334984,-0.0006128003266828001,7.157540641529979e-05,0.0015939014644940006,0.0020082966140999997,0.0009323234102030994,-0.0016695457387512999,0.0008968608622217985,-0.00085610472426,0.00026232533705730036,0.004637965819064201,0.0005963469961711002,-0.00027194079929359987,0.0024513030039193,0.019646025181742303,0.0010459940126004994,-0.0019773196548703996,0.0012898199786403,0.002664250566778402,-0.0012572849237899005,-0.008622844858744198,-0.035867230383367144,-0.009341215862669701,0.0093840935571338,-0.006800577147348099,0.00035282934259060067,0.0070302593337019,0.0044117589289921,0.0016149645719919004,0.0035281353165339006,0.00046695885000299937
-0.0018511782983574006,-0.0007608306764601003,-7.671344091300008e-05,0.0014117827115766998,-0.0083565727304086,-0.004356916552448799,-0.006562404091971303,-0.00039276540616139943,-0.0300578378164081,0.00045302714526210004,0.004593812135846399,0.0112145720224828,0.0019478773022102002,-0.0013102920157659,0.0033337780765580996,-0.012110727462791201,-0.0037284306322578997,0.00026716125802499994,-0.013039534395850802,-0.00043828251976100324,-0.004463958958131696,0.0050815142978205,0.0024283103659816993,0.022353329460672033,0.0049293650931648,-0.001017629627875799,0.0034288201125160997,0.0031321496437630002,0.018284049721465898,0.0004449432751892999,0.0048598408639055,0.0003597411391229998
0.0014418403466586998,0.005755082878941303,-0.0016545250445828999,0.0008216079554183003,-0.002711302026901799,0.0007422280950184004,-0.010952686441801501,0.0015536532314596998,-0.01667297814454559,5.771560661859982e-05,7.914840247629992e-05,0.0009481171644208997,0.00041331500568519974,0.0005714908710680001,0.0011242181869548001,-0.021505420740305196,0.0010633572305000002,-0.007828518887311299,0.0006795836744124002,-0.0009190584615227024,-0.012445232671473102,-0.0047014803563248005,-0.0050839247932025,-0.0132294618417217,0.07787007566318754,0.0016562614484930006,-0.0028164316719803,0.0025275404826923,0.0018350883152555,-0.0005427647641707999,0.0002392195529049997,0.0016842417336779998
-0.0012511667235782001,-0.0009282845070709002,0.0006455015250335,0.00039950504896260055,-0.005918022089392098,-4.97040762816002e-05,-0.0028137647145141005,0.0008537875710569005,-0.014111464841542,-0.0008569830904011002,0.0030611972426406,0.004538794279590801,5.124901976479978e-05,-0.0005151615016537,0.0019302117818359,-0.0128899884255957,-0.0007309090024040998,-6.361230472530011e-05,-0.0048034713394213,0.0007664361233056995,-0.0048549176337336995,0.002523941439239199,0.004940227324053399,-0.0013324515455847008,0.00013887671777259962,0.015216378854671975,0.001844905074303101,0.001075198748533999,0.0054541732245631,0.0005378247621051003,0.006017110119542,0.0011245829389232003
-0.0013163927776989998,0.0012958367342682,0.0009687991228502001,0.0016262432235359002,-0.0068981405707449,0.0006132273446298984,0.0007544919780711999,0.001352032350082799,-0.007140808881353199,0.0034061456508708,2.4764072250499022e-05,-0.008543647104221702,0.0013758832150852001,9.51380499987001e-05,-3.576948148030002e-05,-0.0036605613297917006,0.0011572676194585001,-2.1445069038199998e-05,-0.0021046994535478,0.018793166058939503,-0.011206321367748698,-0.0015314632791563025,0.009210228133765604,0.0005011292178686011,0.0062728972001615015,-0.015828031395643205,0.004831443150390802,0.0018292083070985997,-0.009027422955986499,0.0019211123754445999,0.003903296270042199,0.007382393591598001
-0.0021295641041218,-0.0024290370072484998,-0.0007081591697227999,0.001367952712045501,0.0007298099731239006,0.0009346277686373,-0.0019999410242251964,0.0037003739378274007,-0.0030127681884779996,0.004091109333282699,-0.003399190118214601,0.0319397494548364,0.0059074410843627,0.00012460729603720007,0.0008886551630027974,0.0178982992422863,0.00020513532330410002,-0.00023808409838780003,-0.0012187860142543,-0.0134348426736858,-0.0045159870733502,-0.0032098988083758004,-0.012594003870705698,-0.011692590799429201,0.0007214055414729,-0.007697586594940398,-0.0023096270915024,-0.015531273561945946,0.0162160426133155,0.0010810833406946002,0.0017080228648271994,-0.001392975450468
-0.0003850934653516001,0.00036335924913850036,0.0002213956031117,0.0011588463425475995,-0.0029003231389677,-0.00014466832673340046,-0.0015562796346611993,0.0015629548501404,0.0023378214515658007,0.002132019064556,-0.0002653602197039001,0.005677575544468603,0.001527079834613,-0.0001052725679167,0.0009115713533726002,0.0013617038937467005,0.0016139535974796998,0.0006281537052797998,-0.0012795585960539,0.002387973518111,-0.0019377130397208002,-0.0026589375551825997,0.004063622529467199,0.0178905925242734,-6.995217979579964e-05,-0.0029586619197922003,-0.0010231604958687995,0.0014358842935284014,-0.03504071492046368,0.0011332601859145,-0.0019167604618230971,0.005834688980720401
0.0007256574560378999,-0.0004876028467403,0.0022979372427111,0.0011316281819162997,0.0026090947020996,0.0031756974293823004,0.0007181816069177019,0.0009536954980642002,-0.0018157617892910014,0.0043492629064717,0.0010143666914884993,0.0097695283378506,-0.0006642175904436002,-0.0009986583257855003,0.0009975578363479003,-0.0036056142052760002,-0.0022627487511583,-0.00015515080649529996,0.0028062105089519014,0.0044562485321134986,0.0010306717656400005,0.002492756424646199,0.0052617515775116,0.0030247242789521993,0.002168772564212499,0.0087766538108741,-0.0076044665818808,-0.0015176220747445002,0.0018154339343963,-0.04631481601091714,0.005167324557488799,0.0006835031386575995
0.0010821178725193001,-0.0004069361277296,0.0012428979974335,0.0013968065279257999,0.0023754222253833,0.0010416725172012996,0.0023216109655050006,0.0016824210180224,-0.009515371134599701,-0.0021001412487088996,-0.00020043132076040006,0.004902995191199598,0.0021525312187662005,0.0002811566888651,0.0012298729548784002,-0.0008752558757974,0.0005077310624523,0.0010857083863817,-0.003212758956267,-0.004573491668495201,-0.0034402725667477003,-0.00027343377833359984,-0.0009469187497060001,0.002137622511508702,0.0002967231654598,-0.003077820719914002,-0.0020721530334977985,0.007459125268102301,-0.00048083616330990044,-0.0017143334850837997,-8.276486961944496e-05,0.0017765041269654997
0.0032116595038930006,-0.00026651525578470087,-0.0006582615930370997,-0.0005527688253173001,-0.0004387044439989017,0.0018141664773488018,0.005372879302443803,-0.0002366710631624999,-0.018784588176573098,-0.0017035989281374,0.0023888205481093,0.0089196591537078,-0.0006108576407117998,-0.00044485445093839996,0.0026916561460729,0.0005319931244009007,1.5044122965600024e-05,-0.006066424978329701,0.0009655394254847001,-0.004733616230670604,-0.0029799626899706007,-0.0014559182794998994,0.024695781208161,-0.003858646512313102,0.001906146074321699,-0.0012187182789232982,0.00025878108699619977,0.0033204037303445006,0.0052086993282302995,-0.00018438096102380008,0.0003192143786851999,-0.01742595530277319
