-0.0011475796490198254,-0.00165629213110049,-0.00044975675649914007,0.0003406242930462697,0.0009284478960576697,-0.0020202693923482397,-0.004196275705041519,0.002442246481937921,-0.0054621866418801,0.0005447837286254795,0.0030165837928018504,0.01000294024853895,0.0019178672525935892,-0.0003463700901659399,-0.00024160750386863992,0.0003613057098189107,0.0002944352019277602,-0.0003689567576724799,0.00041159450493963,-0.0021246491990277996,-0.0011000841103429005,-0.0018372468953948798,-0.00449916824943095,-0.0028477476762215704,-0.0023553297155817395,0.00153095159113443,0.0009667313265712999,0.01035521850099898,0.0007276952527329199,-7.545429862725996e-05,-0.0004587995267589501,-0.0026536514827431995
0.0011354822313192296,0.003835526484132867,0.0007984707772474998,-0.0014093602296538694,-0.0011400725624292798,0.0029654096412530606,-0.00033724708217786856,0.007652049447519509,-0.005190026566080271,-0.0037145899811731713,-0.004445271856055321,0.00017711594346070045,-0.0016914359277475789,-0.00012830368767374997,-0.0005323740386609598,-0.00378293887972585,-0.0012263697877997,-0.00324257245475154,0.00026659904484656994,0.00646247284945313,0.00211367411453445,-0.0005767370330768001,0.0018362407373280598,0.007213263569954949,-0.005762705622679171,0.0005091150329221798,-0.0004852277170617998,-0.00482295868469622,0.00029975152085510005,0.00012769162854380005,-0.00046133155581619997,0.003556660643888379
-0.0023682130254219897,0.0013643288993121898,-0.03000690446902094,-0.002587228062175889,0.013973081032620242,0.0024734862555716697,0.005140351078226081,0.004022088068544219,-0.00293627798707967,0.0012436669931573294,-0.0014633119642500198,-0.003084279882166532,-0.0010553091626696993,-0.00016413603321641,0.00024586201381173996,0.00092957725428455,-0.0014603748315404298,0.0005185468617640899,0.00024717845908439,0.0025933737318761993,0.00317462680511092,-0.003351652393823979,0.004594963380649451,0.00501522105205104,0.004773629511579671,-0.0009053641955340197,-0.00040322653005439026,9.265340781933872e-05,-0.0006074220600950102,0.00099803326058559,-0.00016812132631161008,-0.0008388461426883598
-0.00052878898482124,-0.00027501805026336994,-0.00015780352469065007,0.011202508817371799,0.0010677418165801682,0.0026385206231900704,0.0025589713519673487,-0.0032753548827618023,-0.00010633386514560979,0.0009120160833686781,-0.0036448434014710305,-0.005115411199949721,-0.0014319653448109,-3.813920571975005e-05,-0.00048208864565891005,-0.0005197155575784805,0.0002492018091881801,0.00013389068326118996,0.0005837212478414,0.0009328956188611999,0.0006236848944299598,-0.0029792074404219396,-0.00023260564695941986,0.0032791615472494303,0.00015112835995178994,-3.3342712613001383e-06,-0.0015067124785253499,-0.0041510517432532396,0.0003119600336731898,-0.0004751897442218999,-0.00042256339584262006,0.0007007244964227998
-0.0005254408664938298,-0.0008881228571882502,3.669492870325996e-05,0.00507169180087238,-0.006432011927882642,0.0026117596153120296,0.013422378543695207,0.005575585767294281,0.00388064336258993,-0.00472732938627798,-0.0014201700006602888,-0.006687690439541249,-6.309368979992916e-05,0.00021409871484642998,0.0001796615705301596,0.0021302754172437197,0.0007206099041752599,-0.0008513335283759197,0.0005860738828560001,0.00249439216360514,0.00039570571249784,-0.003469772485440789,-0.006649181703190489,0.008671762226047921,-0.0027044077277463504,-0.0003839234891766401,0.00016294260273259036,-0.006530695014302762,-0.002319730858876369,0.0003210620312441201,-0.00120182699976192,-0.00162060726953073
-0.00012713989667258,-0.00012984167073192996,-0.00068237088494529,0.0019241534025629305,0.00649864292795318,-0.00895611372848563,0.0045346538388068795,0.003335989487915432,-0.0007020587131226604,0.0011757396974138605,0.0011703062047726197,-0.005425592942449589,-0.00105916079895493,0.00018377959528342,0.0007752401905673098,-0.005666396632027561,-1.210859603939995e-06,-0.0002351929076196099,-0.00018950970046228006,0.0029107495899627915,0.00400382997263536,-0.00523268338546401,-0.002652156996132961,0.009774672347682508,-0.0040812391828020204,0.00094182677530599,0.0022116156462058706,-0.003305492333615641,-0.0003371731003577002,0.00046362114154193,0.0009547538850458899,-0.00207624097020758
-0.0003166873925134401,-0.0009595395063061501,6.238097559982994e-05,0.002055059739920489,-0.0008429515132972583,-0.0011156835203249608,0.003963634543821121,0.0018832001737701602,-0.0033489532574577,-0.00065883350649379,0.0016121434298532508,-0.006710117244002249,-0.00042922385096271013,0.00014343843776480001,-0.0008765157291665202,0.0022906135124155,0.00023441825434615004,-0.00033712413250043,-5.422352558018995e-05,0.00224581283711101,0.0023636884265977906,-0.0017368328093359496,-0.0003876432552313209,0.006469472876654179,-0.00176588097837275,0.0012057153485714402,-0.0004026684355499301,-0.006422123743718017,-0.0014398204255022203,0.00019120479178551998,0.0019290762249938702,0.0011549632531104594
-0.001328705719368,-0.00088759851153025,-0.0002790814052456702,-0.002426500772654951,0.0021036443981481876,0.00089788021744629,0.003943126362281388,0.014284370056569226,-0.0012419940216397904,0.001454829359247481,-0.0028689651753920726,-0.0103820749114827,-0.0032057352413648404,0.00013259297671678995,0.00016675867180575968,0.0008400727682737195,-0.00056896343539099,0.0007828052268146601,0.0005193412977611801,0.0016000926715440005,0.0015924696262471095,-0.0026519838450957595,0.0013480398438659098,0.00415658746338667,-0.0014940986723565002,0.0007956023831816698,-0.0004119626970386501,-0.00448416582601506,0.0017856358838940205,-0.00020350631726936,-0.0021511551667159597,-0.0018173574886235708
-0.0005332110528808601,-0.0010794239245906594,0.0006525072008431002,0.002660661109456259,0.005392100425603121,0.005154828722132671,-0.0004529484285124799,0.0047320438685841595,-0.040934289529432386,-0.0026481743723920795,0.0012989192305118504,0.0012439118387745608,-0.0009960977416934203,-0.00010417656278302002,0.00013250443888732964,0.00614024952198597,-0.00028708406617211,-0.0003830426634525099,0.00010747820874457003,0.007078524126600332,-0.0019753676739760993,0.0037588668986730995,0.0109005353751066,0.008789945539524752,-0.00430684826904285,-0.00180124541967263,-0.0024414452073894103,0.00095436372557129,0.0010204571053864602,-0.00025974010744984,-0.0003640568961285,-0.0014507454208174593
-0.00143424739735144,-0.0010272111411461001,-0.00090267274026328,-0.008019540418990893,0.00849129731283737,0.0007963224364184198,0.00596231006187954,-8.93211759105457e-05,-0.003946212280564649,0.015108765265890056,-0.00561519439905184,-0.001409943254164371,-6.371390836896942e-05,0.00046104418157856005,-0.0006078269891896801,-0.00016408803224894977,0.00037035192084116004,-0.00024053867705054995,0.00049255699975935,-0.002437134503046938,0.002164941965907289,-0.00574832677277471,-0.003208995792062439,-0.004525090900755721,0.0011484911754626806,0.0010976142312100797,0.00161202639377392,-0.00045809253845463006,0.0010372496060971897,0.0005580558352355799,-0.0001983590667780001,0.0007954826012825398
-0.00038206028379615,-0.0002004805268892501,0.00018211155857704998,0.0008997184960395586,0.003098605749544461,0.0008893594888650499,0.0031647794073081602,0.000892939179505957,-0.0027005134483557795,-0.00261009353881678,0.011961123659678385,-0.005406257348972289,-0.00334351995816642,0.00046372102782929003,0.00043815571966969994,0.0012371917355299296,0.0005768762778370999,0.0005162269024792599,4.884922792426998e-05,-0.00386634320925979,0.0011032837813556903,-0.0038662428837999696,-0.0012743798404983005,-0.0049668316852193,0.0024292530346924604,0.0005452216614416302,0.0005401981105552101,-0.003427442854416621,0.0002026934493223398,0.00026210446903976,0.0003563210851247501,0.0022354315558707092
6.509857365840002e-05,-8.412068099320066e-06,-0.00043321711599356004,-0.00102021627007129,-0.004029108630223068,0.0022217916994193196,0.00047166929273340964,-0.0019293788948007492,0.0005614986385531099,-0.003353823742250809,0.0017188005764198493,-0.000873964051605719,0.00231490298104873,0.00027855608511236,0.00011568936292482017,-0.0016968703520436202,-0.00019486716295847009,0.00036106685680489,0.00060036612370039,-0.00325254139391207,0.00034085748009148986,0.0006472401731427802,0.008614343515192002,-0.0020947339092428504,-0.0017055772897505803,0.0013313028747020997,0.0011461447418691904,-0.00105299746921672,0.0014696221984858498,0.0005265328620348101,0.0001964463219479195,-0.001336222007672599
-0.00058438924268934,-0.00024148945556601997,7.064435294553994e-05,8.652377577596099e-05,0.00886662314898684,0.0017527135720177896,0.005716690618516459,0.00340570098472203,-0.0018007040198106498,-0.0024112662193892208,-0.01005260762157677,-0.004047927345088671,-0.01522598427144548,0.00048089087043325996,-0.0003048506348199101,0.0002666699592908998,-0.0002392897728088401,0.00018912424188486992,0.00011568451515061996,0.006598538759332441,0.00061423513256855,0.00055769556191072,0.00470087988255386,0.00609574440875676,-0.0021330544507106,0.002093860589627,-7.249508668033992e-05,-0.0018534162194437092,-0.00026366269673457987,0.00019899707820748014,-5.4341126075720285e-05,-0.002525739289841451
-0.00042358668711557,0.00028951330818568994,0.00061650640335104,0.0016372642228097097,0.006312057905726381,0.0003778223684165201,0.007236264431827259,-0.002445380870483591,-0.0029766894427223,0.000863946670447368,-0.0072774655874465796,-0.00034933854030547997,-0.00111117519229622,-0.013101613666910756,-0.0008875865073249502,0.0019246810413756394,-0.00146188157615122,-0.0007917115349804601,0.00105388443258,0.001967538079601691,0.0013260200403810603,0.00157026629448861,0.0029064441261835096,-0.0012464640143656208,0.0011112554196137804,-5.8608238838979856e-05,0.00097875799031099,0.0021671252802457097,0.00043176776600425005,0.0005172839649795,-0.00020442890584217963,-0.00095246898174489
1.9881591267799934e-05,0.00052300541258276,0.00025006035039658,-4.750952726972988e-05,-0.0022922484262935,-0.0023800352263928,-0.0017116659686003213,0.0036778767104058393,0.0012349937896744402,0.007748087400358988,0.00344428698576233,-0.00920430278505296,-0.00254571141680228,0.0001732538019629802,0.0017203532042184,-0.00038259374387358987,0.00020927399602854,-0.00105070008753006,0.0006903146197201001,0.0024028940285553994,0.0011790821842890403,-0.0009728511576665797,0.0027303300433347997,0.0012950913189662295,-0.0020906302303070707,0.0031902351292032,0.0011692779433147295,-0.006419509062742951,-0.0020610766339650096,0.0005678872657337499,0.0011415304889729797,-0.002208881998252
-3.756875583746002e-05,0.0005560489174275204,0.0008396126520205698,0.0015015916648513502,0.0007767979955212306,-0.0016797962254141506,-0.0012501186307809918,0.0021843733153910495,-0.005293632180316201,-0.0010231007798179902,-0.00839233025571326,-0.00015162996187731903,-0.0029652783222968797,-0.00010940868136166999,-0.00080499011016761,-0.012940146468694744,-0.0003404531033466801,0.00069851045407301,0.0003730717247438001,0.00484710157831612,0.0030126061653913505,-0.0008475096347978396,0.00321283526510667,0.01013554850327534,0.0012266058781734998,0.00114496960949706,0.0016579751277158196,0.001270669021762038,0.00074258761561142,-0.00010159258285435996,0.00036264263170614,0.0013940075726932004
-0.0009687541350835202,-0.00048200241500168984,-0.0007223121270262501,0.002228712030875339,0.00844390543662561,0.0022621318523770996,0.006862316890856149,0.00596657016884102,0.0006661504523343097,0.0005551030681196202,0.0006146423170993193,0.004877285321815779,-0.0010852343471275902,-0.00029045905704857004,-0.00220253321346386,-0.0015425962495808,-0.024523753300355833,-0.00014068934194114998,-0.0007433585804661701,0.00169619250917704,-0.0027055656930964397,0.0005809412139992404,0.00292757164486106,-0.0011648545369941296,0.00276815712918147,0.00011456047010782004,-0.0025194926541132596,0.0013263679430830803,-0.0007293731162987401,-0.0002746381889665801,-0.0009615814895830301,-0.0008334100032065699
-0.0008404351548567602,-0.0009574478870957301,-0.0008824312277416,-0.001065573604675979,0.009340474531438523,0.00091514759121087,0.00808492598458595,-0.0009683451570831992,0.0026104654624364903,0.00016066216106429986,-0.0015269620982580007,-0.00365258556245514,-0.00140520729750243,-0.00010059365867010994,0.0001231788202755701,-0.0009283575060729102,-0.0019241341214586596,-0.0036744584061985386,-0.00017083632665182,-0.007623382751448872,0.0024770901406933688,0.0028654673951088497,0.00896286210930981,-0.00821819913120702,-0.0020542815326346103,0.0011728006037600102,-0.0006823153033331298,-0.0009523708037877601,-0.00012002129897039993,-0.00022934563540647006,0.00084052667698627,0.00042368298863905044
-0.0003399191703941599,-0.00018383804477319004,-5.8971081967569994e-05,0.006429971974229709,0.0038719823465656715,0.0022230469711106,-0.0016933567888123605,0.00513728295809493,-0.0003922334513176893,0.0005923216943373696,0.00267601126748286,0.004947464124203051,0.0034801979819455,6.448650786167001e-05,-0.0017727395694851298,-0.00256687900444062,0.00032948040046823995,-0.0006575980186969097,-0.02178756612744298,-0.0004923571523883001,9.144108922097965e-05,-0.0012603649997111092,0.0031568389589125114,0.0017476108054211806,-0.0023917684937462503,-0.0069396840063927516,-0.0020924328698872204,0.00551343408237447,0.0011568848221095401,0.00075146921456657,0.0015792816854102998,-0.00111949810485896
0.0005329390332467699,-0.0010589916524033798,-0.0003924170772866799,-0.0004250444919541095,-0.0052221260354788695,-0.0015460994022752194,-0.00989264256207144,0.00165361177244393,0.00010615059441387991,1.2300089181420392e-05,-0.0002914881951371997,-0.00425861592988126,0.0008095001603122402,2.717661090184002e-05,-0.0002451133619081099,-0.006253972773304341,0.0007627657184411799,-0.00047752941849245003,0.00172192002628337,0.018474155172926228,0.002666177797512191,0.0038424673951166707,0.0033861922266763406,0.006689592991639617,-0.0044741679275799,0.0008931968750279098,0.0025588052437914995,-0.006073189922314141,-0.0015529138549154405,-7.385557934377986e-05,-0.00178777719059015,-0.00011100633297885034
-0.0002245490536850899,-0.00034359452115398007,-0.0004010350719737099,0.00243800470095362,-0.0006510589817039992,-0.0006915050690808499,0.004358320429130791,0.00192956588601392,0.0029822815042482,0.00242453968879205,0.00473943523698569,-0.00810799905784347,0.0003207933965117099,-0.0002630398273562501,-0.0004788858425616701,0.0005221988304403395,-0.00019857053018825004,0.0013736109551965802,-3.150283961455998e-05,0.0017833515198572996,0.0033997905176834818,-0.0003284429389854203,-0.0017043415125556794,-0.0018001606688528404,-0.00221022277817811,0.006254816367750571,0.0017191255658723704,-0.008953565746375161,-0.0004087964050382301,0.00044380192796502,-0.00137487460405615,-0.0065174910781981375
-0.00115311032589097,-0.0003161885640745,0.00015659883628949,-0.0037735074468572298,-0.005225576170843621,-0.00155104225127387,-7.33806162766702e-05,-0.0008885239327646796,-0.003769414774818429,-0.0032708280584738806,0.00562077138943795,0.0039341325064963205,0.0016078564048468593,0.00012141748781773999,0.0005457127995485701,-0.0055418895357800795,-0.00031747716312555986,-0.00111904938593771,0.0005607273863564199,0.0009926764993427597,0.00203778808429022,0.012529639468324066,0.010565228304819542,-0.0007766471287364903,-0.004671166050098609,-0.00400556853373167,-0.00069856343181581,0.0007347730136379122,0.0017710907365884698,1.285653353916002e-05,0.0013074076677687602,-0.005346743748604379
-0.0015019765001055999,0.0015997415495344,0.00035819977455031,-0.00568995879512025,0.00040787272368464063,-0.0012188909493469906,0.0019557460569553493,-0.004078816838636099,-0.0020686461433053784,0.0012826054145212494,0.0051234548759494895,-0.00303099437969858,0.0010643061342674599,-1.7823520598659984e-05,0.0009616413936592702,-0.002198173947051589,-0.0003694479642251998,0.000527019234829,0.0006360148905912401,-0.004278176951829111,0.0037690352555172107,-0.00197120056149725,0.023209415297542915,-0.003004970059922551,-0.0031958528658287107,-0.0005280837286761004,-0.0015120760037477903,-0.00393865958717588,0.0015380409928316204,0.00031878728792136,0.0014135195195720002,-0.005561651605161669
0.0006381019763331299,-0.00077172841109265,0.00018470059380236,0.0031316165931229408,0.0010137646279785903,-0.0006842559105964404,-0.0015847106624476501,0.004856910103745249,-0.0007772579403881998,0.00144644697468702,0.003558084001736199,-0.008502435647534681,0.0010480540052958897,9.057382881890007e-05,-0.0005487232908100599,-0.0016304239378858898,0.00057721591170437,0.00012917644006144006,0.0014142292840157802,0.0005418577516716399,0.006155447417588569,0.0020185430035600106,0.008472578388560869,-0.009910953819742946,-0.004793763855166921,0.0048544089778525795,0.0019368775768718594,-0.005895679198600311,-0.00471269390113745,-0.00038463138779954006,-0.00153243286023516,-0.00033889663396955024
-0.0009550040537221101,0.0004552984329204,-0.00021203823054615005,0.003437882342755811,0.0009848501124018216,0.0018238619646216297,-0.0016261396717885592,0.00513325819921253,-0.0005882801515363498,0.0012549493665558696,0.0009400465131193303,-0.0021066213445122793,-0.0005709134354505397,-0.00064986242558274,-0.0007805952479674099,-0.006753061137023682,-0.0007653450284378099,0.0007632102140208201,-0.00017680344612768,0.003670546053552799,0.0018915674181554203,-0.0005532758091832705,0.0025864131253962685,0.009405536955408949,-0.0010211524854762094,-0.0003854692983445899,-0.00015903781977207962,-0.0026125563831073608,-0.0006764481502873,0.00024507387631149006,-0.0012232944692182695,-0.010776595986348671
-0.00052235922454082,-0.00050008051252732,2.9642855980619995e-05,0.00208997124658665,-0.0003765472873286109,0.00118318132044218,-0.00865770811953594,0.0005980628827989505,0.00116136554132219,0.00303694529789973,0.0008176215999317803,0.00018251997162275986,-0.0009568889561070902,0.00017454433179691996,-0.0022006512416990497,-0.00124814771968517,-0.00043583953665835007,0.00039977121777081987,0.0014818515409731699,0.00414307799244672,-3.170607386911925e-05,-0.0028580327744717007,0.0034030079379871797,0.0075094479578436315,-0.0028762900435255695,-0.0073794889801384765,0.00593109895532976,-0.0009628082991497099,-0.00222653555679006,-0.00043976300475604,0.0013170159866245303,-0.0017862793065746806
-0.0009436020757711001,-0.0003710219184220401,-0.00032583093446029,0.001091308704091249,-0.0014487892503327593,-0.0004591267012487302,-0.009513003377922309,0.0024043149366808395,-0.0034776687475007104,0.0010139875518899108,0.00155775384456818,0.0025941262382271997,-0.00152366918916614,0.00017127333859569003,-0.00025558009780248984,-0.0011368855432656103,-0.00065978638825546,0.0005609188869737499,0.00033572984790699006,0.009700360222015042,-0.0030685398185154597,-0.0010826760775821303,-0.006742017281545101,0.00945645065035328,0.00028890712537980986,0.003208890747803331,-0.004314085930642688,0.0023502942625058115,-0.0011585573748258099,-0.00093702935353067,0.0009265433153517301,0.00175701038844663
0.0005499764588167699,-0.0004910709489453699,-0.00031745340989479994,-0.0013841040075673796,-0.00571856435237539,0.0014835171978643796,0.005462648923768361,-0.00209532194142567,-0.0006110696605397693,-0.0006919872933720205,0.0008105059340881392,-0.0014985527210100806,0.00133947301323144,0.0007898054892609204,-0.002144722899981959,-0.0002242464771317197,-0.0009951759013963302,0.0003509413085266099,0.0008407793396658901,-0.0013372542744102603,0.0016205282542994307,0.00010616433440724964,0.0043675550241190995,-0.0004936840041638308,-0.0025069653045582197,0.00278185092944462,0.0022035267283798694,-0.004099585961534075,0.00091058696515697,0.00042469048272299,0.0013497920095788599,-0.0007825832350246396
0.00012890119450009992,4.457170270095e-05,7.47597216929003e-06,0.00118402635882224,-0.006204183884257142,-0.00211040023173788,-0.00480457101498547,0.0035709428048511004,7.086254388623953e-05,-0.0030832342811701,-0.0005878879316870395,-0.00343968488174331,0.00022126701114056008,0.00040407665057189005,0.00036804464712849005,0.0008071022595660601,0.00011841585319687991,0.00024499702039888993,-0.00022030720510204,0.00556140948221188,0.0036258086935039304,0.00012257185203663003,0.005120620932189001,0.00666839223218102,0.00188505389900382,5.18036490410499e-05,0.0020376601474341605,-0.0035613865510901108,-0.006024832069929401,-0.00027943552312607,-0.003789294296504869,0.0018612129647992588
-6.531816290495022e-05,-0.0008407949261544899,-0.00033274015543804995,-0.0038440123972167096,-0.0029374379098689504,0.00072496177610021,-0.0028953082032876,0.0018419660051666805,-0.0019741112726738403,-0.00504213410091823,-0.00187904448796648,0.000546986629495673,0.0008212412957899699,0.0006951756480208399,-3.5417918254980344e-05,-0.0029717640761374,-2.6926338523440043e-05,-0.0003017122320031,0.0017256124048753696,0.0030544133827336882,0.0017898959932384096,-0.00104760442756092,0.004906311168486969,0.0020968918678727208,-0.0018427088407958695,0.0006741837369432905,0.0017896377029015995,0.0040473086277670505,0.0005411354555254901,0.0007865890627744884,-0.0028021546830480797,0.0027968793750604896
-0.0016411179103173797,-0.00018140420157265004,0.00028837339005856994,-0.0072337486340354916,0.00406991102760729,-0.00022777611223051048,0.00542255052595279,0.0033269474212000794,-0.0008703691019787801,-0.00587289818983156,-0.0014508433086118592,0.002066573658310569,-0.00110260870098692,0.00054754452534417,-0.0002890169518581602,-6.275070536884029e-05,-0.0007853126378147099,-1.93988541516801e-05,0.00051807850170899,-0.0006653342411133213,-0.0016069907033128405,-0.00382670702562351,-0.0038138002811636115,-0.0005732413569762198,0.0014134211364877,0.00262432905791379,-0.0030595162893901095,-0.0021436162605242893,-0.0005077016000496892,-0.00042233504585567004,0.017788973812365556,-0.0017102149441817205
0.00022587899773341986,0.00124950394369357,0.00018122750709721,0.006642906031447689,-0.0038539640370740614,0.00340155153541817,-0.0019806195242701497,0.00349607018855235,-5.0769061393019996e-05,0.0009885387522436697,-0.0017200455569423595,0.0031324052294164004,-0.0011484049750612503,-0.00017115630664777998,-0.00060702008309477,-0.0035046749575466003,0.00010839993686092017,0.0011328006420252,-0.00015253602402855003,0.0024031485040044596,0.005987146776659649,-0.00020498728154503976,0.011883174149217138,0.006362182450982643,-0.01159797242634511,0.00016517505442199,0.0016619495709742401,0.0024903283269797193,-1.3490506303269956e-05,0.0003069560489166699,-0.00058292540687595,-0.026230777499517088
