0.816492667010279,0.00234255708667374,0.00911011899506937,0.0119566330979278,0.00155026028627239,0.0014952211895192,0.0071462536729044,0.00581770064926957,0.0303564766227614,0.0121911903132136,0.00560250905133967,0.0133562750191321,0.00187896331469818,0.000542303248015036,0.00208967435304423,0.0229516367420412,0.00141676646946198,0.00200458624711628,0.0044184260386247,0.000351880147203417,0.0159148075332777,0.000957243495673001,0.00760816158999747,0.00252261653867516,0.000562142937101979,0.00586586516328401,0.00016507696646985,0.00335041743586776,0.00284217339266765,0.00109090004843452,0.000462685692280241,0.00558580965170379
0.000230185943750243,0.741256777136101,0.00262860428698747,0.00875222690275312,0.00210734170675165,0.00869501435025075,0.0267013083040704,0.00570709405994523,0.0258853882053055,0.00646325223557732,0.000851829298842664,0.00197819467625367,0.00381173462329193,0.00187306674826051,0.00131020544182298,0.0427155551125919,0.00157879757774089,0.00384627082693488,0.000968740575479568,0.00124741889246657,0.00446064702296474,0.000525272210379883,0.00435329235900858,0.00566070557795299,0.0837240524075349,0.000224929926333421,0.000927323357312682,0.00060714839119749,0.00453103198918715,0.00077159712349898,0.00180002407829119,0.0038049686511599
0.0307842426053584,0.00106380068130802,0.742950901371405,0.000850592947998757,0.0173247813690104,0.000911330134143876,0.0142490646433707,0.0282521230139888,0.0114637668670444,0.000994758711229365,0.00351972470005165,0.00718460045010667,0.000501551662167157,0.00123981488275031,0.00665309986739341,0.00622333552976045,0.000905652122995058,0.0111573051633727,0.0074209033851922,0.00059671252631308,0.0169395378647667,0.00218665999541093,0.00891946880270821,0.000558648689432412,0.0419694020733513,0.00209468127494966,0.00106893306549424,0.0243190575685013,0.000446165269434489,0.0015197794227389,0.00270183815540388,0.00302776518284784
0.00240738787873744,0.000408858934243332,0.0040786057394385,0.68385487911598,0.0171122170389428,0.023148052570641,0.0210588711603691,0.0400597247476568,0.00987530494551421,0.0108234533292961,0.00648638187339016,0.0158832431907389,0.000836476023694036,0.00198818190167645,0.000764864962007866,0.00549053368888558,0.00132697731027659,0.00796383545131901,0.00571516347741268,0.00119791958093808,0.027517164384488,0.00737923014685318,0.00256695783642793,0.0140758968809939,0.0209044474840413,0.00561576085935032,0.0111908837330062,0.00590106678606272,0.0230006461434182,0.00711002687003864,0.0111571934731507,0.00309979248101006
0.0044791183386822,0.000633590979787874,0.0231604664300114,0.00203437707877312,0.706461561810554,0.0134007751370736,0.0545990697886186,0.000489367363023443,0.00246235462449543,0.000181347586744998,0.00137691793464065,0.0288199073064104,0.00288181906768888,0.00103666049801011,0.00564068438921181,0.0334751744708023,0.00186126460812909,0.00208373786669708,0.00444283331937262,0.0150979073820213,0.00704310558209818,0.00363411959712317,0.00563037727240439,0.0100789617557955,0.00117996623646259,0.0401492018996572,0.00746773380999605,0.00228010323726609,0.00815018893498143,0.00410087762332728,0.00357455463266381,0.00209187343747536
0.0119447476111224,0.000167097303544661,0.000588765892396794,0.00546840218031245,0.0152463953846946,0.768036066339864,0.0588125436679759,0.0234588768538738,0.0072194908007422,0.000989075026033983,0.00433882920118506,0.000746601261669829,0.00335762175685516,4.02140079972253e-05,0.00383229629469133,0.0285509944374303,4.49781616853548e-05,0.00879011555481012,0.00177948973887819,0.000382013051809368,0.00202404183165952,0.000276192025796963,0.00320285910588456,0.00110398467111408,0.0226224708150827,0.00202160163154856,0.00325636453237146,0.00313612712231206,0.00440472734284275,0.00039765522586684,0.00733226585295401,0.00642709531499349
0.0175493573742023,0.00389540961202529,0.000323105578550307,0.0116767036519518,0.0130766079978038,0.00872096425488296,0.812111849921634,0.00256250526184484,0.0490194988970972,0.00372583908028768,0.00826033171100473,0.0117130985015248,0.00133233737299341,0.000151887948330113,0.00551793676900917,0.0249861570594727,0.00152975917799411,0.00381510297078137,0.00021059244019138,0.00369149958421656,0.00170394308394892,0.000834716439677837,0.000648686649792759,0.00159899651261207,0.00133483411207572,0.00121882937169542,0.00054717183383658,0.000938254263525508,0.000257287458679871,0.00131713530311007,0.00260226291195656,0.00312733689329
0.000412103824058593,0.000950737829828515,0.00458400942087625,0.0394039001233303,0.0424284899000444,0.0188454306023062,0.00773090449805234,0.709799335911894,0.0117997040121362,0.00207359872800644,0.00394721391377469,0.0226220046792362,0.00424604888346061,0.00331495439562225,0.000274163835011151,0.0331560665055418,0.00287655294120095,0.00413996594793565,0.00072806696460692,0.00432183320574647,0.00251112749343769,0.00124014359913608,0.000692225075925276,0.00130040507970118,0.0266051927533984,0.00154319258352054,0.017055237965561,0.0050876432071718,0.0167961016369036,0.00428335186024055,0.000257150640620428,0.00497314198171328
0.0142341770496352,0.0070559094222225,0.000579469172801845,0.00670839049047102,0.0188873785159257,0.021670095198787,0.150819463663446,0.00300522310047191,0.535852554617443,0.00186283135327242,0.0175961934648216,0.0290336094199959,0.000534412897530478,0.00232251517244446,0.00283164517288533,0.0581860272184052,0.00265654441741617,0.00415590491797685,0.00398202807458293,0.000653049133557679,0.00104907240736852,0.00749998396574872,0.0312499810038925,0.0105293595647156,0.0213845422315346,0.00218879558873079,0.0122580120539048,0.000518340562710387,0.0145085727413029,0.00459335041758952,0.00108618822726334,0.0105063787611453
0.00233661715445723,0.00342568700290824,0.00159365123325256,0.00534982437037761,0.0025598753359173,0.000480793550689412,0.0350798645683045,0.0045714983840582,0.0171531449370624,0.744639485310149,0.0137337769449516,0.0265968491937485,0.000392817088266548,0.00497633263892303,0.0100062626972685,0.0423769617819895,0.00596952928837063,0.000594431212326476,0.000749896623699013,0.00475037551200551,0.00281637564401722,0.0027514020809775,0.013418279683972,0.00324261237025738,0.00155171219097689,0.00273344807453398,0.0032482834124196,0.0152372808344956,0.0212893932415875,0.00222334889599202,0.00325155060793609,0.000898638134108161
0.00192993656700238,0.00272858468824375,0.000412591871569658,0.00747598222989471,0.0180174461952688,0.00472140760631177,0.0360666118928904,0.00705393361849341,0.0034597470533705,0.00631389284790792,0.757963146965356,0.0255700458445752,0.000113014423268146,0.00321948677228296,0.00587737671931231,0.0231929637928903,0.0064206616336292,0.000322763868564227,0.00538837858669281,0.00405969046512217,0.00311921858807887,0.000536846282387432,0.0100241519861285,0.00409390112351966,0.00521253328188474,0.00535830271373273,0.00134720629356248,0.0129324320894817,0.0310119466925364,0.000146810092770605,0.00157753963609077,0.00433144757717933
0.000911533517621764,0.000917682027286742,0.000678997157584853,0.00999290934774454,0.0288405969530598,0.00384117542557743,0.0731287395619956,0.00593224558851971,0.0240326148871683,0.00363377557355358,0.00274055984110262,0.702889540668423,0.00117789542548099,0.000257962233250059,0.00774363304706417,0.0809641288431727,0.000256943654331191,0.00151087073468587,0.00202306707567124,0.00221327500735783,0.0102240546932399,0.00218341041782134,0.00331423260169682,0.00563489509444477,0.00326598900072589,0.0111393376130661,0.00245560158638547,0.00223616139958897,0.000398885430258271,0.000663211254056035,0.0043406624436803,0.000455411894384034
0.000150984265793128,0.000723134120651728,0.00120362151505789,0.00126644653593085,0.0213210255740345,0.00645436591354213,0.0734992686578515,0.00254515482338532,0.00894050308760161,0.023640116116528,0.020807740904866,0.0121184355677663,0.723222253197785,0.00140718662836356,0.0171386642363525,0.0399792300581251,1.01623584955236e-05,0.00263599850809872,0.000791060177966453,0.00475227757300625,0.0070572781497751,0.000350913976946802,0.00156884965019808,0.00838356563222026,0.00237089205460195,0.00506548613635952,8.31721971686009e-05,0.00547421528855163,0.00223157574988681,0.00036158394126725,0.00419062037749578,0.00025421702432622
0.00373877307669622,0.0037834476429047,0.00284059666972086,0.0016441077454626,0.0130234110678187,0.0237373522683361,0.0863276869156591,0.000928711007274294,0.0201950839905555,0.00601030825170245,0.00713278786349545,0.0217865538344949,0.00250053933114627,0.50510640629181,0.0139500015852688,0.11951651104245,7.79757683222411e-05,0.000932728314036813,0.00153508421712601,0.00236498309920833,0.0107509714346263,0.0175295319138398,0.0648976332677358,0.0417497821078832,0.00166418312013606,0.00149069479168623,0.000342759970765274,0.00492626237974058,0.00340003562810333,0.0151204976015415,0.00033145809312931,0.00066313970732289
0.00267159497789406,0.000305579280095945,0.0020225902460714,0.0166502122710902,0.0186167253205263,0.0420660142129979,0.118094954119284,0.00216901070425951,0.0240161784697924,0.0134821308454376,0.0233986473136854,0.0699232026856298,0.00912179600457678,0.000194459142534763,0.543056384074312,0.0389112388621678,0.00325029777797274,0.00236463894447244,0.000311419757350998,0.00823317650154038,0.0114827280142207,0.00150359685153838,0.00425667640184483,0.00071131187970443,0.000979157767679517,0.0122794305045622,5.9775390758339e-05,0.0106801460451098,0.00431252293324619,6.90411856621834e-05,0.0110963160773429,0.00370904543663828
0.010754485750234,0.00625661923930372,0.000996001746167779,0.00292609420606021,0.010918564767778,0.0107194291685817,0.0788659676387558,0.00517110148707746,0.0277136920161284,0.0021519382328234,0.00706226301466107,0.007997573118911,5.31219547239189e-05,0.00329036565485283,0.00122915434404779,0.772630110496053,0.00142257152061277,0.00140530061544093,0.00150777681089556,0.00218923955321399,0.000737093870430067,0.00305161514979344,0.0125491040147806,0.00149508955991584,0.000967858840485434,0.00661771116648178,0.0068669310996339,0.000339802141000378,0.00291939764442095,0.00379679893765762,0.000860533036903589,0.00453669320217304
0.00631056417361077,0.00279108230486596,0.00125433971575965,0.00939712436518005,0.0251050387971104,0.00984621743600174,0.0456673580554872,0.0116456517775022,0.00897343948462883,0.00252475953461794,0.00377841408460097,0.00454533584332198,0.00422484639321177,0.00444568842335317,0.00044048724061293,0.00435240964391654,0.784320867295684,0.0119236733707197,0.00191416194011868,0.00598739706805525,0.0022258938379064,0.0201606250222482,0.00918436055407976,0.00123444737093005,0.000510669758040597,0.00607023592515613,0.000453826598405295,0.00180451039831058,0.000371964815314923,0.000870280462986122,0.00674708786305191,0.000917240445210086
0.00133839919035757,5.98827623923309e-05,0.000504610403148371,0.00741028140265452,0.0269821205094028,0.00323240228390223,0.00217211472021769,0.000422782913243597,0.00741215684236853,0.00342479104261368,0.00027205629608065,0.000652767943774831,0.000969457477562431,0.000227785150430005,0.00404305384498719,0.0181579391782503,0.0145166807647142,0.797520250110752,0.0116628132723607,0.00365311223283788,0.0243495625130183,0.00288462080803022,0.00556787062257925,0.0315002332103698,0.0010612805053299,0.0200134079224075,0.0003321914593893,0.00228279913640481,5.23571599816549e-05,0.000632190413616546,0.00188292609463058,0.00480510181219124
0.00173520202463529,0.000770145487219409,0.000162121350978143,0.00505016880522887,0.00276213809338489,0.00152406778365646,0.00720320859258436,0.00716993685298865,0.00182361417363772,0.00549137438711725,0.0066033915987118,0.00441879217483198,0.00172765541424561,0.00366822761525575,0.00309339636530847,0.00431997672796341,0.00348061380458169,0.00522301458137249,0.889231640198998,0.0131960918445842,0.00198112707668927,0.00680324568823192,0.000937088910983404,0.00807650538731472,0.00208965506139849,0.002106721339419,0.00141991885337955,0.0012748494983039,0.000887236943383081,0.00515463613522875,0.000457436947074684,0.000156800281308792
0.0011159357416566,0.00302559980938774,0.000829097209342939,0.0124457554055691,0.0284793006168115,0.00234031726631556,0.0199319858887924,0.0214196069191257,0.0263213240878082,0.000421919646168166,0.020994328346073,0.0330709359771166,0.00142893684596266,0.000300792722084647,0.00162463794256291,0.00555160549987643,0.000948146848122188,0.000163161973640912,0.0169249516802363,0.689958943163121,0.0199654715971209,0.00249052195631232,0.0109320427093407,0.00208679955701132,0.0107349767636184,0.0269838986587172,0.00131854295285345,0.000188634290535586,0.0196553082548411,0.00942740766293368,0.00635172012205514,0.00256739188488603
0.00661171693290325,0.000626008188168861,0.00234084136679115,0.00670387995310301,0.0116764057425965,0.00193469996273728,0.0116461929418692,0.00515560771337336,0.00472989848753872,0.00362493696065541,0.00477073887900744,0.0317163209370063,0.000788379683750782,3.65291190573529e-05,0.00832936026975385,0.00506008313153051,0.00142962034173718,0.00258166862003724,0.00241400286336476,0.00167901822187642,0.807856811823411,0.00643201773914277,0.0140841108525985,0.00368182175318623,0.00146233022401601,0.0283088417891165,0.00213926434546887,0.000758318252094745,0.00354305958058809,0.00259267091894147,0.000908820814311839,0.014376021590265
0.00262796958170558,0.00415842339947979,0.000155466964353538,0.0174448081818228,0.0119333116862032,0.0131893998576806,0.0254673115127589,0.00872216829331814,0.0953683593204868,0.00558713832855632,0.0012155253022354,0.000118710579746812,0.00135628435086171,0.00134666930391263,0.000228239063662417,0.0851812502030953,0.00851155843979351,0.00419298366523374,0.0139250957699464,0.00612689977644914,0.00221864619197782,0.622704307472736,0.0214683294298268,0.00068868136344232,2.41560257638541e-05,0.0223916003808491,0.00737486206914713,0.00108005764464047,0.00033567231770147,0.00407784860128787,0.00576089615190013,0.00501736876942379
0.0094613705241165,0.00590606209586928,0.00115889527991566,0.0271298361596867,0.0189471682567029,0.03481609638571,0.0587302022586158,0.0131645349297937,0.0303867180935697,0.00245885892594816,0.00152314354334386,0.00539206907906039,0.000506578273847219,0.00115228796134207,0.00129909728022304,0.0577986726887663,0.00952883225084537,0.000558910521916299,0.0133846406052879,0.000959462354390774,0.00990827385255193,0.00326751445037736,0.674800060697204,0.00867775111586306,0.00234886991089127,0.00108718341048478,0.000951725377238535,0.00108624558928653,0.00126645407624274,0.000465269598996331,0.00149907062519848,0.000378143826713045
0.000417979342364473,0.00203655146424308,0.000122221999346831,0.00515139427846952,0.0164247259148062,0.00040380975399977,0.0140583118985162,0.00208989387282172,0.00792104515729168,0.00155671830343748,0.00506091210884387,0.02017576803181,0.00120206097281142,0.00157994444039179,0.00749117829180348,0.00753717920959737,0.000974861497428646,0.00336098006813144,0.00744445271429611,0.0232113589269838,0.0339086046261739,0.00571148003922985,0.006356644413783,0.771816957378275,0.00784548680391552,0.0228249701583552,0.00103717776736204,0.00103939784909765,0.0174661867433575,0.00243194837606575,0.00112832236235747,0.000211475234632355
0.0187818807020487,0.029711309066328,0.000533212165759247,0.0030733887823327,0.0134972412790718,0.0311361022185707,0.0848653371836085,0.000455048444595067,0.0569270482055457,0.00142850406670729,0.00146716129067725,0.00365654009293079,0.000604206970194581,0.000989925682254221,0.00209080142241815,0.0292085228083515,8.59723745331745e-05,0.0093906562710252,0.00293833047889431,0.0018237910475143,0.00275192289535991,0.00645939416411847,0.0353169777817152,0.00450267459886045,0.62873329746938,0.00604873972742106,0.00107478639553387,0.00143572611794242,0.00207850109669282,0.000922032454654649,0.0104834694726364,0.00752749727232387
0.00784765737783129,0.000757869898325422,0.000868334590301922,0.00881830538634975,0.00259159358721948,0.00143867573820125,0.00631079918885275,0.00841030708360338,0.00631985455941353,0.00427289036067507,0.00386259408698846,0.00162952515932069,0.000690314429480163,0.000691650572728737,0.00238178876577256,0.0262705472164894,0.00427947811796352,0.00489268437579064,0.00484826113744293,0.0473083281299841,0.020462361642251,3.81853634823903e-05,0.000679273500116411,0.00308045962875486,0.000949874710591102,0.806815933017299,0.00128015407734773,0.00943727410047887,0.00716358500101995,0.00339450302315132,0.00189466548245045,0.000312270690322075
0.0047606392424632,0.000137416006628495,0.00195603110284651,0.000232054848120327,0.000213592225739944,4.23877337989428e-06,0.00822003532468834,3.07352278610198e-05,0.00814178521229373,0.00393648747655926,0.00126294109903528,0.00355015076185506,0.00164679790954245,0.00228358621511806,0.00338251537265331,0.00460154689697345,0.000335415589593015,0.000988720751630477,0.000649456950967217,0.0088573561825753,0.0496178441755072,0.0150562909772374,0.0173010399510507,0.0212782549719173,0.00913487611048817,0.0165843692109702,0.797979587450301,0.00572556596207156,0.0110113416207757,0.000774342994819243,0.000123947305310812,0.000221036099026567
0.00214400156073602,0.0015674384568335,0.000116749255253735,0.0168133473047567,0.0235343206353292,0.000599191179752779,0.0298160790006144,0.0139651870140206,0.011295272763025,0.00744873228022144,0.00885963760000859,0.0117796756069385,0.000659161005024969,0.00416492383694667,0.00878614895771432,0.0593751764576973,0.00180856902677709,0.000144016506234207,0.00090169989896832,0.0107845513898219,0.00214674416451926,0.000407679113227581,0.00376174239661423,0.0126653240488571,0.00389965653904721,0.0137122171778973,0.00180063294209308,0.726858717838596,0.0170500354633813,8.6074016400485e-05,0.000993646301122703,0.00205365026156822
0.00169832111078596,0.00376703705985592,0.00061889352589232,0.000527998121064616,0.0152241732305514,0.00303962286561947,0.0402006943766288,0.00194119910741232,0.0187674398419447,0.00230982508190966,0.0039686682225015,0.0195940439577543,4.18371618900017e-05,0.00123791549743359,0.00106774604128483,0.0680643198648761,0.000824842098037073,0.00472073747360957,0.00172167383942236,0.000232081533514029,0.0126503246136665,0.000154987321278632,0.0023070889324432,0.0111170229612987,0.00824641242870675,9.05354864265331e-05,0.0172999579251123,0.0159335979116871,0.738104911683078,0.000398244823076191,0.00193491392782787,0.00219293197340961
0.00144190639203849,0.00426922148066204,0.00195022197415956,0.00283572915889333,0.00092794423648277,0.0106659176715825,0.0238375910014331,0.000656420937919685,0.00378831901352219,0.000158197115364262,0.00280797400136784,0.00498807583909559,0.00258863390737817,0.0049883769767234,0.00289870109301668,0.00294102129338184,0.000974847535769211,0.00334623475108932,0.0304011251469059,0.0234622632819232,0.0162506950738212,0.0170302953257696,0.0255224873305919,0.00345910209200297,0.00736416827669583,0.0154727375933916,0.00203075062803989,0.000830212031925161,0.00206300599678959,0.768964429375106,0.0101562279172485,0.000927165549909119
0.00193321876381427,0.000122553764941563,0.000938603298031055,0.000877158795568714,0.0104282025827561,0.0163090290099336,0.0496621844133671,9.28534915672017e-05,0.00510123941869375,0.000255501089234113,0.00164840250041607,0.00613303812974238,0.000945046228565177,0.0033635989344841,0.00299477112122576,0.0066071816880595,0.000270149713308838,3.49559418140375e-05,0.00310915445926994,0.0211464852541333,0.00237678052289192,0.000999522912138516,0.00162779224930548,0.00248668188323588,0.0151053020432647,0.00893721586224697,0.0198186949890084,0.00912217421868697,0.0414532743212822,0.00520556515105268,0.754219591401281,0.00667407584667937
0.0184560168893872,0.0143877602417045,0.00115266151989769,0.00550297357138762,0.0165973803331621,0.00820501705521228,0.00772843484862527,0.00262818361411903,0.0694314766412354,0.00899032160505334,0.0121930550674395,0.00723919699091906,0.00171008651494603,0.000203733200554989,0.00426033649262438,0.103076857637212,0.000486285454891865,0.010799156898116,0.000372704290143967,0.00254192191403932,0.00904447633285332,0.000745291950453278,0.0100121046432864,0.00613355583607836,0.0268949540700603,0.00754814905196162,0.00241088639334214,0.000558928389545951,0.00630216712840875,0.00161227592567074,0.00798588303429373,0.624787766463374
