0.411106681816189,0.0039416877046256,0.00138307670731767,0.102373809847134,0.0115654880300305,0.00184012696105195,0.0219618002317439,0.0777074132876752,0.02437239711637,0.0130069409752502,0.00141862511379306,0.0719625263760819,0.00377822193681142,0.00202105079144137,0.00382709358188281,0.0703920975576963,0.00799077452485929,0.00729192436214333,5.87645154529324e-05,0.00883343432901851,0.0117642600022201,6.05504929709354e-05,0.00656131036768359,0.0300248408139145,0.00580007495991028,0.0149928858969854,0.0016087125315422,0.0563972140985691,0.00796879930474255,0.0121460026950963,0.00409353551873528,0.00174787755106102
0.0151188454994498,0.517702275554359,0.00356785800457451,0.0439548415887309,0.0106264716948058,0.00309847838119548,0.0207781810424384,0.024042822548973,0.0135794280646654,0.0194996150289685,0.010052353413621,0.0848965386496993,0.00155182769390117,0.000590964921363423,0.00198917176877205,0.0365197154863459,0.00848541911337506,0.00046328719414526,0.00107246905390451,0.00106870472234471,0.0151140577477842,0.00127134290187197,0.00307088094874947,0.0307520970389856,0.00121551001253438,0.036809731509614,0.00120464873103927,0.0639102906848033,0.00660556989381091,0.00800486868778865,0.00547308397627059,0.00790864844111363
0.00447930128026756,0.000101114980314628,0.552760449677213,0.0300961535546023,0.000226399917637344,0.00103123820307641,0.0032610659126311,0.0081090570520203,0.0321517943824528,0.0369671559152995,0.00425584232311312,0.0923486929730382,0.00429540539243161,0.00172812208873282,0.00248971640713921,0.0162491652650318,0.00177895437928913,3.10956221477542e-05,0.00102796835093637,0.0145071286249834,0.00559267492722642,0.00254431734342806,0.00198978699380837,0.0262124980650536,0.00143088340243087,0.0017655550334351,0.00627745594992051,0.120865807086107,0.0183607114969541,0.000154164888862937,0.00150064901834516,0.00540967349206995
0.000402238117292806,0.000443749538715022,0.00136678004858602,0.542611328598872,0.00339328748478453,0.00361968366051873,0.00100351459488103,0.0197226114496714,0.00279152768668923,0.138249271953594,0.0382874650482701,0.0849242280154672,0.0045652870856682,0.000135280009377239,0.00288597396459467,0.00286146781631472,0.000424727191076614,9.00646409744754e-05,2.1125151359213e-05,0.0403502746288723,0.00158813987364894,0.00371227150785827,0.00129644467429488,0.0448918395493706,0.000155663896358001,0.000853069882509823,0.00172030264147658,0.0558344628522177,0.000574271729929587,0.000384695596854759,0.000174192494038258,0.000664758615863082
0.00063155808454878,9.32924823196776e-05,0.00178006397989412,0.0308263031888487,0.263509016409044,0.0185261105035492,0.0270638819956978,0.0685768074972732,0.0395458454506105,0.0085095857423983,0.00591909171227569,0.0388729998187018,0.000395731752625154,2.98382723253967e-05,0.000745483631129309,0.0209719104481774,0.000640483813745188,0.00217687828499561,0.00036400933670233,0.206883120297518,0.0122084744638879,0.000490374766342085,0.0172120600353826,0.187530636342197,0.00319560526656176,0.0113061487228278,0.00197357945051726,0.0247253534303892,0.00129189416891094,0.00197511098729184,0.000801570437461613,0.00122717922584952
0.000379438968765397,0.00164363739145324,0.00177026777746353,0.10721074479293,0.00792449852591782,0.396508284232398,0.0060038758975918,0.0943361917947315,0.000576155350247235,0.0481152596031981,0.010953519798339,0.126356364953847,0.00291432009983976,0.000571900269586073,0.000531797398671699,0.00337798043359902,0.000635832868492687,0.00110091016025072,7.18534063558878e-05,0.0363417355158495,0.000757547072157628,0.000161723695403928,0.000328910596818621,0.0176309864820054,0.00434538002499966,0.0144776217705791,0.00084743775382305,0.0973218595084085,0.0106239995091592,0.000488372855642046,0.00332919301323282,0.00236239847824135
0.0029829997231774,0.00183782569397306,0.000195021249816249,0.264690893455941,0.00116893520495319,0.0379402531486667,0.111467002158845,0.309638024997258,0.0105383525208057,0.0270007612444382,0.00842120141635198,0.0646055622910013,0.00318372920640064,0.00117104659538013,0.00349135960005331,0.0351756865257752,0.000217255977649219,0.000374584705059022,0.000292339440240005,0.024079151496334,0.000355626830386777,0.000190652647253442,0.00750014452447118,0.00401214480651254,0.00805003204914804,0.0255237843762935,0.00180090389371607,0.0318462250492749,0.00370712552416587,0.000492628053607647,0.00201213431321785,0.00603661127983335
0.00348434270767356,0.0021400071300879,0.00080506040641352,0.123761795882922,0.000444798729228778,0.011096555277585,0.00911019961394114,0.21180457688471,0.0213623717486985,0.194664100820398,0.0478047558605939,0.170567271937964,0.00147348815879092,0.000399882786642103,0.000345472839099545,0.0182767812987551,0.000871761220764747,8.0508247742996e-05,1.99444159592153e-05,0.0334511944718122,0.00374470669546789,0.00282722126950119,0.00247227586514658,0.0271677371142718,0.000530786592725135,0.00127938612804426,0.00205996374685797,0.0985391604092802,0.00270349108438023,0.000483769705850565,7.53256555976247e-05,0.00615130529309378
0.00187161122013265,0.00334479285070346,0.00287631357389267,0.00556407793749463,0.00849664757985543,0.00159000258623141,0.0704681830659875,0.0107213548574303,0.555728902922158,0.0291010002688444,0.0162790487503856,0.0366408871589756,0.000169741566548425,0.000943680101428086,0.00286400142559139,0.0555335364653997,0.00262433721140186,0.00674111008341748,0.000200663843931055,0.0180028067419746,0.0123179228184958,0.013854506486694,0.00176432523809569,0.0546643603888407,0.0113079843136234,0.0197540376274682,3.55472166135055e-05,0.0310022955854414,0.00119437098565386,0.0046090124323129,0.00295648141495916,0.0167764552800173
0.00137638667232563,0.00204131891307669,0.00504936856889353,0.179753506411436,0.0223554234810042,0.00240849307035029,0.011645016653639,0.0536235363881608,0.0204972206653585,0.0798684644473183,0.1255572518772,0.170046068527191,0.0463171566388629,0.000431882015037732,0.0184607314187983,0.0233630132050217,0.00547766929100694,0.000873891275286712,9.2635053473492e-05,0.0426283630037784,0.00520364790654372,0.0157409542417269,0.0197033488624162,0.0561872407568547,0.00273187954045499,0.000808541404793085,0.00598525350828868,0.0786871992143048,0.000154331569621759,0.000386042513670693,0.00190253943713085,0.000641623466973254
0.000540190606313282,0.00121008969900202,0.00190899993634035,0.0151809815910693,0.00837566114273387,5.02411414314279e-05,0.0124812298420191,0.00981789220391754,0.0530055303177692,0.0298022157763746,0.618397652167756,0.0551654014918527,0.0327449883545319,0.00054050164424666,0.00685565091760955,0.0629476090339213,0.00388238698603788,0.00251012303213071,0.00011939678964003,0.0219558822455964,0.00429002083479682,0.00305361867071562,0.021572345683056,0.0166016186525566,0.000689722756791649,0.00225974309531063,0.000545453082740562,0.00984608174893598,0.000682805002990233,0.00131125748093091,0.00107290552296534,0.000581802547916488
0.00131102433278447,0.000198800498338555,0.000144805787526786,0.183624543850071,0.0025478730569823,0.0162428442343211,0.0582258935487735,0.197801305430794,0.0342180440879921,0.0585746422441595,0.00547835647431372,0.222546012079009,0.00666291746051295,0.0019079321458423,0.00133664941400643,0.0422766193407234,6.31618256461181e-05,0.00627153596793688,0.000223760912460434,0.0151334365482782,0.000558627122862105,0.00332270012208594,0.0148138217526242,0.0113687203103979,0.00195532067805596,0.0131907452838531,0.00893228686811576,0.0545534585701506,0.0242289132027813,0.000702142688175006,0.00957003347459341,0.0020130706858309
0.000204026530699639,0.000190925345517826,0.000402456224755783,0.101847223029509,0.00649336231674433,0.00219052268378186,0.00148521990062632,0.0237335005049367,0.00772627344535217,0.0768744115334689,0.0270535622749913,0.0793225122233231,0.29467471988339,0.000426611231844691,0.01107887378978,0.000574334077009135,0.00135023201535206,0.000725733919826946,1.95470683863911e-05,0.12359664073128,0.00374521265311844,0.00126683324837555,0.00261159102480832,0.135904398740656,0.00366240118631298,0.010061112097784,0.00743929796450898,0.0633727006058767,0.00557446831044957,0.000873615686196399,0.00153598887329043,0.00398169087804705
0.0100941021536444,0.00129522586014886,0.000717221788986964,0.00708957840009419,0.0114117425698789,0.00296689192242211,0.0105634753718701,0.014754723313412,0.0619245965620747,0.00295507626217852,0.00400384688676183,0.0232333460420121,0.0307318850785665,0.561242813209156,0.0369821063076331,0.0484082941860948,0.0120183358609793,0.00970130836792586,0.000361056708356679,0.0253428869718263,0.0199862197077745,0.00246591443918659,0.0143059664672027,0.0223216737856175,0.0178854843066509,0.0172449730881346,0.00229833002641459,0.00258760284438716,0.0123711422187675,0.00169966184534626,0.0093543352224939,0.00168018222400128
0.000638208916017164,0.000892717697624387,0.00235816830915853,0.00574571426036066,0.00769500385976099,0.00997900066080447,0.0193251424504973,0.00695743327283011,0.0255693048860833,0.0046329543974208,0.00100267063944874,0.00214289756276014,0.00619922476909504,0.00649380929345152,0.54808474361562,0.00938093522512055,0.000447188029675228,0.00178548565290345,0.000862986852782299,0.134870519405952,0.00322830915699917,0.00185370513254369,0.0143036687283636,0.136344612866486,0.00502885390730749,0.0172212637371467,0.0109910522934965,0.000331022955179133,0.00529426225948258,0.00222831816285182,0.00676672861949813,0.00134409242327849
0.000286387021648713,0.000334430602102612,0.000962062504977279,0.0763239675877286,0.00397349823109428,0.00629422921905049,0.0623445283426518,0.0883553276223962,0.0335931009574533,0.000369634139099192,0.00371958893795821,0.0449293629462038,0.00430356036539076,0.000801255333945101,0.00015125692141891,0.555020323906927,0.000949393930779135,0.000738887288720198,0.000114650900800337,0.0202025492981809,0.00127341745279219,0.00330814760321326,0.00872080340589456,0.0473933516058762,0.000837301548394933,0.00708241833615777,0.00143586048509833,0.0152441932236673,0.00402203080612684,0.00247504259863411,0.000502736366551112,0.00393670050906634
0.00766844528372959,0.000912076798834083,0.000104661879496218,0.0780360569818284,0.0373631749192603,0.000823535931961095,0.0166727955924229,0.0185156971766195,0.0130979776539207,0.0373801778658133,0.00344115343043429,0.0348728090087851,0.00565638146214945,0.0041855085927839,0.00490800236129465,0.0663071053813482,0.515827255345229,0.0110787035945692,0.000953265928424287,0.0194701148056769,0.00875283721991579,0.00565121625209267,0.00372477050638365,0.0238911935736364,0.010632299147492,0.00619329842796974,0.00302721704399691,0.0459461084493175,0.00318137215015578,0.00287433481286101,0.000981085627838089,0.00786936679375952
0.00627848185971206,0.00101782767966656,0.000550371283015623,0.023581634694559,0.00302018561344402,0.00167443162410672,0.0127350599672764,0.0318213226740728,0.0131186859017412,0.00763211162602527,0.00919458383954137,0.00730428038864935,0.00384365331620028,7.40236173926447e-05,0.00217365259464461,0.00371124183312829,0.004801573652049,0.478098933011912,0.000649750191278847,0.207471409554196,0.00252944319942404,0.0039892980142913,0.00986618295802679,0.10877858514548,0.00726389681562139,0.0269168543333899,0.00573149695245535,0.00698315017000761,0.00225924639817748,0.00174666202013909,0.00136091279521224,0.00382105627516318
0.00161055455268058,0.00126407448484993,0.000500303989371096,0.0281055480470314,0.0399152682353001,0.00249787067224547,0.0166485536953747,0.00134379863294046,0.0049408823467874,0.0220162540011276,0.00210285105375007,0.0153539800745355,0.00633512092505288,0.000850367928360087,0.00137808236408971,0.0210707239732586,0.00339423951222962,7.63033605100055e-05,0.478311125231727,0.0894363552913129,0.0361119822656751,0.00288536085362243,0.0186575102793542,0.111126897832676,0.0226522481853516,0.00189690263749391,0.00490730694170023,0.0527456186326271,0.000458769112014482,0.00139985537203982,0.00920487582048707,0.000800413694423397
0.00823885296274845,0.0200844035941998,0.00165809029307208,0.0248918420857507,0.120545098338467,0.000581715149803493,0.12630771925128,0.0101050086243671,0.018956763231466,0.006554039898498,0.000203961654932579,0.00674741065066779,0.0104317171989642,0.000515608125210686,0.000601392771532959,0.0719094465195304,0.00607929538857734,0.00493627347333841,0.00254669242718292,0.371184412188025,0.0134288578307149,0.00858946077493839,0.00285187103071888,0.030949905251232,0.055778408518514,0.0213471912402337,0.0104986266421832,0.0355728567628768,0.00489981690378511,1.01178935418543e-05,7.60058695363375e-05,0.00291713745411042
0.0108802701817552,0.00771307986882296,0.00146725743205232,0.0285625412332109,0.0162769983058991,0.00278210822293768,0.0169706421715221,0.0108386643290292,0.0226762190553967,0.0303015069283089,0.00573975350823588,0.0372195127182066,0.0107497881063422,0.00218872632055221,0.000229085724694339,0.00274398910685481,0.00355930395494266,0.003110468573447,0.00286745963559695,0.00704252938216302,0.60325336145979,0.0112934978168341,0.0104403274424506,0.0104633866673736,0.00968759865265259,0.00350077730546616,0.00393287466287734,0.118873131879076,0.00142638392229606,0.000484731712430571,3.50586436771622e-05,0.00268896507510505
0.0086168386566768,0.000690483335885722,5.09517122692267e-06,0.154263836353688,0.0092202324872378,0.00799478608169126,0.0142747254887025,0.119468424592291,0.0143022849522089,0.0392431394831922,0.00497342564778346,0.0901699230560315,0.0106477966183858,0.000582114637825081,0.00154536395466037,0.00449933696601295,0.00118149950178927,0.00272830922106467,0.00270587030506755,0.0211574565084982,0.00646479830400048,0.34063452767055,0.0184612649772671,0.0136342098428325,0.0364815704312546,0.00280667574294024,0.0037442250095104,0.0444759259157305,0.00908744122712118,0.00010408670947247,0.000542225330728631,0.0152921058186716
0.0129148820789729,0.00758137319321386,9.28479936732221e-05,0.208215091184443,0.00103923072432519,0.0116410726345977,0.0219018681856146,0.15733308255248,0.0113146066854869,0.04257741217592,0.00514706670087643,0.0926805010203492,0.00499335700563491,5.00521360979843e-05,0.00107951225959733,0.00772835925404469,0.00178006726285908,0.000237556203127208,0.000813953940914618,0.0439405741513893,0.00183066254013009,0.0148399515135737,0.230624354341763,0.0257930221617546,0.00823597232171464,0.00992728684438361,0.00599473616533944,0.0466926388793513,0.014091411206231,5.67734478246709e-05,0.000963193909403555,0.00788752932491157
0.00364095155706241,0.00957584433549972,0.00092499160106161,0.012585644298373,0.0636966817436558,0.00022909058556633,0.0528305108733561,0.0112473787015756,0.0237934632739739,0.00409948636301893,0.000483204828489555,0.0178152974699624,0.00734589507293761,3.58349347215315e-05,0.000170726688283345,0.0264940540935882,0.00299162850119139,0.0033104120698859,0.00259777494579714,0.0566640909014131,0.00812582305412014,0.00351727303628741,0.00227723845791001,0.604194799997759,0.0327569326279377,0.00360790245762961,0.00402440416022356,0.0347856991877182,0.00519570905228849,0.000140975866487215,0.000435359828376968,0.00040491943384815
0.00308875502321461,0.0012437385658301,0.00063862920665779,0.0572996716911568,0.00865393678077831,0.00303039163890523,0.0597901281655175,0.0563903859738268,0.018986671184978,0.00213633393517919,1.36384536822303e-05,0.0545187311111074,0.00157163813863838,0.00099003120091539,0.000174301841834208,0.0113426193370299,0.000291051656327813,0.00581310263930049,0.000144306820584623,0.201694580150859,0.00114694366343776,0.00343994370982416,0.0110605922926823,0.10357046793344,0.327087770099354,0.0279971219081983,0.00623118976036152,0.0207560812230518,0.00946679251852982,0.000338824346364019,5.35908864532672e-05,0.00103803814197977
0.00186955452538685,0.00140493155055073,0.00242771369248008,0.00798293211033426,0.0386317968066893,0.0061106011631507,0.00580958895378691,0.0146180068003071,0.0785232115360701,0.0181327547650875,0.0168088547877919,0.0413032687953184,0.00863250512908068,0.000458184126980082,0.00380381780994033,0.0710001067741203,0.0045994514674788,0.00472348554503436,0.000607680633794415,0.0398390752966389,0.00379627830428359,0.0197763020170132,0.0607064726338973,0.0151813467983172,0.0120155490243555,0.462372474199757,0.0273980895032952,0.0147400267813618,0.00778866276282096,0.000373709032566845,0.00838763203546993,0.000175934636839763
0.000649586415242738,0.00223841908162864,0.000581304624249283,0.00856608567548079,0.034720948606426,0.0017678933936589,0.0228473941604961,0.00589353115545606,0.00967996907533915,0.00985348129240863,0.00460778127079558,0.103739086061937,0.000667051483597706,5.8733970063607e-05,0.000913704434042433,0.0263938129446476,0.000348710858427397,0.0166358322037154,0.00127991810283448,0.0364054543799641,0.0146912724473181,0.0108746432383936,0.0277414472797274,0.0309752212061568,0.0274700304960188,0.0293121766758761,0.427539361215711,0.0773588698564176,0.0214896118108815,0.00405805210949598,0.0369988663990883,0.00364174807450347
0.00093685186637935,0.000126900469169328,6.2138982527418e-05,0.119811745543007,0.00270739848154238,0.00661636321438772,0.0294882295791187,0.103265825213283,0.0328319256721668,0.0352894401345206,0.00479840323236694,0.0701565277634477,0.00281272338934719,0.000654012047701615,0.000706728758358409,0.034458509117812,1.88853073005626e-05,0.00380143012268204,8.19262912780063e-05,0.0248972088903065,0.0011952901067222,0.00192426943759367,0.0118571912044856,0.0270643225194356,0.00197991809628999,0.000363035859874094,0.000683761188326754,0.465354742216911,0.0130317148825041,0.00010112868337903,0.00279247018304304,0.000128981544732334
0.00289015704441228,0.00113770458572294,0.002151697031042,0.0085208568731275,0.00222983724899855,0.00207071580393629,0.000315208019103881,0.00322476447535918,0.00131342560506426,0.00264337755195571,0.00172006471148994,0.0869996733667793,0.000130123042647341,5.65130301260284e-06,0.000856494159783772,0.0024199283229619,0.00220605640595207,0.00206197584879939,0.000102252789042568,0.061360271839503,0.00255377438794809,0.000155191787401854,0.00320637776621568,0.0912662604183773,0.00281008059237483,0.0334933302417286,0.0381178956837696,0.127426924723587,0.476176404033714,0.00659450835164787,0.0250084009169378,0.00883061506760201
0.00357659792141004,0.000894977859317229,5.20848591585064e-05,0.0124995551809126,2.9929723556694e-05,0.0130672390150994,0.00382719344888324,0.0296129472118959,0.0113452717856008,0.0108686896747529,0.00225090089499062,0.112896948277481,0.00246045108715446,0.000333934113082519,0.00173766808431038,0.00515562481094893,0.000525335160527903,0.00112996582869828,0.00124578332124685,0.107120661785999,0.00141909642733427,0.000354785372772966,0.0103293736956291,0.0574606511595706,0.000914171513187151,0.00283427444301831,0.000244418769545895,0.093151302827255,0.0107688037555625,0.493873264176931,0.00641353286869888,0.00160456494546791
0.00152897902171514,0.00123607175470962,0.00119689060443717,0.0183967852773361,0.0128235316670206,0.0139915008141669,0.0324751232475706,0.0274199565688736,0.0639508057323662,0.00874320522694586,0.00619342144624981,0.0110113479046479,0.00470313699105597,0.000121704756706847,0.00328915928098792,0.00235563211332373,0.000594327349234496,0.00105802226261889,0.00505727787226796,0.00899011695975366,0.0251125587387966,0.00901579550116682,0.0150436007820067,0.0105645100130221,0.0225493435421481,0.0820939113021935,0.00178162337064251,0.0244012254936529,0.00424180735863639,0.0104446555955759,0.567182100124081,0.0024318713260883
0.00249016242008516,0.00270199775041949,7.76984327389969e-05,0.0911162078363012,0.0012925285945804,0.00117800350464904,0.0111384458824947,0.0452749162669888,0.053709722952894,0.0211541839033775,0.000909245987474557,0.0861786225963505,0.0128051423382543,0.000123213164363941,0.000371448602522464,0.0148371306050827,0.00323269658477856,0.000391704993070197,0.000620060134870708,0.10158342068944,0.004573227536091,0.00540998793731809,0.030162545907536,0.0530394227575838,0.0227243455064474,0.014604410452173,0.000742191954931099,0.0458298816506518,0.0103086305094369,0.000143502284447206,0.000778994985254066,0.360496305277392
