0.524379848466241,0.002639240548031963,0.0024781262567264107,0.036281844641769805,0.012580091524838254,0.0053683189730025,0.008718641361139876,0.03312129458945725,0.025666629483788363,0.008831592224684444,0.007173616763365955,0.02844598029448917,0.005443516033651269,0.0014568285369997325,0.0029220331096010826,0.03326262131826602,0.010048792085429347,0.0034602170062902667,0.0003818538446933707,0.0703609036730494,0.008082696074982111,0.006881821726639381,0.025326893674599022,0.0488320507816029,0.010411478694173667,0.020777176449832232,0.010255372117007434,0.027548886400168983,0.0044766066375694115,0.0032240189821973785,0.0045186629727085445,0.0066423447530026
0.007853168224191522,0.5069143525535291,0.004177343389801934,0.07592890143675016,0.02422689103662127,0.03171518422725685,0.018375525642302947,0.0737670037256632,0.018645800714444508,0.025122910949280933,0.0077262560860577095,0.022841752678952047,0.003378750946064579,0.001003700417206511,0.0024995059764277142,0.026314547718125365,0.0032271431003774447,0.002347183369867133,0.0009000767316345111,0.017394912365364803,0.013287528397751344,0.006122109064590955,0.023285594662794267,0.016776541857248178,0.003556233760008111,0.015289715407608635,0.007434430083232923,0.020156008379931072,0.0028175138389052775,0.002380589568931343,0.005353449198650512,0.009179374490426256
0.005265723625465023,0.0061850250661714115,0.5434569512427954,0.022764421304645913,0.019442184128628356,0.014467119678381681,0.007693230908170266,0.02607356613332644,0.03206577263156761,0.016834170303212225,0.010627007243946836,0.02029764142127944,0.0034353610993460666,0.0009689333217552422,0.0032282259917035,0.019888211861179735,0.0015420121917946554,0.003009023420469328,0.0022131604281298554,0.06388561743068197,0.012221580260646231,0.015058648252066225,0.036302894015387346,0.05981287779219232,0.005683785832368843,0.0059255696520654115,0.0033734047351427067,0.022387973905170434,0.0032795103433371116,0.0024870926914430445,0.001930778469570904,0.008192524617957254
0.0007394194459196393,0.0011078629992330835,0.0022216176133294683,0.6730577856684009,0.011369435515177858,0.013259129575990822,0.004335262987078722,0.057984759161943615,0.008881836858925733,0.03807893397882594,0.016422413788265047,0.031194822218625302,0.011440569895560679,0.0011959565191964224,0.004488320575214667,0.00918838766379828,0.0008499865100765278,0.0030170560964223863,0.0003188277618658232,0.014347989280515946,0.01403872895624158,0.0052961864543877545,0.010683474783457967,0.015649035115625366,0.006324104018697512,0.005313326639198444,0.009762664801967023,0.021904599131421284,0.0014441707261084874,0.001323296489423723,0.002639747190684678,0.0021202915784181552
0.0016249874078452112,0.008300554880688165,0.0018024006958597867,0.053857758319254406,0.37030744297457624,0.025298444400309168,0.04386226035160416,0.07699650594453109,0.0160594180773241,0.018294864057469797,0.010364191592430145,0.014740378314389112,0.0027349621723591552,0.0019471482867814886,0.004803475510401233,0.05963906722707603,0.0017329817014694777,0.0025615767091571617,0.00110170177664452,0.09685092132347135,0.01280673595761688,0.005053452214391545,0.03165930365984282,0.08577938687985986,0.009803066788263478,0.014722319157211465,0.006034520006260434,0.011048903115199009,0.0018187187694135333,0.002161776127435433,0.0029462882894279226,0.003284487311434641
0.0012562267812438026,0.0035549863149826333,0.002853249022791411,0.02528834991940633,0.0266987810466617,0.6702488989410471,0.011262660925709732,0.0422278221800154,0.005753950347724666,0.013043762097317132,0.0063415187863584445,0.01959501643675741,0.007225106517727808,0.000962659879722511,0.0019207234084900777,0.00928654994603321,0.0023439407049718223,0.0012596989947139777,0.0009632820727211432,0.03877266370325338,0.011209276844766298,0.005119178170770056,0.005693415829832255,0.0247004288496163,0.011944580026803509,0.011161156229562468,0.0029712187979883667,0.01942530543808143,0.0038240462634359113,0.001973986750797276,0.004726574927489445,0.006390983843205767
0.004026489534172611,0.00939738323931231,0.0013394435293459439,0.0879560319821256,0.03335996575857715,0.02398066974160391,0.45138017400703057,0.10048500243302017,0.006642672498625266,0.021471443778718433,0.007640332619401133,0.014344748485419244,0.004165318035481211,0.0024313514001623776,0.0047273208257894,0.02132088279530703,0.0012981403884067776,0.001549008919080111,0.0009821031766337148,0.04023793500524692,0.01588990328941157,0.004992536290405522,0.03218533155335276,0.03980636817106021,0.020127404346805863,0.011687572683223957,0.006543089297896178,0.011586620962255122,0.0023376312938150874,0.0033602116891169073,0.003022581110321312,0.009724331158874612
0.0017112880845809,0.002137574334196167,0.0016200133901233,0.0850752775020383,0.00728446408636877,0.017123310871730954,0.009488906251526088,0.47176768931195767,0.017831746119263043,0.06613234889803078,0.028737372878557956,0.06449811290402663,0.023879270400519414,0.002644876742076522,0.009025483784188654,0.012657649288305546,0.0006605481763153617,0.0014410578731228775,0.0012834245130868244,0.03279887967267393,0.020903286246121863,0.006939892116951655,0.015365472594596788,0.028888933351135706,0.005584285743256823,0.006472248130131423,0.007851246078399123,0.031074211282276023,0.003736915025298667,0.003184857158571911,0.006576300326817015,0.005623056863752644
0.005644589941407845,0.005061887587717055,0.002244449680462022,0.03681980300534624,0.017022345609512966,0.01698122089392281,0.033660635512519105,0.035993143957435254,0.6236492041699693,0.012665658724064666,0.007675679506647969,0.02170733552299042,0.0038639667621921223,0.001959054286756714,0.002967156724113756,0.02836088090460701,0.0025569420997787005,0.006643429443035233,0.0015898306447660127,0.0125581605945536,0.019111423518033008,0.004810073470312833,0.016513051394735346,0.019207685958190866,0.009999828546554335,0.0034559258109628553,0.0040006943147690675,0.018246145969638243,0.0013692611692772332,0.003998550537672545,0.005959935688678822,0.013702048049375077
0.001292714445653957,0.0021284155405858,0.0036243747330533447,0.12750041656104083,0.02623080365817026,0.01795181808434261,0.015808912454144477,0.12081872339015286,0.012688014537776444,0.38512488469067957,0.033570003304266925,0.046837327850384566,0.015496503065364799,0.0016660143027344668,0.0167706425227005,0.016819186821014423,0.0029144582916909552,0.003295410532975277,0.0007791741605909659,0.028734854807454642,0.007622463428344166,0.007271870454083156,0.018154528227158812,0.031242071409497887,0.005327880871734834,0.009714446850891722,0.008094497031818033,0.02461664845916115,0.0016116318402590553,0.001852582833076038,0.002848160254423278,0.0015905645847732557
0.0004347579683210444,0.0011634070008232497,0.0027617382640878,0.07702579621104441,0.012486726322158512,0.01469067615294748,0.012798512502012725,0.08855563829783174,0.0158330484233778,0.03658004277537127,0.5194700791801821,0.021944654536202174,0.013645620459115234,0.0009164202968247866,0.009885676674815543,0.021029088401435747,0.0015285561935777054,0.002411350990053942,0.00046308194623652214,0.04551954627532295,0.006522397207442055,0.004478103338548166,0.014622278191653425,0.04244528779508446,0.0073787399209859555,0.006263288220143055,0.004697047157799079,0.008568678428114311,0.0009385031818612751,0.0009398727783110192,0.0021608372268471002,0.001840547681466422
0.0015710584459097334,0.0016337683946765335,0.0005846395315341485,0.08100380063611941,0.01803677486649575,0.01759258044685131,0.020209697762051324,0.09475941051265671,0.01639318305052402,0.04032220465897428,0.020299411910446256,0.45444092140258885,0.012212522103184922,0.0011992025817903333,0.012180017167984157,0.018186291595031455,0.0022356534798463686,0.002083337777695255,0.0006985367185408333,0.04069937184071281,0.013367199255179577,0.005548084019089434,0.026290837910677753,0.04516299953524258,0.004886757329489867,0.008815266621674513,0.006680034566664912,0.014437805316227856,0.008279096401029869,0.0010159366371973082,0.005840554103027444,0.0033330434208834222
0.0017706813735134332,0.0013457615007406313,0.0008352931290418014,0.06569778030527303,0.01945130008082938,0.01564524970299011,0.01306659871284373,0.0653886639671388,0.017502156484088767,0.030752466614559056,0.0219083603686394,0.03542188643049041,0.5181029905834349,0.0008971683785644621,0.006612841244746233,0.008015474658857068,0.003026094731665156,0.0014983257597692805,0.0005289214471475603,0.04460336161853907,0.006200013971639578,0.0083442643762883,0.01781673901055741,0.043195408848923506,0.005155102983560599,0.0080400787247791,0.0037206406349669366,0.021062643882276275,0.006856359772518133,0.0007828426593608779,0.0017767837411058667,0.004977744301150012
0.002852324002937683,0.0039842215630626334,0.0008313036401792354,0.044330932761451815,0.02786754653623863,0.023868497285920012,0.017249720165615934,0.05700306015017567,0.01921950785550156,0.030210539533325333,0.011391244233111334,0.016564870514431233,0.008932829308488955,0.5300729446281891,0.009192894018514454,0.029178672608233522,0.0025281429122049775,0.002984948621548311,0.001347379878881711,0.02999367705839064,0.008049069880631312,0.008921923139760599,0.01987473679986907,0.031156151832857876,0.012612378448531945,0.012853846152935276,0.011506450220688112,0.009523041877422877,0.003569606895253755,0.0025647005539323224,0.004086829861410978,0.005676007060302266
0.004015111962839745,0.004177940745866412,0.0023867386238928473,0.03679995384003451,0.022319643407458664,0.008400847457651944,0.02449367381632986,0.04756791522367793,0.020257913993711414,0.01643684358994348,0.01552060018936858,0.013430194321344313,0.014541026437066479,0.005505436715868767,0.5227174063441015,0.019200216532245566,0.002891466864387244,0.006072099427740555,0.0024891506670795776,0.048494600462247815,0.011905723642235655,0.009204538629388245,0.018912561035136034,0.054150829760329616,0.015309492197177456,0.010493513409871476,0.0063268398797487555,0.019640554199326768,0.0030535444558630557,0.0036344989298311117,0.003396553506672244,0.006252569731561301
0.0047768984038282,0.0063418218040771565,0.0014680182968952395,0.036554913629544356,0.012747303515178145,0.015852818953410577,0.035522067160109125,0.04332537152319723,0.020560027553377946,0.009268828899422123,0.005154425205244978,0.0218755789044719,0.002749604688576811,0.0018983745769573452,0.001957152299655906,0.6578853120681202,0.0014882180897145,0.003212943481869622,0.0015895965552448045,0.013940277393714343,0.012134307243929311,0.005194279669610355,0.016351117193018523,0.022000259974830422,0.011549387280104934,0.0017877517811578554,0.0025082457886715557,0.01393106049965011,0.0016455829087496621,0.004250538884584324,0.004487975969165045,0.005989939803916356
0.005425473062115833,0.0008942876139043,0.0027353000346911726,0.05249400630182335,0.03584193959171986,0.004991812425590744,0.03113583155949053,0.039722157911487414,0.012834090848319834,0.012658638157531134,0.005029187010361511,0.012343774468091234,0.006688883166545167,0.0017149467874447335,0.0023424122540406777,0.05462218851898784,0.5333821775299407,0.004012328247759711,0.0015680647381082814,0.04767466682435618,0.008854361316614545,0.01164100195824861,0.015200569308577756,0.04490756803969405,0.013648495717679933,0.005882735892544733,0.004554516268727811,0.012832237454082022,0.0024489694384723553,0.002015085169445072,0.0015069900342600867,0.008395302349341755
0.003621683593920234,0.002218486099258,0.002027848687662365,0.021711788194271345,0.012664231168716643,0.006341979725575,0.010406753415547221,0.020094073451344178,0.011605428948229255,0.010116381387845676,0.005251818436962932,0.011728165587436544,0.004108951531068566,0.0005871825783900227,0.004235208426178177,0.005317965328583178,0.006182024203178222,0.5285344726305469,0.002493466459594756,0.1085725424604222,0.015223473970311893,0.011772018879238844,0.050887061775825145,0.08451962666314067,0.009468809671339099,0.020712604034800897,0.007364295969447033,0.00844760109647942,0.0029942013896601745,0.0008389075653127555,0.0034683077216480333,0.006482638948063666
0.0024760250033814234,0.0020046204066504003,0.0009825836143515444,0.07705760827184545,0.027804274602726047,0.010355056171785832,0.01768154487785266,0.06608763140964673,0.009823612377317246,0.032896361775967324,0.0084397523367061,0.008746409641499775,0.010343546814899456,0.0017658792528165875,0.005589487462186523,0.026777145194079737,0.0028633401991456225,0.002074674503857212,0.48625472237420275,0.038943295607748334,0.01595074702722161,0.0024100369480645656,0.028071233663066433,0.04604195210938521,0.00974240580759782,0.02096569796246487,0.007257708674895932,0.011936131361218677,0.0027953715557110775,0.003091328345819222,0.005708184001512877,0.007061630644373933
0.0029421464637333335,0.005447792653017712,0.001304454649130615,0.02268420392469533,0.07082808112248098,0.003329473963560756,0.058235230909070373,0.02423112293174852,0.018797474375369317,0.005890944039678856,0.009178018463407277,0.017958827123953868,0.008794640213047067,0.0014590698809700555,0.0019071483331582538,0.0637701814615807,0.0040288847163237225,0.0022581552997194554,0.002486814791904,0.38157907008469716,0.02584123832417616,0.005705121931769879,0.018454675830201047,0.13225192185836165,0.022990148675523354,0.030639014661751215,0.007721851469606923,0.028275937880628765,0.003837711164400056,0.004350225040871884,0.006414610412793859,0.006405807348666878
0.00189876741027794,0.0018507200303865665,0.0005426630827984729,0.014391625603032513,0.03795913084094621,0.008935653926004166,0.01990522404921602,0.02140962155181641,0.01821114897197722,0.008441312996888502,0.004399155577901722,0.016075999707807966,0.006389418472305078,0.0020591877176422777,0.0024620921864360553,0.025110747291439965,0.0018002141366754154,0.002687597867440867,0.0008152738976318089,0.036231609843347314,0.6103774881632833,0.007982211876233943,0.04340886606207514,0.04088399627366843,0.009475805142409479,0.006602387030977155,0.0035769813266334554,0.034803683385103854,0.00322601444718,0.001622276568311917,0.003131307332287862,0.003331817229862066
0.0038790307511206556,0.0025025271598969555,0.0008324238456943664,0.0392225246102023,0.020652732560741478,0.007309787873519876,0.020951414222723935,0.03147766008270896,0.012673304781824754,0.012790464913736588,0.0019942451576858444,0.018329558125706483,0.004196747833179145,0.0012082929228350778,0.0036994832215358556,0.0349419462862188,0.0014258040242804556,0.004665635985802467,0.0019131556623251296,0.04916237985549262,0.021766140737001314,0.5048695110111523,0.04787255623035622,0.0645725033783888,0.031437090082737124,0.005956907082424523,0.01194218028459781,0.014417170588622333,0.003381499741672544,0.0029644142964503225,0.0029601543722571223,0.014030752317106975
0.0047277518181834,0.003907105774688344,0.0006229965475643358,0.059077734004412644,0.01351219318984458,0.012539693018051721,0.012411036331311546,0.05310595767356987,0.020282445041198544,0.02343795893601884,0.005241289838770033,0.018737108593131144,0.003668766319010466,0.002775743511342776,0.006226969969248755,0.010106123269332922,0.002629939694890878,0.002720847733026681,0.0015441282697948445,0.07290331311045067,0.04796194555466237,0.01463978158921638,0.40849957513968405,0.10687403814453454,0.023040577784090747,0.014221131047142177,0.008897963162380123,0.017711859121190755,0.003913078623439755,0.002996194124400919,0.004372652346392645,0.016692100719021403
0.0008624147645604381,0.0021524364067075493,0.0005627356106585681,0.006270041892107822,0.037355031704446505,0.0023207708594509113,0.02832429717818948,0.010561137142708914,0.011788535598268698,0.0032514651318197117,0.003681903422698434,0.010910380453941578,0.004691667413622789,0.0007552649588815061,0.0011396529605744777,0.0284650439716631,0.0013258994312523224,0.0012858969058553603,0.0017992668427560556,0.08179127078883412,0.009566438468000612,0.002693902729477167,0.004771106324695933,0.6984131354577663,0.011089451027535646,0.003979700320703545,0.005487881754327022,0.014996565830490163,0.002733180785562365,0.0017906892550139779,0.003367247610437511,0.0018155869969904777
0.005568818393497032,0.0025634387076162116,0.0008492000681388003,0.05805344742069291,0.016775025497659787,0.011751664677332255,0.029011742150367267,0.04427795244822104,0.025617982069929015,0.027978061279475344,0.004507667843124147,0.013997339856199767,0.003092674405495144,0.0016394880707389138,0.0027619201971557,0.016868080240938024,0.0026522684530632555,0.006460124148932234,0.0029003003816327998,0.07290993159176357,0.008874348408914878,0.017965006699775174,0.03287057940314012,0.04485136552598462,0.4960360208042051,0.013490499433526476,0.007157628995728155,0.016337718920122722,0.0043388173303010105,0.0010656568030487446,0.0033506135415410305,0.0034246162317378226
0.0014378291439759434,0.0016716595520887669,0.0014033530664872666,0.04607472845961781,0.02380769541293668,0.005072006638828733,0.009208670379146737,0.04740043209814247,0.022105863379538508,0.010301161888043822,0.006399273632915456,0.020182065984557764,0.004084327119346384,0.0019344441704284522,0.004095248777997645,0.025397332389778635,0.0044148539811520214,0.0040377139888696225,0.001615400354507236,0.1261112757219169,0.020157814192599766,0.010048938501501577,0.040674652534290784,0.09261391667917286,0.008651211814298022,0.39430290572138627,0.025320469646881075,0.0244760194880414,0.0013985093112418665,0.002771965373334384,0.007778449754293543,0.0050498108426803336
0.001555977322566251,0.0013162652752558139,0.0013914610241395557,0.021539162497440645,0.015127320940462367,0.0052561251548276225,0.013033836584648066,0.026486528571573447,0.012682079999696767,0.009747926214252321,0.006409670493045967,0.019757625952134834,0.0029906956057265664,0.0007798732268121119,0.004013053038484299,0.020745972517152676,0.002658659179057411,0.0037947107748074116,0.002344256105235156,0.06246159374844182,0.016449295146341632,0.011814637516803256,0.02822311525346335,0.042369279309955155,0.012967192066759845,0.023374815497183746,0.587170696641307,0.01831292165693237,0.004039480990717927,0.004695197969156989,0.01130432027333539,0.0051862534522814484
0.0014661619342910557,0.0013652816337725653,0.000759134553802103,0.05234049764037863,0.028821912986183626,0.009062009676270433,0.013517859808757077,0.04771959704060931,0.03450979924448283,0.03248987596774163,0.021917373558264376,0.012883067137509079,0.012177876331623668,0.0012248425265430113,0.014386359189999923,0.0233530385530204,0.0027835772686087314,0.0021321746043077255,0.0011321008263549793,0.02846143442627588,0.01051611487944213,0.002970422521061956,0.01995695457846872,0.03258833520779972,0.013197261796966035,0.008097537437288955,0.006337586860195744,0.5438579611442257,0.012094934260227246,0.0018519634060356334,0.003161323219104178,0.0028656297803863
0.0027489324102090307,0.0017455494889386085,0.0008990121211263333,0.029366848291094434,0.030487096751482423,0.0069941380445238,0.010563375095636077,0.02072066434573962,0.025697025553312897,0.009303266834488755,0.005154955384421867,0.017189554142462912,0.0060723382012170665,0.0006616250535088123,0.002868572725005611,0.008847712552703255,0.002546451377136856,0.0022642747038260224,0.002210434702794516,0.04406394513116296,0.005404581617169022,0.010148740194428333,0.0068236885567681226,0.06827582857645234,0.00798638947096858,0.02683765120349059,0.021712100469398355,0.02533836948462618,0.5775133194070986,0.003982470172372545,0.008638665773758167,0.006932422162675933
0.0019436936419094445,0.0015084638672557041,0.0007847732804034213,0.016923259673817668,0.005879888986694639,0.007468675289980912,0.007141899505787501,0.016649949898756913,0.02685950816949128,0.012715843899408809,0.007671627897012165,0.024334056211130425,0.004143766518019365,0.0016391637888396667,0.002274074043044278,0.011778908068397036,0.004405458825602244,0.0016190342999721555,0.004435001166113955,0.11470249219386469,0.011680234629343467,0.013238510176961902,0.046555014263826626,0.09490804890189257,0.0038944232335617673,0.010623252386350245,0.003689203405230183,0.016546146340032618,0.0028164143761139444,0.5110612969456626,0.004643182761531101,0.005464733353989811
0.0011021630935702,0.0017146526794627668,0.0008430985887476567,0.03260332609145236,0.02010611873922112,0.009106553392031752,0.021656214659802536,0.03711161684351485,0.021513690787929234,0.0159064695308822,0.008171288091881355,0.007768731297933213,0.009628800377733055,0.0010334044941272223,0.003724984880436311,0.014970165850446233,0.002360399735300433,0.0023505832898505666,0.003994973079805401,0.0646897033788316,0.024624579776660615,0.010878906361115834,0.04371015592158441,0.07539309411805914,0.007723371183972009,0.03456788474933261,0.006614071367670084,0.011801227243744964,0.0033587998747873662,0.0035773017941776422,0.4926575735933462,0.0047360951325881775
0.001966695045655666,0.0020707688895326114,0.0003604994285197327,0.040226047217429804,0.02037142616374931,0.006393893060945044,0.0158950022182082,0.02871265211283991,0.019924431327550455,0.011561934477128133,0.0017153263783732113,0.013864652947123721,0.003971287969655523,0.0009103531457781221,0.0011653516089585778,0.02011827726886961,0.0015710971337926647,0.00419535927015301,0.002211783632304085,0.06493601308271613,0.007698360409965234,0.01807694972744362,0.03431397328623646,0.04698083891176273,0.018231679769464715,0.003955359044477878,0.0027813133995439224,0.010715967900850443,0.0026602800438869333,0.001189063699959711,0.001409699429661111,0.5898436619974624
