0.656780103305645,0.00542940290560879,0.00152290882868385,0.0633125774806037,0.0178394535586654,0.0411395711706577,0.00488601084078982,0.0273780970734726,0.00225551835381367,0.0372624356427437,0.00298659553307895,0.0107605608984868,0.00295911120496405,8.23491332614058e-05,0.00282912212961521,0.00668511374303235,0.016315066423488,0.00802158884519059,0.000146015914230608,0.011550091835424,0.0163107446693789,0.00603163514839011,0.0321759271200899,0.0076311908519681,0.00604921009667623,0.00453025062133643,0.000651431550023319,0.00010612211965429,0.000941456932875136,4.71018681568081e-05,0.00459436060444564,0.000788873595548411
0.00220540478503815,0.475821072231103,0.00156815477382854,0.0435836359349966,0.00666010353985559,0.146002349892478,0.185552078011635,0.0240027577723321,0.0183937487361878,0.0165092387714636,0.00175528810830929,0.0116282468008611,0.00190704576100664,0.000510800881017014,0.00032914123981635,0.0142958585946726,0.00828687292226746,0.00199610869046797,0.00258481448862662,0.00594223637232224,0.00280902566849302,0.000280736219840147,0.0127260408865094,0.00116060416900567,0.00149759314018417,0.00231752972548684,0.00183027303745688,0.00116358319077488,0.00200134964910122,0.000401782253599939,0.00288528905150913,0.00139123469975355
0.00904162672483566,0.0183128143317243,0.561558067227373,0.000813020334120835,0.035297681992734,0.027702858656872,0.0726170971671351,0.00514323967705849,0.0427665397794484,0.0060374073332668,0.0241537268224108,0.0660629792399248,0.000772214883420686,0.00397975435681894,0.00699191340908707,0.0552692616245522,0.00183948657987065,0.00175008043104612,0.00118240861880216,0.0038709299053334,0.0038805571734439,0.00363460736772211,0.0034306226882623,0.00712139220212863,0.0049924178230199,0.00686226646262282,0.0122272191833203,0.000207789986217064,0.00365487030761701,0.000131944449559141,0.00716619629640621,0.00152700696384538
0.00465268557379082,0.000937086944354924,0.0167371373601494,0.613429726983487,0.0434849278252238,0.0239173955279501,0.134542957111138,0.0135161592908514,0.00133081391184426,0.00776355175814146,0.00780314007956833,0.00809221709114222,0.000833577827177485,0.00323219997696369,0.0076152842854278,0.0229698856300711,0.0024114718337632,0.00226984581054035,0.000487585773450615,0.0123744408482073,0.00276441743278627,0.00942917787599617,0.0153563126598046,0.00789864226656959,0.00291432743979893,0.00394611572903235,0.000948553529209416,0.00529925789233994,0.0173643658178713,0.00022284763305452,0.00507791946420462,0.000375970816089089
0.00694079472162114,0.00171425435261438,0.000272360363801472,0.00794191662655388,0.723551732228608,0.00824356314986493,0.049659830880399,0.00188507384316368,0.0271558767671116,0.00455675278035713,0.00199303440171747,0.00573988915661876,0.00224273587877468,0.00130449014147141,0.00737605501540316,0.0542800114469072,0.00577824499686039,6.47087983613237e-05,0.00141849714654556,0.0080296276707337,0.00694548110592572,0.00430420000781581,0.0161056083181776,0.0121643245406119,0.00229926702156415,0.00607505311236519,0.00714710092601467,0.00588618468432398,0.0161063980418798,0.000697457534742886,0.0010270621067541,0.00109241223233489
0.0111446141555593,0.000539934727831218,0.00297666914685416,0.042061170718098,0.0117750331313301,0.609431032250223,0.0457065578224951,0.0382740876080194,0.0421060629119379,0.00407813946050515,0.0193961311575759,0.0115210327311231,0.00421754241951388,0.00258547000128729,0.00842873496632753,0.086294204432428,0.00218818976733535,0.000527851784694169,0.000572898606611957,0.00338930051768819,0.00201430903090549,0.00173728920307592,0.00194300485062117,0.00819004561842974,0.00354294362489265,0.0138274381453572,0.0119356347673009,0.0031850621724175,0.00153198960065506,0.000253582077459002,0.00332102793543167,0.00130301465601476
0.0287786157009692,0.0101194685448636,0.00816333478107557,0.121485147723315,0.0408270095875079,0.0414420259671869,0.44202960804224,0.013915186569959,0.0265728998831614,0.020361623703677,0.0257505042338738,0.010697790946718,0.00983626587245139,0.00263568473886296,0.011581643565246,0.0867360650632325,0.00807067361793299,0.000517565674463948,0.00229044691106519,0.0022107036561973,0.0059665450477296,0.0037679094601183,0.0136813465639315,0.0118555580218102,0.00518002334689773,0.0130481328171889,0.0166959308529149,0.0035077440598592,0.005793135163342,0.000153898232651884,0.00389871710322235,0.00242879454633452
0.00167823390663063,0.00297994015368698,0.00905074149974098,0.0158417554176856,0.0497170267886286,0.0720193105566091,0.0328599224456518,0.544098766267388,0.0302911130102605,0.014437343927417,0.000137685038638679,0.025385342715878,0.0175354838911396,0.0137468176981943,0.0153590835153383,0.0215221614003507,0.00372278330532426,0.00274723996980827,0.000125887747449109,0.0101195439938843,0.00254762350760797,0.00729070533506811,0.029865404837078,0.0262957450503275,0.0134793841981531,0.0033891738485386,0.00337886551276767,0.00226869794727586,0.0224452209903673,0.000200845096681246,0.00213557738033246,0.0033265730460977
0.00494012107353094,0.00773008759354349,0.00779729116080513,0.0374722312469347,0.023714706869436,0.136577649194811,0.253170272305057,0.00675250118416099,0.338588799023802,0.00914293107662345,0.0088435226208561,0.00468803279059625,0.00671821041778096,0.00045864271162848,0.00101320964032517,0.0914487564273744,0.00116419045463012,0.00472052615526399,0.00708538915756703,0.00128489131923964,0.00209119130034216,0.007011082553346,0.00329505915404031,0.000782586506886805,0.000169125261346044,0.0100881650041472,0.0144848606403687,0.0020775540523099,0.00102972242789032,5.44545553153544e-05,0.00280170659697229,0.00280252952306877
0.000171525625161683,0.000387240169071852,0.00800346531247023,0.0596650293359415,0.0284350427125232,0.00799907891292851,0.0329284014204719,0.00397910208696734,0.0260384656833366,0.599753861017838,0.00267462328125171,0.0945457227417644,0.00797453633741379,0.00181971594666844,0.0115497459311915,0.0243020182045953,0.000400797632944024,0.00332363204046923,0.000422471068741259,0.00998221219155006,0.00220826423904643,0.0033136431010792,0.00837074361654098,0.00437640049563488,0.00234743617236561,0.000134929835209505,0.0092269466577009,0.000662711203184322,0.0415380199461875,0.0010213652978041,0.00225547836381276,0.000187373418133349
0.000553905290918282,0.00263026823351071,0.00216526800418019,0.0220140662509758,0.0712640324900592,0.0165785508935021,0.0364061192446867,0.0368596776311284,0.0852432692964941,0.0296093865273886,0.423609982110025,0.0445770229438957,0.00802866923709663,0.00661273285704681,0.0234344184365581,0.0521615709858246,0.00164366284302581,0.00200655510574125,0.000572572140236163,0.00747672852430443,0.0169046007051395,0.00168430173625707,0.00301058813552492,0.0103183793446711,0.00205439034677851,0.0167261758493615,0.012086258855198,0.00352842289106022,0.049406738249258,0.00830504405015182,0.00158459300348384,0.000942047786516513
0.00105157389293245,0.000283136014805303,0.000118139927971381,0.00718923054953814,0.00243829623562686,0.0103081732771626,0.0288032792839548,0.00761765052866249,0.0147569293409249,0.0189404274079955,0.0051504771049549,0.661877508080342,0.0173290344356956,0.000708344863177683,0.00513711087230839,0.0192367131392302,1.38348765972753e-07,0.000420851893433177,0.00260463699844409,0.0169666439479477,0.0101681875082565,0.012576405264132,0.00998310291144913,0.0500601207301783,0.00195453239046719,0.0313118922252076,0.0079034652007353,0.000137422563798706,0.0410053940302494,0.00537604099127742,0.00817188827333861,0.000413251767035618
0.000106698841366428,0.0011451178796174,0.00473085685631012,0.0340902775891093,0.0953347428832855,0.0185885854502157,0.00523995451102689,0.0150175263819388,0.00912568752631386,0.0211374023304515,0.00362304068281153,0.0137923893524837,0.477336421444841,0.0124087706886472,0.0534529265565835,0.0256247801872645,0.000512018908846364,0.00641915975752697,0.00359735750781202,0.0284338859751384,0.0168647063029296,0.0263839576906008,0.0348410013455595,0.0029105235144128,0.00761566429930313,0.00557526095625703,0.0186953147680314,0.0278193744404965,0.0183977900864683,0.00284716359642593,0.00421058776818624,0.00412105391973808
0.000938672282072201,0.00158008826106922,0.000973401533733112,0.0180545673857738,0.0206698829758573,0.0610329527535332,0.116918690539197,0.00907314713153285,0.0107067703177843,0.00616920001175519,0.000626652506883538,0.0023592863254687,0.0142770482070939,0.59998128065691,0.0210836170395565,0.046163658482391,0.000316354372224681,0.00349388909465259,0.000652016064801958,0.00644657383053711,0.00553677742334566,0.00220846085533654,0.0057432255713291,0.00727672005898096,0.00631164321130809,0.0163746915488922,0.0113180761711918,0.00124998469537366,0.000626449826756154,0.000290649464879625,0.000508892913892994,0.00103667848588552
0.000164161159447468,0.00176481075727704,0.00205792695444805,0.000772755909980759,0.00325279386911303,0.0144061897457488,0.0163356124352276,0.0127607299723485,0.0288818895217081,0.0039385363601309,0.0104590807986897,0.0242942667527584,0.013573399406369,0.00261839825372585,0.781685456490734,0.0269061630893399,0.000302314968436563,0.00416023784475538,0.000552198078896216,0.000804553572512073,0.00433289804969533,0.00209239362949369,0.00476573593284032,0.00704796256169274,0.00388539748202468,0.00110239230494803,0.0011470102537999,0.00385003775769998,0.0146856891926383,0.00183556855783365,0.00470171835815789,0.000861719977528588
0.010675205477315,0.0205352216225868,0.0135185885049621,0.0268800337143359,0.0333761878248281,0.137979482716275,0.329125461721375,0.00624852614807689,0.0562331148561394,0.00548231703689173,0.00688404536912561,0.00312604096408104,0.00196906012254497,0.000258302392616055,0.00290196983884344,0.27085403524323,0.0041760495078985,0.00192857448328138,0.00801248157793274,0.00215926285375126,0.000865122187337362,0.00397182058577927,0.00656613086655313,0.000218102030452834,0.0123386526525996,0.0116344959996409,0.0145441543691083,0.00254105088583228,0.000948846294675492,0.000403666326051812,0.00255830387060984,0.00108569195526789
0.0398534090286193,0.00291504755172524,0.00101389418763523,0.0110610257446806,0.00224056139520529,0.00270409119861004,0.00183620385310459,0.00628224893076346,0.0085308950298149,0.00263392022591207,0.0071127191567229,0.0185507992293937,0.00143474896781938,0.000448777432047718,9.01820565339159e-05,0.0061448576964941,0.800649668061748,0.0202015127138431,0.00427117156960978,0.0114079004998381,0.00804292402402843,0.00429409515980079,0.00616717429862563,0.0109104990867172,0.00258440245013286,0.00709085301393426,0.00297972581141537,0.00041555451351188,0.0045135612109113,0.000266046169166896,0.000778789700091563,0.00257274003154183
0.00821062298386487,0.00430694009700757,0.000699546779505032,0.00058620404112408,0.0403508353780772,0.00538010707675443,0.0097809719754597,0.000500844988285797,0.0267148953281199,0.00200436190957877,0.0150572907506633,0.0586338302500964,0.00609914679255035,0.000795588476810026,0.00108433973207841,0.0314982042700286,0.00111914437841286,0.686036330016193,0.00723396567589713,0.0235710694510099,0.00668354708571334,0.0106157314749012,0.00326493970647368,0.0127977975246046,0.00987717873289472,0.00032828722601908,0.00149417108488332,0.00230818585140809,0.0118904156029295,0.000417173521816678,0.00795896285858681,0.00269936897825095
0.00584799161239264,0.000307626465484942,0.000371966028190981,0.0126860685660034,0.0159573223098899,0.0150945544257443,0.0169543924545145,0.00774842299207984,0.014228733676089,0.00994921584526914,0.00688032915229331,0.0433455740233204,0.00230049081772303,3.31913629938091e-05,0.000482698438920807,0.00497127574621922,0.000708452866446541,0.00548999764089781,0.690898444018441,0.0164301725714151,0.0218203210887702,0.01246043628417,0.00683644603857369,0.0258035445530071,0.0115646659660208,0.0101546716143027,0.0165625763621897,0.000802800900901162,0.0130504354964144,0.00383048670463521,0.00418724618326148,0.00223944779342419
0.000170563511678072,4.1488256594848e-06,0.0039009919222195,0.00845544402948846,0.029404309176166,0.0257215988906124,0.0146382374948606,0.000228563970161936,0.0387085440143342,0.00183121118602115,0.00452613702135087,0.00170529481281948,0.00468055492360021,0.000689411669721685,0.000622017308490824,0.0305132754322917,0.000472802082864381,0.00200733483791232,0.0185124063833857,0.612517150370039,0.0110477976207907,0.00796916050381345,0.00572685477186788,0.0155423608709273,0.00570130791220685,0.0312416379300752,0.0622473104009706,0.00271953311318425,0.0282535948250702,0.00554594054361356,0.0219375977762986,0.0027569058675037
0.00203684427653172,0.000911460878292546,0.00379674045282334,0.00808419584726583,0.0523278256445682,0.0295684387149074,0.0220997957947879,0.00263180706991129,0.0192556281578291,0.00287636768025157,0.00549726476339338,0.0111886231209259,0.00751846918161622,8.07720790300748e-05,0.00139679875679201,0.0392064067844854,0.000383262113146916,0.002176457889291,0.00505130546319957,0.0204514425046563,0.49768384772071,0.00414357539229541,0.00431462903437474,0.0244644652766306,0.0171654925570596,0.0580495478564266,0.0817312445812184,0.0114102712382888,0.00603871805237263,0.00133530622237588,0.0233170948767224,0.0338059000178193
0.00667751926530541,0.000366969235543223,0.000574499484560678,0.0195196018935966,2.21135893061693e-05,0.0121791333413875,0.00412893161253754,0.00260472346190936,0.168825871180075,0.00702483132344176,0.00218014170736805,0.00278904664982705,0.00294413308969095,0.00121493937416698,0.000502555098297859,0.101078396843944,0.0115682772132923,0.00909100387576397,0.0266600575685042,0.0044885997659001,0.00652320735236477,0.516843834361084,0.0281220645339853,0.0370852120605607,0.00578565570944476,0.00488867161829595,0.000880830237420914,0.00276631659039312,0.00573766319643423,0.00184700367739319,0.000730489429182094,0.00434770565902179
0.00679063626267643,0.0121830134534822,0.000526004433938357,0.0102139808232062,0.0139533769177104,0.0304667753857804,0.0127055620034159,0.00294910862743513,0.0262858043621579,0.0045255555241477,0.00168248526622991,0.0059516701737999,0.0030714606608751,0.000534570458635021,0.000472131571004819,0.0163715182324387,0.0141534504032783,0.000794321763869685,0.00894915179956589,0.0318674843284814,0.00561555720732444,0.00308529956396952,0.686278730841557,0.0135374660173176,0.000690753052643031,0.0194685245358824,0.0345369191556672,0.00362700082979085,0.019240907285139,0.00645524934511471,0.00279021883260795,0.00022531088085708
0.000327572340995525,0.00303996095280391,0.00456446428848924,0.00248381453898444,0.0297811514631638,0.0132044007637434,0.00675919639481844,0.00301031618615509,0.0540998398017263,0.00235442483563389,0.00758837166389386,0.0221757941143303,0.00334645016689345,6.25492824359867e-06,0.0015923034659169,0.0531337815112403,0.000629476366947596,0.000515760437162387,0.0186589606434381,0.0164692431041138,0.0211983984852369,0.00502152781888835,0.0103907997521315,0.454308407405986,0.000853404087013656,0.115652017841668,0.0931472027378611,0.0134240616922122,0.00206865936315811,0.000508919979323465,0.0296173353865912,0.0100677274812353
0.0278495747318289,0.0587106104728087,0.00797423959670144,0.0140111443750177,0.0228910914138614,0.0387014274231426,0.0319533056521798,0.00463614564695817,0.0912621428992584,0.00891077187926629,0.01829206447824,0.0292180176771094,0.0118128149876133,0.000144097950531917,3.06691543093921e-05,0.0809686480568656,0.018081086265319,0.0145740815736481,0.00495991600399956,0.0250784955324371,0.00215028818870002,6.95981332780336e-05,0.0273003572720801,0.00537597430809753,0.403376758537213,0.0025983798407615,0.00980962566168839,0.00658473025572551,0.0193421094771447,0.00084581648727629,0.000628026006246643,0.0118579900606917
0.00126964975591597,0.000802914289936089,0.00152584159394753,0.000419208963863346,0.0221482302375677,0.00676480130240801,0.0159516393159931,0.00346971405174486,0.00626091652657213,0.000409537012495188,0.0129833492191233,0.0366709774265892,0.00228423195357395,0.000129593115806009,0.00221881109498476,0.0192561081680024,0.000308587681256571,0.000945801103316068,0.0161277499021833,0.00159222631485256,0.0119982205737398,0.0012959726255698,0.0234260369034935,0.00123366410984685,0.00152368097249136,0.710205340898347,0.0585806055420008,0.0134821072329064,0.000350901037817307,0.00136574487318087,0.0226816601893875,0.00231617601108642
0.00181109423312872,0.00300650409818696,0.000417000238487627,0.00572400582708494,0.034841387455482,0.00459498668574866,0.0243274083354854,0.00487031721520167,0.0077315472742724,0.00638597777592688,0.0166093132990947,0.094705005993476,0.000235383070427864,0.000323117594209089,0.00263937929432399,0.0327247304151138,0.000452910548020332,0.00097439249770545,0.0534934240177971,0.0188521188019614,0.0378849963959969,0.00792701079729507,0.0738576027349967,0.0204673729089841,0.00786722258014656,0.199318431988392,0.303740161231343,0.00548064086323973,0.00123450617175934,0.00160793834723172,0.0209884374258282,0.00490567388365162
0.000853391634189259,0.000783718816074868,0.00194296592261549,0.00872890791517324,0.00447717764750974,0.0244999980129107,0.0339446059863004,0.00756163838662256,0.0124243374441086,0.018020024821334,0.000248704022168002,0.145087370733333,0.0249634907011383,0.00458398614170395,0.0372382809604582,0.0193144953126623,6.34893988826159e-05,0.000391437417233601,0.00943790423391381,0.0100325594145635,0.00373786694572686,0.00925176801035174,0.0076393169205767,0.0518737321207542,0.00127109108240732,0.0732034771986335,0.0135234459470958,0.384033075811895,0.0709365823238644,0.0114371402977041,0.00800168859427955,0.000492329823814961
0.00448303196490026,0.00467075823447472,1.82485615590427e-05,0.00168326712956439,0.0143254404245278,0.00616963368391117,0.0456013947375597,0.000790441443979025,0.0199903465106143,0.000762903350704102,0.00373948163749188,0.00453941348830793,0.00208417472743827,0.000448903004155826,0.00153044842775488,0.0221257319722277,0.0015791677432898,9.68644214816265e-05,0.00247816778690943,0.0298055153469173,0.0151684153958723,0.00310543673749415,0.00661131604516915,0.0544397397255196,0.000390612401874357,0.0282360750475293,0.0877636725596466,0.039755404360101,0.584190586936906,0.000842256483434589,0.0122029085045869,0.000370241204096891
0.00191234875426641,0.000488100685058478,3.34592913089344e-05,0.00168454598963286,0.0416326030088723,0.000437994458106176,0.0237604750936301,0.00174713012543012,0.00398291396839123,0.00523601562048255,0.00280981305361635,0.0489437382059886,0.00649465131804246,0.000526296324843721,0.00105941006220443,0.0225365969023663,0.000443361194910103,0.00247377813651441,0.00177611020699413,0.0314716524952387,0.00145801487228853,0.00390448407188065,0.00763663195129089,0.0174344649323758,0.0010468646886891,0.0219549905526131,0.00357282451259861,0.000258316696965745,0.0129300868902888,0.718389179939629,0.0119409997178251,2.21462776560991e-05
0.006106489216954,0.0040462838284826,0.00037017289710355,0.000923687089142979,0.0345863833970401,0.0202716485893541,0.0840067847978684,6.08841186354851e-06,0.0316003742327688,0.00309008378573517,0.0015839785481958,0.0103326961751923,0.0015521375327057,0.00153484935703514,0.00505180607583502,0.0547740422681605,0.00234240607629707,0.000263862125434056,0.00101016547984356,0.00548904798695822,0.0219269787270639,0.00227208172410209,0.00356875677959148,0.049840698463258,0.000225393388193615,0.0319432533864555,0.0167555128202686,0.015712299426738,0.00210938954696765,0.00180268941193405,0.583808458730331,0.00109149972312544
0.0228358851176795,0.0305042715256077,0.00470829404630701,0.0145402572648854,0.0377203884340776,0.00828627701424955,0.0346397177409961,0.00763626376665157,0.0165260399769969,0.00234132534783371,0.00134311081085074,0.00293202576228318,0.00934610541237011,1.60887449715512e-06,0.0020772906211468,0.0442871937121129,0.00812221127612313,0.0213875506194972,0.00793478767680744,0.0322256596584874,0.00954370095725966,0.0266987600650885,0.0500688262602616,0.0111178772943221,0.0607277181021433,0.0133214429051844,0.0132999519507809,0.00429102166972681,0.0023779481684205,0.000955580070740982,0.00689224282249056,0.491308665074119
