0.498308255028635,0.00267774816227768,0.0047912547808301,0.0345963854998039,0.0152378854169525,0.00457140989164002,0.0124506023391051,0.0261358040110296,0.0341306373227135,0.01229781084636,0.00236139952319191,0.00855592960360182,0.00744477307337303,0.000506404156555945,0.00460986191577011,0.0114994374311243,0.0179743138175918,0.00040950394037599,0.00137567242361126,0.0593817747791144,0.0253150322220788,0.0128240710067938,0.0916769927834989,0.0795402124866545,0.00504361106297284,0.00160340972313324,0.000369147458367276,0.00725300869376504,0.00580577886006512,0.000158436399677844,0.00164924209319444,0.00944419324613989
0.000772310862748036,0.41694829574723,0.00100445518523057,0.189178198446439,0.0188685174898309,0.0409641800225583,0.00145927992492558,0.172118536178571,0.000735029047653873,0.0227058709395518,0.00274275918715796,0.0154754966978786,0.00709804172702516,0.000226009973024037,0.00279231011825596,0.0198769403948888,8.66479710691167e-05,0.00778425555747497,0.00043693858696418,0.0270236890958015,0.00583940167926829,0.00280786292504138,0.00743338190956964,0.0270520821841928,0.000464830246486136,0.000107348538099818,0.00234052218293134,0.000384419731065012,0.0019150739429402,0.000885619542709012,0.000687594374747099,0.00178409958867113
0.00211912294737996,0.00121210941115828,0.472527949081407,0.0212491043502177,0.0187787608850893,0.00350515088690417,0.016719378840375,0.0142244477873178,0.0887198958714487,0.018521871161374,0.00804845490525921,0.00143289534188268,0.000116151027314085,0.000329666442541693,0.00335654408490319,0.0534832490091289,0.00139468860300194,0.00201577627972518,0.000491979397092154,0.0653798124326421,0.0319626963850401,0.00357138880906632,0.00730911996375459,0.0752601721327296,0.00982409756853722,0.0115730499982441,0.000346111206319926,0.00542713040021953,0.000895006982964167,0.0151815828317686,0.0200258718437661,0.0249967631314265
0.000133902354316799,0.000585660664595836,0.00115244717594283,0.690994306280467,0.0131323249103599,0.00323564982737846,0.0118056864581567,0.0830109595293978,0.00978381221324003,0.103613821663982,0.0141216986013985,0.0017074824621731,0.005191419091128,0.00195533886075616,0.00586149214641161,0.0132195096095824,0.000199088595870879,0.00170183870242213,0.00163656711286586,0.00440627191507457,0.00227310901188912,0.00215028681868115,0.00457818239525923,0.00599777067712014,0.00263066661346595,0.00352091187778088,0.0027161213702202,0.000232497958184049,0.000286661582577613,0.00013874320102298,5.22707016140912e-06,0.008020543248117
0.000849227525563159,0.00497595185931469,0.000248442676920362,0.0321746720445546,0.35861057778462,0.00510620999446008,0.0219745804598628,0.0130987148656145,0.0327717918814642,0.0218911106982439,0.00751216137639949,0.00318728125126295,0.0013173700658002,0.00128931306458036,0.0114323530428147,0.0614776170017521,0.00031931810124842,0.00456958173830932,0.00129111791179415,0.110772770192714,0.0170580432418715,0.0123276384763937,0.110126131599766,0.136294012027519,0.0022732827563881,0.00139200039538391,0.00085454380582362,0.0192025457268605,0.00102487068753832,0.00032181758210486,0.00177491712076665,0.00248003304228909
0.000894377215282856,0.00147654931019902,0.00122140690830089,0.0523484014838523,0.0887466514244125,0.622769868431073,0.0377391075099082,0.0211412228162104,0.0127020331776614,0.0274639862646264,0.00376123045714907,0.00173776120384011,0.00249418957732144,0.00138671710377454,0.0088557168054313,0.00400443649042835,0.000277725513299509,0.000424612568746551,0.00678771154259471,0.0187034591886448,0.0181477799879342,0.00372383056744821,0.0339866761541899,0.0170911485811977,0.00613987250948581,0.000424537874460967,0.000790303989220301,0.00056323314460727,0.000909670707969572,0.00245393784513556,0.000585412528338626,0.000246431117254119
0.00402449551167516,0.00649589961881528,0.000727432710971768,0.0542709523931495,0.0683599639826218,0.0221946455669308,0.641730394861034,0.0375727768951167,0.00184086525920622,0.00261410557122239,0.00241047808873314,0.0162236322169449,0.00048076657855742,0.00626957207645706,0.00361412058836522,0.012320633558015,0.00201753898984561,0.000995766879007513,0.00060329469023185,1.27269270062135e-05,0.0290752878945868,0.00535588604028643,0.0622634675220328,0.00615403904721481,0.00278007075227116,0.000895262230922025,0.000155908259830254,0.00398792130301622,4.86718630600402e-05,0.000406862505338786,0.0001684388797811,0.00392812073775228
0.000266452288679797,6.24174208487445e-05,0.00217394489385897,0.255820724365209,0.0415399820203489,0.00342250347121101,0.0374872351716055,0.172358156422475,0.00538601836109836,0.261140294651314,0.042614926366561,0.0112666921243072,0.0195437795272519,0.00468981877143164,0.019975137763674,0.0167011034356076,7.38334267565213e-05,0.00094319913549967,0.00819000063402599,0.00986832451074245,0.0139590464008575,0.00936022822033345,0.0326251986462941,0.00694718083284177,0.00323595516382516,0.00368460325103873,0.00476907235924132,0.000860662268526488,0.000680645093573268,0.000164624259073584,0.000685367799645263,0.00950287094224275
0.000946378497218622,0.00166184256289072,0.00334070316373909,0.168277342542921,0.0351762709864965,0.00804679932571069,0.032168200046869,0.093732425937734,0.467664320980649,0.0582588188510703,0.00311437315575457,0.00506882834374901,0.00348073952374013,0.000498840597226135,0.0007257423555261,0.0260323572085015,0.00107253041131497,0.00708584820446448,0.00135679384212479,0.0117948395195609,0.0134226295948004,0.00671964706388689,0.00995144052548118,0.00981333971604584,0.00146454256236666,0.00687455210760199,0.00177951632927595,0.00894180763354202,0.0024300094549701,0.00357787723721852,0.00397191944923586,0.00154872226831307
7.69921818095837e-05,0.00242134749816646,0.000407950241690692,0.48001845827022,0.0181781518918144,0.0139417208891139,0.00983975637210062,0.29259559902524,0.020980637145323,0.0052401590266546,0.0240917564671053,0.00635054655656377,0.00643999103265717,0.00374586645094105,0.0175138671129958,0.01591859759993,0.000257606624135669,0.00369726915888517,0.000915263958678911,0.00932185547583909,0.0105133374847243,0.000939131217890975,0.00354199680892735,0.0215604460909608,0.00725796072919098,0.00478295202038714,0.00129578698513819,0.000511686540172031,0.0012737572795284,3.85520560349299e-06,0.000446102796055199,0.0159195938615561
0.000399372503383327,0.000817363962604498,0.00055011083005207,0.237688089487179,0.0640752846004128,0.0061620396126501,0.0227426166534558,0.115039930547376,0.00301796851234065,0.169333937089186,0.275464798922947,0.00283542979755827,0.00390676877821003,0.000423383787241228,0.0234397547682732,0.013952117575153,4.53585709835562e-05,0.000296582726035434,0.000102667870963978,0.00915842439430381,0.00913417916393171,0.00222507154930066,0.0133612550703576,0.00308842299881243,0.00739122357563864,0.00416056030517967,8.44326906806591e-06,0.00226376033077676,0.00290326832280996,1.86068896104668e-05,0.00102612405240369,0.00496708348180085
0.00547592622275433,0.0001645805070563,0.000931422928479055,0.221135228376836,0.0200718584467517,0.0129596965965721,0.00312841025535574,0.131275879761948,0.030057237507211,0.121458519120013,0.00613243741607664,0.267774692542607,0.00284468546008306,0.000245954124838128,0.0322952704397564,0.00457823764573261,0.00217747858944811,0.00318530394812409,0.000140161437751854,0.0281126753495482,0.00747892956923065,0.0114722933818893,0.048678075055617,0.0145458828043637,0.00360716588226529,0.0027291442795573,0.00156968589182941,0.0032129304648387,0.000159275252805317,0.000134465444581988,0.00643900183889906,0.00582749345717869
0.000309757890281038,0.00618343841952589,9.58520571109504e-05,0.163210411086004,0.0123291432790312,0.00312309711291567,0.0119842039623996,0.0702126937146241,0.00772622085874016,0.0827510308892284,0.00591200667994262,0.00305282096293696,0.471841576938579,0.000516368392168606,0.0289226577244223,0.0161685786961414,0.000497714488879588,0.00647421330793637,0.000646576197483793,0.0034932690825776,0.0048328600025742,0.0134151942332272,0.0276860623392232,0.024274573932399,0.00328214537471833,0.0109699804944519,0.00205868593649034,0.010016856837328,0.00198814656132451,0.00258276151151586,0.00311545120931678,0.000325649826501398
0.00176602466008294,0.00245070903275123,0.00108724885348326,0.0493137553108188,0.0731823107065377,0.00656820446668532,0.0721647277533404,0.0211332394557057,0.00319988904723648,0.0301425204856566,0.0124602349409872,0.00502094187816189,0.0260057629585873,0.501075022336219,0.0226791153207527,0.0165898460531764,0.00079708772024975,0.000496862148479294,0.000945165700777162,0.0655648328373577,0.0122281620642851,0.00263222290827879,0.00378279532511174,0.00791862621191929,0.00909555278325122,0.0389733386084781,0.00258113367007038,0.00129416555472137,0.00134941300799092,0.000694684906451734,0.00651837146051706,0.000288031831877948
0.00136476579725588,0.00898690032680611,0.00276366577685513,0.000240530465961926,0.0113837671282402,0.00320043390927336,0.0285414536267125,0.002616908271679,0.00255986609433986,0.00310889735080526,0.00547655881173598,0.0188780220044389,0.0050209283080643,0.00690271127675059,0.617756341718849,0.0196241081665716,0.00126892012625449,0.00354295865587897,0.000495020499228391,0.0444570016941364,0.0079046174459952,0.0328480771702894,0.0667173121596242,0.0206170787608843,0.00836473525890881,0.0285570599734204,0.00663793992958881,0.0192207506322024,0.00257215503438006,0.00432927656153673,0.0106467325267024,0.00339450453662915
0.00104317413676769,0.000218751502714707,0.00354786461797364,0.0939510671744188,0.000746807458530539,0.000514212199454834,0.0252928342741808,0.0434793600514735,0.019972538593101,0.0507492568444192,0.00689710199219927,0.00426648949773688,0.00126070183321423,0.00284368066279103,0.00483204166305868,0.629059009163776,1.63453490807702e-05,0.000549840132925911,0.00335299297992501,0.0237885999471528,0.00293169975028693,0.00326881054155303,0.0490396886210828,0.0173306692084975,0.000775008528019416,0.00155250913490458,0.00197666023653316,0.00452066171711937,6.28770077122149e-06,0.000880576825311506,0.000411352380588003,0.000923405280436522
0.00799570395044504,0.000790505879411054,0.00294296757259769,0.022421346583087,0.0130341709929255,0.00045753498170256,0.0146547507950889,0.011454899560466,0.0122231321766261,0.0256987299388,0.0130648322603028,0.00623563320251331,0.00079588575261722,1.99887916221373e-06,0.00384085463042013,0.0339824562811967,0.573614398748431,0.00186300741153558,0.00149035548219238,0.0503448149410464,0.0379072124965731,0.0106378114605035,0.0623955563640929,0.043408815600205,0.0109252343712689,0.00268056937639912,0.000278044409073089,0.00358466470275063,0.00155955156029518,0.000196382316327076,0.00113125422622074,0.0283869230957227
0.00733959824286545,0.00367401081364967,0.000742191211141577,0.0126574290203813,0.0289613449435366,0.00300022522858894,0.0345758650643764,0.00263652916645996,0.0121659446105496,0.057353606362605,0.0172096157827951,0.00891741568612101,0.00124534905870132,0.000199978952385756,0.00433531905965334,0.0368354643608173,0.0128688296736808,0.505816448427822,0.00250008924177022,0.0906790354954513,0.0169799127184075,0.00627216498047599,0.00649902092834468,0.071056324548045,0.0098874971450949,0.0199637924328879,0.000800492918920567,0.0148001850182085,0.000574518400258517,0.00096770181130011,0.000249566228231819,0.00823453246647185
0.00400381952234594,0.00114794084625062,1.9797971863564e-05,0.0590356590954365,0.0017045099393858,0.00079094470774428,0.000302920129993967,0.0592414340700604,0.00123413765332371,0.0191478102945373,0.00133076093958812,0.00781889526586403,0.000461820144952163,0.000634173524788393,0.000317704122071095,0.000799002603969181,0.0049563685475545,0.00365673816891524,0.643722572858871,0.00439528496012556,0.000512908704440762,0.026979791944972,0.0371455601250936,0.00287857770407507,0.0024765610865789,0.0571387685832293,0.0114388178880834,0.00994522787826889,0.000762613693501765,0.0165440247342258,0.012325999019945,0.00712885326994386
0.000718843038219513,0.00275240096572221,0.000351030927522748,0.0809235083454674,0.0853135174293804,0.0132174742300665,0.0344813816348264,0.0851180859961372,0.0035925317652971,0.0125934868238114,0.00186037830527616,0.0110710770397532,0.00339759308297478,0.000277484776180051,0.000694723600496122,0.0325282147718763,0.00142288288057044,0.000199697996919633,0.00379836626960073,0.408818713158357,0.00851854087232781,0.0084918793654742,0.028432979530011,0.0394007132927287,0.00642072628426352,0.0488746511970392,0.0121538704691584,0.0382738586610167,0.00171407400420046,0.00509521610214737,0.0143921727874951,0.00509992439568176
0.0042199095219504,0.00396419885867948,0.00156465335407082,0.0155869489839837,0.0468972097640199,0.00238612188903701,0.0663756842598447,0.00726689272544547,0.0280330549461257,0.0137702688338074,0.00112240094779597,0.00998415884173436,0.000785560265169341,0.000106268591550239,0.00985049346939812,0.0662608572485716,0.00308141889580307,0.00546317758543954,0.00169661016599763,0.00350667640675815,0.615109821248015,0.00253994777589146,0.0391462874935732,0.01959355127773,0.00369564377195185,0.00558868936600868,0.00314488877583966,0.00437701927033646,0.000134050403263472,0.000719022055176279,0.00119909160092351,0.0128294214061081
0.0027645947965379,9.94133575722662e-05,0.00397279039894455,0.00559254566351389,0.00859185983273027,0.0195286208137656,0.00199715785321721,0.0231686994185939,0.0122045717789508,0.000792125430323056,0.00188203711800455,0.0108073846722183,0.00436349550063573,0.000805705700708871,0.000380087465826355,0.00779012615931343,0.00416506348834952,0.000661311195327468,0.000742162347725907,0.0232796890741554,0.0480164102876677,0.694226691234615,0.0435030284461347,0.014237881306453,0.00267216414350737,0.0229468215183767,0.00387478696818803,0.00112559667387965,0.00129004240433919,0.00174871241362982,0.0233295686615733,0.00943885387522095
0.00353010843348312,0.00310621240229061,0.00697488103142173,0.0137893232157419,0.00155580932882539,0.00138334361623845,0.00402812334900286,0.00697679328176348,0.0232803155502548,0.015985817415309,0.00120749488740361,0.00341672993675487,0.0002226587049069,0.0007668285086737,0.00779438262638407,0.0192770980312402,0.00496262751640446,0.00940465266175215,0.00495906820109042,0.00238717274657005,0.0324690458220146,0.0318505065716795,0.66151701551574,0.0688295779671181,0.00412109255353065,0.0402159213611962,0.00647221628506228,0.00486066943810428,0.00115533275208265,0.00193197569883472,0.00954425129512012,0.00202295329400539
0.0011233394708324,0.0015497861360713,0.000224387647526521,0.0155286530843154,0.0642182566799806,0.0042438555846474,0.0348892222162757,0.0242694488512384,0.000693503116240709,0.00123406076384892,0.00059081114903642,0.00994055432562876,0.0053593537252691,0.000125776124156702,0.000344630073077932,0.0269359087615415,0.000912746429618967,2.7438839203412e-05,0.00339784850956807,0.0668550179993438,0.00643892022393484,0.00612389366148464,0.0104279397541488,0.654902555124908,0.00351768045477408,0.0176765075334117,0.00429572880602435,0.022213792977868,0.00198591299172715,0.00243432086401326,0.00658526203102413,0.000932886089258696
0.00204229478264483,0.000901979763377659,0.00214049743022896,0.0629580174740954,0.0164564117954238,0.00499298539815004,0.0313240145712318,0.0333961422049304,0.0448805899212626,0.00682200476042498,0.000459641957350657,0.018307754358806,0.0018632605845957,0.00131249354282501,0.000621472528063449,0.00792116661866386,0.000716573420451741,0.0120594965501557,0.000117173720516386,0.166352610297468,0.0172535695172806,0.00117451695861132,0.0256536751167154,0.130957124698877,0.381908236451822,0.00611451343360204,0.0067352491096683,0.00118808029884575,0.000727244117258748,0.00360509086525602,0.000839839941115682,0.00819627781028013
0.00111038544848927,0.000272685308038256,0.000315534811286541,0.19434437477214,0.0301612445409645,0.0168657028274627,0.000685105825970375,0.169741632665546,0.01503501786996,0.0390290893710307,0.00270145291224489,0.00354817247345668,0.000785529290575765,0.000546586755645973,0.0169663222644349,0.000461674884516162,0.000433018308280821,0.00182201442769234,0.00178124812281246,0.0148945967225235,0.011847411388593,0.00769885100644656,0.000720596723151676,0.00124470217904438,0.0241076214688991,0.374027878418927,0.0210733171114368,0.0329720371651649,7.22719233635984e-05,0.00109562237546088,0.013494919792352,0.000143380844087918
0.000471629094734042,0.000750336190383864,0.000415790699508044,0.0338117971756286,0.0184279566548085,0.0157958478394508,0.000763368693175459,0.079092942987326,0.0103287305952658,0.00206475524140707,0.00184756224717156,0.0152500756797941,0.00232267746340303,0.000675490800678597,0.00514172849697094,0.00239809373343917,0.000251854840584185,3.69780209058162e-05,0.000588734208932983,0.0114448200355039,0.00855830479039617,0.0345205205622432,0.0207317205856752,0.0481631022656249,0.00955265631550985,0.00433062636335766,0.606052874335612,0.0100434460900778,0.000742599474794147,0.0111204607277683,0.0436794083813761,0.000623109408492501
0.012990100630427,0.00123982238709603,0.000838502684132872,0.170941892974218,0.0399844966482439,0.00417310363081418,0.00194985561527466,0.0837471800143025,0.0647186339816258,0.115813689357709,0.00664309712585483,0.000373777408481032,0.00257363551625146,0.000197117267635211,0.019289093119765,0.00447510529161988,0.00727038257301362,0.00189325041809423,0.000102790234889003,0.00975352772584451,0.0193832592359414,0.000879209105719461,0.0166303898073544,0.0171099737798858,0.00721323128226979,0.00512195733298543,0.00303933897338214,0.352390372506062,0.00042328246479488,0.00374167058390986,0.00288129266830012,0.0222169676541022
0.00217481617265606,0.000642472936302716,0.000394933723748513,0.00800079374817966,0.000750470892194506,0.00381412970985563,0.0022966578989834,0.0224890009648397,0.00232995538807717,0.00338061240545086,5.57266934235601e-06,0.00515720401332357,0.00303814078215232,0.000520340431114001,0.000586574466735399,0.00970963122267998,0.00122889975875082,0.00320768841548902,0.00129549234516263,0.0122020645981966,0.0100712054023251,0.0089821633353509,0.0210097262024507,0.0260804195961498,0.0017503083998803,0.0540723707936334,0.0557668924406077,0.0274479957133161,0.672941951547655,0.0213665008140843,0.0157654582799259,0.00151955493138533
0.00905585256623834,0.00536000254379291,0.000803975785415979,0.0613460597986701,0.0271019603551183,0.0171427934931554,0.00382918327907609,0.055932612066954,0.0152110232323917,0.00592573952460521,0.000371121435754523,0.00148728093426953,0.00171205312501527,0.00219473653845713,0.000244076455047603,0.024984015051497,0.00621048202363958,0.00314380109992216,0.00733384307437051,0.0800306497594373,0.0144190836873156,0.00152466104374005,0.0529922878375726,0.0916987985423882,0.0467688575035268,0.00212215587900314,0.000295056708571434,9.42815960908175e-05,0.000341277022618085,0.404991449064425,0.0121081377967206,0.0432226911751988
0.00127089669286226,0.00285565733427473,0.00406752244320894,0.0195133375114909,0.0475410659570454,0.00251409745674449,0.0178728136606306,0.0118965583851632,0.0105299121187592,0.0116906998443123,0.000327986110731528,0.00576097889684131,0.00949362133039863,0.00141273757144576,0.0085273440792844,0.0371885018779614,2.20180957679597e-05,0.00100691248900959,0.00270464337212998,0.0668561178328176,0.031226471024087,0.0169462564321414,0.0749499283813411,0.0655875191640492,0.0200389664886879,0.010019307001947,0.00131838269832359,0.00949263137737117,0.00263290763962144,0.00166472566540695,0.492479178550896,0.010590302515247
0.000715589042875683,0.00058458887171448,0.00363352637795634,0.110310525017574,0.0493756357828711,0.00149266057667916,0.0409195671740813,0.0454716097928772,0.02874655553674,0.0305054507342333,0.000595313952878283,9.25158317954932e-05,0.00238330441578925,0.000390905117356095,0.00346293956473236,0.0143697233454669,0.000413219002618782,0.00905331916097017,0.00132708662320393,0.0618875758382602,0.0240373055545206,0.0221595593360055,0.0361048090659135,0.0688273799735577,0.0043016557256733,0.00648587108635441,0.00105938248565046,0.0118672535340366,0.00274894176077239,0.00204534537943758,0.0116570533833506,0.402973830954054
