0.594694088475916,0.00355117448257799,0.00968763282119877,0.000713012826225865,0.0179621899852502,0.0026749111117073,0.0124959646593044,0.00210676080462347,0.00777352918290487,0.0158949943082666,0.00508783037313633,0.0812747513824008,0.0111035702806869,0.0031924611945578,0.00163982764705525,0.0115538694903888,0.000212811216620389,0.0141364866359864,0.00083761001321992,0.0113206154942449,0.00123740879841505,0.00134196869582004,0.0352912319569602,0.0240706353237727,0.0267497290015518,0.00600731203331353,0.00253023128739135,0.0373322270118604,0.022503831613111,0.00128598478685989,0.00685800879959101,0.0268773383050797
0.00478691914414868,0.618331560335671,0.0276565358950964,0.00512536386303529,0.00171684456514305,0.0385127874050684,0.00504557035315711,0.0143333680485013,0.01065942053045,0.00547575112674808,0.000404019577221477,0.0105151852648577,0.0130740235149708,0.00127156031741352,0.0485035338661305,0.027003942300655,0.0238995670709317,0.0127408733846534,0.000725106034772988,0.00820756915552175,0.0222057328794206,0.000679793423458043,0.0316895914056839,0.00996744970675458,0.0138740516136566,0.00909617521356829,0.000345546994574152,0.0125296075108711,0.000575659589333678,0.000865420618747516,0.000889806458998197,0.0192916628307849
0.0048932638623307,0.0137807900186697,0.748421424527298,0.0250517427359546,0.00488450647774771,0.00619773535977291,0.0193630962037192,0.0421006565787995,0.00137196999203904,0.0103476608077199,0.000482429016694167,0.00627001909555268,0.00170587840742047,0.000111556420755972,0.00812522414694943,0.00328495755600358,0.000711573234041487,3.58965403263669e-05,0.00191934751792489,0.00928893714531735,0.00239545789298008,0.000393947638905584,0.0122492872691959,0.0062493039792032,0.00609812533271549,0.0010244364234616,0.000518486772129356,0.00651284822551499,0.0431827507331655,0.000504422351999287,0.00984396379234056,0.00267830394335068
0.00273360705541689,0.000952085363873816,0.0129783883644757,0.614315828302688,0.000750808115386141,0.00116381273096459,0.00369067254770131,0.022155003026053,0.00520436905187664,0.0189193618041899,0.000593919419999717,0.114400311105733,0.0195760499936692,0.00254680014916548,0.0198067122500975,0.00304024716209027,0.00188333999973507,0.00376865404002833,0.00288601500818952,0.000733729065368337,0.00277506398864932,0.00135691870153772,0.000410823410069722,0.0143442705831417,0.000353435165394242,0.000433687280980881,6.57450416789643e-05,0.0756258798769816,0.0287490515096505,0.000766369224871643,0.00841775226806237,0.0146012883922792
0.00232246498530337,0.00103536225232139,0.00639011027957754,0.00378835024185518,0.579455057466778,0.0600634165836119,0.164065794591477,0.0102724859000323,0.0238481269333341,0.000557662230552808,0.00239446227331413,0.00945507249506598,0.00633345686174973,0.000274785333845267,0.0140739517916003,0.0536031627701327,0.00284158185015022,0.00168809272965661,0.00205363064981779,0.00488371016825562,0.00888815488931988,0.00785196331869949,0.00654539815221486,0.00944928624450062,0.00280697430899566,0.00195529872403939,0.000497329027704724,0.0084658936018068,0.000467163581005009,0.00181058107764849,0.00146417063293702,0.000397048052696116
0.00290746230922169,0.00289061679465981,0.00354408560370621,0.000121262410398681,0.0398463173413448,0.619357153682074,0.0755324338631925,0.0241318752787752,0.00206353100417346,0.0249484252204956,0.00162496466682069,0.0031562868055504,0.00797125603234273,0.0010576936754131,0.0300234560100378,0.0846378006300296,0.00608525739804475,0.00160455602345139,0.00365310243663832,0.00663319985599331,0.0140526473232673,0.00325694755416494,0.013000568045889,0.00279401018082006,0.00266271027043037,0.000797614664982247,0.00280552975244594,0.00555859861293405,0.00554651384076188,0.00207551684746851,0.000511487329212131,0.00514711853525932
0.00573375484829679,0.000117926877119453,0.00755569081568093,0.00409207728628577,0.251695972362263,0.0312792265629004,0.311489560777062,0.00497797936296249,0.241773615578207,0.000451058151055769,0.00144745828202639,0.0093376407111166,0.00918570291810982,0.00271785939674103,0.0211361770907086,0.0197754235246517,0.00970339860384368,0.00150881613137566,0.00100611655800075,0.00598260108708011,0.00618250623586296,0.00881203060667779,0.00284266736483102,0.00180041108919454,0.00585938387258347,0.00629392508277509,0.000525451389115082,0.0196868243466719,0.000612723659893555,0.00254066958148474,0.00145145550203731,0.00242389434338456
0.0020973014799117,0.00304354141076747,0.00279646352001582,0.00253480449623024,0.0126419461821104,0.0130727066077475,0.011957099544282,0.612013228239712,0.0372556783905811,0.0162717835629755,0.00474051864624156,0.076462585661153,0.00860413037170115,0.00227551415424929,0.00574815253783133,0.0118088545416096,0.00080605293515273,0.0011935469412723,0.00885112758409606,0.0034494001211748,0.0133466191068586,0.00105180787918895,0.005818504604241,0.014205948293526,0.00356386450106203,0.00125408695432366,0.00097702366200201,0.0570186690557405,0.0204339515649844,0.00144452437712863,0.0104617921866023,0.0327987708855267
0.00150036257320483,0.00753843336144813,0.00210754180197178,0.00368270460938518,0.0615028602125604,0.0283655423055142,0.02037538139208,0.0208474943530133,0.630957019399132,0.00526097221011011,0.00333526081981525,0.0178642340670852,0.0100639172600576,0.00368633874706987,0.021861894018353,0.0546900844672366,0.00835384283746112,0.00583776177680517,0.00158489196892842,0.00224601256536631,0.0110444216909135,0.000239209254875649,0.0182200368112687,0.00368521571373996,0.00238242152704968,0.00542746300362367,0.00467815683976628,0.03498589516804,0.00602056487703237,0.000353522754830412,0.000814893900826768,0.000485647711434208
0.00380918314455101,0.000165120468840919,0.00294145276212106,0.0442605978652912,0.0323450291904908,0.00194680236453602,0.000253238056718496,0.0217407009539266,0.0246720498030203,0.630321611536883,0.0558886799532037,0.0762768363448588,0.00193167750835391,0.000519452274430958,0.000109248716777476,0.0196923560034521,0.000165502635708988,0.00287548143259613,0.000845399344813383,0.000893109650636667,0.00200268123481101,0.000173223563618035,0.00075473654448237,0.000899021178382369,0.00134433647412142,0.00113330169667094,0.000266290892808491,0.0343291051161523,0.0325818012755333,0.000598857291213195,0.000749957898134486,0.00351315682286032
0.0008270579727725,0.00229037877878496,0.00255679138742721,0.108958670479034,0.0019089831541772,0.000739128816941557,0.00764074088109275,0.0245565034674075,0.00304436926275953,0.050112065063077,0.588950776196142,0.0105599113844004,0.0646793374504583,0.003996863455668,0.0048880395045927,0.0150638797837542,0.000838037120305876,0.00138297604596368,9.47031799507581e-06,0.00607883837564805,0.027904861347585,0.00173995154292629,0.0306724106289682,0.00985799134990088,0.0026065600658262,0.000386892498772951,0.000316396450761098,0.00536326141409808,0.0148070320185344,0.000251920709341282,0.00115956362713223,0.00585033944775115
0.00189820832243121,0.00405595283196706,0.00264706552982903,0.0370753348028404,0.105965035575077,0.00143280642413727,0.049409556981065,0.0130672762136221,0.090526377032426,0.00717787768105048,0.0146401570392075,0.34694815007746,0.0189041285070591,0.00312043554769526,0.000837800304029622,0.0164036417134701,0.000825647109104092,0.00124650307369608,0.00654379585860101,0.052383686595563,0.0471299554660269,9.02441459427109e-06,0.0135184551976732,0.00595974198746731,0.00238112743904705,0.0576087539725588,0.00840858514600714,0.0186745466829963,0.0449705652008506,0.0052601367675109,0.00895703030751011,0.0120126401974267
0.00016927429504165,0.00491420369205948,0.00450858161731528,0.0999835969649004,0.001324756556121,0.00958526494181986,0.0310941698467298,0.0475744710504723,0.00143694110758565,0.0414833171970236,0.134723408179083,0.0607767454753785,0.385104222531161,0.00421941713258685,0.00933230232757355,0.02684372490252,0.000848545392475677,0.000235439208993008,0.000597690086317756,0.00157440557702876,0.0162880670364581,0.00223354379834327,0.03850562334354,0.011728838799704,0.000638834230176868,0.00202952674676587,0.000617802987898663,0.0509680034080709,0.00386324740437415,0.000142570074971444,0.00463418356819349,0.00201928051931606
0.00116169552916138,0.00265411960968758,0.000155385995937955,0.0568318374158034,0.00275556265514087,0.0033481008605578,0.0134932443458512,0.0130958835873965,0.00755043278343749,0.0136201954098673,0.00735703990187018,0.0293786560320449,0.00924938091866416,0.712894325948071,0.00502776587886748,0.0164603145966628,0.00433311037673436,0.00633743545384594,0.000765447127370102,0.00249116246546422,0.0108669809031203,0.00577685271306385,0.00732811093830131,0.00571935258556579,0.00384309685414493,0.000806183184841203,3.15201797915765e-05,0.0492732356064372,0.00194082562383552,0.000980414510542938,0.00312310846193371,0.00134922154598509
0.0016207606230847,0.00856015016180967,0.00861509895669478,0.000275837189943119,0.0342291737200865,0.026611562040741,0.0552570718736545,0.00107054201961965,0.0257283743756229,0.0349311555244511,0.018824376370168,0.00126563981200944,0.00717121540975123,0.00289534561202227,0.636833366473705,0.036731323495507,0.00188365423162771,0.000351670902880444,0.000510115867855114,0.000983365026573869,0.00356574868736913,0.00208430939935322,0.0412588428548573,0.0112228669345685,0.00378245907633633,0.0034687824121853,0.00639265908274271,0.0031915802481911,0.0113300436816647,0.000121446826585811,0.00160646907365032,0.00762499203468769
0.00530072302665398,0.000507907369426137,0.00581150494935234,0.0437805265345011,0.241734471602358,0.0268938645314488,0.0257294838879643,0.102160986517952,0.3009971337287,0.0169906442541241,0.00203687019969266,0.014342092969575,0.00768376211130865,0.00193101455896677,0.0239079382835498,0.102037764506966,0.0053167988040392,0.00635213146897253,0.000776435339660931,0.000520846803247983,0.00316802893956724,0.00204869503644581,0.0119348332568446,0.00383595774667384,0.00180145339990784,0.000816833765961278,0.00387417200362558,0.0253710401114893,0.00510305635712621,0.000302919919385047,5.00734918820239e-05,0.00688003452263157
0.0689735242287365,0.00411270554043383,0.00341815372823776,0.00163665844827667,0.00753197393325681,0.0010060219484933,0.00682508542634409,0.00648725342409768,0.0248011097716224,0.00730731681361578,0.000745087365638069,0.0372777341057439,0.00474554806206987,0.00460165664336384,0.0109546987347244,0.00763727140719018,0.593893496152312,0.0395680817433627,0.00335950910514021,0.010065801045517,0.00167723903743242,0.00103232660680524,0.00837348934553296,0.0126392477507052,0.000949293506320542,0.0131583512000139,0.00242802000926652,0.036900968078741,0.0163437912675764,0.000123653658100737,0.00555928474069558,0.0558656471706328
0.00588616010877562,0.00276133806544798,0.0034867653773375,0.0171722182959155,0.0722573841160438,0.00174336238988052,0.0279130545730329,0.00752924757323396,0.0736487696812855,0.0209285108896323,0.00721711917654732,0.0387950246614847,0.0135539264524811,0.000585681502090936,0.00266864612947034,9.99092145586347e-05,0.00330688957125229,0.549476399623423,0.00439054088535192,0.00589796119800496,0.00598639283503883,0.00504613778801914,0.0185415119981989,0.0018810232546544,0.00613556639862098,0.0150176826313858,0.0027623043235534,0.00455382453881596,0.0477423251415098,0.00411248539758376,0.0287515883466528,0.000150247860715768
0.0103377296339804,0.0013167069120208,0.00163506334979476,0.00234803220529377,0.00873442706674993,0.00106444173670664,0.00596943093590921,0.00238431477009966,0.0296337656835353,0.000477532984782641,3.25897078658791e-05,0.00203117600961844,0.0102971381869642,0.000186591655456342,0.00974721531033605,0.0113044478040739,0.000492777314353693,0.0170673368468109,0.801622903442693,0.000162611429394128,0.0168532096197822,0.000667006815774574,0.00982398590316908,0.00528883119225668,0.0250410504383522,0.00565054083209871,0.000286607131998377,0.00794793875090152,0.00303534266620764,0.00576067104539838,0.000835250934643323,0.00196333168297728
0.00158544725427898,0.00133640812743922,0.00914007374936929,0.00105149426514416,0.00642277722228688,0.0183857426898531,0.00259927153132403,0.00454751560475171,0.013804815886439,0.00205265477601566,0.00129956992940681,0.0219553108383248,0.00440514458619738,0.00182662248803509,0.00507287645150966,0.0242490251509727,0.000354092628313789,0.000148955603301146,0.0121430206073261,0.636001878565618,0.0112560797792041,0.0261542770266028,0.00673244712496608,0.0228947705214808,0.00184196797765853,0.0740809203406969,0.0131879597742572,0.0210437926074266,0.0147542299957422,0.0150134781488521,0.0198178900580288,0.00483948868917643
0.00403882578196143,0.000200256661482552,0.00347606234766884,0.000148674017963712,0.0039422878797524,0.00222318370312891,0.019061121065541,0.00140401329362524,0.0196211777979005,0.000120894180004019,0.00607192858407698,0.0216591485562854,0.00258091240751517,0.00108549998159379,0.00495423533744657,0.00961301616733798,0.00131540619363558,0.00017674804217659,0.00369168397146728,0.091517604289751,0.574526146458906,0.000321804236428291,0.0045169918580518,0.0797888990598932,0.00123842113156814,0.039909321174703,0.00613470244339658,0.000325375992064633,0.0125562971103129,0.000181255391167491,0.00206241549131377,0.0815356893918792
0.00474825432164073,0.00337175994611071,0.000527791149805566,0.0117316789123001,0.0743962627434459,0.00158809338296173,0.0462025006294545,0.0131629027766794,0.106758732717553,0.0206041484815453,0.00917497194674294,0.0597248874483402,0.00441291866557728,5.34623945811061e-05,0.00415109326020938,0.00512603214382154,0.000872177811536909,0.0356632140051968,0.0115855554656143,0.0554100991903222,0.0156691257893902,0.307813166547069,0.0174284845011354,0.022149453954032,0.0849052068192818,0.00444182667993947,0.000353592531360845,0.044038973531301,0.0279294796721458,0.00374638053578295,0.00198117587190335,0.000276596173217923
0.00278590942948572,0.00113481503307437,0.00379848351835654,0.00158004941974348,0.0368312750965529,0.0009747147019649,0.0613736680863676,0.0126786110842343,0.0360748343063287,0.000357416131983889,0.0010322710750689,0.0059795275839627,0.00284398140151136,0.00149892928568776,0.00383027856964163,0.0173415114686589,0.00115373482305903,0.00234771327844476,0.00547112907426895,0.0347438944278646,0.0477920595231672,0.0277715244313243,0.593915637834154,0.0186496136077148,0.0105425899711395,0.0152297110267982,0.00117451861092963,0.00636483175830077,0.00776225120636502,0.00176844168844534,0.00328525886568065,0.0319108136797196
0.000718135316444091,0.000418158596789734,0.00949892905499318,0.019874230798707,0.0237971389176588,0.0241682288234631,0.0447542683211299,0.00494402381243808,0.0210347449775862,0.0198114353853504,0.00664871010743793,0.00495909275281643,0.00210180758592856,0.00165349606333995,0.00500384287439484,0.0348889337106674,0.000192901616178812,0.00519870265761503,0.000892789146600003,0.0663889069080264,0.0304004409768625,0.0140230804125556,0.0179926713370175,0.552397294183409,0.0344287378437793,0.0344955822344222,0.00117745390741377,0.000748508832852317,0.000339793000523284,0.000548790153468756,0.00930083158342776,0.00719833810670178
0.0437974984010934,0.0197076848362812,0.000396278893174542,0.00499430449784527,0.0541760696536839,0.0122244804248097,0.108509331257041,0.00333004987245891,0.00594709864027659,0.00604524460047252,0.00173325224859959,0.00594876779016557,0.00291022424938919,0.00114192751809734,0.0138333582713905,0.00843110007438722,0.000222203986003086,0.00292272784970158,0.0028573177958193,0.0372833634212108,0.00221337445691738,0.0031714751767056,0.00762093156594698,0.0361397412315837,0.544761468196079,0.0136804970086297,0.00279101952978515,0.0357248804170709,0.00183060555124691,0.000551016650569294,0.0133543918404098,0.00174831409315417
0.00158625674304565,0.00289723036870352,0.00923611394863516,0.00379160089731022,0.00858508268178175,0.0202101011802602,0.00265711808938179,0.0012882603766015,0.00613179119471616,0.00541480949564597,0.0006600459032949,0.0326737880567361,0.00663979023914955,0.00255035485544749,0.0141444633651873,0.00890374822635528,0.000827248140416353,0.000402602316554066,0.0024323956269564,0.00683114366164303,0.00604570972551021,0.00847533057253353,0.0042311733330489,0.01192690436055,0.0023243505107986,0.719283425960613,0.0104686247521767,0.0463532628826132,0.021741433914325,0.0117900458289584,0.0169380705018651,0.00255772228918494
0.000608525151893379,0.000166010098425466,0.00163616432178559,0.00653517530413371,0.0312451267430887,0.00597563137193277,0.013720595606645,0.00131040387723887,0.0523134142777283,0.00817879696572312,0.0146091108815803,0.0798563600318881,0.0219638960110512,3.93232210683515e-06,0.0201529844223514,0.00894462447483734,0.00212174902348604,0.000688976577943781,0.00140226251819631,0.0257754703544444,0.0228425593837453,0.00586067549740025,0.000734186373731121,0.0038621398517258,0.0241447205187942,0.0242763502513168,0.556994432492859,0.0386680330563517,0.0128574452228216,0.0046019689462738,0.00389255289222584,0.00405572517627424
0.000354167471905067,0.00384102357665954,0.00472356550012157,0.0445575513516687,0.1180328595405,0.00305559594205284,0.0531086754956637,0.0220731311794707,0.0885959640293986,0.0199489319939445,0.0265932787525287,0.0435466199879454,0.0114480214964587,0.00102880963073672,0.0106787994235336,0.015030754335794,7.30015670516731e-05,0.00218888084948024,0.00690959692080368,0.0293653344750612,0.0307787191995204,0.00108417460530593,0.0170151040227924,0.00185543872448927,0.00161037220558002,0.0345803596943272,0.00977521009381008,0.358162985353529,0.0286573930588004,0.00375385097782952,0.000486844112043606,0.00708498443119348
0.00203337488092436,0.000762306640341992,0.00869485566551213,0.0299940546960906,0.0754741398567497,0.0168689693681158,0.0325220568068803,0.0157571753361,0.0726829909856091,0.0227168024744715,0.0174732457435838,0.0372249430875807,0.00174898673772423,9.90813351746512e-06,0.0049347281250745,0.0288663685131363,0.00138049363886814,0.000739536087597582,0.00212196781001157,0.0177454482670774,0.012290041624564,0.0103279479291252,0.00178131256957005,0.0108434500073028,0.00967389209599677,0.0146412158937007,0.041166145346284,0.0407578377718243,0.422630502239983,0.00696354280861307,0.0333702055774256,0.00580155328064326
0.00135565132758317,0.00220399917930511,0.000342440998928701,0.0238634694435929,0.0230159410306865,0.00147660617794376,0.00929311422483786,0.0231695839780216,0.0274878190347308,0.0011191565465374,0.000474057614368729,0.00238671701988388,0.0102850871966222,0.00021939785535658,0.00285369151636314,0.0091117696369357,0.000498631749933437,0.00194263653759139,0.0210560194794837,0.00162740813827999,0.00534563267393311,0.00854365578388438,0.0116238801544357,0.00249582906324071,0.0039901722826733,0.0184598253660447,0.0102432801780982,0.00357492748104253,0.00526110171362333,0.764109724940165,0.00204389344069037,0.000524878235181741
0.00190853945471991,3.53137744533843e-05,0.0025302960960442,0.0328219838202049,0.059505378581069,0.00507632229732091,0.0216071427403192,0.0115295109354688,0.0624803027494229,0.0187405182619666,0.0125202119765856,0.0124823071578617,0.00442257812025633,0.000114915845463731,0.0017183659548743,0.0122912920689312,4.52052153686654e-05,1.48614103660202e-05,0.00406984499324686,0.00176625531895838,0.00467515481371059,0.00637578103151787,0.00619798469008217,0.00336351112139161,0.0056182437518166,0.000831460040472911,0.023139601047539,0.0296155068915173,0.000565053180454772,0.000181670293964593,0.650797961469293,0.00295692489533691
0.004973625572086,0.00163917172887706,0.000163709990939722,0.00324886842043509,0.0037935204877025,0.00272500698749233,0.0213570552361786,0.00464459727494727,0.00917925909139896,0.0132726509598277,0.011314323156709,0.0606310330992282,0.00122134104612563,0.00146612023049333,0.0113223089916459,0.018768921584224,0.018849672054119,0.00038304156458075,0.000954256187097316,0.0267219565911902,0.0596693541317414,0.00156586920383905,0.0162893273798345,0.0610163011419035,0.0363603914543858,0.00835388868379176,0.00395911540535723,0.0647482239457216,0.00962886237761892,0.000586378761177514,0.0131613303161673,0.508030516943163
