0.177565890797312,0.00262685363709044,0.00811047967455814,0.00398120517075939,0.0506121153853805,0.0114740951234694,0.0531589904929792,0.023392198964322,0.0234404500637518,0.00583805558013907,0.0125173375902547,0.220251410150835,0.0269674350119757,0.00121684052607861,0.0019490022657463,0.00628887597259466,0.000289192308318387,0.00235996313369722,0.000260018638067949,0.0321983788211419,0.0169545300127842,0.0027363144184598,0.0169327251841141,0.0695929958144899,0.00465323240460017,0.011466025400852,0.017917451962953,0.186888925717467,0.000450353898425996,0.0010966884129827,0.0060775500964868,0.000734417367911244
0.0155549740615275,0.501700709998333,0.00370026183296998,0.00617557569823301,0.0445805003231703,0.0191547520053594,0.00173322847258474,0.0123399988809088,0.00765910903511417,0.0183138948101854,0.00776457058537565,0.0194426756955747,0.0050771272716216,0.000365756217391423,0.0034792071694545,0.00164720530875609,0.000175757568817636,0.00150967998503441,0.00362035962879337,0.0326628935115987,0.00594157669693137,0.0103695574032991,0.0347467964188545,0.0602426165729446,0.0731358060576648,0.000100255714725004,0.00874355209638707,0.0329534801793756,0.00317490552227457,0.000294225293226005,0.00299972674365866,0.0606392632398547
0.00505641932052865,0.00155976056984912,0.161182355680609,0.0369228380458905,0.0898615922165986,0.00770542800306328,0.0932748138971724,0.0729757405941592,0.00639620424466956,0.0129618496641053,0.0790348608726365,0.163458461165393,0.0761081491657936,0.00218367653524263,0.00476108149943543,0.00343483270644513,2.30758195854409e-06,0.000768063370206377,0.000686027400848997,0.00561819960805628,0.00379583312998732,0.00139801061023138,0.00662995492783783,0.00627170976893311,0.0161016222572846,0.0128187829138213,0.0113617799610687,0.106661213285303,0.00213820358865668,0.000918287646025539,0.000202694161337231,0.00774924560685196
0.00265447696623254,0.00322487158777791,0.00203248533449749,0.193639121010232,0.0469813091132422,0.0236445273731034,0.0162772129869326,0.0220721707257664,0.0163929066904745,0.0182215673474458,0.00368977052744498,0.292912186005636,0.0129239352538345,0.00526022402111386,0.0110913380117406,0.00214655983893533,0.000663965274986976,0.000444217434667418,0.00128813058785083,0.0146539934167697,0.0140126632936869,0.0150528401123412,0.0346353518947503,0.0245573512827767,0.00273667639482077,0.00189054135035359,0.0014986027028196,0.211934149040519,0.000915431633635652,0.000509791525066874,0.00191735675681135,0.000124274503733968
0.00405150166525915,0.000300613406808871,0.000100443960446256,0.003784551161928,0.139549064747731,0.0121749908520643,0.0759018946408723,0.0113738602097766,0.0678817351687646,0.0129190842181812,0.0474404734727003,0.177084974959499,0.0614675362562594,0.0033689911718339,0.00543747116097649,0.00194194081560954,0.00101283586678465,0.00289590964286469,0.00010562404426262,0.00441995141119379,0.0332969599827909,0.0254947979193433,0.122436961682066,0.0134750784638623,0.0240557781931149,0.00158237241085808,0.00370994438618603,0.123832737446639,0.00379413967347041,0.00049131462703916,0.000946750147682273,0.0136697162331307
0.00594981256791371,0.00625659594604586,0.000145985230420411,0.0018087729380951,0.00820646719619013,0.208712821151766,0.000119380853667505,0.00226703815138526,0.0247796489035497,0.0438808245019925,0.0310401229639022,0.304940966511396,0.0476304890354802,0.00191936178207367,0.0110026171852527,0.00132939336155529,0.00120181425240691,0.00222525758415702,0.00140610940788672,0.00433081097162863,0.00760308956880163,0.0122913869175279,0.0361960696782751,0.00405580763775485,0.00697072175106816,0.000935123251106809,0.00691446817023412,0.203553458257335,0.0092494535515072,0.000397921200230019,0.000830957644864166,0.00184725187453029
0.00412719816595286,0.00181745787587069,0.000819164680088011,0.000253848263399593,0.0158571857246543,0.000853756025989206,0.258106123547439,0.0022795782262094,0.0281435978940878,0.017611667896263,0.0269694902271477,0.261826814206327,0.057931143952333,0.00183362182454771,0.00412147931005914,5.03155331878231e-05,0.00131407380994249,0.00239481366871964,0.000597662962367516,0.00177703319018311,0.0158769484136103,0.0211124172170858,0.0657599215314367,0.00479125788588928,0.0068312084599278,0.000191537346475254,0.000539459794006803,0.18918826812964,0.00218529434801037,0.00228250427770146,0.000279745326412937,0.00227541028503446
0.00299822642163127,0.00452018374422682,0.00349489486454482,0.0201308770263086,0.0912048051663241,0.0429767779768415,0.0485640709131034,0.140153268036862,0.0130596846658933,0.0175746904013496,0.0134341291941051,0.285991643563091,0.00809281198988373,0.00592427671943018,0.00983061835731646,0.00392784161673387,0.00154827055517993,0.000550132051646518,0.00178868643389245,0.0173865628443405,0.0048283401337443,0.00676924303852361,0.0076701679697073,0.0209705181923194,0.000540200568517022,0.00148873252450054,0.000636033615418679,0.217290485689808,0.000274265083966232,0.000960558006264419,0.00172543892590368,0.00369356370862196
0.00116764321137314,5.6924168257607e-05,0.00479872874068301,0.0214158913034451,0.0503067981134864,0.0178636778936284,0.144732032230346,0.0377128892674723,0.475893876362258,0.00667946808684959,0.0291683354128868,0.0115467749377791,0.00234209383058859,0.000377449562114318,0.001113037895075,0.00609402578051978,0.0011282574145882,0.00191780586293978,0.0011034967525942,0.0082120642100829,0.0132672861965091,0.00581140808074176,0.0550977149829543,0.023054202669427,0.0346774676284852,0.00285985623839284,0.00191178078900651,0.0087226064573646,0.00175112221204128,0.00398900629454488,0.00370415214743366,0.0215221252661303
0.0007874497420888,0.0016899969371808,0.00248846960438083,0.00897768180359769,0.0673123540986726,0.0218029845956623,0.0261825919917343,0.0461433632920312,0.0183973746894287,0.178998691017443,0.0097257242907473,0.273736636660448,0.00433366307209688,0.00305591907861887,0.0114902674630572,0.00277893925753003,2.01758431752218e-05,8.7262947961527e-06,0.000128474781932344,0.00729304728579858,0.0133866756833729,0.0198140674110961,0.0465479120379304,0.0180876583811482,0.00418823866773837,0.00101537235556137,0.00185543076773258,0.205371644856624,0.0023072215629245,0.000491529180677263,0.00079258249966014,0.00078913479511367
0.000138962637750956,0.00061312596379589,0.0014131512683016,0.00905841023596579,0.0741984935010282,0.00847038525948162,0.0600305317526938,0.0508892567470693,0.0293948132540303,0.0137329378187141,0.145064540171688,0.208287040438326,0.00209498547091709,0.000947053188372369,0.00501099251337195,0.0038875627176273,0.000642096357874611,0.000127782764758008,6.71932128475645e-05,0.0238743870098501,0.0307562329563045,0.0338922571300851,0.0809534750036421,0.0487232126172255,0.00715070606997009,0.000665213805945054,0.000695118921511595,0.155952440258313,0.000416973331783986,0.000995754270868164,0.000508274762275801,0.00134663858761051
0.00165441232275092,0.00150243757979385,0.0010397670495933,0.0067545130313953,0.0558792112526604,0.00116026386916628,0.0491032889284575,0.019530769292469,0.0108595749030242,0.0217805227508052,0.024370637652009,0.562566673997758,0.0257336598617244,0.00545088976172092,0.0091982146114774,0.0016149226243729,0.000630647898709932,0.00048152843032239,0.000102175914409686,0.00942750016267776,0.00871092795500198,0.00990071850492916,0.0192181944379778,0.0189169714858569,0.00200668990845259,0.00399936304829926,0.00771078219160767,0.11292822600851,0.00216430559656141,0.00270633365183637,0.00245867865746176,0.00043719665820629
0.000718189486034673,0.000464766634843041,0.0010444010835518,0.0149583892702477,0.134435291602505,0.00216082817366156,0.14196182749438,0.0586127085862538,0.0468818494314086,0.00204733856230444,0.00413205067094097,0.0512408619387132,0.163946300130596,0.00200688420530499,0.0021043600684227,0.00258346632533279,0.0015299251069614,0.000456006724868165,5.36078395266847e-05,0.0414591519660482,0.0411862085341864,0.0308204961224033,0.0879242212113991,0.0793774313804169,0.0107286943159041,0.00983764726969501,0.0116868936852142,0.0506182694629994,0.000538894869473361,0.00112297841449664,0.00141921748952067,0.0019408419423851
0.00177511816469335,0.00271165359145996,0.000984105039274518,0.0595193829765757,0.137950955107212,0.00393753417469918,0.0857532139608946,0.103286908777997,0.0219998876914405,0.0199202096072523,0.0846220661424528,0.126406598222281,0.082841056234766,0.0925263808509042,0.00616103529187477,0.00332885053319537,0.000164611085427665,0.00108233943589083,0.000423202867770494,0.0106482493540796,0.00594766629023216,0.00509210427594145,0.00845784012208789,0.0205621942179352,0.0106858710619466,0.00381311493715908,0.00533386886492904,0.087520757270938,0.00323765295720696,0.000195711336856504,0.00107391244173564,0.00203594711289017
0.00143128777319271,0.00118691039118661,0.00275806919441637,0.00620187889351757,0.100794716652294,0.0106819816828865,0.0718060992192552,0.0257337663996653,0.0126935349806737,0.0459406765316426,0.0866268643211396,0.223445142799474,0.0619078861273032,0.0210974852424607,0.0835615000303779,0.00487996461361135,0.000162757633587336,0.000305028178743707,0.000830643307998449,0.0094468328834256,0.00200590404139239,0.00154303559834471,0.00333340595144823,0.0193793047264707,0.0122280013006562,0.00392491127913336,0.00459047477039981,0.168929074045444,0.00273369774693948,0.00403785764523418,0.0019119681332567,0.00388933790442756
0.00295062353951875,0.00575894946224459,0.000982042906768655,0.0812778176840078,0.0686172683032936,0.00435387631368444,0.0721661257512086,0.079061506057052,0.0196168304169523,0.0414854368631363,0.19452751253305,0.0233268341953398,0.057294429090572,0.00181543428233735,0.000296545090162084,0.164591660129118,0.000723355695835169,0.000603994619570105,0.000252008077339351,0.0168214027035863,0.00663947162159392,0.0050852863573322,0.0338018836816837,0.0065116376101766,0.0207442595650433,0.00478395098578624,0.00842526319975782,0.0161405458463345,0.00265051500231476,0.00149184539472523,0.00102823300370304,0.0561734540167719
0.000527379101996369,0.000568201373365256,0.00906236783667569,0.0169740066999223,0.133779392527079,0.0208068127327165,0.10597331739089,0.0854077793831909,0.0200367534989337,0.00426831842647424,0.0105077141449482,0.12301492683405,0.00545281142636946,0.0029700015163498,0.00691103671102506,0.0120929943838644,0.195274304504186,0.00301378191977337,0.00238828286119891,0.00773205776932288,0.0169245743417768,0.0016072477601875,0.0137910685966979,0.0270157556663777,0.00450629843288511,0.0344635007791517,0.0386239414935583,0.0897034039535923,0.00306349548319136,0.000890277578345301,0.00192305855079588,0.000725136321108712
0.000335400011058345,1.7687553305837e-05,0.000219720163525302,0.0284638787208717,0.0211896497618133,0.0021530296153241,0.0256401077878622,0.0361252010667674,0.00408461010880777,0.00191050629239896,0.00228293883195212,0.343587582066007,0.0262671267997071,0.000412686825402915,0.000546088042065007,0.00122096026609637,0.00255422579952695,0.163631805358514,0.00431078598511252,0.0010144058742495,0.00345289263198202,0.0248299177060415,0.0297623314764212,0.00177765878553288,0.00641283687842093,0.00518372505665728,0.0040034364832228,0.248287850334729,0.0025424942350736,0.00242177808029386,0.00127913164305821,0.00407754975819826
0.0001594923170313,0.000254930014859991,0.00165925754682601,0.00412274591151921,0.0435878897923933,0.0035604038537358,0.0347135667054853,0.0192573177393596,0.00364602638350852,0.00491157403297687,0.0558434963359859,0.324448414529258,0.0945963359383725,0.000967621205029599,0.000893472163631585,0.00201668675304631,0.00140640926846058,0.00121184356853095,0.116444932233395,0.00716919761647455,0.000916131870535418,0.00951694084269426,0.0142248342993128,0.00316896647708073,0.00641441003702983,0.0169273066418744,0.00326418999110336,0.213196489375911,0.000103049880459548,0.00373534750987369,9.27752203966681e-05,0.00756794394384785
5.74914606734417e-05,3.41900835444776e-05,0.000389082821129602,0.0157912659490329,0.0552006640148321,0.000922402148441561,0.0692227663782339,0.0390294315902628,0.0200119708810181,0.0101467982301619,0.0236133977902518,0.263751331840738,0.040622513060752,0.000408628230618126,0.000824462838779208,0.000679979734353526,0.000691659646743256,0.000213104835642989,0.00139798732274466,0.0367982219256898,0.0314320576830083,0.0257829548994075,0.0882740742456082,0.0244549300414359,0.0185011074157691,0.00428628431925665,0.0122461921779707,0.199654610337289,0.000801975658140781,0.00141157121153645,0.000457847614597915,0.012889043612335
0.000335725835784107,0.00134143466230521,0.000807050980734668,0.0161425194991246,0.0280571347659308,0.014019804610971,0.0729707999811632,0.00485373137425827,0.0295998857293176,0.0153127768327204,0.0262211213940049,0.207715200768355,0.0826247118866899,0.000106003025194984,0.000116126086116985,0.00124906508708855,0.000445407645179775,0.000705200214169235,0.000465607694237203,0.0256088844809133,0.192895974942291,0.0124402759542903,0.0359724250961654,0.0329878286715006,0.00947649310753047,0.0121173429825675,0.00135419684712752,0.149534386579599,0.00255211833202049,0.00475157193666014,0.00715943241383128,0.0100597605821564
0.00162652532407621,0.00117419967920561,0.00140136455362203,0.0927632032377611,0.0956812629210873,0.00369796966916092,0.0493225503001352,0.144975040966208,0.00898692221087661,0.00103740641586597,0.0171184221623286,0.124579941169711,0.058112972834604,0.00144079860554596,0.0030298012886723,0.00157398023273535,0.000605023771811216,0.00118283280721407,2.79212663660321e-05,0.0139171483229265,0.0113895597626182,0.193292394140464,0.0320978387770782,0.0324371478024214,0.00334670004667911,0.00640989056734122,0.00494102658843641,0.0832463823420441,0.00230459985513996,0.00382828401246487,0.00166392662878115,0.00278696173661709
0.00368452748007979,0.00261573604702082,0.00158630555214042,0.0596996435139962,0.0448267154980716,0.00682131187865457,0.01470223982472,0.0695428848673519,0.00308228074768866,0.00431755161941022,0.0322246491999989,0.210804904533249,0.10897658381445,0.000685061687909688,0.00212268337914676,0.000625484572369798,0.00107738396910498,0.000996870421822461,7.01779367443368e-05,0.0359220528110238,0.0130904413567872,0.00373973303797155,0.138334401971696,0.0632775008562408,0.0047362664702405,0.0174268129218837,0.00590453414192863,0.131068440772666,0.00285771448186631,0.00678669375696347,0.00598807015839701,0.00240434071840459
0.000137451704184262,1.51781420586109e-05,0.000234134042447617,0.0157837301997566,0.0490190968174231,0.00233151016756523,0.0745273045531852,0.0293248395442422,0.0248420747752921,0.0155009574604633,0.0444123846650329,0.24010200318722,0.0404507438880271,0.000146729827177846,0.00052272826313874,0.00012139343731288,0.000109555577933448,2.33390419590759e-05,0.00147565891241033,0.00382672823070151,0.0224336013507382,0.0166454901923258,0.0615187436630426,0.125677913661046,0.0170193294372661,0.00280712140337808,0.0107378490516219,0.189415810338464,0.000212008459092552,0.00151331591786397,0.000218723208665807,0.00889255087896265
0.00847737664924731,0.00146992279549979,0.000274892337415665,0.0693578317841493,0.0821021096804142,0.0255414348688209,0.150685337381082,0.0765653124322414,0.0570943578085811,0.00308199505887276,0.0684014886067894,0.0445629767245439,0.0396276115555608,0.000325605254158281,0.00156882047764557,0.00853150290386212,0.000336196203588396,0.00332087584490888,0.00502047752837888,0.00432018692378714,0.0149047100722471,0.00674275334304008,0.0595998892545958,0.00677390867767408,0.0929546609995346,0.00815963256104448,0.0121309321757801,0.0413736579314646,0.000818180180386251,0.000571543748748006,0.000478847602119796,0.104824970633817
0.00761744779403065,0.00683548602717731,0.000246040075135344,0.0361751655097653,0.0162614106897395,0.00128402444351369,0.00404941697598644,0.0184013434891725,0.00077169830310538,0.0291573302206984,0.0913916755242276,0.141793583734434,0.00382307342470627,0.000250572034658409,0.00233849384949832,0.000791264158891251,0.00185319075819466,0.00356831316720013,0.00669005027349723,0.0404014548736149,0.0222334626187711,0.0036295762937705,0.0277318466590365,0.0361788956932326,0.013915181780252,0.354897919788731,0.018382002014385,0.0873471324754617,0.0012612461921045,0.0011949571524071,0.00747468041348116,0.0120520635911198
0.00886864876508394,0.008311405123385,0.000282591922021244,0.00839479431134771,0.0177086126516514,3.94536711102095e-06,0.0307769515477005,0.011527829504873,0.0037058785281051,0.0206380204296928,0.0861202610403743,0.275574620982812,0.0244363432357328,0.000593670011425923,0.00449032044815992,0.00162297954449415,0.00300495614372106,0.00413009401662311,0.00507384588496866,0.0254321977109353,0.0176896797065897,0.00952078026227792,0.0245036757130074,0.019812908046389,0.00491839648468316,0.0075653154306748,0.171411754702187,0.190798483883184,0.00142633998104847,0.00056125853263957,0.00995997895642559,0.00113346113067448
0.0055618084736699,0.00689815574197324,0.00240142331173916,0.0132284320188667,0.108919074208972,0.0026915542091063,0.0887643923893233,0.0412942925090312,0.013528335758123,0.0643575855711336,0.0651940390300228,0.324393577725869,0.0575495201148194,0.0109404946142232,0.0214234729420454,0.00380082939425155,0.00163029814112568,0.00194030744598482,0.000366393207160881,0.0137773557819966,0.0174308643417032,0.0166962181764556,0.0283598041536592,0.0330068721172565,0.000977645688337915,0.00990015135037238,0.019303413647959,0.0070714744274473,0.00551133399380324,0.00465713159666571,0.00818803692143567,0.000235710995466866
0.00472793786723877,0.00292539006255442,0.00144524633065415,0.0125097903902892,0.0591719030343912,0.00298620788556719,0.0498639713525256,0.0345101026528549,0.0246105218369907,0.0172313296418698,0.0715175264875255,0.156204238494636,0.0230123616151506,0.00233355514618065,0.0050996843098311,0.0019090322350385,0.00451150532278758,0.00307750905205304,0.00359169132709465,0.0116395096637791,0.0157232908719025,0.00492283140958026,0.0402225987605675,0.022658155279143,0.000152761678720109,0.0158682526051462,0.0305926083041922,0.11312951199681,0.258234617669251,0.000911253792620983,0.00421023070187438,0.00049487222117796
0.00207212775411878,0.000730552545596127,0.000435037953099196,0.0074993376506768,0.0212215333245677,0.00129396387421708,0.0391872515767025,0.010666189243985,0.0155248638368702,0.00220209559912983,0.054051599277506,0.324988633036623,0.079600485546048,0.000553014432648774,0.00131091272850763,0.00682913834859196,0.00117997404453398,0.000791287035235745,0.00391427578733893,0.0094700541385538,0.0155732675501722,0.0133917439810041,0.0352775106865706,0.0192965703548626,0.00853232782765236,0.000402728987019962,0.000862349797816518,0.224719663851899,0.000213897582294099,0.0963199233557496,0.00178931694199302,9.83713484153486e-05
0.0122142150094547,0.00866397470737804,0.00023437044820741,0.0182628723068386,0.00468563404988686,0.00224552939320438,0.0163940431519769,0.00798779065027176,0.0134064367740867,0.00315943242141181,0.0723983362624462,0.204599525459702,0.0648258126161285,0.0022022515111272,0.0029163200312826,0.00279738002323818,0.00147058991241358,0.00633520106020061,0.00542706271593438,0.00865664124874948,0.0595956337789623,0.00365206269528421,0.03265144941835,0.0500075605935099,0.00559169769688262,0.0214686267643831,0.0276037656517081,0.179160619882731,0.00378510696295883,0.00464271790707556,0.152720276335883,0.000237062558331313
0.0061879709041103,0.00203518506658749,4.76076407326464e-05,0.0319480097188252,0.0496722140597801,0.0101753577998412,0.085728445803951,0.0355831688474319,0.0438956532640621,0.00424831600534924,0.0624563637118214,0.0619711196539457,0.0384794511180331,0.000299642337328296,0.000712368977568529,0.00153655277772079,0.000111014145946701,0.00267751599920618,0.00138177049192702,0.00173534874577722,0.0120168738947026,0.000954655974392947,0.0378191216824586,0.00334829647364656,0.0768033173547698,0.00319084105972191,0.00774708348580631,0.0569626457602019,0.000322878698893213,0.000532072464973365,0.0013765667341533,0.358042569346333
