0.24049775230044,0.00196792496405812,6.86956969548963e-05,0.0192921731769135,0.0247129752337346,0.0107175617131671,0.0527518803079858,0.0630418976331527,0.00732336204197226,0.00504116986477004,0.00529058734768092,0.0211785316313001,0.00403369750096047,6.632690145813e-05,0.000103268427819358,0.00364876298117887,0.00763049002714394,0.00137855433433475,0.000365220004508585,0.0364861400635029,0.0719480291466351,0.0277625630333882,0.217446545235152,0.0912197349464149,0.0130321518920924,0.00836044724980601,0.000616670246365936,0.0194490249596734,0.00552409109660691,0.00104361546466118,0.000204730978923849,0.0377954235972436
0.00282835851370372,0.232752839380493,0.0021936443624514,0.0748112669138745,0.0333573704421417,0.0437780677555576,0.00781518023094,0.0637102950628212,0.00111113685289764,0.0373884739806684,0.171644312055936,0.0223477369609722,0.0638054107039553,0.000275508884924831,0.0015539042904245,0.0142467471239118,0.00228228827692995,0.00211460812004627,0.000281727868165417,0.0409310108104066,0.020823020155513,0.000765544973371742,0.00166086223317093,0.0793267382599882,0.0134634352610253,0.0178843460892989,0.010934322845504,0.0211295858748601,0.00176742710460921,0.000143650821642927,0.00227295036186418,0.0105982274279295
0.00260058399055059,0.00486272303091111,0.164525629097461,0.0141236975044584,0.0155569885887698,0.010054188909262,0.0905876077965631,0.033412714859346,0.00701272890383195,0.0246725553308029,0.13831967183058,0.177026424771855,0.0659456972573083,0.000882803133737781,0.000325938460334241,0.00407871857288715,0.000635901346314416,0.00335043041517486,0.00063173631665632,0.0151088203919041,0.00759655548021071,0.0014107589839875,0.0254765868450414,0.0131018128691795,0.000566105012579621,0.000162207924232295,0.00540156078155482,0.16351007704383,0.000934979046241939,1.79114817912528e-05,0.00229639597763728,0.00580948804500366
0.000285172748670686,0.00484710352944088,0.00332843322534756,0.0835001719820984,0.0685894469955116,0.0119134778426057,0.0435889613913051,0.0841045814128714,0.0332814201174942,0.0875912174592468,0.0987672975148517,0.165190718951386,0.0378962035102242,0.00684983983330041,0.00404418488574884,0.0167337097386449,0.00157547045176267,6.3744772885295e-05,6.42726952219952e-05,0.00410044020116683,0.0404413604682229,0.00089739365127519,0.0442327277814826,0.0148243439641772,0.000859516857198093,0.0029135658021021,0.00807581024405127,0.120406171167459,0.00701066931523428,6.06612654722487e-05,0.000563631154483882,0.00339827906905649
0.00180633385234713,0.013769801801146,0.0268401049097135,0.171329351964344,0.320258948887414,0.000154304032027547,0.00242992643008432,0.178738217060301,0.000278374719250606,0.00101944430100377,0.00259591228227896,0.111431564456957,0.00167377251410032,0.016627034716913,0.019542803733893,0.00119246361822877,0.00154976829694666,0.000412618937694679,0.00156237451277619,0.0106968614106145,0.00191751279771603,0.00632657074698572,0.0107435968484468,0.00431364244115538,0.00585557030811852,0.00919579343804405,0.0180722430707923,0.0442792691344785,0.00344107270173599,4.40701178687326e-06,0.00223247650216684,0.00970786256053957
0.00483444801908141,0.00647584580976507,0.00099844096124813,0.00577661146691654,0.0104395107180996,0.320078676341246,0.093625415852986,0.000616999751299518,0.0205765464453622,0.0283640013346739,0.0301917626434271,0.186474065449933,0.0175285557532995,0.00276344859372554,0.00440760939794434,0.00734244538206363,0.000966487142373187,0.00308670587555871,0.00022754724446469,0.00903040820818353,0.0155002376372207,0.00435117054137301,0.0563961978785704,0.00497781596545704,0.00859340976597264,0.00567824108093015,0.00478571066007992,0.134689613525277,0.00100960797274188,0.000582596802255471,4.56860814014562e-05,0.00958417969706965
0.000182157743881921,0.00101588338978513,0.00583256793564644,0.000980061032707299,0.00813847376800952,0.00364990876921024,0.160081771009998,0.00248414755958826,0.0195993021877742,0.0676975892215119,0.105950005880714,0.261476650088788,0.0445503213140062,0.00682801365484576,0.00807462565680002,0.00801895421468889,0.000257973026151608,0.00105626608260574,0.000764997082124608,0.0120945491257443,0.025170016732958,0.000254435794386709,0.0297967670479086,0.00786134790695146,0.00181960667159375,0.0114895640476597,0.0157884795889846,0.172763118250407,0.0053944015198878,0.00223955407286737,0.000405428631428796,0.00828306099038414
0.000106255365302238,0.00386737798342908,0.00541855072428745,0.0787973035776388,0.0532503080578979,0.00713350980559436,0.028615491173028,0.467578149242412,0.024973803064508,0.0671775889406898,0.0661757469667051,0.0477684999511096,0.0165255941309624,0.00247337440205005,0.000623616995249928,0.0138672288053734,0.000620900209934351,7.33023996568279e-05,6.12886049387165e-05,0.00311244513348123,0.0274039090921457,0.00100131700145031,0.0280174054469091,0.00907376767191392,0.000183960333816633,0.00137982177992062,0.002747039973866,0.0372477081799872,0.00341020972807888,0.000296216777642825,0.000171461652952504,0.000846846827066793
0.00211113768998095,0.0028502580568242,0.00153805985682138,0.0166080951368173,0.0261891837521296,0.00616944601643229,0.016319389312525,0.0352190748964811,0.336917090899357,0.00675523700442235,0.0506084260724723,0.061541200448366,0.00966943147576134,5.73301600670356e-05,0.00124136260234744,0.0010884740717512,0.00690122892532936,0.00237547320798522,0.00217824334370189,0.0164313084419101,0.0527216764261385,0.0052611203081672,0.08802465337873,0.0558843643358027,0.0201609258621327,0.0179070444805486,0.0370509713904578,0.047541147966804,0.0080856037366129,0.00416485428692667,0.000138241476908153,0.0602899449792871
0.00269165460793701,0.00415787980197204,0.000441656455704405,0.0174833552493009,0.00244650980558595,0.0153862573798407,0.0121843491926223,0.0586566580488132,0.0261514569495201,0.401617196640964,0.0106795823051694,0.180168448554739,0.00270224754004197,0.0139318152251986,0.00943795414573733,0.000903903323244091,0.00249658654283107,0.00227887386490968,0.00078260610637604,0.00809190205331364,0.0137864311047561,0.00274206435142138,0.0022973788913593,0.0136565377354842,0.00164169598915821,0.00905296124257365,0.0257581942878042,0.124646698053571,0.0276783732220914,0.00283482783831389,0.00255724936643017,0.000656694123214934
9.1575148708512e-05,0.00430055021425016,0.000592671969407291,0.00274998363569659,0.0186891631400917,0.0182593272843734,0.0225044405721814,0.00970724775050794,0.0433984128283876,0.0309481325156476,0.572406916948692,0.0519148389964957,0.0226341743028764,0.0106336298174984,0.0119055099921224,0.00837452289490214,0.00343535379265858,0.00342053044553002,0.000238643921863726,0.020086505379543,0.0276544648286154,0.00490190830446362,0.00766754070283354,0.0247726513855071,0.00165765667117092,0.00423769846350501,0.00963706009632676,0.024873351598359,0.0271839190776337,0.00417526371472584,0.00575200462044188,0.00119434898498222
0.000474851444198196,0.000550657660507913,0.000333238395563966,0.0491252441071829,0.0120756173007766,0.00023589398692131,0.00416846295186761,0.031072873501081,0.00746561383490566,0.00342168792930605,0.0079648243950213,0.625381417935557,0.0259851332394067,0.00303516463162444,0.00999831521479102,0.00317025891131088,0.000756802500131161,0.000105152241646885,0.000934023295889199,0.00894123157094718,0.00982013674534585,0.0109026322264011,0.0275050235357566,0.00879227913706242,0.00046153133833986,0.000380224902151075,0.00181417638578405,0.141963210786476,0.000525499935443146,0.00188369415649549,0.000304371969282996,0.000450753832824107
0.00171053876021271,0.00805219902761827,0.00169825773373818,0.000235659656993928,0.00619170251140871,0.0109258319969583,0.0245397612114725,0.00139457526168217,0.0206966122657556,0.012844736751399,0.207886533936181,0.0104605721554537,0.5919896667859,0.0003954649883476,0.00474011328926755,0.00797460585652475,0.00273628396523081,0.00214323542162823,0.000397963665784507,0.0113867320472291,0.0114947068431238,0.00555535116034607,0.00770111864089,0.0115139674402735,0.00142988982782033,0.00215379175779058,0.000540560035264511,0.0158256915744544,0.0046717054560833,0.00311744163128251,0.00724165187091535,0.000353076472969653
0.00212163406322625,0.00755057786209603,0.0139044370949741,0.00815636316025233,0.0108966295493136,0.00351374238586187,0.0109557625780991,0.0196540388480029,0.00769568339369841,0.0222273158935376,0.0138857865158348,0.336269890027737,0.0699235669341109,0.157935921314692,0.0157663017762655,0.00556056705999299,0.000344945324810139,0.000418831493769843,0.000606578342561375,0.000806493146404195,0.0091824147311603,0.000179806879257652,0.00964777234968372,0.00395732553746827,0.00668405658921156,0.00197071155181429,0.00589372862558525,0.232784514887472,0.00597268055877247,0.000289173294181964,0.00420016771442762,0.0110425805157251
0.000992608092530791,0.00217336830107692,0.00928898403166358,0.0444573187790701,0.0820122268812382,0.013755669646942,0.033534268474902,0.102643924522362,0.0138322888860032,0.0120906591071923,0.0100492849845117,0.228109520303539,0.024330958697051,0.0307066250243641,0.107169459658269,0.0249315627770466,0.000515372105226558,0.000807365721237014,0.00052069911246971,0.00580229995794789,0.0215849318084452,0.00102494540383099,0.018311872699799,0.0214027632061826,0.00325062210855752,0.00386033358450028,0.010228048035962,0.164790851634139,0.00172383015598475,0.000717413332004039,0.00048449023980212,0.00489543272614917
0.00243084081881374,0.00370203022468504,0.00241505335547668,0.0272213209747821,0.0566133539530446,0.00910441303510465,0.0309498622391744,0.071044717787085,0.0164528447861172,0.0144291720969569,0.155415814249705,0.0291111225870933,0.039959474205459,5.2454741179327e-05,0.00182329843798125,0.362540773128807,0.000996591627572557,0.00203705627388969,0.00235058841392936,0.0163492400815109,0.0175658240944085,0.00391656566086021,0.0325471005721354,0.0286350140464432,0.00238930043627274,0.0115834846546112,0.0161981807731068,0.0235422892835443,0.00258210838076325,0.00170539572912646,3.01408229103204e-05,0.014304572527449
0.00437991507056332,0.00558998134233601,0.00180552863124431,0.060752832637134,0.00351659591014077,0.0187445504274769,0.00454674146625949,0.0663993553785423,0.0266088817207895,0.0229294571381968,0.0806987010401446,0.0195135501565785,0.01489448200205,0.00169011335585308,0.00453228550337167,0.0245446711697861,0.389402221431384,0.0107412836252145,0.00162283931070656,0.0598427916950129,0.00960263582950519,0.00193701799255394,0.00341908202402077,0.0593216782894595,0.0124683296824797,0.021883262417871,0.0325044173244958,0.00502035359801724,0.00587451443647992,0.000506536233213494,0.000280338147742485,0.0244250550113757
0.000373214518252636,0.00388909975518324,0.000975435737979478,0.0465375351427928,0.0177443538838367,0.00466900535307723,0.0556428573027313,0.0345307862078057,0.0117070197055504,0.00266628676063022,0.0216472034386489,0.21064185354878,0.0386824132744519,0.0007860152981033,0.00172208906857272,0.0104878259899914,0.00399671646241935,0.255676660659785,0.00229799285707979,0.0112038650544552,0.000639169608475931,0.0146519677428747,0.0622017920556088,0.00910983869197178,0.00171037401298611,0.00997951786570866,0.017130478495293,0.136910184860108,0.00551192961038824,0.000135478948079564,0.00187223082561945,0.00426880726275819
0.00194224844885266,0.000700036154880977,0.00306917456800345,0.0598902166634028,0.0502722148653634,0.00504495494362956,0.028923611949859,0.0834569525658197,0.00234491482409794,0.00522378751505589,0.00654169520021592,0.295831585784793,0.0479207593136468,0.00102492735060226,0.00668067567975487,0.0117955301946807,0.000439674157119755,0.00401072440105767,0.0980210820999663,0.00278369146247284,0.00142219764106302,0.00715903367839439,0.0230681307689359,0.00141643260470928,0.00198212180256648,0.0202104707324406,0.0274787231406157,0.192538145169019,0.00366316252808683,0.00122567878850329,0.00366431602998301,0.000253128972406098
0.00278416319344525,0.000790767433709402,0.00144317753334747,0.00637159284317514,0.00437336631818111,0.000971685427956581,0.00725416824000836,0.0073787246028011,0.00118517822110452,0.00274536452154473,0.00502870209103433,0.408042749979586,0.0354030013467882,0.000576832617953089,0.00137288329233744,0.00140649901025999,0.00224480972655018,0.00186437047209764,0.00216937025819618,0.119211259135799,0.00619659151252637,0.0120883573287104,0.0372671036069421,0.000304282303852217,0.00064961194196886,0.00830778273326697,1.21262649873349e-05,0.31716888802081,1.97678782281495e-06,0.00134520619862003,0.00368419958569114,0.000355207448926918
0.00260089776842564,0.00548328405372849,0.00537164322442577,0.0599240894409696,0.00652375250144245,0.0088695075694906,0.000348263240839057,0.0840196305635262,0.0346085083940494,0.059807926997833,0.092907648631033,0.111163230618427,0.00100050445851937,0.00104638163059984,0.00788907232308541,0.0156810182069473,4.71466419114939e-05,0.00491041988785322,0.000991830672486176,0.00059684712600111,0.299994525823611,0.0229432012081014,0.0505229622579242,0.0081373480434608,0.011973900498843,0.00221912264210214,0.00339249996277401,0.0637132373406625,0.00170560423969248,0.00435523166261478,0.00523538011381437,0.0220153822548055
0.00163117191495996,0.00283323138757131,0.00202865791721172,0.0308867631900312,0.0115011409497453,0.000377870216906506,0.00710179314050517,0.0254582465672361,0.00403979607054195,0.0320598470107546,0.131016207867819,0.121744875696667,0.0293801642400017,0.00175767723829138,0.00175853932051541,0.00168405634105814,0.000875543951630925,0.000206227750128787,0.00459545017742139,0.0211682626426268,0.0116305558149278,0.350664722471619,0.0248891453468647,0.0482782083428462,0.00582690727161602,0.0078207369421812,0.0146263692470973,0.0853160847610238,0.00320895513125361,0.00562785163527744,0.00389956134229473,0.00610537810137448
0.0012606946804278,0.0110253643035113,0.00729136481896204,0.0300508620963392,0.0107281654055501,0.00245932775278573,0.00166455834159909,0.0359622099446093,0.00890402711711456,0.0359084063335128,0.0799115579610798,0.0354125737375882,0.00132201625116144,0.00282336286792057,0.00124284120627257,0.0011354081918941,0.00338903918886681,0.00179165006818354,0.000455703631048933,0.0250926685608456,0.0231506412411476,0.00924891577566074,0.482664163560146,0.054910304158988,0.012503570262827,0.0181083192222004,0.0395285277194063,0.0290037354042497,0.011126681820771,0.0122539664684063,0.00351061039156069,0.00615876151536329
0.00244516125745564,0.00088599192928647,0.00126900112274239,0.00316004481471966,0.00129271735472972,0.000847219951258263,0.0034196015070302,0.0023728320102773,0.00680957891650447,0.0118345366730627,0.0276567527546632,0.343989980809122,0.0154762908725884,0.00122115429898252,0.00119830959915206,0.00697214374485071,0.00126803680934791,0.00157036303374425,0.00372163775309986,0.00379654599537568,0.0115370901171192,0.0108946540785378,0.0461916297183994,0.210046546681637,7.4148799652226e-05,0.00272696437390066,0.00518085944716023,0.267915662437092,0.000394115808296482,0.00121786868088414,0.00168337457269092,0.00092918407663695
0.00416140058844176,0.0013550115335445,4.14672788830389e-06,0.0638269646187815,0.00746640992965947,0.0160163125524794,0.00580904450540189,0.0186753666415451,0.0308830305690334,0.0384866674612849,0.215849964120637,0.151326028675449,0.0597017768072368,0.000666763359102558,0.001073697396831,0.000723289938599962,0.00101134229024059,0.000394912098187041,0.00148556807233367,0.00277829170147018,0.0240114793744749,0.00333840990867662,0.0564885586769189,0.0139060900006177,0.0860274327753262,0.00719955392239017,0.0335595522369744,0.0966351603804171,0.00973005986899382,0.000865466275603593,0.000576663577344212,0.0459655834141144
0.000432767524269176,0.000415178137604916,0.000299189758109169,0.061501825249134,0.0735080494418455,0.00108187571085185,0.0268016631379926,0.12529937214514,0.00569591584610439,0.00574379410805263,0.0189668719876486,0.189267395143056,0.0275022557586853,0.00217604971539904,0.00377970745184306,0.0108407437219948,0.000107576201985663,0.000697199151858229,0.0085863366092134,0.0206115894245311,0.000410996463901104,0.000808105265958695,0.000291372246486884,0.00625506706937495,0.00240182278964519,0.256645513240857,0.0198602496309434,0.122155938180646,0.00108034783744412,0.00097964483339377,0.00310517305519948,0.00269041316083014
0.000129368900307764,0.000463786763059378,0.000173591500414173,0.0286676714418146,0.0696313648916423,0.000596852123100815,0.0231052860667887,0.124164742831631,0.0093022599509383,0.00782169844693205,0.0567523234626733,0.208498838132917,0.0270094249256725,0.000825143641924838,0.000527766310989164,0.0132446089941204,1.77078794206995e-05,0.000625338776112973,0.00502817811292854,0.0096370417823623,0.000984145586623728,0.00404358556837352,0.00138433547505119,0.0102479638514152,0.00492741204806016,0.0120145988125441,0.208749106977825,0.15515376133958,0.00169117562280715,0.000237002375307647,0.00624083886765398,0.00810307853900728
0.000280627552669542,0.000135460776193261,0.000953968278224194,0.129738192468063,0.0207649274170095,0.0017810994472269,0.0145688162487933,0.0684287516623426,0.00827657878482519,0.00732365235530675,0.0790082174485545,0.423134211012881,0.095092190179131,0.00482329105657362,0.0159762541857696,0.00258180056084706,0.000669835976057568,3.10138537880141e-05,0.00150668657620753,0.0109901976890487,0.0148701786553503,0.0198840258349698,0.0459621958830541,0.0127944988052464,0.000389658602334726,0.000555103048913178,0.00333308420053521,0.0103819930789766,0.00147715985796408,0.00263164675072757,0.0010459943897064,0.000608687362709469
0.00379743780100609,0.00223735151407728,0.000763008485115834,0.0370682496569378,0.0148500341707052,0.00365026441225702,0.0160147479406139,0.0305710756386535,0.0152320487452848,0.0109662957316062,0.145070685275571,0.210855359749892,0.0960579101331809,0.00070748182295065,3.89507628863005e-05,0.00411662242022363,0.000209339051199127,0.00124208694820548,0.000100573090482257,0.00576831647098469,0.00126666368382846,0.00117839105021738,0.000684970419113943,0.00606874043720586,0.00342613439468061,0.00812403061956884,0.0286246997845566,0.190296998979938,0.145398223366223,4.71177373388599e-05,0.00565083481836454,0.00991535488713114
0.000742203367918507,0.000649118283918129,0.000781194877801057,0.0400673284137191,0.00147492445152059,0.000616229208930986,0.00192480312948696,0.0189275238380038,0.000461610921708274,0.00163864398543268,0.110040665490743,0.340666379388985,0.105686802616192,1.52192390295295e-05,0.000369840989945496,0.000401342270213268,0.000153103695587158,0.00022845161961654,0.00240034455291671,0.00759797419517778,0.000137959030559054,0.00317778833345444,0.0101638491111747,0.00496236142739273,0.00136350193382708,0.00013534865840419,0.000356632231872471,0.277812498035324,0.000313441096510752,0.0604503738170043,0.00526858557979757,0.00101395620783192
0.00032178143545916,0.000252536557437217,0.0013593464745093,0.0375733687659625,0.00205018222478577,7.1651357202625e-05,0.00570737109067568,0.0138128522988656,0.000907117524640639,0.000269409708095711,0.0949223179398494,0.32717372085428,0.0984883871823314,0.000415830980538699,0.0021285688023021,0.000579146042527933,0.000262162981275045,0.000547259277592677,0.00197501980693199,0.00371363502352855,0.00372640703947817,0.00432664154558746,0.0136856102352647,0.00180706924378259,0.00381191426269919,0.00175219153191979,0.00129953379588404,0.265329041260594,0.000212262768725046,0.00274171042273944,0.106756521132697,0.00201943043183738
0.000406771095406572,4.53190174432999e-05,0.000504920433315649,0.0510304213862398,0.00445066156756986,0.00327542098874105,0.00986918455958486,0.020122034767601,0.0307050134802935,0.0176817937633744,0.136593251953096,0.072360020374634,0.0346483634999504,0.000692215345726736,0.00371586501234884,0.000601247939636552,0.00283578588117811,0.000811620784730169,0.000553024290433909,6.88226170328086e-05,0.0136924326091767,0.00209346833529895,0.0461271789374823,0.00451687339853958,0.0331837204797696,0.00496265778023919,0.0168451234894929,0.0346738916076506,0.00387271505044431,0.00155952558301432,1.93312658401966e-05,0.447481322704713
