0.752698148738496,0.018431818320109,0.00567373838972139,0.0282691078385387,0.0110494852698438,0.00382891308337913,0.00538637997185094,0.00875512903074274,0.0108689084840578,0.0259280744129481,0.00148836006598316,0.0164309621912785,0.00996010537483021,0.00033395592932551,0.00077566089728383,0.031185374910039,0.0265270605798744,0.00205843865162376,0.00204751858471325,0.00164729895240956,0.00194792520872694,0.00152961049762,0.0105357986252595,0.00316763823287247,0.00733968124815146,0.000457125036022791,0.000923521011352135,0.0071345384335273,0.000122560793254488,5.37038445204875e-05,0.000900308376797714,0.00254314901484559
0.011092241789415,0.749772939578895,0.0031181650410423,0.0134307843201297,0.00495087594145416,0.00843521012387032,0.0652797619244018,0.00632225891390212,0.0106542559860283,0.00597726529717943,0.000581336320269978,0.0104432795808331,0.00484898588874189,8.52350187638311e-05,0.00164788710053608,0.00690601691257605,0.0216655554129403,0.00320118004682674,6.11595595999535e-06,0.0221998296886814,0.000242612264967554,0.0021620800201819,0.00349764861957274,0.0119140327162204,0.00801938164556285,0.00913874568780065,0.00119847640957201,0.00437481542823203,0.00443876265627478,0.00123609336460211,0.00111836318519382,0.00203980715937139
0.0248795804977469,0.00429775176948356,0.767058196814051,0.000664340817626976,0.0252391274306353,0.00256430740786503,0.00819477333254692,0.00143579063675239,0.00612048154099819,0.00280124903642533,0.0239199103126467,0.0174428323292739,0.00201986787667291,0.00194633986214384,0.00724325816012323,0.00721857717263115,0.00183943110609853,0.0151792465752362,0.00340252531565019,0.00121850515648647,0.00109825701393565,0.00205975175403445,0.0232487797063001,0.000621380673076475,0.0328968864620087,0.0020428897269626,0.000477862533005742,0.00102460095028979,0.00364253056323645,0.00207825396856681,0.00481264137583777,0.00131007212165056
0.00656172257217432,0.00574324886975309,0.00161773261683679,0.770645451391646,0.0129856243155289,0.00648632851099386,0.0308178897438617,0.0485616348618319,0.00758239686909422,0.00697925678750783,0.00134799663897475,0.0145337678372505,0.00512725972123999,0.00366309232391992,0.00104902116971206,0.0271467741832689,0.0019243127476791,4.0619843241636e-05,0.00117256464043913,0.000680678685793848,0.00180337526773157,0.00673265548494616,0.0118811701950651,0.000457296277479192,0.000330063091220138,0.000415405399360284,0.0049948600050843,0.012902227714783,0.00231645817995231,0.00190927744344746,0.00100572238757144,0.000584114222610363
0.00133511555339615,0.00190997557162811,0.0026864880653135,0.0221785228360836,0.70899262099958,0.000152672649264468,0.0273406219159045,0.0051207827367007,0.0145531899386999,0.0237739420028493,0.00879667938144201,0.0198816885172685,0.00191843349468724,0.000154827031919324,0.0044161448243761,0.0341047288985673,0.00335320735583287,0.00224570304874219,0.000857965991786325,0.0216997681088939,0.00335098028309493,0.0118937532092923,0.0271739954591316,0.00683117877911863,0.000361450588558246,0.00577476118607751,0.00851386528977625,0.000283118852051844,0.0158387375800456,0.00209326949957193,0.0119619098104834,0.000449900539861556
0.0061461969227863,0.00189975797870053,0.000356679934670323,0.0236572811680947,0.0187548859558256,0.792227274020702,0.0015322480272421,0.0284335567190953,0.0171618130190224,0.0032393713258341,0.0127952134586872,0.00426419661327008,7.35221355727523e-05,5.93208700090647e-05,0.00148148094110674,0.0397757736475511,0.00066413721608577,0.00870076405455281,0.000703139746893471,0.00235663457887038,0.00129852809453677,0.00668446587922606,0.00559250532559273,0.000703584159980983,0.00532722656975179,0.00185396517012829,0.000764669637995883,0.00346432548807778,0.00625941811824659,0.000265633518887332,0.00325943270153163,0.000242997001471148
0.0158727529489934,0.0161846224587797,0.0060916795684292,0.0740086449912698,0.0111886925330198,0.0186691007371268,0.649928168914334,0.0166910152793841,0.0198535130349299,0.0466367957097474,0.0290720792605636,0.0123248704457202,0.00148555858151313,0.000679223879229628,0.00141806076166344,0.00894696684664139,0.00102810983528494,0.0073859252214441,0.00286253824948834,0.00376635832544454,0.000368500742964307,0.00475282919391532,0.0298053563957063,0.000139016759459924,0.00289525716928108,0.00165648636746344,0.00306070930552542,9.39193346030185e-05,0.00686972929355134,0.000574447555090009,0.00475386189482036,0.000935208404611996
6.99706569620932e-05,7.05034505388761e-05,0.00782483383291101,0.0233484825101801,0.0286184728335611,0.0437404797381783,0.000534240712964391,0.698318469877904,0.0279788182953571,0.00125974986350724,0.00156327310666524,0.0388207415750896,0.0025242158989492,0.00625696180805256,0.0032639083944426,0.0124548655517184,0.00202850300068733,0.00217298886194748,0.00434580671436779,0.0201539737031848,0.00149273508460846,0.00160015740231457,0.017296713545349,0.00682193401181882,0.0081990559217516,0.000172861679103896,0.0242272685734602,0.000397512870469508,0.0125857073819127,0.00156214323185792,0.000258191536789297,3.64583733946505e-05
0.0104822658062537,0.0117819857703148,0.0136844759256824,0.0283430638087615,0.0146839242805576,0.0778708549375234,0.122725169281388,0.00178317033621737,0.43021673853992,0.0222039177584122,0.0299164753651581,0.017268262368731,0.000418875895287043,0.000296143758670296,0.00143633229440438,0.162852134054917,0.00129419281043199,0.0014759721026052,0.000505607611349322,0.00558113637836499,0.000374917598849721,0.00227836647967455,0.00594124367272725,0.0170072780079785,0.00105161277538938,0.00168923743663771,0.000242096194104132,0.00223185580744286,0.00499880092222724,0.00222582507110466,0.000172201986944381,0.00696586496196981
0.00251934153103375,0.00224248158843118,0.00168289740950552,0.0178120717897601,0.0122231740032063,0.000203137659863623,0.00234344000750714,0.0212449647548092,0.0214790111961724,0.714464261028361,0.0131047163737253,0.0142960803700099,0.00419527648946792,0.00299816631645225,0.0126989972528855,0.0606494706368223,0.00046041946625656,0.000592229543881943,0.000724333498013202,0.00887256372360283,0.0051929441360261,0.0253710902278043,0.0105280454397116,0.000288605663679594,0.0138836771284122,5.81027666144463e-06,0.00116325430498193,0.0149690195693276,0.00649980428193844,0.00457878409607454,0.00247428917986877,0.000237641055745401
0.000357372831030749,0.00125643064191134,0.0023702509898868,0.00185855048128226,0.0163773592972987,0.0118017294961099,0.0058108077386871,0.00276110103270648,0.0153429185003268,0.00201765214436344,0.812246681752539,0.0244623435102346,0.00290965135971641,0.00225114764145716,0.00545235957643296,0.00318842263482329,0.000485208183308545,0.000407926834251893,0.000745111830800402,0.0024303818191683,0.00153630136792996,0.00543794676644026,0.0054927823453489,0.000591632006630099,0.00225469480337959,0.00782413029850313,0.0038875389353357,0.0097590039254768,0.0411486067934104,0.000844745621636708,0.00429732623510355,0.00239188260446871
0.0180567524365518,0.00116197095100515,0.00458139596483828,0.0854149609516546,0.00652173474610535,0.0125086954170847,5.39431377940935e-05,0.0218079344164371,0.000674903986739744,0.0346444060671692,0.0183197651342558,0.63991623809084,0.00342632725109161,0.00286808236957272,0.0032046270768601,0.00281300602006222,0.000987460516587928,0.000201863130606987,0.00162048297163555,0.0381973811953302,0.00242651443342668,0.00646798199948535,0.0213047649582388,0.00193083157323911,0.00015667531331549,0.0429032009451956,0.0018743722526215,0.00514100200969786,0.00969848718438297,0.00161058166601842,0.00872664139329069,0.000777014438864305
0.00866475312442563,0.000223987322860535,0.000646174395081187,0.0068135184596648,0.0041305864852226,0.00880683454902465,0.00345336514183847,0.0051186624652776,0.0140801522608538,0.0203551891116183,0.00153929924271946,0.0012918132050968,0.842660130425351,0.00067840122862498,0.0263085657223611,0.00144473820598187,0.0018552951189301,0.000559700785831499,0.000237422294578934,0.000665915645364925,0.00369118207567018,0.0088074013436616,0.00545245590824426,0.00940719186177007,9.31997576502191e-05,0.004047103859502,0.00319113789329253,0.00290831269047502,0.00944850160985805,0.00156892654936056,0.00162335658675284,0.000226724673054416
0.00524717073607438,0.0142436379043623,0.0032191615940817,0.00158464280897434,0.00712782071801893,0.000409535958991656,0.00448015006813668,0.00543003409738634,0.0104177428933281,0.00596214687593727,0.015192503235802,0.0242196149955284,0.00766312400463392,0.761256617028576,0.0317731581826786,0.0290560370476834,0.000169625425028378,0.000328144299275932,0.00258313083127249,0.00660267892947445,0.00647610530488671,0.00701793253648351,0.00643096578251094,0.00376585609885746,0.005808526271573,0.00302685817999558,0.00450330854798959,6.86554517344974e-06,0.012353691361162,0.00383728058713749,0.00664313451400788,0.00316279763497723
0.00257788956269941,0.000616970139340789,0.000702978740988213,0.0048613475736794,0.0119745660251906,0.00200151862652581,0.0172405750335037,0.00456645301474638,0.00488968418404541,0.0144044531486117,0.00293175202398107,0.00644146846589365,0.00941051700592356,0.00286008455148116,0.817382909573925,0.0175871751095634,0.000826022397524541,0.00071818493489381,0.00167013706559896,0.00955704790700352,0.00594188363804054,0.013305813454272,0.00472134945246757,0.0163034497815043,0.00755951451431163,0.000682751947143805,0.00190133255736383,0.00933789703218914,0.000121303856875345,0.00308378450608949,0.00194653961846739,0.0018726445561553
0.00386696662548452,0.00834917537501974,0.0117543426267531,0.00367139080316051,0.0252551183758392,0.0241697423182543,0.0641754701163412,0.00179966794694041,0.0417368553030357,0.00714658596811637,0.00843028284858747,0.00752583115324921,8.2443957713291e-05,0.000359362859818339,0.000631170862207864,0.77512041755722,0.000234191065575091,6.25356281556763e-05,0.000133670642348237,0.00123668614321375,2.33400335844517e-05,0.00127132223340861,0.00218960182856152,0.00262719573440549,0.00126995328077113,0.000404381808513507,0.000364100096603384,0.000337720101243837,0.0027790750560941,0.000405413425814336,2.86291322552801e-07,0.00258570193264302
0.0054544671104996,0.00794978810865823,0.00139375037036603,0.0213056133426816,0.00354945881791617,0.00487321212748697,0.00144474191096459,0.000379867896626989,0.0113767778674943,0.0282888888149911,0.00737528251302481,0.00870145449792734,0.00996181583225538,0.00149364323419616,0.00215247475050407,0.0112944924827905,0.798371119844187,0.0218681006175048,0.00311294032720843,0.00265771188807368,8.93785343681999e-05,0.00328726663096069,0.00428494655277497,0.00359940813335412,0.0049704155558336,0.00322027614988419,0.000259167182154518,0.0104970351379128,0.00302217264552362,0.00143035905307068,0.000439794822516499,0.0118941772462878
0.0108632873653788,0.00825422964459568,8.02486136084545e-05,0.00434691458295014,0.0030666322911405,0.00655677810364074,0.0132514659033025,0.000999958275736872,0.0269236760387265,0.000937081426834123,0.000922696121056195,0.00711708960577218,0.0043378944150298,0.000307210854147439,0.00269999068292016,0.0171213949198284,0.0169235929875259,0.734196363364112,0.000345189813185684,0.0400795012806738,0.0216968700826037,0.00136290440139654,0.00242666546633524,0.0505903571040091,0.00193054594350336,0.00902274124045696,0.00304627449765953,0.00111112828646257,0.00700985088757673,0.000658825312840156,0.000372652861183543,0.0014399876258075
0.00568826352761123,0.00986972835465898,0.000197460114347497,0.0233500087314169,0.0127970321592248,0.0176105034246838,0.0027386908377459,0.0168393734194539,0.0349170406519336,0.010443980935962,0.00127755516758736,0.0170328442725154,0.00310022282815164,0.001975346615587,0.00345846331949363,0.0197736023402902,0.0142828453929748,0.00498977959445991,0.678953742139152,0.0287590512997382,0.00495027320495758,0.00694699596984749,0.00239283246125729,0.0344862240585408,0.00272244379782647,0.00153362722151899,0.0017363270728238,0.00115614392031614,0.00233945720008856,0.00375600420504417,0.0192174690343112,0.010706666726479
0.00341042243941721,0.000484900060954807,0.000277377448671754,0.00652441244920964,0.00265907200936681,0.00258554821906767,0.00246377840260634,0.000317210653361235,0.0248196319473829,0.000332169530841369,0.00232948704808844,0.000232421301713347,0.00154717590973673,8.13767910724823e-05,0.0027533181250328,0.0155644848552922,0.000990639341705065,0.00560690630954951,0.00130403294077782,0.786518610338571,0.00301474122860824,0.0270854495679297,0.0651292821958765,0.00225292795451339,0.00185105320077848,0.0201315311776413,0.00365758318480664,0.00330052681006624,0.00384583642507047,0.00508270562858925,0.00294530174492044,0.00090008475877979
0.000649561020102953,0.00564966401661837,0.00220671953623056,0.00170675992598058,0.00742379433841571,7.54734343672211e-05,0.0127326900445465,0.00625488424144555,0.00343963991113669,0.00121097655382902,0.00717906603604157,0.00917889624573867,0.00602429852045769,0.000953232288416993,0.00768212653501677,0.0126617193373555,0.00210377634921484,0.010319718172482,0.000226502210020141,0.0331972677017797,0.730230504259442,0.0177515267702421,0.0489162451210211,0.0391724607524757,0.000543902288475346,0.011872507237346,0.000538450641469745,0.00354433003342833,7.01197447019516e-05,0.00492970900880873,0.000295843984550798,0.011257633738841
0.00277847897655919,0.00522554411653054,0.00316946896402484,0.0101829438477883,0.00385683034641846,0.0261909074218001,0.0238561176691655,0.00524385872296355,0.0371251494637728,0.00660869661844412,0.003311919071736,0.00133291782364013,0.00477524462631345,3.35204067966894e-05,0.000151920853923009,0.0578690291058161,0.00638517702134375,0.00515846274042428,0.00888169947984585,0.00830688655066361,0.00358077855937998,0.723816409922232,0.0191043584273013,0.0106378417405082,0.00559332134739993,0.00532928035354821,0.00148512815926537,0.00546837714728321,0.00074565073198251,4.87804520386892e-05,0.0012322644363709,0.00251303489471911
0.00295876385985593,0.00859884909758589,0.00885910140313417,0.00166682435577287,0.000756123611121071,0.0244505496865388,0.0237850027173849,0.00217826470914331,0.00692306493658678,0.00831014896195582,0.00027417077945473,0.0232194176537837,0.00268332034603568,0.000971289758929815,0.00891756304087452,0.0434139276215036,0.00318156836822736,0.000716584053742705,0.00635255667328075,0.0121297394581783,0.00563300441903274,0.0174497265365363,0.735129722654037,0.00836564954396226,0.00377112360428742,7.6016044565132e-06,0.00117824135963044,0.0143272121960684,0.0184838559298899,0.00178725970412651,0.00305460051452656,0.000465170840355302
0.000882744890478091,0.00236760297986285,3.11308076126764e-05,0.00838505973067915,0.00207302164078853,0.00671500625930485,0.00605263148286759,0.000561167694002536,0.0107625830471761,0.00158010593445293,0.00962973585384404,0.00446675473682032,0.00240560988496985,0.000796003863095725,0.00182455005086863,0.00413482006986715,0.00185743914922404,0.00583899810910383,0.00346390975703812,0.00908070571063351,0.00792131345185563,0.0311377936908001,0.0496312709297233,0.760120686289099,0.00137489748669177,0.0525301360018017,0.00266842022387341,0.00182758575107114,0.00584285619469363,0.00230951885426809,0.000498499770482671,0.00122743970294857
0.0100677793304447,0.0200883160935938,0.000132526976405694,0.0275994813903986,0.0100843234937004,0.0119160900331595,0.0166851350623812,0.00286462222430525,0.0295104827916726,0.0174163246637726,0.000198372119595895,0.0184326979654823,0.00573591051093574,4.00830892953285e-05,0.00511835080391382,0.0168327126895306,0.00313833330669404,0.00302667454514302,0.00677170841273295,0.00837130221839744,0.00164219100622469,0.00831631164045586,0.00615774924750871,0.0108542427781491,0.720536676017573,0.00418385967711593,0.00456162102791033,0.00344815730253529,0.00912631785143347,0.00357202579833572,0.000698330362617902,0.0128712895685843
0.00541294727950912,0.0175108754360903,0.00204771469864298,0.00822412655362887,0.00353812829541197,0.00262597807689323,0.000116040658999446,0.00767629027285353,0.0155586555476624,0.000439848107357099,0.00752726215937456,0.0299210266383106,0.00591161330371283,0.00182926964538478,0.000554389197387842,0.00533591208861672,0.00268287127663097,0.000310840233710751,0.0053456814892054,0.0368479663234355,0.00229349094390935,0.014146429476613,0.000420999824247864,0.0156125056060523,0.00651985196065958,0.728653562684684,0.00833929222704436,0.000486183466295364,0.0531609574261211,0.00690772280978766,0.00342186670293544,0.000619699588831053
0.00234176534477086,0.000435584636478141,0.000962861138720457,0.00194644204190806,0.00275541987016863,0.00111954775043164,0.00999509142044556,0.00228470128730016,0.0164715777011347,0.00177868887152609,0.0203558509299504,0.0355060909996383,0.00514054080358933,7.9691035533318e-06,0.00153190431784858,0.015545592235037,0.00274621378187286,0.000807465688215809,0.000603455335009748,0.0235220796477564,0.0101303135130085,0.000202410685747443,0.00397029355089454,0.0268677954646758,0.00403462610354817,0.0309009048952804,0.740504807778347,0.000431462256148779,0.0356175829656077,0.000135915436407118,0.00132353905715273,2.15053878260384e-05
0.00340691455154102,0.000867409357089397,1.18798557128867e-05,0.02199397121313,0.00250643563480645,0.00498269156567935,0.00718066833800004,0.0144432178047535,0.0512622527741842,0.010889466933225,0.00201582325115922,0.0744820776749967,0.0017091803362643,0.00217319478393201,0.0121973507355653,0.0415057567416246,0.000345986279358736,0.00055031639780464,0.000979645897551232,0.00116354525617791,0.00261393151271505,0.00321931140400701,0.00614603714035795,0.000190311290066095,0.00202681014677523,0.0248598238865142,0.00514827701697082,0.669827075228791,0.0141211788231928,0.00160262102729872,0.0107946137740358,0.00478222336671867
0.00670370101437169,0.000607835169700793,0.00147705409157809,0.00759311467042503,0.00431615961747023,0.0019036641778956,0.00422902524775539,0.000669946256663115,0.00123098965030096,0.000677019587944726,0.0218096847943226,0.0465068788690687,0.000540911256310283,0.000821983192110222,0.00550150333566343,0.00216703685819021,0.00282985255867807,0.000693421481561083,0.00159656547118202,0.0616210866104592,0.000145232362262562,0.0238558854805856,0.0342829950388669,0.00774882566609068,0.00294595847937805,0.0232210552786168,0.000523183427017073,0.0073133905903504,0.721301596799374,0.00225447600460182,0.00176563667493446,0.00114433028626993
0.00347914125626451,0.00388933868566,0.00463387569104695,0.00736988552744301,0.0128276989230732,0.00612167295610486,0.0451634292592924,0.0127498435328574,0.00952804177160582,0.00874396381304758,0.00415662423045302,0.0141730061692708,0.00113467952779678,0.000349277493592092,0.000722228782647163,0.00640068347571396,0.0005327900651806,0.00124840889295766,0.000214528691190971,0.0294144080265062,0.000367403040838828,0.00156509002471446,0.000780686940702155,0.0116885444747609,0.00979733783477807,0.00282345274952882,0.000606888855066095,0.00386086289738749,0.0150468419153205,0.748881012046162,0.0275693866261713,0.00415896582286403
0.000940189693573088,0.00227442223192038,0.00363216800071214,0.0169294603945321,0.00238842325085116,1.62389070364835e-05,0.000942768592096575,0.00627993010129462,0.00628216258792859,0.000227316312553747,0.00628340323866387,0.00778757211377846,0.00326728834421436,0.00340478094205664,0.00962423546721936,0.000129285396145942,0.00163715922375055,0.000217077399109886,0.0006142026324502,0.0439564180487199,0.00100570413673307,0.00488963554186312,0.019140878055838,0.00316306235598652,0.000516903121175807,0.0612726539591859,0.00140882005859786,0.0144132423962607,0.00686686317315594,0.000581362400383346,0.768349767981736,0.00155660394047558
0.0011662317161063,0.000504743968972845,0.00214469694422823,0.0181989470176944,0.00954923641969672,0.0165257930694897,0.0494343539325922,0.00452350227036232,0.0328025117629131,0.00496957503914495,0.000968865769254634,0.00190147856698682,0.00129390470419616,0.000465264686692501,0.00175268498829508,0.0637887485095864,0.00162140805993905,0.00389148175808483,0.0174247873593515,0.0191699611092164,0.00875611241594929,0.00749956608017363,0.0119093358540542,0.00153692301440112,0.0197184880814104,0.00423824024991305,0.00656930158055594,0.00575664571545738,0.00676882088152618,0.000188813235270967,0.00108681181671815,0.673872763421765
