0.439660118190201,0.0036017279255084,0.000571150379526574,0.0289953984206741,0.0164879367258682,0.0495905870251054,0.0806376996014252,0.0650146393567824,0.0113085660796626,0.00216745018328493,0.00410719792150206,0.00281147337110155,0.00629396317058845,0.00457215967024588,0.00871254553481421,0.00658934935073938,0.000131449002513932,0.00233428953768863,0.000400333355619538,0.072056718575946,0.0176270553454065,0.0173567155175383,0.0435714333685737,0.0903800950595094,0.00572655533540851,0.00439662833193291,0.00582734465980373,0.00469764243974366,0.000421463708053753,0.000604680645080039,0.00154371195248542,0.0018019202576663
0.00163101454303806,0.207754611072527,0.00136525040698921,0.0375682304523176,0.0765111119272191,0.184394136217597,0.025542209121896,0.184876054977575,0.000423457170625762,0.00644150482837397,0.0120657890141416,0.00927514916521738,0.00474062877243143,0.00258840823735895,0.00133279526236826,0.019026391056729,0.000505831669774084,0.00172660738476489,0.000663924724745487,0.0396437466871713,0.0186156641022534,0.0273222659404762,0.0775803868754853,0.0446266483344191,0.00154608468847873,0.00315165135856197,0.000790213108983822,0.00555617329864995,0.00015668558715864,2.60563334891038e-05,7.82837152573159e-05,0.00247303396392486
0.000827325083248347,0.00387539881178597,0.378634971608801,0.0736991558039494,0.10646400617605,0.0709140458349667,0.0156382096633354,0.161211014967869,0.0386695682800521,0.00649592929388133,0.00175892171266512,0.00580083193326101,0.000303363370421646,0.00134020285095971,0.00106256637413307,0.0123248666206278,0.000858133032422173,0.000784591140601215,0.00132491708752058,0.0222387812791791,0.00133020437291199,0.000326328496690098,0.014640623544523,0.0271579306447061,0.0069124225898122,0.000404311167406747,0.00195922940179458,0.0296322596526706,0.000294977010023009,0.00086007393694168,0.00491123580016823,0.00734360245662118
0.000579984013544474,0.000775676093486315,0.00142383279029437,0.675564747082869,0.0022077997447896,0.00740504005664895,0.0071326474262404,0.080573839334689,2.85730228551582e-05,0.00370724813017336,0.031799156135117,0.0249568951343631,0.0157863449546342,0.00446970458871163,0.00170030286368997,0.00126686738488383,0.000174889573816751,0.000283527326665248,0.000223727320116311,0.0183423833810283,0.0233098109243088,0.00480826512129668,0.00730971380685058,0.0356594842995884,0.00737429080120803,0.00619626474201262,0.0127420413822986,0.0214614731770827,1.30903811623871e-05,0.000898631741488916,0.00149747929616808,0.000326267967917471
0.00162007145069141,0.00612484081807734,0.000207570867122226,0.0287023196992151,0.328085997465971,0.11988450541789,0.0348572049991249,0.132050160428595,0.00184583357223424,0.0132461305156094,0.0234235281847256,0.00361217992247648,0.00227932170320018,0.00225720033942937,0.0037475763159547,0.019110308346615,0.00054607595473312,0.00554603547145313,0.00256711940945549,0.0624860362158566,0.0101307699128695,0.0200778704080714,0.0430643668575914,0.065931573318262,0.0290046764094323,0.00483237846718316,0.00139042789636051,0.0241454853952403,0.00198057680561248,0.00313280224198753,0.00219175921146524,0.00191729597749404
0.00102863886489568,0.00402736773710133,0.00127730384720739,0.0485067639859737,0.0407239335199647,0.648999169825016,0.0144607663999836,0.137428035556624,0.000506032493924054,0.00106755494830286,0.030739849280041,0.00545754862579506,0.00261055464778539,0.00194310248965161,0.000256149606255958,0.00616580575353125,0.000612382559545862,0.00412182727821192,0.000580328245919206,0.00774709883811616,0.000740861424172142,0.000213823923693018,0.000198463021394372,0.0137185976929624,0.0154706232666834,0.00133372962257414,4.73756054826003e-05,0.00515029322488861,0.000804268663724123,0.000142028073454067,0.00180679880558579,0.00211292217153818
0.000534295635682414,0.00117840584937459,0.000348082770224979,0.030194719227389,0.00447186958189503,0.0109589527816233,0.559016424143159,0.0502154200245187,0.000354643193075238,0.00469821245207454,0.00359005064517848,0.0304173159832109,0.00283370552210579,0.00353752633988477,3.4662556027272e-05,0.00296757678969218,0.00034425567592915,0.00044265037503475,0.00169212942794629,0.052487464298146,0.0216869231522284,0.0029193808578105,0.0202920677499614,0.119021917767032,0.0281624995965608,0.00983497272549806,0.0017723980770583,0.0210126526115671,9.15584644700718e-05,0.00151448799021395,0.00954208552280052,0.00383069221262661
0.00217164552581778,0.00149327096077377,0.00906167702767138,0.0621392287282248,0.00370596584185539,0.00501923800259394,0.00903741478474302,0.398283348241759,0.00538525796825715,0.0126919708162691,0.0912437136189699,0.0474828362095707,0.0492111206715157,0.00794152198679878,0.004903861067612,0.00748967006188578,0.00119846531022759,0.00163032594489957,0.000147964893070684,0.0502887457954956,0.0383794892991471,0.00477632664246343,0.00328907172362419,0.106343484333449,0.00490046849273687,0.0117898587637038,0.0189828917885705,0.0358120109972669,0.000861763444473353,0.000953562444026087,0.00324474782763393,0.000139080784893563
0.00225132464101269,0.0014042544426892,0.00349273140886758,0.0586727255903646,0.0325206478656941,0.0615568121206991,0.0089623876561619,0.115968401158681,0.397758519437912,0.00218038369902958,0.00142912740408897,0.00203924560263973,0.0135830846272366,0.00212057427908081,0.000491863543796566,0.0153818061726437,0.00054614573405435,0.000630672017851717,0.000590891413803406,0.0901705042859212,0.0074661191449464,0.0166046712885681,0.0394915240009725,0.0631366368061157,0.0169071685717744,0.0192960271453545,0.00483299594674925,0.00310511513879903,0.000706256911136794,0.000990374534596109,0.00112397894302047,0.0145870284657383
0.00439809299599041,0.016485722456057,0.000821842143089602,0.0719393318406485,0.0526225335922392,0.096968801312489,0.00560872551242434,0.210949884403638,0.00402635332839952,0.298486969679745,0.0328597326385086,0.00413650092004613,0.00556264246171707,0.00122913496013198,0.00472548511566466,0.010309574829894,0.000498308057264604,0.00207421146154492,6.53323511037451e-05,0.0519610207273212,0.0156179493175673,0.00677973116066114,0.0231507649101275,0.0585291724362453,0.00594739063360597,0.00210578724471318,0.00332682634777421,0.00511013502373967,9.16075799304599e-05,0.000589893573655186,0.00109584540715112,0.00192469557691081
0.00895698332290768,0.0152304864275277,0.000984211244958371,0.0396073599854928,0.073157783800482,0.00660762472422965,0.0126145440991831,0.0725472483704905,0.000792392200495591,0.00507908135543012,0.450396280976181,0.00268010744327181,0.00531041514536197,0.00325742276414971,0.0136494381364574,0.00713793957860171,0.000154252233606284,0.00798959541831494,0.000124266153152428,0.121868586008675,1.17115069351868e-05,0.0148554443401965,0.0256519172488868,0.0821077831803259,0.00206631910848942,0.0134209349089037,0.00180084517787589,0.00686669578026635,0.00100988073668558,0.00123968972999351,0.00153832605239432,0.00128443284007716
0.000103369529214128,0.00133882429774295,0.0011029522359595,0.00607434893063962,0.0148761673965465,0.00523164018367176,0.0622096597732046,0.01346758882421,0.00174381469715199,0.00637079300610687,0.0291632708092134,0.447668426588686,0.00220981604829446,0.00172500210227162,0.0189343020935455,0.00936696442498147,0.00016596369253692,0.00215273920477424,0.000288201791753138,0.145165761047395,0.0127585094063427,0.0186721938614911,0.038939751180986,0.0833455884556156,0.00211027309691394,0.0342983262965469,0.0126178339347176,0.0138650945987156,8.2563847610941e-05,0.00266099243039218,0.0111450518173796,0.000144214395388512
0.000663375107976793,0.00693518554265919,0.000333659659486888,0.0044745011714479,0.0565472979056959,0.00215087142786359,0.0510991137976796,0.00804564066789107,0.002657264020099,0.000880587238961359,0.022327202744621,0.000733282974519802,0.426448827867699,0.000912901653411986,0.0148598183936714,0.013496270523153,0.000778769604054271,0.00405221538889636,0.000330443951706039,0.182738308183275,0.010266986648741,0.020700541182039,0.0235510409258939,0.0996497983213086,0.000995547503017559,0.0304426959599565,0.00816851721212542,0.00245474039726094,0.000335819603794531,0.000583843828964827,0.000815409660156647,0.00156952093197162
0.00120222490202752,0.000218706644773328,0.00096521406496732,0.0411203098943736,0.000590373876183425,0.0380450578272133,0.0845284409452192,0.0678972682447862,0.00325976847473811,0.0504983089999983,0.0181348104960293,0.0490641260630474,0.0036551377013765,0.401489119460989,0.00737292056408142,0.0250881657224479,0.000858873123255151,0.000569531415464621,0.000126322336547746,0.0157117759919838,0.0179835391073191,0.00551088040600782,0.0194992255042901,0.0592040585206036,0.00489652896985679,0.0117294632453094,0.0219139231315742,0.0195440247848015,0.00169059430272251,0.00867233284436103,0.00683545368597271,0.0121235187476772
0.0018428106476655,0.00677371645807649,0.00100800804115193,0.0499238505641335,0.012864214977638,0.0910943615326156,0.00294681683885606,0.111379789240041,0.00610369947479378,0.00777974524969149,0.0671728469001201,0.0113158811509035,0.0525724093297498,0.0028788774385144,0.282429811937461,0.00557895525720313,0.0013950750561193,0.00237824168648681,0.00111650232397776,0.129489270413586,0.012536717078255,0.00666700643602696,0.00623924919058853,0.0449339349480211,0.0195140695174775,0.0134299080794687,0.00447244352611898,0.0286693812856962,0.000198788374847105,0.00101643538386406,0.000454787054692684,0.0138223946061579
0.000441061294983272,0.00109452855843176,0.000165760865214925,0.0967867108784147,0.0320553940993346,0.100613459669814,0.0560543847425334,0.178467364914513,0.0124055928667399,0.00788542120263237,0.000318644630537939,0.0173650421469404,0.00282675311982712,0.00117016490772935,0.000847675265764929,0.323604361099297,0.000678726427586131,0.000233385419370961,0.00124629366682518,0.0367235315227151,0.0119338253962817,0.00536428974003842,0.0230672180236871,0.0293328753586657,0.0070541766627636,0.0145552521398117,0.0023128055909779,0.0178104897468274,0.000766213957060202,0.00124342903378063,0.0107194657929926,0.00485570125790668
0.000876547830334765,0.0141092743190128,0.00115360087163137,0.0104149237669414,0.0747898593287192,0.0175988376895313,0.043152052342588,0.0185969623360431,0.0076998193066014,0.000269565747672974,0.00670796971992367,0.00041398219012068,0.00125153943227485,0.00329516439569649,0.000856540582253204,0.0324771838506763,0.534076986360029,0.00156218172598526,0.00125052322082799,0.103722570660089,0.00329257205950191,0.00185690178693852,0.00139457387260364,0.0924868368338872,0.00271112065365972,0.010005981857238,0.00251595137515459,0.00675164614877661,0.000689467210942912,0.0010451192462649,0.000407164056659447,0.00256657922142005
0.000188954221763393,0.000719731052540125,0.000343109557246377,0.036147120697061,0.0132030778385841,0.0157573025962183,0.000692560917320602,0.0433020702983749,0.000467081693228751,0.0112343727246378,0.0149431349261835,0.0281556680978376,0.0293152380665857,0.000990999619095616,0.00171601102593097,0.00513815925229245,0.00358183571478941,0.454087057479209,0.00473873393949773,0.131216666781744,0.0134274722982734,0.00232525334665296,0.0427709528377708,0.0933027248645359,0.0135163657686777,0.00329862521665082,0.000772916647573794,0.00817924911463701,0.000250883665483326,0.00119710499068074,0.000330730565636998,0.0246888341832853
0.00249419638935437,0.0130202726278045,0.000304944172094441,0.0371220121729289,0.0424345103525207,0.0989670876151146,0.0103462325860074,0.116602775891558,0.00125865896666101,0.000382897301717422,0.00596816457771186,0.0342277173735609,0.0130516657996126,0.000338043756336774,0.00291069746197672,0.0163812223808601,0.00376657403240821,0.000250078371467913,0.297058389593534,0.0636839096157933,0.0237142262714713,0.00918932804883101,0.0596745540697467,0.113560146837777,0.00336149791449834,0.00672823284202798,0.00249737923227637,0.0100965502546952,0.000957193177686702,0.000894655699512571,0.00393759725338579,0.00481858735906639
0.000685557115508996,0.00084049434507481,0.000386059622066708,0.0662725363757461,0.000103360843259136,0.128933998242458,0.158057556314043,0.186100348364155,0.0347216013017061,0.000123851628319186,0.00942903782963341,0.00627159307302074,0.00943897987033143,0.000349463391881013,0.000756063542201671,0.00705374321937207,0.00203845088299511,0.011027430421266,0.000391495925741277,0.236616646819888,0.0183970522540846,0.0202754533001855,0.0295489103642618,0.0550878822374654,0.00216314994356554,0.00368962337711466,0.00440220222557838,0.00152044942082654,0.00198294987293555,0.000537207979703248,0.00105612220578167,0.0017407276898289
0.00232574888827422,0.000588132722264194,0.000977929641784778,0.0126461144864876,0.0102983055350656,0.000534819389341365,0.011265141436358,0.0221103778574895,0.0101073155911604,0.00119689034051714,0.00035034135818225,0.00317859430596674,0.0102425266797324,0.00151965153117132,0.00323978153356159,0.0103350130690617,0.00318465887218126,0.00196029151388193,0.00206197797347889,0.117465048580731,0.420072121296232,0.0782950957599449,0.141709446577554,0.0788878838839901,0.00603442814582127,0.0208530767272961,0.00805929664396924,0.00709113928919714,0.000153794290587929,0.00584152666688972,0.00479518589302521,0.00261834351879995
0.00349359439928623,0.00269315871443398,0.000645569565094136,0.0262835895093653,0.0535656813499698,0.111462629034716,0.0800017325799411,0.108325111677092,0.00140509337398377,0.00377996756222906,0.0031646155574094,0.0135099109956563,0.00223775611056358,0.000756645733636869,0.00100748595746082,0.0152998800111892,0.00366929138641661,0.00993953247845849,0.000788317197865755,0.0255819208511635,0.000171344387450218,0.435985767758318,0.0236371711803058,0.026729692381701,0.0145559622929245,0.0010519726197418,0.00272463664086164,0.0239850775995925,0.00137616639173094,0.00154856604300893,0.000466464800400616,0.000155693858032232
0.00487762451043548,0.000957130820593604,0.000293261502656163,0.00628931915355486,0.0676230731074331,0.115382759521488,0.0488139418982054,0.0572346415182649,0.00131534825287933,8.83112092624431e-05,0.00202110632075947,0.00263983705397072,0.00375627061867319,0.00128854408860139,0.00106111983536854,0.00583901537737086,0.00125126930561367,0.00726582173565197,0.00130268085192452,0.054822820210159,0.0138637396532523,0.0192300602217768,0.433157757549989,0.0504339713997418,0.0119917579394817,0.025034038189897,0.0213952063721472,0.0312088652608776,0.00107103584735716,0.00477433044791036,0.00260131519435726,0.00111402503034556
0.000201145354109435,0.000421566691200183,0.000482875391431523,0.0350666071406619,0.00158968049899857,0.0943997814981967,0.126392842041048,0.114073641479299,0.024754398753175,0.000217860572420503,0.00635669464590014,0.00425926905803455,0.00489599596810786,0.000177718777289937,0.000833705722153015,0.00994465254740678,0.00127394086293413,0.00733171270311551,8.39621814641989e-05,0.0489928386436879,0.014655171988913,0.0173269932602422,0.0287704747217356,0.44199086774942,0.00202723710391835,0.00212641438448796,0.00647094731195116,0.000328486187439016,0.00106901649739804,0.000724408407825569,0.000921400588871235,0.00183769126716352
0.000525252590839768,0.00288769160786622,0.00137479699361387,0.0495993869994375,0.0451985928459968,0.0148135164097926,0.00481460686470571,0.0745883345847765,0.0105883916293854,0.0152925502373211,0.00544923302832135,0.067557335779332,0.0305335338364842,0.000525000414341703,0.00115591759062477,0.0141534801926992,0.000536546040423092,2.01553279464792e-05,0.00218724253950544,0.0760578998835548,0.0343569472644033,0.0229019479322396,0.0270223081520362,0.0749234635501182,0.314701585428808,0.014529113707939,0.0133364418809737,0.0709015901400012,0.00207372692714662,0.000258421232760115,0.00330150776390484,0.00383348062270077
0.00400475128725374,0.0113144791702747,0.000357854316963198,0.0384228429272934,0.0182712200548731,0.112057838337964,0.0251096556470689,0.100859750692697,0.0202303334090346,0.00188730806709342,0.00704585316800223,0.00571782093374906,0.00371866608025713,0.00442731589086263,0.00135116440969057,0.00632670330258857,0.00315185828867222,0.00241086411382797,0.00247254965845469,0.0740597944453806,0.0327080908648027,0.0293944851441153,0.0906938195637065,0.0867521658945799,0.00316035524407827,0.288702377611029,0.00800327808149789,0.012634321581838,0.000280686953967278,9.43508632484534e-05,0.00270020671209432,0.00167723728304053
0.00333332194852567,0.00384880643899977,0.000207717594845357,0.0104210772667689,0.00574626388957132,0.103040382660674,0.0571405576498168,0.0525334678770499,0.032622533861857,0.00625621058809195,0.00478668685015888,0.010950614275983,0.00103801576929061,0.0024588157167954,0.00049130742584101,0.000759968894809332,0.00218858202393133,0.00082302263866416,0.0025060310978329,0.0590716953114957,0.0192970214111908,0.0370638241700074,0.10491631622834,0.0954112174013925,0.000390171026254955,0.0194005018005827,0.339625409188263,0.0150136448338048,0.000138650535025269,0.000566806235911687,0.00371077607571271,0.00424058131251124
0.000105850841183055,0.00192179750658813,0.00136316865364118,0.00749725937875856,0.0719632059466454,0.00160181743387711,0.0464182815229075,0.00340717685752203,0.0130236715611735,0.00824851821596537,0.0374051603164748,0.0185975466128347,0.002404493959981,0.000833294743156518,0.0191687702483487,0.0136883853796341,0.0005527513144703,0.00350560053929708,0.000202084905289456,0.146031041277876,0.00573475712922137,0.00857505181241969,0.0182590177432114,0.0970246795551611,0.000813046829400419,0.0377979774314662,0.00554492032820524,0.39967789012432,0.000187870559824523,0.00630418898857481,0.0207588997354135,0.00138182254715628
0.00160709380681936,0.00138212603813545,0.000248088894332183,0.038088172700328,0.0249919636267247,0.0117076757022118,0.0239687453452863,0.0177961822903827,0.00542710189555032,0.00519668938072996,0.0355100936602622,0.0167347219217784,0.019728378449323,0.00636344973546938,0.00293239496951571,0.0107953873426677,0.000329675944811334,0.00452645709709564,0.0033825638486154,0.131405664350052,0.008089171015155,0.0218808039718054,0.0371425555954328,0.0925480594735188,0.00259081347555451,0.0392034389459309,0.00859872857553979,0.0189419206719767,0.403223527734461,1.45015053908652e-06,0.00237552482813401,0.00328137856186021
0.00287250376939729,0.00866042798288709,0.000845391110931535,0.0378345184692673,0.0172644792563125,0.0254244732934571,0.0246694703977101,0.0732181008360753,0.00530984218509742,0.0103262120542792,0.00788320946969047,0.012926731688712,0.00388266905732147,0.000603435372141331,0.00240569576545165,0.0109169398279246,0.00159391677038083,0.000828342889041164,0.00049105584192358,0.112909083836223,0.030700078768019,0.0359796806712177,0.0688856127051247,0.130723196181862,0.00489591737236915,0.00703394127254559,0.0131915921245713,0.0154466834459078,0.00029009093400835,0.329584171017231,0.00104214693119297,0.00136038870172647
0.000788851856053766,0.00159842877192232,0.000326379297643632,0.0114832575616474,0.0176409177070241,0.0792770949241037,0.0150930274163381,0.0700855137785712,0.0238273607481558,0.00856990602360922,0.00926738152804198,0.0437343707982191,0.00432328044344253,0.000258147801467943,0.000830575037217463,0.00975277161772864,0.00100585787202872,0.00130967990540363,0.00194737348594071,0.0523282687777123,0.0692067463173108,0.00248570834953136,0.00889171855179526,0.0692080489195703,0.00188930887428019,0.00326729453693261,0.0191359794691972,0.114075713482826,0.00456397149256063,0.000340550920794813,0.350710503264392,0.00277601046853745
0.00159463132444993,0.00722634324038921,0.00139198005998858,0.000618552365439491,0.0430077378055735,0.0179195199796636,0.0789300651838535,0.00197670477285225,0.0405535552747246,0.0173945716932129,0.00175117945921816,0.0743456203953338,0.0237568209951983,0.000203513138792247,0.000145957454913577,0.0123283070779302,0.00162167057923222,0.000350034105780006,0.00222151163569369,0.0217924338561475,0.0130789065483175,0.00439698330698403,0.0173567682967264,0.0162750563494846,0.0203313087776214,0.0116231917297343,0.0105785521598988,0.0547106248942581,0.00208410963502008,0.00116117928557127,0.0112046252470247,0.488067983370971
