0.758010028709514,0.00836982444342763,0.000750074556143701,0.0111257677612847,0.0185786267794386,0.000360447027866835,0.00335290250124921,0.0058566396430724,0.00892787382135729,0.00417896335152195,0.00491151788003134,0.045545350227367,9.86374331278198e-05,0.000165479461509799,0.00105257905479291,0.000544824694913295,0.00909839983096289,0.0197148347820235,0.000167584554476485,0.00182166476135687,0.00206852278584077,0.00684372868117058,0.00364257203068634,0.0190619068138066,0.0283731421648434,0.00299482426869778,0.0046876753834931,0.00334852982478745,0.0242914389571607,0.000771658049187965,0.000414563459120547,0.000869416305766923
0.00622416187908773,0.774291853580526,0.00798729788533373,0.004917117553622,0.00771147927440967,0.00537183588973795,0.0324991687825736,0.005882280582512,0.00957601315632492,0.00348736405037013,0.00609945575815746,0.0262796868192456,5.19681850868686e-05,0.00236007356653731,0.00103692261345727,0.0112460972985959,0.00575882557938682,0.00168188039182761,0.000725497328686828,0.0140148899338896,0.00441253211912839,0.00862547346774017,0.0267048799701095,0.00171926224988751,0.00468962986510148,0.00141277370219794,0.00289610283538012,0.00846560760008375,0.00858466090119973,0.00216369888679307,0.00153872200237771,0.00158278629063196
0.000214394225953591,0.0106561404531233,0.726924303030838,0.0158013557045615,0.00844949354990343,0.00604225920020567,0.0289323703694392,0.00498944770444288,0.00768589521821523,0.00210852337444307,0.0154903069098768,0.0367150064939199,0.00477417064935374,0.0033947737897819,0.00403791989675225,0.0167355044814032,0.000292360673380307,0.00213431897061675,0.0142421631490008,0.000549264901016272,0.0116463277089593,0.00356632729859806,0.0185551841572353,0.00396820168508981,0.0157303943385838,0.00213937009655975,0.000642626836229836,0.00932603676887,0.0210418754283561,5.56546332307566e-05,0.00152372916977112,0.0016342991322882
0.00210699955727732,0.00191272014819335,0.0011074737770489,0.759023612910885,0.00572341538035989,0.0187411717602949,0.0612378045909863,0.0147688133207031,0.00163461544069483,0.00291794991438759,0.00687435267350013,0.021396153971881,0.0031430120900064,0.00246661476190219,0.000158348288360066,0.0103148747052039,0.000986113768991284,0.00019937391661636,0.000874733356690202,0.0151475935979397,0.00152806117511682,0.000478585104671158,0.00485523428442941,0.0228898300633144,0.000572516912624,0.000969359550953436,0.0132192828294271,0.00912617927935831,0.00242053954075041,0.00150288643034464,0.00967910993871692,0.00202266695837038
0.00588666987412844,0.00032563861385112,0.00185222196023761,0.0137343183100321,0.596654323544874,0.010621903292219,0.139705761425936,0.0105957906461989,0.0113820555961437,0.0081942774790447,0.00436852319907196,0.0114409955664697,0.00236443508539299,0.000804262361461218,0.00537320230607305,0.105737827536038,0.00453487524126202,0.00256638939076434,0.00119735521426631,0.0166397764576619,0.011962939077805,0.00284179456904479,0.00539234693051037,0.00227083115974733,0.00495417845174155,0.00241599389295763,0.00107679217900215,0.000512108055906738,0.00443241903229089,0.00034848833210353,0.00479308920087881,0.00501841601688422
3.07867853360956e-05,3.98825227091519e-05,0.00407334698799485,0.042099094829439,0.0222472865045531,0.78373009786518,0.00666027264277332,0.0525777575506129,0.00513187967618809,0.00572555887424381,0.00880661637835332,0.00166779857763969,0.00441646612858018,0.00120065530853543,0.0122190755885046,0.0103536340127986,0.00172407948060944,0.00291169429467936,8.75189883131247e-05,0.000890237222054334,0.000997218775088801,0.00117883362603622,0.00232502500398299,0.0011986648028455,0.000809841580154297,0.00250560364481387,0.0112788840817694,0.00789033544314783,0.00306515532578852,0.000767686422707353,0.000944494537859896,0.000444516536707125
0.00285882678022863,0.00593779365206164,0.00800348485750093,0.046623510811006,0.0525742880382362,0.0142368856821392,0.742504565568628,0.0295669459788729,0.00371515710567481,0.0210290028564887,0.00710310142570486,0.00455081168565967,0.00319237893094599,0.000348690324229491,0.0104667574088643,0.000197799931595634,0.00471384634735025,0.000460553726087952,9.26322869371113e-05,0.00452902658180783,0.0033332154940895,0.000398124217505199,0.00347573483200084,0.0110867222467251,0.0026575097666872,0.00184328561789364,0.00254381215405658,0.00136795764800631,0.00676484764423811,0.00123031930187976,0.00257899346215486,1.34176347429215e-05
0.00842232590251767,0.000746454680986065,0.00543497228578638,0.00754587417152091,0.00437189851492573,0.110483357122379,0.0253117152223782,0.58720169439293,0.0327256202270867,0.00798294103447492,0.0030577409543211,0.0621955170386035,0.00205066924767197,0.00645754029418843,0.00184754779557856,0.0493738833061779,0.00341676442445717,0.00117842945840075,2.67227390269257e-05,0.00625996342915394,0.00112061174554472,0.000888970181829399,0.00589904827456334,0.0147985919008667,0.011956927775844,0.000401793340470665,0.00709145521453371,0.0173512860550732,0.00889755365419537,4.59931126158013e-05,0.00194722085122112,0.00350891565067583
0.00871110544165132,0.0240367595278934,0.0171785755604823,0.00722224836702154,0.00813852112815937,0.0777640121146785,0.0927566479434035,0.000880225671984207,0.525123381845861,0.00831173901153394,0.0120631899289022,0.00438738279031825,0.00168463808547445,0.000791828804935392,0.0120415611033789,0.115986469098338,0.00237353698819208,0.00345208885177931,0.00345257438999599,0.00133259976594662,0.00262394115231658,0.0136794941247558,0.00169036368106506,0.00905680238992517,0.0021147654217381,0.00619851827830621,0.00241249646407899,0.0100084831200872,0.00242902698847562,0.00193810676395774,0.00599014119376539,0.0141687740015984
0.00296536394001246,0.00463941188878782,0.000252348881931719,0.0191715510642086,0.0514919656172503,0.00579721313315756,0.0253248135191454,0.00100736151500425,0.00132220166878197,0.756999731335419,0.0021543062879289,0.0203488010906368,0.000439372559330857,0.00109246999157612,0.00122198344598014,0.0054615474042181,0.00169999249637934,0.000243002658672733,0.000840796498208468,0.0132771280966517,0.00879676465025801,0.000700945483615798,0.0128174244927823,0.00796359424628163,0.00344085634184185,0.00071200438122722,0.00518359059196673,0.0155436674570237,0.0262904404982848,0.00239411510201786,0.000309063362110628,9.61702993078477e-05
0.0027477988388052,0.0103197682894401,0.00211899171244966,0.0279107237908614,0.0219382349917129,0.0199458783701511,0.00817838280379998,0.00737633906505342,0.00905568943412283,0.00562085936257859,0.734717120510779,0.00079526139503783,0.000262504241786806,0.000845085682707333,0.00153839023213836,0.00496588053821594,0.0016743923059213,3.39310139733678e-05,0.000388457528125478,0.00513436052223703,0.00305744697403478,0.00116622595324892,0.0100897037864864,0.00310024168418847,0.00156050301936949,0.0076259721149089,0.00332585847525724,0.032620756720285,0.0459419109815156,0.00128955357658618,0.0179139859424469,0.00673979014177458
0.000673430548185536,0.000544769254644595,0.00129327900586102,0.00196762783072916,0.024253079837731,0.00489718008208828,0.0238981428393119,0.0232507651039317,0.000133984304127816,0.00398872033534831,0.0166078579212593,0.770580279966101,0.000220691645222357,0.00518137336098918,0.00123274447676162,0.012547805527535,0.00074688624595315,0.000316755867308776,0.00128268147525649,0.0389269155788094,0.000992072668074269,0.0236670448115762,0.00281990738649393,0.00268558646619231,0.00628782463503964,0.00490556436598846,0.00554722310274736,0.000300664252553227,0.00645276130093006,0.00196916054821803,0.00797985737451697,0.00384736188051432
0.00488782351354892,0.00185990695408035,0.000244502368316675,0.0203253929046291,0.0440698338889356,0.0153869961943401,0.0104565914875139,0.00165138592600575,0.00328904978320319,0.00407798141290428,0.0015637342630836,0.0025618971963452,0.783543284316407,1.6683800773161e-05,0.0186869819950655,0.000711843000161179,2.93506978777009e-05,0.000183705261501742,0.00214851734513294,0.0129855538075281,0.000350852554864025,0.00271594747037131,0.0055225824032917,0.00714428269512461,0.00154466784713415,0.00125023911692907,0.00421078282941991,0.0119452606539919,0.0256243167011644,0.000447444642043598,0.0101526675102004,0.000409939458111359
0.000411808145687261,4.43509462161064e-05,0.00447139566807305,0.0132497637778444,0.00797743906056462,0.0676298497256316,0.0271747126728583,0.00317068559606163,0.00180742192594361,0.000958797610133831,0.00134057849120621,0.0100356549973378,0.00485153458791523,0.723040628135836,0.00833696640348881,0.0195158221111772,0.00154611130995657,0.00147082507860827,0.00511308216271261,0.000807510777043851,0.00627655045638415,0.00158395485109226,0.00835012967841372,0.000705661677029469,0.00129987453202236,0.0201996753136169,0.0340587031124464,0.00639083133127854,0.0132584157088612,0.00169303077056967,0.00240469382832531,0.000823539555663317
0.0113426269618637,0.004008184192818,0.0038037153378825,0.00306484303740483,0.0325116442143746,0.00453113975922791,0.0153335855950415,0.00147546339987695,0.000127123963522446,0.0146012079496694,0.00547193246841746,0.00292700187585534,0.0258306570856456,0.00134092562883062,0.739393387247053,0.00800925930823854,0.00397295995548115,0.00236540954800826,0.00131067857343633,0.0298619558758592,0.00276716339251976,0.0122096776523142,0.00376535046742733,0.0455595107165523,0.000646994544210318,0.00228758349234454,0.000838484312728537,0.00936074475823943,0.00562286489758651,0.00206097083519479,0.00263841628952598,0.000958536662848981
0.00914126419897085,0.0157190014570883,0.00583549513586957,0.000816807698161588,0.00661233916103738,0.0296565379286978,0.0440441510566066,0.000694327253981821,0.0299600113021352,0.00417188266970866,0.00689667796721567,0.00513061066454102,0.000774881901695525,0.000209169070761734,0.00300444920643135,0.78892094759228,0.00118586807564412,0.00736796187048002,0.000822226222608765,0.00354915302843257,0.000230894309923079,0.00253831671005064,0.00047551186238185,0.0152677596515333,0.00845492081235461,0.00149232848509457,0.000121907528776074,0.00114901606012582,0.00210974877046236,0.000168790230788175,0.000535396566621972,0.00294164554953893
0.0241884042731358,0.000883932957813388,0.00260497431119585,0.00235737736878831,0.000757125639748028,0.00202023459365974,0.00220600562540938,0.00249816748484856,0.00308684858447238,0.00761997978075943,0.00240253990126001,0.0330225254522235,0.00300409767072515,0.00183078784705662,0.000417164680529976,0.00138901337183655,0.821558049062418,0.0104879764235528,0.00515367908835801,0.00312851205194926,0.000658101693545071,0.00304226359196557,0.0146024995638845,0.00441312215567898,0.00300265365142045,0.00683325499182971,0.00258517665989505,0.0142407174535197,0.017451802804112,0.000293234629231261,0.000648441147958949,0.0016113354872183
0.0392099425574688,0.00638687746970966,0.000864106006644905,0.00180188696190152,0.00181269164464192,0.00179317058651586,0.00534590729130525,0.001557762799348,0.00521644693181052,0.000406186143668802,0.000707816709087519,0.00711728654436656,0.000254036624988784,0.000379904379258357,0.00186115178106397,0.013643778368554,0.0126341722707084,0.796909088840796,0.0012945781097194,0.0202999314081513,0.0118230308040022,0.00133947551962119,0.00637752641326988,0.0435958190317807,0.00238181827792008,0.00045098919643852,0.00491210075450678,0.000195651535723935,0.00172850277571017,0.00108123540561544,0.00637428801586959,0.000242838839832113
0.00230585214960862,0.000420849896471634,0.00909570626467731,0.00158167037571837,0.0150662627235316,0.00385933527844563,0.0148656789749014,0.006101274013866,0.01396360541038,0.0101478872315475,0.00186816654316685,0.0484419405791046,0.0138273650655296,0.0132131612698366,0.00512796544493133,0.0204368445213369,0.000210874740992531,0.00247496715480016,0.626207810365651,0.0517734073564531,0.0129945411565618,0.0277422399575477,0.0247663989796629,0.0209822299088488,0.00651272700401398,0.00874452496838722,0.0202280846329653,0.00328359177057127,0.00423064289803979,0.00464787681497978,0.00323160045236283,0.00164491609510794
0.00373961811604279,0.000247054640889027,0.000575461087471007,0.00134870757475267,0.000355308547784784,0.00079014403288826,0.00324333526967891,0.000722286584805782,0.00393410576419037,0.00041285479778009,0.00932940321754208,0.0599847565217122,0.000336917694878372,0.000781071570228188,0.00143303095643756,0.00356026038431546,0.00159154595298884,0.00262325337055175,0.00122238453805344,0.746165163247407,0.0061000028020788,0.0115909273275401,0.0301480731904449,0.00122526213935581,0.000987304461740652,0.0471822456233632,0.0372967218651,0.00179778386787408,0.012252910658666,0.00190881583676466,0.00666963799048504,0.000443650366188245
0.00370878915820259,0.00121449676039564,0.0084471076447996,0.000332710528132987,0.0160910671187939,0.00322116404372954,0.0242999942419048,0.00548711365711186,0.00310388374571468,0.00578193909736454,0.0012282062315507,0.00304632140882593,0.00597258862408596,0.00660125992072202,0.000695840548354719,0.00638776578865484,0.00103230424139239,0.00305429190215315,0.00437819683792673,0.0101636414770808,0.760190844400267,0.00264902028388534,0.0292738299106209,0.0404780719779246,0.00300674014999914,0.0174319104378161,0.0119779897975051,0.0017615338589188,0.00479507921312213,0.000691324043650539,0.0100002469230436,0.00349472602634933
0.00449535167624511,0.00219613298871921,0.00010074725490626,0.000755095754678637,0.0013747390235483,0.0088012247100918,0.00230871934414852,0.0011753493312015,0.0950105156020148,0.000154976193215211,0.00516992940432857,0.010816159767654,0.000293661865925961,0.00139961894705792,0.00430231926033069,0.0381549409338194,0.00696484939242572,0.00340429865406647,0.0101175544950756,0.000794182842894624,0.00160690777506798,0.719685297116347,0.0250027526742786,0.00315394257934285,0.0142107838334919,0.00678710037910329,0.00388319492454057,0.0102097097721619,0.00503422539455245,0.0061186216563575,0.00434487186180811,0.00217222459059927
0.00437045835574087,0.0100820110535019,0.00089526617493656,0.00685367347278648,0.000916620505818045,0.00465998193721082,0.0024503028114096,0.00456779033695021,0.00964160476709289,0.00657090474382473,0.00139037012896343,0.00600149646905495,0.00126155287104163,0.00198675863219599,0.000761705516288778,0.0104228910165403,0.00341435019266038,0.00157354090028787,0.0100404886740323,0.000417409663456009,0.00267573342981316,0.0256990625204972,0.78666794224351,0.0157247624984262,0.0101354350443868,0.0256273750141632,0.0222089025812484,0.00310349735189911,0.011184789922744,0.0027529282361779,0.00492559297941208,0.00101479995392819
2.29491064833645e-05,0.00231730109125981,0.000974649087497234,0.00142837321144,0.00129039970783899,0.000896013468960434,0.00348185400680184,0.00205237627714092,0.000867172278435181,0.00110721370433131,0.000188696377548959,0.0133805501042504,0.0110244546871568,7.91660414584667e-05,0.00273543794401085,0.00180374792964087,0.000470752175408692,0.000146384044737396,0.00144320701003894,0.0245954764923977,0.0215610315417253,0.00934081892197824,0.0166071922281408,0.735941105503091,0.00518208551720888,0.0968914116586329,0.0263017853041533,0.00856674545131872,0.00104136783255091,0.000640512364813469,0.00751951817896504,0.000100250750582934
0.0119133335200825,0.0238046525667224,0.00122861229018042,0.00625639839336987,0.0101578455098258,0.00267486559787383,0.01954146624331,0.00236955585251635,0.053096110505606,0.00111120822782832,0.0133686101744147,0.0336294499802402,9.784979967338e-05,8.59869581509524e-05,0.0013024083252325,0.0034609009253855,0.00191132629996593,0.00251331508664594,0.00169277042893772,0.010552697908554,0.00531448566365252,0.00542984297292965,0.0317003842302145,0.0100342695129524,0.68105485580587,0.00912491270097508,0.00998171475043763,0.0017488910964695,0.0365439965399149,0.000821540262428847,0.00281652528609896,0.00465921658353987
0.000596688272093041,0.000563781329493554,0.00212915022190999,0.00349481910867895,0.00219797879163821,0.00725292267549014,0.0101802248150543,0.00447589943601297,0.00237667512105861,0.0021876351001124,0.0120923605609328,0.0319351957976894,0.00335652462496534,0.00175990549102179,0.00315967264870846,0.00347080271184758,0.00182568060002197,0.000545066739116065,0.0141699411547238,0.0600018905955031,0.00658850481706228,0.000132982161379503,0.0221912683718898,0.0908352783747206,0.0112510561462891,0.591029586252412,0.0806418331386028,0.0043886082729738,0.00115678064502431,0.00275874582197266,0.0199727141776287,0.00127982602397186
0.000284578947925345,0.000183125943790466,0.00186954847211756,0.00137533550099856,0.00508049044372535,0.0103624764583162,0.0124921025020615,0.00907954146735353,0.00223314906312676,0.00193704222615674,0.00177489939526498,0.0113989445315848,0.00603093839502936,0.00384040148582633,0.00453601488452638,0.00510935687841459,0.00301297678590145,3.00749701521914e-06,0.00214069364005391,0.0554153185677128,0.00798055431695163,0.000178389265991678,0.00429214808256292,0.0433770874927913,0.00496310692992655,0.0529439416089975,0.727610936254445,0.000890285017155659,0.00606452972477047,0.00123815018186775,0.0119767795192651,0.000324148518372583
4.58773358584524e-05,0.00139747914787,0.000129446093307634,0.00575913342922241,0.0130876620024554,0.0240971518886038,0.0318578326075159,0.00513459784478226,0.00303295631011906,0.00312965005669594,0.0183421944103897,0.0278023005570862,0.00373707364588847,0.0108323289942639,0.00846935187032369,0.00378069353438598,0.00068448282809113,0.000252397062260615,0.000408099523504849,0.0350430955771508,0.0060914366814598,0.00873704306621293,0.00438936833015331,0.0269610858734283,0.000891755104166182,0.0207870674730531,0.00230147438151086,0.716319980529543,0.0078799905195963,0.00012673833826112,0.00506684924792286,0.00342340573491586
0.00105417204176577,0.000742153420880282,0.0036905383307009,0.00142757379580152,0.00503787571949238,0.00215298493438677,0.0132854341651018,0.0092432408373658,0.00609039081862636,0.000266816341461334,0.0165144324097597,0.0284595756433854,0.00271407286711403,0.000108262601610182,7.85476088610865e-05,0.0345550496415129,0.000857430672319096,0.0013837079783468,0.00304876526192791,0.0110466644096768,0.00349639229209443,0.000592517559178143,0.00177586363557351,0.0326714462285324,0.00232893156017767,0.00465254883676365,0.0411536094396485,0.0263025679725974,0.730855634820089,0.00174704484914659,0.00994803053609724,0.00271772277000437
5.97355599024766e-07,0.000358483167127088,0.000850030284450034,0.00318759150728848,0.0274674001645717,0.00334548149084527,0.0298448377570325,0.00632254778996022,0.0128109407973351,0.00439222630955167,0.0136521763308469,0.0394602913707309,0.00211195873856603,0.00983253074005165,0.000508046055046802,0.00115871910546688,0.000127111778875417,0.00148269082536767,0.00739730655094871,0.00461542961346125,0.00073920485246108,0.00259293500809354,0.00839462416704938,0.0021312800550769,0.00135509003448007,0.0069869454738787,0.0038014636490838,0.00522451477608664,0.014073914886862,0.774969921774854,0.00965926709092254,0.00114444049802805
0.00158802924359889,0.00148803711393458,0.00405672850673941,0.0108222184254726,0.0107131661400276,0.00356898662632695,0.0011269610052825,0.0093417808814935,0.000571490147366579,0.000227562705733298,0.0150066655082444,0.0226498520148395,0.00401613062553884,0.00142537071711869,0.00217756575326813,0.00911791500312874,0.000135514774021918,0.000359956134276392,0.000609708066084992,0.00175198818268073,0.00198765511828803,0.000960218751918461,0.00717856670966514,0.00925419820645177,0.00505734815637403,0.00491062609655304,0.021511527238508,0.0247047038914369,0.0516830278985828,0.00640492480196647,0.763480234412059,0.00211134114301837
0.00613476308818341,0.00802081441003259,0.00756514651785532,0.00966856270116789,0.000963985281785753,0.026064111701043,0.0184447807012748,9.24554712950566e-05,0.00248168285021748,0.00252893953724921,0.000789109056451431,0.00341056658102022,0.00215683921409818,0.00108607514725512,0.00096368012991957,0.0256301713584828,0.000138162857854253,0.00415751584026276,0.00588026713031023,0.0445691758548359,0.00136049917793388,0.0270394589180577,0.0981486773953585,0.0159386677534056,0.0175052779579807,4.07736266534604e-05,0.00241138818608689,0.000621518940402198,0.00262499683096759,0.00058866806280235,0.000809787819030975,0.662163479900725
