0.744209068045651,0.000213882868155042,0.000284877017383304,0.0187686877952051,0.0653910546100003,0.00645822728022062,0.0297158250426318,0.00824259050771748,0.0113598650405242,0.0101421309124881,0.0113713355077145,0.00912100317927561,0.0250295849142279,0.000664146967049734,0.000525969884322796,0.0026487510251995,0.00184390926647849,0.00198359610176713,0.00229392621429806,0.000861965340220817,0.0139882046087063,0.00594207790660606,0.000155359446746662,0.000223973460136238,0.00726114598940269,0.00176281254444444,0.00136591303528229,0.00259843479195249,0.00367572832212842,0.00126645297790321,0.000508959389419263,0.0101205400067403
0.00856490469376469,0.714149003071778,0.00833241933657014,0.00439491791393144,0.0154335514217956,0.000865155252852682,0.0151107744412826,0.000114786467157633,0.0135924165264395,0.00285997970602175,0.000906861146732939,0.00312642843827099,0.00285282721271026,0.00318204345517645,0.000706372620718333,0.00965778873183272,0.00917125403898055,0.0153433022000943,0.00138142894723928,0.00156612456649602,0.0278425745944631,0.0119510604386709,0.0252931769907539,0.00137927650103489,0.00181571258763579,0.00306724161097185,0.000463589085888376,0.00335952857980219,0.0247023609959723,0.000249979547252472,0.00832843329576655,0.0602347255819422
0.00183578299116927,0.00533257229321878,0.542637826987749,0.0283292900330835,0.115482793565659,0.0262086825851708,0.0038171138306481,0.0245433656295401,0.10587774054514,0.0230608991464865,0.00664150116793779,0.00321115531832052,0.00428601857859107,4.80339964816101e-05,0.00401576269238334,0.0454869886647062,0.00461574052124976,0.00038681471999683,0.00160961451970916,0.00119424453676973,0.00876768487162619,0.00535730260936446,0.000362351284935623,0.00157005952284445,0.0106811155421861,0.000561843874651907,0.00508807091064995,0.00777588889467714,0.0040493818335969,0.00033817220963775,0.00249078132789028,0.00433540479392829
0.000201368377150107,0.000818464594819064,0.0139819507416936,0.791238806832003,0.00194129424022136,0.0215017136015795,0.000361606889098877,0.00548619380815455,0.00474038279962514,0.00128928623871025,0.0147150440336937,0.0193043182874975,0.00784484037350903,0.0036562354574498,0.0015773865285415,0.0144207322999592,0.0031018119246054,0.000303681256746533,0.000865384994312116,0.00223510525306425,0.00331776110314118,0.000641327342767241,0.0212089203540035,0.0221222978599334,0.000963252694642895,0.003667598104913,0.00125949293152306,0.0260405315806748,0.00114488767792239,0.0011820037313618,0.000999201573055072,0.00786711651362784
0.000563617956895855,0.0038639212818682,0.0101471223183913,0.00339101583818203,0.697847308474578,0.0365967175569322,0.0459297023846081,0.0356039421097606,0.00471974124664395,0.00196650108051507,0.000242742652699987,0.0143616640823041,0.00681655455881453,0.00197745536280871,0.0111656647938546,0.0659967661438333,0.00444010847512676,0.00321563227209089,0.00132776983271964,0.00224093714318132,0.000366442000377161,0.00316900982415117,0.00278879034196856,0.000154829869148087,0.00741630452227144,0.00403929588835086,0.00421011219494851,0.0104888609443743,0.00783821928090354,0.000739593227641955,0.00294997709645264,0.0034236792436027
0.00171394886234703,0.00406105531198218,0.0146140506175536,0.00173771062822323,0.0170430993327061,0.770630189711987,0.0149909061651555,0.0450976189695348,0.00342664433139531,0.00941768585356246,0.00296828925807562,0.00984837107711227,0.000958880801823378,3.97068556485435e-05,0.00683742005773587,0.0199849074756404,0.00217675420800501,0.00110478143501183,6.27681708599089e-05,0.0129641369114422,0.00625076315856252,0.00534400168386612,0.0101233817773441,0.00217812155803884,0.00464313110679208,0.00439615675372731,0.00375817126669198,0.00989135152911776,0.00755141181383737,0.000171315106988057,0.000906989741853919,0.00510627846737818
0.00479773878193757,8.73877503554724e-05,0.00177009625315494,0.000749076017447436,0.0696721226147938,0.00291015736458658,0.790850193131661,0.00143805611517514,0.0341059037589648,0.00441082214292345,0.00525006638910526,0.0156968319475999,0.00300712335571504,0.00081585290190716,0.000202573644755621,0.00466639141269043,0.00291082957521594,0.00441405602547327,0.000117794765084586,0.00113255492033934,0.00750733181821965,0.0027643831221208,0.00666349737917897,0.00111513462686564,0.00556125081079228,0.000282578745560417,0.000138139630986887,0.00891468356120529,0.00373736015084421,0.00291289609429954,0.00824071724835798,0.00315639794268193
0.000236128352654531,0.000345716523173774,0.0121898959794621,0.0149131933456304,0.0514197356476326,0.0559583777436864,0.0424909738387294,0.664365694581084,0.0380955886407416,0.00196284054288019,0.0231283575688889,0.0139371731313605,0.00462974258247757,0.0017308121235587,0.00176591714387056,0.00631154949984722,0.00356215101544526,0.00151080683409586,0.00166440868713569,0.000918628387644502,0.00310170646005609,0.00116462671459891,0.00539127269392956,0.00377785250940195,0.00927256047828056,0.00204421794226312,0.00523963004180398,0.0204496100121302,0.00544607121684404,0.00169955637444141,0.000134038487852405,0.00114116489839746
0.0214357858444156,0.00270972569861281,0.000426644485126852,0.000136242767428022,0.0285643869405891,0.0141006262709475,0.0547359216657915,0.0144574578753208,0.524456555586333,0.0171953150842688,0.0177567260616322,0.0708428394038052,0.0100847926224929,3.34508931421505e-05,0.00902845635550742,0.0210794673134086,0.000158287353668362,0.00226972736632673,0.001820962042912,0.00155577824927983,0.0290988921606832,0.0124651835967349,0.0331807936623323,0.00227078026140681,0.00761755152644245,0.00251285447425979,0.00566708074271981,0.0630576782964992,0.0290487892731461,0.000189980002866103,0.0020118022559324,2.94638659676026e-05
0.000245091869227136,0.000305463740473825,0.000209196602782459,0.0142643285216837,0.0313916274947105,0.0131947175705428,0.0341267674441951,0.00910458066722329,0.0176912977235529,0.768873824941892,0.00426851606702948,0.00479798068792946,0.0151638008392164,0.00708692485139163,0.00023426676903085,0.00681382562841267,0.00580586338921515,0.00514465384379588,0.00213396782207606,0.00220281108727212,0.0073755533607547,0.00369210527070758,0.00294852410647716,4.30313154322623e-05,0.0115629927574438,0.00892127327644972,0.000251918953386812,0.00390241747316999,0.00107257713403459,0.00185460786859533,0.00200308176220387,0.0133124091596914
3.72124891289423e-05,9.37884470438332e-06,0.00573943147325196,0.0009254544494708,0.0138461460117548,0.0159463182726474,0.0217396447531148,0.00012947274169544,0.00408643957641838,0.0178868378709019,0.82029011565573,0.00496921886823646,0.029931556799597,0.00053809971986759,0.00201087463567009,0.00344476743918857,0.00306657041699011,0.00138439594905057,0.0051726155216243,0.00035040575012875,0.0045840846251173,0.00414538377680917,0.00166150739372652,0.00953620387120804,0.0115205690474537,0.00154150748451198,0.00377911525114573,0.00672676936586709,0.000993028154468349,0.000598141261807928,0.00253531646111834,0.000873416067593961
0.00103883675706526,0.00343441558893472,0.00471196521784656,0.000174925038965381,0.00383396186132717,0.00972685363078066,0.0114795010392011,0.00355361966722016,0.000895554693668492,0.001567494387596,0.000392923947128327,0.747434759923468,0.0343975015872017,0.00236252023544233,0.000791300949676674,0.0120762743185553,0.000718522219027819,0.000330065349838181,0.0146981616013093,0.0176896498733356,0.0121406623568705,0.00150696147609563,0.0270666763373026,0.00211511785867215,0.00031178735056438,0.0200050351016607,0.00793405412707182,0.00862322409797794,0.0323424783472498,0.000742581090881746,0.0148140242463983,0.00108858972166589
0.00218003682637574,0.0012333583475576,0.00274169916601392,0.00922422820314903,0.000688127491113738,0.00332762509835409,0.000222518873995274,0.00343722045574432,0.00208137914937915,0.029109903859054,0.0572691429236386,0.0271788880520776,0.742751857464716,0.00250437197093738,0.0281504798138953,0.000494680082556894,6.24273079616151e-05,0.00247128082230827,0.0010237318200813,0.000282729645976612,0.0104296512511349,0.00736515815033462,0.0208773255168767,0.0135664704829503,0.00225568914016431,0.0011119247523866,0.00227148854361098,0.0223220171217033,0.000879466881657389,0.0012445387378165,0.00121889702566142,2.16850208172595e-05
0.00338767368410682,0.0113124612504666,0.004369476104806,0.00798236618267456,0.00970138647733662,0.00271344057217016,0.0450221072283734,0.00844466124664951,0.00245123079661601,0.00751191580132197,0.0175045921770339,0.000101736786783437,0.0324664315380574,0.741580299380264,0.0312916017619358,0.0177728731792263,0.000949029150105539,0.00107157195051489,0.00167385942263971,0.0101812097611914,0.00624075713047116,0.00561326000768961,0.00926859990283841,0.00316776378508863,0.00169258053983363,0.00698700025630291,0.00248441397707219,0.000549377976910382,0.00279703262119858,0.00111130571767332,0.00073933061942251,0.00185865301322443
0.00368697469458526,0.00189759582210439,0.00042742519644935,0.0150976516818327,0.0109338950781223,0.00399981485572047,0.0144276218090824,0.0221560755408542,0.0123719745428743,0.0195899720321959,0.022034318168162,0.0617457284539563,0.00712722055795468,0.000698393295614017,0.589009318412145,0.00566247395197469,0.000118831321377041,0.00780284448359852,0.00127354127845647,0.0024187237613186,0.0146059166827398,0.00991507757320469,0.0273970355551007,0.0261064850150833,0.00142092642281084,0.00382556224893689,0.0108221696775316,0.0520591604603392,0.0423604009347271,0.0034581627696218,0.00520516287790669,0.000343544843619105
0.0104985459861161,0.000531530660823573,0.00217635823245619,0.0127481854141581,0.0567107291147328,0.00468761799721066,0.0136103782208709,0.0383389742449904,0.0160266869685219,0.00781547529868085,0.00634052993734623,0.0177520827831308,0.00748817053914563,0.000245261631065243,0.0038063207914774,0.742937044905051,0.000251444308203588,0.00267796690659776,0.000818071807764007,0.00306328746429738,0.00208656351241549,0.0167795742481732,0.00356546024692396,0.00448782121061553,0.00107633986773745,0.00164472565688766,9.95780706867841e-05,0.0109800757501197,0.0088362224749055,0.00137852958837627,0.000254478057084952,0.000285968103433367
0.00846090337204532,0.000393359015429714,0.00261192233905936,0.0107730753385732,0.00302966194580339,0.00601429651900824,0.00404867050089439,0.0305790685264849,3.54646776448662e-05,0.00238416893716652,0.00395505038017946,0.0101114867322931,0.00662681596155731,0.00156512493118741,0.00073836533381582,0.00622229901143325,0.820685396842491,0.0336774988472368,0.00137619838153421,0.000447847363727606,0.00387356763031207,0.00436130213883676,0.000803790787588537,3.18797678541851e-05,0.00423628800835851,0.00773611967386076,0.00113334550046682,0.00859404024995496,0.00363920527777627,0.00268184022169472,0.00277256156870208,0.00639938421702822
0.00587875409762639,0.00251766197766186,0.000537689677999045,0.0232665452823742,0.0166487879723162,0.00555009942307188,0.0106539166056685,0.0184007950114607,0.00649332236493864,0.0288332790779674,0.0069172780335022,0.0189488057185511,0.00285881371327948,0.000244925154481754,0.0191805038963778,0.0091323115496446,0.000609460022570969,0.695200317903921,0.00320402339157154,0.00540003954138679,0.0172092043924438,0.000650558039245571,0.0346314509881675,0.0126139761444824,2.50380415340915e-05,0.0106687808860086,0.000328146071027401,0.0185250632889206,2.45149390750007e-05,0.0142158041176855,0.00350918404318641,0.00712094863185081
0.00690463963264309,0.00703851566522702,0.00149667297674711,0.0129692996898469,0.00702467624663887,0.00123312512109438,0.00757397294004266,0.0038497574785051,0.00354614924575018,0.0160715841714809,0.0107921561878888,0.00560238852002187,0.0120215018615087,0.00160257613869538,0.0127727530832487,0.0210114028953376,0.00447040125421043,0.00206323681188969,0.764782535898492,0.00271535273553621,0.0175379914779918,0.00217536328023262,0.0343557625143077,0.00179315390575284,0.00563199792374781,0.0160020546281264,0.000695490781309612,0.00303578467851956,0.00544641885791542,0.00668024154555703,0.00103114010394979,7.1901747783508e-05
0.00110752930887295,0.00121063866317661,0.000318765804166066,0.0130153350958811,0.0194805441321485,0.00984115676690253,0.00951816393602079,0.00485921193138329,0.0199913616224808,0.00178996280701619,0.00112372393885561,0.0155180467173247,0.00720880949006017,0.00236453866551041,0.020868611239067,0.00390989716736738,0.00236357124524577,0.00252835034697682,0.00407692061870949,0.735099874833064,0.00294196938870245,0.0249960022149315,0.0141026623886453,0.00194825391007523,0.0225397390413193,0.0160623711971912,0.00267200068507794,0.0092923376261097,0.00759469333663421,0.00188433673357559,0.00111376912520456,0.0186568500223026
0.00161456038491793,0.00240106654150244,0.00360078568808274,0.0485122743879483,0.0330574729530464,0.00748473298375026,0.0011147930626535,0.0648634701301761,0.0389437087464555,0.0387088600357752,0.0128083895214315,0.0328344287885557,0.00770978998589733,0.000253710261523057,0.00302634679407698,0.0190033746550318,0.0019649489212886,0.0102823753196038,0.00324917777168533,0.0180896133780283,0.484988113076106,0.00583984341161032,0.0343551429079649,0.0400862531495569,0.0184753381810163,0.00714190926257538,0.00243629880361741,0.0129040903281841,0.00211038916777552,0.000610831781893771,0.00877675443327792,0.0327511551849909
0.0012565313745735,3.10909345341956e-05,0.00222593792396094,0.00345324184311226,0.0292409695930896,0.0152433523579474,0.0221967871274779,0.000640898195148609,0.0635453642943272,0.0217673841861913,0.00567414581673219,0.00565948143966146,0.0064945499942651,4.57353823571716e-05,0.00559150078356565,0.0259222710555638,0.000104293100106733,0.0143105074571287,0.00109128284981219,0.015726354875816,0.0100705593567931,0.641185410356403,0.00369550077509884,0.0013769439561589,0.0804569106316944,0.0136188739308856,0.000930544503899355,0.00413863420014703,0.000974297729408253,0.0028178286395669,0.000229626402011805,0.000283188932560654
0.000621426760505219,0.00139557436379376,0.00156871292951486,0.00670762372179586,0.0130244857595499,6.19378881741134e-05,0.00261895067943007,0.0160505359604753,0.00885892174490417,0.00492334621368543,0.00251730744903123,0.0287963074032345,0.00905472626639953,9.48859748490582e-05,0.00680494142306486,0.0067324362718346,0.000521293711749671,0.00890434338352905,0.0027937250195213,0.00814184797339805,0.0404799644309908,0.00748490083934031,0.770023821578233,0.0015472240818181,0.00855656665761894,0.00148195646143521,0.00155979355812562,0.0222880472295197,0.00188113334060089,0.00103952161730528,0.00565638989835737,0.00780734940821441
0.00121163876991183,0.000218075310650272,1.46334806455793e-05,0.00130787707767628,0.0105144513345592,0.000392702555869116,0.00208149140408936,0.000892218874250114,0.0526792710482531,0.00153640390259366,0.00486285740756726,0.0160932692095201,0.00698167626284721,0.00140672583910788,0.0178023276965505,0.00427254695637778,0.00336803120913569,0.000863288329522983,0.00357549603826567,0.00690874295828993,0.0246479935933026,0.0101443807544157,0.0299639279112176,0.665526617111215,0.0816702538152393,0.0037342242720329,0.0160739352476423,0.0207732703402368,0.0048006818112225,0.00445308157810397,0.000731653670928901,0.000496254228759084
0.0145802384002631,0.00138961009371088,0.00345387581070405,0.0052161458853618,0.0603229422676428,0.00373957940086905,0.0587755757098719,0.02260975894495,0.00498150775301882,0.0072985580271289,0.0142674979192717,0.0316727365649169,0.0030561219184234,0.000614902827991595,0.0140111881911078,0.00969931422628822,0.00094128180173526,0.00778160900883112,0.00196840647707377,0.00126993764736627,0.00578173507822683,0.00585878457153021,0.0194414644596409,0.00987129467159385,0.634575653440573,0.00596692527314082,0.00414318462943276,0.0322550842952967,0.00470338547897144,0.00166043908702023,0.00746479843219605,0.000626461705849754
6.12058684406298e-05,0.00228339288631585,0.000168486921084123,0.0192444746124367,0.0260972902158785,0.00182710508409916,0.00321281193319185,0.00351443361396628,0.0199104264856304,0.0375724673813249,0.0180444185939222,0.0265625269060738,0.000136843778980154,0.00362995065058232,0.000840981891960309,0.00416823456688391,0.0119337628218465,0.010378194144216,0.001452580899401,0.00661400834927011,0.0370018427772298,0.0065723254829739,0.103511722225449,0.0257910834729047,0.0632339551067805,0.505845870597991,0.0186847029741133,0.0335982067416403,0.000736659964244127,2.70054408526984e-05,0.00697943849622955,0.000363589114086446
4.31706258342961e-05,0.00116921364696784,0.00337431208414262,0.08114896294627,0.043472686630462,0.00108286610647234,0.00840035391725415,0.0309189399178268,0.0273723061614536,0.0937998150619768,0.0455614042558972,0.0461410514774803,0.00173221629511211,0.00134732078311709,0.00091330391951064,0.00116007036714275,0.00101569448501306,0.00458686881870149,0.000868730568352581,0.000705037442677439,0.000297900629377823,0.000241005636610928,0.00702596481166372,0.00232982933884734,0.0123822748931368,0.0245288470780688,0.503347057204845,0.0356555213930234,0.0132177402724032,0.00399032211438809,0.000532875988664778,0.00163633512730532
0.000213089877021823,0.00210610751386763,0.00153553169512995,0.0025170369474191,0.00409641126797831,0.00534391250304723,0.00828906065562806,0.00368738378985863,0.00167833488383046,0.00550886027672943,0.0214394646006447,0.0405293842854501,0.0186620771492638,0.00154252552779339,0.0129216253130332,0.00494584781263959,0.000564864373126751,0.000995178441240155,0.00409598594671173,0.00688827935642562,0.000655825371798655,1.39777091545302e-05,0.00510426417836294,0.00122363042439445,0.00265121659173927,0.013151856040976,0.00565391399672456,0.801518488739188,0.0142354088794963,0.00026710203273916,0.00672352961474867,0.00123982420383765
1.59325928945604e-05,0.00025468025641254,0.00133157095009638,0.0208913763476534,0.0316304009747131,0.000110356381851503,0.00299779858501264,0.00123940654242404,0.0289473646332083,0.0314476566538231,0.0453910969165944,0.00528774103397053,0.0265554958288904,1.2821876725964e-06,0.0297519876422052,0.00228914358260714,0.00381100567146158,0.00224343911736614,0.00180685892571224,0.00333662273130907,0.0155258932293068,0.00398982809490867,0.00378664693379602,0.0060714664526272,0.0172724299046513,0.00189522619625297,0.00406180402764886,0.0028436220545965,0.678563556565737,0.000637140839902612,0.0195882813395224,0.00642288680517053
0.00573065159238908,0.000377589222504913,0.000144177308792126,0.00311074178134987,0.0036674067197305,0.00795113961057108,0.00554559947883311,0.00129241101393323,0.00310053682931369,0.00463489959134258,0.00166665113897746,0.0544071883845173,0.0012926598952675,0.000757208680596654,0.00786469043263014,0.000889778132949017,0.00254580803001689,0.00355658228915143,0.00630042791535925,0.00126594170169134,0.00276808359232959,0.0013415508876104,0.0222378741891647,0.0219504484535279,0.00394609385801827,0.00534748950111162,0.00618364085093255,0.0290947752448558,0.0109961672694251,0.773676302555764,0.00489982055684699,0.0014556632904954
0.000493561518544306,0.000187147340929736,0.000317590104975005,0.0443191443585422,0.0537177109564273,0.000504341542827985,0.0109514547512031,0.00508137150388401,0.0493106454555689,0.0212987322799529,0.0151610104145005,0.0129754930160469,0.0115931416346803,0.000527691651015839,0.0134270557814214,0.00670482255651107,0.00414980238481277,0.0017998235316442,0.00168322322827224,0.00514690591221418,0.0269449053267047,0.00390650796070683,0.00574248878939868,0.00421338998272906,0.0191243444891665,0.00220697653675715,0.00390405011965146,0.00136145086924087,0.0134821276880104,0.0017220295007996,0.649551265672307,0.00848979314055305
0.00836906289116969,0.000601347973311945,0.000924034987965635,0.0342954961662253,0.00429387289964483,0.00507570773964343,0.0256451704559376,0.0060194099809585,0.0534441763873481,0.0976554288538242,0.029532226806795,0.0271853486419504,0.00171488263308156,0.000812023848050614,0.00164495305998833,0.0596696256449855,0.000506041526425296,0.00226023076304537,3.72957578810666e-05,0.00148835671383866,0.0120751436279193,0.00982959479359292,0.00315114389805984,0.00656500749868947,0.0329393784662596,0.00236511576257906,0.00171292728156804,0.0258204082085189,0.00713557050050403,0.00144608916724853,0.0032451000580814,0.532539827004908
